2024-06-21 14:08:14.378756: I tensorflow/core/platform/cpu_feature_guard.cc:193] This TensorFlow binary is optimized with oneAPI Deep Neural Network Library (oneDNN) to use the following CPU instructions in performance-critical operations:  AVX AVX2
To enable them in other operations, rebuild TensorFlow with the appropriate compiler flags.
2024-06-21 14:08:14.907928: I tensorflow/core/common_runtime/gpu/gpu_device.cc:1616] Created device /job:localhost/replica:0/task:0/device:GPU:0 with 6144 MB memory:  -> device: 0, name: NVIDIA GeForce RTX 4060 Ti, pci bus id: 0000:01:00.0, compute capability: 8.9
1 Physical GPUs, 1 Logical GPUs
Model: "sequential"
_________________________________________________________________
 Layer (type)                Output Shape              Param #   
=================================================================
 conv2d (Conv2D)             (None, 32, 32, 32)        896       
                                                                 
 max_pooling2d (MaxPooling2D  (None, 16, 16, 32)       0         
 )                                                               
                                                                 
 batch_normalization (BatchN  (None, 16, 16, 32)       128       
 ormalization)                                                   
                                                                 
 conv2d_1 (Conv2D)           (None, 16, 16, 32)        123936    
                                                                 
 max_pooling2d_1 (MaxPooling  (None, 8, 8, 32)         0         
 2D)                                                             
                                                                 
 dropout (Dropout)           (None, 8, 8, 32)          0         
                                                                 
 flatten (Flatten)           (None, 2048)              0         
                                                                 
 dense (Dense)               (None, 62)                127038    
                                                                 
 dropout_1 (Dropout)         (None, 62)                0         
                                                                 
 dense_1 (Dense)             (None, 10)                630       
                                                                 
=================================================================
Total params: 252,628
Trainable params: 252,564
Non-trainable params: 64
_________________________________________________________________
Taxa de aprendizado:  0.0001 Num de épocas:  285 Tamanho do lote:  512 Dropout:  0.28
Epoch 1/285
2024-06-21 14:08:16.306584: I tensorflow/stream_executor/cuda/cuda_dnn.cc:384] Loaded cuDNN version 8100
2024-06-21 14:08:17.184946: W tensorflow/stream_executor/gpu/redzone_allocator.cc:314] INTERNAL: ptxas exited with non-zero error code -1, output: 
Relying on driver to perform ptx compilation. 
Modify $PATH to customize ptxas location.
This message will be only logged once.
2024-06-21 14:08:18.124938: I tensorflow/stream_executor/cuda/cuda_blas.cc:1614] TensorFloat-32 will be used for the matrix multiplication. This will only be logged once.

 1/98 [..............................] - ETA: 5:48 - loss: 2.7116 - accuracy: 0.0977
 3/98 [..............................] - ETA: 2s - loss: 2.6313 - accuracy: 0.1107  
 6/98 [>.............................] - ETA: 2s - loss: 2.5419 - accuracy: 0.1250
 9/98 [=>............................] - ETA: 2s - loss: 2.4889 - accuracy: 0.1398
11/98 [==>...........................] - ETA: 2s - loss: 2.4503 - accuracy: 0.1509
14/98 [===>..........................] - ETA: 2s - loss: 2.4081 - accuracy: 0.1595
16/98 [===>..........................] - ETA: 2s - loss: 2.3790 - accuracy: 0.1678
18/98 [====>.........................] - ETA: 2s - loss: 2.3537 - accuracy: 0.1719
21/98 [=====>........................] - ETA: 2s - loss: 2.3211 - accuracy: 0.1812
24/98 [======>.......................] - ETA: 2s - loss: 2.2961 - accuracy: 0.1896
26/98 [======>.......................] - ETA: 1s - loss: 2.2773 - accuracy: 0.1939
29/98 [=======>......................] - ETA: 1s - loss: 2.2555 - accuracy: 0.1995
32/98 [========>.....................] - ETA: 1s - loss: 2.2344 - accuracy: 0.2072
34/98 [=========>....................] - ETA: 1s - loss: 2.2215 - accuracy: 0.2116
37/98 [==========>...................] - ETA: 1s - loss: 2.2012 - accuracy: 0.2185
40/98 [===========>..................] - ETA: 1s - loss: 2.1834 - accuracy: 0.2244
42/98 [===========>..................] - ETA: 1s - loss: 2.1711 - accuracy: 0.2282
45/98 [============>.................] - ETA: 1s - loss: 2.1565 - accuracy: 0.2327
48/98 [=============>................] - ETA: 1s - loss: 2.1433 - accuracy: 0.2367
51/98 [==============>...............] - ETA: 1s - loss: 2.1254 - accuracy: 0.2426
54/98 [===============>..............] - ETA: 1s - loss: 2.1118 - accuracy: 0.2476
56/98 [================>.............] - ETA: 1s - loss: 2.1024 - accuracy: 0.2505
59/98 [=================>............] - ETA: 1s - loss: 2.0919 - accuracy: 0.2546
62/98 [=================>............] - ETA: 0s - loss: 2.0813 - accuracy: 0.2574
64/98 [==================>...........] - ETA: 0s - loss: 2.0725 - accuracy: 0.2599
67/98 [===================>..........] - ETA: 0s - loss: 2.0617 - accuracy: 0.2633
70/98 [====================>.........] - ETA: 0s - loss: 2.0530 - accuracy: 0.2663
73/98 [=====================>........] - ETA: 0s - loss: 2.0440 - accuracy: 0.2694
75/98 [=====================>........] - ETA: 0s - loss: 2.0376 - accuracy: 0.2718
78/98 [======================>.......] - ETA: 0s - loss: 2.0280 - accuracy: 0.2750
81/98 [=======================>......] - ETA: 0s - loss: 2.0194 - accuracy: 0.2783
84/98 [========================>.....] - ETA: 0s - loss: 2.0100 - accuracy: 0.2819
86/98 [=========================>....] - ETA: 0s - loss: 2.0032 - accuracy: 0.2846
89/98 [==========================>...] - ETA: 0s - loss: 1.9976 - accuracy: 0.2868
91/98 [==========================>...] - ETA: 0s - loss: 1.9937 - accuracy: 0.2880
92/98 [===========================>..] - ETA: 0s - loss: 1.9923 - accuracy: 0.2886
95/98 [============================>.] - ETA: 0s - loss: 1.9840 - accuracy: 0.2916
98/98 [==============================] - ETA: 0s - loss: 1.9761 - accuracy: 0.2945
98/98 [==============================] - 8s 41ms/step - loss: 1.9761 - accuracy: 0.2945 - val_loss: 2.0512 - val_accuracy: 0.3174
Epoch 2/285

 1/98 [..............................] - ETA: 4s - loss: 1.7335 - accuracy: 0.3633
 3/98 [..............................] - ETA: 2s - loss: 1.7465 - accuracy: 0.3724
 6/98 [>.............................] - ETA: 2s - loss: 1.7412 - accuracy: 0.3835
 9/98 [=>............................] - ETA: 2s - loss: 1.7261 - accuracy: 0.3837
12/98 [==>...........................] - ETA: 2s - loss: 1.7251 - accuracy: 0.3872
14/98 [===>..........................] - ETA: 2s - loss: 1.7184 - accuracy: 0.3870
17/98 [====>.........................] - ETA: 2s - loss: 1.7116 - accuracy: 0.3874
19/98 [====>.........................] - ETA: 2s - loss: 1.7068 - accuracy: 0.3873
22/98 [=====>........................] - ETA: 1s - loss: 1.7052 - accuracy: 0.3869
25/98 [======>.......................] - ETA: 1s - loss: 1.7014 - accuracy: 0.3894
28/98 [=======>......................] - ETA: 1s - loss: 1.6975 - accuracy: 0.3901
31/98 [========>.....................] - ETA: 1s - loss: 1.6982 - accuracy: 0.3901
33/98 [=========>....................] - ETA: 1s - loss: 1.6936 - accuracy: 0.3926
36/98 [==========>...................] - ETA: 1s - loss: 1.6944 - accuracy: 0.3934
39/98 [==========>...................] - ETA: 1s - loss: 1.6928 - accuracy: 0.3934
42/98 [===========>..................] - ETA: 1s - loss: 1.6874 - accuracy: 0.3968
45/98 [============>.................] - ETA: 1s - loss: 1.6828 - accuracy: 0.3980
48/98 [=============>................] - ETA: 1s - loss: 1.6794 - accuracy: 0.3989
51/98 [==============>...............] - ETA: 1s - loss: 1.6747 - accuracy: 0.4006
53/98 [===============>..............] - ETA: 1s - loss: 1.6709 - accuracy: 0.4020
56/98 [================>.............] - ETA: 1s - loss: 1.6676 - accuracy: 0.4029
59/98 [=================>............] - ETA: 1s - loss: 1.6635 - accuracy: 0.4042
62/98 [=================>............] - ETA: 0s - loss: 1.6605 - accuracy: 0.4054
65/98 [==================>...........] - ETA: 0s - loss: 1.6579 - accuracy: 0.4065
67/98 [===================>..........] - ETA: 0s - loss: 1.6571 - accuracy: 0.4070
70/98 [====================>.........] - ETA: 0s - loss: 1.6550 - accuracy: 0.4072
73/98 [=====================>........] - ETA: 0s - loss: 1.6527 - accuracy: 0.4080
76/98 [======================>.......] - ETA: 0s - loss: 1.6494 - accuracy: 0.4092
78/98 [======================>.......] - ETA: 0s - loss: 1.6485 - accuracy: 0.4097
81/98 [=======================>......] - ETA: 0s - loss: 1.6478 - accuracy: 0.4097
84/98 [========================>.....] - ETA: 0s - loss: 1.6457 - accuracy: 0.4100
86/98 [=========================>....] - ETA: 0s - loss: 1.6440 - accuracy: 0.4108
89/98 [==========================>...] - ETA: 0s - loss: 1.6433 - accuracy: 0.4107
92/98 [===========================>..] - ETA: 0s - loss: 1.6407 - accuracy: 0.4114
95/98 [============================>.] - ETA: 0s - loss: 1.6397 - accuracy: 0.4115
97/98 [============================>.] - ETA: 0s - loss: 1.6385 - accuracy: 0.4123
98/98 [==============================] - 3s 33ms/step - loss: 1.6381 - accuracy: 0.4125 - val_loss: 1.8696 - val_accuracy: 0.4142
Epoch 3/285

 1/98 [..............................] - ETA: 4s - loss: 1.5105 - accuracy: 0.5020
 3/98 [..............................] - ETA: 2s - loss: 1.5197 - accuracy: 0.4720
 6/98 [>.............................] - ETA: 2s - loss: 1.5437 - accuracy: 0.4518
 9/98 [=>............................] - ETA: 2s - loss: 1.5382 - accuracy: 0.4522
12/98 [==>...........................] - ETA: 2s - loss: 1.5444 - accuracy: 0.4471
15/98 [===>..........................] - ETA: 2s - loss: 1.5396 - accuracy: 0.4516
17/98 [====>.........................] - ETA: 2s - loss: 1.5426 - accuracy: 0.4481
19/98 [====>.........................] - ETA: 2s - loss: 1.5382 - accuracy: 0.4497
22/98 [=====>........................] - ETA: 2s - loss: 1.5335 - accuracy: 0.4511
24/98 [======>.......................] - ETA: 2s - loss: 1.5310 - accuracy: 0.4506
27/98 [=======>......................] - ETA: 1s - loss: 1.5250 - accuracy: 0.4526
29/98 [=======>......................] - ETA: 1s - loss: 1.5286 - accuracy: 0.4525
31/98 [========>.....................] - ETA: 1s - loss: 1.5305 - accuracy: 0.4507
34/98 [=========>....................] - ETA: 1s - loss: 1.5250 - accuracy: 0.4539
36/98 [==========>...................] - ETA: 1s - loss: 1.5241 - accuracy: 0.4554
39/98 [==========>...................] - ETA: 1s - loss: 1.5206 - accuracy: 0.4563
42/98 [===========>..................] - ETA: 1s - loss: 1.5179 - accuracy: 0.4570
45/98 [============>.................] - ETA: 1s - loss: 1.5177 - accuracy: 0.4567
47/98 [=============>................] - ETA: 1s - loss: 1.5162 - accuracy: 0.4576
50/98 [==============>...............] - ETA: 1s - loss: 1.5132 - accuracy: 0.4586
53/98 [===============>..............] - ETA: 1s - loss: 1.5097 - accuracy: 0.4602
56/98 [================>.............] - ETA: 1s - loss: 1.5074 - accuracy: 0.4613
58/98 [================>.............] - ETA: 1s - loss: 1.5056 - accuracy: 0.4618
61/98 [=================>............] - ETA: 1s - loss: 1.5035 - accuracy: 0.4633
64/98 [==================>...........] - ETA: 0s - loss: 1.5013 - accuracy: 0.4630
67/98 [===================>..........] - ETA: 0s - loss: 1.4990 - accuracy: 0.4635
69/98 [====================>.........] - ETA: 0s - loss: 1.4979 - accuracy: 0.4635
72/98 [=====================>........] - ETA: 0s - loss: 1.4984 - accuracy: 0.4634
75/98 [=====================>........] - ETA: 0s - loss: 1.4955 - accuracy: 0.4640
77/98 [======================>.......] - ETA: 0s - loss: 1.4942 - accuracy: 0.4646
79/98 [=======================>......] - ETA: 0s - loss: 1.4929 - accuracy: 0.4652
81/98 [=======================>......] - ETA: 0s - loss: 1.4917 - accuracy: 0.4650
84/98 [========================>.....] - ETA: 0s - loss: 1.4897 - accuracy: 0.4656
86/98 [=========================>....] - ETA: 0s - loss: 1.4883 - accuracy: 0.4663
89/98 [==========================>...] - ETA: 0s - loss: 1.4852 - accuracy: 0.4677
92/98 [===========================>..] - ETA: 0s - loss: 1.4828 - accuracy: 0.4687
94/98 [===========================>..] - ETA: 0s - loss: 1.4826 - accuracy: 0.4684
97/98 [============================>.] - ETA: 0s - loss: 1.4794 - accuracy: 0.4691
98/98 [==============================] - 3s 34ms/step - loss: 1.4790 - accuracy: 0.4693 - val_loss: 1.6528 - val_accuracy: 0.4667
Epoch 4/285

 1/98 [..............................] - ETA: 4s - loss: 1.4460 - accuracy: 0.5020
 4/98 [>.............................] - ETA: 2s - loss: 1.4159 - accuracy: 0.5078
 7/98 [=>............................] - ETA: 2s - loss: 1.4075 - accuracy: 0.5036
 9/98 [=>............................] - ETA: 2s - loss: 1.3963 - accuracy: 0.5076
12/98 [==>...........................] - ETA: 2s - loss: 1.3979 - accuracy: 0.5067
15/98 [===>..........................] - ETA: 2s - loss: 1.4011 - accuracy: 0.5023
18/98 [====>.........................] - ETA: 2s - loss: 1.4041 - accuracy: 0.5017
21/98 [=====>........................] - ETA: 2s - loss: 1.3992 - accuracy: 0.5038
23/98 [======>.......................] - ETA: 2s - loss: 1.3951 - accuracy: 0.5042
26/98 [======>.......................] - ETA: 1s - loss: 1.3943 - accuracy: 0.5029
29/98 [=======>......................] - ETA: 1s - loss: 1.3936 - accuracy: 0.5022
32/98 [========>.....................] - ETA: 1s - loss: 1.3962 - accuracy: 0.5010
35/98 [=========>....................] - ETA: 1s - loss: 1.4002 - accuracy: 0.4997
37/98 [==========>...................] - ETA: 1s - loss: 1.3989 - accuracy: 0.5004
40/98 [===========>..................] - ETA: 1s - loss: 1.3980 - accuracy: 0.5013
43/98 [============>.................] - ETA: 1s - loss: 1.3987 - accuracy: 0.5000
45/98 [============>.................] - ETA: 1s - loss: 1.3989 - accuracy: 0.4990
48/98 [=============>................] - ETA: 1s - loss: 1.3950 - accuracy: 0.5007
51/98 [==============>...............] - ETA: 1s - loss: 1.3907 - accuracy: 0.5026
54/98 [===============>..............] - ETA: 1s - loss: 1.3887 - accuracy: 0.5041
56/98 [================>.............] - ETA: 1s - loss: 1.3884 - accuracy: 0.5039
59/98 [=================>............] - ETA: 1s - loss: 1.3868 - accuracy: 0.5051
62/98 [=================>............] - ETA: 0s - loss: 1.3860 - accuracy: 0.5053
64/98 [==================>...........] - ETA: 0s - loss: 1.3868 - accuracy: 0.5052
67/98 [===================>..........] - ETA: 0s - loss: 1.3851 - accuracy: 0.5060
70/98 [====================>.........] - ETA: 0s - loss: 1.3854 - accuracy: 0.5062
72/98 [=====================>........] - ETA: 0s - loss: 1.3849 - accuracy: 0.5065
75/98 [=====================>........] - ETA: 0s - loss: 1.3839 - accuracy: 0.5068
77/98 [======================>.......] - ETA: 0s - loss: 1.3818 - accuracy: 0.5077
80/98 [=======================>......] - ETA: 0s - loss: 1.3821 - accuracy: 0.5078
83/98 [========================>.....] - ETA: 0s - loss: 1.3814 - accuracy: 0.5082
86/98 [=========================>....] - ETA: 0s - loss: 1.3806 - accuracy: 0.5088
88/98 [=========================>....] - ETA: 0s - loss: 1.3806 - accuracy: 0.5092
91/98 [==========================>...] - ETA: 0s - loss: 1.3798 - accuracy: 0.5097
93/98 [===========================>..] - ETA: 0s - loss: 1.3794 - accuracy: 0.5100
96/98 [============================>.] - ETA: 0s - loss: 1.3789 - accuracy: 0.5102
98/98 [==============================] - 3s 34ms/step - loss: 1.3777 - accuracy: 0.5102 - val_loss: 1.4655 - val_accuracy: 0.5086
Epoch 5/285

 1/98 [..............................] - ETA: 4s - loss: 1.3347 - accuracy: 0.5020
 4/98 [>.............................] - ETA: 2s - loss: 1.3350 - accuracy: 0.5190
 7/98 [=>............................] - ETA: 2s - loss: 1.3357 - accuracy: 0.5209
10/98 [==>...........................] - ETA: 2s - loss: 1.3284 - accuracy: 0.5246
12/98 [==>...........................] - ETA: 2s - loss: 1.3234 - accuracy: 0.5304
15/98 [===>..........................] - ETA: 2s - loss: 1.3270 - accuracy: 0.5270
18/98 [====>.........................] - ETA: 2s - loss: 1.3239 - accuracy: 0.5262
21/98 [=====>........................] - ETA: 1s - loss: 1.3281 - accuracy: 0.5241
24/98 [======>.......................] - ETA: 1s - loss: 1.3228 - accuracy: 0.5282
26/98 [======>.......................] - ETA: 1s - loss: 1.3249 - accuracy: 0.5270
29/98 [=======>......................] - ETA: 1s - loss: 1.3240 - accuracy: 0.5279
32/98 [========>.....................] - ETA: 1s - loss: 1.3228 - accuracy: 0.5298
35/98 [=========>....................] - ETA: 1s - loss: 1.3222 - accuracy: 0.5294
38/98 [==========>...................] - ETA: 1s - loss: 1.3198 - accuracy: 0.5305
40/98 [===========>..................] - ETA: 1s - loss: 1.3213 - accuracy: 0.5295
43/98 [============>.................] - ETA: 1s - loss: 1.3204 - accuracy: 0.5303
46/98 [=============>................] - ETA: 1s - loss: 1.3189 - accuracy: 0.5312
49/98 [==============>...............] - ETA: 1s - loss: 1.3191 - accuracy: 0.5316
52/98 [==============>...............] - ETA: 1s - loss: 1.3207 - accuracy: 0.5311
54/98 [===============>..............] - ETA: 1s - loss: 1.3193 - accuracy: 0.5306
57/98 [================>.............] - ETA: 1s - loss: 1.3168 - accuracy: 0.5319
60/98 [=================>............] - ETA: 0s - loss: 1.3162 - accuracy: 0.5325
62/98 [=================>............] - ETA: 0s - loss: 1.3156 - accuracy: 0.5323
65/98 [==================>...........] - ETA: 0s - loss: 1.3147 - accuracy: 0.5329
68/98 [===================>..........] - ETA: 0s - loss: 1.3156 - accuracy: 0.5323
70/98 [====================>.........] - ETA: 0s - loss: 1.3154 - accuracy: 0.5321
73/98 [=====================>........] - ETA: 0s - loss: 1.3159 - accuracy: 0.5320
76/98 [======================>.......] - ETA: 0s - loss: 1.3153 - accuracy: 0.5323
79/98 [=======================>......] - ETA: 0s - loss: 1.3143 - accuracy: 0.5325
82/98 [========================>.....] - ETA: 0s - loss: 1.3113 - accuracy: 0.5340
85/98 [=========================>....] - ETA: 0s - loss: 1.3094 - accuracy: 0.5350
87/98 [=========================>....] - ETA: 0s - loss: 1.3079 - accuracy: 0.5357
90/98 [==========================>...] - ETA: 0s - loss: 1.3085 - accuracy: 0.5356
93/98 [===========================>..] - ETA: 0s - loss: 1.3076 - accuracy: 0.5362
95/98 [============================>.] - ETA: 0s - loss: 1.3058 - accuracy: 0.5367
98/98 [==============================] - ETA: 0s - loss: 1.3044 - accuracy: 0.5368
98/98 [==============================] - 3s 34ms/step - loss: 1.3044 - accuracy: 0.5368 - val_loss: 1.3441 - val_accuracy: 0.5373
Epoch 6/285

 1/98 [..............................] - ETA: 4s - loss: 1.3170 - accuracy: 0.5371
 4/98 [>.............................] - ETA: 2s - loss: 1.3066 - accuracy: 0.5356
 6/98 [>.............................] - ETA: 2s - loss: 1.2842 - accuracy: 0.5413
 9/98 [=>............................] - ETA: 2s - loss: 1.2716 - accuracy: 0.5441
11/98 [==>...........................] - ETA: 2s - loss: 1.2595 - accuracy: 0.5510
14/98 [===>..........................] - ETA: 2s - loss: 1.2513 - accuracy: 0.5533
17/98 [====>.........................] - ETA: 2s - loss: 1.2469 - accuracy: 0.5554
20/98 [=====>........................] - ETA: 2s - loss: 1.2466 - accuracy: 0.5558
22/98 [=====>........................] - ETA: 2s - loss: 1.2515 - accuracy: 0.5549
25/98 [======>.......................] - ETA: 1s - loss: 1.2551 - accuracy: 0.5537
28/98 [=======>......................] - ETA: 1s - loss: 1.2519 - accuracy: 0.5541
31/98 [========>.....................] - ETA: 1s - loss: 1.2524 - accuracy: 0.5535
33/98 [=========>....................] - ETA: 1s - loss: 1.2534 - accuracy: 0.5537
36/98 [==========>...................] - ETA: 1s - loss: 1.2469 - accuracy: 0.5558
39/98 [==========>...................] - ETA: 1s - loss: 1.2501 - accuracy: 0.5549
42/98 [===========>..................] - ETA: 1s - loss: 1.2471 - accuracy: 0.5553
45/98 [============>.................] - ETA: 1s - loss: 1.2489 - accuracy: 0.5540
47/98 [=============>................] - ETA: 1s - loss: 1.2490 - accuracy: 0.5541
50/98 [==============>...............] - ETA: 1s - loss: 1.2506 - accuracy: 0.5540
53/98 [===============>..............] - ETA: 1s - loss: 1.2496 - accuracy: 0.5541
55/98 [===============>..............] - ETA: 1s - loss: 1.2510 - accuracy: 0.5535
58/98 [================>.............] - ETA: 1s - loss: 1.2488 - accuracy: 0.5550
61/98 [=================>............] - ETA: 1s - loss: 1.2489 - accuracy: 0.5551
63/98 [==================>...........] - ETA: 0s - loss: 1.2476 - accuracy: 0.5561
66/98 [===================>..........] - ETA: 0s - loss: 1.2480 - accuracy: 0.5558
69/98 [====================>.........] - ETA: 0s - loss: 1.2474 - accuracy: 0.5558
71/98 [====================>.........] - ETA: 0s - loss: 1.2474 - accuracy: 0.5561
74/98 [=====================>........] - ETA: 0s - loss: 1.2457 - accuracy: 0.5563
77/98 [======================>.......] - ETA: 0s - loss: 1.2469 - accuracy: 0.5561
80/98 [=======================>......] - ETA: 0s - loss: 1.2472 - accuracy: 0.5558
83/98 [========================>.....] - ETA: 0s - loss: 1.2454 - accuracy: 0.5561
86/98 [=========================>....] - ETA: 0s - loss: 1.2446 - accuracy: 0.5568
88/98 [=========================>....] - ETA: 0s - loss: 1.2449 - accuracy: 0.5567
91/98 [==========================>...] - ETA: 0s - loss: 1.2455 - accuracy: 0.5563
94/98 [===========================>..] - ETA: 0s - loss: 1.2445 - accuracy: 0.5567
97/98 [============================>.] - ETA: 0s - loss: 1.2450 - accuracy: 0.5568
98/98 [==============================] - 3s 34ms/step - loss: 1.2445 - accuracy: 0.5570 - val_loss: 1.2044 - val_accuracy: 0.5828
Epoch 7/285

 1/98 [..............................] - ETA: 3s - loss: 1.2396 - accuracy: 0.5684
 3/98 [..............................] - ETA: 2s - loss: 1.2400 - accuracy: 0.5716
 6/98 [>.............................] - ETA: 2s - loss: 1.2473 - accuracy: 0.5680
 8/98 [=>............................] - ETA: 2s - loss: 1.2359 - accuracy: 0.5735
11/98 [==>...........................] - ETA: 2s - loss: 1.2194 - accuracy: 0.5790
14/98 [===>..........................] - ETA: 2s - loss: 1.2172 - accuracy: 0.5760
17/98 [====>.........................] - ETA: 2s - loss: 1.2185 - accuracy: 0.5739
19/98 [====>.........................] - ETA: 2s - loss: 1.2203 - accuracy: 0.5733
21/98 [=====>........................] - ETA: 2s - loss: 1.2213 - accuracy: 0.5723
24/98 [======>.......................] - ETA: 2s - loss: 1.2181 - accuracy: 0.5726
27/98 [=======>......................] - ETA: 1s - loss: 1.2125 - accuracy: 0.5742
30/98 [========>.....................] - ETA: 1s - loss: 1.2165 - accuracy: 0.5718
32/98 [========>.....................] - ETA: 1s - loss: 1.2159 - accuracy: 0.5718
35/98 [=========>....................] - ETA: 1s - loss: 1.2155 - accuracy: 0.5719
38/98 [==========>...................] - ETA: 1s - loss: 1.2178 - accuracy: 0.5698
40/98 [===========>..................] - ETA: 1s - loss: 1.2157 - accuracy: 0.5709
43/98 [============>.................] - ETA: 1s - loss: 1.2146 - accuracy: 0.5714
46/98 [=============>................] - ETA: 1s - loss: 1.2139 - accuracy: 0.5715
48/98 [=============>................] - ETA: 1s - loss: 1.2131 - accuracy: 0.5725
51/98 [==============>...............] - ETA: 1s - loss: 1.2128 - accuracy: 0.5723
54/98 [===============>..............] - ETA: 1s - loss: 1.2139 - accuracy: 0.5717
57/98 [================>.............] - ETA: 1s - loss: 1.2107 - accuracy: 0.5725
59/98 [=================>............] - ETA: 1s - loss: 1.2077 - accuracy: 0.5734
62/98 [=================>............] - ETA: 0s - loss: 1.2045 - accuracy: 0.5746
65/98 [==================>...........] - ETA: 0s - loss: 1.2045 - accuracy: 0.5741
67/98 [===================>..........] - ETA: 0s - loss: 1.2044 - accuracy: 0.5746
70/98 [====================>.........] - ETA: 0s - loss: 1.2044 - accuracy: 0.5748
72/98 [=====================>........] - ETA: 0s - loss: 1.2040 - accuracy: 0.5751
74/98 [=====================>........] - ETA: 0s - loss: 1.2039 - accuracy: 0.5752
77/98 [======================>.......] - ETA: 0s - loss: 1.2029 - accuracy: 0.5754
80/98 [=======================>......] - ETA: 0s - loss: 1.2047 - accuracy: 0.5746
83/98 [========================>.....] - ETA: 0s - loss: 1.2037 - accuracy: 0.5749
85/98 [=========================>....] - ETA: 0s - loss: 1.2018 - accuracy: 0.5753
88/98 [=========================>....] - ETA: 0s - loss: 1.2010 - accuracy: 0.5754
91/98 [==========================>...] - ETA: 0s - loss: 1.2002 - accuracy: 0.5760
94/98 [===========================>..] - ETA: 0s - loss: 1.1980 - accuracy: 0.5765
96/98 [============================>.] - ETA: 0s - loss: 1.1975 - accuracy: 0.5770
98/98 [==============================] - 3s 34ms/step - loss: 1.1972 - accuracy: 0.5772 - val_loss: 1.1366 - val_accuracy: 0.6038
Epoch 8/285

 1/98 [..............................] - ETA: 2s - loss: 1.2228 - accuracy: 0.5742
 3/98 [..............................] - ETA: 2s - loss: 1.1656 - accuracy: 0.5905
 6/98 [>.............................] - ETA: 2s - loss: 1.1737 - accuracy: 0.5863
 9/98 [=>............................] - ETA: 2s - loss: 1.1755 - accuracy: 0.5866
11/98 [==>...........................] - ETA: 2s - loss: 1.1707 - accuracy: 0.5868
14/98 [===>..........................] - ETA: 2s - loss: 1.1707 - accuracy: 0.5871
17/98 [====>.........................] - ETA: 2s - loss: 1.1763 - accuracy: 0.5880
19/98 [====>.........................] - ETA: 2s - loss: 1.1733 - accuracy: 0.5870
22/98 [=====>........................] - ETA: 1s - loss: 1.1699 - accuracy: 0.5903
25/98 [======>.......................] - ETA: 1s - loss: 1.1658 - accuracy: 0.5904
27/98 [=======>......................] - ETA: 1s - loss: 1.1668 - accuracy: 0.5904
30/98 [========>.....................] - ETA: 1s - loss: 1.1665 - accuracy: 0.5900
33/98 [=========>....................] - ETA: 1s - loss: 1.1662 - accuracy: 0.5892
36/98 [==========>...................] - ETA: 1s - loss: 1.1682 - accuracy: 0.5875
39/98 [==========>...................] - ETA: 1s - loss: 1.1675 - accuracy: 0.5878
41/98 [===========>..................] - ETA: 1s - loss: 1.1684 - accuracy: 0.5877
44/98 [============>.................] - ETA: 1s - loss: 1.1689 - accuracy: 0.5877
47/98 [=============>................] - ETA: 1s - loss: 1.1674 - accuracy: 0.5888
50/98 [==============>...............] - ETA: 1s - loss: 1.1672 - accuracy: 0.5889
52/98 [==============>...............] - ETA: 1s - loss: 1.1687 - accuracy: 0.5889
55/98 [===============>..............] - ETA: 1s - loss: 1.1687 - accuracy: 0.5888
58/98 [================>.............] - ETA: 1s - loss: 1.1638 - accuracy: 0.5909
60/98 [=================>............] - ETA: 0s - loss: 1.1624 - accuracy: 0.5917
63/98 [==================>...........] - ETA: 0s - loss: 1.1629 - accuracy: 0.5912
66/98 [===================>..........] - ETA: 0s - loss: 1.1632 - accuracy: 0.5914
68/98 [===================>..........] - ETA: 0s - loss: 1.1628 - accuracy: 0.5913
71/98 [====================>.........] - ETA: 0s - loss: 1.1615 - accuracy: 0.5920
74/98 [=====================>........] - ETA: 0s - loss: 1.1623 - accuracy: 0.5914
77/98 [======================>.......] - ETA: 0s - loss: 1.1615 - accuracy: 0.5920
80/98 [=======================>......] - ETA: 0s - loss: 1.1610 - accuracy: 0.5921
83/98 [========================>.....] - ETA: 0s - loss: 1.1594 - accuracy: 0.5926
86/98 [=========================>....] - ETA: 0s - loss: 1.1591 - accuracy: 0.5928
88/98 [=========================>....] - ETA: 0s - loss: 1.1579 - accuracy: 0.5932
91/98 [==========================>...] - ETA: 0s - loss: 1.1575 - accuracy: 0.5928
94/98 [===========================>..] - ETA: 0s - loss: 1.1565 - accuracy: 0.5933
97/98 [============================>.] - ETA: 0s - loss: 1.1573 - accuracy: 0.5931
98/98 [==============================] - 3s 33ms/step - loss: 1.1572 - accuracy: 0.5931 - val_loss: 1.0817 - val_accuracy: 0.6212
Epoch 9/285

 1/98 [..............................] - ETA: 6s - loss: 1.0770 - accuracy: 0.6387
 4/98 [>.............................] - ETA: 2s - loss: 1.1229 - accuracy: 0.6167
 7/98 [=>............................] - ETA: 2s - loss: 1.1179 - accuracy: 0.6144
10/98 [==>...........................] - ETA: 2s - loss: 1.1192 - accuracy: 0.6107
12/98 [==>...........................] - ETA: 2s - loss: 1.1213 - accuracy: 0.6094
15/98 [===>..........................] - ETA: 2s - loss: 1.1131 - accuracy: 0.6133
18/98 [====>.........................] - ETA: 2s - loss: 1.1121 - accuracy: 0.6133
21/98 [=====>........................] - ETA: 2s - loss: 1.1085 - accuracy: 0.6156
24/98 [======>.......................] - ETA: 1s - loss: 1.1127 - accuracy: 0.6148
26/98 [======>.......................] - ETA: 1s - loss: 1.1182 - accuracy: 0.6126
29/98 [=======>......................] - ETA: 1s - loss: 1.1165 - accuracy: 0.6135
32/98 [========>.....................] - ETA: 1s - loss: 1.1196 - accuracy: 0.6116
35/98 [=========>....................] - ETA: 1s - loss: 1.1231 - accuracy: 0.6101
37/98 [==========>...................] - ETA: 1s - loss: 1.1259 - accuracy: 0.6086
40/98 [===========>..................] - ETA: 1s - loss: 1.1265 - accuracy: 0.6077
43/98 [============>.................] - ETA: 1s - loss: 1.1238 - accuracy: 0.6083
46/98 [=============>................] - ETA: 1s - loss: 1.1219 - accuracy: 0.6081
48/98 [=============>................] - ETA: 1s - loss: 1.1229 - accuracy: 0.6073
51/98 [==============>...............] - ETA: 1s - loss: 1.1209 - accuracy: 0.6086
54/98 [===============>..............] - ETA: 1s - loss: 1.1221 - accuracy: 0.6072
57/98 [================>.............] - ETA: 1s - loss: 1.1243 - accuracy: 0.6060
59/98 [=================>............] - ETA: 1s - loss: 1.1232 - accuracy: 0.6067
62/98 [=================>............] - ETA: 0s - loss: 1.1215 - accuracy: 0.6076
64/98 [==================>...........] - ETA: 0s - loss: 1.1209 - accuracy: 0.6080
66/98 [===================>..........] - ETA: 0s - loss: 1.1195 - accuracy: 0.6082
68/98 [===================>..........] - ETA: 0s - loss: 1.1198 - accuracy: 0.6079
71/98 [====================>.........] - ETA: 0s - loss: 1.1195 - accuracy: 0.6083
74/98 [=====================>........] - ETA: 0s - loss: 1.1214 - accuracy: 0.6083
77/98 [======================>.......] - ETA: 0s - loss: 1.1216 - accuracy: 0.6078
79/98 [=======================>......] - ETA: 0s - loss: 1.1205 - accuracy: 0.6078
82/98 [========================>.....] - ETA: 0s - loss: 1.1198 - accuracy: 0.6083
84/98 [========================>.....] - ETA: 0s - loss: 1.1186 - accuracy: 0.6089
87/98 [=========================>....] - ETA: 0s - loss: 1.1174 - accuracy: 0.6097
89/98 [==========================>...] - ETA: 0s - loss: 1.1192 - accuracy: 0.6089
92/98 [===========================>..] - ETA: 0s - loss: 1.1191 - accuracy: 0.6088
94/98 [===========================>..] - ETA: 0s - loss: 1.1188 - accuracy: 0.6092
97/98 [============================>.] - ETA: 0s - loss: 1.1177 - accuracy: 0.6093
98/98 [==============================] - 3s 34ms/step - loss: 1.1174 - accuracy: 0.6094 - val_loss: 1.0606 - val_accuracy: 0.6289
Epoch 10/285

 1/98 [..............................] - ETA: 6s - loss: 1.0269 - accuracy: 0.6406
 4/98 [>.............................] - ETA: 2s - loss: 1.0726 - accuracy: 0.6221
 6/98 [>.............................] - ETA: 2s - loss: 1.0904 - accuracy: 0.6165
 9/98 [=>............................] - ETA: 2s - loss: 1.0885 - accuracy: 0.6157
11/98 [==>...........................] - ETA: 2s - loss: 1.0910 - accuracy: 0.6124
14/98 [===>..........................] - ETA: 2s - loss: 1.0927 - accuracy: 0.6134
17/98 [====>.........................] - ETA: 2s - loss: 1.0907 - accuracy: 0.6148
20/98 [=====>........................] - ETA: 2s - loss: 1.0903 - accuracy: 0.6158
22/98 [=====>........................] - ETA: 2s - loss: 1.0871 - accuracy: 0.6179
25/98 [======>.......................] - ETA: 1s - loss: 1.0871 - accuracy: 0.6164
28/98 [=======>......................] - ETA: 1s - loss: 1.0920 - accuracy: 0.6136
31/98 [========>.....................] - ETA: 1s - loss: 1.0908 - accuracy: 0.6148
33/98 [=========>....................] - ETA: 1s - loss: 1.0900 - accuracy: 0.6156
36/98 [==========>...................] - ETA: 1s - loss: 1.0911 - accuracy: 0.6147
38/98 [==========>...................] - ETA: 1s - loss: 1.0899 - accuracy: 0.6151
41/98 [===========>..................] - ETA: 1s - loss: 1.0894 - accuracy: 0.6154
43/98 [============>.................] - ETA: 1s - loss: 1.0902 - accuracy: 0.6154
46/98 [=============>................] - ETA: 1s - loss: 1.0905 - accuracy: 0.6159
49/98 [==============>...............] - ETA: 1s - loss: 1.0894 - accuracy: 0.6156
52/98 [==============>...............] - ETA: 1s - loss: 1.0916 - accuracy: 0.6151
54/98 [===============>..............] - ETA: 1s - loss: 1.0920 - accuracy: 0.6152
57/98 [================>.............] - ETA: 1s - loss: 1.0900 - accuracy: 0.6164
60/98 [=================>............] - ETA: 1s - loss: 1.0889 - accuracy: 0.6169
62/98 [=================>............] - ETA: 0s - loss: 1.0882 - accuracy: 0.6168
65/98 [==================>...........] - ETA: 0s - loss: 1.0873 - accuracy: 0.6168
68/98 [===================>..........] - ETA: 0s - loss: 1.0854 - accuracy: 0.6170
70/98 [====================>.........] - ETA: 0s - loss: 1.0855 - accuracy: 0.6169
73/98 [=====================>........] - ETA: 0s - loss: 1.0823 - accuracy: 0.6184
76/98 [======================>.......] - ETA: 0s - loss: 1.0841 - accuracy: 0.6178
79/98 [=======================>......] - ETA: 0s - loss: 1.0879 - accuracy: 0.6169
81/98 [=======================>......] - ETA: 0s - loss: 1.0869 - accuracy: 0.6175
84/98 [========================>.....] - ETA: 0s - loss: 1.0861 - accuracy: 0.6178
87/98 [=========================>....] - ETA: 0s - loss: 1.0863 - accuracy: 0.6177
90/98 [==========================>...] - ETA: 0s - loss: 1.0873 - accuracy: 0.6173
92/98 [===========================>..] - ETA: 0s - loss: 1.0871 - accuracy: 0.6171
95/98 [============================>.] - ETA: 0s - loss: 1.0860 - accuracy: 0.6176
98/98 [==============================] - ETA: 0s - loss: 1.0855 - accuracy: 0.6176
98/98 [==============================] - 3s 34ms/step - loss: 1.0855 - accuracy: 0.6176 - val_loss: 1.0405 - val_accuracy: 0.6374
Epoch 11/285

 1/98 [..............................] - ETA: 4s - loss: 1.0261 - accuracy: 0.6484
 4/98 [>.............................] - ETA: 2s - loss: 1.0266 - accuracy: 0.6543
 7/98 [=>............................] - ETA: 2s - loss: 1.0509 - accuracy: 0.6417
10/98 [==>...........................] - ETA: 2s - loss: 1.0623 - accuracy: 0.6340
13/98 [==>...........................] - ETA: 2s - loss: 1.0638 - accuracy: 0.6280
16/98 [===>..........................] - ETA: 2s - loss: 1.0612 - accuracy: 0.6296
19/98 [====>.........................] - ETA: 2s - loss: 1.0610 - accuracy: 0.6314
22/98 [=====>........................] - ETA: 1s - loss: 1.0631 - accuracy: 0.6314
24/98 [======>.......................] - ETA: 1s - loss: 1.0631 - accuracy: 0.6306
27/98 [=======>......................] - ETA: 1s - loss: 1.0629 - accuracy: 0.6298
30/98 [========>.....................] - ETA: 1s - loss: 1.0627 - accuracy: 0.6291
33/98 [=========>....................] - ETA: 1s - loss: 1.0637 - accuracy: 0.6289
36/98 [==========>...................] - ETA: 1s - loss: 1.0628 - accuracy: 0.6294
38/98 [==========>...................] - ETA: 1s - loss: 1.0621 - accuracy: 0.6299
41/98 [===========>..................] - ETA: 1s - loss: 1.0600 - accuracy: 0.6311
43/98 [============>.................] - ETA: 1s - loss: 1.0591 - accuracy: 0.6311
46/98 [=============>................] - ETA: 1s - loss: 1.0595 - accuracy: 0.6315
49/98 [==============>...............] - ETA: 1s - loss: 1.0592 - accuracy: 0.6310
52/98 [==============>...............] - ETA: 1s - loss: 1.0581 - accuracy: 0.6309
55/98 [===============>..............] - ETA: 1s - loss: 1.0555 - accuracy: 0.6318
57/98 [================>.............] - ETA: 1s - loss: 1.0540 - accuracy: 0.6326
59/98 [=================>............] - ETA: 1s - loss: 1.0539 - accuracy: 0.6328
61/98 [=================>............] - ETA: 0s - loss: 1.0546 - accuracy: 0.6320
64/98 [==================>...........] - ETA: 0s - loss: 1.0558 - accuracy: 0.6320
67/98 [===================>..........] - ETA: 0s - loss: 1.0565 - accuracy: 0.6324
70/98 [====================>.........] - ETA: 0s - loss: 1.0557 - accuracy: 0.6325
72/98 [=====================>........] - ETA: 0s - loss: 1.0567 - accuracy: 0.6319
75/98 [=====================>........] - ETA: 0s - loss: 1.0575 - accuracy: 0.6312
77/98 [======================>.......] - ETA: 0s - loss: 1.0578 - accuracy: 0.6311
80/98 [=======================>......] - ETA: 0s - loss: 1.0580 - accuracy: 0.6314
83/98 [========================>.....] - ETA: 0s - loss: 1.0561 - accuracy: 0.6320
85/98 [=========================>....] - ETA: 0s - loss: 1.0552 - accuracy: 0.6325
88/98 [=========================>....] - ETA: 0s - loss: 1.0542 - accuracy: 0.6331
91/98 [==========================>...] - ETA: 0s - loss: 1.0550 - accuracy: 0.6323
93/98 [===========================>..] - ETA: 0s - loss: 1.0545 - accuracy: 0.6323
96/98 [============================>.] - ETA: 0s - loss: 1.0542 - accuracy: 0.6322
98/98 [==============================] - 3s 33ms/step - loss: 1.0546 - accuracy: 0.6318 - val_loss: 1.0033 - val_accuracy: 0.6486
Epoch 12/285

 1/98 [..............................] - ETA: 4s - loss: 1.0240 - accuracy: 0.6465
 4/98 [>.............................] - ETA: 2s - loss: 1.0118 - accuracy: 0.6558
 6/98 [>.............................] - ETA: 2s - loss: 1.0152 - accuracy: 0.6497
 9/98 [=>............................] - ETA: 2s - loss: 1.0044 - accuracy: 0.6562
12/98 [==>...........................] - ETA: 2s - loss: 1.0235 - accuracy: 0.6499
14/98 [===>..........................] - ETA: 2s - loss: 1.0277 - accuracy: 0.6487
17/98 [====>.........................] - ETA: 2s - loss: 1.0215 - accuracy: 0.6511
20/98 [=====>........................] - ETA: 2s - loss: 1.0242 - accuracy: 0.6515
22/98 [=====>........................] - ETA: 2s - loss: 1.0238 - accuracy: 0.6503
25/98 [======>.......................] - ETA: 1s - loss: 1.0254 - accuracy: 0.6486
27/98 [=======>......................] - ETA: 1s - loss: 1.0237 - accuracy: 0.6486
30/98 [========>.....................] - ETA: 1s - loss: 1.0274 - accuracy: 0.6457
33/98 [=========>....................] - ETA: 1s - loss: 1.0287 - accuracy: 0.6463
36/98 [==========>...................] - ETA: 1s - loss: 1.0275 - accuracy: 0.6466
38/98 [==========>...................] - ETA: 1s - loss: 1.0286 - accuracy: 0.6459
41/98 [===========>..................] - ETA: 1s - loss: 1.0257 - accuracy: 0.6460
44/98 [============>.................] - ETA: 1s - loss: 1.0244 - accuracy: 0.6467
47/98 [=============>................] - ETA: 1s - loss: 1.0243 - accuracy: 0.6473
50/98 [==============>...............] - ETA: 1s - loss: 1.0259 - accuracy: 0.6469
52/98 [==============>...............] - ETA: 1s - loss: 1.0256 - accuracy: 0.6476
