2024-06-21 15:50:33.345826: I tensorflow/core/platform/cpu_feature_guard.cc:193] This TensorFlow binary is optimized with oneAPI Deep Neural Network Library (oneDNN) to use the following CPU instructions in performance-critical operations:  AVX AVX2
To enable them in other operations, rebuild TensorFlow with the appropriate compiler flags.
2024-06-21 15:50:33.969359: I tensorflow/core/common_runtime/gpu/gpu_device.cc:1616] Created device /job:localhost/replica:0/task:0/device:GPU:0 with 6144 MB memory:  -> device: 0, name: NVIDIA GeForce RTX 4060 Ti, pci bus id: 0000:01:00.0, compute capability: 8.9
1 Physical GPUs, 1 Logical GPUs
Model: "sequential"
_________________________________________________________________
 Layer (type)                Output Shape              Param #   
=================================================================
 conv2d (Conv2D)             (None, 32, 32, 32)        896       
                                                                 
 max_pooling2d (MaxPooling2D  (None, 16, 16, 32)       0         
 )                                                               
                                                                 
 batch_normalization (BatchN  (None, 16, 16, 32)       128       
 ormalization)                                                   
                                                                 
 conv2d_1 (Conv2D)           (None, 16, 16, 32)        123936    
                                                                 
 max_pooling2d_1 (MaxPooling  (None, 8, 8, 32)         0         
 2D)                                                             
                                                                 
 dropout (Dropout)           (None, 8, 8, 32)          0         
                                                                 
 flatten (Flatten)           (None, 2048)              0         
                                                                 
 dense (Dense)               (None, 62)                127038    
                                                                 
 dropout_1 (Dropout)         (None, 62)                0         
                                                                 
 dense_1 (Dense)             (None, 10)                630       
                                                                 
=================================================================
Total params: 252,628
Trainable params: 252,564
Non-trainable params: 64
_________________________________________________________________
Taxa de aprendizado:  0.0001 Num de épocas:  285 Tamanho do lote:  512 Dropout:  0.28
Epoch 1/285
2024-06-21 15:50:35.445763: I tensorflow/stream_executor/cuda/cuda_dnn.cc:384] Loaded cuDNN version 8100
2024-06-21 15:50:36.404689: W tensorflow/stream_executor/gpu/redzone_allocator.cc:314] INTERNAL: ptxas exited with non-zero error code -1, output: 
Relying on driver to perform ptx compilation. 
Modify $PATH to customize ptxas location.
This message will be only logged once.
2024-06-21 15:50:37.303947: I tensorflow/stream_executor/cuda/cuda_blas.cc:1614] TensorFloat-32 will be used for the matrix multiplication. This will only be logged once.

 1/98 [..............................] - ETA: 5:56 - loss: 2.6627 - accuracy: 0.0977
 3/98 [..............................] - ETA: 2s - loss: 2.5715 - accuracy: 0.1159  
 6/98 [>.............................] - ETA: 8s - loss: 2.4989 - accuracy: 0.1326
10/98 [==>...........................] - ETA: 5s - loss: 2.4348 - accuracy: 0.1525
13/98 [==>...........................] - ETA: 4s - loss: 2.3970 - accuracy: 0.1630
17/98 [====>.........................] - ETA: 3s - loss: 2.3533 - accuracy: 0.1761
20/98 [=====>........................] - ETA: 2s - loss: 2.3295 - accuracy: 0.1819
23/98 [======>.......................] - ETA: 2s - loss: 2.2979 - accuracy: 0.1916
27/98 [=======>......................] - ETA: 2s - loss: 2.2655 - accuracy: 0.2007
30/98 [========>.....................] - ETA: 2s - loss: 2.2453 - accuracy: 0.2061
34/98 [=========>....................] - ETA: 1s - loss: 2.2222 - accuracy: 0.2129
38/98 [==========>...................] - ETA: 1s - loss: 2.1956 - accuracy: 0.2205
41/98 [===========>..................] - ETA: 1s - loss: 2.1836 - accuracy: 0.2245
45/98 [============>.................] - ETA: 1s - loss: 2.1645 - accuracy: 0.2311
49/98 [==============>...............] - ETA: 1s - loss: 2.1450 - accuracy: 0.2390
52/98 [==============>...............] - ETA: 1s - loss: 2.1321 - accuracy: 0.2430
56/98 [================>.............] - ETA: 1s - loss: 2.1165 - accuracy: 0.2477
60/98 [=================>............] - ETA: 0s - loss: 2.1026 - accuracy: 0.2529
63/98 [==================>...........] - ETA: 0s - loss: 2.0929 - accuracy: 0.2567
67/98 [===================>..........] - ETA: 0s - loss: 2.0766 - accuracy: 0.2617
71/98 [====================>.........] - ETA: 0s - loss: 2.0651 - accuracy: 0.2668
74/98 [=====================>........] - ETA: 0s - loss: 2.0549 - accuracy: 0.2704
77/98 [======================>.......] - ETA: 0s - loss: 2.0466 - accuracy: 0.2730
81/98 [=======================>......] - ETA: 0s - loss: 2.0364 - accuracy: 0.2773
84/98 [========================>.....] - ETA: 0s - loss: 2.0291 - accuracy: 0.2798
88/98 [=========================>....] - ETA: 0s - loss: 2.0195 - accuracy: 0.2832
92/98 [===========================>..] - ETA: 0s - loss: 2.0081 - accuracy: 0.2871
95/98 [============================>.] - ETA: 0s - loss: 2.0003 - accuracy: 0.2893
98/98 [==============================] - ETA: 0s - loss: 1.9921 - accuracy: 0.2922
98/98 [==============================] - 7s 30ms/step - loss: 1.9921 - accuracy: 0.2922 - val_loss: 2.1281 - val_accuracy: 0.3178
Epoch 2/285

 1/98 [..............................] - ETA: 3s - loss: 1.7194 - accuracy: 0.3848
 5/98 [>.............................] - ETA: 1s - loss: 1.7136 - accuracy: 0.3918
 9/98 [=>............................] - ETA: 1s - loss: 1.7141 - accuracy: 0.3921
12/98 [==>...........................] - ETA: 1s - loss: 1.7103 - accuracy: 0.3921
15/98 [===>..........................] - ETA: 1s - loss: 1.7155 - accuracy: 0.3892
19/98 [====>.........................] - ETA: 1s - loss: 1.7084 - accuracy: 0.3903
22/98 [=====>........................] - ETA: 1s - loss: 1.7075 - accuracy: 0.3902
26/98 [======>.......................] - ETA: 1s - loss: 1.7072 - accuracy: 0.3888
29/98 [=======>......................] - ETA: 1s - loss: 1.7036 - accuracy: 0.3892
32/98 [========>.....................] - ETA: 1s - loss: 1.7019 - accuracy: 0.3883
36/98 [==========>...................] - ETA: 1s - loss: 1.6955 - accuracy: 0.3903
39/98 [==========>...................] - ETA: 1s - loss: 1.6912 - accuracy: 0.3913
42/98 [===========>..................] - ETA: 1s - loss: 1.6904 - accuracy: 0.3919
46/98 [=============>................] - ETA: 0s - loss: 1.6865 - accuracy: 0.3934
49/98 [==============>...............] - ETA: 0s - loss: 1.6854 - accuracy: 0.3936
52/98 [==============>...............] - ETA: 0s - loss: 1.6826 - accuracy: 0.3953
56/98 [================>.............] - ETA: 0s - loss: 1.6800 - accuracy: 0.3974
59/98 [=================>............] - ETA: 0s - loss: 1.6767 - accuracy: 0.3982
63/98 [==================>...........] - ETA: 0s - loss: 1.6744 - accuracy: 0.3988
67/98 [===================>..........] - ETA: 0s - loss: 1.6697 - accuracy: 0.4008
70/98 [====================>.........] - ETA: 0s - loss: 1.6671 - accuracy: 0.4017
73/98 [=====================>........] - ETA: 0s - loss: 1.6632 - accuracy: 0.4029
77/98 [======================>.......] - ETA: 0s - loss: 1.6598 - accuracy: 0.4054
80/98 [=======================>......] - ETA: 0s - loss: 1.6570 - accuracy: 0.4061
83/98 [========================>.....] - ETA: 0s - loss: 1.6534 - accuracy: 0.4080
87/98 [=========================>....] - ETA: 0s - loss: 1.6506 - accuracy: 0.4092
90/98 [==========================>...] - ETA: 0s - loss: 1.6480 - accuracy: 0.4102
94/98 [===========================>..] - ETA: 0s - loss: 1.6439 - accuracy: 0.4118
98/98 [==============================] - ETA: 0s - loss: 1.6411 - accuracy: 0.4130
98/98 [==============================] - 2s 24ms/step - loss: 1.6411 - accuracy: 0.4130 - val_loss: 1.9678 - val_accuracy: 0.3588
Epoch 3/285

 1/98 [..............................] - ETA: 4s - loss: 1.4729 - accuracy: 0.4668
 4/98 [>.............................] - ETA: 2s - loss: 1.5077 - accuracy: 0.4556
 7/98 [=>............................] - ETA: 2s - loss: 1.4940 - accuracy: 0.4632
10/98 [==>...........................] - ETA: 2s - loss: 1.5049 - accuracy: 0.4615
13/98 [==>...........................] - ETA: 2s - loss: 1.5095 - accuracy: 0.4594
16/98 [===>..........................] - ETA: 2s - loss: 1.5176 - accuracy: 0.4528
19/98 [====>.........................] - ETA: 1s - loss: 1.5164 - accuracy: 0.4552
22/98 [=====>........................] - ETA: 1s - loss: 1.5236 - accuracy: 0.4521
24/98 [======>.......................] - ETA: 1s - loss: 1.5242 - accuracy: 0.4527
27/98 [=======>......................] - ETA: 1s - loss: 1.5247 - accuracy: 0.4520
30/98 [========>.....................] - ETA: 1s - loss: 1.5245 - accuracy: 0.4526
32/98 [========>.....................] - ETA: 1s - loss: 1.5241 - accuracy: 0.4523
35/98 [=========>....................] - ETA: 1s - loss: 1.5229 - accuracy: 0.4523
38/98 [==========>...................] - ETA: 1s - loss: 1.5207 - accuracy: 0.4525
40/98 [===========>..................] - ETA: 1s - loss: 1.5210 - accuracy: 0.4524
43/98 [============>.................] - ETA: 1s - loss: 1.5160 - accuracy: 0.4546
46/98 [=============>................] - ETA: 1s - loss: 1.5130 - accuracy: 0.4556
49/98 [==============>...............] - ETA: 1s - loss: 1.5088 - accuracy: 0.4576
52/98 [==============>...............] - ETA: 1s - loss: 1.5068 - accuracy: 0.4587
56/98 [================>.............] - ETA: 1s - loss: 1.5038 - accuracy: 0.4599
60/98 [=================>............] - ETA: 0s - loss: 1.5021 - accuracy: 0.4618
63/98 [==================>...........] - ETA: 0s - loss: 1.4998 - accuracy: 0.4630
67/98 [===================>..........] - ETA: 0s - loss: 1.4961 - accuracy: 0.4645
70/98 [====================>.........] - ETA: 0s - loss: 1.4940 - accuracy: 0.4653
73/98 [=====================>........] - ETA: 0s - loss: 1.4925 - accuracy: 0.4657
77/98 [======================>.......] - ETA: 0s - loss: 1.4907 - accuracy: 0.4664
79/98 [=======================>......] - ETA: 0s - loss: 1.4884 - accuracy: 0.4674
81/98 [=======================>......] - ETA: 0s - loss: 1.4868 - accuracy: 0.4682
84/98 [========================>.....] - ETA: 0s - loss: 1.4861 - accuracy: 0.4684
87/98 [=========================>....] - ETA: 0s - loss: 1.4837 - accuracy: 0.4696
89/98 [==========================>...] - ETA: 0s - loss: 1.4835 - accuracy: 0.4692
92/98 [===========================>..] - ETA: 0s - loss: 1.4811 - accuracy: 0.4700
95/98 [============================>.] - ETA: 0s - loss: 1.4794 - accuracy: 0.4701
98/98 [==============================] - ETA: 0s - loss: 1.4765 - accuracy: 0.4710
98/98 [==============================] - 3s 30ms/step - loss: 1.4765 - accuracy: 0.4710 - val_loss: 1.7825 - val_accuracy: 0.4063
Epoch 4/285

 1/98 [..............................] - ETA: 3s - loss: 1.4268 - accuracy: 0.5137
 4/98 [>.............................] - ETA: 2s - loss: 1.3893 - accuracy: 0.5098
 7/98 [=>............................] - ETA: 2s - loss: 1.3997 - accuracy: 0.5011
10/98 [==>...........................] - ETA: 2s - loss: 1.4120 - accuracy: 0.4980
13/98 [==>...........................] - ETA: 2s - loss: 1.4099 - accuracy: 0.4998
15/98 [===>..........................] - ETA: 2s - loss: 1.4053 - accuracy: 0.5021
18/98 [====>.........................] - ETA: 2s - loss: 1.3993 - accuracy: 0.5038
21/98 [=====>........................] - ETA: 1s - loss: 1.3974 - accuracy: 0.5042
23/98 [======>.......................] - ETA: 1s - loss: 1.3974 - accuracy: 0.5059
26/98 [======>.......................] - ETA: 1s - loss: 1.3994 - accuracy: 0.5043
29/98 [=======>......................] - ETA: 1s - loss: 1.3964 - accuracy: 0.5047
32/98 [========>.....................] - ETA: 1s - loss: 1.3965 - accuracy: 0.5044
35/98 [=========>....................] - ETA: 1s - loss: 1.3978 - accuracy: 0.5028
38/98 [==========>...................] - ETA: 1s - loss: 1.3963 - accuracy: 0.5030
41/98 [===========>..................] - ETA: 1s - loss: 1.3918 - accuracy: 0.5039
44/98 [============>.................] - ETA: 1s - loss: 1.3905 - accuracy: 0.5050
46/98 [=============>................] - ETA: 1s - loss: 1.3908 - accuracy: 0.5042
49/98 [==============>...............] - ETA: 1s - loss: 1.3877 - accuracy: 0.5055
52/98 [==============>...............] - ETA: 1s - loss: 1.3874 - accuracy: 0.5044
55/98 [===============>..............] - ETA: 1s - loss: 1.3851 - accuracy: 0.5050
58/98 [================>.............] - ETA: 1s - loss: 1.3855 - accuracy: 0.5046
60/98 [=================>............] - ETA: 0s - loss: 1.3824 - accuracy: 0.5056
63/98 [==================>...........] - ETA: 0s - loss: 1.3804 - accuracy: 0.5066
65/98 [==================>...........] - ETA: 0s - loss: 1.3826 - accuracy: 0.5060
68/98 [===================>..........] - ETA: 0s - loss: 1.3797 - accuracy: 0.5061
70/98 [====================>.........] - ETA: 0s - loss: 1.3801 - accuracy: 0.5062
73/98 [=====================>........] - ETA: 0s - loss: 1.3790 - accuracy: 0.5070
76/98 [======================>.......] - ETA: 0s - loss: 1.3784 - accuracy: 0.5076
79/98 [=======================>......] - ETA: 0s - loss: 1.3785 - accuracy: 0.5078
82/98 [========================>.....] - ETA: 0s - loss: 1.3776 - accuracy: 0.5081
85/98 [=========================>....] - ETA: 0s - loss: 1.3762 - accuracy: 0.5088
88/98 [=========================>....] - ETA: 0s - loss: 1.3754 - accuracy: 0.5094
90/98 [==========================>...] - ETA: 0s - loss: 1.3732 - accuracy: 0.5102
93/98 [===========================>..] - ETA: 0s - loss: 1.3732 - accuracy: 0.5104
95/98 [============================>.] - ETA: 0s - loss: 1.3719 - accuracy: 0.5110
98/98 [==============================] - ETA: 0s - loss: 1.3701 - accuracy: 0.5120
98/98 [==============================] - 3s 32ms/step - loss: 1.3701 - accuracy: 0.5120 - val_loss: 1.5709 - val_accuracy: 0.4758
Epoch 5/285

 1/98 [..............................] - ETA: 4s - loss: 1.2545 - accuracy: 0.5527
 4/98 [>.............................] - ETA: 2s - loss: 1.3072 - accuracy: 0.5332
 7/98 [=>............................] - ETA: 2s - loss: 1.3014 - accuracy: 0.5354
10/98 [==>...........................] - ETA: 2s - loss: 1.3138 - accuracy: 0.5297
13/98 [==>...........................] - ETA: 2s - loss: 1.3121 - accuracy: 0.5322
16/98 [===>..........................] - ETA: 2s - loss: 1.3191 - accuracy: 0.5280
18/98 [====>.........................] - ETA: 2s - loss: 1.3197 - accuracy: 0.5283
21/98 [=====>........................] - ETA: 2s - loss: 1.3207 - accuracy: 0.5271
24/98 [======>.......................] - ETA: 1s - loss: 1.3162 - accuracy: 0.5297
27/98 [=======>......................] - ETA: 1s - loss: 1.3159 - accuracy: 0.5294
30/98 [========>.....................] - ETA: 1s - loss: 1.3189 - accuracy: 0.5287
33/98 [=========>....................] - ETA: 1s - loss: 1.3189 - accuracy: 0.5299
36/98 [==========>...................] - ETA: 1s - loss: 1.3196 - accuracy: 0.5290
38/98 [==========>...................] - ETA: 1s - loss: 1.3186 - accuracy: 0.5300
41/98 [===========>..................] - ETA: 1s - loss: 1.3167 - accuracy: 0.5316
44/98 [============>.................] - ETA: 1s - loss: 1.3145 - accuracy: 0.5322
46/98 [=============>................] - ETA: 1s - loss: 1.3129 - accuracy: 0.5329
49/98 [==============>...............] - ETA: 1s - loss: 1.3117 - accuracy: 0.5348
52/98 [==============>...............] - ETA: 1s - loss: 1.3123 - accuracy: 0.5349
55/98 [===============>..............] - ETA: 1s - loss: 1.3102 - accuracy: 0.5360
57/98 [================>.............] - ETA: 1s - loss: 1.3087 - accuracy: 0.5362
60/98 [=================>............] - ETA: 1s - loss: 1.3085 - accuracy: 0.5369
62/98 [=================>............] - ETA: 0s - loss: 1.3068 - accuracy: 0.5379
65/98 [==================>...........] - ETA: 0s - loss: 1.3049 - accuracy: 0.5386
68/98 [===================>..........] - ETA: 0s - loss: 1.3030 - accuracy: 0.5394
71/98 [====================>.........] - ETA: 0s - loss: 1.3020 - accuracy: 0.5399
73/98 [=====================>........] - ETA: 0s - loss: 1.3020 - accuracy: 0.5399
76/98 [======================>.......] - ETA: 0s - loss: 1.3011 - accuracy: 0.5406
79/98 [=======================>......] - ETA: 0s - loss: 1.3015 - accuracy: 0.5406
82/98 [========================>.....] - ETA: 0s - loss: 1.3008 - accuracy: 0.5409
85/98 [=========================>....] - ETA: 0s - loss: 1.3011 - accuracy: 0.5406
87/98 [=========================>....] - ETA: 0s - loss: 1.3008 - accuracy: 0.5407
90/98 [==========================>...] - ETA: 0s - loss: 1.3005 - accuracy: 0.5407
93/98 [===========================>..] - ETA: 0s - loss: 1.2991 - accuracy: 0.5414
96/98 [============================>.] - ETA: 0s - loss: 1.2980 - accuracy: 0.5419
98/98 [==============================] - ETA: 0s - loss: 1.2970 - accuracy: 0.5422
98/98 [==============================] - 3s 33ms/step - loss: 1.2970 - accuracy: 0.5422 - val_loss: 1.4477 - val_accuracy: 0.4995
Epoch 6/285

 1/98 [..............................] - ETA: 3s - loss: 1.2131 - accuracy: 0.6230
 4/98 [>.............................] - ETA: 1s - loss: 1.2339 - accuracy: 0.5752
 7/98 [=>............................] - ETA: 1s - loss: 1.2557 - accuracy: 0.5672
11/98 [==>...........................] - ETA: 1s - loss: 1.2671 - accuracy: 0.5549
14/98 [===>..........................] - ETA: 1s - loss: 1.2585 - accuracy: 0.5576
17/98 [====>.........................] - ETA: 1s - loss: 1.2581 - accuracy: 0.5574
20/98 [=====>........................] - ETA: 1s - loss: 1.2569 - accuracy: 0.5566
23/98 [======>.......................] - ETA: 1s - loss: 1.2533 - accuracy: 0.5590
26/98 [======>.......................] - ETA: 1s - loss: 1.2510 - accuracy: 0.5605
29/98 [=======>......................] - ETA: 1s - loss: 1.2486 - accuracy: 0.5628
32/98 [========>.....................] - ETA: 1s - loss: 1.2520 - accuracy: 0.5614
34/98 [=========>....................] - ETA: 1s - loss: 1.2515 - accuracy: 0.5619
37/98 [==========>...................] - ETA: 1s - loss: 1.2490 - accuracy: 0.5631
40/98 [===========>..................] - ETA: 1s - loss: 1.2477 - accuracy: 0.5634
42/98 [===========>..................] - ETA: 1s - loss: 1.2499 - accuracy: 0.5625
45/98 [============>.................] - ETA: 1s - loss: 1.2480 - accuracy: 0.5626
48/98 [=============>................] - ETA: 1s - loss: 1.2476 - accuracy: 0.5623
51/98 [==============>...............] - ETA: 1s - loss: 1.2443 - accuracy: 0.5632
53/98 [===============>..............] - ETA: 1s - loss: 1.2413 - accuracy: 0.5642
56/98 [================>.............] - ETA: 1s - loss: 1.2415 - accuracy: 0.5640
59/98 [=================>............] - ETA: 0s - loss: 1.2392 - accuracy: 0.5642
61/98 [=================>............] - ETA: 0s - loss: 1.2405 - accuracy: 0.5637
64/98 [==================>...........] - ETA: 0s - loss: 1.2418 - accuracy: 0.5632
67/98 [===================>..........] - ETA: 0s - loss: 1.2426 - accuracy: 0.5628
70/98 [====================>.........] - ETA: 0s - loss: 1.2401 - accuracy: 0.5637
73/98 [=====================>........] - ETA: 0s - loss: 1.2386 - accuracy: 0.5642
76/98 [======================>.......] - ETA: 0s - loss: 1.2353 - accuracy: 0.5648
79/98 [=======================>......] - ETA: 0s - loss: 1.2345 - accuracy: 0.5645
82/98 [========================>.....] - ETA: 0s - loss: 1.2342 - accuracy: 0.5650
85/98 [=========================>....] - ETA: 0s - loss: 1.2360 - accuracy: 0.5642
87/98 [=========================>....] - ETA: 0s - loss: 1.2346 - accuracy: 0.5652
90/98 [==========================>...] - ETA: 0s - loss: 1.2345 - accuracy: 0.5654
93/98 [===========================>..] - ETA: 0s - loss: 1.2340 - accuracy: 0.5655
96/98 [============================>.] - ETA: 0s - loss: 1.2342 - accuracy: 0.5657
98/98 [==============================] - ETA: 0s - loss: 1.2333 - accuracy: 0.5662
98/98 [==============================] - 3s 32ms/step - loss: 1.2333 - accuracy: 0.5662 - val_loss: 1.2094 - val_accuracy: 0.5921
Epoch 7/285

 1/98 [..............................] - ETA: 4s - loss: 1.1958 - accuracy: 0.5957
 4/98 [>.............................] - ETA: 2s - loss: 1.1971 - accuracy: 0.5854
 6/98 [>.............................] - ETA: 2s - loss: 1.1970 - accuracy: 0.5863
 9/98 [=>............................] - ETA: 2s - loss: 1.1852 - accuracy: 0.5859
12/98 [==>...........................] - ETA: 2s - loss: 1.1869 - accuracy: 0.5838
15/98 [===>..........................] - ETA: 2s - loss: 1.1800 - accuracy: 0.5866
18/98 [====>.........................] - ETA: 2s - loss: 1.1772 - accuracy: 0.5879
21/98 [=====>........................] - ETA: 2s - loss: 1.1819 - accuracy: 0.5865
24/98 [======>.......................] - ETA: 1s - loss: 1.1835 - accuracy: 0.5850
27/98 [=======>......................] - ETA: 1s - loss: 1.1802 - accuracy: 0.5875
29/98 [=======>......................] - ETA: 1s - loss: 1.1819 - accuracy: 0.5866
32/98 [========>.....................] - ETA: 1s - loss: 1.1799 - accuracy: 0.5876
35/98 [=========>....................] - ETA: 1s - loss: 1.1790 - accuracy: 0.5887
37/98 [==========>...................] - ETA: 1s - loss: 1.1778 - accuracy: 0.5892
40/98 [===========>..................] - ETA: 1s - loss: 1.1772 - accuracy: 0.5899
43/98 [============>.................] - ETA: 1s - loss: 1.1792 - accuracy: 0.5901
46/98 [=============>................] - ETA: 1s - loss: 1.1796 - accuracy: 0.5902
49/98 [==============>...............] - ETA: 1s - loss: 1.1770 - accuracy: 0.5906
52/98 [==============>...............] - ETA: 1s - loss: 1.1751 - accuracy: 0.5916
54/98 [===============>..............] - ETA: 1s - loss: 1.1730 - accuracy: 0.5927
57/98 [================>.............] - ETA: 1s - loss: 1.1744 - accuracy: 0.5921
60/98 [=================>............] - ETA: 1s - loss: 1.1746 - accuracy: 0.5919
63/98 [==================>...........] - ETA: 0s - loss: 1.1735 - accuracy: 0.5916
65/98 [==================>...........] - ETA: 0s - loss: 1.1724 - accuracy: 0.5921
68/98 [===================>..........] - ETA: 0s - loss: 1.1710 - accuracy: 0.5920
71/98 [====================>.........] - ETA: 0s - loss: 1.1698 - accuracy: 0.5920
74/98 [=====================>........] - ETA: 0s - loss: 1.1700 - accuracy: 0.5920
77/98 [======================>.......] - ETA: 0s - loss: 1.1705 - accuracy: 0.5911
80/98 [=======================>......] - ETA: 0s - loss: 1.1714 - accuracy: 0.5907
83/98 [========================>.....] - ETA: 0s - loss: 1.1717 - accuracy: 0.5909
86/98 [=========================>....] - ETA: 0s - loss: 1.1729 - accuracy: 0.5903
89/98 [==========================>...] - ETA: 0s - loss: 1.1732 - accuracy: 0.5899
92/98 [===========================>..] - ETA: 0s - loss: 1.1738 - accuracy: 0.5894
95/98 [============================>.] - ETA: 0s - loss: 1.1726 - accuracy: 0.5893
98/98 [==============================] - ETA: 0s - loss: 1.1733 - accuracy: 0.5892
98/98 [==============================] - 3s 33ms/step - loss: 1.1733 - accuracy: 0.5892 - val_loss: 1.1209 - val_accuracy: 0.6178
Epoch 8/285

 1/98 [..............................] - ETA: 4s - loss: 1.1383 - accuracy: 0.5840
 4/98 [>.............................] - ETA: 2s - loss: 1.1440 - accuracy: 0.5942
 6/98 [>.............................] - ETA: 2s - loss: 1.1521 - accuracy: 0.5931
 9/98 [=>............................] - ETA: 2s - loss: 1.1585 - accuracy: 0.5990
12/98 [==>...........................] - ETA: 2s - loss: 1.1645 - accuracy: 0.5959
15/98 [===>..........................] - ETA: 2s - loss: 1.1586 - accuracy: 0.5949
18/98 [====>.........................] - ETA: 2s - loss: 1.1538 - accuracy: 0.5977
21/98 [=====>........................] - ETA: 2s - loss: 1.1474 - accuracy: 0.5998
23/98 [======>.......................] - ETA: 2s - loss: 1.1488 - accuracy: 0.5976
26/98 [======>.......................] - ETA: 1s - loss: 1.1483 - accuracy: 0.5971
29/98 [=======>......................] - ETA: 1s - loss: 1.1439 - accuracy: 0.5990
32/98 [========>.....................] - ETA: 1s - loss: 1.1414 - accuracy: 0.6006
35/98 [=========>....................] - ETA: 1s - loss: 1.1418 - accuracy: 0.6007
37/98 [==========>...................] - ETA: 1s - loss: 1.1416 - accuracy: 0.5999
40/98 [===========>..................] - ETA: 1s - loss: 1.1435 - accuracy: 0.5994
43/98 [============>.................] - ETA: 1s - loss: 1.1423 - accuracy: 0.6003
46/98 [=============>................] - ETA: 1s - loss: 1.1403 - accuracy: 0.6011
48/98 [=============>................] - ETA: 1s - loss: 1.1401 - accuracy: 0.6014
51/98 [==============>...............] - ETA: 1s - loss: 1.1407 - accuracy: 0.6015
54/98 [===============>..............] - ETA: 1s - loss: 1.1411 - accuracy: 0.6022
57/98 [================>.............] - ETA: 1s - loss: 1.1393 - accuracy: 0.6029
59/98 [=================>............] - ETA: 1s - loss: 1.1395 - accuracy: 0.6028
62/98 [=================>............] - ETA: 0s - loss: 1.1375 - accuracy: 0.6028
65/98 [==================>...........] - ETA: 0s - loss: 1.1358 - accuracy: 0.6037
68/98 [===================>..........] - ETA: 0s - loss: 1.1338 - accuracy: 0.6037
71/98 [====================>.........] - ETA: 0s - loss: 1.1338 - accuracy: 0.6036
74/98 [=====================>........] - ETA: 0s - loss: 1.1329 - accuracy: 0.6039
77/98 [======================>.......] - ETA: 0s - loss: 1.1323 - accuracy: 0.6044
79/98 [=======================>......] - ETA: 0s - loss: 1.1331 - accuracy: 0.6034
82/98 [========================>.....] - ETA: 0s - loss: 1.1321 - accuracy: 0.6040
84/98 [========================>.....] - ETA: 0s - loss: 1.1324 - accuracy: 0.6039
87/98 [=========================>....] - ETA: 0s - loss: 1.1300 - accuracy: 0.6044
90/98 [==========================>...] - ETA: 0s - loss: 1.1296 - accuracy: 0.6049
93/98 [===========================>..] - ETA: 0s - loss: 1.1296 - accuracy: 0.6048
96/98 [============================>.] - ETA: 0s - loss: 1.1296 - accuracy: 0.6045
98/98 [==============================] - 3s 33ms/step - loss: 1.1295 - accuracy: 0.6043 - val_loss: 1.1600 - val_accuracy: 0.5877
Epoch 9/285

 1/98 [..............................] - ETA: 4s - loss: 1.0986 - accuracy: 0.6191
 3/98 [..............................] - ETA: 2s - loss: 1.0884 - accuracy: 0.6185
 6/98 [>.............................] - ETA: 2s - loss: 1.1121 - accuracy: 0.6003
 8/98 [=>............................] - ETA: 2s - loss: 1.1019 - accuracy: 0.6064
11/98 [==>...........................] - ETA: 2s - loss: 1.1031 - accuracy: 0.6071
14/98 [===>..........................] - ETA: 2s - loss: 1.1015 - accuracy: 0.6091
16/98 [===>..........................] - ETA: 2s - loss: 1.0978 - accuracy: 0.6106
19/98 [====>.........................] - ETA: 1s - loss: 1.0999 - accuracy: 0.6117
21/98 [=====>........................] - ETA: 1s - loss: 1.1025 - accuracy: 0.6115
24/98 [======>.......................] - ETA: 1s - loss: 1.0991 - accuracy: 0.6150
26/98 [======>.......................] - ETA: 1s - loss: 1.0979 - accuracy: 0.6139
29/98 [=======>......................] - ETA: 1s - loss: 1.1007 - accuracy: 0.6116
31/98 [========>.....................] - ETA: 1s - loss: 1.0992 - accuracy: 0.6120
34/98 [=========>....................] - ETA: 1s - loss: 1.0985 - accuracy: 0.6131
37/98 [==========>...................] - ETA: 1s - loss: 1.0963 - accuracy: 0.6137
40/98 [===========>..................] - ETA: 1s - loss: 1.0940 - accuracy: 0.6149
43/98 [============>.................] - ETA: 1s - loss: 1.0946 - accuracy: 0.6142
46/98 [=============>................] - ETA: 1s - loss: 1.0899 - accuracy: 0.6159
49/98 [==============>...............] - ETA: 1s - loss: 1.0907 - accuracy: 0.6160
51/98 [==============>...............] - ETA: 1s - loss: 1.0888 - accuracy: 0.6173
54/98 [===============>..............] - ETA: 1s - loss: 1.0880 - accuracy: 0.6178
57/98 [================>.............] - ETA: 1s - loss: 1.0867 - accuracy: 0.6190
60/98 [=================>............] - ETA: 0s - loss: 1.0889 - accuracy: 0.6185
62/98 [=================>............] - ETA: 0s - loss: 1.0894 - accuracy: 0.6179
65/98 [==================>...........] - ETA: 0s - loss: 1.0908 - accuracy: 0.6171
68/98 [===================>..........] - ETA: 0s - loss: 1.0937 - accuracy: 0.6159
71/98 [====================>.........] - ETA: 0s - loss: 1.0933 - accuracy: 0.6162
74/98 [=====================>........] - ETA: 0s - loss: 1.0948 - accuracy: 0.6160
76/98 [======================>.......] - ETA: 0s - loss: 1.0943 - accuracy: 0.6164
79/98 [=======================>......] - ETA: 0s - loss: 1.0940 - accuracy: 0.6168
82/98 [========================>.....] - ETA: 0s - loss: 1.0924 - accuracy: 0.6172
85/98 [=========================>....] - ETA: 0s - loss: 1.0904 - accuracy: 0.6180
88/98 [=========================>....] - ETA: 0s - loss: 1.0904 - accuracy: 0.6180
91/98 [==========================>...] - ETA: 0s - loss: 1.0900 - accuracy: 0.6184
94/98 [===========================>..] - ETA: 0s - loss: 1.0893 - accuracy: 0.6192
96/98 [============================>.] - ETA: 0s - loss: 1.0896 - accuracy: 0.6189
98/98 [==============================] - 3s 33ms/step - loss: 1.0894 - accuracy: 0.6190 - val_loss: 1.0602 - val_accuracy: 0.6324
Epoch 10/285

 1/98 [..............................] - ETA: 4s - loss: 1.0298 - accuracy: 0.6328
 4/98 [>.............................] - ETA: 2s - loss: 1.0479 - accuracy: 0.6309
 6/98 [>.............................] - ETA: 2s - loss: 1.0799 - accuracy: 0.6175
 9/98 [=>............................] - ETA: 2s - loss: 1.0661 - accuracy: 0.6200
12/98 [==>...........................] - ETA: 2s - loss: 1.0616 - accuracy: 0.6271
15/98 [===>..........................] - ETA: 2s - loss: 1.0644 - accuracy: 0.6281
18/98 [====>.........................] - ETA: 2s - loss: 1.0673 - accuracy: 0.6263
21/98 [=====>........................] - ETA: 2s - loss: 1.0638 - accuracy: 0.6275
23/98 [======>.......................] - ETA: 2s - loss: 1.0628 - accuracy: 0.6268
26/98 [======>.......................] - ETA: 1s - loss: 1.0682 - accuracy: 0.6248
29/98 [=======>......................] - ETA: 1s - loss: 1.0698 - accuracy: 0.6257
32/98 [========>.....................] - ETA: 1s - loss: 1.0663 - accuracy: 0.6266
35/98 [=========>....................] - ETA: 1s - loss: 1.0664 - accuracy: 0.6265
37/98 [==========>...................] - ETA: 1s - loss: 1.0666 - accuracy: 0.6257
40/98 [===========>..................] - ETA: 1s - loss: 1.0659 - accuracy: 0.6257
43/98 [============>.................] - ETA: 1s - loss: 1.0623 - accuracy: 0.6268
45/98 [============>.................] - ETA: 1s - loss: 1.0624 - accuracy: 0.6268
48/98 [=============>................] - ETA: 1s - loss: 1.0617 - accuracy: 0.6271
51/98 [==============>...............] - ETA: 1s - loss: 1.0628 - accuracy: 0.6275
53/98 [===============>..............] - ETA: 1s - loss: 1.0654 - accuracy: 0.6270
56/98 [================>.............] - ETA: 1s - loss: 1.0647 - accuracy: 0.6271
59/98 [=================>............] - ETA: 1s - loss: 1.0638 - accuracy: 0.6276
62/98 [=================>............] - ETA: 0s - loss: 1.0618 - accuracy: 0.6285
65/98 [==================>...........] - ETA: 0s - loss: 1.0604 - accuracy: 0.6282
68/98 [===================>..........] - ETA: 0s - loss: 1.0618 - accuracy: 0.6275
70/98 [====================>.........] - ETA: 0s - loss: 1.0609 - accuracy: 0.6273
73/98 [=====================>........] - ETA: 0s - loss: 1.0596 - accuracy: 0.6279
75/98 [=====================>........] - ETA: 0s - loss: 1.0589 - accuracy: 0.6282
78/98 [======================>.......] - ETA: 0s - loss: 1.0583 - accuracy: 0.6287
81/98 [=======================>......] - ETA: 0s - loss: 1.0572 - accuracy: 0.6294
83/98 [========================>.....] - ETA: 0s - loss: 1.0570 - accuracy: 0.6293
86/98 [=========================>....] - ETA: 0s - loss: 1.0574 - accuracy: 0.6288
88/98 [=========================>....] - ETA: 0s - loss: 1.0586 - accuracy: 0.6286
91/98 [==========================>...] - ETA: 0s - loss: 1.0594 - accuracy: 0.6284
94/98 [===========================>..] - ETA: 0s - loss: 1.0590 - accuracy: 0.6286
97/98 [============================>.] - ETA: 0s - loss: 1.0583 - accuracy: 0.6290
98/98 [==============================] - 3s 33ms/step - loss: 1.0582 - accuracy: 0.6290 - val_loss: 1.0026 - val_accuracy: 0.6495
Epoch 11/285

 1/98 [..............................] - ETA: 4s - loss: 0.9325 - accuracy: 0.6719
 4/98 [>.............................] - ETA: 2s - loss: 1.0320 - accuracy: 0.6401
 7/98 [=>............................] - ETA: 2s - loss: 1.0445 - accuracy: 0.6364
10/98 [==>...........................] - ETA: 2s - loss: 1.0386 - accuracy: 0.6363
13/98 [==>...........................] - ETA: 2s - loss: 1.0341 - accuracy: 0.6398
16/98 [===>..........................] - ETA: 2s - loss: 1.0339 - accuracy: 0.6403
19/98 [====>.........................] - ETA: 2s - loss: 1.0278 - accuracy: 0.6424
22/98 [=====>........................] - ETA: 1s - loss: 1.0335 - accuracy: 0.6401
25/98 [======>.......................] - ETA: 1s - loss: 1.0310 - accuracy: 0.6423
28/98 [=======>......................] - ETA: 1s - loss: 1.0320 - accuracy: 0.6401
30/98 [========>.....................] - ETA: 1s - loss: 1.0348 - accuracy: 0.6389
33/98 [=========>....................] - ETA: 1s - loss: 1.0344 - accuracy: 0.6400
36/98 [==========>...................] - ETA: 1s - loss: 1.0371 - accuracy: 0.6384
38/98 [==========>...................] - ETA: 1s - loss: 1.0368 - accuracy: 0.6386
40/98 [===========>..................] - ETA: 1s - loss: 1.0371 - accuracy: 0.6379
43/98 [============>.................] - ETA: 1s - loss: 1.0371 - accuracy: 0.6380
46/98 [=============>................] - ETA: 1s - loss: 1.0358 - accuracy: 0.6392
48/98 [=============>................] - ETA: 1s - loss: 1.0350 - accuracy: 0.6400
51/98 [==============>...............] - ETA: 1s - loss: 1.0322 - accuracy: 0.6410
54/98 [===============>..............] - ETA: 1s - loss: 1.0303 - accuracy: 0.6410
57/98 [================>.............] - ETA: 1s - loss: 1.0318 - accuracy: 0.6406
59/98 [=================>............] - ETA: 1s - loss: 1.0305 - accuracy: 0.6410
62/98 [=================>............] - ETA: 0s - loss: 1.0324 - accuracy: 0.6410
65/98 [==================>...........] - ETA: 0s - loss: 1.0320 - accuracy: 0.6415
68/98 [===================>..........] - ETA: 0s - loss: 1.0326 - accuracy: 0.6412
70/98 [====================>.........] - ETA: 0s - loss: 1.0332 - accuracy: 0.6407
73/98 [=====================>........] - ETA: 0s - loss: 1.0335 - accuracy: 0.6407
76/98 [======================>.......] - ETA: 0s - loss: 1.0337 - accuracy: 0.6405
79/98 [=======================>......] - ETA: 0s - loss: 1.0322 - accuracy: 0.6406
81/98 [=======================>......] - ETA: 0s - loss: 1.0304 - accuracy: 0.6417
84/98 [========================>.....] - ETA: 0s - loss: 1.0303 - accuracy: 0.6419
87/98 [=========================>....] - ETA: 0s - loss: 1.0325 - accuracy: 0.6408
89/98 [==========================>...] - ETA: 0s - loss: 1.0317 - accuracy: 0.6411
91/98 [==========================>...] - ETA: 0s - loss: 1.0313 - accuracy: 0.6413
94/98 [===========================>..] - ETA: 0s - loss: 1.0301 - accuracy: 0.6417
96/98 [============================>.] - ETA: 0s - loss: 1.0294 - accuracy: 0.6420
98/98 [==============================] - 3s 33ms/step - loss: 1.0298 - accuracy: 0.6420 - val_loss: 0.9800 - val_accuracy: 0.6568
Epoch 12/285

 1/98 [..............................] - ETA: 4s - loss: 1.0636 - accuracy: 0.6387
 4/98 [>.............................] - ETA: 2s - loss: 1.0140 - accuracy: 0.6353
 7/98 [=>............................] - ETA: 2s - loss: 0.9851 - accuracy: 0.6549
10/98 [==>...........................] - ETA: 2s - loss: 0.9853 - accuracy: 0.6521
13/98 [==>...........................] - ETA: 2s - loss: 0.9966 - accuracy: 0.6504
15/98 [===>..........................] - ETA: 2s - loss: 1.0065 - accuracy: 0.6470
18/98 [====>.........................] - ETA: 2s - loss: 1.0097 - accuracy: 0.6453
21/98 [=====>........................] - ETA: 1s - loss: 1.0032 - accuracy: 0.6473
24/98 [======>.......................] - ETA: 1s - loss: 0.9985 - accuracy: 0.6495
27/98 [=======>......................] - ETA: 1s - loss: 1.0008 - accuracy: 0.6488
30/98 [========>.....................] - ETA: 1s - loss: 0.9958 - accuracy: 0.6503
32/98 [========>.....................] - ETA: 1s - loss: 0.9954 - accuracy: 0.6504
34/98 [=========>....................] - ETA: 1s - loss: 0.9989 - accuracy: 0.6499
37/98 [==========>...................] - ETA: 1s - loss: 1.0009 - accuracy: 0.6497
40/98 [===========>..................] - ETA: 1s - loss: 1.0010 - accuracy: 0.6494
42/98 [===========>..................] - ETA: 1s - loss: 1.0023 - accuracy: 0.6484
45/98 [============>.................] - ETA: 1s - loss: 1.0012 - accuracy: 0.6488
48/98 [=============>................] - ETA: 1s - loss: 1.0006 - accuracy: 0.6493
51/98 [==============>...............] - ETA: 1s - loss: 1.0025 - accuracy: 0.6492
54/98 [===============>..............] - ETA: 1s - loss: 1.0022 - accuracy: 0.6502
56/98 [================>.............] - ETA: 1s - loss: 1.0014 - accuracy: 0.6512
59/98 [=================>............] - ETA: 1s - loss: 1.0032 - accuracy: 0.6505
62/98 [=================>............] - ETA: 0s - loss: 1.0039 - accuracy: 0.6505
65/98 [==================>...........] - ETA: 0s - loss: 1.0032 - accuracy: 0.6509
68/98 [===================>..........] - ETA: 0s - loss: 1.0024 - accuracy: 0.6506
70/98 [====================>.........] - ETA: 0s - loss: 1.0030 - accuracy: 0.6505
73/98 [=====================>........] - ETA: 0s - loss: 1.0011 - accuracy: 0.6510
76/98 [======================>.......] - ETA: 0s - loss: 1.0022 - accuracy: 0.6504
79/98 [=======================>......] - ETA: 0s - loss: 1.0024 - accuracy: 0.6506
81/98 [=======================>......] - ETA: 0s - loss: 1.0022 - accuracy: 0.6505
84/98 [========================>.....] - ETA: 0s - loss: 1.0033 - accuracy: 0.6505
86/98 [=========================>....] - ETA: 0s - loss: 1.0038 - accuracy: 0.6503
89/98 [==========================>...] - ETA: 0s - loss: 1.0027 - accuracy: 0.6508
92/98 [===========================>..] - ETA: 0s - loss: 1.0020 - accuracy: 0.6510
94/98 [===========================>..] - ETA: 0s - loss: 1.0017 - accuracy: 0.6511
97/98 [============================>.] - ETA: 0s - loss: 0.9999 - accuracy: 0.6520
98/98 [==============================] - 3s 33ms/step - loss: 0.9999 - accuracy: 0.6520 - val_loss: 0.9818 - val_accuracy: 0.6580
Epoch 13/285

 1/98 [..............................] - ETA: 3s - loss: 0.9880 - accuracy: 0.6562
 3/98 [..............................] - ETA: 2s - loss: 0.9514 - accuracy: 0.6810
 6/98 [>.............................] - ETA: 2s - loss: 0.9745 - accuracy: 0.6650
 9/98 [=>............................] - ETA: 2s - loss: 0.9806 - accuracy: 0.6621
11/98 [==>...........................] - ETA: 2s - loss: 0.9854 - accuracy: 0.6561
14/98 [===>..........................] - ETA: 2s - loss: 0.9990 - accuracy: 0.6509
17/98 [====>.........................] - ETA: 2s - loss: 0.9909 - accuracy: 0.6557
19/98 [====>.........................] - ETA: 2s - loss: 0.9887 - accuracy: 0.6565
22/98 [=====>........................] - ETA: 2s - loss: 0.9908 - accuracy: 0.6576
