2024-06-21 15:56:30.981684: I tensorflow/core/platform/cpu_feature_guard.cc:193] This TensorFlow binary is optimized with oneAPI Deep Neural Network Library (oneDNN) to use the following CPU instructions in performance-critical operations:  AVX AVX2
To enable them in other operations, rebuild TensorFlow with the appropriate compiler flags.
2024-06-21 15:56:31.578264: I tensorflow/core/common_runtime/gpu/gpu_device.cc:1616] Created device /job:localhost/replica:0/task:0/device:GPU:0 with 6144 MB memory:  -> device: 0, name: NVIDIA GeForce RTX 4060 Ti, pci bus id: 0000:01:00.0, compute capability: 8.9
1 Physical GPUs, 1 Logical GPUs
Model: "sequential"
_________________________________________________________________
 Layer (type)                Output Shape              Param #   
=================================================================
 conv2d (Conv2D)             (None, 32, 32, 32)        896       
                                                                 
 max_pooling2d (MaxPooling2D  (None, 16, 16, 32)       0         
 )                                                               
                                                                 
 batch_normalization (BatchN  (None, 16, 16, 32)       128       
 ormalization)                                                   
                                                                 
 dropout (Dropout)           (None, 16, 16, 32)        0         
                                                                 
 flatten (Flatten)           (None, 8192)              0         
                                                                 
 dense (Dense)               (None, 10)                81930     
                                                                 
=================================================================
Total params: 82,954
Trainable params: 82,890
Non-trainable params: 64
_________________________________________________________________
Taxa de aprendizado:  1e-05 Num de épocas:  219 Tamanho do lote:  512 Dropout:  0.24
Epoch 1/219
2024-06-21 15:56:32.897934: I tensorflow/stream_executor/cuda/cuda_dnn.cc:384] Loaded cuDNN version 8100
2024-06-21 15:56:33.759613: W tensorflow/stream_executor/gpu/redzone_allocator.cc:314] INTERNAL: ptxas exited with non-zero error code -1, output: 
Relying on driver to perform ptx compilation. 
Modify $PATH to customize ptxas location.
This message will be only logged once.
2024-06-21 15:56:34.534580: I tensorflow/stream_executor/cuda/cuda_blas.cc:1614] TensorFloat-32 will be used for the matrix multiplication. This will only be logged once.

 1/98 [..............................] - ETA: 4:38 - loss: 2.7519 - accuracy: 0.1211
 6/98 [>.............................] - ETA: 1s - loss: 2.7437 - accuracy: 0.1025  
12/98 [==>...........................] - ETA: 0s - loss: 2.7209 - accuracy: 0.1032
18/98 [====>.........................] - ETA: 0s - loss: 2.6902 - accuracy: 0.1054
23/98 [======>.......................] - ETA: 0s - loss: 2.6752 - accuracy: 0.1076
28/98 [=======>......................] - ETA: 0s - loss: 2.6588 - accuracy: 0.1105
33/98 [=========>....................] - ETA: 0s - loss: 2.6404 - accuracy: 0.1130
39/98 [==========>...................] - ETA: 0s - loss: 2.6258 - accuracy: 0.1157
42/98 [===========>..................] - ETA: 0s - loss: 2.6174 - accuracy: 0.1169
47/98 [=============>................] - ETA: 0s - loss: 2.6017 - accuracy: 0.1212
53/98 [===============>..............] - ETA: 0s - loss: 2.5865 - accuracy: 0.1234
58/98 [================>.............] - ETA: 0s - loss: 2.5742 - accuracy: 0.1252
64/98 [==================>...........] - ETA: 0s - loss: 2.5615 - accuracy: 0.1271
70/98 [====================>.........] - ETA: 0s - loss: 2.5491 - accuracy: 0.1299
76/98 [======================>.......] - ETA: 0s - loss: 2.5317 - accuracy: 0.1336
82/98 [========================>.....] - ETA: 0s - loss: 2.5180 - accuracy: 0.1364
87/98 [=========================>....] - ETA: 0s - loss: 2.5102 - accuracy: 0.1378
93/98 [===========================>..] - ETA: 0s - loss: 2.4978 - accuracy: 0.1409
98/98 [==============================] - 5s 20ms/step - loss: 2.4877 - accuracy: 0.1433 - val_loss: 2.2624 - val_accuracy: 0.1597
Epoch 2/219

 1/98 [..............................] - ETA: 3s - loss: 2.2948 - accuracy: 0.2070
 7/98 [=>............................] - ETA: 0s - loss: 2.3023 - accuracy: 0.1959
12/98 [==>...........................] - ETA: 0s - loss: 2.3071 - accuracy: 0.1888
18/98 [====>.........................] - ETA: 0s - loss: 2.2964 - accuracy: 0.1937
23/98 [======>.......................] - ETA: 0s - loss: 2.2874 - accuracy: 0.1957
28/98 [=======>......................] - ETA: 0s - loss: 2.2802 - accuracy: 0.1966
34/98 [=========>....................] - ETA: 0s - loss: 2.2728 - accuracy: 0.1983
40/98 [===========>..................] - ETA: 0s - loss: 2.2656 - accuracy: 0.2010
46/98 [=============>................] - ETA: 0s - loss: 2.2608 - accuracy: 0.2036
52/98 [==============>...............] - ETA: 0s - loss: 2.2587 - accuracy: 0.2032
57/98 [================>.............] - ETA: 0s - loss: 2.2543 - accuracy: 0.2044
63/98 [==================>...........] - ETA: 0s - loss: 2.2479 - accuracy: 0.2055
68/98 [===================>..........] - ETA: 0s - loss: 2.2422 - accuracy: 0.2068
73/98 [=====================>........] - ETA: 0s - loss: 2.2380 - accuracy: 0.2080
79/98 [=======================>......] - ETA: 0s - loss: 2.2325 - accuracy: 0.2098
84/98 [========================>.....] - ETA: 0s - loss: 2.2263 - accuracy: 0.2110
90/98 [==========================>...] - ETA: 0s - loss: 2.2230 - accuracy: 0.2114
95/98 [============================>.] - ETA: 0s - loss: 2.2199 - accuracy: 0.2120
98/98 [==============================] - 2s 17ms/step - loss: 2.2175 - accuracy: 0.2127 - val_loss: 2.1884 - val_accuracy: 0.2300
Epoch 3/219

 1/98 [..............................] - ETA: 1s - loss: 2.1444 - accuracy: 0.2363
 6/98 [>.............................] - ETA: 1s - loss: 2.1395 - accuracy: 0.2425
12/98 [==>...........................] - ETA: 0s - loss: 2.1266 - accuracy: 0.2453
18/98 [====>.........................] - ETA: 0s - loss: 2.1219 - accuracy: 0.2461
24/98 [======>.......................] - ETA: 0s - loss: 2.1240 - accuracy: 0.2447
29/98 [=======>......................] - ETA: 0s - loss: 2.1225 - accuracy: 0.2464
35/98 [=========>....................] - ETA: 0s - loss: 2.1135 - accuracy: 0.2484
40/98 [===========>..................] - ETA: 0s - loss: 2.1081 - accuracy: 0.2513
46/98 [=============>................] - ETA: 0s - loss: 2.1054 - accuracy: 0.2511
52/98 [==============>...............] - ETA: 0s - loss: 2.1040 - accuracy: 0.2517
58/98 [================>.............] - ETA: 0s - loss: 2.1014 - accuracy: 0.2520
63/98 [==================>...........] - ETA: 0s - loss: 2.1014 - accuracy: 0.2519
69/98 [====================>.........] - ETA: 0s - loss: 2.0960 - accuracy: 0.2541
74/98 [=====================>........] - ETA: 0s - loss: 2.0945 - accuracy: 0.2545
80/98 [=======================>......] - ETA: 0s - loss: 2.0916 - accuracy: 0.2562
86/98 [=========================>....] - ETA: 0s - loss: 2.0908 - accuracy: 0.2564
91/98 [==========================>...] - ETA: 0s - loss: 2.0898 - accuracy: 0.2568
97/98 [============================>.] - ETA: 0s - loss: 2.0878 - accuracy: 0.2576
98/98 [==============================] - 2s 17ms/step - loss: 2.0872 - accuracy: 0.2578 - val_loss: 2.0975 - val_accuracy: 0.2822
Epoch 4/219

 1/98 [..............................] - ETA: 3s - loss: 1.9775 - accuracy: 0.2949
 7/98 [=>............................] - ETA: 0s - loss: 2.0417 - accuracy: 0.2817
12/98 [==>...........................] - ETA: 0s - loss: 2.0242 - accuracy: 0.2807
17/98 [====>.........................] - ETA: 0s - loss: 2.0276 - accuracy: 0.2798
23/98 [======>.......................] - ETA: 0s - loss: 2.0195 - accuracy: 0.2784
28/98 [=======>......................] - ETA: 0s - loss: 2.0211 - accuracy: 0.2778
34/98 [=========>....................] - ETA: 0s - loss: 2.0130 - accuracy: 0.2809
39/98 [==========>...................] - ETA: 0s - loss: 2.0152 - accuracy: 0.2800
44/98 [============>.................] - ETA: 0s - loss: 2.0167 - accuracy: 0.2813
49/98 [==============>...............] - ETA: 0s - loss: 2.0172 - accuracy: 0.2804
55/98 [===============>..............] - ETA: 0s - loss: 2.0188 - accuracy: 0.2810
61/98 [=================>............] - ETA: 0s - loss: 2.0178 - accuracy: 0.2821
67/98 [===================>..........] - ETA: 0s - loss: 2.0144 - accuracy: 0.2831
72/98 [=====================>........] - ETA: 0s - loss: 2.0120 - accuracy: 0.2834
78/98 [======================>.......] - ETA: 0s - loss: 2.0096 - accuracy: 0.2845
84/98 [========================>.....] - ETA: 0s - loss: 2.0062 - accuracy: 0.2857
89/98 [==========================>...] - ETA: 0s - loss: 2.0048 - accuracy: 0.2863
95/98 [============================>.] - ETA: 0s - loss: 2.0027 - accuracy: 0.2866
98/98 [==============================] - 2s 17ms/step - loss: 2.0019 - accuracy: 0.2867 - val_loss: 1.9913 - val_accuracy: 0.3188
Epoch 5/219

 1/98 [..............................] - ETA: 3s - loss: 1.9720 - accuracy: 0.2773
 7/98 [=>............................] - ETA: 0s - loss: 1.9863 - accuracy: 0.3058
12/98 [==>...........................] - ETA: 0s - loss: 1.9881 - accuracy: 0.3018
18/98 [====>.........................] - ETA: 0s - loss: 1.9742 - accuracy: 0.3048
23/98 [======>.......................] - ETA: 0s - loss: 1.9775 - accuracy: 0.3030
28/98 [=======>......................] - ETA: 0s - loss: 1.9768 - accuracy: 0.3022
34/98 [=========>....................] - ETA: 0s - loss: 1.9689 - accuracy: 0.3039
39/98 [==========>...................] - ETA: 0s - loss: 1.9638 - accuracy: 0.3049
45/98 [============>.................] - ETA: 0s - loss: 1.9615 - accuracy: 0.3061
51/98 [==============>...............] - ETA: 0s - loss: 1.9580 - accuracy: 0.3080
57/98 [================>.............] - ETA: 0s - loss: 1.9542 - accuracy: 0.3084
62/98 [=================>............] - ETA: 0s - loss: 1.9525 - accuracy: 0.3084
68/98 [===================>..........] - ETA: 0s - loss: 1.9485 - accuracy: 0.3098
73/98 [=====================>........] - ETA: 0s - loss: 1.9458 - accuracy: 0.3106
78/98 [======================>.......] - ETA: 0s - loss: 1.9453 - accuracy: 0.3105
84/98 [========================>.....] - ETA: 0s - loss: 1.9431 - accuracy: 0.3114
90/98 [==========================>...] - ETA: 0s - loss: 1.9405 - accuracy: 0.3123
95/98 [============================>.] - ETA: 0s - loss: 1.9393 - accuracy: 0.3117
98/98 [==============================] - 2s 17ms/step - loss: 1.9381 - accuracy: 0.3121 - val_loss: 1.8891 - val_accuracy: 0.3459
Epoch 6/219

 1/98 [..............................] - ETA: 3s - loss: 1.9111 - accuracy: 0.3184
 7/98 [=>............................] - ETA: 0s - loss: 1.8809 - accuracy: 0.3368
13/98 [==>...........................] - ETA: 0s - loss: 1.8903 - accuracy: 0.3257
19/98 [====>.........................] - ETA: 0s - loss: 1.8930 - accuracy: 0.3222
24/98 [======>.......................] - ETA: 0s - loss: 1.8995 - accuracy: 0.3199
30/98 [========>.....................] - ETA: 0s - loss: 1.8957 - accuracy: 0.3205
36/98 [==========>...................] - ETA: 0s - loss: 1.8927 - accuracy: 0.3207
40/98 [===========>..................] - ETA: 0s - loss: 1.8914 - accuracy: 0.3219
46/98 [=============>................] - ETA: 0s - loss: 1.8947 - accuracy: 0.3212
52/98 [==============>...............] - ETA: 0s - loss: 1.8976 - accuracy: 0.3217
58/98 [================>.............] - ETA: 0s - loss: 1.8981 - accuracy: 0.3212
63/98 [==================>...........] - ETA: 0s - loss: 1.8933 - accuracy: 0.3239
69/98 [====================>.........] - ETA: 0s - loss: 1.8925 - accuracy: 0.3237
75/98 [=====================>........] - ETA: 0s - loss: 1.8893 - accuracy: 0.3252
80/98 [=======================>......] - ETA: 0s - loss: 1.8865 - accuracy: 0.3257
86/98 [=========================>....] - ETA: 0s - loss: 1.8840 - accuracy: 0.3273
92/98 [===========================>..] - ETA: 0s - loss: 1.8849 - accuracy: 0.3277
97/98 [============================>.] - ETA: 0s - loss: 1.8834 - accuracy: 0.3281
98/98 [==============================] - 2s 16ms/step - loss: 1.8837 - accuracy: 0.3281 - val_loss: 1.8059 - val_accuracy: 0.3712
Epoch 7/219

 1/98 [..............................] - ETA: 3s - loss: 1.8612 - accuracy: 0.3438
 7/98 [=>............................] - ETA: 0s - loss: 1.8452 - accuracy: 0.3510
12/98 [==>...........................] - ETA: 0s - loss: 1.8494 - accuracy: 0.3486
18/98 [====>.........................] - ETA: 0s - loss: 1.8404 - accuracy: 0.3503
24/98 [======>.......................] - ETA: 0s - loss: 1.8433 - accuracy: 0.3484
29/98 [=======>......................] - ETA: 0s - loss: 1.8444 - accuracy: 0.3465
35/98 [=========>....................] - ETA: 0s - loss: 1.8494 - accuracy: 0.3460
40/98 [===========>..................] - ETA: 0s - loss: 1.8505 - accuracy: 0.3455
46/98 [=============>................] - ETA: 0s - loss: 1.8486 - accuracy: 0.3457
52/98 [==============>...............] - ETA: 0s - loss: 1.8458 - accuracy: 0.3460
58/98 [================>.............] - ETA: 0s - loss: 1.8496 - accuracy: 0.3457
63/98 [==================>...........] - ETA: 0s - loss: 1.8491 - accuracy: 0.3457
69/98 [====================>.........] - ETA: 0s - loss: 1.8476 - accuracy: 0.3460
75/98 [=====================>........] - ETA: 0s - loss: 1.8461 - accuracy: 0.3471
81/98 [=======================>......] - ETA: 0s - loss: 1.8468 - accuracy: 0.3463
86/98 [=========================>....] - ETA: 0s - loss: 1.8480 - accuracy: 0.3454
91/98 [==========================>...] - ETA: 0s - loss: 1.8472 - accuracy: 0.3454
96/98 [============================>.] - ETA: 0s - loss: 1.8441 - accuracy: 0.3471
98/98 [==============================] - 2s 17ms/step - loss: 1.8438 - accuracy: 0.3473 - val_loss: 1.7429 - val_accuracy: 0.3869
Epoch 8/219

 1/98 [..............................] - ETA: 3s - loss: 1.8385 - accuracy: 0.3594
 6/98 [>.............................] - ETA: 1s - loss: 1.8079 - accuracy: 0.3486
12/98 [==>...........................] - ETA: 0s - loss: 1.8086 - accuracy: 0.3555
18/98 [====>.........................] - ETA: 0s - loss: 1.8079 - accuracy: 0.3586
23/98 [======>.......................] - ETA: 0s - loss: 1.8056 - accuracy: 0.3627
29/98 [=======>......................] - ETA: 0s - loss: 1.8046 - accuracy: 0.3607
34/98 [=========>....................] - ETA: 0s - loss: 1.8077 - accuracy: 0.3592
40/98 [===========>..................] - ETA: 0s - loss: 1.8089 - accuracy: 0.3600
45/98 [============>.................] - ETA: 0s - loss: 1.8131 - accuracy: 0.3578
51/98 [==============>...............] - ETA: 0s - loss: 1.8106 - accuracy: 0.3581
57/98 [================>.............] - ETA: 0s - loss: 1.8091 - accuracy: 0.3586
62/98 [=================>............] - ETA: 0s - loss: 1.8054 - accuracy: 0.3598
67/98 [===================>..........] - ETA: 0s - loss: 1.8054 - accuracy: 0.3598
73/98 [=====================>........] - ETA: 0s - loss: 1.8039 - accuracy: 0.3605
78/98 [======================>.......] - ETA: 0s - loss: 1.8038 - accuracy: 0.3601
84/98 [========================>.....] - ETA: 0s - loss: 1.8043 - accuracy: 0.3595
90/98 [==========================>...] - ETA: 0s - loss: 1.8045 - accuracy: 0.3593
95/98 [============================>.] - ETA: 0s - loss: 1.8057 - accuracy: 0.3590
98/98 [==============================] - 2s 17ms/step - loss: 1.8056 - accuracy: 0.3590 - val_loss: 1.6948 - val_accuracy: 0.4028
Epoch 9/219

 1/98 [..............................] - ETA: 1s - loss: 1.7674 - accuracy: 0.3789
 6/98 [>.............................] - ETA: 1s - loss: 1.7977 - accuracy: 0.3698
12/98 [==>...........................] - ETA: 0s - loss: 1.7896 - accuracy: 0.3667
17/98 [====>.........................] - ETA: 0s - loss: 1.7849 - accuracy: 0.3680
22/98 [=====>........................] - ETA: 0s - loss: 1.7733 - accuracy: 0.3714
27/98 [=======>......................] - ETA: 0s - loss: 1.7772 - accuracy: 0.3699
33/98 [=========>....................] - ETA: 0s - loss: 1.7724 - accuracy: 0.3707
39/98 [==========>...................] - ETA: 0s - loss: 1.7746 - accuracy: 0.3693
44/98 [============>.................] - ETA: 0s - loss: 1.7701 - accuracy: 0.3708
50/98 [==============>...............] - ETA: 0s - loss: 1.7690 - accuracy: 0.3724
56/98 [================>.............] - ETA: 0s - loss: 1.7694 - accuracy: 0.3719
61/98 [=================>............] - ETA: 0s - loss: 1.7678 - accuracy: 0.3716
67/98 [===================>..........] - ETA: 0s - loss: 1.7678 - accuracy: 0.3712
72/98 [=====================>........] - ETA: 0s - loss: 1.7646 - accuracy: 0.3722
78/98 [======================>.......] - ETA: 0s - loss: 1.7646 - accuracy: 0.3728
84/98 [========================>.....] - ETA: 0s - loss: 1.7629 - accuracy: 0.3738
90/98 [==========================>...] - ETA: 0s - loss: 1.7635 - accuracy: 0.3733
94/98 [===========================>..] - ETA: 0s - loss: 1.7633 - accuracy: 0.3741
98/98 [==============================] - 2s 17ms/step - loss: 1.7619 - accuracy: 0.3743 - val_loss: 1.6578 - val_accuracy: 0.4179
Epoch 10/219

 1/98 [..............................] - ETA: 3s - loss: 1.7415 - accuracy: 0.3828
 6/98 [>.............................] - ETA: 1s - loss: 1.7475 - accuracy: 0.3799
12/98 [==>...........................] - ETA: 0s - loss: 1.7438 - accuracy: 0.3789
17/98 [====>.........................] - ETA: 0s - loss: 1.7425 - accuracy: 0.3834
23/98 [======>.......................] - ETA: 0s - loss: 1.7511 - accuracy: 0.3781
29/98 [=======>......................] - ETA: 0s - loss: 1.7494 - accuracy: 0.3781
34/98 [=========>....................] - ETA: 0s - loss: 1.7467 - accuracy: 0.3782
40/98 [===========>..................] - ETA: 0s - loss: 1.7430 - accuracy: 0.3809
46/98 [=============>................] - ETA: 0s - loss: 1.7393 - accuracy: 0.3835
52/98 [==============>...............] - ETA: 0s - loss: 1.7404 - accuracy: 0.3832
58/98 [================>.............] - ETA: 0s - loss: 1.7387 - accuracy: 0.3837
64/98 [==================>...........] - ETA: 0s - loss: 1.7360 - accuracy: 0.3850
69/98 [====================>.........] - ETA: 0s - loss: 1.7373 - accuracy: 0.3848
75/98 [=====================>........] - ETA: 0s - loss: 1.7384 - accuracy: 0.3846
81/98 [=======================>......] - ETA: 0s - loss: 1.7374 - accuracy: 0.3843
87/98 [=========================>....] - ETA: 0s - loss: 1.7342 - accuracy: 0.3854
93/98 [===========================>..] - ETA: 0s - loss: 1.7318 - accuracy: 0.3863
98/98 [==============================] - ETA: 0s - loss: 1.7323 - accuracy: 0.3859
98/98 [==============================] - 2s 16ms/step - loss: 1.7323 - accuracy: 0.3859 - val_loss: 1.6288 - val_accuracy: 0.4276
Epoch 11/219

 1/98 [..............................] - ETA: 1s - loss: 1.7979 - accuracy: 0.3418
 5/98 [>.............................] - ETA: 1s - loss: 1.7254 - accuracy: 0.3793
11/98 [==>...........................] - ETA: 0s - loss: 1.7161 - accuracy: 0.3867
17/98 [====>.........................] - ETA: 0s - loss: 1.7231 - accuracy: 0.3876
22/98 [=====>........................] - ETA: 0s - loss: 1.7169 - accuracy: 0.3911
28/98 [=======>......................] - ETA: 0s - loss: 1.7126 - accuracy: 0.3922
33/98 [=========>....................] - ETA: 0s - loss: 1.7097 - accuracy: 0.3933
38/98 [==========>...................] - ETA: 0s - loss: 1.7065 - accuracy: 0.3946
44/98 [============>.................] - ETA: 0s - loss: 1.7058 - accuracy: 0.3944
50/98 [==============>...............] - ETA: 0s - loss: 1.7045 - accuracy: 0.3942
55/98 [===============>..............] - ETA: 0s - loss: 1.7050 - accuracy: 0.3930
61/98 [=================>............] - ETA: 0s - loss: 1.7060 - accuracy: 0.3930
67/98 [===================>..........] - ETA: 0s - loss: 1.7054 - accuracy: 0.3935
73/98 [=====================>........] - ETA: 0s - loss: 1.7068 - accuracy: 0.3931
79/98 [=======================>......] - ETA: 0s - loss: 1.7066 - accuracy: 0.3936
84/98 [========================>.....] - ETA: 0s - loss: 1.7061 - accuracy: 0.3941
90/98 [==========================>...] - ETA: 0s - loss: 1.7032 - accuracy: 0.3953
95/98 [============================>.] - ETA: 0s - loss: 1.7033 - accuracy: 0.3951
98/98 [==============================] - 2s 16ms/step - loss: 1.7024 - accuracy: 0.3958 - val_loss: 1.6030 - val_accuracy: 0.4360
Epoch 12/219

 1/98 [..............................] - ETA: 3s - loss: 1.8260 - accuracy: 0.3809
 7/98 [=>............................] - ETA: 0s - loss: 1.6823 - accuracy: 0.4082
13/98 [==>...........................] - ETA: 0s - loss: 1.6955 - accuracy: 0.4022
18/98 [====>.........................] - ETA: 0s - loss: 1.6875 - accuracy: 0.4027
23/98 [======>.......................] - ETA: 0s - loss: 1.6900 - accuracy: 0.4041
29/98 [=======>......................] - ETA: 0s - loss: 1.6892 - accuracy: 0.4042
35/98 [=========>....................] - ETA: 0s - loss: 1.6906 - accuracy: 0.4026
40/98 [===========>..................] - ETA: 0s - loss: 1.6907 - accuracy: 0.4027
45/98 [============>.................] - ETA: 0s - loss: 1.6889 - accuracy: 0.4036
50/98 [==============>...............] - ETA: 0s - loss: 1.6881 - accuracy: 0.4031
56/98 [================>.............] - ETA: 0s - loss: 1.6893 - accuracy: 0.4031
61/98 [=================>............] - ETA: 0s - loss: 1.6883 - accuracy: 0.4038
66/98 [===================>..........] - ETA: 0s - loss: 1.6874 - accuracy: 0.4043
71/98 [====================>.........] - ETA: 0s - loss: 1.6888 - accuracy: 0.4036
77/98 [======================>.......] - ETA: 0s - loss: 1.6847 - accuracy: 0.4049
83/98 [========================>.....] - ETA: 0s - loss: 1.6850 - accuracy: 0.4047
87/98 [=========================>....] - ETA: 0s - loss: 1.6847 - accuracy: 0.4052
93/98 [===========================>..] - ETA: 0s - loss: 1.6849 - accuracy: 0.4050
98/98 [==============================] - ETA: 0s - loss: 1.6805 - accuracy: 0.4062
98/98 [==============================] - 2s 17ms/step - loss: 1.6805 - accuracy: 0.4062 - val_loss: 1.5818 - val_accuracy: 0.4430
Epoch 13/219

 1/98 [..............................] - ETA: 3s - loss: 1.6763 - accuracy: 0.4023
 7/98 [=>............................] - ETA: 0s - loss: 1.6699 - accuracy: 0.4129
12/98 [==>...........................] - ETA: 0s - loss: 1.6804 - accuracy: 0.4043
18/98 [====>.........................] - ETA: 0s - loss: 1.6717 - accuracy: 0.4052
24/98 [======>.......................] - ETA: 0s - loss: 1.6660 - accuracy: 0.4088
30/98 [========>.....................] - ETA: 0s - loss: 1.6660 - accuracy: 0.4077
36/98 [==========>...................] - ETA: 0s - loss: 1.6615 - accuracy: 0.4081
41/98 [===========>..................] - ETA: 0s - loss: 1.6591 - accuracy: 0.4085
46/98 [=============>................] - ETA: 0s - loss: 1.6577 - accuracy: 0.4095
52/98 [==============>...............] - ETA: 0s - loss: 1.6586 - accuracy: 0.4090
58/98 [================>.............] - ETA: 0s - loss: 1.6596 - accuracy: 0.4097
64/98 [==================>...........] - ETA: 0s - loss: 1.6580 - accuracy: 0.4102
70/98 [====================>.........] - ETA: 0s - loss: 1.6567 - accuracy: 0.4105
75/98 [=====================>........] - ETA: 0s - loss: 1.6570 - accuracy: 0.4104
80/98 [=======================>......] - ETA: 0s - loss: 1.6578 - accuracy: 0.4106
85/98 [=========================>....] - ETA: 0s - loss: 1.6586 - accuracy: 0.4103
91/98 [==========================>...] - ETA: 0s - loss: 1.6591 - accuracy: 0.4101
96/98 [============================>.] - ETA: 0s - loss: 1.6578 - accuracy: 0.4108
98/98 [==============================] - 2s 16ms/step - loss: 1.6577 - accuracy: 0.4110 - val_loss: 1.5624 - val_accuracy: 0.4513
Epoch 14/219

 1/98 [..............................] - ETA: 1s - loss: 1.5942 - accuracy: 0.4316
 6/98 [>.............................] - ETA: 1s - loss: 1.6576 - accuracy: 0.4189
11/98 [==>...........................] - ETA: 1s - loss: 1.6519 - accuracy: 0.4174
16/98 [===>..........................] - ETA: 0s - loss: 1.6499 - accuracy: 0.4198
22/98 [=====>........................] - ETA: 0s - loss: 1.6554 - accuracy: 0.4177
27/98 [=======>......................] - ETA: 0s - loss: 1.6451 - accuracy: 0.4204
33/98 [=========>....................] - ETA: 0s - loss: 1.6501 - accuracy: 0.4173
39/98 [==========>...................] - ETA: 0s - loss: 1.6481 - accuracy: 0.4151
45/98 [============>.................] - ETA: 0s - loss: 1.6474 - accuracy: 0.4156
51/98 [==============>...............] - ETA: 0s - loss: 1.6440 - accuracy: 0.4169
56/98 [================>.............] - ETA: 0s - loss: 1.6442 - accuracy: 0.4172
62/98 [=================>............] - ETA: 0s - loss: 1.6438 - accuracy: 0.4178
67/98 [===================>..........] - ETA: 0s - loss: 1.6422 - accuracy: 0.4182
73/98 [=====================>........] - ETA: 0s - loss: 1.6406 - accuracy: 0.4195
79/98 [=======================>......] - ETA: 0s - loss: 1.6400 - accuracy: 0.4193
84/98 [========================>.....] - ETA: 0s - loss: 1.6382 - accuracy: 0.4201
89/98 [==========================>...] - ETA: 0s - loss: 1.6364 - accuracy: 0.4211
95/98 [============================>.] - ETA: 0s - loss: 1.6352 - accuracy: 0.4212
98/98 [==============================] - 2s 16ms/step - loss: 1.6347 - accuracy: 0.4211 - val_loss: 1.5445 - val_accuracy: 0.4561
Epoch 15/219

 1/98 [..............................] - ETA: 3s - loss: 1.5708 - accuracy: 0.4297
 7/98 [=>............................] - ETA: 0s - loss: 1.6388 - accuracy: 0.4188
12/98 [==>...........................] - ETA: 0s - loss: 1.6382 - accuracy: 0.4229
18/98 [====>.........................] - ETA: 0s - loss: 1.6419 - accuracy: 0.4231
23/98 [======>.......................] - ETA: 0s - loss: 1.6269 - accuracy: 0.4236
28/98 [=======>......................] - ETA: 0s - loss: 1.6232 - accuracy: 0.4250
34/98 [=========>....................] - ETA: 0s - loss: 1.6195 - accuracy: 0.4273
40/98 [===========>..................] - ETA: 0s - loss: 1.6183 - accuracy: 0.4283
46/98 [=============>................] - ETA: 0s - loss: 1.6193 - accuracy: 0.4273
51/98 [==============>...............] - ETA: 0s - loss: 1.6244 - accuracy: 0.4252
57/98 [================>.............] - ETA: 0s - loss: 1.6236 - accuracy: 0.4254
63/98 [==================>...........] - ETA: 0s - loss: 1.6219 - accuracy: 0.4252
68/98 [===================>..........] - ETA: 0s - loss: 1.6197 - accuracy: 0.4264
74/98 [=====================>........] - ETA: 0s - loss: 1.6182 - accuracy: 0.4274
79/98 [=======================>......] - ETA: 0s - loss: 1.6199 - accuracy: 0.4274
85/98 [=========================>....] - ETA: 0s - loss: 1.6194 - accuracy: 0.4275
91/98 [==========================>...] - ETA: 0s - loss: 1.6189 - accuracy: 0.4283
96/98 [============================>.] - ETA: 0s - loss: 1.6199 - accuracy: 0.4275
98/98 [==============================] - 2s 17ms/step - loss: 1.6199 - accuracy: 0.4275 - val_loss: 1.5285 - val_accuracy: 0.4623
Epoch 16/219

 1/98 [..............................] - ETA: 3s - loss: 1.5714 - accuracy: 0.4375
 6/98 [>.............................] - ETA: 1s - loss: 1.6207 - accuracy: 0.4271
12/98 [==>...........................] - ETA: 0s - loss: 1.6144 - accuracy: 0.4325
18/98 [====>.........................] - ETA: 0s - loss: 1.6106 - accuracy: 0.4306
23/98 [======>.......................] - ETA: 0s - loss: 1.6073 - accuracy: 0.4309
28/98 [=======>......................] - ETA: 0s - loss: 1.6068 - accuracy: 0.4321
33/98 [=========>....................] - ETA: 0s - loss: 1.6076 - accuracy: 0.4311
37/98 [==========>...................] - ETA: 0s - loss: 1.6070 - accuracy: 0.4320
42/98 [===========>..................] - ETA: 0s - loss: 1.6025 - accuracy: 0.4329
48/98 [=============>................] - ETA: 0s - loss: 1.6041 - accuracy: 0.4312
53/98 [===============>..............] - ETA: 0s - loss: 1.6047 - accuracy: 0.4309
59/98 [=================>............] - ETA: 0s - loss: 1.6037 - accuracy: 0.4323
65/98 [==================>...........] - ETA: 0s - loss: 1.6055 - accuracy: 0.4315
71/98 [====================>.........] - ETA: 0s - loss: 1.6038 - accuracy: 0.4324
76/98 [======================>.......] - ETA: 0s - loss: 1.6031 - accuracy: 0.4326
82/98 [========================>.....] - ETA: 0s - loss: 1.5999 - accuracy: 0.4342
88/98 [=========================>....] - ETA: 0s - loss: 1.5989 - accuracy: 0.4344
94/98 [===========================>..] - ETA: 0s - loss: 1.5992 - accuracy: 0.4348
98/98 [==============================] - 2s 17ms/step - loss: 1.5992 - accuracy: 0.4346 - val_loss: 1.5136 - val_accuracy: 0.4704
Epoch 17/219

 1/98 [..............................] - ETA: 3s - loss: 1.5184 - accuracy: 0.4395
 6/98 [>.............................] - ETA: 1s - loss: 1.5674 - accuracy: 0.4408
12/98 [==>...........................] - ETA: 0s - loss: 1.5702 - accuracy: 0.4393
18/98 [====>.........................] - ETA: 0s - loss: 1.5753 - accuracy: 0.4384
23/98 [======>.......................] - ETA: 0s - loss: 1.5813 - accuracy: 0.4374
29/98 [=======>......................] - ETA: 0s - loss: 1.5796 - accuracy: 0.4396
35/98 [=========>....................] - ETA: 0s - loss: 1.5851 - accuracy: 0.4374
41/98 [===========>..................] - ETA: 0s - loss: 1.5837 - accuracy: 0.4388
47/98 [=============>................] - ETA: 0s - loss: 1.5849 - accuracy: 0.4370
52/98 [==============>...............] - ETA: 0s - loss: 1.5823 - accuracy: 0.4388
58/98 [================>.............] - ETA: 0s - loss: 1.5807 - accuracy: 0.4404
64/98 [==================>...........] - ETA: 0s - loss: 1.5817 - accuracy: 0.4396
69/98 [====================>.........] - ETA: 0s - loss: 1.5850 - accuracy: 0.4386
75/98 [=====================>........] - ETA: 0s - loss: 1.5808 - accuracy: 0.4401
80/98 [=======================>......] - ETA: 0s - loss: 1.5801 - accuracy: 0.4398
86/98 [=========================>....] - ETA: 0s - loss: 1.5800 - accuracy: 0.4397
91/98 [==========================>...] - ETA: 0s - loss: 1.5791 - accuracy: 0.4404
97/98 [============================>.] - ETA: 0s - loss: 1.5807 - accuracy: 0.4403
98/98 [==============================] - 2s 17ms/step - loss: 1.5809 - accuracy: 0.4400 - val_loss: 1.4996 - val_accuracy: 0.4717
Epoch 18/219

 1/98 [..............................] - ETA: 3s - loss: 1.6335 - accuracy: 0.4258
 6/98 [>.............................] - ETA: 1s - loss: 1.5945 - accuracy: 0.4424
12/98 [==>...........................] - ETA: 0s - loss: 1.5602 - accuracy: 0.4486
17/98 [====>.........................] - ETA: 0s - loss: 1.5692 - accuracy: 0.4466
23/98 [======>.......................] - ETA: 0s - loss: 1.5689 - accuracy: 0.4451
28/98 [=======>......................] - ETA: 0s - loss: 1.5676 - accuracy: 0.4450
34/98 [=========>....................] - ETA: 0s - loss: 1.5676 - accuracy: 0.4458
39/98 [==========>...................] - ETA: 0s - loss: 1.5675 - accuracy: 0.4453
44/98 [============>.................] - ETA: 0s - loss: 1.5680 - accuracy: 0.4453
50/98 [==============>...............] - ETA: 0s - loss: 1.5669 - accuracy: 0.4453
56/98 [================>.............] - ETA: 0s - loss: 1.5702 - accuracy: 0.4436
62/98 [=================>............] - ETA: 0s - loss: 1.5733 - accuracy: 0.4423
68/98 [===================>..........] - ETA: 0s - loss: 1.5728 - accuracy: 0.4427
74/98 [=====================>........] - ETA: 0s - loss: 1.5699 - accuracy: 0.4433
79/98 [=======================>......] - ETA: 0s - loss: 1.5684 - accuracy: 0.4434
85/98 [=========================>....] - ETA: 0s - loss: 1.5678 - accuracy: 0.4435
92/98 [===========================>..] - ETA: 0s - loss: 1.5673 - accuracy: 0.4435
97/98 [============================>.] - ETA: 0s - loss: 1.5663 - accuracy: 0.4439
98/98 [==============================] - 2s 16ms/step - loss: 1.5660 - accuracy: 0.4439 - val_loss: 1.4867 - val_accuracy: 0.4764
Epoch 19/219

 1/98 [..............................] - ETA: 1s - loss: 1.5892 - accuracy: 0.4434
 6/98 [>.............................] - ETA: 1s - loss: 1.5439 - accuracy: 0.4489
12/98 [==>...........................] - ETA: 0s - loss: 1.5501 - accuracy: 0.4530
18/98 [====>.........................] - ETA: 0s - loss: 1.5627 - accuracy: 0.4504
23/98 [======>.......................] - ETA: 0s - loss: 1.5607 - accuracy: 0.4505
29/98 [=======>......................] - ETA: 0s - loss: 1.5618 - accuracy: 0.4500
35/98 [=========>....................] - ETA: 0s - loss: 1.5677 - accuracy: 0.4468
40/98 [===========>..................] - ETA: 0s - loss: 1.5651 - accuracy: 0.4469
46/98 [=============>................] - ETA: 0s - loss: 1.5664 - accuracy: 0.4462
52/98 [==============>...............] - ETA: 0s - loss: 1.5639 - accuracy: 0.4469
57/98 [================>.............] - ETA: 0s - loss: 1.5608 - accuracy: 0.4483
63/98 [==================>...........] - ETA: 0s - loss: 1.5586 - accuracy: 0.4491
69/98 [====================>.........] - ETA: 0s - loss: 1.5561 - accuracy: 0.4500
74/98 [=====================>........] - ETA: 0s - loss: 1.5566 - accuracy: 0.4494
80/98 [=======================>......] - ETA: 0s - loss: 1.5547 - accuracy: 0.4497
86/98 [=========================>....] - ETA: 0s - loss: 1.5521 - accuracy: 0.4504
91/98 [==========================>...] - ETA: 0s - loss: 1.5512 - accuracy: 0.4499
97/98 [============================>.] - ETA: 0s - loss: 1.5496 - accuracy: 0.4505
98/98 [==============================] - 2s 17ms/step - loss: 1.5498 - accuracy: 0.4507 - val_loss: 1.4739 - val_accuracy: 0.4817
Epoch 20/219

 1/98 [..............................] - ETA: 1s - loss: 1.5761 - accuracy: 0.4609
 6/98 [>.............................] - ETA: 1s - loss: 1.5473 - accuracy: 0.4606
11/98 [==>...........................] - ETA: 1s - loss: 1.5593 - accuracy: 0.4560
17/98 [====>.........................] - ETA: 0s - loss: 1.5579 - accuracy: 0.4535
23/98 [======>.......................] - ETA: 0s - loss: 1.5491 - accuracy: 0.4532
28/98 [=======>......................] - ETA: 0s - loss: 1.5548 - accuracy: 0.4494
34/98 [=========>....................] - ETA: 0s - loss: 1.5486 - accuracy: 0.4523
40/98 [===========>..................] - ETA: 0s - loss: 1.5448 - accuracy: 0.4529
45/98 [============>.................] - ETA: 0s - loss: 1.5422 - accuracy: 0.4531
51/98 [==============>...............] - ETA: 0s - loss: 1.5421 - accuracy: 0.4532
57/98 [================>.............] - ETA: 0s - loss: 1.5449 - accuracy: 0.4531
63/98 [==================>...........] - ETA: 0s - loss: 1.5388 - accuracy: 0.4554
68/98 [===================>..........] - ETA: 0s - loss: 1.5375 - accuracy: 0.4565
73/98 [=====================>........] - ETA: 0s - loss: 1.5352 - accuracy: 0.4578
78/98 [======================>.......] - ETA: 0s - loss: 1.5351 - accuracy: 0.4580
84/98 [========================>.....] - ETA: 0s - loss: 1.5372 - accuracy: 0.4574
90/98 [==========================>...] - ETA: 0s - loss: 1.5387 - accuracy: 0.4566
95/98 [============================>.] - ETA: 0s - loss: 1.5380 - accuracy: 0.4573
98/98 [==============================] - 2s 16ms/step - loss: 1.5368 - accuracy: 0.4576 - val_loss: 1.4626 - val_accuracy: 0.4865
Epoch 21/219

 1/98 [..............................] - ETA: 3s - loss: 1.5338 - accuracy: 0.4531
 7/98 [=>............................] - ETA: 0s - loss: 1.5483 - accuracy: 0.4573
12/98 [==>...........................] - ETA: 0s - loss: 1.5613 - accuracy: 0.4535
18/98 [====>.........................] - ETA: 0s - loss: 1.5476 - accuracy: 0.4576
24/98 [======>.......................] - ETA: 0s - loss: 1.5459 - accuracy: 0.4562
29/98 [=======>......................] - ETA: 0s - loss: 1.5379 - accuracy: 0.4564
35/98 [=========>....................] - ETA: 0s - loss: 1.5320 - accuracy: 0.4575
41/98 [===========>..................] - ETA: 0s - loss: 1.5329 - accuracy: 0.4570
47/98 [=============>................] - ETA: 0s - loss: 1.5299 - accuracy: 0.4558
53/98 [===============>..............] - ETA: 0s - loss: 1.5289 - accuracy: 0.4567
59/98 [=================>............] - ETA: 0s - loss: 1.5286 - accuracy: 0.4570
65/98 [==================>...........] - ETA: 0s - loss: 1.5279 - accuracy: 0.4582
70/98 [====================>.........] - ETA: 0s - loss: 1.5274 - accuracy: 0.4578
76/98 [======================>.......] - ETA: 0s - loss: 1.5271 - accuracy: 0.4585
81/98 [=======================>......] - ETA: 0s - loss: 1.5290 - accuracy: 0.4578
87/98 [=========================>....] - ETA: 0s - loss: 1.5269 - accuracy: 0.4589
93/98 [===========================>..] - ETA: 0s - loss: 1.5264 - accuracy: 0.4584
98/98 [==============================] - ETA: 0s - loss: 1.5246 - accuracy: 0.4591
98/98 [==============================] - 2s 16ms/step - loss: 1.5246 - accuracy: 0.4591 - val_loss: 1.4506 - val_accuracy: 0.4909
Epoch 22/219

 1/98 [..............................] - ETA: 3s - loss: 1.5695 - accuracy: 0.4434
 7/98 [=>............................] - ETA: 0s - loss: 1.5322 - accuracy: 0.4643
13/98 [==>...........................] - ETA: 0s - loss: 1.5136 - accuracy: 0.4704
19/98 [====>.........................] - ETA: 0s - loss: 1.5133 - accuracy: 0.4675
24/98 [======>.......................] - ETA: 0s - loss: 1.5105 - accuracy: 0.4654
30/98 [========>.....................] - ETA: 0s - loss: 1.5027 - accuracy: 0.4662
36/98 [==========>...................] - ETA: 0s - loss: 1.5080 - accuracy: 0.4652
42/98 [===========>..................] - ETA: 0s - loss: 1.5120 - accuracy: 0.4647
47/98 [=============>................] - ETA: 0s - loss: 1.5120 - accuracy: 0.4648
53/98 [===============>..............] - ETA: 0s - loss: 1.5112 - accuracy: 0.4646
59/98 [=================>............] - ETA: 0s - loss: 1.5111 - accuracy: 0.4643
65/98 [==================>...........] - ETA: 0s - loss: 1.5114 - accuracy: 0.4636
70/98 [====================>.........] - ETA: 0s - loss: 1.5110 - accuracy: 0.4647
76/98 [======================>.......] - ETA: 0s - loss: 1.5112 - accuracy: 0.4643
80/98 [=======================>......] - ETA: 0s - loss: 1.5122 - accuracy: 0.4639
86/98 [=========================>....] - ETA: 0s - loss: 1.5087 - accuracy: 0.4657
92/98 [===========================>..] - ETA: 0s - loss: 1.5078 - accuracy: 0.4661
97/98 [============================>.] - ETA: 0s - loss: 1.5069 - accuracy: 0.4665
98/98 [==============================] - 2s 16ms/step - loss: 1.5070 - accuracy: 0.4666 - val_loss: 1.4396 - val_accuracy: 0.4934
Epoch 23/219

 1/98 [..............................] - ETA: 3s - loss: 1.5135 - accuracy: 0.4785
 5/98 [>.............................] - ETA: 1s - loss: 1.5305 - accuracy: 0.4598
11/98 [==>...........................] - ETA: 1s - loss: 1.4956 - accuracy: 0.4719
16/98 [===>..........................] - ETA: 1s - loss: 1.4890 - accuracy: 0.4739
22/98 [=====>........................] - ETA: 0s - loss: 1.4835 - accuracy: 0.4748
28/98 [=======>......................] - ETA: 0s - loss: 1.4916 - accuracy: 0.4738
34/98 [=========>....................] - ETA: 0s - loss: 1.4878 - accuracy: 0.4745
39/98 [==========>...................] - ETA: 0s - loss: 1.4899 - accuracy: 0.4753
45/98 [============>.................] - ETA: 0s - loss: 1.4889 - accuracy: 0.4758
51/98 [==============>...............] - ETA: 0s - loss: 1.4919 - accuracy: 0.4743
56/98 [================>.............] - ETA: 0s - loss: 1.4957 - accuracy: 0.4719
62/98 [=================>............] - ETA: 0s - loss: 1.4966 - accuracy: 0.4717
67/98 [===================>..........] - ETA: 0s - loss: 1.4986 - accuracy: 0.4717
73/98 [=====================>........] - ETA: 0s - loss: 1.4966 - accuracy: 0.4727
79/98 [=======================>......] - ETA: 0s - loss: 1.4943 - accuracy: 0.4733
