2024-06-21 14:14:10.344014: I tensorflow/core/platform/cpu_feature_guard.cc:193] This TensorFlow binary is optimized with oneAPI Deep Neural Network Library (oneDNN) to use the following CPU instructions in performance-critical operations:  AVX AVX2
To enable them in other operations, rebuild TensorFlow with the appropriate compiler flags.
2024-06-21 14:14:10.930570: I tensorflow/core/common_runtime/gpu/gpu_device.cc:1616] Created device /job:localhost/replica:0/task:0/device:GPU:0 with 6144 MB memory:  -> device: 0, name: NVIDIA GeForce RTX 4060 Ti, pci bus id: 0000:01:00.0, compute capability: 8.9
1 Physical GPUs, 1 Logical GPUs
Model: "sequential"
_________________________________________________________________
 Layer (type)                Output Shape              Param #   
=================================================================
 conv2d (Conv2D)             (None, 32, 32, 32)        896       
                                                                 
 max_pooling2d (MaxPooling2D  (None, 16, 16, 32)       0         
 )                                                               
                                                                 
 batch_normalization (BatchN  (None, 16, 16, 32)       128       
 ormalization)                                                   
                                                                 
 dropout (Dropout)           (None, 16, 16, 32)        0         
                                                                 
 flatten (Flatten)           (None, 8192)              0         
                                                                 
 dense (Dense)               (None, 10)                81930     
                                                                 
=================================================================
Total params: 82,954
Trainable params: 82,890
Non-trainable params: 64
_________________________________________________________________
Taxa de aprendizado:  1e-05 Num de épocas:  219 Tamanho do lote:  512 Dropout:  0.24
Epoch 1/219
2024-06-21 14:14:12.213558: I tensorflow/stream_executor/cuda/cuda_dnn.cc:384] Loaded cuDNN version 8100
2024-06-21 14:14:13.098499: W tensorflow/stream_executor/gpu/redzone_allocator.cc:314] INTERNAL: ptxas exited with non-zero error code -1, output: 
Relying on driver to perform ptx compilation. 
Modify $PATH to customize ptxas location.
This message will be only logged once.
2024-06-21 14:14:13.869635: I tensorflow/stream_executor/cuda/cuda_blas.cc:1614] TensorFloat-32 will be used for the matrix multiplication. This will only be logged once.

 1/98 [..............................] - ETA: 4:36 - loss: 2.8121 - accuracy: 0.0996
 6/98 [>.............................] - ETA: 1s - loss: 2.8524 - accuracy: 0.0921  
12/98 [==>...........................] - ETA: 0s - loss: 2.8332 - accuracy: 0.0973
17/98 [====>.........................] - ETA: 0s - loss: 2.8104 - accuracy: 0.0983
23/98 [======>.......................] - ETA: 0s - loss: 2.7919 - accuracy: 0.1028
26/98 [======>.......................] - ETA: 0s - loss: 2.7845 - accuracy: 0.1036
31/98 [========>.....................] - ETA: 0s - loss: 2.7587 - accuracy: 0.1079
37/98 [==========>...................] - ETA: 0s - loss: 2.7382 - accuracy: 0.1120
42/98 [===========>..................] - ETA: 0s - loss: 2.7250 - accuracy: 0.1145
48/98 [=============>................] - ETA: 0s - loss: 2.7060 - accuracy: 0.1171
53/98 [===============>..............] - ETA: 0s - loss: 2.6896 - accuracy: 0.1198
59/98 [=================>............] - ETA: 0s - loss: 2.6745 - accuracy: 0.1224
64/98 [==================>...........] - ETA: 0s - loss: 2.6620 - accuracy: 0.1248
70/98 [====================>.........] - ETA: 0s - loss: 2.6463 - accuracy: 0.1281
75/98 [=====================>........] - ETA: 0s - loss: 2.6344 - accuracy: 0.1308
81/98 [=======================>......] - ETA: 0s - loss: 2.6229 - accuracy: 0.1335
86/98 [=========================>....] - ETA: 0s - loss: 2.6115 - accuracy: 0.1364
92/98 [===========================>..] - ETA: 0s - loss: 2.5995 - accuracy: 0.1394
97/98 [============================>.] - ETA: 0s - loss: 2.5905 - accuracy: 0.1417
98/98 [==============================] - 5s 20ms/step - loss: 2.5879 - accuracy: 0.1422 - val_loss: 2.2544 - val_accuracy: 0.1664
Epoch 2/219

 1/98 [..............................] - ETA: 1s - loss: 2.3709 - accuracy: 0.1738
 6/98 [>.............................] - ETA: 1s - loss: 2.3816 - accuracy: 0.1885
11/98 [==>...........................] - ETA: 1s - loss: 2.4044 - accuracy: 0.1806
17/98 [====>.........................] - ETA: 0s - loss: 2.3805 - accuracy: 0.1888
22/98 [=====>........................] - ETA: 0s - loss: 2.3727 - accuracy: 0.1902
28/98 [=======>......................] - ETA: 0s - loss: 2.3676 - accuracy: 0.1915
34/98 [=========>....................] - ETA: 0s - loss: 2.3596 - accuracy: 0.1927
40/98 [===========>..................] - ETA: 0s - loss: 2.3469 - accuracy: 0.1970
45/98 [============>.................] - ETA: 0s - loss: 2.3442 - accuracy: 0.1968
51/98 [==============>...............] - ETA: 0s - loss: 2.3409 - accuracy: 0.1970
56/98 [================>.............] - ETA: 0s - loss: 2.3338 - accuracy: 0.1999
61/98 [=================>............] - ETA: 0s - loss: 2.3286 - accuracy: 0.2018
67/98 [===================>..........] - ETA: 0s - loss: 2.3232 - accuracy: 0.2034
73/98 [=====================>........] - ETA: 0s - loss: 2.3156 - accuracy: 0.2055
78/98 [======================>.......] - ETA: 0s - loss: 2.3113 - accuracy: 0.2068
83/98 [========================>.....] - ETA: 0s - loss: 2.3077 - accuracy: 0.2073
89/98 [==========================>...] - ETA: 0s - loss: 2.3019 - accuracy: 0.2084
94/98 [===========================>..] - ETA: 0s - loss: 2.2969 - accuracy: 0.2095
98/98 [==============================] - 2s 17ms/step - loss: 2.2928 - accuracy: 0.2103 - val_loss: 2.1784 - val_accuracy: 0.2445
Epoch 3/219

 1/98 [..............................] - ETA: 1s - loss: 2.1391 - accuracy: 0.2637
 6/98 [>.............................] - ETA: 1s - loss: 2.2078 - accuracy: 0.2373
12/98 [==>...........................] - ETA: 1s - loss: 2.2012 - accuracy: 0.2415
17/98 [====>.........................] - ETA: 0s - loss: 2.1956 - accuracy: 0.2428
23/98 [======>.......................] - ETA: 0s - loss: 2.1940 - accuracy: 0.2430
29/98 [=======>......................] - ETA: 0s - loss: 2.1920 - accuracy: 0.2437
33/98 [=========>....................] - ETA: 0s - loss: 2.1902 - accuracy: 0.2417
38/98 [==========>...................] - ETA: 0s - loss: 2.1887 - accuracy: 0.2418
44/98 [============>.................] - ETA: 0s - loss: 2.1856 - accuracy: 0.2440
49/98 [==============>...............] - ETA: 0s - loss: 2.1805 - accuracy: 0.2459
54/98 [===============>..............] - ETA: 0s - loss: 2.1758 - accuracy: 0.2475
59/98 [=================>............] - ETA: 0s - loss: 2.1763 - accuracy: 0.2466
65/98 [==================>...........] - ETA: 0s - loss: 2.1715 - accuracy: 0.2471
70/98 [====================>.........] - ETA: 0s - loss: 2.1691 - accuracy: 0.2479
76/98 [======================>.......] - ETA: 0s - loss: 2.1656 - accuracy: 0.2483
81/98 [=======================>......] - ETA: 0s - loss: 2.1607 - accuracy: 0.2493
86/98 [=========================>....] - ETA: 0s - loss: 2.1572 - accuracy: 0.2507
92/98 [===========================>..] - ETA: 0s - loss: 2.1525 - accuracy: 0.2522
97/98 [============================>.] - ETA: 0s - loss: 2.1504 - accuracy: 0.2530
98/98 [==============================] - 2s 17ms/step - loss: 2.1491 - accuracy: 0.2534 - val_loss: 2.0864 - val_accuracy: 0.2835
Epoch 4/219

 1/98 [..............................] - ETA: 3s - loss: 2.0956 - accuracy: 0.2676
 6/98 [>.............................] - ETA: 1s - loss: 2.0745 - accuracy: 0.2718
12/98 [==>...........................] - ETA: 0s - loss: 2.0837 - accuracy: 0.2692
18/98 [====>.........................] - ETA: 0s - loss: 2.0852 - accuracy: 0.2726
23/98 [======>.......................] - ETA: 0s - loss: 2.0769 - accuracy: 0.2740
29/98 [=======>......................] - ETA: 0s - loss: 2.0679 - accuracy: 0.2753
35/98 [=========>....................] - ETA: 0s - loss: 2.0720 - accuracy: 0.2754
41/98 [===========>..................] - ETA: 0s - loss: 2.0720 - accuracy: 0.2760
46/98 [=============>................] - ETA: 0s - loss: 2.0717 - accuracy: 0.2763
51/98 [==============>...............] - ETA: 0s - loss: 2.0717 - accuracy: 0.2766
57/98 [================>.............] - ETA: 0s - loss: 2.0703 - accuracy: 0.2765
62/98 [=================>............] - ETA: 0s - loss: 2.0677 - accuracy: 0.2772
67/98 [===================>..........] - ETA: 0s - loss: 2.0656 - accuracy: 0.2775
73/98 [=====================>........] - ETA: 0s - loss: 2.0638 - accuracy: 0.2781
78/98 [======================>.......] - ETA: 0s - loss: 2.0600 - accuracy: 0.2794
83/98 [========================>.....] - ETA: 0s - loss: 2.0579 - accuracy: 0.2795
89/98 [==========================>...] - ETA: 0s - loss: 2.0563 - accuracy: 0.2805
95/98 [============================>.] - ETA: 0s - loss: 2.0549 - accuracy: 0.2810
98/98 [==============================] - 2s 17ms/step - loss: 2.0547 - accuracy: 0.2812 - val_loss: 1.9842 - val_accuracy: 0.3153
Epoch 5/219

 1/98 [..............................] - ETA: 3s - loss: 2.0308 - accuracy: 0.3008
 7/98 [=>............................] - ETA: 0s - loss: 1.9892 - accuracy: 0.3011
12/98 [==>...........................] - ETA: 0s - loss: 2.0116 - accuracy: 0.2936
18/98 [====>.........................] - ETA: 0s - loss: 2.0163 - accuracy: 0.2960
23/98 [======>.......................] - ETA: 0s - loss: 2.0104 - accuracy: 0.2972
29/98 [=======>......................] - ETA: 0s - loss: 2.0105 - accuracy: 0.2981
35/98 [=========>....................] - ETA: 0s - loss: 2.0054 - accuracy: 0.2978
40/98 [===========>..................] - ETA: 0s - loss: 2.0058 - accuracy: 0.2978
46/98 [=============>................] - ETA: 0s - loss: 2.0018 - accuracy: 0.2983
52/98 [==============>...............] - ETA: 0s - loss: 2.0044 - accuracy: 0.2973
58/98 [================>.............] - ETA: 0s - loss: 1.9986 - accuracy: 0.3001
64/98 [==================>...........] - ETA: 0s - loss: 1.9977 - accuracy: 0.3007
70/98 [====================>.........] - ETA: 0s - loss: 1.9923 - accuracy: 0.3014
74/98 [=====================>........] - ETA: 0s - loss: 1.9922 - accuracy: 0.3009
80/98 [=======================>......] - ETA: 0s - loss: 1.9915 - accuracy: 0.3010
86/98 [=========================>....] - ETA: 0s - loss: 1.9892 - accuracy: 0.3014
92/98 [===========================>..] - ETA: 0s - loss: 1.9883 - accuracy: 0.3011
98/98 [==============================] - ETA: 0s - loss: 1.9861 - accuracy: 0.3015
98/98 [==============================] - 2s 17ms/step - loss: 1.9861 - accuracy: 0.3015 - val_loss: 1.8887 - val_accuracy: 0.3414
Epoch 6/219

 1/98 [..............................] - ETA: 3s - loss: 1.9590 - accuracy: 0.3145
 7/98 [=>............................] - ETA: 0s - loss: 1.9670 - accuracy: 0.3072
12/98 [==>...........................] - ETA: 0s - loss: 1.9744 - accuracy: 0.3086
18/98 [====>.........................] - ETA: 0s - loss: 1.9725 - accuracy: 0.3099
24/98 [======>.......................] - ETA: 0s - loss: 1.9656 - accuracy: 0.3140
29/98 [=======>......................] - ETA: 0s - loss: 1.9541 - accuracy: 0.3165
33/98 [=========>....................] - ETA: 0s - loss: 1.9537 - accuracy: 0.3148
39/98 [==========>...................] - ETA: 0s - loss: 1.9498 - accuracy: 0.3139
44/98 [============>.................] - ETA: 0s - loss: 1.9525 - accuracy: 0.3136
50/98 [==============>...............] - ETA: 0s - loss: 1.9467 - accuracy: 0.3159
55/98 [===============>..............] - ETA: 0s - loss: 1.9428 - accuracy: 0.3163
61/98 [=================>............] - ETA: 0s - loss: 1.9404 - accuracy: 0.3178
65/98 [==================>...........] - ETA: 0s - loss: 1.9414 - accuracy: 0.3176
71/98 [====================>.........] - ETA: 0s - loss: 1.9382 - accuracy: 0.3187
76/98 [======================>.......] - ETA: 0s - loss: 1.9381 - accuracy: 0.3190
82/98 [========================>.....] - ETA: 0s - loss: 1.9363 - accuracy: 0.3196
88/98 [=========================>....] - ETA: 0s - loss: 1.9351 - accuracy: 0.3197
93/98 [===========================>..] - ETA: 0s - loss: 1.9319 - accuracy: 0.3211
98/98 [==============================] - 2s 17ms/step - loss: 1.9304 - accuracy: 0.3216 - val_loss: 1.8109 - val_accuracy: 0.3643
Epoch 7/219

 1/98 [..............................] - ETA: 1s - loss: 1.9414 - accuracy: 0.3301
 6/98 [>.............................] - ETA: 1s - loss: 1.8725 - accuracy: 0.3392
11/98 [==>...........................] - ETA: 1s - loss: 1.8936 - accuracy: 0.3350
17/98 [====>.........................] - ETA: 0s - loss: 1.8961 - accuracy: 0.3326
23/98 [======>.......................] - ETA: 0s - loss: 1.8865 - accuracy: 0.3325
28/98 [=======>......................] - ETA: 0s - loss: 1.8979 - accuracy: 0.3286
34/98 [=========>....................] - ETA: 0s - loss: 1.9019 - accuracy: 0.3291
40/98 [===========>..................] - ETA: 0s - loss: 1.8976 - accuracy: 0.3305
45/98 [============>.................] - ETA: 0s - loss: 1.9011 - accuracy: 0.3307
50/98 [==============>...............] - ETA: 0s - loss: 1.8989 - accuracy: 0.3320
56/98 [================>.............] - ETA: 0s - loss: 1.8943 - accuracy: 0.3340
61/98 [=================>............] - ETA: 0s - loss: 1.8906 - accuracy: 0.3348
66/98 [===================>..........] - ETA: 0s - loss: 1.8910 - accuracy: 0.3349
72/98 [=====================>........] - ETA: 0s - loss: 1.8894 - accuracy: 0.3359
77/98 [======================>.......] - ETA: 0s - loss: 1.8896 - accuracy: 0.3359
82/98 [========================>.....] - ETA: 0s - loss: 1.8863 - accuracy: 0.3370
88/98 [=========================>....] - ETA: 0s - loss: 1.8831 - accuracy: 0.3371
93/98 [===========================>..] - ETA: 0s - loss: 1.8825 - accuracy: 0.3374
98/98 [==============================] - 2s 17ms/step - loss: 1.8820 - accuracy: 0.3374 - val_loss: 1.7525 - val_accuracy: 0.3795
Epoch 8/219

 1/98 [..............................] - ETA: 1s - loss: 1.8969 - accuracy: 0.3398
 5/98 [>.............................] - ETA: 1s - loss: 1.8794 - accuracy: 0.3422
10/98 [==>...........................] - ETA: 1s - loss: 1.8878 - accuracy: 0.3393
16/98 [===>..........................] - ETA: 0s - loss: 1.8723 - accuracy: 0.3422
22/98 [=====>........................] - ETA: 0s - loss: 1.8731 - accuracy: 0.3449
27/98 [=======>......................] - ETA: 0s - loss: 1.8615 - accuracy: 0.3464
32/98 [========>.....................] - ETA: 0s - loss: 1.8583 - accuracy: 0.3460
38/98 [==========>...................] - ETA: 0s - loss: 1.8552 - accuracy: 0.3489
44/98 [============>.................] - ETA: 0s - loss: 1.8510 - accuracy: 0.3512
49/98 [==============>...............] - ETA: 0s - loss: 1.8473 - accuracy: 0.3515
55/98 [===============>..............] - ETA: 0s - loss: 1.8484 - accuracy: 0.3498
60/98 [=================>............] - ETA: 0s - loss: 1.8481 - accuracy: 0.3501
66/98 [===================>..........] - ETA: 0s - loss: 1.8461 - accuracy: 0.3506
71/98 [====================>.........] - ETA: 0s - loss: 1.8453 - accuracy: 0.3508
77/98 [======================>.......] - ETA: 0s - loss: 1.8456 - accuracy: 0.3513
82/98 [========================>.....] - ETA: 0s - loss: 1.8461 - accuracy: 0.3507
88/98 [=========================>....] - ETA: 0s - loss: 1.8444 - accuracy: 0.3519
93/98 [===========================>..] - ETA: 0s - loss: 1.8434 - accuracy: 0.3522
98/98 [==============================] - ETA: 0s - loss: 1.8450 - accuracy: 0.3519
98/98 [==============================] - 2s 17ms/step - loss: 1.8450 - accuracy: 0.3519 - val_loss: 1.7106 - val_accuracy: 0.3904
Epoch 9/219

 1/98 [..............................] - ETA: 3s - loss: 1.7719 - accuracy: 0.3691
 6/98 [>.............................] - ETA: 1s - loss: 1.8403 - accuracy: 0.3577
12/98 [==>...........................] - ETA: 0s - loss: 1.8304 - accuracy: 0.3542
17/98 [====>.........................] - ETA: 0s - loss: 1.8324 - accuracy: 0.3563
23/98 [======>.......................] - ETA: 0s - loss: 1.8345 - accuracy: 0.3547
28/98 [=======>......................] - ETA: 0s - loss: 1.8289 - accuracy: 0.3561
34/98 [=========>....................] - ETA: 0s - loss: 1.8273 - accuracy: 0.3551
40/98 [===========>..................] - ETA: 0s - loss: 1.8305 - accuracy: 0.3545
45/98 [============>.................] - ETA: 0s - loss: 1.8295 - accuracy: 0.3539
50/98 [==============>...............] - ETA: 0s - loss: 1.8285 - accuracy: 0.3550
56/98 [================>.............] - ETA: 0s - loss: 1.8225 - accuracy: 0.3568
62/98 [=================>............] - ETA: 0s - loss: 1.8236 - accuracy: 0.3566
67/98 [===================>..........] - ETA: 0s - loss: 1.8201 - accuracy: 0.3579
72/98 [=====================>........] - ETA: 0s - loss: 1.8190 - accuracy: 0.3585
78/98 [======================>.......] - ETA: 0s - loss: 1.8197 - accuracy: 0.3583
84/98 [========================>.....] - ETA: 0s - loss: 1.8184 - accuracy: 0.3594
89/98 [==========================>...] - ETA: 0s - loss: 1.8155 - accuracy: 0.3605
95/98 [============================>.] - ETA: 0s - loss: 1.8162 - accuracy: 0.3600
98/98 [==============================] - 2s 17ms/step - loss: 1.8156 - accuracy: 0.3601 - val_loss: 1.6785 - val_accuracy: 0.4015
Epoch 10/219

 1/98 [..............................] - ETA: 3s - loss: 1.6972 - accuracy: 0.3848
 7/98 [=>............................] - ETA: 0s - loss: 1.7868 - accuracy: 0.3728
13/98 [==>...........................] - ETA: 0s - loss: 1.7908 - accuracy: 0.3675
19/98 [====>.........................] - ETA: 0s - loss: 1.7843 - accuracy: 0.3689
25/98 [======>.......................] - ETA: 0s - loss: 1.7856 - accuracy: 0.3688
31/98 [========>.....................] - ETA: 0s - loss: 1.7826 - accuracy: 0.3696
37/98 [==========>...................] - ETA: 0s - loss: 1.7798 - accuracy: 0.3689
43/98 [============>.................] - ETA: 0s - loss: 1.7807 - accuracy: 0.3689
49/98 [==============>...............] - ETA: 0s - loss: 1.7766 - accuracy: 0.3709
53/98 [===============>..............] - ETA: 0s - loss: 1.7790 - accuracy: 0.3705
59/98 [=================>............] - ETA: 0s - loss: 1.7825 - accuracy: 0.3688
65/98 [==================>...........] - ETA: 0s - loss: 1.7817 - accuracy: 0.3689
71/98 [====================>.........] - ETA: 0s - loss: 1.7809 - accuracy: 0.3696
76/98 [======================>.......] - ETA: 0s - loss: 1.7808 - accuracy: 0.3697
82/98 [========================>.....] - ETA: 0s - loss: 1.7823 - accuracy: 0.3693
87/98 [=========================>....] - ETA: 0s - loss: 1.7832 - accuracy: 0.3692
93/98 [===========================>..] - ETA: 0s - loss: 1.7837 - accuracy: 0.3697
98/98 [==============================] - ETA: 0s - loss: 1.7828 - accuracy: 0.3701
98/98 [==============================] - 2s 16ms/step - loss: 1.7828 - accuracy: 0.3701 - val_loss: 1.6522 - val_accuracy: 0.4106
Epoch 11/219

 1/98 [..............................] - ETA: 3s - loss: 1.7329 - accuracy: 0.3730
 6/98 [>.............................] - ETA: 1s - loss: 1.8034 - accuracy: 0.3714
12/98 [==>...........................] - ETA: 0s - loss: 1.7705 - accuracy: 0.3802
16/98 [===>..........................] - ETA: 0s - loss: 1.7706 - accuracy: 0.3781
22/98 [=====>........................] - ETA: 0s - loss: 1.7615 - accuracy: 0.3779
28/98 [=======>......................] - ETA: 0s - loss: 1.7586 - accuracy: 0.3784
34/98 [=========>....................] - ETA: 0s - loss: 1.7552 - accuracy: 0.3807
39/98 [==========>...................] - ETA: 0s - loss: 1.7536 - accuracy: 0.3814
45/98 [============>.................] - ETA: 0s - loss: 1.7521 - accuracy: 0.3808
51/98 [==============>...............] - ETA: 0s - loss: 1.7544 - accuracy: 0.3803
56/98 [================>.............] - ETA: 0s - loss: 1.7533 - accuracy: 0.3811
62/98 [=================>............] - ETA: 0s - loss: 1.7528 - accuracy: 0.3818
68/98 [===================>..........] - ETA: 0s - loss: 1.7507 - accuracy: 0.3835
73/98 [=====================>........] - ETA: 0s - loss: 1.7493 - accuracy: 0.3834
78/98 [======================>.......] - ETA: 0s - loss: 1.7527 - accuracy: 0.3818
84/98 [========================>.....] - ETA: 0s - loss: 1.7537 - accuracy: 0.3826
89/98 [==========================>...] - ETA: 0s - loss: 1.7547 - accuracy: 0.3825
94/98 [===========================>..] - ETA: 0s - loss: 1.7542 - accuracy: 0.3828
98/98 [==============================] - 2s 17ms/step - loss: 1.7545 - accuracy: 0.3827 - val_loss: 1.6294 - val_accuracy: 0.4202
Epoch 12/219

 1/98 [..............................] - ETA: 1s - loss: 1.6925 - accuracy: 0.4180
 6/98 [>.............................] - ETA: 1s - loss: 1.7586 - accuracy: 0.3812
12/98 [==>...........................] - ETA: 0s - loss: 1.7624 - accuracy: 0.3835
17/98 [====>.........................] - ETA: 0s - loss: 1.7636 - accuracy: 0.3822
23/98 [======>.......................] - ETA: 0s - loss: 1.7676 - accuracy: 0.3793
29/98 [=======>......................] - ETA: 0s - loss: 1.7581 - accuracy: 0.3818
34/98 [=========>....................] - ETA: 0s - loss: 1.7486 - accuracy: 0.3846
40/98 [===========>..................] - ETA: 0s - loss: 1.7459 - accuracy: 0.3861
46/98 [=============>................] - ETA: 0s - loss: 1.7433 - accuracy: 0.3872
52/98 [==============>...............] - ETA: 0s - loss: 1.7403 - accuracy: 0.3878
57/98 [================>.............] - ETA: 0s - loss: 1.7425 - accuracy: 0.3869
62/98 [=================>............] - ETA: 0s - loss: 1.7422 - accuracy: 0.3871
67/98 [===================>..........] - ETA: 0s - loss: 1.7398 - accuracy: 0.3885
73/98 [=====================>........] - ETA: 0s - loss: 1.7395 - accuracy: 0.3892
78/98 [======================>.......] - ETA: 0s - loss: 1.7379 - accuracy: 0.3899
83/98 [========================>.....] - ETA: 0s - loss: 1.7345 - accuracy: 0.3903
88/98 [=========================>....] - ETA: 0s - loss: 1.7341 - accuracy: 0.3898
94/98 [===========================>..] - ETA: 0s - loss: 1.7315 - accuracy: 0.3904
98/98 [==============================] - 2s 17ms/step - loss: 1.7317 - accuracy: 0.3902 - val_loss: 1.6080 - val_accuracy: 0.4271
Epoch 13/219

 1/98 [..............................] - ETA: 3s - loss: 1.7393 - accuracy: 0.3887
 6/98 [>.............................] - ETA: 1s - loss: 1.7117 - accuracy: 0.4001
11/98 [==>...........................] - ETA: 1s - loss: 1.7128 - accuracy: 0.3951
17/98 [====>.........................] - ETA: 0s - loss: 1.7149 - accuracy: 0.3961
22/98 [=====>........................] - ETA: 0s - loss: 1.7200 - accuracy: 0.3964
28/98 [=======>......................] - ETA: 0s - loss: 1.7216 - accuracy: 0.3961
34/98 [=========>....................] - ETA: 0s - loss: 1.7215 - accuracy: 0.3965
39/98 [==========>...................] - ETA: 0s - loss: 1.7201 - accuracy: 0.3955
44/98 [============>.................] - ETA: 0s - loss: 1.7195 - accuracy: 0.3964
49/98 [==============>...............] - ETA: 0s - loss: 1.7145 - accuracy: 0.3971
54/98 [===============>..............] - ETA: 0s - loss: 1.7141 - accuracy: 0.3967
60/98 [=================>............] - ETA: 0s - loss: 1.7136 - accuracy: 0.3977
66/98 [===================>..........] - ETA: 0s - loss: 1.7100 - accuracy: 0.3990
71/98 [====================>.........] - ETA: 0s - loss: 1.7103 - accuracy: 0.3984
77/98 [======================>.......] - ETA: 0s - loss: 1.7086 - accuracy: 0.3992
83/98 [========================>.....] - ETA: 0s - loss: 1.7078 - accuracy: 0.3993
88/98 [=========================>....] - ETA: 0s - loss: 1.7079 - accuracy: 0.3997
94/98 [===========================>..] - ETA: 0s - loss: 1.7079 - accuracy: 0.4000
98/98 [==============================] - 2s 17ms/step - loss: 1.7060 - accuracy: 0.4005 - val_loss: 1.5890 - val_accuracy: 0.4359
Epoch 14/219

 1/98 [..............................] - ETA: 3s - loss: 1.7064 - accuracy: 0.3887
 6/98 [>.............................] - ETA: 1s - loss: 1.6706 - accuracy: 0.4105
12/98 [==>...........................] - ETA: 0s - loss: 1.6700 - accuracy: 0.4041
18/98 [====>.........................] - ETA: 0s - loss: 1.6783 - accuracy: 0.4047
23/98 [======>.......................] - ETA: 0s - loss: 1.6866 - accuracy: 0.4035
29/98 [=======>......................] - ETA: 0s - loss: 1.6803 - accuracy: 0.4058
35/98 [=========>....................] - ETA: 0s - loss: 1.6790 - accuracy: 0.4062
41/98 [===========>..................] - ETA: 0s - loss: 1.6827 - accuracy: 0.4046
46/98 [=============>................] - ETA: 0s - loss: 1.6850 - accuracy: 0.4041
52/98 [==============>...............] - ETA: 0s - loss: 1.6925 - accuracy: 0.4020
58/98 [================>.............] - ETA: 0s - loss: 1.6888 - accuracy: 0.4038
64/98 [==================>...........] - ETA: 0s - loss: 1.6872 - accuracy: 0.4045
69/98 [====================>.........] - ETA: 0s - loss: 1.6851 - accuracy: 0.4054
74/98 [=====================>........] - ETA: 0s - loss: 1.6851 - accuracy: 0.4054
80/98 [=======================>......] - ETA: 0s - loss: 1.6849 - accuracy: 0.4056
85/98 [=========================>....] - ETA: 0s - loss: 1.6850 - accuracy: 0.4061
90/98 [==========================>...] - ETA: 0s - loss: 1.6845 - accuracy: 0.4067
96/98 [============================>.] - ETA: 0s - loss: 1.6839 - accuracy: 0.4075
98/98 [==============================] - 2s 17ms/step - loss: 1.6839 - accuracy: 0.4077 - val_loss: 1.5709 - val_accuracy: 0.4426
Epoch 15/219

 1/98 [..............................] - ETA: 3s - loss: 1.6778 - accuracy: 0.4258
 6/98 [>.............................] - ETA: 1s - loss: 1.6692 - accuracy: 0.4124
13/98 [==>...........................] - ETA: 0s - loss: 1.6767 - accuracy: 0.4109
18/98 [====>.........................] - ETA: 0s - loss: 1.6811 - accuracy: 0.4098
23/98 [======>.......................] - ETA: 0s - loss: 1.6846 - accuracy: 0.4072
29/98 [=======>......................] - ETA: 0s - loss: 1.6774 - accuracy: 0.4124
34/98 [=========>....................] - ETA: 0s - loss: 1.6714 - accuracy: 0.4126
40/98 [===========>..................] - ETA: 0s - loss: 1.6758 - accuracy: 0.4114
45/98 [============>.................] - ETA: 0s - loss: 1.6728 - accuracy: 0.4112
50/98 [==============>...............] - ETA: 0s - loss: 1.6756 - accuracy: 0.4109
56/98 [================>.............] - ETA: 0s - loss: 1.6781 - accuracy: 0.4111
62/98 [=================>............] - ETA: 0s - loss: 1.6767 - accuracy: 0.4125
67/98 [===================>..........] - ETA: 0s - loss: 1.6744 - accuracy: 0.4136
72/98 [=====================>........] - ETA: 0s - loss: 1.6725 - accuracy: 0.4146
78/98 [======================>.......] - ETA: 0s - loss: 1.6698 - accuracy: 0.4150
83/98 [========================>.....] - ETA: 0s - loss: 1.6681 - accuracy: 0.4149
89/98 [==========================>...] - ETA: 0s - loss: 1.6673 - accuracy: 0.4149
95/98 [============================>.] - ETA: 0s - loss: 1.6686 - accuracy: 0.4140
98/98 [==============================] - 2s 17ms/step - loss: 1.6681 - accuracy: 0.4140 - val_loss: 1.5546 - val_accuracy: 0.4494
Epoch 16/219

 1/98 [..............................] - ETA: 3s - loss: 1.6561 - accuracy: 0.4160
 6/98 [>.............................] - ETA: 1s - loss: 1.6427 - accuracy: 0.4144
12/98 [==>...........................] - ETA: 0s - loss: 1.6486 - accuracy: 0.4214
18/98 [====>.........................] - ETA: 0s - loss: 1.6505 - accuracy: 0.4208
23/98 [======>.......................] - ETA: 0s - loss: 1.6513 - accuracy: 0.4186
28/98 [=======>......................] - ETA: 0s - loss: 1.6602 - accuracy: 0.4155
32/98 [========>.....................] - ETA: 0s - loss: 1.6584 - accuracy: 0.4153
38/98 [==========>...................] - ETA: 0s - loss: 1.6527 - accuracy: 0.4188
43/98 [============>.................] - ETA: 0s - loss: 1.6564 - accuracy: 0.4169
49/98 [==============>...............] - ETA: 0s - loss: 1.6573 - accuracy: 0.4166
54/98 [===============>..............] - ETA: 0s - loss: 1.6568 - accuracy: 0.4163
59/98 [=================>............] - ETA: 0s - loss: 1.6559 - accuracy: 0.4162
65/98 [==================>...........] - ETA: 0s - loss: 1.6549 - accuracy: 0.4162
71/98 [====================>.........] - ETA: 0s - loss: 1.6530 - accuracy: 0.4163
76/98 [======================>.......] - ETA: 0s - loss: 1.6543 - accuracy: 0.4165
82/98 [========================>.....] - ETA: 0s - loss: 1.6539 - accuracy: 0.4168
88/98 [=========================>....] - ETA: 0s - loss: 1.6518 - accuracy: 0.4173
94/98 [===========================>..] - ETA: 0s - loss: 1.6485 - accuracy: 0.4189
98/98 [==============================] - 2s 18ms/step - loss: 1.6498 - accuracy: 0.4182 - val_loss: 1.5391 - val_accuracy: 0.4550
Epoch 17/219

 1/98 [..............................] - ETA: 3s - loss: 1.5765 - accuracy: 0.4453
 5/98 [>.............................] - ETA: 1s - loss: 1.6586 - accuracy: 0.4180
11/98 [==>...........................] - ETA: 1s - loss: 1.6351 - accuracy: 0.4238
17/98 [====>.........................] - ETA: 0s - loss: 1.6454 - accuracy: 0.4251
23/98 [======>.......................] - ETA: 0s - loss: 1.6412 - accuracy: 0.4247
28/98 [=======>......................] - ETA: 0s - loss: 1.6447 - accuracy: 0.4206
34/98 [=========>....................] - ETA: 0s - loss: 1.6413 - accuracy: 0.4204
40/98 [===========>..................] - ETA: 0s - loss: 1.6376 - accuracy: 0.4217
45/98 [============>.................] - ETA: 0s - loss: 1.6338 - accuracy: 0.4220
51/98 [==============>...............] - ETA: 0s - loss: 1.6307 - accuracy: 0.4237
57/98 [================>.............] - ETA: 0s - loss: 1.6272 - accuracy: 0.4244
62/98 [=================>............] - ETA: 0s - loss: 1.6272 - accuracy: 0.4240
68/98 [===================>..........] - ETA: 0s - loss: 1.6255 - accuracy: 0.4243
74/98 [=====================>........] - ETA: 0s - loss: 1.6256 - accuracy: 0.4237
79/98 [=======================>......] - ETA: 0s - loss: 1.6254 - accuracy: 0.4236
85/98 [=========================>....] - ETA: 0s - loss: 1.6255 - accuracy: 0.4249
91/98 [==========================>...] - ETA: 0s - loss: 1.6230 - accuracy: 0.4247
96/98 [============================>.] - ETA: 0s - loss: 1.6255 - accuracy: 0.4242
98/98 [==============================] - 2s 17ms/step - loss: 1.6264 - accuracy: 0.4241 - val_loss: 1.5241 - val_accuracy: 0.4615
Epoch 18/219

 1/98 [..............................] - ETA: 3s - loss: 1.5689 - accuracy: 0.4414
 6/98 [>.............................] - ETA: 1s - loss: 1.6040 - accuracy: 0.4443
12/98 [==>...........................] - ETA: 0s - loss: 1.6043 - accuracy: 0.4442
18/98 [====>.........................] - ETA: 0s - loss: 1.6111 - accuracy: 0.4377
23/98 [======>.......................] - ETA: 0s - loss: 1.6174 - accuracy: 0.4339
28/98 [=======>......................] - ETA: 0s - loss: 1.6143 - accuracy: 0.4355
34/98 [=========>....................] - ETA: 0s - loss: 1.6162 - accuracy: 0.4348
39/98 [==========>...................] - ETA: 0s - loss: 1.6149 - accuracy: 0.4353
44/98 [============>.................] - ETA: 0s - loss: 1.6146 - accuracy: 0.4358
49/98 [==============>...............] - ETA: 0s - loss: 1.6153 - accuracy: 0.4353
55/98 [===============>..............] - ETA: 0s - loss: 1.6132 - accuracy: 0.4348
61/98 [=================>............] - ETA: 0s - loss: 1.6127 - accuracy: 0.4349
66/98 [===================>..........] - ETA: 0s - loss: 1.6162 - accuracy: 0.4325
71/98 [====================>.........] - ETA: 0s - loss: 1.6117 - accuracy: 0.4332
77/98 [======================>.......] - ETA: 0s - loss: 1.6113 - accuracy: 0.4338
82/98 [========================>.....] - ETA: 0s - loss: 1.6110 - accuracy: 0.4337
87/98 [=========================>....] - ETA: 0s - loss: 1.6103 - accuracy: 0.4337
93/98 [===========================>..] - ETA: 0s - loss: 1.6112 - accuracy: 0.4331
98/98 [==============================] - 2s 17ms/step - loss: 1.6105 - accuracy: 0.4336 - val_loss: 1.5103 - val_accuracy: 0.4674
Epoch 19/219

 1/98 [..............................] - ETA: 1s - loss: 1.5286 - accuracy: 0.4551
 6/98 [>.............................] - ETA: 1s - loss: 1.5851 - accuracy: 0.4336
12/98 [==>...........................] - ETA: 0s - loss: 1.5930 - accuracy: 0.4386
17/98 [====>.........................] - ETA: 0s - loss: 1.5973 - accuracy: 0.4393
22/98 [=====>........................] - ETA: 0s - loss: 1.5983 - accuracy: 0.4394
27/98 [=======>......................] - ETA: 0s - loss: 1.5982 - accuracy: 0.4401
33/98 [=========>....................] - ETA: 0s - loss: 1.5945 - accuracy: 0.4400
39/98 [==========>...................] - ETA: 0s - loss: 1.5954 - accuracy: 0.4393
44/98 [============>.................] - ETA: 0s - loss: 1.5958 - accuracy: 0.4384
49/98 [==============>...............] - ETA: 0s - loss: 1.5939 - accuracy: 0.4379
55/98 [===============>..............] - ETA: 0s - loss: 1.5952 - accuracy: 0.4369
61/98 [=================>............] - ETA: 0s - loss: 1.5955 - accuracy: 0.4376
67/98 [===================>..........] - ETA: 0s - loss: 1.5960 - accuracy: 0.4371
73/98 [=====================>........] - ETA: 0s - loss: 1.5933 - accuracy: 0.4384
78/98 [======================>.......] - ETA: 0s - loss: 1.5941 - accuracy: 0.4380
83/98 [========================>.....] - ETA: 0s - loss: 1.5944 - accuracy: 0.4380
89/98 [==========================>...] - ETA: 0s - loss: 1.5948 - accuracy: 0.4387
95/98 [============================>.] - ETA: 0s - loss: 1.5954 - accuracy: 0.4386
98/98 [==============================] - 2s 17ms/step - loss: 1.5951 - accuracy: 0.4388 - val_loss: 1.4962 - val_accuracy: 0.4728
Epoch 20/219

 1/98 [..............................] - ETA: 3s - loss: 1.5969 - accuracy: 0.4570
 7/98 [=>............................] - ETA: 0s - loss: 1.5930 - accuracy: 0.4431
12/98 [==>...........................] - ETA: 0s - loss: 1.5844 - accuracy: 0.4406
18/98 [====>.........................] - ETA: 0s - loss: 1.5758 - accuracy: 0.4376
24/98 [======>.......................] - ETA: 0s - loss: 1.5773 - accuracy: 0.4373
30/98 [========>.....................] - ETA: 0s - loss: 1.5797 - accuracy: 0.4377
35/98 [=========>....................] - ETA: 0s - loss: 1.5780 - accuracy: 0.4418
41/98 [===========>..................] - ETA: 0s - loss: 1.5795 - accuracy: 0.4418
47/98 [=============>................] - ETA: 0s - loss: 1.5785 - accuracy: 0.4408
51/98 [==============>...............] - ETA: 0s - loss: 1.5781 - accuracy: 0.4408
57/98 [================>.............] - ETA: 0s - loss: 1.5804 - accuracy: 0.4401
62/98 [=================>............] - ETA: 0s - loss: 1.5800 - accuracy: 0.4415
68/98 [===================>..........] - ETA: 0s - loss: 1.5789 - accuracy: 0.4425
73/98 [=====================>........] - ETA: 0s - loss: 1.5793 - accuracy: 0.4413
79/98 [=======================>......] - ETA: 0s - loss: 1.5797 - accuracy: 0.4413
85/98 [=========================>....] - ETA: 0s - loss: 1.5768 - accuracy: 0.4417
90/98 [==========================>...] - ETA: 0s - loss: 1.5773 - accuracy: 0.4420
95/98 [============================>.] - ETA: 0s - loss: 1.5763 - accuracy: 0.4424
98/98 [==============================] - 2s 17ms/step - loss: 1.5768 - accuracy: 0.4428 - val_loss: 1.4831 - val_accuracy: 0.4771
Epoch 21/219

 1/98 [..............................] - ETA: 3s - loss: 1.5896 - accuracy: 0.4785
 6/98 [>.............................] - ETA: 1s - loss: 1.5809 - accuracy: 0.4499
12/98 [==>...........................] - ETA: 0s - loss: 1.5836 - accuracy: 0.4474
18/98 [====>.........................] - ETA: 0s - loss: 1.5859 - accuracy: 0.4436
23/98 [======>.......................] - ETA: 0s - loss: 1.5798 - accuracy: 0.4461
29/98 [=======>......................] - ETA: 0s - loss: 1.5772 - accuracy: 0.4453
34/98 [=========>....................] - ETA: 0s - loss: 1.5767 - accuracy: 0.4455
39/98 [==========>...................] - ETA: 0s - loss: 1.5796 - accuracy: 0.4454
45/98 [============>.................] - ETA: 0s - loss: 1.5749 - accuracy: 0.4466
50/98 [==============>...............] - ETA: 0s - loss: 1.5746 - accuracy: 0.4453
56/98 [================>.............] - ETA: 0s - loss: 1.5712 - accuracy: 0.4467
61/98 [=================>............] - ETA: 0s - loss: 1.5699 - accuracy: 0.4483
67/98 [===================>..........] - ETA: 0s - loss: 1.5698 - accuracy: 0.4479
73/98 [=====================>........] - ETA: 0s - loss: 1.5663 - accuracy: 0.4495
78/98 [======================>.......] - ETA: 0s - loss: 1.5666 - accuracy: 0.4499
84/98 [========================>.....] - ETA: 0s - loss: 1.5647 - accuracy: 0.4506
89/98 [==========================>...] - ETA: 0s - loss: 1.5650 - accuracy: 0.4504
94/98 [===========================>..] - ETA: 0s - loss: 1.5666 - accuracy: 0.4494
98/98 [==============================] - 2s 17ms/step - loss: 1.5650 - accuracy: 0.4502 - val_loss: 1.4711 - val_accuracy: 0.4825
Epoch 22/219

 1/98 [..............................] - ETA: 3s - loss: 1.6241 - accuracy: 0.4336
 7/98 [=>............................] - ETA: 0s - loss: 1.5610 - accuracy: 0.4501
13/98 [==>...........................] - ETA: 0s - loss: 1.5597 - accuracy: 0.4515
18/98 [====>.........................] - ETA: 0s - loss: 1.5542 - accuracy: 0.4538
24/98 [======>.......................] - ETA: 0s - loss: 1.5538 - accuracy: 0.4550
30/98 [========>.....................] - ETA: 0s - loss: 1.5567 - accuracy: 0.4527
35/98 [=========>....................] - ETA: 0s - loss: 1.5556 - accuracy: 0.4535
41/98 [===========>..................] - ETA: 0s - loss: 1.5520 - accuracy: 0.4544
46/98 [=============>................] - ETA: 0s - loss: 1.5563 - accuracy: 0.4524
51/98 [==============>...............] - ETA: 0s - loss: 1.5543 - accuracy: 0.4533
57/98 [================>.............] - ETA: 0s - loss: 1.5533 - accuracy: 0.4539
62/98 [=================>............] - ETA: 0s - loss: 1.5519 - accuracy: 0.4553
68/98 [===================>..........] - ETA: 0s - loss: 1.5502 - accuracy: 0.4549
73/98 [=====================>........] - ETA: 0s - loss: 1.5520 - accuracy: 0.4544
79/98 [=======================>......] - ETA: 0s - loss: 1.5534 - accuracy: 0.4540
85/98 [=========================>....] - ETA: 0s - loss: 1.5526 - accuracy: 0.4537
90/98 [==========================>...] - ETA: 0s - loss: 1.5491 - accuracy: 0.4549
96/98 [============================>.] - ETA: 0s - loss: 1.5500 - accuracy: 0.4546
98/98 [==============================] - 2s 17ms/step - loss: 1.5513 - accuracy: 0.4545 - val_loss: 1.4579 - val_accuracy: 0.4897
Epoch 23/219

 1/98 [..............................] - ETA: 1s - loss: 1.5858 - accuracy: 0.4395
 6/98 [>.............................] - ETA: 1s - loss: 1.5804 - accuracy: 0.4411
11/98 [==>...........................] - ETA: 1s - loss: 1.5592 - accuracy: 0.4538
17/98 [====>.........................] - ETA: 0s - loss: 1.5409 - accuracy: 0.4602
22/98 [=====>........................] - ETA: 0s - loss: 1.5413 - accuracy: 0.4628
28/98 [=======>......................] - ETA: 0s - loss: 1.5371 - accuracy: 0.4622
33/98 [=========>....................] - ETA: 0s - loss: 1.5390 - accuracy: 0.4606
39/98 [==========>...................] - ETA: 0s - loss: 1.5342 - accuracy: 0.4635
44/98 [============>.................] - ETA: 0s - loss: 1.5353 - accuracy: 0.4631
50/98 [==============>...............] - ETA: 0s - loss: 1.5360 - accuracy: 0.4613
55/98 [===============>..............] - ETA: 0s - loss: 1.5342 - accuracy: 0.4615
61/98 [=================>............] - ETA: 0s - loss: 1.5373 - accuracy: 0.4603
66/98 [===================>..........] - ETA: 0s - loss: 1.5382 - accuracy: 0.4605
