2024-06-21 16:30:26.205060: I tensorflow/core/platform/cpu_feature_guard.cc:193] This TensorFlow binary is optimized with oneAPI Deep Neural Network Library (oneDNN) to use the following CPU instructions in performance-critical operations:  AVX AVX2
To enable them in other operations, rebuild TensorFlow with the appropriate compiler flags.
2024-06-21 16:30:26.783391: I tensorflow/core/common_runtime/gpu/gpu_device.cc:1616] Created device /job:localhost/replica:0/task:0/device:GPU:0 with 6144 MB memory:  -> device: 0, name: NVIDIA GeForce RTX 4060 Ti, pci bus id: 0000:01:00.0, compute capability: 8.9
1 Physical GPUs, 1 Logical GPUs
Model: "sequential"
_________________________________________________________________
 Layer (type)                Output Shape              Param #   
=================================================================
 conv2d (Conv2D)             (None, 32, 32, 32)        896       
                                                                 
 max_pooling2d (MaxPooling2D  (None, 16, 16, 32)       0         
 )                                                               
                                                                 
 conv2d_1 (Conv2D)           (None, 16, 16, 32)        82976     
                                                                 
 max_pooling2d_1 (MaxPooling  (None, 8, 8, 32)         0         
 2D)                                                             
                                                                 
 conv2d_2 (Conv2D)           (None, 8, 8, 256)         73984     
                                                                 
 batch_normalization (BatchN  (None, 8, 8, 256)        1024      
 ormalization)                                                   
                                                                 
 dropout (Dropout)           (None, 8, 8, 256)         0         
                                                                 
 flatten (Flatten)           (None, 16384)             0         
                                                                 
 dense (Dense)               (None, 10)                163850    
                                                                 
=================================================================
Total params: 322,730
Trainable params: 322,218
Non-trainable params: 512
_________________________________________________________________
Taxa de aprendizado:  1e-05 Num de épocas:  272 Tamanho do lote:  512 Dropout:  0.39
Epoch 1/272
2024-06-21 16:30:28.212715: I tensorflow/stream_executor/cuda/cuda_dnn.cc:384] Loaded cuDNN version 8100
2024-06-21 16:30:29.163622: W tensorflow/stream_executor/gpu/redzone_allocator.cc:314] INTERNAL: ptxas exited with non-zero error code -1, output: 
Relying on driver to perform ptx compilation. 
Modify $PATH to customize ptxas location.
This message will be only logged once.
2024-06-21 16:30:30.205068: I tensorflow/stream_executor/cuda/cuda_blas.cc:1614] TensorFloat-32 will be used for the matrix multiplication. This will only be logged once.

 1/98 [..............................] - ETA: 6:07 - loss: 2.6367 - accuracy: 0.1055
 3/98 [..............................] - ETA: 2s - loss: 2.5948 - accuracy: 0.1133  
 5/98 [>.............................] - ETA: 3s - loss: 2.5638 - accuracy: 0.1109
 7/98 [=>............................] - ETA: 3s - loss: 2.5467 - accuracy: 0.1150
 9/98 [=>............................] - ETA: 3s - loss: 2.5320 - accuracy: 0.1165
11/98 [==>...........................] - ETA: 2s - loss: 2.5155 - accuracy: 0.1156
13/98 [==>...........................] - ETA: 2s - loss: 2.4963 - accuracy: 0.1185
15/98 [===>..........................] - ETA: 2s - loss: 2.4808 - accuracy: 0.1219
17/98 [====>.........................] - ETA: 2s - loss: 2.4675 - accuracy: 0.1229
19/98 [====>.........................] - ETA: 2s - loss: 2.4608 - accuracy: 0.1220
21/98 [=====>........................] - ETA: 2s - loss: 2.4512 - accuracy: 0.1225
23/98 [======>.......................] - ETA: 2s - loss: 2.4401 - accuracy: 0.1259
25/98 [======>.......................] - ETA: 2s - loss: 2.4313 - accuracy: 0.1277
27/98 [=======>......................] - ETA: 2s - loss: 2.4249 - accuracy: 0.1291
29/98 [=======>......................] - ETA: 2s - loss: 2.4160 - accuracy: 0.1308
31/98 [========>.....................] - ETA: 2s - loss: 2.4103 - accuracy: 0.1324
33/98 [=========>....................] - ETA: 2s - loss: 2.4045 - accuracy: 0.1341
35/98 [=========>....................] - ETA: 2s - loss: 2.3946 - accuracy: 0.1360
37/98 [==========>...................] - ETA: 2s - loss: 2.3874 - accuracy: 0.1383
39/98 [==========>...................] - ETA: 2s - loss: 2.3822 - accuracy: 0.1388
41/98 [===========>..................] - ETA: 1s - loss: 2.3755 - accuracy: 0.1413
43/98 [============>.................] - ETA: 1s - loss: 2.3698 - accuracy: 0.1431
45/98 [============>.................] - ETA: 1s - loss: 2.3649 - accuracy: 0.1445
47/98 [=============>................] - ETA: 1s - loss: 2.3579 - accuracy: 0.1464
49/98 [==============>...............] - ETA: 1s - loss: 2.3516 - accuracy: 0.1478
51/98 [==============>...............] - ETA: 1s - loss: 2.3456 - accuracy: 0.1500
53/98 [===============>..............] - ETA: 1s - loss: 2.3408 - accuracy: 0.1511
55/98 [===============>..............] - ETA: 1s - loss: 2.3362 - accuracy: 0.1527
57/98 [================>.............] - ETA: 1s - loss: 2.3308 - accuracy: 0.1549
59/98 [=================>............] - ETA: 1s - loss: 2.3263 - accuracy: 0.1564
61/98 [=================>............] - ETA: 1s - loss: 2.3218 - accuracy: 0.1585
63/98 [==================>...........] - ETA: 1s - loss: 2.3162 - accuracy: 0.1606
65/98 [==================>...........] - ETA: 1s - loss: 2.3111 - accuracy: 0.1629
67/98 [===================>..........] - ETA: 1s - loss: 2.3069 - accuracy: 0.1645
69/98 [====================>.........] - ETA: 1s - loss: 2.3013 - accuracy: 0.1667
71/98 [====================>.........] - ETA: 0s - loss: 2.2970 - accuracy: 0.1684
73/98 [=====================>........] - ETA: 0s - loss: 2.2921 - accuracy: 0.1702
75/98 [=====================>........] - ETA: 0s - loss: 2.2879 - accuracy: 0.1716
77/98 [======================>.......] - ETA: 0s - loss: 2.2849 - accuracy: 0.1726
79/98 [=======================>......] - ETA: 0s - loss: 2.2806 - accuracy: 0.1737
81/98 [=======================>......] - ETA: 0s - loss: 2.2775 - accuracy: 0.1749
83/98 [========================>.....] - ETA: 0s - loss: 2.2739 - accuracy: 0.1760
85/98 [=========================>....] - ETA: 0s - loss: 2.2701 - accuracy: 0.1774
87/98 [=========================>....] - ETA: 0s - loss: 2.2664 - accuracy: 0.1789
89/98 [==========================>...] - ETA: 0s - loss: 2.2627 - accuracy: 0.1799
91/98 [==========================>...] - ETA: 0s - loss: 2.2591 - accuracy: 0.1811
93/98 [===========================>..] - ETA: 0s - loss: 2.2545 - accuracy: 0.1831
95/98 [============================>.] - ETA: 0s - loss: 2.2511 - accuracy: 0.1842
97/98 [============================>.] - ETA: 0s - loss: 2.2476 - accuracy: 0.1851
98/98 [==============================] - 9s 49ms/step - loss: 2.2457 - accuracy: 0.1860 - val_loss: 2.2721 - val_accuracy: 0.2445
Epoch 2/272

 1/98 [..............................] - ETA: 4s - loss: 2.1041 - accuracy: 0.2246
 3/98 [..............................] - ETA: 3s - loss: 2.0848 - accuracy: 0.2363
 5/98 [>.............................] - ETA: 3s - loss: 2.0693 - accuracy: 0.2422
 7/98 [=>............................] - ETA: 3s - loss: 2.0664 - accuracy: 0.2497
 9/98 [=>............................] - ETA: 3s - loss: 2.0626 - accuracy: 0.2515
11/98 [==>...........................] - ETA: 2s - loss: 2.0524 - accuracy: 0.2619
13/98 [==>...........................] - ETA: 2s - loss: 2.0512 - accuracy: 0.2640
15/98 [===>..........................] - ETA: 2s - loss: 2.0510 - accuracy: 0.2646
17/98 [====>.........................] - ETA: 2s - loss: 2.0527 - accuracy: 0.2640
19/98 [====>.........................] - ETA: 2s - loss: 2.0491 - accuracy: 0.2672
21/98 [=====>........................] - ETA: 2s - loss: 2.0505 - accuracy: 0.2659
23/98 [======>.......................] - ETA: 2s - loss: 2.0467 - accuracy: 0.2666
25/98 [======>.......................] - ETA: 2s - loss: 2.0426 - accuracy: 0.2677
27/98 [=======>......................] - ETA: 2s - loss: 2.0406 - accuracy: 0.2674
29/98 [=======>......................] - ETA: 2s - loss: 2.0391 - accuracy: 0.2682
31/98 [========>.....................] - ETA: 2s - loss: 2.0383 - accuracy: 0.2688
33/98 [=========>....................] - ETA: 2s - loss: 2.0381 - accuracy: 0.2676
35/98 [=========>....................] - ETA: 2s - loss: 2.0360 - accuracy: 0.2674
37/98 [==========>...................] - ETA: 2s - loss: 2.0351 - accuracy: 0.2672
39/98 [==========>...................] - ETA: 2s - loss: 2.0337 - accuracy: 0.2674
41/98 [===========>..................] - ETA: 1s - loss: 2.0305 - accuracy: 0.2686
43/98 [============>.................] - ETA: 1s - loss: 2.0285 - accuracy: 0.2691
45/98 [============>.................] - ETA: 1s - loss: 2.0272 - accuracy: 0.2703
47/98 [=============>................] - ETA: 1s - loss: 2.0258 - accuracy: 0.2710
49/98 [==============>...............] - ETA: 1s - loss: 2.0225 - accuracy: 0.2726
51/98 [==============>...............] - ETA: 1s - loss: 2.0198 - accuracy: 0.2736
53/98 [===============>..............] - ETA: 1s - loss: 2.0169 - accuracy: 0.2752
55/98 [===============>..............] - ETA: 1s - loss: 2.0148 - accuracy: 0.2759
57/98 [================>.............] - ETA: 1s - loss: 2.0133 - accuracy: 0.2766
59/98 [=================>............] - ETA: 1s - loss: 2.0112 - accuracy: 0.2771
61/98 [=================>............] - ETA: 1s - loss: 2.0079 - accuracy: 0.2787
63/98 [==================>...........] - ETA: 1s - loss: 2.0059 - accuracy: 0.2792
65/98 [==================>...........] - ETA: 1s - loss: 2.0035 - accuracy: 0.2802
67/98 [===================>..........] - ETA: 1s - loss: 2.0015 - accuracy: 0.2811
69/98 [====================>.........] - ETA: 0s - loss: 1.9991 - accuracy: 0.2821
71/98 [====================>.........] - ETA: 0s - loss: 1.9980 - accuracy: 0.2818
73/98 [=====================>........] - ETA: 0s - loss: 1.9967 - accuracy: 0.2822
75/98 [=====================>........] - ETA: 0s - loss: 1.9942 - accuracy: 0.2830
77/98 [======================>.......] - ETA: 0s - loss: 1.9935 - accuracy: 0.2830
79/98 [=======================>......] - ETA: 0s - loss: 1.9910 - accuracy: 0.2839
81/98 [=======================>......] - ETA: 0s - loss: 1.9892 - accuracy: 0.2846
83/98 [========================>.....] - ETA: 0s - loss: 1.9880 - accuracy: 0.2853
85/98 [=========================>....] - ETA: 0s - loss: 1.9869 - accuracy: 0.2856
87/98 [=========================>....] - ETA: 0s - loss: 1.9841 - accuracy: 0.2865
89/98 [==========================>...] - ETA: 0s - loss: 1.9820 - accuracy: 0.2871
91/98 [==========================>...] - ETA: 0s - loss: 1.9804 - accuracy: 0.2873
93/98 [===========================>..] - ETA: 0s - loss: 1.9774 - accuracy: 0.2887
95/98 [============================>.] - ETA: 0s - loss: 1.9755 - accuracy: 0.2891
97/98 [============================>.] - ETA: 0s - loss: 1.9729 - accuracy: 0.2898
98/98 [==============================] - 4s 42ms/step - loss: 1.9721 - accuracy: 0.2900 - val_loss: 2.2199 - val_accuracy: 0.3683
Epoch 3/272

 1/98 [..............................] - ETA: 4s - loss: 1.9350 - accuracy: 0.2988
 3/98 [..............................] - ETA: 3s - loss: 1.8859 - accuracy: 0.3125
 5/98 [>.............................] - ETA: 3s - loss: 1.8725 - accuracy: 0.3223
 7/98 [=>............................] - ETA: 3s - loss: 1.8746 - accuracy: 0.3186
 9/98 [=>............................] - ETA: 3s - loss: 1.8688 - accuracy: 0.3225
11/98 [==>...........................] - ETA: 2s - loss: 1.8775 - accuracy: 0.3217
13/98 [==>...........................] - ETA: 2s - loss: 1.8774 - accuracy: 0.3203
15/98 [===>..........................] - ETA: 2s - loss: 1.8778 - accuracy: 0.3199
17/98 [====>.........................] - ETA: 2s - loss: 1.8752 - accuracy: 0.3220
19/98 [====>.........................] - ETA: 2s - loss: 1.8758 - accuracy: 0.3228
21/98 [=====>........................] - ETA: 2s - loss: 1.8703 - accuracy: 0.3260
23/98 [======>.......................] - ETA: 2s - loss: 1.8683 - accuracy: 0.3275
25/98 [======>.......................] - ETA: 2s - loss: 1.8686 - accuracy: 0.3273
27/98 [=======>......................] - ETA: 2s - loss: 1.8641 - accuracy: 0.3290
29/98 [=======>......................] - ETA: 2s - loss: 1.8629 - accuracy: 0.3297
31/98 [========>.....................] - ETA: 2s - loss: 1.8591 - accuracy: 0.3323
33/98 [=========>....................] - ETA: 2s - loss: 1.8564 - accuracy: 0.3327
35/98 [=========>....................] - ETA: 2s - loss: 1.8559 - accuracy: 0.3341
37/98 [==========>...................] - ETA: 2s - loss: 1.8537 - accuracy: 0.3352
39/98 [==========>...................] - ETA: 2s - loss: 1.8513 - accuracy: 0.3355
41/98 [===========>..................] - ETA: 1s - loss: 1.8522 - accuracy: 0.3357
43/98 [============>.................] - ETA: 1s - loss: 1.8515 - accuracy: 0.3345
45/98 [============>.................] - ETA: 1s - loss: 1.8513 - accuracy: 0.3345
47/98 [=============>................] - ETA: 1s - loss: 1.8515 - accuracy: 0.3346
49/98 [==============>...............] - ETA: 1s - loss: 1.8496 - accuracy: 0.3354
51/98 [==============>...............] - ETA: 1s - loss: 1.8500 - accuracy: 0.3355
53/98 [===============>..............] - ETA: 1s - loss: 1.8500 - accuracy: 0.3353
55/98 [===============>..............] - ETA: 1s - loss: 1.8487 - accuracy: 0.3355
57/98 [================>.............] - ETA: 1s - loss: 1.8471 - accuracy: 0.3359
59/98 [=================>............] - ETA: 1s - loss: 1.8451 - accuracy: 0.3367
61/98 [=================>............] - ETA: 1s - loss: 1.8436 - accuracy: 0.3369
63/98 [==================>...........] - ETA: 1s - loss: 1.8398 - accuracy: 0.3377
65/98 [==================>...........] - ETA: 1s - loss: 1.8384 - accuracy: 0.3383
67/98 [===================>..........] - ETA: 1s - loss: 1.8372 - accuracy: 0.3385
69/98 [====================>.........] - ETA: 1s - loss: 1.8371 - accuracy: 0.3388
71/98 [====================>.........] - ETA: 0s - loss: 1.8358 - accuracy: 0.3394
73/98 [=====================>........] - ETA: 0s - loss: 1.8338 - accuracy: 0.3404
75/98 [=====================>........] - ETA: 0s - loss: 1.8322 - accuracy: 0.3408
77/98 [======================>.......] - ETA: 0s - loss: 1.8319 - accuracy: 0.3407
78/98 [======================>.......] - ETA: 0s - loss: 1.8315 - accuracy: 0.3412
80/98 [=======================>......] - ETA: 0s - loss: 1.8301 - accuracy: 0.3416
82/98 [========================>.....] - ETA: 0s - loss: 1.8284 - accuracy: 0.3423
84/98 [========================>.....] - ETA: 0s - loss: 1.8273 - accuracy: 0.3429
86/98 [=========================>....] - ETA: 0s - loss: 1.8273 - accuracy: 0.3432
88/98 [=========================>....] - ETA: 0s - loss: 1.8261 - accuracy: 0.3433
90/98 [==========================>...] - ETA: 0s - loss: 1.8243 - accuracy: 0.3439
93/98 [===========================>..] - ETA: 0s - loss: 1.8220 - accuracy: 0.3450
95/98 [============================>.] - ETA: 0s - loss: 1.8215 - accuracy: 0.3452
97/98 [============================>.] - ETA: 0s - loss: 1.8200 - accuracy: 0.3458
98/98 [==============================] - 4s 42ms/step - loss: 1.8200 - accuracy: 0.3460 - val_loss: 2.1336 - val_accuracy: 0.4075
Epoch 4/272

 1/98 [..............................] - ETA: 4s - loss: 1.7444 - accuracy: 0.3711
 3/98 [..............................] - ETA: 3s - loss: 1.7284 - accuracy: 0.3854
 5/98 [>.............................] - ETA: 3s - loss: 1.7295 - accuracy: 0.3785
 7/98 [=>............................] - ETA: 3s - loss: 1.7383 - accuracy: 0.3719
 9/98 [=>............................] - ETA: 3s - loss: 1.7455 - accuracy: 0.3661
11/98 [==>...........................] - ETA: 2s - loss: 1.7484 - accuracy: 0.3649
13/98 [==>...........................] - ETA: 2s - loss: 1.7392 - accuracy: 0.3664
15/98 [===>..........................] - ETA: 2s - loss: 1.7474 - accuracy: 0.3635
17/98 [====>.........................] - ETA: 2s - loss: 1.7424 - accuracy: 0.3685
19/98 [====>.........................] - ETA: 2s - loss: 1.7390 - accuracy: 0.3708
21/98 [=====>........................] - ETA: 2s - loss: 1.7383 - accuracy: 0.3728
23/98 [======>.......................] - ETA: 2s - loss: 1.7345 - accuracy: 0.3746
25/98 [======>.......................] - ETA: 2s - loss: 1.7368 - accuracy: 0.3743
27/98 [=======>......................] - ETA: 2s - loss: 1.7373 - accuracy: 0.3746
29/98 [=======>......................] - ETA: 2s - loss: 1.7364 - accuracy: 0.3733
31/98 [========>.....................] - ETA: 2s - loss: 1.7376 - accuracy: 0.3732
33/98 [=========>....................] - ETA: 2s - loss: 1.7366 - accuracy: 0.3743
35/98 [=========>....................] - ETA: 2s - loss: 1.7369 - accuracy: 0.3753
37/98 [==========>...................] - ETA: 2s - loss: 1.7357 - accuracy: 0.3749
39/98 [==========>...................] - ETA: 2s - loss: 1.7353 - accuracy: 0.3752
41/98 [===========>..................] - ETA: 1s - loss: 1.7356 - accuracy: 0.3747
43/98 [============>.................] - ETA: 1s - loss: 1.7351 - accuracy: 0.3753
45/98 [============>.................] - ETA: 1s - loss: 1.7351 - accuracy: 0.3749
47/98 [=============>................] - ETA: 1s - loss: 1.7348 - accuracy: 0.3752
49/98 [==============>...............] - ETA: 1s - loss: 1.7348 - accuracy: 0.3748
51/98 [==============>...............] - ETA: 1s - loss: 1.7346 - accuracy: 0.3745
53/98 [===============>..............] - ETA: 1s - loss: 1.7346 - accuracy: 0.3752
55/98 [===============>..............] - ETA: 1s - loss: 1.7351 - accuracy: 0.3746
57/98 [================>.............] - ETA: 1s - loss: 1.7342 - accuracy: 0.3749
59/98 [=================>............] - ETA: 1s - loss: 1.7321 - accuracy: 0.3753
61/98 [=================>............] - ETA: 1s - loss: 1.7312 - accuracy: 0.3763
63/98 [==================>...........] - ETA: 1s - loss: 1.7314 - accuracy: 0.3761
65/98 [==================>...........] - ETA: 1s - loss: 1.7311 - accuracy: 0.3757
67/98 [===================>..........] - ETA: 1s - loss: 1.7306 - accuracy: 0.3765
69/98 [====================>.........] - ETA: 0s - loss: 1.7299 - accuracy: 0.3771
71/98 [====================>.........] - ETA: 0s - loss: 1.7288 - accuracy: 0.3775
73/98 [=====================>........] - ETA: 0s - loss: 1.7276 - accuracy: 0.3778
75/98 [=====================>........] - ETA: 0s - loss: 1.7279 - accuracy: 0.3777
77/98 [======================>.......] - ETA: 0s - loss: 1.7271 - accuracy: 0.3774
79/98 [=======================>......] - ETA: 0s - loss: 1.7283 - accuracy: 0.3771
81/98 [=======================>......] - ETA: 0s - loss: 1.7283 - accuracy: 0.3771
83/98 [========================>.....] - ETA: 0s - loss: 1.7278 - accuracy: 0.3777
85/98 [=========================>....] - ETA: 0s - loss: 1.7278 - accuracy: 0.3780
87/98 [=========================>....] - ETA: 0s - loss: 1.7279 - accuracy: 0.3780
89/98 [==========================>...] - ETA: 0s - loss: 1.7271 - accuracy: 0.3781
91/98 [==========================>...] - ETA: 0s - loss: 1.7263 - accuracy: 0.3784
93/98 [===========================>..] - ETA: 0s - loss: 1.7264 - accuracy: 0.3782
95/98 [============================>.] - ETA: 0s - loss: 1.7257 - accuracy: 0.3785
97/98 [============================>.] - ETA: 0s - loss: 1.7234 - accuracy: 0.3794
98/98 [==============================] - 4s 41ms/step - loss: 1.7229 - accuracy: 0.3795 - val_loss: 2.0098 - val_accuracy: 0.4309
Epoch 5/272

 1/98 [..............................] - ETA: 4s - loss: 1.7040 - accuracy: 0.3809
 3/98 [..............................] - ETA: 3s - loss: 1.6854 - accuracy: 0.3828
 5/98 [>.............................] - ETA: 3s - loss: 1.6775 - accuracy: 0.3848
 7/98 [=>............................] - ETA: 3s - loss: 1.6791 - accuracy: 0.3892
10/98 [==>...........................] - ETA: 2s - loss: 1.6715 - accuracy: 0.3924
12/98 [==>...........................] - ETA: 2s - loss: 1.6714 - accuracy: 0.3978
14/98 [===>..........................] - ETA: 2s - loss: 1.6722 - accuracy: 0.3977
16/98 [===>..........................] - ETA: 2s - loss: 1.6770 - accuracy: 0.3985
18/98 [====>.........................] - ETA: 2s - loss: 1.6758 - accuracy: 0.3987
20/98 [=====>........................] - ETA: 2s - loss: 1.6741 - accuracy: 0.4007
22/98 [=====>........................] - ETA: 2s - loss: 1.6735 - accuracy: 0.4023
24/98 [======>.......................] - ETA: 2s - loss: 1.6723 - accuracy: 0.4026
26/98 [======>.......................] - ETA: 2s - loss: 1.6710 - accuracy: 0.4029
28/98 [=======>......................] - ETA: 2s - loss: 1.6722 - accuracy: 0.4024
30/98 [========>.....................] - ETA: 2s - loss: 1.6733 - accuracy: 0.4031
32/98 [========>.....................] - ETA: 2s - loss: 1.6735 - accuracy: 0.4027
34/98 [=========>....................] - ETA: 2s - loss: 1.6741 - accuracy: 0.4009
36/98 [==========>...................] - ETA: 2s - loss: 1.6729 - accuracy: 0.4004
38/98 [==========>...................] - ETA: 2s - loss: 1.6714 - accuracy: 0.4008
40/98 [===========>..................] - ETA: 2s - loss: 1.6726 - accuracy: 0.4003
42/98 [===========>..................] - ETA: 1s - loss: 1.6731 - accuracy: 0.3995
44/98 [============>.................] - ETA: 1s - loss: 1.6744 - accuracy: 0.3991
46/98 [=============>................] - ETA: 1s - loss: 1.6746 - accuracy: 0.3998
48/98 [=============>................] - ETA: 1s - loss: 1.6745 - accuracy: 0.3988
50/98 [==============>...............] - ETA: 1s - loss: 1.6739 - accuracy: 0.3982
52/98 [==============>...............] - ETA: 1s - loss: 1.6732 - accuracy: 0.3989
54/98 [===============>..............] - ETA: 1s - loss: 1.6747 - accuracy: 0.3982
56/98 [================>.............] - ETA: 1s - loss: 1.6768 - accuracy: 0.3979
58/98 [================>.............] - ETA: 1s - loss: 1.6742 - accuracy: 0.3988
60/98 [=================>............] - ETA: 1s - loss: 1.6721 - accuracy: 0.3995
62/98 [=================>............] - ETA: 1s - loss: 1.6719 - accuracy: 0.3996
64/98 [==================>...........] - ETA: 1s - loss: 1.6707 - accuracy: 0.4010
66/98 [===================>..........] - ETA: 1s - loss: 1.6702 - accuracy: 0.4012
68/98 [===================>..........] - ETA: 1s - loss: 1.6707 - accuracy: 0.4012
70/98 [====================>.........] - ETA: 0s - loss: 1.6694 - accuracy: 0.4018
72/98 [=====================>........] - ETA: 0s - loss: 1.6674 - accuracy: 0.4024
74/98 [=====================>........] - ETA: 0s - loss: 1.6655 - accuracy: 0.4032
76/98 [======================>.......] - ETA: 0s - loss: 1.6654 - accuracy: 0.4033
78/98 [======================>.......] - ETA: 0s - loss: 1.6650 - accuracy: 0.4040
80/98 [=======================>......] - ETA: 0s - loss: 1.6644 - accuracy: 0.4042
82/98 [========================>.....] - ETA: 0s - loss: 1.6643 - accuracy: 0.4034
84/98 [========================>.....] - ETA: 0s - loss: 1.6631 - accuracy: 0.4042
86/98 [=========================>....] - ETA: 0s - loss: 1.6625 - accuracy: 0.4039
88/98 [=========================>....] - ETA: 0s - loss: 1.6627 - accuracy: 0.4038
90/98 [==========================>...] - ETA: 0s - loss: 1.6633 - accuracy: 0.4037
92/98 [===========================>..] - ETA: 0s - loss: 1.6620 - accuracy: 0.4038
94/98 [===========================>..] - ETA: 0s - loss: 1.6600 - accuracy: 0.4044
96/98 [============================>.] - ETA: 0s - loss: 1.6601 - accuracy: 0.4040
98/98 [==============================] - ETA: 0s - loss: 1.6589 - accuracy: 0.4042
98/98 [==============================] - 4s 42ms/step - loss: 1.6589 - accuracy: 0.4042 - val_loss: 1.8441 - val_accuracy: 0.4464
Epoch 6/272

 1/98 [..............................] - ETA: 4s - loss: 1.7004 - accuracy: 0.3789
 3/98 [..............................] - ETA: 3s - loss: 1.6437 - accuracy: 0.3952
 5/98 [>.............................] - ETA: 3s - loss: 1.6405 - accuracy: 0.3992
 7/98 [=>............................] - ETA: 3s - loss: 1.6340 - accuracy: 0.4043
 9/98 [=>............................] - ETA: 3s - loss: 1.6270 - accuracy: 0.4049
11/98 [==>...........................] - ETA: 3s - loss: 1.6188 - accuracy: 0.4091
13/98 [==>...........................] - ETA: 2s - loss: 1.6122 - accuracy: 0.4124
15/98 [===>..........................] - ETA: 2s - loss: 1.6109 - accuracy: 0.4150
17/98 [====>.........................] - ETA: 2s - loss: 1.6101 - accuracy: 0.4151
19/98 [====>.........................] - ETA: 2s - loss: 1.6141 - accuracy: 0.4163
21/98 [=====>........................] - ETA: 2s - loss: 1.6133 - accuracy: 0.4177
23/98 [======>.......................] - ETA: 2s - loss: 1.6131 - accuracy: 0.4187
25/98 [======>.......................] - ETA: 2s - loss: 1.6124 - accuracy: 0.4197
27/98 [=======>......................] - ETA: 2s - loss: 1.6157 - accuracy: 0.4194
29/98 [=======>......................] - ETA: 2s - loss: 1.6165 - accuracy: 0.4184
31/98 [========>.....................] - ETA: 2s - loss: 1.6158 - accuracy: 0.4168
33/98 [=========>....................] - ETA: 2s - loss: 1.6131 - accuracy: 0.4170
35/98 [=========>....................] - ETA: 2s - loss: 1.6141 - accuracy: 0.4172
37/98 [==========>...................] - ETA: 2s - loss: 1.6168 - accuracy: 0.4161
39/98 [==========>...................] - ETA: 2s - loss: 1.6154 - accuracy: 0.4158
41/98 [===========>..................] - ETA: 1s - loss: 1.6143 - accuracy: 0.4156
43/98 [============>.................] - ETA: 1s - loss: 1.6102 - accuracy: 0.4180
45/98 [============>.................] - ETA: 1s - loss: 1.6111 - accuracy: 0.4174
47/98 [=============>................] - ETA: 1s - loss: 1.6106 - accuracy: 0.4180
49/98 [==============>...............] - ETA: 1s - loss: 1.6101 - accuracy: 0.4182
51/98 [==============>...............] - ETA: 1s - loss: 1.6114 - accuracy: 0.4173
53/98 [===============>..............] - ETA: 1s - loss: 1.6121 - accuracy: 0.4175
55/98 [===============>..............] - ETA: 1s - loss: 1.6122 - accuracy: 0.4177
57/98 [================>.............] - ETA: 1s - loss: 1.6113 - accuracy: 0.4184
59/98 [=================>............] - ETA: 1s - loss: 1.6088 - accuracy: 0.4198
61/98 [=================>............] - ETA: 1s - loss: 1.6087 - accuracy: 0.4202
63/98 [==================>...........] - ETA: 1s - loss: 1.6084 - accuracy: 0.4207
65/98 [==================>...........] - ETA: 1s - loss: 1.6072 - accuracy: 0.4211
67/98 [===================>..........] - ETA: 1s - loss: 1.6075 - accuracy: 0.4212
69/98 [====================>.........] - ETA: 1s - loss: 1.6053 - accuracy: 0.4226
71/98 [====================>.........] - ETA: 0s - loss: 1.6041 - accuracy: 0.4231
73/98 [=====================>........] - ETA: 0s - loss: 1.6034 - accuracy: 0.4240
75/98 [=====================>........] - ETA: 0s - loss: 1.6039 - accuracy: 0.4236
77/98 [======================>.......] - ETA: 0s - loss: 1.6042 - accuracy: 0.4234
79/98 [=======================>......] - ETA: 0s - loss: 1.6041 - accuracy: 0.4238
81/98 [=======================>......] - ETA: 0s - loss: 1.6028 - accuracy: 0.4242
83/98 [========================>.....] - ETA: 0s - loss: 1.6035 - accuracy: 0.4242
85/98 [=========================>....] - ETA: 0s - loss: 1.6029 - accuracy: 0.4242
87/98 [=========================>....] - ETA: 0s - loss: 1.6011 - accuracy: 0.4250
89/98 [==========================>...] - ETA: 0s - loss: 1.6011 - accuracy: 0.4254
91/98 [==========================>...] - ETA: 0s - loss: 1.6008 - accuracy: 0.4257
93/98 [===========================>..] - ETA: 0s - loss: 1.6008 - accuracy: 0.4256
95/98 [============================>.] - ETA: 0s - loss: 1.5997 - accuracy: 0.4260
97/98 [============================>.] - ETA: 0s - loss: 1.5999 - accuracy: 0.4260
98/98 [==============================] - 4s 42ms/step - loss: 1.6000 - accuracy: 0.4261 - val_loss: 1.6746 - val_accuracy: 0.4627
Epoch 7/272

 1/98 [..............................] - ETA: 6s - loss: 1.5910 - accuracy: 0.4160
 3/98 [..............................] - ETA: 2s - loss: 1.5510 - accuracy: 0.4512
 5/98 [>.............................] - ETA: 3s - loss: 1.5643 - accuracy: 0.4465
 7/98 [=>............................] - ETA: 3s - loss: 1.5674 - accuracy: 0.4428
 9/98 [=>............................] - ETA: 2s - loss: 1.5646 - accuracy: 0.4444
11/98 [==>...........................] - ETA: 2s - loss: 1.5602 - accuracy: 0.4487
13/98 [==>...........................] - ETA: 2s - loss: 1.5616 - accuracy: 0.4464
15/98 [===>..........................] - ETA: 2s - loss: 1.5610 - accuracy: 0.4453
17/98 [====>.........................] - ETA: 2s - loss: 1.5610 - accuracy: 0.4430
19/98 [====>.........................] - ETA: 2s - loss: 1.5648 - accuracy: 0.4419
21/98 [=====>........................] - ETA: 2s - loss: 1.5618 - accuracy: 0.4419
23/98 [======>.......................] - ETA: 2s - loss: 1.5614 - accuracy: 0.4426
25/98 [======>.......................] - ETA: 2s - loss: 1.5626 - accuracy: 0.4412
27/98 [=======>......................] - ETA: 2s - loss: 1.5602 - accuracy: 0.4413
29/98 [=======>......................] - ETA: 2s - loss: 1.5592 - accuracy: 0.4423
31/98 [========>.....................] - ETA: 2s - loss: 1.5613 - accuracy: 0.4411
33/98 [=========>....................] - ETA: 2s - loss: 1.5624 - accuracy: 0.4397
35/98 [=========>....................] - ETA: 2s - loss: 1.5626 - accuracy: 0.4397
37/98 [==========>...................] - ETA: 2s - loss: 1.5619 - accuracy: 0.4398
39/98 [==========>...................] - ETA: 2s - loss: 1.5642 - accuracy: 0.4391
41/98 [===========>..................] - ETA: 1s - loss: 1.5657 - accuracy: 0.4395
43/98 [============>.................] - ETA: 1s - loss: 1.5668 - accuracy: 0.4390
45/98 [============>.................] - ETA: 1s - loss: 1.5656 - accuracy: 0.4396
47/98 [=============>................] - ETA: 1s - loss: 1.5658 - accuracy: 0.4401
49/98 [==============>...............] - ETA: 1s - loss: 1.5647 - accuracy: 0.4403
51/98 [==============>...............] - ETA: 1s - loss: 1.5659 - accuracy: 0.4401
53/98 [===============>..............] - ETA: 1s - loss: 1.5648 - accuracy: 0.4403
55/98 [===============>..............] - ETA: 1s - loss: 1.5636 - accuracy: 0.4410
57/98 [================>.............] - ETA: 1s - loss: 1.5621 - accuracy: 0.4408
59/98 [=================>............] - ETA: 1s - loss: 1.5612 - accuracy: 0.4413
61/98 [=================>............] - ETA: 1s - loss: 1.5628 - accuracy: 0.4414
63/98 [==================>...........] - ETA: 1s - loss: 1.5618 - accuracy: 0.4421
65/98 [==================>...........] - ETA: 1s - loss: 1.5598 - accuracy: 0.4433
67/98 [===================>..........] - ETA: 1s - loss: 1.5591 - accuracy: 0.4438
70/98 [====================>.........] - ETA: 0s - loss: 1.5595 - accuracy: 0.4434
72/98 [=====================>........] - ETA: 0s - loss: 1.5584 - accuracy: 0.4434
74/98 [=====================>........] - ETA: 0s - loss: 1.5581 - accuracy: 0.4434
76/98 [======================>.......] - ETA: 0s - loss: 1.5581 - accuracy: 0.4439
78/98 [======================>.......] - ETA: 0s - loss: 1.5583 - accuracy: 0.4438
80/98 [=======================>......] - ETA: 0s - loss: 1.5581 - accuracy: 0.4444
82/98 [========================>.....] - ETA: 0s - loss: 1.5574 - accuracy: 0.4448
84/98 [========================>.....] - ETA: 0s - loss: 1.5576 - accuracy: 0.4446
86/98 [=========================>....] - ETA: 0s - loss: 1.5573 - accuracy: 0.4447
88/98 [=========================>....] - ETA: 0s - loss: 1.5558 - accuracy: 0.4451
90/98 [==========================>...] - ETA: 0s - loss: 1.5560 - accuracy: 0.4449
92/98 [===========================>..] - ETA: 0s - loss: 1.5558 - accuracy: 0.4445
94/98 [===========================>..] - ETA: 0s - loss: 1.5557 - accuracy: 0.4445
96/98 [============================>.] - ETA: 0s - loss: 1.5548 - accuracy: 0.4446
98/98 [==============================] - ETA: 0s - loss: 1.5544 - accuracy: 0.4446
98/98 [==============================] - 4s 41ms/step - loss: 1.5544 - accuracy: 0.4446 - val_loss: 1.5455 - val_accuracy: 0.4812
Epoch 8/272

 1/98 [..............................] - ETA: 4s - loss: 1.4841 - accuracy: 0.4648
 3/98 [..............................] - ETA: 2s - loss: 1.5109 - accuracy: 0.4453
 5/98 [>.............................] - ETA: 2s - loss: 1.5173 - accuracy: 0.4570
 7/98 [=>............................] - ETA: 2s - loss: 1.5229 - accuracy: 0.4551
 9/98 [=>............................] - ETA: 2s - loss: 1.5319 - accuracy: 0.4492
11/98 [==>...........................] - ETA: 2s - loss: 1.5274 - accuracy: 0.4506
13/98 [==>...........................] - ETA: 2s - loss: 1.5367 - accuracy: 0.4485
15/98 [===>..........................] - ETA: 2s - loss: 1.5319 - accuracy: 0.4508
17/98 [====>.........................] - ETA: 2s - loss: 1.5359 - accuracy: 0.4514
19/98 [====>.........................] - ETA: 2s - loss: 1.5330 - accuracy: 0.4517
21/98 [=====>........................] - ETA: 2s - loss: 1.5337 - accuracy: 0.4513
23/98 [======>.......................] - ETA: 2s - loss: 1.5303 - accuracy: 0.4537
25/98 [======>.......................] - ETA: 2s - loss: 1.5261 - accuracy: 0.4559
27/98 [=======>......................] - ETA: 2s - loss: 1.5261 - accuracy: 0.4557
29/98 [=======>......................] - ETA: 2s - loss: 1.5277 - accuracy: 0.4552
31/98 [========>.....................] - ETA: 2s - loss: 1.5299 - accuracy: 0.4537
33/98 [=========>....................] - ETA: 2s - loss: 1.5292 - accuracy: 0.4551
35/98 [=========>....................] - ETA: 2s - loss: 1.5278 - accuracy: 0.4561
37/98 [==========>...................] - ETA: 2s - loss: 1.5238 - accuracy: 0.4561
39/98 [==========>...................] - ETA: 2s - loss: 1.5209 - accuracy: 0.4575
41/98 [===========>..................] - ETA: 1s - loss: 1.5196 - accuracy: 0.4582
43/98 [============>.................] - ETA: 1s - loss: 1.5185 - accuracy: 0.4576
45/98 [============>.................] - ETA: 1s - loss: 1.5172 - accuracy: 0.4590
47/98 [=============>................] - ETA: 1s - loss: 1.5168 - accuracy: 0.4596
49/98 [==============>...............] - ETA: 1s - loss: 1.5162 - accuracy: 0.4601
51/98 [==============>...............] - ETA: 1s - loss: 1.5160 - accuracy: 0.4602
53/98 [===============>..............] - ETA: 1s - loss: 1.5136 - accuracy: 0.4608
55/98 [===============>..............] - ETA: 1s - loss: 1.5156 - accuracy: 0.4600
57/98 [================>.............] - ETA: 1s - loss: 1.5157 - accuracy: 0.4594
59/98 [=================>............] - ETA: 1s - loss: 1.5161 - accuracy: 0.4586
61/98 [=================>............] - ETA: 1s - loss: 1.5141 - accuracy: 0.4595
63/98 [==================>...........] - ETA: 1s - loss: 1.5148 - accuracy: 0.4589
65/98 [==================>...........] - ETA: 1s - loss: 1.5153 - accuracy: 0.4584
67/98 [===================>..........] - ETA: 1s - loss: 1.5158 - accuracy: 0.4589
69/98 [====================>.........] - ETA: 0s - loss: 1.5164 - accuracy: 0.4584
71/98 [====================>.........] - ETA: 0s - loss: 1.5156 - accuracy: 0.4584
73/98 [=====================>........] - ETA: 0s - loss: 1.5169 - accuracy: 0.4576
75/98 [=====================>........] - ETA: 0s - loss: 1.5159 - accuracy: 0.4582
77/98 [======================>.......] - ETA: 0s - loss: 1.5151 - accuracy: 0.4586
79/98 [=======================>......] - ETA: 0s - loss: 1.5145 - accuracy: 0.4586
81/98 [=======================>......] - ETA: 0s - loss: 1.5141 - accuracy: 0.4588
83/98 [========================>.....] - ETA: 0s - loss: 1.5143 - accuracy: 0.4594
85/98 [=========================>....] - ETA: 0s - loss: 1.5149 - accuracy: 0.4590
87/98 [=========================>....] - ETA: 0s - loss: 1.5139 - accuracy: 0.4593
89/98 [==========================>...] - ETA: 0s - loss: 1.5142 - accuracy: 0.4592
91/98 [==========================>...] - ETA: 0s - loss: 1.5135 - accuracy: 0.4597
93/98 [===========================>..] - ETA: 0s - loss: 1.5134 - accuracy: 0.4601
95/98 [============================>.] - ETA: 0s - loss: 1.5127 - accuracy: 0.4603
97/98 [============================>.] - ETA: 0s - loss: 1.5136 - accuracy: 0.4598
98/98 [==============================] - 4s 42ms/step - loss: 1.5136 - accuracy: 0.4599 - val_loss: 1.4654 - val_accuracy: 0.4954
Epoch 9/272

 1/98 [..............................] - ETA: 4s - loss: 1.4951 - accuracy: 0.4746
 3/98 [..............................] - ETA: 2s - loss: 1.5056 - accuracy: 0.4707
 5/98 [>.............................] - ETA: 3s - loss: 1.5100 - accuracy: 0.4766
 7/98 [=>............................] - ETA: 3s - loss: 1.5025 - accuracy: 0.4766
 9/98 [=>............................] - ETA: 3s - loss: 1.4948 - accuracy: 0.4789
11/98 [==>...........................] - ETA: 2s - loss: 1.4876 - accuracy: 0.4815
13/98 [==>...........................] - ETA: 2s - loss: 1.4853 - accuracy: 0.4788
15/98 [===>..........................] - ETA: 2s - loss: 1.4896 - accuracy: 0.4747
17/98 [====>.........................] - ETA: 2s - loss: 1.4896 - accuracy: 0.4722
19/98 [====>.........................] - ETA: 2s - loss: 1.4877 - accuracy: 0.4734
21/98 [=====>........................] - ETA: 2s - loss: 1.4913 - accuracy: 0.4734
23/98 [======>.......................] - ETA: 2s - loss: 1.4888 - accuracy: 0.4722
25/98 [======>.......................] - ETA: 2s - loss: 1.4927 - accuracy: 0.4705
27/98 [=======>......................] - ETA: 2s - loss: 1.4923 - accuracy: 0.4706
29/98 [=======>......................] - ETA: 2s - loss: 1.4890 - accuracy: 0.4718
31/98 [========>.....................] - ETA: 2s - loss: 1.4884 - accuracy: 0.4718
33/98 [=========>....................] - ETA: 2s - loss: 1.4883 - accuracy: 0.4722
35/98 [=========>....................] - ETA: 2s - loss: 1.4862 - accuracy: 0.4725
37/98 [==========>...................] - ETA: 2s - loss: 1.4865 - accuracy: 0.4721
39/98 [==========>...................] - ETA: 2s - loss: 1.4846 - accuracy: 0.4723
41/98 [===========>..................] - ETA: 1s - loss: 1.4841 - accuracy: 0.4721
43/98 [============>.................] - ETA: 1s - loss: 1.4852 - accuracy: 0.4717
45/98 [============>.................] - ETA: 1s - loss: 1.4842 - accuracy: 0.4719
47/98 [=============>................] - ETA: 1s - loss: 1.4829 - accuracy: 0.4722
49/98 [==============>...............] - ETA: 1s - loss: 1.4816 - accuracy: 0.4726
51/98 [==============>...............] - ETA: 1s - loss: 1.4816 - accuracy: 0.4728
53/98 [===============>..............] - ETA: 1s - loss: 1.4828 - accuracy: 0.4725
55/98 [===============>..............] - ETA: 1s - loss: 1.4826 - accuracy: 0.4730
57/98 [================>.............] - ETA: 1s - loss: 1.4827 - accuracy: 0.4728
60/98 [=================>............] - ETA: 1s - loss: 1.4823 - accuracy: 0.4734
62/98 [=================>............] - ETA: 1s - loss: 1.4813 - accuracy: 0.4738
64/98 [==================>...........] - ETA: 1s - loss: 1.4803 - accuracy: 0.4747
66/98 [===================>..........] - ETA: 1s - loss: 1.4789 - accuracy: 0.4750
68/98 [===================>..........] - ETA: 1s - loss: 1.4784 - accuracy: 0.4754
70/98 [====================>.........] - ETA: 0s - loss: 1.4784 - accuracy: 0.4750
72/98 [=====================>........] - ETA: 0s - loss: 1.4775 - accuracy: 0.4750
74/98 [=====================>........] - ETA: 0s - loss: 1.4760 - accuracy: 0.4754
76/98 [======================>.......] - ETA: 0s - loss: 1.4770 - accuracy: 0.4748
