2024-06-21 14:45:48.899790: I tensorflow/core/platform/cpu_feature_guard.cc:193] This TensorFlow binary is optimized with oneAPI Deep Neural Network Library (oneDNN) to use the following CPU instructions in performance-critical operations:  AVX AVX2
To enable them in other operations, rebuild TensorFlow with the appropriate compiler flags.
2024-06-21 14:45:49.454357: I tensorflow/core/common_runtime/gpu/gpu_device.cc:1616] Created device /job:localhost/replica:0/task:0/device:GPU:0 with 6144 MB memory:  -> device: 0, name: NVIDIA GeForce RTX 4060 Ti, pci bus id: 0000:01:00.0, compute capability: 8.9
1 Physical GPUs, 1 Logical GPUs
Model: "sequential"
_________________________________________________________________
 Layer (type)                Output Shape              Param #   
=================================================================
 conv2d (Conv2D)             (None, 32, 32, 32)        896       
                                                                 
 max_pooling2d (MaxPooling2D  (None, 16, 16, 32)       0         
 )                                                               
                                                                 
 conv2d_1 (Conv2D)           (None, 16, 16, 32)        82976     
                                                                 
 max_pooling2d_1 (MaxPooling  (None, 8, 8, 32)         0         
 2D)                                                             
                                                                 
 conv2d_2 (Conv2D)           (None, 8, 8, 256)         73984     
                                                                 
 batch_normalization (BatchN  (None, 8, 8, 256)        1024      
 ormalization)                                                   
                                                                 
 dropout (Dropout)           (None, 8, 8, 256)         0         
                                                                 
 flatten (Flatten)           (None, 16384)             0         
                                                                 
 dense (Dense)               (None, 10)                163850    
                                                                 
=================================================================
Total params: 322,730
Trainable params: 322,218
Non-trainable params: 512
_________________________________________________________________
Taxa de aprendizado:  1e-05 Num de épocas:  272 Tamanho do lote:  512 Dropout:  0.39
Epoch 1/272
2024-06-21 14:45:50.834240: I tensorflow/stream_executor/cuda/cuda_dnn.cc:384] Loaded cuDNN version 8100
2024-06-21 14:45:51.703849: W tensorflow/stream_executor/gpu/redzone_allocator.cc:314] INTERNAL: ptxas exited with non-zero error code -1, output: 
Relying on driver to perform ptx compilation. 
Modify $PATH to customize ptxas location.
This message will be only logged once.
2024-06-21 14:45:52.643447: I tensorflow/stream_executor/cuda/cuda_blas.cc:1614] TensorFloat-32 will be used for the matrix multiplication. This will only be logged once.

 1/98 [..............................] - ETA: 5:37 - loss: 2.5046 - accuracy: 0.1309
 3/98 [..............................] - ETA: 2s - loss: 2.5379 - accuracy: 0.1152  
 5/98 [>.............................] - ETA: 2s - loss: 2.5201 - accuracy: 0.1211
 7/98 [=>............................] - ETA: 2s - loss: 2.5029 - accuracy: 0.1189
 9/98 [=>............................] - ETA: 2s - loss: 2.4900 - accuracy: 0.1161
11/98 [==>...........................] - ETA: 2s - loss: 2.4799 - accuracy: 0.1179
13/98 [==>...........................] - ETA: 2s - loss: 2.4686 - accuracy: 0.1185
15/98 [===>..........................] - ETA: 2s - loss: 2.4559 - accuracy: 0.1211
17/98 [====>.........................] - ETA: 2s - loss: 2.4508 - accuracy: 0.1219
19/98 [====>.........................] - ETA: 2s - loss: 2.4435 - accuracy: 0.1223
21/98 [=====>........................] - ETA: 2s - loss: 2.4355 - accuracy: 0.1241
23/98 [======>.......................] - ETA: 2s - loss: 2.4257 - accuracy: 0.1264
25/98 [======>.......................] - ETA: 2s - loss: 2.4199 - accuracy: 0.1272
27/98 [=======>......................] - ETA: 2s - loss: 2.4155 - accuracy: 0.1275
29/98 [=======>......................] - ETA: 2s - loss: 2.4077 - accuracy: 0.1306
31/98 [========>.....................] - ETA: 2s - loss: 2.4011 - accuracy: 0.1319
33/98 [=========>....................] - ETA: 2s - loss: 2.3988 - accuracy: 0.1316
35/98 [=========>....................] - ETA: 1s - loss: 2.3930 - accuracy: 0.1331
37/98 [==========>...................] - ETA: 1s - loss: 2.3861 - accuracy: 0.1342
39/98 [==========>...................] - ETA: 1s - loss: 2.3813 - accuracy: 0.1361
41/98 [===========>..................] - ETA: 1s - loss: 2.3767 - accuracy: 0.1375
43/98 [============>.................] - ETA: 1s - loss: 2.3706 - accuracy: 0.1389
45/98 [============>.................] - ETA: 1s - loss: 2.3659 - accuracy: 0.1403
47/98 [=============>................] - ETA: 1s - loss: 2.3600 - accuracy: 0.1424
49/98 [==============>...............] - ETA: 1s - loss: 2.3542 - accuracy: 0.1442
51/98 [==============>...............] - ETA: 1s - loss: 2.3513 - accuracy: 0.1454
53/98 [===============>..............] - ETA: 1s - loss: 2.3463 - accuracy: 0.1470
55/98 [===============>..............] - ETA: 1s - loss: 2.3429 - accuracy: 0.1477
57/98 [================>.............] - ETA: 1s - loss: 2.3388 - accuracy: 0.1489
59/98 [=================>............] - ETA: 1s - loss: 2.3352 - accuracy: 0.1500
61/98 [=================>............] - ETA: 1s - loss: 2.3318 - accuracy: 0.1514
63/98 [==================>...........] - ETA: 1s - loss: 2.3284 - accuracy: 0.1524
65/98 [==================>...........] - ETA: 1s - loss: 2.3242 - accuracy: 0.1530
67/98 [===================>..........] - ETA: 0s - loss: 2.3209 - accuracy: 0.1540
69/98 [====================>.........] - ETA: 0s - loss: 2.3169 - accuracy: 0.1559
71/98 [====================>.........] - ETA: 0s - loss: 2.3122 - accuracy: 0.1578
73/98 [=====================>........] - ETA: 0s - loss: 2.3103 - accuracy: 0.1586
74/98 [=====================>........] - ETA: 0s - loss: 2.3091 - accuracy: 0.1589
76/98 [======================>.......] - ETA: 0s - loss: 2.3048 - accuracy: 0.1608
78/98 [======================>.......] - ETA: 0s - loss: 2.3016 - accuracy: 0.1626
80/98 [=======================>......] - ETA: 0s - loss: 2.2979 - accuracy: 0.1637
82/98 [========================>.....] - ETA: 0s - loss: 2.2946 - accuracy: 0.1652
84/98 [========================>.....] - ETA: 0s - loss: 2.2920 - accuracy: 0.1662
86/98 [=========================>....] - ETA: 0s - loss: 2.2889 - accuracy: 0.1672
88/98 [=========================>....] - ETA: 0s - loss: 2.2871 - accuracy: 0.1679
90/98 [==========================>...] - ETA: 0s - loss: 2.2836 - accuracy: 0.1691
93/98 [===========================>..] - ETA: 0s - loss: 2.2792 - accuracy: 0.1708
95/98 [============================>.] - ETA: 0s - loss: 2.2761 - accuracy: 0.1718
97/98 [============================>.] - ETA: 0s - loss: 2.2730 - accuracy: 0.1729
98/98 [==============================] - 8s 45ms/step - loss: 2.2717 - accuracy: 0.1733 - val_loss: 2.2748 - val_accuracy: 0.2277
Epoch 2/272

 1/98 [..............................] - ETA: 4s - loss: 2.1023 - accuracy: 0.2363
 3/98 [..............................] - ETA: 2s - loss: 2.1224 - accuracy: 0.2370
 5/98 [>.............................] - ETA: 2s - loss: 2.1131 - accuracy: 0.2438
 7/98 [=>............................] - ETA: 2s - loss: 2.1104 - accuracy: 0.2416
 9/98 [=>............................] - ETA: 2s - loss: 2.0994 - accuracy: 0.2400
11/98 [==>...........................] - ETA: 2s - loss: 2.0915 - accuracy: 0.2457
13/98 [==>...........................] - ETA: 2s - loss: 2.0943 - accuracy: 0.2452
15/98 [===>..........................] - ETA: 2s - loss: 2.0983 - accuracy: 0.2438
17/98 [====>.........................] - ETA: 2s - loss: 2.0997 - accuracy: 0.2438
19/98 [====>.........................] - ETA: 2s - loss: 2.0986 - accuracy: 0.2434
21/98 [=====>........................] - ETA: 2s - loss: 2.0983 - accuracy: 0.2435
23/98 [======>.......................] - ETA: 2s - loss: 2.0984 - accuracy: 0.2423
25/98 [======>.......................] - ETA: 2s - loss: 2.0972 - accuracy: 0.2438
27/98 [=======>......................] - ETA: 2s - loss: 2.0971 - accuracy: 0.2438
29/98 [=======>......................] - ETA: 2s - loss: 2.0971 - accuracy: 0.2438
31/98 [========>.....................] - ETA: 2s - loss: 2.0966 - accuracy: 0.2436
33/98 [=========>....................] - ETA: 2s - loss: 2.0963 - accuracy: 0.2444
35/98 [=========>....................] - ETA: 1s - loss: 2.0960 - accuracy: 0.2439
37/98 [==========>...................] - ETA: 1s - loss: 2.0942 - accuracy: 0.2447
39/98 [==========>...................] - ETA: 1s - loss: 2.0928 - accuracy: 0.2451
41/98 [===========>..................] - ETA: 1s - loss: 2.0916 - accuracy: 0.2456
43/98 [============>.................] - ETA: 1s - loss: 2.0898 - accuracy: 0.2466
45/98 [============>.................] - ETA: 1s - loss: 2.0872 - accuracy: 0.2480
47/98 [=============>................] - ETA: 1s - loss: 2.0834 - accuracy: 0.2495
49/98 [==============>...............] - ETA: 1s - loss: 2.0804 - accuracy: 0.2511
51/98 [==============>...............] - ETA: 1s - loss: 2.0785 - accuracy: 0.2520
53/98 [===============>..............] - ETA: 1s - loss: 2.0765 - accuracy: 0.2526
55/98 [===============>..............] - ETA: 1s - loss: 2.0742 - accuracy: 0.2530
57/98 [================>.............] - ETA: 1s - loss: 2.0734 - accuracy: 0.2533
59/98 [=================>............] - ETA: 1s - loss: 2.0720 - accuracy: 0.2536
61/98 [=================>............] - ETA: 1s - loss: 2.0699 - accuracy: 0.2548
63/98 [==================>...........] - ETA: 1s - loss: 2.0684 - accuracy: 0.2552
65/98 [==================>...........] - ETA: 1s - loss: 2.0660 - accuracy: 0.2565
67/98 [===================>..........] - ETA: 0s - loss: 2.0640 - accuracy: 0.2578
69/98 [====================>.........] - ETA: 0s - loss: 2.0629 - accuracy: 0.2582
71/98 [====================>.........] - ETA: 0s - loss: 2.0609 - accuracy: 0.2586
73/98 [=====================>........] - ETA: 0s - loss: 2.0593 - accuracy: 0.2591
75/98 [=====================>........] - ETA: 0s - loss: 2.0581 - accuracy: 0.2593
77/98 [======================>.......] - ETA: 0s - loss: 2.0561 - accuracy: 0.2601
79/98 [=======================>......] - ETA: 0s - loss: 2.0543 - accuracy: 0.2611
81/98 [=======================>......] - ETA: 0s - loss: 2.0530 - accuracy: 0.2616
83/98 [========================>.....] - ETA: 0s - loss: 2.0514 - accuracy: 0.2619
85/98 [=========================>....] - ETA: 0s - loss: 2.0492 - accuracy: 0.2627
87/98 [=========================>....] - ETA: 0s - loss: 2.0476 - accuracy: 0.2633
89/98 [==========================>...] - ETA: 0s - loss: 2.0452 - accuracy: 0.2644
91/98 [==========================>...] - ETA: 0s - loss: 2.0437 - accuracy: 0.2650
93/98 [===========================>..] - ETA: 0s - loss: 2.0427 - accuracy: 0.2655
95/98 [============================>.] - ETA: 0s - loss: 2.0413 - accuracy: 0.2663
97/98 [============================>.] - ETA: 0s - loss: 2.0393 - accuracy: 0.2674
98/98 [==============================] - 4s 38ms/step - loss: 2.0383 - accuracy: 0.2676 - val_loss: 2.2325 - val_accuracy: 0.3510
Epoch 3/272

 1/98 [..............................] - ETA: 4s - loss: 1.9423 - accuracy: 0.3125
 3/98 [..............................] - ETA: 2s - loss: 1.9415 - accuracy: 0.3099
 5/98 [>.............................] - ETA: 2s - loss: 1.9399 - accuracy: 0.3102
 7/98 [=>............................] - ETA: 2s - loss: 1.9478 - accuracy: 0.3058
 9/98 [=>............................] - ETA: 2s - loss: 1.9469 - accuracy: 0.3045
11/98 [==>...........................] - ETA: 2s - loss: 1.9461 - accuracy: 0.3063
13/98 [==>...........................] - ETA: 2s - loss: 1.9430 - accuracy: 0.3105
15/98 [===>..........................] - ETA: 2s - loss: 1.9450 - accuracy: 0.3100
17/98 [====>.........................] - ETA: 2s - loss: 1.9430 - accuracy: 0.3102
19/98 [====>.........................] - ETA: 2s - loss: 1.9379 - accuracy: 0.3113
21/98 [=====>........................] - ETA: 2s - loss: 1.9367 - accuracy: 0.3115
23/98 [======>.......................] - ETA: 2s - loss: 1.9351 - accuracy: 0.3114
25/98 [======>.......................] - ETA: 2s - loss: 1.9327 - accuracy: 0.3127
27/98 [=======>......................] - ETA: 2s - loss: 1.9288 - accuracy: 0.3142
29/98 [=======>......................] - ETA: 2s - loss: 1.9275 - accuracy: 0.3141
31/98 [========>.....................] - ETA: 2s - loss: 1.9264 - accuracy: 0.3147
33/98 [=========>....................] - ETA: 2s - loss: 1.9251 - accuracy: 0.3147
35/98 [=========>....................] - ETA: 1s - loss: 1.9264 - accuracy: 0.3143
37/98 [==========>...................] - ETA: 1s - loss: 1.9262 - accuracy: 0.3138
39/98 [==========>...................] - ETA: 1s - loss: 1.9250 - accuracy: 0.3142
41/98 [===========>..................] - ETA: 1s - loss: 1.9229 - accuracy: 0.3138
43/98 [============>.................] - ETA: 1s - loss: 1.9208 - accuracy: 0.3148
45/98 [============>.................] - ETA: 1s - loss: 1.9189 - accuracy: 0.3150
47/98 [=============>................] - ETA: 1s - loss: 1.9176 - accuracy: 0.3144
49/98 [==============>...............] - ETA: 1s - loss: 1.9180 - accuracy: 0.3152
51/98 [==============>...............] - ETA: 1s - loss: 1.9151 - accuracy: 0.3164
53/98 [===============>..............] - ETA: 1s - loss: 1.9144 - accuracy: 0.3171
55/98 [===============>..............] - ETA: 1s - loss: 1.9119 - accuracy: 0.3175
58/98 [================>.............] - ETA: 1s - loss: 1.9088 - accuracy: 0.3184
60/98 [=================>............] - ETA: 1s - loss: 1.9068 - accuracy: 0.3192
62/98 [=================>............] - ETA: 1s - loss: 1.9047 - accuracy: 0.3197
64/98 [==================>...........] - ETA: 1s - loss: 1.9036 - accuracy: 0.3187
66/98 [===================>..........] - ETA: 0s - loss: 1.8998 - accuracy: 0.3198
68/98 [===================>..........] - ETA: 0s - loss: 1.8980 - accuracy: 0.3201
70/98 [====================>.........] - ETA: 0s - loss: 1.8958 - accuracy: 0.3211
72/98 [=====================>........] - ETA: 0s - loss: 1.8950 - accuracy: 0.3212
74/98 [=====================>........] - ETA: 0s - loss: 1.8956 - accuracy: 0.3208
76/98 [======================>.......] - ETA: 0s - loss: 1.8953 - accuracy: 0.3208
78/98 [======================>.......] - ETA: 0s - loss: 1.8946 - accuracy: 0.3207
79/98 [=======================>......] - ETA: 0s - loss: 1.8943 - accuracy: 0.3207
81/98 [=======================>......] - ETA: 0s - loss: 1.8925 - accuracy: 0.3213
83/98 [========================>.....] - ETA: 0s - loss: 1.8903 - accuracy: 0.3222
85/98 [=========================>....] - ETA: 0s - loss: 1.8886 - accuracy: 0.3228
87/98 [=========================>....] - ETA: 0s - loss: 1.8875 - accuracy: 0.3236
89/98 [==========================>...] - ETA: 0s - loss: 1.8859 - accuracy: 0.3243
91/98 [==========================>...] - ETA: 0s - loss: 1.8848 - accuracy: 0.3245
93/98 [===========================>..] - ETA: 0s - loss: 1.8844 - accuracy: 0.3245
95/98 [============================>.] - ETA: 0s - loss: 1.8828 - accuracy: 0.3254
97/98 [============================>.] - ETA: 0s - loss: 1.8815 - accuracy: 0.3258
98/98 [==============================] - 4s 38ms/step - loss: 1.8810 - accuracy: 0.3258 - val_loss: 2.1519 - val_accuracy: 0.3877
Epoch 4/272

 1/98 [..............................] - ETA: 4s - loss: 1.7983 - accuracy: 0.3750
 4/98 [>.............................] - ETA: 2s - loss: 1.8101 - accuracy: 0.3525
 6/98 [>.............................] - ETA: 2s - loss: 1.8184 - accuracy: 0.3451
 8/98 [=>............................] - ETA: 2s - loss: 1.8088 - accuracy: 0.3521
10/98 [==>...........................] - ETA: 2s - loss: 1.8152 - accuracy: 0.3502
12/98 [==>...........................] - ETA: 2s - loss: 1.8117 - accuracy: 0.3535
14/98 [===>..........................] - ETA: 2s - loss: 1.8074 - accuracy: 0.3534
16/98 [===>..........................] - ETA: 2s - loss: 1.8051 - accuracy: 0.3539
18/98 [====>.........................] - ETA: 2s - loss: 1.8052 - accuracy: 0.3535
20/98 [=====>........................] - ETA: 2s - loss: 1.8068 - accuracy: 0.3541
22/98 [=====>........................] - ETA: 2s - loss: 1.8055 - accuracy: 0.3552
24/98 [======>.......................] - ETA: 2s - loss: 1.8047 - accuracy: 0.3540
26/98 [======>.......................] - ETA: 2s - loss: 1.8019 - accuracy: 0.3554
28/98 [=======>......................] - ETA: 2s - loss: 1.8013 - accuracy: 0.3536
30/98 [========>.....................] - ETA: 2s - loss: 1.8013 - accuracy: 0.3535
32/98 [========>.....................] - ETA: 2s - loss: 1.8000 - accuracy: 0.3543
34/98 [=========>....................] - ETA: 1s - loss: 1.7967 - accuracy: 0.3560
36/98 [==========>...................] - ETA: 1s - loss: 1.7978 - accuracy: 0.3557
38/98 [==========>...................] - ETA: 1s - loss: 1.7963 - accuracy: 0.3573
40/98 [===========>..................] - ETA: 1s - loss: 1.7954 - accuracy: 0.3578
42/98 [===========>..................] - ETA: 1s - loss: 1.7954 - accuracy: 0.3577
44/98 [============>.................] - ETA: 1s - loss: 1.7958 - accuracy: 0.3574
46/98 [=============>................] - ETA: 1s - loss: 1.7972 - accuracy: 0.3569
48/98 [=============>................] - ETA: 1s - loss: 1.7976 - accuracy: 0.3572
50/98 [==============>...............] - ETA: 1s - loss: 1.7972 - accuracy: 0.3572
52/98 [==============>...............] - ETA: 1s - loss: 1.7959 - accuracy: 0.3580
54/98 [===============>..............] - ETA: 1s - loss: 1.7951 - accuracy: 0.3592
56/98 [================>.............] - ETA: 1s - loss: 1.7944 - accuracy: 0.3592
58/98 [================>.............] - ETA: 1s - loss: 1.7935 - accuracy: 0.3589
60/98 [=================>............] - ETA: 1s - loss: 1.7922 - accuracy: 0.3593
62/98 [=================>............] - ETA: 1s - loss: 1.7912 - accuracy: 0.3597
64/98 [==================>...........] - ETA: 1s - loss: 1.7897 - accuracy: 0.3606
66/98 [===================>..........] - ETA: 0s - loss: 1.7877 - accuracy: 0.3613
68/98 [===================>..........] - ETA: 0s - loss: 1.7875 - accuracy: 0.3611
70/98 [====================>.........] - ETA: 0s - loss: 1.7864 - accuracy: 0.3614
72/98 [=====================>........] - ETA: 0s - loss: 1.7844 - accuracy: 0.3619
74/98 [=====================>........] - ETA: 0s - loss: 1.7821 - accuracy: 0.3626
76/98 [======================>.......] - ETA: 0s - loss: 1.7803 - accuracy: 0.3632
78/98 [======================>.......] - ETA: 0s - loss: 1.7795 - accuracy: 0.3636
80/98 [=======================>......] - ETA: 0s - loss: 1.7780 - accuracy: 0.3635
82/98 [========================>.....] - ETA: 0s - loss: 1.7762 - accuracy: 0.3645
84/98 [========================>.....] - ETA: 0s - loss: 1.7756 - accuracy: 0.3648
86/98 [=========================>....] - ETA: 0s - loss: 1.7757 - accuracy: 0.3647
88/98 [=========================>....] - ETA: 0s - loss: 1.7747 - accuracy: 0.3650
90/98 [==========================>...] - ETA: 0s - loss: 1.7743 - accuracy: 0.3653
92/98 [===========================>..] - ETA: 0s - loss: 1.7727 - accuracy: 0.3657
94/98 [===========================>..] - ETA: 0s - loss: 1.7725 - accuracy: 0.3659
96/98 [============================>.] - ETA: 0s - loss: 1.7718 - accuracy: 0.3660
98/98 [==============================] - ETA: 0s - loss: 1.7707 - accuracy: 0.3663
98/98 [==============================] - 4s 38ms/step - loss: 1.7707 - accuracy: 0.3663 - val_loss: 2.0287 - val_accuracy: 0.4163
Epoch 5/272

 1/98 [..............................] - ETA: 4s - loss: 1.7070 - accuracy: 0.4121
 3/98 [..............................] - ETA: 2s - loss: 1.7255 - accuracy: 0.3971
 5/98 [>.............................] - ETA: 2s - loss: 1.7485 - accuracy: 0.3805
 7/98 [=>............................] - ETA: 2s - loss: 1.7207 - accuracy: 0.3892
 9/98 [=>............................] - ETA: 2s - loss: 1.7179 - accuracy: 0.3902
11/98 [==>...........................] - ETA: 2s - loss: 1.7281 - accuracy: 0.3881
13/98 [==>...........................] - ETA: 2s - loss: 1.7251 - accuracy: 0.3879
15/98 [===>..........................] - ETA: 2s - loss: 1.7182 - accuracy: 0.3909
17/98 [====>.........................] - ETA: 2s - loss: 1.7165 - accuracy: 0.3896
19/98 [====>.........................] - ETA: 2s - loss: 1.7188 - accuracy: 0.3893
21/98 [=====>........................] - ETA: 2s - loss: 1.7165 - accuracy: 0.3876
23/98 [======>.......................] - ETA: 2s - loss: 1.7176 - accuracy: 0.3871
25/98 [======>.......................] - ETA: 2s - loss: 1.7218 - accuracy: 0.3858
27/98 [=======>......................] - ETA: 2s - loss: 1.7184 - accuracy: 0.3884
29/98 [=======>......................] - ETA: 2s - loss: 1.7188 - accuracy: 0.3889
31/98 [========>.....................] - ETA: 2s - loss: 1.7200 - accuracy: 0.3881
33/98 [=========>....................] - ETA: 2s - loss: 1.7182 - accuracy: 0.3881
35/98 [=========>....................] - ETA: 1s - loss: 1.7157 - accuracy: 0.3891
37/98 [==========>...................] - ETA: 1s - loss: 1.7139 - accuracy: 0.3890
39/98 [==========>...................] - ETA: 1s - loss: 1.7117 - accuracy: 0.3899
41/98 [===========>..................] - ETA: 1s - loss: 1.7116 - accuracy: 0.3893
43/98 [============>.................] - ETA: 1s - loss: 1.7120 - accuracy: 0.3890
45/98 [============>.................] - ETA: 1s - loss: 1.7108 - accuracy: 0.3894
47/98 [=============>................] - ETA: 1s - loss: 1.7107 - accuracy: 0.3892
49/98 [==============>...............] - ETA: 1s - loss: 1.7092 - accuracy: 0.3901
51/98 [==============>...............] - ETA: 1s - loss: 1.7078 - accuracy: 0.3900
53/98 [===============>..............] - ETA: 1s - loss: 1.7074 - accuracy: 0.3895
55/98 [===============>..............] - ETA: 1s - loss: 1.7064 - accuracy: 0.3897
57/98 [================>.............] - ETA: 1s - loss: 1.7080 - accuracy: 0.3887
59/98 [=================>............] - ETA: 1s - loss: 1.7082 - accuracy: 0.3893
61/98 [=================>............] - ETA: 1s - loss: 1.7072 - accuracy: 0.3899
64/98 [==================>...........] - ETA: 1s - loss: 1.7085 - accuracy: 0.3905
67/98 [===================>..........] - ETA: 0s - loss: 1.7077 - accuracy: 0.3903
69/98 [====================>.........] - ETA: 0s - loss: 1.7064 - accuracy: 0.3908
71/98 [====================>.........] - ETA: 0s - loss: 1.7065 - accuracy: 0.3908
73/98 [=====================>........] - ETA: 0s - loss: 1.7061 - accuracy: 0.3915
75/98 [=====================>........] - ETA: 0s - loss: 1.7046 - accuracy: 0.3918
78/98 [======================>.......] - ETA: 0s - loss: 1.7035 - accuracy: 0.3921
80/98 [=======================>......] - ETA: 0s - loss: 1.7043 - accuracy: 0.3925
82/98 [========================>.....] - ETA: 0s - loss: 1.7034 - accuracy: 0.3925
84/98 [========================>.....] - ETA: 0s - loss: 1.7025 - accuracy: 0.3929
86/98 [=========================>....] - ETA: 0s - loss: 1.7032 - accuracy: 0.3932
88/98 [=========================>....] - ETA: 0s - loss: 1.7033 - accuracy: 0.3930
90/98 [==========================>...] - ETA: 0s - loss: 1.7029 - accuracy: 0.3930
92/98 [===========================>..] - ETA: 0s - loss: 1.7025 - accuracy: 0.3928
94/98 [===========================>..] - ETA: 0s - loss: 1.7023 - accuracy: 0.3928
96/98 [============================>.] - ETA: 0s - loss: 1.7008 - accuracy: 0.3929
98/98 [==============================] - ETA: 0s - loss: 1.6995 - accuracy: 0.3935
98/98 [==============================] - 4s 38ms/step - loss: 1.6995 - accuracy: 0.3935 - val_loss: 1.8732 - val_accuracy: 0.4355
Epoch 6/272

 1/98 [..............................] - ETA: 4s - loss: 1.6123 - accuracy: 0.4336
 3/98 [..............................] - ETA: 2s - loss: 1.6512 - accuracy: 0.4147
 5/98 [>.............................] - ETA: 2s - loss: 1.6459 - accuracy: 0.4121
 7/98 [=>............................] - ETA: 2s - loss: 1.6514 - accuracy: 0.4124
 9/98 [=>............................] - ETA: 2s - loss: 1.6512 - accuracy: 0.4110
11/98 [==>...........................] - ETA: 2s - loss: 1.6557 - accuracy: 0.4100
13/98 [==>...........................] - ETA: 2s - loss: 1.6606 - accuracy: 0.4078
15/98 [===>..........................] - ETA: 2s - loss: 1.6644 - accuracy: 0.4049
18/98 [====>.........................] - ETA: 2s - loss: 1.6675 - accuracy: 0.4032
20/98 [=====>........................] - ETA: 2s - loss: 1.6707 - accuracy: 0.4027
22/98 [=====>........................] - ETA: 2s - loss: 1.6666 - accuracy: 0.4039
24/98 [======>.......................] - ETA: 2s - loss: 1.6706 - accuracy: 0.4016
26/98 [======>.......................] - ETA: 2s - loss: 1.6716 - accuracy: 0.4012
28/98 [=======>......................] - ETA: 2s - loss: 1.6706 - accuracy: 0.4020
30/98 [========>.....................] - ETA: 2s - loss: 1.6730 - accuracy: 0.4014
33/98 [=========>....................] - ETA: 1s - loss: 1.6706 - accuracy: 0.4017
35/98 [=========>....................] - ETA: 1s - loss: 1.6676 - accuracy: 0.4034
37/98 [==========>...................] - ETA: 1s - loss: 1.6659 - accuracy: 0.4046
39/98 [==========>...................] - ETA: 1s - loss: 1.6658 - accuracy: 0.4054
42/98 [===========>..................] - ETA: 1s - loss: 1.6647 - accuracy: 0.4054
44/98 [============>.................] - ETA: 1s - loss: 1.6640 - accuracy: 0.4060
46/98 [=============>................] - ETA: 1s - loss: 1.6640 - accuracy: 0.4063
48/98 [=============>................] - ETA: 1s - loss: 1.6629 - accuracy: 0.4066
50/98 [==============>...............] - ETA: 1s - loss: 1.6611 - accuracy: 0.4078
52/98 [==============>...............] - ETA: 1s - loss: 1.6618 - accuracy: 0.4076
55/98 [===============>..............] - ETA: 1s - loss: 1.6584 - accuracy: 0.4096
57/98 [================>.............] - ETA: 1s - loss: 1.6561 - accuracy: 0.4097
59/98 [=================>............] - ETA: 1s - loss: 1.6548 - accuracy: 0.4103
61/98 [=================>............] - ETA: 1s - loss: 1.6539 - accuracy: 0.4106
63/98 [==================>...........] - ETA: 1s - loss: 1.6529 - accuracy: 0.4105
65/98 [==================>...........] - ETA: 1s - loss: 1.6504 - accuracy: 0.4106
67/98 [===================>..........] - ETA: 0s - loss: 1.6492 - accuracy: 0.4107
69/98 [====================>.........] - ETA: 0s - loss: 1.6480 - accuracy: 0.4110
71/98 [====================>.........] - ETA: 0s - loss: 1.6477 - accuracy: 0.4108
73/98 [=====================>........] - ETA: 0s - loss: 1.6465 - accuracy: 0.4109
75/98 [=====================>........] - ETA: 0s - loss: 1.6449 - accuracy: 0.4111
77/98 [======================>.......] - ETA: 0s - loss: 1.6445 - accuracy: 0.4113
80/98 [=======================>......] - ETA: 0s - loss: 1.6448 - accuracy: 0.4112
82/98 [========================>.....] - ETA: 0s - loss: 1.6452 - accuracy: 0.4107
84/98 [========================>.....] - ETA: 0s - loss: 1.6445 - accuracy: 0.4110
86/98 [=========================>....] - ETA: 0s - loss: 1.6433 - accuracy: 0.4119
88/98 [=========================>....] - ETA: 0s - loss: 1.6440 - accuracy: 0.4115
90/98 [==========================>...] - ETA: 0s - loss: 1.6429 - accuracy: 0.4125
92/98 [===========================>..] - ETA: 0s - loss: 1.6434 - accuracy: 0.4123
94/98 [===========================>..] - ETA: 0s - loss: 1.6438 - accuracy: 0.4126
96/98 [============================>.] - ETA: 0s - loss: 1.6426 - accuracy: 0.4131
98/98 [==============================] - ETA: 0s - loss: 1.6419 - accuracy: 0.4137
98/98 [==============================] - 4s 37ms/step - loss: 1.6419 - accuracy: 0.4137 - val_loss: 1.7045 - val_accuracy: 0.4534
Epoch 7/272

 1/98 [..............................] - ETA: 4s - loss: 1.5604 - accuracy: 0.4590
 3/98 [..............................] - ETA: 2s - loss: 1.6171 - accuracy: 0.4316
 5/98 [>.............................] - ETA: 2s - loss: 1.6123 - accuracy: 0.4277
 7/98 [=>............................] - ETA: 2s - loss: 1.5959 - accuracy: 0.4311
10/98 [==>...........................] - ETA: 2s - loss: 1.6149 - accuracy: 0.4225
12/98 [==>...........................] - ETA: 2s - loss: 1.6175 - accuracy: 0.4219
14/98 [===>..........................] - ETA: 2s - loss: 1.6142 - accuracy: 0.4241
16/98 [===>..........................] - ETA: 2s - loss: 1.6104 - accuracy: 0.4244
18/98 [====>.........................] - ETA: 2s - loss: 1.6114 - accuracy: 0.4251
20/98 [=====>........................] - ETA: 2s - loss: 1.6065 - accuracy: 0.4278
22/98 [=====>........................] - ETA: 2s - loss: 1.6068 - accuracy: 0.4266
24/98 [======>.......................] - ETA: 2s - loss: 1.6098 - accuracy: 0.4243
26/98 [======>.......................] - ETA: 2s - loss: 1.6086 - accuracy: 0.4249
28/98 [=======>......................] - ETA: 2s - loss: 1.6093 - accuracy: 0.4254
30/98 [========>.....................] - ETA: 2s - loss: 1.6074 - accuracy: 0.4249
32/98 [========>.....................] - ETA: 2s - loss: 1.6104 - accuracy: 0.4245
34/98 [=========>....................] - ETA: 1s - loss: 1.6107 - accuracy: 0.4241
36/98 [==========>...................] - ETA: 1s - loss: 1.6092 - accuracy: 0.4256
38/98 [==========>...................] - ETA: 1s - loss: 1.6079 - accuracy: 0.4261
40/98 [===========>..................] - ETA: 1s - loss: 1.6073 - accuracy: 0.4262
42/98 [===========>..................] - ETA: 1s - loss: 1.6073 - accuracy: 0.4270
44/98 [============>.................] - ETA: 1s - loss: 1.6083 - accuracy: 0.4264
46/98 [=============>................] - ETA: 1s - loss: 1.6094 - accuracy: 0.4261
48/98 [=============>................] - ETA: 1s - loss: 1.6107 - accuracy: 0.4257
50/98 [==============>...............] - ETA: 1s - loss: 1.6102 - accuracy: 0.4257
52/98 [==============>...............] - ETA: 1s - loss: 1.6087 - accuracy: 0.4266
54/98 [===============>..............] - ETA: 1s - loss: 1.6070 - accuracy: 0.4270
56/98 [================>.............] - ETA: 1s - loss: 1.6075 - accuracy: 0.4267
58/98 [================>.............] - ETA: 1s - loss: 1.6079 - accuracy: 0.4264
60/98 [=================>............] - ETA: 1s - loss: 1.6090 - accuracy: 0.4260
62/98 [=================>............] - ETA: 1s - loss: 1.6080 - accuracy: 0.4266
64/98 [==================>...........] - ETA: 1s - loss: 1.6060 - accuracy: 0.4268
66/98 [===================>..........] - ETA: 0s - loss: 1.6047 - accuracy: 0.4268
68/98 [===================>..........] - ETA: 0s - loss: 1.6041 - accuracy: 0.4268
70/98 [====================>.........] - ETA: 0s - loss: 1.6044 - accuracy: 0.4259
72/98 [=====================>........] - ETA: 0s - loss: 1.6039 - accuracy: 0.4256
74/98 [=====================>........] - ETA: 0s - loss: 1.6032 - accuracy: 0.4256
76/98 [======================>.......] - ETA: 0s - loss: 1.6037 - accuracy: 0.4256
78/98 [======================>.......] - ETA: 0s - loss: 1.6028 - accuracy: 0.4258
80/98 [=======================>......] - ETA: 0s - loss: 1.6026 - accuracy: 0.4255
82/98 [========================>.....] - ETA: 0s - loss: 1.6025 - accuracy: 0.4257
84/98 [========================>.....] - ETA: 0s - loss: 1.6013 - accuracy: 0.4258
86/98 [=========================>....] - ETA: 0s - loss: 1.6005 - accuracy: 0.4262
88/98 [=========================>....] - ETA: 0s - loss: 1.6010 - accuracy: 0.4263
90/98 [==========================>...] - ETA: 0s - loss: 1.6002 - accuracy: 0.4265
92/98 [===========================>..] - ETA: 0s - loss: 1.5997 - accuracy: 0.4270
94/98 [===========================>..] - ETA: 0s - loss: 1.5989 - accuracy: 0.4274
96/98 [============================>.] - ETA: 0s - loss: 1.5974 - accuracy: 0.4277
98/98 [==============================] - ETA: 0s - loss: 1.5976 - accuracy: 0.4280
98/98 [==============================] - 4s 38ms/step - loss: 1.5976 - accuracy: 0.4280 - val_loss: 1.5793 - val_accuracy: 0.4708
Epoch 8/272

 1/98 [..............................] - ETA: 4s - loss: 1.5573 - accuracy: 0.4160
 3/98 [..............................] - ETA: 2s - loss: 1.5866 - accuracy: 0.4251
 5/98 [>.............................] - ETA: 2s - loss: 1.5924 - accuracy: 0.4332
 7/98 [=>............................] - ETA: 2s - loss: 1.5899 - accuracy: 0.4350
 9/98 [=>............................] - ETA: 2s - loss: 1.5834 - accuracy: 0.4342
11/98 [==>...........................] - ETA: 2s - loss: 1.5796 - accuracy: 0.4359
13/98 [==>...........................] - ETA: 2s - loss: 1.5815 - accuracy: 0.4357
15/98 [===>..........................] - ETA: 2s - loss: 1.5761 - accuracy: 0.4383
17/98 [====>.........................] - ETA: 2s - loss: 1.5789 - accuracy: 0.4369
19/98 [====>.........................] - ETA: 2s - loss: 1.5847 - accuracy: 0.4346
21/98 [=====>........................] - ETA: 2s - loss: 1.5804 - accuracy: 0.4366
24/98 [======>.......................] - ETA: 2s - loss: 1.5794 - accuracy: 0.4367
26/98 [======>.......................] - ETA: 2s - loss: 1.5774 - accuracy: 0.4354
28/98 [=======>......................] - ETA: 2s - loss: 1.5761 - accuracy: 0.4357
30/98 [========>.....................] - ETA: 2s - loss: 1.5764 - accuracy: 0.4369
32/98 [========>.....................] - ETA: 2s - loss: 1.5762 - accuracy: 0.4368
34/98 [=========>....................] - ETA: 2s - loss: 1.5769 - accuracy: 0.4358
36/98 [==========>...................] - ETA: 1s - loss: 1.5745 - accuracy: 0.4358
38/98 [==========>...................] - ETA: 1s - loss: 1.5729 - accuracy: 0.4369
40/98 [===========>..................] - ETA: 1s - loss: 1.5752 - accuracy: 0.4368
42/98 [===========>..................] - ETA: 1s - loss: 1.5715 - accuracy: 0.4383
44/98 [============>.................] - ETA: 1s - loss: 1.5696 - accuracy: 0.4392
46/98 [=============>................] - ETA: 1s - loss: 1.5696 - accuracy: 0.4389
48/98 [=============>................] - ETA: 1s - loss: 1.5688 - accuracy: 0.4390
50/98 [==============>...............] - ETA: 1s - loss: 1.5665 - accuracy: 0.4392
52/98 [==============>...............] - ETA: 1s - loss: 1.5655 - accuracy: 0.4392
54/98 [===============>..............] - ETA: 1s - loss: 1.5665 - accuracy: 0.4390
56/98 [================>.............] - ETA: 1s - loss: 1.5672 - accuracy: 0.4388
58/98 [================>.............] - ETA: 1s - loss: 1.5671 - accuracy: 0.4393
60/98 [=================>............] - ETA: 1s - loss: 1.5671 - accuracy: 0.4390
62/98 [=================>............] - ETA: 1s - loss: 1.5671 - accuracy: 0.4389
64/98 [==================>...........] - ETA: 1s - loss: 1.5657 - accuracy: 0.4398
66/98 [===================>..........] - ETA: 1s - loss: 1.5651 - accuracy: 0.4390
68/98 [===================>..........] - ETA: 0s - loss: 1.5644 - accuracy: 0.4391
70/98 [====================>.........] - ETA: 0s - loss: 1.5645 - accuracy: 0.4394
72/98 [=====================>........] - ETA: 0s - loss: 1.5649 - accuracy: 0.4396
74/98 [=====================>........] - ETA: 0s - loss: 1.5640 - accuracy: 0.4407
76/98 [======================>.......] - ETA: 0s - loss: 1.5635 - accuracy: 0.4406
78/98 [======================>.......] - ETA: 0s - loss: 1.5638 - accuracy: 0.4409
80/98 [=======================>......] - ETA: 0s - loss: 1.5639 - accuracy: 0.4408
82/98 [========================>.....] - ETA: 0s - loss: 1.5636 - accuracy: 0.4412
84/98 [========================>.....] - ETA: 0s - loss: 1.5627 - accuracy: 0.4415
86/98 [=========================>....] - ETA: 0s - loss: 1.5629 - accuracy: 0.4412
88/98 [=========================>....] - ETA: 0s - loss: 1.5626 - accuracy: 0.4413
90/98 [==========================>...] - ETA: 0s - loss: 1.5614 - accuracy: 0.4416
92/98 [===========================>..] - ETA: 0s - loss: 1.5611 - accuracy: 0.4414
94/98 [===========================>..] - ETA: 0s - loss: 1.5612 - accuracy: 0.4415
96/98 [============================>.] - ETA: 0s - loss: 1.5603 - accuracy: 0.4421
98/98 [==============================] - ETA: 0s - loss: 1.5596 - accuracy: 0.4420
98/98 [==============================] - 4s 38ms/step - loss: 1.5596 - accuracy: 0.4420 - val_loss: 1.5070 - val_accuracy: 0.4786
Epoch 9/272

 1/98 [..............................] - ETA: 4s - loss: 1.5222 - accuracy: 0.4648
 3/98 [..............................] - ETA: 2s - loss: 1.5340 - accuracy: 0.4642
 5/98 [>.............................] - ETA: 2s - loss: 1.5182 - accuracy: 0.4688
 7/98 [=>............................] - ETA: 2s - loss: 1.5265 - accuracy: 0.4604
 9/98 [=>............................] - ETA: 2s - loss: 1.5261 - accuracy: 0.4590
11/98 [==>...........................] - ETA: 2s - loss: 1.5289 - accuracy: 0.4586
13/98 [==>...........................] - ETA: 2s - loss: 1.5312 - accuracy: 0.4557
15/98 [===>..........................] - ETA: 2s - loss: 1.5273 - accuracy: 0.4566
17/98 [====>.........................] - ETA: 2s - loss: 1.5242 - accuracy: 0.4558
19/98 [====>.........................] - ETA: 2s - loss: 1.5222 - accuracy: 0.4570
21/98 [=====>........................] - ETA: 2s - loss: 1.5254 - accuracy: 0.4581
23/98 [======>.......................] - ETA: 2s - loss: 1.5274 - accuracy: 0.4578
25/98 [======>.......................] - ETA: 2s - loss: 1.5297 - accuracy: 0.4581
27/98 [=======>......................] - ETA: 2s - loss: 1.5344 - accuracy: 0.4565
29/98 [=======>......................] - ETA: 2s - loss: 1.5328 - accuracy: 0.4571
31/98 [========>.....................] - ETA: 2s - loss: 1.5310 - accuracy: 0.4584
33/98 [=========>....................] - ETA: 2s - loss: 1.5314 - accuracy: 0.4574
36/98 [==========>...................] - ETA: 1s - loss: 1.5313 - accuracy: 0.4567
38/98 [==========>...................] - ETA: 1s - loss: 1.5321 - accuracy: 0.4571
40/98 [===========>..................] - ETA: 1s - loss: 1.5333 - accuracy: 0.4555
42/98 [===========>..................] - ETA: 1s - loss: 1.5332 - accuracy: 0.4553
44/98 [============>.................] - ETA: 1s - loss: 1.5325 - accuracy: 0.4562
46/98 [=============>................] - ETA: 1s - loss: 1.5315 - accuracy: 0.4566
48/98 [=============>................] - ETA: 1s - loss: 1.5304 - accuracy: 0.4567
50/98 [==============>...............] - ETA: 1s - loss: 1.5303 - accuracy: 0.4567
52/98 [==============>...............] - ETA: 1s - loss: 1.5294 - accuracy: 0.4568
54/98 [===============>..............] - ETA: 1s - loss: 1.5297 - accuracy: 0.4562
56/98 [================>.............] - ETA: 1s - loss: 1.5305 - accuracy: 0.4563
58/98 [================>.............] - ETA: 1s - loss: 1.5309 - accuracy: 0.4561
60/98 [=================>............] - ETA: 1s - loss: 1.5298 - accuracy: 0.4559
62/98 [=================>............] - ETA: 1s - loss: 1.5291 - accuracy: 0.4559
64/98 [==================>...........] - ETA: 1s - loss: 1.5285 - accuracy: 0.4566
66/98 [===================>..........] - ETA: 0s - loss: 1.5285 - accuracy: 0.4561
68/98 [===================>..........] - ETA: 0s - loss: 1.5279 - accuracy: 0.4564
70/98 [====================>.........] - ETA: 0s - loss: 1.5285 - accuracy: 0.4556
72/98 [=====================>........] - ETA: 0s - loss: 1.5283 - accuracy: 0.4561
74/98 [=====================>........] - ETA: 0s - loss: 1.5273 - accuracy: 0.4560
76/98 [======================>.......] - ETA: 0s - loss: 1.5265 - accuracy: 0.4564
78/98 [======================>.......] - ETA: 0s - loss: 1.5258 - accuracy: 0.4563
80/98 [=======================>......] - ETA: 0s - loss: 1.5247 - accuracy: 0.4565
82/98 [========================>.....] - ETA: 0s - loss: 1.5239 - accuracy: 0.4570
