2024-06-21 17:40:20.802816: I tensorflow/core/platform/cpu_feature_guard.cc:193] This TensorFlow binary is optimized with oneAPI Deep Neural Network Library (oneDNN) to use the following CPU instructions in performance-critical operations:  AVX AVX2
To enable them in other operations, rebuild TensorFlow with the appropriate compiler flags.
2024-06-21 17:40:21.374997: I tensorflow/core/common_runtime/gpu/gpu_device.cc:1616] Created device /job:localhost/replica:0/task:0/device:GPU:0 with 6144 MB memory:  -> device: 0, name: NVIDIA GeForce RTX 4060 Ti, pci bus id: 0000:01:00.0, compute capability: 8.9
1 Physical GPUs, 1 Logical GPUs
Model: "sequential"
_________________________________________________________________
 Layer (type)                Output Shape              Param #   
=================================================================
 conv2d (Conv2D)             (None, 32, 32, 32)        896       
                                                                 
 max_pooling2d (MaxPooling2D  (None, 16, 16, 32)       0         
 )                                                               
                                                                 
 conv2d_1 (Conv2D)           (None, 16, 16, 128)       331904    
                                                                 
 max_pooling2d_1 (MaxPooling  (None, 8, 8, 128)        0         
 2D)                                                             
                                                                 
 conv2d_2 (Conv2D)           (None, 8, 8, 64)          401472    
                                                                 
 max_pooling2d_2 (MaxPooling  (None, 4, 4, 64)         0         
 2D)                                                             
                                                                 
 conv2d_3 (Conv2D)           (None, 4, 4, 128)         991360    
                                                                 
 dropout (Dropout)           (None, 4, 4, 128)         0         
                                                                 
 flatten (Flatten)           (None, 2048)              0         
                                                                 
 dense (Dense)               (None, 100)               204900    
                                                                 
 dropout_1 (Dropout)         (None, 100)               0         
                                                                 
 dense_1 (Dense)             (None, 10)                1010      
                                                                 
=================================================================
Total params: 1,931,542
Trainable params: 1,931,542
Non-trainable params: 0
_________________________________________________________________
Taxa de aprendizado:  0.0001 Num de épocas:  150 Tamanho do lote:  512 Dropout:  0.34
Epoch 1/150
2024-06-21 17:40:22.781629: I tensorflow/stream_executor/cuda/cuda_dnn.cc:384] Loaded cuDNN version 8100
2024-06-21 17:40:23.629060: W tensorflow/stream_executor/gpu/redzone_allocator.cc:314] INTERNAL: ptxas exited with non-zero error code -1, output: 
Relying on driver to perform ptx compilation. 
Modify $PATH to customize ptxas location.
This message will be only logged once.
2024-06-21 17:40:24.846964: I tensorflow/stream_executor/cuda/cuda_blas.cc:1614] TensorFloat-32 will be used for the matrix multiplication. This will only be logged once.

 1/98 [..............................] - ETA: 8:07 - loss: 2.3031 - accuracy: 0.0996
 2/98 [..............................] - ETA: 7s - loss: 2.3042 - accuracy: 0.0996  
 3/98 [..............................] - ETA: 6s - loss: 2.3021 - accuracy: 0.1016
 4/98 [>.............................] - ETA: 6s - loss: 2.3017 - accuracy: 0.1050
 5/98 [>.............................] - ETA: 6s - loss: 2.3014 - accuracy: 0.1047
 6/98 [>.............................] - ETA: 6s - loss: 2.3005 - accuracy: 0.1068
 7/98 [=>............................] - ETA: 5s - loss: 2.2994 - accuracy: 0.1108
 8/98 [=>............................] - ETA: 5s - loss: 2.2982 - accuracy: 0.1143
 9/98 [=>............................] - ETA: 5s - loss: 2.2963 - accuracy: 0.1189
10/98 [==>...........................] - ETA: 5s - loss: 2.2945 - accuracy: 0.1242
11/98 [==>...........................] - ETA: 5s - loss: 2.2923 - accuracy: 0.1268
12/98 [==>...........................] - ETA: 5s - loss: 2.2906 - accuracy: 0.1309
13/98 [==>...........................] - ETA: 5s - loss: 2.2890 - accuracy: 0.1322
14/98 [===>..........................] - ETA: 5s - loss: 2.2878 - accuracy: 0.1346
15/98 [===>..........................] - ETA: 5s - loss: 2.2859 - accuracy: 0.1378
16/98 [===>..........................] - ETA: 5s - loss: 2.2836 - accuracy: 0.1415
17/98 [====>.........................] - ETA: 5s - loss: 2.2810 - accuracy: 0.1441
18/98 [====>.........................] - ETA: 5s - loss: 2.2783 - accuracy: 0.1469
19/98 [====>.........................] - ETA: 5s - loss: 2.2756 - accuracy: 0.1498
20/98 [=====>........................] - ETA: 5s - loss: 2.2719 - accuracy: 0.1528
21/98 [=====>........................] - ETA: 4s - loss: 2.2687 - accuracy: 0.1555
22/98 [=====>........................] - ETA: 4s - loss: 2.2649 - accuracy: 0.1586
23/98 [======>.......................] - ETA: 4s - loss: 2.2600 - accuracy: 0.1613
24/98 [======>.......................] - ETA: 4s - loss: 2.2546 - accuracy: 0.1640
25/98 [======>.......................] - ETA: 4s - loss: 2.2503 - accuracy: 0.1652
26/98 [======>.......................] - ETA: 4s - loss: 2.2459 - accuracy: 0.1662
27/98 [=======>......................] - ETA: 4s - loss: 2.2403 - accuracy: 0.1690
28/98 [=======>......................] - ETA: 4s - loss: 2.2359 - accuracy: 0.1710
29/98 [=======>......................] - ETA: 4s - loss: 2.2303 - accuracy: 0.1738
30/98 [========>.....................] - ETA: 4s - loss: 2.2250 - accuracy: 0.1758
31/98 [========>.....................] - ETA: 4s - loss: 2.2183 - accuracy: 0.1789
32/98 [========>.....................] - ETA: 4s - loss: 2.2131 - accuracy: 0.1802
33/98 [=========>....................] - ETA: 4s - loss: 2.2070 - accuracy: 0.1826
34/98 [=========>....................] - ETA: 4s - loss: 2.2012 - accuracy: 0.1851
35/98 [=========>....................] - ETA: 4s - loss: 2.1957 - accuracy: 0.1869
36/98 [==========>...................] - ETA: 4s - loss: 2.1919 - accuracy: 0.1889
37/98 [==========>...................] - ETA: 3s - loss: 2.1881 - accuracy: 0.1910
38/98 [==========>...................] - ETA: 3s - loss: 2.1847 - accuracy: 0.1921
39/98 [==========>...................] - ETA: 3s - loss: 2.1816 - accuracy: 0.1929
40/98 [===========>..................] - ETA: 3s - loss: 2.1764 - accuracy: 0.1942
41/98 [===========>..................] - ETA: 3s - loss: 2.1726 - accuracy: 0.1960
42/98 [===========>..................] - ETA: 3s - loss: 2.1680 - accuracy: 0.1980
43/98 [============>.................] - ETA: 3s - loss: 2.1627 - accuracy: 0.2000
44/98 [============>.................] - ETA: 3s - loss: 2.1584 - accuracy: 0.2013
45/98 [============>.................] - ETA: 3s - loss: 2.1546 - accuracy: 0.2024
46/98 [=============>................] - ETA: 3s - loss: 2.1510 - accuracy: 0.2032
47/98 [=============>................] - ETA: 3s - loss: 2.1479 - accuracy: 0.2045
48/98 [=============>................] - ETA: 3s - loss: 2.1459 - accuracy: 0.2049
49/98 [==============>...............] - ETA: 3s - loss: 2.1421 - accuracy: 0.2062
50/98 [==============>...............] - ETA: 3s - loss: 2.1385 - accuracy: 0.2074
51/98 [==============>...............] - ETA: 3s - loss: 2.1349 - accuracy: 0.2084
52/98 [==============>...............] - ETA: 3s - loss: 2.1309 - accuracy: 0.2099
53/98 [===============>..............] - ETA: 2s - loss: 2.1279 - accuracy: 0.2113
54/98 [===============>..............] - ETA: 2s - loss: 2.1238 - accuracy: 0.2131
55/98 [===============>..............] - ETA: 2s - loss: 2.1200 - accuracy: 0.2148
56/98 [================>.............] - ETA: 2s - loss: 2.1164 - accuracy: 0.2160
57/98 [================>.............] - ETA: 2s - loss: 2.1133 - accuracy: 0.2175
58/98 [================>.............] - ETA: 2s - loss: 2.1104 - accuracy: 0.2186
59/98 [=================>............] - ETA: 2s - loss: 2.1065 - accuracy: 0.2199
60/98 [=================>............] - ETA: 2s - loss: 2.1036 - accuracy: 0.2212
61/98 [=================>............] - ETA: 2s - loss: 2.1001 - accuracy: 0.2222
62/98 [=================>............] - ETA: 2s - loss: 2.0968 - accuracy: 0.2238
63/98 [==================>...........] - ETA: 2s - loss: 2.0929 - accuracy: 0.2250
64/98 [==================>...........] - ETA: 2s - loss: 2.0907 - accuracy: 0.2258
65/98 [==================>...........] - ETA: 2s - loss: 2.0878 - accuracy: 0.2266
66/98 [===================>..........] - ETA: 2s - loss: 2.0851 - accuracy: 0.2278
67/98 [===================>..........] - ETA: 2s - loss: 2.0815 - accuracy: 0.2292
68/98 [===================>..........] - ETA: 2s - loss: 2.0795 - accuracy: 0.2300
69/98 [====================>.........] - ETA: 2s - loss: 2.0763 - accuracy: 0.2312
70/98 [====================>.........] - ETA: 2s - loss: 2.0738 - accuracy: 0.2324
71/98 [====================>.........] - ETA: 2s - loss: 2.0701 - accuracy: 0.2337
72/98 [=====================>........] - ETA: 2s - loss: 2.0667 - accuracy: 0.2350
73/98 [=====================>........] - ETA: 2s - loss: 2.0643 - accuracy: 0.2358
74/98 [=====================>........] - ETA: 2s - loss: 2.0615 - accuracy: 0.2369
75/98 [=====================>........] - ETA: 1s - loss: 2.0588 - accuracy: 0.2378
76/98 [======================>.......] - ETA: 1s - loss: 2.0561 - accuracy: 0.2389
77/98 [======================>.......] - ETA: 1s - loss: 2.0525 - accuracy: 0.2406
78/98 [======================>.......] - ETA: 1s - loss: 2.0497 - accuracy: 0.2416
79/98 [=======================>......] - ETA: 1s - loss: 2.0469 - accuracy: 0.2429
80/98 [=======================>......] - ETA: 1s - loss: 2.0442 - accuracy: 0.2442
81/98 [=======================>......] - ETA: 1s - loss: 2.0416 - accuracy: 0.2450
82/98 [========================>.....] - ETA: 1s - loss: 2.0387 - accuracy: 0.2459
83/98 [========================>.....] - ETA: 1s - loss: 2.0362 - accuracy: 0.2468
84/98 [========================>.....] - ETA: 1s - loss: 2.0334 - accuracy: 0.2480
85/98 [=========================>....] - ETA: 1s - loss: 2.0311 - accuracy: 0.2490
86/98 [=========================>....] - ETA: 0s - loss: 2.0289 - accuracy: 0.2499
87/98 [=========================>....] - ETA: 0s - loss: 2.0273 - accuracy: 0.2506
88/98 [=========================>....] - ETA: 0s - loss: 2.0251 - accuracy: 0.2519
89/98 [==========================>...] - ETA: 0s - loss: 2.0222 - accuracy: 0.2531
90/98 [==========================>...] - ETA: 0s - loss: 2.0193 - accuracy: 0.2545
91/98 [==========================>...] - ETA: 0s - loss: 2.0169 - accuracy: 0.2557
92/98 [===========================>..] - ETA: 0s - loss: 2.0147 - accuracy: 0.2568
93/98 [===========================>..] - ETA: 0s - loss: 2.0122 - accuracy: 0.2579
94/98 [===========================>..] - ETA: 0s - loss: 2.0099 - accuracy: 0.2588
95/98 [============================>.] - ETA: 0s - loss: 2.0072 - accuracy: 0.2598
96/98 [============================>.] - ETA: 0s - loss: 2.0049 - accuracy: 0.2609
97/98 [============================>.] - ETA: 0s - loss: 2.0027 - accuracy: 0.2618
98/98 [==============================] - ETA: 0s - loss: 2.0002 - accuracy: 0.2628
98/98 [==============================] - 14s 92ms/step - loss: 2.0002 - accuracy: 0.2628 - val_loss: 1.7440 - val_accuracy: 0.3773
Epoch 2/150

 1/98 [..............................] - ETA: 9s - loss: 1.7230 - accuracy: 0.3867
 2/98 [..............................] - ETA: 6s - loss: 1.7682 - accuracy: 0.3584
 3/98 [..............................] - ETA: 5s - loss: 1.7597 - accuracy: 0.3594
 4/98 [>.............................] - ETA: 5s - loss: 1.7666 - accuracy: 0.3540
 6/98 [>.............................] - ETA: 5s - loss: 1.7565 - accuracy: 0.3594
 7/98 [=>............................] - ETA: 5s - loss: 1.7596 - accuracy: 0.3577
 8/98 [=>............................] - ETA: 5s - loss: 1.7614 - accuracy: 0.3572
 9/98 [=>............................] - ETA: 5s - loss: 1.7648 - accuracy: 0.3522
10/98 [==>...........................] - ETA: 5s - loss: 1.7570 - accuracy: 0.3553
11/98 [==>...........................] - ETA: 5s - loss: 1.7548 - accuracy: 0.3567
12/98 [==>...........................] - ETA: 5s - loss: 1.7522 - accuracy: 0.3563
13/98 [==>...........................] - ETA: 5s - loss: 1.7526 - accuracy: 0.3561
14/98 [===>..........................] - ETA: 5s - loss: 1.7534 - accuracy: 0.3563
15/98 [===>..........................] - ETA: 5s - loss: 1.7537 - accuracy: 0.3578
16/98 [===>..........................] - ETA: 5s - loss: 1.7513 - accuracy: 0.3582
17/98 [====>.........................] - ETA: 5s - loss: 1.7514 - accuracy: 0.3563
18/98 [====>.........................] - ETA: 5s - loss: 1.7499 - accuracy: 0.3566
19/98 [====>.........................] - ETA: 5s - loss: 1.7536 - accuracy: 0.3558
20/98 [=====>........................] - ETA: 5s - loss: 1.7520 - accuracy: 0.3570
21/98 [=====>........................] - ETA: 4s - loss: 1.7521 - accuracy: 0.3577
22/98 [=====>........................] - ETA: 4s - loss: 1.7522 - accuracy: 0.3563
23/98 [======>.......................] - ETA: 4s - loss: 1.7530 - accuracy: 0.3566
24/98 [======>.......................] - ETA: 4s - loss: 1.7532 - accuracy: 0.3558
25/98 [======>.......................] - ETA: 4s - loss: 1.7553 - accuracy: 0.3563
26/98 [======>.......................] - ETA: 4s - loss: 1.7519 - accuracy: 0.3589
27/98 [=======>......................] - ETA: 4s - loss: 1.7495 - accuracy: 0.3590
28/98 [=======>......................] - ETA: 4s - loss: 1.7498 - accuracy: 0.3592
29/98 [=======>......................] - ETA: 4s - loss: 1.7468 - accuracy: 0.3603
30/98 [========>.....................] - ETA: 4s - loss: 1.7453 - accuracy: 0.3607
31/98 [========>.....................] - ETA: 4s - loss: 1.7432 - accuracy: 0.3614
32/98 [========>.....................] - ETA: 4s - loss: 1.7430 - accuracy: 0.3621
33/98 [=========>....................] - ETA: 4s - loss: 1.7425 - accuracy: 0.3619
34/98 [=========>....................] - ETA: 4s - loss: 1.7429 - accuracy: 0.3619
35/98 [=========>....................] - ETA: 4s - loss: 1.7429 - accuracy: 0.3618
36/98 [==========>...................] - ETA: 4s - loss: 1.7431 - accuracy: 0.3625
37/98 [==========>...................] - ETA: 4s - loss: 1.7414 - accuracy: 0.3633
38/98 [==========>...................] - ETA: 3s - loss: 1.7407 - accuracy: 0.3629
39/98 [==========>...................] - ETA: 3s - loss: 1.7415 - accuracy: 0.3622
40/98 [===========>..................] - ETA: 3s - loss: 1.7426 - accuracy: 0.3619
41/98 [===========>..................] - ETA: 3s - loss: 1.7407 - accuracy: 0.3631
42/98 [===========>..................] - ETA: 3s - loss: 1.7400 - accuracy: 0.3633
43/98 [============>.................] - ETA: 3s - loss: 1.7401 - accuracy: 0.3631
44/98 [============>.................] - ETA: 3s - loss: 1.7387 - accuracy: 0.3643
45/98 [============>.................] - ETA: 3s - loss: 1.7386 - accuracy: 0.3639
46/98 [=============>................] - ETA: 3s - loss: 1.7390 - accuracy: 0.3643
47/98 [=============>................] - ETA: 3s - loss: 1.7367 - accuracy: 0.3651
48/98 [=============>................] - ETA: 3s - loss: 1.7357 - accuracy: 0.3649
49/98 [==============>...............] - ETA: 3s - loss: 1.7335 - accuracy: 0.3656
51/98 [==============>...............] - ETA: 3s - loss: 1.7321 - accuracy: 0.3666
52/98 [==============>...............] - ETA: 3s - loss: 1.7307 - accuracy: 0.3674
53/98 [===============>..............] - ETA: 2s - loss: 1.7296 - accuracy: 0.3674
54/98 [===============>..............] - ETA: 2s - loss: 1.7299 - accuracy: 0.3674
55/98 [===============>..............] - ETA: 2s - loss: 1.7287 - accuracy: 0.3679
56/98 [================>.............] - ETA: 2s - loss: 1.7281 - accuracy: 0.3680
57/98 [================>.............] - ETA: 2s - loss: 1.7270 - accuracy: 0.3685
58/98 [================>.............] - ETA: 2s - loss: 1.7263 - accuracy: 0.3686
59/98 [=================>............] - ETA: 2s - loss: 1.7258 - accuracy: 0.3688
60/98 [=================>............] - ETA: 2s - loss: 1.7244 - accuracy: 0.3688
61/98 [=================>............] - ETA: 2s - loss: 1.7244 - accuracy: 0.3689
62/98 [=================>............] - ETA: 2s - loss: 1.7237 - accuracy: 0.3693
63/98 [==================>...........] - ETA: 2s - loss: 1.7231 - accuracy: 0.3693
64/98 [==================>...........] - ETA: 2s - loss: 1.7236 - accuracy: 0.3693
65/98 [==================>...........] - ETA: 2s - loss: 1.7220 - accuracy: 0.3699
66/98 [===================>..........] - ETA: 2s - loss: 1.7204 - accuracy: 0.3702
67/98 [===================>..........] - ETA: 2s - loss: 1.7194 - accuracy: 0.3701
68/98 [===================>..........] - ETA: 1s - loss: 1.7189 - accuracy: 0.3704
69/98 [====================>.........] - ETA: 1s - loss: 1.7174 - accuracy: 0.3707
70/98 [====================>.........] - ETA: 1s - loss: 1.7161 - accuracy: 0.3715
71/98 [====================>.........] - ETA: 1s - loss: 1.7142 - accuracy: 0.3727
72/98 [=====================>........] - ETA: 1s - loss: 1.7134 - accuracy: 0.3730
73/98 [=====================>........] - ETA: 1s - loss: 1.7126 - accuracy: 0.3734
74/98 [=====================>........] - ETA: 1s - loss: 1.7120 - accuracy: 0.3733
75/98 [=====================>........] - ETA: 1s - loss: 1.7106 - accuracy: 0.3736
76/98 [======================>.......] - ETA: 1s - loss: 1.7111 - accuracy: 0.3736
77/98 [======================>.......] - ETA: 1s - loss: 1.7107 - accuracy: 0.3741
78/98 [======================>.......] - ETA: 1s - loss: 1.7097 - accuracy: 0.3745
79/98 [=======================>......] - ETA: 1s - loss: 1.7098 - accuracy: 0.3745
80/98 [=======================>......] - ETA: 1s - loss: 1.7078 - accuracy: 0.3752
81/98 [=======================>......] - ETA: 1s - loss: 1.7074 - accuracy: 0.3750
82/98 [========================>.....] - ETA: 1s - loss: 1.7066 - accuracy: 0.3751
83/98 [========================>.....] - ETA: 0s - loss: 1.7059 - accuracy: 0.3753
84/98 [========================>.....] - ETA: 0s - loss: 1.7051 - accuracy: 0.3753
85/98 [=========================>....] - ETA: 0s - loss: 1.7035 - accuracy: 0.3760
86/98 [=========================>....] - ETA: 0s - loss: 1.7032 - accuracy: 0.3764
87/98 [=========================>....] - ETA: 0s - loss: 1.7027 - accuracy: 0.3769
88/98 [=========================>....] - ETA: 0s - loss: 1.7022 - accuracy: 0.3768
89/98 [==========================>...] - ETA: 0s - loss: 1.7010 - accuracy: 0.3773
90/98 [==========================>...] - ETA: 0s - loss: 1.6999 - accuracy: 0.3778
91/98 [==========================>...] - ETA: 0s - loss: 1.6996 - accuracy: 0.3777
92/98 [===========================>..] - ETA: 0s - loss: 1.6985 - accuracy: 0.3780
93/98 [===========================>..] - ETA: 0s - loss: 1.6972 - accuracy: 0.3786
94/98 [===========================>..] - ETA: 0s - loss: 1.6960 - accuracy: 0.3791
95/98 [============================>.] - ETA: 0s - loss: 1.6954 - accuracy: 0.3791
96/98 [============================>.] - ETA: 0s - loss: 1.6947 - accuracy: 0.3793
97/98 [============================>.] - ETA: 0s - loss: 1.6946 - accuracy: 0.3792
98/98 [==============================] - ETA: 0s - loss: 1.6940 - accuracy: 0.3792
98/98 [==============================] - 7s 74ms/step - loss: 1.6940 - accuracy: 0.3792 - val_loss: 1.5970 - val_accuracy: 0.4213
Epoch 3/150

 1/98 [..............................] - ETA: 7s - loss: 1.5994 - accuracy: 0.4277
 2/98 [..............................] - ETA: 6s - loss: 1.6336 - accuracy: 0.4082
 3/98 [..............................] - ETA: 5s - loss: 1.6115 - accuracy: 0.4128
 4/98 [>.............................] - ETA: 6s - loss: 1.6273 - accuracy: 0.4097
 5/98 [>.............................] - ETA: 6s - loss: 1.6056 - accuracy: 0.4148
 6/98 [>.............................] - ETA: 6s - loss: 1.6021 - accuracy: 0.4154
 7/98 [=>............................] - ETA: 5s - loss: 1.6081 - accuracy: 0.4129
 8/98 [=>............................] - ETA: 6s - loss: 1.6071 - accuracy: 0.4092
 9/98 [=>............................] - ETA: 5s - loss: 1.6047 - accuracy: 0.4093
10/98 [==>...........................] - ETA: 5s - loss: 1.6067 - accuracy: 0.4062
11/98 [==>...........................] - ETA: 5s - loss: 1.6062 - accuracy: 0.4041
12/98 [==>...........................] - ETA: 5s - loss: 1.6085 - accuracy: 0.4040
13/98 [==>...........................] - ETA: 5s - loss: 1.6124 - accuracy: 0.4020
14/98 [===>..........................] - ETA: 5s - loss: 1.6084 - accuracy: 0.4044
15/98 [===>..........................] - ETA: 5s - loss: 1.6036 - accuracy: 0.4066
16/98 [===>..........................] - ETA: 5s - loss: 1.6048 - accuracy: 0.4066
17/98 [====>.........................] - ETA: 5s - loss: 1.6061 - accuracy: 0.4079
18/98 [====>.........................] - ETA: 5s - loss: 1.6028 - accuracy: 0.4093
19/98 [====>.........................] - ETA: 5s - loss: 1.6021 - accuracy: 0.4085
20/98 [=====>........................] - ETA: 5s - loss: 1.6024 - accuracy: 0.4104
21/98 [=====>........................] - ETA: 4s - loss: 1.6001 - accuracy: 0.4107
22/98 [=====>........................] - ETA: 4s - loss: 1.5980 - accuracy: 0.4119
23/98 [======>.......................] - ETA: 4s - loss: 1.5976 - accuracy: 0.4111
24/98 [======>.......................] - ETA: 4s - loss: 1.5955 - accuracy: 0.4119
25/98 [======>.......................] - ETA: 4s - loss: 1.5976 - accuracy: 0.4118
26/98 [======>.......................] - ETA: 4s - loss: 1.5964 - accuracy: 0.4120
27/98 [=======>......................] - ETA: 4s - loss: 1.5974 - accuracy: 0.4116
28/98 [=======>......................] - ETA: 4s - loss: 1.5952 - accuracy: 0.4126
29/98 [=======>......................] - ETA: 4s - loss: 1.5937 - accuracy: 0.4139
30/98 [========>.....................] - ETA: 4s - loss: 1.5955 - accuracy: 0.4126
31/98 [========>.....................] - ETA: 4s - loss: 1.5946 - accuracy: 0.4120
32/98 [========>.....................] - ETA: 4s - loss: 1.5938 - accuracy: 0.4116
33/98 [=========>....................] - ETA: 4s - loss: 1.5936 - accuracy: 0.4122
34/98 [=========>....................] - ETA: 4s - loss: 1.5928 - accuracy: 0.4127
35/98 [=========>....................] - ETA: 4s - loss: 1.5935 - accuracy: 0.4127
36/98 [==========>...................] - ETA: 3s - loss: 1.5935 - accuracy: 0.4123
37/98 [==========>...................] - ETA: 3s - loss: 1.5929 - accuracy: 0.4133
38/98 [==========>...................] - ETA: 3s - loss: 1.5923 - accuracy: 0.4136
39/98 [==========>...................] - ETA: 3s - loss: 1.5927 - accuracy: 0.4139
40/98 [===========>..................] - ETA: 3s - loss: 1.5939 - accuracy: 0.4137
41/98 [===========>..................] - ETA: 3s - loss: 1.5942 - accuracy: 0.4139
42/98 [===========>..................] - ETA: 3s - loss: 1.5943 - accuracy: 0.4143
43/98 [============>.................] - ETA: 3s - loss: 1.5936 - accuracy: 0.4142
44/98 [============>.................] - ETA: 3s - loss: 1.5946 - accuracy: 0.4138
45/98 [============>.................] - ETA: 3s - loss: 1.5946 - accuracy: 0.4134
46/98 [=============>................] - ETA: 3s - loss: 1.5947 - accuracy: 0.4139
47/98 [=============>................] - ETA: 3s - loss: 1.5965 - accuracy: 0.4133
48/98 [=============>................] - ETA: 3s - loss: 1.5958 - accuracy: 0.4137
49/98 [==============>...............] - ETA: 3s - loss: 1.5960 - accuracy: 0.4143
50/98 [==============>...............] - ETA: 3s - loss: 1.5945 - accuracy: 0.4148
51/98 [==============>...............] - ETA: 3s - loss: 1.5927 - accuracy: 0.4155
52/98 [==============>...............] - ETA: 2s - loss: 1.5913 - accuracy: 0.4159
53/98 [===============>..............] - ETA: 2s - loss: 1.5902 - accuracy: 0.4164
54/98 [===============>..............] - ETA: 2s - loss: 1.5891 - accuracy: 0.4168
55/98 [===============>..............] - ETA: 2s - loss: 1.5875 - accuracy: 0.4172
56/98 [================>.............] - ETA: 2s - loss: 1.5872 - accuracy: 0.4170
57/98 [================>.............] - ETA: 2s - loss: 1.5871 - accuracy: 0.4175
58/98 [================>.............] - ETA: 2s - loss: 1.5878 - accuracy: 0.4168
59/98 [=================>............] - ETA: 2s - loss: 1.5879 - accuracy: 0.4168
60/98 [=================>............] - ETA: 2s - loss: 1.5863 - accuracy: 0.4172
61/98 [=================>............] - ETA: 2s - loss: 1.5858 - accuracy: 0.4175
62/98 [=================>............] - ETA: 2s - loss: 1.5853 - accuracy: 0.4178
63/98 [==================>...........] - ETA: 2s - loss: 1.5855 - accuracy: 0.4175
64/98 [==================>...........] - ETA: 2s - loss: 1.5837 - accuracy: 0.4181
65/98 [==================>...........] - ETA: 2s - loss: 1.5838 - accuracy: 0.4178
66/98 [===================>..........] - ETA: 2s - loss: 1.5833 - accuracy: 0.4179
67/98 [===================>..........] - ETA: 2s - loss: 1.5835 - accuracy: 0.4179
69/98 [====================>.........] - ETA: 1s - loss: 1.5839 - accuracy: 0.4181
70/98 [====================>.........] - ETA: 1s - loss: 1.5824 - accuracy: 0.4190
71/98 [====================>.........] - ETA: 1s - loss: 1.5818 - accuracy: 0.4189
72/98 [=====================>........] - ETA: 1s - loss: 1.5821 - accuracy: 0.4190
73/98 [=====================>........] - ETA: 1s - loss: 1.5811 - accuracy: 0.4194
74/98 [=====================>........] - ETA: 1s - loss: 1.5804 - accuracy: 0.4199
75/98 [=====================>........] - ETA: 1s - loss: 1.5792 - accuracy: 0.4207
76/98 [======================>.......] - ETA: 1s - loss: 1.5784 - accuracy: 0.4211
77/98 [======================>.......] - ETA: 1s - loss: 1.5770 - accuracy: 0.4218
78/98 [======================>.......] - ETA: 1s - loss: 1.5761 - accuracy: 0.4224
79/98 [=======================>......] - ETA: 1s - loss: 1.5756 - accuracy: 0.4225
80/98 [=======================>......] - ETA: 1s - loss: 1.5748 - accuracy: 0.4228
81/98 [=======================>......] - ETA: 1s - loss: 1.5750 - accuracy: 0.4234
82/98 [========================>.....] - ETA: 1s - loss: 1.5750 - accuracy: 0.4235
83/98 [========================>.....] - ETA: 0s - loss: 1.5738 - accuracy: 0.4240
84/98 [========================>.....] - ETA: 0s - loss: 1.5730 - accuracy: 0.4244
85/98 [=========================>....] - ETA: 0s - loss: 1.5721 - accuracy: 0.4246
86/98 [=========================>....] - ETA: 0s - loss: 1.5716 - accuracy: 0.4246
87/98 [=========================>....] - ETA: 0s - loss: 1.5713 - accuracy: 0.4251
88/98 [=========================>....] - ETA: 0s - loss: 1.5714 - accuracy: 0.4251
89/98 [==========================>...] - ETA: 0s - loss: 1.5701 - accuracy: 0.4255
90/98 [==========================>...] - ETA: 0s - loss: 1.5692 - accuracy: 0.4255
91/98 [==========================>...] - ETA: 0s - loss: 1.5688 - accuracy: 0.4256
92/98 [===========================>..] - ETA: 0s - loss: 1.5685 - accuracy: 0.4259
93/98 [===========================>..] - ETA: 0s - loss: 1.5678 - accuracy: 0.4264
94/98 [===========================>..] - ETA: 0s - loss: 1.5678 - accuracy: 0.4267
95/98 [============================>.] - ETA: 0s - loss: 1.5669 - accuracy: 0.4269
96/98 [============================>.] - ETA: 0s - loss: 1.5666 - accuracy: 0.4266
97/98 [============================>.] - ETA: 0s - loss: 1.5661 - accuracy: 0.4267
98/98 [==============================] - ETA: 0s - loss: 1.5658 - accuracy: 0.4267
98/98 [==============================] - 7s 73ms/step - loss: 1.5658 - accuracy: 0.4267 - val_loss: 1.4478 - val_accuracy: 0.4724
Epoch 4/150

 1/98 [..............................] - ETA: 7s - loss: 1.4512 - accuracy: 0.4727
 2/98 [..............................] - ETA: 6s - loss: 1.4963 - accuracy: 0.4482
 3/98 [..............................] - ETA: 5s - loss: 1.4849 - accuracy: 0.4375
 4/98 [>.............................] - ETA: 5s - loss: 1.4995 - accuracy: 0.4351
 5/98 [>.............................] - ETA: 6s - loss: 1.5057 - accuracy: 0.4352
 6/98 [>.............................] - ETA: 6s - loss: 1.5032 - accuracy: 0.4375
 7/98 [=>............................] - ETA: 5s - loss: 1.5091 - accuracy: 0.4369
 8/98 [=>............................] - ETA: 5s - loss: 1.5169 - accuracy: 0.4370
 9/98 [=>............................] - ETA: 5s - loss: 1.5136 - accuracy: 0.4360
10/98 [==>...........................] - ETA: 5s - loss: 1.5128 - accuracy: 0.4379
11/98 [==>...........................] - ETA: 5s - loss: 1.5103 - accuracy: 0.4409
12/98 [==>...........................] - ETA: 5s - loss: 1.5133 - accuracy: 0.4411
14/98 [===>..........................] - ETA: 5s - loss: 1.5142 - accuracy: 0.4428
15/98 [===>..........................] - ETA: 5s - loss: 1.5137 - accuracy: 0.4419
16/98 [===>..........................] - ETA: 5s - loss: 1.5125 - accuracy: 0.4431
17/98 [====>.........................] - ETA: 5s - loss: 1.5120 - accuracy: 0.4439
18/98 [====>.........................] - ETA: 5s - loss: 1.5078 - accuracy: 0.4440
19/98 [====>.........................] - ETA: 5s - loss: 1.5077 - accuracy: 0.4446
20/98 [=====>........................] - ETA: 5s - loss: 1.5049 - accuracy: 0.4468
21/98 [=====>........................] - ETA: 5s - loss: 1.5047 - accuracy: 0.4455
22/98 [=====>........................] - ETA: 4s - loss: 1.5086 - accuracy: 0.4445
23/98 [======>.......................] - ETA: 4s - loss: 1.5088 - accuracy: 0.4446
24/98 [======>.......................] - ETA: 4s - loss: 1.5075 - accuracy: 0.4453
25/98 [======>.......................] - ETA: 4s - loss: 1.5083 - accuracy: 0.4446
26/98 [======>.......................] - ETA: 4s - loss: 1.5081 - accuracy: 0.4447
27/98 [=======>......................] - ETA: 4s - loss: 1.5071 - accuracy: 0.4459
28/98 [=======>......................] - ETA: 4s - loss: 1.5035 - accuracy: 0.4479
29/98 [=======>......................] - ETA: 4s - loss: 1.5030 - accuracy: 0.4482
30/98 [========>.....................] - ETA: 4s - loss: 1.5017 - accuracy: 0.4492
31/98 [========>.....................] - ETA: 4s - loss: 1.5004 - accuracy: 0.4503
32/98 [========>.....................] - ETA: 4s - loss: 1.5005 - accuracy: 0.4505
33/98 [=========>....................] - ETA: 4s - loss: 1.5018 - accuracy: 0.4499
34/98 [=========>....................] - ETA: 4s - loss: 1.5026 - accuracy: 0.4504
35/98 [=========>....................] - ETA: 4s - loss: 1.5014 - accuracy: 0.4507
36/98 [==========>...................] - ETA: 4s - loss: 1.5009 - accuracy: 0.4505
37/98 [==========>...................] - ETA: 3s - loss: 1.5011 - accuracy: 0.4514
38/98 [==========>...................] - ETA: 3s - loss: 1.4983 - accuracy: 0.4521
39/98 [==========>...................] - ETA: 3s - loss: 1.4979 - accuracy: 0.4521
40/98 [===========>..................] - ETA: 3s - loss: 1.4982 - accuracy: 0.4517
41/98 [===========>..................] - ETA: 3s - loss: 1.4969 - accuracy: 0.4520
42/98 [===========>..................] - ETA: 3s - loss: 1.4946 - accuracy: 0.4526
43/98 [============>.................] - ETA: 3s - loss: 1.4923 - accuracy: 0.4534
44/98 [============>.................] - ETA: 3s - loss: 1.4909 - accuracy: 0.4538
45/98 [============>.................] - ETA: 3s - loss: 1.4902 - accuracy: 0.4538
46/98 [=============>................] - ETA: 3s - loss: 1.4897 - accuracy: 0.4546
47/98 [=============>................] - ETA: 3s - loss: 1.4897 - accuracy: 0.4551
48/98 [=============>................] - ETA: 3s - loss: 1.4878 - accuracy: 0.4560
50/98 [==============>...............] - ETA: 3s - loss: 1.4877 - accuracy: 0.4569
51/98 [==============>...............] - ETA: 3s - loss: 1.4880 - accuracy: 0.4564
52/98 [==============>...............] - ETA: 2s - loss: 1.4896 - accuracy: 0.4561
53/98 [===============>..............] - ETA: 2s - loss: 1.4896 - accuracy: 0.4559
54/98 [===============>..............] - ETA: 2s - loss: 1.4886 - accuracy: 0.4562
55/98 [===============>..............] - ETA: 2s - loss: 1.4893 - accuracy: 0.4554
56/98 [================>.............] - ETA: 2s - loss: 1.4877 - accuracy: 0.4558
57/98 [================>.............] - ETA: 2s - loss: 1.4882 - accuracy: 0.4550
58/98 [================>.............] - ETA: 2s - loss: 1.4876 - accuracy: 0.4550
59/98 [=================>............] - ETA: 2s - loss: 1.4868 - accuracy: 0.4550
60/98 [=================>............] - ETA: 2s - loss: 1.4851 - accuracy: 0.4557
61/98 [=================>............] - ETA: 2s - loss: 1.4847 - accuracy: 0.4558
62/98 [=================>............] - ETA: 2s - loss: 1.4842 - accuracy: 0.4561
63/98 [==================>...........] - ETA: 2s - loss: 1.4846 - accuracy: 0.4558
64/98 [==================>...........] - ETA: 2s - loss: 1.4836 - accuracy: 0.4563
65/98 [==================>...........] - ETA: 2s - loss: 1.4836 - accuracy: 0.4561
66/98 [===================>..........] - ETA: 2s - loss: 1.4821 - accuracy: 0.4570
67/98 [===================>..........] - ETA: 2s - loss: 1.4820 - accuracy: 0.4571
68/98 [===================>..........] - ETA: 1s - loss: 1.4821 - accuracy: 0.4570
69/98 [====================>.........] - ETA: 1s - loss: 1.4826 - accuracy: 0.4572
70/98 [====================>.........] - ETA: 1s - loss: 1.4817 - accuracy: 0.4578
71/98 [====================>.........] - ETA: 1s - loss: 1.4816 - accuracy: 0.4578
72/98 [=====================>........] - ETA: 1s - loss: 1.4816 - accuracy: 0.4577
73/98 [=====================>........] - ETA: 1s - loss: 1.4807 - accuracy: 0.4584
74/98 [=====================>........] - ETA: 1s - loss: 1.4805 - accuracy: 0.4583
75/98 [=====================>........] - ETA: 1s - loss: 1.4804 - accuracy: 0.4583
76/98 [======================>.......] - ETA: 1s - loss: 1.4800 - accuracy: 0.4585
77/98 [======================>.......] - ETA: 1s - loss: 1.4793 - accuracy: 0.4587
78/98 [======================>.......] - ETA: 1s - loss: 1.4789 - accuracy: 0.4584
79/98 [=======================>......] - ETA: 1s - loss: 1.4781 - accuracy: 0.4588
80/98 [=======================>......] - ETA: 1s - loss: 1.4787 - accuracy: 0.4588
81/98 [=======================>......] - ETA: 1s - loss: 1.4779 - accuracy: 0.4593
82/98 [========================>.....] - ETA: 1s - loss: 1.4780 - accuracy: 0.4594
83/98 [========================>.....] - ETA: 0s - loss: 1.4791 - accuracy: 0.4592
84/98 [========================>.....] - ETA: 0s - loss: 1.4785 - accuracy: 0.4595
85/98 [=========================>....] - ETA: 0s - loss: 1.4792 - accuracy: 0.4592
86/98 [=========================>....] - ETA: 0s - loss: 1.4783 - accuracy: 0.4597
87/98 [=========================>....] - ETA: 0s - loss: 1.4773 - accuracy: 0.4599
88/98 [=========================>....] - ETA: 0s - loss: 1.4772 - accuracy: 0.4600
89/98 [==========================>...] - ETA: 0s - loss: 1.4753 - accuracy: 0.4611
90/98 [==========================>...] - ETA: 0s - loss: 1.4753 - accuracy: 0.4612
91/98 [==========================>...] - ETA: 0s - loss: 1.4753 - accuracy: 0.4613
92/98 [===========================>..] - ETA: 0s - loss: 1.4758 - accuracy: 0.4608
93/98 [===========================>..] - ETA: 0s - loss: 1.4756 - accuracy: 0.4612
94/98 [===========================>..] - ETA: 0s - loss: 1.4755 - accuracy: 0.4613
95/98 [============================>.] - ETA: 0s - loss: 1.4755 - accuracy: 0.4616
96/98 [============================>.] - ETA: 0s - loss: 1.4744 - accuracy: 0.4620
97/98 [============================>.] - ETA: 0s - loss: 1.4739 - accuracy: 0.4624
98/98 [==============================] - ETA: 0s - loss: 1.4729 - accuracy: 0.4627
98/98 [==============================] - 7s 74ms/step - loss: 1.4729 - accuracy: 0.4627 - val_loss: 1.3745 - val_accuracy: 0.4996
Epoch 5/150

 1/98 [..............................] - ETA: 9s - loss: 1.3671 - accuracy: 0.5176
 2/98 [..............................] - ETA: 6s - loss: 1.4007 - accuracy: 0.5068
 3/98 [..............................] - ETA: 6s - loss: 1.4216 - accuracy: 0.4954
 4/98 [>.............................] - ETA: 6s - loss: 1.4328 - accuracy: 0.4863
 5/98 [>.............................] - ETA: 6s - loss: 1.4386 - accuracy: 0.4848
 6/98 [>.............................] - ETA: 6s - loss: 1.4338 - accuracy: 0.4860
 7/98 [=>............................] - ETA: 5s - loss: 1.4308 - accuracy: 0.4835
 8/98 [=>............................] - ETA: 6s - loss: 1.4286 - accuracy: 0.4839
 9/98 [=>............................] - ETA: 5s - loss: 1.4198 - accuracy: 0.4833
10/98 [==>...........................] - ETA: 5s - loss: 1.4331 - accuracy: 0.4805
11/98 [==>...........................] - ETA: 5s - loss: 1.4276 - accuracy: 0.4819
12/98 [==>...........................] - ETA: 5s - loss: 1.4197 - accuracy: 0.4857
13/98 [==>...........................] - ETA: 5s - loss: 1.4232 - accuracy: 0.4833
14/98 [===>..........................] - ETA: 5s - loss: 1.4200 - accuracy: 0.4837
15/98 [===>..........................] - ETA: 5s - loss: 1.4223 - accuracy: 0.4802
16/98 [===>..........................] - ETA: 5s - loss: 1.4207 - accuracy: 0.4822
17/98 [====>.........................] - ETA: 5s - loss: 1.4225 - accuracy: 0.4813
18/98 [====>.........................] - ETA: 5s - loss: 1.4231 - accuracy: 0.4803
19/98 [====>.........................] - ETA: 5s - loss: 1.4257 - accuracy: 0.4787
20/98 [=====>........................] - ETA: 5s - loss: 1.4269 - accuracy: 0.4779
21/98 [=====>........................] - ETA: 5s - loss: 1.4228 - accuracy: 0.4789
22/98 [=====>........................] - ETA: 5s - loss: 1.4239 - accuracy: 0.4788
23/98 [======>.......................] - ETA: 4s - loss: 1.4238 - accuracy: 0.4792
24/98 [======>.......................] - ETA: 4s - loss: 1.4233 - accuracy: 0.4788
25/98 [======>.......................] - ETA: 4s - loss: 1.4248 - accuracy: 0.4780
26/98 [======>.......................] - ETA: 4s - loss: 1.4221 - accuracy: 0.4797
27/98 [=======>......................] - ETA: 4s - loss: 1.4228 - accuracy: 0.4792
28/98 [=======>......................] - ETA: 4s - loss: 1.4215 - accuracy: 0.4798
29/98 [=======>......................] - ETA: 4s - loss: 1.4211 - accuracy: 0.4793
30/98 [========>.....................] - ETA: 4s - loss: 1.4216 - accuracy: 0.4796
31/98 [========>.....................] - ETA: 4s - loss: 1.4215 - accuracy: 0.4803
32/98 [========>.....................] - ETA: 4s - loss: 1.4199 - accuracy: 0.4816
33/98 [=========>....................] - ETA: 4s - loss: 1.4185 - accuracy: 0.4819
34/98 [=========>....................] - ETA: 4s - loss: 1.4181 - accuracy: 0.4828
35/98 [=========>....................] - ETA: 4s - loss: 1.4166 - accuracy: 0.4840
36/98 [==========>...................] - ETA: 4s - loss: 1.4183 - accuracy: 0.4839
37/98 [==========>...................] - ETA: 4s - loss: 1.4171 - accuracy: 0.4841
38/98 [==========>...................] - ETA: 3s - loss: 1.4171 - accuracy: 0.4841
39/98 [==========>...................] - ETA: 3s - loss: 1.4159 - accuracy: 0.4846
40/98 [===========>..................] - ETA: 3s - loss: 1.4157 - accuracy: 0.4851
41/98 [===========>..................] - ETA: 3s - loss: 1.4146 - accuracy: 0.4850
42/98 [===========>..................] - ETA: 3s - loss: 1.4143 - accuracy: 0.4856
43/98 [============>.................] - ETA: 3s - loss: 1.4156 - accuracy: 0.4852
44/98 [============>.................] - ETA: 3s - loss: 1.4144 - accuracy: 0.4858
45/98 [============>.................] - ETA: 3s - loss: 1.4140 - accuracy: 0.4862
