2024-06-21 16:49:18.757077: I tensorflow/core/platform/cpu_feature_guard.cc:193] This TensorFlow binary is optimized with oneAPI Deep Neural Network Library (oneDNN) to use the following CPU instructions in performance-critical operations:  AVX AVX2
To enable them in other operations, rebuild TensorFlow with the appropriate compiler flags.
2024-06-21 16:49:19.285368: I tensorflow/core/common_runtime/gpu/gpu_device.cc:1616] Created device /job:localhost/replica:0/task:0/device:GPU:0 with 6144 MB memory:  -> device: 0, name: NVIDIA GeForce RTX 4060 Ti, pci bus id: 0000:01:00.0, compute capability: 8.9
1 Physical GPUs, 1 Logical GPUs
Model: "sequential"
_________________________________________________________________
 Layer (type)                Output Shape              Param #   
=================================================================
 conv2d (Conv2D)             (None, 32, 32, 32)        896       
                                                                 
 max_pooling2d (MaxPooling2D  (None, 16, 16, 32)       0         
 )                                                               
                                                                 
 conv2d_1 (Conv2D)           (None, 16, 16, 128)       331904    
                                                                 
 max_pooling2d_1 (MaxPooling  (None, 8, 8, 128)        0         
 2D)                                                             
                                                                 
 conv2d_2 (Conv2D)           (None, 8, 8, 64)          401472    
                                                                 
 max_pooling2d_2 (MaxPooling  (None, 4, 4, 64)         0         
 2D)                                                             
                                                                 
 conv2d_3 (Conv2D)           (None, 4, 4, 128)         991360    
                                                                 
 dropout (Dropout)           (None, 4, 4, 128)         0         
                                                                 
 flatten (Flatten)           (None, 2048)              0         
                                                                 
 dense (Dense)               (None, 100)               204900    
                                                                 
 dropout_1 (Dropout)         (None, 100)               0         
                                                                 
 dense_1 (Dense)             (None, 10)                1010      
                                                                 
=================================================================
Total params: 1,931,542
Trainable params: 1,931,542
Non-trainable params: 0
_________________________________________________________________
Taxa de aprendizado:  0.0001 Num de épocas:  150 Tamanho do lote:  512 Dropout:  0.34
Epoch 1/150
2024-06-21 16:49:20.707327: I tensorflow/stream_executor/cuda/cuda_dnn.cc:384] Loaded cuDNN version 8100
2024-06-21 16:49:21.511302: W tensorflow/stream_executor/gpu/redzone_allocator.cc:314] INTERNAL: ptxas exited with non-zero error code -1, output: 
Relying on driver to perform ptx compilation. 
Modify $PATH to customize ptxas location.
This message will be only logged once.
2024-06-21 16:49:22.716528: I tensorflow/stream_executor/cuda/cuda_blas.cc:1614] TensorFloat-32 will be used for the matrix multiplication. This will only be logged once.

 1/98 [..............................] - ETA: 8:03 - loss: 2.3020 - accuracy: 0.0977
 2/98 [..............................] - ETA: 7s - loss: 2.3017 - accuracy: 0.1035  
 3/98 [..............................] - ETA: 6s - loss: 2.3011 - accuracy: 0.1081
 4/98 [>.............................] - ETA: 6s - loss: 2.3008 - accuracy: 0.1118
 5/98 [>.............................] - ETA: 6s - loss: 2.3001 - accuracy: 0.1109
 6/98 [>.............................] - ETA: 6s - loss: 2.2992 - accuracy: 0.1113
 7/98 [=>............................] - ETA: 5s - loss: 2.2986 - accuracy: 0.1136
 8/98 [=>............................] - ETA: 5s - loss: 2.2978 - accuracy: 0.1140
 9/98 [=>............................] - ETA: 5s - loss: 2.2967 - accuracy: 0.1163
10/98 [==>...........................] - ETA: 5s - loss: 2.2953 - accuracy: 0.1166
11/98 [==>...........................] - ETA: 5s - loss: 2.2945 - accuracy: 0.1152
12/98 [==>...........................] - ETA: 5s - loss: 2.2927 - accuracy: 0.1175
13/98 [==>...........................] - ETA: 5s - loss: 2.2916 - accuracy: 0.1197
14/98 [===>..........................] - ETA: 5s - loss: 2.2895 - accuracy: 0.1233
15/98 [===>..........................] - ETA: 5s - loss: 2.2874 - accuracy: 0.1246
16/98 [===>..........................] - ETA: 5s - loss: 2.2855 - accuracy: 0.1279
17/98 [====>.........................] - ETA: 5s - loss: 2.2830 - accuracy: 0.1299
18/98 [====>.........................] - ETA: 5s - loss: 2.2804 - accuracy: 0.1339
19/98 [====>.........................] - ETA: 5s - loss: 2.2776 - accuracy: 0.1364
20/98 [=====>........................] - ETA: 5s - loss: 2.2739 - accuracy: 0.1411
21/98 [=====>........................] - ETA: 4s - loss: 2.2700 - accuracy: 0.1451
22/98 [=====>........................] - ETA: 4s - loss: 2.2656 - accuracy: 0.1478
23/98 [======>.......................] - ETA: 4s - loss: 2.2609 - accuracy: 0.1512
24/98 [======>.......................] - ETA: 4s - loss: 2.2555 - accuracy: 0.1546
25/98 [======>.......................] - ETA: 4s - loss: 2.2503 - accuracy: 0.1580
26/98 [======>.......................] - ETA: 4s - loss: 2.2445 - accuracy: 0.1595
27/98 [=======>......................] - ETA: 4s - loss: 2.2399 - accuracy: 0.1620
28/98 [=======>......................] - ETA: 4s - loss: 2.2340 - accuracy: 0.1642
29/98 [=======>......................] - ETA: 4s - loss: 2.2280 - accuracy: 0.1660
30/98 [========>.....................] - ETA: 4s - loss: 2.2207 - accuracy: 0.1690
31/98 [========>.....................] - ETA: 4s - loss: 2.2155 - accuracy: 0.1699
32/98 [========>.....................] - ETA: 4s - loss: 2.2106 - accuracy: 0.1718
33/98 [=========>....................] - ETA: 4s - loss: 2.2054 - accuracy: 0.1731
34/98 [=========>....................] - ETA: 4s - loss: 2.2002 - accuracy: 0.1753
35/98 [=========>....................] - ETA: 4s - loss: 2.1927 - accuracy: 0.1778
36/98 [==========>...................] - ETA: 3s - loss: 2.1876 - accuracy: 0.1798
37/98 [==========>...................] - ETA: 3s - loss: 2.1822 - accuracy: 0.1833
38/98 [==========>...................] - ETA: 3s - loss: 2.1765 - accuracy: 0.1855
39/98 [==========>...................] - ETA: 3s - loss: 2.1716 - accuracy: 0.1873
40/98 [===========>..................] - ETA: 3s - loss: 2.1671 - accuracy: 0.1889
41/98 [===========>..................] - ETA: 3s - loss: 2.1623 - accuracy: 0.1908
42/98 [===========>..................] - ETA: 3s - loss: 2.1576 - accuracy: 0.1925
43/98 [============>.................] - ETA: 3s - loss: 2.1516 - accuracy: 0.1948
44/98 [============>.................] - ETA: 3s - loss: 2.1474 - accuracy: 0.1968
45/98 [============>.................] - ETA: 3s - loss: 2.1428 - accuracy: 0.1985
46/98 [=============>................] - ETA: 3s - loss: 2.1388 - accuracy: 0.2000
47/98 [=============>................] - ETA: 3s - loss: 2.1348 - accuracy: 0.2014
48/98 [=============>................] - ETA: 3s - loss: 2.1310 - accuracy: 0.2026
49/98 [==============>...............] - ETA: 3s - loss: 2.1270 - accuracy: 0.2035
50/98 [==============>...............] - ETA: 3s - loss: 2.1225 - accuracy: 0.2047
51/98 [==============>...............] - ETA: 3s - loss: 2.1194 - accuracy: 0.2062
52/98 [==============>...............] - ETA: 2s - loss: 2.1164 - accuracy: 0.2073
53/98 [===============>..............] - ETA: 2s - loss: 2.1126 - accuracy: 0.2088
54/98 [===============>..............] - ETA: 2s - loss: 2.1095 - accuracy: 0.2099
55/98 [===============>..............] - ETA: 2s - loss: 2.1050 - accuracy: 0.2119
56/98 [================>.............] - ETA: 2s - loss: 2.1021 - accuracy: 0.2132
57/98 [================>.............] - ETA: 2s - loss: 2.0996 - accuracy: 0.2137
58/98 [================>.............] - ETA: 2s - loss: 2.0962 - accuracy: 0.2152
59/98 [=================>............] - ETA: 2s - loss: 2.0917 - accuracy: 0.2169
60/98 [=================>............] - ETA: 2s - loss: 2.0889 - accuracy: 0.2180
61/98 [=================>............] - ETA: 2s - loss: 2.0851 - accuracy: 0.2196
62/98 [=================>............] - ETA: 2s - loss: 2.0819 - accuracy: 0.2210
63/98 [==================>...........] - ETA: 2s - loss: 2.0791 - accuracy: 0.2217
64/98 [==================>...........] - ETA: 2s - loss: 2.0766 - accuracy: 0.2226
65/98 [==================>...........] - ETA: 2s - loss: 2.0734 - accuracy: 0.2239
66/98 [===================>..........] - ETA: 2s - loss: 2.0701 - accuracy: 0.2252
67/98 [===================>..........] - ETA: 2s - loss: 2.0673 - accuracy: 0.2259
68/98 [===================>..........] - ETA: 2s - loss: 2.0638 - accuracy: 0.2270
69/98 [====================>.........] - ETA: 2s - loss: 2.0610 - accuracy: 0.2282
70/98 [====================>.........] - ETA: 2s - loss: 2.0583 - accuracy: 0.2293
71/98 [====================>.........] - ETA: 2s - loss: 2.0555 - accuracy: 0.2303
72/98 [=====================>........] - ETA: 2s - loss: 2.0528 - accuracy: 0.2318
73/98 [=====================>........] - ETA: 2s - loss: 2.0499 - accuracy: 0.2329
74/98 [=====================>........] - ETA: 2s - loss: 2.0470 - accuracy: 0.2343
75/98 [=====================>........] - ETA: 1s - loss: 2.0439 - accuracy: 0.2356
76/98 [======================>.......] - ETA: 1s - loss: 2.0415 - accuracy: 0.2363
77/98 [======================>.......] - ETA: 1s - loss: 2.0389 - accuracy: 0.2379
78/98 [======================>.......] - ETA: 1s - loss: 2.0367 - accuracy: 0.2393
79/98 [=======================>......] - ETA: 1s - loss: 2.0343 - accuracy: 0.2404
80/98 [=======================>......] - ETA: 1s - loss: 2.0320 - accuracy: 0.2413
81/98 [=======================>......] - ETA: 1s - loss: 2.0295 - accuracy: 0.2423
82/98 [========================>.....] - ETA: 1s - loss: 2.0279 - accuracy: 0.2433
83/98 [========================>.....] - ETA: 1s - loss: 2.0258 - accuracy: 0.2445
84/98 [========================>.....] - ETA: 1s - loss: 2.0232 - accuracy: 0.2455
85/98 [=========================>....] - ETA: 1s - loss: 2.0210 - accuracy: 0.2462
86/98 [=========================>....] - ETA: 0s - loss: 2.0185 - accuracy: 0.2476
87/98 [=========================>....] - ETA: 0s - loss: 2.0162 - accuracy: 0.2487
88/98 [=========================>....] - ETA: 0s - loss: 2.0140 - accuracy: 0.2495
89/98 [==========================>...] - ETA: 0s - loss: 2.0121 - accuracy: 0.2503
90/98 [==========================>...] - ETA: 0s - loss: 2.0088 - accuracy: 0.2517
91/98 [==========================>...] - ETA: 0s - loss: 2.0067 - accuracy: 0.2526
92/98 [===========================>..] - ETA: 0s - loss: 2.0052 - accuracy: 0.2530
93/98 [===========================>..] - ETA: 0s - loss: 2.0028 - accuracy: 0.2539
94/98 [===========================>..] - ETA: 0s - loss: 2.0009 - accuracy: 0.2551
95/98 [============================>.] - ETA: 0s - loss: 1.9986 - accuracy: 0.2560
96/98 [============================>.] - ETA: 0s - loss: 1.9965 - accuracy: 0.2569
97/98 [============================>.] - ETA: 0s - loss: 1.9939 - accuracy: 0.2580
98/98 [==============================] - ETA: 0s - loss: 1.9915 - accuracy: 0.2590
98/98 [==============================] - 14s 91ms/step - loss: 1.9915 - accuracy: 0.2590 - val_loss: 1.7432 - val_accuracy: 0.3702
Epoch 2/150

 1/98 [..............................] - ETA: 7s - loss: 1.7471 - accuracy: 0.3691
 2/98 [..............................] - ETA: 6s - loss: 1.7304 - accuracy: 0.3477
 3/98 [..............................] - ETA: 5s - loss: 1.7351 - accuracy: 0.3444
 4/98 [>.............................] - ETA: 5s - loss: 1.7512 - accuracy: 0.3369
 5/98 [>.............................] - ETA: 5s - loss: 1.7514 - accuracy: 0.3438
 6/98 [>.............................] - ETA: 5s - loss: 1.7595 - accuracy: 0.3421
 7/98 [=>............................] - ETA: 5s - loss: 1.7531 - accuracy: 0.3465
 8/98 [=>............................] - ETA: 5s - loss: 1.7504 - accuracy: 0.3455
 9/98 [=>............................] - ETA: 5s - loss: 1.7540 - accuracy: 0.3453
10/98 [==>...........................] - ETA: 5s - loss: 1.7547 - accuracy: 0.3449
11/98 [==>...........................] - ETA: 5s - loss: 1.7613 - accuracy: 0.3427
12/98 [==>...........................] - ETA: 5s - loss: 1.7610 - accuracy: 0.3452
13/98 [==>...........................] - ETA: 5s - loss: 1.7577 - accuracy: 0.3492
14/98 [===>..........................] - ETA: 5s - loss: 1.7544 - accuracy: 0.3499
15/98 [===>..........................] - ETA: 5s - loss: 1.7550 - accuracy: 0.3503
16/98 [===>..........................] - ETA: 5s - loss: 1.7582 - accuracy: 0.3475
17/98 [====>.........................] - ETA: 5s - loss: 1.7607 - accuracy: 0.3469
18/98 [====>.........................] - ETA: 5s - loss: 1.7610 - accuracy: 0.3471
19/98 [====>.........................] - ETA: 5s - loss: 1.7607 - accuracy: 0.3473
20/98 [=====>........................] - ETA: 5s - loss: 1.7595 - accuracy: 0.3478
21/98 [=====>........................] - ETA: 5s - loss: 1.7587 - accuracy: 0.3468
22/98 [=====>........................] - ETA: 4s - loss: 1.7564 - accuracy: 0.3485
23/98 [======>.......................] - ETA: 4s - loss: 1.7567 - accuracy: 0.3489
24/98 [======>.......................] - ETA: 4s - loss: 1.7566 - accuracy: 0.3494
25/98 [======>.......................] - ETA: 4s - loss: 1.7568 - accuracy: 0.3494
26/98 [======>.......................] - ETA: 4s - loss: 1.7561 - accuracy: 0.3490
27/98 [=======>......................] - ETA: 4s - loss: 1.7543 - accuracy: 0.3498
28/98 [=======>......................] - ETA: 4s - loss: 1.7550 - accuracy: 0.3504
29/98 [=======>......................] - ETA: 4s - loss: 1.7541 - accuracy: 0.3510
30/98 [========>.....................] - ETA: 4s - loss: 1.7534 - accuracy: 0.3509
31/98 [========>.....................] - ETA: 4s - loss: 1.7510 - accuracy: 0.3514
32/98 [========>.....................] - ETA: 4s - loss: 1.7507 - accuracy: 0.3510
33/98 [=========>....................] - ETA: 4s - loss: 1.7494 - accuracy: 0.3513
34/98 [=========>....................] - ETA: 4s - loss: 1.7484 - accuracy: 0.3520
35/98 [=========>....................] - ETA: 4s - loss: 1.7474 - accuracy: 0.3524
36/98 [==========>...................] - ETA: 4s - loss: 1.7463 - accuracy: 0.3523
37/98 [==========>...................] - ETA: 3s - loss: 1.7451 - accuracy: 0.3534
38/98 [==========>...................] - ETA: 3s - loss: 1.7445 - accuracy: 0.3540
39/98 [==========>...................] - ETA: 3s - loss: 1.7437 - accuracy: 0.3548
40/98 [===========>..................] - ETA: 3s - loss: 1.7425 - accuracy: 0.3551
41/98 [===========>..................] - ETA: 3s - loss: 1.7403 - accuracy: 0.3560
42/98 [===========>..................] - ETA: 3s - loss: 1.7379 - accuracy: 0.3570
43/98 [============>.................] - ETA: 3s - loss: 1.7364 - accuracy: 0.3568
44/98 [============>.................] - ETA: 3s - loss: 1.7365 - accuracy: 0.3564
45/98 [============>.................] - ETA: 3s - loss: 1.7352 - accuracy: 0.3570
46/98 [=============>................] - ETA: 3s - loss: 1.7346 - accuracy: 0.3575
47/98 [=============>................] - ETA: 3s - loss: 1.7336 - accuracy: 0.3573
48/98 [=============>................] - ETA: 3s - loss: 1.7346 - accuracy: 0.3569
49/98 [==============>...............] - ETA: 3s - loss: 1.7334 - accuracy: 0.3567
50/98 [==============>...............] - ETA: 3s - loss: 1.7322 - accuracy: 0.3572
51/98 [==============>...............] - ETA: 3s - loss: 1.7306 - accuracy: 0.3573
52/98 [==============>...............] - ETA: 2s - loss: 1.7301 - accuracy: 0.3577
53/98 [===============>..............] - ETA: 2s - loss: 1.7303 - accuracy: 0.3580
54/98 [===============>..............] - ETA: 2s - loss: 1.7305 - accuracy: 0.3580
55/98 [===============>..............] - ETA: 2s - loss: 1.7292 - accuracy: 0.3585
56/98 [================>.............] - ETA: 2s - loss: 1.7280 - accuracy: 0.3587
57/98 [================>.............] - ETA: 2s - loss: 1.7274 - accuracy: 0.3588
58/98 [================>.............] - ETA: 2s - loss: 1.7273 - accuracy: 0.3588
59/98 [=================>............] - ETA: 2s - loss: 1.7271 - accuracy: 0.3588
60/98 [=================>............] - ETA: 2s - loss: 1.7255 - accuracy: 0.3599
61/98 [=================>............] - ETA: 2s - loss: 1.7235 - accuracy: 0.3604
62/98 [=================>............] - ETA: 2s - loss: 1.7235 - accuracy: 0.3608
64/98 [==================>...........] - ETA: 2s - loss: 1.7205 - accuracy: 0.3621
65/98 [==================>...........] - ETA: 2s - loss: 1.7192 - accuracy: 0.3627
66/98 [===================>..........] - ETA: 2s - loss: 1.7176 - accuracy: 0.3632
67/98 [===================>..........] - ETA: 2s - loss: 1.7173 - accuracy: 0.3635
68/98 [===================>..........] - ETA: 1s - loss: 1.7172 - accuracy: 0.3635
69/98 [====================>.........] - ETA: 1s - loss: 1.7164 - accuracy: 0.3639
70/98 [====================>.........] - ETA: 1s - loss: 1.7168 - accuracy: 0.3637
71/98 [====================>.........] - ETA: 1s - loss: 1.7164 - accuracy: 0.3641
72/98 [=====================>........] - ETA: 1s - loss: 1.7153 - accuracy: 0.3645
73/98 [=====================>........] - ETA: 1s - loss: 1.7143 - accuracy: 0.3653
74/98 [=====================>........] - ETA: 1s - loss: 1.7139 - accuracy: 0.3652
75/98 [=====================>........] - ETA: 1s - loss: 1.7128 - accuracy: 0.3657
76/98 [======================>.......] - ETA: 1s - loss: 1.7111 - accuracy: 0.3666
77/98 [======================>.......] - ETA: 1s - loss: 1.7112 - accuracy: 0.3668
78/98 [======================>.......] - ETA: 1s - loss: 1.7107 - accuracy: 0.3669
79/98 [=======================>......] - ETA: 1s - loss: 1.7105 - accuracy: 0.3673
80/98 [=======================>......] - ETA: 1s - loss: 1.7099 - accuracy: 0.3673
81/98 [=======================>......] - ETA: 1s - loss: 1.7086 - accuracy: 0.3678
82/98 [========================>.....] - ETA: 1s - loss: 1.7071 - accuracy: 0.3681
83/98 [========================>.....] - ETA: 0s - loss: 1.7062 - accuracy: 0.3687
84/98 [========================>.....] - ETA: 0s - loss: 1.7057 - accuracy: 0.3687
85/98 [=========================>....] - ETA: 0s - loss: 1.7052 - accuracy: 0.3692
86/98 [=========================>....] - ETA: 0s - loss: 1.7041 - accuracy: 0.3696
87/98 [=========================>....] - ETA: 0s - loss: 1.7033 - accuracy: 0.3699
88/98 [=========================>....] - ETA: 0s - loss: 1.7023 - accuracy: 0.3702
89/98 [==========================>...] - ETA: 0s - loss: 1.7019 - accuracy: 0.3702
90/98 [==========================>...] - ETA: 0s - loss: 1.7016 - accuracy: 0.3704
91/98 [==========================>...] - ETA: 0s - loss: 1.7008 - accuracy: 0.3705
92/98 [===========================>..] - ETA: 0s - loss: 1.7005 - accuracy: 0.3707
93/98 [===========================>..] - ETA: 0s - loss: 1.7002 - accuracy: 0.3705
94/98 [===========================>..] - ETA: 0s - loss: 1.6992 - accuracy: 0.3711
95/98 [============================>.] - ETA: 0s - loss: 1.6990 - accuracy: 0.3711
96/98 [============================>.] - ETA: 0s - loss: 1.6985 - accuracy: 0.3712
97/98 [============================>.] - ETA: 0s - loss: 1.6983 - accuracy: 0.3715
98/98 [==============================] - ETA: 0s - loss: 1.6978 - accuracy: 0.3715
98/98 [==============================] - 7s 73ms/step - loss: 1.6978 - accuracy: 0.3715 - val_loss: 1.5679 - val_accuracy: 0.4363
Epoch 3/150

 1/98 [..............................] - ETA: 9s - loss: 1.5973 - accuracy: 0.4219
 3/98 [..............................] - ETA: 4s - loss: 1.6204 - accuracy: 0.4029
 4/98 [>.............................] - ETA: 4s - loss: 1.6273 - accuracy: 0.4087
 5/98 [>.............................] - ETA: 5s - loss: 1.6244 - accuracy: 0.4115
 6/98 [>.............................] - ETA: 5s - loss: 1.6224 - accuracy: 0.4109
 7/98 [=>............................] - ETA: 5s - loss: 1.6268 - accuracy: 0.4008
 8/98 [=>............................] - ETA: 5s - loss: 1.6257 - accuracy: 0.4020
 9/98 [=>............................] - ETA: 5s - loss: 1.6215 - accuracy: 0.4039
10/98 [==>...........................] - ETA: 5s - loss: 1.6157 - accuracy: 0.4045
11/98 [==>...........................] - ETA: 5s - loss: 1.6141 - accuracy: 0.4071
12/98 [==>...........................] - ETA: 5s - loss: 1.6191 - accuracy: 0.4042
13/98 [==>...........................] - ETA: 5s - loss: 1.6147 - accuracy: 0.4037
14/98 [===>..........................] - ETA: 5s - loss: 1.6139 - accuracy: 0.4047
15/98 [===>..........................] - ETA: 5s - loss: 1.6078 - accuracy: 0.4057
16/98 [===>..........................] - ETA: 5s - loss: 1.6099 - accuracy: 0.4067
17/98 [====>.........................] - ETA: 4s - loss: 1.6088 - accuracy: 0.4074
18/98 [====>.........................] - ETA: 4s - loss: 1.6066 - accuracy: 0.4090
19/98 [====>.........................] - ETA: 4s - loss: 1.6029 - accuracy: 0.4101
20/98 [=====>........................] - ETA: 4s - loss: 1.6013 - accuracy: 0.4104
21/98 [=====>........................] - ETA: 4s - loss: 1.6015 - accuracy: 0.4104
22/98 [=====>........................] - ETA: 4s - loss: 1.6007 - accuracy: 0.4102
23/98 [======>.......................] - ETA: 4s - loss: 1.6009 - accuracy: 0.4103
24/98 [======>.......................] - ETA: 4s - loss: 1.6041 - accuracy: 0.4084
25/98 [======>.......................] - ETA: 4s - loss: 1.6027 - accuracy: 0.4097
26/98 [======>.......................] - ETA: 4s - loss: 1.6050 - accuracy: 0.4090
27/98 [=======>......................] - ETA: 4s - loss: 1.6044 - accuracy: 0.4094
28/98 [=======>......................] - ETA: 4s - loss: 1.6051 - accuracy: 0.4099
29/98 [=======>......................] - ETA: 4s - loss: 1.6059 - accuracy: 0.4100
30/98 [========>.....................] - ETA: 4s - loss: 1.6014 - accuracy: 0.4111
31/98 [========>.....................] - ETA: 4s - loss: 1.6011 - accuracy: 0.4103
32/98 [========>.....................] - ETA: 4s - loss: 1.6001 - accuracy: 0.4105
33/98 [=========>....................] - ETA: 4s - loss: 1.6017 - accuracy: 0.4103
34/98 [=========>....................] - ETA: 4s - loss: 1.6017 - accuracy: 0.4097
35/98 [=========>....................] - ETA: 4s - loss: 1.6012 - accuracy: 0.4099
36/98 [==========>...................] - ETA: 3s - loss: 1.6014 - accuracy: 0.4095
37/98 [==========>...................] - ETA: 3s - loss: 1.6002 - accuracy: 0.4096
38/98 [==========>...................] - ETA: 3s - loss: 1.5996 - accuracy: 0.4092
39/98 [==========>...................] - ETA: 3s - loss: 1.5990 - accuracy: 0.4086
40/98 [===========>..................] - ETA: 3s - loss: 1.5979 - accuracy: 0.4091
41/98 [===========>..................] - ETA: 3s - loss: 1.5985 - accuracy: 0.4092
42/98 [===========>..................] - ETA: 3s - loss: 1.5969 - accuracy: 0.4099
43/98 [============>.................] - ETA: 3s - loss: 1.5954 - accuracy: 0.4102
44/98 [============>.................] - ETA: 3s - loss: 1.5952 - accuracy: 0.4103
45/98 [============>.................] - ETA: 3s - loss: 1.5947 - accuracy: 0.4103
46/98 [=============>................] - ETA: 3s - loss: 1.5956 - accuracy: 0.4105
47/98 [=============>................] - ETA: 3s - loss: 1.5950 - accuracy: 0.4107
48/98 [=============>................] - ETA: 3s - loss: 1.5949 - accuracy: 0.4102
49/98 [==============>...............] - ETA: 3s - loss: 1.5944 - accuracy: 0.4102
50/98 [==============>...............] - ETA: 3s - loss: 1.5949 - accuracy: 0.4100
51/98 [==============>...............] - ETA: 3s - loss: 1.5935 - accuracy: 0.4108
52/98 [==============>...............] - ETA: 2s - loss: 1.5932 - accuracy: 0.4113
53/98 [===============>..............] - ETA: 2s - loss: 1.5923 - accuracy: 0.4114
54/98 [===============>..............] - ETA: 2s - loss: 1.5914 - accuracy: 0.4114
55/98 [===============>..............] - ETA: 2s - loss: 1.5901 - accuracy: 0.4114
56/98 [================>.............] - ETA: 2s - loss: 1.5905 - accuracy: 0.4112
57/98 [================>.............] - ETA: 2s - loss: 1.5903 - accuracy: 0.4115
58/98 [================>.............] - ETA: 2s - loss: 1.5900 - accuracy: 0.4118
59/98 [=================>............] - ETA: 2s - loss: 1.5890 - accuracy: 0.4125
60/98 [=================>............] - ETA: 2s - loss: 1.5888 - accuracy: 0.4127
61/98 [=================>............] - ETA: 2s - loss: 1.5884 - accuracy: 0.4128
62/98 [=================>............] - ETA: 2s - loss: 1.5880 - accuracy: 0.4129
63/98 [==================>...........] - ETA: 2s - loss: 1.5882 - accuracy: 0.4130
64/98 [==================>...........] - ETA: 2s - loss: 1.5887 - accuracy: 0.4126
65/98 [==================>...........] - ETA: 2s - loss: 1.5880 - accuracy: 0.4128
66/98 [===================>..........] - ETA: 2s - loss: 1.5872 - accuracy: 0.4130
67/98 [===================>..........] - ETA: 1s - loss: 1.5868 - accuracy: 0.4134
68/98 [===================>..........] - ETA: 1s - loss: 1.5856 - accuracy: 0.4136
69/98 [====================>.........] - ETA: 1s - loss: 1.5866 - accuracy: 0.4131
70/98 [====================>.........] - ETA: 1s - loss: 1.5864 - accuracy: 0.4132
71/98 [====================>.........] - ETA: 1s - loss: 1.5863 - accuracy: 0.4133
72/98 [=====================>........] - ETA: 1s - loss: 1.5846 - accuracy: 0.4145
73/98 [=====================>........] - ETA: 1s - loss: 1.5839 - accuracy: 0.4146
74/98 [=====================>........] - ETA: 1s - loss: 1.5835 - accuracy: 0.4149
75/98 [=====================>........] - ETA: 1s - loss: 1.5832 - accuracy: 0.4152
76/98 [======================>.......] - ETA: 1s - loss: 1.5825 - accuracy: 0.4157
77/98 [======================>.......] - ETA: 1s - loss: 1.5820 - accuracy: 0.4163
78/98 [======================>.......] - ETA: 1s - loss: 1.5807 - accuracy: 0.4166
79/98 [=======================>......] - ETA: 1s - loss: 1.5797 - accuracy: 0.4174
80/98 [=======================>......] - ETA: 1s - loss: 1.5784 - accuracy: 0.4179
81/98 [=======================>......] - ETA: 1s - loss: 1.5777 - accuracy: 0.4182
82/98 [========================>.....] - ETA: 1s - loss: 1.5771 - accuracy: 0.4181
83/98 [========================>.....] - ETA: 0s - loss: 1.5771 - accuracy: 0.4183
84/98 [========================>.....] - ETA: 0s - loss: 1.5770 - accuracy: 0.4183
85/98 [=========================>....] - ETA: 0s - loss: 1.5767 - accuracy: 0.4188
86/98 [=========================>....] - ETA: 0s - loss: 1.5760 - accuracy: 0.4189
87/98 [=========================>....] - ETA: 0s - loss: 1.5756 - accuracy: 0.4194
88/98 [=========================>....] - ETA: 0s - loss: 1.5745 - accuracy: 0.4198
89/98 [==========================>...] - ETA: 0s - loss: 1.5741 - accuracy: 0.4202
90/98 [==========================>...] - ETA: 0s - loss: 1.5741 - accuracy: 0.4204
91/98 [==========================>...] - ETA: 0s - loss: 1.5733 - accuracy: 0.4208
92/98 [===========================>..] - ETA: 0s - loss: 1.5730 - accuracy: 0.4208
93/98 [===========================>..] - ETA: 0s - loss: 1.5717 - accuracy: 0.4211
94/98 [===========================>..] - ETA: 0s - loss: 1.5711 - accuracy: 0.4214
95/98 [============================>.] - ETA: 0s - loss: 1.5707 - accuracy: 0.4218
96/98 [============================>.] - ETA: 0s - loss: 1.5699 - accuracy: 0.4222
97/98 [============================>.] - ETA: 0s - loss: 1.5700 - accuracy: 0.4223
98/98 [==============================] - ETA: 0s - loss: 1.5696 - accuracy: 0.4225
98/98 [==============================] - 7s 73ms/step - loss: 1.5696 - accuracy: 0.4225 - val_loss: 1.4748 - val_accuracy: 0.4591
Epoch 4/150

 1/98 [..............................] - ETA: 7s - loss: 1.5241 - accuracy: 0.4355
 2/98 [..............................] - ETA: 6s - loss: 1.5053 - accuracy: 0.4541
 3/98 [..............................] - ETA: 5s - loss: 1.5388 - accuracy: 0.4414
 4/98 [>.............................] - ETA: 5s - loss: 1.5324 - accuracy: 0.4355
 5/98 [>.............................] - ETA: 5s - loss: 1.5372 - accuracy: 0.4301
 6/98 [>.............................] - ETA: 6s - loss: 1.5336 - accuracy: 0.4294
 7/98 [=>............................] - ETA: 5s - loss: 1.5286 - accuracy: 0.4364
 8/98 [=>............................] - ETA: 5s - loss: 1.5256 - accuracy: 0.4404
 9/98 [=>............................] - ETA: 5s - loss: 1.5270 - accuracy: 0.4438
10/98 [==>...........................] - ETA: 5s - loss: 1.5204 - accuracy: 0.4457
11/98 [==>...........................] - ETA: 5s - loss: 1.5180 - accuracy: 0.4458
12/98 [==>...........................] - ETA: 5s - loss: 1.5124 - accuracy: 0.4466
13/98 [==>...........................] - ETA: 5s - loss: 1.5130 - accuracy: 0.4458
14/98 [===>..........................] - ETA: 5s - loss: 1.5118 - accuracy: 0.4453
15/98 [===>..........................] - ETA: 5s - loss: 1.5104 - accuracy: 0.4434
16/98 [===>..........................] - ETA: 5s - loss: 1.5117 - accuracy: 0.4431
17/98 [====>.........................] - ETA: 5s - loss: 1.5092 - accuracy: 0.4434
18/98 [====>.........................] - ETA: 5s - loss: 1.5041 - accuracy: 0.4435
19/98 [====>.........................] - ETA: 5s - loss: 1.5042 - accuracy: 0.4443
20/98 [=====>........................] - ETA: 5s - loss: 1.5050 - accuracy: 0.4441
21/98 [=====>........................] - ETA: 4s - loss: 1.5025 - accuracy: 0.4452
22/98 [=====>........................] - ETA: 4s - loss: 1.5024 - accuracy: 0.4438
23/98 [======>.......................] - ETA: 4s - loss: 1.5040 - accuracy: 0.4440
24/98 [======>.......................] - ETA: 4s - loss: 1.5056 - accuracy: 0.4438
25/98 [======>.......................] - ETA: 4s - loss: 1.5063 - accuracy: 0.4445
26/98 [======>.......................] - ETA: 4s - loss: 1.5039 - accuracy: 0.4448
27/98 [=======>......................] - ETA: 4s - loss: 1.5047 - accuracy: 0.4445
28/98 [=======>......................] - ETA: 4s - loss: 1.5056 - accuracy: 0.4446
29/98 [=======>......................] - ETA: 4s - loss: 1.5049 - accuracy: 0.4448
30/98 [========>.....................] - ETA: 4s - loss: 1.5041 - accuracy: 0.4451
32/98 [========>.....................] - ETA: 4s - loss: 1.5022 - accuracy: 0.4458
33/98 [=========>....................] - ETA: 4s - loss: 1.4998 - accuracy: 0.4470
34/98 [=========>....................] - ETA: 4s - loss: 1.4996 - accuracy: 0.4467
35/98 [=========>....................] - ETA: 4s - loss: 1.5008 - accuracy: 0.4459
36/98 [==========>...................] - ETA: 3s - loss: 1.5023 - accuracy: 0.4457
37/98 [==========>...................] - ETA: 3s - loss: 1.5023 - accuracy: 0.4464
38/98 [==========>...................] - ETA: 3s - loss: 1.5012 - accuracy: 0.4468
39/98 [==========>...................] - ETA: 3s - loss: 1.4989 - accuracy: 0.4478
40/98 [===========>..................] - ETA: 3s - loss: 1.4972 - accuracy: 0.4487
41/98 [===========>..................] - ETA: 3s - loss: 1.4957 - accuracy: 0.4502
42/98 [===========>..................] - ETA: 3s - loss: 1.4959 - accuracy: 0.4503
43/98 [============>.................] - ETA: 3s - loss: 1.4963 - accuracy: 0.4501
44/98 [============>.................] - ETA: 3s - loss: 1.4955 - accuracy: 0.4501
45/98 [============>.................] - ETA: 3s - loss: 1.4958 - accuracy: 0.4499
46/98 [=============>................] - ETA: 3s - loss: 1.4958 - accuracy: 0.4498
47/98 [=============>................] - ETA: 3s - loss: 1.4948 - accuracy: 0.4503
48/98 [=============>................] - ETA: 3s - loss: 1.4962 - accuracy: 0.4506
49/98 [==============>...............] - ETA: 3s - loss: 1.4961 - accuracy: 0.4508
50/98 [==============>...............] - ETA: 3s - loss: 1.4956 - accuracy: 0.4507
51/98 [==============>...............] - ETA: 3s - loss: 1.4952 - accuracy: 0.4504
52/98 [==============>...............] - ETA: 2s - loss: 1.4946 - accuracy: 0.4501
53/98 [===============>..............] - ETA: 2s - loss: 1.4948 - accuracy: 0.4498
54/98 [===============>..............] - ETA: 2s - loss: 1.4935 - accuracy: 0.4505
55/98 [===============>..............] - ETA: 2s - loss: 1.4929 - accuracy: 0.4507
56/98 [================>.............] - ETA: 2s - loss: 1.4917 - accuracy: 0.4516
57/98 [================>.............] - ETA: 2s - loss: 1.4908 - accuracy: 0.4517
58/98 [================>.............] - ETA: 2s - loss: 1.4904 - accuracy: 0.4521
59/98 [=================>............] - ETA: 2s - loss: 1.4912 - accuracy: 0.4515
60/98 [=================>............] - ETA: 2s - loss: 1.4905 - accuracy: 0.4521
61/98 [=================>............] - ETA: 2s - loss: 1.4908 - accuracy: 0.4519
62/98 [=================>............] - ETA: 2s - loss: 1.4901 - accuracy: 0.4529
63/98 [==================>...........] - ETA: 2s - loss: 1.4889 - accuracy: 0.4535
64/98 [==================>...........] - ETA: 2s - loss: 1.4888 - accuracy: 0.4535
65/98 [==================>...........] - ETA: 2s - loss: 1.4874 - accuracy: 0.4541
66/98 [===================>..........] - ETA: 2s - loss: 1.4866 - accuracy: 0.4543
67/98 [===================>..........] - ETA: 1s - loss: 1.4858 - accuracy: 0.4546
68/98 [===================>..........] - ETA: 1s - loss: 1.4851 - accuracy: 0.4544
69/98 [====================>.........] - ETA: 1s - loss: 1.4844 - accuracy: 0.4550
70/98 [====================>.........] - ETA: 1s - loss: 1.4852 - accuracy: 0.4545
71/98 [====================>.........] - ETA: 1s - loss: 1.4844 - accuracy: 0.4550
72/98 [=====================>........] - ETA: 1s - loss: 1.4840 - accuracy: 0.4552
73/98 [=====================>........] - ETA: 1s - loss: 1.4824 - accuracy: 0.4558
74/98 [=====================>........] - ETA: 1s - loss: 1.4815 - accuracy: 0.4563
75/98 [=====================>........] - ETA: 1s - loss: 1.4810 - accuracy: 0.4567
76/98 [======================>.......] - ETA: 1s - loss: 1.4804 - accuracy: 0.4569
77/98 [======================>.......] - ETA: 1s - loss: 1.4795 - accuracy: 0.4571
78/98 [======================>.......] - ETA: 1s - loss: 1.4805 - accuracy: 0.4569
79/98 [=======================>......] - ETA: 1s - loss: 1.4803 - accuracy: 0.4569
80/98 [=======================>......] - ETA: 1s - loss: 1.4802 - accuracy: 0.4568
81/98 [=======================>......] - ETA: 1s - loss: 1.4795 - accuracy: 0.4572
82/98 [========================>.....] - ETA: 1s - loss: 1.4802 - accuracy: 0.4575
83/98 [========================>.....] - ETA: 0s - loss: 1.4801 - accuracy: 0.4571
84/98 [========================>.....] - ETA: 0s - loss: 1.4800 - accuracy: 0.4569
85/98 [=========================>....] - ETA: 0s - loss: 1.4805 - accuracy: 0.4569
86/98 [=========================>....] - ETA: 0s - loss: 1.4804 - accuracy: 0.4569
87/98 [=========================>....] - ETA: 0s - loss: 1.4808 - accuracy: 0.4569
88/98 [=========================>....] - ETA: 0s - loss: 1.4804 - accuracy: 0.4571
89/98 [==========================>...] - ETA: 0s - loss: 1.4798 - accuracy: 0.4573
90/98 [==========================>...] - ETA: 0s - loss: 1.4797 - accuracy: 0.4573
91/98 [==========================>...] - ETA: 0s - loss: 1.4788 - accuracy: 0.4577
93/98 [===========================>..] - ETA: 0s - loss: 1.4784 - accuracy: 0.4578
94/98 [===========================>..] - ETA: 0s - loss: 1.4774 - accuracy: 0.4585
95/98 [============================>.] - ETA: 0s - loss: 1.4770 - accuracy: 0.4586
96/98 [============================>.] - ETA: 0s - loss: 1.4768 - accuracy: 0.4587
97/98 [============================>.] - ETA: 0s - loss: 1.4767 - accuracy: 0.4588
98/98 [==============================] - ETA: 0s - loss: 1.4756 - accuracy: 0.4593
98/98 [==============================] - 7s 73ms/step - loss: 1.4756 - accuracy: 0.4593 - val_loss: 1.3956 - val_accuracy: 0.4870
Epoch 5/150

 1/98 [..............................] - ETA: 6s - loss: 1.4616 - accuracy: 0.4629
 2/98 [..............................] - ETA: 7s - loss: 1.4341 - accuracy: 0.4746
 3/98 [..............................] - ETA: 6s - loss: 1.4153 - accuracy: 0.4850
 4/98 [>.............................] - ETA: 6s - loss: 1.4130 - accuracy: 0.4771
 5/98 [>.............................] - ETA: 6s - loss: 1.4191 - accuracy: 0.4781
 6/98 [>.............................] - ETA: 6s - loss: 1.4262 - accuracy: 0.4749
 7/98 [=>............................] - ETA: 5s - loss: 1.4177 - accuracy: 0.4794
 8/98 [=>............................] - ETA: 5s - loss: 1.4222 - accuracy: 0.4805
 9/98 [=>............................] - ETA: 5s - loss: 1.4239 - accuracy: 0.4809
10/98 [==>...........................] - ETA: 5s - loss: 1.4250 - accuracy: 0.4793
11/98 [==>...........................] - ETA: 5s - loss: 1.4211 - accuracy: 0.4822
12/98 [==>...........................] - ETA: 5s - loss: 1.4204 - accuracy: 0.4824
13/98 [==>...........................] - ETA: 5s - loss: 1.4239 - accuracy: 0.4817
14/98 [===>..........................] - ETA: 5s - loss: 1.4283 - accuracy: 0.4803
15/98 [===>..........................] - ETA: 5s - loss: 1.4275 - accuracy: 0.4802
16/98 [===>..........................] - ETA: 5s - loss: 1.4260 - accuracy: 0.4829
17/98 [====>.........................] - ETA: 5s - loss: 1.4227 - accuracy: 0.4839
18/98 [====>.........................] - ETA: 5s - loss: 1.4256 - accuracy: 0.4830
19/98 [====>.........................] - ETA: 5s - loss: 1.4308 - accuracy: 0.4797
20/98 [=====>........................] - ETA: 5s - loss: 1.4317 - accuracy: 0.4793
21/98 [=====>........................] - ETA: 5s - loss: 1.4290 - accuracy: 0.4803
22/98 [=====>........................] - ETA: 4s - loss: 1.4286 - accuracy: 0.4798
23/98 [======>.......................] - ETA: 4s - loss: 1.4285 - accuracy: 0.4795
24/98 [======>.......................] - ETA: 4s - loss: 1.4273 - accuracy: 0.4792
25/98 [======>.......................] - ETA: 4s - loss: 1.4243 - accuracy: 0.4802
27/98 [=======>......................] - ETA: 4s - loss: 1.4232 - accuracy: 0.4804
28/98 [=======>......................] - ETA: 4s - loss: 1.4219 - accuracy: 0.4801
29/98 [=======>......................] - ETA: 4s - loss: 1.4210 - accuracy: 0.4811
30/98 [========>.....................] - ETA: 4s - loss: 1.4186 - accuracy: 0.4818
31/98 [========>.....................] - ETA: 4s - loss: 1.4201 - accuracy: 0.4814
32/98 [========>.....................] - ETA: 4s - loss: 1.4199 - accuracy: 0.4813
33/98 [=========>....................] - ETA: 4s - loss: 1.4198 - accuracy: 0.4819
34/98 [=========>....................] - ETA: 4s - loss: 1.4192 - accuracy: 0.4814
35/98 [=========>....................] - ETA: 4s - loss: 1.4168 - accuracy: 0.4821
36/98 [==========>...................] - ETA: 3s - loss: 1.4175 - accuracy: 0.4813
37/98 [==========>...................] - ETA: 3s - loss: 1.4161 - accuracy: 0.4814
38/98 [==========>...................] - ETA: 3s - loss: 1.4168 - accuracy: 0.4807
39/98 [==========>...................] - ETA: 3s - loss: 1.4162 - accuracy: 0.4810
40/98 [===========>..................] - ETA: 3s - loss: 1.4173 - accuracy: 0.4805
41/98 [===========>..................] - ETA: 3s - loss: 1.4186 - accuracy: 0.4802
42/98 [===========>..................] - ETA: 3s - loss: 1.4180 - accuracy: 0.4793
43/98 [============>.................] - ETA: 3s - loss: 1.4179 - accuracy: 0.4789
44/98 [============>.................] - ETA: 3s - loss: 1.4181 - accuracy: 0.4788
45/98 [============>.................] - ETA: 3s - loss: 1.4174 - accuracy: 0.4789
