2024-06-21 15:09:26.288361: I tensorflow/core/platform/cpu_feature_guard.cc:193] This TensorFlow binary is optimized with oneAPI Deep Neural Network Library (oneDNN) to use the following CPU instructions in performance-critical operations:  AVX AVX2
To enable them in other operations, rebuild TensorFlow with the appropriate compiler flags.
2024-06-21 15:09:26.905014: I tensorflow/core/common_runtime/gpu/gpu_device.cc:1616] Created device /job:localhost/replica:0/task:0/device:GPU:0 with 6144 MB memory:  -> device: 0, name: NVIDIA GeForce RTX 4060 Ti, pci bus id: 0000:01:00.0, compute capability: 8.9
1 Physical GPUs, 1 Logical GPUs
Model: "sequential"
_________________________________________________________________
 Layer (type)                Output Shape              Param #   
=================================================================
 conv2d (Conv2D)             (None, 32, 32, 32)        896       
                                                                 
 max_pooling2d (MaxPooling2D  (None, 16, 16, 32)       0         
 )                                                               
                                                                 
 conv2d_1 (Conv2D)           (None, 16, 16, 128)       331904    
                                                                 
 max_pooling2d_1 (MaxPooling  (None, 8, 8, 128)        0         
 2D)                                                             
                                                                 
 conv2d_2 (Conv2D)           (None, 8, 8, 64)          401472    
                                                                 
 max_pooling2d_2 (MaxPooling  (None, 4, 4, 64)         0         
 2D)                                                             
                                                                 
 conv2d_3 (Conv2D)           (None, 4, 4, 128)         991360    
                                                                 
 dropout (Dropout)           (None, 4, 4, 128)         0         
                                                                 
 flatten (Flatten)           (None, 2048)              0         
                                                                 
 dense (Dense)               (None, 100)               204900    
                                                                 
 dropout_1 (Dropout)         (None, 100)               0         
                                                                 
 dense_1 (Dense)             (None, 10)                1010      
                                                                 
=================================================================
Total params: 1,931,542
Trainable params: 1,931,542
Non-trainable params: 0
_________________________________________________________________
Taxa de aprendizado:  0.0001 Num de épocas:  150 Tamanho do lote:  512 Dropout:  0.34
Epoch 1/150
2024-06-21 15:09:28.296347: I tensorflow/stream_executor/cuda/cuda_dnn.cc:384] Loaded cuDNN version 8100
2024-06-21 15:09:29.166631: W tensorflow/stream_executor/gpu/redzone_allocator.cc:314] INTERNAL: ptxas exited with non-zero error code -1, output: 
Relying on driver to perform ptx compilation. 
Modify $PATH to customize ptxas location.
This message will be only logged once.
2024-06-21 15:09:30.418109: I tensorflow/stream_executor/cuda/cuda_blas.cc:1614] TensorFloat-32 will be used for the matrix multiplication. This will only be logged once.

 1/98 [..............................] - ETA: 8:10 - loss: 2.3032 - accuracy: 0.0742
 2/98 [..............................] - ETA: 7s - loss: 2.3042 - accuracy: 0.0801  
 3/98 [..............................] - ETA: 6s - loss: 2.3028 - accuracy: 0.0990
 4/98 [>.............................] - ETA: 6s - loss: 2.3013 - accuracy: 0.1064
 5/98 [>.............................] - ETA: 6s - loss: 2.2994 - accuracy: 0.1141
 6/98 [>.............................] - ETA: 6s - loss: 2.2977 - accuracy: 0.1208
 7/98 [=>............................] - ETA: 6s - loss: 2.2965 - accuracy: 0.1256
 8/98 [=>............................] - ETA: 6s - loss: 2.2948 - accuracy: 0.1245
 9/98 [=>............................] - ETA: 5s - loss: 2.2930 - accuracy: 0.1300
10/98 [==>...........................] - ETA: 6s - loss: 2.2904 - accuracy: 0.1332
11/98 [==>...........................] - ETA: 5s - loss: 2.2881 - accuracy: 0.1339
12/98 [==>...........................] - ETA: 5s - loss: 2.2864 - accuracy: 0.1382
13/98 [==>...........................] - ETA: 5s - loss: 2.2831 - accuracy: 0.1420
14/98 [===>..........................] - ETA: 5s - loss: 2.2805 - accuracy: 0.1424
15/98 [===>..........................] - ETA: 5s - loss: 2.2774 - accuracy: 0.1448
16/98 [===>..........................] - ETA: 5s - loss: 2.2737 - accuracy: 0.1473
17/98 [====>.........................] - ETA: 5s - loss: 2.2703 - accuracy: 0.1511
18/98 [====>.........................] - ETA: 5s - loss: 2.2659 - accuracy: 0.1539
19/98 [====>.........................] - ETA: 5s - loss: 2.2606 - accuracy: 0.1575
20/98 [=====>........................] - ETA: 5s - loss: 2.2547 - accuracy: 0.1611
21/98 [=====>........................] - ETA: 5s - loss: 2.2484 - accuracy: 0.1647
22/98 [=====>........................] - ETA: 5s - loss: 2.2440 - accuracy: 0.1667
23/98 [======>.......................] - ETA: 5s - loss: 2.2389 - accuracy: 0.1685
24/98 [======>.......................] - ETA: 5s - loss: 2.2330 - accuracy: 0.1715
25/98 [======>.......................] - ETA: 4s - loss: 2.2273 - accuracy: 0.1737
26/98 [======>.......................] - ETA: 4s - loss: 2.2217 - accuracy: 0.1759
27/98 [=======>......................] - ETA: 4s - loss: 2.2158 - accuracy: 0.1766
28/98 [=======>......................] - ETA: 4s - loss: 2.2111 - accuracy: 0.1778
29/98 [=======>......................] - ETA: 4s - loss: 2.2057 - accuracy: 0.1798
30/98 [========>.....................] - ETA: 4s - loss: 2.1998 - accuracy: 0.1820
31/98 [========>.....................] - ETA: 4s - loss: 2.1938 - accuracy: 0.1838
32/98 [========>.....................] - ETA: 4s - loss: 2.1881 - accuracy: 0.1862
33/98 [=========>....................] - ETA: 4s - loss: 2.1818 - accuracy: 0.1882
34/98 [=========>....................] - ETA: 4s - loss: 2.1775 - accuracy: 0.1898
35/98 [=========>....................] - ETA: 4s - loss: 2.1730 - accuracy: 0.1914
36/98 [==========>...................] - ETA: 4s - loss: 2.1696 - accuracy: 0.1920
37/98 [==========>...................] - ETA: 4s - loss: 2.1682 - accuracy: 0.1928
38/98 [==========>...................] - ETA: 4s - loss: 2.1638 - accuracy: 0.1948
39/98 [==========>...................] - ETA: 3s - loss: 2.1608 - accuracy: 0.1955
40/98 [===========>..................] - ETA: 3s - loss: 2.1575 - accuracy: 0.1976
41/98 [===========>..................] - ETA: 3s - loss: 2.1541 - accuracy: 0.1991
42/98 [===========>..................] - ETA: 3s - loss: 2.1507 - accuracy: 0.2008
43/98 [============>.................] - ETA: 3s - loss: 2.1470 - accuracy: 0.2025
44/98 [============>.................] - ETA: 3s - loss: 2.1448 - accuracy: 0.2033
45/98 [============>.................] - ETA: 3s - loss: 2.1424 - accuracy: 0.2039
46/98 [=============>................] - ETA: 3s - loss: 2.1372 - accuracy: 0.2061
47/98 [=============>................] - ETA: 3s - loss: 2.1344 - accuracy: 0.2076
48/98 [=============>................] - ETA: 3s - loss: 2.1319 - accuracy: 0.2088
49/98 [==============>...............] - ETA: 3s - loss: 2.1285 - accuracy: 0.2102
50/98 [==============>...............] - ETA: 3s - loss: 2.1260 - accuracy: 0.2115
51/98 [==============>...............] - ETA: 3s - loss: 2.1225 - accuracy: 0.2129
52/98 [==============>...............] - ETA: 3s - loss: 2.1198 - accuracy: 0.2141
53/98 [===============>..............] - ETA: 3s - loss: 2.1154 - accuracy: 0.2161
54/98 [===============>..............] - ETA: 2s - loss: 2.1120 - accuracy: 0.2170
55/98 [===============>..............] - ETA: 2s - loss: 2.1089 - accuracy: 0.2181
56/98 [================>.............] - ETA: 2s - loss: 2.1064 - accuracy: 0.2186
57/98 [================>.............] - ETA: 2s - loss: 2.1030 - accuracy: 0.2196
58/98 [================>.............] - ETA: 2s - loss: 2.0999 - accuracy: 0.2208
59/98 [=================>............] - ETA: 2s - loss: 2.0965 - accuracy: 0.2222
60/98 [=================>............] - ETA: 2s - loss: 2.0931 - accuracy: 0.2241
61/98 [=================>............] - ETA: 2s - loss: 2.0912 - accuracy: 0.2259
62/98 [=================>............] - ETA: 2s - loss: 2.0880 - accuracy: 0.2276
63/98 [==================>...........] - ETA: 2s - loss: 2.0858 - accuracy: 0.2282
64/98 [==================>...........] - ETA: 3s - loss: 2.0844 - accuracy: 0.2288
65/98 [==================>...........] - ETA: 2s - loss: 2.0815 - accuracy: 0.2299
66/98 [===================>..........] - ETA: 2s - loss: 2.0792 - accuracy: 0.2309
67/98 [===================>..........] - ETA: 2s - loss: 2.0774 - accuracy: 0.2318
68/98 [===================>..........] - ETA: 2s - loss: 2.0747 - accuracy: 0.2328
69/98 [====================>.........] - ETA: 2s - loss: 2.0715 - accuracy: 0.2339
70/98 [====================>.........] - ETA: 2s - loss: 2.0679 - accuracy: 0.2354
71/98 [====================>.........] - ETA: 2s - loss: 2.0654 - accuracy: 0.2362
72/98 [=====================>........] - ETA: 2s - loss: 2.0628 - accuracy: 0.2371
73/98 [=====================>........] - ETA: 2s - loss: 2.0603 - accuracy: 0.2379
74/98 [=====================>........] - ETA: 2s - loss: 2.0583 - accuracy: 0.2388
75/98 [=====================>........] - ETA: 1s - loss: 2.0560 - accuracy: 0.2398
76/98 [======================>.......] - ETA: 1s - loss: 2.0539 - accuracy: 0.2409
77/98 [======================>.......] - ETA: 1s - loss: 2.0510 - accuracy: 0.2422
78/98 [======================>.......] - ETA: 1s - loss: 2.0489 - accuracy: 0.2427
79/98 [=======================>......] - ETA: 1s - loss: 2.0468 - accuracy: 0.2434
80/98 [=======================>......] - ETA: 1s - loss: 2.0451 - accuracy: 0.2444
81/98 [=======================>......] - ETA: 1s - loss: 2.0431 - accuracy: 0.2454
82/98 [========================>.....] - ETA: 1s - loss: 2.0410 - accuracy: 0.2462
83/98 [========================>.....] - ETA: 1s - loss: 2.0390 - accuracy: 0.2467
84/98 [========================>.....] - ETA: 1s - loss: 2.0373 - accuracy: 0.2472
85/98 [=========================>....] - ETA: 1s - loss: 2.0349 - accuracy: 0.2479
86/98 [=========================>....] - ETA: 1s - loss: 2.0323 - accuracy: 0.2488
87/98 [=========================>....] - ETA: 0s - loss: 2.0304 - accuracy: 0.2495
88/98 [=========================>....] - ETA: 0s - loss: 2.0290 - accuracy: 0.2496
89/98 [==========================>...] - ETA: 0s - loss: 2.0264 - accuracy: 0.2504
90/98 [==========================>...] - ETA: 0s - loss: 2.0247 - accuracy: 0.2510
91/98 [==========================>...] - ETA: 0s - loss: 2.0222 - accuracy: 0.2520
92/98 [===========================>..] - ETA: 0s - loss: 2.0203 - accuracy: 0.2527
93/98 [===========================>..] - ETA: 0s - loss: 2.0180 - accuracy: 0.2535
94/98 [===========================>..] - ETA: 0s - loss: 2.0156 - accuracy: 0.2544
95/98 [============================>.] - ETA: 0s - loss: 2.0136 - accuracy: 0.2551
96/98 [============================>.] - ETA: 0s - loss: 2.0125 - accuracy: 0.2559
97/98 [============================>.] - ETA: 0s - loss: 2.0105 - accuracy: 0.2565
98/98 [==============================] - ETA: 0s - loss: 2.0085 - accuracy: 0.2572
98/98 [==============================] - 14s 94ms/step - loss: 2.0085 - accuracy: 0.2572 - val_loss: 1.7803 - val_accuracy: 0.3599
Epoch 2/150

 1/98 [..............................] - ETA: 7s - loss: 1.8254 - accuracy: 0.3457
 2/98 [..............................] - ETA: 6s - loss: 1.8266 - accuracy: 0.3350
 3/98 [..............................] - ETA: 5s - loss: 1.8081 - accuracy: 0.3398
 4/98 [>.............................] - ETA: 6s - loss: 1.8157 - accuracy: 0.3423
 5/98 [>.............................] - ETA: 6s - loss: 1.8202 - accuracy: 0.3387
 6/98 [>.............................] - ETA: 6s - loss: 1.8270 - accuracy: 0.3337
 7/98 [=>............................] - ETA: 6s - loss: 1.8314 - accuracy: 0.3295
 8/98 [=>............................] - ETA: 6s - loss: 1.8270 - accuracy: 0.3274
 9/98 [=>............................] - ETA: 5s - loss: 1.8233 - accuracy: 0.3303
10/98 [==>...........................] - ETA: 5s - loss: 1.8120 - accuracy: 0.3342
11/98 [==>...........................] - ETA: 5s - loss: 1.8097 - accuracy: 0.3363
12/98 [==>...........................] - ETA: 5s - loss: 1.8096 - accuracy: 0.3358
14/98 [===>..........................] - ETA: 5s - loss: 1.8047 - accuracy: 0.3368
15/98 [===>..........................] - ETA: 5s - loss: 1.8024 - accuracy: 0.3376
16/98 [===>..........................] - ETA: 5s - loss: 1.7997 - accuracy: 0.3378
17/98 [====>.........................] - ETA: 5s - loss: 1.7972 - accuracy: 0.3391
18/98 [====>.........................] - ETA: 5s - loss: 1.7955 - accuracy: 0.3388
19/98 [====>.........................] - ETA: 5s - loss: 1.7961 - accuracy: 0.3385
20/98 [=====>........................] - ETA: 5s - loss: 1.7974 - accuracy: 0.3379
21/98 [=====>........................] - ETA: 5s - loss: 1.7958 - accuracy: 0.3381
22/98 [=====>........................] - ETA: 5s - loss: 1.7962 - accuracy: 0.3385
23/98 [======>.......................] - ETA: 4s - loss: 1.7925 - accuracy: 0.3401
24/98 [======>.......................] - ETA: 4s - loss: 1.7927 - accuracy: 0.3389
25/98 [======>.......................] - ETA: 4s - loss: 1.7886 - accuracy: 0.3420
26/98 [======>.......................] - ETA: 4s - loss: 1.7873 - accuracy: 0.3422
27/98 [=======>......................] - ETA: 4s - loss: 1.7859 - accuracy: 0.3432
28/98 [=======>......................] - ETA: 4s - loss: 1.7827 - accuracy: 0.3457
29/98 [=======>......................] - ETA: 4s - loss: 1.7823 - accuracy: 0.3452
30/98 [========>.....................] - ETA: 4s - loss: 1.7816 - accuracy: 0.3449
31/98 [========>.....................] - ETA: 4s - loss: 1.7819 - accuracy: 0.3449
32/98 [========>.....................] - ETA: 4s - loss: 1.7830 - accuracy: 0.3446
33/98 [=========>....................] - ETA: 4s - loss: 1.7824 - accuracy: 0.3452
34/98 [=========>....................] - ETA: 4s - loss: 1.7807 - accuracy: 0.3463
35/98 [=========>....................] - ETA: 4s - loss: 1.7793 - accuracy: 0.3467
36/98 [==========>...................] - ETA: 4s - loss: 1.7788 - accuracy: 0.3474
37/98 [==========>...................] - ETA: 4s - loss: 1.7772 - accuracy: 0.3483
38/98 [==========>...................] - ETA: 4s - loss: 1.7780 - accuracy: 0.3480
39/98 [==========>...................] - ETA: 3s - loss: 1.7780 - accuracy: 0.3482
40/98 [===========>..................] - ETA: 3s - loss: 1.7775 - accuracy: 0.3481
41/98 [===========>..................] - ETA: 3s - loss: 1.7758 - accuracy: 0.3488
42/98 [===========>..................] - ETA: 3s - loss: 1.7743 - accuracy: 0.3494
43/98 [============>.................] - ETA: 3s - loss: 1.7747 - accuracy: 0.3491
44/98 [============>.................] - ETA: 3s - loss: 1.7737 - accuracy: 0.3497
45/98 [============>.................] - ETA: 3s - loss: 1.7730 - accuracy: 0.3500
46/98 [=============>................] - ETA: 3s - loss: 1.7714 - accuracy: 0.3510
47/98 [=============>................] - ETA: 3s - loss: 1.7698 - accuracy: 0.3515
48/98 [=============>................] - ETA: 3s - loss: 1.7688 - accuracy: 0.3521
49/98 [==============>...............] - ETA: 3s - loss: 1.7669 - accuracy: 0.3527
50/98 [==============>...............] - ETA: 3s - loss: 1.7643 - accuracy: 0.3536
51/98 [==============>...............] - ETA: 3s - loss: 1.7637 - accuracy: 0.3537
52/98 [==============>...............] - ETA: 3s - loss: 1.7625 - accuracy: 0.3541
53/98 [===============>..............] - ETA: 2s - loss: 1.7610 - accuracy: 0.3541
54/98 [===============>..............] - ETA: 2s - loss: 1.7598 - accuracy: 0.3544
55/98 [===============>..............] - ETA: 2s - loss: 1.7588 - accuracy: 0.3543
56/98 [================>.............] - ETA: 2s - loss: 1.7574 - accuracy: 0.3549
57/98 [================>.............] - ETA: 2s - loss: 1.7567 - accuracy: 0.3555
58/98 [================>.............] - ETA: 2s - loss: 1.7570 - accuracy: 0.3549
59/98 [=================>............] - ETA: 2s - loss: 1.7557 - accuracy: 0.3554
60/98 [=================>............] - ETA: 2s - loss: 1.7545 - accuracy: 0.3564
61/98 [=================>............] - ETA: 2s - loss: 1.7538 - accuracy: 0.3566
62/98 [=================>............] - ETA: 2s - loss: 1.7533 - accuracy: 0.3570
63/98 [==================>...........] - ETA: 2s - loss: 1.7512 - accuracy: 0.3580
64/98 [==================>...........] - ETA: 2s - loss: 1.7502 - accuracy: 0.3582
65/98 [==================>...........] - ETA: 2s - loss: 1.7488 - accuracy: 0.3591
66/98 [===================>..........] - ETA: 2s - loss: 1.7479 - accuracy: 0.3590
67/98 [===================>..........] - ETA: 2s - loss: 1.7474 - accuracy: 0.3597
68/98 [===================>..........] - ETA: 1s - loss: 1.7462 - accuracy: 0.3599
69/98 [====================>.........] - ETA: 1s - loss: 1.7450 - accuracy: 0.3602
70/98 [====================>.........] - ETA: 1s - loss: 1.7445 - accuracy: 0.3604
71/98 [====================>.........] - ETA: 1s - loss: 1.7436 - accuracy: 0.3603
72/98 [=====================>........] - ETA: 1s - loss: 1.7418 - accuracy: 0.3612
73/98 [=====================>........] - ETA: 1s - loss: 1.7408 - accuracy: 0.3618
74/98 [=====================>........] - ETA: 1s - loss: 1.7405 - accuracy: 0.3619
75/98 [=====================>........] - ETA: 1s - loss: 1.7390 - accuracy: 0.3622
76/98 [======================>.......] - ETA: 1s - loss: 1.7380 - accuracy: 0.3629
77/98 [======================>.......] - ETA: 1s - loss: 1.7363 - accuracy: 0.3633
78/98 [======================>.......] - ETA: 1s - loss: 1.7356 - accuracy: 0.3634
79/98 [=======================>......] - ETA: 1s - loss: 1.7339 - accuracy: 0.3640
80/98 [=======================>......] - ETA: 1s - loss: 1.7330 - accuracy: 0.3646
81/98 [=======================>......] - ETA: 1s - loss: 1.7317 - accuracy: 0.3649
82/98 [========================>.....] - ETA: 1s - loss: 1.7306 - accuracy: 0.3654
83/98 [========================>.....] - ETA: 0s - loss: 1.7291 - accuracy: 0.3659
84/98 [========================>.....] - ETA: 0s - loss: 1.7272 - accuracy: 0.3667
85/98 [=========================>....] - ETA: 0s - loss: 1.7254 - accuracy: 0.3674
86/98 [=========================>....] - ETA: 0s - loss: 1.7240 - accuracy: 0.3677
87/98 [=========================>....] - ETA: 0s - loss: 1.7224 - accuracy: 0.3682
88/98 [=========================>....] - ETA: 0s - loss: 1.7221 - accuracy: 0.3686
89/98 [==========================>...] - ETA: 0s - loss: 1.7208 - accuracy: 0.3691
90/98 [==========================>...] - ETA: 0s - loss: 1.7194 - accuracy: 0.3697
91/98 [==========================>...] - ETA: 0s - loss: 1.7189 - accuracy: 0.3703
92/98 [===========================>..] - ETA: 0s - loss: 1.7182 - accuracy: 0.3708
93/98 [===========================>..] - ETA: 0s - loss: 1.7171 - accuracy: 0.3712
94/98 [===========================>..] - ETA: 0s - loss: 1.7164 - accuracy: 0.3716
95/98 [============================>.] - ETA: 0s - loss: 1.7158 - accuracy: 0.3717
96/98 [============================>.] - ETA: 0s - loss: 1.7156 - accuracy: 0.3715
97/98 [============================>.] - ETA: 0s - loss: 1.7146 - accuracy: 0.3720
98/98 [==============================] - ETA: 0s - loss: 1.7131 - accuracy: 0.3721
98/98 [==============================] - 7s 75ms/step - loss: 1.7131 - accuracy: 0.3721 - val_loss: 1.5679 - val_accuracy: 0.4373
Epoch 3/150

 1/98 [..............................] - ETA: 7s - loss: 1.5672 - accuracy: 0.4473
 2/98 [..............................] - ETA: 6s - loss: 1.6081 - accuracy: 0.4268
 3/98 [..............................] - ETA: 5s - loss: 1.5940 - accuracy: 0.4258
 4/98 [>.............................] - ETA: 5s - loss: 1.5956 - accuracy: 0.4248
 5/98 [>.............................] - ETA: 5s - loss: 1.5966 - accuracy: 0.4176
 6/98 [>.............................] - ETA: 5s - loss: 1.6092 - accuracy: 0.4141
 7/98 [=>............................] - ETA: 5s - loss: 1.6066 - accuracy: 0.4149
 8/98 [=>............................] - ETA: 5s - loss: 1.6053 - accuracy: 0.4153
 9/98 [=>............................] - ETA: 5s - loss: 1.6060 - accuracy: 0.4141
10/98 [==>...........................] - ETA: 5s - loss: 1.6074 - accuracy: 0.4162
11/98 [==>...........................] - ETA: 5s - loss: 1.6064 - accuracy: 0.4165
12/98 [==>...........................] - ETA: 5s - loss: 1.6015 - accuracy: 0.4176
13/98 [==>...........................] - ETA: 5s - loss: 1.6009 - accuracy: 0.4181
14/98 [===>..........................] - ETA: 5s - loss: 1.5949 - accuracy: 0.4195
15/98 [===>..........................] - ETA: 5s - loss: 1.5971 - accuracy: 0.4187
16/98 [===>..........................] - ETA: 5s - loss: 1.5972 - accuracy: 0.4171
17/98 [====>.........................] - ETA: 5s - loss: 1.6009 - accuracy: 0.4146
18/98 [====>.........................] - ETA: 5s - loss: 1.5996 - accuracy: 0.4142
19/98 [====>.........................] - ETA: 5s - loss: 1.5983 - accuracy: 0.4141
20/98 [=====>........................] - ETA: 5s - loss: 1.5982 - accuracy: 0.4147
21/98 [=====>........................] - ETA: 4s - loss: 1.5997 - accuracy: 0.4132
22/98 [=====>........................] - ETA: 4s - loss: 1.5976 - accuracy: 0.4133
23/98 [======>.......................] - ETA: 4s - loss: 1.5977 - accuracy: 0.4128
24/98 [======>.......................] - ETA: 4s - loss: 1.5962 - accuracy: 0.4137
25/98 [======>.......................] - ETA: 4s - loss: 1.5971 - accuracy: 0.4122
26/98 [======>.......................] - ETA: 4s - loss: 1.5945 - accuracy: 0.4130
27/98 [=======>......................] - ETA: 4s - loss: 1.5923 - accuracy: 0.4128
28/98 [=======>......................] - ETA: 4s - loss: 1.5938 - accuracy: 0.4117
29/98 [=======>......................] - ETA: 4s - loss: 1.5921 - accuracy: 0.4122
30/98 [========>.....................] - ETA: 4s - loss: 1.5903 - accuracy: 0.4121
31/98 [========>.....................] - ETA: 4s - loss: 1.5881 - accuracy: 0.4134
32/98 [========>.....................] - ETA: 4s - loss: 1.5879 - accuracy: 0.4125
33/98 [=========>....................] - ETA: 4s - loss: 1.5866 - accuracy: 0.4125
34/98 [=========>....................] - ETA: 4s - loss: 1.5870 - accuracy: 0.4126
35/98 [=========>....................] - ETA: 4s - loss: 1.5822 - accuracy: 0.4150
36/98 [==========>...................] - ETA: 4s - loss: 1.5800 - accuracy: 0.4156
37/98 [==========>...................] - ETA: 4s - loss: 1.5786 - accuracy: 0.4165
38/98 [==========>...................] - ETA: 3s - loss: 1.5773 - accuracy: 0.4180
39/98 [==========>...................] - ETA: 3s - loss: 1.5762 - accuracy: 0.4182
40/98 [===========>..................] - ETA: 3s - loss: 1.5769 - accuracy: 0.4173
41/98 [===========>..................] - ETA: 3s - loss: 1.5775 - accuracy: 0.4175
42/98 [===========>..................] - ETA: 3s - loss: 1.5770 - accuracy: 0.4176
43/98 [============>.................] - ETA: 3s - loss: 1.5766 - accuracy: 0.4177
44/98 [============>.................] - ETA: 3s - loss: 1.5762 - accuracy: 0.4177
45/98 [============>.................] - ETA: 3s - loss: 1.5754 - accuracy: 0.4183
46/98 [=============>................] - ETA: 3s - loss: 1.5757 - accuracy: 0.4181
47/98 [=============>................] - ETA: 3s - loss: 1.5773 - accuracy: 0.4167
48/98 [=============>................] - ETA: 3s - loss: 1.5762 - accuracy: 0.4173
49/98 [==============>...............] - ETA: 3s - loss: 1.5760 - accuracy: 0.4175
50/98 [==============>...............] - ETA: 3s - loss: 1.5750 - accuracy: 0.4181
51/98 [==============>...............] - ETA: 3s - loss: 1.5744 - accuracy: 0.4184
53/98 [===============>..............] - ETA: 2s - loss: 1.5742 - accuracy: 0.4191
54/98 [===============>..............] - ETA: 2s - loss: 1.5738 - accuracy: 0.4191
55/98 [===============>..............] - ETA: 2s - loss: 1.5735 - accuracy: 0.4196
56/98 [================>.............] - ETA: 2s - loss: 1.5735 - accuracy: 0.4202
57/98 [================>.............] - ETA: 2s - loss: 1.5725 - accuracy: 0.4204
58/98 [================>.............] - ETA: 2s - loss: 1.5710 - accuracy: 0.4210
59/98 [=================>............] - ETA: 2s - loss: 1.5704 - accuracy: 0.4212
60/98 [=================>............] - ETA: 2s - loss: 1.5700 - accuracy: 0.4217
61/98 [=================>............] - ETA: 2s - loss: 1.5693 - accuracy: 0.4219
62/98 [=================>............] - ETA: 2s - loss: 1.5684 - accuracy: 0.4224
63/98 [==================>...........] - ETA: 2s - loss: 1.5670 - accuracy: 0.4230
64/98 [==================>...........] - ETA: 2s - loss: 1.5667 - accuracy: 0.4231
65/98 [==================>...........] - ETA: 2s - loss: 1.5662 - accuracy: 0.4237
66/98 [===================>..........] - ETA: 2s - loss: 1.5658 - accuracy: 0.4235
67/98 [===================>..........] - ETA: 2s - loss: 1.5653 - accuracy: 0.4238
68/98 [===================>..........] - ETA: 1s - loss: 1.5642 - accuracy: 0.4246
69/98 [====================>.........] - ETA: 1s - loss: 1.5651 - accuracy: 0.4244
70/98 [====================>.........] - ETA: 1s - loss: 1.5657 - accuracy: 0.4239
71/98 [====================>.........] - ETA: 1s - loss: 1.5644 - accuracy: 0.4245
72/98 [=====================>........] - ETA: 1s - loss: 1.5636 - accuracy: 0.4250
73/98 [=====================>........] - ETA: 1s - loss: 1.5633 - accuracy: 0.4252
74/98 [=====================>........] - ETA: 1s - loss: 1.5622 - accuracy: 0.4254
75/98 [=====================>........] - ETA: 1s - loss: 1.5614 - accuracy: 0.4253
77/98 [======================>.......] - ETA: 1s - loss: 1.5608 - accuracy: 0.4257
78/98 [======================>.......] - ETA: 1s - loss: 1.5609 - accuracy: 0.4257
79/98 [=======================>......] - ETA: 1s - loss: 1.5597 - accuracy: 0.4258
80/98 [=======================>......] - ETA: 1s - loss: 1.5591 - accuracy: 0.4260
81/98 [=======================>......] - ETA: 1s - loss: 1.5587 - accuracy: 0.4261
82/98 [========================>.....] - ETA: 1s - loss: 1.5584 - accuracy: 0.4264
83/98 [========================>.....] - ETA: 0s - loss: 1.5577 - accuracy: 0.4265
84/98 [========================>.....] - ETA: 0s - loss: 1.5579 - accuracy: 0.4263
85/98 [=========================>....] - ETA: 0s - loss: 1.5576 - accuracy: 0.4261
86/98 [=========================>....] - ETA: 0s - loss: 1.5568 - accuracy: 0.4267
87/98 [=========================>....] - ETA: 0s - loss: 1.5575 - accuracy: 0.4266
88/98 [=========================>....] - ETA: 0s - loss: 1.5573 - accuracy: 0.4270
89/98 [==========================>...] - ETA: 0s - loss: 1.5569 - accuracy: 0.4270
90/98 [==========================>...] - ETA: 0s - loss: 1.5574 - accuracy: 0.4266
91/98 [==========================>...] - ETA: 0s - loss: 1.5567 - accuracy: 0.4271
92/98 [===========================>..] - ETA: 0s - loss: 1.5560 - accuracy: 0.4273
93/98 [===========================>..] - ETA: 0s - loss: 1.5563 - accuracy: 0.4272
94/98 [===========================>..] - ETA: 0s - loss: 1.5553 - accuracy: 0.4274
95/98 [============================>.] - ETA: 0s - loss: 1.5548 - accuracy: 0.4276
96/98 [============================>.] - ETA: 0s - loss: 1.5545 - accuracy: 0.4280
97/98 [============================>.] - ETA: 0s - loss: 1.5536 - accuracy: 0.4283
98/98 [==============================] - ETA: 0s - loss: 1.5535 - accuracy: 0.4288
98/98 [==============================] - 7s 74ms/step - loss: 1.5535 - accuracy: 0.4288 - val_loss: 1.4703 - val_accuracy: 0.4647
Epoch 4/150

 1/98 [..............................] - ETA: 9s - loss: 1.5567 - accuracy: 0.4199
 2/98 [..............................] - ETA: 7s - loss: 1.5207 - accuracy: 0.4326
 3/98 [..............................] - ETA: 6s - loss: 1.5106 - accuracy: 0.4440
 4/98 [>.............................] - ETA: 6s - loss: 1.5091 - accuracy: 0.4473
 5/98 [>.............................] - ETA: 6s - loss: 1.5149 - accuracy: 0.4445
 6/98 [>.............................] - ETA: 6s - loss: 1.5054 - accuracy: 0.4453
 7/98 [=>............................] - ETA: 6s - loss: 1.5128 - accuracy: 0.4459
 8/98 [=>............................] - ETA: 6s - loss: 1.5111 - accuracy: 0.4480
 9/98 [=>............................] - ETA: 6s - loss: 1.5069 - accuracy: 0.4475
10/98 [==>...........................] - ETA: 5s - loss: 1.5061 - accuracy: 0.4494
11/98 [==>...........................] - ETA: 5s - loss: 1.5142 - accuracy: 0.4474
12/98 [==>...........................] - ETA: 5s - loss: 1.5067 - accuracy: 0.4523
13/98 [==>...........................] - ETA: 5s - loss: 1.5015 - accuracy: 0.4521
14/98 [===>..........................] - ETA: 5s - loss: 1.5041 - accuracy: 0.4505
15/98 [===>..........................] - ETA: 5s - loss: 1.5067 - accuracy: 0.4482
16/98 [===>..........................] - ETA: 5s - loss: 1.5080 - accuracy: 0.4475
17/98 [====>.........................] - ETA: 5s - loss: 1.5074 - accuracy: 0.4463
18/98 [====>.........................] - ETA: 5s - loss: 1.5068 - accuracy: 0.4475
19/98 [====>.........................] - ETA: 5s - loss: 1.5036 - accuracy: 0.4486
20/98 [=====>........................] - ETA: 5s - loss: 1.5037 - accuracy: 0.4499
21/98 [=====>........................] - ETA: 5s - loss: 1.5030 - accuracy: 0.4497
22/98 [=====>........................] - ETA: 5s - loss: 1.5023 - accuracy: 0.4510
23/98 [======>.......................] - ETA: 5s - loss: 1.5028 - accuracy: 0.4514
24/98 [======>.......................] - ETA: 4s - loss: 1.5020 - accuracy: 0.4532
25/98 [======>.......................] - ETA: 4s - loss: 1.5028 - accuracy: 0.4535
26/98 [======>.......................] - ETA: 4s - loss: 1.5029 - accuracy: 0.4524
27/98 [=======>......................] - ETA: 4s - loss: 1.5022 - accuracy: 0.4527
28/98 [=======>......................] - ETA: 4s - loss: 1.5013 - accuracy: 0.4527
29/98 [=======>......................] - ETA: 4s - loss: 1.4988 - accuracy: 0.4526
30/98 [========>.....................] - ETA: 4s - loss: 1.4987 - accuracy: 0.4521
31/98 [========>.....................] - ETA: 4s - loss: 1.4975 - accuracy: 0.4526
32/98 [========>.....................] - ETA: 4s - loss: 1.4974 - accuracy: 0.4521
33/98 [=========>....................] - ETA: 4s - loss: 1.4950 - accuracy: 0.4527
34/98 [=========>....................] - ETA: 4s - loss: 1.4946 - accuracy: 0.4530
35/98 [=========>....................] - ETA: 4s - loss: 1.4945 - accuracy: 0.4529
36/98 [==========>...................] - ETA: 4s - loss: 1.4920 - accuracy: 0.4535
37/98 [==========>...................] - ETA: 4s - loss: 1.4916 - accuracy: 0.4537
38/98 [==========>...................] - ETA: 3s - loss: 1.4907 - accuracy: 0.4544
39/98 [==========>...................] - ETA: 3s - loss: 1.4897 - accuracy: 0.4542
40/98 [===========>..................] - ETA: 3s - loss: 1.4902 - accuracy: 0.4535
41/98 [===========>..................] - ETA: 3s - loss: 1.4905 - accuracy: 0.4535
42/98 [===========>..................] - ETA: 3s - loss: 1.4903 - accuracy: 0.4538
43/98 [============>.................] - ETA: 3s - loss: 1.4900 - accuracy: 0.4540
44/98 [============>.................] - ETA: 3s - loss: 1.4898 - accuracy: 0.4542
45/98 [============>.................] - ETA: 3s - loss: 1.4895 - accuracy: 0.4538
46/98 [=============>................] - ETA: 3s - loss: 1.4881 - accuracy: 0.4543
47/98 [=============>................] - ETA: 3s - loss: 1.4885 - accuracy: 0.4547
48/98 [=============>................] - ETA: 3s - loss: 1.4872 - accuracy: 0.4560
49/98 [==============>...............] - ETA: 3s - loss: 1.4857 - accuracy: 0.4563
50/98 [==============>...............] - ETA: 3s - loss: 1.4845 - accuracy: 0.4566
51/98 [==============>...............] - ETA: 3s - loss: 1.4836 - accuracy: 0.4567
52/98 [==============>...............] - ETA: 3s - loss: 1.4825 - accuracy: 0.4571
53/98 [===============>..............] - ETA: 2s - loss: 1.4818 - accuracy: 0.4575
54/98 [===============>..............] - ETA: 2s - loss: 1.4825 - accuracy: 0.4567
55/98 [===============>..............] - ETA: 2s - loss: 1.4820 - accuracy: 0.4571
56/98 [================>.............] - ETA: 2s - loss: 1.4813 - accuracy: 0.4574
57/98 [================>.............] - ETA: 2s - loss: 1.4806 - accuracy: 0.4578
58/98 [================>.............] - ETA: 2s - loss: 1.4815 - accuracy: 0.4574
59/98 [=================>............] - ETA: 2s - loss: 1.4814 - accuracy: 0.4573
60/98 [=================>............] - ETA: 2s - loss: 1.4809 - accuracy: 0.4572
61/98 [=================>............] - ETA: 2s - loss: 1.4813 - accuracy: 0.4565
62/98 [=================>............] - ETA: 2s - loss: 1.4813 - accuracy: 0.4561
63/98 [==================>...........] - ETA: 2s - loss: 1.4816 - accuracy: 0.4559
64/98 [==================>...........] - ETA: 2s - loss: 1.4807 - accuracy: 0.4563
65/98 [==================>...........] - ETA: 2s - loss: 1.4819 - accuracy: 0.4557
66/98 [===================>..........] - ETA: 2s - loss: 1.4823 - accuracy: 0.4553
67/98 [===================>..........] - ETA: 2s - loss: 1.4819 - accuracy: 0.4557
68/98 [===================>..........] - ETA: 1s - loss: 1.4812 - accuracy: 0.4561
69/98 [====================>.........] - ETA: 1s - loss: 1.4815 - accuracy: 0.4560
70/98 [====================>.........] - ETA: 1s - loss: 1.4805 - accuracy: 0.4566
71/98 [====================>.........] - ETA: 1s - loss: 1.4792 - accuracy: 0.4571
72/98 [=====================>........] - ETA: 1s - loss: 1.4781 - accuracy: 0.4577
74/98 [=====================>........] - ETA: 1s - loss: 1.4775 - accuracy: 0.4581
75/98 [=====================>........] - ETA: 1s - loss: 1.4773 - accuracy: 0.4580
76/98 [======================>.......] - ETA: 1s - loss: 1.4768 - accuracy: 0.4583
77/98 [======================>.......] - ETA: 1s - loss: 1.4754 - accuracy: 0.4592
78/98 [======================>.......] - ETA: 1s - loss: 1.4743 - accuracy: 0.4597
79/98 [=======================>......] - ETA: 1s - loss: 1.4734 - accuracy: 0.4599
80/98 [=======================>......] - ETA: 1s - loss: 1.4735 - accuracy: 0.4597
81/98 [=======================>......] - ETA: 1s - loss: 1.4723 - accuracy: 0.4598
82/98 [========================>.....] - ETA: 1s - loss: 1.4726 - accuracy: 0.4596
83/98 [========================>.....] - ETA: 0s - loss: 1.4722 - accuracy: 0.4597
84/98 [========================>.....] - ETA: 0s - loss: 1.4728 - accuracy: 0.4597
85/98 [=========================>....] - ETA: 0s - loss: 1.4733 - accuracy: 0.4595
86/98 [=========================>....] - ETA: 0s - loss: 1.4728 - accuracy: 0.4598
87/98 [=========================>....] - ETA: 0s - loss: 1.4722 - accuracy: 0.4597
88/98 [=========================>....] - ETA: 0s - loss: 1.4711 - accuracy: 0.4601
89/98 [==========================>...] - ETA: 0s - loss: 1.4712 - accuracy: 0.4604
90/98 [==========================>...] - ETA: 0s - loss: 1.4715 - accuracy: 0.4605
91/98 [==========================>...] - ETA: 0s - loss: 1.4701 - accuracy: 0.4613
92/98 [===========================>..] - ETA: 0s - loss: 1.4698 - accuracy: 0.4612
93/98 [===========================>..] - ETA: 0s - loss: 1.4695 - accuracy: 0.4613
94/98 [===========================>..] - ETA: 0s - loss: 1.4694 - accuracy: 0.4615
95/98 [============================>.] - ETA: 0s - loss: 1.4693 - accuracy: 0.4615
96/98 [============================>.] - ETA: 0s - loss: 1.4688 - accuracy: 0.4617
97/98 [============================>.] - ETA: 0s - loss: 1.4680 - accuracy: 0.4621
98/98 [==============================] - ETA: 0s - loss: 1.4670 - accuracy: 0.4625
98/98 [==============================] - 7s 75ms/step - loss: 1.4670 - accuracy: 0.4625 - val_loss: 1.3758 - val_accuracy: 0.4965
Epoch 5/150

 1/98 [..............................] - ETA: 7s - loss: 1.4385 - accuracy: 0.4922
 2/98 [..............................] - ETA: 7s - loss: 1.4398 - accuracy: 0.4785
 3/98 [..............................] - ETA: 6s - loss: 1.4344 - accuracy: 0.4694
 4/98 [>.............................] - ETA: 6s - loss: 1.4473 - accuracy: 0.4614
 5/98 [>.............................] - ETA: 6s - loss: 1.4249 - accuracy: 0.4695
 6/98 [>.............................] - ETA: 6s - loss: 1.4169 - accuracy: 0.4756
 7/98 [=>............................] - ETA: 6s - loss: 1.4327 - accuracy: 0.4688
 8/98 [=>............................] - ETA: 6s - loss: 1.4289 - accuracy: 0.4753
 9/98 [=>............................] - ETA: 6s - loss: 1.4225 - accuracy: 0.4798
10/98 [==>...........................] - ETA: 5s - loss: 1.4258 - accuracy: 0.4771
11/98 [==>...........................] - ETA: 5s - loss: 1.4277 - accuracy: 0.4798
12/98 [==>...........................] - ETA: 5s - loss: 1.4313 - accuracy: 0.4772
13/98 [==>...........................] - ETA: 5s - loss: 1.4344 - accuracy: 0.4778
14/98 [===>..........................] - ETA: 5s - loss: 1.4373 - accuracy: 0.4760
15/98 [===>..........................] - ETA: 5s - loss: 1.4390 - accuracy: 0.4749
16/98 [===>..........................] - ETA: 5s - loss: 1.4365 - accuracy: 0.4751
17/98 [====>.........................] - ETA: 5s - loss: 1.4383 - accuracy: 0.4747
18/98 [====>.........................] - ETA: 5s - loss: 1.4377 - accuracy: 0.4742
19/98 [====>.........................] - ETA: 5s - loss: 1.4388 - accuracy: 0.4733
20/98 [=====>........................] - ETA: 5s - loss: 1.4471 - accuracy: 0.4706
21/98 [=====>........................] - ETA: 5s - loss: 1.4441 - accuracy: 0.4706
22/98 [=====>........................] - ETA: 5s - loss: 1.4426 - accuracy: 0.4713
23/98 [======>.......................] - ETA: 5s - loss: 1.4403 - accuracy: 0.4727
24/98 [======>.......................] - ETA: 4s - loss: 1.4368 - accuracy: 0.4734
25/98 [======>.......................] - ETA: 4s - loss: 1.4377 - accuracy: 0.4724
26/98 [======>.......................] - ETA: 4s - loss: 1.4361 - accuracy: 0.4733
27/98 [=======>......................] - ETA: 4s - loss: 1.4334 - accuracy: 0.4732
28/98 [=======>......................] - ETA: 4s - loss: 1.4323 - accuracy: 0.4738
29/98 [=======>......................] - ETA: 4s - loss: 1.4325 - accuracy: 0.4742
30/98 [========>.....................] - ETA: 4s - loss: 1.4291 - accuracy: 0.4753
31/98 [========>.....................] - ETA: 4s - loss: 1.4293 - accuracy: 0.4752
32/98 [========>.....................] - ETA: 4s - loss: 1.4303 - accuracy: 0.4749
33/98 [=========>....................] - ETA: 4s - loss: 1.4286 - accuracy: 0.4754
34/98 [=========>....................] - ETA: 4s - loss: 1.4261 - accuracy: 0.4758
35/98 [=========>....................] - ETA: 4s - loss: 1.4261 - accuracy: 0.4766
37/98 [==========>...................] - ETA: 4s - loss: 1.4250 - accuracy: 0.4770
38/98 [==========>...................] - ETA: 4s - loss: 1.4252 - accuracy: 0.4769
39/98 [==========>...................] - ETA: 3s - loss: 1.4251 - accuracy: 0.4774
40/98 [===========>..................] - ETA: 3s - loss: 1.4239 - accuracy: 0.4772
41/98 [===========>..................] - ETA: 3s - loss: 1.4233 - accuracy: 0.4781
42/98 [===========>..................] - ETA: 3s - loss: 1.4207 - accuracy: 0.4787
43/98 [============>.................] - ETA: 3s - loss: 1.4208 - accuracy: 0.4783
44/98 [============>.................] - ETA: 3s - loss: 1.4198 - accuracy: 0.4788
45/98 [============>.................] - ETA: 3s - loss: 1.4185 - accuracy: 0.4790
