2024-06-21 19:11:43.428906: I tensorflow/core/platform/cpu_feature_guard.cc:193] This TensorFlow binary is optimized with oneAPI Deep Neural Network Library (oneDNN) to use the following CPU instructions in performance-critical operations:  AVX AVX2
To enable them in other operations, rebuild TensorFlow with the appropriate compiler flags.
2024-06-21 19:11:43.968747: I tensorflow/core/common_runtime/gpu/gpu_device.cc:1616] Created device /job:localhost/replica:0/task:0/device:GPU:0 with 6144 MB memory:  -> device: 0, name: NVIDIA GeForce RTX 4060 Ti, pci bus id: 0000:01:00.0, compute capability: 8.9
1 Physical GPUs, 1 Logical GPUs
Model: "sequential"
_________________________________________________________________
 Layer (type)                Output Shape              Param #   
=================================================================
 conv2d (Conv2D)             (None, 32, 32, 32)        896       
                                                                 
 max_pooling2d (MaxPooling2D  (None, 16, 16, 32)       0         
 )                                                               
                                                                 
 conv2d_1 (Conv2D)           (None, 16, 16, 128)       331904    
                                                                 
 max_pooling2d_1 (MaxPooling  (None, 8, 8, 128)        0         
 2D)                                                             
                                                                 
 conv2d_2 (Conv2D)           (None, 8, 8, 64)          401472    
                                                                 
 max_pooling2d_2 (MaxPooling  (None, 4, 4, 64)         0         
 2D)                                                             
                                                                 
 conv2d_3 (Conv2D)           (None, 4, 4, 128)         991360    
                                                                 
 dropout (Dropout)           (None, 4, 4, 128)         0         
                                                                 
 flatten (Flatten)           (None, 2048)              0         
                                                                 
 dense (Dense)               (None, 100)               204900    
                                                                 
 dropout_1 (Dropout)         (None, 100)               0         
                                                                 
 dense_1 (Dense)             (None, 10)                1010      
                                                                 
=================================================================
Total params: 1,931,542
Trainable params: 1,931,542
Non-trainable params: 0
_________________________________________________________________
Taxa de aprendizado:  0.0001 Num de épocas:  150 Tamanho do lote:  512 Dropout:  0.34
Epoch 1/150
2024-06-21 19:11:45.360289: I tensorflow/stream_executor/cuda/cuda_dnn.cc:384] Loaded cuDNN version 8100
2024-06-21 19:11:46.214017: W tensorflow/stream_executor/gpu/redzone_allocator.cc:314] INTERNAL: ptxas exited with non-zero error code -1, output: 
Relying on driver to perform ptx compilation. 
Modify $PATH to customize ptxas location.
This message will be only logged once.
2024-06-21 19:11:47.436438: I tensorflow/stream_executor/cuda/cuda_blas.cc:1614] TensorFloat-32 will be used for the matrix multiplication. This will only be logged once.

 1/98 [..............................] - ETA: 9:00 - loss: 2.2998 - accuracy: 0.1074
 2/98 [..............................] - ETA: 9s - loss: 2.3012 - accuracy: 0.1094  
 3/98 [..............................] - ETA: 8s - loss: 2.3007 - accuracy: 0.1133
 4/98 [>.............................] - ETA: 7s - loss: 2.2990 - accuracy: 0.1152
 5/98 [>.............................] - ETA: 8s - loss: 2.2978 - accuracy: 0.1176
 6/98 [>.............................] - ETA: 7s - loss: 2.2968 - accuracy: 0.1204
 7/98 [=>............................] - ETA: 7s - loss: 2.2954 - accuracy: 0.1225
 8/98 [=>............................] - ETA: 7s - loss: 2.2943 - accuracy: 0.1216
 9/98 [=>............................] - ETA: 7s - loss: 2.2933 - accuracy: 0.1207
10/98 [==>...........................] - ETA: 7s - loss: 2.2917 - accuracy: 0.1211
11/98 [==>...........................] - ETA: 7s - loss: 2.2901 - accuracy: 0.1236
12/98 [==>...........................] - ETA: 7s - loss: 2.2880 - accuracy: 0.1274
13/98 [==>...........................] - ETA: 7s - loss: 2.2865 - accuracy: 0.1294
14/98 [===>..........................] - ETA: 7s - loss: 2.2846 - accuracy: 0.1327
15/98 [===>..........................] - ETA: 6s - loss: 2.2820 - accuracy: 0.1376
16/98 [===>..........................] - ETA: 6s - loss: 2.2800 - accuracy: 0.1400
17/98 [====>.........................] - ETA: 6s - loss: 2.2772 - accuracy: 0.1432
18/98 [====>.........................] - ETA: 6s - loss: 2.2740 - accuracy: 0.1459
19/98 [====>.........................] - ETA: 6s - loss: 2.2709 - accuracy: 0.1484
20/98 [=====>........................] - ETA: 6s - loss: 2.2663 - accuracy: 0.1512
21/98 [=====>........................] - ETA: 6s - loss: 2.2625 - accuracy: 0.1530
22/98 [=====>........................] - ETA: 6s - loss: 2.2579 - accuracy: 0.1557
23/98 [======>.......................] - ETA: 6s - loss: 2.2519 - accuracy: 0.1601
24/98 [======>.......................] - ETA: 6s - loss: 2.2482 - accuracy: 0.1616
25/98 [======>.......................] - ETA: 6s - loss: 2.2429 - accuracy: 0.1644
26/98 [======>.......................] - ETA: 6s - loss: 2.2376 - accuracy: 0.1663
27/98 [=======>......................] - ETA: 5s - loss: 2.2318 - accuracy: 0.1686
28/98 [=======>......................] - ETA: 10s - loss: 2.2280 - accuracy: 0.1700
29/98 [=======>......................] - ETA: 10s - loss: 2.2226 - accuracy: 0.1715
30/98 [========>.....................] - ETA: 10s - loss: 2.2153 - accuracy: 0.1747
31/98 [========>.....................] - ETA: 9s - loss: 2.2104 - accuracy: 0.1762 
32/98 [========>.....................] - ETA: 9s - loss: 2.2056 - accuracy: 0.1774
33/98 [=========>....................] - ETA: 9s - loss: 2.2007 - accuracy: 0.1784
34/98 [=========>....................] - ETA: 8s - loss: 2.1955 - accuracy: 0.1798
35/98 [=========>....................] - ETA: 8s - loss: 2.1895 - accuracy: 0.1811
36/98 [==========>...................] - ETA: 8s - loss: 2.1854 - accuracy: 0.1820
37/98 [==========>...................] - ETA: 8s - loss: 2.1796 - accuracy: 0.1842
38/98 [==========>...................] - ETA: 8s - loss: 2.1744 - accuracy: 0.1862
39/98 [==========>...................] - ETA: 7s - loss: 2.1699 - accuracy: 0.1883
40/98 [===========>..................] - ETA: 7s - loss: 2.1642 - accuracy: 0.1917
41/98 [===========>..................] - ETA: 7s - loss: 2.1596 - accuracy: 0.1946
42/98 [===========>..................] - ETA: 7s - loss: 2.1545 - accuracy: 0.1969
43/98 [============>.................] - ETA: 7s - loss: 2.1497 - accuracy: 0.1978
44/98 [============>.................] - ETA: 6s - loss: 2.1449 - accuracy: 0.1997
45/98 [============>.................] - ETA: 6s - loss: 2.1407 - accuracy: 0.2015
46/98 [=============>................] - ETA: 6s - loss: 2.1355 - accuracy: 0.2040
47/98 [=============>................] - ETA: 6s - loss: 2.1317 - accuracy: 0.2053
48/98 [=============>................] - ETA: 6s - loss: 2.1268 - accuracy: 0.2080
49/98 [==============>...............] - ETA: 6s - loss: 2.1221 - accuracy: 0.2099
50/98 [==============>...............] - ETA: 5s - loss: 2.1180 - accuracy: 0.2112
51/98 [==============>...............] - ETA: 5s - loss: 2.1130 - accuracy: 0.2131
52/98 [==============>...............] - ETA: 5s - loss: 2.1098 - accuracy: 0.2145
53/98 [===============>..............] - ETA: 5s - loss: 2.1050 - accuracy: 0.2162
54/98 [===============>..............] - ETA: 5s - loss: 2.1015 - accuracy: 0.2175
55/98 [===============>..............] - ETA: 5s - loss: 2.0981 - accuracy: 0.2191
56/98 [================>.............] - ETA: 4s - loss: 2.0946 - accuracy: 0.2205
57/98 [================>.............] - ETA: 4s - loss: 2.0917 - accuracy: 0.2218
58/98 [================>.............] - ETA: 4s - loss: 2.0889 - accuracy: 0.2222
59/98 [=================>............] - ETA: 4s - loss: 2.0853 - accuracy: 0.2239
60/98 [=================>............] - ETA: 4s - loss: 2.0815 - accuracy: 0.2258
61/98 [=================>............] - ETA: 4s - loss: 2.0773 - accuracy: 0.2277
62/98 [=================>............] - ETA: 4s - loss: 2.0745 - accuracy: 0.2292
63/98 [==================>...........] - ETA: 3s - loss: 2.0714 - accuracy: 0.2304
64/98 [==================>...........] - ETA: 3s - loss: 2.0682 - accuracy: 0.2317
65/98 [==================>...........] - ETA: 3s - loss: 2.0646 - accuracy: 0.2334
66/98 [===================>..........] - ETA: 3s - loss: 2.0608 - accuracy: 0.2351
67/98 [===================>..........] - ETA: 3s - loss: 2.0575 - accuracy: 0.2363
68/98 [===================>..........] - ETA: 3s - loss: 2.0544 - accuracy: 0.2376
69/98 [====================>.........] - ETA: 3s - loss: 2.0518 - accuracy: 0.2387
70/98 [====================>.........] - ETA: 3s - loss: 2.0498 - accuracy: 0.2392
71/98 [====================>.........] - ETA: 2s - loss: 2.0476 - accuracy: 0.2400
72/98 [=====================>........] - ETA: 2s - loss: 2.0443 - accuracy: 0.2410
73/98 [=====================>........] - ETA: 2s - loss: 2.0423 - accuracy: 0.2417
74/98 [=====================>........] - ETA: 2s - loss: 2.0393 - accuracy: 0.2432
75/98 [=====================>........] - ETA: 2s - loss: 2.0364 - accuracy: 0.2440
76/98 [======================>.......] - ETA: 2s - loss: 2.0334 - accuracy: 0.2450
77/98 [======================>.......] - ETA: 2s - loss: 2.0312 - accuracy: 0.2455
78/98 [======================>.......] - ETA: 2s - loss: 2.0284 - accuracy: 0.2464
79/98 [=======================>......] - ETA: 2s - loss: 2.0261 - accuracy: 0.2471
80/98 [=======================>......] - ETA: 1s - loss: 2.0230 - accuracy: 0.2484
81/98 [=======================>......] - ETA: 1s - loss: 2.0200 - accuracy: 0.2492
82/98 [========================>.....] - ETA: 1s - loss: 2.0173 - accuracy: 0.2504
83/98 [========================>.....] - ETA: 1s - loss: 2.0146 - accuracy: 0.2515
84/98 [========================>.....] - ETA: 1s - loss: 2.0117 - accuracy: 0.2528
85/98 [=========================>....] - ETA: 1s - loss: 2.0097 - accuracy: 0.2534
86/98 [=========================>....] - ETA: 1s - loss: 2.0074 - accuracy: 0.2541
87/98 [=========================>....] - ETA: 1s - loss: 2.0050 - accuracy: 0.2551
88/98 [=========================>....] - ETA: 1s - loss: 2.0025 - accuracy: 0.2559
89/98 [==========================>...] - ETA: 0s - loss: 2.0000 - accuracy: 0.2567
90/98 [==========================>...] - ETA: 0s - loss: 1.9978 - accuracy: 0.2576
91/98 [==========================>...] - ETA: 0s - loss: 1.9962 - accuracy: 0.2581
92/98 [===========================>..] - ETA: 0s - loss: 1.9935 - accuracy: 0.2597
93/98 [===========================>..] - ETA: 0s - loss: 1.9924 - accuracy: 0.2605
94/98 [===========================>..] - ETA: 0s - loss: 1.9900 - accuracy: 0.2613
95/98 [============================>.] - ETA: 0s - loss: 1.9883 - accuracy: 0.2620
96/98 [============================>.] - ETA: 0s - loss: 1.9869 - accuracy: 0.2622
97/98 [============================>.] - ETA: 0s - loss: 1.9843 - accuracy: 0.2633
98/98 [==============================] - ETA: 0s - loss: 1.9830 - accuracy: 0.2639
98/98 [==============================] - 17s 119ms/step - loss: 1.9830 - accuracy: 0.2639 - val_loss: 1.7508 - val_accuracy: 0.3696
Epoch 2/150

 1/98 [..............................] - ETA: 10s - loss: 1.7762 - accuracy: 0.3828
 2/98 [..............................] - ETA: 7s - loss: 1.7766 - accuracy: 0.3623 
 3/98 [..............................] - ETA: 7s - loss: 1.7924 - accuracy: 0.3477
 4/98 [>.............................] - ETA: 7s - loss: 1.7842 - accuracy: 0.3413
 5/98 [>.............................] - ETA: 7s - loss: 1.8007 - accuracy: 0.3344
 6/98 [>.............................] - ETA: 7s - loss: 1.7955 - accuracy: 0.3398
 7/98 [=>............................] - ETA: 7s - loss: 1.7945 - accuracy: 0.3407
 8/98 [=>............................] - ETA: 7s - loss: 1.7891 - accuracy: 0.3435
 9/98 [=>............................] - ETA: 7s - loss: 1.7870 - accuracy: 0.3464
10/98 [==>...........................] - ETA: 7s - loss: 1.7838 - accuracy: 0.3490
11/98 [==>...........................] - ETA: 7s - loss: 1.7833 - accuracy: 0.3484
12/98 [==>...........................] - ETA: 7s - loss: 1.7812 - accuracy: 0.3493
13/98 [==>...........................] - ETA: 7s - loss: 1.7751 - accuracy: 0.3514
14/98 [===>..........................] - ETA: 6s - loss: 1.7771 - accuracy: 0.3488
16/98 [===>..........................] - ETA: 6s - loss: 1.7758 - accuracy: 0.3490
18/98 [====>.........................] - ETA: 5s - loss: 1.7678 - accuracy: 0.3524
20/98 [=====>........................] - ETA: 5s - loss: 1.7654 - accuracy: 0.3515
21/98 [=====>........................] - ETA: 5s - loss: 1.7644 - accuracy: 0.3508
22/98 [=====>........................] - ETA: 5s - loss: 1.7614 - accuracy: 0.3528
23/98 [======>.......................] - ETA: 5s - loss: 1.7623 - accuracy: 0.3514
24/98 [======>.......................] - ETA: 5s - loss: 1.7599 - accuracy: 0.3527
25/98 [======>.......................] - ETA: 5s - loss: 1.7586 - accuracy: 0.3537
26/98 [======>.......................] - ETA: 5s - loss: 1.7567 - accuracy: 0.3541
27/98 [=======>......................] - ETA: 5s - loss: 1.7536 - accuracy: 0.3555
28/98 [=======>......................] - ETA: 5s - loss: 1.7523 - accuracy: 0.3565
29/98 [=======>......................] - ETA: 4s - loss: 1.7501 - accuracy: 0.3576
31/98 [========>.....................] - ETA: 4s - loss: 1.7488 - accuracy: 0.3585
32/98 [========>.....................] - ETA: 4s - loss: 1.7470 - accuracy: 0.3586
33/98 [=========>....................] - ETA: 4s - loss: 1.7460 - accuracy: 0.3596
34/98 [=========>....................] - ETA: 4s - loss: 1.7449 - accuracy: 0.3592
35/98 [=========>....................] - ETA: 4s - loss: 1.7433 - accuracy: 0.3593
36/98 [==========>...................] - ETA: 4s - loss: 1.7409 - accuracy: 0.3591
37/98 [==========>...................] - ETA: 4s - loss: 1.7399 - accuracy: 0.3592
38/98 [==========>...................] - ETA: 4s - loss: 1.7370 - accuracy: 0.3606
39/98 [==========>...................] - ETA: 4s - loss: 1.7355 - accuracy: 0.3611
40/98 [===========>..................] - ETA: 4s - loss: 1.7340 - accuracy: 0.3620
41/98 [===========>..................] - ETA: 4s - loss: 1.7341 - accuracy: 0.3615
42/98 [===========>..................] - ETA: 4s - loss: 1.7327 - accuracy: 0.3621
43/98 [============>.................] - ETA: 3s - loss: 1.7331 - accuracy: 0.3612
44/98 [============>.................] - ETA: 3s - loss: 1.7311 - accuracy: 0.3616
45/98 [============>.................] - ETA: 3s - loss: 1.7306 - accuracy: 0.3624
46/98 [=============>................] - ETA: 3s - loss: 1.7300 - accuracy: 0.3629
47/98 [=============>................] - ETA: 3s - loss: 1.7302 - accuracy: 0.3627
48/98 [=============>................] - ETA: 3s - loss: 1.7298 - accuracy: 0.3632
49/98 [==============>...............] - ETA: 3s - loss: 1.7277 - accuracy: 0.3635
50/98 [==============>...............] - ETA: 3s - loss: 1.7272 - accuracy: 0.3643
51/98 [==============>...............] - ETA: 3s - loss: 1.7269 - accuracy: 0.3641
52/98 [==============>...............] - ETA: 3s - loss: 1.7262 - accuracy: 0.3649
53/98 [===============>..............] - ETA: 3s - loss: 1.7252 - accuracy: 0.3660
54/98 [===============>..............] - ETA: 3s - loss: 1.7240 - accuracy: 0.3663
55/98 [===============>..............] - ETA: 3s - loss: 1.7227 - accuracy: 0.3664
56/98 [================>.............] - ETA: 3s - loss: 1.7214 - accuracy: 0.3670
57/98 [================>.............] - ETA: 3s - loss: 1.7226 - accuracy: 0.3661
58/98 [================>.............] - ETA: 3s - loss: 1.7209 - accuracy: 0.3663
59/98 [=================>............] - ETA: 2s - loss: 1.7213 - accuracy: 0.3657
60/98 [=================>............] - ETA: 2s - loss: 1.7207 - accuracy: 0.3662
61/98 [=================>............] - ETA: 2s - loss: 1.7203 - accuracy: 0.3659
62/98 [=================>............] - ETA: 2s - loss: 1.7185 - accuracy: 0.3668
63/98 [==================>...........] - ETA: 2s - loss: 1.7175 - accuracy: 0.3671
64/98 [==================>...........] - ETA: 2s - loss: 1.7170 - accuracy: 0.3674
65/98 [==================>...........] - ETA: 2s - loss: 1.7165 - accuracy: 0.3675
66/98 [===================>..........] - ETA: 2s - loss: 1.7162 - accuracy: 0.3677
67/98 [===================>..........] - ETA: 2s - loss: 1.7157 - accuracy: 0.3676
68/98 [===================>..........] - ETA: 2s - loss: 1.7144 - accuracy: 0.3681
69/98 [====================>.........] - ETA: 2s - loss: 1.7137 - accuracy: 0.3681
70/98 [====================>.........] - ETA: 2s - loss: 1.7125 - accuracy: 0.3685
71/98 [====================>.........] - ETA: 2s - loss: 1.7123 - accuracy: 0.3683
72/98 [=====================>........] - ETA: 2s - loss: 1.7112 - accuracy: 0.3693
73/98 [=====================>........] - ETA: 1s - loss: 1.7106 - accuracy: 0.3699
74/98 [=====================>........] - ETA: 1s - loss: 1.7106 - accuracy: 0.3699
75/98 [=====================>........] - ETA: 1s - loss: 1.7100 - accuracy: 0.3700
76/98 [======================>.......] - ETA: 1s - loss: 1.7094 - accuracy: 0.3701
77/98 [======================>.......] - ETA: 1s - loss: 1.7078 - accuracy: 0.3705
78/98 [======================>.......] - ETA: 1s - loss: 1.7074 - accuracy: 0.3708
79/98 [=======================>......] - ETA: 1s - loss: 1.7062 - accuracy: 0.3709
80/98 [=======================>......] - ETA: 1s - loss: 1.7057 - accuracy: 0.3712
81/98 [=======================>......] - ETA: 1s - loss: 1.7047 - accuracy: 0.3715
82/98 [========================>.....] - ETA: 1s - loss: 1.7041 - accuracy: 0.3718
83/98 [========================>.....] - ETA: 1s - loss: 1.7035 - accuracy: 0.3719
84/98 [========================>.....] - ETA: 1s - loss: 1.7018 - accuracy: 0.3724
85/98 [=========================>....] - ETA: 1s - loss: 1.7006 - accuracy: 0.3732
86/98 [=========================>....] - ETA: 0s - loss: 1.7010 - accuracy: 0.3730
87/98 [=========================>....] - ETA: 0s - loss: 1.6994 - accuracy: 0.3736
88/98 [=========================>....] - ETA: 0s - loss: 1.6985 - accuracy: 0.3738
89/98 [==========================>...] - ETA: 0s - loss: 1.6976 - accuracy: 0.3742
90/98 [==========================>...] - ETA: 0s - loss: 1.6971 - accuracy: 0.3744
91/98 [==========================>...] - ETA: 0s - loss: 1.6964 - accuracy: 0.3746
92/98 [===========================>..] - ETA: 0s - loss: 1.6958 - accuracy: 0.3749
93/98 [===========================>..] - ETA: 0s - loss: 1.6939 - accuracy: 0.3755
94/98 [===========================>..] - ETA: 0s - loss: 1.6929 - accuracy: 0.3758
95/98 [============================>.] - ETA: 0s - loss: 1.6926 - accuracy: 0.3756
96/98 [============================>.] - ETA: 0s - loss: 1.6917 - accuracy: 0.3762
97/98 [============================>.] - ETA: 0s - loss: 1.6915 - accuracy: 0.3762
98/98 [==============================] - ETA: 0s - loss: 1.6905 - accuracy: 0.3764
98/98 [==============================] - 9s 91ms/step - loss: 1.6905 - accuracy: 0.3764 - val_loss: 1.5649 - val_accuracy: 0.4335
Epoch 3/150

 1/98 [..............................] - ETA: 9s - loss: 1.6383 - accuracy: 0.4160
 2/98 [..............................] - ETA: 9s - loss: 1.5867 - accuracy: 0.4346
 4/98 [>.............................] - ETA: 7s - loss: 1.5865 - accuracy: 0.4183
 5/98 [>.............................] - ETA: 7s - loss: 1.5763 - accuracy: 0.4232
 6/98 [>.............................] - ETA: 7s - loss: 1.5857 - accuracy: 0.4178
 7/98 [=>............................] - ETA: 7s - loss: 1.5933 - accuracy: 0.4158
 8/98 [=>............................] - ETA: 7s - loss: 1.5969 - accuracy: 0.4135
 9/98 [=>............................] - ETA: 7s - loss: 1.5942 - accuracy: 0.4131
10/98 [==>...........................] - ETA: 7s - loss: 1.5933 - accuracy: 0.4142
11/98 [==>...........................] - ETA: 7s - loss: 1.5911 - accuracy: 0.4150
12/98 [==>...........................] - ETA: 7s - loss: 1.5931 - accuracy: 0.4149
13/98 [==>...........................] - ETA: 6s - loss: 1.5969 - accuracy: 0.4123
14/98 [===>..........................] - ETA: 6s - loss: 1.6006 - accuracy: 0.4103
15/98 [===>..........................] - ETA: 6s - loss: 1.6069 - accuracy: 0.4092
16/98 [===>..........................] - ETA: 6s - loss: 1.6111 - accuracy: 0.4071
17/98 [====>.........................] - ETA: 6s - loss: 1.6104 - accuracy: 0.4084
18/98 [====>.........................] - ETA: 6s - loss: 1.6174 - accuracy: 0.4051
19/98 [====>.........................] - ETA: 6s - loss: 1.6130 - accuracy: 0.4080
20/98 [=====>........................] - ETA: 6s - loss: 1.6154 - accuracy: 0.4075
21/98 [=====>........................] - ETA: 6s - loss: 1.6137 - accuracy: 0.4098
22/98 [=====>........................] - ETA: 6s - loss: 1.6150 - accuracy: 0.4097
23/98 [======>.......................] - ETA: 6s - loss: 1.6133 - accuracy: 0.4103
24/98 [======>.......................] - ETA: 6s - loss: 1.6150 - accuracy: 0.4098
25/98 [======>.......................] - ETA: 6s - loss: 1.6131 - accuracy: 0.4106
26/98 [======>.......................] - ETA: 5s - loss: 1.6108 - accuracy: 0.4115
27/98 [=======>......................] - ETA: 5s - loss: 1.6105 - accuracy: 0.4116
28/98 [=======>......................] - ETA: 5s - loss: 1.6136 - accuracy: 0.4111
29/98 [=======>......................] - ETA: 5s - loss: 1.6124 - accuracy: 0.4118
30/98 [========>.....................] - ETA: 5s - loss: 1.6134 - accuracy: 0.4119
31/98 [========>.....................] - ETA: 5s - loss: 1.6120 - accuracy: 0.4120
32/98 [========>.....................] - ETA: 5s - loss: 1.6096 - accuracy: 0.4126
33/98 [=========>....................] - ETA: 5s - loss: 1.6094 - accuracy: 0.4130
34/98 [=========>....................] - ETA: 5s - loss: 1.6115 - accuracy: 0.4125
35/98 [=========>....................] - ETA: 5s - loss: 1.6103 - accuracy: 0.4124
36/98 [==========>...................] - ETA: 5s - loss: 1.6108 - accuracy: 0.4129
37/98 [==========>...................] - ETA: 5s - loss: 1.6108 - accuracy: 0.4124
38/98 [==========>...................] - ETA: 5s - loss: 1.6122 - accuracy: 0.4115
39/98 [==========>...................] - ETA: 4s - loss: 1.6099 - accuracy: 0.4126
40/98 [===========>..................] - ETA: 4s - loss: 1.6094 - accuracy: 0.4125
41/98 [===========>..................] - ETA: 4s - loss: 1.6090 - accuracy: 0.4126
42/98 [===========>..................] - ETA: 4s - loss: 1.6084 - accuracy: 0.4132
43/98 [============>.................] - ETA: 4s - loss: 1.6076 - accuracy: 0.4128
44/98 [============>.................] - ETA: 4s - loss: 1.6064 - accuracy: 0.4129
45/98 [============>.................] - ETA: 4s - loss: 1.6064 - accuracy: 0.4135
46/98 [=============>................] - ETA: 4s - loss: 1.6055 - accuracy: 0.4131
47/98 [=============>................] - ETA: 4s - loss: 1.6050 - accuracy: 0.4130
48/98 [=============>................] - ETA: 4s - loss: 1.6058 - accuracy: 0.4123
49/98 [==============>...............] - ETA: 4s - loss: 1.6062 - accuracy: 0.4115
50/98 [==============>...............] - ETA: 4s - loss: 1.6073 - accuracy: 0.4113
51/98 [==============>...............] - ETA: 3s - loss: 1.6055 - accuracy: 0.4116
52/98 [==============>...............] - ETA: 3s - loss: 1.6051 - accuracy: 0.4119
53/98 [===============>..............] - ETA: 3s - loss: 1.6042 - accuracy: 0.4120
54/98 [===============>..............] - ETA: 3s - loss: 1.6030 - accuracy: 0.4126
55/98 [===============>..............] - ETA: 3s - loss: 1.6027 - accuracy: 0.4123
56/98 [================>.............] - ETA: 3s - loss: 1.6029 - accuracy: 0.4123
57/98 [================>.............] - ETA: 3s - loss: 1.6026 - accuracy: 0.4123
58/98 [================>.............] - ETA: 3s - loss: 1.6034 - accuracy: 0.4120
59/98 [=================>............] - ETA: 3s - loss: 1.6041 - accuracy: 0.4114
60/98 [=================>............] - ETA: 3s - loss: 1.6046 - accuracy: 0.4113
61/98 [=================>............] - ETA: 3s - loss: 1.6059 - accuracy: 0.4109
62/98 [=================>............] - ETA: 3s - loss: 1.6053 - accuracy: 0.4112
63/98 [==================>...........] - ETA: 2s - loss: 1.6032 - accuracy: 0.4117
64/98 [==================>...........] - ETA: 2s - loss: 1.6023 - accuracy: 0.4122
65/98 [==================>...........] - ETA: 2s - loss: 1.6016 - accuracy: 0.4126
66/98 [===================>..........] - ETA: 2s - loss: 1.6010 - accuracy: 0.4131
67/98 [===================>..........] - ETA: 2s - loss: 1.6004 - accuracy: 0.4134
68/98 [===================>..........] - ETA: 2s - loss: 1.5984 - accuracy: 0.4143
69/98 [====================>.........] - ETA: 2s - loss: 1.5974 - accuracy: 0.4149
70/98 [====================>.........] - ETA: 2s - loss: 1.5975 - accuracy: 0.4144
71/98 [====================>.........] - ETA: 2s - loss: 1.5967 - accuracy: 0.4145
72/98 [=====================>........] - ETA: 2s - loss: 1.5963 - accuracy: 0.4147
73/98 [=====================>........] - ETA: 2s - loss: 1.5957 - accuracy: 0.4152
74/98 [=====================>........] - ETA: 2s - loss: 1.5958 - accuracy: 0.4149
75/98 [=====================>........] - ETA: 1s - loss: 1.5948 - accuracy: 0.4154
76/98 [======================>.......] - ETA: 1s - loss: 1.5946 - accuracy: 0.4154
77/98 [======================>.......] - ETA: 1s - loss: 1.5935 - accuracy: 0.4156
78/98 [======================>.......] - ETA: 1s - loss: 1.5921 - accuracy: 0.4164
79/98 [=======================>......] - ETA: 1s - loss: 1.5918 - accuracy: 0.4167
80/98 [=======================>......] - ETA: 1s - loss: 1.5905 - accuracy: 0.4169
81/98 [=======================>......] - ETA: 1s - loss: 1.5900 - accuracy: 0.4167
82/98 [========================>.....] - ETA: 1s - loss: 1.5895 - accuracy: 0.4167
83/98 [========================>.....] - ETA: 1s - loss: 1.5888 - accuracy: 0.4169
84/98 [========================>.....] - ETA: 1s - loss: 1.5875 - accuracy: 0.4175
85/98 [=========================>....] - ETA: 1s - loss: 1.5861 - accuracy: 0.4176
86/98 [=========================>....] - ETA: 1s - loss: 1.5844 - accuracy: 0.4183
87/98 [=========================>....] - ETA: 0s - loss: 1.5838 - accuracy: 0.4187
88/98 [=========================>....] - ETA: 0s - loss: 1.5840 - accuracy: 0.4188
89/98 [==========================>...] - ETA: 0s - loss: 1.5832 - accuracy: 0.4191
90/98 [==========================>...] - ETA: 0s - loss: 1.5829 - accuracy: 0.4196
91/98 [==========================>...] - ETA: 0s - loss: 1.5822 - accuracy: 0.4198
92/98 [===========================>..] - ETA: 0s - loss: 1.5814 - accuracy: 0.4200
93/98 [===========================>..] - ETA: 0s - loss: 1.5807 - accuracy: 0.4201
94/98 [===========================>..] - ETA: 0s - loss: 1.5806 - accuracy: 0.4204
95/98 [============================>.] - ETA: 0s - loss: 1.5802 - accuracy: 0.4203
96/98 [============================>.] - ETA: 0s - loss: 1.5792 - accuracy: 0.4206
97/98 [============================>.] - ETA: 0s - loss: 1.5780 - accuracy: 0.4209
98/98 [==============================] - ETA: 0s - loss: 1.5773 - accuracy: 0.4213
98/98 [==============================] - 9s 94ms/step - loss: 1.5773 - accuracy: 0.4213 - val_loss: 1.4704 - val_accuracy: 0.4664
Epoch 4/150

 1/98 [..............................] - ETA: 9s - loss: 1.4813 - accuracy: 0.4512
 2/98 [..............................] - ETA: 6s - loss: 1.4753 - accuracy: 0.4580
 3/98 [..............................] - ETA: 6s - loss: 1.4812 - accuracy: 0.4648
 4/98 [>.............................] - ETA: 6s - loss: 1.4872 - accuracy: 0.4629
 5/98 [>.............................] - ETA: 6s - loss: 1.5016 - accuracy: 0.4496
 6/98 [>.............................] - ETA: 6s - loss: 1.5145 - accuracy: 0.4440
 7/98 [=>............................] - ETA: 6s - loss: 1.5084 - accuracy: 0.4422
 8/98 [=>............................] - ETA: 6s - loss: 1.5110 - accuracy: 0.4463
 9/98 [=>............................] - ETA: 6s - loss: 1.5060 - accuracy: 0.4490
10/98 [==>...........................] - ETA: 6s - loss: 1.5165 - accuracy: 0.4459
11/98 [==>...........................] - ETA: 6s - loss: 1.5224 - accuracy: 0.4437
12/98 [==>...........................] - ETA: 6s - loss: 1.5223 - accuracy: 0.4432
13/98 [==>...........................] - ETA: 6s - loss: 1.5193 - accuracy: 0.4429
14/98 [===>..........................] - ETA: 6s - loss: 1.5187 - accuracy: 0.4445
15/98 [===>..........................] - ETA: 6s - loss: 1.5191 - accuracy: 0.4441
16/98 [===>..........................] - ETA: 6s - loss: 1.5170 - accuracy: 0.4447
17/98 [====>.........................] - ETA: 6s - loss: 1.5168 - accuracy: 0.4452
18/98 [====>.........................] - ETA: 6s - loss: 1.5141 - accuracy: 0.4454
19/98 [====>.........................] - ETA: 6s - loss: 1.5121 - accuracy: 0.4461
20/98 [=====>........................] - ETA: 6s - loss: 1.5096 - accuracy: 0.4470
21/98 [=====>........................] - ETA: 6s - loss: 1.5054 - accuracy: 0.4495
23/98 [======>.......................] - ETA: 5s - loss: 1.5074 - accuracy: 0.4475
24/98 [======>.......................] - ETA: 5s - loss: 1.5066 - accuracy: 0.4475
25/98 [======>.......................] - ETA: 5s - loss: 1.5085 - accuracy: 0.4474
26/98 [======>.......................] - ETA: 5s - loss: 1.5088 - accuracy: 0.4459
27/98 [=======>......................] - ETA: 5s - loss: 1.5069 - accuracy: 0.4459
28/98 [=======>......................] - ETA: 5s - loss: 1.5066 - accuracy: 0.4469
29/98 [=======>......................] - ETA: 5s - loss: 1.5065 - accuracy: 0.4468
30/98 [========>.....................] - ETA: 5s - loss: 1.5054 - accuracy: 0.4480
31/98 [========>.....................] - ETA: 5s - loss: 1.5030 - accuracy: 0.4495
32/98 [========>.....................] - ETA: 5s - loss: 1.5000 - accuracy: 0.4503
33/98 [=========>....................] - ETA: 5s - loss: 1.5000 - accuracy: 0.4495
34/98 [=========>....................] - ETA: 5s - loss: 1.5017 - accuracy: 0.4496
35/98 [=========>....................] - ETA: 5s - loss: 1.5047 - accuracy: 0.4491
36/98 [==========>...................] - ETA: 5s - loss: 1.5074 - accuracy: 0.4481
37/98 [==========>...................] - ETA: 4s - loss: 1.5053 - accuracy: 0.4488
38/98 [==========>...................] - ETA: 4s - loss: 1.5068 - accuracy: 0.4487
39/98 [==========>...................] - ETA: 4s - loss: 1.5073 - accuracy: 0.4490
40/98 [===========>..................] - ETA: 4s - loss: 1.5074 - accuracy: 0.4490
41/98 [===========>..................] - ETA: 4s - loss: 1.5079 - accuracy: 0.4485
42/98 [===========>..................] - ETA: 4s - loss: 1.5083 - accuracy: 0.4490
43/98 [============>.................] - ETA: 4s - loss: 1.5094 - accuracy: 0.4481
44/98 [============>.................] - ETA: 4s - loss: 1.5088 - accuracy: 0.4487
45/98 [============>.................] - ETA: 4s - loss: 1.5084 - accuracy: 0.4487
46/98 [=============>................] - ETA: 4s - loss: 1.5091 - accuracy: 0.4486
47/98 [=============>................] - ETA: 4s - loss: 1.5083 - accuracy: 0.4486
48/98 [=============>................] - ETA: 4s - loss: 1.5082 - accuracy: 0.4484
49/98 [==============>...............] - ETA: 4s - loss: 1.5076 - accuracy: 0.4489
50/98 [==============>...............] - ETA: 3s - loss: 1.5058 - accuracy: 0.4495
51/98 [==============>...............] - ETA: 3s - loss: 1.5071 - accuracy: 0.4497
52/98 [==============>...............] - ETA: 3s - loss: 1.5068 - accuracy: 0.4504
53/98 [===============>..............] - ETA: 3s - loss: 1.5069 - accuracy: 0.4504
54/98 [===============>..............] - ETA: 3s - loss: 1.5064 - accuracy: 0.4501
55/98 [===============>..............] - ETA: 3s - loss: 1.5063 - accuracy: 0.4502
56/98 [================>.............] - ETA: 3s - loss: 1.5057 - accuracy: 0.4507
57/98 [================>.............] - ETA: 3s - loss: 1.5062 - accuracy: 0.4509
58/98 [================>.............] - ETA: 3s - loss: 1.5062 - accuracy: 0.4505
59/98 [=================>............] - ETA: 3s - loss: 1.5059 - accuracy: 0.4508
60/98 [=================>............] - ETA: 3s - loss: 1.5048 - accuracy: 0.4514
61/98 [=================>............] - ETA: 3s - loss: 1.5044 - accuracy: 0.4516
62/98 [=================>............] - ETA: 2s - loss: 1.5042 - accuracy: 0.4515
63/98 [==================>...........] - ETA: 2s - loss: 1.5048 - accuracy: 0.4508
64/98 [==================>...........] - ETA: 2s - loss: 1.5034 - accuracy: 0.4512
65/98 [==================>...........] - ETA: 2s - loss: 1.5036 - accuracy: 0.4512
66/98 [===================>..........] - ETA: 2s - loss: 1.5045 - accuracy: 0.4510
67/98 [===================>..........] - ETA: 2s - loss: 1.5050 - accuracy: 0.4513
68/98 [===================>..........] - ETA: 2s - loss: 1.5039 - accuracy: 0.4517
69/98 [====================>.........] - ETA: 2s - loss: 1.5037 - accuracy: 0.4517
70/98 [====================>.........] - ETA: 2s - loss: 1.5029 - accuracy: 0.4520
71/98 [====================>.........] - ETA: 2s - loss: 1.5022 - accuracy: 0.4522
72/98 [=====================>........] - ETA: 2s - loss: 1.5021 - accuracy: 0.4526
73/98 [=====================>........] - ETA: 2s - loss: 1.5022 - accuracy: 0.4528
74/98 [=====================>........] - ETA: 1s - loss: 1.5021 - accuracy: 0.4528
75/98 [=====================>........] - ETA: 1s - loss: 1.5011 - accuracy: 0.4529
76/98 [======================>.......] - ETA: 1s - loss: 1.5004 - accuracy: 0.4531
77/98 [======================>.......] - ETA: 1s - loss: 1.5007 - accuracy: 0.4529
78/98 [======================>.......] - ETA: 1s - loss: 1.5014 - accuracy: 0.4526
79/98 [=======================>......] - ETA: 1s - loss: 1.5017 - accuracy: 0.4525
80/98 [=======================>......] - ETA: 1s - loss: 1.5012 - accuracy: 0.4528
81/98 [=======================>......] - ETA: 1s - loss: 1.4999 - accuracy: 0.4532
82/98 [========================>.....] - ETA: 1s - loss: 1.4987 - accuracy: 0.4537
83/98 [========================>.....] - ETA: 1s - loss: 1.4982 - accuracy: 0.4537
84/98 [========================>.....] - ETA: 1s - loss: 1.4977 - accuracy: 0.4537
85/98 [=========================>....] - ETA: 1s - loss: 1.4970 - accuracy: 0.4541
86/98 [=========================>....] - ETA: 0s - loss: 1.4976 - accuracy: 0.4537
87/98 [=========================>....] - ETA: 0s - loss: 1.4968 - accuracy: 0.4539
88/98 [=========================>....] - ETA: 0s - loss: 1.4966 - accuracy: 0.4535
89/98 [==========================>...] - ETA: 0s - loss: 1.4958 - accuracy: 0.4540
90/98 [==========================>...] - ETA: 0s - loss: 1.4953 - accuracy: 0.4542
91/98 [==========================>...] - ETA: 0s - loss: 1.4934 - accuracy: 0.4547
92/98 [===========================>..] - ETA: 0s - loss: 1.4923 - accuracy: 0.4553
93/98 [===========================>..] - ETA: 0s - loss: 1.4909 - accuracy: 0.4557
94/98 [===========================>..] - ETA: 0s - loss: 1.4900 - accuracy: 0.4559
95/98 [============================>.] - ETA: 0s - loss: 1.4898 - accuracy: 0.4561
96/98 [============================>.] - ETA: 0s - loss: 1.4888 - accuracy: 0.4563
97/98 [============================>.] - ETA: 0s - loss: 1.4883 - accuracy: 0.4563
98/98 [==============================] - ETA: 0s - loss: 1.4890 - accuracy: 0.4561
98/98 [==============================] - 9s 95ms/step - loss: 1.4890 - accuracy: 0.4561 - val_loss: 1.3926 - val_accuracy: 0.4975
Epoch 5/150

 1/98 [..............................] - ETA: 10s - loss: 1.4393 - accuracy: 0.4824
 2/98 [..............................] - ETA: 7s - loss: 1.4471 - accuracy: 0.4727 
 3/98 [..............................] - ETA: 7s - loss: 1.4455 - accuracy: 0.4785
 4/98 [>.............................] - ETA: 7s - loss: 1.4383 - accuracy: 0.4771
 5/98 [>.............................] - ETA: 7s - loss: 1.4355 - accuracy: 0.4762
 6/98 [>.............................] - ETA: 7s - loss: 1.4277 - accuracy: 0.4788
 7/98 [=>............................] - ETA: 7s - loss: 1.4262 - accuracy: 0.4791
 8/98 [=>............................] - ETA: 7s - loss: 1.4230 - accuracy: 0.4839
 9/98 [=>............................] - ETA: 7s - loss: 1.4301 - accuracy: 0.4792
10/98 [==>...........................] - ETA: 7s - loss: 1.4275 - accuracy: 0.4822
11/98 [==>...........................] - ETA: 7s - loss: 1.4290 - accuracy: 0.4840
12/98 [==>...........................] - ETA: 7s - loss: 1.4308 - accuracy: 0.4826
13/98 [==>...........................] - ETA: 7s - loss: 1.4240 - accuracy: 0.4817
14/98 [===>..........................] - ETA: 7s - loss: 1.4238 - accuracy: 0.4845
15/98 [===>..........................] - ETA: 6s - loss: 1.4283 - accuracy: 0.4842
16/98 [===>..........................] - ETA: 6s - loss: 1.4239 - accuracy: 0.4866
17/98 [====>.........................] - ETA: 6s - loss: 1.4242 - accuracy: 0.4856
18/98 [====>.........................] - ETA: 6s - loss: 1.4268 - accuracy: 0.4834
19/98 [====>.........................] - ETA: 6s - loss: 1.4250 - accuracy: 0.4824
20/98 [=====>........................] - ETA: 6s - loss: 1.4239 - accuracy: 0.4826
21/98 [=====>........................] - ETA: 6s - loss: 1.4223 - accuracy: 0.4835
22/98 [=====>........................] - ETA: 6s - loss: 1.4197 - accuracy: 0.4856
23/98 [======>.......................] - ETA: 6s - loss: 1.4224 - accuracy: 0.4840
24/98 [======>.......................] - ETA: 6s - loss: 1.4198 - accuracy: 0.4858
25/98 [======>.......................] - ETA: 6s - loss: 1.4193 - accuracy: 0.4863
26/98 [======>.......................] - ETA: 6s - loss: 1.4223 - accuracy: 0.4857
27/98 [=======>......................] - ETA: 5s - loss: 1.4230 - accuracy: 0.4842
28/98 [=======>......................] - ETA: 5s - loss: 1.4236 - accuracy: 0.4836
29/98 [=======>......................] - ETA: 5s - loss: 1.4230 - accuracy: 0.4844
30/98 [========>.....................] - ETA: 5s - loss: 1.4233 - accuracy: 0.4846
31/98 [========>.....................] - ETA: 5s - loss: 1.4234 - accuracy: 0.4846
32/98 [========>.....................] - ETA: 5s - loss: 1.4241 - accuracy: 0.4843
33/98 [=========>....................] - ETA: 5s - loss: 1.4254 - accuracy: 0.4830
34/98 [=========>....................] - ETA: 5s - loss: 1.4266 - accuracy: 0.4826
35/98 [=========>....................] - ETA: 5s - loss: 1.4277 - accuracy: 0.4818
36/98 [==========>...................] - ETA: 5s - loss: 1.4281 - accuracy: 0.4816
37/98 [==========>...................] - ETA: 5s - loss: 1.4289 - accuracy: 0.4814
38/98 [==========>...................] - ETA: 5s - loss: 1.4300 - accuracy: 0.4807
39/98 [==========>...................] - ETA: 4s - loss: 1.4284 - accuracy: 0.4806
40/98 [===========>..................] - ETA: 4s - loss: 1.4292 - accuracy: 0.4807
41/98 [===========>..................] - ETA: 4s - loss: 1.4301 - accuracy: 0.4806
42/98 [===========>..................] - ETA: 4s - loss: 1.4298 - accuracy: 0.4810
43/98 [============>.................] - ETA: 4s - loss: 1.4290 - accuracy: 0.4816
44/98 [============>.................] - ETA: 4s - loss: 1.4302 - accuracy: 0.4813
45/98 [============>.................] - ETA: 4s - loss: 1.4291 - accuracy: 0.4823
46/98 [=============>................] - ETA: 4s - loss: 1.4301 - accuracy: 0.4812
