2024-06-21 18:25:45.022677: I tensorflow/core/platform/cpu_feature_guard.cc:193] This TensorFlow binary is optimized with oneAPI Deep Neural Network Library (oneDNN) to use the following CPU instructions in performance-critical operations:  AVX AVX2
To enable them in other operations, rebuild TensorFlow with the appropriate compiler flags.
2024-06-21 18:25:45.586012: I tensorflow/core/common_runtime/gpu/gpu_device.cc:1616] Created device /job:localhost/replica:0/task:0/device:GPU:0 with 6144 MB memory:  -> device: 0, name: NVIDIA GeForce RTX 4060 Ti, pci bus id: 0000:01:00.0, compute capability: 8.9
1 Physical GPUs, 1 Logical GPUs
Model: "sequential"
_________________________________________________________________
 Layer (type)                Output Shape              Param #   
=================================================================
 conv2d (Conv2D)             (None, 32, 32, 32)        896       
                                                                 
 max_pooling2d (MaxPooling2D  (None, 16, 16, 32)       0         
 )                                                               
                                                                 
 conv2d_1 (Conv2D)           (None, 16, 16, 128)       331904    
                                                                 
 max_pooling2d_1 (MaxPooling  (None, 8, 8, 128)        0         
 2D)                                                             
                                                                 
 conv2d_2 (Conv2D)           (None, 8, 8, 64)          401472    
                                                                 
 max_pooling2d_2 (MaxPooling  (None, 4, 4, 64)         0         
 2D)                                                             
                                                                 
 conv2d_3 (Conv2D)           (None, 4, 4, 128)         991360    
                                                                 
 dropout (Dropout)           (None, 4, 4, 128)         0         
                                                                 
 flatten (Flatten)           (None, 2048)              0         
                                                                 
 dense (Dense)               (None, 100)               204900    
                                                                 
 dropout_1 (Dropout)         (None, 100)               0         
                                                                 
 dense_1 (Dense)             (None, 10)                1010      
                                                                 
=================================================================
Total params: 1,931,542
Trainable params: 1,931,542
Non-trainable params: 0
_________________________________________________________________
Taxa de aprendizado:  0.0001 Num de épocas:  150 Tamanho do lote:  512 Dropout:  0.34
Epoch 1/150
2024-06-21 18:25:46.996048: I tensorflow/stream_executor/cuda/cuda_dnn.cc:384] Loaded cuDNN version 8100
2024-06-21 18:25:47.826523: W tensorflow/stream_executor/gpu/redzone_allocator.cc:314] INTERNAL: ptxas exited with non-zero error code -1, output: 
Relying on driver to perform ptx compilation. 
Modify $PATH to customize ptxas location.
This message will be only logged once.
2024-06-21 18:25:49.052201: I tensorflow/stream_executor/cuda/cuda_blas.cc:1614] TensorFloat-32 will be used for the matrix multiplication. This will only be logged once.

 1/98 [..............................] - ETA: 8:15 - loss: 2.3030 - accuracy: 0.0977
 2/98 [..............................] - ETA: 7s - loss: 2.3023 - accuracy: 0.0898  
 3/98 [..............................] - ETA: 6s - loss: 2.3003 - accuracy: 0.1003
 4/98 [>.............................] - ETA: 6s - loss: 2.3006 - accuracy: 0.1011
 5/98 [>.............................] - ETA: 6s - loss: 2.2994 - accuracy: 0.1047
 6/98 [>.............................] - ETA: 6s - loss: 2.2989 - accuracy: 0.1077
 7/98 [=>............................] - ETA: 6s - loss: 2.2974 - accuracy: 0.1124
 8/98 [=>............................] - ETA: 6s - loss: 2.2967 - accuracy: 0.1150
 9/98 [=>............................] - ETA: 6s - loss: 2.2949 - accuracy: 0.1222
10/98 [==>...........................] - ETA: 6s - loss: 2.2946 - accuracy: 0.1250
11/98 [==>...........................] - ETA: 6s - loss: 2.2939 - accuracy: 0.1252
12/98 [==>...........................] - ETA: 5s - loss: 2.2929 - accuracy: 0.1260
13/98 [==>...........................] - ETA: 5s - loss: 2.2919 - accuracy: 0.1264
14/98 [===>..........................] - ETA: 5s - loss: 2.2909 - accuracy: 0.1274
15/98 [===>..........................] - ETA: 5s - loss: 2.2887 - accuracy: 0.1299
16/98 [===>..........................] - ETA: 5s - loss: 2.2864 - accuracy: 0.1342
17/98 [====>.........................] - ETA: 5s - loss: 2.2844 - accuracy: 0.1369
18/98 [====>.........................] - ETA: 5s - loss: 2.2817 - accuracy: 0.1399
19/98 [====>.........................] - ETA: 5s - loss: 2.2791 - accuracy: 0.1414
20/98 [=====>........................] - ETA: 5s - loss: 2.2773 - accuracy: 0.1415
21/98 [=====>........................] - ETA: 5s - loss: 2.2741 - accuracy: 0.1439
22/98 [=====>........................] - ETA: 5s - loss: 2.2710 - accuracy: 0.1465
23/98 [======>.......................] - ETA: 5s - loss: 2.2683 - accuracy: 0.1480
24/98 [======>.......................] - ETA: 5s - loss: 2.2646 - accuracy: 0.1501
25/98 [======>.......................] - ETA: 5s - loss: 2.2610 - accuracy: 0.1522
26/98 [======>.......................] - ETA: 4s - loss: 2.2569 - accuracy: 0.1556
27/98 [=======>......................] - ETA: 4s - loss: 2.2528 - accuracy: 0.1582
28/98 [=======>......................] - ETA: 4s - loss: 2.2487 - accuracy: 0.1599
29/98 [=======>......................] - ETA: 4s - loss: 2.2448 - accuracy: 0.1621
30/98 [========>.....................] - ETA: 4s - loss: 2.2401 - accuracy: 0.1646
31/98 [========>.....................] - ETA: 4s - loss: 2.2355 - accuracy: 0.1668
32/98 [========>.....................] - ETA: 4s - loss: 2.2315 - accuracy: 0.1683
33/98 [=========>....................] - ETA: 4s - loss: 2.2279 - accuracy: 0.1701
34/98 [=========>....................] - ETA: 7s - loss: 2.2253 - accuracy: 0.1709
35/98 [=========>....................] - ETA: 6s - loss: 2.2207 - accuracy: 0.1723
36/98 [==========>...................] - ETA: 6s - loss: 2.2157 - accuracy: 0.1747
37/98 [==========>...................] - ETA: 6s - loss: 2.2113 - accuracy: 0.1766
38/98 [==========>...................] - ETA: 6s - loss: 2.2070 - accuracy: 0.1783
39/98 [==========>...................] - ETA: 6s - loss: 2.2017 - accuracy: 0.1797
40/98 [===========>..................] - ETA: 6s - loss: 2.1961 - accuracy: 0.1824
41/98 [===========>..................] - ETA: 5s - loss: 2.1924 - accuracy: 0.1834
42/98 [===========>..................] - ETA: 5s - loss: 2.1883 - accuracy: 0.1851
43/98 [============>.................] - ETA: 5s - loss: 2.1838 - accuracy: 0.1872
44/98 [============>.................] - ETA: 5s - loss: 2.1790 - accuracy: 0.1885
45/98 [============>.................] - ETA: 5s - loss: 2.1749 - accuracy: 0.1900
46/98 [=============>................] - ETA: 5s - loss: 2.1702 - accuracy: 0.1917
47/98 [=============>................] - ETA: 5s - loss: 2.1657 - accuracy: 0.1934
48/98 [=============>................] - ETA: 4s - loss: 2.1613 - accuracy: 0.1952
49/98 [==============>...............] - ETA: 4s - loss: 2.1569 - accuracy: 0.1973
50/98 [==============>...............] - ETA: 4s - loss: 2.1534 - accuracy: 0.1985
51/98 [==============>...............] - ETA: 4s - loss: 2.1498 - accuracy: 0.2001
52/98 [==============>...............] - ETA: 4s - loss: 2.1460 - accuracy: 0.2012
53/98 [===============>..............] - ETA: 4s - loss: 2.1424 - accuracy: 0.2027
54/98 [===============>..............] - ETA: 4s - loss: 2.1385 - accuracy: 0.2045
55/98 [===============>..............] - ETA: 4s - loss: 2.1347 - accuracy: 0.2059
56/98 [================>.............] - ETA: 3s - loss: 2.1309 - accuracy: 0.2069
57/98 [================>.............] - ETA: 3s - loss: 2.1265 - accuracy: 0.2086
58/98 [================>.............] - ETA: 3s - loss: 2.1230 - accuracy: 0.2103
59/98 [=================>............] - ETA: 3s - loss: 2.1197 - accuracy: 0.2120
60/98 [=================>............] - ETA: 3s - loss: 2.1164 - accuracy: 0.2135
61/98 [=================>............] - ETA: 3s - loss: 2.1134 - accuracy: 0.2145
62/98 [=================>............] - ETA: 3s - loss: 2.1092 - accuracy: 0.2159
63/98 [==================>...........] - ETA: 3s - loss: 2.1066 - accuracy: 0.2165
64/98 [==================>...........] - ETA: 3s - loss: 2.1030 - accuracy: 0.2179
65/98 [==================>...........] - ETA: 2s - loss: 2.0997 - accuracy: 0.2191
66/98 [===================>..........] - ETA: 2s - loss: 2.0960 - accuracy: 0.2203
67/98 [===================>..........] - ETA: 2s - loss: 2.0933 - accuracy: 0.2214
68/98 [===================>..........] - ETA: 2s - loss: 2.0901 - accuracy: 0.2228
69/98 [====================>.........] - ETA: 2s - loss: 2.0871 - accuracy: 0.2240
70/98 [====================>.........] - ETA: 2s - loss: 2.0831 - accuracy: 0.2261
71/98 [====================>.........] - ETA: 2s - loss: 2.0794 - accuracy: 0.2281
72/98 [=====================>........] - ETA: 2s - loss: 2.0762 - accuracy: 0.2298
73/98 [=====================>........] - ETA: 2s - loss: 2.0737 - accuracy: 0.2304
74/98 [=====================>........] - ETA: 2s - loss: 2.0707 - accuracy: 0.2318
75/98 [=====================>........] - ETA: 2s - loss: 2.0675 - accuracy: 0.2330
76/98 [======================>.......] - ETA: 1s - loss: 2.0652 - accuracy: 0.2337
77/98 [======================>.......] - ETA: 1s - loss: 2.0622 - accuracy: 0.2346
78/98 [======================>.......] - ETA: 1s - loss: 2.0589 - accuracy: 0.2354
79/98 [=======================>......] - ETA: 1s - loss: 2.0557 - accuracy: 0.2364
80/98 [=======================>......] - ETA: 1s - loss: 2.0527 - accuracy: 0.2378
81/98 [=======================>......] - ETA: 1s - loss: 2.0507 - accuracy: 0.2384
82/98 [========================>.....] - ETA: 1s - loss: 2.0482 - accuracy: 0.2394
84/98 [========================>.....] - ETA: 1s - loss: 2.0437 - accuracy: 0.2413
85/98 [=========================>....] - ETA: 1s - loss: 2.0415 - accuracy: 0.2419
86/98 [=========================>....] - ETA: 1s - loss: 2.0384 - accuracy: 0.2432
87/98 [=========================>....] - ETA: 0s - loss: 2.0360 - accuracy: 0.2440
88/98 [=========================>....] - ETA: 0s - loss: 2.0327 - accuracy: 0.2454
89/98 [==========================>...] - ETA: 0s - loss: 2.0303 - accuracy: 0.2467
90/98 [==========================>...] - ETA: 0s - loss: 2.0274 - accuracy: 0.2478
91/98 [==========================>...] - ETA: 0s - loss: 2.0252 - accuracy: 0.2484
92/98 [===========================>..] - ETA: 0s - loss: 2.0224 - accuracy: 0.2497
93/98 [===========================>..] - ETA: 0s - loss: 2.0204 - accuracy: 0.2508
94/98 [===========================>..] - ETA: 0s - loss: 2.0179 - accuracy: 0.2518
95/98 [============================>.] - ETA: 0s - loss: 2.0153 - accuracy: 0.2527
96/98 [============================>.] - ETA: 0s - loss: 2.0123 - accuracy: 0.2536
97/98 [============================>.] - ETA: 0s - loss: 2.0096 - accuracy: 0.2545
98/98 [==============================] - ETA: 0s - loss: 2.0071 - accuracy: 0.2553
98/98 [==============================] - 14s 96ms/step - loss: 2.0071 - accuracy: 0.2553 - val_loss: 1.7238 - val_accuracy: 0.3849
Epoch 2/150

 1/98 [..............................] - ETA: 9s - loss: 1.8086 - accuracy: 0.3496
 2/98 [..............................] - ETA: 6s - loss: 1.7754 - accuracy: 0.3652
 3/98 [..............................] - ETA: 5s - loss: 1.7789 - accuracy: 0.3522
 4/98 [>.............................] - ETA: 6s - loss: 1.7635 - accuracy: 0.3618
 5/98 [>.............................] - ETA: 6s - loss: 1.7542 - accuracy: 0.3648
 6/98 [>.............................] - ETA: 6s - loss: 1.7616 - accuracy: 0.3597
 7/98 [=>............................] - ETA: 6s - loss: 1.7630 - accuracy: 0.3557
 8/98 [=>............................] - ETA: 6s - loss: 1.7666 - accuracy: 0.3528
 9/98 [=>............................] - ETA: 5s - loss: 1.7625 - accuracy: 0.3570
10/98 [==>...........................] - ETA: 6s - loss: 1.7628 - accuracy: 0.3564
11/98 [==>...........................] - ETA: 5s - loss: 1.7562 - accuracy: 0.3599
12/98 [==>...........................] - ETA: 5s - loss: 1.7589 - accuracy: 0.3595
13/98 [==>...........................] - ETA: 5s - loss: 1.7573 - accuracy: 0.3589
14/98 [===>..........................] - ETA: 5s - loss: 1.7580 - accuracy: 0.3598
15/98 [===>..........................] - ETA: 5s - loss: 1.7499 - accuracy: 0.3648
16/98 [===>..........................] - ETA: 5s - loss: 1.7508 - accuracy: 0.3630
17/98 [====>.........................] - ETA: 5s - loss: 1.7515 - accuracy: 0.3624
18/98 [====>.........................] - ETA: 5s - loss: 1.7556 - accuracy: 0.3604
19/98 [====>.........................] - ETA: 5s - loss: 1.7571 - accuracy: 0.3606
21/98 [=====>........................] - ETA: 5s - loss: 1.7544 - accuracy: 0.3608
22/98 [=====>........................] - ETA: 5s - loss: 1.7528 - accuracy: 0.3618
23/98 [======>.......................] - ETA: 5s - loss: 1.7534 - accuracy: 0.3620
24/98 [======>.......................] - ETA: 4s - loss: 1.7520 - accuracy: 0.3620
25/98 [======>.......................] - ETA: 4s - loss: 1.7514 - accuracy: 0.3625
26/98 [======>.......................] - ETA: 4s - loss: 1.7496 - accuracy: 0.3638
27/98 [=======>......................] - ETA: 4s - loss: 1.7476 - accuracy: 0.3642
28/98 [=======>......................] - ETA: 4s - loss: 1.7457 - accuracy: 0.3651
29/98 [=======>......................] - ETA: 4s - loss: 1.7447 - accuracy: 0.3656
30/98 [========>.....................] - ETA: 4s - loss: 1.7444 - accuracy: 0.3649
31/98 [========>.....................] - ETA: 4s - loss: 1.7438 - accuracy: 0.3660
32/98 [========>.....................] - ETA: 4s - loss: 1.7422 - accuracy: 0.3665
33/98 [=========>....................] - ETA: 4s - loss: 1.7420 - accuracy: 0.3660
34/98 [=========>....................] - ETA: 4s - loss: 1.7405 - accuracy: 0.3666
35/98 [=========>....................] - ETA: 4s - loss: 1.7403 - accuracy: 0.3665
36/98 [==========>...................] - ETA: 4s - loss: 1.7401 - accuracy: 0.3667
37/98 [==========>...................] - ETA: 4s - loss: 1.7407 - accuracy: 0.3662
38/98 [==========>...................] - ETA: 4s - loss: 1.7393 - accuracy: 0.3668
39/98 [==========>...................] - ETA: 3s - loss: 1.7407 - accuracy: 0.3658
40/98 [===========>..................] - ETA: 3s - loss: 1.7392 - accuracy: 0.3656
41/98 [===========>..................] - ETA: 3s - loss: 1.7382 - accuracy: 0.3661
42/98 [===========>..................] - ETA: 3s - loss: 1.7375 - accuracy: 0.3668
43/98 [============>.................] - ETA: 3s - loss: 1.7375 - accuracy: 0.3673
44/98 [============>.................] - ETA: 3s - loss: 1.7360 - accuracy: 0.3684
45/98 [============>.................] - ETA: 3s - loss: 1.7358 - accuracy: 0.3691
46/98 [=============>................] - ETA: 3s - loss: 1.7350 - accuracy: 0.3684
47/98 [=============>................] - ETA: 3s - loss: 1.7353 - accuracy: 0.3690
48/98 [=============>................] - ETA: 3s - loss: 1.7356 - accuracy: 0.3688
49/98 [==============>...............] - ETA: 3s - loss: 1.7338 - accuracy: 0.3695
50/98 [==============>...............] - ETA: 3s - loss: 1.7325 - accuracy: 0.3698
51/98 [==============>...............] - ETA: 3s - loss: 1.7334 - accuracy: 0.3696
52/98 [==============>...............] - ETA: 3s - loss: 1.7318 - accuracy: 0.3703
53/98 [===============>..............] - ETA: 2s - loss: 1.7323 - accuracy: 0.3704
54/98 [===============>..............] - ETA: 2s - loss: 1.7319 - accuracy: 0.3706
55/98 [===============>..............] - ETA: 2s - loss: 1.7311 - accuracy: 0.3708
56/98 [================>.............] - ETA: 2s - loss: 1.7305 - accuracy: 0.3711
57/98 [================>.............] - ETA: 2s - loss: 1.7293 - accuracy: 0.3709
58/98 [================>.............] - ETA: 2s - loss: 1.7279 - accuracy: 0.3715
59/98 [=================>............] - ETA: 2s - loss: 1.7269 - accuracy: 0.3719
60/98 [=================>............] - ETA: 2s - loss: 1.7261 - accuracy: 0.3722
61/98 [=================>............] - ETA: 2s - loss: 1.7249 - accuracy: 0.3729
62/98 [=================>............] - ETA: 2s - loss: 1.7239 - accuracy: 0.3732
63/98 [==================>...........] - ETA: 2s - loss: 1.7236 - accuracy: 0.3731
64/98 [==================>...........] - ETA: 2s - loss: 1.7225 - accuracy: 0.3732
65/98 [==================>...........] - ETA: 2s - loss: 1.7217 - accuracy: 0.3736
66/98 [===================>..........] - ETA: 2s - loss: 1.7210 - accuracy: 0.3735
67/98 [===================>..........] - ETA: 2s - loss: 1.7190 - accuracy: 0.3741
68/98 [===================>..........] - ETA: 1s - loss: 1.7185 - accuracy: 0.3741
69/98 [====================>.........] - ETA: 1s - loss: 1.7172 - accuracy: 0.3747
70/98 [====================>.........] - ETA: 1s - loss: 1.7165 - accuracy: 0.3747
71/98 [====================>.........] - ETA: 1s - loss: 1.7155 - accuracy: 0.3750
72/98 [=====================>........] - ETA: 1s - loss: 1.7154 - accuracy: 0.3752
73/98 [=====================>........] - ETA: 1s - loss: 1.7143 - accuracy: 0.3759
74/98 [=====================>........] - ETA: 1s - loss: 1.7138 - accuracy: 0.3760
75/98 [=====================>........] - ETA: 1s - loss: 1.7127 - accuracy: 0.3764
76/98 [======================>.......] - ETA: 1s - loss: 1.7117 - accuracy: 0.3767
77/98 [======================>.......] - ETA: 1s - loss: 1.7102 - accuracy: 0.3771
78/98 [======================>.......] - ETA: 1s - loss: 1.7097 - accuracy: 0.3772
79/98 [=======================>......] - ETA: 1s - loss: 1.7083 - accuracy: 0.3776
80/98 [=======================>......] - ETA: 1s - loss: 1.7070 - accuracy: 0.3778
81/98 [=======================>......] - ETA: 1s - loss: 1.7053 - accuracy: 0.3785
82/98 [========================>.....] - ETA: 1s - loss: 1.7035 - accuracy: 0.3793
83/98 [========================>.....] - ETA: 1s - loss: 1.7032 - accuracy: 0.3794
84/98 [========================>.....] - ETA: 0s - loss: 1.7031 - accuracy: 0.3794
85/98 [=========================>....] - ETA: 0s - loss: 1.7023 - accuracy: 0.3795
86/98 [=========================>....] - ETA: 0s - loss: 1.7019 - accuracy: 0.3794
87/98 [=========================>....] - ETA: 0s - loss: 1.7009 - accuracy: 0.3798
88/98 [=========================>....] - ETA: 0s - loss: 1.7009 - accuracy: 0.3798
89/98 [==========================>...] - ETA: 0s - loss: 1.6998 - accuracy: 0.3800
90/98 [==========================>...] - ETA: 0s - loss: 1.6991 - accuracy: 0.3805
91/98 [==========================>...] - ETA: 0s - loss: 1.6981 - accuracy: 0.3806
92/98 [===========================>..] - ETA: 0s - loss: 1.6975 - accuracy: 0.3808
93/98 [===========================>..] - ETA: 0s - loss: 1.6971 - accuracy: 0.3807
94/98 [===========================>..] - ETA: 0s - loss: 1.6963 - accuracy: 0.3811
95/98 [============================>.] - ETA: 0s - loss: 1.6964 - accuracy: 0.3811
96/98 [============================>.] - ETA: 0s - loss: 1.6958 - accuracy: 0.3811
97/98 [============================>.] - ETA: 0s - loss: 1.6949 - accuracy: 0.3814
98/98 [==============================] - ETA: 0s - loss: 1.6941 - accuracy: 0.3817
98/98 [==============================] - 7s 76ms/step - loss: 1.6941 - accuracy: 0.3817 - val_loss: 1.5654 - val_accuracy: 0.4245
Epoch 3/150

 1/98 [..............................] - ETA: 8s - loss: 1.5875 - accuracy: 0.4219
 2/98 [..............................] - ETA: 5s - loss: 1.6160 - accuracy: 0.4072
 3/98 [..............................] - ETA: 5s - loss: 1.6070 - accuracy: 0.4056
 4/98 [>.............................] - ETA: 5s - loss: 1.6271 - accuracy: 0.4048
 5/98 [>.............................] - ETA: 5s - loss: 1.5974 - accuracy: 0.4164
 6/98 [>.............................] - ETA: 5s - loss: 1.5902 - accuracy: 0.4219
 7/98 [=>............................] - ETA: 5s - loss: 1.5903 - accuracy: 0.4196
 8/98 [=>............................] - ETA: 5s - loss: 1.5965 - accuracy: 0.4121
 9/98 [=>............................] - ETA: 5s - loss: 1.6002 - accuracy: 0.4093
10/98 [==>...........................] - ETA: 5s - loss: 1.6021 - accuracy: 0.4072
11/98 [==>...........................] - ETA: 5s - loss: 1.5969 - accuracy: 0.4126
12/98 [==>...........................] - ETA: 5s - loss: 1.5933 - accuracy: 0.4110
13/98 [==>...........................] - ETA: 5s - loss: 1.5962 - accuracy: 0.4096
14/98 [===>..........................] - ETA: 5s - loss: 1.5905 - accuracy: 0.4141
15/98 [===>..........................] - ETA: 5s - loss: 1.5917 - accuracy: 0.4142
16/98 [===>..........................] - ETA: 5s - loss: 1.5941 - accuracy: 0.4131
17/98 [====>.........................] - ETA: 5s - loss: 1.6003 - accuracy: 0.4123
18/98 [====>.........................] - ETA: 5s - loss: 1.6010 - accuracy: 0.4122
19/98 [====>.........................] - ETA: 5s - loss: 1.5982 - accuracy: 0.4135
20/98 [=====>........................] - ETA: 5s - loss: 1.6018 - accuracy: 0.4124
21/98 [=====>........................] - ETA: 5s - loss: 1.6011 - accuracy: 0.4129
22/98 [=====>........................] - ETA: 4s - loss: 1.6000 - accuracy: 0.4129
23/98 [======>.......................] - ETA: 4s - loss: 1.5996 - accuracy: 0.4113
24/98 [======>.......................] - ETA: 4s - loss: 1.5989 - accuracy: 0.4111
25/98 [======>.......................] - ETA: 4s - loss: 1.5962 - accuracy: 0.4116
26/98 [======>.......................] - ETA: 4s - loss: 1.5954 - accuracy: 0.4120
27/98 [=======>......................] - ETA: 4s - loss: 1.5955 - accuracy: 0.4114
28/98 [=======>......................] - ETA: 4s - loss: 1.5953 - accuracy: 0.4116
29/98 [=======>......................] - ETA: 4s - loss: 1.5946 - accuracy: 0.4118
30/98 [========>.....................] - ETA: 4s - loss: 1.5952 - accuracy: 0.4113
31/98 [========>.....................] - ETA: 4s - loss: 1.5942 - accuracy: 0.4120
32/98 [========>.....................] - ETA: 4s - loss: 1.5925 - accuracy: 0.4135
33/98 [=========>....................] - ETA: 4s - loss: 1.5907 - accuracy: 0.4146
34/98 [=========>....................] - ETA: 4s - loss: 1.5900 - accuracy: 0.4153
35/98 [=========>....................] - ETA: 4s - loss: 1.5881 - accuracy: 0.4165
36/98 [==========>...................] - ETA: 4s - loss: 1.5890 - accuracy: 0.4159
37/98 [==========>...................] - ETA: 4s - loss: 1.5898 - accuracy: 0.4158
38/98 [==========>...................] - ETA: 3s - loss: 1.5909 - accuracy: 0.4146
39/98 [==========>...................] - ETA: 3s - loss: 1.5930 - accuracy: 0.4139
40/98 [===========>..................] - ETA: 3s - loss: 1.5931 - accuracy: 0.4141
41/98 [===========>..................] - ETA: 3s - loss: 1.5940 - accuracy: 0.4136
42/98 [===========>..................] - ETA: 3s - loss: 1.5930 - accuracy: 0.4140
43/98 [============>.................] - ETA: 3s - loss: 1.5939 - accuracy: 0.4138
44/98 [============>.................] - ETA: 3s - loss: 1.5946 - accuracy: 0.4138
45/98 [============>.................] - ETA: 3s - loss: 1.5947 - accuracy: 0.4138
46/98 [=============>................] - ETA: 3s - loss: 1.5947 - accuracy: 0.4140
47/98 [=============>................] - ETA: 3s - loss: 1.5935 - accuracy: 0.4144
48/98 [=============>................] - ETA: 3s - loss: 1.5943 - accuracy: 0.4138
49/98 [==============>...............] - ETA: 3s - loss: 1.5929 - accuracy: 0.4139
50/98 [==============>...............] - ETA: 3s - loss: 1.5921 - accuracy: 0.4142
52/98 [==============>...............] - ETA: 3s - loss: 1.5906 - accuracy: 0.4148
53/98 [===============>..............] - ETA: 3s - loss: 1.5900 - accuracy: 0.4154
54/98 [===============>..............] - ETA: 2s - loss: 1.5905 - accuracy: 0.4148
55/98 [===============>..............] - ETA: 2s - loss: 1.5896 - accuracy: 0.4146
56/98 [================>.............] - ETA: 2s - loss: 1.5887 - accuracy: 0.4151
57/98 [================>.............] - ETA: 2s - loss: 1.5877 - accuracy: 0.4155
58/98 [================>.............] - ETA: 2s - loss: 1.5876 - accuracy: 0.4156
59/98 [=================>............] - ETA: 2s - loss: 1.5883 - accuracy: 0.4155
60/98 [=================>............] - ETA: 2s - loss: 1.5866 - accuracy: 0.4166
61/98 [=================>............] - ETA: 2s - loss: 1.5858 - accuracy: 0.4167
62/98 [=================>............] - ETA: 2s - loss: 1.5851 - accuracy: 0.4170
63/98 [==================>...........] - ETA: 2s - loss: 1.5848 - accuracy: 0.4172
64/98 [==================>...........] - ETA: 2s - loss: 1.5855 - accuracy: 0.4173
65/98 [==================>...........] - ETA: 2s - loss: 1.5847 - accuracy: 0.4174
66/98 [===================>..........] - ETA: 2s - loss: 1.5846 - accuracy: 0.4177
67/98 [===================>..........] - ETA: 2s - loss: 1.5841 - accuracy: 0.4179
68/98 [===================>..........] - ETA: 2s - loss: 1.5827 - accuracy: 0.4185
69/98 [====================>.........] - ETA: 1s - loss: 1.5830 - accuracy: 0.4185
70/98 [====================>.........] - ETA: 1s - loss: 1.5825 - accuracy: 0.4184
71/98 [====================>.........] - ETA: 1s - loss: 1.5822 - accuracy: 0.4188
72/98 [=====================>........] - ETA: 1s - loss: 1.5802 - accuracy: 0.4196
73/98 [=====================>........] - ETA: 1s - loss: 1.5782 - accuracy: 0.4205
74/98 [=====================>........] - ETA: 1s - loss: 1.5762 - accuracy: 0.4212
75/98 [=====================>........] - ETA: 1s - loss: 1.5756 - accuracy: 0.4216
76/98 [======================>.......] - ETA: 1s - loss: 1.5743 - accuracy: 0.4220
77/98 [======================>.......] - ETA: 1s - loss: 1.5725 - accuracy: 0.4226
78/98 [======================>.......] - ETA: 1s - loss: 1.5711 - accuracy: 0.4234
79/98 [=======================>......] - ETA: 1s - loss: 1.5709 - accuracy: 0.4234
80/98 [=======================>......] - ETA: 1s - loss: 1.5713 - accuracy: 0.4234
81/98 [=======================>......] - ETA: 1s - loss: 1.5710 - accuracy: 0.4235
82/98 [========================>.....] - ETA: 1s - loss: 1.5704 - accuracy: 0.4235
83/98 [========================>.....] - ETA: 1s - loss: 1.5700 - accuracy: 0.4233
84/98 [========================>.....] - ETA: 0s - loss: 1.5697 - accuracy: 0.4233
85/98 [=========================>....] - ETA: 0s - loss: 1.5697 - accuracy: 0.4233
86/98 [=========================>....] - ETA: 0s - loss: 1.5694 - accuracy: 0.4232
87/98 [=========================>....] - ETA: 0s - loss: 1.5684 - accuracy: 0.4235
88/98 [=========================>....] - ETA: 0s - loss: 1.5678 - accuracy: 0.4234
89/98 [==========================>...] - ETA: 0s - loss: 1.5667 - accuracy: 0.4236
90/98 [==========================>...] - ETA: 0s - loss: 1.5660 - accuracy: 0.4243
91/98 [==========================>...] - ETA: 0s - loss: 1.5660 - accuracy: 0.4243
92/98 [===========================>..] - ETA: 0s - loss: 1.5658 - accuracy: 0.4245
93/98 [===========================>..] - ETA: 0s - loss: 1.5648 - accuracy: 0.4253
94/98 [===========================>..] - ETA: 0s - loss: 1.5640 - accuracy: 0.4258
96/98 [============================>.] - ETA: 0s - loss: 1.5630 - accuracy: 0.4263
97/98 [============================>.] - ETA: 0s - loss: 1.5625 - accuracy: 0.4264
98/98 [==============================] - ETA: 0s - loss: 1.5611 - accuracy: 0.4272
98/98 [==============================] - 7s 75ms/step - loss: 1.5611 - accuracy: 0.4272 - val_loss: 1.4531 - val_accuracy: 0.4690
Epoch 4/150

 1/98 [..............................] - ETA: 7s - loss: 1.4673 - accuracy: 0.4492
 2/98 [..............................] - ETA: 7s - loss: 1.5018 - accuracy: 0.4531
 3/98 [..............................] - ETA: 6s - loss: 1.5115 - accuracy: 0.4518
 4/98 [>.............................] - ETA: 6s - loss: 1.5186 - accuracy: 0.4487
 5/98 [>.............................] - ETA: 6s - loss: 1.5183 - accuracy: 0.4531
 6/98 [>.............................] - ETA: 6s - loss: 1.5169 - accuracy: 0.4492
 7/98 [=>............................] - ETA: 6s - loss: 1.5065 - accuracy: 0.4534
 8/98 [=>............................] - ETA: 6s - loss: 1.4988 - accuracy: 0.4556
 9/98 [=>............................] - ETA: 6s - loss: 1.4954 - accuracy: 0.4559
10/98 [==>...........................] - ETA: 6s - loss: 1.4891 - accuracy: 0.4584
11/98 [==>...........................] - ETA: 6s - loss: 1.4942 - accuracy: 0.4565
12/98 [==>...........................] - ETA: 5s - loss: 1.4925 - accuracy: 0.4580
13/98 [==>...........................] - ETA: 5s - loss: 1.4963 - accuracy: 0.4552
14/98 [===>..........................] - ETA: 5s - loss: 1.4962 - accuracy: 0.4538
15/98 [===>..........................] - ETA: 5s - loss: 1.4934 - accuracy: 0.4559
16/98 [===>..........................] - ETA: 5s - loss: 1.4907 - accuracy: 0.4569
17/98 [====>.........................] - ETA: 5s - loss: 1.4933 - accuracy: 0.4558
18/98 [====>.........................] - ETA: 5s - loss: 1.4887 - accuracy: 0.4575
19/98 [====>.........................] - ETA: 5s - loss: 1.4866 - accuracy: 0.4574
20/98 [=====>........................] - ETA: 5s - loss: 1.4874 - accuracy: 0.4569
21/98 [=====>........................] - ETA: 5s - loss: 1.4878 - accuracy: 0.4564
22/98 [=====>........................] - ETA: 5s - loss: 1.4882 - accuracy: 0.4553
23/98 [======>.......................] - ETA: 5s - loss: 1.4848 - accuracy: 0.4570
24/98 [======>.......................] - ETA: 5s - loss: 1.4826 - accuracy: 0.4579
25/98 [======>.......................] - ETA: 5s - loss: 1.4825 - accuracy: 0.4574
26/98 [======>.......................] - ETA: 4s - loss: 1.4841 - accuracy: 0.4575
27/98 [=======>......................] - ETA: 4s - loss: 1.4858 - accuracy: 0.4575
28/98 [=======>......................] - ETA: 4s - loss: 1.4866 - accuracy: 0.4565
29/98 [=======>......................] - ETA: 4s - loss: 1.4858 - accuracy: 0.4559
30/98 [========>.....................] - ETA: 4s - loss: 1.4853 - accuracy: 0.4561
31/98 [========>.....................] - ETA: 4s - loss: 1.4859 - accuracy: 0.4561
32/98 [========>.....................] - ETA: 4s - loss: 1.4862 - accuracy: 0.4552
33/98 [=========>....................] - ETA: 4s - loss: 1.4856 - accuracy: 0.4560
34/98 [=========>....................] - ETA: 4s - loss: 1.4844 - accuracy: 0.4563
35/98 [=========>....................] - ETA: 4s - loss: 1.4837 - accuracy: 0.4570
36/98 [==========>...................] - ETA: 4s - loss: 1.4855 - accuracy: 0.4564
37/98 [==========>...................] - ETA: 4s - loss: 1.4854 - accuracy: 0.4559
38/98 [==========>...................] - ETA: 4s - loss: 1.4836 - accuracy: 0.4561
39/98 [==========>...................] - ETA: 4s - loss: 1.4833 - accuracy: 0.4561
40/98 [===========>..................] - ETA: 3s - loss: 1.4831 - accuracy: 0.4565
41/98 [===========>..................] - ETA: 3s - loss: 1.4823 - accuracy: 0.4568
42/98 [===========>..................] - ETA: 3s - loss: 1.4844 - accuracy: 0.4561
43/98 [============>.................] - ETA: 3s - loss: 1.4850 - accuracy: 0.4559
44/98 [============>.................] - ETA: 3s - loss: 1.4844 - accuracy: 0.4562
45/98 [============>.................] - ETA: 3s - loss: 1.4835 - accuracy: 0.4556
46/98 [=============>................] - ETA: 3s - loss: 1.4828 - accuracy: 0.4553
47/98 [=============>................] - ETA: 3s - loss: 1.4836 - accuracy: 0.4550
48/98 [=============>................] - ETA: 3s - loss: 1.4831 - accuracy: 0.4550
49/98 [==============>...............] - ETA: 3s - loss: 1.4828 - accuracy: 0.4548
50/98 [==============>...............] - ETA: 3s - loss: 1.4808 - accuracy: 0.4560
51/98 [==============>...............] - ETA: 3s - loss: 1.4805 - accuracy: 0.4565
52/98 [==============>...............] - ETA: 3s - loss: 1.4821 - accuracy: 0.4562
53/98 [===============>..............] - ETA: 3s - loss: 1.4812 - accuracy: 0.4566
54/98 [===============>..............] - ETA: 2s - loss: 1.4815 - accuracy: 0.4563
55/98 [===============>..............] - ETA: 2s - loss: 1.4818 - accuracy: 0.4568
56/98 [================>.............] - ETA: 2s - loss: 1.4826 - accuracy: 0.4566
57/98 [================>.............] - ETA: 2s - loss: 1.4815 - accuracy: 0.4569
59/98 [=================>............] - ETA: 2s - loss: 1.4822 - accuracy: 0.4564
60/98 [=================>............] - ETA: 2s - loss: 1.4821 - accuracy: 0.4565
61/98 [=================>............] - ETA: 2s - loss: 1.4817 - accuracy: 0.4561
62/98 [=================>............] - ETA: 2s - loss: 1.4813 - accuracy: 0.4562
63/98 [==================>...........] - ETA: 2s - loss: 1.4807 - accuracy: 0.4568
64/98 [==================>...........] - ETA: 2s - loss: 1.4807 - accuracy: 0.4571
65/98 [==================>...........] - ETA: 2s - loss: 1.4803 - accuracy: 0.4573
66/98 [===================>..........] - ETA: 2s - loss: 1.4811 - accuracy: 0.4570
67/98 [===================>..........] - ETA: 2s - loss: 1.4801 - accuracy: 0.4580
68/98 [===================>..........] - ETA: 2s - loss: 1.4807 - accuracy: 0.4577
69/98 [====================>.........] - ETA: 1s - loss: 1.4801 - accuracy: 0.4579
70/98 [====================>.........] - ETA: 1s - loss: 1.4795 - accuracy: 0.4579
71/98 [====================>.........] - ETA: 1s - loss: 1.4799 - accuracy: 0.4579
72/98 [=====================>........] - ETA: 1s - loss: 1.4798 - accuracy: 0.4579
73/98 [=====================>........] - ETA: 1s - loss: 1.4793 - accuracy: 0.4583
74/98 [=====================>........] - ETA: 1s - loss: 1.4785 - accuracy: 0.4583
75/98 [=====================>........] - ETA: 1s - loss: 1.4784 - accuracy: 0.4584
76/98 [======================>.......] - ETA: 1s - loss: 1.4780 - accuracy: 0.4584
77/98 [======================>.......] - ETA: 1s - loss: 1.4777 - accuracy: 0.4585
78/98 [======================>.......] - ETA: 1s - loss: 1.4779 - accuracy: 0.4589
79/98 [=======================>......] - ETA: 1s - loss: 1.4785 - accuracy: 0.4586
80/98 [=======================>......] - ETA: 1s - loss: 1.4775 - accuracy: 0.4590
81/98 [=======================>......] - ETA: 1s - loss: 1.4767 - accuracy: 0.4594
82/98 [========================>.....] - ETA: 1s - loss: 1.4751 - accuracy: 0.4600
83/98 [========================>.....] - ETA: 1s - loss: 1.4749 - accuracy: 0.4603
84/98 [========================>.....] - ETA: 0s - loss: 1.4739 - accuracy: 0.4606
85/98 [=========================>....] - ETA: 0s - loss: 1.4741 - accuracy: 0.4606
86/98 [=========================>....] - ETA: 0s - loss: 1.4736 - accuracy: 0.4611
87/98 [=========================>....] - ETA: 0s - loss: 1.4741 - accuracy: 0.4610
88/98 [=========================>....] - ETA: 0s - loss: 1.4729 - accuracy: 0.4613
89/98 [==========================>...] - ETA: 0s - loss: 1.4726 - accuracy: 0.4614
90/98 [==========================>...] - ETA: 0s - loss: 1.4720 - accuracy: 0.4616
91/98 [==========================>...] - ETA: 0s - loss: 1.4719 - accuracy: 0.4617
92/98 [===========================>..] - ETA: 0s - loss: 1.4716 - accuracy: 0.4618
93/98 [===========================>..] - ETA: 0s - loss: 1.4716 - accuracy: 0.4618
94/98 [===========================>..] - ETA: 0s - loss: 1.4709 - accuracy: 0.4622
95/98 [============================>.] - ETA: 0s - loss: 1.4701 - accuracy: 0.4627
96/98 [============================>.] - ETA: 0s - loss: 1.4696 - accuracy: 0.4628
97/98 [============================>.] - ETA: 0s - loss: 1.4691 - accuracy: 0.4630
98/98 [==============================] - ETA: 0s - loss: 1.4689 - accuracy: 0.4629
98/98 [==============================] - 7s 76ms/step - loss: 1.4689 - accuracy: 0.4629 - val_loss: 1.3846 - val_accuracy: 0.4879
Epoch 5/150

 1/98 [..............................] - ETA: 9s - loss: 1.4542 - accuracy: 0.4629
 2/98 [..............................] - ETA: 6s - loss: 1.4375 - accuracy: 0.4727
 3/98 [..............................] - ETA: 5s - loss: 1.4498 - accuracy: 0.4622
 4/98 [>.............................] - ETA: 5s - loss: 1.4432 - accuracy: 0.4653
 5/98 [>.............................] - ETA: 5s - loss: 1.4351 - accuracy: 0.4684
 6/98 [>.............................] - ETA: 5s - loss: 1.4293 - accuracy: 0.4756
 7/98 [=>............................] - ETA: 5s - loss: 1.4306 - accuracy: 0.4713
 8/98 [=>............................] - ETA: 5s - loss: 1.4309 - accuracy: 0.4749
 9/98 [=>............................] - ETA: 5s - loss: 1.4316 - accuracy: 0.4746
10/98 [==>...........................] - ETA: 5s - loss: 1.4274 - accuracy: 0.4773
11/98 [==>...........................] - ETA: 5s - loss: 1.4223 - accuracy: 0.4805
12/98 [==>...........................] - ETA: 5s - loss: 1.4233 - accuracy: 0.4818
13/98 [==>...........................] - ETA: 5s - loss: 1.4276 - accuracy: 0.4806
14/98 [===>..........................] - ETA: 5s - loss: 1.4252 - accuracy: 0.4810
15/98 [===>..........................] - ETA: 5s - loss: 1.4234 - accuracy: 0.4842
16/98 [===>..........................] - ETA: 5s - loss: 1.4183 - accuracy: 0.4872
17/98 [====>.........................] - ETA: 5s - loss: 1.4171 - accuracy: 0.4878
18/98 [====>.........................] - ETA: 5s - loss: 1.4198 - accuracy: 0.4878
19/98 [====>.........................] - ETA: 5s - loss: 1.4219 - accuracy: 0.4867
20/98 [=====>........................] - ETA: 5s - loss: 1.4198 - accuracy: 0.4875
21/98 [=====>........................] - ETA: 4s - loss: 1.4205 - accuracy: 0.4872
22/98 [=====>........................] - ETA: 4s - loss: 1.4183 - accuracy: 0.4885
23/98 [======>.......................] - ETA: 4s - loss: 1.4167 - accuracy: 0.4896
24/98 [======>.......................] - ETA: 4s - loss: 1.4190 - accuracy: 0.4893
25/98 [======>.......................] - ETA: 4s - loss: 1.4185 - accuracy: 0.4884
26/98 [======>.......................] - ETA: 4s - loss: 1.4193 - accuracy: 0.4877
27/98 [=======>......................] - ETA: 4s - loss: 1.4238 - accuracy: 0.4860
28/98 [=======>......................] - ETA: 4s - loss: 1.4229 - accuracy: 0.4852
29/98 [=======>......................] - ETA: 4s - loss: 1.4186 - accuracy: 0.4867
30/98 [========>.....................] - ETA: 4s - loss: 1.4170 - accuracy: 0.4870
31/98 [========>.....................] - ETA: 4s - loss: 1.4179 - accuracy: 0.4861
32/98 [========>.....................] - ETA: 4s - loss: 1.4139 - accuracy: 0.4879
33/98 [=========>....................] - ETA: 4s - loss: 1.4146 - accuracy: 0.4875
34/98 [=========>....................] - ETA: 4s - loss: 1.4124 - accuracy: 0.4891
35/98 [=========>....................] - ETA: 4s - loss: 1.4126 - accuracy: 0.4892
36/98 [==========>...................] - ETA: 4s - loss: 1.4099 - accuracy: 0.4902
37/98 [==========>...................] - ETA: 4s - loss: 1.4086 - accuracy: 0.4907
38/98 [==========>...................] - ETA: 3s - loss: 1.4088 - accuracy: 0.4903
39/98 [==========>...................] - ETA: 3s - loss: 1.4074 - accuracy: 0.4909
40/98 [===========>..................] - ETA: 3s - loss: 1.4075 - accuracy: 0.4909
41/98 [===========>..................] - ETA: 3s - loss: 1.4077 - accuracy: 0.4906
42/98 [===========>..................] - ETA: 3s - loss: 1.4077 - accuracy: 0.4907
43/98 [============>.................] - ETA: 3s - loss: 1.4085 - accuracy: 0.4899
44/98 [============>.................] - ETA: 3s - loss: 1.4090 - accuracy: 0.4903
45/98 [============>.................] - ETA: 3s - loss: 1.4102 - accuracy: 0.4901
