2024-06-21 15:20:16.460529: I tensorflow/core/platform/cpu_feature_guard.cc:193] This TensorFlow binary is optimized with oneAPI Deep Neural Network Library (oneDNN) to use the following CPU instructions in performance-critical operations:  AVX AVX2
To enable them in other operations, rebuild TensorFlow with the appropriate compiler flags.
2024-06-21 15:20:17.028199: I tensorflow/core/common_runtime/gpu/gpu_device.cc:1616] Created device /job:localhost/replica:0/task:0/device:GPU:0 with 6144 MB memory:  -> device: 0, name: NVIDIA GeForce RTX 4060 Ti, pci bus id: 0000:01:00.0, compute capability: 8.9
1 Physical GPUs, 1 Logical GPUs
Model: "sequential"
_________________________________________________________________
 Layer (type)                Output Shape              Param #   
=================================================================
 conv2d (Conv2D)             (None, 32, 32, 32)        896       
                                                                 
 max_pooling2d (MaxPooling2D  (None, 16, 16, 32)       0         
 )                                                               
                                                                 
 batch_normalization (BatchN  (None, 16, 16, 32)       128       
 ormalization)                                                   
                                                                 
 conv2d_1 (Conv2D)           (None, 16, 16, 64)        51264     
                                                                 
 max_pooling2d_1 (MaxPooling  (None, 8, 8, 64)         0         
 2D)                                                             
                                                                 
 conv2d_2 (Conv2D)           (None, 8, 8, 256)         147712    
                                                                 
 max_pooling2d_2 (MaxPooling  (None, 4, 4, 256)        0         
 2D)                                                             
                                                                 
 conv2d_3 (Conv2D)           (None, 4, 4, 128)         1605760   
                                                                 
 dropout (Dropout)           (None, 4, 4, 128)         0         
                                                                 
 flatten (Flatten)           (None, 2048)              0         
                                                                 
 dense (Dense)               (None, 10)                20490     
                                                                 
=================================================================
Total params: 1,826,250
Trainable params: 1,826,186
Non-trainable params: 64
_________________________________________________________________
Taxa de aprendizado:  0.01 Num de épocas:  249 Tamanho do lote:  512 Dropout:  0.22
Epoch 1/249
2024-06-21 15:20:18.491086: I tensorflow/stream_executor/cuda/cuda_dnn.cc:384] Loaded cuDNN version 8100
2024-06-21 15:20:19.357623: W tensorflow/stream_executor/gpu/redzone_allocator.cc:314] INTERNAL: ptxas exited with non-zero error code -1, output: 
Relying on driver to perform ptx compilation. 
Modify $PATH to customize ptxas location.
This message will be only logged once.
2024-06-21 15:20:20.418429: I tensorflow/stream_executor/cuda/cuda_blas.cc:1614] TensorFloat-32 will be used for the matrix multiplication. This will only be logged once.

 1/98 [..............................] - ETA: 6:10 - loss: 2.3497 - accuracy: 0.0996
 3/98 [..............................] - ETA: 3s - loss: 38.2598 - accuracy: 0.0931 
 5/98 [>.............................] - ETA: 3s - loss: 23.8769 - accuracy: 0.0934
 7/98 [=>............................] - ETA: 3s - loss: 17.7127 - accuracy: 0.0999
 9/98 [=>............................] - ETA: 2s - loss: 14.2884 - accuracy: 0.0994
11/98 [==>...........................] - ETA: 2s - loss: 12.1091 - accuracy: 0.0998
13/98 [==>...........................] - ETA: 2s - loss: 10.6003 - accuracy: 0.1001
15/98 [===>..........................] - ETA: 2s - loss: 9.4941 - accuracy: 0.0999 
17/98 [====>.........................] - ETA: 2s - loss: 8.6482 - accuracy: 0.0972
19/98 [====>.........................] - ETA: 2s - loss: 7.9801 - accuracy: 0.0955
21/98 [=====>........................] - ETA: 2s - loss: 7.4398 - accuracy: 0.0959
23/98 [======>.......................] - ETA: 2s - loss: 6.9930 - accuracy: 0.0979
25/98 [======>.......................] - ETA: 2s - loss: 6.6178 - accuracy: 0.0990
27/98 [=======>......................] - ETA: 2s - loss: 6.2981 - accuracy: 0.0995
29/98 [=======>......................] - ETA: 2s - loss: 6.0226 - accuracy: 0.0997
31/98 [========>.....................] - ETA: 2s - loss: 5.7827 - accuracy: 0.1004
33/98 [=========>....................] - ETA: 2s - loss: 5.5715 - accuracy: 0.1006
34/98 [=========>....................] - ETA: 3s - loss: 5.5075 - accuracy: 0.1003
36/98 [==========>...................] - ETA: 3s - loss: 5.3277 - accuracy: 0.1004
38/98 [==========>...................] - ETA: 3s - loss: 5.1660 - accuracy: 0.1008
40/98 [===========>..................] - ETA: 2s - loss: 5.0201 - accuracy: 0.1012
42/98 [===========>..................] - ETA: 2s - loss: 4.8892 - accuracy: 0.1012
44/98 [============>.................] - ETA: 2s - loss: 4.7690 - accuracy: 0.1027
46/98 [=============>................] - ETA: 2s - loss: 4.6592 - accuracy: 0.1052
48/98 [=============>................] - ETA: 2s - loss: 4.5584 - accuracy: 0.1071
50/98 [==============>...............] - ETA: 2s - loss: 4.4634 - accuracy: 0.1097
52/98 [==============>...............] - ETA: 2s - loss: 4.3769 - accuracy: 0.1117
54/98 [===============>..............] - ETA: 1s - loss: 4.2963 - accuracy: 0.1142
56/98 [================>.............] - ETA: 1s - loss: 4.2219 - accuracy: 0.1157
58/98 [================>.............] - ETA: 1s - loss: 4.1513 - accuracy: 0.1185
60/98 [=================>............] - ETA: 1s - loss: 4.0833 - accuracy: 0.1213
62/98 [=================>............] - ETA: 1s - loss: 4.0208 - accuracy: 0.1239
64/98 [==================>...........] - ETA: 1s - loss: 3.9606 - accuracy: 0.1270
66/98 [===================>..........] - ETA: 1s - loss: 3.9051 - accuracy: 0.1291
68/98 [===================>..........] - ETA: 1s - loss: 3.8510 - accuracy: 0.1321
70/98 [====================>.........] - ETA: 1s - loss: 3.8002 - accuracy: 0.1352
72/98 [=====================>........] - ETA: 1s - loss: 3.7507 - accuracy: 0.1385
74/98 [=====================>........] - ETA: 1s - loss: 3.7046 - accuracy: 0.1413
76/98 [======================>.......] - ETA: 0s - loss: 3.6594 - accuracy: 0.1442
78/98 [======================>.......] - ETA: 0s - loss: 3.6161 - accuracy: 0.1470
80/98 [=======================>......] - ETA: 0s - loss: 3.5746 - accuracy: 0.1496
82/98 [========================>.....] - ETA: 0s - loss: 3.5342 - accuracy: 0.1532
84/98 [========================>.....] - ETA: 0s - loss: 3.4961 - accuracy: 0.1563
86/98 [=========================>....] - ETA: 0s - loss: 3.4583 - accuracy: 0.1598
88/98 [=========================>....] - ETA: 0s - loss: 3.4219 - accuracy: 0.1634
90/98 [==========================>...] - ETA: 0s - loss: 3.3876 - accuracy: 0.1665
92/98 [===========================>..] - ETA: 0s - loss: 3.3537 - accuracy: 0.1704
94/98 [===========================>..] - ETA: 0s - loss: 3.3205 - accuracy: 0.1742
96/98 [============================>.] - ETA: 0s - loss: 3.2891 - accuracy: 0.1775
98/98 [==============================] - ETA: 0s - loss: 3.2585 - accuracy: 0.1812
98/98 [==============================] - 9s 53ms/step - loss: 3.2585 - accuracy: 0.1812 - val_loss: 3.1899 - val_accuracy: 0.0990
Epoch 2/249

 1/98 [..............................] - ETA: 4s - loss: 1.7802 - accuracy: 0.3438
 3/98 [..............................] - ETA: 2s - loss: 1.7916 - accuracy: 0.3535
 5/98 [>.............................] - ETA: 2s - loss: 1.7901 - accuracy: 0.3500
 7/98 [=>............................] - ETA: 3s - loss: 1.7639 - accuracy: 0.3577
 9/98 [=>............................] - ETA: 2s - loss: 1.7610 - accuracy: 0.3568
11/98 [==>...........................] - ETA: 2s - loss: 1.7522 - accuracy: 0.3569
13/98 [==>...........................] - ETA: 2s - loss: 1.7470 - accuracy: 0.3610
15/98 [===>..........................] - ETA: 2s - loss: 1.7367 - accuracy: 0.3635
17/98 [====>.........................] - ETA: 2s - loss: 1.7312 - accuracy: 0.3637
19/98 [====>.........................] - ETA: 2s - loss: 1.7276 - accuracy: 0.3672
21/98 [=====>........................] - ETA: 2s - loss: 1.7206 - accuracy: 0.3687
23/98 [======>.......................] - ETA: 2s - loss: 1.7181 - accuracy: 0.3693
25/98 [======>.......................] - ETA: 2s - loss: 1.7127 - accuracy: 0.3720
27/98 [=======>......................] - ETA: 2s - loss: 1.7124 - accuracy: 0.3732
29/98 [=======>......................] - ETA: 2s - loss: 1.7109 - accuracy: 0.3733
31/98 [========>.....................] - ETA: 2s - loss: 1.7098 - accuracy: 0.3741
33/98 [=========>....................] - ETA: 2s - loss: 1.7039 - accuracy: 0.3764
35/98 [=========>....................] - ETA: 2s - loss: 1.7020 - accuracy: 0.3781
37/98 [==========>...................] - ETA: 2s - loss: 1.7006 - accuracy: 0.3786
39/98 [==========>...................] - ETA: 1s - loss: 1.6964 - accuracy: 0.3805
41/98 [===========>..................] - ETA: 1s - loss: 1.6947 - accuracy: 0.3805
43/98 [============>.................] - ETA: 1s - loss: 1.6918 - accuracy: 0.3816
45/98 [============>.................] - ETA: 1s - loss: 1.6897 - accuracy: 0.3824
47/98 [=============>................] - ETA: 1s - loss: 1.6868 - accuracy: 0.3833
49/98 [==============>...............] - ETA: 1s - loss: 1.6830 - accuracy: 0.3852
51/98 [==============>...............] - ETA: 1s - loss: 1.6812 - accuracy: 0.3858
53/98 [===============>..............] - ETA: 1s - loss: 1.6795 - accuracy: 0.3861
55/98 [===============>..............] - ETA: 1s - loss: 1.6736 - accuracy: 0.3881
57/98 [================>.............] - ETA: 1s - loss: 1.6720 - accuracy: 0.3891
59/98 [=================>............] - ETA: 1s - loss: 1.6698 - accuracy: 0.3900
61/98 [=================>............] - ETA: 1s - loss: 1.6707 - accuracy: 0.3907
63/98 [==================>...........] - ETA: 1s - loss: 1.6698 - accuracy: 0.3916
65/98 [==================>...........] - ETA: 1s - loss: 1.6670 - accuracy: 0.3929
67/98 [===================>..........] - ETA: 1s - loss: 1.6647 - accuracy: 0.3937
69/98 [====================>.........] - ETA: 0s - loss: 1.6617 - accuracy: 0.3951
71/98 [====================>.........] - ETA: 0s - loss: 1.6579 - accuracy: 0.3962
73/98 [=====================>........] - ETA: 0s - loss: 1.6559 - accuracy: 0.3976
75/98 [=====================>........] - ETA: 0s - loss: 1.6536 - accuracy: 0.3989
77/98 [======================>.......] - ETA: 0s - loss: 1.6509 - accuracy: 0.4000
79/98 [=======================>......] - ETA: 0s - loss: 1.6481 - accuracy: 0.4009
81/98 [=======================>......] - ETA: 0s - loss: 1.6475 - accuracy: 0.4004
83/98 [========================>.....] - ETA: 0s - loss: 1.6464 - accuracy: 0.4008
85/98 [=========================>....] - ETA: 0s - loss: 1.6434 - accuracy: 0.4019
87/98 [=========================>....] - ETA: 0s - loss: 1.6422 - accuracy: 0.4024
89/98 [==========================>...] - ETA: 0s - loss: 1.6389 - accuracy: 0.4036
91/98 [==========================>...] - ETA: 0s - loss: 1.6370 - accuracy: 0.4046
93/98 [===========================>..] - ETA: 0s - loss: 1.6347 - accuracy: 0.4058
95/98 [============================>.] - ETA: 0s - loss: 1.6326 - accuracy: 0.4069
96/98 [============================>.] - ETA: 0s - loss: 1.6310 - accuracy: 0.4078
98/98 [==============================] - ETA: 0s - loss: 1.6307 - accuracy: 0.4081
98/98 [==============================] - 4s 42ms/step - loss: 1.6307 - accuracy: 0.4081 - val_loss: 3.3164 - val_accuracy: 0.1176
Epoch 3/249

 1/98 [..............................] - ETA: 4s - loss: 1.5030 - accuracy: 0.4863
 3/98 [..............................] - ETA: 2s - loss: 1.4892 - accuracy: 0.4661
 5/98 [>.............................] - ETA: 3s - loss: 1.4917 - accuracy: 0.4664
 7/98 [=>............................] - ETA: 3s - loss: 1.4907 - accuracy: 0.4640
 9/98 [=>............................] - ETA: 2s - loss: 1.4761 - accuracy: 0.4648
11/98 [==>...........................] - ETA: 2s - loss: 1.4815 - accuracy: 0.4628
13/98 [==>...........................] - ETA: 2s - loss: 1.4802 - accuracy: 0.4668
15/98 [===>..........................] - ETA: 2s - loss: 1.4882 - accuracy: 0.4642
17/98 [====>.........................] - ETA: 2s - loss: 1.4857 - accuracy: 0.4673
19/98 [====>.........................] - ETA: 2s - loss: 1.4845 - accuracy: 0.4662
21/98 [=====>........................] - ETA: 2s - loss: 1.4850 - accuracy: 0.4636
23/98 [======>.......................] - ETA: 2s - loss: 1.4792 - accuracy: 0.4665
25/98 [======>.......................] - ETA: 2s - loss: 1.4792 - accuracy: 0.4668
27/98 [=======>......................] - ETA: 2s - loss: 1.4808 - accuracy: 0.4648
29/98 [=======>......................] - ETA: 2s - loss: 1.4818 - accuracy: 0.4666
31/98 [========>.....................] - ETA: 2s - loss: 1.4821 - accuracy: 0.4652
33/98 [=========>....................] - ETA: 2s - loss: 1.4789 - accuracy: 0.4660
35/98 [=========>....................] - ETA: 2s - loss: 1.4789 - accuracy: 0.4661
37/98 [==========>...................] - ETA: 2s - loss: 1.4795 - accuracy: 0.4653
39/98 [==========>...................] - ETA: 1s - loss: 1.4812 - accuracy: 0.4661
41/98 [===========>..................] - ETA: 1s - loss: 1.4766 - accuracy: 0.4675
43/98 [============>.................] - ETA: 1s - loss: 1.4763 - accuracy: 0.4685
45/98 [============>.................] - ETA: 1s - loss: 1.4754 - accuracy: 0.4685
47/98 [=============>................] - ETA: 1s - loss: 1.4725 - accuracy: 0.4694
49/98 [==============>...............] - ETA: 1s - loss: 1.4692 - accuracy: 0.4699
51/98 [==============>...............] - ETA: 1s - loss: 1.4686 - accuracy: 0.4704
53/98 [===============>..............] - ETA: 1s - loss: 1.4706 - accuracy: 0.4701
55/98 [===============>..............] - ETA: 1s - loss: 1.4683 - accuracy: 0.4714
57/98 [================>.............] - ETA: 1s - loss: 1.4694 - accuracy: 0.4710
59/98 [=================>............] - ETA: 1s - loss: 1.4676 - accuracy: 0.4714
61/98 [=================>............] - ETA: 1s - loss: 1.4667 - accuracy: 0.4715
63/98 [==================>...........] - ETA: 1s - loss: 1.4664 - accuracy: 0.4719
65/98 [==================>...........] - ETA: 1s - loss: 1.4665 - accuracy: 0.4722
67/98 [===================>..........] - ETA: 1s - loss: 1.4656 - accuracy: 0.4719
69/98 [====================>.........] - ETA: 0s - loss: 1.4643 - accuracy: 0.4717
71/98 [====================>.........] - ETA: 0s - loss: 1.4637 - accuracy: 0.4723
73/98 [=====================>........] - ETA: 0s - loss: 1.4628 - accuracy: 0.4728
75/98 [=====================>........] - ETA: 0s - loss: 1.4614 - accuracy: 0.4735
77/98 [======================>.......] - ETA: 0s - loss: 1.4607 - accuracy: 0.4741
79/98 [=======================>......] - ETA: 0s - loss: 1.4595 - accuracy: 0.4746
81/98 [=======================>......] - ETA: 0s - loss: 1.4578 - accuracy: 0.4751
83/98 [========================>.....] - ETA: 0s - loss: 1.4565 - accuracy: 0.4758
85/98 [=========================>....] - ETA: 0s - loss: 1.4571 - accuracy: 0.4754
87/98 [=========================>....] - ETA: 0s - loss: 1.4585 - accuracy: 0.4750
89/98 [==========================>...] - ETA: 0s - loss: 1.4577 - accuracy: 0.4753
91/98 [==========================>...] - ETA: 0s - loss: 1.4571 - accuracy: 0.4755
93/98 [===========================>..] - ETA: 0s - loss: 1.4573 - accuracy: 0.4755
95/98 [============================>.] - ETA: 0s - loss: 1.4583 - accuracy: 0.4755
97/98 [============================>.] - ETA: 0s - loss: 1.4577 - accuracy: 0.4756
98/98 [==============================] - 4s 42ms/step - loss: 1.4570 - accuracy: 0.4757 - val_loss: 2.5635 - val_accuracy: 0.2248
Epoch 4/249

 1/98 [..............................] - ETA: 4s - loss: 1.4410 - accuracy: 0.4902
 3/98 [..............................] - ETA: 3s - loss: 1.4005 - accuracy: 0.4870
 5/98 [>.............................] - ETA: 3s - loss: 1.4097 - accuracy: 0.4934
 7/98 [=>............................] - ETA: 3s - loss: 1.3806 - accuracy: 0.5042
 9/98 [=>............................] - ETA: 3s - loss: 1.3784 - accuracy: 0.5074
11/98 [==>...........................] - ETA: 2s - loss: 1.3798 - accuracy: 0.5062
13/98 [==>...........................] - ETA: 2s - loss: 1.3817 - accuracy: 0.5072
15/98 [===>..........................] - ETA: 2s - loss: 1.3792 - accuracy: 0.5079
17/98 [====>.........................] - ETA: 2s - loss: 1.3707 - accuracy: 0.5105
19/98 [====>.........................] - ETA: 2s - loss: 1.3742 - accuracy: 0.5084
21/98 [=====>........................] - ETA: 2s - loss: 1.3758 - accuracy: 0.5054
23/98 [======>.......................] - ETA: 2s - loss: 1.3760 - accuracy: 0.5057
25/98 [======>.......................] - ETA: 2s - loss: 1.3740 - accuracy: 0.5063
27/98 [=======>......................] - ETA: 2s - loss: 1.3766 - accuracy: 0.5067
29/98 [=======>......................] - ETA: 2s - loss: 1.3781 - accuracy: 0.5067
31/98 [========>.....................] - ETA: 2s - loss: 1.3774 - accuracy: 0.5068
33/98 [=========>....................] - ETA: 2s - loss: 1.3789 - accuracy: 0.5056
35/98 [=========>....................] - ETA: 2s - loss: 1.3791 - accuracy: 0.5052
37/98 [==========>...................] - ETA: 2s - loss: 1.3791 - accuracy: 0.5052
39/98 [==========>...................] - ETA: 1s - loss: 1.3776 - accuracy: 0.5054
41/98 [===========>..................] - ETA: 1s - loss: 1.3787 - accuracy: 0.5051
43/98 [============>.................] - ETA: 1s - loss: 1.3804 - accuracy: 0.5040
45/98 [============>.................] - ETA: 1s - loss: 1.3783 - accuracy: 0.5047
47/98 [=============>................] - ETA: 1s - loss: 1.3798 - accuracy: 0.5032
49/98 [==============>...............] - ETA: 1s - loss: 1.3798 - accuracy: 0.5023
51/98 [==============>...............] - ETA: 1s - loss: 1.3794 - accuracy: 0.5025
53/98 [===============>..............] - ETA: 1s - loss: 1.3801 - accuracy: 0.5025
55/98 [===============>..............] - ETA: 1s - loss: 1.3798 - accuracy: 0.5029
57/98 [================>.............] - ETA: 1s - loss: 1.3796 - accuracy: 0.5032
59/98 [=================>............] - ETA: 1s - loss: 1.3782 - accuracy: 0.5042
61/98 [=================>............] - ETA: 1s - loss: 1.3801 - accuracy: 0.5035
63/98 [==================>...........] - ETA: 1s - loss: 1.3788 - accuracy: 0.5041
65/98 [==================>...........] - ETA: 1s - loss: 1.3756 - accuracy: 0.5056
67/98 [===================>..........] - ETA: 1s - loss: 1.3747 - accuracy: 0.5058
69/98 [====================>.........] - ETA: 0s - loss: 1.3726 - accuracy: 0.5065
71/98 [====================>.........] - ETA: 0s - loss: 1.3715 - accuracy: 0.5068
73/98 [=====================>........] - ETA: 0s - loss: 1.3709 - accuracy: 0.5073
75/98 [=====================>........] - ETA: 0s - loss: 1.3728 - accuracy: 0.5071
77/98 [======================>.......] - ETA: 0s - loss: 1.3710 - accuracy: 0.5078
79/98 [=======================>......] - ETA: 0s - loss: 1.3707 - accuracy: 0.5082
81/98 [=======================>......] - ETA: 0s - loss: 1.3717 - accuracy: 0.5082
84/98 [========================>.....] - ETA: 0s - loss: 1.3708 - accuracy: 0.5084
86/98 [=========================>....] - ETA: 0s - loss: 1.3701 - accuracy: 0.5089
88/98 [=========================>....] - ETA: 0s - loss: 1.3695 - accuracy: 0.5090
90/98 [==========================>...] - ETA: 0s - loss: 1.3685 - accuracy: 0.5092
92/98 [===========================>..] - ETA: 0s - loss: 1.3684 - accuracy: 0.5093
94/98 [===========================>..] - ETA: 0s - loss: 1.3666 - accuracy: 0.5100
96/98 [============================>.] - ETA: 0s - loss: 1.3656 - accuracy: 0.5104
98/98 [==============================] - ETA: 0s - loss: 1.3655 - accuracy: 0.5106
98/98 [==============================] - 4s 42ms/step - loss: 1.3655 - accuracy: 0.5106 - val_loss: 2.0833 - val_accuracy: 0.3458
Epoch 5/249

 1/98 [..............................] - ETA: 6s - loss: 1.3305 - accuracy: 0.5293
 3/98 [..............................] - ETA: 2s - loss: 1.3073 - accuracy: 0.5332
 5/98 [>.............................] - ETA: 2s - loss: 1.2903 - accuracy: 0.5352
 7/98 [=>............................] - ETA: 3s - loss: 1.2810 - accuracy: 0.5382
 9/98 [=>............................] - ETA: 2s - loss: 1.2940 - accuracy: 0.5339
11/98 [==>...........................] - ETA: 2s - loss: 1.3033 - accuracy: 0.5327
13/98 [==>...........................] - ETA: 2s - loss: 1.3162 - accuracy: 0.5279
15/98 [===>..........................] - ETA: 2s - loss: 1.3164 - accuracy: 0.5292
17/98 [====>.........................] - ETA: 2s - loss: 1.3221 - accuracy: 0.5261
19/98 [====>.........................] - ETA: 2s - loss: 1.3240 - accuracy: 0.5263
21/98 [=====>........................] - ETA: 2s - loss: 1.3245 - accuracy: 0.5258
23/98 [======>.......................] - ETA: 2s - loss: 1.3213 - accuracy: 0.5281
25/98 [======>.......................] - ETA: 2s - loss: 1.3219 - accuracy: 0.5277
27/98 [=======>......................] - ETA: 2s - loss: 1.3181 - accuracy: 0.5282
29/98 [=======>......................] - ETA: 2s - loss: 1.3224 - accuracy: 0.5279
31/98 [========>.....................] - ETA: 2s - loss: 1.3223 - accuracy: 0.5288
33/98 [=========>....................] - ETA: 2s - loss: 1.3190 - accuracy: 0.5297
35/98 [=========>....................] - ETA: 2s - loss: 1.3194 - accuracy: 0.5294
37/98 [==========>...................] - ETA: 2s - loss: 1.3187 - accuracy: 0.5289
39/98 [==========>...................] - ETA: 1s - loss: 1.3189 - accuracy: 0.5287
41/98 [===========>..................] - ETA: 1s - loss: 1.3185 - accuracy: 0.5285
43/98 [============>.................] - ETA: 1s - loss: 1.3206 - accuracy: 0.5277
45/98 [============>.................] - ETA: 1s - loss: 1.3171 - accuracy: 0.5280
47/98 [=============>................] - ETA: 1s - loss: 1.3150 - accuracy: 0.5293
49/98 [==============>...............] - ETA: 1s - loss: 1.3128 - accuracy: 0.5303
51/98 [==============>...............] - ETA: 1s - loss: 1.3113 - accuracy: 0.5311
53/98 [===============>..............] - ETA: 1s - loss: 1.3111 - accuracy: 0.5311
55/98 [===============>..............] - ETA: 1s - loss: 1.3112 - accuracy: 0.5303
57/98 [================>.............] - ETA: 1s - loss: 1.3128 - accuracy: 0.5293
59/98 [=================>............] - ETA: 1s - loss: 1.3133 - accuracy: 0.5286
61/98 [=================>............] - ETA: 1s - loss: 1.3140 - accuracy: 0.5286
63/98 [==================>...........] - ETA: 1s - loss: 1.3123 - accuracy: 0.5291
65/98 [==================>...........] - ETA: 1s - loss: 1.3116 - accuracy: 0.5289
67/98 [===================>..........] - ETA: 1s - loss: 1.3124 - accuracy: 0.5285
69/98 [====================>.........] - ETA: 0s - loss: 1.3121 - accuracy: 0.5287
71/98 [====================>.........] - ETA: 0s - loss: 1.3120 - accuracy: 0.5283
73/98 [=====================>........] - ETA: 0s - loss: 1.3137 - accuracy: 0.5276
75/98 [=====================>........] - ETA: 0s - loss: 1.3133 - accuracy: 0.5285
77/98 [======================>.......] - ETA: 0s - loss: 1.3136 - accuracy: 0.5281
79/98 [=======================>......] - ETA: 0s - loss: 1.3142 - accuracy: 0.5284
81/98 [=======================>......] - ETA: 0s - loss: 1.3132 - accuracy: 0.5291
83/98 [========================>.....] - ETA: 0s - loss: 1.3120 - accuracy: 0.5296
85/98 [=========================>....] - ETA: 0s - loss: 1.3124 - accuracy: 0.5297
87/98 [=========================>....] - ETA: 0s - loss: 1.3110 - accuracy: 0.5301
89/98 [==========================>...] - ETA: 0s - loss: 1.3112 - accuracy: 0.5303
91/98 [==========================>...] - ETA: 0s - loss: 1.3100 - accuracy: 0.5308
93/98 [===========================>..] - ETA: 0s - loss: 1.3091 - accuracy: 0.5307
95/98 [============================>.] - ETA: 0s - loss: 1.3083 - accuracy: 0.5310
97/98 [============================>.] - ETA: 0s - loss: 1.3070 - accuracy: 0.5316
98/98 [==============================] - 4s 42ms/step - loss: 1.3066 - accuracy: 0.5317 - val_loss: 1.3513 - val_accuracy: 0.5158
Epoch 6/249

 1/98 [..............................] - ETA: 5s - loss: 1.2996 - accuracy: 0.5117
 3/98 [..............................] - ETA: 2s - loss: 1.2675 - accuracy: 0.5404
 5/98 [>.............................] - ETA: 2s - loss: 1.2501 - accuracy: 0.5523
 7/98 [=>............................] - ETA: 2s - loss: 1.2284 - accuracy: 0.5603
 9/98 [=>............................] - ETA: 2s - loss: 1.2293 - accuracy: 0.5603
11/98 [==>...........................] - ETA: 2s - loss: 1.2304 - accuracy: 0.5611
13/98 [==>...........................] - ETA: 2s - loss: 1.2269 - accuracy: 0.5620
15/98 [===>..........................] - ETA: 2s - loss: 1.2401 - accuracy: 0.5589
17/98 [====>.........................] - ETA: 2s - loss: 1.2408 - accuracy: 0.5600
19/98 [====>.........................] - ETA: 2s - loss: 1.2400 - accuracy: 0.5611
21/98 [=====>........................] - ETA: 2s - loss: 1.2442 - accuracy: 0.5592
24/98 [======>.......................] - ETA: 2s - loss: 1.2511 - accuracy: 0.5578
26/98 [======>.......................] - ETA: 2s - loss: 1.2489 - accuracy: 0.5576
28/98 [=======>......................] - ETA: 2s - loss: 1.2479 - accuracy: 0.5562
30/98 [========>.....................] - ETA: 2s - loss: 1.2457 - accuracy: 0.5574
32/98 [========>.....................] - ETA: 2s - loss: 1.2485 - accuracy: 0.5569
34/98 [=========>....................] - ETA: 2s - loss: 1.2485 - accuracy: 0.5574
36/98 [==========>...................] - ETA: 2s - loss: 1.2483 - accuracy: 0.5571
38/98 [==========>...................] - ETA: 1s - loss: 1.2490 - accuracy: 0.5565
40/98 [===========>..................] - ETA: 1s - loss: 1.2465 - accuracy: 0.5572
42/98 [===========>..................] - ETA: 1s - loss: 1.2481 - accuracy: 0.5557
44/98 [============>.................] - ETA: 1s - loss: 1.2480 - accuracy: 0.5560
46/98 [=============>................] - ETA: 1s - loss: 1.2492 - accuracy: 0.5562
48/98 [=============>................] - ETA: 1s - loss: 1.2478 - accuracy: 0.5571
50/98 [==============>...............] - ETA: 1s - loss: 1.2478 - accuracy: 0.5566
52/98 [==============>...............] - ETA: 1s - loss: 1.2498 - accuracy: 0.5554
54/98 [===============>..............] - ETA: 1s - loss: 1.2512 - accuracy: 0.5549
56/98 [================>.............] - ETA: 1s - loss: 1.2524 - accuracy: 0.5543
58/98 [================>.............] - ETA: 1s - loss: 1.2530 - accuracy: 0.5538
60/98 [=================>............] - ETA: 1s - loss: 1.2548 - accuracy: 0.5531
62/98 [=================>............] - ETA: 1s - loss: 1.2558 - accuracy: 0.5524
64/98 [==================>...........] - ETA: 1s - loss: 1.2550 - accuracy: 0.5529
66/98 [===================>..........] - ETA: 1s - loss: 1.2561 - accuracy: 0.5533
68/98 [===================>..........] - ETA: 0s - loss: 1.2572 - accuracy: 0.5527
70/98 [====================>.........] - ETA: 0s - loss: 1.2580 - accuracy: 0.5527
72/98 [=====================>........] - ETA: 0s - loss: 1.2582 - accuracy: 0.5525
74/98 [=====================>........] - ETA: 0s - loss: 1.2581 - accuracy: 0.5524
76/98 [======================>.......] - ETA: 0s - loss: 1.2581 - accuracy: 0.5525
78/98 [======================>.......] - ETA: 0s - loss: 1.2581 - accuracy: 0.5524
80/98 [=======================>......] - ETA: 0s - loss: 1.2577 - accuracy: 0.5522
82/98 [========================>.....] - ETA: 0s - loss: 1.2576 - accuracy: 0.5521
84/98 [========================>.....] - ETA: 0s - loss: 1.2569 - accuracy: 0.5525
86/98 [=========================>....] - ETA: 0s - loss: 1.2563 - accuracy: 0.5527
88/98 [=========================>....] - ETA: 0s - loss: 1.2558 - accuracy: 0.5532
90/98 [==========================>...] - ETA: 0s - loss: 1.2556 - accuracy: 0.5532
92/98 [===========================>..] - ETA: 0s - loss: 1.2558 - accuracy: 0.5534
94/98 [===========================>..] - ETA: 0s - loss: 1.2563 - accuracy: 0.5531
96/98 [============================>.] - ETA: 0s - loss: 1.2543 - accuracy: 0.5537
98/98 [==============================] - ETA: 0s - loss: 1.2538 - accuracy: 0.5538
98/98 [==============================] - 4s 42ms/step - loss: 1.2538 - accuracy: 0.5538 - val_loss: 1.4008 - val_accuracy: 0.4995
Epoch 7/249

 1/98 [..............................] - ETA: 4s - loss: 1.1535 - accuracy: 0.5762
 3/98 [..............................] - ETA: 3s - loss: 1.1472 - accuracy: 0.5892
 5/98 [>.............................] - ETA: 3s - loss: 1.1837 - accuracy: 0.5809
 7/98 [=>............................] - ETA: 3s - loss: 1.1942 - accuracy: 0.5745
 9/98 [=>............................] - ETA: 3s - loss: 1.1856 - accuracy: 0.5801
11/98 [==>...........................] - ETA: 2s - loss: 1.1919 - accuracy: 0.5774
13/98 [==>...........................] - ETA: 2s - loss: 1.1868 - accuracy: 0.5772
15/98 [===>..........................] - ETA: 2s - loss: 1.1871 - accuracy: 0.5772
17/98 [====>.........................] - ETA: 2s - loss: 1.1898 - accuracy: 0.5744
19/98 [====>.........................] - ETA: 2s - loss: 1.1919 - accuracy: 0.5775
21/98 [=====>........................] - ETA: 2s - loss: 1.1891 - accuracy: 0.5805
23/98 [======>.......................] - ETA: 2s - loss: 1.1942 - accuracy: 0.5769
25/98 [======>.......................] - ETA: 2s - loss: 1.2015 - accuracy: 0.5740
27/98 [=======>......................] - ETA: 2s - loss: 1.2019 - accuracy: 0.5737
29/98 [=======>......................] - ETA: 2s - loss: 1.2045 - accuracy: 0.5733
31/98 [========>.....................] - ETA: 2s - loss: 1.2050 - accuracy: 0.5726
33/98 [=========>....................] - ETA: 2s - loss: 1.2046 - accuracy: 0.5721
35/98 [=========>....................] - ETA: 2s - loss: 1.2039 - accuracy: 0.5725
37/98 [==========>...................] - ETA: 2s - loss: 1.2074 - accuracy: 0.5719
39/98 [==========>...................] - ETA: 1s - loss: 1.2088 - accuracy: 0.5708
41/98 [===========>..................] - ETA: 1s - loss: 1.2082 - accuracy: 0.5710
44/98 [============>.................] - ETA: 1s - loss: 1.2101 - accuracy: 0.5701
46/98 [=============>................] - ETA: 1s - loss: 1.2112 - accuracy: 0.5707
48/98 [=============>................] - ETA: 1s - loss: 1.2116 - accuracy: 0.5705
50/98 [==============>...............] - ETA: 1s - loss: 1.2126 - accuracy: 0.5704
52/98 [==============>...............] - ETA: 1s - loss: 1.2115 - accuracy: 0.5710
54/98 [===============>..............] - ETA: 1s - loss: 1.2108 - accuracy: 0.5713
56/98 [================>.............] - ETA: 1s - loss: 1.2100 - accuracy: 0.5713
58/98 [================>.............] - ETA: 1s - loss: 1.2092 - accuracy: 0.5717
60/98 [=================>............] - ETA: 1s - loss: 1.2091 - accuracy: 0.5712
62/98 [=================>............] - ETA: 1s - loss: 1.2101 - accuracy: 0.5710
64/98 [==================>...........] - ETA: 1s - loss: 1.2092 - accuracy: 0.5710
66/98 [===================>..........] - ETA: 1s - loss: 1.2096 - accuracy: 0.5709
68/98 [===================>..........] - ETA: 1s - loss: 1.2116 - accuracy: 0.5696
70/98 [====================>.........] - ETA: 0s - loss: 1.2124 - accuracy: 0.5694
72/98 [=====================>........] - ETA: 0s - loss: 1.2120 - accuracy: 0.5694
74/98 [=====================>........] - ETA: 0s - loss: 1.2133 - accuracy: 0.5693
76/98 [======================>.......] - ETA: 0s - loss: 1.2128 - accuracy: 0.5689
78/98 [======================>.......] - ETA: 0s - loss: 1.2132 - accuracy: 0.5693
80/98 [=======================>......] - ETA: 0s - loss: 1.2129 - accuracy: 0.5692
82/98 [========================>.....] - ETA: 0s - loss: 1.2136 - accuracy: 0.5688
84/98 [========================>.....] - ETA: 0s - loss: 1.2132 - accuracy: 0.5686
86/98 [=========================>....] - ETA: 0s - loss: 1.2115 - accuracy: 0.5694
88/98 [=========================>....] - ETA: 0s - loss: 1.2114 - accuracy: 0.5695
90/98 [==========================>...] - ETA: 0s - loss: 1.2105 - accuracy: 0.5695
92/98 [===========================>..] - ETA: 0s - loss: 1.2107 - accuracy: 0.5691
94/98 [===========================>..] - ETA: 0s - loss: 1.2099 - accuracy: 0.5697
96/98 [============================>.] - ETA: 0s - loss: 1.2103 - accuracy: 0.5695
98/98 [==============================] - ETA: 0s - loss: 1.2101 - accuracy: 0.5697
98/98 [==============================] - 4s 42ms/step - loss: 1.2101 - accuracy: 0.5697 - val_loss: 1.3490 - val_accuracy: 0.5220
Epoch 8/249

 1/98 [..............................] - ETA: 4s - loss: 1.1230 - accuracy: 0.6211
 3/98 [..............................] - ETA: 3s - loss: 1.1647 - accuracy: 0.5977
 5/98 [>.............................] - ETA: 3s - loss: 1.1313 - accuracy: 0.6102
 7/98 [=>............................] - ETA: 3s - loss: 1.1343 - accuracy: 0.6063
 9/98 [=>............................] - ETA: 2s - loss: 1.1207 - accuracy: 0.6096
11/98 [==>...........................] - ETA: 2s - loss: 1.1258 - accuracy: 0.6039
13/98 [==>...........................] - ETA: 2s - loss: 1.1286 - accuracy: 0.6008
15/98 [===>..........................] - ETA: 2s - loss: 1.1189 - accuracy: 0.6046
17/98 [====>.........................] - ETA: 2s - loss: 1.1145 - accuracy: 0.6040
19/98 [====>.........................] - ETA: 2s - loss: 1.1144 - accuracy: 0.6050
21/98 [=====>........................] - ETA: 2s - loss: 1.1111 - accuracy: 0.6050
23/98 [======>.......................] - ETA: 2s - loss: 1.1165 - accuracy: 0.6007
25/98 [======>.......................] - ETA: 2s - loss: 1.1136 - accuracy: 0.6035
27/98 [=======>......................] - ETA: 2s - loss: 1.1186 - accuracy: 0.6025
29/98 [=======>......................] - ETA: 2s - loss: 1.1217 - accuracy: 0.6018
31/98 [========>.....................] - ETA: 2s - loss: 1.1223 - accuracy: 0.6016
33/98 [=========>....................] - ETA: 2s - loss: 1.1245 - accuracy: 0.6017
35/98 [=========>....................] - ETA: 2s - loss: 1.1313 - accuracy: 0.5996
37/98 [==========>...................] - ETA: 2s - loss: 1.1351 - accuracy: 0.5979
39/98 [==========>...................] - ETA: 1s - loss: 1.1369 - accuracy: 0.5964
41/98 [===========>..................] - ETA: 1s - loss: 1.1363 - accuracy: 0.5967
43/98 [============>.................] - ETA: 1s - loss: 1.1375 - accuracy: 0.5956
45/98 [============>.................] - ETA: 1s - loss: 1.1397 - accuracy: 0.5944
47/98 [=============>................] - ETA: 1s - loss: 1.1408 - accuracy: 0.5936
49/98 [==============>...............] - ETA: 1s - loss: 1.1421 - accuracy: 0.5932
51/98 [==============>...............] - ETA: 1s - loss: 1.1393 - accuracy: 0.5943
53/98 [===============>..............] - ETA: 1s - loss: 1.1397 - accuracy: 0.5943
55/98 [===============>..............] - ETA: 1s - loss: 1.1401 - accuracy: 0.5938
57/98 [================>.............] - ETA: 1s - loss: 1.1376 - accuracy: 0.5946
59/98 [=================>............] - ETA: 1s - loss: 1.1380 - accuracy: 0.5943
61/98 [=================>............] - ETA: 1s - loss: 1.1388 - accuracy: 0.5941
63/98 [==================>...........] - ETA: 1s - loss: 1.1397 - accuracy: 0.5933
65/98 [==================>...........] - ETA: 1s - loss: 1.1423 - accuracy: 0.5923
67/98 [===================>..........] - ETA: 1s - loss: 1.1426 - accuracy: 0.5917
69/98 [====================>.........] - ETA: 0s - loss: 1.1452 - accuracy: 0.5910
71/98 [====================>.........] - ETA: 0s - loss: 1.1458 - accuracy: 0.5906
73/98 [=====================>........] - ETA: 0s - loss: 1.1465 - accuracy: 0.5906
75/98 [=====================>........] - ETA: 0s - loss: 1.1468 - accuracy: 0.5909
77/98 [======================>.......] - ETA: 0s - loss: 1.1475 - accuracy: 0.5902
79/98 [=======================>......] - ETA: 0s - loss: 1.1504 - accuracy: 0.5897
81/98 [=======================>......] - ETA: 0s - loss: 1.1515 - accuracy: 0.5889
83/98 [========================>.....] - ETA: 0s - loss: 1.1512 - accuracy: 0.5887
85/98 [=========================>....] - ETA: 0s - loss: 1.1531 - accuracy: 0.5881
87/98 [=========================>....] - ETA: 0s - loss: 1.1533 - accuracy: 0.5880
89/98 [==========================>...] - ETA: 0s - loss: 1.1552 - accuracy: 0.5869
91/98 [==========================>...] - ETA: 0s - loss: 1.1562 - accuracy: 0.5861
93/98 [===========================>..] - ETA: 0s - loss: 1.1562 - accuracy: 0.5861
95/98 [============================>.] - ETA: 0s - loss: 1.1575 - accuracy: 0.5855
97/98 [============================>.] - ETA: 0s - loss: 1.1581 - accuracy: 0.5854
98/98 [==============================] - 4s 42ms/step - loss: 1.1589 - accuracy: 0.5851 - val_loss: 1.3656 - val_accuracy: 0.5195
Epoch 9/249

 1/98 [..............................] - ETA: 4s - loss: 1.0695 - accuracy: 0.6191
 3/98 [..............................] - ETA: 2s - loss: 1.0695 - accuracy: 0.6152
 5/98 [>.............................] - ETA: 3s - loss: 1.0688 - accuracy: 0.6141
 7/98 [=>............................] - ETA: 3s - loss: 1.0647 - accuracy: 0.6138
 9/98 [=>............................] - ETA: 2s - loss: 1.0878 - accuracy: 0.6100
11/98 [==>...........................] - ETA: 2s - loss: 1.0906 - accuracy: 0.6119
13/98 [==>...........................] - ETA: 2s - loss: 1.0997 - accuracy: 0.6070
15/98 [===>..........................] - ETA: 2s - loss: 1.0978 - accuracy: 0.6078
17/98 [====>.........................] - ETA: 2s - loss: 1.1005 - accuracy: 0.6080
19/98 [====>.........................] - ETA: 2s - loss: 1.0966 - accuracy: 0.6081
21/98 [=====>........................] - ETA: 2s - loss: 1.0986 - accuracy: 0.6078
23/98 [======>.......................] - ETA: 2s - loss: 1.0999 - accuracy: 0.6074
25/98 [======>.......................] - ETA: 2s - loss: 1.0973 - accuracy: 0.6098
27/98 [=======>......................] - ETA: 2s - loss: 1.0933 - accuracy: 0.6105
29/98 [=======>......................] - ETA: 2s - loss: 1.0953 - accuracy: 0.6093
31/98 [========>.....................] - ETA: 2s - loss: 1.0946 - accuracy: 0.6098
33/98 [=========>....................] - ETA: 2s - loss: 1.0972 - accuracy: 0.6097
35/98 [=========>....................] - ETA: 2s - loss: 1.0988 - accuracy: 0.6092
37/98 [==========>...................] - ETA: 2s - loss: 1.0986 - accuracy: 0.6097
39/98 [==========>...................] - ETA: 1s - loss: 1.0985 - accuracy: 0.6095
41/98 [===========>..................] - ETA: 1s - loss: 1.1002 - accuracy: 0.6096
43/98 [============>.................] - ETA: 1s - loss: 1.0990 - accuracy: 0.6107
45/98 [============>.................] - ETA: 1s - loss: 1.0977 - accuracy: 0.6116
47/98 [=============>................] - ETA: 1s - loss: 1.0989 - accuracy: 0.6109
49/98 [==============>...............] - ETA: 1s - loss: 1.0987 - accuracy: 0.6103
51/98 [==============>...............] - ETA: 1s - loss: 1.0991 - accuracy: 0.6106
53/98 [===============>..............] - ETA: 1s - loss: 1.0976 - accuracy: 0.6116
55/98 [===============>..............] - ETA: 1s - loss: 1.0972 - accuracy: 0.6116
57/98 [================>.............] - ETA: 1s - loss: 1.0987 - accuracy: 0.6110
59/98 [=================>............] - ETA: 1s - loss: 1.1016 - accuracy: 0.6100
61/98 [=================>............] - ETA: 1s - loss: 1.1006 - accuracy: 0.6103
63/98 [==================>...........] - ETA: 1s - loss: 1.1031 - accuracy: 0.6097
