2024-06-21 17:01:12.442081: I tensorflow/core/platform/cpu_feature_guard.cc:193] This TensorFlow binary is optimized with oneAPI Deep Neural Network Library (oneDNN) to use the following CPU instructions in performance-critical operations:  AVX AVX2
To enable them in other operations, rebuild TensorFlow with the appropriate compiler flags.
2024-06-21 17:01:13.006091: I tensorflow/core/common_runtime/gpu/gpu_device.cc:1616] Created device /job:localhost/replica:0/task:0/device:GPU:0 with 6144 MB memory:  -> device: 0, name: NVIDIA GeForce RTX 4060 Ti, pci bus id: 0000:01:00.0, compute capability: 8.9
1 Physical GPUs, 1 Logical GPUs
Model: "sequential"
_________________________________________________________________
 Layer (type)                Output Shape              Param #   
=================================================================
 conv2d (Conv2D)             (None, 32, 32, 32)        896       
                                                                 
 max_pooling2d (MaxPooling2D  (None, 16, 16, 32)       0         
 )                                                               
                                                                 
 batch_normalization (BatchN  (None, 16, 16, 32)       128       
 ormalization)                                                   
                                                                 
 conv2d_1 (Conv2D)           (None, 16, 16, 64)        51264     
                                                                 
 max_pooling2d_1 (MaxPooling  (None, 8, 8, 64)         0         
 2D)                                                             
                                                                 
 conv2d_2 (Conv2D)           (None, 8, 8, 256)         147712    
                                                                 
 max_pooling2d_2 (MaxPooling  (None, 4, 4, 256)        0         
 2D)                                                             
                                                                 
 conv2d_3 (Conv2D)           (None, 4, 4, 128)         1605760   
                                                                 
 dropout (Dropout)           (None, 4, 4, 128)         0         
                                                                 
 flatten (Flatten)           (None, 2048)              0         
                                                                 
 dense (Dense)               (None, 10)                20490     
                                                                 
=================================================================
Total params: 1,826,250
Trainable params: 1,826,186
Non-trainable params: 64
_________________________________________________________________
Taxa de aprendizado:  0.01 Num de épocas:  249 Tamanho do lote:  512 Dropout:  0.22
Epoch 1/249
2024-06-21 17:01:14.509313: I tensorflow/stream_executor/cuda/cuda_dnn.cc:384] Loaded cuDNN version 8100
2024-06-21 17:01:15.363936: W tensorflow/stream_executor/gpu/redzone_allocator.cc:314] INTERNAL: ptxas exited with non-zero error code -1, output: 
Relying on driver to perform ptx compilation. 
Modify $PATH to customize ptxas location.
This message will be only logged once.
2024-06-21 17:01:16.646512: I tensorflow/stream_executor/cuda/cuda_blas.cc:1614] TensorFloat-32 will be used for the matrix multiplication. This will only be logged once.

 1/98 [..............................] - ETA: 6:43 - loss: 2.3133 - accuracy: 0.0879
 3/98 [..............................] - ETA: 2s - loss: 46.9432 - accuracy: 0.0892 
 5/98 [>.............................] - ETA: 2s - loss: 32.1378 - accuracy: 0.0973
 7/98 [=>............................] - ETA: 3s - loss: 23.7048 - accuracy: 0.0963
 9/98 [=>............................] - ETA: 2s - loss: 18.9490 - accuracy: 0.0994
11/98 [==>...........................] - ETA: 2s - loss: 15.9222 - accuracy: 0.1021
13/98 [==>...........................] - ETA: 2s - loss: 13.8267 - accuracy: 0.1019
15/98 [===>..........................] - ETA: 2s - loss: 12.2901 - accuracy: 0.1025
17/98 [====>.........................] - ETA: 2s - loss: 11.1149 - accuracy: 0.1023
19/98 [====>.........................] - ETA: 2s - loss: 10.1870 - accuracy: 0.1024
21/98 [=====>........................] - ETA: 2s - loss: 9.4373 - accuracy: 0.1029 
23/98 [======>.......................] - ETA: 2s - loss: 8.8168 - accuracy: 0.1035
25/98 [======>.......................] - ETA: 2s - loss: 8.2952 - accuracy: 0.1029
27/98 [=======>......................] - ETA: 2s - loss: 7.8509 - accuracy: 0.1023
29/98 [=======>......................] - ETA: 2s - loss: 7.4666 - accuracy: 0.1034
30/98 [========>.....................] - ETA: 2s - loss: 7.2953 - accuracy: 0.1038
32/98 [========>.....................] - ETA: 2s - loss: 6.9816 - accuracy: 0.1060
34/98 [=========>....................] - ETA: 2s - loss: 6.7046 - accuracy: 0.1082
36/98 [==========>...................] - ETA: 2s - loss: 6.4582 - accuracy: 0.1110
38/98 [==========>...................] - ETA: 2s - loss: 6.2358 - accuracy: 0.1145
40/98 [===========>..................] - ETA: 2s - loss: 6.0344 - accuracy: 0.1185
42/98 [===========>..................] - ETA: 2s - loss: 5.8503 - accuracy: 0.1213
44/98 [============>.................] - ETA: 2s - loss: 5.6851 - accuracy: 0.1234
46/98 [=============>................] - ETA: 2s - loss: 5.5324 - accuracy: 0.1264
48/98 [=============>................] - ETA: 2s - loss: 5.3909 - accuracy: 0.1295
50/98 [==============>...............] - ETA: 2s - loss: 5.2602 - accuracy: 0.1323
52/98 [==============>...............] - ETA: 1s - loss: 5.1377 - accuracy: 0.1363
54/98 [===============>..............] - ETA: 1s - loss: 5.0234 - accuracy: 0.1399
56/98 [================>.............] - ETA: 1s - loss: 4.9164 - accuracy: 0.1437
58/98 [================>.............] - ETA: 1s - loss: 4.8156 - accuracy: 0.1483
60/98 [=================>............] - ETA: 1s - loss: 4.7211 - accuracy: 0.1511
62/98 [=================>............] - ETA: 1s - loss: 4.6323 - accuracy: 0.1552
64/98 [==================>...........] - ETA: 1s - loss: 4.5486 - accuracy: 0.1588
66/98 [===================>..........] - ETA: 1s - loss: 4.4822 - accuracy: 0.1625
68/98 [===================>..........] - ETA: 1s - loss: 4.4060 - accuracy: 0.1667
70/98 [====================>.........] - ETA: 1s - loss: 4.3348 - accuracy: 0.1705
72/98 [=====================>........] - ETA: 1s - loss: 4.2676 - accuracy: 0.1740
74/98 [=====================>........] - ETA: 1s - loss: 4.2035 - accuracy: 0.1774
76/98 [======================>.......] - ETA: 1s - loss: 4.1423 - accuracy: 0.1812
78/98 [======================>.......] - ETA: 0s - loss: 4.0833 - accuracy: 0.1846
80/98 [=======================>......] - ETA: 0s - loss: 4.0295 - accuracy: 0.1878
82/98 [========================>.....] - ETA: 0s - loss: 3.9783 - accuracy: 0.1907
84/98 [========================>.....] - ETA: 0s - loss: 3.9287 - accuracy: 0.1938
86/98 [=========================>....] - ETA: 0s - loss: 3.8805 - accuracy: 0.1967
87/98 [=========================>....] - ETA: 0s - loss: 3.8573 - accuracy: 0.1983
89/98 [==========================>...] - ETA: 0s - loss: 3.8114 - accuracy: 0.2011
91/98 [==========================>...] - ETA: 0s - loss: 3.7666 - accuracy: 0.2046
93/98 [===========================>..] - ETA: 0s - loss: 3.7247 - accuracy: 0.2073
95/98 [============================>.] - ETA: 0s - loss: 3.6846 - accuracy: 0.2104
97/98 [============================>.] - ETA: 0s - loss: 3.6451 - accuracy: 0.2132
98/98 [==============================] - 10s 62ms/step - loss: 3.6265 - accuracy: 0.2145 - val_loss: 2.3204 - val_accuracy: 0.1021
Epoch 2/249

 1/98 [..............................] - ETA: 6s - loss: 1.7380 - accuracy: 0.3574
 3/98 [..............................] - ETA: 4s - loss: 1.7852 - accuracy: 0.3561
 5/98 [>.............................] - ETA: 3s - loss: 1.7853 - accuracy: 0.3531
 7/98 [=>............................] - ETA: 4s - loss: 1.7975 - accuracy: 0.3499
 9/98 [=>............................] - ETA: 4s - loss: 1.7988 - accuracy: 0.3461
11/98 [==>...........................] - ETA: 3s - loss: 1.7941 - accuracy: 0.3517
13/98 [==>...........................] - ETA: 3s - loss: 1.7852 - accuracy: 0.3549
15/98 [===>..........................] - ETA: 3s - loss: 1.7790 - accuracy: 0.3561
17/98 [====>.........................] - ETA: 3s - loss: 1.7790 - accuracy: 0.3565
19/98 [====>.........................] - ETA: 3s - loss: 1.7799 - accuracy: 0.3562
21/98 [=====>........................] - ETA: 3s - loss: 1.7811 - accuracy: 0.3548
23/98 [======>.......................] - ETA: 3s - loss: 1.7820 - accuracy: 0.3553
25/98 [======>.......................] - ETA: 3s - loss: 1.7770 - accuracy: 0.3571
27/98 [=======>......................] - ETA: 2s - loss: 1.7788 - accuracy: 0.3567
29/98 [=======>......................] - ETA: 2s - loss: 1.7781 - accuracy: 0.3571
31/98 [========>.....................] - ETA: 2s - loss: 1.7770 - accuracy: 0.3570
33/98 [=========>....................] - ETA: 2s - loss: 1.7733 - accuracy: 0.3587
35/98 [=========>....................] - ETA: 2s - loss: 1.7687 - accuracy: 0.3607
37/98 [==========>...................] - ETA: 2s - loss: 1.7670 - accuracy: 0.3620
39/98 [==========>...................] - ETA: 2s - loss: 1.7634 - accuracy: 0.3639
41/98 [===========>..................] - ETA: 2s - loss: 1.7616 - accuracy: 0.3646
43/98 [============>.................] - ETA: 2s - loss: 1.7575 - accuracy: 0.3641
45/98 [============>.................] - ETA: 2s - loss: 1.7542 - accuracy: 0.3651
47/98 [=============>................] - ETA: 1s - loss: 1.7485 - accuracy: 0.3682
49/98 [==============>...............] - ETA: 1s - loss: 1.7458 - accuracy: 0.3679
51/98 [==============>...............] - ETA: 1s - loss: 1.7431 - accuracy: 0.3688
53/98 [===============>..............] - ETA: 1s - loss: 1.7408 - accuracy: 0.3693
55/98 [===============>..............] - ETA: 1s - loss: 1.7380 - accuracy: 0.3705
57/98 [================>.............] - ETA: 1s - loss: 1.7346 - accuracy: 0.3717
59/98 [=================>............] - ETA: 1s - loss: 1.7330 - accuracy: 0.3721
61/98 [=================>............] - ETA: 1s - loss: 1.7305 - accuracy: 0.3733
63/98 [==================>...........] - ETA: 1s - loss: 1.7283 - accuracy: 0.3746
65/98 [==================>...........] - ETA: 1s - loss: 1.7269 - accuracy: 0.3752
67/98 [===================>..........] - ETA: 1s - loss: 1.7256 - accuracy: 0.3753
69/98 [====================>.........] - ETA: 1s - loss: 1.7249 - accuracy: 0.3756
71/98 [====================>.........] - ETA: 1s - loss: 1.7232 - accuracy: 0.3765
73/98 [=====================>........] - ETA: 1s - loss: 1.7217 - accuracy: 0.3769
75/98 [=====================>........] - ETA: 0s - loss: 1.7190 - accuracy: 0.3780
77/98 [======================>.......] - ETA: 0s - loss: 1.7177 - accuracy: 0.3788
79/98 [=======================>......] - ETA: 0s - loss: 1.7154 - accuracy: 0.3791
81/98 [=======================>......] - ETA: 0s - loss: 1.7153 - accuracy: 0.3792
83/98 [========================>.....] - ETA: 0s - loss: 1.7142 - accuracy: 0.3799
85/98 [=========================>....] - ETA: 0s - loss: 1.7114 - accuracy: 0.3810
87/98 [=========================>....] - ETA: 0s - loss: 1.7088 - accuracy: 0.3821
89/98 [==========================>...] - ETA: 0s - loss: 1.7067 - accuracy: 0.3825
91/98 [==========================>...] - ETA: 0s - loss: 1.7057 - accuracy: 0.3826
93/98 [===========================>..] - ETA: 0s - loss: 1.7039 - accuracy: 0.3834
95/98 [============================>.] - ETA: 0s - loss: 1.7042 - accuracy: 0.3832
96/98 [============================>.] - ETA: 0s - loss: 1.7044 - accuracy: 0.3831
98/98 [==============================] - ETA: 0s - loss: 1.7029 - accuracy: 0.3833
98/98 [==============================] - 5s 51ms/step - loss: 1.7029 - accuracy: 0.3833 - val_loss: 2.1774 - val_accuracy: 0.2171
Epoch 3/249

 1/98 [..............................] - ETA: 4s - loss: 1.6246 - accuracy: 0.3887
 3/98 [..............................] - ETA: 4s - loss: 1.5934 - accuracy: 0.4017
 5/98 [>.............................] - ETA: 4s - loss: 1.5988 - accuracy: 0.4148
 7/98 [=>............................] - ETA: 4s - loss: 1.5982 - accuracy: 0.4141
 9/98 [=>............................] - ETA: 4s - loss: 1.5941 - accuracy: 0.4164
11/98 [==>...........................] - ETA: 4s - loss: 1.5929 - accuracy: 0.4174
13/98 [==>...........................] - ETA: 3s - loss: 1.5969 - accuracy: 0.4162
15/98 [===>..........................] - ETA: 3s - loss: 1.5928 - accuracy: 0.4199
17/98 [====>.........................] - ETA: 3s - loss: 1.5941 - accuracy: 0.4214
19/98 [====>.........................] - ETA: 3s - loss: 1.5963 - accuracy: 0.4213
21/98 [=====>........................] - ETA: 3s - loss: 1.5981 - accuracy: 0.4210
23/98 [======>.......................] - ETA: 3s - loss: 1.5964 - accuracy: 0.4208
25/98 [======>.......................] - ETA: 3s - loss: 1.5963 - accuracy: 0.4196
27/98 [=======>......................] - ETA: 3s - loss: 1.5943 - accuracy: 0.4208
29/98 [=======>......................] - ETA: 2s - loss: 1.5917 - accuracy: 0.4213
31/98 [========>.....................] - ETA: 2s - loss: 1.5924 - accuracy: 0.4212
33/98 [=========>....................] - ETA: 2s - loss: 1.5876 - accuracy: 0.4234
35/98 [=========>....................] - ETA: 2s - loss: 1.5889 - accuracy: 0.4224
37/98 [==========>...................] - ETA: 2s - loss: 1.5885 - accuracy: 0.4226
39/98 [==========>...................] - ETA: 2s - loss: 1.5868 - accuracy: 0.4233
41/98 [===========>..................] - ETA: 2s - loss: 1.5899 - accuracy: 0.4225
43/98 [============>.................] - ETA: 2s - loss: 1.5880 - accuracy: 0.4241
45/98 [============>.................] - ETA: 2s - loss: 1.5853 - accuracy: 0.4247
47/98 [=============>................] - ETA: 1s - loss: 1.5859 - accuracy: 0.4251
49/98 [==============>...............] - ETA: 1s - loss: 1.5860 - accuracy: 0.4250
51/98 [==============>...............] - ETA: 1s - loss: 1.5855 - accuracy: 0.4257
53/98 [===============>..............] - ETA: 1s - loss: 1.5862 - accuracy: 0.4261
55/98 [===============>..............] - ETA: 1s - loss: 1.5853 - accuracy: 0.4269
57/98 [================>.............] - ETA: 1s - loss: 1.5843 - accuracy: 0.4284
59/98 [=================>............] - ETA: 1s - loss: 1.5832 - accuracy: 0.4293
61/98 [=================>............] - ETA: 1s - loss: 1.5834 - accuracy: 0.4296
63/98 [==================>...........] - ETA: 1s - loss: 1.5827 - accuracy: 0.4297
65/98 [==================>...........] - ETA: 1s - loss: 1.5832 - accuracy: 0.4301
67/98 [===================>..........] - ETA: 1s - loss: 1.5838 - accuracy: 0.4304
69/98 [====================>.........] - ETA: 1s - loss: 1.5821 - accuracy: 0.4309
71/98 [====================>.........] - ETA: 1s - loss: 1.5821 - accuracy: 0.4313
73/98 [=====================>........] - ETA: 1s - loss: 1.5818 - accuracy: 0.4314
75/98 [=====================>........] - ETA: 0s - loss: 1.5789 - accuracy: 0.4324
77/98 [======================>.......] - ETA: 0s - loss: 1.5776 - accuracy: 0.4330
79/98 [=======================>......] - ETA: 0s - loss: 1.5764 - accuracy: 0.4335
81/98 [=======================>......] - ETA: 0s - loss: 1.5761 - accuracy: 0.4335
83/98 [========================>.....] - ETA: 0s - loss: 1.5765 - accuracy: 0.4333
85/98 [=========================>....] - ETA: 0s - loss: 1.5757 - accuracy: 0.4337
87/98 [=========================>....] - ETA: 0s - loss: 1.5744 - accuracy: 0.4340
89/98 [==========================>...] - ETA: 0s - loss: 1.5751 - accuracy: 0.4335
91/98 [==========================>...] - ETA: 0s - loss: 1.5752 - accuracy: 0.4335
93/98 [===========================>..] - ETA: 0s - loss: 1.5756 - accuracy: 0.4333
95/98 [============================>.] - ETA: 0s - loss: 1.5766 - accuracy: 0.4331
97/98 [============================>.] - ETA: 0s - loss: 1.5762 - accuracy: 0.4329
98/98 [==============================] - 5s 50ms/step - loss: 1.5760 - accuracy: 0.4329 - val_loss: 2.1549 - val_accuracy: 0.2216
Epoch 4/249

 1/98 [..............................] - ETA: 6s - loss: 1.5611 - accuracy: 0.4766
 3/98 [..............................] - ETA: 4s - loss: 1.5327 - accuracy: 0.4648
 5/98 [>.............................] - ETA: 4s - loss: 1.5323 - accuracy: 0.4566
 7/98 [=>............................] - ETA: 4s - loss: 1.5326 - accuracy: 0.4556
 9/98 [=>............................] - ETA: 4s - loss: 1.5286 - accuracy: 0.4555
11/98 [==>...........................] - ETA: 3s - loss: 1.5237 - accuracy: 0.4604
13/98 [==>...........................] - ETA: 3s - loss: 1.5256 - accuracy: 0.4576
15/98 [===>..........................] - ETA: 3s - loss: 1.5209 - accuracy: 0.4568
17/98 [====>.........................] - ETA: 3s - loss: 1.5160 - accuracy: 0.4575
19/98 [====>.........................] - ETA: 3s - loss: 1.5178 - accuracy: 0.4553
21/98 [=====>........................] - ETA: 3s - loss: 1.5245 - accuracy: 0.4546
23/98 [======>.......................] - ETA: 3s - loss: 1.5230 - accuracy: 0.4563
25/98 [======>.......................] - ETA: 3s - loss: 1.5234 - accuracy: 0.4552
27/98 [=======>......................] - ETA: 2s - loss: 1.5228 - accuracy: 0.4555
29/98 [=======>......................] - ETA: 2s - loss: 1.5226 - accuracy: 0.4558
31/98 [========>.....................] - ETA: 2s - loss: 1.5244 - accuracy: 0.4558
33/98 [=========>....................] - ETA: 2s - loss: 1.5235 - accuracy: 0.4554
35/98 [=========>....................] - ETA: 2s - loss: 1.5247 - accuracy: 0.4548
37/98 [==========>...................] - ETA: 2s - loss: 1.5232 - accuracy: 0.4544
39/98 [==========>...................] - ETA: 2s - loss: 1.5239 - accuracy: 0.4538
41/98 [===========>..................] - ETA: 2s - loss: 1.5246 - accuracy: 0.4534
43/98 [============>.................] - ETA: 2s - loss: 1.5249 - accuracy: 0.4534
45/98 [============>.................] - ETA: 2s - loss: 1.5267 - accuracy: 0.4524
47/98 [=============>................] - ETA: 1s - loss: 1.5253 - accuracy: 0.4524
49/98 [==============>...............] - ETA: 1s - loss: 1.5276 - accuracy: 0.4514
51/98 [==============>...............] - ETA: 1s - loss: 1.5267 - accuracy: 0.4511
53/98 [===============>..............] - ETA: 1s - loss: 1.5269 - accuracy: 0.4513
55/98 [===============>..............] - ETA: 1s - loss: 1.5295 - accuracy: 0.4505
57/98 [================>.............] - ETA: 1s - loss: 1.5284 - accuracy: 0.4508
59/98 [=================>............] - ETA: 1s - loss: 1.5282 - accuracy: 0.4515
61/98 [=================>............] - ETA: 1s - loss: 1.5267 - accuracy: 0.4522
63/98 [==================>...........] - ETA: 1s - loss: 1.5265 - accuracy: 0.4528
65/98 [==================>...........] - ETA: 1s - loss: 1.5273 - accuracy: 0.4525
67/98 [===================>..........] - ETA: 1s - loss: 1.5283 - accuracy: 0.4522
69/98 [====================>.........] - ETA: 1s - loss: 1.5288 - accuracy: 0.4522
71/98 [====================>.........] - ETA: 1s - loss: 1.5278 - accuracy: 0.4529
73/98 [=====================>........] - ETA: 1s - loss: 1.5265 - accuracy: 0.4530
75/98 [=====================>........] - ETA: 0s - loss: 1.5263 - accuracy: 0.4529
77/98 [======================>.......] - ETA: 0s - loss: 1.5272 - accuracy: 0.4526
79/98 [=======================>......] - ETA: 0s - loss: 1.5266 - accuracy: 0.4522
81/98 [=======================>......] - ETA: 0s - loss: 1.5257 - accuracy: 0.4524
83/98 [========================>.....] - ETA: 0s - loss: 1.5257 - accuracy: 0.4522
85/98 [=========================>....] - ETA: 0s - loss: 1.5261 - accuracy: 0.4520
87/98 [=========================>....] - ETA: 0s - loss: 1.5244 - accuracy: 0.4530
89/98 [==========================>...] - ETA: 0s - loss: 1.5241 - accuracy: 0.4533
91/98 [==========================>...] - ETA: 0s - loss: 1.5248 - accuracy: 0.4531
93/98 [===========================>..] - ETA: 0s - loss: 1.5240 - accuracy: 0.4530
95/98 [============================>.] - ETA: 0s - loss: 1.5234 - accuracy: 0.4531
97/98 [============================>.] - ETA: 0s - loss: 1.5227 - accuracy: 0.4534
98/98 [==============================] - 5s 50ms/step - loss: 1.5221 - accuracy: 0.4536 - val_loss: 1.6806 - val_accuracy: 0.4014
Epoch 5/249

 1/98 [..............................] - ETA: 6s - loss: 1.3934 - accuracy: 0.5176
 3/98 [..............................] - ETA: 4s - loss: 1.4288 - accuracy: 0.4837
 5/98 [>.............................] - ETA: 4s - loss: 1.4156 - accuracy: 0.4910
 6/98 [>.............................] - ETA: 4s - loss: 1.4262 - accuracy: 0.4912
 8/98 [=>............................] - ETA: 4s - loss: 1.4446 - accuracy: 0.4836
10/98 [==>...........................] - ETA: 3s - loss: 1.4375 - accuracy: 0.4846
12/98 [==>...........................] - ETA: 3s - loss: 1.4279 - accuracy: 0.4916
14/98 [===>..........................] - ETA: 3s - loss: 1.4352 - accuracy: 0.4863
16/98 [===>..........................] - ETA: 3s - loss: 1.4392 - accuracy: 0.4845
17/98 [====>.........................] - ETA: 3s - loss: 1.4389 - accuracy: 0.4842
19/98 [====>.........................] - ETA: 3s - loss: 1.4432 - accuracy: 0.4835
21/98 [=====>........................] - ETA: 3s - loss: 1.4462 - accuracy: 0.4825
23/98 [======>.......................] - ETA: 3s - loss: 1.4514 - accuracy: 0.4797
25/98 [======>.......................] - ETA: 3s - loss: 1.4532 - accuracy: 0.4785
27/98 [=======>......................] - ETA: 3s - loss: 1.4478 - accuracy: 0.4801
29/98 [=======>......................] - ETA: 2s - loss: 1.4523 - accuracy: 0.4778
31/98 [========>.....................] - ETA: 2s - loss: 1.4520 - accuracy: 0.4771
33/98 [=========>....................] - ETA: 2s - loss: 1.4561 - accuracy: 0.4763
35/98 [=========>....................] - ETA: 2s - loss: 1.4582 - accuracy: 0.4760
37/98 [==========>...................] - ETA: 2s - loss: 1.4593 - accuracy: 0.4769
39/98 [==========>...................] - ETA: 2s - loss: 1.4604 - accuracy: 0.4760
41/98 [===========>..................] - ETA: 2s - loss: 1.4600 - accuracy: 0.4759
43/98 [============>.................] - ETA: 2s - loss: 1.4584 - accuracy: 0.4763
45/98 [============>.................] - ETA: 2s - loss: 1.4595 - accuracy: 0.4765
47/98 [=============>................] - ETA: 1s - loss: 1.4620 - accuracy: 0.4757
49/98 [==============>...............] - ETA: 1s - loss: 1.4633 - accuracy: 0.4750
51/98 [==============>...............] - ETA: 1s - loss: 1.4660 - accuracy: 0.4750
53/98 [===============>..............] - ETA: 1s - loss: 1.4661 - accuracy: 0.4751
55/98 [===============>..............] - ETA: 1s - loss: 1.4657 - accuracy: 0.4757
57/98 [================>.............] - ETA: 1s - loss: 1.4656 - accuracy: 0.4752
59/98 [=================>............] - ETA: 1s - loss: 1.4661 - accuracy: 0.4751
61/98 [=================>............] - ETA: 1s - loss: 1.4658 - accuracy: 0.4755
63/98 [==================>...........] - ETA: 1s - loss: 1.4670 - accuracy: 0.4751
65/98 [==================>...........] - ETA: 1s - loss: 1.4689 - accuracy: 0.4745
67/98 [===================>..........] - ETA: 1s - loss: 1.4676 - accuracy: 0.4749
69/98 [====================>.........] - ETA: 1s - loss: 1.4686 - accuracy: 0.4747
71/98 [====================>.........] - ETA: 1s - loss: 1.4702 - accuracy: 0.4742
73/98 [=====================>........] - ETA: 1s - loss: 1.4693 - accuracy: 0.4751
75/98 [=====================>........] - ETA: 0s - loss: 1.4684 - accuracy: 0.4753
77/98 [======================>.......] - ETA: 0s - loss: 1.4665 - accuracy: 0.4755
79/98 [=======================>......] - ETA: 0s - loss: 1.4675 - accuracy: 0.4752
81/98 [=======================>......] - ETA: 0s - loss: 1.4690 - accuracy: 0.4746
83/98 [========================>.....] - ETA: 0s - loss: 1.4688 - accuracy: 0.4746
85/98 [=========================>....] - ETA: 0s - loss: 1.4675 - accuracy: 0.4752
87/98 [=========================>....] - ETA: 0s - loss: 1.4679 - accuracy: 0.4754
89/98 [==========================>...] - ETA: 0s - loss: 1.4683 - accuracy: 0.4750
91/98 [==========================>...] - ETA: 0s - loss: 1.4684 - accuracy: 0.4749
93/98 [===========================>..] - ETA: 0s - loss: 1.4682 - accuracy: 0.4746
95/98 [============================>.] - ETA: 0s - loss: 1.4687 - accuracy: 0.4742
97/98 [============================>.] - ETA: 0s - loss: 1.4695 - accuracy: 0.4738
98/98 [==============================] - 5s 50ms/step - loss: 1.4695 - accuracy: 0.4738 - val_loss: 1.5736 - val_accuracy: 0.4391
Epoch 6/249

 1/98 [..............................] - ETA: 4s - loss: 1.4990 - accuracy: 0.4473
 3/98 [..............................] - ETA: 4s - loss: 1.4630 - accuracy: 0.4720
 5/98 [>.............................] - ETA: 4s - loss: 1.4643 - accuracy: 0.4824
 7/98 [=>............................] - ETA: 4s - loss: 1.4555 - accuracy: 0.4821
 9/98 [=>............................] - ETA: 4s - loss: 1.4519 - accuracy: 0.4857
11/98 [==>...........................] - ETA: 3s - loss: 1.4555 - accuracy: 0.4869
13/98 [==>...........................] - ETA: 3s - loss: 1.4524 - accuracy: 0.4847
15/98 [===>..........................] - ETA: 3s - loss: 1.4611 - accuracy: 0.4809
17/98 [====>.........................] - ETA: 3s - loss: 1.4620 - accuracy: 0.4800
19/98 [====>.........................] - ETA: 3s - loss: 1.4637 - accuracy: 0.4782
21/98 [=====>........................] - ETA: 3s - loss: 1.4589 - accuracy: 0.4797
23/98 [======>.......................] - ETA: 3s - loss: 1.4606 - accuracy: 0.4790
25/98 [======>.......................] - ETA: 3s - loss: 1.4602 - accuracy: 0.4788
27/98 [=======>......................] - ETA: 3s - loss: 1.4586 - accuracy: 0.4804
29/98 [=======>......................] - ETA: 2s - loss: 1.4553 - accuracy: 0.4817
31/98 [========>.....................] - ETA: 2s - loss: 1.4547 - accuracy: 0.4815
33/98 [=========>....................] - ETA: 2s - loss: 1.4561 - accuracy: 0.4806
35/98 [=========>....................] - ETA: 2s - loss: 1.4604 - accuracy: 0.4782
37/98 [==========>...................] - ETA: 2s - loss: 1.4584 - accuracy: 0.4791
39/98 [==========>...................] - ETA: 2s - loss: 1.4602 - accuracy: 0.4787
41/98 [===========>..................] - ETA: 2s - loss: 1.4611 - accuracy: 0.4785
43/98 [============>.................] - ETA: 2s - loss: 1.4616 - accuracy: 0.4787
45/98 [============>.................] - ETA: 2s - loss: 1.4622 - accuracy: 0.4775
47/98 [=============>................] - ETA: 1s - loss: 1.4620 - accuracy: 0.4780
49/98 [==============>...............] - ETA: 1s - loss: 1.4614 - accuracy: 0.4785
51/98 [==============>...............] - ETA: 1s - loss: 1.4624 - accuracy: 0.4786
53/98 [===============>..............] - ETA: 1s - loss: 1.4624 - accuracy: 0.4778
55/98 [===============>..............] - ETA: 1s - loss: 1.4603 - accuracy: 0.4780
57/98 [================>.............] - ETA: 1s - loss: 1.4581 - accuracy: 0.4787
59/98 [=================>............] - ETA: 1s - loss: 1.4578 - accuracy: 0.4789
60/98 [=================>............] - ETA: 1s - loss: 1.4561 - accuracy: 0.4795
62/98 [=================>............] - ETA: 1s - loss: 1.4558 - accuracy: 0.4799
64/98 [==================>...........] - ETA: 1s - loss: 1.4552 - accuracy: 0.4804
66/98 [===================>..........] - ETA: 1s - loss: 1.4546 - accuracy: 0.4803
68/98 [===================>..........] - ETA: 1s - loss: 1.4540 - accuracy: 0.4807
70/98 [====================>.........] - ETA: 1s - loss: 1.4525 - accuracy: 0.4810
72/98 [=====================>........] - ETA: 1s - loss: 1.4519 - accuracy: 0.4809
74/98 [=====================>........] - ETA: 0s - loss: 1.4518 - accuracy: 0.4808
76/98 [======================>.......] - ETA: 0s - loss: 1.4519 - accuracy: 0.4808
78/98 [======================>.......] - ETA: 0s - loss: 1.4515 - accuracy: 0.4811
80/98 [=======================>......] - ETA: 0s - loss: 1.4511 - accuracy: 0.4815
82/98 [========================>.....] - ETA: 0s - loss: 1.4513 - accuracy: 0.4818
84/98 [========================>.....] - ETA: 0s - loss: 1.4508 - accuracy: 0.4821
86/98 [=========================>....] - ETA: 0s - loss: 1.4515 - accuracy: 0.4821
88/98 [=========================>....] - ETA: 0s - loss: 1.4509 - accuracy: 0.4826
90/98 [==========================>...] - ETA: 0s - loss: 1.4493 - accuracy: 0.4835
92/98 [===========================>..] - ETA: 0s - loss: 1.4491 - accuracy: 0.4838
94/98 [===========================>..] - ETA: 0s - loss: 1.4496 - accuracy: 0.4836
96/98 [============================>.] - ETA: 0s - loss: 1.4495 - accuracy: 0.4838
98/98 [==============================] - ETA: 0s - loss: 1.4484 - accuracy: 0.4843
98/98 [==============================] - 5s 50ms/step - loss: 1.4484 - accuracy: 0.4843 - val_loss: 1.4995 - val_accuracy: 0.4636
Epoch 7/249

 1/98 [..............................] - ETA: 5s - loss: 1.4165 - accuracy: 0.5059
 3/98 [..............................] - ETA: 4s - loss: 1.4306 - accuracy: 0.4967
 5/98 [>.............................] - ETA: 4s - loss: 1.3905 - accuracy: 0.5082
 7/98 [=>............................] - ETA: 4s - loss: 1.3929 - accuracy: 0.5045
 9/98 [=>............................] - ETA: 4s - loss: 1.4036 - accuracy: 0.5017
11/98 [==>...........................] - ETA: 3s - loss: 1.3983 - accuracy: 0.5000
13/98 [==>...........................] - ETA: 3s - loss: 1.3891 - accuracy: 0.5056
15/98 [===>..........................] - ETA: 3s - loss: 1.4003 - accuracy: 0.5014
17/98 [====>.........................] - ETA: 3s - loss: 1.4017 - accuracy: 0.5017
19/98 [====>.........................] - ETA: 3s - loss: 1.4047 - accuracy: 0.5014
21/98 [=====>........................] - ETA: 3s - loss: 1.4039 - accuracy: 0.5007
23/98 [======>.......................] - ETA: 3s - loss: 1.4042 - accuracy: 0.4997
25/98 [======>.......................] - ETA: 3s - loss: 1.4069 - accuracy: 0.5001
27/98 [=======>......................] - ETA: 3s - loss: 1.4031 - accuracy: 0.5016
29/98 [=======>......................] - ETA: 3s - loss: 1.4037 - accuracy: 0.5007
31/98 [========>.....................] - ETA: 2s - loss: 1.4041 - accuracy: 0.5009
33/98 [=========>....................] - ETA: 2s - loss: 1.4031 - accuracy: 0.5007
35/98 [=========>....................] - ETA: 2s - loss: 1.4008 - accuracy: 0.5018
37/98 [==========>...................] - ETA: 2s - loss: 1.4033 - accuracy: 0.5018
39/98 [==========>...................] - ETA: 2s - loss: 1.4000 - accuracy: 0.5029
41/98 [===========>..................] - ETA: 2s - loss: 1.4010 - accuracy: 0.5020
43/98 [============>.................] - ETA: 2s - loss: 1.3964 - accuracy: 0.5037
45/98 [============>.................] - ETA: 2s - loss: 1.3962 - accuracy: 0.5033
47/98 [=============>................] - ETA: 2s - loss: 1.3943 - accuracy: 0.5031
49/98 [==============>...............] - ETA: 1s - loss: 1.3951 - accuracy: 0.5026
51/98 [==============>...............] - ETA: 1s - loss: 1.3968 - accuracy: 0.5022
53/98 [===============>..............] - ETA: 1s - loss: 1.3977 - accuracy: 0.5016
55/98 [===============>..............] - ETA: 1s - loss: 1.3994 - accuracy: 0.5013
57/98 [================>.............] - ETA: 1s - loss: 1.4008 - accuracy: 0.5010
59/98 [=================>............] - ETA: 1s - loss: 1.4010 - accuracy: 0.5011
61/98 [=================>............] - ETA: 1s - loss: 1.4009 - accuracy: 0.5006
63/98 [==================>...........] - ETA: 1s - loss: 1.4006 - accuracy: 0.5005
65/98 [==================>...........] - ETA: 1s - loss: 1.3988 - accuracy: 0.5013
67/98 [===================>..........] - ETA: 1s - loss: 1.3991 - accuracy: 0.5010
69/98 [====================>.........] - ETA: 1s - loss: 1.3995 - accuracy: 0.5005
71/98 [====================>.........] - ETA: 1s - loss: 1.4004 - accuracy: 0.5000
73/98 [=====================>........] - ETA: 1s - loss: 1.4009 - accuracy: 0.5002
75/98 [=====================>........] - ETA: 0s - loss: 1.4013 - accuracy: 0.5005
77/98 [======================>.......] - ETA: 0s - loss: 1.4034 - accuracy: 0.4996
78/98 [======================>.......] - ETA: 0s - loss: 1.4034 - accuracy: 0.4999
80/98 [=======================>......] - ETA: 0s - loss: 1.4063 - accuracy: 0.4987
82/98 [========================>.....] - ETA: 0s - loss: 1.4073 - accuracy: 0.4982
84/98 [========================>.....] - ETA: 0s - loss: 1.4090 - accuracy: 0.4972
86/98 [=========================>....] - ETA: 0s - loss: 1.4089 - accuracy: 0.4976
88/98 [=========================>....] - ETA: 0s - loss: 1.4103 - accuracy: 0.4972
90/98 [==========================>...] - ETA: 0s - loss: 1.4089 - accuracy: 0.4976
92/98 [===========================>..] - ETA: 0s - loss: 1.4092 - accuracy: 0.4973
94/98 [===========================>..] - ETA: 0s - loss: 1.4101 - accuracy: 0.4972
96/98 [============================>.] - ETA: 0s - loss: 1.4114 - accuracy: 0.4964
98/98 [==============================] - ETA: 0s - loss: 1.4114 - accuracy: 0.4965
98/98 [==============================] - 5s 50ms/step - loss: 1.4114 - accuracy: 0.4965 - val_loss: 1.4405 - val_accuracy: 0.4910
Epoch 8/249

 1/98 [..............................] - ETA: 6s - loss: 1.3497 - accuracy: 0.5352
 3/98 [..............................] - ETA: 4s - loss: 1.3880 - accuracy: 0.5085
 5/98 [>.............................] - ETA: 4s - loss: 1.3897 - accuracy: 0.5031
 7/98 [=>............................] - ETA: 4s - loss: 1.3898 - accuracy: 0.5050
 9/98 [=>............................] - ETA: 4s - loss: 1.3949 - accuracy: 0.5050
11/98 [==>...........................] - ETA: 3s - loss: 1.3987 - accuracy: 0.5023
13/98 [==>...........................] - ETA: 3s - loss: 1.3974 - accuracy: 0.5047
15/98 [===>..........................] - ETA: 3s - loss: 1.3963 - accuracy: 0.5057
17/98 [====>.........................] - ETA: 3s - loss: 1.3923 - accuracy: 0.5072
19/98 [====>.........................] - ETA: 3s - loss: 1.3982 - accuracy: 0.5037
21/98 [=====>........................] - ETA: 3s - loss: 1.3963 - accuracy: 0.5026
23/98 [======>.......................] - ETA: 3s - loss: 1.3982 - accuracy: 0.5020
25/98 [======>.......................] - ETA: 3s - loss: 1.3947 - accuracy: 0.5032
27/98 [=======>......................] - ETA: 3s - loss: 1.3927 - accuracy: 0.5026
29/98 [=======>......................] - ETA: 3s - loss: 1.3961 - accuracy: 0.5028
31/98 [========>.....................] - ETA: 2s - loss: 1.3966 - accuracy: 0.5020
33/98 [=========>....................] - ETA: 2s - loss: 1.3975 - accuracy: 0.5018
35/98 [=========>....................] - ETA: 2s - loss: 1.3949 - accuracy: 0.5024
37/98 [==========>...................] - ETA: 2s - loss: 1.3917 - accuracy: 0.5040
39/98 [==========>...................] - ETA: 2s - loss: 1.3900 - accuracy: 0.5051
41/98 [===========>..................] - ETA: 2s - loss: 1.3878 - accuracy: 0.5058
43/98 [============>.................] - ETA: 2s - loss: 1.3863 - accuracy: 0.5060
45/98 [============>.................] - ETA: 2s - loss: 1.3861 - accuracy: 0.5059
47/98 [=============>................] - ETA: 2s - loss: 1.3814 - accuracy: 0.5077
49/98 [==============>...............] - ETA: 1s - loss: 1.3806 - accuracy: 0.5081
51/98 [==============>...............] - ETA: 1s - loss: 1.3803 - accuracy: 0.5083
53/98 [===============>..............] - ETA: 1s - loss: 1.3817 - accuracy: 0.5078
55/98 [===============>..............] - ETA: 1s - loss: 1.3817 - accuracy: 0.5076
57/98 [================>.............] - ETA: 1s - loss: 1.3818 - accuracy: 0.5075
59/98 [=================>............] - ETA: 1s - loss: 1.3826 - accuracy: 0.5076
61/98 [=================>............] - ETA: 1s - loss: 1.3828 - accuracy: 0.5069
63/98 [==================>...........] - ETA: 1s - loss: 1.3843 - accuracy: 0.5064
65/98 [==================>...........] - ETA: 1s - loss: 1.3846 - accuracy: 0.5062
67/98 [===================>..........] - ETA: 1s - loss: 1.3845 - accuracy: 0.5060
69/98 [====================>.........] - ETA: 1s - loss: 1.3865 - accuracy: 0.5053
71/98 [====================>.........] - ETA: 1s - loss: 1.3866 - accuracy: 0.5056
72/98 [=====================>........] - ETA: 1s - loss: 1.3868 - accuracy: 0.5056
74/98 [=====================>........] - ETA: 0s - loss: 1.3883 - accuracy: 0.5052
76/98 [======================>.......] - ETA: 0s - loss: 1.3903 - accuracy: 0.5042
78/98 [======================>.......] - ETA: 0s - loss: 1.3904 - accuracy: 0.5042
80/98 [=======================>......] - ETA: 0s - loss: 1.3893 - accuracy: 0.5051
82/98 [========================>.....] - ETA: 0s - loss: 1.3890 - accuracy: 0.5051
84/98 [========================>.....] - ETA: 0s - loss: 1.3885 - accuracy: 0.5049
86/98 [=========================>....] - ETA: 0s - loss: 1.3896 - accuracy: 0.5046
88/98 [=========================>....] - ETA: 0s - loss: 1.3888 - accuracy: 0.5049
90/98 [==========================>...] - ETA: 0s - loss: 1.3881 - accuracy: 0.5051
92/98 [===========================>..] - ETA: 0s - loss: 1.3875 - accuracy: 0.5054
94/98 [===========================>..] - ETA: 0s - loss: 1.3865 - accuracy: 0.5059
96/98 [============================>.] - ETA: 0s - loss: 1.3866 - accuracy: 0.5057
98/98 [==============================] - ETA: 0s - loss: 1.3860 - accuracy: 0.5056
98/98 [==============================] - 5s 50ms/step - loss: 1.3860 - accuracy: 0.5056 - val_loss: 1.5040 - val_accuracy: 0.4713
Epoch 9/249

 1/98 [..............................] - ETA: 6s - loss: 1.3932 - accuracy: 0.5195
 2/98 [..............................] - ETA: 5s - loss: 1.4025 - accuracy: 0.5010
 4/98 [>.............................] - ETA: 4s - loss: 1.3798 - accuracy: 0.5039
 6/98 [>.............................] - ETA: 4s - loss: 1.3782 - accuracy: 0.5023
 8/98 [=>............................] - ETA: 4s - loss: 1.3786 - accuracy: 0.5073
10/98 [==>...........................] - ETA: 3s - loss: 1.3656 - accuracy: 0.5086
12/98 [==>...........................] - ETA: 3s - loss: 1.3561 - accuracy: 0.5138
14/98 [===>..........................] - ETA: 3s - loss: 1.3548 - accuracy: 0.5142
16/98 [===>..........................] - ETA: 3s - loss: 1.3569 - accuracy: 0.5122
18/98 [====>.........................] - ETA: 3s - loss: 1.3543 - accuracy: 0.5155
20/98 [=====>........................] - ETA: 3s - loss: 1.3499 - accuracy: 0.5181
22/98 [=====>........................] - ETA: 3s - loss: 1.3538 - accuracy: 0.5174
24/98 [======>.......................] - ETA: 3s - loss: 1.3509 - accuracy: 0.5180
26/98 [======>.......................] - ETA: 3s - loss: 1.3561 - accuracy: 0.5157
28/98 [=======>......................] - ETA: 3s - loss: 1.3584 - accuracy: 0.5149
30/98 [========>.....................] - ETA: 2s - loss: 1.3574 - accuracy: 0.5149
32/98 [========>.....................] - ETA: 2s - loss: 1.3576 - accuracy: 0.5146
34/98 [=========>....................] - ETA: 2s - loss: 1.3578 - accuracy: 0.5144
36/98 [==========>...................] - ETA: 2s - loss: 1.3587 - accuracy: 0.5139
38/98 [==========>...................] - ETA: 2s - loss: 1.3580 - accuracy: 0.5138
40/98 [===========>..................] - ETA: 2s - loss: 1.3599 - accuracy: 0.5130
42/98 [===========>..................] - ETA: 2s - loss: 1.3609 - accuracy: 0.5119
44/98 [============>.................] - ETA: 2s - loss: 1.3613 - accuracy: 0.5113
46/98 [=============>................] - ETA: 2s - loss: 1.3622 - accuracy: 0.5112
48/98 [=============>................] - ETA: 1s - loss: 1.3624 - accuracy: 0.5108
50/98 [==============>...............] - ETA: 1s - loss: 1.3615 - accuracy: 0.5108
52/98 [==============>...............] - ETA: 1s - loss: 1.3626 - accuracy: 0.5106
54/98 [===============>..............] - ETA: 1s - loss: 1.3627 - accuracy: 0.5111
