2024-06-21 17:54:00.032033: I tensorflow/core/platform/cpu_feature_guard.cc:193] This TensorFlow binary is optimized with oneAPI Deep Neural Network Library (oneDNN) to use the following CPU instructions in performance-critical operations:  AVX AVX2
To enable them in other operations, rebuild TensorFlow with the appropriate compiler flags.
2024-06-21 17:54:00.636080: I tensorflow/core/common_runtime/gpu/gpu_device.cc:1616] Created device /job:localhost/replica:0/task:0/device:GPU:0 with 6144 MB memory:  -> device: 0, name: NVIDIA GeForce RTX 4060 Ti, pci bus id: 0000:01:00.0, compute capability: 8.9
1 Physical GPUs, 1 Logical GPUs
Model: "sequential"
_________________________________________________________________
 Layer (type)                Output Shape              Param #   
=================================================================
 conv2d (Conv2D)             (None, 32, 32, 32)        896       
                                                                 
 max_pooling2d (MaxPooling2D  (None, 16, 16, 32)       0         
 )                                                               
                                                                 
 batch_normalization (BatchN  (None, 16, 16, 32)       128       
 ormalization)                                                   
                                                                 
 conv2d_1 (Conv2D)           (None, 16, 16, 64)        100416    
                                                                 
 max_pooling2d_1 (MaxPooling  (None, 8, 8, 64)         0         
 2D)                                                             
                                                                 
 batch_normalization_1 (Batc  (None, 8, 8, 64)         256       
 hNormalization)                                                 
                                                                 
 dropout (Dropout)           (None, 8, 8, 64)          0         
                                                                 
 flatten (Flatten)           (None, 4096)              0         
                                                                 
 dense (Dense)               (None, 42)                172074    
                                                                 
 dropout_1 (Dropout)         (None, 42)                0         
                                                                 
 dense_1 (Dense)             (None, 10)                430       
                                                                 
=================================================================
Total params: 274,200
Trainable params: 274,008
Non-trainable params: 192
_________________________________________________________________
Taxa de aprendizado:  0.001 Num de épocas:  218 Tamanho do lote:  512 Dropout:  0.27
Epoch 1/218
2024-06-21 17:54:02.105600: I tensorflow/stream_executor/cuda/cuda_dnn.cc:384] Loaded cuDNN version 8100
2024-06-21 17:54:02.976188: W tensorflow/stream_executor/gpu/redzone_allocator.cc:314] INTERNAL: ptxas exited with non-zero error code -1, output: 
Relying on driver to perform ptx compilation. 
Modify $PATH to customize ptxas location.
This message will be only logged once.
2024-06-21 17:54:03.949650: I tensorflow/stream_executor/cuda/cuda_blas.cc:1614] TensorFloat-32 will be used for the matrix multiplication. This will only be logged once.

 1/98 [..............................] - ETA: 5:53 - loss: 2.9525 - accuracy: 0.0879
 3/98 [..............................] - ETA: 2s - loss: 2.5462 - accuracy: 0.2012  
 5/98 [>.............................] - ETA: 2s - loss: 2.4083 - accuracy: 0.2277
 8/98 [=>............................] - ETA: 2s - loss: 2.2813 - accuracy: 0.2454
10/98 [==>...........................] - ETA: 2s - loss: 2.2222 - accuracy: 0.2607
13/98 [==>...........................] - ETA: 2s - loss: 2.1581 - accuracy: 0.2737
15/98 [===>..........................] - ETA: 2s - loss: 2.1227 - accuracy: 0.2829
17/98 [====>.........................] - ETA: 2s - loss: 2.0961 - accuracy: 0.2898
20/98 [=====>........................] - ETA: 2s - loss: 2.0615 - accuracy: 0.2968
22/98 [=====>........................] - ETA: 2s - loss: 2.0370 - accuracy: 0.3035
25/98 [======>.......................] - ETA: 2s - loss: 2.0082 - accuracy: 0.3113
27/98 [=======>......................] - ETA: 2s - loss: 1.9860 - accuracy: 0.3176
30/98 [========>.....................] - ETA: 1s - loss: 1.9709 - accuracy: 0.3223
32/98 [========>.....................] - ETA: 1s - loss: 1.9609 - accuracy: 0.3253
35/98 [=========>....................] - ETA: 1s - loss: 1.9418 - accuracy: 0.3321
37/98 [==========>...................] - ETA: 1s - loss: 1.9306 - accuracy: 0.3350
40/98 [===========>..................] - ETA: 1s - loss: 1.9129 - accuracy: 0.3390
42/98 [===========>..................] - ETA: 1s - loss: 1.9014 - accuracy: 0.3421
45/98 [============>.................] - ETA: 1s - loss: 1.8831 - accuracy: 0.3474
47/98 [=============>................] - ETA: 1s - loss: 1.8746 - accuracy: 0.3493
49/98 [==============>...............] - ETA: 1s - loss: 1.8633 - accuracy: 0.3529
52/98 [==============>...............] - ETA: 1s - loss: 1.8467 - accuracy: 0.3574
54/98 [===============>..............] - ETA: 1s - loss: 1.8396 - accuracy: 0.3590
57/98 [================>.............] - ETA: 1s - loss: 1.8264 - accuracy: 0.3629
59/98 [=================>............] - ETA: 1s - loss: 1.8191 - accuracy: 0.3645
62/98 [=================>............] - ETA: 1s - loss: 1.8063 - accuracy: 0.3684
64/98 [==================>...........] - ETA: 0s - loss: 1.7994 - accuracy: 0.3708
66/98 [===================>..........] - ETA: 0s - loss: 1.7920 - accuracy: 0.3741
69/98 [====================>.........] - ETA: 0s - loss: 1.7823 - accuracy: 0.3776
71/98 [====================>.........] - ETA: 0s - loss: 1.7761 - accuracy: 0.3798
74/98 [=====================>........] - ETA: 0s - loss: 1.7646 - accuracy: 0.3828
76/98 [======================>.......] - ETA: 0s - loss: 1.7593 - accuracy: 0.3849
79/98 [=======================>......] - ETA: 0s - loss: 1.7510 - accuracy: 0.3880
82/98 [========================>.....] - ETA: 0s - loss: 1.7407 - accuracy: 0.3913
84/98 [========================>.....] - ETA: 0s - loss: 1.7341 - accuracy: 0.3934
87/98 [=========================>....] - ETA: 0s - loss: 1.7254 - accuracy: 0.3961
89/98 [==========================>...] - ETA: 0s - loss: 1.7211 - accuracy: 0.3973
92/98 [===========================>..] - ETA: 0s - loss: 1.7117 - accuracy: 0.4002
94/98 [===========================>..] - ETA: 0s - loss: 1.7050 - accuracy: 0.4023
96/98 [============================>.] - ETA: 0s - loss: 1.6990 - accuracy: 0.4041
98/98 [==============================] - ETA: 0s - loss: 1.6916 - accuracy: 0.4064
98/98 [==============================] - 8s 44ms/step - loss: 1.6916 - accuracy: 0.4064 - val_loss: 3.4937 - val_accuracy: 0.1002
Epoch 2/218

 1/98 [..............................] - ETA: 4s - loss: 1.3332 - accuracy: 0.5215
 3/98 [..............................] - ETA: 2s - loss: 1.3192 - accuracy: 0.5202
 6/98 [>.............................] - ETA: 2s - loss: 1.3403 - accuracy: 0.5176
 8/98 [=>............................] - ETA: 2s - loss: 1.3312 - accuracy: 0.5242
11/98 [==>...........................] - ETA: 2s - loss: 1.3361 - accuracy: 0.5224
13/98 [==>...........................] - ETA: 2s - loss: 1.3379 - accuracy: 0.5239
15/98 [===>..........................] - ETA: 2s - loss: 1.3356 - accuracy: 0.5236
18/98 [====>.........................] - ETA: 2s - loss: 1.3343 - accuracy: 0.5231
20/98 [=====>........................] - ETA: 2s - loss: 1.3351 - accuracy: 0.5242
23/98 [======>.......................] - ETA: 2s - loss: 1.3356 - accuracy: 0.5263
25/98 [======>.......................] - ETA: 2s - loss: 1.3349 - accuracy: 0.5277
28/98 [=======>......................] - ETA: 1s - loss: 1.3328 - accuracy: 0.5283
30/98 [========>.....................] - ETA: 1s - loss: 1.3336 - accuracy: 0.5281
33/98 [=========>....................] - ETA: 1s - loss: 1.3300 - accuracy: 0.5292
35/98 [=========>....................] - ETA: 1s - loss: 1.3290 - accuracy: 0.5295
38/98 [==========>...................] - ETA: 1s - loss: 1.3307 - accuracy: 0.5290
40/98 [===========>..................] - ETA: 1s - loss: 1.3306 - accuracy: 0.5288
43/98 [============>.................] - ETA: 1s - loss: 1.3262 - accuracy: 0.5305
45/98 [============>.................] - ETA: 1s - loss: 1.3260 - accuracy: 0.5307
47/98 [=============>................] - ETA: 1s - loss: 1.3276 - accuracy: 0.5300
50/98 [==============>...............] - ETA: 1s - loss: 1.3254 - accuracy: 0.5311
52/98 [==============>...............] - ETA: 1s - loss: 1.3243 - accuracy: 0.5315
55/98 [===============>..............] - ETA: 1s - loss: 1.3202 - accuracy: 0.5333
57/98 [================>.............] - ETA: 1s - loss: 1.3173 - accuracy: 0.5345
59/98 [=================>............] - ETA: 1s - loss: 1.3151 - accuracy: 0.5350
62/98 [=================>............] - ETA: 1s - loss: 1.3107 - accuracy: 0.5368
64/98 [==================>...........] - ETA: 0s - loss: 1.3102 - accuracy: 0.5376
67/98 [===================>..........] - ETA: 0s - loss: 1.3072 - accuracy: 0.5381
69/98 [====================>.........] - ETA: 0s - loss: 1.3063 - accuracy: 0.5382
72/98 [=====================>........] - ETA: 0s - loss: 1.3045 - accuracy: 0.5391
74/98 [=====================>........] - ETA: 0s - loss: 1.3027 - accuracy: 0.5395
77/98 [======================>.......] - ETA: 0s - loss: 1.3005 - accuracy: 0.5404
80/98 [=======================>......] - ETA: 0s - loss: 1.2985 - accuracy: 0.5415
82/98 [========================>.....] - ETA: 0s - loss: 1.2960 - accuracy: 0.5424
85/98 [=========================>....] - ETA: 0s - loss: 1.2939 - accuracy: 0.5433
87/98 [=========================>....] - ETA: 0s - loss: 1.2922 - accuracy: 0.5438
90/98 [==========================>...] - ETA: 0s - loss: 1.2891 - accuracy: 0.5450
92/98 [===========================>..] - ETA: 0s - loss: 1.2880 - accuracy: 0.5456
95/98 [============================>.] - ETA: 0s - loss: 1.2861 - accuracy: 0.5465
97/98 [============================>.] - ETA: 0s - loss: 1.2830 - accuracy: 0.5478
98/98 [==============================] - 4s 36ms/step - loss: 1.2816 - accuracy: 0.5483 - val_loss: 4.4577 - val_accuracy: 0.1000
Epoch 3/218

 1/98 [..............................] - ETA: 4s - loss: 1.1387 - accuracy: 0.5977
 3/98 [..............................] - ETA: 2s - loss: 1.1722 - accuracy: 0.5846
 6/98 [>.............................] - ETA: 2s - loss: 1.1596 - accuracy: 0.5895
 8/98 [=>............................] - ETA: 2s - loss: 1.1563 - accuracy: 0.5938
10/98 [==>...........................] - ETA: 2s - loss: 1.1551 - accuracy: 0.5930
13/98 [==>...........................] - ETA: 2s - loss: 1.1518 - accuracy: 0.5956
15/98 [===>..........................] - ETA: 2s - loss: 1.1443 - accuracy: 0.5973
18/98 [====>.........................] - ETA: 2s - loss: 1.1440 - accuracy: 0.5977
20/98 [=====>........................] - ETA: 2s - loss: 1.1439 - accuracy: 0.5979
23/98 [======>.......................] - ETA: 2s - loss: 1.1446 - accuracy: 0.5987
25/98 [======>.......................] - ETA: 2s - loss: 1.1476 - accuracy: 0.5983
28/98 [=======>......................] - ETA: 1s - loss: 1.1484 - accuracy: 0.5974
30/98 [========>.....................] - ETA: 1s - loss: 1.1456 - accuracy: 0.5982
32/98 [========>.....................] - ETA: 1s - loss: 1.1414 - accuracy: 0.5989
34/98 [=========>....................] - ETA: 1s - loss: 1.1374 - accuracy: 0.5998
36/98 [==========>...................] - ETA: 1s - loss: 1.1390 - accuracy: 0.5994
38/98 [==========>...................] - ETA: 1s - loss: 1.1389 - accuracy: 0.6006
40/98 [===========>..................] - ETA: 1s - loss: 1.1375 - accuracy: 0.6009
43/98 [============>.................] - ETA: 1s - loss: 1.1376 - accuracy: 0.6003
46/98 [=============>................] - ETA: 1s - loss: 1.1364 - accuracy: 0.6009
48/98 [=============>................] - ETA: 1s - loss: 1.1354 - accuracy: 0.6016
51/98 [==============>...............] - ETA: 1s - loss: 1.1330 - accuracy: 0.6028
53/98 [===============>..............] - ETA: 1s - loss: 1.1311 - accuracy: 0.6035
55/98 [===============>..............] - ETA: 1s - loss: 1.1293 - accuracy: 0.6045
58/98 [================>.............] - ETA: 1s - loss: 1.1305 - accuracy: 0.6043
60/98 [=================>............] - ETA: 1s - loss: 1.1289 - accuracy: 0.6054
63/98 [==================>...........] - ETA: 0s - loss: 1.1277 - accuracy: 0.6050
65/98 [==================>...........] - ETA: 0s - loss: 1.1276 - accuracy: 0.6052
68/98 [===================>..........] - ETA: 0s - loss: 1.1263 - accuracy: 0.6052
70/98 [====================>.........] - ETA: 0s - loss: 1.1254 - accuracy: 0.6053
73/98 [=====================>........] - ETA: 0s - loss: 1.1241 - accuracy: 0.6058
75/98 [=====================>........] - ETA: 0s - loss: 1.1228 - accuracy: 0.6061
77/98 [======================>.......] - ETA: 0s - loss: 1.1219 - accuracy: 0.6067
80/98 [=======================>......] - ETA: 0s - loss: 1.1210 - accuracy: 0.6072
82/98 [========================>.....] - ETA: 0s - loss: 1.1193 - accuracy: 0.6079
85/98 [=========================>....] - ETA: 0s - loss: 1.1178 - accuracy: 0.6087
87/98 [=========================>....] - ETA: 0s - loss: 1.1172 - accuracy: 0.6088
90/98 [==========================>...] - ETA: 0s - loss: 1.1138 - accuracy: 0.6099
92/98 [===========================>..] - ETA: 0s - loss: 1.1119 - accuracy: 0.6106
95/98 [============================>.] - ETA: 0s - loss: 1.1118 - accuracy: 0.6104
97/98 [============================>.] - ETA: 0s - loss: 1.1115 - accuracy: 0.6106
98/98 [==============================] - 4s 36ms/step - loss: 1.1119 - accuracy: 0.6106 - val_loss: 4.3782 - val_accuracy: 0.1000
Epoch 4/218

 1/98 [..............................] - ETA: 3s - loss: 1.0008 - accuracy: 0.6523
 3/98 [..............................] - ETA: 2s - loss: 0.9949 - accuracy: 0.6569
 6/98 [>.............................] - ETA: 2s - loss: 0.9961 - accuracy: 0.6595
 9/98 [=>............................] - ETA: 2s - loss: 1.0169 - accuracy: 0.6537
11/98 [==>...........................] - ETA: 2s - loss: 1.0146 - accuracy: 0.6540
14/98 [===>..........................] - ETA: 2s - loss: 1.0163 - accuracy: 0.6512
16/98 [===>..........................] - ETA: 2s - loss: 1.0174 - accuracy: 0.6485
18/98 [====>.........................] - ETA: 2s - loss: 1.0178 - accuracy: 0.6482
21/98 [=====>........................] - ETA: 2s - loss: 1.0161 - accuracy: 0.6495
23/98 [======>.......................] - ETA: 2s - loss: 1.0185 - accuracy: 0.6493
26/98 [======>.......................] - ETA: 2s - loss: 1.0195 - accuracy: 0.6476
28/98 [=======>......................] - ETA: 1s - loss: 1.0176 - accuracy: 0.6483
31/98 [========>.....................] - ETA: 1s - loss: 1.0108 - accuracy: 0.6496
33/98 [=========>....................] - ETA: 1s - loss: 1.0096 - accuracy: 0.6499
36/98 [==========>...................] - ETA: 1s - loss: 1.0087 - accuracy: 0.6494
38/98 [==========>...................] - ETA: 1s - loss: 1.0072 - accuracy: 0.6499
41/98 [===========>..................] - ETA: 1s - loss: 1.0057 - accuracy: 0.6510
43/98 [============>.................] - ETA: 1s - loss: 1.0057 - accuracy: 0.6514
45/98 [============>.................] - ETA: 1s - loss: 1.0064 - accuracy: 0.6512
48/98 [=============>................] - ETA: 1s - loss: 1.0081 - accuracy: 0.6508
50/98 [==============>...............] - ETA: 1s - loss: 1.0109 - accuracy: 0.6499
52/98 [==============>...............] - ETA: 1s - loss: 1.0112 - accuracy: 0.6490
54/98 [===============>..............] - ETA: 1s - loss: 1.0112 - accuracy: 0.6492
57/98 [================>.............] - ETA: 1s - loss: 1.0116 - accuracy: 0.6482
59/98 [=================>............] - ETA: 1s - loss: 1.0117 - accuracy: 0.6472
62/98 [=================>............] - ETA: 1s - loss: 1.0111 - accuracy: 0.6470
64/98 [==================>...........] - ETA: 0s - loss: 1.0108 - accuracy: 0.6471
67/98 [===================>..........] - ETA: 0s - loss: 1.0098 - accuracy: 0.6473
69/98 [====================>.........] - ETA: 0s - loss: 1.0086 - accuracy: 0.6478
72/98 [=====================>........] - ETA: 0s - loss: 1.0066 - accuracy: 0.6484
74/98 [=====================>........] - ETA: 0s - loss: 1.0065 - accuracy: 0.6484
77/98 [======================>.......] - ETA: 0s - loss: 1.0045 - accuracy: 0.6489
79/98 [=======================>......] - ETA: 0s - loss: 1.0058 - accuracy: 0.6483
81/98 [=======================>......] - ETA: 0s - loss: 1.0064 - accuracy: 0.6482
84/98 [========================>.....] - ETA: 0s - loss: 1.0056 - accuracy: 0.6487
86/98 [=========================>....] - ETA: 0s - loss: 1.0068 - accuracy: 0.6484
89/98 [==========================>...] - ETA: 0s - loss: 1.0065 - accuracy: 0.6483
91/98 [==========================>...] - ETA: 0s - loss: 1.0043 - accuracy: 0.6490
94/98 [===========================>..] - ETA: 0s - loss: 1.0031 - accuracy: 0.6498
96/98 [============================>.] - ETA: 0s - loss: 1.0023 - accuracy: 0.6502
98/98 [==============================] - 3s 36ms/step - loss: 1.0012 - accuracy: 0.6506 - val_loss: 3.9990 - val_accuracy: 0.1094
Epoch 5/218

 1/98 [..............................] - ETA: 3s - loss: 0.8258 - accuracy: 0.7207
 3/98 [..............................] - ETA: 2s - loss: 0.8916 - accuracy: 0.7031
 5/98 [>.............................] - ETA: 2s - loss: 0.9156 - accuracy: 0.6914
 8/98 [=>............................] - ETA: 2s - loss: 0.9173 - accuracy: 0.6877
10/98 [==>...........................] - ETA: 2s - loss: 0.9259 - accuracy: 0.6797
13/98 [==>...........................] - ETA: 2s - loss: 0.9187 - accuracy: 0.6854
15/98 [===>..........................] - ETA: 2s - loss: 0.9208 - accuracy: 0.6839
18/98 [====>.........................] - ETA: 2s - loss: 0.9197 - accuracy: 0.6862
20/98 [=====>........................] - ETA: 2s - loss: 0.9151 - accuracy: 0.6882
23/98 [======>.......................] - ETA: 2s - loss: 0.9162 - accuracy: 0.6884
25/98 [======>.......................] - ETA: 2s - loss: 0.9113 - accuracy: 0.6892
28/98 [=======>......................] - ETA: 1s - loss: 0.9113 - accuracy: 0.6885
30/98 [========>.....................] - ETA: 1s - loss: 0.9167 - accuracy: 0.6869
33/98 [=========>....................] - ETA: 1s - loss: 0.9162 - accuracy: 0.6864
35/98 [=========>....................] - ETA: 1s - loss: 0.9154 - accuracy: 0.6867
38/98 [==========>...................] - ETA: 1s - loss: 0.9149 - accuracy: 0.6859
40/98 [===========>..................] - ETA: 1s - loss: 0.9171 - accuracy: 0.6848
43/98 [============>.................] - ETA: 1s - loss: 0.9160 - accuracy: 0.6852
45/98 [============>.................] - ETA: 1s - loss: 0.9158 - accuracy: 0.6844
48/98 [=============>................] - ETA: 1s - loss: 0.9152 - accuracy: 0.6849
50/98 [==============>...............] - ETA: 1s - loss: 0.9152 - accuracy: 0.6848
53/98 [===============>..............] - ETA: 1s - loss: 0.9158 - accuracy: 0.6842
55/98 [===============>..............] - ETA: 1s - loss: 0.9163 - accuracy: 0.6837
58/98 [================>.............] - ETA: 1s - loss: 0.9169 - accuracy: 0.6836
60/98 [=================>............] - ETA: 1s - loss: 0.9173 - accuracy: 0.6832
63/98 [==================>...........] - ETA: 0s - loss: 0.9172 - accuracy: 0.6830
65/98 [==================>...........] - ETA: 0s - loss: 0.9182 - accuracy: 0.6828
68/98 [===================>..........] - ETA: 0s - loss: 0.9168 - accuracy: 0.6826
70/98 [====================>.........] - ETA: 0s - loss: 0.9176 - accuracy: 0.6823
73/98 [=====================>........] - ETA: 0s - loss: 0.9198 - accuracy: 0.6813
75/98 [=====================>........] - ETA: 0s - loss: 0.9219 - accuracy: 0.6807
77/98 [======================>.......] - ETA: 0s - loss: 0.9207 - accuracy: 0.6814
80/98 [=======================>......] - ETA: 0s - loss: 0.9199 - accuracy: 0.6818
82/98 [========================>.....] - ETA: 0s - loss: 0.9200 - accuracy: 0.6814
85/98 [=========================>....] - ETA: 0s - loss: 0.9219 - accuracy: 0.6806
87/98 [=========================>....] - ETA: 0s - loss: 0.9210 - accuracy: 0.6809
89/98 [==========================>...] - ETA: 0s - loss: 0.9222 - accuracy: 0.6808
92/98 [===========================>..] - ETA: 0s - loss: 0.9213 - accuracy: 0.6811
94/98 [===========================>..] - ETA: 0s - loss: 0.9211 - accuracy: 0.6810
97/98 [============================>.] - ETA: 0s - loss: 0.9217 - accuracy: 0.6806
98/98 [==============================] - 3s 36ms/step - loss: 0.9211 - accuracy: 0.6809 - val_loss: 2.9182 - val_accuracy: 0.2064
Epoch 6/218

 1/98 [..............................] - ETA: 4s - loss: 0.8801 - accuracy: 0.6875
 4/98 [>.............................] - ETA: 2s - loss: 0.8630 - accuracy: 0.7012
 6/98 [>.............................] - ETA: 2s - loss: 0.8573 - accuracy: 0.7057
 9/98 [=>............................] - ETA: 2s - loss: 0.8514 - accuracy: 0.7075
11/98 [==>...........................] - ETA: 2s - loss: 0.8467 - accuracy: 0.7093
14/98 [===>..........................] - ETA: 2s - loss: 0.8519 - accuracy: 0.7068
16/98 [===>..........................] - ETA: 2s - loss: 0.8526 - accuracy: 0.7069
19/98 [====>.........................] - ETA: 2s - loss: 0.8581 - accuracy: 0.7055
21/98 [=====>........................] - ETA: 2s - loss: 0.8625 - accuracy: 0.7039
24/98 [======>.......................] - ETA: 2s - loss: 0.8589 - accuracy: 0.7040
26/98 [======>.......................] - ETA: 2s - loss: 0.8596 - accuracy: 0.7042
28/98 [=======>......................] - ETA: 1s - loss: 0.8605 - accuracy: 0.7029
31/98 [========>.....................] - ETA: 1s - loss: 0.8599 - accuracy: 0.7021
33/98 [=========>....................] - ETA: 1s - loss: 0.8571 - accuracy: 0.7022
36/98 [==========>...................] - ETA: 1s - loss: 0.8538 - accuracy: 0.7039
39/98 [==========>...................] - ETA: 1s - loss: 0.8530 - accuracy: 0.7038
42/98 [===========>..................] - ETA: 1s - loss: 0.8540 - accuracy: 0.7031
44/98 [============>.................] - ETA: 1s - loss: 0.8543 - accuracy: 0.7037
47/98 [=============>................] - ETA: 1s - loss: 0.8587 - accuracy: 0.7018
49/98 [==============>...............] - ETA: 1s - loss: 0.8602 - accuracy: 0.7009
51/98 [==============>...............] - ETA: 1s - loss: 0.8588 - accuracy: 0.7013
54/98 [===============>..............] - ETA: 1s - loss: 0.8589 - accuracy: 0.7018
56/98 [================>.............] - ETA: 1s - loss: 0.8587 - accuracy: 0.7017
59/98 [=================>............] - ETA: 1s - loss: 0.8600 - accuracy: 0.7014
61/98 [=================>............] - ETA: 1s - loss: 0.8611 - accuracy: 0.7009
64/98 [==================>...........] - ETA: 0s - loss: 0.8612 - accuracy: 0.7008
66/98 [===================>..........] - ETA: 0s - loss: 0.8623 - accuracy: 0.7001
69/98 [====================>.........] - ETA: 0s - loss: 0.8637 - accuracy: 0.6998
71/98 [====================>.........] - ETA: 0s - loss: 0.8652 - accuracy: 0.6994
74/98 [=====================>........] - ETA: 0s - loss: 0.8645 - accuracy: 0.6994
76/98 [======================>.......] - ETA: 0s - loss: 0.8652 - accuracy: 0.6991
79/98 [=======================>......] - ETA: 0s - loss: 0.8641 - accuracy: 0.6997
81/98 [=======================>......] - ETA: 0s - loss: 0.8635 - accuracy: 0.6998
84/98 [========================>.....] - ETA: 0s - loss: 0.8632 - accuracy: 0.7000
86/98 [=========================>....] - ETA: 0s - loss: 0.8630 - accuracy: 0.7002
89/98 [==========================>...] - ETA: 0s - loss: 0.8623 - accuracy: 0.7006
91/98 [==========================>...] - ETA: 0s - loss: 0.8623 - accuracy: 0.7006
94/98 [===========================>..] - ETA: 0s - loss: 0.8634 - accuracy: 0.6999
96/98 [============================>.] - ETA: 0s - loss: 0.8648 - accuracy: 0.6994
98/98 [==============================] - 4s 36ms/step - loss: 0.8652 - accuracy: 0.6993 - val_loss: 1.5280 - val_accuracy: 0.4772
Epoch 7/218

 1/98 [..............................] - ETA: 4s - loss: 0.7458 - accuracy: 0.7422
 3/98 [..............................] - ETA: 2s - loss: 0.7981 - accuracy: 0.7272
 5/98 [>.............................] - ETA: 2s - loss: 0.7773 - accuracy: 0.7328
 8/98 [=>............................] - ETA: 2s - loss: 0.7860 - accuracy: 0.7273
11/98 [==>...........................] - ETA: 2s - loss: 0.7963 - accuracy: 0.7205
13/98 [==>...........................] - ETA: 2s - loss: 0.7942 - accuracy: 0.7227
16/98 [===>..........................] - ETA: 2s - loss: 0.7998 - accuracy: 0.7216
18/98 [====>.........................] - ETA: 2s - loss: 0.8087 - accuracy: 0.7171
20/98 [=====>........................] - ETA: 2s - loss: 0.8041 - accuracy: 0.7188
23/98 [======>.......................] - ETA: 2s - loss: 0.8070 - accuracy: 0.7176
25/98 [======>.......................] - ETA: 2s - loss: 0.8078 - accuracy: 0.7177
28/98 [=======>......................] - ETA: 1s - loss: 0.8060 - accuracy: 0.7184
31/98 [========>.....................] - ETA: 1s - loss: 0.8020 - accuracy: 0.7208
34/98 [=========>....................] - ETA: 1s - loss: 0.7997 - accuracy: 0.7228
36/98 [==========>...................] - ETA: 1s - loss: 0.7956 - accuracy: 0.7241
39/98 [==========>...................] - ETA: 1s - loss: 0.7977 - accuracy: 0.7231
41/98 [===========>..................] - ETA: 1s - loss: 0.7971 - accuracy: 0.7231
44/98 [============>.................] - ETA: 1s - loss: 0.7940 - accuracy: 0.7243
46/98 [=============>................] - ETA: 1s - loss: 0.7951 - accuracy: 0.7244
49/98 [==============>...............] - ETA: 1s - loss: 0.7964 - accuracy: 0.7238
51/98 [==============>...............] - ETA: 1s - loss: 0.7993 - accuracy: 0.7227
53/98 [===============>..............] - ETA: 1s - loss: 0.7993 - accuracy: 0.7224
56/98 [================>.............] - ETA: 1s - loss: 0.7998 - accuracy: 0.7223
58/98 [================>.............] - ETA: 1s - loss: 0.7990 - accuracy: 0.7226
61/98 [=================>............] - ETA: 1s - loss: 0.7988 - accuracy: 0.7224
64/98 [==================>...........] - ETA: 0s - loss: 0.8005 - accuracy: 0.7230
66/98 [===================>..........] - ETA: 0s - loss: 0.7997 - accuracy: 0.7230
69/98 [====================>.........] - ETA: 0s - loss: 0.7986 - accuracy: 0.7231
71/98 [====================>.........] - ETA: 0s - loss: 0.7985 - accuracy: 0.7235
74/98 [=====================>........] - ETA: 0s - loss: 0.7983 - accuracy: 0.7234
76/98 [======================>.......] - ETA: 0s - loss: 0.7979 - accuracy: 0.7236
79/98 [=======================>......] - ETA: 0s - loss: 0.7969 - accuracy: 0.7243
81/98 [=======================>......] - ETA: 0s - loss: 0.7969 - accuracy: 0.7243
84/98 [========================>.....] - ETA: 0s - loss: 0.7977 - accuracy: 0.7243
86/98 [=========================>....] - ETA: 0s - loss: 0.7970 - accuracy: 0.7247
89/98 [==========================>...] - ETA: 0s - loss: 0.7976 - accuracy: 0.7246
91/98 [==========================>...] - ETA: 0s - loss: 0.7974 - accuracy: 0.7244
94/98 [===========================>..] - ETA: 0s - loss: 0.7977 - accuracy: 0.7240
96/98 [============================>.] - ETA: 0s - loss: 0.7984 - accuracy: 0.7238
98/98 [==============================] - 3s 35ms/step - loss: 0.7982 - accuracy: 0.7239 - val_loss: 0.8725 - val_accuracy: 0.7039
Epoch 8/218

 1/98 [..............................] - ETA: 4s - loss: 0.8427 - accuracy: 0.6914
 3/98 [..............................] - ETA: 2s - loss: 0.7901 - accuracy: 0.7298
 5/98 [>.............................] - ETA: 2s - loss: 0.7470 - accuracy: 0.7469
 8/98 [=>............................] - ETA: 2s - loss: 0.7361 - accuracy: 0.7451
10/98 [==>...........................] - ETA: 2s - loss: 0.7357 - accuracy: 0.7471
13/98 [==>...........................] - ETA: 2s - loss: 0.7343 - accuracy: 0.7488
15/98 [===>..........................] - ETA: 2s - loss: 0.7348 - accuracy: 0.7470
18/98 [====>.........................] - ETA: 2s - loss: 0.7344 - accuracy: 0.7469
20/98 [=====>........................] - ETA: 2s - loss: 0.7317 - accuracy: 0.7484
22/98 [=====>........................] - ETA: 2s - loss: 0.7335 - accuracy: 0.7484
25/98 [======>.......................] - ETA: 2s - loss: 0.7281 - accuracy: 0.7506
27/98 [=======>......................] - ETA: 2s - loss: 0.7303 - accuracy: 0.7503
30/98 [========>.....................] - ETA: 1s - loss: 0.7321 - accuracy: 0.7505
32/98 [========>.....................] - ETA: 1s - loss: 0.7328 - accuracy: 0.7492
34/98 [=========>....................] - ETA: 1s - loss: 0.7317 - accuracy: 0.7495
37/98 [==========>...................] - ETA: 1s - loss: 0.7318 - accuracy: 0.7495
40/98 [===========>..................] - ETA: 1s - loss: 0.7329 - accuracy: 0.7497
42/98 [===========>..................] - ETA: 1s - loss: 0.7380 - accuracy: 0.7484
44/98 [============>.................] - ETA: 1s - loss: 0.7375 - accuracy: 0.7486
47/98 [=============>................] - ETA: 1s - loss: 0.7387 - accuracy: 0.7479
49/98 [==============>...............] - ETA: 1s - loss: 0.7390 - accuracy: 0.7478
52/98 [==============>...............] - ETA: 1s - loss: 0.7392 - accuracy: 0.7477
54/98 [===============>..............] - ETA: 1s - loss: 0.7374 - accuracy: 0.7479
57/98 [================>.............] - ETA: 1s - loss: 0.7388 - accuracy: 0.7479
59/98 [=================>............] - ETA: 1s - loss: 0.7392 - accuracy: 0.7480
62/98 [=================>............] - ETA: 1s - loss: 0.7411 - accuracy: 0.7467
64/98 [==================>...........] - ETA: 0s - loss: 0.7406 - accuracy: 0.7467
67/98 [===================>..........] - ETA: 0s - loss: 0.7404 - accuracy: 0.7469
69/98 [====================>.........] - ETA: 0s - loss: 0.7397 - accuracy: 0.7474
72/98 [=====================>........] - ETA: 0s - loss: 0.7407 - accuracy: 0.7469
74/98 [=====================>........] - ETA: 0s - loss: 0.7410 - accuracy: 0.7468
77/98 [======================>.......] - ETA: 0s - loss: 0.7407 - accuracy: 0.7469
79/98 [=======================>......] - ETA: 0s - loss: 0.7421 - accuracy: 0.7462
82/98 [========================>.....] - ETA: 0s - loss: 0.7434 - accuracy: 0.7453
84/98 [========================>.....] - ETA: 0s - loss: 0.7444 - accuracy: 0.7449
87/98 [=========================>....] - ETA: 0s - loss: 0.7448 - accuracy: 0.7447
89/98 [==========================>...] - ETA: 0s - loss: 0.7454 - accuracy: 0.7445
92/98 [===========================>..] - ETA: 0s - loss: 0.7474 - accuracy: 0.7435
94/98 [===========================>..] - ETA: 0s - loss: 0.7490 - accuracy: 0.7425
96/98 [============================>.] - ETA: 0s - loss: 0.7493 - accuracy: 0.7421
98/98 [==============================] - 3s 35ms/step - loss: 0.7493 - accuracy: 0.7420 - val_loss: 0.9478 - val_accuracy: 0.6800
Epoch 9/218

 1/98 [..............................] - ETA: 4s - loss: 0.6589 - accuracy: 0.7715
 3/98 [..............................] - ETA: 2s - loss: 0.7017 - accuracy: 0.7617
 6/98 [>.............................] - ETA: 2s - loss: 0.7203 - accuracy: 0.7572
 8/98 [=>............................] - ETA: 2s - loss: 0.7280 - accuracy: 0.7539
11/98 [==>...........................] - ETA: 2s - loss: 0.7250 - accuracy: 0.7557
13/98 [==>...........................] - ETA: 2s - loss: 0.7206 - accuracy: 0.7550
15/98 [===>..........................] - ETA: 2s - loss: 0.7179 - accuracy: 0.7581
17/98 [====>.........................] - ETA: 2s - loss: 0.7140 - accuracy: 0.7607
19/98 [====>.........................] - ETA: 2s - loss: 0.7068 - accuracy: 0.7644
22/98 [=====>........................] - ETA: 2s - loss: 0.7075 - accuracy: 0.7636
25/98 [======>.......................] - ETA: 2s - loss: 0.7116 - accuracy: 0.7617
27/98 [=======>......................] - ETA: 2s - loss: 0.7106 - accuracy: 0.7613
30/98 [========>.....................] - ETA: 1s - loss: 0.7125 - accuracy: 0.7595
33/98 [=========>....................] - ETA: 1s - loss: 0.7132 - accuracy: 0.7603
35/98 [=========>....................] - ETA: 1s - loss: 0.7145 - accuracy: 0.7596
37/98 [==========>...................] - ETA: 1s - loss: 0.7175 - accuracy: 0.7581
40/98 [===========>..................] - ETA: 1s - loss: 0.7175 - accuracy: 0.7576
42/98 [===========>..................] - ETA: 1s - loss: 0.7172 - accuracy: 0.7579
45/98 [============>.................] - ETA: 1s - loss: 0.7194 - accuracy: 0.7560
47/98 [=============>................] - ETA: 1s - loss: 0.7187 - accuracy: 0.7561
50/98 [==============>...............] - ETA: 1s - loss: 0.7178 - accuracy: 0.7568
52/98 [==============>...............] - ETA: 1s - loss: 0.7180 - accuracy: 0.7561
55/98 [===============>..............] - ETA: 1s - loss: 0.7183 - accuracy: 0.7558
57/98 [================>.............] - ETA: 1s - loss: 0.7168 - accuracy: 0.7560
60/98 [=================>............] - ETA: 1s - loss: 0.7169 - accuracy: 0.7559
62/98 [=================>............] - ETA: 1s - loss: 0.7179 - accuracy: 0.7551
65/98 [==================>...........] - ETA: 0s - loss: 0.7154 - accuracy: 0.7559
67/98 [===================>..........] - ETA: 0s - loss: 0.7153 - accuracy: 0.7558
70/98 [====================>.........] - ETA: 0s - loss: 0.7148 - accuracy: 0.7563
72/98 [=====================>........] - ETA: 0s - loss: 0.7157 - accuracy: 0.7555
75/98 [=====================>........] - ETA: 0s - loss: 0.7155 - accuracy: 0.7552
77/98 [======================>.......] - ETA: 0s - loss: 0.7153 - accuracy: 0.7550
80/98 [=======================>......] - ETA: 0s - loss: 0.7159 - accuracy: 0.7545
82/98 [========================>.....] - ETA: 0s - loss: 0.7162 - accuracy: 0.7546
84/98 [========================>.....] - ETA: 0s - loss: 0.7165 - accuracy: 0.7545
86/98 [=========================>....] - ETA: 0s - loss: 0.7163 - accuracy: 0.7545
89/98 [==========================>...] - ETA: 0s - loss: 0.7162 - accuracy: 0.7544
91/98 [==========================>...] - ETA: 0s - loss: 0.7167 - accuracy: 0.7542
94/98 [===========================>..] - ETA: 0s - loss: 0.7158 - accuracy: 0.7540
96/98 [============================>.] - ETA: 0s - loss: 0.7161 - accuracy: 0.7544
98/98 [==============================] - 4s 36ms/step - loss: 0.7151 - accuracy: 0.7548 - val_loss: 1.1024 - val_accuracy: 0.6292
Epoch 10/218

 1/98 [..............................] - ETA: 4s - loss: 0.7046 - accuracy: 0.7363
 4/98 [>.............................] - ETA: 2s - loss: 0.6859 - accuracy: 0.7656
 6/98 [>.............................] - ETA: 2s - loss: 0.6725 - accuracy: 0.7715
 9/98 [=>............................] - ETA: 2s - loss: 0.6520 - accuracy: 0.7806
11/98 [==>...........................] - ETA: 2s - loss: 0.6543 - accuracy: 0.7772
14/98 [===>..........................] - ETA: 2s - loss: 0.6563 - accuracy: 0.7746
16/98 [===>..........................] - ETA: 2s - loss: 0.6656 - accuracy: 0.7721
19/98 [====>.........................] - ETA: 2s - loss: 0.6705 - accuracy: 0.7698
21/98 [=====>........................] - ETA: 2s - loss: 0.6672 - accuracy: 0.7707
23/98 [======>.......................] - ETA: 2s - loss: 0.6670 - accuracy: 0.7691
26/98 [======>.......................] - ETA: 2s - loss: 0.6664 - accuracy: 0.7697
28/98 [=======>......................] - ETA: 1s - loss: 0.6651 - accuracy: 0.7704
31/98 [========>.....................] - ETA: 1s - loss: 0.6671 - accuracy: 0.7693
33/98 [=========>....................] - ETA: 1s - loss: 0.6643 - accuracy: 0.7705
36/98 [==========>...................] - ETA: 1s - loss: 0.6684 - accuracy: 0.7689
38/98 [==========>...................] - ETA: 1s - loss: 0.6721 - accuracy: 0.7674
41/98 [===========>..................] - ETA: 1s - loss: 0.6734 - accuracy: 0.7678
44/98 [============>.................] - ETA: 1s - loss: 0.6724 - accuracy: 0.7682
46/98 [=============>................] - ETA: 1s - loss: 0.6718 - accuracy: 0.7685
49/98 [==============>...............] - ETA: 1s - loss: 0.6727 - accuracy: 0.7679
52/98 [==============>...............] - ETA: 1s - loss: 0.6736 - accuracy: 0.7673
54/98 [===============>..............] - ETA: 1s - loss: 0.6734 - accuracy: 0.7678
57/98 [================>.............] - ETA: 1s - loss: 0.6743 - accuracy: 0.7682
59/98 [=================>............] - ETA: 1s - loss: 0.6731 - accuracy: 0.7685
62/98 [=================>............] - ETA: 1s - loss: 0.6741 - accuracy: 0.7683
64/98 [==================>...........] - ETA: 0s - loss: 0.6762 - accuracy: 0.7675
67/98 [===================>..........] - ETA: 0s - loss: 0.6773 - accuracy: 0.7673
69/98 [====================>.........] - ETA: 0s - loss: 0.6790 - accuracy: 0.7663
72/98 [=====================>........] - ETA: 0s - loss: 0.6792 - accuracy: 0.7660
74/98 [=====================>........] - ETA: 0s - loss: 0.6783 - accuracy: 0.7663
76/98 [======================>.......] - ETA: 0s - loss: 0.6777 - accuracy: 0.7664
79/98 [=======================>......] - ETA: 0s - loss: 0.6777 - accuracy: 0.7663
82/98 [========================>.....] - ETA: 0s - loss: 0.6796 - accuracy: 0.7660
84/98 [========================>.....] - ETA: 0s - loss: 0.6809 - accuracy: 0.7652
86/98 [=========================>....] - ETA: 0s - loss: 0.6815 - accuracy: 0.7652
89/98 [==========================>...] - ETA: 0s - loss: 0.6820 - accuracy: 0.7647
91/98 [==========================>...] - ETA: 0s - loss: 0.6828 - accuracy: 0.7644
94/98 [===========================>..] - ETA: 0s - loss: 0.6845 - accuracy: 0.7638
96/98 [============================>.] - ETA: 0s - loss: 0.6861 - accuracy: 0.7633
98/98 [==============================] - 3s 35ms/step - loss: 0.6871 - accuracy: 0.7627 - val_loss: 0.9815 - val_accuracy: 0.6687
Epoch 11/218

 1/98 [..............................] - ETA: 4s - loss: 0.6441 - accuracy: 0.7852
 4/98 [>.............................] - ETA: 2s - loss: 0.6461 - accuracy: 0.7759
 6/98 [>.............................] - ETA: 2s - loss: 0.6444 - accuracy: 0.7747
 8/98 [=>............................] - ETA: 2s - loss: 0.6414 - accuracy: 0.7771
10/98 [==>...........................] - ETA: 2s - loss: 0.6378 - accuracy: 0.7771
12/98 [==>...........................] - ETA: 2s - loss: 0.6396 - accuracy: 0.7773
15/98 [===>..........................] - ETA: 2s - loss: 0.6446 - accuracy: 0.7754
17/98 [====>.........................] - ETA: 2s - loss: 0.6445 - accuracy: 0.7763
20/98 [=====>........................] - ETA: 2s - loss: 0.6428 - accuracy: 0.7779
22/98 [=====>........................] - ETA: 2s - loss: 0.6381 - accuracy: 0.7780
25/98 [======>.......................] - ETA: 2s - loss: 0.6420 - accuracy: 0.7773
27/98 [=======>......................] - ETA: 2s - loss: 0.6425 - accuracy: 0.7781
30/98 [========>.....................] - ETA: 1s - loss: 0.6445 - accuracy: 0.7762
32/98 [========>.....................] - ETA: 1s - loss: 0.6426 - accuracy: 0.7767
35/98 [=========>....................] - ETA: 1s - loss: 0.6450 - accuracy: 0.7768
37/98 [==========>...................] - ETA: 1s - loss: 0.6449 - accuracy: 0.7771
40/98 [===========>..................] - ETA: 1s - loss: 0.6438 - accuracy: 0.7769
42/98 [===========>..................] - ETA: 1s - loss: 0.6430 - accuracy: 0.7776
44/98 [============>.................] - ETA: 1s - loss: 0.6420 - accuracy: 0.7778
47/98 [=============>................] - ETA: 1s - loss: 0.6425 - accuracy: 0.7785
49/98 [==============>...............] - ETA: 1s - loss: 0.6410 - accuracy: 0.7792
52/98 [==============>...............] - ETA: 1s - loss: 0.6409 - accuracy: 0.7793
54/98 [===============>..............] - ETA: 1s - loss: 0.6436 - accuracy: 0.7787
57/98 [================>.............] - ETA: 1s - loss: 0.6454 - accuracy: 0.7784
