2024-06-21 18:41:16.605613: I tensorflow/core/platform/cpu_feature_guard.cc:193] This TensorFlow binary is optimized with oneAPI Deep Neural Network Library (oneDNN) to use the following CPU instructions in performance-critical operations:  AVX AVX2
To enable them in other operations, rebuild TensorFlow with the appropriate compiler flags.
2024-06-21 18:41:17.163845: I tensorflow/core/common_runtime/gpu/gpu_device.cc:1616] Created device /job:localhost/replica:0/task:0/device:GPU:0 with 6144 MB memory:  -> device: 0, name: NVIDIA GeForce RTX 4060 Ti, pci bus id: 0000:01:00.0, compute capability: 8.9
1 Physical GPUs, 1 Logical GPUs
Model: "sequential"
_________________________________________________________________
 Layer (type)                Output Shape              Param #   
=================================================================
 conv2d (Conv2D)             (None, 32, 32, 32)        896       
                                                                 
 max_pooling2d (MaxPooling2D  (None, 16, 16, 32)       0         
 )                                                               
                                                                 
 batch_normalization (BatchN  (None, 16, 16, 32)       128       
 ormalization)                                                   
                                                                 
 conv2d_1 (Conv2D)           (None, 16, 16, 64)        100416    
                                                                 
 max_pooling2d_1 (MaxPooling  (None, 8, 8, 64)         0         
 2D)                                                             
                                                                 
 batch_normalization_1 (Batc  (None, 8, 8, 64)         256       
 hNormalization)                                                 
                                                                 
 dropout (Dropout)           (None, 8, 8, 64)          0         
                                                                 
 flatten (Flatten)           (None, 4096)              0         
                                                                 
 dense (Dense)               (None, 42)                172074    
                                                                 
 dropout_1 (Dropout)         (None, 42)                0         
                                                                 
 dense_1 (Dense)             (None, 10)                430       
                                                                 
=================================================================
Total params: 274,200
Trainable params: 274,008
Non-trainable params: 192
_________________________________________________________________
Taxa de aprendizado:  0.001 Num de épocas:  218 Tamanho do lote:  512 Dropout:  0.27
Epoch 1/218
2024-06-21 18:41:18.543988: I tensorflow/stream_executor/cuda/cuda_dnn.cc:384] Loaded cuDNN version 8100
2024-06-21 18:41:19.365517: W tensorflow/stream_executor/gpu/redzone_allocator.cc:314] INTERNAL: ptxas exited with non-zero error code -1, output: 
Relying on driver to perform ptx compilation. 
Modify $PATH to customize ptxas location.
This message will be only logged once.
2024-06-21 18:41:20.261921: I tensorflow/stream_executor/cuda/cuda_blas.cc:1614] TensorFloat-32 will be used for the matrix multiplication. This will only be logged once.

 1/98 [..............................] - ETA: 5:24 - loss: 2.7077 - accuracy: 0.1113
 4/98 [>.............................] - ETA: 2s - loss: 2.4400 - accuracy: 0.1670  
 7/98 [=>............................] - ETA: 2s - loss: 2.2855 - accuracy: 0.2123
10/98 [==>...........................] - ETA: 2s - loss: 2.2101 - accuracy: 0.2373
12/98 [==>...........................] - ETA: 2s - loss: 2.1790 - accuracy: 0.2484
15/98 [===>..........................] - ETA: 2s - loss: 2.1179 - accuracy: 0.2634
17/98 [====>.........................] - ETA: 2s - loss: 2.0852 - accuracy: 0.2734
20/98 [=====>........................] - ETA: 2s - loss: 2.0450 - accuracy: 0.2830
23/98 [======>.......................] - ETA: 1s - loss: 2.0102 - accuracy: 0.2962
26/98 [======>.......................] - ETA: 1s - loss: 1.9828 - accuracy: 0.3047
29/98 [=======>......................] - ETA: 1s - loss: 1.9611 - accuracy: 0.3145
32/98 [========>.....................] - ETA: 1s - loss: 1.9423 - accuracy: 0.3216
35/98 [=========>....................] - ETA: 1s - loss: 1.9208 - accuracy: 0.3296
38/98 [==========>...................] - ETA: 1s - loss: 1.9011 - accuracy: 0.3379
41/98 [===========>..................] - ETA: 1s - loss: 1.8827 - accuracy: 0.3435
43/98 [============>.................] - ETA: 1s - loss: 1.8672 - accuracy: 0.3489
46/98 [=============>................] - ETA: 1s - loss: 1.8526 - accuracy: 0.3542
48/98 [=============>................] - ETA: 1s - loss: 1.8426 - accuracy: 0.3570
51/98 [==============>...............] - ETA: 1s - loss: 1.8320 - accuracy: 0.3606
54/98 [===============>..............] - ETA: 1s - loss: 1.8210 - accuracy: 0.3636
57/98 [================>.............] - ETA: 1s - loss: 1.8060 - accuracy: 0.3684
60/98 [=================>............] - ETA: 0s - loss: 1.7954 - accuracy: 0.3722
63/98 [==================>...........] - ETA: 0s - loss: 1.7817 - accuracy: 0.3772
65/98 [==================>...........] - ETA: 0s - loss: 1.7744 - accuracy: 0.3798
68/98 [===================>..........] - ETA: 0s - loss: 1.7627 - accuracy: 0.3835
71/98 [====================>.........] - ETA: 0s - loss: 1.7536 - accuracy: 0.3867
74/98 [=====================>........] - ETA: 0s - loss: 1.7435 - accuracy: 0.3902
77/98 [======================>.......] - ETA: 0s - loss: 1.7338 - accuracy: 0.3934
79/98 [=======================>......] - ETA: 0s - loss: 1.7300 - accuracy: 0.3949
82/98 [========================>.....] - ETA: 0s - loss: 1.7207 - accuracy: 0.3976
85/98 [=========================>....] - ETA: 0s - loss: 1.7134 - accuracy: 0.4000
88/98 [=========================>....] - ETA: 0s - loss: 1.7057 - accuracy: 0.4032
91/98 [==========================>...] - ETA: 0s - loss: 1.6987 - accuracy: 0.4059
94/98 [===========================>..] - ETA: 0s - loss: 1.6908 - accuracy: 0.4086
97/98 [============================>.] - ETA: 0s - loss: 1.6825 - accuracy: 0.4112
98/98 [==============================] - 7s 41ms/step - loss: 1.6807 - accuracy: 0.4117 - val_loss: 3.4819 - val_accuracy: 0.1000
Epoch 2/218

 1/98 [..............................] - ETA: 4s - loss: 1.4723 - accuracy: 0.4727
 4/98 [>.............................] - ETA: 2s - loss: 1.4011 - accuracy: 0.4932
 7/98 [=>............................] - ETA: 2s - loss: 1.3846 - accuracy: 0.5025
10/98 [==>...........................] - ETA: 2s - loss: 1.3662 - accuracy: 0.5123
13/98 [==>...........................] - ETA: 2s - loss: 1.3611 - accuracy: 0.5165
16/98 [===>..........................] - ETA: 2s - loss: 1.3620 - accuracy: 0.5177
19/98 [====>.........................] - ETA: 2s - loss: 1.3597 - accuracy: 0.5192
22/98 [=====>........................] - ETA: 1s - loss: 1.3642 - accuracy: 0.5205
25/98 [======>.......................] - ETA: 1s - loss: 1.3645 - accuracy: 0.5180
27/98 [=======>......................] - ETA: 1s - loss: 1.3641 - accuracy: 0.5173
30/98 [========>.....................] - ETA: 1s - loss: 1.3584 - accuracy: 0.5202
32/98 [========>.....................] - ETA: 1s - loss: 1.3565 - accuracy: 0.5208
35/98 [=========>....................] - ETA: 1s - loss: 1.3523 - accuracy: 0.5233
38/98 [==========>...................] - ETA: 1s - loss: 1.3507 - accuracy: 0.5237
41/98 [===========>..................] - ETA: 1s - loss: 1.3493 - accuracy: 0.5234
43/98 [============>.................] - ETA: 1s - loss: 1.3470 - accuracy: 0.5243
45/98 [============>.................] - ETA: 1s - loss: 1.3442 - accuracy: 0.5250
48/98 [=============>................] - ETA: 1s - loss: 1.3415 - accuracy: 0.5262
51/98 [==============>...............] - ETA: 1s - loss: 1.3428 - accuracy: 0.5259
54/98 [===============>..............] - ETA: 1s - loss: 1.3404 - accuracy: 0.5272
57/98 [================>.............] - ETA: 1s - loss: 1.3389 - accuracy: 0.5277
60/98 [=================>............] - ETA: 0s - loss: 1.3345 - accuracy: 0.5295
63/98 [==================>...........] - ETA: 0s - loss: 1.3298 - accuracy: 0.5306
66/98 [===================>..........] - ETA: 0s - loss: 1.3272 - accuracy: 0.5319
69/98 [====================>.........] - ETA: 0s - loss: 1.3241 - accuracy: 0.5331
71/98 [====================>.........] - ETA: 0s - loss: 1.3229 - accuracy: 0.5337
74/98 [=====================>........] - ETA: 0s - loss: 1.3195 - accuracy: 0.5356
77/98 [======================>.......] - ETA: 0s - loss: 1.3175 - accuracy: 0.5363
80/98 [=======================>......] - ETA: 0s - loss: 1.3142 - accuracy: 0.5372
83/98 [========================>.....] - ETA: 0s - loss: 1.3105 - accuracy: 0.5386
86/98 [=========================>....] - ETA: 0s - loss: 1.3063 - accuracy: 0.5402
89/98 [==========================>...] - ETA: 0s - loss: 1.3046 - accuracy: 0.5409
92/98 [===========================>..] - ETA: 0s - loss: 1.3032 - accuracy: 0.5419
95/98 [============================>.] - ETA: 0s - loss: 1.2988 - accuracy: 0.5435
97/98 [============================>.] - ETA: 0s - loss: 1.2964 - accuracy: 0.5438
98/98 [==============================] - 3s 33ms/step - loss: 1.2947 - accuracy: 0.5444 - val_loss: 4.1699 - val_accuracy: 0.1000
Epoch 3/218

 1/98 [..............................] - ETA: 3s - loss: 1.1845 - accuracy: 0.6016
 3/98 [..............................] - ETA: 2s - loss: 1.1427 - accuracy: 0.6068
 6/98 [>.............................] - ETA: 2s - loss: 1.1480 - accuracy: 0.6058
 9/98 [=>............................] - ETA: 2s - loss: 1.1683 - accuracy: 0.5948
12/98 [==>...........................] - ETA: 2s - loss: 1.1626 - accuracy: 0.5957
15/98 [===>..........................] - ETA: 2s - loss: 1.1680 - accuracy: 0.5938
18/98 [====>.........................] - ETA: 2s - loss: 1.1636 - accuracy: 0.5927
20/98 [=====>........................] - ETA: 2s - loss: 1.1618 - accuracy: 0.5938
22/98 [=====>........................] - ETA: 2s - loss: 1.1590 - accuracy: 0.5959
25/98 [======>.......................] - ETA: 1s - loss: 1.1580 - accuracy: 0.5950
27/98 [=======>......................] - ETA: 1s - loss: 1.1538 - accuracy: 0.5962
30/98 [========>.....................] - ETA: 1s - loss: 1.1579 - accuracy: 0.5944
33/98 [=========>....................] - ETA: 1s - loss: 1.1573 - accuracy: 0.5959
36/98 [==========>...................] - ETA: 1s - loss: 1.1554 - accuracy: 0.5951
39/98 [==========>...................] - ETA: 1s - loss: 1.1578 - accuracy: 0.5957
42/98 [===========>..................] - ETA: 1s - loss: 1.1548 - accuracy: 0.5985
44/98 [============>.................] - ETA: 1s - loss: 1.1520 - accuracy: 0.6000
47/98 [=============>................] - ETA: 1s - loss: 1.1514 - accuracy: 0.6008
50/98 [==============>...............] - ETA: 1s - loss: 1.1509 - accuracy: 0.6007
53/98 [===============>..............] - ETA: 1s - loss: 1.1498 - accuracy: 0.6010
56/98 [================>.............] - ETA: 1s - loss: 1.1470 - accuracy: 0.6015
59/98 [=================>............] - ETA: 1s - loss: 1.1453 - accuracy: 0.6018
62/98 [=================>............] - ETA: 0s - loss: 1.1415 - accuracy: 0.6035
65/98 [==================>...........] - ETA: 0s - loss: 1.1397 - accuracy: 0.6041
68/98 [===================>..........] - ETA: 0s - loss: 1.1393 - accuracy: 0.6049
71/98 [====================>.........] - ETA: 0s - loss: 1.1366 - accuracy: 0.6053
73/98 [=====================>........] - ETA: 0s - loss: 1.1361 - accuracy: 0.6055
76/98 [======================>.......] - ETA: 0s - loss: 1.1340 - accuracy: 0.6059
79/98 [=======================>......] - ETA: 0s - loss: 1.1324 - accuracy: 0.6070
82/98 [========================>.....] - ETA: 0s - loss: 1.1306 - accuracy: 0.6073
85/98 [=========================>....] - ETA: 0s - loss: 1.1298 - accuracy: 0.6076
88/98 [=========================>....] - ETA: 0s - loss: 1.1258 - accuracy: 0.6091
91/98 [==========================>...] - ETA: 0s - loss: 1.1261 - accuracy: 0.6093
94/98 [===========================>..] - ETA: 0s - loss: 1.1260 - accuracy: 0.6094
97/98 [============================>.] - ETA: 0s - loss: 1.1249 - accuracy: 0.6100
98/98 [==============================] - 3s 33ms/step - loss: 1.1248 - accuracy: 0.6099 - val_loss: 4.5579 - val_accuracy: 0.1000
Epoch 4/218

 1/98 [..............................] - ETA: 4s - loss: 1.0190 - accuracy: 0.6504
 4/98 [>.............................] - ETA: 2s - loss: 1.0855 - accuracy: 0.6191
 6/98 [>.............................] - ETA: 2s - loss: 1.0646 - accuracy: 0.6286
 9/98 [=>............................] - ETA: 2s - loss: 1.0529 - accuracy: 0.6339
12/98 [==>...........................] - ETA: 2s - loss: 1.0487 - accuracy: 0.6356
15/98 [===>..........................] - ETA: 2s - loss: 1.0387 - accuracy: 0.6387
18/98 [====>.........................] - ETA: 2s - loss: 1.0416 - accuracy: 0.6380
21/98 [=====>........................] - ETA: 1s - loss: 1.0313 - accuracy: 0.6427
24/98 [======>.......................] - ETA: 1s - loss: 1.0306 - accuracy: 0.6430
27/98 [=======>......................] - ETA: 1s - loss: 1.0320 - accuracy: 0.6435
29/98 [=======>......................] - ETA: 1s - loss: 1.0314 - accuracy: 0.6437
32/98 [========>.....................] - ETA: 1s - loss: 1.0332 - accuracy: 0.6436
35/98 [=========>....................] - ETA: 1s - loss: 1.0283 - accuracy: 0.6456
38/98 [==========>...................] - ETA: 1s - loss: 1.0269 - accuracy: 0.6460
41/98 [===========>..................] - ETA: 1s - loss: 1.0257 - accuracy: 0.6471
44/98 [============>.................] - ETA: 1s - loss: 1.0241 - accuracy: 0.6477
47/98 [=============>................] - ETA: 1s - loss: 1.0229 - accuracy: 0.6479
50/98 [==============>...............] - ETA: 1s - loss: 1.0187 - accuracy: 0.6488
52/98 [==============>...............] - ETA: 1s - loss: 1.0182 - accuracy: 0.6490
55/98 [===============>..............] - ETA: 1s - loss: 1.0181 - accuracy: 0.6489
58/98 [================>.............] - ETA: 1s - loss: 1.0206 - accuracy: 0.6481
61/98 [=================>............] - ETA: 0s - loss: 1.0203 - accuracy: 0.6479
64/98 [==================>...........] - ETA: 0s - loss: 1.0205 - accuracy: 0.6475
67/98 [===================>..........] - ETA: 0s - loss: 1.0212 - accuracy: 0.6473
69/98 [====================>.........] - ETA: 0s - loss: 1.0204 - accuracy: 0.6474
72/98 [=====================>........] - ETA: 0s - loss: 1.0192 - accuracy: 0.6475
74/98 [=====================>........] - ETA: 0s - loss: 1.0189 - accuracy: 0.6476
77/98 [======================>.......] - ETA: 0s - loss: 1.0178 - accuracy: 0.6482
80/98 [=======================>......] - ETA: 0s - loss: 1.0156 - accuracy: 0.6484
83/98 [========================>.....] - ETA: 0s - loss: 1.0138 - accuracy: 0.6492
85/98 [=========================>....] - ETA: 0s - loss: 1.0150 - accuracy: 0.6487
88/98 [=========================>....] - ETA: 0s - loss: 1.0129 - accuracy: 0.6493
90/98 [==========================>...] - ETA: 0s - loss: 1.0117 - accuracy: 0.6501
93/98 [===========================>..] - ETA: 0s - loss: 1.0093 - accuracy: 0.6508
95/98 [============================>.] - ETA: 0s - loss: 1.0082 - accuracy: 0.6512
98/98 [==============================] - ETA: 0s - loss: 1.0071 - accuracy: 0.6516
98/98 [==============================] - 3s 32ms/step - loss: 1.0071 - accuracy: 0.6516 - val_loss: 4.5688 - val_accuracy: 0.1001
Epoch 5/218

 1/98 [..............................] - ETA: 4s - loss: 0.9810 - accuracy: 0.6699
 3/98 [..............................] - ETA: 2s - loss: 0.9150 - accuracy: 0.6908
 6/98 [>.............................] - ETA: 2s - loss: 0.9291 - accuracy: 0.6816
 9/98 [=>............................] - ETA: 2s - loss: 0.9211 - accuracy: 0.6825
12/98 [==>...........................] - ETA: 2s - loss: 0.9160 - accuracy: 0.6831
14/98 [===>..........................] - ETA: 2s - loss: 0.9232 - accuracy: 0.6804
17/98 [====>.........................] - ETA: 2s - loss: 0.9319 - accuracy: 0.6764
20/98 [=====>........................] - ETA: 2s - loss: 0.9242 - accuracy: 0.6788
23/98 [======>.......................] - ETA: 1s - loss: 0.9277 - accuracy: 0.6784
26/98 [======>.......................] - ETA: 1s - loss: 0.9246 - accuracy: 0.6798
29/98 [=======>......................] - ETA: 1s - loss: 0.9276 - accuracy: 0.6777
32/98 [========>.....................] - ETA: 1s - loss: 0.9344 - accuracy: 0.6769
35/98 [=========>....................] - ETA: 1s - loss: 0.9329 - accuracy: 0.6773
37/98 [==========>...................] - ETA: 1s - loss: 0.9358 - accuracy: 0.6763
39/98 [==========>...................] - ETA: 1s - loss: 0.9360 - accuracy: 0.6764
42/98 [===========>..................] - ETA: 1s - loss: 0.9338 - accuracy: 0.6771
45/98 [============>.................] - ETA: 1s - loss: 0.9358 - accuracy: 0.6773
48/98 [=============>................] - ETA: 1s - loss: 0.9336 - accuracy: 0.6780
51/98 [==============>...............] - ETA: 1s - loss: 0.9337 - accuracy: 0.6782
53/98 [===============>..............] - ETA: 1s - loss: 0.9343 - accuracy: 0.6776
56/98 [================>.............] - ETA: 1s - loss: 0.9337 - accuracy: 0.6775
58/98 [================>.............] - ETA: 1s - loss: 0.9321 - accuracy: 0.6778
61/98 [=================>............] - ETA: 0s - loss: 0.9330 - accuracy: 0.6778
64/98 [==================>...........] - ETA: 0s - loss: 0.9319 - accuracy: 0.6781
67/98 [===================>..........] - ETA: 0s - loss: 0.9316 - accuracy: 0.6786
70/98 [====================>.........] - ETA: 0s - loss: 0.9331 - accuracy: 0.6782
73/98 [=====================>........] - ETA: 0s - loss: 0.9336 - accuracy: 0.6783
76/98 [======================>.......] - ETA: 0s - loss: 0.9357 - accuracy: 0.6775
78/98 [======================>.......] - ETA: 0s - loss: 0.9347 - accuracy: 0.6780
81/98 [=======================>......] - ETA: 0s - loss: 0.9342 - accuracy: 0.6782
84/98 [========================>.....] - ETA: 0s - loss: 0.9335 - accuracy: 0.6785
87/98 [=========================>....] - ETA: 0s - loss: 0.9335 - accuracy: 0.6784
90/98 [==========================>...] - ETA: 0s - loss: 0.9335 - accuracy: 0.6780
93/98 [===========================>..] - ETA: 0s - loss: 0.9325 - accuracy: 0.6785
95/98 [============================>.] - ETA: 0s - loss: 0.9329 - accuracy: 0.6784
98/98 [==============================] - ETA: 0s - loss: 0.9327 - accuracy: 0.6788
98/98 [==============================] - 3s 33ms/step - loss: 0.9327 - accuracy: 0.6788 - val_loss: 2.6717 - val_accuracy: 0.2099
Epoch 6/218

 1/98 [..............................] - ETA: 4s - loss: 0.8437 - accuracy: 0.7129
 3/98 [..............................] - ETA: 2s - loss: 0.8384 - accuracy: 0.7246
 6/98 [>.............................] - ETA: 2s - loss: 0.8503 - accuracy: 0.7139
 9/98 [=>............................] - ETA: 2s - loss: 0.8540 - accuracy: 0.7092
12/98 [==>...........................] - ETA: 2s - loss: 0.8596 - accuracy: 0.7062
15/98 [===>..........................] - ETA: 2s - loss: 0.8618 - accuracy: 0.7048
18/98 [====>.........................] - ETA: 2s - loss: 0.8630 - accuracy: 0.7057
21/98 [=====>........................] - ETA: 2s - loss: 0.8663 - accuracy: 0.7044
24/98 [======>.......................] - ETA: 1s - loss: 0.8599 - accuracy: 0.7060
27/98 [=======>......................] - ETA: 1s - loss: 0.8625 - accuracy: 0.7042
30/98 [========>.....................] - ETA: 1s - loss: 0.8592 - accuracy: 0.7050
33/98 [=========>....................] - ETA: 1s - loss: 0.8553 - accuracy: 0.7066
36/98 [==========>...................] - ETA: 1s - loss: 0.8545 - accuracy: 0.7065
39/98 [==========>...................] - ETA: 1s - loss: 0.8571 - accuracy: 0.7056
42/98 [===========>..................] - ETA: 1s - loss: 0.8566 - accuracy: 0.7055
45/98 [============>.................] - ETA: 1s - loss: 0.8555 - accuracy: 0.7066
48/98 [=============>................] - ETA: 1s - loss: 0.8537 - accuracy: 0.7071
51/98 [==============>...............] - ETA: 1s - loss: 0.8542 - accuracy: 0.7073
54/98 [===============>..............] - ETA: 1s - loss: 0.8532 - accuracy: 0.7077
57/98 [================>.............] - ETA: 1s - loss: 0.8574 - accuracy: 0.7058
60/98 [=================>............] - ETA: 0s - loss: 0.8578 - accuracy: 0.7058
63/98 [==================>...........] - ETA: 0s - loss: 0.8587 - accuracy: 0.7057
65/98 [==================>...........] - ETA: 0s - loss: 0.8572 - accuracy: 0.7058
68/98 [===================>..........] - ETA: 0s - loss: 0.8572 - accuracy: 0.7053
70/98 [====================>.........] - ETA: 0s - loss: 0.8579 - accuracy: 0.7049
73/98 [=====================>........] - ETA: 0s - loss: 0.8579 - accuracy: 0.7041
76/98 [======================>.......] - ETA: 0s - loss: 0.8586 - accuracy: 0.7040
79/98 [=======================>......] - ETA: 0s - loss: 0.8599 - accuracy: 0.7041
81/98 [=======================>......] - ETA: 0s - loss: 0.8606 - accuracy: 0.7036
84/98 [========================>.....] - ETA: 0s - loss: 0.8610 - accuracy: 0.7035
87/98 [=========================>....] - ETA: 0s - loss: 0.8609 - accuracy: 0.7035
90/98 [==========================>...] - ETA: 0s - loss: 0.8611 - accuracy: 0.7035
93/98 [===========================>..] - ETA: 0s - loss: 0.8620 - accuracy: 0.7031
96/98 [============================>.] - ETA: 0s - loss: 0.8619 - accuracy: 0.7031
98/98 [==============================] - 3s 33ms/step - loss: 0.8627 - accuracy: 0.7027 - val_loss: 1.8050 - val_accuracy: 0.3968
Epoch 7/218

 1/98 [..............................] - ETA: 4s - loss: 0.8347 - accuracy: 0.7246
 4/98 [>.............................] - ETA: 2s - loss: 0.7867 - accuracy: 0.7280
 7/98 [=>............................] - ETA: 2s - loss: 0.8009 - accuracy: 0.7252
 9/98 [=>............................] - ETA: 2s - loss: 0.7968 - accuracy: 0.7246
12/98 [==>...........................] - ETA: 2s - loss: 0.7894 - accuracy: 0.7277
15/98 [===>..........................] - ETA: 2s - loss: 0.7934 - accuracy: 0.7262
17/98 [====>.........................] - ETA: 2s - loss: 0.8003 - accuracy: 0.7255
20/98 [=====>........................] - ETA: 1s - loss: 0.8026 - accuracy: 0.7247
22/98 [=====>........................] - ETA: 1s - loss: 0.8032 - accuracy: 0.7233
25/98 [======>.......................] - ETA: 1s - loss: 0.8061 - accuracy: 0.7215
28/98 [=======>......................] - ETA: 1s - loss: 0.8101 - accuracy: 0.7202
31/98 [========>.....................] - ETA: 1s - loss: 0.8107 - accuracy: 0.7198
34/98 [=========>....................] - ETA: 1s - loss: 0.8071 - accuracy: 0.7207
37/98 [==========>...................] - ETA: 1s - loss: 0.8096 - accuracy: 0.7188
40/98 [===========>..................] - ETA: 1s - loss: 0.8117 - accuracy: 0.7176
43/98 [============>.................] - ETA: 1s - loss: 0.8098 - accuracy: 0.7184
46/98 [=============>................] - ETA: 1s - loss: 0.8117 - accuracy: 0.7182
49/98 [==============>...............] - ETA: 1s - loss: 0.8086 - accuracy: 0.7185
51/98 [==============>...............] - ETA: 1s - loss: 0.8074 - accuracy: 0.7189
54/98 [===============>..............] - ETA: 1s - loss: 0.8087 - accuracy: 0.7184
57/98 [================>.............] - ETA: 1s - loss: 0.8093 - accuracy: 0.7182
60/98 [=================>............] - ETA: 0s - loss: 0.8101 - accuracy: 0.7184
63/98 [==================>...........] - ETA: 0s - loss: 0.8105 - accuracy: 0.7182
66/98 [===================>..........] - ETA: 0s - loss: 0.8114 - accuracy: 0.7177
69/98 [====================>.........] - ETA: 0s - loss: 0.8112 - accuracy: 0.7177
72/98 [=====================>........] - ETA: 0s - loss: 0.8124 - accuracy: 0.7173
75/98 [=====================>........] - ETA: 0s - loss: 0.8145 - accuracy: 0.7171
77/98 [======================>.......] - ETA: 0s - loss: 0.8161 - accuracy: 0.7167
79/98 [=======================>......] - ETA: 0s - loss: 0.8173 - accuracy: 0.7160
82/98 [========================>.....] - ETA: 0s - loss: 0.8183 - accuracy: 0.7161
85/98 [=========================>....] - ETA: 0s - loss: 0.8178 - accuracy: 0.7159
88/98 [=========================>....] - ETA: 0s - loss: 0.8191 - accuracy: 0.7157
91/98 [==========================>...] - ETA: 0s - loss: 0.8208 - accuracy: 0.7152
94/98 [===========================>..] - ETA: 0s - loss: 0.8211 - accuracy: 0.7153
97/98 [============================>.] - ETA: 0s - loss: 0.8184 - accuracy: 0.7164
98/98 [==============================] - 3s 33ms/step - loss: 0.8189 - accuracy: 0.7163 - val_loss: 0.9362 - val_accuracy: 0.6772
Epoch 8/218

 1/98 [..............................] - ETA: 4s - loss: 0.7350 - accuracy: 0.7461
 3/98 [..............................] - ETA: 2s - loss: 0.7604 - accuracy: 0.7376
 6/98 [>.............................] - ETA: 2s - loss: 0.7852 - accuracy: 0.7272
 9/98 [=>............................] - ETA: 2s - loss: 0.7918 - accuracy: 0.7240
12/98 [==>...........................] - ETA: 2s - loss: 0.7861 - accuracy: 0.7254
15/98 [===>..........................] - ETA: 2s - loss: 0.7820 - accuracy: 0.7271
18/98 [====>.........................] - ETA: 2s - loss: 0.7784 - accuracy: 0.7292
21/98 [=====>........................] - ETA: 1s - loss: 0.7800 - accuracy: 0.7283
24/98 [======>.......................] - ETA: 1s - loss: 0.7787 - accuracy: 0.7289
27/98 [=======>......................] - ETA: 1s - loss: 0.7786 - accuracy: 0.7289
30/98 [========>.....................] - ETA: 1s - loss: 0.7811 - accuracy: 0.7281
33/98 [=========>....................] - ETA: 1s - loss: 0.7833 - accuracy: 0.7263
35/98 [=========>....................] - ETA: 1s - loss: 0.7816 - accuracy: 0.7271
38/98 [==========>...................] - ETA: 1s - loss: 0.7835 - accuracy: 0.7269
41/98 [===========>..................] - ETA: 1s - loss: 0.7835 - accuracy: 0.7271
44/98 [============>.................] - ETA: 1s - loss: 0.7861 - accuracy: 0.7260
47/98 [=============>................] - ETA: 1s - loss: 0.7874 - accuracy: 0.7257
50/98 [==============>...............] - ETA: 1s - loss: 0.7878 - accuracy: 0.7257
53/98 [===============>..............] - ETA: 1s - loss: 0.7889 - accuracy: 0.7263
56/98 [================>.............] - ETA: 1s - loss: 0.7874 - accuracy: 0.7263
59/98 [=================>............] - ETA: 1s - loss: 0.7852 - accuracy: 0.7267
62/98 [=================>............] - ETA: 0s - loss: 0.7862 - accuracy: 0.7261
65/98 [==================>...........] - ETA: 0s - loss: 0.7847 - accuracy: 0.7272
68/98 [===================>..........] - ETA: 0s - loss: 0.7828 - accuracy: 0.7276
71/98 [====================>.........] - ETA: 0s - loss: 0.7827 - accuracy: 0.7279
74/98 [=====================>........] - ETA: 0s - loss: 0.7809 - accuracy: 0.7288
77/98 [======================>.......] - ETA: 0s - loss: 0.7798 - accuracy: 0.7296
80/98 [=======================>......] - ETA: 0s - loss: 0.7802 - accuracy: 0.7300
83/98 [========================>.....] - ETA: 0s - loss: 0.7792 - accuracy: 0.7305
86/98 [=========================>....] - ETA: 0s - loss: 0.7784 - accuracy: 0.7308
89/98 [==========================>...] - ETA: 0s - loss: 0.7790 - accuracy: 0.7307
92/98 [===========================>..] - ETA: 0s - loss: 0.7787 - accuracy: 0.7312
95/98 [============================>.] - ETA: 0s - loss: 0.7799 - accuracy: 0.7310
98/98 [==============================] - ETA: 0s - loss: 0.7794 - accuracy: 0.7311
98/98 [==============================] - 3s 33ms/step - loss: 0.7794 - accuracy: 0.7311 - val_loss: 0.8876 - val_accuracy: 0.7000
Epoch 9/218

 1/98 [..............................] - ETA: 5s - loss: 0.7162 - accuracy: 0.7637
 4/98 [>.............................] - ETA: 2s - loss: 0.6927 - accuracy: 0.7632
 7/98 [=>............................] - ETA: 2s - loss: 0.7039 - accuracy: 0.7603
10/98 [==>...........................] - ETA: 2s - loss: 0.7045 - accuracy: 0.7564
13/98 [==>...........................] - ETA: 2s - loss: 0.7121 - accuracy: 0.7590
16/98 [===>..........................] - ETA: 2s - loss: 0.7101 - accuracy: 0.7601
19/98 [====>.........................] - ETA: 2s - loss: 0.7110 - accuracy: 0.7593
22/98 [=====>........................] - ETA: 1s - loss: 0.7100 - accuracy: 0.7600
25/98 [======>.......................] - ETA: 1s - loss: 0.7117 - accuracy: 0.7583
28/98 [=======>......................] - ETA: 1s - loss: 0.7118 - accuracy: 0.7575
31/98 [========>.....................] - ETA: 1s - loss: 0.7194 - accuracy: 0.7549
34/98 [=========>....................] - ETA: 1s - loss: 0.7204 - accuracy: 0.7549
37/98 [==========>...................] - ETA: 1s - loss: 0.7196 - accuracy: 0.7552
39/98 [==========>...................] - ETA: 1s - loss: 0.7184 - accuracy: 0.7557
42/98 [===========>..................] - ETA: 1s - loss: 0.7165 - accuracy: 0.7561
45/98 [============>.................] - ETA: 1s - loss: 0.7154 - accuracy: 0.7566
48/98 [=============>................] - ETA: 1s - loss: 0.7190 - accuracy: 0.7550
51/98 [==============>...............] - ETA: 1s - loss: 0.7208 - accuracy: 0.7546
54/98 [===============>..............] - ETA: 1s - loss: 0.7229 - accuracy: 0.7532
57/98 [================>.............] - ETA: 1s - loss: 0.7247 - accuracy: 0.7523
60/98 [=================>............] - ETA: 0s - loss: 0.7253 - accuracy: 0.7526
62/98 [=================>............] - ETA: 0s - loss: 0.7257 - accuracy: 0.7523
65/98 [==================>...........] - ETA: 0s - loss: 0.7257 - accuracy: 0.7519
68/98 [===================>..........] - ETA: 0s - loss: 0.7260 - accuracy: 0.7518
71/98 [====================>.........] - ETA: 0s - loss: 0.7257 - accuracy: 0.7512
73/98 [=====================>........] - ETA: 0s - loss: 0.7267 - accuracy: 0.7510
76/98 [======================>.......] - ETA: 0s - loss: 0.7277 - accuracy: 0.7501
78/98 [======================>.......] - ETA: 0s - loss: 0.7284 - accuracy: 0.7496
81/98 [=======================>......] - ETA: 0s - loss: 0.7276 - accuracy: 0.7499
84/98 [========================>.....] - ETA: 0s - loss: 0.7290 - accuracy: 0.7492
87/98 [=========================>....] - ETA: 0s - loss: 0.7293 - accuracy: 0.7483
90/98 [==========================>...] - ETA: 0s - loss: 0.7294 - accuracy: 0.7484
93/98 [===========================>..] - ETA: 0s - loss: 0.7300 - accuracy: 0.7483
96/98 [============================>.] - ETA: 0s - loss: 0.7300 - accuracy: 0.7483
98/98 [==============================] - 3s 32ms/step - loss: 0.7316 - accuracy: 0.7476 - val_loss: 0.9019 - val_accuracy: 0.6925
Epoch 10/218

 1/98 [..............................] - ETA: 3s - loss: 0.6594 - accuracy: 0.7598
 3/98 [..............................] - ETA: 2s - loss: 0.6521 - accuracy: 0.7741
 6/98 [>.............................] - ETA: 2s - loss: 0.6556 - accuracy: 0.7776
 8/98 [=>............................] - ETA: 2s - loss: 0.6623 - accuracy: 0.7717
11/98 [==>...........................] - ETA: 2s - loss: 0.6670 - accuracy: 0.7711
14/98 [===>..........................] - ETA: 2s - loss: 0.6826 - accuracy: 0.7637
17/98 [====>.........................] - ETA: 2s - loss: 0.6771 - accuracy: 0.7645
20/98 [=====>........................] - ETA: 2s - loss: 0.6843 - accuracy: 0.7626
23/98 [======>.......................] - ETA: 1s - loss: 0.6841 - accuracy: 0.7637
26/98 [======>.......................] - ETA: 1s - loss: 0.6883 - accuracy: 0.7623
29/98 [=======>......................] - ETA: 1s - loss: 0.6924 - accuracy: 0.7600
32/98 [========>.....................] - ETA: 1s - loss: 0.6930 - accuracy: 0.7596
35/98 [=========>....................] - ETA: 1s - loss: 0.6900 - accuracy: 0.7612
38/98 [==========>...................] - ETA: 1s - loss: 0.6857 - accuracy: 0.7629
41/98 [===========>..................] - ETA: 1s - loss: 0.6878 - accuracy: 0.7625
44/98 [============>.................] - ETA: 1s - loss: 0.6869 - accuracy: 0.7633
47/98 [=============>................] - ETA: 1s - loss: 0.6891 - accuracy: 0.7630
50/98 [==============>...............] - ETA: 1s - loss: 0.6915 - accuracy: 0.7622
53/98 [===============>..............] - ETA: 1s - loss: 0.6918 - accuracy: 0.7618
56/98 [================>.............] - ETA: 1s - loss: 0.6909 - accuracy: 0.7618
59/98 [=================>............] - ETA: 1s - loss: 0.6946 - accuracy: 0.7605
61/98 [=================>............] - ETA: 0s - loss: 0.6952 - accuracy: 0.7603
64/98 [==================>...........] - ETA: 0s - loss: 0.6947 - accuracy: 0.7600
67/98 [===================>..........] - ETA: 0s - loss: 0.6952 - accuracy: 0.7601
70/98 [====================>.........] - ETA: 0s - loss: 0.6940 - accuracy: 0.7606
73/98 [=====================>........] - ETA: 0s - loss: 0.6940 - accuracy: 0.7605
76/98 [======================>.......] - ETA: 0s - loss: 0.6932 - accuracy: 0.7606
79/98 [=======================>......] - ETA: 0s - loss: 0.6928 - accuracy: 0.7603
82/98 [========================>.....] - ETA: 0s - loss: 0.6943 - accuracy: 0.7597
85/98 [=========================>....] - ETA: 0s - loss: 0.6948 - accuracy: 0.7594
88/98 [=========================>....] - ETA: 0s - loss: 0.6957 - accuracy: 0.7589
91/98 [==========================>...] - ETA: 0s - loss: 0.6968 - accuracy: 0.7587
94/98 [===========================>..] - ETA: 0s - loss: 0.6984 - accuracy: 0.7584
97/98 [============================>.] - ETA: 0s - loss: 0.6999 - accuracy: 0.7578
98/98 [==============================] - 3s 33ms/step - loss: 0.7009 - accuracy: 0.7576 - val_loss: 0.8919 - val_accuracy: 0.6929
Epoch 11/218

 1/98 [..............................] - ETA: 5s - loss: 0.7738 - accuracy: 0.7305
 4/98 [>.............................] - ETA: 2s - loss: 0.7395 - accuracy: 0.7412
 7/98 [=>............................] - ETA: 2s - loss: 0.7009 - accuracy: 0.7567
10/98 [==>...........................] - ETA: 2s - loss: 0.6778 - accuracy: 0.7664
13/98 [==>...........................] - ETA: 2s - loss: 0.6666 - accuracy: 0.7721
16/98 [===>..........................] - ETA: 2s - loss: 0.6702 - accuracy: 0.7715
19/98 [====>.........................] - ETA: 2s - loss: 0.6653 - accuracy: 0.7742
22/98 [=====>........................] - ETA: 1s - loss: 0.6632 - accuracy: 0.7738
25/98 [======>.......................] - ETA: 1s - loss: 0.6646 - accuracy: 0.7733
28/98 [=======>......................] - ETA: 1s - loss: 0.6683 - accuracy: 0.7716
31/98 [========>.....................] - ETA: 1s - loss: 0.6684 - accuracy: 0.7712
34/98 [=========>....................] - ETA: 1s - loss: 0.6711 - accuracy: 0.7699
37/98 [==========>...................] - ETA: 1s - loss: 0.6713 - accuracy: 0.7703
40/98 [===========>..................] - ETA: 1s - loss: 0.6730 - accuracy: 0.7695
43/98 [============>.................] - ETA: 1s - loss: 0.6738 - accuracy: 0.7694
46/98 [=============>................] - ETA: 1s - loss: 0.6737 - accuracy: 0.7694
49/98 [==============>...............] - ETA: 1s - loss: 0.6717 - accuracy: 0.7695
51/98 [==============>...............] - ETA: 1s - loss: 0.6711 - accuracy: 0.7701
54/98 [===============>..............] - ETA: 1s - loss: 0.6692 - accuracy: 0.7702
57/98 [================>.............] - ETA: 1s - loss: 0.6695 - accuracy: 0.7698
60/98 [=================>............] - ETA: 0s - loss: 0.6717 - accuracy: 0.7690
63/98 [==================>...........] - ETA: 0s - loss: 0.6711 - accuracy: 0.7688
66/98 [===================>..........] - ETA: 0s - loss: 0.6713 - accuracy: 0.7688
69/98 [====================>.........] - ETA: 0s - loss: 0.6707 - accuracy: 0.7689
72/98 [=====================>........] - ETA: 0s - loss: 0.6700 - accuracy: 0.7691
74/98 [=====================>........] - ETA: 0s - loss: 0.6708 - accuracy: 0.7684
77/98 [======================>.......] - ETA: 0s - loss: 0.6716 - accuracy: 0.7683
80/98 [=======================>......] - ETA: 0s - loss: 0.6719 - accuracy: 0.7679
83/98 [========================>.....] - ETA: 0s - loss: 0.6720 - accuracy: 0.7675
86/98 [=========================>....] - ETA: 0s - loss: 0.6727 - accuracy: 0.7674
88/98 [=========================>....] - ETA: 0s - loss: 0.6730 - accuracy: 0.7673
91/98 [==========================>...] - ETA: 0s - loss: 0.6723 - accuracy: 0.7675
94/98 [===========================>..] - ETA: 0s - loss: 0.6736 - accuracy: 0.7669
96/98 [============================>.] - ETA: 0s - loss: 0.6738 - accuracy: 0.7668
98/98 [==============================] - 3s 33ms/step - loss: 0.6736 - accuracy: 0.7669 - val_loss: 0.8065 - val_accuracy: 0.7272
Epoch 12/218

 1/98 [..............................] - ETA: 4s - loss: 0.6548 - accuracy: 0.7930
 4/98 [>.............................] - ETA: 2s - loss: 0.5854 - accuracy: 0.8003
 7/98 [=>............................] - ETA: 2s - loss: 0.6158 - accuracy: 0.7891
10/98 [==>...........................] - ETA: 2s - loss: 0.6131 - accuracy: 0.7891
13/98 [==>...........................] - ETA: 2s - loss: 0.6114 - accuracy: 0.7915
16/98 [===>..........................] - ETA: 2s - loss: 0.6091 - accuracy: 0.7910
19/98 [====>.........................] - ETA: 2s - loss: 0.6144 - accuracy: 0.7896
22/98 [=====>........................] - ETA: 1s - loss: 0.6094 - accuracy: 0.7909
25/98 [======>.......................] - ETA: 1s - loss: 0.6157 - accuracy: 0.7880
28/98 [=======>......................] - ETA: 1s - loss: 0.6208 - accuracy: 0.7861
31/98 [========>.....................] - ETA: 1s - loss: 0.6215 - accuracy: 0.7850
34/98 [=========>....................] - ETA: 1s - loss: 0.6255 - accuracy: 0.7846
37/98 [==========>...................] - ETA: 1s - loss: 0.6250 - accuracy: 0.7844
40/98 [===========>..................] - ETA: 1s - loss: 0.6244 - accuracy: 0.7844
43/98 [============>.................] - ETA: 1s - loss: 0.6256 - accuracy: 0.7835
46/98 [=============>................] - ETA: 1s - loss: 0.6264 - accuracy: 0.7829
49/98 [==============>...............] - ETA: 1s - loss: 0.6288 - accuracy: 0.7826
52/98 [==============>...............] - ETA: 1s - loss: 0.6311 - accuracy: 0.7822
55/98 [===============>..............] - ETA: 1s - loss: 0.6320 - accuracy: 0.7817
58/98 [================>.............] - ETA: 1s - loss: 0.6310 - accuracy: 0.7819
61/98 [=================>............] - ETA: 0s - loss: 0.6308 - accuracy: 0.7824
64/98 [==================>...........] - ETA: 0s - loss: 0.6319 - accuracy: 0.7816
67/98 [===================>..........] - ETA: 0s - loss: 0.6341 - accuracy: 0.7812
70/98 [====================>.........] - ETA: 0s - loss: 0.6355 - accuracy: 0.7808
73/98 [=====================>........] - ETA: 0s - loss: 0.6360 - accuracy: 0.7805
76/98 [======================>.......] - ETA: 0s - loss: 0.6376 - accuracy: 0.7798
79/98 [=======================>......] - ETA: 0s - loss: 0.6394 - accuracy: 0.7792
82/98 [========================>.....] - ETA: 0s - loss: 0.6419 - accuracy: 0.7785
85/98 [=========================>....] - ETA: 0s - loss: 0.6430 - accuracy: 0.7783
88/98 [=========================>....] - ETA: 0s - loss: 0.6428 - accuracy: 0.7785
91/98 [==========================>...] - ETA: 0s - loss: 0.6453 - accuracy: 0.7780
94/98 [===========================>..] - ETA: 0s - loss: 0.6466 - accuracy: 0.7776
96/98 [============================>.] - ETA: 0s - loss: 0.6468 - accuracy: 0.7774
98/98 [==============================] - 3s 33ms/step - loss: 0.6484 - accuracy: 0.7768 - val_loss: 0.8280 - val_accuracy: 0.7253
Epoch 13/218

 1/98 [..............................] - ETA: 5s - loss: 0.5964 - accuracy: 0.8086
 4/98 [>.............................] - ETA: 2s - loss: 0.5868 - accuracy: 0.7979
 7/98 [=>............................] - ETA: 2s - loss: 0.5858 - accuracy: 0.7997
10/98 [==>...........................] - ETA: 2s - loss: 0.5947 - accuracy: 0.7928
