2024-06-21 19:10:30.717457: I tensorflow/core/platform/cpu_feature_guard.cc:193] This TensorFlow binary is optimized with oneAPI Deep Neural Network Library (oneDNN) to use the following CPU instructions in performance-critical operations:  AVX AVX2
To enable them in other operations, rebuild TensorFlow with the appropriate compiler flags.
2024-06-21 19:10:31.148923: I tensorflow/core/common_runtime/gpu/gpu_device.cc:1616] Created device /job:localhost/replica:0/task:0/device:GPU:0 with 6144 MB memory:  -> device: 0, name: NVIDIA GeForce RTX 4060 Ti, pci bus id: 0000:01:00.0, compute capability: 8.9
1 Physical GPUs, 1 Logical GPUs
Model: "sequential"
_________________________________________________________________
 Layer (type)                Output Shape              Param #   
=================================================================
 conv2d (Conv2D)             (None, 32, 32, 32)        896       
                                                                 
 batch_normalization (BatchN  (None, 32, 32, 32)       128       
 ormalization)                                                   
                                                                 
 dropout (Dropout)           (None, 32, 32, 32)        0         
                                                                 
 flatten (Flatten)           (None, 32768)             0         
                                                                 
 dense (Dense)               (None, 46)                1507374   
                                                                 
 dropout_1 (Dropout)         (None, 46)                0         
                                                                 
 dense_1 (Dense)             (None, 10)                470       
                                                                 
=================================================================
Total params: 1,508,868
Trainable params: 1,508,804
Non-trainable params: 64
_________________________________________________________________
Taxa de aprendizado:  1e-05 Num de épocas:  34 Tamanho do lote:  512 Dropout:  0.26
Epoch 1/34
2024-06-21 19:10:32.207385: I tensorflow/stream_executor/cuda/cuda_dnn.cc:384] Loaded cuDNN version 8100
2024-06-21 19:10:32.871365: W tensorflow/stream_executor/gpu/redzone_allocator.cc:314] INTERNAL: ptxas exited with non-zero error code -1, output: 
Relying on driver to perform ptx compilation. 
Modify $PATH to customize ptxas location.
This message will be only logged once.
2024-06-21 19:10:33.459062: I tensorflow/stream_executor/cuda/cuda_blas.cc:1614] TensorFloat-32 will be used for the matrix multiplication. This will only be logged once.

 1/98 [..............................] - ETA: 3:32 - loss: 2.6692 - accuracy: 0.1172
 5/98 [>.............................] - ETA: 1s - loss: 2.6053 - accuracy: 0.1156  
 9/98 [=>............................] - ETA: 1s - loss: 2.5430 - accuracy: 0.1291
14/98 [===>..........................] - ETA: 1s - loss: 2.4866 - accuracy: 0.1383
18/98 [====>.........................] - ETA: 1s - loss: 2.4472 - accuracy: 0.1480
22/98 [=====>........................] - ETA: 1s - loss: 2.4209 - accuracy: 0.1545
27/98 [=======>......................] - ETA: 1s - loss: 2.3839 - accuracy: 0.1663
31/98 [========>.....................] - ETA: 0s - loss: 2.3598 - accuracy: 0.1733
36/98 [==========>...................] - ETA: 0s - loss: 2.3394 - accuracy: 0.1810
40/98 [===========>..................] - ETA: 0s - loss: 2.3185 - accuracy: 0.1861
44/98 [============>.................] - ETA: 0s - loss: 2.3033 - accuracy: 0.1899
49/98 [==============>...............] - ETA: 0s - loss: 2.2865 - accuracy: 0.1960
53/98 [===============>..............] - ETA: 0s - loss: 2.2744 - accuracy: 0.1989
58/98 [================>.............] - ETA: 0s - loss: 2.2556 - accuracy: 0.2045
62/98 [=================>............] - ETA: 0s - loss: 2.2428 - accuracy: 0.2092
67/98 [===================>..........] - ETA: 0s - loss: 2.2308 - accuracy: 0.2122
71/98 [====================>.........] - ETA: 0s - loss: 2.2202 - accuracy: 0.2162
75/98 [=====================>........] - ETA: 0s - loss: 2.2125 - accuracy: 0.2190
80/98 [=======================>......] - ETA: 0s - loss: 2.1997 - accuracy: 0.2231
83/98 [========================>.....] - ETA: 0s - loss: 2.1936 - accuracy: 0.2248
88/98 [=========================>....] - ETA: 0s - loss: 2.1811 - accuracy: 0.2294
92/98 [===========================>..] - ETA: 0s - loss: 2.1737 - accuracy: 0.2319
97/98 [============================>.] - ETA: 0s - loss: 2.1630 - accuracy: 0.2355
98/98 [==============================] - 4s 21ms/step - loss: 2.1612 - accuracy: 0.2362 - val_loss: 2.1216 - val_accuracy: 0.2448
Epoch 2/34

 1/98 [..............................] - ETA: 3s - loss: 1.9375 - accuracy: 0.2910
 5/98 [>.............................] - ETA: 1s - loss: 1.9793 - accuracy: 0.2910
 9/98 [=>............................] - ETA: 1s - loss: 1.9800 - accuracy: 0.2993
14/98 [===>..........................] - ETA: 1s - loss: 1.9693 - accuracy: 0.3041
18/98 [====>.........................] - ETA: 1s - loss: 1.9641 - accuracy: 0.3025
23/98 [======>.......................] - ETA: 1s - loss: 1.9614 - accuracy: 0.3038
27/98 [=======>......................] - ETA: 1s - loss: 1.9548 - accuracy: 0.3071
32/98 [========>.....................] - ETA: 0s - loss: 1.9519 - accuracy: 0.3089
36/98 [==========>...................] - ETA: 0s - loss: 1.9496 - accuracy: 0.3100
40/98 [===========>..................] - ETA: 0s - loss: 1.9460 - accuracy: 0.3091
45/98 [============>.................] - ETA: 0s - loss: 1.9410 - accuracy: 0.3112
49/98 [==============>...............] - ETA: 0s - loss: 1.9381 - accuracy: 0.3129
54/98 [===============>..............] - ETA: 0s - loss: 1.9324 - accuracy: 0.3150
58/98 [================>.............] - ETA: 0s - loss: 1.9280 - accuracy: 0.3151
63/98 [==================>...........] - ETA: 0s - loss: 1.9253 - accuracy: 0.3155
67/98 [===================>..........] - ETA: 0s - loss: 1.9240 - accuracy: 0.3168
72/98 [=====================>........] - ETA: 0s - loss: 1.9220 - accuracy: 0.3174
76/98 [======================>.......] - ETA: 0s - loss: 1.9208 - accuracy: 0.3182
80/98 [=======================>......] - ETA: 0s - loss: 1.9187 - accuracy: 0.3192
85/98 [=========================>....] - ETA: 0s - loss: 1.9168 - accuracy: 0.3200
89/98 [==========================>...] - ETA: 0s - loss: 1.9129 - accuracy: 0.3213
94/98 [===========================>..] - ETA: 0s - loss: 1.9085 - accuracy: 0.3232
98/98 [==============================] - ETA: 0s - loss: 1.9052 - accuracy: 0.3242
98/98 [==============================] - 2s 18ms/step - loss: 1.9052 - accuracy: 0.3242 - val_loss: 1.9743 - val_accuracy: 0.3506
Epoch 3/34

 1/98 [..............................] - ETA: 1s - loss: 1.8739 - accuracy: 0.3223
 5/98 [>.............................] - ETA: 1s - loss: 1.8506 - accuracy: 0.3332
 9/98 [=>............................] - ETA: 1s - loss: 1.8462 - accuracy: 0.3340
14/98 [===>..........................] - ETA: 1s - loss: 1.8460 - accuracy: 0.3386
18/98 [====>.........................] - ETA: 1s - loss: 1.8478 - accuracy: 0.3391
22/98 [=====>........................] - ETA: 1s - loss: 1.8347 - accuracy: 0.3444
27/98 [=======>......................] - ETA: 1s - loss: 1.8285 - accuracy: 0.3503
31/98 [========>.....................] - ETA: 0s - loss: 1.8276 - accuracy: 0.3498
35/98 [=========>....................] - ETA: 0s - loss: 1.8259 - accuracy: 0.3498
40/98 [===========>..................] - ETA: 0s - loss: 1.8182 - accuracy: 0.3531
44/98 [============>.................] - ETA: 0s - loss: 1.8187 - accuracy: 0.3519
48/98 [=============>................] - ETA: 0s - loss: 1.8138 - accuracy: 0.3547
52/98 [==============>...............] - ETA: 0s - loss: 1.8140 - accuracy: 0.3551
57/98 [================>.............] - ETA: 0s - loss: 1.8126 - accuracy: 0.3554
61/98 [=================>............] - ETA: 0s - loss: 1.8092 - accuracy: 0.3564
65/98 [==================>...........] - ETA: 0s - loss: 1.8053 - accuracy: 0.3580
70/98 [====================>.........] - ETA: 0s - loss: 1.8052 - accuracy: 0.3587
74/98 [=====================>........] - ETA: 0s - loss: 1.8057 - accuracy: 0.3595
79/98 [=======================>......] - ETA: 0s - loss: 1.8014 - accuracy: 0.3609
83/98 [========================>.....] - ETA: 0s - loss: 1.8011 - accuracy: 0.3609
87/98 [=========================>....] - ETA: 0s - loss: 1.7990 - accuracy: 0.3619
92/98 [===========================>..] - ETA: 0s - loss: 1.7981 - accuracy: 0.3619
96/98 [============================>.] - ETA: 0s - loss: 1.7970 - accuracy: 0.3624
98/98 [==============================] - 2s 19ms/step - loss: 1.7958 - accuracy: 0.3630 - val_loss: 1.8335 - val_accuracy: 0.3942
Epoch 4/34

 1/98 [..............................] - ETA: 3s - loss: 1.7879 - accuracy: 0.3730
 6/98 [>.............................] - ETA: 1s - loss: 1.7838 - accuracy: 0.3734
10/98 [==>...........................] - ETA: 1s - loss: 1.7741 - accuracy: 0.3777
15/98 [===>..........................] - ETA: 1s - loss: 1.7471 - accuracy: 0.3876
19/98 [====>.........................] - ETA: 1s - loss: 1.7394 - accuracy: 0.3880
23/98 [======>.......................] - ETA: 1s - loss: 1.7406 - accuracy: 0.3875
28/98 [=======>......................] - ETA: 0s - loss: 1.7389 - accuracy: 0.3871
32/98 [========>.....................] - ETA: 0s - loss: 1.7405 - accuracy: 0.3851
36/98 [==========>...................] - ETA: 0s - loss: 1.7394 - accuracy: 0.3851
41/98 [===========>..................] - ETA: 0s - loss: 1.7353 - accuracy: 0.3871
45/98 [============>.................] - ETA: 0s - loss: 1.7350 - accuracy: 0.3859
50/98 [==============>...............] - ETA: 0s - loss: 1.7338 - accuracy: 0.3851
54/98 [===============>..............] - ETA: 0s - loss: 1.7326 - accuracy: 0.3872
58/98 [================>.............] - ETA: 0s - loss: 1.7322 - accuracy: 0.3869
63/98 [==================>...........] - ETA: 0s - loss: 1.7312 - accuracy: 0.3865
67/98 [===================>..........] - ETA: 0s - loss: 1.7313 - accuracy: 0.3871
72/98 [=====================>........] - ETA: 0s - loss: 1.7337 - accuracy: 0.3857
77/98 [======================>.......] - ETA: 0s - loss: 1.7332 - accuracy: 0.3862
81/98 [=======================>......] - ETA: 0s - loss: 1.7335 - accuracy: 0.3855
85/98 [=========================>....] - ETA: 0s - loss: 1.7350 - accuracy: 0.3848
90/98 [==========================>...] - ETA: 0s - loss: 1.7356 - accuracy: 0.3850
94/98 [===========================>..] - ETA: 0s - loss: 1.7350 - accuracy: 0.3853
98/98 [==============================] - 2s 18ms/step - loss: 1.7336 - accuracy: 0.3863 - val_loss: 1.7090 - val_accuracy: 0.4246
Epoch 5/34

 1/98 [..............................] - ETA: 3s - loss: 1.6854 - accuracy: 0.4043
 5/98 [>.............................] - ETA: 1s - loss: 1.7290 - accuracy: 0.3969
 9/98 [=>............................] - ETA: 1s - loss: 1.7233 - accuracy: 0.4008
14/98 [===>..........................] - ETA: 1s - loss: 1.7071 - accuracy: 0.4047
18/98 [====>.........................] - ETA: 1s - loss: 1.7072 - accuracy: 0.4017
23/98 [======>.......................] - ETA: 1s - loss: 1.7051 - accuracy: 0.4018
27/98 [=======>......................] - ETA: 1s - loss: 1.7063 - accuracy: 0.4021
32/98 [========>.....................] - ETA: 0s - loss: 1.7034 - accuracy: 0.4028
37/98 [==========>...................] - ETA: 0s - loss: 1.7019 - accuracy: 0.4029
41/98 [===========>..................] - ETA: 0s - loss: 1.6982 - accuracy: 0.4036
45/98 [============>.................] - ETA: 0s - loss: 1.6982 - accuracy: 0.4029
50/98 [==============>...............] - ETA: 0s - loss: 1.6965 - accuracy: 0.4028
54/98 [===============>..............] - ETA: 0s - loss: 1.6958 - accuracy: 0.4022
58/98 [================>.............] - ETA: 0s - loss: 1.6909 - accuracy: 0.4040
62/98 [=================>............] - ETA: 0s - loss: 1.6899 - accuracy: 0.4044
66/98 [===================>..........] - ETA: 0s - loss: 1.6887 - accuracy: 0.4053
71/98 [====================>.........] - ETA: 0s - loss: 1.6881 - accuracy: 0.4057
75/98 [=====================>........] - ETA: 0s - loss: 1.6856 - accuracy: 0.4063
79/98 [=======================>......] - ETA: 0s - loss: 1.6851 - accuracy: 0.4071
84/98 [========================>.....] - ETA: 0s - loss: 1.6849 - accuracy: 0.4063
88/98 [=========================>....] - ETA: 0s - loss: 1.6856 - accuracy: 0.4063
93/98 [===========================>..] - ETA: 0s - loss: 1.6843 - accuracy: 0.4071
97/98 [============================>.] - ETA: 0s - loss: 1.6826 - accuracy: 0.4081
98/98 [==============================] - 2s 18ms/step - loss: 1.6821 - accuracy: 0.4082 - val_loss: 1.6068 - val_accuracy: 0.4484
Epoch 6/34

 1/98 [..............................] - ETA: 3s - loss: 1.6381 - accuracy: 0.4102
 5/98 [>.............................] - ETA: 1s - loss: 1.6338 - accuracy: 0.4152
 9/98 [=>............................] - ETA: 1s - loss: 1.6553 - accuracy: 0.4117
13/98 [==>...........................] - ETA: 1s - loss: 1.6694 - accuracy: 0.4049
17/98 [====>.........................] - ETA: 1s - loss: 1.6758 - accuracy: 0.4038
22/98 [=====>........................] - ETA: 1s - loss: 1.6663 - accuracy: 0.4090
26/98 [======>.......................] - ETA: 1s - loss: 1.6620 - accuracy: 0.4110
30/98 [========>.....................] - ETA: 0s - loss: 1.6626 - accuracy: 0.4096
35/98 [=========>....................] - ETA: 0s - loss: 1.6581 - accuracy: 0.4086
39/98 [==========>...................] - ETA: 0s - loss: 1.6571 - accuracy: 0.4092
44/98 [============>.................] - ETA: 0s - loss: 1.6545 - accuracy: 0.4111
48/98 [=============>................] - ETA: 0s - loss: 1.6545 - accuracy: 0.4118
52/98 [==============>...............] - ETA: 0s - loss: 1.6551 - accuracy: 0.4127
56/98 [================>.............] - ETA: 0s - loss: 1.6509 - accuracy: 0.4137
61/98 [=================>............] - ETA: 0s - loss: 1.6519 - accuracy: 0.4143
65/98 [==================>...........] - ETA: 0s - loss: 1.6495 - accuracy: 0.4148
70/98 [====================>.........] - ETA: 0s - loss: 1.6493 - accuracy: 0.4155
74/98 [=====================>........] - ETA: 0s - loss: 1.6497 - accuracy: 0.4156
79/98 [=======================>......] - ETA: 0s - loss: 1.6477 - accuracy: 0.4160
83/98 [========================>.....] - ETA: 0s - loss: 1.6485 - accuracy: 0.4157
88/98 [=========================>....] - ETA: 0s - loss: 1.6448 - accuracy: 0.4167
92/98 [===========================>..] - ETA: 0s - loss: 1.6434 - accuracy: 0.4173
97/98 [============================>.] - ETA: 0s - loss: 1.6413 - accuracy: 0.4181
98/98 [==============================] - 2s 18ms/step - loss: 1.6422 - accuracy: 0.4181 - val_loss: 1.5306 - val_accuracy: 0.4750
Epoch 7/34

 1/98 [..............................] - ETA: 2s - loss: 1.5777 - accuracy: 0.4609
 5/98 [>.............................] - ETA: 1s - loss: 1.5997 - accuracy: 0.4277
10/98 [==>...........................] - ETA: 1s - loss: 1.6178 - accuracy: 0.4252
15/98 [===>..........................] - ETA: 1s - loss: 1.6204 - accuracy: 0.4239
19/98 [====>.........................] - ETA: 1s - loss: 1.6156 - accuracy: 0.4255
23/98 [======>.......................] - ETA: 1s - loss: 1.6116 - accuracy: 0.4276
28/98 [=======>......................] - ETA: 0s - loss: 1.6092 - accuracy: 0.4289
32/98 [========>.....................] - ETA: 0s - loss: 1.6096 - accuracy: 0.4285
37/98 [==========>...................] - ETA: 0s - loss: 1.6093 - accuracy: 0.4292
41/98 [===========>..................] - ETA: 0s - loss: 1.6106 - accuracy: 0.4295
46/98 [=============>................] - ETA: 0s - loss: 1.6106 - accuracy: 0.4300
50/98 [==============>...............] - ETA: 0s - loss: 1.6116 - accuracy: 0.4297
55/98 [===============>..............] - ETA: 0s - loss: 1.6152 - accuracy: 0.4279
59/98 [=================>............] - ETA: 0s - loss: 1.6148 - accuracy: 0.4288
64/98 [==================>...........] - ETA: 0s - loss: 1.6152 - accuracy: 0.4286
68/98 [===================>..........] - ETA: 0s - loss: 1.6156 - accuracy: 0.4287
72/98 [=====================>........] - ETA: 0s - loss: 1.6150 - accuracy: 0.4286
77/98 [======================>.......] - ETA: 0s - loss: 1.6135 - accuracy: 0.4299
81/98 [=======================>......] - ETA: 0s - loss: 1.6134 - accuracy: 0.4303
86/98 [=========================>....] - ETA: 0s - loss: 1.6141 - accuracy: 0.4299
90/98 [==========================>...] - ETA: 0s - loss: 1.6134 - accuracy: 0.4300
94/98 [===========================>..] - ETA: 0s - loss: 1.6117 - accuracy: 0.4306
98/98 [==============================] - 2s 18ms/step - loss: 1.6141 - accuracy: 0.4296 - val_loss: 1.4828 - val_accuracy: 0.4852
Epoch 8/34

 1/98 [..............................] - ETA: 3s - loss: 1.5781 - accuracy: 0.4707
 5/98 [>.............................] - ETA: 1s - loss: 1.6028 - accuracy: 0.4367
 9/98 [=>............................] - ETA: 1s - loss: 1.5798 - accuracy: 0.4494
14/98 [===>..........................] - ETA: 1s - loss: 1.5883 - accuracy: 0.4422
18/98 [====>.........................] - ETA: 1s - loss: 1.5897 - accuracy: 0.4423
23/98 [======>.......................] - ETA: 1s - loss: 1.5847 - accuracy: 0.4422
27/98 [=======>......................] - ETA: 1s - loss: 1.5820 - accuracy: 0.4411
32/98 [========>.....................] - ETA: 0s - loss: 1.5865 - accuracy: 0.4384
36/98 [==========>...................] - ETA: 0s - loss: 1.5888 - accuracy: 0.4373
40/98 [===========>..................] - ETA: 0s - loss: 1.5887 - accuracy: 0.4382
43/98 [============>.................] - ETA: 0s - loss: 1.5906 - accuracy: 0.4387
48/98 [=============>................] - ETA: 0s - loss: 1.5901 - accuracy: 0.4384
52/98 [==============>...............] - ETA: 0s - loss: 1.5896 - accuracy: 0.4382
57/98 [================>.............] - ETA: 0s - loss: 1.5894 - accuracy: 0.4383
61/98 [=================>............] - ETA: 0s - loss: 1.5888 - accuracy: 0.4379
66/98 [===================>..........] - ETA: 0s - loss: 1.5890 - accuracy: 0.4376
70/98 [====================>.........] - ETA: 0s - loss: 1.5884 - accuracy: 0.4373
75/98 [=====================>........] - ETA: 0s - loss: 1.5897 - accuracy: 0.4366
79/98 [=======================>......] - ETA: 0s - loss: 1.5894 - accuracy: 0.4366
83/98 [========================>.....] - ETA: 0s - loss: 1.5865 - accuracy: 0.4381
88/98 [=========================>....] - ETA: 0s - loss: 1.5845 - accuracy: 0.4389
92/98 [===========================>..] - ETA: 0s - loss: 1.5839 - accuracy: 0.4388
97/98 [============================>.] - ETA: 0s - loss: 1.5827 - accuracy: 0.4398
98/98 [==============================] - 2s 19ms/step - loss: 1.5835 - accuracy: 0.4398 - val_loss: 1.4511 - val_accuracy: 0.4928
Epoch 9/34

 1/98 [..............................] - ETA: 3s - loss: 1.5411 - accuracy: 0.4727
 5/98 [>.............................] - ETA: 1s - loss: 1.5482 - accuracy: 0.4484
10/98 [==>...........................] - ETA: 1s - loss: 1.5512 - accuracy: 0.4449
14/98 [===>..........................] - ETA: 1s - loss: 1.5489 - accuracy: 0.4418
19/98 [====>.........................] - ETA: 1s - loss: 1.5507 - accuracy: 0.4473
23/98 [======>.......................] - ETA: 1s - loss: 1.5540 - accuracy: 0.4454
27/98 [=======>......................] - ETA: 1s - loss: 1.5615 - accuracy: 0.4436
32/98 [========>.....................] - ETA: 0s - loss: 1.5601 - accuracy: 0.4448
36/98 [==========>...................] - ETA: 0s - loss: 1.5598 - accuracy: 0.4462
41/98 [===========>..................] - ETA: 0s - loss: 1.5605 - accuracy: 0.4455
45/98 [============>.................] - ETA: 0s - loss: 1.5565 - accuracy: 0.4489
50/98 [==============>...............] - ETA: 0s - loss: 1.5580 - accuracy: 0.4481
54/98 [===============>..............] - ETA: 0s - loss: 1.5578 - accuracy: 0.4482
58/98 [================>.............] - ETA: 0s - loss: 1.5575 - accuracy: 0.4484
63/98 [==================>...........] - ETA: 0s - loss: 1.5547 - accuracy: 0.4496
67/98 [===================>..........] - ETA: 0s - loss: 1.5541 - accuracy: 0.4496
72/98 [=====================>........] - ETA: 0s - loss: 1.5541 - accuracy: 0.4492
76/98 [======================>.......] - ETA: 0s - loss: 1.5552 - accuracy: 0.4495
81/98 [=======================>......] - ETA: 0s - loss: 1.5571 - accuracy: 0.4496
85/98 [=========================>....] - ETA: 0s - loss: 1.5573 - accuracy: 0.4497
89/98 [==========================>...] - ETA: 0s - loss: 1.5577 - accuracy: 0.4498
94/98 [===========================>..] - ETA: 0s - loss: 1.5556 - accuracy: 0.4509
98/98 [==============================] - ETA: 0s - loss: 1.5537 - accuracy: 0.4518
98/98 [==============================] - 2s 18ms/step - loss: 1.5537 - accuracy: 0.4518 - val_loss: 1.4296 - val_accuracy: 0.5006
Epoch 10/34

 1/98 [..............................] - ETA: 3s - loss: 1.5349 - accuracy: 0.4453
 6/98 [>.............................] - ETA: 1s - loss: 1.5228 - accuracy: 0.4672
10/98 [==>...........................] - ETA: 1s - loss: 1.5252 - accuracy: 0.4624
15/98 [===>..........................] - ETA: 1s - loss: 1.5188 - accuracy: 0.4635
19/98 [====>.........................] - ETA: 1s - loss: 1.5203 - accuracy: 0.4611
24/98 [======>.......................] - ETA: 1s - loss: 1.5252 - accuracy: 0.4619
28/98 [=======>......................] - ETA: 0s - loss: 1.5266 - accuracy: 0.4613
32/98 [========>.....................] - ETA: 0s - loss: 1.5302 - accuracy: 0.4586
37/98 [==========>...................] - ETA: 0s - loss: 1.5343 - accuracy: 0.4570
41/98 [===========>..................] - ETA: 0s - loss: 1.5362 - accuracy: 0.4566
46/98 [=============>................] - ETA: 0s - loss: 1.5313 - accuracy: 0.4587
50/98 [==============>...............] - ETA: 0s - loss: 1.5300 - accuracy: 0.4586
54/98 [===============>..............] - ETA: 0s - loss: 1.5315 - accuracy: 0.4584
59/98 [=================>............] - ETA: 0s - loss: 1.5318 - accuracy: 0.4593
63/98 [==================>...........] - ETA: 0s - loss: 1.5323 - accuracy: 0.4597
68/98 [===================>..........] - ETA: 0s - loss: 1.5349 - accuracy: 0.4587
72/98 [=====================>........] - ETA: 0s - loss: 1.5362 - accuracy: 0.4580
77/98 [======================>.......] - ETA: 0s - loss: 1.5365 - accuracy: 0.4583
81/98 [=======================>......] - ETA: 0s - loss: 1.5373 - accuracy: 0.4583
86/98 [=========================>....] - ETA: 0s - loss: 1.5349 - accuracy: 0.4592
90/98 [==========================>...] - ETA: 0s - loss: 1.5360 - accuracy: 0.4589
94/98 [===========================>..] - ETA: 0s - loss: 1.5369 - accuracy: 0.4587
98/98 [==============================] - 2s 18ms/step - loss: 1.5362 - accuracy: 0.4586 - val_loss: 1.4138 - val_accuracy: 0.5047
Epoch 11/34

 1/98 [..............................] - ETA: 3s - loss: 1.4763 - accuracy: 0.4863
 5/98 [>.............................] - ETA: 1s - loss: 1.5399 - accuracy: 0.4547
10/98 [==>...........................] - ETA: 1s - loss: 1.5399 - accuracy: 0.4559
14/98 [===>..........................] - ETA: 1s - loss: 1.5317 - accuracy: 0.4545
18/98 [====>.........................] - ETA: 1s - loss: 1.5227 - accuracy: 0.4603
23/98 [======>.......................] - ETA: 1s - loss: 1.5171 - accuracy: 0.4630
27/98 [=======>......................] - ETA: 1s - loss: 1.5159 - accuracy: 0.4632
32/98 [========>.....................] - ETA: 0s - loss: 1.5183 - accuracy: 0.4630
36/98 [==========>...................] - ETA: 0s - loss: 1.5233 - accuracy: 0.4626
41/98 [===========>..................] - ETA: 0s - loss: 1.5220 - accuracy: 0.4634
45/98 [============>.................] - ETA: 0s - loss: 1.5226 - accuracy: 0.4623
49/98 [==============>...............] - ETA: 0s - loss: 1.5185 - accuracy: 0.4638
54/98 [===============>..............] - ETA: 0s - loss: 1.5189 - accuracy: 0.4633
58/98 [================>.............] - ETA: 0s - loss: 1.5189 - accuracy: 0.4649
63/98 [==================>...........] - ETA: 0s - loss: 1.5164 - accuracy: 0.4650
67/98 [===================>..........] - ETA: 0s - loss: 1.5159 - accuracy: 0.4653
72/98 [=====================>........] - ETA: 0s - loss: 1.5147 - accuracy: 0.4668
76/98 [======================>.......] - ETA: 0s - loss: 1.5125 - accuracy: 0.4677
80/98 [=======================>......] - ETA: 0s - loss: 1.5125 - accuracy: 0.4675
85/98 [=========================>....] - ETA: 0s - loss: 1.5123 - accuracy: 0.4680
89/98 [==========================>...] - ETA: 0s - loss: 1.5122 - accuracy: 0.4675
94/98 [===========================>..] - ETA: 0s - loss: 1.5106 - accuracy: 0.4678
98/98 [==============================] - ETA: 0s - loss: 1.5103 - accuracy: 0.4682
98/98 [==============================] - 2s 19ms/step - loss: 1.5103 - accuracy: 0.4682 - val_loss: 1.3974 - val_accuracy: 0.5138
Epoch 12/34

 1/98 [..............................] - ETA: 3s - loss: 1.5544 - accuracy: 0.4551
 5/98 [>.............................] - ETA: 1s - loss: 1.5232 - accuracy: 0.4586
10/98 [==>...........................] - ETA: 1s - loss: 1.5029 - accuracy: 0.4680
14/98 [===>..........................] - ETA: 1s - loss: 1.5105 - accuracy: 0.4637
19/98 [====>.........................] - ETA: 1s - loss: 1.5010 - accuracy: 0.4672
23/98 [======>.......................] - ETA: 1s - loss: 1.4946 - accuracy: 0.4707
28/98 [=======>......................] - ETA: 0s - loss: 1.5007 - accuracy: 0.4688
32/98 [========>.....................] - ETA: 0s - loss: 1.4993 - accuracy: 0.4686
36/98 [==========>...................] - ETA: 0s - loss: 1.4968 - accuracy: 0.4700
41/98 [===========>..................] - ETA: 0s - loss: 1.4980 - accuracy: 0.4690
45/98 [============>.................] - ETA: 0s - loss: 1.5008 - accuracy: 0.4692
50/98 [==============>...............] - ETA: 0s - loss: 1.5011 - accuracy: 0.4678
54/98 [===============>..............] - ETA: 0s - loss: 1.4996 - accuracy: 0.4681
58/98 [================>.............] - ETA: 0s - loss: 1.4993 - accuracy: 0.4689
63/98 [==================>...........] - ETA: 0s - loss: 1.4983 - accuracy: 0.4700
67/98 [===================>..........] - ETA: 0s - loss: 1.4982 - accuracy: 0.4701
72/98 [=====================>........] - ETA: 0s - loss: 1.4970 - accuracy: 0.4700
76/98 [======================>.......] - ETA: 0s - loss: 1.4955 - accuracy: 0.4708
81/98 [=======================>......] - ETA: 0s - loss: 1.4940 - accuracy: 0.4713
85/98 [=========================>....] - ETA: 0s - loss: 1.4940 - accuracy: 0.4710
90/98 [==========================>...] - ETA: 0s - loss: 1.4941 - accuracy: 0.4712
94/98 [===========================>..] - ETA: 0s - loss: 1.4935 - accuracy: 0.4715
98/98 [==============================] - 2s 18ms/step - loss: 1.4941 - accuracy: 0.4713 - val_loss: 1.3835 - val_accuracy: 0.5148
Epoch 13/34

 1/98 [..............................] - ETA: 3s - loss: 1.4334 - accuracy: 0.4707
 5/98 [>.............................] - ETA: 1s - loss: 1.4613 - accuracy: 0.4730
 9/98 [=>............................] - ETA: 1s - loss: 1.4802 - accuracy: 0.4701
14/98 [===>..........................] - ETA: 1s - loss: 1.4811 - accuracy: 0.4728
18/98 [====>.........................] - ETA: 1s - loss: 1.4759 - accuracy: 0.4766
23/98 [======>.......................] - ETA: 1s - loss: 1.4737 - accuracy: 0.4805
27/98 [=======>......................] - ETA: 1s - loss: 1.4725 - accuracy: 0.4812
32/98 [========>.....................] - ETA: 0s - loss: 1.4752 - accuracy: 0.4795
36/98 [==========>...................] - ETA: 0s - loss: 1.4805 - accuracy: 0.4788
41/98 [===========>..................] - ETA: 0s - loss: 1.4837 - accuracy: 0.4778
45/98 [============>.................] - ETA: 0s - loss: 1.4832 - accuracy: 0.4784
49/98 [==============>...............] - ETA: 0s - loss: 1.4823 - accuracy: 0.4784
54/98 [===============>..............] - ETA: 0s - loss: 1.4820 - accuracy: 0.4789
58/98 [================>.............] - ETA: 0s - loss: 1.4811 - accuracy: 0.4799
63/98 [==================>...........] - ETA: 0s - loss: 1.4786 - accuracy: 0.4799
68/98 [===================>..........] - ETA: 0s - loss: 1.4772 - accuracy: 0.4803
72/98 [=====================>........] - ETA: 0s - loss: 1.4752 - accuracy: 0.4812
76/98 [======================>.......] - ETA: 0s - loss: 1.4756 - accuracy: 0.4812
80/98 [=======================>......] - ETA: 0s - loss: 1.4747 - accuracy: 0.4811
84/98 [========================>.....] - ETA: 0s - loss: 1.4738 - accuracy: 0.4815
89/98 [==========================>...] - ETA: 0s - loss: 1.4744 - accuracy: 0.4810
93/98 [===========================>..] - ETA: 0s - loss: 1.4727 - accuracy: 0.4817
98/98 [==============================] - ETA: 0s - loss: 1.4721 - accuracy: 0.4816
98/98 [==============================] - 2s 18ms/step - loss: 1.4721 - accuracy: 0.4816 - val_loss: 1.3734 - val_accuracy: 0.5203
Epoch 14/34

 1/98 [..............................] - ETA: 3s - loss: 1.4499 - accuracy: 0.5234
 5/98 [>.............................] - ETA: 1s - loss: 1.4566 - accuracy: 0.4965
10/98 [==>...........................] - ETA: 1s - loss: 1.4698 - accuracy: 0.4895
14/98 [===>..........................] - ETA: 1s - loss: 1.4643 - accuracy: 0.4903
19/98 [====>.........................] - ETA: 1s - loss: 1.4655 - accuracy: 0.4874
23/98 [======>.......................] - ETA: 1s - loss: 1.4676 - accuracy: 0.4866
27/98 [=======>......................] - ETA: 1s - loss: 1.4676 - accuracy: 0.4867
32/98 [========>.....................] - ETA: 0s - loss: 1.4679 - accuracy: 0.4868
36/98 [==========>...................] - ETA: 0s - loss: 1.4652 - accuracy: 0.4875
41/98 [===========>..................] - ETA: 0s - loss: 1.4656 - accuracy: 0.4877
45/98 [============>.................] - ETA: 0s - loss: 1.4628 - accuracy: 0.4883
50/98 [==============>...............] - ETA: 0s - loss: 1.4642 - accuracy: 0.4880
54/98 [===============>..............] - ETA: 0s - loss: 1.4642 - accuracy: 0.4882
58/98 [================>.............] - ETA: 0s - loss: 1.4641 - accuracy: 0.4880
63/98 [==================>...........] - ETA: 0s - loss: 1.4639 - accuracy: 0.4866
67/98 [===================>..........] - ETA: 0s - loss: 1.4621 - accuracy: 0.4872
72/98 [=====================>........] - ETA: 0s - loss: 1.4605 - accuracy: 0.4875
76/98 [======================>.......] - ETA: 0s - loss: 1.4629 - accuracy: 0.4864
81/98 [=======================>......] - ETA: 0s - loss: 1.4614 - accuracy: 0.4872
85/98 [=========================>....] - ETA: 0s - loss: 1.4611 - accuracy: 0.4877
89/98 [==========================>...] - ETA: 0s - loss: 1.4598 - accuracy: 0.4877
94/98 [===========================>..] - ETA: 0s - loss: 1.4593 - accuracy: 0.4871
98/98 [==============================] - ETA: 0s - loss: 1.4592 - accuracy: 0.4874
98/98 [==============================] - 2s 18ms/step - loss: 1.4592 - accuracy: 0.4874 - val_loss: 1.3642 - val_accuracy: 0.5214
Epoch 15/34

 1/98 [..............................] - ETA: 1s - loss: 1.3455 - accuracy: 0.5117
 5/98 [>.............................] - ETA: 1s - loss: 1.4448 - accuracy: 0.4926
 9/98 [=>............................] - ETA: 1s - loss: 1.4621 - accuracy: 0.4881
14/98 [===>..........................] - ETA: 1s - loss: 1.4558 - accuracy: 0.4860
17/98 [====>.........................] - ETA: 1s - loss: 1.4523 - accuracy: 0.4868
21/98 [=====>........................] - ETA: 1s - loss: 1.4459 - accuracy: 0.4890
26/98 [======>.......................] - ETA: 1s - loss: 1.4516 - accuracy: 0.4854
30/98 [========>.....................] - ETA: 0s - loss: 1.4509 - accuracy: 0.4864
34/98 [=========>....................] - ETA: 0s - loss: 1.4491 - accuracy: 0.4879
39/98 [==========>...................] - ETA: 0s - loss: 1.4485 - accuracy: 0.4885
43/98 [============>.................] - ETA: 0s - loss: 1.4474 - accuracy: 0.4886
48/98 [=============>................] - ETA: 0s - loss: 1.4437 - accuracy: 0.4893
52/98 [==============>...............] - ETA: 0s - loss: 1.4427 - accuracy: 0.4912
57/98 [================>.............] - ETA: 0s - loss: 1.4452 - accuracy: 0.4898
61/98 [=================>............] - ETA: 0s - loss: 1.4434 - accuracy: 0.4908
66/98 [===================>..........] - ETA: 0s - loss: 1.4438 - accuracy: 0.4908
70/98 [====================>.........] - ETA: 0s - loss: 1.4454 - accuracy: 0.4904
74/98 [=====================>........] - ETA: 0s - loss: 1.4455 - accuracy: 0.4905
79/98 [=======================>......] - ETA: 0s - loss: 1.4462 - accuracy: 0.4908
83/98 [========================>.....] - ETA: 0s - loss: 1.4462 - accuracy: 0.4909
88/98 [=========================>....] - ETA: 0s - loss: 1.4457 - accuracy: 0.4916
92/98 [===========================>..] - ETA: 0s - loss: 1.4437 - accuracy: 0.4922
97/98 [============================>.] - ETA: 0s - loss: 1.4428 - accuracy: 0.4926
98/98 [==============================] - 2s 19ms/step - loss: 1.4439 - accuracy: 0.4923 - val_loss: 1.3527 - val_accuracy: 0.5281
Epoch 16/34

 1/98 [..............................] - ETA: 3s - loss: 1.3674 - accuracy: 0.5332
 5/98 [>.............................] - ETA: 1s - loss: 1.4301 - accuracy: 0.4949
10/98 [==>...........................] - ETA: 1s - loss: 1.4404 - accuracy: 0.4926
14/98 [===>..........................] - ETA: 1s - loss: 1.4350 - accuracy: 0.4916
19/98 [====>.........................] - ETA: 1s - loss: 1.4355 - accuracy: 0.4924
23/98 [======>.......................] - ETA: 1s - loss: 1.4302 - accuracy: 0.4948
28/98 [=======>......................] - ETA: 0s - loss: 1.4285 - accuracy: 0.4977
32/98 [========>.....................] - ETA: 0s - loss: 1.4250 - accuracy: 0.4994
37/98 [==========>...................] - ETA: 0s - loss: 1.4276 - accuracy: 0.4984
41/98 [===========>..................] - ETA: 0s - loss: 1.4285 - accuracy: 0.4988
46/98 [=============>................] - ETA: 0s - loss: 1.4309 - accuracy: 0.4975
50/98 [==============>...............] - ETA: 0s - loss: 1.4306 - accuracy: 0.4979
54/98 [===============>..............] - ETA: 0s - loss: 1.4324 - accuracy: 0.4975
59/98 [=================>............] - ETA: 0s - loss: 1.4290 - accuracy: 0.4985
63/98 [==================>...........] - ETA: 0s - loss: 1.4293 - accuracy: 0.4985
68/98 [===================>..........] - ETA: 0s - loss: 1.4311 - accuracy: 0.4969
72/98 [=====================>........] - ETA: 0s - loss: 1.4321 - accuracy: 0.4968
77/98 [======================>.......] - ETA: 0s - loss: 1.4330 - accuracy: 0.4974
81/98 [=======================>......] - ETA: 0s - loss: 1.4334 - accuracy: 0.4978
85/98 [=========================>....] - ETA: 0s - loss: 1.4345 - accuracy: 0.4969
90/98 [==========================>...] - ETA: 0s - loss: 1.4331 - accuracy: 0.4975
94/98 [===========================>..] - ETA: 0s - loss: 1.4331 - accuracy: 0.4972
98/98 [==============================] - ETA: 0s - loss: 1.4329 - accuracy: 0.4972
98/98 [==============================] - 2s 18ms/step - loss: 1.4329 - accuracy: 0.4972 - val_loss: 1.3420 - val_accuracy: 0.5317
Epoch 17/34

 1/98 [..............................] - ETA: 3s - loss: 1.3224 - accuracy: 0.5430
 6/98 [>.............................] - ETA: 1s - loss: 1.3896 - accuracy: 0.5133
10/98 [==>...........................] - ETA: 1s - loss: 1.3968 - accuracy: 0.5057
14/98 [===>..........................] - ETA: 1s - loss: 1.4007 - accuracy: 0.5050
19/98 [====>.........................] - ETA: 1s - loss: 1.3988 - accuracy: 0.5057
22/98 [=====>........................] - ETA: 1s - loss: 1.4014 - accuracy: 0.5046
27/98 [=======>......................] - ETA: 0s - loss: 1.4021 - accuracy: 0.5025
31/98 [========>.....................] - ETA: 0s - loss: 1.4044 - accuracy: 0.5015
36/98 [==========>...................] - ETA: 0s - loss: 1.4113 - accuracy: 0.5004
40/98 [===========>..................] - ETA: 0s - loss: 1.4101 - accuracy: 0.5012
45/98 [============>.................] - ETA: 0s - loss: 1.4112 - accuracy: 0.5012
49/98 [==============>...............] - ETA: 0s - loss: 1.4131 - accuracy: 0.5007
53/98 [===============>..............] - ETA: 0s - loss: 1.4152 - accuracy: 0.5008
58/98 [================>.............] - ETA: 0s - loss: 1.4137 - accuracy: 0.5017
62/98 [=================>............] - ETA: 0s - loss: 1.4148 - accuracy: 0.5013
67/98 [===================>..........] - ETA: 0s - loss: 1.4142 - accuracy: 0.5017
71/98 [====================>.........] - ETA: 0s - loss: 1.4137 - accuracy: 0.5016
75/98 [=====================>........] - ETA: 0s - loss: 1.4122 - accuracy: 0.5026
80/98 [=======================>......] - ETA: 0s - loss: 1.4139 - accuracy: 0.5024
84/98 [========================>.....] - ETA: 0s - loss: 1.4126 - accuracy: 0.5032
89/98 [==========================>...] - ETA: 0s - loss: 1.4153 - accuracy: 0.5023
93/98 [===========================>..] - ETA: 0s - loss: 1.4153 - accuracy: 0.5022
97/98 [============================>.] - ETA: 0s - loss: 1.4136 - accuracy: 0.5029
98/98 [==============================] - 2s 18ms/step - loss: 1.4125 - accuracy: 0.5032 - val_loss: 1.3340 - val_accuracy: 0.5350
Epoch 18/34

 1/98 [..............................] - ETA: 1s - loss: 1.4907 - accuracy: 0.4668
 5/98 [>.............................] - ETA: 1s - loss: 1.4240 - accuracy: 0.5039
 9/98 [=>............................] - ETA: 1s - loss: 1.4244 - accuracy: 0.4993
14/98 [===>..........................] - ETA: 1s - loss: 1.4146 - accuracy: 0.5035
18/98 [====>.........................] - ETA: 1s - loss: 1.4095 - accuracy: 0.5065
23/98 [======>.......................] - ETA: 1s - loss: 1.4110 - accuracy: 0.5062
27/98 [=======>......................] - ETA: 1s - loss: 1.4042 - accuracy: 0.5085
32/98 [========>.....................] - ETA: 0s - loss: 1.4044 - accuracy: 0.5082
36/98 [==========>...................] - ETA: 0s - loss: 1.4014 - accuracy: 0.5093
40/98 [===========>..................] - ETA: 0s - loss: 1.3975 - accuracy: 0.5122
45/98 [============>.................] - ETA: 0s - loss: 1.3980 - accuracy: 0.5122
49/98 [==============>...............] - ETA: 0s - loss: 1.3994 - accuracy: 0.5115
54/98 [===============>..............] - ETA: 0s - loss: 1.3983 - accuracy: 0.5115
58/98 [================>.............] - ETA: 0s - loss: 1.4004 - accuracy: 0.5102
63/98 [==================>...........] - ETA: 0s - loss: 1.4016 - accuracy: 0.5092
67/98 [===================>..........] - ETA: 0s - loss: 1.4016 - accuracy: 0.5095
71/98 [====================>.........] - ETA: 0s - loss: 1.4016 - accuracy: 0.5092
76/98 [======================>.......] - ETA: 0s - loss: 1.4013 - accuracy: 0.5091
80/98 [=======================>......] - ETA: 0s - loss: 1.4013 - accuracy: 0.5087
85/98 [=========================>....] - ETA: 0s - loss: 1.4012 - accuracy: 0.5085
89/98 [==========================>...] - ETA: 0s - loss: 1.4012 - accuracy: 0.5081
93/98 [===========================>..] - ETA: 0s - loss: 1.4034 - accuracy: 0.5068
98/98 [==============================] - ETA: 0s - loss: 1.4033 - accuracy: 0.5067
98/98 [==============================] - 2s 18ms/step - loss: 1.4033 - accuracy: 0.5067 - val_loss: 1.3262 - val_accuracy: 0.5367
Epoch 19/34

 1/98 [..............................] - ETA: 3s - loss: 1.3914 - accuracy: 0.5176
 5/98 [>.............................] - ETA: 1s - loss: 1.3726 - accuracy: 0.5207
10/98 [==>...........................] - ETA: 1s - loss: 1.3924 - accuracy: 0.5135
14/98 [===>..........................] - ETA: 1s - loss: 1.3814 - accuracy: 0.5165
19/98 [====>.........................] - ETA: 1s - loss: 1.3747 - accuracy: 0.5162
23/98 [======>.......................] - ETA: 1s - loss: 1.3805 - accuracy: 0.5138
28/98 [=======>......................] - ETA: 0s - loss: 1.3832 - accuracy: 0.5119
32/98 [========>.....................] - ETA: 0s - loss: 1.3788 - accuracy: 0.5119
