2024-06-21 18:20:58.563187: I tensorflow/core/platform/cpu_feature_guard.cc:193] This TensorFlow binary is optimized with oneAPI Deep Neural Network Library (oneDNN) to use the following CPU instructions in performance-critical operations:  AVX AVX2
To enable them in other operations, rebuild TensorFlow with the appropriate compiler flags.
2024-06-21 18:20:58.976558: I tensorflow/core/common_runtime/gpu/gpu_device.cc:1616] Created device /job:localhost/replica:0/task:0/device:GPU:0 with 6144 MB memory:  -> device: 0, name: NVIDIA GeForce RTX 4060 Ti, pci bus id: 0000:01:00.0, compute capability: 8.9
1 Physical GPUs, 1 Logical GPUs
Model: "sequential"
_________________________________________________________________
 Layer (type)                Output Shape              Param #   
=================================================================
 conv2d (Conv2D)             (None, 32, 32, 32)        896       
                                                                 
 batch_normalization (BatchN  (None, 32, 32, 32)       128       
 ormalization)                                                   
                                                                 
 dropout (Dropout)           (None, 32, 32, 32)        0         
                                                                 
 flatten (Flatten)           (None, 32768)             0         
                                                                 
 dense (Dense)               (None, 46)                1507374   
                                                                 
 dropout_1 (Dropout)         (None, 46)                0         
                                                                 
 dense_1 (Dense)             (None, 10)                470       
                                                                 
=================================================================
Total params: 1,508,868
Trainable params: 1,508,804
Non-trainable params: 64
_________________________________________________________________
Taxa de aprendizado:  1e-05 Num de épocas:  34 Tamanho do lote:  512 Dropout:  0.26
Epoch 1/34
2024-06-21 18:21:00.032205: I tensorflow/stream_executor/cuda/cuda_dnn.cc:384] Loaded cuDNN version 8100
2024-06-21 18:21:00.699463: W tensorflow/stream_executor/gpu/redzone_allocator.cc:314] INTERNAL: ptxas exited with non-zero error code -1, output: 
Relying on driver to perform ptx compilation. 
Modify $PATH to customize ptxas location.
This message will be only logged once.
2024-06-21 18:21:01.276413: I tensorflow/stream_executor/cuda/cuda_blas.cc:1614] TensorFloat-32 will be used for the matrix multiplication. This will only be logged once.

 1/98 [..............................] - ETA: 3:32 - loss: 2.8082 - accuracy: 0.0996
 5/98 [>.............................] - ETA: 1s - loss: 2.6819 - accuracy: 0.1141  
 9/98 [=>............................] - ETA: 1s - loss: 2.5924 - accuracy: 0.1313
14/98 [===>..........................] - ETA: 1s - loss: 2.5207 - accuracy: 0.1433
18/98 [====>.........................] - ETA: 1s - loss: 2.4759 - accuracy: 0.1522
23/98 [======>.......................] - ETA: 1s - loss: 2.4339 - accuracy: 0.1622
27/98 [=======>......................] - ETA: 1s - loss: 2.4059 - accuracy: 0.1683
31/98 [========>.....................] - ETA: 0s - loss: 2.3808 - accuracy: 0.1763
35/98 [=========>....................] - ETA: 0s - loss: 2.3587 - accuracy: 0.1815
39/98 [==========>...................] - ETA: 0s - loss: 2.3428 - accuracy: 0.1862
44/98 [============>.................] - ETA: 0s - loss: 2.3198 - accuracy: 0.1932
48/98 [=============>................] - ETA: 0s - loss: 2.3018 - accuracy: 0.1978
53/98 [===============>..............] - ETA: 0s - loss: 2.2860 - accuracy: 0.2018
57/98 [================>.............] - ETA: 0s - loss: 2.2688 - accuracy: 0.2076
61/98 [=================>............] - ETA: 0s - loss: 2.2580 - accuracy: 0.2112
66/98 [===================>..........] - ETA: 0s - loss: 2.2441 - accuracy: 0.2156
70/98 [====================>.........] - ETA: 0s - loss: 2.2335 - accuracy: 0.2192
74/98 [=====================>........] - ETA: 0s - loss: 2.2253 - accuracy: 0.2218
77/98 [======================>.......] - ETA: 0s - loss: 2.2160 - accuracy: 0.2253
82/98 [========================>.....] - ETA: 0s - loss: 2.2061 - accuracy: 0.2283
86/98 [=========================>....] - ETA: 0s - loss: 2.1960 - accuracy: 0.2318
90/98 [==========================>...] - ETA: 0s - loss: 2.1881 - accuracy: 0.2342
95/98 [============================>.] - ETA: 0s - loss: 2.1788 - accuracy: 0.2371
98/98 [==============================] - 4s 21ms/step - loss: 2.1738 - accuracy: 0.2390 - val_loss: 2.0680 - val_accuracy: 0.2782
Epoch 2/34

 1/98 [..............................] - ETA: 3s - loss: 1.9699 - accuracy: 0.3359
 6/98 [>.............................] - ETA: 1s - loss: 1.9933 - accuracy: 0.3018
10/98 [==>...........................] - ETA: 1s - loss: 1.9856 - accuracy: 0.3043
15/98 [===>..........................] - ETA: 1s - loss: 1.9638 - accuracy: 0.3130
19/98 [====>.........................] - ETA: 1s - loss: 1.9545 - accuracy: 0.3138
24/98 [======>.......................] - ETA: 1s - loss: 1.9533 - accuracy: 0.3137
28/98 [=======>......................] - ETA: 0s - loss: 1.9557 - accuracy: 0.3138
32/98 [========>.....................] - ETA: 0s - loss: 1.9572 - accuracy: 0.3135
37/98 [==========>...................] - ETA: 0s - loss: 1.9545 - accuracy: 0.3128
41/98 [===========>..................] - ETA: 0s - loss: 1.9536 - accuracy: 0.3125
46/98 [=============>................] - ETA: 0s - loss: 1.9515 - accuracy: 0.3125
50/98 [==============>...............] - ETA: 0s - loss: 1.9469 - accuracy: 0.3152
55/98 [===============>..............] - ETA: 0s - loss: 1.9446 - accuracy: 0.3160
59/98 [=================>............] - ETA: 0s - loss: 1.9413 - accuracy: 0.3174
63/98 [==================>...........] - ETA: 0s - loss: 1.9411 - accuracy: 0.3173
68/98 [===================>..........] - ETA: 0s - loss: 1.9359 - accuracy: 0.3187
72/98 [=====================>........] - ETA: 0s - loss: 1.9323 - accuracy: 0.3199
77/98 [======================>.......] - ETA: 0s - loss: 1.9325 - accuracy: 0.3200
81/98 [=======================>......] - ETA: 0s - loss: 1.9287 - accuracy: 0.3210
86/98 [=========================>....] - ETA: 0s - loss: 1.9256 - accuracy: 0.3222
90/98 [==========================>...] - ETA: 0s - loss: 1.9249 - accuracy: 0.3224
94/98 [===========================>..] - ETA: 0s - loss: 1.9210 - accuracy: 0.3236
98/98 [==============================] - 2s 18ms/step - loss: 1.9190 - accuracy: 0.3244 - val_loss: 1.9160 - val_accuracy: 0.3663
Epoch 3/34

 1/98 [..............................] - ETA: 3s - loss: 1.8994 - accuracy: 0.2949
 6/98 [>.............................] - ETA: 1s - loss: 1.8729 - accuracy: 0.3366
10/98 [==>...........................] - ETA: 1s - loss: 1.8735 - accuracy: 0.3363
14/98 [===>..........................] - ETA: 1s - loss: 1.8644 - accuracy: 0.3382
19/98 [====>.........................] - ETA: 1s - loss: 1.8566 - accuracy: 0.3421
24/98 [======>.......................] - ETA: 1s - loss: 1.8509 - accuracy: 0.3459
28/98 [=======>......................] - ETA: 0s - loss: 1.8468 - accuracy: 0.3470
32/98 [========>.....................] - ETA: 0s - loss: 1.8481 - accuracy: 0.3446
37/98 [==========>...................] - ETA: 0s - loss: 1.8470 - accuracy: 0.3451
41/98 [===========>..................] - ETA: 0s - loss: 1.8446 - accuracy: 0.3468
46/98 [=============>................] - ETA: 0s - loss: 1.8445 - accuracy: 0.3481
49/98 [==============>...............] - ETA: 0s - loss: 1.8436 - accuracy: 0.3489
53/98 [===============>..............] - ETA: 0s - loss: 1.8435 - accuracy: 0.3496
58/98 [================>.............] - ETA: 0s - loss: 1.8429 - accuracy: 0.3508
62/98 [=================>............] - ETA: 0s - loss: 1.8412 - accuracy: 0.3513
67/98 [===================>..........] - ETA: 0s - loss: 1.8404 - accuracy: 0.3521
71/98 [====================>.........] - ETA: 0s - loss: 1.8381 - accuracy: 0.3528
75/98 [=====================>........] - ETA: 0s - loss: 1.8354 - accuracy: 0.3536
80/98 [=======================>......] - ETA: 0s - loss: 1.8318 - accuracy: 0.3554
84/98 [========================>.....] - ETA: 0s - loss: 1.8308 - accuracy: 0.3555
89/98 [==========================>...] - ETA: 0s - loss: 1.8302 - accuracy: 0.3566
93/98 [===========================>..] - ETA: 0s - loss: 1.8277 - accuracy: 0.3578
98/98 [==============================] - ETA: 0s - loss: 1.8264 - accuracy: 0.3580
98/98 [==============================] - 2s 19ms/step - loss: 1.8264 - accuracy: 0.3580 - val_loss: 1.7937 - val_accuracy: 0.3943
Epoch 4/34

 1/98 [..............................] - ETA: 3s - loss: 1.8148 - accuracy: 0.3457
 6/98 [>.............................] - ETA: 1s - loss: 1.7692 - accuracy: 0.3796
10/98 [==>...........................] - ETA: 1s - loss: 1.7699 - accuracy: 0.3754
14/98 [===>..........................] - ETA: 1s - loss: 1.7683 - accuracy: 0.3757
19/98 [====>.........................] - ETA: 1s - loss: 1.7678 - accuracy: 0.3754
24/98 [======>.......................] - ETA: 1s - loss: 1.7616 - accuracy: 0.3780
28/98 [=======>......................] - ETA: 0s - loss: 1.7632 - accuracy: 0.3768
32/98 [========>.....................] - ETA: 0s - loss: 1.7605 - accuracy: 0.3788
37/98 [==========>...................] - ETA: 0s - loss: 1.7635 - accuracy: 0.3775
41/98 [===========>..................] - ETA: 0s - loss: 1.7650 - accuracy: 0.3769
45/98 [============>.................] - ETA: 0s - loss: 1.7622 - accuracy: 0.3780
50/98 [==============>...............] - ETA: 0s - loss: 1.7622 - accuracy: 0.3775
54/98 [===============>..............] - ETA: 0s - loss: 1.7638 - accuracy: 0.3774
59/98 [=================>............] - ETA: 0s - loss: 1.7671 - accuracy: 0.3773
63/98 [==================>...........] - ETA: 0s - loss: 1.7660 - accuracy: 0.3779
68/98 [===================>..........] - ETA: 0s - loss: 1.7648 - accuracy: 0.3783
72/98 [=====================>........] - ETA: 0s - loss: 1.7631 - accuracy: 0.3788
77/98 [======================>.......] - ETA: 0s - loss: 1.7621 - accuracy: 0.3786
81/98 [=======================>......] - ETA: 0s - loss: 1.7618 - accuracy: 0.3796
85/98 [=========================>....] - ETA: 0s - loss: 1.7600 - accuracy: 0.3800
90/98 [==========================>...] - ETA: 0s - loss: 1.7602 - accuracy: 0.3803
94/98 [===========================>..] - ETA: 0s - loss: 1.7608 - accuracy: 0.3804
98/98 [==============================] - 2s 18ms/step - loss: 1.7605 - accuracy: 0.3802 - val_loss: 1.6937 - val_accuracy: 0.4185
Epoch 5/34

 1/98 [..............................] - ETA: 1s - loss: 1.7257 - accuracy: 0.4160
 4/98 [>.............................] - ETA: 1s - loss: 1.7033 - accuracy: 0.4014
 8/98 [=>............................] - ETA: 1s - loss: 1.7254 - accuracy: 0.3892
13/98 [==>...........................] - ETA: 1s - loss: 1.7295 - accuracy: 0.3902
17/98 [====>.........................] - ETA: 1s - loss: 1.7365 - accuracy: 0.3878
22/98 [=====>........................] - ETA: 1s - loss: 1.7357 - accuracy: 0.3854
26/98 [======>.......................] - ETA: 1s - loss: 1.7320 - accuracy: 0.3864
31/98 [========>.....................] - ETA: 0s - loss: 1.7291 - accuracy: 0.3871
35/98 [=========>....................] - ETA: 0s - loss: 1.7320 - accuracy: 0.3871
39/98 [==========>...................] - ETA: 0s - loss: 1.7322 - accuracy: 0.3864
44/98 [============>.................] - ETA: 0s - loss: 1.7324 - accuracy: 0.3868
48/98 [=============>................] - ETA: 0s - loss: 1.7298 - accuracy: 0.3871
53/98 [===============>..............] - ETA: 0s - loss: 1.7288 - accuracy: 0.3880
57/98 [================>.............] - ETA: 0s - loss: 1.7295 - accuracy: 0.3889
62/98 [=================>............] - ETA: 0s - loss: 1.7274 - accuracy: 0.3906
66/98 [===================>..........] - ETA: 0s - loss: 1.7272 - accuracy: 0.3908
70/98 [====================>.........] - ETA: 0s - loss: 1.7256 - accuracy: 0.3914
75/98 [=====================>........] - ETA: 0s - loss: 1.7245 - accuracy: 0.3915
79/98 [=======================>......] - ETA: 0s - loss: 1.7231 - accuracy: 0.3922
84/98 [========================>.....] - ETA: 0s - loss: 1.7218 - accuracy: 0.3927
88/98 [=========================>....] - ETA: 0s - loss: 1.7222 - accuracy: 0.3926
93/98 [===========================>..] - ETA: 0s - loss: 1.7215 - accuracy: 0.3925
97/98 [============================>.] - ETA: 0s - loss: 1.7198 - accuracy: 0.3932
98/98 [==============================] - 2s 18ms/step - loss: 1.7197 - accuracy: 0.3934 - val_loss: 1.6110 - val_accuracy: 0.4444
Epoch 6/34

 1/98 [..............................] - ETA: 3s - loss: 1.7506 - accuracy: 0.4062
 5/98 [>.............................] - ETA: 1s - loss: 1.6868 - accuracy: 0.4020
10/98 [==>...........................] - ETA: 1s - loss: 1.6917 - accuracy: 0.4018
15/98 [===>..........................] - ETA: 1s - loss: 1.6927 - accuracy: 0.4015
19/98 [====>.........................] - ETA: 1s - loss: 1.6918 - accuracy: 0.4021
24/98 [======>.......................] - ETA: 1s - loss: 1.6918 - accuracy: 0.4007
27/98 [=======>......................] - ETA: 1s - loss: 1.6892 - accuracy: 0.4025
31/98 [========>.....................] - ETA: 0s - loss: 1.6865 - accuracy: 0.4028
35/98 [=========>....................] - ETA: 0s - loss: 1.6843 - accuracy: 0.4039
40/98 [===========>..................] - ETA: 0s - loss: 1.6857 - accuracy: 0.4036
44/98 [============>.................] - ETA: 0s - loss: 1.6873 - accuracy: 0.4025
48/98 [=============>................] - ETA: 0s - loss: 1.6860 - accuracy: 0.4038
53/98 [===============>..............] - ETA: 0s - loss: 1.6819 - accuracy: 0.4060
57/98 [================>.............] - ETA: 0s - loss: 1.6827 - accuracy: 0.4056
61/98 [=================>............] - ETA: 0s - loss: 1.6842 - accuracy: 0.4058
66/98 [===================>..........] - ETA: 0s - loss: 1.6849 - accuracy: 0.4064
70/98 [====================>.........] - ETA: 0s - loss: 1.6852 - accuracy: 0.4068
75/98 [=====================>........] - ETA: 0s - loss: 1.6834 - accuracy: 0.4067
79/98 [=======================>......] - ETA: 0s - loss: 1.6798 - accuracy: 0.4076
84/98 [========================>.....] - ETA: 0s - loss: 1.6783 - accuracy: 0.4075
87/98 [=========================>....] - ETA: 0s - loss: 1.6767 - accuracy: 0.4083
91/98 [==========================>...] - ETA: 0s - loss: 1.6762 - accuracy: 0.4079
96/98 [============================>.] - ETA: 0s - loss: 1.6738 - accuracy: 0.4083
98/98 [==============================] - 2s 19ms/step - loss: 1.6726 - accuracy: 0.4089 - val_loss: 1.5469 - val_accuracy: 0.4642
Epoch 7/34

 1/98 [..............................] - ETA: 3s - loss: 1.5977 - accuracy: 0.4414
 5/98 [>.............................] - ETA: 1s - loss: 1.6534 - accuracy: 0.4199
10/98 [==>...........................] - ETA: 1s - loss: 1.6441 - accuracy: 0.4223
14/98 [===>..........................] - ETA: 1s - loss: 1.6390 - accuracy: 0.4237
18/98 [====>.........................] - ETA: 1s - loss: 1.6401 - accuracy: 0.4197
23/98 [======>.......................] - ETA: 1s - loss: 1.6399 - accuracy: 0.4208
27/98 [=======>......................] - ETA: 1s - loss: 1.6358 - accuracy: 0.4224
32/98 [========>.....................] - ETA: 0s - loss: 1.6446 - accuracy: 0.4186
36/98 [==========>...................] - ETA: 0s - loss: 1.6437 - accuracy: 0.4199
41/98 [===========>..................] - ETA: 0s - loss: 1.6399 - accuracy: 0.4208
46/98 [=============>................] - ETA: 0s - loss: 1.6413 - accuracy: 0.4212
50/98 [==============>...............] - ETA: 0s - loss: 1.6407 - accuracy: 0.4213
54/98 [===============>..............] - ETA: 0s - loss: 1.6412 - accuracy: 0.4214
59/98 [=================>............] - ETA: 0s - loss: 1.6398 - accuracy: 0.4220
63/98 [==================>...........] - ETA: 0s - loss: 1.6399 - accuracy: 0.4213
68/98 [===================>..........] - ETA: 0s - loss: 1.6399 - accuracy: 0.4212
72/98 [=====================>........] - ETA: 0s - loss: 1.6400 - accuracy: 0.4211
77/98 [======================>.......] - ETA: 0s - loss: 1.6374 - accuracy: 0.4221
81/98 [=======================>......] - ETA: 0s - loss: 1.6380 - accuracy: 0.4227
86/98 [=========================>....] - ETA: 0s - loss: 1.6387 - accuracy: 0.4220
90/98 [==========================>...] - ETA: 0s - loss: 1.6385 - accuracy: 0.4222
94/98 [===========================>..] - ETA: 0s - loss: 1.6381 - accuracy: 0.4217
98/98 [==============================] - 2s 18ms/step - loss: 1.6388 - accuracy: 0.4218 - val_loss: 1.5029 - val_accuracy: 0.4751
Epoch 8/34

 1/98 [..............................] - ETA: 3s - loss: 1.5567 - accuracy: 0.4512
 5/98 [>.............................] - ETA: 1s - loss: 1.6224 - accuracy: 0.4262
10/98 [==>...........................] - ETA: 1s - loss: 1.6262 - accuracy: 0.4275
14/98 [===>..........................] - ETA: 1s - loss: 1.6169 - accuracy: 0.4308
18/98 [====>.........................] - ETA: 1s - loss: 1.6223 - accuracy: 0.4270
23/98 [======>.......................] - ETA: 1s - loss: 1.6212 - accuracy: 0.4262
27/98 [=======>......................] - ETA: 1s - loss: 1.6166 - accuracy: 0.4282
32/98 [========>.....................] - ETA: 0s - loss: 1.6184 - accuracy: 0.4269
36/98 [==========>...................] - ETA: 0s - loss: 1.6192 - accuracy: 0.4268
39/98 [==========>...................] - ETA: 0s - loss: 1.6191 - accuracy: 0.4284
44/98 [============>.................] - ETA: 0s - loss: 1.6141 - accuracy: 0.4309
48/98 [=============>................] - ETA: 0s - loss: 1.6138 - accuracy: 0.4309
53/98 [===============>..............] - ETA: 0s - loss: 1.6125 - accuracy: 0.4310
57/98 [================>.............] - ETA: 0s - loss: 1.6140 - accuracy: 0.4310
61/98 [=================>............] - ETA: 0s - loss: 1.6166 - accuracy: 0.4307
66/98 [===================>..........] - ETA: 0s - loss: 1.6136 - accuracy: 0.4310
70/98 [====================>.........] - ETA: 0s - loss: 1.6117 - accuracy: 0.4318
75/98 [=====================>........] - ETA: 0s - loss: 1.6103 - accuracy: 0.4322
79/98 [=======================>......] - ETA: 0s - loss: 1.6115 - accuracy: 0.4323
84/98 [========================>.....] - ETA: 0s - loss: 1.6125 - accuracy: 0.4324
88/98 [=========================>....] - ETA: 0s - loss: 1.6111 - accuracy: 0.4332
92/98 [===========================>..] - ETA: 0s - loss: 1.6111 - accuracy: 0.4330
97/98 [============================>.] - ETA: 0s - loss: 1.6108 - accuracy: 0.4336
98/98 [==============================] - 2s 19ms/step - loss: 1.6109 - accuracy: 0.4337 - val_loss: 1.4732 - val_accuracy: 0.4823
Epoch 9/34

 1/98 [..............................] - ETA: 3s - loss: 1.5724 - accuracy: 0.4531
 5/98 [>.............................] - ETA: 1s - loss: 1.6162 - accuracy: 0.4344
10/98 [==>...........................] - ETA: 1s - loss: 1.5990 - accuracy: 0.4373
14/98 [===>..........................] - ETA: 1s - loss: 1.5922 - accuracy: 0.4381
18/98 [====>.........................] - ETA: 1s - loss: 1.5871 - accuracy: 0.4403
23/98 [======>.......................] - ETA: 1s - loss: 1.5875 - accuracy: 0.4423
27/98 [=======>......................] - ETA: 1s - loss: 1.5875 - accuracy: 0.4409
32/98 [========>.....................] - ETA: 0s - loss: 1.5871 - accuracy: 0.4421
36/98 [==========>...................] - ETA: 0s - loss: 1.5864 - accuracy: 0.4431
41/98 [===========>..................] - ETA: 0s - loss: 1.5876 - accuracy: 0.4421
45/98 [============>.................] - ETA: 0s - loss: 1.5896 - accuracy: 0.4409
50/98 [==============>...............] - ETA: 0s - loss: 1.5905 - accuracy: 0.4423
54/98 [===============>..............] - ETA: 0s - loss: 1.5885 - accuracy: 0.4424
58/98 [================>.............] - ETA: 0s - loss: 1.5880 - accuracy: 0.4426
62/98 [=================>............] - ETA: 0s - loss: 1.5878 - accuracy: 0.4422
66/98 [===================>..........] - ETA: 0s - loss: 1.5878 - accuracy: 0.4425
71/98 [====================>.........] - ETA: 0s - loss: 1.5862 - accuracy: 0.4435
75/98 [=====================>........] - ETA: 0s - loss: 1.5840 - accuracy: 0.4436
80/98 [=======================>......] - ETA: 0s - loss: 1.5850 - accuracy: 0.4432
85/98 [=========================>....] - ETA: 0s - loss: 1.5860 - accuracy: 0.4434
89/98 [==========================>...] - ETA: 0s - loss: 1.5849 - accuracy: 0.4435
93/98 [===========================>..] - ETA: 0s - loss: 1.5851 - accuracy: 0.4437
98/98 [==============================] - ETA: 0s - loss: 1.5840 - accuracy: 0.4442
98/98 [==============================] - 2s 18ms/step - loss: 1.5840 - accuracy: 0.4442 - val_loss: 1.4534 - val_accuracy: 0.4927
Epoch 10/34

 1/98 [..............................] - ETA: 3s - loss: 1.5293 - accuracy: 0.4844
 6/98 [>.............................] - ETA: 1s - loss: 1.5460 - accuracy: 0.4518
10/98 [==>...........................] - ETA: 1s - loss: 1.5564 - accuracy: 0.4506
14/98 [===>..........................] - ETA: 1s - loss: 1.5591 - accuracy: 0.4505
18/98 [====>.........................] - ETA: 1s - loss: 1.5634 - accuracy: 0.4512
22/98 [=====>........................] - ETA: 1s - loss: 1.5707 - accuracy: 0.4483
27/98 [=======>......................] - ETA: 0s - loss: 1.5718 - accuracy: 0.4476
31/98 [========>.....................] - ETA: 0s - loss: 1.5710 - accuracy: 0.4470
36/98 [==========>...................] - ETA: 0s - loss: 1.5672 - accuracy: 0.4489
40/98 [===========>..................] - ETA: 0s - loss: 1.5667 - accuracy: 0.4491
44/98 [============>.................] - ETA: 0s - loss: 1.5679 - accuracy: 0.4484
49/98 [==============>...............] - ETA: 0s - loss: 1.5650 - accuracy: 0.4500
54/98 [===============>..............] - ETA: 0s - loss: 1.5649 - accuracy: 0.4500
58/98 [================>.............] - ETA: 0s - loss: 1.5638 - accuracy: 0.4505
63/98 [==================>...........] - ETA: 0s - loss: 1.5627 - accuracy: 0.4504
67/98 [===================>..........] - ETA: 0s - loss: 1.5649 - accuracy: 0.4502
72/98 [=====================>........] - ETA: 0s - loss: 1.5663 - accuracy: 0.4496
76/98 [======================>.......] - ETA: 0s - loss: 1.5674 - accuracy: 0.4490
80/98 [=======================>......] - ETA: 0s - loss: 1.5654 - accuracy: 0.4492
85/98 [=========================>....] - ETA: 0s - loss: 1.5646 - accuracy: 0.4498
89/98 [==========================>...] - ETA: 0s - loss: 1.5641 - accuracy: 0.4501
94/98 [===========================>..] - ETA: 0s - loss: 1.5635 - accuracy: 0.4504
98/98 [==============================] - ETA: 0s - loss: 1.5623 - accuracy: 0.4508
98/98 [==============================] - 2s 18ms/step - loss: 1.5623 - accuracy: 0.4508 - val_loss: 1.4329 - val_accuracy: 0.4951
Epoch 11/34

 1/98 [..............................] - ETA: 1s - loss: 1.5380 - accuracy: 0.4629
 5/98 [>.............................] - ETA: 1s - loss: 1.5551 - accuracy: 0.4535
 9/98 [=>............................] - ETA: 1s - loss: 1.5499 - accuracy: 0.4562
14/98 [===>..........................] - ETA: 1s - loss: 1.5468 - accuracy: 0.4588
18/98 [====>.........................] - ETA: 1s - loss: 1.5443 - accuracy: 0.4594
23/98 [======>.......................] - ETA: 1s - loss: 1.5476 - accuracy: 0.4593
27/98 [=======>......................] - ETA: 1s - loss: 1.5536 - accuracy: 0.4566
32/98 [========>.....................] - ETA: 0s - loss: 1.5478 - accuracy: 0.4568
36/98 [==========>...................] - ETA: 0s - loss: 1.5458 - accuracy: 0.4582
41/98 [===========>..................] - ETA: 0s - loss: 1.5461 - accuracy: 0.4576
45/98 [============>.................] - ETA: 0s - loss: 1.5429 - accuracy: 0.4576
49/98 [==============>...............] - ETA: 0s - loss: 1.5451 - accuracy: 0.4573
54/98 [===============>..............] - ETA: 0s - loss: 1.5467 - accuracy: 0.4568
59/98 [=================>............] - ETA: 0s - loss: 1.5465 - accuracy: 0.4566
63/98 [==================>...........] - ETA: 0s - loss: 1.5484 - accuracy: 0.4560
68/98 [===================>..........] - ETA: 0s - loss: 1.5461 - accuracy: 0.4563
72/98 [=====================>........] - ETA: 0s - loss: 1.5448 - accuracy: 0.4566
76/98 [======================>.......] - ETA: 0s - loss: 1.5445 - accuracy: 0.4556
81/98 [=======================>......] - ETA: 0s - loss: 1.5432 - accuracy: 0.4557
85/98 [=========================>....] - ETA: 0s - loss: 1.5413 - accuracy: 0.4564
90/98 [==========================>...] - ETA: 0s - loss: 1.5423 - accuracy: 0.4564
94/98 [===========================>..] - ETA: 0s - loss: 1.5401 - accuracy: 0.4573
98/98 [==============================] - 2s 18ms/step - loss: 1.5404 - accuracy: 0.4568 - val_loss: 1.4208 - val_accuracy: 0.4998
Epoch 12/34

 1/98 [..............................] - ETA: 3s - loss: 1.5309 - accuracy: 0.4609
 5/98 [>.............................] - ETA: 1s - loss: 1.5187 - accuracy: 0.4820
10/98 [==>...........................] - ETA: 1s - loss: 1.5268 - accuracy: 0.4688
14/98 [===>..........................] - ETA: 1s - loss: 1.5279 - accuracy: 0.4664
19/98 [====>.........................] - ETA: 1s - loss: 1.5286 - accuracy: 0.4653
23/98 [======>.......................] - ETA: 1s - loss: 1.5388 - accuracy: 0.4615
28/98 [=======>......................] - ETA: 0s - loss: 1.5379 - accuracy: 0.4600
32/98 [========>.....................] - ETA: 0s - loss: 1.5343 - accuracy: 0.4603
36/98 [==========>...................] - ETA: 0s - loss: 1.5301 - accuracy: 0.4609
41/98 [===========>..................] - ETA: 0s - loss: 1.5238 - accuracy: 0.4620
45/98 [============>.................] - ETA: 0s - loss: 1.5234 - accuracy: 0.4623
50/98 [==============>...............] - ETA: 0s - loss: 1.5272 - accuracy: 0.4614
54/98 [===============>..............] - ETA: 0s - loss: 1.5257 - accuracy: 0.4626
59/98 [=================>............] - ETA: 0s - loss: 1.5277 - accuracy: 0.4613
63/98 [==================>...........] - ETA: 0s - loss: 1.5274 - accuracy: 0.4618
67/98 [===================>..........] - ETA: 0s - loss: 1.5274 - accuracy: 0.4614
72/98 [=====================>........] - ETA: 0s - loss: 1.5262 - accuracy: 0.4616
76/98 [======================>.......] - ETA: 0s - loss: 1.5263 - accuracy: 0.4620
81/98 [=======================>......] - ETA: 0s - loss: 1.5285 - accuracy: 0.4612
85/98 [=========================>....] - ETA: 0s - loss: 1.5294 - accuracy: 0.4606
90/98 [==========================>...] - ETA: 0s - loss: 1.5270 - accuracy: 0.4611
94/98 [===========================>..] - ETA: 0s - loss: 1.5268 - accuracy: 0.4612
98/98 [==============================] - 2s 18ms/step - loss: 1.5274 - accuracy: 0.4610 - val_loss: 1.4071 - val_accuracy: 0.5042
Epoch 13/34

 1/98 [..............................] - ETA: 3s - loss: 1.3893 - accuracy: 0.5156
 6/98 [>.............................] - ETA: 1s - loss: 1.4779 - accuracy: 0.4805
10/98 [==>...........................] - ETA: 1s - loss: 1.4703 - accuracy: 0.4812
14/98 [===>..........................] - ETA: 1s - loss: 1.4655 - accuracy: 0.4824
18/98 [====>.........................] - ETA: 1s - loss: 1.4665 - accuracy: 0.4829
23/98 [======>.......................] - ETA: 1s - loss: 1.4723 - accuracy: 0.4777
27/98 [=======>......................] - ETA: 1s - loss: 1.4851 - accuracy: 0.4742
32/98 [========>.....................] - ETA: 0s - loss: 1.4861 - accuracy: 0.4751
36/98 [==========>...................] - ETA: 0s - loss: 1.4886 - accuracy: 0.4746
40/98 [===========>..................] - ETA: 0s - loss: 1.4888 - accuracy: 0.4747
44/98 [============>.................] - ETA: 0s - loss: 1.4916 - accuracy: 0.4741
49/98 [==============>...............] - ETA: 0s - loss: 1.4941 - accuracy: 0.4739
53/98 [===============>..............] - ETA: 0s - loss: 1.4935 - accuracy: 0.4753
58/98 [================>.............] - ETA: 0s - loss: 1.4967 - accuracy: 0.4736
62/98 [=================>............] - ETA: 0s - loss: 1.4981 - accuracy: 0.4730
67/98 [===================>..........] - ETA: 0s - loss: 1.5006 - accuracy: 0.4727
71/98 [====================>.........] - ETA: 0s - loss: 1.5011 - accuracy: 0.4720
75/98 [=====================>........] - ETA: 0s - loss: 1.5016 - accuracy: 0.4722
80/98 [=======================>......] - ETA: 0s - loss: 1.5025 - accuracy: 0.4721
84/98 [========================>.....] - ETA: 0s - loss: 1.5028 - accuracy: 0.4719
89/98 [==========================>...] - ETA: 0s - loss: 1.5021 - accuracy: 0.4725
93/98 [===========================>..] - ETA: 0s - loss: 1.5017 - accuracy: 0.4721
98/98 [==============================] - ETA: 0s - loss: 1.5025 - accuracy: 0.4716
98/98 [==============================] - 2s 18ms/step - loss: 1.5025 - accuracy: 0.4716 - val_loss: 1.3944 - val_accuracy: 0.5093
Epoch 14/34

 1/98 [..............................] - ETA: 2s - loss: 1.4431 - accuracy: 0.4688
 5/98 [>.............................] - ETA: 1s - loss: 1.4796 - accuracy: 0.4801
 9/98 [=>............................] - ETA: 1s - loss: 1.4915 - accuracy: 0.4724
13/98 [==>...........................] - ETA: 1s - loss: 1.4901 - accuracy: 0.4710
17/98 [====>.........................] - ETA: 1s - loss: 1.4830 - accuracy: 0.4763
22/98 [=====>........................] - ETA: 1s - loss: 1.4908 - accuracy: 0.4736
26/98 [======>.......................] - ETA: 1s - loss: 1.4952 - accuracy: 0.4707
31/98 [========>.....................] - ETA: 0s - loss: 1.4921 - accuracy: 0.4711
35/98 [=========>....................] - ETA: 0s - loss: 1.4915 - accuracy: 0.4715
39/98 [==========>...................] - ETA: 0s - loss: 1.4895 - accuracy: 0.4735
44/98 [============>.................] - ETA: 0s - loss: 1.4924 - accuracy: 0.4718
48/98 [=============>................] - ETA: 0s - loss: 1.4913 - accuracy: 0.4725
53/98 [===============>..............] - ETA: 0s - loss: 1.4924 - accuracy: 0.4728
57/98 [================>.............] - ETA: 0s - loss: 1.4927 - accuracy: 0.4737
62/98 [=================>............] - ETA: 0s - loss: 1.4932 - accuracy: 0.4739
66/98 [===================>..........] - ETA: 0s - loss: 1.4958 - accuracy: 0.4725
71/98 [====================>.........] - ETA: 0s - loss: 1.4958 - accuracy: 0.4718
75/98 [=====================>........] - ETA: 0s - loss: 1.4966 - accuracy: 0.4723
79/98 [=======================>......] - ETA: 0s - loss: 1.4943 - accuracy: 0.4731
84/98 [========================>.....] - ETA: 0s - loss: 1.4936 - accuracy: 0.4731
88/98 [=========================>....] - ETA: 0s - loss: 1.4918 - accuracy: 0.4741
93/98 [===========================>..] - ETA: 0s - loss: 1.4922 - accuracy: 0.4739
97/98 [============================>.] - ETA: 0s - loss: 1.4916 - accuracy: 0.4742
98/98 [==============================] - 2s 18ms/step - loss: 1.4917 - accuracy: 0.4741 - val_loss: 1.3859 - val_accuracy: 0.5094
Epoch 15/34

 1/98 [..............................] - ETA: 3s - loss: 1.5255 - accuracy: 0.4707
 5/98 [>.............................] - ETA: 1s - loss: 1.4543 - accuracy: 0.4883
10/98 [==>...........................] - ETA: 1s - loss: 1.4590 - accuracy: 0.4842
14/98 [===>..........................] - ETA: 1s - loss: 1.4539 - accuracy: 0.4874
19/98 [====>.........................] - ETA: 1s - loss: 1.4700 - accuracy: 0.4845
23/98 [======>.......................] - ETA: 1s - loss: 1.4655 - accuracy: 0.4856
27/98 [=======>......................] - ETA: 1s - loss: 1.4671 - accuracy: 0.4845
32/98 [========>.....................] - ETA: 0s - loss: 1.4685 - accuracy: 0.4825
36/98 [==========>...................] - ETA: 0s - loss: 1.4705 - accuracy: 0.4824
41/98 [===========>..................] - ETA: 0s - loss: 1.4682 - accuracy: 0.4834
45/98 [============>.................] - ETA: 0s - loss: 1.4696 - accuracy: 0.4832
50/98 [==============>...............] - ETA: 0s - loss: 1.4688 - accuracy: 0.4826
54/98 [===============>..............] - ETA: 0s - loss: 1.4702 - accuracy: 0.4818
59/98 [=================>............] - ETA: 0s - loss: 1.4715 - accuracy: 0.4818
63/98 [==================>...........] - ETA: 0s - loss: 1.4708 - accuracy: 0.4825
67/98 [===================>..........] - ETA: 0s - loss: 1.4703 - accuracy: 0.4828
72/98 [=====================>........] - ETA: 0s - loss: 1.4709 - accuracy: 0.4816
76/98 [======================>.......] - ETA: 0s - loss: 1.4689 - accuracy: 0.4829
81/98 [=======================>......] - ETA: 0s - loss: 1.4689 - accuracy: 0.4830
85/98 [=========================>....] - ETA: 0s - loss: 1.4688 - accuracy: 0.4831
90/98 [==========================>...] - ETA: 0s - loss: 1.4700 - accuracy: 0.4826
94/98 [===========================>..] - ETA: 0s - loss: 1.4718 - accuracy: 0.4825
98/98 [==============================] - ETA: 0s - loss: 1.4727 - accuracy: 0.4831
98/98 [==============================] - 2s 18ms/step - loss: 1.4727 - accuracy: 0.4831 - val_loss: 1.3766 - val_accuracy: 0.5124
Epoch 16/34

 1/98 [..............................] - ETA: 3s - loss: 1.4648 - accuracy: 0.4531
 5/98 [>.............................] - ETA: 1s - loss: 1.4439 - accuracy: 0.4832
10/98 [==>...........................] - ETA: 1s - loss: 1.4557 - accuracy: 0.4898
14/98 [===>..........................] - ETA: 1s - loss: 1.4520 - accuracy: 0.4926
19/98 [====>.........................] - ETA: 1s - loss: 1.4581 - accuracy: 0.4896
23/98 [======>.......................] - ETA: 1s - loss: 1.4557 - accuracy: 0.4880
28/98 [=======>......................] - ETA: 0s - loss: 1.4632 - accuracy: 0.4850
32/98 [========>.....................] - ETA: 0s - loss: 1.4580 - accuracy: 0.4888
37/98 [==========>...................] - ETA: 0s - loss: 1.4585 - accuracy: 0.4868
41/98 [===========>..................] - ETA: 0s - loss: 1.4596 - accuracy: 0.4869
45/98 [============>.................] - ETA: 0s - loss: 1.4582 - accuracy: 0.4873
50/98 [==============>...............] - ETA: 0s - loss: 1.4572 - accuracy: 0.4884
54/98 [===============>..............] - ETA: 0s - loss: 1.4584 - accuracy: 0.4879
59/98 [=================>............] - ETA: 0s - loss: 1.4584 - accuracy: 0.4872
63/98 [==================>...........] - ETA: 0s - loss: 1.4593 - accuracy: 0.4870
68/98 [===================>..........] - ETA: 0s - loss: 1.4593 - accuracy: 0.4866
72/98 [=====================>........] - ETA: 0s - loss: 1.4587 - accuracy: 0.4873
76/98 [======================>.......] - ETA: 0s - loss: 1.4605 - accuracy: 0.4868
81/98 [=======================>......] - ETA: 0s - loss: 1.4602 - accuracy: 0.4863
86/98 [=========================>....] - ETA: 0s - loss: 1.4598 - accuracy: 0.4870
90/98 [==========================>...] - ETA: 0s - loss: 1.4592 - accuracy: 0.4878
94/98 [===========================>..] - ETA: 0s - loss: 1.4587 - accuracy: 0.4878
98/98 [==============================] - 2s 18ms/step - loss: 1.4574 - accuracy: 0.4890 - val_loss: 1.3662 - val_accuracy: 0.5175
Epoch 17/34

 1/98 [..............................] - ETA: 3s - loss: 1.4087 - accuracy: 0.5078
 5/98 [>.............................] - ETA: 1s - loss: 1.4400 - accuracy: 0.4945
10/98 [==>...........................] - ETA: 1s - loss: 1.4620 - accuracy: 0.4836
14/98 [===>..........................] - ETA: 1s - loss: 1.4474 - accuracy: 0.4871
18/98 [====>.........................] - ETA: 1s - loss: 1.4534 - accuracy: 0.4855
23/98 [======>.......................] - ETA: 1s - loss: 1.4478 - accuracy: 0.4867
27/98 [=======>......................] - ETA: 1s - loss: 1.4501 - accuracy: 0.4863
32/98 [========>.....................] - ETA: 0s - loss: 1.4533 - accuracy: 0.4837
36/98 [==========>...................] - ETA: 0s - loss: 1.4513 - accuracy: 0.4847
41/98 [===========>..................] - ETA: 0s - loss: 1.4571 - accuracy: 0.4829
45/98 [============>.................] - ETA: 0s - loss: 1.4521 - accuracy: 0.4863
49/98 [==============>...............] - ETA: 0s - loss: 1.4535 - accuracy: 0.4866
54/98 [===============>..............] - ETA: 0s - loss: 1.4520 - accuracy: 0.4871
58/98 [================>.............] - ETA: 0s - loss: 1.4514 - accuracy: 0.4872
62/98 [=================>............] - ETA: 0s - loss: 1.4521 - accuracy: 0.4870
67/98 [===================>..........] - ETA: 0s - loss: 1.4519 - accuracy: 0.4873
71/98 [====================>.........] - ETA: 0s - loss: 1.4515 - accuracy: 0.4878
76/98 [======================>.......] - ETA: 0s - loss: 1.4519 - accuracy: 0.4877
80/98 [=======================>......] - ETA: 0s - loss: 1.4537 - accuracy: 0.4871
85/98 [=========================>....] - ETA: 0s - loss: 1.4551 - accuracy: 0.4871
89/98 [==========================>...] - ETA: 0s - loss: 1.4529 - accuracy: 0.4879
93/98 [===========================>..] - ETA: 0s - loss: 1.4532 - accuracy: 0.4877
98/98 [==============================] - ETA: 0s - loss: 1.4541 - accuracy: 0.4877
98/98 [==============================] - 2s 18ms/step - loss: 1.4541 - accuracy: 0.4877 - val_loss: 1.3580 - val_accuracy: 0.5201
Epoch 18/34

 1/98 [..............................] - ETA: 3s - loss: 1.4443 - accuracy: 0.5234
 6/98 [>.............................] - ETA: 1s - loss: 1.4259 - accuracy: 0.5075
10/98 [==>...........................] - ETA: 1s - loss: 1.4360 - accuracy: 0.5027
15/98 [===>..........................] - ETA: 1s - loss: 1.4409 - accuracy: 0.4982
19/98 [====>.........................] - ETA: 1s - loss: 1.4444 - accuracy: 0.4955
23/98 [======>.......................] - ETA: 1s - loss: 1.4414 - accuracy: 0.4970
27/98 [=======>......................] - ETA: 1s - loss: 1.4413 - accuracy: 0.4967
32/98 [========>.....................] - ETA: 0s - loss: 1.4403 - accuracy: 0.4960
36/98 [==========>...................] - ETA: 0s - loss: 1.4397 - accuracy: 0.4945
41/98 [===========>..................] - ETA: 0s - loss: 1.4387 - accuracy: 0.4950
45/98 [============>.................] - ETA: 0s - loss: 1.4377 - accuracy: 0.4956
50/98 [==============>...............] - ETA: 0s - loss: 1.4365 - accuracy: 0.4971
54/98 [===============>..............] - ETA: 0s - loss: 1.4387 - accuracy: 0.4950
59/98 [=================>............] - ETA: 0s - loss: 1.4409 - accuracy: 0.4944
63/98 [==================>...........] - ETA: 0s - loss: 1.4382 - accuracy: 0.4957
68/98 [===================>..........] - ETA: 0s - loss: 1.4372 - accuracy: 0.4957
72/98 [=====================>........] - ETA: 0s - loss: 1.4354 - accuracy: 0.4970
77/98 [======================>.......] - ETA: 0s - loss: 1.4351 - accuracy: 0.4974
81/98 [=======================>......] - ETA: 0s - loss: 1.4340 - accuracy: 0.4976
85/98 [=========================>....] - ETA: 0s - loss: 1.4324 - accuracy: 0.4975
90/98 [==========================>...] - ETA: 0s - loss: 1.4315 - accuracy: 0.4982
94/98 [===========================>..] - ETA: 0s - loss: 1.4317 - accuracy: 0.4979
98/98 [==============================] - 2s 18ms/step - loss: 1.4310 - accuracy: 0.4982 - val_loss: 1.3506 - val_accuracy: 0.5226
Epoch 19/34

 1/98 [..............................] - ETA: 3s - loss: 1.4587 - accuracy: 0.4863
 6/98 [>.............................] - ETA: 1s - loss: 1.4183 - accuracy: 0.4974
10/98 [==>...........................] - ETA: 1s - loss: 1.4084 - accuracy: 0.5004
14/98 [===>..........................] - ETA: 1s - loss: 1.4002 - accuracy: 0.5027
19/98 [====>.........................] - ETA: 1s - loss: 1.4078 - accuracy: 0.5013
23/98 [======>.......................] - ETA: 1s - loss: 1.4183 - accuracy: 0.5006
28/98 [=======>......................] - ETA: 0s - loss: 1.4178 - accuracy: 0.5017
32/98 [========>.....................] - ETA: 0s - loss: 1.4193 - accuracy: 0.4999
37/98 [==========>...................] - ETA: 0s - loss: 1.4167 - accuracy: 0.5005
41/98 [===========>..................] - ETA: 0s - loss: 1.4162 - accuracy: 0.5006
46/98 [=============>................] - ETA: 0s - loss: 1.4191 - accuracy: 0.5002
