2024-06-21 20:53:54.980507: I tensorflow/core/platform/cpu_feature_guard.cc:193] This TensorFlow binary is optimized with oneAPI Deep Neural Network Library (oneDNN) to use the following CPU instructions in performance-critical operations:  AVX AVX2
To enable them in other operations, rebuild TensorFlow with the appropriate compiler flags.
2024-06-21 20:53:56.152330: I tensorflow/core/common_runtime/gpu/gpu_device.cc:1616] Created device /job:localhost/replica:0/task:0/device:GPU:0 with 6144 MB memory:  -> device: 0, name: NVIDIA GeForce RTX 4060 Ti, pci bus id: 0000:01:00.0, compute capability: 8.9
1 Physical GPUs, 1 Logical GPUs
Model: "sequential"
_________________________________________________________________
 Layer (type)                Output Shape              Param #   
=================================================================
 conv2d (Conv2D)             (None, 32, 32, 32)        896       
                                                                 
 batch_normalization (BatchN  (None, 32, 32, 32)       128       
 ormalization)                                                   
                                                                 
 conv2d_1 (Conv2D)           (None, 32, 32, 128)       36992     
                                                                 
 max_pooling2d (MaxPooling2D  (None, 16, 16, 128)      0         
 )                                                               
                                                                 
 dropout (Dropout)           (None, 16, 16, 128)       0         
                                                                 
 flatten (Flatten)           (None, 32768)             0         
                                                                 
 dense (Dense)               (None, 10)                327690    
                                                                 
=================================================================
Total params: 365,706
Trainable params: 365,642
Non-trainable params: 64
_________________________________________________________________
Taxa de aprendizado:  0.001 Num de épocas:  261 Tamanho do lote:  512 Dropout:  0.31
Epoch 1/261
2024-06-21 20:53:58.095910: I tensorflow/stream_executor/cuda/cuda_dnn.cc:384] Loaded cuDNN version 8100
2024-06-21 20:53:59.790806: W tensorflow/stream_executor/gpu/redzone_allocator.cc:314] INTERNAL: ptxas exited with non-zero error code -1, output: 
Relying on driver to perform ptx compilation. 
Modify $PATH to customize ptxas location.
This message will be only logged once.
2024-06-21 20:54:01.554150: I tensorflow/stream_executor/cuda/cuda_blas.cc:1614] TensorFloat-32 will be used for the matrix multiplication. This will only be logged once.

 1/98 [..............................] - ETA: 9:56 - loss: 2.5655 - accuracy: 0.0762
 2/98 [..............................] - ETA: 9s - loss: 5.1887 - accuracy: 0.0947  
 3/98 [..............................] - ETA: 9s - loss: 6.1575 - accuracy: 0.1178
 4/98 [>.............................] - ETA: 9s - loss: 5.9666 - accuracy: 0.1230
 5/98 [>.............................] - ETA: 9s - loss: 5.8069 - accuracy: 0.1270
 6/98 [>.............................] - ETA: 9s - loss: 5.4949 - accuracy: 0.1289
 7/98 [=>............................] - ETA: 9s - loss: 5.3355 - accuracy: 0.1342
 8/98 [=>............................] - ETA: 9s - loss: 5.2032 - accuracy: 0.1423
 9/98 [=>............................] - ETA: 8s - loss: 5.0667 - accuracy: 0.1432
10/98 [==>...........................] - ETA: 8s - loss: 4.8797 - accuracy: 0.1434
11/98 [==>...........................] - ETA: 8s - loss: 4.6796 - accuracy: 0.1433
12/98 [==>...........................] - ETA: 8s - loss: 4.4911 - accuracy: 0.1442
13/98 [==>...........................] - ETA: 8s - loss: 4.3060 - accuracy: 0.1529
14/98 [===>..........................] - ETA: 8s - loss: 4.1524 - accuracy: 0.1610
15/98 [===>..........................] - ETA: 8s - loss: 4.0316 - accuracy: 0.1651
16/98 [===>..........................] - ETA: 8s - loss: 3.9338 - accuracy: 0.1688
17/98 [====>.........................] - ETA: 8s - loss: 3.8458 - accuracy: 0.1744
18/98 [====>.........................] - ETA: 8s - loss: 3.7579 - accuracy: 0.1802
19/98 [====>.........................] - ETA: 8s - loss: 3.6758 - accuracy: 0.1875
20/98 [=====>........................] - ETA: 7s - loss: 3.5971 - accuracy: 0.1927
21/98 [=====>........................] - ETA: 7s - loss: 3.5165 - accuracy: 0.2004
22/98 [=====>........................] - ETA: 7s - loss: 3.4414 - accuracy: 0.2077
23/98 [======>.......................] - ETA: 7s - loss: 3.3795 - accuracy: 0.2112
24/98 [======>.......................] - ETA: 7s - loss: 3.3240 - accuracy: 0.2141
25/98 [======>.......................] - ETA: 7s - loss: 3.2695 - accuracy: 0.2191
26/98 [======>.......................] - ETA: 7s - loss: 3.2158 - accuracy: 0.2250
27/98 [=======>......................] - ETA: 7s - loss: 3.1667 - accuracy: 0.2297
28/98 [=======>......................] - ETA: 7s - loss: 3.1221 - accuracy: 0.2337
29/98 [=======>......................] - ETA: 7s - loss: 3.0742 - accuracy: 0.2388
30/98 [========>.....................] - ETA: 6s - loss: 3.0330 - accuracy: 0.2436
31/98 [========>.....................] - ETA: 6s - loss: 2.9923 - accuracy: 0.2482
32/98 [========>.....................] - ETA: 6s - loss: 2.9538 - accuracy: 0.2531
33/98 [=========>....................] - ETA: 6s - loss: 2.9189 - accuracy: 0.2566
34/98 [=========>....................] - ETA: 6s - loss: 2.8841 - accuracy: 0.2607
35/98 [=========>....................] - ETA: 6s - loss: 2.8521 - accuracy: 0.2647
36/98 [==========>...................] - ETA: 6s - loss: 2.8203 - accuracy: 0.2686
37/98 [==========>...................] - ETA: 6s - loss: 2.7899 - accuracy: 0.2724
38/98 [==========>...................] - ETA: 6s - loss: 2.7612 - accuracy: 0.2755
39/98 [==========>...................] - ETA: 5s - loss: 2.7342 - accuracy: 0.2799
40/98 [===========>..................] - ETA: 5s - loss: 2.7069 - accuracy: 0.2837
41/98 [===========>..................] - ETA: 5s - loss: 2.6823 - accuracy: 0.2867
42/98 [===========>..................] - ETA: 5s - loss: 2.6586 - accuracy: 0.2895
43/98 [============>.................] - ETA: 5s - loss: 2.6343 - accuracy: 0.2932
44/98 [============>.................] - ETA: 5s - loss: 2.6125 - accuracy: 0.2952
45/98 [============>.................] - ETA: 5s - loss: 2.5913 - accuracy: 0.2980
46/98 [=============>................] - ETA: 5s - loss: 2.5705 - accuracy: 0.3001
47/98 [=============>................] - ETA: 5s - loss: 2.5511 - accuracy: 0.3030
48/98 [=============>................] - ETA: 5s - loss: 2.5311 - accuracy: 0.3059
49/98 [==============>...............] - ETA: 4s - loss: 2.5137 - accuracy: 0.3083
50/98 [==============>...............] - ETA: 4s - loss: 2.4941 - accuracy: 0.3118
51/98 [==============>...............] - ETA: 4s - loss: 2.4762 - accuracy: 0.3141
52/98 [==============>...............] - ETA: 4s - loss: 2.4587 - accuracy: 0.3169
53/98 [===============>..............] - ETA: 4s - loss: 2.4424 - accuracy: 0.3193
54/98 [===============>..............] - ETA: 4s - loss: 2.4271 - accuracy: 0.3213
55/98 [===============>..............] - ETA: 4s - loss: 2.4109 - accuracy: 0.3242
56/98 [================>.............] - ETA: 4s - loss: 2.3969 - accuracy: 0.3263
57/98 [================>.............] - ETA: 4s - loss: 2.3835 - accuracy: 0.3279
58/98 [================>.............] - ETA: 4s - loss: 2.3696 - accuracy: 0.3297
59/98 [=================>............] - ETA: 3s - loss: 2.3553 - accuracy: 0.3319
60/98 [=================>............] - ETA: 3s - loss: 2.3415 - accuracy: 0.3339
61/98 [=================>............] - ETA: 3s - loss: 2.3287 - accuracy: 0.3360
62/98 [=================>............] - ETA: 3s - loss: 2.3147 - accuracy: 0.3388
63/98 [==================>...........] - ETA: 3s - loss: 2.3026 - accuracy: 0.3403
64/98 [==================>...........] - ETA: 3s - loss: 2.2906 - accuracy: 0.3424
65/98 [==================>...........] - ETA: 3s - loss: 2.2790 - accuracy: 0.3441
66/98 [===================>..........] - ETA: 3s - loss: 2.2676 - accuracy: 0.3462
67/98 [===================>..........] - ETA: 3s - loss: 2.2551 - accuracy: 0.3484
68/98 [===================>..........] - ETA: 3s - loss: 2.2446 - accuracy: 0.3497
69/98 [====================>.........] - ETA: 2s - loss: 2.2331 - accuracy: 0.3515
70/98 [====================>.........] - ETA: 2s - loss: 2.2233 - accuracy: 0.3536
71/98 [====================>.........] - ETA: 2s - loss: 2.2122 - accuracy: 0.3557
72/98 [=====================>........] - ETA: 2s - loss: 2.2012 - accuracy: 0.3573
73/98 [=====================>........] - ETA: 2s - loss: 2.1901 - accuracy: 0.3595
74/98 [=====================>........] - ETA: 2s - loss: 2.1802 - accuracy: 0.3610
75/98 [=====================>........] - ETA: 2s - loss: 2.1703 - accuracy: 0.3629
76/98 [======================>.......] - ETA: 2s - loss: 2.1613 - accuracy: 0.3647
77/98 [======================>.......] - ETA: 2s - loss: 2.1520 - accuracy: 0.3662
78/98 [======================>.......] - ETA: 2s - loss: 2.1429 - accuracy: 0.3680
79/98 [=======================>......] - ETA: 1s - loss: 2.1344 - accuracy: 0.3694
80/98 [=======================>......] - ETA: 1s - loss: 2.1246 - accuracy: 0.3715
81/98 [=======================>......] - ETA: 1s - loss: 2.1150 - accuracy: 0.3734
82/98 [========================>.....] - ETA: 1s - loss: 2.1070 - accuracy: 0.3745
83/98 [========================>.....] - ETA: 1s - loss: 2.0980 - accuracy: 0.3765
84/98 [========================>.....] - ETA: 1s - loss: 2.0908 - accuracy: 0.3775
85/98 [=========================>....] - ETA: 1s - loss: 2.0828 - accuracy: 0.3790
86/98 [=========================>....] - ETA: 1s - loss: 2.0743 - accuracy: 0.3806
87/98 [=========================>....] - ETA: 1s - loss: 2.0668 - accuracy: 0.3819
88/98 [=========================>....] - ETA: 1s - loss: 2.0597 - accuracy: 0.3829
89/98 [==========================>...] - ETA: 0s - loss: 2.0522 - accuracy: 0.3841
90/98 [==========================>...] - ETA: 0s - loss: 2.0451 - accuracy: 0.3853
91/98 [==========================>...] - ETA: 0s - loss: 2.0383 - accuracy: 0.3865
92/98 [===========================>..] - ETA: 0s - loss: 2.0314 - accuracy: 0.3878
93/98 [===========================>..] - ETA: 0s - loss: 2.0244 - accuracy: 0.3891
94/98 [===========================>..] - ETA: 0s - loss: 2.0175 - accuracy: 0.3906
95/98 [============================>.] - ETA: 0s - loss: 2.0110 - accuracy: 0.3918
96/98 [============================>.] - ETA: 0s - loss: 2.0051 - accuracy: 0.3930
97/98 [============================>.] - ETA: 0s - loss: 2.0007 - accuracy: 0.3939
98/98 [==============================] - ETA: 0s - loss: 1.9944 - accuracy: 0.3949
98/98 [==============================] - 18s 127ms/step - loss: 1.9944 - accuracy: 0.3949 - val_loss: 2.0636 - val_accuracy: 0.3619
Epoch 2/261

 1/98 [..............................] - ETA: 11s - loss: 1.3945 - accuracy: 0.5039
 2/98 [..............................] - ETA: 9s - loss: 1.3625 - accuracy: 0.5195 
 3/98 [..............................] - ETA: 9s - loss: 1.3509 - accuracy: 0.5228
 4/98 [>.............................] - ETA: 9s - loss: 1.3581 - accuracy: 0.5200
 5/98 [>.............................] - ETA: 9s - loss: 1.3465 - accuracy: 0.5258
 6/98 [>.............................] - ETA: 9s - loss: 1.3445 - accuracy: 0.5251
 7/98 [=>............................] - ETA: 9s - loss: 1.3453 - accuracy: 0.5273
 8/98 [=>............................] - ETA: 9s - loss: 1.3654 - accuracy: 0.5188
 9/98 [=>............................] - ETA: 8s - loss: 1.3583 - accuracy: 0.5197
10/98 [==>...........................] - ETA: 8s - loss: 1.3618 - accuracy: 0.5172
11/98 [==>...........................] - ETA: 8s - loss: 1.3640 - accuracy: 0.5146
12/98 [==>...........................] - ETA: 8s - loss: 1.3576 - accuracy: 0.5171
13/98 [==>...........................] - ETA: 7s - loss: 1.3527 - accuracy: 0.5215
14/98 [===>..........................] - ETA: 7s - loss: 1.3444 - accuracy: 0.5247
15/98 [===>..........................] - ETA: 7s - loss: 1.3459 - accuracy: 0.5240
16/98 [===>..........................] - ETA: 7s - loss: 1.3427 - accuracy: 0.5248
17/98 [====>.........................] - ETA: 6s - loss: 1.3377 - accuracy: 0.5272
18/98 [====>.........................] - ETA: 6s - loss: 1.3425 - accuracy: 0.5244
19/98 [====>.........................] - ETA: 6s - loss: 1.3418 - accuracy: 0.5248
20/98 [=====>........................] - ETA: 6s - loss: 1.3390 - accuracy: 0.5241
21/98 [=====>........................] - ETA: 6s - loss: 1.3393 - accuracy: 0.5250
22/98 [=====>........................] - ETA: 6s - loss: 1.3355 - accuracy: 0.5271
23/98 [======>.......................] - ETA: 5s - loss: 1.3310 - accuracy: 0.5283
24/98 [======>.......................] - ETA: 5s - loss: 1.3285 - accuracy: 0.5300
26/98 [======>.......................] - ETA: 5s - loss: 1.3246 - accuracy: 0.5329
27/98 [=======>......................] - ETA: 5s - loss: 1.3214 - accuracy: 0.5339
28/98 [=======>......................] - ETA: 5s - loss: 1.3171 - accuracy: 0.5347
29/98 [=======>......................] - ETA: 5s - loss: 1.3162 - accuracy: 0.5353
30/98 [========>.....................] - ETA: 5s - loss: 1.3150 - accuracy: 0.5354
31/98 [========>.....................] - ETA: 5s - loss: 1.3142 - accuracy: 0.5354
32/98 [========>.....................] - ETA: 4s - loss: 1.3122 - accuracy: 0.5362
33/98 [=========>....................] - ETA: 4s - loss: 1.3124 - accuracy: 0.5355
34/98 [=========>....................] - ETA: 4s - loss: 1.3084 - accuracy: 0.5366
35/98 [=========>....................] - ETA: 4s - loss: 1.3091 - accuracy: 0.5367
36/98 [==========>...................] - ETA: 4s - loss: 1.3115 - accuracy: 0.5359
37/98 [==========>...................] - ETA: 4s - loss: 1.3091 - accuracy: 0.5358
38/98 [==========>...................] - ETA: 4s - loss: 1.3078 - accuracy: 0.5362
39/98 [==========>...................] - ETA: 4s - loss: 1.3070 - accuracy: 0.5365
40/98 [===========>..................] - ETA: 4s - loss: 1.3053 - accuracy: 0.5374
41/98 [===========>..................] - ETA: 4s - loss: 1.3029 - accuracy: 0.5383
42/98 [===========>..................] - ETA: 4s - loss: 1.3011 - accuracy: 0.5387
43/98 [============>.................] - ETA: 4s - loss: 1.3005 - accuracy: 0.5390
44/98 [============>.................] - ETA: 4s - loss: 1.2992 - accuracy: 0.5395
45/98 [============>.................] - ETA: 4s - loss: 1.2970 - accuracy: 0.5402
46/98 [=============>................] - ETA: 4s - loss: 1.2976 - accuracy: 0.5400
47/98 [=============>................] - ETA: 4s - loss: 1.2964 - accuracy: 0.5399
48/98 [=============>................] - ETA: 3s - loss: 1.2947 - accuracy: 0.5413
49/98 [==============>...............] - ETA: 3s - loss: 1.2935 - accuracy: 0.5417
50/98 [==============>...............] - ETA: 3s - loss: 1.2934 - accuracy: 0.5412
51/98 [==============>...............] - ETA: 3s - loss: 1.2923 - accuracy: 0.5415
52/98 [==============>...............] - ETA: 3s - loss: 1.2902 - accuracy: 0.5426
53/98 [===============>..............] - ETA: 3s - loss: 1.2891 - accuracy: 0.5429
54/98 [===============>..............] - ETA: 3s - loss: 1.2883 - accuracy: 0.5434
55/98 [===============>..............] - ETA: 3s - loss: 1.2879 - accuracy: 0.5433
56/98 [================>.............] - ETA: 3s - loss: 1.2874 - accuracy: 0.5431
57/98 [================>.............] - ETA: 3s - loss: 1.2866 - accuracy: 0.5440
58/98 [================>.............] - ETA: 3s - loss: 1.2865 - accuracy: 0.5442
59/98 [=================>............] - ETA: 3s - loss: 1.2853 - accuracy: 0.5448
60/98 [=================>............] - ETA: 3s - loss: 1.2853 - accuracy: 0.5445
61/98 [=================>............] - ETA: 3s - loss: 1.2824 - accuracy: 0.5456
62/98 [=================>............] - ETA: 3s - loss: 1.2810 - accuracy: 0.5457
63/98 [==================>...........] - ETA: 2s - loss: 1.2796 - accuracy: 0.5461
64/98 [==================>...........] - ETA: 2s - loss: 1.2792 - accuracy: 0.5466
65/98 [==================>...........] - ETA: 2s - loss: 1.2778 - accuracy: 0.5472
66/98 [===================>..........] - ETA: 2s - loss: 1.2750 - accuracy: 0.5483
67/98 [===================>..........] - ETA: 2s - loss: 1.2742 - accuracy: 0.5489
68/98 [===================>..........] - ETA: 2s - loss: 1.2722 - accuracy: 0.5497
69/98 [====================>.........] - ETA: 2s - loss: 1.2706 - accuracy: 0.5501
70/98 [====================>.........] - ETA: 2s - loss: 1.2690 - accuracy: 0.5509
71/98 [====================>.........] - ETA: 2s - loss: 1.2673 - accuracy: 0.5518
72/98 [=====================>........] - ETA: 2s - loss: 1.2665 - accuracy: 0.5517
73/98 [=====================>........] - ETA: 2s - loss: 1.2660 - accuracy: 0.5518
74/98 [=====================>........] - ETA: 2s - loss: 1.2653 - accuracy: 0.5515
75/98 [=====================>........] - ETA: 2s - loss: 1.2643 - accuracy: 0.5521
76/98 [======================>.......] - ETA: 1s - loss: 1.2626 - accuracy: 0.5527
77/98 [======================>.......] - ETA: 1s - loss: 1.2609 - accuracy: 0.5535
78/98 [======================>.......] - ETA: 1s - loss: 1.2604 - accuracy: 0.5538
79/98 [=======================>......] - ETA: 1s - loss: 1.2591 - accuracy: 0.5547
80/98 [=======================>......] - ETA: 1s - loss: 1.2582 - accuracy: 0.5550
81/98 [=======================>......] - ETA: 1s - loss: 1.2578 - accuracy: 0.5552
82/98 [========================>.....] - ETA: 1s - loss: 1.2568 - accuracy: 0.5557
83/98 [========================>.....] - ETA: 1s - loss: 1.2554 - accuracy: 0.5563
84/98 [========================>.....] - ETA: 1s - loss: 1.2545 - accuracy: 0.5565
85/98 [=========================>....] - ETA: 1s - loss: 1.2529 - accuracy: 0.5571
86/98 [=========================>....] - ETA: 1s - loss: 1.2519 - accuracy: 0.5573
87/98 [=========================>....] - ETA: 0s - loss: 1.2497 - accuracy: 0.5579
88/98 [=========================>....] - ETA: 0s - loss: 1.2491 - accuracy: 0.5582
89/98 [==========================>...] - ETA: 0s - loss: 1.2485 - accuracy: 0.5583
90/98 [==========================>...] - ETA: 0s - loss: 1.2478 - accuracy: 0.5587
91/98 [==========================>...] - ETA: 0s - loss: 1.2472 - accuracy: 0.5588
92/98 [===========================>..] - ETA: 0s - loss: 1.2461 - accuracy: 0.5593
93/98 [===========================>..] - ETA: 0s - loss: 1.2448 - accuracy: 0.5597
94/98 [===========================>..] - ETA: 0s - loss: 1.2431 - accuracy: 0.5604
95/98 [============================>.] - ETA: 0s - loss: 1.2419 - accuracy: 0.5609
96/98 [============================>.] - ETA: 0s - loss: 1.2413 - accuracy: 0.5612
97/98 [============================>.] - ETA: 0s - loss: 1.2402 - accuracy: 0.5617
98/98 [==============================] - ETA: 0s - loss: 1.2383 - accuracy: 0.5624
98/98 [==============================] - 10s 100ms/step - loss: 1.2383 - accuracy: 0.5624 - val_loss: 1.9448 - val_accuracy: 0.3822
Epoch 3/261

 1/98 [..............................] - ETA: 11s - loss: 1.0721 - accuracy: 0.6367
 2/98 [..............................] - ETA: 9s - loss: 1.0314 - accuracy: 0.6475 
 3/98 [..............................] - ETA: 9s - loss: 1.0711 - accuracy: 0.6289
 4/98 [>.............................] - ETA: 9s - loss: 1.0701 - accuracy: 0.6270
 5/98 [>.............................] - ETA: 9s - loss: 1.0572 - accuracy: 0.6305
 6/98 [>.............................] - ETA: 9s - loss: 1.0732 - accuracy: 0.6247
 7/98 [=>............................] - ETA: 9s - loss: 1.0722 - accuracy: 0.6253
 8/98 [=>............................] - ETA: 9s - loss: 1.0712 - accuracy: 0.6270
 9/98 [=>............................] - ETA: 8s - loss: 1.0739 - accuracy: 0.6254
10/98 [==>...........................] - ETA: 8s - loss: 1.0711 - accuracy: 0.6260
11/98 [==>...........................] - ETA: 8s - loss: 1.0676 - accuracy: 0.6282
12/98 [==>...........................] - ETA: 8s - loss: 1.0616 - accuracy: 0.6294
13/98 [==>...........................] - ETA: 8s - loss: 1.0632 - accuracy: 0.6295
14/98 [===>..........................] - ETA: 8s - loss: 1.0629 - accuracy: 0.6285
15/98 [===>..........................] - ETA: 8s - loss: 1.0621 - accuracy: 0.6293
16/98 [===>..........................] - ETA: 8s - loss: 1.0644 - accuracy: 0.6292
17/98 [====>.........................] - ETA: 8s - loss: 1.0736 - accuracy: 0.6258
18/98 [====>.........................] - ETA: 8s - loss: 1.0725 - accuracy: 0.6255
19/98 [====>.........................] - ETA: 7s - loss: 1.0722 - accuracy: 0.6253
20/98 [=====>........................] - ETA: 7s - loss: 1.0685 - accuracy: 0.6256
21/98 [=====>........................] - ETA: 7s - loss: 1.0710 - accuracy: 0.6257
22/98 [=====>........................] - ETA: 7s - loss: 1.0682 - accuracy: 0.6265
23/98 [======>.......................] - ETA: 7s - loss: 1.0680 - accuracy: 0.6268
24/98 [======>.......................] - ETA: 7s - loss: 1.0702 - accuracy: 0.6269
25/98 [======>.......................] - ETA: 7s - loss: 1.0697 - accuracy: 0.6272
26/98 [======>.......................] - ETA: 7s - loss: 1.0709 - accuracy: 0.6267
27/98 [=======>......................] - ETA: 7s - loss: 1.0720 - accuracy: 0.6267
28/98 [=======>......................] - ETA: 7s - loss: 1.0716 - accuracy: 0.6270
29/98 [=======>......................] - ETA: 6s - loss: 1.0706 - accuracy: 0.6277
30/98 [========>.....................] - ETA: 6s - loss: 1.0736 - accuracy: 0.6270
31/98 [========>.....................] - ETA: 6s - loss: 1.0734 - accuracy: 0.6276
32/98 [========>.....................] - ETA: 6s - loss: 1.0740 - accuracy: 0.6266
33/98 [=========>....................] - ETA: 6s - loss: 1.0749 - accuracy: 0.6264
34/98 [=========>....................] - ETA: 6s - loss: 1.0732 - accuracy: 0.6274
35/98 [=========>....................] - ETA: 6s - loss: 1.0722 - accuracy: 0.6275
36/98 [==========>...................] - ETA: 6s - loss: 1.0717 - accuracy: 0.6278
37/98 [==========>...................] - ETA: 6s - loss: 1.0700 - accuracy: 0.6276
38/98 [==========>...................] - ETA: 6s - loss: 1.0705 - accuracy: 0.6277
39/98 [==========>...................] - ETA: 5s - loss: 1.0708 - accuracy: 0.6275
40/98 [===========>..................] - ETA: 5s - loss: 1.0667 - accuracy: 0.6289
41/98 [===========>..................] - ETA: 5s - loss: 1.0669 - accuracy: 0.6290
42/98 [===========>..................] - ETA: 5s - loss: 1.0668 - accuracy: 0.6290
43/98 [============>.................] - ETA: 5s - loss: 1.0663 - accuracy: 0.6293
44/98 [============>.................] - ETA: 5s - loss: 1.0650 - accuracy: 0.6295
45/98 [============>.................] - ETA: 5s - loss: 1.0646 - accuracy: 0.6294
46/98 [=============>................] - ETA: 5s - loss: 1.0630 - accuracy: 0.6300
47/98 [=============>................] - ETA: 5s - loss: 1.0619 - accuracy: 0.6302
48/98 [=============>................] - ETA: 5s - loss: 1.0625 - accuracy: 0.6292
49/98 [==============>...............] - ETA: 4s - loss: 1.0613 - accuracy: 0.6297
50/98 [==============>...............] - ETA: 4s - loss: 1.0606 - accuracy: 0.6298
51/98 [==============>...............] - ETA: 4s - loss: 1.0610 - accuracy: 0.6302
52/98 [==============>...............] - ETA: 4s - loss: 1.0604 - accuracy: 0.6305
53/98 [===============>..............] - ETA: 4s - loss: 1.0603 - accuracy: 0.6305
54/98 [===============>..............] - ETA: 4s - loss: 1.0591 - accuracy: 0.6310
55/98 [===============>..............] - ETA: 4s - loss: 1.0583 - accuracy: 0.6313
56/98 [================>.............] - ETA: 4s - loss: 1.0577 - accuracy: 0.6318
57/98 [================>.............] - ETA: 4s - loss: 1.0581 - accuracy: 0.6320
58/98 [================>.............] - ETA: 4s - loss: 1.0583 - accuracy: 0.6322
59/98 [=================>............] - ETA: 3s - loss: 1.0557 - accuracy: 0.6332
60/98 [=================>............] - ETA: 3s - loss: 1.0547 - accuracy: 0.6335
61/98 [=================>............] - ETA: 3s - loss: 1.0531 - accuracy: 0.6337
62/98 [=================>............] - ETA: 3s - loss: 1.0516 - accuracy: 0.6341
63/98 [==================>...........] - ETA: 3s - loss: 1.0488 - accuracy: 0.6349
64/98 [==================>...........] - ETA: 3s - loss: 1.0483 - accuracy: 0.6348
65/98 [==================>...........] - ETA: 3s - loss: 1.0484 - accuracy: 0.6350
66/98 [===================>..........] - ETA: 3s - loss: 1.0474 - accuracy: 0.6353
67/98 [===================>..........] - ETA: 3s - loss: 1.0467 - accuracy: 0.6356
68/98 [===================>..........] - ETA: 3s - loss: 1.0467 - accuracy: 0.6356
69/98 [====================>.........] - ETA: 2s - loss: 1.0471 - accuracy: 0.6354
70/98 [====================>.........] - ETA: 2s - loss: 1.0460 - accuracy: 0.6357
71/98 [====================>.........] - ETA: 2s - loss: 1.0453 - accuracy: 0.6361
72/98 [=====================>........] - ETA: 2s - loss: 1.0462 - accuracy: 0.6358
73/98 [=====================>........] - ETA: 2s - loss: 1.0457 - accuracy: 0.6360
74/98 [=====================>........] - ETA: 2s - loss: 1.0452 - accuracy: 0.6358
75/98 [=====================>........] - ETA: 2s - loss: 1.0456 - accuracy: 0.6354
76/98 [======================>.......] - ETA: 2s - loss: 1.0468 - accuracy: 0.6350
77/98 [======================>.......] - ETA: 2s - loss: 1.0466 - accuracy: 0.6352
78/98 [======================>.......] - ETA: 1s - loss: 1.0467 - accuracy: 0.6351
79/98 [=======================>......] - ETA: 1s - loss: 1.0459 - accuracy: 0.6355
80/98 [=======================>......] - ETA: 1s - loss: 1.0456 - accuracy: 0.6360
81/98 [=======================>......] - ETA: 1s - loss: 1.0467 - accuracy: 0.6357
82/98 [========================>.....] - ETA: 1s - loss: 1.0459 - accuracy: 0.6361
83/98 [========================>.....] - ETA: 1s - loss: 1.0457 - accuracy: 0.6362
84/98 [========================>.....] - ETA: 1s - loss: 1.0449 - accuracy: 0.6363
85/98 [=========================>....] - ETA: 1s - loss: 1.0444 - accuracy: 0.6363
86/98 [=========================>....] - ETA: 1s - loss: 1.0449 - accuracy: 0.6362
87/98 [=========================>....] - ETA: 1s - loss: 1.0445 - accuracy: 0.6359
88/98 [=========================>....] - ETA: 0s - loss: 1.0430 - accuracy: 0.6367
89/98 [==========================>...] - ETA: 0s - loss: 1.0432 - accuracy: 0.6365
90/98 [==========================>...] - ETA: 0s - loss: 1.0421 - accuracy: 0.6368
91/98 [==========================>...] - ETA: 0s - loss: 1.0425 - accuracy: 0.6365
92/98 [===========================>..] - ETA: 0s - loss: 1.0421 - accuracy: 0.6365
93/98 [===========================>..] - ETA: 0s - loss: 1.0413 - accuracy: 0.6369
94/98 [===========================>..] - ETA: 0s - loss: 1.0409 - accuracy: 0.6371
95/98 [============================>.] - ETA: 0s - loss: 1.0398 - accuracy: 0.6374
97/98 [============================>.] - ETA: 0s - loss: 1.0387 - accuracy: 0.6380
98/98 [==============================] - 9s 96ms/step - loss: 1.0384 - accuracy: 0.6382 - val_loss: 1.8945 - val_accuracy: 0.4507
Epoch 4/261

 1/98 [..............................] - ETA: 7s - loss: 0.9305 - accuracy: 0.6934
 2/98 [..............................] - ETA: 6s - loss: 0.9247 - accuracy: 0.6846
 3/98 [..............................] - ETA: 6s - loss: 0.9517 - accuracy: 0.6719
 4/98 [>.............................] - ETA: 6s - loss: 0.9289 - accuracy: 0.6797
 5/98 [>.............................] - ETA: 6s - loss: 0.9190 - accuracy: 0.6816
 6/98 [>.............................] - ETA: 5s - loss: 0.9357 - accuracy: 0.6738
 7/98 [=>............................] - ETA: 5s - loss: 0.9235 - accuracy: 0.6761
 9/98 [=>............................] - ETA: 5s - loss: 0.9257 - accuracy: 0.6753
11/98 [==>...........................] - ETA: 4s - loss: 0.9237 - accuracy: 0.6774
13/98 [==>...........................] - ETA: 4s - loss: 0.9262 - accuracy: 0.6794
15/98 [===>..........................] - ETA: 4s - loss: 0.9340 - accuracy: 0.6771
17/98 [====>.........................] - ETA: 4s - loss: 0.9317 - accuracy: 0.6772
19/98 [====>.........................] - ETA: 4s - loss: 0.9266 - accuracy: 0.6788
21/98 [=====>........................] - ETA: 3s - loss: 0.9254 - accuracy: 0.6782
23/98 [======>.......................] - ETA: 3s - loss: 0.9229 - accuracy: 0.6804
25/98 [======>.......................] - ETA: 3s - loss: 0.9176 - accuracy: 0.6828
27/98 [=======>......................] - ETA: 3s - loss: 0.9166 - accuracy: 0.6821
29/98 [=======>......................] - ETA: 3s - loss: 0.9188 - accuracy: 0.6814
31/98 [========>.....................] - ETA: 3s - loss: 0.9168 - accuracy: 0.6826
33/98 [=========>....................] - ETA: 3s - loss: 0.9158 - accuracy: 0.6833
35/98 [=========>....................] - ETA: 2s - loss: 0.9144 - accuracy: 0.6835
37/98 [==========>...................] - ETA: 2s - loss: 0.9161 - accuracy: 0.6819
39/98 [==========>...................] - ETA: 2s - loss: 0.9125 - accuracy: 0.6828
41/98 [===========>..................] - ETA: 2s - loss: 0.9124 - accuracy: 0.6830
43/98 [============>.................] - ETA: 2s - loss: 0.9113 - accuracy: 0.6832
45/98 [============>.................] - ETA: 2s - loss: 0.9140 - accuracy: 0.6826
47/98 [=============>................] - ETA: 2s - loss: 0.9131 - accuracy: 0.6831
49/98 [==============>...............] - ETA: 2s - loss: 0.9152 - accuracy: 0.6820
51/98 [==============>...............] - ETA: 2s - loss: 0.9145 - accuracy: 0.6826
53/98 [===============>..............] - ETA: 2s - loss: 0.9121 - accuracy: 0.6835
55/98 [===============>..............] - ETA: 1s - loss: 0.9130 - accuracy: 0.6837
57/98 [================>.............] - ETA: 1s - loss: 0.9133 - accuracy: 0.6835
59/98 [=================>............] - ETA: 1s - loss: 0.9129 - accuracy: 0.6843
61/98 [=================>............] - ETA: 1s - loss: 0.9135 - accuracy: 0.6847
63/98 [==================>...........] - ETA: 1s - loss: 0.9106 - accuracy: 0.6860
65/98 [==================>...........] - ETA: 1s - loss: 0.9102 - accuracy: 0.6860
67/98 [===================>..........] - ETA: 1s - loss: 0.9103 - accuracy: 0.6860
69/98 [====================>.........] - ETA: 1s - loss: 0.9092 - accuracy: 0.6860
71/98 [====================>.........] - ETA: 1s - loss: 0.9081 - accuracy: 0.6864
73/98 [=====================>........] - ETA: 1s - loss: 0.9073 - accuracy: 0.6866
75/98 [=====================>........] - ETA: 1s - loss: 0.9064 - accuracy: 0.6871
77/98 [======================>.......] - ETA: 0s - loss: 0.9054 - accuracy: 0.6874
79/98 [=======================>......] - ETA: 0s - loss: 0.9046 - accuracy: 0.6878
81/98 [=======================>......] - ETA: 0s - loss: 0.9037 - accuracy: 0.6880
83/98 [========================>.....] - ETA: 0s - loss: 0.9037 - accuracy: 0.6880
85/98 [=========================>....] - ETA: 0s - loss: 0.9027 - accuracy: 0.6884
87/98 [=========================>....] - ETA: 0s - loss: 0.9017 - accuracy: 0.6883
89/98 [==========================>...] - ETA: 0s - loss: 0.9022 - accuracy: 0.6886
91/98 [==========================>...] - ETA: 0s - loss: 0.9027 - accuracy: 0.6883
93/98 [===========================>..] - ETA: 0s - loss: 0.9020 - accuracy: 0.6885
95/98 [============================>.] - ETA: 0s - loss: 0.9017 - accuracy: 0.6884
97/98 [============================>.] - ETA: 0s - loss: 0.9004 - accuracy: 0.6887
98/98 [==============================] - 5s 50ms/step - loss: 0.9007 - accuracy: 0.6887 - val_loss: 1.5869 - val_accuracy: 0.5903
Epoch 5/261

 1/98 [..............................] - ETA: 6s - loss: 0.7826 - accuracy: 0.7363
 3/98 [..............................] - ETA: 4s - loss: 0.8094 - accuracy: 0.7240
 5/98 [>.............................] - ETA: 3s - loss: 0.8121 - accuracy: 0.7160
 7/98 [=>............................] - ETA: 3s - loss: 0.8023 - accuracy: 0.7204
 9/98 [=>............................] - ETA: 3s - loss: 0.8131 - accuracy: 0.7153
11/98 [==>...........................] - ETA: 3s - loss: 0.8049 - accuracy: 0.7176
13/98 [==>...........................] - ETA: 3s - loss: 0.8089 - accuracy: 0.7162
15/98 [===>..........................] - ETA: 3s - loss: 0.8124 - accuracy: 0.7158
17/98 [====>.........................] - ETA: 3s - loss: 0.8153 - accuracy: 0.7153
19/98 [====>.........................] - ETA: 3s - loss: 0.8099 - accuracy: 0.7177
21/98 [=====>........................] - ETA: 3s - loss: 0.8105 - accuracy: 0.7191
23/98 [======>.......................] - ETA: 3s - loss: 0.8116 - accuracy: 0.7195
25/98 [======>.......................] - ETA: 3s - loss: 0.8063 - accuracy: 0.7212
27/98 [=======>......................] - ETA: 3s - loss: 0.8053 - accuracy: 0.7219
29/98 [=======>......................] - ETA: 2s - loss: 0.8066 - accuracy: 0.7223
31/98 [========>.....................] - ETA: 2s - loss: 0.8044 - accuracy: 0.7241
33/98 [=========>....................] - ETA: 2s - loss: 0.8024 - accuracy: 0.7249
35/98 [=========>....................] - ETA: 2s - loss: 0.8020 - accuracy: 0.7248
37/98 [==========>...................] - ETA: 2s - loss: 0.8050 - accuracy: 0.7234
39/98 [==========>...................] - ETA: 2s - loss: 0.8053 - accuracy: 0.7225
41/98 [===========>..................] - ETA: 2s - loss: 0.8034 - accuracy: 0.7239
43/98 [============>.................] - ETA: 2s - loss: 0.8031 - accuracy: 0.7238
45/98 [============>.................] - ETA: 2s - loss: 0.8034 - accuracy: 0.7238
47/98 [=============>................] - ETA: 2s - loss: 0.8006 - accuracy: 0.7250
49/98 [==============>...............] - ETA: 2s - loss: 0.8013 - accuracy: 0.7254
51/98 [==============>...............] - ETA: 2s - loss: 0.8003 - accuracy: 0.7255
53/98 [===============>..............] - ETA: 1s - loss: 0.8001 - accuracy: 0.7258
55/98 [===============>..............] - ETA: 1s - loss: 0.7996 - accuracy: 0.7257
57/98 [================>.............] - ETA: 1s - loss: 0.7990 - accuracy: 0.7260
59/98 [=================>............] - ETA: 1s - loss: 0.7977 - accuracy: 0.7264
61/98 [=================>............] - ETA: 1s - loss: 0.7985 - accuracy: 0.7262
63/98 [==================>...........] - ETA: 1s - loss: 0.7996 - accuracy: 0.7261
65/98 [==================>...........] - ETA: 1s - loss: 0.7998 - accuracy: 0.7258
67/98 [===================>..........] - ETA: 1s - loss: 0.7994 - accuracy: 0.7258
69/98 [====================>.........] - ETA: 1s - loss: 0.7981 - accuracy: 0.7262
71/98 [====================>.........] - ETA: 1s - loss: 0.7973 - accuracy: 0.7262
72/98 [=====================>........] - ETA: 1s - loss: 0.7969 - accuracy: 0.7262
73/98 [=====================>........] - ETA: 1s - loss: 0.7980 - accuracy: 0.7259
74/98 [=====================>........] - ETA: 1s - loss: 0.7990 - accuracy: 0.7256
75/98 [=====================>........] - ETA: 1s - loss: 0.7996 - accuracy: 0.7255
76/98 [======================>.......] - ETA: 0s - loss: 0.7993 - accuracy: 0.7254
77/98 [======================>.......] - ETA: 0s - loss: 0.7984 - accuracy: 0.7256
78/98 [======================>.......] - ETA: 0s - loss: 0.7987 - accuracy: 0.7254
79/98 [=======================>......] - ETA: 0s - loss: 0.7982 - accuracy: 0.7255
80/98 [=======================>......] - ETA: 0s - loss: 0.7990 - accuracy: 0.7255
82/98 [========================>.....] - ETA: 0s - loss: 0.8007 - accuracy: 0.7248
83/98 [========================>.....] - ETA: 0s - loss: 0.8009 - accuracy: 0.7248
84/98 [========================>.....] - ETA: 0s - loss: 0.8001 - accuracy: 0.7251
85/98 [=========================>....] - ETA: 0s - loss: 0.8005 - accuracy: 0.7248
86/98 [=========================>....] - ETA: 0s - loss: 0.8007 - accuracy: 0.7248
87/98 [=========================>....] - ETA: 0s - loss: 0.8015 - accuracy: 0.7248
88/98 [=========================>....] - ETA: 0s - loss: 0.8016 - accuracy: 0.7246
89/98 [==========================>...] - ETA: 0s - loss: 0.8018 - accuracy: 0.7242
90/98 [==========================>...] - ETA: 0s - loss: 0.8018 - accuracy: 0.7243
91/98 [==========================>...] - ETA: 0s - loss: 0.8031 - accuracy: 0.7237
92/98 [===========================>..] - ETA: 0s - loss: 0.8026 - accuracy: 0.7239
93/98 [===========================>..] - ETA: 0s - loss: 0.8033 - accuracy: 0.7235
95/98 [============================>.] - ETA: 0s - loss: 0.8026 - accuracy: 0.7238
97/98 [============================>.] - ETA: 0s - loss: 0.8029 - accuracy: 0.7237
98/98 [==============================] - 5s 53ms/step - loss: 0.8034 - accuracy: 0.7235 - val_loss: 1.1927 - val_accuracy: 0.6569
Epoch 6/261

 1/98 [..............................] - ETA: 6s - loss: 0.6466 - accuracy: 0.7559
 2/98 [..............................] - ETA: 5s - loss: 0.6965 - accuracy: 0.7480
 3/98 [..............................] - ETA: 5s - loss: 0.6999 - accuracy: 0.7448
 4/98 [>.............................] - ETA: 5s - loss: 0.7222 - accuracy: 0.7422
 5/98 [>.............................] - ETA: 5s - loss: 0.7085 - accuracy: 0.7555
 6/98 [>.............................] - ETA: 5s - loss: 0.7216 - accuracy: 0.7497
 7/98 [=>............................] - ETA: 5s - loss: 0.7224 - accuracy: 0.7489
 8/98 [=>............................] - ETA: 5s - loss: 0.7280 - accuracy: 0.7483
 9/98 [=>............................] - ETA: 5s - loss: 0.7206 - accuracy: 0.7528
10/98 [==>...........................] - ETA: 5s - loss: 0.7143 - accuracy: 0.7547
11/98 [==>...........................] - ETA: 5s - loss: 0.7142 - accuracy: 0.7537
12/98 [==>...........................] - ETA: 5s - loss: 0.7141 - accuracy: 0.7537
13/98 [==>...........................] - ETA: 5s - loss: 0.7153 - accuracy: 0.7526
14/98 [===>..........................] - ETA: 5s - loss: 0.7101 - accuracy: 0.7542
15/98 [===>..........................] - ETA: 4s - loss: 0.7121 - accuracy: 0.7546
16/98 [===>..........................] - ETA: 4s - loss: 0.7126 - accuracy: 0.7539
17/98 [====>.........................] - ETA: 4s - loss: 0.7064 - accuracy: 0.7578
18/98 [====>.........................] - ETA: 4s - loss: 0.7048 - accuracy: 0.7587
19/98 [====>.........................] - ETA: 4s - loss: 0.7078 - accuracy: 0.7573
20/98 [=====>........................] - ETA: 4s - loss: 0.7118 - accuracy: 0.7556
21/98 [=====>........................] - ETA: 4s - loss: 0.7140 - accuracy: 0.7552
22/98 [=====>........................] - ETA: 4s - loss: 0.7117 - accuracy: 0.7558
23/98 [======>.......................] - ETA: 4s - loss: 0.7102 - accuracy: 0.7563
24/98 [======>.......................] - ETA: 4s - loss: 0.7117 - accuracy: 0.7560
25/98 [======>.......................] - ETA: 4s - loss: 0.7127 - accuracy: 0.7555
26/98 [======>.......................] - ETA: 4s - loss: 0.7104 - accuracy: 0.7559
27/98 [=======>......................] - ETA: 4s - loss: 0.7079 - accuracy: 0.7564
28/98 [=======>......................] - ETA: 4s - loss: 0.7084 - accuracy: 0.7564
29/98 [=======>......................] - ETA: 4s - loss: 0.7120 - accuracy: 0.7552
30/98 [========>.....................] - ETA: 4s - loss: 0.7119 - accuracy: 0.7558
31/98 [========>.....................] - ETA: 4s - loss: 0.7125 - accuracy: 0.7557
32/98 [========>.....................] - ETA: 3s - loss: 0.7111 - accuracy: 0.7556
33/98 [=========>....................] - ETA: 3s - loss: 0.7127 - accuracy: 0.7541
34/98 [=========>....................] - ETA: 3s - loss: 0.7112 - accuracy: 0.7548
35/98 [=========>....................] - ETA: 3s - loss: 0.7100 - accuracy: 0.7552
36/98 [==========>...................] - ETA: 3s - loss: 0.7105 - accuracy: 0.7554
37/98 [==========>...................] - ETA: 3s - loss: 0.7122 - accuracy: 0.7542
