2024-06-21 20:15:04.618636: I tensorflow/core/platform/cpu_feature_guard.cc:193] This TensorFlow binary is optimized with oneAPI Deep Neural Network Library (oneDNN) to use the following CPU instructions in performance-critical operations:  AVX AVX2
To enable them in other operations, rebuild TensorFlow with the appropriate compiler flags.
2024-06-21 20:15:05.214856: I tensorflow/core/common_runtime/gpu/gpu_device.cc:1616] Created device /job:localhost/replica:0/task:0/device:GPU:0 with 6144 MB memory:  -> device: 0, name: NVIDIA GeForce RTX 4060 Ti, pci bus id: 0000:01:00.0, compute capability: 8.9
1 Physical GPUs, 1 Logical GPUs
Model: "sequential"
_________________________________________________________________
 Layer (type)                Output Shape              Param #   
=================================================================
 conv2d (Conv2D)             (None, 32, 32, 32)        896       
                                                                 
 batch_normalization (BatchN  (None, 32, 32, 32)       128       
 ormalization)                                                   
                                                                 
 conv2d_1 (Conv2D)           (None, 32, 32, 128)       36992     
                                                                 
 max_pooling2d (MaxPooling2D  (None, 16, 16, 128)      0         
 )                                                               
                                                                 
 dropout (Dropout)           (None, 16, 16, 128)       0         
                                                                 
 flatten (Flatten)           (None, 32768)             0         
                                                                 
 dense (Dense)               (None, 10)                327690    
                                                                 
=================================================================
Total params: 365,706
Trainable params: 365,642
Non-trainable params: 64
_________________________________________________________________
Taxa de aprendizado:  0.001 Num de épocas:  261 Tamanho do lote:  512 Dropout:  0.31
Epoch 1/261
2024-06-21 20:15:06.575352: I tensorflow/stream_executor/cuda/cuda_dnn.cc:384] Loaded cuDNN version 8100
2024-06-21 20:15:07.432029: W tensorflow/stream_executor/gpu/redzone_allocator.cc:314] INTERNAL: ptxas exited with non-zero error code -1, output: 
Relying on driver to perform ptx compilation. 
Modify $PATH to customize ptxas location.
This message will be only logged once.
2024-06-21 20:15:08.588993: I tensorflow/stream_executor/cuda/cuda_blas.cc:1614] TensorFloat-32 will be used for the matrix multiplication. This will only be logged once.

 1/98 [..............................] - ETA: 6:34 - loss: 2.5854 - accuracy: 0.1309
 2/98 [..............................] - ETA: 6s - loss: 4.9804 - accuracy: 0.1318  
 3/98 [..............................] - ETA: 6s - loss: 6.1310 - accuracy: 0.1309
 4/98 [>.............................] - ETA: 6s - loss: 6.3930 - accuracy: 0.1392
 5/98 [>.............................] - ETA: 6s - loss: 6.3018 - accuracy: 0.1434
 6/98 [>.............................] - ETA: 6s - loss: 5.8258 - accuracy: 0.1458
 7/98 [=>............................] - ETA: 6s - loss: 5.4279 - accuracy: 0.1498
 8/98 [=>............................] - ETA: 6s - loss: 5.2200 - accuracy: 0.1526
 9/98 [=>............................] - ETA: 6s - loss: 5.1066 - accuracy: 0.1532
10/98 [==>...........................] - ETA: 5s - loss: 4.9426 - accuracy: 0.1607
11/98 [==>...........................] - ETA: 5s - loss: 4.8202 - accuracy: 0.1616
12/98 [==>...........................] - ETA: 5s - loss: 4.6797 - accuracy: 0.1668
13/98 [==>...........................] - ETA: 5s - loss: 4.5317 - accuracy: 0.1761
14/98 [===>..........................] - ETA: 5s - loss: 4.3877 - accuracy: 0.1822
15/98 [===>..........................] - ETA: 5s - loss: 4.2558 - accuracy: 0.1846
16/98 [===>..........................] - ETA: 5s - loss: 4.1311 - accuracy: 0.1847
17/98 [====>.........................] - ETA: 5s - loss: 4.0105 - accuracy: 0.1904
18/98 [====>.........................] - ETA: 5s - loss: 3.9006 - accuracy: 0.1952
19/98 [====>.........................] - ETA: 5s - loss: 3.8009 - accuracy: 0.2019
20/98 [=====>........................] - ETA: 5s - loss: 3.7166 - accuracy: 0.2051
21/98 [=====>........................] - ETA: 5s - loss: 3.6356 - accuracy: 0.2111
22/98 [=====>........................] - ETA: 5s - loss: 3.5611 - accuracy: 0.2157
23/98 [======>.......................] - ETA: 5s - loss: 3.4916 - accuracy: 0.2201
24/98 [======>.......................] - ETA: 5s - loss: 3.4285 - accuracy: 0.2240
25/98 [======>.......................] - ETA: 4s - loss: 3.3675 - accuracy: 0.2288
26/98 [======>.......................] - ETA: 4s - loss: 3.3066 - accuracy: 0.2341
27/98 [=======>......................] - ETA: 4s - loss: 3.2504 - accuracy: 0.2384
28/98 [=======>......................] - ETA: 4s - loss: 3.2013 - accuracy: 0.2403
29/98 [=======>......................] - ETA: 4s - loss: 3.1537 - accuracy: 0.2431
30/98 [========>.....................] - ETA: 4s - loss: 3.1085 - accuracy: 0.2465
31/98 [========>.....................] - ETA: 4s - loss: 3.0652 - accuracy: 0.2511
32/98 [========>.....................] - ETA: 4s - loss: 3.0240 - accuracy: 0.2551
33/98 [=========>....................] - ETA: 4s - loss: 2.9856 - accuracy: 0.2592
34/98 [=========>....................] - ETA: 4s - loss: 2.9487 - accuracy: 0.2626
35/98 [=========>....................] - ETA: 4s - loss: 2.9137 - accuracy: 0.2659
36/98 [==========>...................] - ETA: 4s - loss: 2.8810 - accuracy: 0.2692
37/98 [==========>...................] - ETA: 4s - loss: 2.8506 - accuracy: 0.2720
38/98 [==========>...................] - ETA: 4s - loss: 2.8186 - accuracy: 0.2756
39/98 [==========>...................] - ETA: 4s - loss: 2.7894 - accuracy: 0.2791
40/98 [===========>..................] - ETA: 3s - loss: 2.7605 - accuracy: 0.2833
41/98 [===========>..................] - ETA: 3s - loss: 2.7346 - accuracy: 0.2856
42/98 [===========>..................] - ETA: 3s - loss: 2.7099 - accuracy: 0.2886
43/98 [============>.................] - ETA: 3s - loss: 2.6846 - accuracy: 0.2922
44/98 [============>.................] - ETA: 3s - loss: 2.6605 - accuracy: 0.2958
45/98 [============>.................] - ETA: 3s - loss: 2.6364 - accuracy: 0.2987
46/98 [=============>................] - ETA: 3s - loss: 2.6120 - accuracy: 0.3020
47/98 [=============>................] - ETA: 3s - loss: 2.5902 - accuracy: 0.3055
48/98 [=============>................] - ETA: 3s - loss: 2.5698 - accuracy: 0.3078
49/98 [==============>...............] - ETA: 3s - loss: 2.5496 - accuracy: 0.3103
50/98 [==============>...............] - ETA: 3s - loss: 2.5303 - accuracy: 0.3132
51/98 [==============>...............] - ETA: 3s - loss: 2.5108 - accuracy: 0.3163
52/98 [==============>...............] - ETA: 3s - loss: 2.4923 - accuracy: 0.3189
53/98 [===============>..............] - ETA: 3s - loss: 2.4728 - accuracy: 0.3224
54/98 [===============>..............] - ETA: 2s - loss: 2.4566 - accuracy: 0.3248
55/98 [===============>..............] - ETA: 2s - loss: 2.4391 - accuracy: 0.3276
56/98 [================>.............] - ETA: 2s - loss: 2.4232 - accuracy: 0.3301
57/98 [================>.............] - ETA: 2s - loss: 2.4077 - accuracy: 0.3323
58/98 [================>.............] - ETA: 2s - loss: 2.3909 - accuracy: 0.3349
59/98 [=================>............] - ETA: 2s - loss: 2.3758 - accuracy: 0.3370
60/98 [=================>............] - ETA: 2s - loss: 2.3616 - accuracy: 0.3391
61/98 [=================>............] - ETA: 2s - loss: 2.3473 - accuracy: 0.3415
62/98 [=================>............] - ETA: 2s - loss: 2.3318 - accuracy: 0.3441
63/98 [==================>...........] - ETA: 2s - loss: 2.3183 - accuracy: 0.3462
64/98 [==================>...........] - ETA: 2s - loss: 2.3055 - accuracy: 0.3483
65/98 [==================>...........] - ETA: 2s - loss: 2.2920 - accuracy: 0.3508
66/98 [===================>..........] - ETA: 2s - loss: 2.2788 - accuracy: 0.3527
67/98 [===================>..........] - ETA: 2s - loss: 2.2662 - accuracy: 0.3551
68/98 [===================>..........] - ETA: 2s - loss: 2.2551 - accuracy: 0.3565
69/98 [====================>.........] - ETA: 1s - loss: 2.2441 - accuracy: 0.3580
70/98 [====================>.........] - ETA: 2s - loss: 2.2360 - accuracy: 0.3594
71/98 [====================>.........] - ETA: 2s - loss: 2.2247 - accuracy: 0.3613
72/98 [=====================>........] - ETA: 2s - loss: 2.2137 - accuracy: 0.3631
73/98 [=====================>........] - ETA: 1s - loss: 2.2034 - accuracy: 0.3649
74/98 [=====================>........] - ETA: 1s - loss: 2.1931 - accuracy: 0.3668
75/98 [=====================>........] - ETA: 1s - loss: 2.1830 - accuracy: 0.3684
76/98 [======================>.......] - ETA: 1s - loss: 2.1734 - accuracy: 0.3698
77/98 [======================>.......] - ETA: 1s - loss: 2.1635 - accuracy: 0.3711
78/98 [======================>.......] - ETA: 1s - loss: 2.1529 - accuracy: 0.3728
79/98 [=======================>......] - ETA: 1s - loss: 2.1439 - accuracy: 0.3743
80/98 [=======================>......] - ETA: 1s - loss: 2.1343 - accuracy: 0.3758
81/98 [=======================>......] - ETA: 1s - loss: 2.1251 - accuracy: 0.3773
82/98 [========================>.....] - ETA: 1s - loss: 2.1159 - accuracy: 0.3790
83/98 [========================>.....] - ETA: 1s - loss: 2.1073 - accuracy: 0.3806
84/98 [========================>.....] - ETA: 1s - loss: 2.0991 - accuracy: 0.3821
85/98 [=========================>....] - ETA: 1s - loss: 2.0904 - accuracy: 0.3836
86/98 [=========================>....] - ETA: 0s - loss: 2.0820 - accuracy: 0.3855
87/98 [=========================>....] - ETA: 0s - loss: 2.0740 - accuracy: 0.3872
88/98 [=========================>....] - ETA: 0s - loss: 2.0657 - accuracy: 0.3887
89/98 [==========================>...] - ETA: 0s - loss: 2.0579 - accuracy: 0.3901
90/98 [==========================>...] - ETA: 0s - loss: 2.0503 - accuracy: 0.3915
91/98 [==========================>...] - ETA: 0s - loss: 2.0424 - accuracy: 0.3930
92/98 [===========================>..] - ETA: 0s - loss: 2.0337 - accuracy: 0.3948
93/98 [===========================>..] - ETA: 0s - loss: 2.0265 - accuracy: 0.3960
94/98 [===========================>..] - ETA: 0s - loss: 2.0192 - accuracy: 0.3974
95/98 [============================>.] - ETA: 0s - loss: 2.0118 - accuracy: 0.3986
96/98 [============================>.] - ETA: 0s - loss: 2.0056 - accuracy: 0.3997
97/98 [============================>.] - ETA: 0s - loss: 1.9986 - accuracy: 0.4008
98/98 [==============================] - ETA: 0s - loss: 1.9914 - accuracy: 0.4022
98/98 [==============================] - 12s 86ms/step - loss: 1.9914 - accuracy: 0.4022 - val_loss: 2.0809 - val_accuracy: 0.4143
Epoch 2/261

 1/98 [..............................] - ETA: 7s - loss: 1.2568 - accuracy: 0.5527
 2/98 [..............................] - ETA: 7s - loss: 1.2446 - accuracy: 0.5615
 3/98 [..............................] - ETA: 6s - loss: 1.2645 - accuracy: 0.5625
 4/98 [>.............................] - ETA: 6s - loss: 1.2610 - accuracy: 0.5669
 5/98 [>.............................] - ETA: 6s - loss: 1.2788 - accuracy: 0.5574
 6/98 [>.............................] - ETA: 6s - loss: 1.2881 - accuracy: 0.5573
 7/98 [=>............................] - ETA: 6s - loss: 1.2792 - accuracy: 0.5592
 8/98 [=>............................] - ETA: 6s - loss: 1.2781 - accuracy: 0.5583
 9/98 [=>............................] - ETA: 6s - loss: 1.2775 - accuracy: 0.5582
10/98 [==>...........................] - ETA: 5s - loss: 1.2710 - accuracy: 0.5600
11/98 [==>...........................] - ETA: 5s - loss: 1.2701 - accuracy: 0.5598
12/98 [==>...........................] - ETA: 5s - loss: 1.2702 - accuracy: 0.5604
13/98 [==>...........................] - ETA: 5s - loss: 1.2708 - accuracy: 0.5610
14/98 [===>..........................] - ETA: 5s - loss: 1.2763 - accuracy: 0.5587
15/98 [===>..........................] - ETA: 5s - loss: 1.2724 - accuracy: 0.5604
16/98 [===>..........................] - ETA: 5s - loss: 1.2702 - accuracy: 0.5626
17/98 [====>.........................] - ETA: 5s - loss: 1.2722 - accuracy: 0.5608
18/98 [====>.........................] - ETA: 5s - loss: 1.2712 - accuracy: 0.5617
19/98 [====>.........................] - ETA: 5s - loss: 1.2687 - accuracy: 0.5623
20/98 [=====>........................] - ETA: 5s - loss: 1.2678 - accuracy: 0.5625
21/98 [=====>........................] - ETA: 5s - loss: 1.2720 - accuracy: 0.5591
22/98 [=====>........................] - ETA: 5s - loss: 1.2749 - accuracy: 0.5577
23/98 [======>.......................] - ETA: 5s - loss: 1.2791 - accuracy: 0.5558
24/98 [======>.......................] - ETA: 5s - loss: 1.2747 - accuracy: 0.5570
25/98 [======>.......................] - ETA: 4s - loss: 1.2740 - accuracy: 0.5577
26/98 [======>.......................] - ETA: 4s - loss: 1.2738 - accuracy: 0.5579
27/98 [=======>......................] - ETA: 4s - loss: 1.2717 - accuracy: 0.5587
28/98 [=======>......................] - ETA: 4s - loss: 1.2687 - accuracy: 0.5598
29/98 [=======>......................] - ETA: 4s - loss: 1.2680 - accuracy: 0.5607
30/98 [========>.....................] - ETA: 4s - loss: 1.2643 - accuracy: 0.5613
31/98 [========>.....................] - ETA: 4s - loss: 1.2610 - accuracy: 0.5624
32/98 [========>.....................] - ETA: 4s - loss: 1.2591 - accuracy: 0.5627
33/98 [=========>....................] - ETA: 4s - loss: 1.2544 - accuracy: 0.5646
34/98 [=========>....................] - ETA: 4s - loss: 1.2505 - accuracy: 0.5659
35/98 [=========>....................] - ETA: 4s - loss: 1.2485 - accuracy: 0.5661
36/98 [==========>...................] - ETA: 4s - loss: 1.2469 - accuracy: 0.5669
37/98 [==========>...................] - ETA: 4s - loss: 1.2460 - accuracy: 0.5669
38/98 [==========>...................] - ETA: 4s - loss: 1.2455 - accuracy: 0.5672
39/98 [==========>...................] - ETA: 4s - loss: 1.2453 - accuracy: 0.5678
40/98 [===========>..................] - ETA: 3s - loss: 1.2442 - accuracy: 0.5680
42/98 [===========>..................] - ETA: 3s - loss: 1.2402 - accuracy: 0.5687
43/98 [============>.................] - ETA: 3s - loss: 1.2416 - accuracy: 0.5681
44/98 [============>.................] - ETA: 3s - loss: 1.2394 - accuracy: 0.5684
45/98 [============>.................] - ETA: 3s - loss: 1.2391 - accuracy: 0.5677
46/98 [=============>................] - ETA: 3s - loss: 1.2389 - accuracy: 0.5675
47/98 [=============>................] - ETA: 3s - loss: 1.2367 - accuracy: 0.5681
48/98 [=============>................] - ETA: 3s - loss: 1.2358 - accuracy: 0.5686
49/98 [==============>...............] - ETA: 3s - loss: 1.2346 - accuracy: 0.5688
50/98 [==============>...............] - ETA: 3s - loss: 1.2332 - accuracy: 0.5692
51/98 [==============>...............] - ETA: 3s - loss: 1.2326 - accuracy: 0.5692
52/98 [==============>...............] - ETA: 3s - loss: 1.2323 - accuracy: 0.5696
53/98 [===============>..............] - ETA: 3s - loss: 1.2314 - accuracy: 0.5704
54/98 [===============>..............] - ETA: 2s - loss: 1.2307 - accuracy: 0.5698
55/98 [===============>..............] - ETA: 2s - loss: 1.2303 - accuracy: 0.5697
56/98 [================>.............] - ETA: 2s - loss: 1.2286 - accuracy: 0.5702
57/98 [================>.............] - ETA: 2s - loss: 1.2283 - accuracy: 0.5702
58/98 [================>.............] - ETA: 2s - loss: 1.2270 - accuracy: 0.5705
59/98 [=================>............] - ETA: 2s - loss: 1.2250 - accuracy: 0.5713
60/98 [=================>............] - ETA: 2s - loss: 1.2253 - accuracy: 0.5711
61/98 [=================>............] - ETA: 2s - loss: 1.2256 - accuracy: 0.5708
62/98 [=================>............] - ETA: 2s - loss: 1.2247 - accuracy: 0.5710
63/98 [==================>...........] - ETA: 2s - loss: 1.2238 - accuracy: 0.5717
64/98 [==================>...........] - ETA: 2s - loss: 1.2239 - accuracy: 0.5713
65/98 [==================>...........] - ETA: 2s - loss: 1.2249 - accuracy: 0.5710
66/98 [===================>..........] - ETA: 2s - loss: 1.2235 - accuracy: 0.5712
67/98 [===================>..........] - ETA: 2s - loss: 1.2230 - accuracy: 0.5711
68/98 [===================>..........] - ETA: 2s - loss: 1.2218 - accuracy: 0.5717
69/98 [====================>.........] - ETA: 1s - loss: 1.2207 - accuracy: 0.5720
70/98 [====================>.........] - ETA: 1s - loss: 1.2208 - accuracy: 0.5722
71/98 [====================>.........] - ETA: 1s - loss: 1.2188 - accuracy: 0.5726
72/98 [=====================>........] - ETA: 1s - loss: 1.2180 - accuracy: 0.5729
73/98 [=====================>........] - ETA: 1s - loss: 1.2176 - accuracy: 0.5730
74/98 [=====================>........] - ETA: 1s - loss: 1.2159 - accuracy: 0.5737
75/98 [=====================>........] - ETA: 1s - loss: 1.2137 - accuracy: 0.5744
76/98 [======================>.......] - ETA: 1s - loss: 1.2128 - accuracy: 0.5746
77/98 [======================>.......] - ETA: 1s - loss: 1.2119 - accuracy: 0.5752
78/98 [======================>.......] - ETA: 1s - loss: 1.2106 - accuracy: 0.5756
79/98 [=======================>......] - ETA: 1s - loss: 1.2101 - accuracy: 0.5758
80/98 [=======================>......] - ETA: 1s - loss: 1.2091 - accuracy: 0.5762
81/98 [=======================>......] - ETA: 1s - loss: 1.2083 - accuracy: 0.5766
82/98 [========================>.....] - ETA: 1s - loss: 1.2061 - accuracy: 0.5773
83/98 [========================>.....] - ETA: 1s - loss: 1.2058 - accuracy: 0.5776
84/98 [========================>.....] - ETA: 0s - loss: 1.2048 - accuracy: 0.5779
85/98 [=========================>....] - ETA: 0s - loss: 1.2054 - accuracy: 0.5777
86/98 [=========================>....] - ETA: 0s - loss: 1.2035 - accuracy: 0.5784
87/98 [=========================>....] - ETA: 0s - loss: 1.2017 - accuracy: 0.5790
88/98 [=========================>....] - ETA: 0s - loss: 1.2010 - accuracy: 0.5792
89/98 [==========================>...] - ETA: 0s - loss: 1.1992 - accuracy: 0.5798
90/98 [==========================>...] - ETA: 0s - loss: 1.1983 - accuracy: 0.5803
91/98 [==========================>...] - ETA: 0s - loss: 1.1980 - accuracy: 0.5806
92/98 [===========================>..] - ETA: 0s - loss: 1.1968 - accuracy: 0.5808
93/98 [===========================>..] - ETA: 0s - loss: 1.1959 - accuracy: 0.5812
94/98 [===========================>..] - ETA: 0s - loss: 1.1944 - accuracy: 0.5817
95/98 [============================>.] - ETA: 0s - loss: 1.1928 - accuracy: 0.5822
96/98 [============================>.] - ETA: 0s - loss: 1.1913 - accuracy: 0.5826
97/98 [============================>.] - ETA: 0s - loss: 1.1902 - accuracy: 0.5830
98/98 [==============================] - ETA: 0s - loss: 1.1896 - accuracy: 0.5832
98/98 [==============================] - 7s 74ms/step - loss: 1.1896 - accuracy: 0.5832 - val_loss: 1.9919 - val_accuracy: 0.4921
Epoch 3/261

 1/98 [..............................] - ETA: 7s - loss: 0.9874 - accuracy: 0.6582
 2/98 [..............................] - ETA: 7s - loss: 1.0441 - accuracy: 0.6240
 3/98 [..............................] - ETA: 6s - loss: 0.9979 - accuracy: 0.6471
 4/98 [>.............................] - ETA: 6s - loss: 1.0058 - accuracy: 0.6445
 5/98 [>.............................] - ETA: 6s - loss: 1.0111 - accuracy: 0.6410
 6/98 [>.............................] - ETA: 6s - loss: 1.0141 - accuracy: 0.6413
 7/98 [=>............................] - ETA: 6s - loss: 1.0166 - accuracy: 0.6395
 8/98 [=>............................] - ETA: 6s - loss: 1.0216 - accuracy: 0.6409
 9/98 [=>............................] - ETA: 6s - loss: 1.0258 - accuracy: 0.6406
10/98 [==>...........................] - ETA: 6s - loss: 1.0164 - accuracy: 0.6453
11/98 [==>...........................] - ETA: 5s - loss: 1.0092 - accuracy: 0.6456
12/98 [==>...........................] - ETA: 5s - loss: 1.0106 - accuracy: 0.6463
13/98 [==>...........................] - ETA: 5s - loss: 1.0077 - accuracy: 0.6475
14/98 [===>..........................] - ETA: 5s - loss: 1.0100 - accuracy: 0.6465
15/98 [===>..........................] - ETA: 5s - loss: 1.0105 - accuracy: 0.6457
16/98 [===>..........................] - ETA: 5s - loss: 1.0113 - accuracy: 0.6454
17/98 [====>.........................] - ETA: 5s - loss: 1.0109 - accuracy: 0.6467
18/98 [====>.........................] - ETA: 5s - loss: 1.0156 - accuracy: 0.6462
19/98 [====>.........................] - ETA: 5s - loss: 1.0142 - accuracy: 0.6466
20/98 [=====>........................] - ETA: 5s - loss: 1.0130 - accuracy: 0.6469
21/98 [=====>........................] - ETA: 5s - loss: 1.0096 - accuracy: 0.6487
22/98 [=====>........................] - ETA: 5s - loss: 1.0092 - accuracy: 0.6489
23/98 [======>.......................] - ETA: 5s - loss: 1.0093 - accuracy: 0.6497
24/98 [======>.......................] - ETA: 5s - loss: 1.0102 - accuracy: 0.6495
25/98 [======>.......................] - ETA: 5s - loss: 1.0078 - accuracy: 0.6507
26/98 [======>.......................] - ETA: 4s - loss: 1.0077 - accuracy: 0.6508
27/98 [=======>......................] - ETA: 4s - loss: 1.0064 - accuracy: 0.6517
28/98 [=======>......................] - ETA: 4s - loss: 1.0065 - accuracy: 0.6509
29/98 [=======>......................] - ETA: 4s - loss: 1.0056 - accuracy: 0.6517
30/98 [========>.....................] - ETA: 4s - loss: 1.0055 - accuracy: 0.6517
31/98 [========>.....................] - ETA: 4s - loss: 1.0019 - accuracy: 0.6522
32/98 [========>.....................] - ETA: 4s - loss: 1.0011 - accuracy: 0.6523
33/98 [=========>....................] - ETA: 4s - loss: 1.0002 - accuracy: 0.6525
34/98 [=========>....................] - ETA: 4s - loss: 1.0020 - accuracy: 0.6524
35/98 [=========>....................] - ETA: 4s - loss: 1.0020 - accuracy: 0.6521
36/98 [==========>...................] - ETA: 4s - loss: 1.0019 - accuracy: 0.6529
37/98 [==========>...................] - ETA: 4s - loss: 1.0014 - accuracy: 0.6532
38/98 [==========>...................] - ETA: 4s - loss: 1.0012 - accuracy: 0.6532
39/98 [==========>...................] - ETA: 3s - loss: 1.0016 - accuracy: 0.6528
40/98 [===========>..................] - ETA: 3s - loss: 1.0010 - accuracy: 0.6528
41/98 [===========>..................] - ETA: 3s - loss: 1.0012 - accuracy: 0.6527
42/98 [===========>..................] - ETA: 3s - loss: 1.0008 - accuracy: 0.6526
43/98 [============>.................] - ETA: 3s - loss: 1.0019 - accuracy: 0.6524
44/98 [============>.................] - ETA: 3s - loss: 1.0007 - accuracy: 0.6531
45/98 [============>.................] - ETA: 3s - loss: 1.0009 - accuracy: 0.6530
46/98 [=============>................] - ETA: 3s - loss: 0.9997 - accuracy: 0.6535
47/98 [=============>................] - ETA: 3s - loss: 0.9996 - accuracy: 0.6538
48/98 [=============>................] - ETA: 3s - loss: 1.0025 - accuracy: 0.6532
49/98 [==============>...............] - ETA: 3s - loss: 1.0012 - accuracy: 0.6539
50/98 [==============>...............] - ETA: 3s - loss: 1.0003 - accuracy: 0.6539
51/98 [==============>...............] - ETA: 3s - loss: 1.0000 - accuracy: 0.6542
52/98 [==============>...............] - ETA: 3s - loss: 0.9991 - accuracy: 0.6544
53/98 [===============>..............] - ETA: 3s - loss: 0.9985 - accuracy: 0.6544
54/98 [===============>..............] - ETA: 2s - loss: 0.9971 - accuracy: 0.6547
55/98 [===============>..............] - ETA: 2s - loss: 0.9966 - accuracy: 0.6543
56/98 [================>.............] - ETA: 2s - loss: 0.9965 - accuracy: 0.6543
57/98 [================>.............] - ETA: 2s - loss: 0.9958 - accuracy: 0.6546
58/98 [================>.............] - ETA: 2s - loss: 0.9936 - accuracy: 0.6553
59/98 [=================>............] - ETA: 2s - loss: 0.9938 - accuracy: 0.6553
60/98 [=================>............] - ETA: 2s - loss: 0.9927 - accuracy: 0.6554
61/98 [=================>............] - ETA: 2s - loss: 0.9935 - accuracy: 0.6554
62/98 [=================>............] - ETA: 2s - loss: 0.9943 - accuracy: 0.6547
63/98 [==================>...........] - ETA: 2s - loss: 0.9941 - accuracy: 0.6550
64/98 [==================>...........] - ETA: 2s - loss: 0.9938 - accuracy: 0.6550
65/98 [==================>...........] - ETA: 2s - loss: 0.9939 - accuracy: 0.6549
66/98 [===================>..........] - ETA: 2s - loss: 0.9939 - accuracy: 0.6551
67/98 [===================>..........] - ETA: 2s - loss: 0.9947 - accuracy: 0.6545
68/98 [===================>..........] - ETA: 2s - loss: 0.9952 - accuracy: 0.6541
69/98 [====================>.........] - ETA: 1s - loss: 0.9952 - accuracy: 0.6542
70/98 [====================>.........] - ETA: 1s - loss: 0.9948 - accuracy: 0.6543
71/98 [====================>.........] - ETA: 1s - loss: 0.9942 - accuracy: 0.6546
72/98 [=====================>........] - ETA: 1s - loss: 0.9942 - accuracy: 0.6546
73/98 [=====================>........] - ETA: 1s - loss: 0.9924 - accuracy: 0.6552
74/98 [=====================>........] - ETA: 1s - loss: 0.9920 - accuracy: 0.6557
75/98 [=====================>........] - ETA: 1s - loss: 0.9926 - accuracy: 0.6555
76/98 [======================>.......] - ETA: 1s - loss: 0.9929 - accuracy: 0.6556
77/98 [======================>.......] - ETA: 1s - loss: 0.9929 - accuracy: 0.6555
79/98 [=======================>......] - ETA: 1s - loss: 0.9928 - accuracy: 0.6552
80/98 [=======================>......] - ETA: 1s - loss: 0.9930 - accuracy: 0.6546
81/98 [=======================>......] - ETA: 1s - loss: 0.9925 - accuracy: 0.6545
82/98 [========================>.....] - ETA: 1s - loss: 0.9923 - accuracy: 0.6546
83/98 [========================>.....] - ETA: 1s - loss: 0.9924 - accuracy: 0.6547
84/98 [========================>.....] - ETA: 0s - loss: 0.9920 - accuracy: 0.6552
85/98 [=========================>....] - ETA: 0s - loss: 0.9918 - accuracy: 0.6555
86/98 [=========================>....] - ETA: 0s - loss: 0.9914 - accuracy: 0.6557
87/98 [=========================>....] - ETA: 0s - loss: 0.9917 - accuracy: 0.6556
88/98 [=========================>....] - ETA: 0s - loss: 0.9917 - accuracy: 0.6558
89/98 [==========================>...] - ETA: 0s - loss: 0.9916 - accuracy: 0.6556
90/98 [==========================>...] - ETA: 0s - loss: 0.9928 - accuracy: 0.6553
91/98 [==========================>...] - ETA: 0s - loss: 0.9919 - accuracy: 0.6559
92/98 [===========================>..] - ETA: 0s - loss: 0.9914 - accuracy: 0.6561
93/98 [===========================>..] - ETA: 0s - loss: 0.9905 - accuracy: 0.6563
94/98 [===========================>..] - ETA: 0s - loss: 0.9897 - accuracy: 0.6567
95/98 [============================>.] - ETA: 0s - loss: 0.9898 - accuracy: 0.6568
96/98 [============================>.] - ETA: 0s - loss: 0.9894 - accuracy: 0.6569
97/98 [============================>.] - ETA: 0s - loss: 0.9888 - accuracy: 0.6572
98/98 [==============================] - ETA: 0s - loss: 0.9893 - accuracy: 0.6569
98/98 [==============================] - 7s 74ms/step - loss: 0.9893 - accuracy: 0.6569 - val_loss: 1.9242 - val_accuracy: 0.5225
Epoch 4/261

 1/98 [..............................] - ETA: 9s - loss: 0.9291 - accuracy: 0.6641
 2/98 [..............................] - ETA: 5s - loss: 0.9057 - accuracy: 0.6748
 3/98 [..............................] - ETA: 6s - loss: 0.8668 - accuracy: 0.6973
 4/98 [>.............................] - ETA: 6s - loss: 0.8814 - accuracy: 0.6992
 5/98 [>.............................] - ETA: 6s - loss: 0.8930 - accuracy: 0.6941
 6/98 [>.............................] - ETA: 6s - loss: 0.8901 - accuracy: 0.6966
 7/98 [=>............................] - ETA: 6s - loss: 0.8847 - accuracy: 0.6978
 8/98 [=>............................] - ETA: 6s - loss: 0.8924 - accuracy: 0.6934
 9/98 [=>............................] - ETA: 6s - loss: 0.8830 - accuracy: 0.6962
10/98 [==>...........................] - ETA: 5s - loss: 0.8919 - accuracy: 0.6939
11/98 [==>...........................] - ETA: 5s - loss: 0.8904 - accuracy: 0.6946
12/98 [==>...........................] - ETA: 5s - loss: 0.8847 - accuracy: 0.6965
13/98 [==>...........................] - ETA: 5s - loss: 0.8769 - accuracy: 0.6997
14/98 [===>..........................] - ETA: 5s - loss: 0.8703 - accuracy: 0.7028
15/98 [===>..........................] - ETA: 5s - loss: 0.8686 - accuracy: 0.7020
16/98 [===>..........................] - ETA: 5s - loss: 0.8650 - accuracy: 0.7021
17/98 [====>.........................] - ETA: 5s - loss: 0.8668 - accuracy: 0.7013
18/98 [====>.........................] - ETA: 5s - loss: 0.8667 - accuracy: 0.7005
19/98 [====>.........................] - ETA: 5s - loss: 0.8712 - accuracy: 0.6987
20/98 [=====>........................] - ETA: 5s - loss: 0.8679 - accuracy: 0.7004
21/98 [=====>........................] - ETA: 5s - loss: 0.8675 - accuracy: 0.7000
22/98 [=====>........................] - ETA: 5s - loss: 0.8657 - accuracy: 0.6994
23/98 [======>.......................] - ETA: 5s - loss: 0.8668 - accuracy: 0.6990
24/98 [======>.......................] - ETA: 5s - loss: 0.8650 - accuracy: 0.7000
25/98 [======>.......................] - ETA: 4s - loss: 0.8643 - accuracy: 0.6999
26/98 [======>.......................] - ETA: 4s - loss: 0.8635 - accuracy: 0.6997
27/98 [=======>......................] - ETA: 4s - loss: 0.8644 - accuracy: 0.6997
28/98 [=======>......................] - ETA: 4s - loss: 0.8621 - accuracy: 0.7001
29/98 [=======>......................] - ETA: 4s - loss: 0.8640 - accuracy: 0.6996
30/98 [========>.....................] - ETA: 4s - loss: 0.8649 - accuracy: 0.6995
31/98 [========>.....................] - ETA: 4s - loss: 0.8642 - accuracy: 0.6990
32/98 [========>.....................] - ETA: 4s - loss: 0.8634 - accuracy: 0.6996
33/98 [=========>....................] - ETA: 4s - loss: 0.8624 - accuracy: 0.6999
34/98 [=========>....................] - ETA: 4s - loss: 0.8628 - accuracy: 0.7009
35/98 [=========>....................] - ETA: 4s - loss: 0.8624 - accuracy: 0.7013
36/98 [==========>...................] - ETA: 4s - loss: 0.8636 - accuracy: 0.7010
37/98 [==========>...................] - ETA: 4s - loss: 0.8637 - accuracy: 0.7009
38/98 [==========>...................] - ETA: 4s - loss: 0.8655 - accuracy: 0.6997
39/98 [==========>...................] - ETA: 3s - loss: 0.8694 - accuracy: 0.6979
40/98 [===========>..................] - ETA: 3s - loss: 0.8741 - accuracy: 0.6967
41/98 [===========>..................] - ETA: 3s - loss: 0.8749 - accuracy: 0.6966
42/98 [===========>..................] - ETA: 3s - loss: 0.8743 - accuracy: 0.6967
43/98 [============>.................] - ETA: 3s - loss: 0.8762 - accuracy: 0.6959
44/98 [============>.................] - ETA: 3s - loss: 0.8764 - accuracy: 0.6954
45/98 [============>.................] - ETA: 3s - loss: 0.8757 - accuracy: 0.6958
46/98 [=============>................] - ETA: 3s - loss: 0.8763 - accuracy: 0.6955
47/98 [=============>................] - ETA: 3s - loss: 0.8747 - accuracy: 0.6964
48/98 [=============>................] - ETA: 3s - loss: 0.8757 - accuracy: 0.6965
49/98 [==============>...............] - ETA: 3s - loss: 0.8777 - accuracy: 0.6956
50/98 [==============>...............] - ETA: 3s - loss: 0.8768 - accuracy: 0.6959
51/98 [==============>...............] - ETA: 3s - loss: 0.8765 - accuracy: 0.6961
52/98 [==============>...............] - ETA: 3s - loss: 0.8755 - accuracy: 0.6967
53/98 [===============>..............] - ETA: 3s - loss: 0.8775 - accuracy: 0.6959
54/98 [===============>..............] - ETA: 2s - loss: 0.8767 - accuracy: 0.6962
55/98 [===============>..............] - ETA: 2s - loss: 0.8773 - accuracy: 0.6957
56/98 [================>.............] - ETA: 2s - loss: 0.8789 - accuracy: 0.6957
57/98 [================>.............] - ETA: 2s - loss: 0.8795 - accuracy: 0.6958
58/98 [================>.............] - ETA: 2s - loss: 0.8796 - accuracy: 0.6959
59/98 [=================>............] - ETA: 2s - loss: 0.8804 - accuracy: 0.6957
60/98 [=================>............] - ETA: 2s - loss: 0.8797 - accuracy: 0.6959
61/98 [=================>............] - ETA: 2s - loss: 0.8794 - accuracy: 0.6957
62/98 [=================>............] - ETA: 2s - loss: 0.8792 - accuracy: 0.6958
63/98 [==================>...........] - ETA: 2s - loss: 0.8794 - accuracy: 0.6957
64/98 [==================>...........] - ETA: 2s - loss: 0.8796 - accuracy: 0.6958
65/98 [==================>...........] - ETA: 2s - loss: 0.8805 - accuracy: 0.6955
66/98 [===================>..........] - ETA: 2s - loss: 0.8804 - accuracy: 0.6959
67/98 [===================>..........] - ETA: 2s - loss: 0.8805 - accuracy: 0.6960
68/98 [===================>..........] - ETA: 2s - loss: 0.8800 - accuracy: 0.6961
69/98 [====================>.........] - ETA: 1s - loss: 0.8794 - accuracy: 0.6960
70/98 [====================>.........] - ETA: 1s - loss: 0.8787 - accuracy: 0.6964
71/98 [====================>.........] - ETA: 1s - loss: 0.8793 - accuracy: 0.6960
72/98 [=====================>........] - ETA: 1s - loss: 0.8781 - accuracy: 0.6964
73/98 [=====================>........] - ETA: 1s - loss: 0.8776 - accuracy: 0.6963
74/98 [=====================>........] - ETA: 1s - loss: 0.8781 - accuracy: 0.6961
75/98 [=====================>........] - ETA: 1s - loss: 0.8781 - accuracy: 0.6960
76/98 [======================>.......] - ETA: 1s - loss: 0.8784 - accuracy: 0.6958
78/98 [======================>.......] - ETA: 1s - loss: 0.8781 - accuracy: 0.6956
79/98 [=======================>......] - ETA: 1s - loss: 0.8780 - accuracy: 0.6958
80/98 [=======================>......] - ETA: 1s - loss: 0.8783 - accuracy: 0.6958
81/98 [=======================>......] - ETA: 1s - loss: 0.8778 - accuracy: 0.6960
82/98 [========================>.....] - ETA: 1s - loss: 0.8778 - accuracy: 0.6962
83/98 [========================>.....] - ETA: 1s - loss: 0.8774 - accuracy: 0.6967
84/98 [========================>.....] - ETA: 0s - loss: 0.8758 - accuracy: 0.6975
85/98 [=========================>....] - ETA: 0s - loss: 0.8759 - accuracy: 0.6973
86/98 [=========================>....] - ETA: 0s - loss: 0.8766 - accuracy: 0.6970
87/98 [=========================>....] - ETA: 0s - loss: 0.8768 - accuracy: 0.6969
88/98 [=========================>....] - ETA: 0s - loss: 0.8766 - accuracy: 0.6971
89/98 [==========================>...] - ETA: 0s - loss: 0.8757 - accuracy: 0.6973
90/98 [==========================>...] - ETA: 0s - loss: 0.8753 - accuracy: 0.6974
91/98 [==========================>...] - ETA: 0s - loss: 0.8747 - accuracy: 0.6978
92/98 [===========================>..] - ETA: 0s - loss: 0.8752 - accuracy: 0.6976
93/98 [===========================>..] - ETA: 0s - loss: 0.8754 - accuracy: 0.6975
94/98 [===========================>..] - ETA: 0s - loss: 0.8751 - accuracy: 0.6975
95/98 [============================>.] - ETA: 0s - loss: 0.8757 - accuracy: 0.6974
96/98 [============================>.] - ETA: 0s - loss: 0.8754 - accuracy: 0.6976
97/98 [============================>.] - ETA: 0s - loss: 0.8765 - accuracy: 0.6970
98/98 [==============================] - ETA: 0s - loss: 0.8763 - accuracy: 0.6970
98/98 [==============================] - 7s 74ms/step - loss: 0.8763 - accuracy: 0.6970 - val_loss: 1.6363 - val_accuracy: 0.6077
Epoch 5/261

 1/98 [..............................] - ETA: 7s - loss: 0.9077 - accuracy: 0.6914
 2/98 [..............................] - ETA: 6s - loss: 0.8289 - accuracy: 0.7188
 3/98 [..............................] - ETA: 6s - loss: 0.7943 - accuracy: 0.7259
 4/98 [>.............................] - ETA: 6s - loss: 0.7966 - accuracy: 0.7285
 5/98 [>.............................] - ETA: 6s - loss: 0.8060 - accuracy: 0.7270
 6/98 [>.............................] - ETA: 6s - loss: 0.7903 - accuracy: 0.7318
 7/98 [=>............................] - ETA: 6s - loss: 0.7951 - accuracy: 0.7294
 8/98 [=>............................] - ETA: 6s - loss: 0.7936 - accuracy: 0.7302
 9/98 [=>............................] - ETA: 6s - loss: 0.7882 - accuracy: 0.7331
10/98 [==>...........................] - ETA: 5s - loss: 0.7834 - accuracy: 0.7348
11/98 [==>...........................] - ETA: 5s - loss: 0.7842 - accuracy: 0.7340
12/98 [==>...........................] - ETA: 5s - loss: 0.7802 - accuracy: 0.7362
13/98 [==>...........................] - ETA: 5s - loss: 0.7760 - accuracy: 0.7380
14/98 [===>..........................] - ETA: 5s - loss: 0.7759 - accuracy: 0.7380
15/98 [===>..........................] - ETA: 5s - loss: 0.7722 - accuracy: 0.7382
16/98 [===>..........................] - ETA: 5s - loss: 0.7751 - accuracy: 0.7367
17/98 [====>.........................] - ETA: 5s - loss: 0.7744 - accuracy: 0.7372
18/98 [====>.........................] - ETA: 5s - loss: 0.7770 - accuracy: 0.7371
19/98 [====>.........................] - ETA: 5s - loss: 0.7770 - accuracy: 0.7373
20/98 [=====>........................] - ETA: 5s - loss: 0.7737 - accuracy: 0.7379
21/98 [=====>........................] - ETA: 5s - loss: 0.7718 - accuracy: 0.7393
22/98 [=====>........................] - ETA: 5s - loss: 0.7695 - accuracy: 0.7399
23/98 [======>.......................] - ETA: 5s - loss: 0.7752 - accuracy: 0.7381
24/98 [======>.......................] - ETA: 5s - loss: 0.7762 - accuracy: 0.7373
25/98 [======>.......................] - ETA: 4s - loss: 0.7761 - accuracy: 0.7370
26/98 [======>.......................] - ETA: 4s - loss: 0.7806 - accuracy: 0.7345
27/98 [=======>......................] - ETA: 4s - loss: 0.7839 - accuracy: 0.7326
28/98 [=======>......................] - ETA: 4s - loss: 0.7822 - accuracy: 0.7323
29/98 [=======>......................] - ETA: 4s - loss: 0.7806 - accuracy: 0.7327
30/98 [========>.....................] - ETA: 4s - loss: 0.7816 - accuracy: 0.7320
31/98 [========>.....................] - ETA: 4s - loss: 0.7782 - accuracy: 0.7336
32/98 [========>.....................] - ETA: 4s - loss: 0.7787 - accuracy: 0.7332
33/98 [=========>....................] - ETA: 4s - loss: 0.7778 - accuracy: 0.7337
34/98 [=========>....................] - ETA: 4s - loss: 0.7785 - accuracy: 0.7334
35/98 [=========>....................] - ETA: 4s - loss: 0.7786 - accuracy: 0.7335
36/98 [==========>...................] - ETA: 4s - loss: 0.7783 - accuracy: 0.7337
37/98 [==========>...................] - ETA: 4s - loss: 0.7769 - accuracy: 0.7341
38/98 [==========>...................] - ETA: 4s - loss: 0.7778 - accuracy: 0.7336
39/98 [==========>...................] - ETA: 4s - loss: 0.7777 - accuracy: 0.7337
40/98 [===========>..................] - ETA: 3s - loss: 0.7788 - accuracy: 0.7337
41/98 [===========>..................] - ETA: 3s - loss: 0.7827 - accuracy: 0.7326
42/98 [===========>..................] - ETA: 3s - loss: 0.7835 - accuracy: 0.7325
43/98 [============>.................] - ETA: 3s - loss: 0.7838 - accuracy: 0.7319
44/98 [============>.................] - ETA: 3s - loss: 0.7840 - accuracy: 0.7319
45/98 [============>.................] - ETA: 3s - loss: 0.7831 - accuracy: 0.7316
46/98 [=============>................] - ETA: 3s - loss: 0.7836 - accuracy: 0.7315
47/98 [=============>................] - ETA: 3s - loss: 0.7832 - accuracy: 0.7318
48/98 [=============>................] - ETA: 3s - loss: 0.7841 - accuracy: 0.7316
49/98 [==============>...............] - ETA: 3s - loss: 0.7841 - accuracy: 0.7316
50/98 [==============>...............] - ETA: 3s - loss: 0.7845 - accuracy: 0.7319
51/98 [==============>...............] - ETA: 3s - loss: 0.7852 - accuracy: 0.7318
52/98 [==============>...............] - ETA: 3s - loss: 0.7842 - accuracy: 0.7319
