2024-06-21 19:46:35.839292: I tensorflow/core/platform/cpu_feature_guard.cc:193] This TensorFlow binary is optimized with oneAPI Deep Neural Network Library (oneDNN) to use the following CPU instructions in performance-critical operations:  AVX AVX2
To enable them in other operations, rebuild TensorFlow with the appropriate compiler flags.
2024-06-21 19:46:36.397945: I tensorflow/core/common_runtime/gpu/gpu_device.cc:1616] Created device /job:localhost/replica:0/task:0/device:GPU:0 with 6144 MB memory:  -> device: 0, name: NVIDIA GeForce RTX 4060 Ti, pci bus id: 0000:01:00.0, compute capability: 8.9
1 Physical GPUs, 1 Logical GPUs
Model: "sequential"
_________________________________________________________________
 Layer (type)                Output Shape              Param #   
=================================================================
 conv2d (Conv2D)             (None, 32, 32, 32)        896       
                                                                 
 batch_normalization (BatchN  (None, 32, 32, 32)       128       
 ormalization)                                                   
                                                                 
 conv2d_1 (Conv2D)           (None, 32, 32, 128)       36992     
                                                                 
 max_pooling2d (MaxPooling2D  (None, 16, 16, 128)      0         
 )                                                               
                                                                 
 dropout (Dropout)           (None, 16, 16, 128)       0         
                                                                 
 flatten (Flatten)           (None, 32768)             0         
                                                                 
 dense (Dense)               (None, 10)                327690    
                                                                 
=================================================================
Total params: 365,706
Trainable params: 365,642
Non-trainable params: 64
_________________________________________________________________
Taxa de aprendizado:  0.001 Num de épocas:  261 Tamanho do lote:  512 Dropout:  0.31
Epoch 1/261
2024-06-21 19:46:37.755507: I tensorflow/stream_executor/cuda/cuda_dnn.cc:384] Loaded cuDNN version 8100
2024-06-21 19:46:38.680007: W tensorflow/stream_executor/gpu/redzone_allocator.cc:314] INTERNAL: ptxas exited with non-zero error code -1, output: 
Relying on driver to perform ptx compilation. 
Modify $PATH to customize ptxas location.
This message will be only logged once.
2024-06-21 19:46:39.889384: I tensorflow/stream_executor/cuda/cuda_blas.cc:1614] TensorFloat-32 will be used for the matrix multiplication. This will only be logged once.

 1/98 [..............................] - ETA: 6:44 - loss: 2.4426 - accuracy: 0.1113
 2/98 [..............................] - ETA: 7s - loss: 4.0272 - accuracy: 0.1523  
 3/98 [..............................] - ETA: 6s - loss: 4.8880 - accuracy: 0.1465
 4/98 [>.............................] - ETA: 6s - loss: 5.3269 - accuracy: 0.1489
 5/98 [>.............................] - ETA: 23s - loss: 5.5508 - accuracy: 0.1468
 6/98 [>.............................] - ETA: 20s - loss: 5.4700 - accuracy: 0.1461
 7/98 [=>............................] - ETA: 17s - loss: 5.1552 - accuracy: 0.1432
 8/98 [=>............................] - ETA: 15s - loss: 4.9266 - accuracy: 0.1390
 9/98 [=>............................] - ETA: 14s - loss: 4.7507 - accuracy: 0.1410
10/98 [==>...........................] - ETA: 13s - loss: 4.5884 - accuracy: 0.1501
11/98 [==>...........................] - ETA: 12s - loss: 4.4617 - accuracy: 0.1560
12/98 [==>...........................] - ETA: 11s - loss: 4.3218 - accuracy: 0.1588
13/98 [==>...........................] - ETA: 11s - loss: 4.1739 - accuracy: 0.1620
14/98 [===>..........................] - ETA: 10s - loss: 4.0413 - accuracy: 0.1682
15/98 [===>..........................] - ETA: 10s - loss: 3.9349 - accuracy: 0.1727
16/98 [===>..........................] - ETA: 9s - loss: 3.8560 - accuracy: 0.1758 
17/98 [====>.........................] - ETA: 9s - loss: 3.7816 - accuracy: 0.1798
18/98 [====>.........................] - ETA: 8s - loss: 3.6992 - accuracy: 0.1843
19/98 [====>.........................] - ETA: 8s - loss: 3.6262 - accuracy: 0.1891
20/98 [=====>........................] - ETA: 8s - loss: 3.5519 - accuracy: 0.1914
21/98 [=====>........................] - ETA: 8s - loss: 3.4783 - accuracy: 0.1958
22/98 [=====>........................] - ETA: 7s - loss: 3.4059 - accuracy: 0.2012
23/98 [======>.......................] - ETA: 7s - loss: 3.3388 - accuracy: 0.2083
24/98 [======>.......................] - ETA: 7s - loss: 3.2786 - accuracy: 0.2137
25/98 [======>.......................] - ETA: 7s - loss: 3.2250 - accuracy: 0.2182
26/98 [======>.......................] - ETA: 7s - loss: 3.1771 - accuracy: 0.2194
27/98 [=======>......................] - ETA: 6s - loss: 3.1295 - accuracy: 0.2234
28/98 [=======>......................] - ETA: 6s - loss: 3.0821 - accuracy: 0.2275
29/98 [=======>......................] - ETA: 6s - loss: 3.0401 - accuracy: 0.2321
30/98 [========>.....................] - ETA: 6s - loss: 2.9982 - accuracy: 0.2379
31/98 [========>.....................] - ETA: 6s - loss: 2.9572 - accuracy: 0.2431
32/98 [========>.....................] - ETA: 6s - loss: 2.9215 - accuracy: 0.2470
33/98 [=========>....................] - ETA: 5s - loss: 2.8904 - accuracy: 0.2501
34/98 [=========>....................] - ETA: 5s - loss: 2.8569 - accuracy: 0.2547
35/98 [=========>....................] - ETA: 5s - loss: 2.8238 - accuracy: 0.2591
36/98 [==========>...................] - ETA: 5s - loss: 2.7931 - accuracy: 0.2642
37/98 [==========>...................] - ETA: 5s - loss: 2.7638 - accuracy: 0.2686
38/98 [==========>...................] - ETA: 5s - loss: 2.7371 - accuracy: 0.2717
39/98 [==========>...................] - ETA: 5s - loss: 2.7110 - accuracy: 0.2755
40/98 [===========>..................] - ETA: 5s - loss: 2.6865 - accuracy: 0.2783
41/98 [===========>..................] - ETA: 4s - loss: 2.6620 - accuracy: 0.2816
42/98 [===========>..................] - ETA: 4s - loss: 2.6375 - accuracy: 0.2852
43/98 [============>.................] - ETA: 4s - loss: 2.6138 - accuracy: 0.2898
44/98 [============>.................] - ETA: 4s - loss: 2.5932 - accuracy: 0.2922
45/98 [============>.................] - ETA: 4s - loss: 2.5716 - accuracy: 0.2954
46/98 [=============>................] - ETA: 4s - loss: 2.5512 - accuracy: 0.2986
47/98 [=============>................] - ETA: 4s - loss: 2.5317 - accuracy: 0.3016
48/98 [=============>................] - ETA: 4s - loss: 2.5110 - accuracy: 0.3048
49/98 [==============>...............] - ETA: 4s - loss: 2.4930 - accuracy: 0.3077
50/98 [==============>...............] - ETA: 3s - loss: 2.4752 - accuracy: 0.3101
51/98 [==============>...............] - ETA: 3s - loss: 2.4585 - accuracy: 0.3127
52/98 [==============>...............] - ETA: 3s - loss: 2.4424 - accuracy: 0.3153
53/98 [===============>..............] - ETA: 3s - loss: 2.4253 - accuracy: 0.3183
54/98 [===============>..............] - ETA: 3s - loss: 2.4096 - accuracy: 0.3201
55/98 [===============>..............] - ETA: 3s - loss: 2.3943 - accuracy: 0.3224
56/98 [================>.............] - ETA: 3s - loss: 2.3782 - accuracy: 0.3250
57/98 [================>.............] - ETA: 3s - loss: 2.3632 - accuracy: 0.3274
58/98 [================>.............] - ETA: 3s - loss: 2.3489 - accuracy: 0.3294
59/98 [=================>............] - ETA: 3s - loss: 2.3351 - accuracy: 0.3317
60/98 [=================>............] - ETA: 3s - loss: 2.3212 - accuracy: 0.3344
61/98 [=================>............] - ETA: 2s - loss: 2.3082 - accuracy: 0.3367
62/98 [=================>............] - ETA: 2s - loss: 2.2961 - accuracy: 0.3382
63/98 [==================>...........] - ETA: 2s - loss: 2.2838 - accuracy: 0.3401
64/98 [==================>...........] - ETA: 2s - loss: 2.2710 - accuracy: 0.3424
65/98 [==================>...........] - ETA: 2s - loss: 2.2594 - accuracy: 0.3443
66/98 [===================>..........] - ETA: 2s - loss: 2.2483 - accuracy: 0.3461
67/98 [===================>..........] - ETA: 2s - loss: 2.2375 - accuracy: 0.3478
68/98 [===================>..........] - ETA: 2s - loss: 2.2255 - accuracy: 0.3502
69/98 [====================>.........] - ETA: 2s - loss: 2.2161 - accuracy: 0.3513
70/98 [====================>.........] - ETA: 2s - loss: 2.2061 - accuracy: 0.3525
71/98 [====================>.........] - ETA: 2s - loss: 2.1951 - accuracy: 0.3542
72/98 [=====================>........] - ETA: 2s - loss: 2.1855 - accuracy: 0.3556
73/98 [=====================>........] - ETA: 1s - loss: 2.1744 - accuracy: 0.3576
74/98 [=====================>........] - ETA: 1s - loss: 2.1649 - accuracy: 0.3598
75/98 [=====================>........] - ETA: 1s - loss: 2.1555 - accuracy: 0.3614
76/98 [======================>.......] - ETA: 1s - loss: 2.1466 - accuracy: 0.3627
77/98 [======================>.......] - ETA: 1s - loss: 2.1383 - accuracy: 0.3643
78/98 [======================>.......] - ETA: 1s - loss: 2.1284 - accuracy: 0.3665
79/98 [=======================>......] - ETA: 1s - loss: 2.1196 - accuracy: 0.3679
80/98 [=======================>......] - ETA: 1s - loss: 2.1114 - accuracy: 0.3694
81/98 [=======================>......] - ETA: 1s - loss: 2.1033 - accuracy: 0.3710
82/98 [========================>.....] - ETA: 1s - loss: 2.0954 - accuracy: 0.3722
83/98 [========================>.....] - ETA: 1s - loss: 2.0873 - accuracy: 0.3740
84/98 [========================>.....] - ETA: 1s - loss: 2.0802 - accuracy: 0.3753
85/98 [=========================>....] - ETA: 0s - loss: 2.0730 - accuracy: 0.3765
86/98 [=========================>....] - ETA: 0s - loss: 2.0656 - accuracy: 0.3779
87/98 [=========================>....] - ETA: 0s - loss: 2.0579 - accuracy: 0.3793
88/98 [=========================>....] - ETA: 0s - loss: 2.0504 - accuracy: 0.3808
89/98 [==========================>...] - ETA: 0s - loss: 2.0420 - accuracy: 0.3825
91/98 [==========================>...] - ETA: 0s - loss: 2.0281 - accuracy: 0.3856
92/98 [===========================>..] - ETA: 0s - loss: 2.0214 - accuracy: 0.3865
93/98 [===========================>..] - ETA: 0s - loss: 2.0142 - accuracy: 0.3880
94/98 [===========================>..] - ETA: 0s - loss: 2.0078 - accuracy: 0.3893
95/98 [============================>.] - ETA: 0s - loss: 2.0013 - accuracy: 0.3907
96/98 [============================>.] - ETA: 0s - loss: 1.9949 - accuracy: 0.3920
97/98 [============================>.] - ETA: 0s - loss: 1.9884 - accuracy: 0.3936
98/98 [==============================] - ETA: 0s - loss: 1.9824 - accuracy: 0.3944
98/98 [==============================] - 12s 85ms/step - loss: 1.9824 - accuracy: 0.3944 - val_loss: 2.1091 - val_accuracy: 0.3905
Epoch 2/261

 1/98 [..............................] - ETA: 7s - loss: 1.3894 - accuracy: 0.5391
 2/98 [..............................] - ETA: 5s - loss: 1.3697 - accuracy: 0.5234
 3/98 [..............................] - ETA: 5s - loss: 1.3777 - accuracy: 0.5130
 4/98 [>.............................] - ETA: 6s - loss: 1.3606 - accuracy: 0.5181
 5/98 [>.............................] - ETA: 6s - loss: 1.3573 - accuracy: 0.5277
 6/98 [>.............................] - ETA: 6s - loss: 1.3484 - accuracy: 0.5335
 7/98 [=>............................] - ETA: 6s - loss: 1.3379 - accuracy: 0.5385
 8/98 [=>............................] - ETA: 6s - loss: 1.3324 - accuracy: 0.5393
 9/98 [=>............................] - ETA: 5s - loss: 1.3292 - accuracy: 0.5425
10/98 [==>...........................] - ETA: 5s - loss: 1.3206 - accuracy: 0.5475
11/98 [==>...........................] - ETA: 5s - loss: 1.3210 - accuracy: 0.5449
12/98 [==>...........................] - ETA: 5s - loss: 1.3222 - accuracy: 0.5426
13/98 [==>...........................] - ETA: 5s - loss: 1.3170 - accuracy: 0.5452
14/98 [===>..........................] - ETA: 5s - loss: 1.3159 - accuracy: 0.5442
15/98 [===>..........................] - ETA: 5s - loss: 1.3170 - accuracy: 0.5439
16/98 [===>..........................] - ETA: 5s - loss: 1.3129 - accuracy: 0.5443
17/98 [====>.........................] - ETA: 5s - loss: 1.3131 - accuracy: 0.5443
18/98 [====>.........................] - ETA: 5s - loss: 1.3133 - accuracy: 0.5433
19/98 [====>.........................] - ETA: 5s - loss: 1.3130 - accuracy: 0.5433
20/98 [=====>........................] - ETA: 5s - loss: 1.3114 - accuracy: 0.5438
21/98 [=====>........................] - ETA: 5s - loss: 1.3099 - accuracy: 0.5432
22/98 [=====>........................] - ETA: 5s - loss: 1.3072 - accuracy: 0.5441
23/98 [======>.......................] - ETA: 5s - loss: 1.3055 - accuracy: 0.5436
24/98 [======>.......................] - ETA: 5s - loss: 1.3027 - accuracy: 0.5438
25/98 [======>.......................] - ETA: 4s - loss: 1.2984 - accuracy: 0.5448
26/98 [======>.......................] - ETA: 4s - loss: 1.2982 - accuracy: 0.5450
27/98 [=======>......................] - ETA: 4s - loss: 1.2984 - accuracy: 0.5444
29/98 [=======>......................] - ETA: 4s - loss: 1.2932 - accuracy: 0.5475
30/98 [========>.....................] - ETA: 4s - loss: 1.2927 - accuracy: 0.5476
31/98 [========>.....................] - ETA: 4s - loss: 1.2933 - accuracy: 0.5473
32/98 [========>.....................] - ETA: 4s - loss: 1.2895 - accuracy: 0.5484
33/98 [=========>....................] - ETA: 4s - loss: 1.2892 - accuracy: 0.5480
34/98 [=========>....................] - ETA: 4s - loss: 1.2876 - accuracy: 0.5486
35/98 [=========>....................] - ETA: 4s - loss: 1.2865 - accuracy: 0.5486
36/98 [==========>...................] - ETA: 4s - loss: 1.2857 - accuracy: 0.5485
37/98 [==========>...................] - ETA: 4s - loss: 1.2864 - accuracy: 0.5484
38/98 [==========>...................] - ETA: 4s - loss: 1.2834 - accuracy: 0.5504
39/98 [==========>...................] - ETA: 3s - loss: 1.2830 - accuracy: 0.5507
40/98 [===========>..................] - ETA: 3s - loss: 1.2799 - accuracy: 0.5515
41/98 [===========>..................] - ETA: 3s - loss: 1.2807 - accuracy: 0.5514
42/98 [===========>..................] - ETA: 3s - loss: 1.2815 - accuracy: 0.5512
43/98 [============>.................] - ETA: 3s - loss: 1.2812 - accuracy: 0.5509
44/98 [============>.................] - ETA: 3s - loss: 1.2814 - accuracy: 0.5509
45/98 [============>.................] - ETA: 3s - loss: 1.2806 - accuracy: 0.5508
46/98 [=============>................] - ETA: 3s - loss: 1.2794 - accuracy: 0.5510
47/98 [=============>................] - ETA: 3s - loss: 1.2797 - accuracy: 0.5504
48/98 [=============>................] - ETA: 3s - loss: 1.2789 - accuracy: 0.5509
49/98 [==============>...............] - ETA: 3s - loss: 1.2784 - accuracy: 0.5516
50/98 [==============>...............] - ETA: 3s - loss: 1.2795 - accuracy: 0.5520
51/98 [==============>...............] - ETA: 3s - loss: 1.2779 - accuracy: 0.5530
52/98 [==============>...............] - ETA: 3s - loss: 1.2771 - accuracy: 0.5529
53/98 [===============>..............] - ETA: 3s - loss: 1.2766 - accuracy: 0.5529
54/98 [===============>..............] - ETA: 2s - loss: 1.2745 - accuracy: 0.5533
55/98 [===============>..............] - ETA: 2s - loss: 1.2744 - accuracy: 0.5537
56/98 [================>.............] - ETA: 2s - loss: 1.2719 - accuracy: 0.5545
57/98 [================>.............] - ETA: 2s - loss: 1.2704 - accuracy: 0.5551
58/98 [================>.............] - ETA: 2s - loss: 1.2683 - accuracy: 0.5557
59/98 [=================>............] - ETA: 2s - loss: 1.2661 - accuracy: 0.5561
60/98 [=================>............] - ETA: 2s - loss: 1.2647 - accuracy: 0.5564
61/98 [=================>............] - ETA: 2s - loss: 1.2641 - accuracy: 0.5566
62/98 [=================>............] - ETA: 2s - loss: 1.2627 - accuracy: 0.5572
63/98 [==================>...........] - ETA: 2s - loss: 1.2615 - accuracy: 0.5577
64/98 [==================>...........] - ETA: 2s - loss: 1.2597 - accuracy: 0.5581
65/98 [==================>...........] - ETA: 2s - loss: 1.2584 - accuracy: 0.5586
66/98 [===================>..........] - ETA: 2s - loss: 1.2567 - accuracy: 0.5593
67/98 [===================>..........] - ETA: 2s - loss: 1.2556 - accuracy: 0.5594
68/98 [===================>..........] - ETA: 2s - loss: 1.2542 - accuracy: 0.5600
69/98 [====================>.........] - ETA: 1s - loss: 1.2518 - accuracy: 0.5608
70/98 [====================>.........] - ETA: 1s - loss: 1.2511 - accuracy: 0.5611
71/98 [====================>.........] - ETA: 1s - loss: 1.2509 - accuracy: 0.5615
72/98 [=====================>........] - ETA: 1s - loss: 1.2496 - accuracy: 0.5618
73/98 [=====================>........] - ETA: 1s - loss: 1.2490 - accuracy: 0.5621
74/98 [=====================>........] - ETA: 1s - loss: 1.2488 - accuracy: 0.5623
75/98 [=====================>........] - ETA: 1s - loss: 1.2481 - accuracy: 0.5624
76/98 [======================>.......] - ETA: 1s - loss: 1.2484 - accuracy: 0.5621
77/98 [======================>.......] - ETA: 1s - loss: 1.2473 - accuracy: 0.5622
78/98 [======================>.......] - ETA: 1s - loss: 1.2460 - accuracy: 0.5626
79/98 [=======================>......] - ETA: 1s - loss: 1.2452 - accuracy: 0.5630
80/98 [=======================>......] - ETA: 1s - loss: 1.2450 - accuracy: 0.5631
81/98 [=======================>......] - ETA: 1s - loss: 1.2448 - accuracy: 0.5632
82/98 [========================>.....] - ETA: 1s - loss: 1.2436 - accuracy: 0.5640
83/98 [========================>.....] - ETA: 1s - loss: 1.2423 - accuracy: 0.5644
84/98 [========================>.....] - ETA: 0s - loss: 1.2403 - accuracy: 0.5652
85/98 [=========================>....] - ETA: 0s - loss: 1.2400 - accuracy: 0.5650
86/98 [=========================>....] - ETA: 0s - loss: 1.2389 - accuracy: 0.5654
87/98 [=========================>....] - ETA: 0s - loss: 1.2373 - accuracy: 0.5660
88/98 [=========================>....] - ETA: 0s - loss: 1.2351 - accuracy: 0.5664
89/98 [==========================>...] - ETA: 0s - loss: 1.2343 - accuracy: 0.5666
90/98 [==========================>...] - ETA: 0s - loss: 1.2326 - accuracy: 0.5670
91/98 [==========================>...] - ETA: 0s - loss: 1.2321 - accuracy: 0.5674
92/98 [===========================>..] - ETA: 0s - loss: 1.2305 - accuracy: 0.5680
93/98 [===========================>..] - ETA: 0s - loss: 1.2292 - accuracy: 0.5685
94/98 [===========================>..] - ETA: 0s - loss: 1.2283 - accuracy: 0.5689
95/98 [============================>.] - ETA: 0s - loss: 1.2267 - accuracy: 0.5697
96/98 [============================>.] - ETA: 0s - loss: 1.2257 - accuracy: 0.5698
97/98 [============================>.] - ETA: 0s - loss: 1.2248 - accuracy: 0.5702
98/98 [==============================] - ETA: 0s - loss: 1.2231 - accuracy: 0.5704
98/98 [==============================] - 7s 74ms/step - loss: 1.2231 - accuracy: 0.5704 - val_loss: 1.9767 - val_accuracy: 0.4277
Epoch 3/261

 1/98 [..............................] - ETA: 7s - loss: 1.0436 - accuracy: 0.6484
 2/98 [..............................] - ETA: 6s - loss: 1.0586 - accuracy: 0.6465
 3/98 [..............................] - ETA: 6s - loss: 1.0633 - accuracy: 0.6491
 4/98 [>.............................] - ETA: 6s - loss: 1.0726 - accuracy: 0.6406
 5/98 [>.............................] - ETA: 6s - loss: 1.0780 - accuracy: 0.6367
 6/98 [>.............................] - ETA: 6s - loss: 1.0735 - accuracy: 0.6374
 7/98 [=>............................] - ETA: 6s - loss: 1.0616 - accuracy: 0.6398
 8/98 [=>............................] - ETA: 6s - loss: 1.0745 - accuracy: 0.6316
 9/98 [=>............................] - ETA: 6s - loss: 1.0742 - accuracy: 0.6319
10/98 [==>...........................] - ETA: 5s - loss: 1.0790 - accuracy: 0.6305
11/98 [==>...........................] - ETA: 5s - loss: 1.0667 - accuracy: 0.6346
12/98 [==>...........................] - ETA: 5s - loss: 1.0657 - accuracy: 0.6320
13/98 [==>...........................] - ETA: 5s - loss: 1.0647 - accuracy: 0.6325
14/98 [===>..........................] - ETA: 5s - loss: 1.0623 - accuracy: 0.6339
15/98 [===>..........................] - ETA: 5s - loss: 1.0601 - accuracy: 0.6357
16/98 [===>..........................] - ETA: 5s - loss: 1.0551 - accuracy: 0.6368
17/98 [====>.........................] - ETA: 5s - loss: 1.0592 - accuracy: 0.6335
18/98 [====>.........................] - ETA: 5s - loss: 1.0551 - accuracy: 0.6347
19/98 [====>.........................] - ETA: 5s - loss: 1.0528 - accuracy: 0.6366
20/98 [=====>........................] - ETA: 5s - loss: 1.0516 - accuracy: 0.6360
21/98 [=====>........................] - ETA: 5s - loss: 1.0531 - accuracy: 0.6363
22/98 [=====>........................] - ETA: 5s - loss: 1.0505 - accuracy: 0.6377
23/98 [======>.......................] - ETA: 5s - loss: 1.0473 - accuracy: 0.6382
24/98 [======>.......................] - ETA: 5s - loss: 1.0494 - accuracy: 0.6379
25/98 [======>.......................] - ETA: 4s - loss: 1.0462 - accuracy: 0.6384
26/98 [======>.......................] - ETA: 4s - loss: 1.0476 - accuracy: 0.6379
27/98 [=======>......................] - ETA: 4s - loss: 1.0452 - accuracy: 0.6387
28/98 [=======>......................] - ETA: 4s - loss: 1.0425 - accuracy: 0.6400
29/98 [=======>......................] - ETA: 4s - loss: 1.0406 - accuracy: 0.6415
30/98 [========>.....................] - ETA: 4s - loss: 1.0398 - accuracy: 0.6421
31/98 [========>.....................] - ETA: 4s - loss: 1.0358 - accuracy: 0.6427
32/98 [========>.....................] - ETA: 4s - loss: 1.0340 - accuracy: 0.6435
33/98 [=========>....................] - ETA: 4s - loss: 1.0328 - accuracy: 0.6439
34/98 [=========>....................] - ETA: 4s - loss: 1.0338 - accuracy: 0.6437
35/98 [=========>....................] - ETA: 4s - loss: 1.0330 - accuracy: 0.6435
36/98 [==========>...................] - ETA: 4s - loss: 1.0337 - accuracy: 0.6427
37/98 [==========>...................] - ETA: 4s - loss: 1.0326 - accuracy: 0.6429
38/98 [==========>...................] - ETA: 4s - loss: 1.0314 - accuracy: 0.6430
39/98 [==========>...................] - ETA: 4s - loss: 1.0307 - accuracy: 0.6427
40/98 [===========>..................] - ETA: 3s - loss: 1.0302 - accuracy: 0.6428
41/98 [===========>..................] - ETA: 3s - loss: 1.0303 - accuracy: 0.6428
42/98 [===========>..................] - ETA: 3s - loss: 1.0297 - accuracy: 0.6434
43/98 [============>.................] - ETA: 3s - loss: 1.0285 - accuracy: 0.6434
44/98 [============>.................] - ETA: 3s - loss: 1.0259 - accuracy: 0.6437
45/98 [============>.................] - ETA: 3s - loss: 1.0241 - accuracy: 0.6446
46/98 [=============>................] - ETA: 3s - loss: 1.0227 - accuracy: 0.6450
47/98 [=============>................] - ETA: 3s - loss: 1.0235 - accuracy: 0.6451
48/98 [=============>................] - ETA: 3s - loss: 1.0239 - accuracy: 0.6451
49/98 [==============>...............] - ETA: 3s - loss: 1.0236 - accuracy: 0.6448
50/98 [==============>...............] - ETA: 3s - loss: 1.0254 - accuracy: 0.6436
51/98 [==============>...............] - ETA: 3s - loss: 1.0244 - accuracy: 0.6435
52/98 [==============>...............] - ETA: 3s - loss: 1.0244 - accuracy: 0.6437
53/98 [===============>..............] - ETA: 3s - loss: 1.0253 - accuracy: 0.6435
54/98 [===============>..............] - ETA: 2s - loss: 1.0258 - accuracy: 0.6429
55/98 [===============>..............] - ETA: 2s - loss: 1.0240 - accuracy: 0.6436
56/98 [================>.............] - ETA: 2s - loss: 1.0229 - accuracy: 0.6446
57/98 [================>.............] - ETA: 2s - loss: 1.0217 - accuracy: 0.6448
58/98 [================>.............] - ETA: 2s - loss: 1.0215 - accuracy: 0.6447
59/98 [=================>............] - ETA: 2s - loss: 1.0214 - accuracy: 0.6444
60/98 [=================>............] - ETA: 2s - loss: 1.0193 - accuracy: 0.6448
61/98 [=================>............] - ETA: 2s - loss: 1.0188 - accuracy: 0.6456
62/98 [=================>............] - ETA: 2s - loss: 1.0185 - accuracy: 0.6454
63/98 [==================>...........] - ETA: 2s - loss: 1.0179 - accuracy: 0.6455
64/98 [==================>...........] - ETA: 2s - loss: 1.0180 - accuracy: 0.6456
65/98 [==================>...........] - ETA: 2s - loss: 1.0180 - accuracy: 0.6458
67/98 [===================>..........] - ETA: 2s - loss: 1.0182 - accuracy: 0.6457
68/98 [===================>..........] - ETA: 2s - loss: 1.0171 - accuracy: 0.6461
69/98 [====================>.........] - ETA: 1s - loss: 1.0167 - accuracy: 0.6461
70/98 [====================>.........] - ETA: 1s - loss: 1.0171 - accuracy: 0.6459
71/98 [====================>.........] - ETA: 1s - loss: 1.0172 - accuracy: 0.6459
72/98 [=====================>........] - ETA: 1s - loss: 1.0176 - accuracy: 0.6454
73/98 [=====================>........] - ETA: 1s - loss: 1.0168 - accuracy: 0.6459
74/98 [=====================>........] - ETA: 1s - loss: 1.0162 - accuracy: 0.6460
75/98 [=====================>........] - ETA: 1s - loss: 1.0172 - accuracy: 0.6457
76/98 [======================>.......] - ETA: 1s - loss: 1.0169 - accuracy: 0.6459
77/98 [======================>.......] - ETA: 1s - loss: 1.0176 - accuracy: 0.6457
78/98 [======================>.......] - ETA: 1s - loss: 1.0172 - accuracy: 0.6456
79/98 [=======================>......] - ETA: 1s - loss: 1.0171 - accuracy: 0.6456
80/98 [=======================>......] - ETA: 1s - loss: 1.0157 - accuracy: 0.6463
81/98 [=======================>......] - ETA: 1s - loss: 1.0155 - accuracy: 0.6464
82/98 [========================>.....] - ETA: 1s - loss: 1.0156 - accuracy: 0.6464
83/98 [========================>.....] - ETA: 1s - loss: 1.0161 - accuracy: 0.6463
84/98 [========================>.....] - ETA: 0s - loss: 1.0153 - accuracy: 0.6465
85/98 [=========================>....] - ETA: 0s - loss: 1.0139 - accuracy: 0.6471
86/98 [=========================>....] - ETA: 0s - loss: 1.0124 - accuracy: 0.6477
87/98 [=========================>....] - ETA: 0s - loss: 1.0116 - accuracy: 0.6480
88/98 [=========================>....] - ETA: 0s - loss: 1.0117 - accuracy: 0.6479
89/98 [==========================>...] - ETA: 0s - loss: 1.0115 - accuracy: 0.6480
90/98 [==========================>...] - ETA: 0s - loss: 1.0111 - accuracy: 0.6482
91/98 [==========================>...] - ETA: 0s - loss: 1.0103 - accuracy: 0.6484
92/98 [===========================>..] - ETA: 0s - loss: 1.0098 - accuracy: 0.6485
93/98 [===========================>..] - ETA: 0s - loss: 1.0106 - accuracy: 0.6484
94/98 [===========================>..] - ETA: 0s - loss: 1.0103 - accuracy: 0.6485
95/98 [============================>.] - ETA: 0s - loss: 1.0103 - accuracy: 0.6486
96/98 [============================>.] - ETA: 0s - loss: 1.0099 - accuracy: 0.6489
97/98 [============================>.] - ETA: 0s - loss: 1.0096 - accuracy: 0.6490
98/98 [==============================] - ETA: 0s - loss: 1.0090 - accuracy: 0.6491
98/98 [==============================] - 7s 74ms/step - loss: 1.0090 - accuracy: 0.6491 - val_loss: 1.8205 - val_accuracy: 0.5407
Epoch 4/261

 1/98 [..............................] - ETA: 9s - loss: 0.8731 - accuracy: 0.6973
 2/98 [..............................] - ETA: 5s - loss: 0.8523 - accuracy: 0.6963
 3/98 [..............................] - ETA: 5s - loss: 0.8692 - accuracy: 0.7031
 4/98 [>.............................] - ETA: 6s - loss: 0.8927 - accuracy: 0.6948
 5/98 [>.............................] - ETA: 6s - loss: 0.8939 - accuracy: 0.6965
 6/98 [>.............................] - ETA: 6s - loss: 0.9045 - accuracy: 0.6956
 7/98 [=>............................] - ETA: 6s - loss: 0.9082 - accuracy: 0.6911
 8/98 [=>............................] - ETA: 6s - loss: 0.9115 - accuracy: 0.6885
 9/98 [=>............................] - ETA: 5s - loss: 0.9112 - accuracy: 0.6877
10/98 [==>...........................] - ETA: 5s - loss: 0.9183 - accuracy: 0.6848
11/98 [==>...........................] - ETA: 5s - loss: 0.9193 - accuracy: 0.6836
12/98 [==>...........................] - ETA: 5s - loss: 0.9140 - accuracy: 0.6836
13/98 [==>...........................] - ETA: 5s - loss: 0.9087 - accuracy: 0.6846
14/98 [===>..........................] - ETA: 5s - loss: 0.9074 - accuracy: 0.6846
15/98 [===>..........................] - ETA: 5s - loss: 0.9090 - accuracy: 0.6859
16/98 [===>..........................] - ETA: 5s - loss: 0.9090 - accuracy: 0.6857
17/98 [====>.........................] - ETA: 5s - loss: 0.9096 - accuracy: 0.6864
18/98 [====>.........................] - ETA: 5s - loss: 0.9089 - accuracy: 0.6865
19/98 [====>.........................] - ETA: 5s - loss: 0.9072 - accuracy: 0.6875
20/98 [=====>........................] - ETA: 5s - loss: 0.9107 - accuracy: 0.6857
21/98 [=====>........................] - ETA: 5s - loss: 0.9143 - accuracy: 0.6840
22/98 [=====>........................] - ETA: 5s - loss: 0.9134 - accuracy: 0.6840
23/98 [======>.......................] - ETA: 5s - loss: 0.9082 - accuracy: 0.6857
24/98 [======>.......................] - ETA: 4s - loss: 0.9062 - accuracy: 0.6853
25/98 [======>.......................] - ETA: 4s - loss: 0.9062 - accuracy: 0.6858
26/98 [======>.......................] - ETA: 4s - loss: 0.9088 - accuracy: 0.6849
27/98 [=======>......................] - ETA: 4s - loss: 0.9055 - accuracy: 0.6856
28/98 [=======>......................] - ETA: 4s - loss: 0.9055 - accuracy: 0.6858
29/98 [=======>......................] - ETA: 4s - loss: 0.9052 - accuracy: 0.6853
30/98 [========>.....................] - ETA: 4s - loss: 0.9042 - accuracy: 0.6857
31/98 [========>.....................] - ETA: 4s - loss: 0.9037 - accuracy: 0.6856
32/98 [========>.....................] - ETA: 4s - loss: 0.9055 - accuracy: 0.6852
33/98 [=========>....................] - ETA: 4s - loss: 0.9038 - accuracy: 0.6864
34/98 [=========>....................] - ETA: 4s - loss: 0.9048 - accuracy: 0.6857
35/98 [=========>....................] - ETA: 4s - loss: 0.9039 - accuracy: 0.6858
36/98 [==========>...................] - ETA: 4s - loss: 0.9061 - accuracy: 0.6855
37/98 [==========>...................] - ETA: 4s - loss: 0.9075 - accuracy: 0.6845
38/98 [==========>...................] - ETA: 4s - loss: 0.9071 - accuracy: 0.6843
39/98 [==========>...................] - ETA: 3s - loss: 0.9066 - accuracy: 0.6847
40/98 [===========>..................] - ETA: 3s - loss: 0.9075 - accuracy: 0.6846
41/98 [===========>..................] - ETA: 3s - loss: 0.9071 - accuracy: 0.6845
42/98 [===========>..................] - ETA: 3s - loss: 0.9061 - accuracy: 0.6851
43/98 [============>.................] - ETA: 3s - loss: 0.9064 - accuracy: 0.6855
44/98 [============>.................] - ETA: 3s - loss: 0.9041 - accuracy: 0.6863
45/98 [============>.................] - ETA: 3s - loss: 0.9039 - accuracy: 0.6866
46/98 [=============>................] - ETA: 3s - loss: 0.9011 - accuracy: 0.6877
47/98 [=============>................] - ETA: 3s - loss: 0.9006 - accuracy: 0.6882
48/98 [=============>................] - ETA: 3s - loss: 0.9021 - accuracy: 0.6878
49/98 [==============>...............] - ETA: 3s - loss: 0.9007 - accuracy: 0.6885
50/98 [==============>...............] - ETA: 3s - loss: 0.9002 - accuracy: 0.6886
51/98 [==============>...............] - ETA: 3s - loss: 0.8989 - accuracy: 0.6888
52/98 [==============>...............] - ETA: 3s - loss: 0.8991 - accuracy: 0.6886
53/98 [===============>..............] - ETA: 3s - loss: 0.8993 - accuracy: 0.6885
54/98 [===============>..............] - ETA: 2s - loss: 0.9004 - accuracy: 0.6878
55/98 [===============>..............] - ETA: 2s - loss: 0.9005 - accuracy: 0.6877
56/98 [================>.............] - ETA: 2s - loss: 0.9012 - accuracy: 0.6878
57/98 [================>.............] - ETA: 2s - loss: 0.9011 - accuracy: 0.6881
58/98 [================>.............] - ETA: 2s - loss: 0.9015 - accuracy: 0.6883
59/98 [=================>............] - ETA: 2s - loss: 0.9004 - accuracy: 0.6885
60/98 [=================>............] - ETA: 2s - loss: 0.9006 - accuracy: 0.6883
61/98 [=================>............] - ETA: 2s - loss: 0.8996 - accuracy: 0.6885
62/98 [=================>............] - ETA: 2s - loss: 0.9001 - accuracy: 0.6883
63/98 [==================>...........] - ETA: 2s - loss: 0.9017 - accuracy: 0.6878
64/98 [==================>...........] - ETA: 2s - loss: 0.9015 - accuracy: 0.6882
65/98 [==================>...........] - ETA: 2s - loss: 0.9015 - accuracy: 0.6883
66/98 [===================>..........] - ETA: 2s - loss: 0.9009 - accuracy: 0.6886
67/98 [===================>..........] - ETA: 2s - loss: 0.8994 - accuracy: 0.6887
68/98 [===================>..........] - ETA: 2s - loss: 0.8996 - accuracy: 0.6883
70/98 [====================>.........] - ETA: 1s - loss: 0.8990 - accuracy: 0.6883
71/98 [====================>.........] - ETA: 1s - loss: 0.8991 - accuracy: 0.6889
72/98 [=====================>........] - ETA: 1s - loss: 0.8983 - accuracy: 0.6891
73/98 [=====================>........] - ETA: 1s - loss: 0.8987 - accuracy: 0.6894
74/98 [=====================>........] - ETA: 1s - loss: 0.8978 - accuracy: 0.6899
75/98 [=====================>........] - ETA: 1s - loss: 0.8978 - accuracy: 0.6899
76/98 [======================>.......] - ETA: 1s - loss: 0.8966 - accuracy: 0.6903
77/98 [======================>.......] - ETA: 1s - loss: 0.8949 - accuracy: 0.6909
78/98 [======================>.......] - ETA: 1s - loss: 0.8956 - accuracy: 0.6908
79/98 [=======================>......] - ETA: 1s - loss: 0.8950 - accuracy: 0.6911
80/98 [=======================>......] - ETA: 1s - loss: 0.8944 - accuracy: 0.6913
81/98 [=======================>......] - ETA: 1s - loss: 0.8941 - accuracy: 0.6914
82/98 [========================>.....] - ETA: 1s - loss: 0.8933 - accuracy: 0.6919
83/98 [========================>.....] - ETA: 1s - loss: 0.8923 - accuracy: 0.6921
84/98 [========================>.....] - ETA: 0s - loss: 0.8928 - accuracy: 0.6921
85/98 [=========================>....] - ETA: 0s - loss: 0.8922 - accuracy: 0.6924
86/98 [=========================>....] - ETA: 0s - loss: 0.8934 - accuracy: 0.6920
87/98 [=========================>....] - ETA: 0s - loss: 0.8936 - accuracy: 0.6918
88/98 [=========================>....] - ETA: 0s - loss: 0.8925 - accuracy: 0.6920
90/98 [==========================>...] - ETA: 0s - loss: 0.8916 - accuracy: 0.6923
91/98 [==========================>...] - ETA: 0s - loss: 0.8917 - accuracy: 0.6923
92/98 [===========================>..] - ETA: 0s - loss: 0.8916 - accuracy: 0.6920
93/98 [===========================>..] - ETA: 0s - loss: 0.8911 - accuracy: 0.6922
94/98 [===========================>..] - ETA: 0s - loss: 0.8912 - accuracy: 0.6924
95/98 [============================>.] - ETA: 0s - loss: 0.8912 - accuracy: 0.6926
96/98 [============================>.] - ETA: 0s - loss: 0.8919 - accuracy: 0.6923
97/98 [============================>.] - ETA: 0s - loss: 0.8919 - accuracy: 0.6922
98/98 [==============================] - ETA: 0s - loss: 0.8918 - accuracy: 0.6922
98/98 [==============================] - 7s 74ms/step - loss: 0.8918 - accuracy: 0.6922 - val_loss: 1.5769 - val_accuracy: 0.5976
Epoch 5/261

 1/98 [..............................] - ETA: 9s - loss: 0.8388 - accuracy: 0.7012
 2/98 [..............................] - ETA: 6s - loss: 0.8128 - accuracy: 0.7207
 3/98 [..............................] - ETA: 5s - loss: 0.8120 - accuracy: 0.7174
 4/98 [>.............................] - ETA: 5s - loss: 0.7916 - accuracy: 0.7266
 5/98 [>.............................] - ETA: 6s - loss: 0.7745 - accuracy: 0.7340
 6/98 [>.............................] - ETA: 6s - loss: 0.7678 - accuracy: 0.7331
 7/98 [=>............................] - ETA: 5s - loss: 0.7614 - accuracy: 0.7335
 8/98 [=>............................] - ETA: 6s - loss: 0.7759 - accuracy: 0.7288
 9/98 [=>............................] - ETA: 5s - loss: 0.7801 - accuracy: 0.7261
10/98 [==>...........................] - ETA: 5s - loss: 0.7839 - accuracy: 0.7246
11/98 [==>...........................] - ETA: 5s - loss: 0.7933 - accuracy: 0.7225
12/98 [==>...........................] - ETA: 5s - loss: 0.7990 - accuracy: 0.7210
13/98 [==>...........................] - ETA: 5s - loss: 0.7927 - accuracy: 0.7237
14/98 [===>..........................] - ETA: 5s - loss: 0.7907 - accuracy: 0.7243
15/98 [===>..........................] - ETA: 5s - loss: 0.7914 - accuracy: 0.7241
16/98 [===>..........................] - ETA: 5s - loss: 0.7898 - accuracy: 0.7253
17/98 [====>.........................] - ETA: 5s - loss: 0.7928 - accuracy: 0.7254
18/98 [====>.........................] - ETA: 5s - loss: 0.7896 - accuracy: 0.7257
19/98 [====>.........................] - ETA: 5s - loss: 0.7903 - accuracy: 0.7260
20/98 [=====>........................] - ETA: 5s - loss: 0.7897 - accuracy: 0.7271
21/98 [=====>........................] - ETA: 5s - loss: 0.7906 - accuracy: 0.7255
22/98 [=====>........................] - ETA: 5s - loss: 0.7891 - accuracy: 0.7257
23/98 [======>.......................] - ETA: 5s - loss: 0.7884 - accuracy: 0.7257
24/98 [======>.......................] - ETA: 4s - loss: 0.7865 - accuracy: 0.7269
25/98 [======>.......................] - ETA: 4s - loss: 0.7865 - accuracy: 0.7270
26/98 [======>.......................] - ETA: 4s - loss: 0.7880 - accuracy: 0.7270
27/98 [=======>......................] - ETA: 4s - loss: 0.7872 - accuracy: 0.7277
28/98 [=======>......................] - ETA: 4s - loss: 0.7904 - accuracy: 0.7276
30/98 [========>.....................] - ETA: 4s - loss: 0.7894 - accuracy: 0.7285
31/98 [========>.....................] - ETA: 4s - loss: 0.7902 - accuracy: 0.7285
32/98 [========>.....................] - ETA: 4s - loss: 0.7906 - accuracy: 0.7287
33/98 [=========>....................] - ETA: 4s - loss: 0.7889 - accuracy: 0.7293
34/98 [=========>....................] - ETA: 4s - loss: 0.7922 - accuracy: 0.7278
35/98 [=========>....................] - ETA: 4s - loss: 0.7915 - accuracy: 0.7283
36/98 [==========>...................] - ETA: 4s - loss: 0.7925 - accuracy: 0.7274
37/98 [==========>...................] - ETA: 4s - loss: 0.7926 - accuracy: 0.7277
38/98 [==========>...................] - ETA: 4s - loss: 0.7918 - accuracy: 0.7280
39/98 [==========>...................] - ETA: 3s - loss: 0.7910 - accuracy: 0.7280
40/98 [===========>..................] - ETA: 3s - loss: 0.7904 - accuracy: 0.7278
41/98 [===========>..................] - ETA: 3s - loss: 0.7894 - accuracy: 0.7284
42/98 [===========>..................] - ETA: 3s - loss: 0.7892 - accuracy: 0.7288
43/98 [============>.................] - ETA: 3s - loss: 0.7893 - accuracy: 0.7284
44/98 [============>.................] - ETA: 3s - loss: 0.7895 - accuracy: 0.7283
45/98 [============>.................] - ETA: 3s - loss: 0.7886 - accuracy: 0.7284
46/98 [=============>................] - ETA: 3s - loss: 0.7912 - accuracy: 0.7275
47/98 [=============>................] - ETA: 3s - loss: 0.7932 - accuracy: 0.7266
48/98 [=============>................] - ETA: 3s - loss: 0.7944 - accuracy: 0.7258
49/98 [==============>...............] - ETA: 3s - loss: 0.7956 - accuracy: 0.7255
50/98 [==============>...............] - ETA: 3s - loss: 0.7950 - accuracy: 0.7257
51/98 [==============>...............] - ETA: 3s - loss: 0.7940 - accuracy: 0.7261
52/98 [==============>...............] - ETA: 3s - loss: 0.7943 - accuracy: 0.7258
53/98 [===============>..............] - ETA: 3s - loss: 0.7954 - accuracy: 0.7253
54/98 [===============>..............] - ETA: 2s - loss: 0.7953 - accuracy: 0.7254
55/98 [===============>..............] - ETA: 2s - loss: 0.7951 - accuracy: 0.7256
