2024-07-26 14:40:03.407468: I tensorflow/core/platform/cpu_feature_guard.cc:193] This TensorFlow binary is optimized with oneAPI Deep Neural Network Library (oneDNN) to use the following CPU instructions in performance-critical operations:  AVX AVX2
To enable them in other operations, rebuild TensorFlow with the appropriate compiler flags.
2024-07-26 14:40:03.872357: I tensorflow/core/common_runtime/gpu/gpu_device.cc:1616] Created device /job:localhost/replica:0/task:0/device:GPU:0 with 6656 MB memory:  -> device: 0, name: NVIDIA GeForce RTX 4060 Ti, pci bus id: 0000:01:00.0, compute capability: 8.9
1 Physical GPUs, 1 Logical GPUs
Model: "sequential"
_________________________________________________________________
 Layer (type)                Output Shape              Param #   
=================================================================
 conv2d (Conv2D)             (None, 32, 32, 32)        896       
                                                                 
 max_pooling2d (MaxPooling2D  (None, 16, 16, 32)       0         
 )                                                               
                                                                 
 batch_normalization (BatchN  (None, 16, 16, 32)       128       
 ormalization)                                                   
                                                                 
 dropout (Dropout)           (None, 16, 16, 32)        0         
                                                                 
 flatten (Flatten)           (None, 8192)              0         
                                                                 
 dense (Dense)               (None, 16)                131088    
                                                                 
 dropout_1 (Dropout)         (None, 16)                0         
                                                                 
 dense_1 (Dense)             (None, 10)                170       
                                                                 
=================================================================
Total params: 132,282
Trainable params: 132,218
Non-trainable params: 64
_________________________________________________________________
Taxa de aprendizado:  0.1 Num de épocas:  197 Tamanho do lote:  512 Dropout:  0.3
Epoch 1/197
2024-07-26 14:40:04.955837: I tensorflow/stream_executor/cuda/cuda_dnn.cc:384] Loaded cuDNN version 8100
2024-07-26 14:40:05.603286: W tensorflow/stream_executor/gpu/redzone_allocator.cc:314] INTERNAL: ptxas exited with non-zero error code -1, output: 
Relying on driver to perform ptx compilation. 
Modify $PATH to customize ptxas location.
This message will be only logged once.
2024-07-26 14:40:06.175473: I tensorflow/stream_executor/cuda/cuda_blas.cc:1614] TensorFloat-32 will be used for the matrix multiplication. This will only be logged once.

 1/98 [..............................] - ETA: 3:32 - loss: 2.6536 - accuracy: 0.0957
 8/98 [=>............................] - ETA: 0s - loss: 2.4931 - accuracy: 0.1338  
14/98 [===>..........................] - ETA: 0s - loss: 2.4269 - accuracy: 0.1401
22/98 [=====>........................] - ETA: 0s - loss: 2.3920 - accuracy: 0.1392
28/98 [=======>......................] - ETA: 0s - loss: 2.3716 - accuracy: 0.1420
32/98 [========>.....................] - ETA: 0s - loss: 2.3547 - accuracy: 0.1444
38/98 [==========>...................] - ETA: 0s - loss: 2.3331 - accuracy: 0.1497
44/98 [============>.................] - ETA: 0s - loss: 2.3178 - accuracy: 0.1535
51/98 [==============>...............] - ETA: 0s - loss: 2.3015 - accuracy: 0.1574
57/98 [================>.............] - ETA: 0s - loss: 2.2869 - accuracy: 0.1609
62/98 [=================>............] - ETA: 0s - loss: 2.2754 - accuracy: 0.1642
68/98 [===================>..........] - ETA: 0s - loss: 2.2651 - accuracy: 0.1674
74/98 [=====================>........] - ETA: 0s - loss: 2.2587 - accuracy: 0.1698
80/98 [=======================>......] - ETA: 0s - loss: 2.2496 - accuracy: 0.1722
87/98 [=========================>....] - ETA: 0s - loss: 2.2419 - accuracy: 0.1748
93/98 [===========================>..] - ETA: 0s - loss: 2.2366 - accuracy: 0.1764
98/98 [==============================] - 4s 16ms/step - loss: 2.2336 - accuracy: 0.1772 - val_loss: 2.6443 - val_accuracy: 0.1206
Epoch 2/197

 1/98 [..............................] - ETA: 1s - loss: 2.1325 - accuracy: 0.2090
 7/98 [=>............................] - ETA: 0s - loss: 2.1542 - accuracy: 0.2037
13/98 [==>...........................] - ETA: 0s - loss: 2.1555 - accuracy: 0.2025
21/98 [=====>........................] - ETA: 0s - loss: 2.1507 - accuracy: 0.2016
27/98 [=======>......................] - ETA: 0s - loss: 2.1543 - accuracy: 0.2016
34/98 [=========>....................] - ETA: 0s - loss: 2.1594 - accuracy: 0.1976
41/98 [===========>..................] - ETA: 0s - loss: 2.1633 - accuracy: 0.1961
47/98 [=============>................] - ETA: 0s - loss: 2.1685 - accuracy: 0.1941
54/98 [===============>..............] - ETA: 0s - loss: 2.1726 - accuracy: 0.1927
60/98 [=================>............] - ETA: 0s - loss: 2.1779 - accuracy: 0.1910
67/98 [===================>..........] - ETA: 0s - loss: 2.1833 - accuracy: 0.1895
73/98 [=====================>........] - ETA: 0s - loss: 2.1906 - accuracy: 0.1865
80/98 [=======================>......] - ETA: 0s - loss: 2.1978 - accuracy: 0.1850
86/98 [=========================>....] - ETA: 0s - loss: 2.2015 - accuracy: 0.1833
92/98 [===========================>..] - ETA: 0s - loss: 2.2021 - accuracy: 0.1837
98/98 [==============================] - 1s 14ms/step - loss: 2.2033 - accuracy: 0.1831 - val_loss: 2.2658 - val_accuracy: 0.1800
Epoch 3/197

 1/98 [..............................] - ETA: 1s - loss: 2.2397 - accuracy: 0.1660
 6/98 [>.............................] - ETA: 1s - loss: 2.2429 - accuracy: 0.1732
13/98 [==>...........................] - ETA: 0s - loss: 2.2275 - accuracy: 0.1770
19/98 [====>.........................] - ETA: 0s - loss: 2.2252 - accuracy: 0.1750
26/98 [======>.......................] - ETA: 0s - loss: 2.2204 - accuracy: 0.1771
33/98 [=========>....................] - ETA: 0s - loss: 2.2153 - accuracy: 0.1780
40/98 [===========>..................] - ETA: 0s - loss: 2.2165 - accuracy: 0.1785
47/98 [=============>................] - ETA: 0s - loss: 2.2163 - accuracy: 0.1777
54/98 [===============>..............] - ETA: 0s - loss: 2.2152 - accuracy: 0.1775
61/98 [=================>............] - ETA: 0s - loss: 2.2148 - accuracy: 0.1773
66/98 [===================>..........] - ETA: 0s - loss: 2.2143 - accuracy: 0.1771
70/98 [====================>.........] - ETA: 0s - loss: 2.2133 - accuracy: 0.1773
74/98 [=====================>........] - ETA: 0s - loss: 2.2127 - accuracy: 0.1781
79/98 [=======================>......] - ETA: 0s - loss: 2.2105 - accuracy: 0.1792
85/98 [=========================>....] - ETA: 0s - loss: 2.2090 - accuracy: 0.1797
90/98 [==========================>...] - ETA: 0s - loss: 2.2091 - accuracy: 0.1804
96/98 [============================>.] - ETA: 0s - loss: 2.2068 - accuracy: 0.1804
98/98 [==============================] - 1s 15ms/step - loss: 2.2062 - accuracy: 0.1802 - val_loss: 2.2176 - val_accuracy: 0.1805
Epoch 4/197

 1/98 [..............................] - ETA: 3s - loss: 2.2165 - accuracy: 0.2070
 7/98 [=>............................] - ETA: 0s - loss: 2.2123 - accuracy: 0.1708
14/98 [===>..........................] - ETA: 0s - loss: 2.2219 - accuracy: 0.1656
21/98 [=====>........................] - ETA: 0s - loss: 2.2339 - accuracy: 0.1636
27/98 [=======>......................] - ETA: 0s - loss: 2.2355 - accuracy: 0.1607
34/98 [=========>....................] - ETA: 0s - loss: 2.2348 - accuracy: 0.1598
40/98 [===========>..................] - ETA: 0s - loss: 2.2309 - accuracy: 0.1620
46/98 [=============>................] - ETA: 0s - loss: 2.2262 - accuracy: 0.1650
52/98 [==============>...............] - ETA: 0s - loss: 2.2223 - accuracy: 0.1663
58/98 [================>.............] - ETA: 0s - loss: 2.2195 - accuracy: 0.1691
65/98 [==================>...........] - ETA: 0s - loss: 2.2210 - accuracy: 0.1697
71/98 [====================>.........] - ETA: 0s - loss: 2.2218 - accuracy: 0.1682
77/98 [======================>.......] - ETA: 0s - loss: 2.2248 - accuracy: 0.1667
84/98 [========================>.....] - ETA: 0s - loss: 2.2279 - accuracy: 0.1648
91/98 [==========================>...] - ETA: 0s - loss: 2.2315 - accuracy: 0.1630
97/98 [============================>.] - ETA: 0s - loss: 2.2343 - accuracy: 0.1615
98/98 [==============================] - 1s 14ms/step - loss: 2.2345 - accuracy: 0.1615 - val_loss: 2.3144 - val_accuracy: 0.1063
Epoch 5/197

 1/98 [..............................] - ETA: 3s - loss: 2.2475 - accuracy: 0.1562
 7/98 [=>............................] - ETA: 0s - loss: 2.2772 - accuracy: 0.1415
14/98 [===>..........................] - ETA: 0s - loss: 2.3059 - accuracy: 0.1357
20/98 [=====>........................] - ETA: 0s - loss: 2.3064 - accuracy: 0.1352
26/98 [======>.......................] - ETA: 0s - loss: 2.3097 - accuracy: 0.1344
32/98 [========>.....................] - ETA: 0s - loss: 2.3091 - accuracy: 0.1359
39/98 [==========>...................] - ETA: 0s - loss: 2.3049 - accuracy: 0.1355
46/98 [=============>................] - ETA: 0s - loss: 2.2990 - accuracy: 0.1379
53/98 [===============>..............] - ETA: 0s - loss: 2.2935 - accuracy: 0.1404
61/98 [=================>............] - ETA: 0s - loss: 2.2863 - accuracy: 0.1427
68/98 [===================>..........] - ETA: 0s - loss: 2.2803 - accuracy: 0.1447
75/98 [=====================>........] - ETA: 0s - loss: 2.2761 - accuracy: 0.1461
81/98 [=======================>......] - ETA: 0s - loss: 2.2718 - accuracy: 0.1478
88/98 [=========================>....] - ETA: 0s - loss: 2.2647 - accuracy: 0.1509
94/98 [===========================>..] - ETA: 0s - loss: 2.2591 - accuracy: 0.1526
98/98 [==============================] - 1s 14ms/step - loss: 2.2555 - accuracy: 0.1542 - val_loss: 2.1948 - val_accuracy: 0.1860
Epoch 6/197

 1/98 [..............................] - ETA: 1s - loss: 2.2002 - accuracy: 0.1875
 6/98 [>.............................] - ETA: 1s - loss: 2.1859 - accuracy: 0.1790
12/98 [==>...........................] - ETA: 0s - loss: 2.1735 - accuracy: 0.1859
19/98 [====>.........................] - ETA: 0s - loss: 2.1694 - accuracy: 0.1858
25/98 [======>.......................] - ETA: 0s - loss: 2.1853 - accuracy: 0.1793
32/98 [========>.....................] - ETA: 0s - loss: 2.1975 - accuracy: 0.1760
39/98 [==========>...................] - ETA: 0s - loss: 2.2107 - accuracy: 0.1694
46/98 [=============>................] - ETA: 0s - loss: 2.2219 - accuracy: 0.1632
53/98 [===============>..............] - ETA: 0s - loss: 2.2322 - accuracy: 0.1587
60/98 [=================>............] - ETA: 0s - loss: 2.2355 - accuracy: 0.1556
67/98 [===================>..........] - ETA: 0s - loss: 2.2343 - accuracy: 0.1551
74/98 [=====================>........] - ETA: 0s - loss: 2.2344 - accuracy: 0.1557
80/98 [=======================>......] - ETA: 0s - loss: 2.2364 - accuracy: 0.1555
87/98 [=========================>....] - ETA: 0s - loss: 2.2404 - accuracy: 0.1557
93/98 [===========================>..] - ETA: 0s - loss: 2.2410 - accuracy: 0.1555
98/98 [==============================] - 1s 14ms/step - loss: 2.2387 - accuracy: 0.1565 - val_loss: 2.1570 - val_accuracy: 0.1712
Epoch 7/197

 1/98 [..............................] - ETA: 3s - loss: 2.1843 - accuracy: 0.1895
 8/98 [=>............................] - ETA: 0s - loss: 2.1923 - accuracy: 0.1765
14/98 [===>..........................] - ETA: 0s - loss: 2.1993 - accuracy: 0.1719
21/98 [=====>........................] - ETA: 0s - loss: 2.1920 - accuracy: 0.1773
28/98 [=======>......................] - ETA: 0s - loss: 2.1928 - accuracy: 0.1806
35/98 [=========>....................] - ETA: 0s - loss: 2.1940 - accuracy: 0.1842
41/98 [===========>..................] - ETA: 0s - loss: 2.1941 - accuracy: 0.1846
48/98 [=============>................] - ETA: 0s - loss: 2.1935 - accuracy: 0.1844
55/98 [===============>..............] - ETA: 0s - loss: 2.1906 - accuracy: 0.1866
62/98 [=================>............] - ETA: 0s - loss: 2.1884 - accuracy: 0.1871
68/98 [===================>..........] - ETA: 0s - loss: 2.1902 - accuracy: 0.1881
75/98 [=====================>........] - ETA: 0s - loss: 2.1946 - accuracy: 0.1874
82/98 [========================>.....] - ETA: 0s - loss: 2.1942 - accuracy: 0.1870
88/98 [=========================>....] - ETA: 0s - loss: 2.1932 - accuracy: 0.1870
95/98 [============================>.] - ETA: 0s - loss: 2.1910 - accuracy: 0.1882
98/98 [==============================] - 1s 14ms/step - loss: 2.1908 - accuracy: 0.1879 - val_loss: 2.1841 - val_accuracy: 0.1933
Epoch 8/197

 1/98 [..............................] - ETA: 1s - loss: 2.1865 - accuracy: 0.2031
 6/98 [>.............................] - ETA: 1s - loss: 2.1846 - accuracy: 0.1761
13/98 [==>...........................] - ETA: 0s - loss: 2.1658 - accuracy: 0.1904
20/98 [=====>........................] - ETA: 0s - loss: 2.1628 - accuracy: 0.1962
26/98 [======>.......................] - ETA: 0s - loss: 2.1509 - accuracy: 0.2034
34/98 [=========>....................] - ETA: 0s - loss: 2.1473 - accuracy: 0.2056
41/98 [===========>..................] - ETA: 0s - loss: 2.1438 - accuracy: 0.2070
47/98 [=============>................] - ETA: 0s - loss: 2.1379 - accuracy: 0.2091
53/98 [===============>..............] - ETA: 0s - loss: 2.1363 - accuracy: 0.2079
60/98 [=================>............] - ETA: 0s - loss: 2.1340 - accuracy: 0.2072
66/98 [===================>..........] - ETA: 0s - loss: 2.1298 - accuracy: 0.2084
73/98 [=====================>........] - ETA: 0s - loss: 2.1307 - accuracy: 0.2072
80/98 [=======================>......] - ETA: 0s - loss: 2.1309 - accuracy: 0.2055
83/98 [========================>.....] - ETA: 0s - loss: 2.1309 - accuracy: 0.2054
90/98 [==========================>...] - ETA: 0s - loss: 2.1324 - accuracy: 0.2042
97/98 [============================>.] - ETA: 0s - loss: 2.1377 - accuracy: 0.2030
98/98 [==============================] - 1s 14ms/step - loss: 2.1387 - accuracy: 0.2028 - val_loss: 2.7969 - val_accuracy: 0.1052
Epoch 9/197

 1/98 [..............................] - ETA: 1s - loss: 2.2349 - accuracy: 0.1797
 7/98 [=>............................] - ETA: 0s - loss: 2.2461 - accuracy: 0.1655
14/98 [===>..........................] - ETA: 0s - loss: 2.2573 - accuracy: 0.1553
22/98 [=====>........................] - ETA: 0s - loss: 2.2553 - accuracy: 0.1551
29/98 [=======>......................] - ETA: 0s - loss: 2.2545 - accuracy: 0.1528
36/98 [==========>...................] - ETA: 0s - loss: 2.2509 - accuracy: 0.1539
43/98 [============>.................] - ETA: 0s - loss: 2.2406 - accuracy: 0.1554
50/98 [==============>...............] - ETA: 0s - loss: 2.2313 - accuracy: 0.1591
57/98 [================>.............] - ETA: 0s - loss: 2.2245 - accuracy: 0.1626
64/98 [==================>...........] - ETA: 0s - loss: 2.2162 - accuracy: 0.1661
70/98 [====================>.........] - ETA: 0s - loss: 2.2127 - accuracy: 0.1675
76/98 [======================>.......] - ETA: 0s - loss: 2.2091 - accuracy: 0.1693
84/98 [========================>.....] - ETA: 0s - loss: 2.2043 - accuracy: 0.1722
91/98 [==========================>...] - ETA: 0s - loss: 2.2020 - accuracy: 0.1732
98/98 [==============================] - ETA: 0s - loss: 2.1989 - accuracy: 0.1741
98/98 [==============================] - 1s 13ms/step - loss: 2.1989 - accuracy: 0.1741 - val_loss: 2.1503 - val_accuracy: 0.2060
Epoch 10/197

 1/98 [..............................] - ETA: 1s - loss: 2.1698 - accuracy: 0.1914
 7/98 [=>............................] - ETA: 0s - loss: 2.1503 - accuracy: 0.1931
14/98 [===>..........................] - ETA: 0s - loss: 2.1693 - accuracy: 0.1904
21/98 [=====>........................] - ETA: 0s - loss: 2.1736 - accuracy: 0.1895
28/98 [=======>......................] - ETA: 0s - loss: 2.1793 - accuracy: 0.1857
34/98 [=========>....................] - ETA: 0s - loss: 2.1773 - accuracy: 0.1839
41/98 [===========>..................] - ETA: 0s - loss: 2.1736 - accuracy: 0.1856
47/98 [=============>................] - ETA: 0s - loss: 2.1733 - accuracy: 0.1843
54/98 [===============>..............] - ETA: 0s - loss: 2.1739 - accuracy: 0.1852
61/98 [=================>............] - ETA: 0s - loss: 2.1758 - accuracy: 0.1857
68/98 [===================>..........] - ETA: 0s - loss: 2.1765 - accuracy: 0.1842
75/98 [=====================>........] - ETA: 0s - loss: 2.1793 - accuracy: 0.1834
81/98 [=======================>......] - ETA: 0s - loss: 2.1817 - accuracy: 0.1830
88/98 [=========================>....] - ETA: 0s - loss: 2.1829 - accuracy: 0.1824
94/98 [===========================>..] - ETA: 0s - loss: 2.1872 - accuracy: 0.1813
98/98 [==============================] - 1s 14ms/step - loss: 2.1907 - accuracy: 0.1802 - val_loss: 2.5293 - val_accuracy: 0.1006
Epoch 11/197

 1/98 [..............................] - ETA: 1s - loss: 2.2967 - accuracy: 0.1465
 7/98 [=>............................] - ETA: 0s - loss: 2.2914 - accuracy: 0.1401
14/98 [===>..........................] - ETA: 0s - loss: 2.2898 - accuracy: 0.1346
21/98 [=====>........................] - ETA: 0s - loss: 2.2832 - accuracy: 0.1356
28/98 [=======>......................] - ETA: 0s - loss: 2.2782 - accuracy: 0.1382
35/98 [=========>....................] - ETA: 0s - loss: 2.2808 - accuracy: 0.1376
42/98 [===========>..................] - ETA: 0s - loss: 2.2800 - accuracy: 0.1387
48/98 [=============>................] - ETA: 0s - loss: 2.2823 - accuracy: 0.1377
55/98 [===============>..............] - ETA: 0s - loss: 2.2809 - accuracy: 0.1386
62/98 [=================>............] - ETA: 0s - loss: 2.2813 - accuracy: 0.1386
69/98 [====================>.........] - ETA: 0s - loss: 2.2824 - accuracy: 0.1383
75/98 [=====================>........] - ETA: 0s - loss: 2.2843 - accuracy: 0.1373
81/98 [=======================>......] - ETA: 0s - loss: 2.2836 - accuracy: 0.1379
88/98 [=========================>....] - ETA: 0s - loss: 2.2815 - accuracy: 0.1387
96/98 [============================>.] - ETA: 0s - loss: 2.2783 - accuracy: 0.1398
98/98 [==============================] - 1s 13ms/step - loss: 2.2781 - accuracy: 0.1402 - val_loss: 2.2910 - val_accuracy: 0.1268
Epoch 12/197

 1/98 [..............................] - ETA: 3s - loss: 2.3052 - accuracy: 0.1406
 8/98 [=>............................] - ETA: 0s - loss: 2.2417 - accuracy: 0.1641
14/98 [===>..........................] - ETA: 0s - loss: 2.2416 - accuracy: 0.1660
21/98 [=====>........................] - ETA: 0s - loss: 2.2243 - accuracy: 0.1688
28/98 [=======>......................] - ETA: 0s - loss: 2.2217 - accuracy: 0.1683
35/98 [=========>....................] - ETA: 0s - loss: 2.2291 - accuracy: 0.1651
43/98 [============>.................] - ETA: 0s - loss: 2.2365 - accuracy: 0.1626
50/98 [==============>...............] - ETA: 0s - loss: 2.2443 - accuracy: 0.1604
57/98 [================>.............] - ETA: 0s - loss: 2.2501 - accuracy: 0.1584
64/98 [==================>...........] - ETA: 0s - loss: 2.2507 - accuracy: 0.1576
71/98 [====================>.........] - ETA: 0s - loss: 2.2451 - accuracy: 0.1591
77/98 [======================>.......] - ETA: 0s - loss: 2.2381 - accuracy: 0.1618
84/98 [========================>.....] - ETA: 0s - loss: 2.2310 - accuracy: 0.1637
91/98 [==========================>...] - ETA: 0s - loss: 2.2237 - accuracy: 0.1661
98/98 [==============================] - ETA: 0s - loss: 2.2167 - accuracy: 0.1685
98/98 [==============================] - 1s 14ms/step - loss: 2.2167 - accuracy: 0.1685 - val_loss: 2.8179 - val_accuracy: 0.1017
Epoch 13/197

 1/98 [..............................] - ETA: 3s - loss: 2.1229 - accuracy: 0.1895
 8/98 [=>............................] - ETA: 0s - loss: 2.1259 - accuracy: 0.2063
15/98 [===>..........................] - ETA: 0s - loss: 2.1352 - accuracy: 0.1992
22/98 [=====>........................] - ETA: 0s - loss: 2.1353 - accuracy: 0.2013
29/98 [=======>......................] - ETA: 0s - loss: 2.1337 - accuracy: 0.2024
35/98 [=========>....................] - ETA: 0s - loss: 2.1383 - accuracy: 0.2020
42/98 [===========>..................] - ETA: 0s - loss: 2.1350 - accuracy: 0.2048
48/98 [=============>................] - ETA: 0s - loss: 2.1345 - accuracy: 0.2037
55/98 [===============>..............] - ETA: 0s - loss: 2.1343 - accuracy: 0.2035
62/98 [=================>............] - ETA: 0s - loss: 2.1358 - accuracy: 0.2028
68/98 [===================>..........] - ETA: 0s - loss: 2.1357 - accuracy: 0.2035
75/98 [=====================>........] - ETA: 0s - loss: 2.1346 - accuracy: 0.2046
81/98 [=======================>......] - ETA: 0s - loss: 2.1350 - accuracy: 0.2046
88/98 [=========================>....] - ETA: 0s - loss: 2.1355 - accuracy: 0.2043
95/98 [============================>.] - ETA: 0s - loss: 2.1341 - accuracy: 0.2048
98/98 [==============================] - 1s 13ms/step - loss: 2.1340 - accuracy: 0.2046 - val_loss: 2.3589 - val_accuracy: 0.1594
Epoch 14/197

 1/98 [..............................] - ETA: 3s - loss: 2.1267 - accuracy: 0.2207
 8/98 [=>............................] - ETA: 0s - loss: 2.1199 - accuracy: 0.2092
14/98 [===>..........................] - ETA: 0s - loss: 2.1284 - accuracy: 0.2084
22/98 [=====>........................] - ETA: 0s - loss: 2.1267 - accuracy: 0.2073
29/98 [=======>......................] - ETA: 0s - loss: 2.1232 - accuracy: 0.2088
36/98 [==========>...................] - ETA: 0s - loss: 2.1256 - accuracy: 0.2061
43/98 [============>.................] - ETA: 0s - loss: 2.1277 - accuracy: 0.2030
49/98 [==============>...............] - ETA: 0s - loss: 2.1293 - accuracy: 0.2030
57/98 [================>.............] - ETA: 0s - loss: 2.1287 - accuracy: 0.2045
64/98 [==================>...........] - ETA: 0s - loss: 2.1254 - accuracy: 0.2052
71/98 [====================>.........] - ETA: 0s - loss: 2.1235 - accuracy: 0.2058
78/98 [======================>.......] - ETA: 0s - loss: 2.1211 - accuracy: 0.2063
84/98 [========================>.....] - ETA: 0s - loss: 2.1207 - accuracy: 0.2054
91/98 [==========================>...] - ETA: 0s - loss: 2.1207 - accuracy: 0.2063
97/98 [============================>.] - ETA: 0s - loss: 2.1223 - accuracy: 0.2056
98/98 [==============================] - 1s 14ms/step - loss: 2.1227 - accuracy: 0.2055 - val_loss: 2.2174 - val_accuracy: 0.1887
Epoch 15/197

 1/98 [..............................] - ETA: 1s - loss: 2.0904 - accuracy: 0.2266
 7/98 [=>............................] - ETA: 0s - loss: 2.1021 - accuracy: 0.2274
13/98 [==>...........................] - ETA: 0s - loss: 2.1177 - accuracy: 0.2129
20/98 [=====>........................] - ETA: 0s - loss: 2.1204 - accuracy: 0.2091
27/98 [=======>......................] - ETA: 0s - loss: 2.1273 - accuracy: 0.2050
34/98 [=========>....................] - ETA: 0s - loss: 2.1294 - accuracy: 0.2019
42/98 [===========>..................] - ETA: 0s - loss: 2.1346 - accuracy: 0.1996
49/98 [==============>...............] - ETA: 0s - loss: 2.1322 - accuracy: 0.1989
56/98 [================>.............] - ETA: 0s - loss: 2.1316 - accuracy: 0.1978
62/98 [=================>............] - ETA: 0s - loss: 2.1329 - accuracy: 0.1962
68/98 [===================>..........] - ETA: 0s - loss: 2.1332 - accuracy: 0.1953
74/98 [=====================>........] - ETA: 0s - loss: 2.1335 - accuracy: 0.1954
80/98 [=======================>......] - ETA: 0s - loss: 2.1353 - accuracy: 0.1950
87/98 [=========================>....] - ETA: 0s - loss: 2.1356 - accuracy: 0.1948
94/98 [===========================>..] - ETA: 0s - loss: 2.1355 - accuracy: 0.1953
98/98 [==============================] - 1s 14ms/step - loss: 2.1368 - accuracy: 0.1949 - val_loss: 2.2112 - val_accuracy: 0.1701
Epoch 16/197

 1/98 [..............................] - ETA: 1s - loss: 2.1254 - accuracy: 0.2129
 7/98 [=>............................] - ETA: 0s - loss: 2.1644 - accuracy: 0.1897
14/98 [===>..........................] - ETA: 0s - loss: 2.1768 - accuracy: 0.1846
21/98 [=====>........................] - ETA: 0s - loss: 2.1705 - accuracy: 0.1855
28/98 [=======>......................] - ETA: 0s - loss: 2.1642 - accuracy: 0.1893
34/98 [=========>....................] - ETA: 0s - loss: 2.1599 - accuracy: 0.1901
41/98 [===========>..................] - ETA: 0s - loss: 2.1599 - accuracy: 0.1900
48/98 [=============>................] - ETA: 0s - loss: 2.1638 - accuracy: 0.1893
55/98 [===============>..............] - ETA: 0s - loss: 2.1625 - accuracy: 0.1891
62/98 [=================>............] - ETA: 0s - loss: 2.1616 - accuracy: 0.1895
68/98 [===================>..........] - ETA: 0s - loss: 2.1626 - accuracy: 0.1883
74/98 [=====================>........] - ETA: 0s - loss: 2.1617 - accuracy: 0.1899
80/98 [=======================>......] - ETA: 0s - loss: 2.1606 - accuracy: 0.1900
87/98 [=========================>....] - ETA: 0s - loss: 2.1594 - accuracy: 0.1898
93/98 [===========================>..] - ETA: 0s - loss: 2.1565 - accuracy: 0.1903
98/98 [==============================] - 1s 14ms/step - loss: 2.1558 - accuracy: 0.1905 - val_loss: 2.1804 - val_accuracy: 0.1890
Epoch 17/197

 1/98 [..............................] - ETA: 1s - loss: 2.1301 - accuracy: 0.2031
 7/98 [=>............................] - ETA: 0s - loss: 2.1283 - accuracy: 0.2003
14/98 [===>..........................] - ETA: 0s - loss: 2.1354 - accuracy: 0.1987
21/98 [=====>........................] - ETA: 0s - loss: 2.1388 - accuracy: 0.1971
28/98 [=======>......................] - ETA: 0s - loss: 2.1362 - accuracy: 0.2009
36/98 [==========>...................] - ETA: 0s - loss: 2.1417 - accuracy: 0.1984
43/98 [============>.................] - ETA: 0s - loss: 2.1426 - accuracy: 0.1988
50/98 [==============>...............] - ETA: 0s - loss: 2.1465 - accuracy: 0.1981
57/98 [================>.............] - ETA: 0s - loss: 2.1515 - accuracy: 0.1980
65/98 [==================>...........] - ETA: 0s - loss: 2.1519 - accuracy: 0.1992
72/98 [=====================>........] - ETA: 0s - loss: 2.1533 - accuracy: 0.1982
78/98 [======================>.......] - ETA: 0s - loss: 2.1525 - accuracy: 0.1988
84/98 [========================>.....] - ETA: 0s - loss: 2.1528 - accuracy: 0.1989
91/98 [==========================>...] - ETA: 0s - loss: 2.1528 - accuracy: 0.1996
97/98 [============================>.] - ETA: 0s - loss: 2.1518 - accuracy: 0.2004
98/98 [==============================] - 1s 13ms/step - loss: 2.1516 - accuracy: 0.2002 - val_loss: 2.0986 - val_accuracy: 0.2222
Epoch 18/197

 1/98 [..............................] - ETA: 3s - loss: 2.1673 - accuracy: 0.1895
 8/98 [=>............................] - ETA: 0s - loss: 2.1640 - accuracy: 0.1855
15/98 [===>..........................] - ETA: 0s - loss: 2.1609 - accuracy: 0.1862
21/98 [=====>........................] - ETA: 0s - loss: 2.1634 - accuracy: 0.1879
29/98 [=======>......................] - ETA: 0s - loss: 2.1665 - accuracy: 0.1897
35/98 [=========>....................] - ETA: 0s - loss: 2.1634 - accuracy: 0.1894
42/98 [===========>..................] - ETA: 0s - loss: 2.1585 - accuracy: 0.1902
49/98 [==============>...............] - ETA: 0s - loss: 2.1575 - accuracy: 0.1889
56/98 [================>.............] - ETA: 0s - loss: 2.1596 - accuracy: 0.1880
62/98 [=================>............] - ETA: 0s - loss: 2.1632 - accuracy: 0.1859
69/98 [====================>.........] - ETA: 0s - loss: 2.1662 - accuracy: 0.1847
75/98 [=====================>........] - ETA: 0s - loss: 2.1658 - accuracy: 0.1845
82/98 [========================>.....] - ETA: 0s - loss: 2.1630 - accuracy: 0.1858
88/98 [=========================>....] - ETA: 0s - loss: 2.1616 - accuracy: 0.1866
95/98 [============================>.] - ETA: 0s - loss: 2.1600 - accuracy: 0.1888
98/98 [==============================] - 1s 14ms/step - loss: 2.1619 - accuracy: 0.1888 - val_loss: 2.2040 - val_accuracy: 0.1696
Epoch 19/197

 1/98 [..............................] - ETA: 1s - loss: 2.2267 - accuracy: 0.1699
 7/98 [=>............................] - ETA: 0s - loss: 2.1918 - accuracy: 0.1766
13/98 [==>...........................] - ETA: 0s - loss: 2.1810 - accuracy: 0.1858
20/98 [=====>........................] - ETA: 0s - loss: 2.1760 - accuracy: 0.1917
26/98 [======>.......................] - ETA: 0s - loss: 2.1695 - accuracy: 0.1925
32/98 [========>.....................] - ETA: 0s - loss: 2.1649 - accuracy: 0.1946
39/98 [==========>...................] - ETA: 0s - loss: 2.1622 - accuracy: 0.1948
46/98 [=============>................] - ETA: 0s - loss: 2.1564 - accuracy: 0.1969
54/98 [===============>..............] - ETA: 0s - loss: 2.1566 - accuracy: 0.1988
60/98 [=================>............] - ETA: 0s - loss: 2.1556 - accuracy: 0.1992
67/98 [===================>..........] - ETA: 0s - loss: 2.1556 - accuracy: 0.2000
74/98 [=====================>........] - ETA: 0s - loss: 2.1586 - accuracy: 0.2003
80/98 [=======================>......] - ETA: 0s - loss: 2.1591 - accuracy: 0.1996
87/98 [=========================>....] - ETA: 0s - loss: 2.1582 - accuracy: 0.2006
93/98 [===========================>..] - ETA: 0s - loss: 2.1573 - accuracy: 0.2007
98/98 [==============================] - 1s 14ms/step - loss: 2.1566 - accuracy: 0.2001 - val_loss: 2.1341 - val_accuracy: 0.2044
Epoch 20/197

 1/98 [..............................] - ETA: 1s - loss: 2.1509 - accuracy: 0.1875
 6/98 [>.............................] - ETA: 1s - loss: 2.1717 - accuracy: 0.2070
13/98 [==>...........................] - ETA: 0s - loss: 2.1669 - accuracy: 0.2019
20/98 [=====>........................] - ETA: 0s - loss: 2.1633 - accuracy: 0.2011
27/98 [=======>......................] - ETA: 0s - loss: 2.1570 - accuracy: 0.2027
34/98 [=========>....................] - ETA: 0s - loss: 2.1519 - accuracy: 0.2026
41/98 [===========>..................] - ETA: 0s - loss: 2.1453 - accuracy: 0.2055
47/98 [=============>................] - ETA: 0s - loss: 2.1438 - accuracy: 0.2057
54/98 [===============>..............] - ETA: 0s - loss: 2.1428 - accuracy: 0.2066
60/98 [=================>............] - ETA: 0s - loss: 2.1419 - accuracy: 0.2070
67/98 [===================>..........] - ETA: 0s - loss: 2.1400 - accuracy: 0.2064
74/98 [=====================>........] - ETA: 0s - loss: 2.1360 - accuracy: 0.2081
80/98 [=======================>......] - ETA: 0s - loss: 2.1336 - accuracy: 0.2099
87/98 [=========================>....] - ETA: 0s - loss: 2.1304 - accuracy: 0.2107
93/98 [===========================>..] - ETA: 0s - loss: 2.1302 - accuracy: 0.2111
98/98 [==============================] - 1s 14ms/step - loss: 2.1290 - accuracy: 0.2117 - val_loss: 2.1688 - val_accuracy: 0.1978
Epoch 21/197

 1/98 [..............................] - ETA: 1s - loss: 2.0864 - accuracy: 0.2148
 7/98 [=>............................] - ETA: 0s - loss: 2.1180 - accuracy: 0.1978
13/98 [==>...........................] - ETA: 0s - loss: 2.1289 - accuracy: 0.2029
20/98 [=====>........................] - ETA: 0s - loss: 2.1309 - accuracy: 0.2018
27/98 [=======>......................] - ETA: 0s - loss: 2.1357 - accuracy: 0.2009
34/98 [=========>....................] - ETA: 0s - loss: 2.1390 - accuracy: 0.1997
41/98 [===========>..................] - ETA: 0s - loss: 2.1407 - accuracy: 0.2002
48/98 [=============>................] - ETA: 0s - loss: 2.1420 - accuracy: 0.2005
55/98 [===============>..............] - ETA: 0s - loss: 2.1443 - accuracy: 0.2001
61/98 [=================>............] - ETA: 0s - loss: 2.1435 - accuracy: 0.2002
68/98 [===================>..........] - ETA: 0s - loss: 2.1387 - accuracy: 0.2015
74/98 [=====================>........] - ETA: 0s - loss: 2.1378 - accuracy: 0.2023
81/98 [=======================>......] - ETA: 0s - loss: 2.1365 - accuracy: 0.2032
87/98 [=========================>....] - ETA: 0s - loss: 2.1348 - accuracy: 0.2042
94/98 [===========================>..] - ETA: 0s - loss: 2.1347 - accuracy: 0.2036
98/98 [==============================] - 1s 14ms/step - loss: 2.1344 - accuracy: 0.2035 - val_loss: 2.1148 - val_accuracy: 0.2167
Epoch 22/197

 1/98 [..............................] - ETA: 1s - loss: 2.1507 - accuracy: 0.1953
 7/98 [=>............................] - ETA: 0s - loss: 2.1204 - accuracy: 0.2090
13/98 [==>...........................] - ETA: 0s - loss: 2.1202 - accuracy: 0.2154
19/98 [====>.........................] - ETA: 0s - loss: 2.1187 - accuracy: 0.2153
25/98 [======>.......................] - ETA: 0s - loss: 2.1247 - accuracy: 0.2116
32/98 [========>.....................] - ETA: 0s - loss: 2.1266 - accuracy: 0.2093
39/98 [==========>...................] - ETA: 0s - loss: 2.1291 - accuracy: 0.2064
46/98 [=============>................] - ETA: 0s - loss: 2.1310 - accuracy: 0.2042
53/98 [===============>..............] - ETA: 0s - loss: 2.1325 - accuracy: 0.2023
60/98 [=================>............] - ETA: 0s - loss: 2.1307 - accuracy: 0.2033
67/98 [===================>..........] - ETA: 0s - loss: 2.1288 - accuracy: 0.2051
73/98 [=====================>........] - ETA: 0s - loss: 2.1285 - accuracy: 0.2053
79/98 [=======================>......] - ETA: 0s - loss: 2.1266 - accuracy: 0.2059
86/98 [=========================>....] - ETA: 0s - loss: 2.1278 - accuracy: 0.2054
93/98 [===========================>..] - ETA: 0s - loss: 2.1285 - accuracy: 0.2045
98/98 [==============================] - 1s 14ms/step - loss: 2.1279 - accuracy: 0.2051 - val_loss: 2.0885 - val_accuracy: 0.2304
Epoch 23/197

 1/98 [..............................] - ETA: 3s - loss: 2.0943 - accuracy: 0.2461
 8/98 [=>............................] - ETA: 0s - loss: 2.1272 - accuracy: 0.2197
14/98 [===>..........................] - ETA: 0s - loss: 2.1283 - accuracy: 0.2126
21/98 [=====>........................] - ETA: 0s - loss: 2.1256 - accuracy: 0.2127
28/98 [=======>......................] - ETA: 0s - loss: 2.1312 - accuracy: 0.2134
35/98 [=========>....................] - ETA: 0s - loss: 2.1336 - accuracy: 0.2103
42/98 [===========>..................] - ETA: 0s - loss: 2.1409 - accuracy: 0.2049
50/98 [==============>...............] - ETA: 0s - loss: 2.1476 - accuracy: 0.2004
57/98 [================>.............] - ETA: 0s - loss: 2.1573 - accuracy: 0.1945
64/98 [==================>...........] - ETA: 0s - loss: 2.1617 - accuracy: 0.1931
70/98 [====================>.........] - ETA: 0s - loss: 2.1656 - accuracy: 0.1907
77/98 [======================>.......] - ETA: 0s - loss: 2.1706 - accuracy: 0.1883
83/98 [========================>.....] - ETA: 0s - loss: 2.1738 - accuracy: 0.1862
90/98 [==========================>...] - ETA: 0s - loss: 2.1757 - accuracy: 0.1849
97/98 [============================>.] - ETA: 0s - loss: 2.1802 - accuracy: 0.1830
98/98 [==============================] - 1s 13ms/step - loss: 2.1812 - accuracy: 0.1825 - val_loss: 2.4711 - val_accuracy: 0.1076
Epoch 24/197

 1/98 [..............................] - ETA: 1s - loss: 2.2567 - accuracy: 0.1367
 7/98 [=>............................] - ETA: 0s - loss: 2.2515 - accuracy: 0.1493
13/98 [==>...........................] - ETA: 0s - loss: 2.2430 - accuracy: 0.1581
20/98 [=====>........................] - ETA: 0s - loss: 2.2385 - accuracy: 0.1612
28/98 [=======>......................] - ETA: 0s - loss: 2.2291 - accuracy: 0.1646
35/98 [=========>....................] - ETA: 0s - loss: 2.2213 - accuracy: 0.1674
42/98 [===========>..................] - ETA: 0s - loss: 2.2189 - accuracy: 0.1681
49/98 [==============>...............] - ETA: 0s - loss: 2.2146 - accuracy: 0.1694
56/98 [================>.............] - ETA: 0s - loss: 2.2118 - accuracy: 0.1696
62/98 [=================>............] - ETA: 0s - loss: 2.2103 - accuracy: 0.1705
68/98 [===================>..........] - ETA: 0s - loss: 2.2073 - accuracy: 0.1715
75/98 [=====================>........] - ETA: 0s - loss: 2.2052 - accuracy: 0.1724
81/98 [=======================>......] - ETA: 0s - loss: 2.2046 - accuracy: 0.1721
87/98 [=========================>....] - ETA: 0s - loss: 2.2054 - accuracy: 0.1714
94/98 [===========================>..] - ETA: 0s - loss: 2.2085 - accuracy: 0.1694
98/98 [==============================] - 1s 13ms/step - loss: 2.2108 - accuracy: 0.1679 - val_loss: 2.4670 - val_accuracy: 0.1195
Epoch 25/197

 1/98 [..............................] - ETA: 1s - loss: 2.2816 - accuracy: 0.1309
 7/98 [=>............................] - ETA: 0s - loss: 2.2487 - accuracy: 0.1454
14/98 [===>..........................] - ETA: 0s - loss: 2.2400 - accuracy: 0.1458
20/98 [=====>........................] - ETA: 0s - loss: 2.2344 - accuracy: 0.1484
27/98 [=======>......................] - ETA: 0s - loss: 2.2269 - accuracy: 0.1518
34/98 [=========>....................] - ETA: 0s - loss: 2.2192 - accuracy: 0.1569
41/98 [===========>..................] - ETA: 0s - loss: 2.2063 - accuracy: 0.1618
48/98 [=============>................] - ETA: 0s - loss: 2.2058 - accuracy: 0.1626
55/98 [===============>..............] - ETA: 0s - loss: 2.2080 - accuracy: 0.1617
62/98 [=================>............] - ETA: 0s - loss: 2.2083 - accuracy: 0.1618
69/98 [====================>.........] - ETA: 0s - loss: 2.2090 - accuracy: 0.1613
76/98 [======================>.......] - ETA: 0s - loss: 2.2103 - accuracy: 0.1609
83/98 [========================>.....] - ETA: 0s - loss: 2.2128 - accuracy: 0.1605
90/98 [==========================>...] - ETA: 0s - loss: 2.2154 - accuracy: 0.1598
97/98 [============================>.] - ETA: 0s - loss: 2.2175 - accuracy: 0.1596
98/98 [==============================] - 1s 14ms/step - loss: 2.2179 - accuracy: 0.1597 - val_loss: 2.1854 - val_accuracy: 0.1859
Epoch 26/197

 1/98 [..............................] - ETA: 2s - loss: 2.2403 - accuracy: 0.1621
 7/98 [=>............................] - ETA: 0s - loss: 2.2089 - accuracy: 0.1613
13/98 [==>...........................] - ETA: 0s - loss: 2.2139 - accuracy: 0.1639
20/98 [=====>........................] - ETA: 0s - loss: 2.2201 - accuracy: 0.1603
27/98 [=======>......................] - ETA: 0s - loss: 2.2167 - accuracy: 0.1603
34/98 [=========>....................] - ETA: 0s - loss: 2.2152 - accuracy: 0.1611
41/98 [===========>..................] - ETA: 0s - loss: 2.2170 - accuracy: 0.1624
49/98 [==============>...............] - ETA: 0s - loss: 2.2173 - accuracy: 0.1627
56/98 [================>.............] - ETA: 0s - loss: 2.2140 - accuracy: 0.1633
63/98 [==================>...........] - ETA: 0s - loss: 2.2119 - accuracy: 0.1637
71/98 [====================>.........] - ETA: 0s - loss: 2.2110 - accuracy: 0.1641
78/98 [======================>.......] - ETA: 0s - loss: 2.2113 - accuracy: 0.1639
85/98 [=========================>....] - ETA: 0s - loss: 2.2118 - accuracy: 0.1643
91/98 [==========================>...] - ETA: 0s - loss: 2.2114 - accuracy: 0.1642
97/98 [============================>.] - ETA: 0s - loss: 2.2122 - accuracy: 0.1637
98/98 [==============================] - 1s 13ms/step - loss: 2.2119 - accuracy: 0.1636 - val_loss: 2.1728 - val_accuracy: 0.1657
Epoch 27/197

 1/98 [..............................] - ETA: 1s - loss: 2.2757 - accuracy: 0.1071
 7/98 [=>............................] - ETA: 0s - loss: 2.2264 - accuracy: 0.1576
13/98 [==>...........................] - ETA: 0s - loss: 2.2150 - accuracy: 0.1593
20/98 [=====>........................] - ETA: 0s - loss: 2.2140 - accuracy: 0.1600
27/98 [=======>......................] - ETA: 0s - loss: 2.2079 - accuracy: 0.1653
34/98 [=========>....................] - ETA: 0s - loss: 2.2044 - accuracy: 0.1636
