2024-07-26 12:33:26.371219: I tensorflow/core/platform/cpu_feature_guard.cc:193] This TensorFlow binary is optimized with oneAPI Deep Neural Network Library (oneDNN) to use the following CPU instructions in performance-critical operations:  AVX AVX2
To enable them in other operations, rebuild TensorFlow with the appropriate compiler flags.
2024-07-26 12:33:26.843211: I tensorflow/core/common_runtime/gpu/gpu_device.cc:1616] Created device /job:localhost/replica:0/task:0/device:GPU:0 with 6656 MB memory:  -> device: 0, name: NVIDIA GeForce RTX 4060 Ti, pci bus id: 0000:01:00.0, compute capability: 8.9
1 Physical GPUs, 1 Logical GPUs
Model: "sequential"
_________________________________________________________________
 Layer (type)                Output Shape              Param #   
=================================================================
 conv2d (Conv2D)             (None, 32, 32, 32)        896       
                                                                 
 max_pooling2d (MaxPooling2D  (None, 16, 16, 32)       0         
 )                                                               
                                                                 
 batch_normalization (BatchN  (None, 16, 16, 32)       128       
 ormalization)                                                   
                                                                 
 dropout (Dropout)           (None, 16, 16, 32)        0         
                                                                 
 flatten (Flatten)           (None, 8192)              0         
                                                                 
 dense (Dense)               (None, 16)                131088    
                                                                 
 dropout_1 (Dropout)         (None, 16)                0         
                                                                 
 dense_1 (Dense)             (None, 10)                170       
                                                                 
=================================================================
Total params: 132,282
Trainable params: 132,218
Non-trainable params: 64
_________________________________________________________________
Taxa de aprendizado:  0.1 Num de épocas:  197 Tamanho do lote:  512 Dropout:  0.3
Epoch 1/197
2024-07-26 12:33:27.969746: I tensorflow/stream_executor/cuda/cuda_dnn.cc:384] Loaded cuDNN version 8100
2024-07-26 12:33:28.644651: W tensorflow/stream_executor/gpu/redzone_allocator.cc:314] INTERNAL: ptxas exited with non-zero error code -1, output: 
Relying on driver to perform ptx compilation. 
Modify $PATH to customize ptxas location.
This message will be only logged once.
2024-07-26 12:33:29.222681: I tensorflow/stream_executor/cuda/cuda_blas.cc:1614] TensorFloat-32 will be used for the matrix multiplication. This will only be logged once.

 1/98 [..............................] - ETA: 3:38 - loss: 2.6530 - accuracy: 0.0918
 7/98 [=>............................] - ETA: 0s - loss: 2.4539 - accuracy: 0.1509  
13/98 [==>...........................] - ETA: 0s - loss: 2.3477 - accuracy: 0.1722
19/98 [====>.........................] - ETA: 0s - loss: 2.2916 - accuracy: 0.1778
26/98 [======>.......................] - ETA: 0s - loss: 2.2517 - accuracy: 0.1855
33/98 [=========>....................] - ETA: 0s - loss: 2.2307 - accuracy: 0.1881
39/98 [==========>...................] - ETA: 0s - loss: 2.2118 - accuracy: 0.1909
43/98 [============>.................] - ETA: 0s - loss: 2.2003 - accuracy: 0.1939
49/98 [==============>...............] - ETA: 0s - loss: 2.1996 - accuracy: 0.1922
55/98 [===============>..............] - ETA: 0s - loss: 2.1994 - accuracy: 0.1914
60/98 [=================>............] - ETA: 0s - loss: 2.1946 - accuracy: 0.1928
66/98 [===================>..........] - ETA: 0s - loss: 2.1865 - accuracy: 0.1945
72/98 [=====================>........] - ETA: 0s - loss: 2.1799 - accuracy: 0.1968
78/98 [======================>.......] - ETA: 0s - loss: 2.1761 - accuracy: 0.1984
84/98 [========================>.....] - ETA: 0s - loss: 2.1750 - accuracy: 0.1980
90/98 [==========================>...] - ETA: 0s - loss: 2.1753 - accuracy: 0.1973
96/98 [============================>.] - ETA: 0s - loss: 2.1788 - accuracy: 0.1963
98/98 [==============================] - 4s 16ms/step - loss: 2.1807 - accuracy: 0.1956 - val_loss: 2.1993 - val_accuracy: 0.1611
Epoch 2/197

 1/98 [..............................] - ETA: 2s - loss: 2.2761 - accuracy: 0.1719
 6/98 [>.............................] - ETA: 0s - loss: 2.2875 - accuracy: 0.1530
12/98 [==>...........................] - ETA: 0s - loss: 2.2946 - accuracy: 0.1450
19/98 [====>.........................] - ETA: 0s - loss: 2.2686 - accuracy: 0.1529
25/98 [======>.......................] - ETA: 0s - loss: 2.2423 - accuracy: 0.1614
30/98 [========>.....................] - ETA: 0s - loss: 2.2360 - accuracy: 0.1641
36/98 [==========>...................] - ETA: 0s - loss: 2.2261 - accuracy: 0.1685
42/98 [===========>..................] - ETA: 0s - loss: 2.2201 - accuracy: 0.1709
48/98 [=============>................] - ETA: 0s - loss: 2.2110 - accuracy: 0.1758
54/98 [===============>..............] - ETA: 0s - loss: 2.2052 - accuracy: 0.1767
61/98 [=================>............] - ETA: 0s - loss: 2.2073 - accuracy: 0.1762
67/98 [===================>..........] - ETA: 0s - loss: 2.2081 - accuracy: 0.1760
74/98 [=====================>........] - ETA: 0s - loss: 2.2065 - accuracy: 0.1760
80/98 [=======================>......] - ETA: 0s - loss: 2.2052 - accuracy: 0.1754
87/98 [=========================>....] - ETA: 0s - loss: 2.2038 - accuracy: 0.1755
94/98 [===========================>..] - ETA: 0s - loss: 2.2009 - accuracy: 0.1764
98/98 [==============================] - 1s 14ms/step - loss: 2.2020 - accuracy: 0.1757 - val_loss: 2.3937 - val_accuracy: 0.1299
Epoch 3/197

 1/98 [..............................] - ETA: 1s - loss: 2.2282 - accuracy: 0.1738
 7/98 [=>............................] - ETA: 0s - loss: 2.2549 - accuracy: 0.1451
14/98 [===>..........................] - ETA: 0s - loss: 2.2492 - accuracy: 0.1451
20/98 [=====>........................] - ETA: 0s - loss: 2.2432 - accuracy: 0.1493
27/98 [=======>......................] - ETA: 0s - loss: 2.2494 - accuracy: 0.1458
34/98 [=========>....................] - ETA: 0s - loss: 2.2558 - accuracy: 0.1455
41/98 [===========>..................] - ETA: 0s - loss: 2.2579 - accuracy: 0.1452
48/98 [=============>................] - ETA: 0s - loss: 2.2538 - accuracy: 0.1492
55/98 [===============>..............] - ETA: 0s - loss: 2.2500 - accuracy: 0.1517
62/98 [=================>............] - ETA: 0s - loss: 2.2458 - accuracy: 0.1540
68/98 [===================>..........] - ETA: 0s - loss: 2.2397 - accuracy: 0.1554
75/98 [=====================>........] - ETA: 0s - loss: 2.2362 - accuracy: 0.1576
82/98 [========================>.....] - ETA: 0s - loss: 2.2304 - accuracy: 0.1589
88/98 [=========================>....] - ETA: 0s - loss: 2.2263 - accuracy: 0.1598
94/98 [===========================>..] - ETA: 0s - loss: 2.2228 - accuracy: 0.1610
98/98 [==============================] - 1s 14ms/step - loss: 2.2211 - accuracy: 0.1613 - val_loss: 2.2194 - val_accuracy: 0.1620
Epoch 4/197

 1/98 [..............................] - ETA: 1s - loss: 2.1402 - accuracy: 0.2246
 6/98 [>.............................] - ETA: 1s - loss: 2.1607 - accuracy: 0.1956
12/98 [==>...........................] - ETA: 0s - loss: 2.1740 - accuracy: 0.1834
19/98 [====>.........................] - ETA: 0s - loss: 2.1775 - accuracy: 0.1792
25/98 [======>.......................] - ETA: 0s - loss: 2.1771 - accuracy: 0.1798
32/98 [========>.....................] - ETA: 0s - loss: 2.1749 - accuracy: 0.1802
38/98 [==========>...................] - ETA: 0s - loss: 2.1709 - accuracy: 0.1817
44/98 [============>.................] - ETA: 0s - loss: 2.1666 - accuracy: 0.1843
52/98 [==============>...............] - ETA: 0s - loss: 2.1697 - accuracy: 0.1855
58/98 [================>.............] - ETA: 0s - loss: 2.1737 - accuracy: 0.1841
65/98 [==================>...........] - ETA: 0s - loss: 2.1754 - accuracy: 0.1837
73/98 [=====================>........] - ETA: 0s - loss: 2.1794 - accuracy: 0.1820
79/98 [=======================>......] - ETA: 0s - loss: 2.1852 - accuracy: 0.1798
86/98 [=========================>....] - ETA: 0s - loss: 2.1939 - accuracy: 0.1759
92/98 [===========================>..] - ETA: 0s - loss: 2.1984 - accuracy: 0.1737
98/98 [==============================] - ETA: 0s - loss: 2.2021 - accuracy: 0.1719
98/98 [==============================] - 1s 14ms/step - loss: 2.2021 - accuracy: 0.1719 - val_loss: 2.3479 - val_accuracy: 0.1079
Epoch 5/197

 1/98 [..............................] - ETA: 1s - loss: 2.2778 - accuracy: 0.1250
 7/98 [=>............................] - ETA: 0s - loss: 2.2707 - accuracy: 0.1476
14/98 [===>..........................] - ETA: 0s - loss: 2.2874 - accuracy: 0.1462
19/98 [====>.........................] - ETA: 0s - loss: 2.2893 - accuracy: 0.1429
26/98 [======>.......................] - ETA: 0s - loss: 2.2850 - accuracy: 0.1424
33/98 [=========>....................] - ETA: 0s - loss: 2.2827 - accuracy: 0.1423
39/98 [==========>...................] - ETA: 0s - loss: 2.2814 - accuracy: 0.1417
46/98 [=============>................] - ETA: 0s - loss: 2.2814 - accuracy: 0.1404
53/98 [===============>..............] - ETA: 0s - loss: 2.2786 - accuracy: 0.1420
60/98 [=================>............] - ETA: 0s - loss: 2.2785 - accuracy: 0.1423
67/98 [===================>..........] - ETA: 0s - loss: 2.2804 - accuracy: 0.1413
74/98 [=====================>........] - ETA: 0s - loss: 2.2830 - accuracy: 0.1406
81/98 [=======================>......] - ETA: 0s - loss: 2.2833 - accuracy: 0.1403
87/98 [=========================>....] - ETA: 0s - loss: 2.2834 - accuracy: 0.1396
93/98 [===========================>..] - ETA: 0s - loss: 2.2829 - accuracy: 0.1401
98/98 [==============================] - 1s 14ms/step - loss: 2.2827 - accuracy: 0.1401 - val_loss: 2.2774 - val_accuracy: 0.1625
Epoch 6/197

 1/98 [..............................] - ETA: 3s - loss: 2.2797 - accuracy: 0.1660
 8/98 [=>............................] - ETA: 0s - loss: 2.2625 - accuracy: 0.1619
14/98 [===>..........................] - ETA: 0s - loss: 2.2549 - accuracy: 0.1636
21/98 [=====>........................] - ETA: 0s - loss: 2.2542 - accuracy: 0.1601
28/98 [=======>......................] - ETA: 0s - loss: 2.2450 - accuracy: 0.1629
34/98 [=========>....................] - ETA: 0s - loss: 2.2429 - accuracy: 0.1632
41/98 [===========>..................] - ETA: 0s - loss: 2.2456 - accuracy: 0.1608
48/98 [=============>................] - ETA: 0s - loss: 2.2474 - accuracy: 0.1580
55/98 [===============>..............] - ETA: 0s - loss: 2.2474 - accuracy: 0.1565
62/98 [=================>............] - ETA: 0s - loss: 2.2483 - accuracy: 0.1550
69/98 [====================>.........] - ETA: 0s - loss: 2.2499 - accuracy: 0.1527
75/98 [=====================>........] - ETA: 0s - loss: 2.2514 - accuracy: 0.1519
82/98 [========================>.....] - ETA: 0s - loss: 2.2552 - accuracy: 0.1507
88/98 [=========================>....] - ETA: 0s - loss: 2.2587 - accuracy: 0.1496
94/98 [===========================>..] - ETA: 0s - loss: 2.2610 - accuracy: 0.1481
98/98 [==============================] - 1s 14ms/step - loss: 2.2620 - accuracy: 0.1477 - val_loss: 2.2715 - val_accuracy: 0.1439
Epoch 7/197

 1/98 [..............................] - ETA: 1s - loss: 2.2732 - accuracy: 0.1562
 7/98 [=>............................] - ETA: 0s - loss: 2.2941 - accuracy: 0.1323
13/98 [==>...........................] - ETA: 0s - loss: 2.2990 - accuracy: 0.1264
19/98 [====>.........................] - ETA: 0s - loss: 2.3010 - accuracy: 0.1269
26/98 [======>.......................] - ETA: 0s - loss: 2.3023 - accuracy: 0.1258
31/98 [========>.....................] - ETA: 0s - loss: 2.3026 - accuracy: 0.1270
37/98 [==========>...................] - ETA: 0s - loss: 2.3006 - accuracy: 0.1277
43/98 [============>.................] - ETA: 0s - loss: 2.2980 - accuracy: 0.1290
49/98 [==============>...............] - ETA: 0s - loss: 2.2966 - accuracy: 0.1295
55/98 [===============>..............] - ETA: 0s - loss: 2.2967 - accuracy: 0.1296
60/98 [=================>............] - ETA: 0s - loss: 2.2968 - accuracy: 0.1291
67/98 [===================>..........] - ETA: 0s - loss: 2.2965 - accuracy: 0.1291
74/98 [=====================>........] - ETA: 0s - loss: 2.2945 - accuracy: 0.1299
80/98 [=======================>......] - ETA: 0s - loss: 2.2917 - accuracy: 0.1314
86/98 [=========================>....] - ETA: 0s - loss: 2.2902 - accuracy: 0.1326
93/98 [===========================>..] - ETA: 0s - loss: 2.2873 - accuracy: 0.1332
98/98 [==============================] - 1s 14ms/step - loss: 2.2868 - accuracy: 0.1331 - val_loss: 2.2129 - val_accuracy: 0.1625
Epoch 8/197

 1/98 [..............................] - ETA: 3s - loss: 2.2176 - accuracy: 0.1426
 8/98 [=>............................] - ETA: 0s - loss: 2.2490 - accuracy: 0.1497
14/98 [===>..........................] - ETA: 0s - loss: 2.2534 - accuracy: 0.1501
20/98 [=====>........................] - ETA: 0s - loss: 2.2590 - accuracy: 0.1501
27/98 [=======>......................] - ETA: 0s - loss: 2.2558 - accuracy: 0.1510
34/98 [=========>....................] - ETA: 0s - loss: 2.2489 - accuracy: 0.1550
41/98 [===========>..................] - ETA: 0s - loss: 2.2486 - accuracy: 0.1560
48/98 [=============>................] - ETA: 0s - loss: 2.2423 - accuracy: 0.1570
55/98 [===============>..............] - ETA: 0s - loss: 2.2413 - accuracy: 0.1581
63/98 [==================>...........] - ETA: 0s - loss: 2.2365 - accuracy: 0.1593
70/98 [====================>.........] - ETA: 0s - loss: 2.2328 - accuracy: 0.1612
76/98 [======================>.......] - ETA: 0s - loss: 2.2307 - accuracy: 0.1619
83/98 [========================>.....] - ETA: 0s - loss: 2.2307 - accuracy: 0.1621
89/98 [==========================>...] - ETA: 0s - loss: 2.2299 - accuracy: 0.1630
95/98 [============================>.] - ETA: 0s - loss: 2.2295 - accuracy: 0.1640
98/98 [==============================] - 1s 14ms/step - loss: 2.2289 - accuracy: 0.1641 - val_loss: 2.2340 - val_accuracy: 0.1625
Epoch 9/197

 1/98 [..............................] - ETA: 1s - loss: 2.2795 - accuracy: 0.1562
 6/98 [>.............................] - ETA: 1s - loss: 2.2731 - accuracy: 0.1517
13/98 [==>...........................] - ETA: 0s - loss: 2.2608 - accuracy: 0.1499
20/98 [=====>........................] - ETA: 0s - loss: 2.2626 - accuracy: 0.1479
27/98 [=======>......................] - ETA: 0s - loss: 2.2701 - accuracy: 0.1449
34/98 [=========>....................] - ETA: 0s - loss: 2.2691 - accuracy: 0.1440
41/98 [===========>..................] - ETA: 0s - loss: 2.2664 - accuracy: 0.1460
47/98 [=============>................] - ETA: 0s - loss: 2.2615 - accuracy: 0.1501
54/98 [===============>..............] - ETA: 0s - loss: 2.2556 - accuracy: 0.1515
60/98 [=================>............] - ETA: 0s - loss: 2.2493 - accuracy: 0.1526
68/98 [===================>..........] - ETA: 0s - loss: 2.2476 - accuracy: 0.1523
74/98 [=====================>........] - ETA: 0s - loss: 2.2411 - accuracy: 0.1537
80/98 [=======================>......] - ETA: 0s - loss: 2.2366 - accuracy: 0.1541
87/98 [=========================>....] - ETA: 0s - loss: 2.2330 - accuracy: 0.1548
93/98 [===========================>..] - ETA: 0s - loss: 2.2314 - accuracy: 0.1561
98/98 [==============================] - 1s 14ms/step - loss: 2.2299 - accuracy: 0.1566 - val_loss: 2.2106 - val_accuracy: 0.1866
Epoch 10/197

 1/98 [..............................] - ETA: 3s - loss: 2.2154 - accuracy: 0.1777
 7/98 [=>............................] - ETA: 0s - loss: 2.2081 - accuracy: 0.1691
14/98 [===>..........................] - ETA: 0s - loss: 2.2136 - accuracy: 0.1702
21/98 [=====>........................] - ETA: 0s - loss: 2.2080 - accuracy: 0.1697
28/98 [=======>......................] - ETA: 0s - loss: 2.2107 - accuracy: 0.1702
35/98 [=========>....................] - ETA: 0s - loss: 2.2101 - accuracy: 0.1704
42/98 [===========>..................] - ETA: 0s - loss: 2.2075 - accuracy: 0.1704
49/98 [==============>...............] - ETA: 0s - loss: 2.2043 - accuracy: 0.1715
56/98 [================>.............] - ETA: 0s - loss: 2.2032 - accuracy: 0.1715
63/98 [==================>...........] - ETA: 0s - loss: 2.2035 - accuracy: 0.1715
70/98 [====================>.........] - ETA: 0s - loss: 2.2047 - accuracy: 0.1710
77/98 [======================>.......] - ETA: 0s - loss: 2.2040 - accuracy: 0.1708
83/98 [========================>.....] - ETA: 0s - loss: 2.2037 - accuracy: 0.1707
90/98 [==========================>...] - ETA: 0s - loss: 2.2022 - accuracy: 0.1721
97/98 [============================>.] - ETA: 0s - loss: 2.1999 - accuracy: 0.1733
98/98 [==============================] - 1s 13ms/step - loss: 2.1998 - accuracy: 0.1733 - val_loss: 2.4193 - val_accuracy: 0.1326
Epoch 10: early stopping

  1/313 [..............................] - ETA: 4s - loss: 2.3524 - accuracy: 0.2188
 34/313 [==>...........................] - ETA: 0s - loss: 2.4134 - accuracy: 0.1351
 74/313 [======>.......................] - ETA: 0s - loss: 2.4256 - accuracy: 0.1292
116/313 [==========>...................] - ETA: 0s - loss: 2.4286 - accuracy: 0.1293
158/313 [==============>...............] - ETA: 0s - loss: 2.4287 - accuracy: 0.1307
200/313 [==================>...........] - ETA: 0s - loss: 2.4317 - accuracy: 0.1323
243/313 [======================>.......] - ETA: 0s - loss: 2.4256 - accuracy: 0.1326
289/313 [==========================>...] - ETA: 0s - loss: 2.4212 - accuracy: 0.1313
313/313 [==============================] - 0s 1ms/step - loss: 2.4193 - accuracy: 0.1326
