2024-07-26 16:26:12.317191: I tensorflow/core/platform/cpu_feature_guard.cc:193] This TensorFlow binary is optimized with oneAPI Deep Neural Network Library (oneDNN) to use the following CPU instructions in performance-critical operations:  AVX AVX2
To enable them in other operations, rebuild TensorFlow with the appropriate compiler flags.
2024-07-26 16:26:12.886455: I tensorflow/core/common_runtime/gpu/gpu_device.cc:1616] Created device /job:localhost/replica:0/task:0/device:GPU:0 with 6656 MB memory:  -> device: 0, name: NVIDIA GeForce RTX 4060 Ti, pci bus id: 0000:01:00.0, compute capability: 8.9
1 Physical GPUs, 1 Logical GPUs
Model: "sequential"
_________________________________________________________________
 Layer (type)                Output Shape              Param #   
=================================================================
 conv2d (Conv2D)             (None, 32, 32, 32)        896       
                                                                 
 conv2d_1 (Conv2D)           (None, 32, 32, 32)        9248      
                                                                 
 conv2d_2 (Conv2D)           (None, 32, 32, 32)        123936    
                                                                 
 max_pooling2d (MaxPooling2D  (None, 16, 16, 32)       0         
 )                                                               
                                                                 
 conv2d_3 (Conv2D)           (None, 16, 16, 64)        51264     
                                                                 
 max_pooling2d_1 (MaxPooling  (None, 8, 8, 64)         0         
 2D)                                                             
                                                                 
 conv2d_4 (Conv2D)           (None, 8, 8, 256)         409856    
                                                                 
 dropout (Dropout)           (None, 8, 8, 256)         0         
                                                                 
 flatten (Flatten)           (None, 16384)             0         
                                                                 
 dense (Dense)               (None, 74)                1212490   
                                                                 
 dropout_1 (Dropout)         (None, 74)                0         
                                                                 
 dense_1 (Dense)             (None, 10)                750       
                                                                 
=================================================================
Total params: 1,808,440
Trainable params: 1,808,440
Non-trainable params: 0
_________________________________________________________________
Taxa de aprendizado:  1e-05 Num de épocas:  207 Tamanho do lote:  512 Dropout:  0.05
Epoch 1/207
2024-07-26 16:26:14.372101: I tensorflow/stream_executor/cuda/cuda_dnn.cc:384] Loaded cuDNN version 8100
2024-07-26 16:26:15.239224: W tensorflow/stream_executor/gpu/redzone_allocator.cc:314] INTERNAL: ptxas exited with non-zero error code -1, output: 
Relying on driver to perform ptx compilation. 
Modify $PATH to customize ptxas location.
This message will be only logged once.
2024-07-26 16:26:16.550044: I tensorflow/stream_executor/cuda/cuda_blas.cc:1614] TensorFloat-32 will be used for the matrix multiplication. This will only be logged once.

 1/98 [..............................] - ETA: 10:26 - loss: 2.3056 - accuracy: 0.0977
 2/98 [..............................] - ETA: 12s - loss: 2.3035 - accuracy: 0.1035  
 3/98 [..............................] - ETA: 11s - loss: 2.3033 - accuracy: 0.1016
 4/98 [>.............................] - ETA: 10s - loss: 2.3029 - accuracy: 0.0991
 5/98 [>.............................] - ETA: 10s - loss: 2.3025 - accuracy: 0.1047
 6/98 [>.............................] - ETA: 10s - loss: 2.3017 - accuracy: 0.1081
 7/98 [=>............................] - ETA: 10s - loss: 2.3015 - accuracy: 0.1035
 8/98 [=>............................] - ETA: 10s - loss: 2.3007 - accuracy: 0.1074
 9/98 [=>............................] - ETA: 10s - loss: 2.2999 - accuracy: 0.1109
10/98 [==>...........................] - ETA: 10s - loss: 2.2991 - accuracy: 0.1133
11/98 [==>...........................] - ETA: 9s - loss: 2.2989 - accuracy: 0.1165 
12/98 [==>...........................] - ETA: 9s - loss: 2.2987 - accuracy: 0.1159
13/98 [==>...........................] - ETA: 9s - loss: 2.2983 - accuracy: 0.1173
14/98 [===>..........................] - ETA: 9s - loss: 2.2979 - accuracy: 0.1189
15/98 [===>..........................] - ETA: 9s - loss: 2.2976 - accuracy: 0.1181
16/98 [===>..........................] - ETA: 9s - loss: 2.2970 - accuracy: 0.1183
17/98 [====>.........................] - ETA: 9s - loss: 2.2969 - accuracy: 0.1185
18/98 [====>.........................] - ETA: 8s - loss: 2.2967 - accuracy: 0.1186
19/98 [====>.........................] - ETA: 8s - loss: 2.2962 - accuracy: 0.1188
20/98 [=====>........................] - ETA: 8s - loss: 2.2965 - accuracy: 0.1165
21/98 [=====>........................] - ETA: 8s - loss: 2.2964 - accuracy: 0.1163
22/98 [=====>........................] - ETA: 8s - loss: 2.2963 - accuracy: 0.1162
23/98 [======>.......................] - ETA: 8s - loss: 2.2960 - accuracy: 0.1155
24/98 [======>.......................] - ETA: 8s - loss: 2.2955 - accuracy: 0.1161
25/98 [======>.......................] - ETA: 7s - loss: 2.2954 - accuracy: 0.1163
26/98 [======>.......................] - ETA: 7s - loss: 2.2950 - accuracy: 0.1158
27/98 [=======>......................] - ETA: 7s - loss: 2.2944 - accuracy: 0.1181
28/98 [=======>......................] - ETA: 7s - loss: 2.2939 - accuracy: 0.1193
29/98 [=======>......................] - ETA: 7s - loss: 2.2933 - accuracy: 0.1204
30/98 [========>.....................] - ETA: 7s - loss: 2.2929 - accuracy: 0.1214
31/98 [========>.....................] - ETA: 7s - loss: 2.2926 - accuracy: 0.1221
32/98 [========>.....................] - ETA: 7s - loss: 2.2923 - accuracy: 0.1226
33/98 [=========>....................] - ETA: 7s - loss: 2.2920 - accuracy: 0.1230
34/98 [=========>....................] - ETA: 7s - loss: 2.2916 - accuracy: 0.1242
35/98 [=========>....................] - ETA: 6s - loss: 2.2915 - accuracy: 0.1248
36/98 [==========>...................] - ETA: 6s - loss: 2.2911 - accuracy: 0.1252
37/98 [==========>...................] - ETA: 10s - loss: 2.2909 - accuracy: 0.1255
38/98 [==========>...................] - ETA: 10s - loss: 2.2904 - accuracy: 0.1263
39/98 [==========>...................] - ETA: 10s - loss: 2.2901 - accuracy: 0.1272
40/98 [===========>..................] - ETA: 9s - loss: 2.2896 - accuracy: 0.1286 
41/98 [===========>..................] - ETA: 9s - loss: 2.2892 - accuracy: 0.1300
42/98 [===========>..................] - ETA: 9s - loss: 2.2889 - accuracy: 0.1309
43/98 [============>.................] - ETA: 9s - loss: 2.2885 - accuracy: 0.1324
44/98 [============>.................] - ETA: 8s - loss: 2.2882 - accuracy: 0.1339
45/98 [============>.................] - ETA: 8s - loss: 2.2877 - accuracy: 0.1355
46/98 [=============>................] - ETA: 8s - loss: 2.2873 - accuracy: 0.1365
47/98 [=============>................] - ETA: 8s - loss: 2.2870 - accuracy: 0.1370
48/98 [=============>................] - ETA: 7s - loss: 2.2866 - accuracy: 0.1377
49/98 [==============>...............] - ETA: 7s - loss: 2.2860 - accuracy: 0.1394
50/98 [==============>...............] - ETA: 7s - loss: 2.2857 - accuracy: 0.1407
51/98 [==============>...............] - ETA: 7s - loss: 2.2850 - accuracy: 0.1429
52/98 [==============>...............] - ETA: 7s - loss: 2.2846 - accuracy: 0.1436
53/98 [===============>..............] - ETA: 6s - loss: 2.2841 - accuracy: 0.1451
54/98 [===============>..............] - ETA: 6s - loss: 2.2837 - accuracy: 0.1454
55/98 [===============>..............] - ETA: 6s - loss: 2.2831 - accuracy: 0.1463
56/98 [================>.............] - ETA: 6s - loss: 2.2826 - accuracy: 0.1470
57/98 [================>.............] - ETA: 6s - loss: 2.2821 - accuracy: 0.1477
58/98 [================>.............] - ETA: 6s - loss: 2.2816 - accuracy: 0.1484
59/98 [=================>............] - ETA: 5s - loss: 2.2808 - accuracy: 0.1503
60/98 [=================>............] - ETA: 5s - loss: 2.2802 - accuracy: 0.1509
61/98 [=================>............] - ETA: 5s - loss: 2.2798 - accuracy: 0.1512
62/98 [=================>............] - ETA: 5s - loss: 2.2791 - accuracy: 0.1519
63/98 [==================>...........] - ETA: 5s - loss: 2.2784 - accuracy: 0.1524
64/98 [==================>...........] - ETA: 5s - loss: 2.2777 - accuracy: 0.1532
65/98 [==================>...........] - ETA: 4s - loss: 2.2769 - accuracy: 0.1542
66/98 [===================>..........] - ETA: 4s - loss: 2.2763 - accuracy: 0.1549
67/98 [===================>..........] - ETA: 4s - loss: 2.2758 - accuracy: 0.1553
68/98 [===================>..........] - ETA: 4s - loss: 2.2753 - accuracy: 0.1562
69/98 [====================>.........] - ETA: 4s - loss: 2.2746 - accuracy: 0.1573
70/98 [====================>.........] - ETA: 4s - loss: 2.2741 - accuracy: 0.1581
71/98 [====================>.........] - ETA: 3s - loss: 2.2735 - accuracy: 0.1587
72/98 [=====================>........] - ETA: 3s - loss: 2.2728 - accuracy: 0.1599
73/98 [=====================>........] - ETA: 3s - loss: 2.2720 - accuracy: 0.1612
74/98 [=====================>........] - ETA: 3s - loss: 2.2713 - accuracy: 0.1626
75/98 [=====================>........] - ETA: 3s - loss: 2.2707 - accuracy: 0.1635
76/98 [======================>.......] - ETA: 3s - loss: 2.2700 - accuracy: 0.1645
77/98 [======================>.......] - ETA: 2s - loss: 2.2694 - accuracy: 0.1650
78/98 [======================>.......] - ETA: 2s - loss: 2.2686 - accuracy: 0.1659
79/98 [=======================>......] - ETA: 2s - loss: 2.2678 - accuracy: 0.1669
80/98 [=======================>......] - ETA: 2s - loss: 2.2670 - accuracy: 0.1674
81/98 [=======================>......] - ETA: 2s - loss: 2.2662 - accuracy: 0.1687
82/98 [========================>.....] - ETA: 2s - loss: 2.2655 - accuracy: 0.1696
83/98 [========================>.....] - ETA: 2s - loss: 2.2647 - accuracy: 0.1698
84/98 [========================>.....] - ETA: 1s - loss: 2.2641 - accuracy: 0.1706
85/98 [=========================>....] - ETA: 1s - loss: 2.2633 - accuracy: 0.1711
86/98 [=========================>....] - ETA: 1s - loss: 2.2626 - accuracy: 0.1717
87/98 [=========================>....] - ETA: 1s - loss: 2.2617 - accuracy: 0.1725
88/98 [=========================>....] - ETA: 1s - loss: 2.2609 - accuracy: 0.1728
89/98 [==========================>...] - ETA: 1s - loss: 2.2600 - accuracy: 0.1736
90/98 [==========================>...] - ETA: 1s - loss: 2.2593 - accuracy: 0.1742
91/98 [==========================>...] - ETA: 0s - loss: 2.2583 - accuracy: 0.1752
92/98 [===========================>..] - ETA: 0s - loss: 2.2575 - accuracy: 0.1760
93/98 [===========================>..] - ETA: 0s - loss: 2.2566 - accuracy: 0.1769
94/98 [===========================>..] - ETA: 0s - loss: 2.2556 - accuracy: 0.1779
95/98 [============================>.] - ETA: 0s - loss: 2.2545 - accuracy: 0.1786
96/98 [============================>.] - ETA: 0s - loss: 2.2535 - accuracy: 0.1794
97/98 [============================>.] - ETA: 0s - loss: 2.2527 - accuracy: 0.1800
98/98 [==============================] - ETA: 0s - loss: 2.2517 - accuracy: 0.1808
98/98 [==============================] - 21s 149ms/step - loss: 2.2517 - accuracy: 0.1808 - val_loss: 2.1591 - val_accuracy: 0.2441
Epoch 2/207

 1/98 [..............................] - ETA: 12s - loss: 2.1383 - accuracy: 0.2441
 2/98 [..............................] - ETA: 10s - loss: 2.1297 - accuracy: 0.2734
 3/98 [..............................] - ETA: 10s - loss: 2.1375 - accuracy: 0.2721
 4/98 [>.............................] - ETA: 10s - loss: 2.1441 - accuracy: 0.2622
 5/98 [>.............................] - ETA: 10s - loss: 2.1468 - accuracy: 0.2594
 6/98 [>.............................] - ETA: 9s - loss: 2.1425 - accuracy: 0.2669 
 7/98 [=>............................] - ETA: 9s - loss: 2.1419 - accuracy: 0.2662
 8/98 [=>............................] - ETA: 9s - loss: 2.1418 - accuracy: 0.2659
 9/98 [=>............................] - ETA: 9s - loss: 2.1408 - accuracy: 0.2656
10/98 [==>...........................] - ETA: 9s - loss: 2.1402 - accuracy: 0.2641
11/98 [==>...........................] - ETA: 9s - loss: 2.1354 - accuracy: 0.2678
12/98 [==>...........................] - ETA: 9s - loss: 2.1342 - accuracy: 0.2671
13/98 [==>...........................] - ETA: 8s - loss: 2.1337 - accuracy: 0.2649
14/98 [===>..........................] - ETA: 8s - loss: 2.1337 - accuracy: 0.2628
15/98 [===>..........................] - ETA: 8s - loss: 2.1327 - accuracy: 0.2633
16/98 [===>..........................] - ETA: 8s - loss: 2.1310 - accuracy: 0.2633
17/98 [====>.........................] - ETA: 8s - loss: 2.1309 - accuracy: 0.2631
18/98 [====>.........................] - ETA: 8s - loss: 2.1299 - accuracy: 0.2642
19/98 [====>.........................] - ETA: 8s - loss: 2.1293 - accuracy: 0.2626
20/98 [=====>........................] - ETA: 8s - loss: 2.1279 - accuracy: 0.2646
21/98 [=====>........................] - ETA: 8s - loss: 2.1262 - accuracy: 0.2651
22/98 [=====>........................] - ETA: 8s - loss: 2.1257 - accuracy: 0.2654
23/98 [======>.......................] - ETA: 8s - loss: 2.1245 - accuracy: 0.2655
24/98 [======>.......................] - ETA: 7s - loss: 2.1230 - accuracy: 0.2655
25/98 [======>.......................] - ETA: 7s - loss: 2.1227 - accuracy: 0.2645
26/98 [======>.......................] - ETA: 7s - loss: 2.1214 - accuracy: 0.2652
27/98 [=======>......................] - ETA: 7s - loss: 2.1207 - accuracy: 0.2647
28/98 [=======>......................] - ETA: 7s - loss: 2.1199 - accuracy: 0.2649
29/98 [=======>......................] - ETA: 7s - loss: 2.1169 - accuracy: 0.2663
30/98 [========>.....................] - ETA: 7s - loss: 2.1168 - accuracy: 0.2651
31/98 [========>.....................] - ETA: 7s - loss: 2.1157 - accuracy: 0.2646
32/98 [========>.....................] - ETA: 7s - loss: 2.1139 - accuracy: 0.2654
33/98 [=========>....................] - ETA: 7s - loss: 2.1124 - accuracy: 0.2651
34/98 [=========>....................] - ETA: 7s - loss: 2.1109 - accuracy: 0.2651
35/98 [=========>....................] - ETA: 6s - loss: 2.1097 - accuracy: 0.2654
36/98 [==========>...................] - ETA: 6s - loss: 2.1090 - accuracy: 0.2660
37/98 [==========>...................] - ETA: 6s - loss: 2.1077 - accuracy: 0.2658
38/98 [==========>...................] - ETA: 6s - loss: 2.1060 - accuracy: 0.2661
39/98 [==========>...................] - ETA: 6s - loss: 2.1044 - accuracy: 0.2666
40/98 [===========>..................] - ETA: 6s - loss: 2.1036 - accuracy: 0.2668
41/98 [===========>..................] - ETA: 6s - loss: 2.1022 - accuracy: 0.2675
42/98 [===========>..................] - ETA: 6s - loss: 2.1012 - accuracy: 0.2679
43/98 [============>.................] - ETA: 6s - loss: 2.1000 - accuracy: 0.2686
44/98 [============>.................] - ETA: 5s - loss: 2.0986 - accuracy: 0.2689
45/98 [============>.................] - ETA: 5s - loss: 2.0965 - accuracy: 0.2699
46/98 [=============>................] - ETA: 5s - loss: 2.0944 - accuracy: 0.2713
47/98 [=============>................] - ETA: 5s - loss: 2.0925 - accuracy: 0.2714
48/98 [=============>................] - ETA: 5s - loss: 2.0906 - accuracy: 0.2725
49/98 [==============>...............] - ETA: 5s - loss: 2.0891 - accuracy: 0.2728
50/98 [==============>...............] - ETA: 5s - loss: 2.0887 - accuracy: 0.2724
51/98 [==============>...............] - ETA: 5s - loss: 2.0885 - accuracy: 0.2722
52/98 [==============>...............] - ETA: 5s - loss: 2.0880 - accuracy: 0.2722
53/98 [===============>..............] - ETA: 4s - loss: 2.0869 - accuracy: 0.2725
54/98 [===============>..............] - ETA: 4s - loss: 2.0852 - accuracy: 0.2731
55/98 [===============>..............] - ETA: 4s - loss: 2.0834 - accuracy: 0.2742
56/98 [================>.............] - ETA: 4s - loss: 2.0814 - accuracy: 0.2746
57/98 [================>.............] - ETA: 4s - loss: 2.0799 - accuracy: 0.2749
58/98 [================>.............] - ETA: 4s - loss: 2.0784 - accuracy: 0.2752
59/98 [=================>............] - ETA: 4s - loss: 2.0772 - accuracy: 0.2752
60/98 [=================>............] - ETA: 4s - loss: 2.0760 - accuracy: 0.2750
61/98 [=================>............] - ETA: 4s - loss: 2.0750 - accuracy: 0.2750
62/98 [=================>............] - ETA: 3s - loss: 2.0733 - accuracy: 0.2758
63/98 [==================>...........] - ETA: 3s - loss: 2.0718 - accuracy: 0.2764
64/98 [==================>...........] - ETA: 3s - loss: 2.0711 - accuracy: 0.2767
65/98 [==================>...........] - ETA: 3s - loss: 2.0697 - accuracy: 0.2767
66/98 [===================>..........] - ETA: 3s - loss: 2.0686 - accuracy: 0.2769
67/98 [===================>..........] - ETA: 3s - loss: 2.0673 - accuracy: 0.2776
68/98 [===================>..........] - ETA: 3s - loss: 2.0654 - accuracy: 0.2780
69/98 [====================>.........] - ETA: 3s - loss: 2.0635 - accuracy: 0.2784
70/98 [====================>.........] - ETA: 3s - loss: 2.0623 - accuracy: 0.2786
71/98 [====================>.........] - ETA: 2s - loss: 2.0609 - accuracy: 0.2789
72/98 [=====================>........] - ETA: 2s - loss: 2.0598 - accuracy: 0.2792
73/98 [=====================>........] - ETA: 2s - loss: 2.0592 - accuracy: 0.2795
74/98 [=====================>........] - ETA: 2s - loss: 2.0582 - accuracy: 0.2798
75/98 [=====================>........] - ETA: 2s - loss: 2.0566 - accuracy: 0.2802
76/98 [======================>.......] - ETA: 2s - loss: 2.0552 - accuracy: 0.2807
77/98 [======================>.......] - ETA: 2s - loss: 2.0536 - accuracy: 0.2811
78/98 [======================>.......] - ETA: 2s - loss: 2.0525 - accuracy: 0.2815
79/98 [=======================>......] - ETA: 2s - loss: 2.0509 - accuracy: 0.2822
80/98 [=======================>......] - ETA: 2s - loss: 2.0499 - accuracy: 0.2825
81/98 [=======================>......] - ETA: 1s - loss: 2.0492 - accuracy: 0.2823
82/98 [========================>.....] - ETA: 1s - loss: 2.0482 - accuracy: 0.2827
83/98 [========================>.....] - ETA: 1s - loss: 2.0472 - accuracy: 0.2832
84/98 [========================>.....] - ETA: 1s - loss: 2.0459 - accuracy: 0.2832
85/98 [=========================>....] - ETA: 1s - loss: 2.0450 - accuracy: 0.2836
86/98 [=========================>....] - ETA: 1s - loss: 2.0439 - accuracy: 0.2839
87/98 [=========================>....] - ETA: 1s - loss: 2.0429 - accuracy: 0.2839
88/98 [=========================>....] - ETA: 1s - loss: 2.0418 - accuracy: 0.2843
89/98 [==========================>...] - ETA: 1s - loss: 2.0407 - accuracy: 0.2843
90/98 [==========================>...] - ETA: 0s - loss: 2.0394 - accuracy: 0.2846
91/98 [==========================>...] - ETA: 0s - loss: 2.0384 - accuracy: 0.2851
92/98 [===========================>..] - ETA: 0s - loss: 2.0377 - accuracy: 0.2853
93/98 [===========================>..] - ETA: 0s - loss: 2.0371 - accuracy: 0.2852
94/98 [===========================>..] - ETA: 0s - loss: 2.0360 - accuracy: 0.2855
95/98 [============================>.] - ETA: 0s - loss: 2.0352 - accuracy: 0.2854
96/98 [============================>.] - ETA: 0s - loss: 2.0342 - accuracy: 0.2858
97/98 [============================>.] - ETA: 0s - loss: 2.0327 - accuracy: 0.2863
98/98 [==============================] - ETA: 0s - loss: 2.0320 - accuracy: 0.2865
98/98 [==============================] - 12s 121ms/step - loss: 2.0320 - accuracy: 0.2865 - val_loss: 1.9244 - val_accuracy: 0.3323
Epoch 3/207

 1/98 [..............................] - ETA: 12s - loss: 1.9677 - accuracy: 0.3223
 2/98 [..............................] - ETA: 11s - loss: 1.9465 - accuracy: 0.3213
 3/98 [..............................] - ETA: 11s - loss: 1.9290 - accuracy: 0.3255
 4/98 [>.............................] - ETA: 10s - loss: 1.9348 - accuracy: 0.3218
 5/98 [>.............................] - ETA: 10s - loss: 1.9242 - accuracy: 0.3262
 6/98 [>.............................] - ETA: 10s - loss: 1.9275 - accuracy: 0.3223
 7/98 [=>............................] - ETA: 10s - loss: 1.9277 - accuracy: 0.3225
 8/98 [=>............................] - ETA: 10s - loss: 1.9230 - accuracy: 0.3254
 9/98 [=>............................] - ETA: 10s - loss: 1.9184 - accuracy: 0.3268
10/98 [==>...........................] - ETA: 10s - loss: 1.9205 - accuracy: 0.3250
11/98 [==>...........................] - ETA: 9s - loss: 1.9206 - accuracy: 0.3255 
12/98 [==>...........................] - ETA: 9s - loss: 1.9213 - accuracy: 0.3228
13/98 [==>...........................] - ETA: 9s - loss: 1.9215 - accuracy: 0.3221
14/98 [===>..........................] - ETA: 9s - loss: 1.9160 - accuracy: 0.3239
15/98 [===>..........................] - ETA: 9s - loss: 1.9134 - accuracy: 0.3262
16/98 [===>..........................] - ETA: 9s - loss: 1.9140 - accuracy: 0.3250
17/98 [====>.........................] - ETA: 9s - loss: 1.9140 - accuracy: 0.3258
18/98 [====>.........................] - ETA: 9s - loss: 1.9164 - accuracy: 0.3247
19/98 [====>.........................] - ETA: 8s - loss: 1.9148 - accuracy: 0.3256
20/98 [=====>........................] - ETA: 8s - loss: 1.9175 - accuracy: 0.3249
21/98 [=====>........................] - ETA: 8s - loss: 1.9164 - accuracy: 0.3262
22/98 [=====>........................] - ETA: 8s - loss: 1.9134 - accuracy: 0.3269
23/98 [======>.......................] - ETA: 8s - loss: 1.9132 - accuracy: 0.3268
24/98 [======>.......................] - ETA: 8s - loss: 1.9132 - accuracy: 0.3276
25/98 [======>.......................] - ETA: 8s - loss: 1.9142 - accuracy: 0.3267
26/98 [======>.......................] - ETA: 8s - loss: 1.9138 - accuracy: 0.3266
27/98 [=======>......................] - ETA: 7s - loss: 1.9127 - accuracy: 0.3258
28/98 [=======>......................] - ETA: 7s - loss: 1.9123 - accuracy: 0.3253
29/98 [=======>......................] - ETA: 7s - loss: 1.9139 - accuracy: 0.3257
30/98 [========>.....................] - ETA: 7s - loss: 1.9123 - accuracy: 0.3250
31/98 [========>.....................] - ETA: 7s - loss: 1.9098 - accuracy: 0.3260
32/98 [========>.....................] - ETA: 7s - loss: 1.9096 - accuracy: 0.3260
33/98 [=========>....................] - ETA: 7s - loss: 1.9102 - accuracy: 0.3245
34/98 [=========>....................] - ETA: 7s - loss: 1.9098 - accuracy: 0.3256
35/98 [=========>....................] - ETA: 6s - loss: 1.9092 - accuracy: 0.3258
36/98 [==========>...................] - ETA: 6s - loss: 1.9094 - accuracy: 0.3256
37/98 [==========>...................] - ETA: 6s - loss: 1.9076 - accuracy: 0.3263
38/98 [==========>...................] - ETA: 6s - loss: 1.9076 - accuracy: 0.3256
39/98 [==========>...................] - ETA: 6s - loss: 1.9071 - accuracy: 0.3258
40/98 [===========>..................] - ETA: 6s - loss: 1.9058 - accuracy: 0.3258
41/98 [===========>..................] - ETA: 6s - loss: 1.9051 - accuracy: 0.3266
42/98 [===========>..................] - ETA: 6s - loss: 1.9048 - accuracy: 0.3265
43/98 [============>.................] - ETA: 6s - loss: 1.9033 - accuracy: 0.3264
44/98 [============>.................] - ETA: 5s - loss: 1.9027 - accuracy: 0.3272
45/98 [============>.................] - ETA: 5s - loss: 1.9031 - accuracy: 0.3271
46/98 [=============>................] - ETA: 5s - loss: 1.9028 - accuracy: 0.3268
47/98 [=============>................] - ETA: 5s - loss: 1.9027 - accuracy: 0.3272
48/98 [=============>................] - ETA: 5s - loss: 1.9021 - accuracy: 0.3279
49/98 [==============>...............] - ETA: 5s - loss: 1.9010 - accuracy: 0.3285
50/98 [==============>...............] - ETA: 5s - loss: 1.9007 - accuracy: 0.3282
51/98 [==============>...............] - ETA: 5s - loss: 1.9004 - accuracy: 0.3284
52/98 [==============>...............] - ETA: 5s - loss: 1.8993 - accuracy: 0.3288
53/98 [===============>..............] - ETA: 4s - loss: 1.8985 - accuracy: 0.3289
54/98 [===============>..............] - ETA: 4s - loss: 1.8971 - accuracy: 0.3292
55/98 [===============>..............] - ETA: 4s - loss: 1.8980 - accuracy: 0.3289
56/98 [================>.............] - ETA: 4s - loss: 1.8968 - accuracy: 0.3293
57/98 [================>.............] - ETA: 4s - loss: 1.8962 - accuracy: 0.3294
58/98 [================>.............] - ETA: 4s - loss: 1.8963 - accuracy: 0.3297
59/98 [=================>............] - ETA: 4s - loss: 1.8952 - accuracy: 0.3299
60/98 [=================>............] - ETA: 4s - loss: 1.8943 - accuracy: 0.3303
61/98 [=================>............] - ETA: 4s - loss: 1.8937 - accuracy: 0.3305
62/98 [=================>............] - ETA: 4s - loss: 1.8938 - accuracy: 0.3300
63/98 [==================>...........] - ETA: 3s - loss: 1.8923 - accuracy: 0.3312
64/98 [==================>...........] - ETA: 3s - loss: 1.8909 - accuracy: 0.3319
65/98 [==================>...........] - ETA: 3s - loss: 1.8899 - accuracy: 0.3324
66/98 [===================>..........] - ETA: 3s - loss: 1.8892 - accuracy: 0.3325
67/98 [===================>..........] - ETA: 3s - loss: 1.8895 - accuracy: 0.3320
68/98 [===================>..........] - ETA: 3s - loss: 1.8890 - accuracy: 0.3320
69/98 [====================>.........] - ETA: 3s - loss: 1.8883 - accuracy: 0.3321
70/98 [====================>.........] - ETA: 3s - loss: 1.8876 - accuracy: 0.3324
71/98 [====================>.........] - ETA: 3s - loss: 1.8873 - accuracy: 0.3326
72/98 [=====================>........] - ETA: 2s - loss: 1.8870 - accuracy: 0.3329
73/98 [=====================>........] - ETA: 2s - loss: 1.8874 - accuracy: 0.3329
74/98 [=====================>........] - ETA: 2s - loss: 1.8873 - accuracy: 0.3330
75/98 [=====================>........] - ETA: 2s - loss: 1.8869 - accuracy: 0.3331
76/98 [======================>.......] - ETA: 2s - loss: 1.8860 - accuracy: 0.3336
77/98 [======================>.......] - ETA: 2s - loss: 1.8847 - accuracy: 0.3348
78/98 [======================>.......] - ETA: 2s - loss: 1.8840 - accuracy: 0.3351
79/98 [=======================>......] - ETA: 2s - loss: 1.8830 - accuracy: 0.3355
80/98 [=======================>......] - ETA: 2s - loss: 1.8825 - accuracy: 0.3356
81/98 [=======================>......] - ETA: 1s - loss: 1.8818 - accuracy: 0.3354
82/98 [========================>.....] - ETA: 1s - loss: 1.8815 - accuracy: 0.3353
83/98 [========================>.....] - ETA: 1s - loss: 1.8812 - accuracy: 0.3354
84/98 [========================>.....] - ETA: 1s - loss: 1.8800 - accuracy: 0.3359
85/98 [=========================>....] - ETA: 1s - loss: 1.8802 - accuracy: 0.3357
86/98 [=========================>....] - ETA: 1s - loss: 1.8794 - accuracy: 0.3360
87/98 [=========================>....] - ETA: 1s - loss: 1.8787 - accuracy: 0.3365
88/98 [=========================>....] - ETA: 1s - loss: 1.8787 - accuracy: 0.3359
89/98 [==========================>...] - ETA: 1s - loss: 1.8788 - accuracy: 0.3360
90/98 [==========================>...] - ETA: 0s - loss: 1.8779 - accuracy: 0.3364
91/98 [==========================>...] - ETA: 0s - loss: 1.8774 - accuracy: 0.3368
92/98 [===========================>..] - ETA: 0s - loss: 1.8770 - accuracy: 0.3370
93/98 [===========================>..] - ETA: 0s - loss: 1.8763 - accuracy: 0.3372
94/98 [===========================>..] - ETA: 0s - loss: 1.8760 - accuracy: 0.3372
95/98 [============================>.] - ETA: 0s - loss: 1.8752 - accuracy: 0.3377
96/98 [============================>.] - ETA: 0s - loss: 1.8741 - accuracy: 0.3383
97/98 [============================>.] - ETA: 0s - loss: 1.8736 - accuracy: 0.3384
98/98 [==============================] - ETA: 0s - loss: 1.8727 - accuracy: 0.3386
98/98 [==============================] - 12s 122ms/step - loss: 1.8727 - accuracy: 0.3386 - val_loss: 1.8153 - val_accuracy: 0.3610
Epoch 4/207

 1/98 [..............................] - ETA: 12s - loss: 1.7820 - accuracy: 0.3672
 2/98 [..............................] - ETA: 10s - loss: 1.7896 - accuracy: 0.3574
 3/98 [..............................] - ETA: 10s - loss: 1.8162 - accuracy: 0.3574
 4/98 [>.............................] - ETA: 10s - loss: 1.7896 - accuracy: 0.3682
 5/98 [>.............................] - ETA: 10s - loss: 1.8017 - accuracy: 0.3617
 6/98 [>.............................] - ETA: 10s - loss: 1.8077 - accuracy: 0.3587
 7/98 [=>............................] - ETA: 10s - loss: 1.8106 - accuracy: 0.3597
 8/98 [=>............................] - ETA: 10s - loss: 1.8107 - accuracy: 0.3604
 9/98 [=>............................] - ETA: 10s - loss: 1.8126 - accuracy: 0.3592
10/98 [==>...........................] - ETA: 9s - loss: 1.8129 - accuracy: 0.3572 
11/98 [==>...........................] - ETA: 9s - loss: 1.8125 - accuracy: 0.3583
12/98 [==>...........................] - ETA: 9s - loss: 1.8157 - accuracy: 0.3561
13/98 [==>...........................] - ETA: 9s - loss: 1.8125 - accuracy: 0.3567
14/98 [===>..........................] - ETA: 9s - loss: 1.8110 - accuracy: 0.3574
15/98 [===>..........................] - ETA: 9s - loss: 1.8098 - accuracy: 0.3579
16/98 [===>..........................] - ETA: 9s - loss: 1.8108 - accuracy: 0.3583
17/98 [====>.........................] - ETA: 9s - loss: 1.8104 - accuracy: 0.3598
18/98 [====>.........................] - ETA: 9s - loss: 1.8094 - accuracy: 0.3601
19/98 [====>.........................] - ETA: 8s - loss: 1.8111 - accuracy: 0.3588
20/98 [=====>........................] - ETA: 8s - loss: 1.8103 - accuracy: 0.3578
21/98 [=====>........................] - ETA: 8s - loss: 1.8119 - accuracy: 0.3574
22/98 [=====>........................] - ETA: 8s - loss: 1.8125 - accuracy: 0.3571
23/98 [======>.......................] - ETA: 8s - loss: 1.8122 - accuracy: 0.3582
24/98 [======>.......................] - ETA: 8s - loss: 1.8089 - accuracy: 0.3596
25/98 [======>.......................] - ETA: 8s - loss: 1.8083 - accuracy: 0.3606
26/98 [======>.......................] - ETA: 8s - loss: 1.8082 - accuracy: 0.3614
27/98 [=======>......................] - ETA: 8s - loss: 1.8059 - accuracy: 0.3617
28/98 [=======>......................] - ETA: 7s - loss: 1.8046 - accuracy: 0.3627
29/98 [=======>......................] - ETA: 7s - loss: 1.8043 - accuracy: 0.3629
30/98 [========>.....................] - ETA: 7s - loss: 1.8045 - accuracy: 0.3622
31/98 [========>.....................] - ETA: 7s - loss: 1.8033 - accuracy: 0.3623
32/98 [========>.....................] - ETA: 7s - loss: 1.8029 - accuracy: 0.3622
33/98 [=========>....................] - ETA: 7s - loss: 1.8041 - accuracy: 0.3619
34/98 [=========>....................] - ETA: 7s - loss: 1.8016 - accuracy: 0.3631
35/98 [=========>....................] - ETA: 7s - loss: 1.8010 - accuracy: 0.3633
36/98 [==========>...................] - ETA: 6s - loss: 1.7991 - accuracy: 0.3645
37/98 [==========>...................] - ETA: 6s - loss: 1.7999 - accuracy: 0.3646
38/98 [==========>...................] - ETA: 6s - loss: 1.7999 - accuracy: 0.3645
39/98 [==========>...................] - ETA: 6s - loss: 1.7996 - accuracy: 0.3640
40/98 [===========>..................] - ETA: 6s - loss: 1.7989 - accuracy: 0.3642
41/98 [===========>..................] - ETA: 6s - loss: 1.7991 - accuracy: 0.3637
42/98 [===========>..................] - ETA: 6s - loss: 1.7988 - accuracy: 0.3643
43/98 [============>.................] - ETA: 6s - loss: 1.7983 - accuracy: 0.3644
44/98 [============>.................] - ETA: 6s - loss: 1.7970 - accuracy: 0.3653
45/98 [============>.................] - ETA: 5s - loss: 1.7974 - accuracy: 0.3649
46/98 [=============>................] - ETA: 5s - loss: 1.7978 - accuracy: 0.3652
47/98 [=============>................] - ETA: 5s - loss: 1.7971 - accuracy: 0.3653
48/98 [=============>................] - ETA: 5s - loss: 1.7970 - accuracy: 0.3655
49/98 [==============>...............] - ETA: 5s - loss: 1.7974 - accuracy: 0.3648
50/98 [==============>...............] - ETA: 5s - loss: 1.7976 - accuracy: 0.3649
51/98 [==============>...............] - ETA: 5s - loss: 1.7972 - accuracy: 0.3651
52/98 [==============>...............] - ETA: 5s - loss: 1.7969 - accuracy: 0.3651
53/98 [===============>..............] - ETA: 4s - loss: 1.7967 - accuracy: 0.3649
54/98 [===============>..............] - ETA: 4s - loss: 1.7952 - accuracy: 0.3656
55/98 [===============>..............] - ETA: 4s - loss: 1.7950 - accuracy: 0.3656
56/98 [================>.............] - ETA: 4s - loss: 1.7956 - accuracy: 0.3653
57/98 [================>.............] - ETA: 4s - loss: 1.7947 - accuracy: 0.3656
58/98 [================>.............] - ETA: 4s - loss: 1.7946 - accuracy: 0.3650
59/98 [=================>............] - ETA: 4s - loss: 1.7933 - accuracy: 0.3652
60/98 [=================>............] - ETA: 4s - loss: 1.7931 - accuracy: 0.3652
61/98 [=================>............] - ETA: 4s - loss: 1.7926 - accuracy: 0.3650
62/98 [=================>............] - ETA: 3s - loss: 1.7924 - accuracy: 0.3652
63/98 [==================>...........] - ETA: 3s - loss: 1.7925 - accuracy: 0.3654
64/98 [==================>...........] - ETA: 3s - loss: 1.7931 - accuracy: 0.3652
65/98 [==================>...........] - ETA: 3s - loss: 1.7925 - accuracy: 0.3650
66/98 [===================>..........] - ETA: 3s - loss: 1.7924 - accuracy: 0.3647
67/98 [===================>..........] - ETA: 3s - loss: 1.7919 - accuracy: 0.3647
68/98 [===================>..........] - ETA: 3s - loss: 1.7926 - accuracy: 0.3645
69/98 [====================>.........] - ETA: 3s - loss: 1.7928 - accuracy: 0.3645
70/98 [====================>.........] - ETA: 3s - loss: 1.7918 - accuracy: 0.3647
71/98 [====================>.........] - ETA: 3s - loss: 1.7918 - accuracy: 0.3646
72/98 [=====================>........] - ETA: 2s - loss: 1.7921 - accuracy: 0.3644
73/98 [=====================>........] - ETA: 2s - loss: 1.7918 - accuracy: 0.3647
74/98 [=====================>........] - ETA: 2s - loss: 1.7910 - accuracy: 0.3650
75/98 [=====================>........] - ETA: 2s - loss: 1.7906 - accuracy: 0.3649
76/98 [======================>.......] - ETA: 2s - loss: 1.7905 - accuracy: 0.3648
77/98 [======================>.......] - ETA: 2s - loss: 1.7905 - accuracy: 0.3650
78/98 [======================>.......] - ETA: 2s - loss: 1.7896 - accuracy: 0.3656
79/98 [=======================>......] - ETA: 2s - loss: 1.7888 - accuracy: 0.3659
80/98 [=======================>......] - ETA: 2s - loss: 1.7883 - accuracy: 0.3663
81/98 [=======================>......] - ETA: 1s - loss: 1.7878 - accuracy: 0.3664
82/98 [========================>.....] - ETA: 1s - loss: 1.7877 - accuracy: 0.3664
83/98 [========================>.....] - ETA: 1s - loss: 1.7874 - accuracy: 0.3667
84/98 [========================>.....] - ETA: 1s - loss: 1.7876 - accuracy: 0.3666
85/98 [=========================>....] - ETA: 1s - loss: 1.7865 - accuracy: 0.3668
86/98 [=========================>....] - ETA: 1s - loss: 1.7861 - accuracy: 0.3668
87/98 [=========================>....] - ETA: 1s - loss: 1.7853 - accuracy: 0.3669
88/98 [=========================>....] - ETA: 1s - loss: 1.7848 - accuracy: 0.3670
89/98 [==========================>...] - ETA: 1s - loss: 1.7843 - accuracy: 0.3672
90/98 [==========================>...] - ETA: 0s - loss: 1.7842 - accuracy: 0.3673
91/98 [==========================>...] - ETA: 0s - loss: 1.7842 - accuracy: 0.3672
92/98 [===========================>..] - ETA: 0s - loss: 1.7838 - accuracy: 0.3673
93/98 [===========================>..] - ETA: 0s - loss: 1.7834 - accuracy: 0.3674
94/98 [===========================>..] - ETA: 0s - loss: 1.7834 - accuracy: 0.3676
95/98 [============================>.] - ETA: 0s - loss: 1.7840 - accuracy: 0.3675
96/98 [============================>.] - ETA: 0s - loss: 1.7837 - accuracy: 0.3677
97/98 [============================>.] - ETA: 0s - loss: 1.7836 - accuracy: 0.3679
98/98 [==============================] - ETA: 0s - loss: 1.7834 - accuracy: 0.3679
98/98 [==============================] - 12s 122ms/step - loss: 1.7834 - accuracy: 0.3679 - val_loss: 1.7402 - val_accuracy: 0.3899
Epoch 5/207

 1/98 [..............................] - ETA: 13s - loss: 1.7130 - accuracy: 0.4102
 2/98 [..............................] - ETA: 6s - loss: 1.7240 - accuracy: 0.4080 
 3/98 [..............................] - ETA: 8s - loss: 1.7507 - accuracy: 0.3868
 4/98 [>.............................] - ETA: 9s - loss: 1.7457 - accuracy: 0.3916
 5/98 [>.............................] - ETA: 9s - loss: 1.7562 - accuracy: 0.3826
 6/98 [>.............................] - ETA: 9s - loss: 1.7611 - accuracy: 0.3805
 7/98 [=>............................] - ETA: 9s - loss: 1.7566 - accuracy: 0.3862
 8/98 [=>............................] - ETA: 9s - loss: 1.7539 - accuracy: 0.3878
 9/98 [=>............................] - ETA: 9s - loss: 1.7604 - accuracy: 0.3836
10/98 [==>...........................] - ETA: 9s - loss: 1.7607 - accuracy: 0.3817
11/98 [==>...........................] - ETA: 9s - loss: 1.7606 - accuracy: 0.3805
12/98 [==>...........................] - ETA: 9s - loss: 1.7612 - accuracy: 0.3810
13/98 [==>...........................] - ETA: 9s - loss: 1.7594 - accuracy: 0.3804
14/98 [===>..........................] - ETA: 9s - loss: 1.7606 - accuracy: 0.3809
15/98 [===>..........................] - ETA: 9s - loss: 1.7622 - accuracy: 0.3817
16/98 [===>..........................] - ETA: 9s - loss: 1.7612 - accuracy: 0.3804
17/98 [====>.........................] - ETA: 9s - loss: 1.7580 - accuracy: 0.3817
18/98 [====>.........................] - ETA: 8s - loss: 1.7557 - accuracy: 0.3826
19/98 [====>.........................] - ETA: 8s - loss: 1.7552 - accuracy: 0.3836
20/98 [=====>........................] - ETA: 8s - loss: 1.7552 - accuracy: 0.3828
21/98 [=====>........................] - ETA: 8s - loss: 1.7562 - accuracy: 0.3813
22/98 [=====>........................] - ETA: 8s - loss: 1.7558 - accuracy: 0.3809
23/98 [======>.......................] - ETA: 8s - loss: 1.7541 - accuracy: 0.3808
24/98 [======>.......................] - ETA: 8s - loss: 1.7549 - accuracy: 0.3812
25/98 [======>.......................] - ETA: 8s - loss: 1.7553 - accuracy: 0.3808
26/98 [======>.......................] - ETA: 8s - loss: 1.7545 - accuracy: 0.3815
27/98 [=======>......................] - ETA: 7s - loss: 1.7518 - accuracy: 0.3820
28/98 [=======>......................] - ETA: 7s - loss: 1.7520 - accuracy: 0.3808
29/98 [=======>......................] - ETA: 7s - loss: 1.7516 - accuracy: 0.3813
30/98 [========>.....................] - ETA: 7s - loss: 1.7526 - accuracy: 0.3815
31/98 [========>.....................] - ETA: 7s - loss: 1.7515 - accuracy: 0.3812
32/98 [========>.....................] - ETA: 7s - loss: 1.7520 - accuracy: 0.3816
33/98 [=========>....................] - ETA: 7s - loss: 1.7507 - accuracy: 0.3817
34/98 [=========>....................] - ETA: 7s - loss: 1.7495 - accuracy: 0.3827
35/98 [=========>....................] - ETA: 7s - loss: 1.7482 - accuracy: 0.3836
36/98 [==========>...................] - ETA: 6s - loss: 1.7453 - accuracy: 0.3837
37/98 [==========>...................] - ETA: 6s - loss: 1.7447 - accuracy: 0.3835
38/98 [==========>...................] - ETA: 6s - loss: 1.7443 - accuracy: 0.3834
39/98 [==========>...................] - ETA: 6s - loss: 1.7438 - accuracy: 0.3835
40/98 [===========>..................] - ETA: 6s - loss: 1.7437 - accuracy: 0.3842
41/98 [===========>..................] - ETA: 6s - loss: 1.7425 - accuracy: 0.3849
