2024-07-26 20:33:42.121579: I tensorflow/core/platform/cpu_feature_guard.cc:193] This TensorFlow binary is optimized with oneAPI Deep Neural Network Library (oneDNN) to use the following CPU instructions in performance-critical operations:  AVX AVX2
To enable them in other operations, rebuild TensorFlow with the appropriate compiler flags.
2024-07-26 20:33:42.700329: I tensorflow/core/common_runtime/gpu/gpu_device.cc:1616] Created device /job:localhost/replica:0/task:0/device:GPU:0 with 6656 MB memory:  -> device: 0, name: NVIDIA GeForce RTX 4060 Ti, pci bus id: 0000:01:00.0, compute capability: 8.9
1 Physical GPUs, 1 Logical GPUs
Model: "sequential"
_________________________________________________________________
 Layer (type)                Output Shape              Param #   
=================================================================
 conv2d (Conv2D)             (None, 32, 32, 32)        896       
                                                                 
 conv2d_1 (Conv2D)           (None, 32, 32, 32)        9248      
                                                                 
 conv2d_2 (Conv2D)           (None, 32, 32, 32)        123936    
                                                                 
 max_pooling2d (MaxPooling2D  (None, 16, 16, 32)       0         
 )                                                               
                                                                 
 conv2d_3 (Conv2D)           (None, 16, 16, 64)        51264     
                                                                 
 max_pooling2d_1 (MaxPooling  (None, 8, 8, 64)         0         
 2D)                                                             
                                                                 
 conv2d_4 (Conv2D)           (None, 8, 8, 256)         409856    
                                                                 
 dropout (Dropout)           (None, 8, 8, 256)         0         
                                                                 
 flatten (Flatten)           (None, 16384)             0         
                                                                 
 dense (Dense)               (None, 74)                1212490   
                                                                 
 dropout_1 (Dropout)         (None, 74)                0         
                                                                 
 dense_1 (Dense)             (None, 10)                750       
                                                                 
=================================================================
Total params: 1,808,440
Trainable params: 1,808,440
Non-trainable params: 0
_________________________________________________________________
Taxa de aprendizado:  1e-05 Num de épocas:  207 Tamanho do lote:  512 Dropout:  0.05
Epoch 1/207
2024-07-26 20:33:44.161266: I tensorflow/stream_executor/cuda/cuda_dnn.cc:384] Loaded cuDNN version 8100
2024-07-26 20:33:45.030220: W tensorflow/stream_executor/gpu/redzone_allocator.cc:314] INTERNAL: ptxas exited with non-zero error code -1, output: 
Relying on driver to perform ptx compilation. 
Modify $PATH to customize ptxas location.
This message will be only logged once.
2024-07-26 20:33:46.326394: I tensorflow/stream_executor/cuda/cuda_blas.cc:1614] TensorFloat-32 will be used for the matrix multiplication. This will only be logged once.

 1/98 [..............................] - ETA: 10:25 - loss: 2.3052 - accuracy: 0.0781
 2/98 [..............................] - ETA: 12s - loss: 2.3048 - accuracy: 0.0820  
 3/98 [..............................] - ETA: 11s - loss: 2.3044 - accuracy: 0.0898
 4/98 [>.............................] - ETA: 10s - loss: 2.3040 - accuracy: 0.0923
 5/98 [>.............................] - ETA: 10s - loss: 2.3034 - accuracy: 0.0957
 6/98 [>.............................] - ETA: 10s - loss: 2.3029 - accuracy: 0.1003
 7/98 [=>............................] - ETA: 10s - loss: 2.3025 - accuracy: 0.1016
 8/98 [=>............................] - ETA: 10s - loss: 2.3020 - accuracy: 0.1062
 9/98 [=>............................] - ETA: 10s - loss: 2.3019 - accuracy: 0.1059
10/98 [==>...........................] - ETA: 9s - loss: 2.3015 - accuracy: 0.1063 
11/98 [==>...........................] - ETA: 9s - loss: 2.3011 - accuracy: 0.1064
12/98 [==>...........................] - ETA: 9s - loss: 2.3007 - accuracy: 0.1079
13/98 [==>...........................] - ETA: 9s - loss: 2.3004 - accuracy: 0.1083
14/98 [===>..........................] - ETA: 9s - loss: 2.2999 - accuracy: 0.1094
15/98 [===>..........................] - ETA: 9s - loss: 2.2997 - accuracy: 0.1089
16/98 [===>..........................] - ETA: 9s - loss: 2.2994 - accuracy: 0.1093
17/98 [====>.........................] - ETA: 9s - loss: 2.2991 - accuracy: 0.1094
18/98 [====>.........................] - ETA: 9s - loss: 2.2988 - accuracy: 0.1105
19/98 [====>.........................] - ETA: 8s - loss: 2.2985 - accuracy: 0.1118
20/98 [=====>........................] - ETA: 8s - loss: 2.2982 - accuracy: 0.1132
21/98 [=====>........................] - ETA: 8s - loss: 2.2978 - accuracy: 0.1138
22/98 [=====>........................] - ETA: 8s - loss: 2.2976 - accuracy: 0.1139
23/98 [======>.......................] - ETA: 8s - loss: 2.2973 - accuracy: 0.1149
24/98 [======>.......................] - ETA: 8s - loss: 2.2969 - accuracy: 0.1159
25/98 [======>.......................] - ETA: 8s - loss: 2.2966 - accuracy: 0.1161
26/98 [======>.......................] - ETA: 8s - loss: 2.2964 - accuracy: 0.1149
27/98 [=======>......................] - ETA: 8s - loss: 2.2961 - accuracy: 0.1147
28/98 [=======>......................] - ETA: 7s - loss: 2.2955 - accuracy: 0.1152
29/98 [=======>......................] - ETA: 7s - loss: 2.2952 - accuracy: 0.1144
30/98 [========>.....................] - ETA: 7s - loss: 2.2947 - accuracy: 0.1157
31/98 [========>.....................] - ETA: 7s - loss: 2.2944 - accuracy: 0.1152
32/98 [========>.....................] - ETA: 7s - loss: 2.2940 - accuracy: 0.1153
33/98 [=========>....................] - ETA: 7s - loss: 2.2938 - accuracy: 0.1148
34/98 [=========>....................] - ETA: 7s - loss: 2.2935 - accuracy: 0.1143
35/98 [=========>....................] - ETA: 7s - loss: 2.2930 - accuracy: 0.1149
36/98 [==========>...................] - ETA: 7s - loss: 2.2926 - accuracy: 0.1151
37/98 [==========>...................] - ETA: 6s - loss: 2.2919 - accuracy: 0.1152
38/98 [==========>...................] - ETA: 6s - loss: 2.2916 - accuracy: 0.1152
39/98 [==========>...................] - ETA: 6s - loss: 2.2914 - accuracy: 0.1149
40/98 [===========>..................] - ETA: 6s - loss: 2.2909 - accuracy: 0.1157
41/98 [===========>..................] - ETA: 6s - loss: 2.2907 - accuracy: 0.1163
42/98 [===========>..................] - ETA: 6s - loss: 2.2902 - accuracy: 0.1168
43/98 [============>.................] - ETA: 6s - loss: 2.2896 - accuracy: 0.1175
44/98 [============>.................] - ETA: 6s - loss: 2.2892 - accuracy: 0.1184
45/98 [============>.................] - ETA: 5s - loss: 2.2888 - accuracy: 0.1184
46/98 [=============>................] - ETA: 5s - loss: 2.2882 - accuracy: 0.1191
47/98 [=============>................] - ETA: 5s - loss: 2.2878 - accuracy: 0.1195
48/98 [=============>................] - ETA: 5s - loss: 2.2871 - accuracy: 0.1206
49/98 [==============>...............] - ETA: 5s - loss: 2.2866 - accuracy: 0.1214
50/98 [==============>...............] - ETA: 5s - loss: 2.2861 - accuracy: 0.1227
51/98 [==============>...............] - ETA: 5s - loss: 2.2855 - accuracy: 0.1238
52/98 [==============>...............] - ETA: 5s - loss: 2.2850 - accuracy: 0.1247
53/98 [===============>..............] - ETA: 5s - loss: 2.2844 - accuracy: 0.1256
54/98 [===============>..............] - ETA: 4s - loss: 2.2837 - accuracy: 0.1267
55/98 [===============>..............] - ETA: 4s - loss: 2.2830 - accuracy: 0.1276
56/98 [================>.............] - ETA: 4s - loss: 2.2825 - accuracy: 0.1286
57/98 [================>.............] - ETA: 4s - loss: 2.2818 - accuracy: 0.1295
58/98 [================>.............] - ETA: 4s - loss: 2.2811 - accuracy: 0.1302
59/98 [=================>............] - ETA: 4s - loss: 2.2804 - accuracy: 0.1309
60/98 [=================>............] - ETA: 4s - loss: 2.2796 - accuracy: 0.1320
61/98 [=================>............] - ETA: 4s - loss: 2.2787 - accuracy: 0.1333
62/98 [=================>............] - ETA: 4s - loss: 2.2779 - accuracy: 0.1341
63/98 [==================>...........] - ETA: 3s - loss: 2.2771 - accuracy: 0.1350
64/98 [==================>...........] - ETA: 3s - loss: 2.2764 - accuracy: 0.1356
65/98 [==================>...........] - ETA: 3s - loss: 2.2757 - accuracy: 0.1359
66/98 [===================>..........] - ETA: 3s - loss: 2.2750 - accuracy: 0.1367
67/98 [===================>..........] - ETA: 3s - loss: 2.2741 - accuracy: 0.1375
68/98 [===================>..........] - ETA: 3s - loss: 2.2732 - accuracy: 0.1386
69/98 [====================>.........] - ETA: 3s - loss: 2.2721 - accuracy: 0.1397
70/98 [====================>.........] - ETA: 3s - loss: 2.2713 - accuracy: 0.1403
71/98 [====================>.........] - ETA: 3s - loss: 2.2705 - accuracy: 0.1411
72/98 [=====================>........] - ETA: 2s - loss: 2.2696 - accuracy: 0.1419
73/98 [=====================>........] - ETA: 2s - loss: 2.2689 - accuracy: 0.1427
74/98 [=====================>........] - ETA: 2s - loss: 2.2679 - accuracy: 0.1434
75/98 [=====================>........] - ETA: 2s - loss: 2.2669 - accuracy: 0.1442
76/98 [======================>.......] - ETA: 3s - loss: 2.2663 - accuracy: 0.1447
77/98 [======================>.......] - ETA: 2s - loss: 2.2653 - accuracy: 0.1455
78/98 [======================>.......] - ETA: 2s - loss: 2.2642 - accuracy: 0.1463
79/98 [=======================>......] - ETA: 2s - loss: 2.2632 - accuracy: 0.1472
80/98 [=======================>......] - ETA: 2s - loss: 2.2621 - accuracy: 0.1482
81/98 [=======================>......] - ETA: 2s - loss: 2.2610 - accuracy: 0.1489
82/98 [========================>.....] - ETA: 2s - loss: 2.2599 - accuracy: 0.1499
83/98 [========================>.....] - ETA: 2s - loss: 2.2588 - accuracy: 0.1504
84/98 [========================>.....] - ETA: 1s - loss: 2.2576 - accuracy: 0.1513
85/98 [=========================>....] - ETA: 1s - loss: 2.2562 - accuracy: 0.1524
86/98 [=========================>....] - ETA: 1s - loss: 2.2548 - accuracy: 0.1532
87/98 [=========================>....] - ETA: 1s - loss: 2.2535 - accuracy: 0.1539
88/98 [=========================>....] - ETA: 1s - loss: 2.2521 - accuracy: 0.1549
89/98 [==========================>...] - ETA: 1s - loss: 2.2509 - accuracy: 0.1554
90/98 [==========================>...] - ETA: 1s - loss: 2.2494 - accuracy: 0.1558
91/98 [==========================>...] - ETA: 0s - loss: 2.2477 - accuracy: 0.1564
92/98 [===========================>..] - ETA: 0s - loss: 2.2464 - accuracy: 0.1569
93/98 [===========================>..] - ETA: 0s - loss: 2.2449 - accuracy: 0.1578
94/98 [===========================>..] - ETA: 0s - loss: 2.2434 - accuracy: 0.1587
95/98 [============================>.] - ETA: 0s - loss: 2.2419 - accuracy: 0.1593
96/98 [============================>.] - ETA: 0s - loss: 2.2403 - accuracy: 0.1606
97/98 [============================>.] - ETA: 0s - loss: 2.2388 - accuracy: 0.1617
98/98 [==============================] - ETA: 0s - loss: 2.2372 - accuracy: 0.1627
98/98 [==============================] - 21s 150ms/step - loss: 2.2372 - accuracy: 0.1627 - val_loss: 2.0876 - val_accuracy: 0.2475
Epoch 2/207

 1/98 [..............................] - ETA: 12s - loss: 2.1010 - accuracy: 0.2305
 2/98 [..............................] - ETA: 10s - loss: 2.0916 - accuracy: 0.2334
 3/98 [..............................] - ETA: 11s - loss: 2.0873 - accuracy: 0.2383
 4/98 [>.............................] - ETA: 10s - loss: 2.0857 - accuracy: 0.2363
 5/98 [>.............................] - ETA: 10s - loss: 2.0779 - accuracy: 0.2414
 6/98 [>.............................] - ETA: 10s - loss: 2.0723 - accuracy: 0.2415
 7/98 [=>............................] - ETA: 10s - loss: 2.0706 - accuracy: 0.2383
 8/98 [=>............................] - ETA: 10s - loss: 2.0675 - accuracy: 0.2390
 9/98 [=>............................] - ETA: 10s - loss: 2.0661 - accuracy: 0.2402
10/98 [==>...........................] - ETA: 10s - loss: 2.0651 - accuracy: 0.2410
11/98 [==>...........................] - ETA: 9s - loss: 2.0673 - accuracy: 0.2429 
12/98 [==>...........................] - ETA: 9s - loss: 2.0628 - accuracy: 0.2477
13/98 [==>...........................] - ETA: 9s - loss: 2.0586 - accuracy: 0.2492
14/98 [===>..........................] - ETA: 9s - loss: 2.0584 - accuracy: 0.2508
15/98 [===>..........................] - ETA: 9s - loss: 2.0560 - accuracy: 0.2525
16/98 [===>..........................] - ETA: 9s - loss: 2.0556 - accuracy: 0.2520
17/98 [====>.........................] - ETA: 9s - loss: 2.0525 - accuracy: 0.2530
18/98 [====>.........................] - ETA: 9s - loss: 2.0521 - accuracy: 0.2538
19/98 [====>.........................] - ETA: 8s - loss: 2.0504 - accuracy: 0.2559
20/98 [=====>........................] - ETA: 8s - loss: 2.0473 - accuracy: 0.2580
21/98 [=====>........................] - ETA: 8s - loss: 2.0467 - accuracy: 0.2576
22/98 [=====>........................] - ETA: 8s - loss: 2.0461 - accuracy: 0.2581
23/98 [======>.......................] - ETA: 8s - loss: 2.0450 - accuracy: 0.2592
24/98 [======>.......................] - ETA: 8s - loss: 2.0428 - accuracy: 0.2603
25/98 [======>.......................] - ETA: 8s - loss: 2.0407 - accuracy: 0.2614
26/98 [======>.......................] - ETA: 8s - loss: 2.0398 - accuracy: 0.2625
27/98 [=======>......................] - ETA: 7s - loss: 2.0393 - accuracy: 0.2624
28/98 [=======>......................] - ETA: 7s - loss: 2.0371 - accuracy: 0.2637
29/98 [=======>......................] - ETA: 7s - loss: 2.0357 - accuracy: 0.2633
30/98 [========>.....................] - ETA: 7s - loss: 2.0349 - accuracy: 0.2632
31/98 [========>.....................] - ETA: 7s - loss: 2.0339 - accuracy: 0.2640
32/98 [========>.....................] - ETA: 7s - loss: 2.0339 - accuracy: 0.2639
33/98 [=========>....................] - ETA: 7s - loss: 2.0339 - accuracy: 0.2633
34/98 [=========>....................] - ETA: 7s - loss: 2.0333 - accuracy: 0.2642
35/98 [=========>....................] - ETA: 7s - loss: 2.0318 - accuracy: 0.2650
36/98 [==========>...................] - ETA: 6s - loss: 2.0313 - accuracy: 0.2658
37/98 [==========>...................] - ETA: 6s - loss: 2.0298 - accuracy: 0.2657
38/98 [==========>...................] - ETA: 6s - loss: 2.0287 - accuracy: 0.2664
39/98 [==========>...................] - ETA: 6s - loss: 2.0275 - accuracy: 0.2667
40/98 [===========>..................] - ETA: 6s - loss: 2.0268 - accuracy: 0.2670
41/98 [===========>..................] - ETA: 6s - loss: 2.0267 - accuracy: 0.2674
42/98 [===========>..................] - ETA: 6s - loss: 2.0248 - accuracy: 0.2680
43/98 [============>.................] - ETA: 6s - loss: 2.0245 - accuracy: 0.2681
44/98 [============>.................] - ETA: 5s - loss: 2.0233 - accuracy: 0.2687
45/98 [============>.................] - ETA: 5s - loss: 2.0231 - accuracy: 0.2680
46/98 [=============>................] - ETA: 5s - loss: 2.0236 - accuracy: 0.2673
47/98 [=============>................] - ETA: 5s - loss: 2.0214 - accuracy: 0.2687
48/98 [=============>................] - ETA: 5s - loss: 2.0212 - accuracy: 0.2693
49/98 [==============>...............] - ETA: 5s - loss: 2.0190 - accuracy: 0.2704
50/98 [==============>...............] - ETA: 5s - loss: 2.0184 - accuracy: 0.2706
51/98 [==============>...............] - ETA: 5s - loss: 2.0175 - accuracy: 0.2709
52/98 [==============>...............] - ETA: 5s - loss: 2.0170 - accuracy: 0.2704
53/98 [===============>..............] - ETA: 4s - loss: 2.0162 - accuracy: 0.2707
54/98 [===============>..............] - ETA: 4s - loss: 2.0156 - accuracy: 0.2705
55/98 [===============>..............] - ETA: 4s - loss: 2.0149 - accuracy: 0.2712
56/98 [================>.............] - ETA: 4s - loss: 2.0140 - accuracy: 0.2712
57/98 [================>.............] - ETA: 4s - loss: 2.0134 - accuracy: 0.2710
58/98 [================>.............] - ETA: 4s - loss: 2.0131 - accuracy: 0.2716
59/98 [=================>............] - ETA: 4s - loss: 2.0126 - accuracy: 0.2719
60/98 [=================>............] - ETA: 4s - loss: 2.0126 - accuracy: 0.2718
61/98 [=================>............] - ETA: 4s - loss: 2.0116 - accuracy: 0.2718
62/98 [=================>............] - ETA: 4s - loss: 2.0113 - accuracy: 0.2720
63/98 [==================>...........] - ETA: 3s - loss: 2.0113 - accuracy: 0.2723
64/98 [==================>...........] - ETA: 3s - loss: 2.0101 - accuracy: 0.2730
65/98 [==================>...........] - ETA: 3s - loss: 2.0090 - accuracy: 0.2737
66/98 [===================>..........] - ETA: 3s - loss: 2.0082 - accuracy: 0.2737
67/98 [===================>..........] - ETA: 3s - loss: 2.0086 - accuracy: 0.2735
68/98 [===================>..........] - ETA: 3s - loss: 2.0077 - accuracy: 0.2738
69/98 [====================>.........] - ETA: 3s - loss: 2.0069 - accuracy: 0.2742
70/98 [====================>.........] - ETA: 3s - loss: 2.0063 - accuracy: 0.2743
71/98 [====================>.........] - ETA: 3s - loss: 2.0055 - accuracy: 0.2745
72/98 [=====================>........] - ETA: 2s - loss: 2.0049 - accuracy: 0.2746
73/98 [=====================>........] - ETA: 2s - loss: 2.0041 - accuracy: 0.2751
74/98 [=====================>........] - ETA: 2s - loss: 2.0035 - accuracy: 0.2750
75/98 [=====================>........] - ETA: 2s - loss: 2.0025 - accuracy: 0.2754
76/98 [======================>.......] - ETA: 2s - loss: 2.0023 - accuracy: 0.2758
77/98 [======================>.......] - ETA: 2s - loss: 2.0016 - accuracy: 0.2763
78/98 [======================>.......] - ETA: 2s - loss: 2.0008 - accuracy: 0.2767
79/98 [=======================>......] - ETA: 2s - loss: 2.0006 - accuracy: 0.2768
80/98 [=======================>......] - ETA: 2s - loss: 1.9996 - accuracy: 0.2770
81/98 [=======================>......] - ETA: 1s - loss: 1.9988 - accuracy: 0.2772
82/98 [========================>.....] - ETA: 1s - loss: 1.9978 - accuracy: 0.2774
83/98 [========================>.....] - ETA: 1s - loss: 1.9970 - accuracy: 0.2775
84/98 [========================>.....] - ETA: 1s - loss: 1.9966 - accuracy: 0.2777
85/98 [=========================>....] - ETA: 1s - loss: 1.9957 - accuracy: 0.2778
86/98 [=========================>....] - ETA: 1s - loss: 1.9956 - accuracy: 0.2781
87/98 [=========================>....] - ETA: 1s - loss: 1.9952 - accuracy: 0.2784
88/98 [=========================>....] - ETA: 1s - loss: 1.9946 - accuracy: 0.2785
89/98 [==========================>...] - ETA: 1s - loss: 1.9937 - accuracy: 0.2790
90/98 [==========================>...] - ETA: 0s - loss: 1.9931 - accuracy: 0.2793
91/98 [==========================>...] - ETA: 0s - loss: 1.9922 - accuracy: 0.2794
92/98 [===========================>..] - ETA: 0s - loss: 1.9922 - accuracy: 0.2796
93/98 [===========================>..] - ETA: 0s - loss: 1.9918 - accuracy: 0.2798
94/98 [===========================>..] - ETA: 0s - loss: 1.9914 - accuracy: 0.2799
95/98 [============================>.] - ETA: 0s - loss: 1.9906 - accuracy: 0.2803
96/98 [============================>.] - ETA: 0s - loss: 1.9907 - accuracy: 0.2804
97/98 [============================>.] - ETA: 0s - loss: 1.9902 - accuracy: 0.2808
98/98 [==============================] - ETA: 0s - loss: 1.9893 - accuracy: 0.2813
98/98 [==============================] - 12s 122ms/step - loss: 1.9893 - accuracy: 0.2813 - val_loss: 1.9320 - val_accuracy: 0.3141
Epoch 3/207

 1/98 [..............................] - ETA: 12s - loss: 1.8905 - accuracy: 0.3281
 2/98 [..............................] - ETA: 10s - loss: 1.9137 - accuracy: 0.3174
 3/98 [..............................] - ETA: 11s - loss: 1.9239 - accuracy: 0.3112
 4/98 [>.............................] - ETA: 10s - loss: 1.9342 - accuracy: 0.3140
 5/98 [>.............................] - ETA: 10s - loss: 1.9328 - accuracy: 0.3121
 6/98 [>.............................] - ETA: 10s - loss: 1.9272 - accuracy: 0.3125
 7/98 [=>............................] - ETA: 10s - loss: 1.9293 - accuracy: 0.3133
 8/98 [=>............................] - ETA: 10s - loss: 1.9311 - accuracy: 0.3091
 9/98 [=>............................] - ETA: 10s - loss: 1.9284 - accuracy: 0.3101
10/98 [==>...........................] - ETA: 10s - loss: 1.9322 - accuracy: 0.3113
11/98 [==>...........................] - ETA: 9s - loss: 1.9323 - accuracy: 0.3109 
12/98 [==>...........................] - ETA: 9s - loss: 1.9297 - accuracy: 0.3122
13/98 [==>...........................] - ETA: 9s - loss: 1.9281 - accuracy: 0.3113
14/98 [===>..........................] - ETA: 9s - loss: 1.9312 - accuracy: 0.3090
15/98 [===>..........................] - ETA: 9s - loss: 1.9338 - accuracy: 0.3073
16/98 [===>..........................] - ETA: 9s - loss: 1.9321 - accuracy: 0.3083
17/98 [====>.........................] - ETA: 9s - loss: 1.9312 - accuracy: 0.3086
18/98 [====>.........................] - ETA: 9s - loss: 1.9355 - accuracy: 0.3052
19/98 [====>.........................] - ETA: 8s - loss: 1.9353 - accuracy: 0.3044
20/98 [=====>........................] - ETA: 8s - loss: 1.9349 - accuracy: 0.3032
21/98 [=====>........................] - ETA: 8s - loss: 1.9343 - accuracy: 0.3037
22/98 [=====>........................] - ETA: 8s - loss: 1.9314 - accuracy: 0.3050
23/98 [======>.......................] - ETA: 8s - loss: 1.9296 - accuracy: 0.3058
24/98 [======>.......................] - ETA: 8s - loss: 1.9299 - accuracy: 0.3060
25/98 [======>.......................] - ETA: 8s - loss: 1.9292 - accuracy: 0.3058
26/98 [======>.......................] - ETA: 8s - loss: 1.9290 - accuracy: 0.3064
27/98 [=======>......................] - ETA: 8s - loss: 1.9298 - accuracy: 0.3069
28/98 [=======>......................] - ETA: 7s - loss: 1.9289 - accuracy: 0.3070
29/98 [=======>......................] - ETA: 7s - loss: 1.9300 - accuracy: 0.3068
30/98 [========>.....................] - ETA: 7s - loss: 1.9286 - accuracy: 0.3073
31/98 [========>.....................] - ETA: 7s - loss: 1.9272 - accuracy: 0.3078
32/98 [========>.....................] - ETA: 7s - loss: 1.9266 - accuracy: 0.3083
33/98 [=========>....................] - ETA: 7s - loss: 1.9254 - accuracy: 0.3089
34/98 [=========>....................] - ETA: 7s - loss: 1.9255 - accuracy: 0.3089
35/98 [=========>....................] - ETA: 7s - loss: 1.9242 - accuracy: 0.3094
36/98 [==========>...................] - ETA: 7s - loss: 1.9245 - accuracy: 0.3092
37/98 [==========>...................] - ETA: 6s - loss: 1.9234 - accuracy: 0.3101
38/98 [==========>...................] - ETA: 6s - loss: 1.9220 - accuracy: 0.3103
39/98 [==========>...................] - ETA: 6s - loss: 1.9205 - accuracy: 0.3106
40/98 [===========>..................] - ETA: 6s - loss: 1.9197 - accuracy: 0.3110
41/98 [===========>..................] - ETA: 6s - loss: 1.9198 - accuracy: 0.3110
42/98 [===========>..................] - ETA: 6s - loss: 1.9186 - accuracy: 0.3114
43/98 [============>.................] - ETA: 6s - loss: 1.9182 - accuracy: 0.3117
44/98 [============>.................] - ETA: 6s - loss: 1.9190 - accuracy: 0.3118
45/98 [============>.................] - ETA: 5s - loss: 1.9180 - accuracy: 0.3124
46/98 [=============>................] - ETA: 5s - loss: 1.9168 - accuracy: 0.3124
47/98 [=============>................] - ETA: 5s - loss: 1.9168 - accuracy: 0.3130
48/98 [=============>................] - ETA: 5s - loss: 1.9165 - accuracy: 0.3132
49/98 [==============>...............] - ETA: 5s - loss: 1.9165 - accuracy: 0.3134
50/98 [==============>...............] - ETA: 5s - loss: 1.9159 - accuracy: 0.3138
51/98 [==============>...............] - ETA: 5s - loss: 1.9144 - accuracy: 0.3145
52/98 [==============>...............] - ETA: 5s - loss: 1.9131 - accuracy: 0.3151
53/98 [===============>..............] - ETA: 5s - loss: 1.9126 - accuracy: 0.3147
54/98 [===============>..............] - ETA: 4s - loss: 1.9114 - accuracy: 0.3154
55/98 [===============>..............] - ETA: 4s - loss: 1.9116 - accuracy: 0.3155
56/98 [================>.............] - ETA: 4s - loss: 1.9111 - accuracy: 0.3151
57/98 [================>.............] - ETA: 4s - loss: 1.9101 - accuracy: 0.3155
58/98 [================>.............] - ETA: 4s - loss: 1.9089 - accuracy: 0.3161
59/98 [=================>............] - ETA: 4s - loss: 1.9075 - accuracy: 0.3168
60/98 [=================>............] - ETA: 4s - loss: 1.9064 - accuracy: 0.3169
61/98 [=================>............] - ETA: 4s - loss: 1.9064 - accuracy: 0.3175
62/98 [=================>............] - ETA: 4s - loss: 1.9057 - accuracy: 0.3175
63/98 [==================>...........] - ETA: 3s - loss: 1.9042 - accuracy: 0.3182
64/98 [==================>...........] - ETA: 3s - loss: 1.9036 - accuracy: 0.3183
65/98 [==================>...........] - ETA: 3s - loss: 1.9032 - accuracy: 0.3186
66/98 [===================>..........] - ETA: 3s - loss: 1.9027 - accuracy: 0.3188
67/98 [===================>..........] - ETA: 3s - loss: 1.9023 - accuracy: 0.3191
68/98 [===================>..........] - ETA: 3s - loss: 1.9021 - accuracy: 0.3191
69/98 [====================>.........] - ETA: 3s - loss: 1.9016 - accuracy: 0.3194
70/98 [====================>.........] - ETA: 3s - loss: 1.9012 - accuracy: 0.3196
71/98 [====================>.........] - ETA: 3s - loss: 1.9007 - accuracy: 0.3196
72/98 [=====================>........] - ETA: 2s - loss: 1.9004 - accuracy: 0.3199
73/98 [=====================>........] - ETA: 2s - loss: 1.8999 - accuracy: 0.3202
74/98 [=====================>........] - ETA: 2s - loss: 1.8995 - accuracy: 0.3204
75/98 [=====================>........] - ETA: 2s - loss: 1.8986 - accuracy: 0.3209
76/98 [======================>.......] - ETA: 2s - loss: 1.8984 - accuracy: 0.3212
77/98 [======================>.......] - ETA: 2s - loss: 1.8975 - accuracy: 0.3216
78/98 [======================>.......] - ETA: 2s - loss: 1.8970 - accuracy: 0.3219
79/98 [=======================>......] - ETA: 2s - loss: 1.8966 - accuracy: 0.3217
80/98 [=======================>......] - ETA: 2s - loss: 1.8966 - accuracy: 0.3216
81/98 [=======================>......] - ETA: 1s - loss: 1.8962 - accuracy: 0.3218
82/98 [========================>.....] - ETA: 1s - loss: 1.8960 - accuracy: 0.3221
83/98 [========================>.....] - ETA: 1s - loss: 1.8956 - accuracy: 0.3224
84/98 [========================>.....] - ETA: 1s - loss: 1.8944 - accuracy: 0.3229
85/98 [=========================>....] - ETA: 1s - loss: 1.8940 - accuracy: 0.3231
86/98 [=========================>....] - ETA: 1s - loss: 1.8931 - accuracy: 0.3237
87/98 [=========================>....] - ETA: 1s - loss: 1.8925 - accuracy: 0.3239
88/98 [=========================>....] - ETA: 1s - loss: 1.8921 - accuracy: 0.3238
89/98 [==========================>...] - ETA: 1s - loss: 1.8917 - accuracy: 0.3240
90/98 [==========================>...] - ETA: 0s - loss: 1.8906 - accuracy: 0.3243
91/98 [==========================>...] - ETA: 0s - loss: 1.8905 - accuracy: 0.3242
92/98 [===========================>..] - ETA: 0s - loss: 1.8901 - accuracy: 0.3244
93/98 [===========================>..] - ETA: 0s - loss: 1.8896 - accuracy: 0.3247
94/98 [===========================>..] - ETA: 0s - loss: 1.8890 - accuracy: 0.3248
95/98 [============================>.] - ETA: 0s - loss: 1.8883 - accuracy: 0.3253
96/98 [============================>.] - ETA: 0s - loss: 1.8878 - accuracy: 0.3253
97/98 [============================>.] - ETA: 0s - loss: 1.8876 - accuracy: 0.3253
98/98 [==============================] - ETA: 0s - loss: 1.8871 - accuracy: 0.3256
98/98 [==============================] - 12s 121ms/step - loss: 1.8871 - accuracy: 0.3256 - val_loss: 1.8256 - val_accuracy: 0.3621
Epoch 4/207

 1/98 [..............................] - ETA: 12s - loss: 1.8320 - accuracy: 0.3672
 2/98 [..............................] - ETA: 11s - loss: 1.8390 - accuracy: 0.3672
 3/98 [..............................] - ETA: 11s - loss: 1.8403 - accuracy: 0.3633
 4/98 [>.............................] - ETA: 10s - loss: 1.8419 - accuracy: 0.3545
 5/98 [>.............................] - ETA: 10s - loss: 1.8342 - accuracy: 0.3539
 6/98 [>.............................] - ETA: 10s - loss: 1.8243 - accuracy: 0.3529
 7/98 [=>............................] - ETA: 10s - loss: 1.8289 - accuracy: 0.3507
 8/98 [=>............................] - ETA: 10s - loss: 1.8243 - accuracy: 0.3540
 9/98 [=>............................] - ETA: 10s - loss: 1.8250 - accuracy: 0.3516
10/98 [==>...........................] - ETA: 10s - loss: 1.8210 - accuracy: 0.3551
11/98 [==>...........................] - ETA: 9s - loss: 1.8193 - accuracy: 0.3523 
12/98 [==>...........................] - ETA: 9s - loss: 1.8192 - accuracy: 0.3496
13/98 [==>...........................] - ETA: 9s - loss: 1.8244 - accuracy: 0.3475
14/98 [===>..........................] - ETA: 9s - loss: 1.8253 - accuracy: 0.3467
15/98 [===>..........................] - ETA: 9s - loss: 1.8243 - accuracy: 0.3470
16/98 [===>..........................] - ETA: 9s - loss: 1.8232 - accuracy: 0.3469
17/98 [====>.........................] - ETA: 9s - loss: 1.8238 - accuracy: 0.3487
18/98 [====>.........................] - ETA: 9s - loss: 1.8244 - accuracy: 0.3492
19/98 [====>.........................] - ETA: 9s - loss: 1.8239 - accuracy: 0.3488
20/98 [=====>........................] - ETA: 8s - loss: 1.8243 - accuracy: 0.3490
21/98 [=====>........................] - ETA: 8s - loss: 1.8225 - accuracy: 0.3507
22/98 [=====>........................] - ETA: 8s - loss: 1.8196 - accuracy: 0.3517
23/98 [======>.......................] - ETA: 8s - loss: 1.8189 - accuracy: 0.3516
24/98 [======>.......................] - ETA: 8s - loss: 1.8162 - accuracy: 0.3525
25/98 [======>.......................] - ETA: 8s - loss: 1.8177 - accuracy: 0.3519
26/98 [======>.......................] - ETA: 8s - loss: 1.8169 - accuracy: 0.3530
27/98 [=======>......................] - ETA: 8s - loss: 1.8190 - accuracy: 0.3527
28/98 [=======>......................] - ETA: 7s - loss: 1.8196 - accuracy: 0.3528
29/98 [=======>......................] - ETA: 7s - loss: 1.8163 - accuracy: 0.3544
30/98 [========>.....................] - ETA: 7s - loss: 1.8157 - accuracy: 0.3548
31/98 [========>.....................] - ETA: 7s - loss: 1.8152 - accuracy: 0.3550
32/98 [========>.....................] - ETA: 7s - loss: 1.8146 - accuracy: 0.3556
33/98 [=========>....................] - ETA: 7s - loss: 1.8127 - accuracy: 0.3562
34/98 [=========>....................] - ETA: 7s - loss: 1.8120 - accuracy: 0.3552
35/98 [=========>....................] - ETA: 7s - loss: 1.8115 - accuracy: 0.3544
36/98 [==========>...................] - ETA: 7s - loss: 1.8106 - accuracy: 0.3547
37/98 [==========>...................] - ETA: 6s - loss: 1.8094 - accuracy: 0.3547
38/98 [==========>...................] - ETA: 6s - loss: 1.8083 - accuracy: 0.3554
39/98 [==========>...................] - ETA: 6s - loss: 1.8073 - accuracy: 0.3559
40/98 [===========>..................] - ETA: 6s - loss: 1.8073 - accuracy: 0.3560
41/98 [===========>..................] - ETA: 6s - loss: 1.8065 - accuracy: 0.3559
42/98 [===========>..................] - ETA: 6s - loss: 1.8078 - accuracy: 0.3559
43/98 [============>.................] - ETA: 6s - loss: 1.8079 - accuracy: 0.3554
44/98 [============>.................] - ETA: 6s - loss: 1.8086 - accuracy: 0.3550
45/98 [============>.................] - ETA: 6s - loss: 1.8096 - accuracy: 0.3555
46/98 [=============>................] - ETA: 5s - loss: 1.8106 - accuracy: 0.3548
47/98 [=============>................] - ETA: 5s - loss: 1.8106 - accuracy: 0.3552
48/98 [=============>................] - ETA: 5s - loss: 1.8097 - accuracy: 0.3552
49/98 [==============>...............] - ETA: 5s - loss: 1.8078 - accuracy: 0.3562
50/98 [==============>...............] - ETA: 5s - loss: 1.8079 - accuracy: 0.3558
51/98 [==============>...............] - ETA: 5s - loss: 1.8071 - accuracy: 0.3562
52/98 [==============>...............] - ETA: 5s - loss: 1.8073 - accuracy: 0.3566
53/98 [===============>..............] - ETA: 5s - loss: 1.8066 - accuracy: 0.3573
54/98 [===============>..............] - ETA: 4s - loss: 1.8055 - accuracy: 0.3578
55/98 [===============>..............] - ETA: 4s - loss: 1.8039 - accuracy: 0.3585
56/98 [================>.............] - ETA: 4s - loss: 1.8030 - accuracy: 0.3587
57/98 [================>.............] - ETA: 4s - loss: 1.8044 - accuracy: 0.3580
58/98 [================>.............] - ETA: 4s - loss: 1.8048 - accuracy: 0.3578
59/98 [=================>............] - ETA: 4s - loss: 1.8038 - accuracy: 0.3588
60/98 [=================>............] - ETA: 4s - loss: 1.8037 - accuracy: 0.3588
61/98 [=================>............] - ETA: 4s - loss: 1.8034 - accuracy: 0.3586
62/98 [=================>............] - ETA: 4s - loss: 1.8032 - accuracy: 0.3588
63/98 [==================>...........] - ETA: 3s - loss: 1.8028 - accuracy: 0.3588
64/98 [==================>...........] - ETA: 3s - loss: 1.8032 - accuracy: 0.3586
65/98 [==================>...........] - ETA: 3s - loss: 1.8023 - accuracy: 0.3594
66/98 [===================>..........] - ETA: 3s - loss: 1.8022 - accuracy: 0.3596
67/98 [===================>..........] - ETA: 3s - loss: 1.8015 - accuracy: 0.3596
68/98 [===================>..........] - ETA: 3s - loss: 1.8005 - accuracy: 0.3599
69/98 [====================>.........] - ETA: 3s - loss: 1.8001 - accuracy: 0.3602
70/98 [====================>.........] - ETA: 3s - loss: 1.8000 - accuracy: 0.3604
71/98 [====================>.........] - ETA: 3s - loss: 1.7992 - accuracy: 0.3610
72/98 [=====================>........] - ETA: 2s - loss: 1.7985 - accuracy: 0.3615
73/98 [=====================>........] - ETA: 2s - loss: 1.7984 - accuracy: 0.3613
74/98 [=====================>........] - ETA: 2s - loss: 1.7985 - accuracy: 0.3610
75/98 [=====================>........] - ETA: 2s - loss: 1.7978 - accuracy: 0.3612
76/98 [======================>.......] - ETA: 2s - loss: 1.7978 - accuracy: 0.3612
77/98 [======================>.......] - ETA: 2s - loss: 1.7978 - accuracy: 0.3614
78/98 [======================>.......] - ETA: 2s - loss: 1.7972 - accuracy: 0.3615
79/98 [=======================>......] - ETA: 2s - loss: 1.7970 - accuracy: 0.3612
80/98 [=======================>......] - ETA: 2s - loss: 1.7964 - accuracy: 0.3615
81/98 [=======================>......] - ETA: 1s - loss: 1.7964 - accuracy: 0.3612
82/98 [========================>.....] - ETA: 1s - loss: 1.7959 - accuracy: 0.3616
83/98 [========================>.....] - ETA: 1s - loss: 1.7962 - accuracy: 0.3615
84/98 [========================>.....] - ETA: 1s - loss: 1.7955 - accuracy: 0.3617
85/98 [=========================>....] - ETA: 1s - loss: 1.7953 - accuracy: 0.3615
86/98 [=========================>....] - ETA: 1s - loss: 1.7953 - accuracy: 0.3611
87/98 [=========================>....] - ETA: 1s - loss: 1.7951 - accuracy: 0.3608
88/98 [=========================>....] - ETA: 1s - loss: 1.7947 - accuracy: 0.3607
89/98 [==========================>...] - ETA: 1s - loss: 1.7937 - accuracy: 0.3612
90/98 [==========================>...] - ETA: 0s - loss: 1.7936 - accuracy: 0.3612
91/98 [==========================>...] - ETA: 0s - loss: 1.7935 - accuracy: 0.3611
92/98 [===========================>..] - ETA: 0s - loss: 1.7938 - accuracy: 0.3611
93/98 [===========================>..] - ETA: 0s - loss: 1.7929 - accuracy: 0.3615
94/98 [===========================>..] - ETA: 0s - loss: 1.7927 - accuracy: 0.3616
95/98 [============================>.] - ETA: 0s - loss: 1.7925 - accuracy: 0.3618
96/98 [============================>.] - ETA: 0s - loss: 1.7920 - accuracy: 0.3621
97/98 [============================>.] - ETA: 0s - loss: 1.7920 - accuracy: 0.3619
98/98 [==============================] - ETA: 0s - loss: 1.7912 - accuracy: 0.3625
98/98 [==============================] - 12s 122ms/step - loss: 1.7912 - accuracy: 0.3625 - val_loss: 1.7436 - val_accuracy: 0.3915
Epoch 5/207

 1/98 [..............................] - ETA: 13s - loss: 1.7908 - accuracy: 0.3691
 2/98 [..............................] - ETA: 10s - loss: 1.7742 - accuracy: 0.3896
 3/98 [..............................] - ETA: 10s - loss: 1.7595 - accuracy: 0.3926
 4/98 [>.............................] - ETA: 10s - loss: 1.7533 - accuracy: 0.3921
 5/98 [>.............................] - ETA: 10s - loss: 1.7545 - accuracy: 0.3930
 6/98 [>.............................] - ETA: 10s - loss: 1.7632 - accuracy: 0.3887
 7/98 [=>............................] - ETA: 10s - loss: 1.7629 - accuracy: 0.3856
 8/98 [=>............................] - ETA: 10s - loss: 1.7601 - accuracy: 0.3826
 9/98 [=>............................] - ETA: 10s - loss: 1.7633 - accuracy: 0.3778
10/98 [==>...........................] - ETA: 9s - loss: 1.7618 - accuracy: 0.3801 
11/98 [==>...........................] - ETA: 9s - loss: 1.7642 - accuracy: 0.3794
12/98 [==>...........................] - ETA: 9s - loss: 1.7674 - accuracy: 0.3779
13/98 [==>...........................] - ETA: 9s - loss: 1.7611 - accuracy: 0.3822
14/98 [===>..........................] - ETA: 9s - loss: 1.7606 - accuracy: 0.3823
15/98 [===>..........................] - ETA: 9s - loss: 1.7596 - accuracy: 0.3826
16/98 [===>..........................] - ETA: 9s - loss: 1.7601 - accuracy: 0.3822
17/98 [====>.........................] - ETA: 9s - loss: 1.7576 - accuracy: 0.3835
18/98 [====>.........................] - ETA: 9s - loss: 1.7580 - accuracy: 0.3827
19/98 [====>.........................] - ETA: 8s - loss: 1.7578 - accuracy: 0.3817
20/98 [=====>........................] - ETA: 8s - loss: 1.7577 - accuracy: 0.3804
21/98 [=====>........................] - ETA: 8s - loss: 1.7561 - accuracy: 0.3798
22/98 [=====>........................] - ETA: 8s - loss: 1.7576 - accuracy: 0.3781
23/98 [======>.......................] - ETA: 8s - loss: 1.7567 - accuracy: 0.3777
24/98 [======>.......................] - ETA: 8s - loss: 1.7563 - accuracy: 0.3778
25/98 [======>.......................] - ETA: 8s - loss: 1.7556 - accuracy: 0.3782
26/98 [======>.......................] - ETA: 8s - loss: 1.7544 - accuracy: 0.3794
27/98 [=======>......................] - ETA: 8s - loss: 1.7557 - accuracy: 0.3784
28/98 [=======>......................] - ETA: 7s - loss: 1.7558 - accuracy: 0.3774
29/98 [=======>......................] - ETA: 7s - loss: 1.7564 - accuracy: 0.3778
30/98 [========>.....................] - ETA: 7s - loss: 1.7562 - accuracy: 0.3784
31/98 [========>.....................] - ETA: 7s - loss: 1.7544 - accuracy: 0.3788
32/98 [========>.....................] - ETA: 7s - loss: 1.7544 - accuracy: 0.3790
33/98 [=========>....................] - ETA: 7s - loss: 1.7528 - accuracy: 0.3794
34/98 [=========>....................] - ETA: 7s - loss: 1.7517 - accuracy: 0.3802
35/98 [=========>....................] - ETA: 7s - loss: 1.7520 - accuracy: 0.3806
36/98 [==========>...................] - ETA: 7s - loss: 1.7526 - accuracy: 0.3803
37/98 [==========>...................] - ETA: 6s - loss: 1.7515 - accuracy: 0.3802
38/98 [==========>...................] - ETA: 6s - loss: 1.7514 - accuracy: 0.3794
39/98 [==========>...................] - ETA: 6s - loss: 1.7521 - accuracy: 0.3791
40/98 [===========>..................] - ETA: 6s - loss: 1.7505 - accuracy: 0.3795
