2024-07-26 01:28:23.413154: I tensorflow/core/platform/cpu_feature_guard.cc:193] This TensorFlow binary is optimized with oneAPI Deep Neural Network Library (oneDNN) to use the following CPU instructions in performance-critical operations:  AVX AVX2
To enable them in other operations, rebuild TensorFlow with the appropriate compiler flags.
2024-07-26 01:28:24.332722: I tensorflow/core/common_runtime/gpu/gpu_device.cc:1616] Created device /job:localhost/replica:0/task:0/device:GPU:0 with 6656 MB memory:  -> device: 0, name: NVIDIA GeForce RTX 4060 Ti, pci bus id: 0000:01:00.0, compute capability: 8.9
1 Physical GPUs, 1 Logical GPUs
Model: "sequential"
_________________________________________________________________
 Layer (type)                Output Shape              Param #   
=================================================================
 conv2d (Conv2D)             (None, 32, 32, 32)        896       
                                                                 
 batch_normalization (BatchN  (None, 32, 32, 32)       128       
 ormalization)                                                   
                                                                 
 dropout (Dropout)           (None, 32, 32, 32)        0         
                                                                 
 flatten (Flatten)           (None, 32768)             0         
                                                                 
 dense (Dense)               (None, 92)                3014748   
                                                                 
 dropout_1 (Dropout)         (None, 92)                0         
                                                                 
 dense_1 (Dense)             (None, 10)                930       
                                                                 
=================================================================
Total params: 3,016,702
Trainable params: 3,016,638
Non-trainable params: 64
_________________________________________________________________
Taxa de aprendizado:  1e-05 Num de épocas:  182 Tamanho do lote:  512 Dropout:  0.07
Epoch 1/182
2024-07-26 01:28:26.121092: I tensorflow/stream_executor/cuda/cuda_dnn.cc:384] Loaded cuDNN version 8100
2024-07-26 01:28:27.527842: W tensorflow/stream_executor/gpu/redzone_allocator.cc:314] INTERNAL: ptxas exited with non-zero error code -1, output: 
Relying on driver to perform ptx compilation. 
Modify $PATH to customize ptxas location.
This message will be only logged once.
2024-07-26 01:28:28.917955: I tensorflow/stream_executor/cuda/cuda_blas.cc:1614] TensorFloat-32 will be used for the matrix multiplication. This will only be logged once.

 1/98 [..............................] - ETA: 7:29 - loss: 2.5797 - accuracy: 0.0996
 4/98 [>.............................] - ETA: 2s - loss: 2.4928 - accuracy: 0.1157  
 6/98 [>.............................] - ETA: 2s - loss: 2.4405 - accuracy: 0.1315
 8/98 [=>............................] - ETA: 2s - loss: 2.3988 - accuracy: 0.1445
10/98 [==>...........................] - ETA: 2s - loss: 2.3489 - accuracy: 0.1582
12/98 [==>...........................] - ETA: 2s - loss: 2.3149 - accuracy: 0.1698
15/98 [===>..........................] - ETA: 2s - loss: 2.2795 - accuracy: 0.1829
17/98 [====>.........................] - ETA: 2s - loss: 2.2549 - accuracy: 0.1900
19/98 [====>.........................] - ETA: 2s - loss: 2.2281 - accuracy: 0.2015
21/98 [=====>........................] - ETA: 2s - loss: 2.2107 - accuracy: 0.2068
23/98 [======>.......................] - ETA: 2s - loss: 2.1961 - accuracy: 0.2126
25/98 [======>.......................] - ETA: 2s - loss: 2.1802 - accuracy: 0.2184
28/98 [=======>......................] - ETA: 2s - loss: 2.1559 - accuracy: 0.2271
30/98 [========>.....................] - ETA: 2s - loss: 2.1438 - accuracy: 0.2322
32/98 [========>.....................] - ETA: 1s - loss: 2.1340 - accuracy: 0.2356
34/98 [=========>....................] - ETA: 1s - loss: 2.1234 - accuracy: 0.2397
36/98 [==========>...................] - ETA: 1s - loss: 2.1098 - accuracy: 0.2448
38/98 [==========>...................] - ETA: 1s - loss: 2.0979 - accuracy: 0.2495
41/98 [===========>..................] - ETA: 1s - loss: 2.0816 - accuracy: 0.2553
43/98 [============>.................] - ETA: 1s - loss: 2.0712 - accuracy: 0.2592
45/98 [============>.................] - ETA: 1s - loss: 2.0624 - accuracy: 0.2629
47/98 [=============>................] - ETA: 1s - loss: 2.0522 - accuracy: 0.2668
50/98 [==============>...............] - ETA: 1s - loss: 2.0402 - accuracy: 0.2705
52/98 [==============>...............] - ETA: 1s - loss: 2.0322 - accuracy: 0.2725
54/98 [===============>..............] - ETA: 1s - loss: 2.0247 - accuracy: 0.2764
56/98 [================>.............] - ETA: 1s - loss: 2.0165 - accuracy: 0.2786
59/98 [=================>............] - ETA: 1s - loss: 2.0070 - accuracy: 0.2828
61/98 [=================>............] - ETA: 1s - loss: 2.0015 - accuracy: 0.2855
63/98 [==================>...........] - ETA: 1s - loss: 1.9948 - accuracy: 0.2878
65/98 [==================>...........] - ETA: 0s - loss: 1.9901 - accuracy: 0.2899
67/98 [===================>..........] - ETA: 0s - loss: 1.9852 - accuracy: 0.2917
70/98 [====================>.........] - ETA: 0s - loss: 1.9773 - accuracy: 0.2946
72/98 [=====================>........] - ETA: 0s - loss: 1.9731 - accuracy: 0.2960
74/98 [=====================>........] - ETA: 0s - loss: 1.9672 - accuracy: 0.2984
76/98 [======================>.......] - ETA: 0s - loss: 1.9621 - accuracy: 0.3004
79/98 [=======================>......] - ETA: 0s - loss: 1.9539 - accuracy: 0.3033
81/98 [=======================>......] - ETA: 0s - loss: 1.9493 - accuracy: 0.3051
83/98 [========================>.....] - ETA: 0s - loss: 1.9447 - accuracy: 0.3071
85/98 [=========================>....] - ETA: 0s - loss: 1.9401 - accuracy: 0.3088
87/98 [=========================>....] - ETA: 0s - loss: 1.9354 - accuracy: 0.3105
89/98 [==========================>...] - ETA: 0s - loss: 1.9326 - accuracy: 0.3118
91/98 [==========================>...] - ETA: 0s - loss: 1.9277 - accuracy: 0.3133
94/98 [===========================>..] - ETA: 0s - loss: 1.9231 - accuracy: 0.3150
96/98 [============================>.] - ETA: 0s - loss: 1.9200 - accuracy: 0.3162
98/98 [==============================] - ETA: 0s - loss: 1.9171 - accuracy: 0.3173
98/98 [==============================] - 9s 43ms/step - loss: 1.9171 - accuracy: 0.3173 - val_loss: 2.0995 - val_accuracy: 0.3146
Epoch 2/182

 1/98 [..............................] - ETA: 4s - loss: 1.7473 - accuracy: 0.3594
 3/98 [..............................] - ETA: 2s - loss: 1.7265 - accuracy: 0.3691
 5/98 [>.............................] - ETA: 2s - loss: 1.7159 - accuracy: 0.3836
 8/98 [=>............................] - ETA: 2s - loss: 1.7088 - accuracy: 0.3857
10/98 [==>...........................] - ETA: 2s - loss: 1.7082 - accuracy: 0.3906
12/98 [==>...........................] - ETA: 2s - loss: 1.6997 - accuracy: 0.3963
14/98 [===>..........................] - ETA: 2s - loss: 1.7055 - accuracy: 0.3941
17/98 [====>.........................] - ETA: 2s - loss: 1.6943 - accuracy: 0.3989
19/98 [====>.........................] - ETA: 2s - loss: 1.6912 - accuracy: 0.4009
21/98 [=====>........................] - ETA: 2s - loss: 1.6859 - accuracy: 0.4032
24/98 [======>.......................] - ETA: 2s - loss: 1.6826 - accuracy: 0.4053
26/98 [======>.......................] - ETA: 2s - loss: 1.6865 - accuracy: 0.4029
28/98 [=======>......................] - ETA: 2s - loss: 1.6843 - accuracy: 0.4019
31/98 [========>.....................] - ETA: 1s - loss: 1.6836 - accuracy: 0.4027
33/98 [=========>....................] - ETA: 1s - loss: 1.6845 - accuracy: 0.4024
35/98 [=========>....................] - ETA: 1s - loss: 1.6836 - accuracy: 0.4030
37/98 [==========>...................] - ETA: 1s - loss: 1.6834 - accuracy: 0.4030
39/98 [==========>...................] - ETA: 1s - loss: 1.6810 - accuracy: 0.4041
41/98 [===========>..................] - ETA: 1s - loss: 1.6790 - accuracy: 0.4050
43/98 [============>.................] - ETA: 1s - loss: 1.6755 - accuracy: 0.4063
45/98 [============>.................] - ETA: 1s - loss: 1.6764 - accuracy: 0.4057
48/98 [=============>................] - ETA: 1s - loss: 1.6749 - accuracy: 0.4055
50/98 [==============>...............] - ETA: 1s - loss: 1.6732 - accuracy: 0.4056
53/98 [===============>..............] - ETA: 1s - loss: 1.6725 - accuracy: 0.4058
55/98 [===============>..............] - ETA: 1s - loss: 1.6722 - accuracy: 0.4062
57/98 [================>.............] - ETA: 1s - loss: 1.6702 - accuracy: 0.4072
60/98 [=================>............] - ETA: 1s - loss: 1.6696 - accuracy: 0.4083
62/98 [=================>............] - ETA: 1s - loss: 1.6671 - accuracy: 0.4091
64/98 [==================>...........] - ETA: 0s - loss: 1.6662 - accuracy: 0.4096
67/98 [===================>..........] - ETA: 0s - loss: 1.6661 - accuracy: 0.4098
69/98 [====================>.........] - ETA: 0s - loss: 1.6644 - accuracy: 0.4105
71/98 [====================>.........] - ETA: 0s - loss: 1.6639 - accuracy: 0.4112
73/98 [=====================>........] - ETA: 0s - loss: 1.6624 - accuracy: 0.4115
76/98 [======================>.......] - ETA: 0s - loss: 1.6618 - accuracy: 0.4115
78/98 [======================>.......] - ETA: 0s - loss: 1.6602 - accuracy: 0.4122
80/98 [=======================>......] - ETA: 0s - loss: 1.6591 - accuracy: 0.4125
83/98 [========================>.....] - ETA: 0s - loss: 1.6567 - accuracy: 0.4135
85/98 [=========================>....] - ETA: 0s - loss: 1.6553 - accuracy: 0.4141
87/98 [=========================>....] - ETA: 0s - loss: 1.6554 - accuracy: 0.4136
90/98 [==========================>...] - ETA: 0s - loss: 1.6528 - accuracy: 0.4146
92/98 [===========================>..] - ETA: 0s - loss: 1.6515 - accuracy: 0.4154
94/98 [===========================>..] - ETA: 0s - loss: 1.6504 - accuracy: 0.4154
97/98 [============================>.] - ETA: 0s - loss: 1.6498 - accuracy: 0.4155
98/98 [==============================] - 4s 39ms/step - loss: 1.6488 - accuracy: 0.4158 - val_loss: 1.9649 - val_accuracy: 0.3703
Epoch 3/182

 1/98 [..............................] - ETA: 4s - loss: 1.5523 - accuracy: 0.4590
 3/98 [..............................] - ETA: 2s - loss: 1.5480 - accuracy: 0.4544
 6/98 [>.............................] - ETA: 2s - loss: 1.5595 - accuracy: 0.4495
 8/98 [=>............................] - ETA: 2s - loss: 1.5579 - accuracy: 0.4529
10/98 [==>...........................] - ETA: 2s - loss: 1.5536 - accuracy: 0.4521
13/98 [==>...........................] - ETA: 2s - loss: 1.5639 - accuracy: 0.4471
15/98 [===>..........................] - ETA: 2s - loss: 1.5673 - accuracy: 0.4467
17/98 [====>.........................] - ETA: 2s - loss: 1.5647 - accuracy: 0.4475
20/98 [=====>........................] - ETA: 2s - loss: 1.5690 - accuracy: 0.4439
22/98 [=====>........................] - ETA: 2s - loss: 1.5618 - accuracy: 0.4450
24/98 [======>.......................] - ETA: 2s - loss: 1.5588 - accuracy: 0.4469
27/98 [=======>......................] - ETA: 2s - loss: 1.5622 - accuracy: 0.4449
29/98 [=======>......................] - ETA: 2s - loss: 1.5639 - accuracy: 0.4435
31/98 [========>.....................] - ETA: 1s - loss: 1.5657 - accuracy: 0.4427
33/98 [=========>....................] - ETA: 1s - loss: 1.5657 - accuracy: 0.4427
36/98 [==========>...................] - ETA: 1s - loss: 1.5639 - accuracy: 0.4444
38/98 [==========>...................] - ETA: 1s - loss: 1.5635 - accuracy: 0.4447
40/98 [===========>..................] - ETA: 1s - loss: 1.5612 - accuracy: 0.4456
42/98 [===========>..................] - ETA: 1s - loss: 1.5607 - accuracy: 0.4454
44/98 [============>.................] - ETA: 1s - loss: 1.5603 - accuracy: 0.4454
46/98 [=============>................] - ETA: 1s - loss: 1.5578 - accuracy: 0.4466
48/98 [=============>................] - ETA: 1s - loss: 1.5584 - accuracy: 0.4460
51/98 [==============>...............] - ETA: 1s - loss: 1.5582 - accuracy: 0.4465
53/98 [===============>..............] - ETA: 1s - loss: 1.5572 - accuracy: 0.4464
55/98 [===============>..............] - ETA: 1s - loss: 1.5559 - accuracy: 0.4476
58/98 [================>.............] - ETA: 1s - loss: 1.5548 - accuracy: 0.4477
60/98 [=================>............] - ETA: 1s - loss: 1.5535 - accuracy: 0.4477
62/98 [=================>............] - ETA: 1s - loss: 1.5525 - accuracy: 0.4475
65/98 [==================>...........] - ETA: 0s - loss: 1.5516 - accuracy: 0.4486
67/98 [===================>..........] - ETA: 0s - loss: 1.5497 - accuracy: 0.4491
69/98 [====================>.........] - ETA: 0s - loss: 1.5485 - accuracy: 0.4497
71/98 [====================>.........] - ETA: 0s - loss: 1.5467 - accuracy: 0.4506
74/98 [=====================>........] - ETA: 0s - loss: 1.5465 - accuracy: 0.4506
76/98 [======================>.......] - ETA: 0s - loss: 1.5460 - accuracy: 0.4506
79/98 [=======================>......] - ETA: 0s - loss: 1.5452 - accuracy: 0.4509
81/98 [=======================>......] - ETA: 0s - loss: 1.5444 - accuracy: 0.4511
83/98 [========================>.....] - ETA: 0s - loss: 1.5445 - accuracy: 0.4509
85/98 [=========================>....] - ETA: 0s - loss: 1.5432 - accuracy: 0.4513
88/98 [=========================>....] - ETA: 0s - loss: 1.5428 - accuracy: 0.4514
90/98 [==========================>...] - ETA: 0s - loss: 1.5424 - accuracy: 0.4517
92/98 [===========================>..] - ETA: 0s - loss: 1.5423 - accuracy: 0.4516
95/98 [============================>.] - ETA: 0s - loss: 1.5421 - accuracy: 0.4517
97/98 [============================>.] - ETA: 0s - loss: 1.5429 - accuracy: 0.4514
98/98 [==============================] - 4s 39ms/step - loss: 1.5426 - accuracy: 0.4515 - val_loss: 1.8190 - val_accuracy: 0.4052
Epoch 4/182

 1/98 [..............................] - ETA: 4s - loss: 1.4926 - accuracy: 0.4570
 3/98 [..............................] - ETA: 2s - loss: 1.4768 - accuracy: 0.4753
 5/98 [>.............................] - ETA: 2s - loss: 1.4714 - accuracy: 0.4766
 7/98 [=>............................] - ETA: 2s - loss: 1.4689 - accuracy: 0.4752
 9/98 [=>............................] - ETA: 2s - loss: 1.4589 - accuracy: 0.4852
12/98 [==>...........................] - ETA: 2s - loss: 1.4639 - accuracy: 0.4811
14/98 [===>..........................] - ETA: 2s - loss: 1.4727 - accuracy: 0.4780
16/98 [===>..........................] - ETA: 2s - loss: 1.4767 - accuracy: 0.4752
19/98 [====>.........................] - ETA: 2s - loss: 1.4753 - accuracy: 0.4736
21/98 [=====>........................] - ETA: 2s - loss: 1.4812 - accuracy: 0.4723
23/98 [======>.......................] - ETA: 2s - loss: 1.4779 - accuracy: 0.4749
26/98 [======>.......................] - ETA: 2s - loss: 1.4712 - accuracy: 0.4769
28/98 [=======>......................] - ETA: 2s - loss: 1.4720 - accuracy: 0.4768
31/98 [========>.....................] - ETA: 1s - loss: 1.4714 - accuracy: 0.4771
33/98 [=========>....................] - ETA: 1s - loss: 1.4721 - accuracy: 0.4769
35/98 [=========>....................] - ETA: 1s - loss: 1.4701 - accuracy: 0.4771
38/98 [==========>...................] - ETA: 1s - loss: 1.4682 - accuracy: 0.4771
40/98 [===========>..................] - ETA: 1s - loss: 1.4691 - accuracy: 0.4770
42/98 [===========>..................] - ETA: 1s - loss: 1.4694 - accuracy: 0.4771
44/98 [============>.................] - ETA: 1s - loss: 1.4695 - accuracy: 0.4778
47/98 [=============>................] - ETA: 1s - loss: 1.4713 - accuracy: 0.4774
49/98 [==============>...............] - ETA: 1s - loss: 1.4734 - accuracy: 0.4776
51/98 [==============>...............] - ETA: 1s - loss: 1.4714 - accuracy: 0.4782
54/98 [===============>..............] - ETA: 1s - loss: 1.4703 - accuracy: 0.4789
56/98 [================>.............] - ETA: 1s - loss: 1.4688 - accuracy: 0.4802
58/98 [================>.............] - ETA: 1s - loss: 1.4673 - accuracy: 0.4808
60/98 [=================>............] - ETA: 1s - loss: 1.4679 - accuracy: 0.4803
63/98 [==================>...........] - ETA: 1s - loss: 1.4720 - accuracy: 0.4788
65/98 [==================>...........] - ETA: 0s - loss: 1.4730 - accuracy: 0.4792
67/98 [===================>..........] - ETA: 0s - loss: 1.4723 - accuracy: 0.4792
70/98 [====================>.........] - ETA: 0s - loss: 1.4708 - accuracy: 0.4798
72/98 [=====================>........] - ETA: 0s - loss: 1.4722 - accuracy: 0.4790
74/98 [=====================>........] - ETA: 0s - loss: 1.4708 - accuracy: 0.4795
76/98 [======================>.......] - ETA: 0s - loss: 1.4705 - accuracy: 0.4795
79/98 [=======================>......] - ETA: 0s - loss: 1.4699 - accuracy: 0.4798
81/98 [=======================>......] - ETA: 0s - loss: 1.4697 - accuracy: 0.4796
83/98 [========================>.....] - ETA: 0s - loss: 1.4703 - accuracy: 0.4797
86/98 [=========================>....] - ETA: 0s - loss: 1.4716 - accuracy: 0.4795
88/98 [=========================>....] - ETA: 0s - loss: 1.4709 - accuracy: 0.4796
90/98 [==========================>...] - ETA: 0s - loss: 1.4696 - accuracy: 0.4799
92/98 [===========================>..] - ETA: 0s - loss: 1.4699 - accuracy: 0.4797
95/98 [============================>.] - ETA: 0s - loss: 1.4693 - accuracy: 0.4793
97/98 [============================>.] - ETA: 0s - loss: 1.4699 - accuracy: 0.4789
98/98 [==============================] - 4s 39ms/step - loss: 1.4698 - accuracy: 0.4793 - val_loss: 1.6757 - val_accuracy: 0.4384
Epoch 5/182

 1/98 [..............................] - ETA: 4s - loss: 1.3884 - accuracy: 0.5137
 4/98 [>.............................] - ETA: 2s - loss: 1.4280 - accuracy: 0.4927
 6/98 [>.............................] - ETA: 2s - loss: 1.4238 - accuracy: 0.5010
 8/98 [=>............................] - ETA: 2s - loss: 1.4269 - accuracy: 0.5032
11/98 [==>...........................] - ETA: 2s - loss: 1.4250 - accuracy: 0.5011
13/98 [==>...........................] - ETA: 2s - loss: 1.4190 - accuracy: 0.5035
15/98 [===>..........................] - ETA: 2s - loss: 1.4181 - accuracy: 0.5027
17/98 [====>.........................] - ETA: 2s - loss: 1.4209 - accuracy: 0.5014
20/98 [=====>........................] - ETA: 2s - loss: 1.4145 - accuracy: 0.5049
22/98 [=====>........................] - ETA: 2s - loss: 1.4139 - accuracy: 0.5040
24/98 [======>.......................] - ETA: 2s - loss: 1.4203 - accuracy: 0.5016
27/98 [=======>......................] - ETA: 2s - loss: 1.4200 - accuracy: 0.4994
29/98 [=======>......................] - ETA: 2s - loss: 1.4194 - accuracy: 0.5006
31/98 [========>.....................] - ETA: 1s - loss: 1.4231 - accuracy: 0.4988
34/98 [=========>....................] - ETA: 1s - loss: 1.4237 - accuracy: 0.4989
36/98 [==========>...................] - ETA: 1s - loss: 1.4266 - accuracy: 0.4979
38/98 [==========>...................] - ETA: 1s - loss: 1.4272 - accuracy: 0.4964
40/98 [===========>..................] - ETA: 1s - loss: 1.4268 - accuracy: 0.4957
43/98 [============>.................] - ETA: 1s - loss: 1.4228 - accuracy: 0.4976
45/98 [============>.................] - ETA: 1s - loss: 1.4216 - accuracy: 0.4975
48/98 [=============>................] - ETA: 1s - loss: 1.4219 - accuracy: 0.4972
50/98 [==============>...............] - ETA: 1s - loss: 1.4241 - accuracy: 0.4969
52/98 [==============>...............] - ETA: 1s - loss: 1.4233 - accuracy: 0.4979
54/98 [===============>..............] - ETA: 1s - loss: 1.4236 - accuracy: 0.4967
57/98 [================>.............] - ETA: 1s - loss: 1.4218 - accuracy: 0.4976
59/98 [=================>............] - ETA: 1s - loss: 1.4222 - accuracy: 0.4978
61/98 [=================>............] - ETA: 1s - loss: 1.4203 - accuracy: 0.4980
64/98 [==================>...........] - ETA: 0s - loss: 1.4179 - accuracy: 0.4993
66/98 [===================>..........] - ETA: 0s - loss: 1.4166 - accuracy: 0.4993
68/98 [===================>..........] - ETA: 0s - loss: 1.4168 - accuracy: 0.4994
71/98 [====================>.........] - ETA: 0s - loss: 1.4172 - accuracy: 0.4992
73/98 [=====================>........] - ETA: 0s - loss: 1.4177 - accuracy: 0.4990
75/98 [=====================>........] - ETA: 0s - loss: 1.4169 - accuracy: 0.4993
77/98 [======================>.......] - ETA: 0s - loss: 1.4164 - accuracy: 0.4994
80/98 [=======================>......] - ETA: 0s - loss: 1.4167 - accuracy: 0.5003
82/98 [========================>.....] - ETA: 0s - loss: 1.4165 - accuracy: 0.5004
84/98 [========================>.....] - ETA: 0s - loss: 1.4160 - accuracy: 0.5008
87/98 [=========================>....] - ETA: 0s - loss: 1.4145 - accuracy: 0.5008
89/98 [==========================>...] - ETA: 0s - loss: 1.4153 - accuracy: 0.5006
91/98 [==========================>...] - ETA: 0s - loss: 1.4162 - accuracy: 0.5001
93/98 [===========================>..] - ETA: 0s - loss: 1.4156 - accuracy: 0.5006
96/98 [============================>.] - ETA: 0s - loss: 1.4165 - accuracy: 0.5004
98/98 [==============================] - ETA: 0s - loss: 1.4162 - accuracy: 0.5006
98/98 [==============================] - 4s 39ms/step - loss: 1.4162 - accuracy: 0.5006 - val_loss: 1.5431 - val_accuracy: 0.4763
Epoch 6/182

 1/98 [..............................] - ETA: 3s - loss: 1.3936 - accuracy: 0.5195
 3/98 [..............................] - ETA: 2s - loss: 1.3745 - accuracy: 0.5176
 5/98 [>.............................] - ETA: 2s - loss: 1.3695 - accuracy: 0.5164
 7/98 [=>............................] - ETA: 2s - loss: 1.3620 - accuracy: 0.5215
10/98 [==>...........................] - ETA: 2s - loss: 1.3733 - accuracy: 0.5205
12/98 [==>...........................] - ETA: 2s - loss: 1.3720 - accuracy: 0.5202
14/98 [===>..........................] - ETA: 2s - loss: 1.3739 - accuracy: 0.5194
16/98 [===>..........................] - ETA: 2s - loss: 1.3767 - accuracy: 0.5181
19/98 [====>.........................] - ETA: 2s - loss: 1.3787 - accuracy: 0.5179
21/98 [=====>........................] - ETA: 2s - loss: 1.3808 - accuracy: 0.5172
24/98 [======>.......................] - ETA: 2s - loss: 1.3753 - accuracy: 0.5192
26/98 [======>.......................] - ETA: 2s - loss: 1.3757 - accuracy: 0.5192
28/98 [=======>......................] - ETA: 2s - loss: 1.3745 - accuracy: 0.5189
31/98 [========>.....................] - ETA: 1s - loss: 1.3783 - accuracy: 0.5161
33/98 [=========>....................] - ETA: 1s - loss: 1.3797 - accuracy: 0.5149
35/98 [=========>....................] - ETA: 1s - loss: 1.3802 - accuracy: 0.5148
38/98 [==========>...................] - ETA: 1s - loss: 1.3783 - accuracy: 0.5154
40/98 [===========>..................] - ETA: 1s - loss: 1.3798 - accuracy: 0.5149
42/98 [===========>..................] - ETA: 1s - loss: 1.3801 - accuracy: 0.5157
45/98 [============>.................] - ETA: 1s - loss: 1.3786 - accuracy: 0.5171
47/98 [=============>................] - ETA: 1s - loss: 1.3788 - accuracy: 0.5167
49/98 [==============>...............] - ETA: 1s - loss: 1.3787 - accuracy: 0.5166
51/98 [==============>...............] - ETA: 1s - loss: 1.3787 - accuracy: 0.5168
53/98 [===============>..............] - ETA: 1s - loss: 1.3791 - accuracy: 0.5166
55/98 [===============>..............] - ETA: 1s - loss: 1.3776 - accuracy: 0.5172
57/98 [================>.............] - ETA: 1s - loss: 1.3777 - accuracy: 0.5166
59/98 [=================>............] - ETA: 1s - loss: 1.3780 - accuracy: 0.5166
62/98 [=================>............] - ETA: 1s - loss: 1.3762 - accuracy: 0.5168
64/98 [==================>...........] - ETA: 0s - loss: 1.3769 - accuracy: 0.5164
66/98 [===================>..........] - ETA: 0s - loss: 1.3769 - accuracy: 0.5164
69/98 [====================>.........] - ETA: 0s - loss: 1.3755 - accuracy: 0.5175
71/98 [====================>.........] - ETA: 0s - loss: 1.3761 - accuracy: 0.5172
73/98 [=====================>........] - ETA: 0s - loss: 1.3750 - accuracy: 0.5174
75/98 [=====================>........] - ETA: 0s - loss: 1.3759 - accuracy: 0.5170
78/98 [======================>.......] - ETA: 0s - loss: 1.3736 - accuracy: 0.5181
80/98 [=======================>......] - ETA: 0s - loss: 1.3728 - accuracy: 0.5184
82/98 [========================>.....] - ETA: 0s - loss: 1.3726 - accuracy: 0.5185
85/98 [=========================>....] - ETA: 0s - loss: 1.3731 - accuracy: 0.5184
87/98 [=========================>....] - ETA: 0s - loss: 1.3724 - accuracy: 0.5184
90/98 [==========================>...] - ETA: 0s - loss: 1.3720 - accuracy: 0.5179
92/98 [===========================>..] - ETA: 0s - loss: 1.3713 - accuracy: 0.5185
95/98 [============================>.] - ETA: 0s - loss: 1.3704 - accuracy: 0.5185
98/98 [==============================] - ETA: 0s - loss: 1.3684 - accuracy: 0.5192
98/98 [==============================] - 4s 37ms/step - loss: 1.3684 - accuracy: 0.5192 - val_loss: 1.4443 - val_accuracy: 0.5043
Epoch 7/182

 1/98 [..............................] - ETA: 3s - loss: 1.3684 - accuracy: 0.5195
 3/98 [..............................] - ETA: 2s - loss: 1.3095 - accuracy: 0.5462
 5/98 [>.............................] - ETA: 2s - loss: 1.3270 - accuracy: 0.5383
 8/98 [=>............................] - ETA: 2s - loss: 1.3388 - accuracy: 0.5339
10/98 [==>...........................] - ETA: 2s - loss: 1.3322 - accuracy: 0.5350
13/98 [==>...........................] - ETA: 2s - loss: 1.3512 - accuracy: 0.5291
15/98 [===>..........................] - ETA: 2s - loss: 1.3513 - accuracy: 0.5307
18/98 [====>.........................] - ETA: 2s - loss: 1.3453 - accuracy: 0.5322
20/98 [=====>........................] - ETA: 2s - loss: 1.3379 - accuracy: 0.5341
23/98 [======>.......................] - ETA: 2s - loss: 1.3412 - accuracy: 0.5318
25/98 [======>.......................] - ETA: 2s - loss: 1.3407 - accuracy: 0.5330
28/98 [=======>......................] - ETA: 1s - loss: 1.3445 - accuracy: 0.5315
30/98 [========>.....................] - ETA: 1s - loss: 1.3446 - accuracy: 0.5324
33/98 [=========>....................] - ETA: 1s - loss: 1.3451 - accuracy: 0.5324
36/98 [==========>...................] - ETA: 1s - loss: 1.3441 - accuracy: 0.5333
38/98 [==========>...................] - ETA: 1s - loss: 1.3436 - accuracy: 0.5336
41/98 [===========>..................] - ETA: 1s - loss: 1.3418 - accuracy: 0.5343
44/98 [============>.................] - ETA: 1s - loss: 1.3411 - accuracy: 0.5341
46/98 [=============>................] - ETA: 1s - loss: 1.3435 - accuracy: 0.5336
49/98 [==============>...............] - ETA: 1s - loss: 1.3437 - accuracy: 0.5327
51/98 [==============>...............] - ETA: 1s - loss: 1.3426 - accuracy: 0.5326
53/98 [===============>..............] - ETA: 1s - loss: 1.3426 - accuracy: 0.5320
55/98 [===============>..............] - ETA: 1s - loss: 1.3429 - accuracy: 0.5319
58/98 [================>.............] - ETA: 1s - loss: 1.3431 - accuracy: 0.5318
60/98 [=================>............] - ETA: 1s - loss: 1.3428 - accuracy: 0.5320
62/98 [=================>............] - ETA: 1s - loss: 1.3434 - accuracy: 0.5316
65/98 [==================>...........] - ETA: 0s - loss: 1.3429 - accuracy: 0.5314
67/98 [===================>..........] - ETA: 0s - loss: 1.3436 - accuracy: 0.5312
69/98 [====================>.........] - ETA: 0s - loss: 1.3413 - accuracy: 0.5325
71/98 [====================>.........] - ETA: 0s - loss: 1.3386 - accuracy: 0.5334
73/98 [=====================>........] - ETA: 0s - loss: 1.3387 - accuracy: 0.5329
76/98 [======================>.......] - ETA: 0s - loss: 1.3370 - accuracy: 0.5327
78/98 [======================>.......] - ETA: 0s - loss: 1.3373 - accuracy: 0.5323
80/98 [=======================>......] - ETA: 0s - loss: 1.3374 - accuracy: 0.5318
83/98 [========================>.....] - ETA: 0s - loss: 1.3354 - accuracy: 0.5320
85/98 [=========================>....] - ETA: 0s - loss: 1.3354 - accuracy: 0.5320
87/98 [=========================>....] - ETA: 0s - loss: 1.3346 - accuracy: 0.5321
89/98 [==========================>...] - ETA: 0s - loss: 1.3336 - accuracy: 0.5328
92/98 [===========================>..] - ETA: 0s - loss: 1.3326 - accuracy: 0.5331
94/98 [===========================>..] - ETA: 0s - loss: 1.3321 - accuracy: 0.5335
96/98 [============================>.] - ETA: 0s - loss: 1.3320 - accuracy: 0.5336
98/98 [==============================] - 4s 39ms/step - loss: 1.3322 - accuracy: 0.5333 - val_loss: 1.3825 - val_accuracy: 0.5206
Epoch 8/182

 1/98 [..............................] - ETA: 4s - loss: 1.2368 - accuracy: 0.5820
 4/98 [>.............................] - ETA: 2s - loss: 1.2985 - accuracy: 0.5542
 6/98 [>.............................] - ETA: 2s - loss: 1.2963 - accuracy: 0.5527
 8/98 [=>............................] - ETA: 2s - loss: 1.2944 - accuracy: 0.5535
10/98 [==>...........................] - ETA: 2s - loss: 1.2983 - accuracy: 0.5520
12/98 [==>...........................] - ETA: 2s - loss: 1.2997 - accuracy: 0.5529
14/98 [===>..........................] - ETA: 2s - loss: 1.2981 - accuracy: 0.5513
16/98 [===>..........................] - ETA: 2s - loss: 1.3047 - accuracy: 0.5487
19/98 [====>.........................] - ETA: 2s - loss: 1.3003 - accuracy: 0.5504
21/98 [=====>........................] - ETA: 2s - loss: 1.2967 - accuracy: 0.5549
23/98 [======>.......................] - ETA: 2s - loss: 1.2962 - accuracy: 0.5541
25/98 [======>.......................] - ETA: 2s - loss: 1.2950 - accuracy: 0.5551
28/98 [=======>......................] - ETA: 2s - loss: 1.2943 - accuracy: 0.5551
30/98 [========>.....................] - ETA: 2s - loss: 1.2968 - accuracy: 0.5538
32/98 [========>.....................] - ETA: 1s - loss: 1.2985 - accuracy: 0.5532
34/98 [=========>....................] - ETA: 1s - loss: 1.2981 - accuracy: 0.5537
36/98 [==========>...................] - ETA: 1s - loss: 1.2982 - accuracy: 0.5531
38/98 [==========>...................] - ETA: 1s - loss: 1.2993 - accuracy: 0.5516
41/98 [===========>..................] - ETA: 1s - loss: 1.2990 - accuracy: 0.5500
43/98 [============>.................] - ETA: 1s - loss: 1.2970 - accuracy: 0.5503
45/98 [============>.................] - ETA: 1s - loss: 1.2970 - accuracy: 0.5503
47/98 [=============>................] - ETA: 1s - loss: 1.2955 - accuracy: 0.5504
50/98 [==============>...............] - ETA: 1s - loss: 1.2946 - accuracy: 0.5498
52/98 [==============>...............] - ETA: 1s - loss: 1.2974 - accuracy: 0.5494
55/98 [===============>..............] - ETA: 1s - loss: 1.2965 - accuracy: 0.5496
57/98 [================>.............] - ETA: 1s - loss: 1.2975 - accuracy: 0.5487
59/98 [=================>............] - ETA: 1s - loss: 1.2965 - accuracy: 0.5485
61/98 [=================>............] - ETA: 1s - loss: 1.2958 - accuracy: 0.5489
63/98 [==================>...........] - ETA: 1s - loss: 1.2963 - accuracy: 0.5489
66/98 [===================>..........] - ETA: 0s - loss: 1.2988 - accuracy: 0.5481
68/98 [===================>..........] - ETA: 0s - loss: 1.2977 - accuracy: 0.5488
70/98 [====================>.........] - ETA: 0s - loss: 1.2963 - accuracy: 0.5496
73/98 [=====================>........] - ETA: 0s - loss: 1.2966 - accuracy: 0.5496
76/98 [======================>.......] - ETA: 0s - loss: 1.2955 - accuracy: 0.5495
78/98 [======================>.......] - ETA: 0s - loss: 1.2940 - accuracy: 0.5503
80/98 [=======================>......] - ETA: 0s - loss: 1.2946 - accuracy: 0.5501
82/98 [========================>.....] - ETA: 0s - loss: 1.2956 - accuracy: 0.5498
85/98 [=========================>....] - ETA: 0s - loss: 1.2958 - accuracy: 0.5497
87/98 [=========================>....] - ETA: 0s - loss: 1.2971 - accuracy: 0.5491
89/98 [==========================>...] - ETA: 0s - loss: 1.2967 - accuracy: 0.5495
91/98 [==========================>...] - ETA: 0s - loss: 1.2957 - accuracy: 0.5499
94/98 [===========================>..] - ETA: 0s - loss: 1.2950 - accuracy: 0.5500
96/98 [============================>.] - ETA: 0s - loss: 1.2947 - accuracy: 0.5500
98/98 [==============================] - ETA: 0s - loss: 1.2952 - accuracy: 0.5501
98/98 [==============================] - 4s 39ms/step - loss: 1.2952 - accuracy: 0.5501 - val_loss: 1.3449 - val_accuracy: 0.5290
Epoch 9/182

 1/98 [..............................] - ETA: 4s - loss: 1.2111 - accuracy: 0.5703
 3/98 [..............................] - ETA: 2s - loss: 1.2332 - accuracy: 0.5671
 5/98 [>.............................] - ETA: 2s - loss: 1.2312 - accuracy: 0.5691
 8/98 [=>............................] - ETA: 2s - loss: 1.2597 - accuracy: 0.5562
10/98 [==>...........................] - ETA: 2s - loss: 1.2635 - accuracy: 0.5561
12/98 [==>...........................] - ETA: 2s - loss: 1.2626 - accuracy: 0.5581
14/98 [===>..........................] - ETA: 2s - loss: 1.2660 - accuracy: 0.5568
16/98 [===>..........................] - ETA: 2s - loss: 1.2604 - accuracy: 0.5592
19/98 [====>.........................] - ETA: 2s - loss: 1.2607 - accuracy: 0.5601
21/98 [=====>........................] - ETA: 2s - loss: 1.2634 - accuracy: 0.5595
23/98 [======>.......................] - ETA: 2s - loss: 1.2657 - accuracy: 0.5598
25/98 [======>.......................] - ETA: 2s - loss: 1.2591 - accuracy: 0.5629
27/98 [=======>......................] - ETA: 2s - loss: 1.2618 - accuracy: 0.5622
29/98 [=======>......................] - ETA: 2s - loss: 1.2629 - accuracy: 0.5616
32/98 [========>.....................] - ETA: 1s - loss: 1.2626 - accuracy: 0.5630
34/98 [=========>....................] - ETA: 1s - loss: 1.2608 - accuracy: 0.5632
36/98 [==========>...................] - ETA: 1s - loss: 1.2602 - accuracy: 0.5631
38/98 [==========>...................] - ETA: 1s - loss: 1.2603 - accuracy: 0.5622
41/98 [===========>..................] - ETA: 1s - loss: 1.2628 - accuracy: 0.5603
43/98 [============>.................] - ETA: 1s - loss: 1.2634 - accuracy: 0.5602
45/98 [============>.................] - ETA: 1s - loss: 1.2626 - accuracy: 0.5611
47/98 [=============>................] - ETA: 1s - loss: 1.2643 - accuracy: 0.5605
50/98 [==============>...............] - ETA: 1s - loss: 1.2647 - accuracy: 0.5601
52/98 [==============>...............] - ETA: 1s - loss: 1.2660 - accuracy: 0.5600
54/98 [===============>..............] - ETA: 1s - loss: 1.2657 - accuracy: 0.5612
56/98 [================>.............] - ETA: 1s - loss: 1.2659 - accuracy: 0.5615
58/98 [================>.............] - ETA: 1s - loss: 1.2671 - accuracy: 0.5609
60/98 [=================>............] - ETA: 1s - loss: 1.2663 - accuracy: 0.5611
63/98 [==================>...........] - ETA: 1s - loss: 1.2652 - accuracy: 0.5615
65/98 [==================>...........] - ETA: 0s - loss: 1.2650 - accuracy: 0.5617
67/98 [===================>..........] - ETA: 0s - loss: 1.2665 - accuracy: 0.5610
69/98 [====================>.........] - ETA: 0s - loss: 1.2662 - accuracy: 0.5611
72/98 [=====================>........] - ETA: 0s - loss: 1.2664 - accuracy: 0.5611
74/98 [=====================>........] - ETA: 0s - loss: 1.2653 - accuracy: 0.5616
76/98 [======================>.......] - ETA: 0s - loss: 1.2660 - accuracy: 0.5614
78/98 [======================>.......] - ETA: 0s - loss: 1.2655 - accuracy: 0.5613
81/98 [=======================>......] - ETA: 0s - loss: 1.2648 - accuracy: 0.5613
83/98 [========================>.....] - ETA: 0s - loss: 1.2648 - accuracy: 0.5612
85/98 [=========================>....] - ETA: 0s - loss: 1.2651 - accuracy: 0.5609
88/98 [=========================>....] - ETA: 0s - loss: 1.2645 - accuracy: 0.5612
90/98 [==========================>...] - ETA: 0s - loss: 1.2648 - accuracy: 0.5612
92/98 [===========================>..] - ETA: 0s - loss: 1.2649 - accuracy: 0.5615
95/98 [============================>.] - ETA: 0s - loss: 1.2649 - accuracy: 0.5609
97/98 [============================>.] - ETA: 0s - loss: 1.2657 - accuracy: 0.5607
98/98 [==============================] - 4s 39ms/step - loss: 1.2657 - accuracy: 0.5605 - val_loss: 1.3230 - val_accuracy: 0.5405
Epoch 10/182

 1/98 [..............................] - ETA: 4s - loss: 1.2579 - accuracy: 0.5684
 3/98 [..............................] - ETA: 2s - loss: 1.2628 - accuracy: 0.5586
 5/98 [>.............................] - ETA: 2s - loss: 1.2574 - accuracy: 0.5668
 8/98 [=>............................] - ETA: 2s - loss: 1.2562 - accuracy: 0.5645
10/98 [==>...........................] - ETA: 2s - loss: 1.2580 - accuracy: 0.5648
12/98 [==>...........................] - ETA: 2s - loss: 1.2548 - accuracy: 0.5675
14/98 [===>..........................] - ETA: 2s - loss: 1.2426 - accuracy: 0.5710
16/98 [===>..........................] - ETA: 2s - loss: 1.2341 - accuracy: 0.5748
19/98 [====>.........................] - ETA: 2s - loss: 1.2413 - accuracy: 0.5713
21/98 [=====>........................] - ETA: 2s - loss: 1.2369 - accuracy: 0.5736
23/98 [======>.......................] - ETA: 2s - loss: 1.2367 - accuracy: 0.5729
25/98 [======>.......................] - ETA: 2s - loss: 1.2342 - accuracy: 0.5737
28/98 [=======>......................] - ETA: 2s - loss: 1.2325 - accuracy: 0.5749
30/98 [========>.....................] - ETA: 2s - loss: 1.2334 - accuracy: 0.5724
32/98 [========>.....................] - ETA: 1s - loss: 1.2352 - accuracy: 0.5725
34/98 [=========>....................] - ETA: 1s - loss: 1.2350 - accuracy: 0.5723
37/98 [==========>...................] - ETA: 1s - loss: 1.2406 - accuracy: 0.5699
39/98 [==========>...................] - ETA: 1s - loss: 1.2407 - accuracy: 0.5697
41/98 [===========>..................] - ETA: 1s - loss: 1.2411 - accuracy: 0.5689
44/98 [============>.................] - ETA: 1s - loss: 1.2384 - accuracy: 0.5694
46/98 [=============>................] - ETA: 1s - loss: 1.2382 - accuracy: 0.5699
48/98 [=============>................] - ETA: 1s - loss: 1.2382 - accuracy: 0.5697
50/98 [==============>...............] - ETA: 1s - loss: 1.2364 - accuracy: 0.5702
53/98 [===============>..............] - ETA: 1s - loss: 1.2355 - accuracy: 0.5710
55/98 [===============>..............] - ETA: 1s - loss: 1.2354 - accuracy: 0.5712
57/98 [================>.............] - ETA: 1s - loss: 1.2350 - accuracy: 0.5714
60/98 [=================>............] - ETA: 1s - loss: 1.2355 - accuracy: 0.5704
62/98 [=================>............] - ETA: 1s - loss: 1.2353 - accuracy: 0.5699
64/98 [==================>...........] - ETA: 1s - loss: 1.2356 - accuracy: 0.5694
66/98 [===================>..........] - ETA: 0s - loss: 1.2345 - accuracy: 0.5695
69/98 [====================>.........] - ETA: 0s - loss: 1.2335 - accuracy: 0.5698
71/98 [====================>.........] - ETA: 0s - loss: 1.2341 - accuracy: 0.5700
73/98 [=====================>........] - ETA: 0s - loss: 1.2356 - accuracy: 0.5695
75/98 [=====================>........] - ETA: 0s - loss: 1.2358 - accuracy: 0.5696
77/98 [======================>.......] - ETA: 0s - loss: 1.2360 - accuracy: 0.5699
79/98 [=======================>......] - ETA: 0s - loss: 1.2364 - accuracy: 0.5702
81/98 [=======================>......] - ETA: 0s - loss: 1.2371 - accuracy: 0.5699
83/98 [========================>.....] - ETA: 0s - loss: 1.2362 - accuracy: 0.5702
85/98 [=========================>....] - ETA: 0s - loss: 1.2356 - accuracy: 0.5704
88/98 [=========================>....] - ETA: 0s - loss: 1.2362 - accuracy: 0.5701
90/98 [==========================>...] - ETA: 0s - loss: 1.2365 - accuracy: 0.5701
92/98 [===========================>..] - ETA: 0s - loss: 1.2362 - accuracy: 0.5700
94/98 [===========================>..] - ETA: 0s - loss: 1.2374 - accuracy: 0.5697
97/98 [============================>.] - ETA: 0s - loss: 1.2371 - accuracy: 0.5698
