2024-07-26 00:48:03.516221: I tensorflow/core/platform/cpu_feature_guard.cc:193] This TensorFlow binary is optimized with oneAPI Deep Neural Network Library (oneDNN) to use the following CPU instructions in performance-critical operations:  AVX AVX2
To enable them in other operations, rebuild TensorFlow with the appropriate compiler flags.
2024-07-26 00:48:04.475927: I tensorflow/core/common_runtime/gpu/gpu_device.cc:1616] Created device /job:localhost/replica:0/task:0/device:GPU:0 with 6656 MB memory:  -> device: 0, name: NVIDIA GeForce RTX 4060 Ti, pci bus id: 0000:01:00.0, compute capability: 8.9
1 Physical GPUs, 1 Logical GPUs
Model: "sequential"
_________________________________________________________________
 Layer (type)                Output Shape              Param #   
=================================================================
 conv2d (Conv2D)             (None, 32, 32, 32)        896       
                                                                 
 batch_normalization (BatchN  (None, 32, 32, 32)       128       
 ormalization)                                                   
                                                                 
 dropout (Dropout)           (None, 32, 32, 32)        0         
                                                                 
 flatten (Flatten)           (None, 32768)             0         
                                                                 
 dense (Dense)               (None, 92)                3014748   
                                                                 
 dropout_1 (Dropout)         (None, 92)                0         
                                                                 
 dense_1 (Dense)             (None, 10)                930       
                                                                 
=================================================================
Total params: 3,016,702
Trainable params: 3,016,638
Non-trainable params: 64
_________________________________________________________________
Taxa de aprendizado:  1e-05 Num de épocas:  182 Tamanho do lote:  512 Dropout:  0.07
Epoch 1/182
2024-07-26 00:48:06.273410: I tensorflow/stream_executor/cuda/cuda_dnn.cc:384] Loaded cuDNN version 8100
2024-07-26 00:48:07.680491: W tensorflow/stream_executor/gpu/redzone_allocator.cc:314] INTERNAL: ptxas exited with non-zero error code -1, output: 
Relying on driver to perform ptx compilation. 
Modify $PATH to customize ptxas location.
This message will be only logged once.
2024-07-26 00:48:09.035964: I tensorflow/stream_executor/cuda/cuda_blas.cc:1614] TensorFloat-32 will be used for the matrix multiplication. This will only be logged once.

 1/98 [..............................] - ETA: 7:26 - loss: 2.6935 - accuracy: 0.0879
 3/98 [..............................] - ETA: 2s - loss: 2.6295 - accuracy: 0.1074  
 5/98 [>.............................] - ETA: 2s - loss: 2.5781 - accuracy: 0.1230
 7/98 [=>............................] - ETA: 2s - loss: 2.5089 - accuracy: 0.1401
10/98 [==>...........................] - ETA: 2s - loss: 2.4415 - accuracy: 0.1582
12/98 [==>...........................] - ETA: 2s - loss: 2.3982 - accuracy: 0.1719
14/98 [===>..........................] - ETA: 2s - loss: 2.3689 - accuracy: 0.1804
16/98 [===>..........................] - ETA: 2s - loss: 2.3446 - accuracy: 0.1884
19/98 [====>.........................] - ETA: 2s - loss: 2.3154 - accuracy: 0.1956
21/98 [=====>........................] - ETA: 2s - loss: 2.2895 - accuracy: 0.2032
23/98 [======>.......................] - ETA: 2s - loss: 2.2700 - accuracy: 0.2087
26/98 [======>.......................] - ETA: 2s - loss: 2.2470 - accuracy: 0.2145
28/98 [=======>......................] - ETA: 2s - loss: 2.2282 - accuracy: 0.2190
30/98 [========>.....................] - ETA: 2s - loss: 2.2147 - accuracy: 0.2223
33/98 [=========>....................] - ETA: 1s - loss: 2.1927 - accuracy: 0.2285
35/98 [=========>....................] - ETA: 1s - loss: 2.1810 - accuracy: 0.2308
37/98 [==========>...................] - ETA: 1s - loss: 2.1707 - accuracy: 0.2340
40/98 [===========>..................] - ETA: 1s - loss: 2.1554 - accuracy: 0.2389
42/98 [===========>..................] - ETA: 1s - loss: 2.1450 - accuracy: 0.2424
44/98 [============>.................] - ETA: 1s - loss: 2.1331 - accuracy: 0.2465
46/98 [=============>................] - ETA: 1s - loss: 2.1219 - accuracy: 0.2505
49/98 [==============>...............] - ETA: 1s - loss: 2.1104 - accuracy: 0.2549
51/98 [==============>...............] - ETA: 1s - loss: 2.1026 - accuracy: 0.2574
53/98 [===============>..............] - ETA: 1s - loss: 2.0967 - accuracy: 0.2596
55/98 [===============>..............] - ETA: 1s - loss: 2.0880 - accuracy: 0.2622
57/98 [================>.............] - ETA: 1s - loss: 2.0803 - accuracy: 0.2650
60/98 [=================>............] - ETA: 1s - loss: 2.0696 - accuracy: 0.2691
62/98 [=================>............] - ETA: 1s - loss: 2.0640 - accuracy: 0.2712
64/98 [==================>...........] - ETA: 1s - loss: 2.0583 - accuracy: 0.2729
67/98 [===================>..........] - ETA: 0s - loss: 2.0494 - accuracy: 0.2752
69/98 [====================>.........] - ETA: 0s - loss: 2.0448 - accuracy: 0.2774
71/98 [====================>.........] - ETA: 0s - loss: 2.0384 - accuracy: 0.2798
74/98 [=====================>........] - ETA: 0s - loss: 2.0322 - accuracy: 0.2820
76/98 [======================>.......] - ETA: 0s - loss: 2.0261 - accuracy: 0.2843
77/98 [======================>.......] - ETA: 0s - loss: 2.0247 - accuracy: 0.2848
79/98 [=======================>......] - ETA: 0s - loss: 2.0206 - accuracy: 0.2862
81/98 [=======================>......] - ETA: 0s - loss: 2.0158 - accuracy: 0.2880
83/98 [========================>.....] - ETA: 0s - loss: 2.0102 - accuracy: 0.2900
85/98 [=========================>....] - ETA: 0s - loss: 2.0072 - accuracy: 0.2911
88/98 [=========================>....] - ETA: 0s - loss: 2.0016 - accuracy: 0.2933
90/98 [==========================>...] - ETA: 0s - loss: 1.9972 - accuracy: 0.2947
92/98 [===========================>..] - ETA: 0s - loss: 1.9942 - accuracy: 0.2956
94/98 [===========================>..] - ETA: 0s - loss: 1.9901 - accuracy: 0.2969
96/98 [============================>.] - ETA: 0s - loss: 1.9861 - accuracy: 0.2982
98/98 [==============================] - ETA: 0s - loss: 1.9827 - accuracy: 0.2993
98/98 [==============================] - 9s 43ms/step - loss: 1.9827 - accuracy: 0.2993 - val_loss: 2.0662 - val_accuracy: 0.2937
Epoch 2/182

 1/98 [..............................] - ETA: 4s - loss: 1.7765 - accuracy: 0.3613
 3/98 [..............................] - ETA: 2s - loss: 1.7522 - accuracy: 0.3828
 5/98 [>.............................] - ETA: 2s - loss: 1.7755 - accuracy: 0.3773
 7/98 [=>............................] - ETA: 2s - loss: 1.7811 - accuracy: 0.3739
10/98 [==>...........................] - ETA: 2s - loss: 1.7743 - accuracy: 0.3742
12/98 [==>...........................] - ETA: 2s - loss: 1.7796 - accuracy: 0.3721
14/98 [===>..........................] - ETA: 2s - loss: 1.7836 - accuracy: 0.3726
16/98 [===>..........................] - ETA: 2s - loss: 1.7787 - accuracy: 0.3723
19/98 [====>.........................] - ETA: 2s - loss: 1.7821 - accuracy: 0.3723
21/98 [=====>........................] - ETA: 2s - loss: 1.7819 - accuracy: 0.3719
23/98 [======>.......................] - ETA: 2s - loss: 1.7821 - accuracy: 0.3712
26/98 [======>.......................] - ETA: 2s - loss: 1.7772 - accuracy: 0.3746
28/98 [=======>......................] - ETA: 2s - loss: 1.7735 - accuracy: 0.3751
30/98 [========>.....................] - ETA: 2s - loss: 1.7700 - accuracy: 0.3766
32/98 [========>.....................] - ETA: 1s - loss: 1.7659 - accuracy: 0.3784
35/98 [=========>....................] - ETA: 1s - loss: 1.7621 - accuracy: 0.3796
37/98 [==========>...................] - ETA: 1s - loss: 1.7613 - accuracy: 0.3794
39/98 [==========>...................] - ETA: 1s - loss: 1.7590 - accuracy: 0.3797
42/98 [===========>..................] - ETA: 1s - loss: 1.7576 - accuracy: 0.3804
44/98 [============>.................] - ETA: 1s - loss: 1.7588 - accuracy: 0.3798
46/98 [=============>................] - ETA: 1s - loss: 1.7577 - accuracy: 0.3802
49/98 [==============>...............] - ETA: 1s - loss: 1.7559 - accuracy: 0.3807
51/98 [==============>...............] - ETA: 1s - loss: 1.7553 - accuracy: 0.3807
53/98 [===============>..............] - ETA: 1s - loss: 1.7533 - accuracy: 0.3818
55/98 [===============>..............] - ETA: 1s - loss: 1.7526 - accuracy: 0.3827
57/98 [================>.............] - ETA: 1s - loss: 1.7509 - accuracy: 0.3837
59/98 [=================>............] - ETA: 1s - loss: 1.7500 - accuracy: 0.3843
61/98 [=================>............] - ETA: 1s - loss: 1.7478 - accuracy: 0.3847
63/98 [==================>...........] - ETA: 1s - loss: 1.7459 - accuracy: 0.3856
66/98 [===================>..........] - ETA: 0s - loss: 1.7444 - accuracy: 0.3863
69/98 [====================>.........] - ETA: 0s - loss: 1.7422 - accuracy: 0.3872
71/98 [====================>.........] - ETA: 0s - loss: 1.7413 - accuracy: 0.3877
73/98 [=====================>........] - ETA: 0s - loss: 1.7393 - accuracy: 0.3883
75/98 [=====================>........] - ETA: 0s - loss: 1.7380 - accuracy: 0.3886
77/98 [======================>.......] - ETA: 0s - loss: 1.7372 - accuracy: 0.3888
79/98 [=======================>......] - ETA: 0s - loss: 1.7366 - accuracy: 0.3893
81/98 [=======================>......] - ETA: 0s - loss: 1.7364 - accuracy: 0.3892
83/98 [========================>.....] - ETA: 0s - loss: 1.7366 - accuracy: 0.3900
85/98 [=========================>....] - ETA: 0s - loss: 1.7367 - accuracy: 0.3897
88/98 [=========================>....] - ETA: 0s - loss: 1.7348 - accuracy: 0.3910
90/98 [==========================>...] - ETA: 0s - loss: 1.7336 - accuracy: 0.3913
92/98 [===========================>..] - ETA: 0s - loss: 1.7325 - accuracy: 0.3912
95/98 [============================>.] - ETA: 0s - loss: 1.7331 - accuracy: 0.3911
97/98 [============================>.] - ETA: 0s - loss: 1.7331 - accuracy: 0.3910
98/98 [==============================] - 4s 39ms/step - loss: 1.7321 - accuracy: 0.3913 - val_loss: 1.9274 - val_accuracy: 0.3406
Epoch 3/182

 1/98 [..............................] - ETA: 4s - loss: 1.6437 - accuracy: 0.4434
 3/98 [..............................] - ETA: 2s - loss: 1.6688 - accuracy: 0.4134
 5/98 [>.............................] - ETA: 2s - loss: 1.6754 - accuracy: 0.4074
 8/98 [=>............................] - ETA: 2s - loss: 1.6598 - accuracy: 0.4197
10/98 [==>...........................] - ETA: 2s - loss: 1.6605 - accuracy: 0.4176
12/98 [==>...........................] - ETA: 2s - loss: 1.6597 - accuracy: 0.4194
14/98 [===>..........................] - ETA: 2s - loss: 1.6515 - accuracy: 0.4209
17/98 [====>.........................] - ETA: 2s - loss: 1.6461 - accuracy: 0.4230
19/98 [====>.........................] - ETA: 2s - loss: 1.6479 - accuracy: 0.4218
21/98 [=====>........................] - ETA: 2s - loss: 1.6490 - accuracy: 0.4201
23/98 [======>.......................] - ETA: 2s - loss: 1.6514 - accuracy: 0.4179
26/98 [======>.......................] - ETA: 2s - loss: 1.6468 - accuracy: 0.4201
29/98 [=======>......................] - ETA: 2s - loss: 1.6494 - accuracy: 0.4176
31/98 [========>.....................] - ETA: 1s - loss: 1.6503 - accuracy: 0.4169
33/98 [=========>....................] - ETA: 1s - loss: 1.6516 - accuracy: 0.4160
35/98 [=========>....................] - ETA: 1s - loss: 1.6517 - accuracy: 0.4170
38/98 [==========>...................] - ETA: 1s - loss: 1.6552 - accuracy: 0.4159
40/98 [===========>..................] - ETA: 1s - loss: 1.6539 - accuracy: 0.4162
42/98 [===========>..................] - ETA: 1s - loss: 1.6524 - accuracy: 0.4168
45/98 [============>.................] - ETA: 1s - loss: 1.6499 - accuracy: 0.4176
47/98 [=============>................] - ETA: 1s - loss: 1.6466 - accuracy: 0.4189
49/98 [==============>...............] - ETA: 1s - loss: 1.6463 - accuracy: 0.4194
52/98 [==============>...............] - ETA: 1s - loss: 1.6458 - accuracy: 0.4199
54/98 [===============>..............] - ETA: 1s - loss: 1.6450 - accuracy: 0.4200
56/98 [================>.............] - ETA: 1s - loss: 1.6451 - accuracy: 0.4202
58/98 [================>.............] - ETA: 1s - loss: 1.6450 - accuracy: 0.4202
61/98 [=================>............] - ETA: 1s - loss: 1.6441 - accuracy: 0.4208
63/98 [==================>...........] - ETA: 1s - loss: 1.6439 - accuracy: 0.4215
65/98 [==================>...........] - ETA: 0s - loss: 1.6434 - accuracy: 0.4226
68/98 [===================>..........] - ETA: 0s - loss: 1.6434 - accuracy: 0.4226
70/98 [====================>.........] - ETA: 0s - loss: 1.6433 - accuracy: 0.4223
72/98 [=====================>........] - ETA: 0s - loss: 1.6438 - accuracy: 0.4220
75/98 [=====================>........] - ETA: 0s - loss: 1.6428 - accuracy: 0.4219
77/98 [======================>.......] - ETA: 0s - loss: 1.6424 - accuracy: 0.4224
79/98 [=======================>......] - ETA: 0s - loss: 1.6424 - accuracy: 0.4222
81/98 [=======================>......] - ETA: 0s - loss: 1.6425 - accuracy: 0.4223
84/98 [========================>.....] - ETA: 0s - loss: 1.6418 - accuracy: 0.4227
86/98 [=========================>....] - ETA: 0s - loss: 1.6402 - accuracy: 0.4234
88/98 [=========================>....] - ETA: 0s - loss: 1.6399 - accuracy: 0.4234
91/98 [==========================>...] - ETA: 0s - loss: 1.6395 - accuracy: 0.4241
93/98 [===========================>..] - ETA: 0s - loss: 1.6392 - accuracy: 0.4241
95/98 [============================>.] - ETA: 0s - loss: 1.6380 - accuracy: 0.4244
98/98 [==============================] - ETA: 0s - loss: 1.6373 - accuracy: 0.4251
98/98 [==============================] - 4s 39ms/step - loss: 1.6373 - accuracy: 0.4251 - val_loss: 1.7975 - val_accuracy: 0.3823
Epoch 4/182

 1/98 [..............................] - ETA: 3s - loss: 1.5882 - accuracy: 0.4297
 3/98 [..............................] - ETA: 2s - loss: 1.5978 - accuracy: 0.4388
 5/98 [>.............................] - ETA: 2s - loss: 1.5957 - accuracy: 0.4359
 7/98 [=>............................] - ETA: 2s - loss: 1.5865 - accuracy: 0.4355
 9/98 [=>............................] - ETA: 2s - loss: 1.5868 - accuracy: 0.4342
12/98 [==>...........................] - ETA: 2s - loss: 1.5850 - accuracy: 0.4355
14/98 [===>..........................] - ETA: 2s - loss: 1.5809 - accuracy: 0.4399
16/98 [===>..........................] - ETA: 2s - loss: 1.5836 - accuracy: 0.4374
19/98 [====>.........................] - ETA: 2s - loss: 1.5833 - accuracy: 0.4380
21/98 [=====>........................] - ETA: 2s - loss: 1.5856 - accuracy: 0.4382
23/98 [======>.......................] - ETA: 2s - loss: 1.5878 - accuracy: 0.4383
26/98 [======>.......................] - ETA: 2s - loss: 1.5892 - accuracy: 0.4389
28/98 [=======>......................] - ETA: 2s - loss: 1.5867 - accuracy: 0.4402
30/98 [========>.....................] - ETA: 2s - loss: 1.5862 - accuracy: 0.4423
32/98 [========>.....................] - ETA: 1s - loss: 1.5871 - accuracy: 0.4414
35/98 [=========>....................] - ETA: 1s - loss: 1.5808 - accuracy: 0.4439
37/98 [==========>...................] - ETA: 1s - loss: 1.5786 - accuracy: 0.4450
39/98 [==========>...................] - ETA: 1s - loss: 1.5776 - accuracy: 0.4461
41/98 [===========>..................] - ETA: 1s - loss: 1.5778 - accuracy: 0.4464
44/98 [============>.................] - ETA: 1s - loss: 1.5761 - accuracy: 0.4474
46/98 [=============>................] - ETA: 1s - loss: 1.5757 - accuracy: 0.4474
48/98 [=============>................] - ETA: 1s - loss: 1.5762 - accuracy: 0.4476
51/98 [==============>...............] - ETA: 1s - loss: 1.5760 - accuracy: 0.4477
53/98 [===============>..............] - ETA: 1s - loss: 1.5745 - accuracy: 0.4478
55/98 [===============>..............] - ETA: 1s - loss: 1.5757 - accuracy: 0.4471
57/98 [================>.............] - ETA: 1s - loss: 1.5737 - accuracy: 0.4483
60/98 [=================>............] - ETA: 1s - loss: 1.5734 - accuracy: 0.4489
62/98 [=================>............] - ETA: 1s - loss: 1.5735 - accuracy: 0.4488
64/98 [==================>...........] - ETA: 1s - loss: 1.5725 - accuracy: 0.4489
66/98 [===================>..........] - ETA: 0s - loss: 1.5732 - accuracy: 0.4492
69/98 [====================>.........] - ETA: 0s - loss: 1.5723 - accuracy: 0.4493
71/98 [====================>.........] - ETA: 0s - loss: 1.5721 - accuracy: 0.4494
73/98 [=====================>........] - ETA: 0s - loss: 1.5730 - accuracy: 0.4492
76/98 [======================>.......] - ETA: 0s - loss: 1.5726 - accuracy: 0.4491
78/98 [======================>.......] - ETA: 0s - loss: 1.5720 - accuracy: 0.4494
80/98 [=======================>......] - ETA: 0s - loss: 1.5706 - accuracy: 0.4504
83/98 [========================>.....] - ETA: 0s - loss: 1.5703 - accuracy: 0.4507
85/98 [=========================>....] - ETA: 0s - loss: 1.5701 - accuracy: 0.4506
87/98 [=========================>....] - ETA: 0s - loss: 1.5694 - accuracy: 0.4507
89/98 [==========================>...] - ETA: 0s - loss: 1.5686 - accuracy: 0.4512
92/98 [===========================>..] - ETA: 0s - loss: 1.5682 - accuracy: 0.4514
94/98 [===========================>..] - ETA: 0s - loss: 1.5689 - accuracy: 0.4509
97/98 [============================>.] - ETA: 0s - loss: 1.5683 - accuracy: 0.4511
98/98 [==============================] - 4s 39ms/step - loss: 1.5680 - accuracy: 0.4511 - val_loss: 1.6871 - val_accuracy: 0.4114
Epoch 5/182

 1/98 [..............................] - ETA: 3s - loss: 1.5262 - accuracy: 0.4512
 3/98 [..............................] - ETA: 2s - loss: 1.4966 - accuracy: 0.4688
 5/98 [>.............................] - ETA: 2s - loss: 1.5322 - accuracy: 0.4594
 7/98 [=>............................] - ETA: 2s - loss: 1.5350 - accuracy: 0.4648
 9/98 [=>............................] - ETA: 2s - loss: 1.5398 - accuracy: 0.4616
11/98 [==>...........................] - ETA: 2s - loss: 1.5297 - accuracy: 0.4640
13/98 [==>...........................] - ETA: 2s - loss: 1.5371 - accuracy: 0.4605
15/98 [===>..........................] - ETA: 2s - loss: 1.5444 - accuracy: 0.4583
18/98 [====>.........................] - ETA: 2s - loss: 1.5375 - accuracy: 0.4608
20/98 [=====>........................] - ETA: 2s - loss: 1.5368 - accuracy: 0.4611
22/98 [=====>........................] - ETA: 2s - loss: 1.5277 - accuracy: 0.4641
25/98 [======>.......................] - ETA: 2s - loss: 1.5302 - accuracy: 0.4641
27/98 [=======>......................] - ETA: 2s - loss: 1.5261 - accuracy: 0.4661
29/98 [=======>......................] - ETA: 2s - loss: 1.5223 - accuracy: 0.4674
32/98 [========>.....................] - ETA: 1s - loss: 1.5199 - accuracy: 0.4686
34/98 [=========>....................] - ETA: 1s - loss: 1.5188 - accuracy: 0.4693
36/98 [==========>...................] - ETA: 1s - loss: 1.5205 - accuracy: 0.4688
39/98 [==========>...................] - ETA: 1s - loss: 1.5196 - accuracy: 0.4699
41/98 [===========>..................] - ETA: 1s - loss: 1.5191 - accuracy: 0.4700
43/98 [============>.................] - ETA: 1s - loss: 1.5177 - accuracy: 0.4699
45/98 [============>.................] - ETA: 1s - loss: 1.5185 - accuracy: 0.4695
48/98 [=============>................] - ETA: 1s - loss: 1.5169 - accuracy: 0.4699
50/98 [==============>...............] - ETA: 1s - loss: 1.5171 - accuracy: 0.4698
52/98 [==============>...............] - ETA: 1s - loss: 1.5161 - accuracy: 0.4700
54/98 [===============>..............] - ETA: 1s - loss: 1.5146 - accuracy: 0.4700
57/98 [================>.............] - ETA: 1s - loss: 1.5145 - accuracy: 0.4701
59/98 [=================>............] - ETA: 1s - loss: 1.5134 - accuracy: 0.4705
61/98 [=================>............] - ETA: 1s - loss: 1.5141 - accuracy: 0.4698
64/98 [==================>...........] - ETA: 1s - loss: 1.5139 - accuracy: 0.4692
66/98 [===================>..........] - ETA: 0s - loss: 1.5141 - accuracy: 0.4690
68/98 [===================>..........] - ETA: 0s - loss: 1.5146 - accuracy: 0.4688
71/98 [====================>.........] - ETA: 0s - loss: 1.5146 - accuracy: 0.4694
73/98 [=====================>........] - ETA: 0s - loss: 1.5146 - accuracy: 0.4692
75/98 [=====================>........] - ETA: 0s - loss: 1.5159 - accuracy: 0.4689
78/98 [======================>.......] - ETA: 0s - loss: 1.5156 - accuracy: 0.4690
80/98 [=======================>......] - ETA: 0s - loss: 1.5162 - accuracy: 0.4687
82/98 [========================>.....] - ETA: 0s - loss: 1.5158 - accuracy: 0.4689
85/98 [=========================>....] - ETA: 0s - loss: 1.5145 - accuracy: 0.4692
87/98 [=========================>....] - ETA: 0s - loss: 1.5149 - accuracy: 0.4695
89/98 [==========================>...] - ETA: 0s - loss: 1.5151 - accuracy: 0.4691
92/98 [===========================>..] - ETA: 0s - loss: 1.5143 - accuracy: 0.4698
94/98 [===========================>..] - ETA: 0s - loss: 1.5144 - accuracy: 0.4698
96/98 [============================>.] - ETA: 0s - loss: 1.5145 - accuracy: 0.4696
98/98 [==============================] - 4s 39ms/step - loss: 1.5150 - accuracy: 0.4694 - val_loss: 1.5827 - val_accuracy: 0.4521
Epoch 6/182

 1/98 [..............................] - ETA: 4s - loss: 1.4758 - accuracy: 0.4531
 3/98 [..............................] - ETA: 2s - loss: 1.5061 - accuracy: 0.4570
 5/98 [>.............................] - ETA: 2s - loss: 1.4795 - accuracy: 0.4699
 8/98 [=>............................] - ETA: 2s - loss: 1.4620 - accuracy: 0.4797
10/98 [==>...........................] - ETA: 2s - loss: 1.4673 - accuracy: 0.4803
12/98 [==>...........................] - ETA: 2s - loss: 1.4609 - accuracy: 0.4832
14/98 [===>..........................] - ETA: 2s - loss: 1.4661 - accuracy: 0.4821
17/98 [====>.........................] - ETA: 2s - loss: 1.4676 - accuracy: 0.4827
19/98 [====>.........................] - ETA: 2s - loss: 1.4629 - accuracy: 0.4836
21/98 [=====>........................] - ETA: 2s - loss: 1.4699 - accuracy: 0.4815
23/98 [======>.......................] - ETA: 2s - loss: 1.4703 - accuracy: 0.4825
26/98 [======>.......................] - ETA: 2s - loss: 1.4726 - accuracy: 0.4815
28/98 [=======>......................] - ETA: 2s - loss: 1.4729 - accuracy: 0.4814
30/98 [========>.....................] - ETA: 2s - loss: 1.4728 - accuracy: 0.4813
32/98 [========>.....................] - ETA: 1s - loss: 1.4710 - accuracy: 0.4827
35/98 [=========>....................] - ETA: 1s - loss: 1.4693 - accuracy: 0.4829
37/98 [==========>...................] - ETA: 1s - loss: 1.4692 - accuracy: 0.4836
39/98 [==========>...................] - ETA: 1s - loss: 1.4674 - accuracy: 0.4840
41/98 [===========>..................] - ETA: 1s - loss: 1.4664 - accuracy: 0.4844
44/98 [============>.................] - ETA: 1s - loss: 1.4695 - accuracy: 0.4838
46/98 [=============>................] - ETA: 1s - loss: 1.4698 - accuracy: 0.4840
48/98 [=============>................] - ETA: 1s - loss: 1.4713 - accuracy: 0.4832
50/98 [==============>...............] - ETA: 1s - loss: 1.4719 - accuracy: 0.4834
53/98 [===============>..............] - ETA: 1s - loss: 1.4728 - accuracy: 0.4830
55/98 [===============>..............] - ETA: 1s - loss: 1.4735 - accuracy: 0.4831
57/98 [================>.............] - ETA: 1s - loss: 1.4741 - accuracy: 0.4832
60/98 [=================>............] - ETA: 1s - loss: 1.4767 - accuracy: 0.4826
62/98 [=================>............] - ETA: 1s - loss: 1.4779 - accuracy: 0.4820
64/98 [==================>...........] - ETA: 1s - loss: 1.4778 - accuracy: 0.4822
67/98 [===================>..........] - ETA: 0s - loss: 1.4763 - accuracy: 0.4827
69/98 [====================>.........] - ETA: 0s - loss: 1.4759 - accuracy: 0.4826
71/98 [====================>.........] - ETA: 0s - loss: 1.4757 - accuracy: 0.4830
73/98 [=====================>........] - ETA: 0s - loss: 1.4748 - accuracy: 0.4835
76/98 [======================>.......] - ETA: 0s - loss: 1.4735 - accuracy: 0.4843
78/98 [======================>.......] - ETA: 0s - loss: 1.4748 - accuracy: 0.4839
81/98 [=======================>......] - ETA: 0s - loss: 1.4739 - accuracy: 0.4839
83/98 [========================>.....] - ETA: 0s - loss: 1.4745 - accuracy: 0.4837
85/98 [=========================>....] - ETA: 0s - loss: 1.4739 - accuracy: 0.4839
88/98 [=========================>....] - ETA: 0s - loss: 1.4732 - accuracy: 0.4845
90/98 [==========================>...] - ETA: 0s - loss: 1.4733 - accuracy: 0.4846
92/98 [===========================>..] - ETA: 0s - loss: 1.4723 - accuracy: 0.4849
95/98 [============================>.] - ETA: 0s - loss: 1.4721 - accuracy: 0.4853
97/98 [============================>.] - ETA: 0s - loss: 1.4720 - accuracy: 0.4852
98/98 [==============================] - 4s 39ms/step - loss: 1.4723 - accuracy: 0.4853 - val_loss: 1.5061 - val_accuracy: 0.4728
Epoch 7/182

 1/98 [..............................] - ETA: 4s - loss: 1.4567 - accuracy: 0.4980
 3/98 [..............................] - ETA: 2s - loss: 1.4559 - accuracy: 0.4974
 5/98 [>.............................] - ETA: 2s - loss: 1.4341 - accuracy: 0.4992
 7/98 [=>............................] - ETA: 2s - loss: 1.4340 - accuracy: 0.5000
 9/98 [=>............................] - ETA: 2s - loss: 1.4305 - accuracy: 0.5089
12/98 [==>...........................] - ETA: 2s - loss: 1.4219 - accuracy: 0.5099
14/98 [===>..........................] - ETA: 2s - loss: 1.4225 - accuracy: 0.5093
16/98 [===>..........................] - ETA: 2s - loss: 1.4245 - accuracy: 0.5100
18/98 [====>.........................] - ETA: 2s - loss: 1.4222 - accuracy: 0.5113
21/98 [=====>........................] - ETA: 2s - loss: 1.4273 - accuracy: 0.5080
23/98 [======>.......................] - ETA: 2s - loss: 1.4300 - accuracy: 0.5057
25/98 [======>.......................] - ETA: 2s - loss: 1.4277 - accuracy: 0.5069
27/98 [=======>......................] - ETA: 2s - loss: 1.4303 - accuracy: 0.5053
29/98 [=======>......................] - ETA: 2s - loss: 1.4290 - accuracy: 0.5043
32/98 [========>.....................] - ETA: 1s - loss: 1.4306 - accuracy: 0.5038
34/98 [=========>....................] - ETA: 1s - loss: 1.4294 - accuracy: 0.5034
36/98 [==========>...................] - ETA: 1s - loss: 1.4280 - accuracy: 0.5036
38/98 [==========>...................] - ETA: 1s - loss: 1.4287 - accuracy: 0.5030
40/98 [===========>..................] - ETA: 1s - loss: 1.4285 - accuracy: 0.5030
43/98 [============>.................] - ETA: 1s - loss: 1.4291 - accuracy: 0.5027
45/98 [============>.................] - ETA: 1s - loss: 1.4292 - accuracy: 0.5027
47/98 [=============>................] - ETA: 1s - loss: 1.4280 - accuracy: 0.5020
49/98 [==============>...............] - ETA: 1s - loss: 1.4274 - accuracy: 0.5022
51/98 [==============>...............] - ETA: 1s - loss: 1.4280 - accuracy: 0.5016
53/98 [===============>..............] - ETA: 1s - loss: 1.4277 - accuracy: 0.5026
56/98 [================>.............] - ETA: 1s - loss: 1.4263 - accuracy: 0.5038
58/98 [================>.............] - ETA: 1s - loss: 1.4281 - accuracy: 0.5029
60/98 [=================>............] - ETA: 1s - loss: 1.4275 - accuracy: 0.5031
62/98 [=================>............] - ETA: 1s - loss: 1.4280 - accuracy: 0.5029
64/98 [==================>...........] - ETA: 1s - loss: 1.4282 - accuracy: 0.5030
66/98 [===================>..........] - ETA: 0s - loss: 1.4275 - accuracy: 0.5035
69/98 [====================>.........] - ETA: 0s - loss: 1.4278 - accuracy: 0.5040
71/98 [====================>.........] - ETA: 0s - loss: 1.4285 - accuracy: 0.5037
73/98 [=====================>........] - ETA: 0s - loss: 1.4278 - accuracy: 0.5035
75/98 [=====================>........] - ETA: 0s - loss: 1.4266 - accuracy: 0.5039
77/98 [======================>.......] - ETA: 0s - loss: 1.4263 - accuracy: 0.5039
80/98 [=======================>......] - ETA: 0s - loss: 1.4269 - accuracy: 0.5036
82/98 [========================>.....] - ETA: 0s - loss: 1.4275 - accuracy: 0.5037
84/98 [========================>.....] - ETA: 0s - loss: 1.4292 - accuracy: 0.5032
86/98 [=========================>....] - ETA: 0s - loss: 1.4306 - accuracy: 0.5028
88/98 [=========================>....] - ETA: 0s - loss: 1.4312 - accuracy: 0.5025
91/98 [==========================>...] - ETA: 0s - loss: 1.4311 - accuracy: 0.5020
93/98 [===========================>..] - ETA: 0s - loss: 1.4321 - accuracy: 0.5015
95/98 [============================>.] - ETA: 0s - loss: 1.4326 - accuracy: 0.5015
97/98 [============================>.] - ETA: 0s - loss: 1.4324 - accuracy: 0.5016
98/98 [==============================] - 4s 40ms/step - loss: 1.4329 - accuracy: 0.5011 - val_loss: 1.4564 - val_accuracy: 0.4830
Epoch 8/182

 1/98 [..............................] - ETA: 4s - loss: 1.3542 - accuracy: 0.5430
 3/98 [..............................] - ETA: 2s - loss: 1.3994 - accuracy: 0.5228
 6/98 [>.............................] - ETA: 2s - loss: 1.4145 - accuracy: 0.5081
 8/98 [=>............................] - ETA: 2s - loss: 1.4147 - accuracy: 0.5085
10/98 [==>...........................] - ETA: 2s - loss: 1.4113 - accuracy: 0.5119
12/98 [==>...........................] - ETA: 2s - loss: 1.4187 - accuracy: 0.5103
15/98 [===>..........................] - ETA: 2s - loss: 1.4100 - accuracy: 0.5134
17/98 [====>.........................] - ETA: 2s - loss: 1.4147 - accuracy: 0.5115
19/98 [====>.........................] - ETA: 2s - loss: 1.4139 - accuracy: 0.5117
21/98 [=====>........................] - ETA: 2s - loss: 1.4122 - accuracy: 0.5126
24/98 [======>.......................] - ETA: 2s - loss: 1.4067 - accuracy: 0.5157
26/98 [======>.......................] - ETA: 2s - loss: 1.4075 - accuracy: 0.5151
28/98 [=======>......................] - ETA: 2s - loss: 1.4052 - accuracy: 0.5151
31/98 [========>.....................] - ETA: 1s - loss: 1.4025 - accuracy: 0.5153
33/98 [=========>....................] - ETA: 1s - loss: 1.4024 - accuracy: 0.5152
35/98 [=========>....................] - ETA: 1s - loss: 1.4036 - accuracy: 0.5147
37/98 [==========>...................] - ETA: 1s - loss: 1.4052 - accuracy: 0.5139
40/98 [===========>..................] - ETA: 1s - loss: 1.4037 - accuracy: 0.5126
42/98 [===========>..................] - ETA: 1s - loss: 1.4037 - accuracy: 0.5130
45/98 [============>.................] - ETA: 1s - loss: 1.4017 - accuracy: 0.5134
47/98 [=============>................] - ETA: 1s - loss: 1.4008 - accuracy: 0.5129
49/98 [==============>...............] - ETA: 1s - loss: 1.4015 - accuracy: 0.5123
51/98 [==============>...............] - ETA: 1s - loss: 1.4007 - accuracy: 0.5133
52/98 [==============>...............] - ETA: 1s - loss: 1.4014 - accuracy: 0.5130
54/98 [===============>..............] - ETA: 1s - loss: 1.4023 - accuracy: 0.5128
56/98 [================>.............] - ETA: 1s - loss: 1.4018 - accuracy: 0.5129
58/98 [================>.............] - ETA: 1s - loss: 1.4017 - accuracy: 0.5129
61/98 [=================>............] - ETA: 1s - loss: 1.4004 - accuracy: 0.5145
63/98 [==================>...........] - ETA: 1s - loss: 1.4027 - accuracy: 0.5138
65/98 [==================>...........] - ETA: 0s - loss: 1.4024 - accuracy: 0.5134
67/98 [===================>..........] - ETA: 0s - loss: 1.4006 - accuracy: 0.5143
69/98 [====================>.........] - ETA: 0s - loss: 1.4005 - accuracy: 0.5141
71/98 [====================>.........] - ETA: 0s - loss: 1.4017 - accuracy: 0.5136
73/98 [=====================>........] - ETA: 0s - loss: 1.4009 - accuracy: 0.5138
75/98 [=====================>........] - ETA: 0s - loss: 1.4002 - accuracy: 0.5141
77/98 [======================>.......] - ETA: 0s - loss: 1.4001 - accuracy: 0.5140
80/98 [=======================>......] - ETA: 0s - loss: 1.4002 - accuracy: 0.5139
82/98 [========================>.....] - ETA: 0s - loss: 1.4002 - accuracy: 0.5134
84/98 [========================>.....] - ETA: 0s - loss: 1.4009 - accuracy: 0.5133
87/98 [=========================>....] - ETA: 0s - loss: 1.4003 - accuracy: 0.5137
89/98 [==========================>...] - ETA: 0s - loss: 1.4002 - accuracy: 0.5135
91/98 [==========================>...] - ETA: 0s - loss: 1.4011 - accuracy: 0.5134
94/98 [===========================>..] - ETA: 0s - loss: 1.4010 - accuracy: 0.5132
96/98 [============================>.] - ETA: 0s - loss: 1.4008 - accuracy: 0.5130
98/98 [==============================] - ETA: 0s - loss: 1.4006 - accuracy: 0.5132
98/98 [==============================] - 4s 40ms/step - loss: 1.4006 - accuracy: 0.5132 - val_loss: 1.4147 - val_accuracy: 0.5044
Epoch 9/182

 1/98 [..............................] - ETA: 4s - loss: 1.3894 - accuracy: 0.5312
 3/98 [..............................] - ETA: 2s - loss: 1.3609 - accuracy: 0.5417
 5/98 [>.............................] - ETA: 2s - loss: 1.3934 - accuracy: 0.5297
 8/98 [=>............................] - ETA: 2s - loss: 1.3751 - accuracy: 0.5317
10/98 [==>...........................] - ETA: 2s - loss: 1.3782 - accuracy: 0.5299
12/98 [==>...........................] - ETA: 2s - loss: 1.3778 - accuracy: 0.5291
14/98 [===>..........................] - ETA: 2s - loss: 1.3744 - accuracy: 0.5289
17/98 [====>.........................] - ETA: 2s - loss: 1.3817 - accuracy: 0.5252
19/98 [====>.........................] - ETA: 2s - loss: 1.3865 - accuracy: 0.5222
21/98 [=====>........................] - ETA: 2s - loss: 1.3840 - accuracy: 0.5230
23/98 [======>.......................] - ETA: 2s - loss: 1.3843 - accuracy: 0.5225
26/98 [======>.......................] - ETA: 2s - loss: 1.3830 - accuracy: 0.5219
28/98 [=======>......................] - ETA: 2s - loss: 1.3806 - accuracy: 0.5226
30/98 [========>.....................] - ETA: 2s - loss: 1.3810 - accuracy: 0.5214
33/98 [=========>....................] - ETA: 1s - loss: 1.3746 - accuracy: 0.5233
35/98 [=========>....................] - ETA: 1s - loss: 1.3755 - accuracy: 0.5228
37/98 [==========>...................] - ETA: 1s - loss: 1.3764 - accuracy: 0.5215
40/98 [===========>..................] - ETA: 1s - loss: 1.3749 - accuracy: 0.5214
42/98 [===========>..................] - ETA: 1s - loss: 1.3733 - accuracy: 0.5217
44/98 [============>.................] - ETA: 1s - loss: 1.3731 - accuracy: 0.5205
46/98 [=============>................] - ETA: 1s - loss: 1.3729 - accuracy: 0.5205
49/98 [==============>...............] - ETA: 1s - loss: 1.3751 - accuracy: 0.5197
51/98 [==============>...............] - ETA: 1s - loss: 1.3755 - accuracy: 0.5198
53/98 [===============>..............] - ETA: 1s - loss: 1.3778 - accuracy: 0.5186
56/98 [================>.............] - ETA: 1s - loss: 1.3778 - accuracy: 0.5183
58/98 [================>.............] - ETA: 1s - loss: 1.3766 - accuracy: 0.5196
60/98 [=================>............] - ETA: 1s - loss: 1.3745 - accuracy: 0.5208
63/98 [==================>...........] - ETA: 1s - loss: 1.3756 - accuracy: 0.5203
65/98 [==================>...........] - ETA: 0s - loss: 1.3754 - accuracy: 0.5199
67/98 [===================>..........] - ETA: 0s - loss: 1.3751 - accuracy: 0.5197
70/98 [====================>.........] - ETA: 0s - loss: 1.3753 - accuracy: 0.5193
72/98 [=====================>........] - ETA: 0s - loss: 1.3765 - accuracy: 0.5193
74/98 [=====================>........] - ETA: 0s - loss: 1.3760 - accuracy: 0.5195
76/98 [======================>.......] - ETA: 0s - loss: 1.3747 - accuracy: 0.5197
79/98 [=======================>......] - ETA: 0s - loss: 1.3747 - accuracy: 0.5198
81/98 [=======================>......] - ETA: 0s - loss: 1.3748 - accuracy: 0.5197
84/98 [========================>.....] - ETA: 0s - loss: 1.3751 - accuracy: 0.5192
86/98 [=========================>....] - ETA: 0s - loss: 1.3749 - accuracy: 0.5195
88/98 [=========================>....] - ETA: 0s - loss: 1.3751 - accuracy: 0.5190
91/98 [==========================>...] - ETA: 0s - loss: 1.3751 - accuracy: 0.5192
93/98 [===========================>..] - ETA: 0s - loss: 1.3753 - accuracy: 0.5188
95/98 [============================>.] - ETA: 0s - loss: 1.3743 - accuracy: 0.5190
97/98 [============================>.] - ETA: 0s - loss: 1.3737 - accuracy: 0.5191
98/98 [==============================] - 4s 39ms/step - loss: 1.3736 - accuracy: 0.5195 - val_loss: 1.3896 - val_accuracy: 0.5127
Epoch 10/182

 1/98 [..............................] - ETA: 4s - loss: 1.3106 - accuracy: 0.5098
 3/98 [..............................] - ETA: 2s - loss: 1.3022 - accuracy: 0.5404
 6/98 [>.............................] - ETA: 2s - loss: 1.3393 - accuracy: 0.5245
 9/98 [=>............................] - ETA: 2s - loss: 1.3467 - accuracy: 0.5271
11/98 [==>...........................] - ETA: 2s - loss: 1.3486 - accuracy: 0.5258
13/98 [==>...........................] - ETA: 2s - loss: 1.3450 - accuracy: 0.5284
16/98 [===>..........................] - ETA: 2s - loss: 1.3498 - accuracy: 0.5266
18/98 [====>.........................] - ETA: 2s - loss: 1.3450 - accuracy: 0.5310
20/98 [=====>........................] - ETA: 2s - loss: 1.3503 - accuracy: 0.5264
22/98 [=====>........................] - ETA: 2s - loss: 1.3490 - accuracy: 0.5265
25/98 [======>.......................] - ETA: 2s - loss: 1.3509 - accuracy: 0.5256
27/98 [=======>......................] - ETA: 2s - loss: 1.3511 - accuracy: 0.5262
29/98 [=======>......................] - ETA: 2s - loss: 1.3475 - accuracy: 0.5270
31/98 [========>.....................] - ETA: 1s - loss: 1.3464 - accuracy: 0.5280
34/98 [=========>....................] - ETA: 1s - loss: 1.3446 - accuracy: 0.5296
36/98 [==========>...................] - ETA: 1s - loss: 1.3438 - accuracy: 0.5303
38/98 [==========>...................] - ETA: 1s - loss: 1.3466 - accuracy: 0.5285
41/98 [===========>..................] - ETA: 1s - loss: 1.3492 - accuracy: 0.5277
43/98 [============>.................] - ETA: 1s - loss: 1.3471 - accuracy: 0.5276
45/98 [============>.................] - ETA: 1s - loss: 1.3494 - accuracy: 0.5269
48/98 [=============>................] - ETA: 1s - loss: 1.3462 - accuracy: 0.5285
50/98 [==============>...............] - ETA: 1s - loss: 1.3457 - accuracy: 0.5285
52/98 [==============>...............] - ETA: 1s - loss: 1.3430 - accuracy: 0.5296
55/98 [===============>..............] - ETA: 1s - loss: 1.3428 - accuracy: 0.5291
57/98 [================>.............] - ETA: 1s - loss: 1.3433 - accuracy: 0.5293
59/98 [=================>............] - ETA: 1s - loss: 1.3436 - accuracy: 0.5291
61/98 [=================>............] - ETA: 1s - loss: 1.3448 - accuracy: 0.5289
64/98 [==================>...........] - ETA: 0s - loss: 1.3450 - accuracy: 0.5294
66/98 [===================>..........] - ETA: 0s - loss: 1.3436 - accuracy: 0.5301
68/98 [===================>..........] - ETA: 0s - loss: 1.3421 - accuracy: 0.5309
71/98 [====================>.........] - ETA: 0s - loss: 1.3424 - accuracy: 0.5308
73/98 [=====================>........] - ETA: 0s - loss: 1.3442 - accuracy: 0.5301
75/98 [=====================>........] - ETA: 0s - loss: 1.3428 - accuracy: 0.5304
77/98 [======================>.......] - ETA: 0s - loss: 1.3431 - accuracy: 0.5305
80/98 [=======================>......] - ETA: 0s - loss: 1.3426 - accuracy: 0.5308
82/98 [========================>.....] - ETA: 0s - loss: 1.3424 - accuracy: 0.5305
84/98 [========================>.....] - ETA: 0s - loss: 1.3429 - accuracy: 0.5304
86/98 [=========================>....] - ETA: 0s - loss: 1.3438 - accuracy: 0.5301
89/98 [==========================>...] - ETA: 0s - loss: 1.3423 - accuracy: 0.5306
