2024-07-26 22:33:35.942092: I tensorflow/core/platform/cpu_feature_guard.cc:193] This TensorFlow binary is optimized with oneAPI Deep Neural Network Library (oneDNN) to use the following CPU instructions in performance-critical operations:  AVX AVX2
To enable them in other operations, rebuild TensorFlow with the appropriate compiler flags.
2024-07-26 22:33:37.039580: I tensorflow/core/common_runtime/gpu/gpu_device.cc:1616] Created device /job:localhost/replica:0/task:0/device:GPU:0 with 6656 MB memory:  -> device: 0, name: NVIDIA GeForce RTX 4060 Ti, pci bus id: 0000:01:00.0, compute capability: 8.9
1 Physical GPUs, 1 Logical GPUs
Model: "sequential"
_________________________________________________________________
 Layer (type)                Output Shape              Param #   
=================================================================
 conv2d (Conv2D)             (None, 32, 32, 32)        896       
                                                                 
 max_pooling2d (MaxPooling2D  (None, 16, 16, 32)       0         
 )                                                               
                                                                 
 conv2d_1 (Conv2D)           (None, 16, 16, 64)        18496     
                                                                 
 max_pooling2d_1 (MaxPooling  (None, 8, 8, 64)         0         
 2D)                                                             
                                                                 
 dropout (Dropout)           (None, 8, 8, 64)          0         
                                                                 
 flatten (Flatten)           (None, 4096)              0         
                                                                 
 dense (Dense)               (None, 10)                40970     
                                                                 
=================================================================
Total params: 60,362
Trainable params: 60,362
Non-trainable params: 0
_________________________________________________________________
Taxa de aprendizado:  1e-05 Num de épocas:  36 Tamanho do lote:  512 Dropout:  0.48
Epoch 1/36
2024-07-26 22:33:38.881425: I tensorflow/stream_executor/cuda/cuda_dnn.cc:384] Loaded cuDNN version 8100
2024-07-26 22:33:40.438781: W tensorflow/stream_executor/gpu/redzone_allocator.cc:314] INTERNAL: ptxas exited with non-zero error code -1, output: 
Relying on driver to perform ptx compilation. 
Modify $PATH to customize ptxas location.
This message will be only logged once.
2024-07-26 22:33:41.966124: I tensorflow/stream_executor/cuda/cuda_blas.cc:1614] TensorFloat-32 will be used for the matrix multiplication. This will only be logged once.

 1/98 [..............................] - ETA: 8:25 - loss: 2.3124 - accuracy: 0.0996
 4/98 [>.............................] - ETA: 2s - loss: 2.3144 - accuracy: 0.0962  
 7/98 [=>............................] - ETA: 2s - loss: 2.3152 - accuracy: 0.0996
10/98 [==>...........................] - ETA: 2s - loss: 2.3157 - accuracy: 0.1002
13/98 [==>...........................] - ETA: 1s - loss: 2.3160 - accuracy: 0.0984
16/98 [===>..........................] - ETA: 1s - loss: 2.3155 - accuracy: 0.0985
19/98 [====>.........................] - ETA: 1s - loss: 2.3157 - accuracy: 0.0963
22/98 [=====>........................] - ETA: 1s - loss: 2.3148 - accuracy: 0.0980
25/98 [======>.......................] - ETA: 1s - loss: 2.3143 - accuracy: 0.0973
28/98 [=======>......................] - ETA: 1s - loss: 2.3141 - accuracy: 0.0977
31/98 [========>.....................] - ETA: 1s - loss: 2.3139 - accuracy: 0.0960
34/98 [=========>....................] - ETA: 1s - loss: 2.3140 - accuracy: 0.0964
37/98 [==========>...................] - ETA: 1s - loss: 2.3131 - accuracy: 0.0983
40/98 [===========>..................] - ETA: 1s - loss: 2.3128 - accuracy: 0.0994
43/98 [============>.................] - ETA: 1s - loss: 2.3121 - accuracy: 0.1004
46/98 [=============>................] - ETA: 1s - loss: 2.3118 - accuracy: 0.1008
49/98 [==============>...............] - ETA: 1s - loss: 2.3116 - accuracy: 0.1008
52/98 [==============>...............] - ETA: 1s - loss: 2.3110 - accuracy: 0.1012
55/98 [===============>..............] - ETA: 0s - loss: 2.3105 - accuracy: 0.1021
58/98 [================>.............] - ETA: 0s - loss: 2.3104 - accuracy: 0.1015
61/98 [=================>............] - ETA: 0s - loss: 2.3103 - accuracy: 0.1017
64/98 [==================>...........] - ETA: 0s - loss: 2.3097 - accuracy: 0.1023
67/98 [===================>..........] - ETA: 0s - loss: 2.3095 - accuracy: 0.1021
70/98 [====================>.........] - ETA: 0s - loss: 2.3090 - accuracy: 0.1021
73/98 [=====================>........] - ETA: 0s - loss: 2.3090 - accuracy: 0.1022
76/98 [======================>.......] - ETA: 0s - loss: 2.3087 - accuracy: 0.1023
79/98 [=======================>......] - ETA: 0s - loss: 2.3084 - accuracy: 0.1029
82/98 [========================>.....] - ETA: 0s - loss: 2.3081 - accuracy: 0.1030
85/98 [=========================>....] - ETA: 0s - loss: 2.3079 - accuracy: 0.1034
88/98 [=========================>....] - ETA: 0s - loss: 2.3075 - accuracy: 0.1037
91/98 [==========================>...] - ETA: 0s - loss: 2.3072 - accuracy: 0.1041
94/98 [===========================>..] - ETA: 0s - loss: 2.3071 - accuracy: 0.1045
97/98 [============================>.] - ETA: 0s - loss: 2.3069 - accuracy: 0.1049
98/98 [==============================] - 9s 38ms/step - loss: 2.3069 - accuracy: 0.1050 - val_loss: 2.2913 - val_accuracy: 0.1288
Epoch 2/36

 1/98 [..............................] - ETA: 3s - loss: 2.3032 - accuracy: 0.1094
 3/98 [..............................] - ETA: 2s - loss: 2.2996 - accuracy: 0.1165
 6/98 [>.............................] - ETA: 2s - loss: 2.2984 - accuracy: 0.1286
 9/98 [=>............................] - ETA: 2s - loss: 2.2957 - accuracy: 0.1250
12/98 [==>...........................] - ETA: 1s - loss: 2.2967 - accuracy: 0.1216
15/98 [===>..........................] - ETA: 1s - loss: 2.2956 - accuracy: 0.1224
18/98 [====>.........................] - ETA: 1s - loss: 2.2952 - accuracy: 0.1239
21/98 [=====>........................] - ETA: 1s - loss: 2.2949 - accuracy: 0.1237
24/98 [======>.......................] - ETA: 1s - loss: 2.2948 - accuracy: 0.1223
27/98 [=======>......................] - ETA: 1s - loss: 2.2944 - accuracy: 0.1228
30/98 [========>.....................] - ETA: 1s - loss: 2.2946 - accuracy: 0.1226
33/98 [=========>....................] - ETA: 1s - loss: 2.2948 - accuracy: 0.1222
36/98 [==========>...................] - ETA: 1s - loss: 2.2948 - accuracy: 0.1206
39/98 [==========>...................] - ETA: 1s - loss: 2.2942 - accuracy: 0.1218
42/98 [===========>..................] - ETA: 1s - loss: 2.2940 - accuracy: 0.1221
45/98 [============>.................] - ETA: 1s - loss: 2.2942 - accuracy: 0.1215
48/98 [=============>................] - ETA: 1s - loss: 2.2942 - accuracy: 0.1205
51/98 [==============>...............] - ETA: 1s - loss: 2.2938 - accuracy: 0.1214
54/98 [===============>..............] - ETA: 0s - loss: 2.2937 - accuracy: 0.1221
57/98 [================>.............] - ETA: 0s - loss: 2.2935 - accuracy: 0.1221
60/98 [=================>............] - ETA: 0s - loss: 2.2933 - accuracy: 0.1215
63/98 [==================>...........] - ETA: 0s - loss: 2.2930 - accuracy: 0.1216
66/98 [===================>..........] - ETA: 0s - loss: 2.2929 - accuracy: 0.1218
69/98 [====================>.........] - ETA: 0s - loss: 2.2928 - accuracy: 0.1222
72/98 [=====================>........] - ETA: 0s - loss: 2.2928 - accuracy: 0.1223
75/98 [=====================>........] - ETA: 0s - loss: 2.2929 - accuracy: 0.1222
78/98 [======================>.......] - ETA: 0s - loss: 2.2926 - accuracy: 0.1227
81/98 [=======================>......] - ETA: 0s - loss: 2.2923 - accuracy: 0.1232
84/98 [========================>.....] - ETA: 0s - loss: 2.2920 - accuracy: 0.1233
87/98 [=========================>....] - ETA: 0s - loss: 2.2918 - accuracy: 0.1236
90/98 [==========================>...] - ETA: 0s - loss: 2.2914 - accuracy: 0.1244
93/98 [===========================>..] - ETA: 0s - loss: 2.2911 - accuracy: 0.1247
96/98 [============================>.] - ETA: 0s - loss: 2.2908 - accuracy: 0.1249
98/98 [==============================] - ETA: 0s - loss: 2.2907 - accuracy: 0.1249
98/98 [==============================] - 3s 32ms/step - loss: 2.2907 - accuracy: 0.1249 - val_loss: 2.2775 - val_accuracy: 0.1787
Epoch 3/36

 1/98 [..............................] - ETA: 3s - loss: 2.2799 - accuracy: 0.1191
 4/98 [>.............................] - ETA: 2s - loss: 2.2819 - accuracy: 0.1333
 7/98 [=>............................] - ETA: 2s - loss: 2.2834 - accuracy: 0.1317
10/98 [==>...........................] - ETA: 1s - loss: 2.2832 - accuracy: 0.1332
13/98 [==>...........................] - ETA: 1s - loss: 2.2821 - accuracy: 0.1333
16/98 [===>..........................] - ETA: 1s - loss: 2.2818 - accuracy: 0.1311
19/98 [====>.........................] - ETA: 1s - loss: 2.2823 - accuracy: 0.1326
22/98 [=====>........................] - ETA: 1s - loss: 2.2826 - accuracy: 0.1337
25/98 [======>.......................] - ETA: 1s - loss: 2.2825 - accuracy: 0.1366
28/98 [=======>......................] - ETA: 1s - loss: 2.2832 - accuracy: 0.1367
31/98 [========>.....................] - ETA: 1s - loss: 2.2826 - accuracy: 0.1365
34/98 [=========>....................] - ETA: 1s - loss: 2.2819 - accuracy: 0.1367
37/98 [==========>...................] - ETA: 1s - loss: 2.2813 - accuracy: 0.1377
40/98 [===========>..................] - ETA: 1s - loss: 2.2812 - accuracy: 0.1387
43/98 [============>.................] - ETA: 1s - loss: 2.2807 - accuracy: 0.1393
46/98 [=============>................] - ETA: 1s - loss: 2.2801 - accuracy: 0.1396
49/98 [==============>...............] - ETA: 1s - loss: 2.2803 - accuracy: 0.1392
52/98 [==============>...............] - ETA: 1s - loss: 2.2800 - accuracy: 0.1397
55/98 [===============>..............] - ETA: 0s - loss: 2.2800 - accuracy: 0.1397
58/98 [================>.............] - ETA: 0s - loss: 2.2799 - accuracy: 0.1401
61/98 [=================>............] - ETA: 0s - loss: 2.2796 - accuracy: 0.1410
64/98 [==================>...........] - ETA: 0s - loss: 2.2792 - accuracy: 0.1419
67/98 [===================>..........] - ETA: 0s - loss: 2.2793 - accuracy: 0.1423
70/98 [====================>.........] - ETA: 0s - loss: 2.2791 - accuracy: 0.1427
74/98 [=====================>........] - ETA: 0s - loss: 2.2791 - accuracy: 0.1431
78/98 [======================>.......] - ETA: 0s - loss: 2.2789 - accuracy: 0.1434
81/98 [=======================>......] - ETA: 0s - loss: 2.2785 - accuracy: 0.1441
85/98 [=========================>....] - ETA: 0s - loss: 2.2782 - accuracy: 0.1450
88/98 [=========================>....] - ETA: 0s - loss: 2.2779 - accuracy: 0.1457
92/98 [===========================>..] - ETA: 0s - loss: 2.2774 - accuracy: 0.1462
96/98 [============================>.] - ETA: 0s - loss: 2.2770 - accuracy: 0.1465
98/98 [==============================] - 3s 29ms/step - loss: 2.2768 - accuracy: 0.1466 - val_loss: 2.2614 - val_accuracy: 0.2029
Epoch 4/36

 1/98 [..............................] - ETA: 3s - loss: 2.2707 - accuracy: 0.1719
 4/98 [>.............................] - ETA: 1s - loss: 2.2647 - accuracy: 0.1685
 8/98 [=>............................] - ETA: 1s - loss: 2.2656 - accuracy: 0.1658
12/98 [==>...........................] - ETA: 1s - loss: 2.2667 - accuracy: 0.1623
17/98 [====>.........................] - ETA: 1s - loss: 2.2674 - accuracy: 0.1589
20/98 [=====>........................] - ETA: 1s - loss: 2.2679 - accuracy: 0.1575
23/98 [======>.......................] - ETA: 1s - loss: 2.2671 - accuracy: 0.1589
26/98 [======>.......................] - ETA: 1s - loss: 2.2667 - accuracy: 0.1591
29/98 [=======>......................] - ETA: 1s - loss: 2.2662 - accuracy: 0.1612
32/98 [========>.....................] - ETA: 1s - loss: 2.2654 - accuracy: 0.1602
35/98 [=========>....................] - ETA: 1s - loss: 2.2653 - accuracy: 0.1606
38/98 [==========>...................] - ETA: 1s - loss: 2.2648 - accuracy: 0.1616
41/98 [===========>..................] - ETA: 1s - loss: 2.2642 - accuracy: 0.1630
44/98 [============>.................] - ETA: 1s - loss: 2.2641 - accuracy: 0.1630
47/98 [=============>................] - ETA: 1s - loss: 2.2634 - accuracy: 0.1637
50/98 [==============>...............] - ETA: 0s - loss: 2.2633 - accuracy: 0.1640
53/98 [===============>..............] - ETA: 0s - loss: 2.2630 - accuracy: 0.1647
56/98 [================>.............] - ETA: 0s - loss: 2.2625 - accuracy: 0.1656
59/98 [=================>............] - ETA: 0s - loss: 2.2622 - accuracy: 0.1660
62/98 [=================>............] - ETA: 0s - loss: 2.2618 - accuracy: 0.1664
65/98 [==================>...........] - ETA: 0s - loss: 2.2615 - accuracy: 0.1668
68/98 [===================>..........] - ETA: 0s - loss: 2.2612 - accuracy: 0.1669
71/98 [====================>.........] - ETA: 0s - loss: 2.2612 - accuracy: 0.1671
74/98 [=====================>........] - ETA: 0s - loss: 2.2611 - accuracy: 0.1668
77/98 [======================>.......] - ETA: 0s - loss: 2.2608 - accuracy: 0.1669
80/98 [=======================>......] - ETA: 0s - loss: 2.2607 - accuracy: 0.1671
83/98 [========================>.....] - ETA: 0s - loss: 2.2601 - accuracy: 0.1680
86/98 [=========================>....] - ETA: 0s - loss: 2.2600 - accuracy: 0.1682
89/98 [==========================>...] - ETA: 0s - loss: 2.2598 - accuracy: 0.1684
92/98 [===========================>..] - ETA: 0s - loss: 2.2595 - accuracy: 0.1690
95/98 [============================>.] - ETA: 0s - loss: 2.2592 - accuracy: 0.1690
98/98 [==============================] - ETA: 0s - loss: 2.2590 - accuracy: 0.1695
98/98 [==============================] - 3s 32ms/step - loss: 2.2590 - accuracy: 0.1695 - val_loss: 2.2409 - val_accuracy: 0.2305
Epoch 5/36

 1/98 [..............................] - ETA: 3s - loss: 2.2561 - accuracy: 0.1445
 4/98 [>.............................] - ETA: 2s - loss: 2.2564 - accuracy: 0.1748
 7/98 [=>............................] - ETA: 2s - loss: 2.2522 - accuracy: 0.1822
10/98 [==>...........................] - ETA: 1s - loss: 2.2487 - accuracy: 0.1877
13/98 [==>...........................] - ETA: 1s - loss: 2.2470 - accuracy: 0.1904
16/98 [===>..........................] - ETA: 1s - loss: 2.2467 - accuracy: 0.1862
19/98 [====>.........................] - ETA: 1s - loss: 2.2457 - accuracy: 0.1851
22/98 [=====>........................] - ETA: 1s - loss: 2.2449 - accuracy: 0.1893
25/98 [======>.......................] - ETA: 1s - loss: 2.2450 - accuracy: 0.1877
28/98 [=======>......................] - ETA: 1s - loss: 2.2445 - accuracy: 0.1865
31/98 [========>.....................] - ETA: 1s - loss: 2.2438 - accuracy: 0.1876
34/98 [=========>....................] - ETA: 1s - loss: 2.2432 - accuracy: 0.1882
37/98 [==========>...................] - ETA: 1s - loss: 2.2425 - accuracy: 0.1899
40/98 [===========>..................] - ETA: 1s - loss: 2.2422 - accuracy: 0.1896
43/98 [============>.................] - ETA: 1s - loss: 2.2422 - accuracy: 0.1893
46/98 [=============>................] - ETA: 1s - loss: 2.2415 - accuracy: 0.1900
49/98 [==============>...............] - ETA: 1s - loss: 2.2414 - accuracy: 0.1904
52/98 [==============>...............] - ETA: 1s - loss: 2.2413 - accuracy: 0.1903
55/98 [===============>..............] - ETA: 0s - loss: 2.2408 - accuracy: 0.1907
58/98 [================>.............] - ETA: 0s - loss: 2.2403 - accuracy: 0.1918
61/98 [=================>............] - ETA: 0s - loss: 2.2402 - accuracy: 0.1918
64/98 [==================>...........] - ETA: 0s - loss: 2.2395 - accuracy: 0.1926
67/98 [===================>..........] - ETA: 0s - loss: 2.2392 - accuracy: 0.1929
70/98 [====================>.........] - ETA: 0s - loss: 2.2387 - accuracy: 0.1934
73/98 [=====================>........] - ETA: 0s - loss: 2.2386 - accuracy: 0.1940
76/98 [======================>.......] - ETA: 0s - loss: 2.2385 - accuracy: 0.1934
79/98 [=======================>......] - ETA: 0s - loss: 2.2382 - accuracy: 0.1932
82/98 [========================>.....] - ETA: 0s - loss: 2.2379 - accuracy: 0.1933
85/98 [=========================>....] - ETA: 0s - loss: 2.2372 - accuracy: 0.1940
88/98 [=========================>....] - ETA: 0s - loss: 2.2371 - accuracy: 0.1937
91/98 [==========================>...] - ETA: 0s - loss: 2.2367 - accuracy: 0.1941
94/98 [===========================>..] - ETA: 0s - loss: 2.2361 - accuracy: 0.1943
97/98 [============================>.] - ETA: 0s - loss: 2.2358 - accuracy: 0.1944
98/98 [==============================] - 3s 32ms/step - loss: 2.2357 - accuracy: 0.1945 - val_loss: 2.2127 - val_accuracy: 0.2684
Epoch 6/36

 1/98 [..............................] - ETA: 4s - loss: 2.2084 - accuracy: 0.2383
 4/98 [>.............................] - ETA: 1s - loss: 2.2171 - accuracy: 0.2124
 7/98 [=>............................] - ETA: 1s - loss: 2.2109 - accuracy: 0.2204
10/98 [==>...........................] - ETA: 1s - loss: 2.2141 - accuracy: 0.2170
13/98 [==>...........................] - ETA: 1s - loss: 2.2133 - accuracy: 0.2191
16/98 [===>..........................] - ETA: 1s - loss: 2.2141 - accuracy: 0.2163
19/98 [====>.........................] - ETA: 1s - loss: 2.2138 - accuracy: 0.2161
22/98 [=====>........................] - ETA: 1s - loss: 2.2136 - accuracy: 0.2181
25/98 [======>.......................] - ETA: 1s - loss: 2.2136 - accuracy: 0.2178
28/98 [=======>......................] - ETA: 1s - loss: 2.2136 - accuracy: 0.2157
31/98 [========>.....................] - ETA: 1s - loss: 2.2139 - accuracy: 0.2133
34/98 [=========>....................] - ETA: 1s - loss: 2.2138 - accuracy: 0.2136
37/98 [==========>...................] - ETA: 1s - loss: 2.2134 - accuracy: 0.2132
40/98 [===========>..................] - ETA: 1s - loss: 2.2129 - accuracy: 0.2132
43/98 [============>.................] - ETA: 1s - loss: 2.2128 - accuracy: 0.2122
46/98 [=============>................] - ETA: 1s - loss: 2.2129 - accuracy: 0.2118
49/98 [==============>...............] - ETA: 1s - loss: 2.2124 - accuracy: 0.2126
52/98 [==============>...............] - ETA: 1s - loss: 2.2117 - accuracy: 0.2126
55/98 [===============>..............] - ETA: 0s - loss: 2.2113 - accuracy: 0.2130
58/98 [================>.............] - ETA: 0s - loss: 2.2109 - accuracy: 0.2138
61/98 [=================>............] - ETA: 0s - loss: 2.2102 - accuracy: 0.2146
64/98 [==================>...........] - ETA: 0s - loss: 2.2096 - accuracy: 0.2151
67/98 [===================>..........] - ETA: 0s - loss: 2.2091 - accuracy: 0.2148
70/98 [====================>.........] - ETA: 0s - loss: 2.2082 - accuracy: 0.2160
73/98 [=====================>........] - ETA: 0s - loss: 2.2083 - accuracy: 0.2149
76/98 [======================>.......] - ETA: 0s - loss: 2.2077 - accuracy: 0.2152
79/98 [=======================>......] - ETA: 0s - loss: 2.2074 - accuracy: 0.2156
82/98 [========================>.....] - ETA: 0s - loss: 2.2066 - accuracy: 0.2165
85/98 [=========================>....] - ETA: 0s - loss: 2.2061 - accuracy: 0.2172
88/98 [=========================>....] - ETA: 0s - loss: 2.2056 - accuracy: 0.2182
91/98 [==========================>...] - ETA: 0s - loss: 2.2051 - accuracy: 0.2190
94/98 [===========================>..] - ETA: 0s - loss: 2.2046 - accuracy: 0.2194
97/98 [============================>.] - ETA: 0s - loss: 2.2042 - accuracy: 0.2195
98/98 [==============================] - 3s 32ms/step - loss: 2.2040 - accuracy: 0.2193 - val_loss: 2.1748 - val_accuracy: 0.3030
Epoch 7/36

 1/98 [..............................] - ETA: 3s - loss: 2.1874 - accuracy: 0.2324
 4/98 [>.............................] - ETA: 2s - loss: 2.1831 - accuracy: 0.2334
 7/98 [=>............................] - ETA: 2s - loss: 2.1850 - accuracy: 0.2274
10/98 [==>...........................] - ETA: 2s - loss: 2.1820 - accuracy: 0.2352
13/98 [==>...........................] - ETA: 1s - loss: 2.1822 - accuracy: 0.2344
16/98 [===>..........................] - ETA: 1s - loss: 2.1830 - accuracy: 0.2334
19/98 [====>.........................] - ETA: 1s - loss: 2.1814 - accuracy: 0.2350
22/98 [=====>........................] - ETA: 1s - loss: 2.1809 - accuracy: 0.2344
25/98 [======>.......................] - ETA: 1s - loss: 2.1800 - accuracy: 0.2334
28/98 [=======>......................] - ETA: 1s - loss: 2.1790 - accuracy: 0.2342
31/98 [========>.....................] - ETA: 1s - loss: 2.1794 - accuracy: 0.2346
34/98 [=========>....................] - ETA: 1s - loss: 2.1787 - accuracy: 0.2356
37/98 [==========>...................] - ETA: 1s - loss: 2.1780 - accuracy: 0.2357
40/98 [===========>..................] - ETA: 1s - loss: 2.1776 - accuracy: 0.2359
43/98 [============>.................] - ETA: 1s - loss: 2.1769 - accuracy: 0.2367
46/98 [=============>................] - ETA: 1s - loss: 2.1754 - accuracy: 0.2379
49/98 [==============>...............] - ETA: 1s - loss: 2.1754 - accuracy: 0.2376
52/98 [==============>...............] - ETA: 1s - loss: 2.1742 - accuracy: 0.2385
55/98 [===============>..............] - ETA: 0s - loss: 2.1732 - accuracy: 0.2395
58/98 [================>.............] - ETA: 0s - loss: 2.1724 - accuracy: 0.2398
61/98 [=================>............] - ETA: 0s - loss: 2.1715 - accuracy: 0.2410
64/98 [==================>...........] - ETA: 0s - loss: 2.1708 - accuracy: 0.2404
67/98 [===================>..........] - ETA: 0s - loss: 2.1699 - accuracy: 0.2413
70/98 [====================>.........] - ETA: 0s - loss: 2.1693 - accuracy: 0.2415
73/98 [=====================>........] - ETA: 0s - loss: 2.1684 - accuracy: 0.2414
76/98 [======================>.......] - ETA: 0s - loss: 2.1674 - accuracy: 0.2415
79/98 [=======================>......] - ETA: 0s - loss: 2.1665 - accuracy: 0.2415
82/98 [========================>.....] - ETA: 0s - loss: 2.1656 - accuracy: 0.2420
85/98 [=========================>....] - ETA: 0s - loss: 2.1647 - accuracy: 0.2426
88/98 [=========================>....] - ETA: 0s - loss: 2.1645 - accuracy: 0.2426
91/98 [==========================>...] - ETA: 0s - loss: 2.1637 - accuracy: 0.2431
94/98 [===========================>..] - ETA: 0s - loss: 2.1632 - accuracy: 0.2430
97/98 [============================>.] - ETA: 0s - loss: 2.1624 - accuracy: 0.2435
98/98 [==============================] - 3s 33ms/step - loss: 2.1624 - accuracy: 0.2433 - val_loss: 2.1281 - val_accuracy: 0.3272
Epoch 8/36

 1/98 [..............................] - ETA: 3s - loss: 2.1337 - accuracy: 0.2461
 4/98 [>.............................] - ETA: 1s - loss: 2.1263 - accuracy: 0.2769
 7/98 [=>............................] - ETA: 2s - loss: 2.1316 - accuracy: 0.2695
10/98 [==>...........................] - ETA: 1s - loss: 2.1337 - accuracy: 0.2625
13/98 [==>...........................] - ETA: 1s - loss: 2.1330 - accuracy: 0.2626
16/98 [===>..........................] - ETA: 1s - loss: 2.1342 - accuracy: 0.2631
19/98 [====>.........................] - ETA: 1s - loss: 2.1334 - accuracy: 0.2628
22/98 [=====>........................] - ETA: 1s - loss: 2.1341 - accuracy: 0.2615
25/98 [======>.......................] - ETA: 1s - loss: 2.1335 - accuracy: 0.2603
28/98 [=======>......................] - ETA: 1s - loss: 2.1335 - accuracy: 0.2596
31/98 [========>.....................] - ETA: 1s - loss: 2.1321 - accuracy: 0.2623
33/98 [=========>....................] - ETA: 1s - loss: 2.1314 - accuracy: 0.2630
36/98 [==========>...................] - ETA: 1s - loss: 2.1306 - accuracy: 0.2638
39/98 [==========>...................] - ETA: 1s - loss: 2.1312 - accuracy: 0.2630
42/98 [===========>..................] - ETA: 1s - loss: 2.1305 - accuracy: 0.2634
45/98 [============>.................] - ETA: 1s - loss: 2.1304 - accuracy: 0.2622
48/98 [=============>................] - ETA: 1s - loss: 2.1292 - accuracy: 0.2618
51/98 [==============>...............] - ETA: 1s - loss: 2.1293 - accuracy: 0.2607
54/98 [===============>..............] - ETA: 0s - loss: 2.1286 - accuracy: 0.2609
57/98 [================>.............] - ETA: 0s - loss: 2.1280 - accuracy: 0.2618
60/98 [=================>............] - ETA: 0s - loss: 2.1270 - accuracy: 0.2620
63/98 [==================>...........] - ETA: 0s - loss: 2.1263 - accuracy: 0.2619
65/98 [==================>...........] - ETA: 0s - loss: 2.1261 - accuracy: 0.2621
68/98 [===================>..........] - ETA: 0s - loss: 2.1249 - accuracy: 0.2623
71/98 [====================>.........] - ETA: 0s - loss: 2.1237 - accuracy: 0.2629
74/98 [=====================>........] - ETA: 0s - loss: 2.1235 - accuracy: 0.2629
77/98 [======================>.......] - ETA: 0s - loss: 2.1222 - accuracy: 0.2640
80/98 [=======================>......] - ETA: 0s - loss: 2.1214 - accuracy: 0.2646
83/98 [========================>.....] - ETA: 0s - loss: 2.1208 - accuracy: 0.2650
86/98 [=========================>....] - ETA: 0s - loss: 2.1194 - accuracy: 0.2658
89/98 [==========================>...] - ETA: 0s - loss: 2.1186 - accuracy: 0.2661
92/98 [===========================>..] - ETA: 0s - loss: 2.1179 - accuracy: 0.2663
94/98 [===========================>..] - ETA: 0s - loss: 2.1178 - accuracy: 0.2662
97/98 [============================>.] - ETA: 0s - loss: 2.1175 - accuracy: 0.2664
98/98 [==============================] - 3s 32ms/step - loss: 2.1176 - accuracy: 0.2662 - val_loss: 2.0822 - val_accuracy: 0.3437
Epoch 9/36

 1/98 [..............................] - ETA: 3s - loss: 2.1071 - accuracy: 0.2559
 4/98 [>.............................] - ETA: 2s - loss: 2.1040 - accuracy: 0.2622
 7/98 [=>............................] - ETA: 2s - loss: 2.0992 - accuracy: 0.2693
10/98 [==>...........................] - ETA: 1s - loss: 2.0956 - accuracy: 0.2730
13/98 [==>...........................] - ETA: 1s - loss: 2.0939 - accuracy: 0.2736
16/98 [===>..........................] - ETA: 1s - loss: 2.0922 - accuracy: 0.2747
19/98 [====>.........................] - ETA: 1s - loss: 2.0913 - accuracy: 0.2759
22/98 [=====>........................] - ETA: 1s - loss: 2.0920 - accuracy: 0.2767
25/98 [======>.......................] - ETA: 1s - loss: 2.0906 - accuracy: 0.2760
28/98 [=======>......................] - ETA: 1s - loss: 2.0899 - accuracy: 0.2769
31/98 [========>.....................] - ETA: 1s - loss: 2.0902 - accuracy: 0.2766
34/98 [=========>....................] - ETA: 1s - loss: 2.0885 - accuracy: 0.2771
37/98 [==========>...................] - ETA: 1s - loss: 2.0877 - accuracy: 0.2772
40/98 [===========>..................] - ETA: 1s - loss: 2.0881 - accuracy: 0.2781
43/98 [============>.................] - ETA: 1s - loss: 2.0883 - accuracy: 0.2773
46/98 [=============>................] - ETA: 1s - loss: 2.0868 - accuracy: 0.2774
49/98 [==============>...............] - ETA: 1s - loss: 2.0863 - accuracy: 0.2773
52/98 [==============>...............] - ETA: 1s - loss: 2.0860 - accuracy: 0.2769
55/98 [===============>..............] - ETA: 0s - loss: 2.0856 - accuracy: 0.2764
58/98 [================>.............] - ETA: 0s - loss: 2.0852 - accuracy: 0.2757
61/98 [=================>............] - ETA: 0s - loss: 2.0846 - accuracy: 0.2754
64/98 [==================>...........] - ETA: 0s - loss: 2.0838 - accuracy: 0.2762
67/98 [===================>..........] - ETA: 0s - loss: 2.0835 - accuracy: 0.2762
70/98 [====================>.........] - ETA: 0s - loss: 2.0826 - accuracy: 0.2770
73/98 [=====================>........] - ETA: 0s - loss: 2.0820 - accuracy: 0.2774
76/98 [======================>.......] - ETA: 0s - loss: 2.0817 - accuracy: 0.2773
79/98 [=======================>......] - ETA: 0s - loss: 2.0817 - accuracy: 0.2772
82/98 [========================>.....] - ETA: 0s - loss: 2.0814 - accuracy: 0.2769
85/98 [=========================>....] - ETA: 0s - loss: 2.0808 - accuracy: 0.2775
88/98 [=========================>....] - ETA: 0s - loss: 2.0808 - accuracy: 0.2772
91/98 [==========================>...] - ETA: 0s - loss: 2.0802 - accuracy: 0.2773
93/98 [===========================>..] - ETA: 0s - loss: 2.0797 - accuracy: 0.2772
96/98 [============================>.] - ETA: 0s - loss: 2.0788 - accuracy: 0.2773
98/98 [==============================] - 3s 33ms/step - loss: 2.0785 - accuracy: 0.2776 - val_loss: 2.0411 - val_accuracy: 0.3456
Epoch 10/36

 1/98 [..............................] - ETA: 2s - loss: 2.0837 - accuracy: 0.2441
 4/98 [>.............................] - ETA: 2s - loss: 2.0694 - accuracy: 0.2632
 7/98 [=>............................] - ETA: 2s - loss: 2.0579 - accuracy: 0.2740
10/98 [==>...........................] - ETA: 1s - loss: 2.0544 - accuracy: 0.2799
13/98 [==>...........................] - ETA: 1s - loss: 2.0524 - accuracy: 0.2868
16/98 [===>..........................] - ETA: 1s - loss: 2.0544 - accuracy: 0.2876
19/98 [====>.........................] - ETA: 1s - loss: 2.0555 - accuracy: 0.2849
22/98 [=====>........................] - ETA: 1s - loss: 2.0556 - accuracy: 0.2828
24/98 [======>.......................] - ETA: 1s - loss: 2.0556 - accuracy: 0.2836
27/98 [=======>......................] - ETA: 1s - loss: 2.0558 - accuracy: 0.2834
30/98 [========>.....................] - ETA: 1s - loss: 2.0569 - accuracy: 0.2819
33/98 [=========>....................] - ETA: 1s - loss: 2.0568 - accuracy: 0.2812
36/98 [==========>...................] - ETA: 1s - loss: 2.0558 - accuracy: 0.2826
39/98 [==========>...................] - ETA: 1s - loss: 2.0538 - accuracy: 0.2839
42/98 [===========>..................] - ETA: 1s - loss: 2.0538 - accuracy: 0.2838
45/98 [============>.................] - ETA: 1s - loss: 2.0538 - accuracy: 0.2834
48/98 [=============>................] - ETA: 1s - loss: 2.0535 - accuracy: 0.2837
51/98 [==============>...............] - ETA: 1s - loss: 2.0516 - accuracy: 0.2851
54/98 [===============>..............] - ETA: 0s - loss: 2.0509 - accuracy: 0.2865
57/98 [================>.............] - ETA: 0s - loss: 2.0499 - accuracy: 0.2863
60/98 [=================>............] - ETA: 0s - loss: 2.0492 - accuracy: 0.2857
63/98 [==================>...........] - ETA: 0s - loss: 2.0495 - accuracy: 0.2853
66/98 [===================>..........] - ETA: 0s - loss: 2.0485 - accuracy: 0.2862
69/98 [====================>.........] - ETA: 0s - loss: 2.0478 - accuracy: 0.2860
72/98 [=====================>........] - ETA: 0s - loss: 2.0469 - accuracy: 0.2873
75/98 [=====================>........] - ETA: 0s - loss: 2.0470 - accuracy: 0.2866
78/98 [======================>.......] - ETA: 0s - loss: 2.0459 - accuracy: 0.2870
81/98 [=======================>......] - ETA: 0s - loss: 2.0451 - accuracy: 0.2877
84/98 [========================>.....] - ETA: 0s - loss: 2.0443 - accuracy: 0.2882
87/98 [=========================>....] - ETA: 0s - loss: 2.0439 - accuracy: 0.2886
90/98 [==========================>...] - ETA: 0s - loss: 2.0434 - accuracy: 0.2887
93/98 [===========================>..] - ETA: 0s - loss: 2.0430 - accuracy: 0.2884
96/98 [============================>.] - ETA: 0s - loss: 2.0430 - accuracy: 0.2880
98/98 [==============================] - 3s 33ms/step - loss: 2.0427 - accuracy: 0.2877 - val_loss: 2.0043 - val_accuracy: 0.3593
Epoch 11/36

 1/98 [..............................] - ETA: 3s - loss: 2.0301 - accuracy: 0.3008
 4/98 [>.............................] - ETA: 1s - loss: 2.0216 - accuracy: 0.3022
 7/98 [=>............................] - ETA: 2s - loss: 2.0253 - accuracy: 0.2969
10/98 [==>...........................] - ETA: 1s - loss: 2.0262 - accuracy: 0.2949
13/98 [==>...........................] - ETA: 1s - loss: 2.0216 - accuracy: 0.2961
16/98 [===>..........................] - ETA: 1s - loss: 2.0202 - accuracy: 0.2971
19/98 [====>.........................] - ETA: 1s - loss: 2.0197 - accuracy: 0.2950
22/98 [=====>........................] - ETA: 1s - loss: 2.0175 - accuracy: 0.2971
25/98 [======>.......................] - ETA: 1s - loss: 2.0168 - accuracy: 0.2962
28/98 [=======>......................] - ETA: 1s - loss: 2.0158 - accuracy: 0.2974
31/98 [========>.....................] - ETA: 1s - loss: 2.0156 - accuracy: 0.2962
34/98 [=========>....................] - ETA: 1s - loss: 2.0149 - accuracy: 0.2960
37/98 [==========>...................] - ETA: 1s - loss: 2.0161 - accuracy: 0.2942
40/98 [===========>..................] - ETA: 1s - loss: 2.0156 - accuracy: 0.2942
43/98 [============>.................] - ETA: 1s - loss: 2.0157 - accuracy: 0.2949
46/98 [=============>................] - ETA: 1s - loss: 2.0146 - accuracy: 0.2963
49/98 [==============>...............] - ETA: 1s - loss: 2.0145 - accuracy: 0.2969
52/98 [==============>...............] - ETA: 1s - loss: 2.0139 - accuracy: 0.2972
55/98 [===============>..............] - ETA: 0s - loss: 2.0141 - accuracy: 0.2966
58/98 [================>.............] - ETA: 0s - loss: 2.0133 - accuracy: 0.2964
61/98 [=================>............] - ETA: 0s - loss: 2.0132 - accuracy: 0.2957
64/98 [==================>...........] - ETA: 0s - loss: 2.0132 - accuracy: 0.2960
67/98 [===================>..........] - ETA: 0s - loss: 2.0126 - accuracy: 0.2959
70/98 [====================>.........] - ETA: 0s - loss: 2.0121 - accuracy: 0.2960
73/98 [=====================>........] - ETA: 0s - loss: 2.0121 - accuracy: 0.2958
76/98 [======================>.......] - ETA: 0s - loss: 2.0120 - accuracy: 0.2954
79/98 [=======================>......] - ETA: 0s - loss: 2.0121 - accuracy: 0.2958
82/98 [========================>.....] - ETA: 0s - loss: 2.0119 - accuracy: 0.2961
85/98 [=========================>....] - ETA: 0s - loss: 2.0109 - accuracy: 0.2965
88/98 [=========================>....] - ETA: 0s - loss: 2.0110 - accuracy: 0.2968
91/98 [==========================>...] - ETA: 0s - loss: 2.0103 - accuracy: 0.2975
94/98 [===========================>..] - ETA: 0s - loss: 2.0104 - accuracy: 0.2973
97/98 [============================>.] - ETA: 0s - loss: 2.0096 - accuracy: 0.2975
98/98 [==============================] - 3s 32ms/step - loss: 2.0094 - accuracy: 0.2976 - val_loss: 1.9724 - val_accuracy: 0.3627
Epoch 12/36

 1/98 [..............................] - ETA: 3s - loss: 1.9835 - accuracy: 0.3164
 4/98 [>.............................] - ETA: 1s - loss: 1.9860 - accuracy: 0.3114
 7/98 [=>............................] - ETA: 1s - loss: 1.9897 - accuracy: 0.3125
10/98 [==>...........................] - ETA: 1s - loss: 1.9927 - accuracy: 0.3042
13/98 [==>...........................] - ETA: 1s - loss: 1.9953 - accuracy: 0.3020
16/98 [===>..........................] - ETA: 1s - loss: 1.9975 - accuracy: 0.2990
19/98 [====>.........................] - ETA: 1s - loss: 1.9997 - accuracy: 0.2955
22/98 [=====>........................] - ETA: 1s - loss: 2.0011 - accuracy: 0.2947
25/98 [======>.......................] - ETA: 1s - loss: 2.0012 - accuracy: 0.2965
28/98 [=======>......................] - ETA: 1s - loss: 2.0010 - accuracy: 0.2971
31/98 [========>.....................] - ETA: 1s - loss: 1.9995 - accuracy: 0.2986
34/98 [=========>....................] - ETA: 1s - loss: 1.9990 - accuracy: 0.2989
37/98 [==========>...................] - ETA: 1s - loss: 1.9961 - accuracy: 0.3007
40/98 [===========>..................] - ETA: 1s - loss: 1.9940 - accuracy: 0.3020
43/98 [============>.................] - ETA: 1s - loss: 1.9920 - accuracy: 0.3023
46/98 [=============>................] - ETA: 1s - loss: 1.9915 - accuracy: 0.3023
49/98 [==============>...............] - ETA: 1s - loss: 1.9913 - accuracy: 0.3027
52/98 [==============>...............] - ETA: 1s - loss: 1.9894 - accuracy: 0.3028
55/98 [===============>..............] - ETA: 0s - loss: 1.9876 - accuracy: 0.3045
58/98 [================>.............] - ETA: 0s - loss: 1.9867 - accuracy: 0.3054
61/98 [=================>............] - ETA: 0s - loss: 1.9855 - accuracy: 0.3065
64/98 [==================>...........] - ETA: 0s - loss: 1.9859 - accuracy: 0.3066
67/98 [===================>..........] - ETA: 0s - loss: 1.9849 - accuracy: 0.3066
70/98 [====================>.........] - ETA: 0s - loss: 1.9850 - accuracy: 0.3066
73/98 [=====================>........] - ETA: 0s - loss: 1.9838 - accuracy: 0.3078
76/98 [======================>.......] - ETA: 0s - loss: 1.9839 - accuracy: 0.3073
79/98 [=======================>......] - ETA: 0s - loss: 1.9841 - accuracy: 0.3078
82/98 [========================>.....] - ETA: 0s - loss: 1.9835 - accuracy: 0.3085
85/98 [=========================>....] - ETA: 0s - loss: 1.9837 - accuracy: 0.3081
88/98 [=========================>....] - ETA: 0s - loss: 1.9834 - accuracy: 0.3084
91/98 [==========================>...] - ETA: 0s - loss: 1.9821 - accuracy: 0.3087
94/98 [===========================>..] - ETA: 0s - loss: 1.9817 - accuracy: 0.3087
97/98 [============================>.] - ETA: 0s - loss: 1.9813 - accuracy: 0.3081
98/98 [==============================] - 3s 33ms/step - loss: 1.9814 - accuracy: 0.3079 - val_loss: 1.9441 - val_accuracy: 0.3657
Epoch 13/36

 1/98 [..............................] - ETA: 4s - loss: 2.0074 - accuracy: 0.2637
 4/98 [>.............................] - ETA: 1s - loss: 1.9520 - accuracy: 0.3149
 7/98 [=>............................] - ETA: 1s - loss: 1.9646 - accuracy: 0.3103
10/98 [==>...........................] - ETA: 1s - loss: 1.9673 - accuracy: 0.3092
13/98 [==>...........................] - ETA: 1s - loss: 1.9658 - accuracy: 0.3104
16/98 [===>..........................] - ETA: 1s - loss: 1.9673 - accuracy: 0.3092
19/98 [====>.........................] - ETA: 1s - loss: 1.9664 - accuracy: 0.3091
22/98 [=====>........................] - ETA: 1s - loss: 1.9634 - accuracy: 0.3130
26/98 [======>.......................] - ETA: 1s - loss: 1.9635 - accuracy: 0.3135
30/98 [========>.....................] - ETA: 1s - loss: 1.9638 - accuracy: 0.3113
34/98 [=========>....................] - ETA: 1s - loss: 1.9636 - accuracy: 0.3114
38/98 [==========>...................] - ETA: 1s - loss: 1.9621 - accuracy: 0.3111
42/98 [===========>..................] - ETA: 1s - loss: 1.9638 - accuracy: 0.3103
45/98 [============>.................] - ETA: 1s - loss: 1.9648 - accuracy: 0.3110
49/98 [==============>...............] - ETA: 0s - loss: 1.9651 - accuracy: 0.3103
52/98 [==============>...............] - ETA: 0s - loss: 1.9636 - accuracy: 0.3108
56/98 [================>.............] - ETA: 0s - loss: 1.9630 - accuracy: 0.3115
60/98 [=================>............] - ETA: 0s - loss: 1.9630 - accuracy: 0.3119
64/98 [==================>...........] - ETA: 0s - loss: 1.9631 - accuracy: 0.3125
67/98 [===================>..........] - ETA: 0s - loss: 1.9625 - accuracy: 0.3131
71/98 [====================>.........] - ETA: 0s - loss: 1.9601 - accuracy: 0.3139
74/98 [=====================>........] - ETA: 0s - loss: 1.9597 - accuracy: 0.3138
78/98 [======================>.......] - ETA: 0s - loss: 1.9590 - accuracy: 0.3149
82/98 [========================>.....] - ETA: 0s - loss: 1.9588 - accuracy: 0.3148
85/98 [=========================>....] - ETA: 0s - loss: 1.9592 - accuracy: 0.3145
89/98 [==========================>...] - ETA: 0s - loss: 1.9586 - accuracy: 0.3151
92/98 [===========================>..] - ETA: 0s - loss: 1.9584 - accuracy: 0.3151
96/98 [============================>.] - ETA: 0s - loss: 1.9578 - accuracy: 0.3158
98/98 [==============================] - 3s 27ms/step - loss: 1.9577 - accuracy: 0.3157 - val_loss: 1.9198 - val_accuracy: 0.3721
Epoch 14/36

 1/98 [..............................] - ETA: 3s - loss: 1.9430 - accuracy: 0.3301
 4/98 [>.............................] - ETA: 2s - loss: 1.9483 - accuracy: 0.3232
 7/98 [=>............................] - ETA: 2s - loss: 1.9474 - accuracy: 0.3262
