2024-07-26 15:09:45.524901: I tensorflow/core/platform/cpu_feature_guard.cc:193] This TensorFlow binary is optimized with oneAPI Deep Neural Network Library (oneDNN) to use the following CPU instructions in performance-critical operations:  AVX AVX2
To enable them in other operations, rebuild TensorFlow with the appropriate compiler flags.
2024-07-26 15:09:46.073214: I tensorflow/core/common_runtime/gpu/gpu_device.cc:1616] Created device /job:localhost/replica:0/task:0/device:GPU:0 with 6656 MB memory:  -> device: 0, name: NVIDIA GeForce RTX 4060 Ti, pci bus id: 0000:01:00.0, compute capability: 8.9
1 Physical GPUs, 1 Logical GPUs
Model: "sequential"
_________________________________________________________________
 Layer (type)                Output Shape              Param #   
=================================================================
 conv2d (Conv2D)             (None, 32, 32, 32)        896       
                                                                 
 max_pooling2d (MaxPooling2D  (None, 16, 16, 32)       0         
 )                                                               
                                                                 
 conv2d_1 (Conv2D)           (None, 16, 16, 64)        18496     
                                                                 
 max_pooling2d_1 (MaxPooling  (None, 8, 8, 64)         0         
 2D)                                                             
                                                                 
 dropout (Dropout)           (None, 8, 8, 64)          0         
                                                                 
 flatten (Flatten)           (None, 4096)              0         
                                                                 
 dense (Dense)               (None, 10)                40970     
                                                                 
=================================================================
Total params: 60,362
Trainable params: 60,362
Non-trainable params: 0
_________________________________________________________________
Taxa de aprendizado:  1e-05 Num de épocas:  36 Tamanho do lote:  512 Dropout:  0.48
Epoch 1/36
2024-07-26 15:09:47.314306: I tensorflow/stream_executor/cuda/cuda_dnn.cc:384] Loaded cuDNN version 8100
2024-07-26 15:09:48.171730: W tensorflow/stream_executor/gpu/redzone_allocator.cc:314] INTERNAL: ptxas exited with non-zero error code -1, output: 
Relying on driver to perform ptx compilation. 
Modify $PATH to customize ptxas location.
This message will be only logged once.
2024-07-26 15:09:48.968734: I tensorflow/stream_executor/cuda/cuda_blas.cc:1614] TensorFloat-32 will be used for the matrix multiplication. This will only be logged once.

 1/98 [..............................] - ETA: 4:43 - loss: 2.3386 - accuracy: 0.0977
 6/98 [>.............................] - ETA: 1s - loss: 2.3371 - accuracy: 0.1064  
10/98 [==>...........................] - ETA: 1s - loss: 2.3416 - accuracy: 0.1014
15/98 [===>..........................] - ETA: 1s - loss: 2.3416 - accuracy: 0.1027
20/98 [=====>........................] - ETA: 1s - loss: 2.3430 - accuracy: 0.1017
24/98 [======>.......................] - ETA: 1s - loss: 2.3412 - accuracy: 0.1028
28/98 [=======>......................] - ETA: 0s - loss: 2.3407 - accuracy: 0.1018
32/98 [========>.....................] - ETA: 0s - loss: 2.3388 - accuracy: 0.1036
36/98 [==========>...................] - ETA: 0s - loss: 2.3383 - accuracy: 0.1032
40/98 [===========>..................] - ETA: 0s - loss: 2.3363 - accuracy: 0.1034
44/98 [============>.................] - ETA: 0s - loss: 2.3341 - accuracy: 0.1047
48/98 [=============>................] - ETA: 0s - loss: 2.3333 - accuracy: 0.1045
52/98 [==============>...............] - ETA: 0s - loss: 2.3320 - accuracy: 0.1048
56/98 [================>.............] - ETA: 0s - loss: 2.3312 - accuracy: 0.1049
60/98 [=================>............] - ETA: 0s - loss: 2.3301 - accuracy: 0.1049
64/98 [==================>...........] - ETA: 0s - loss: 2.3292 - accuracy: 0.1058
68/98 [===================>..........] - ETA: 0s - loss: 2.3286 - accuracy: 0.1054
73/98 [=====================>........] - ETA: 0s - loss: 2.3275 - accuracy: 0.1058
77/98 [======================>.......] - ETA: 0s - loss: 2.3268 - accuracy: 0.1061
79/98 [=======================>......] - ETA: 0s - loss: 2.3266 - accuracy: 0.1057
83/98 [========================>.....] - ETA: 0s - loss: 2.3256 - accuracy: 0.1059
87/98 [=========================>....] - ETA: 0s - loss: 2.3247 - accuracy: 0.1065
91/98 [==========================>...] - ETA: 0s - loss: 2.3239 - accuracy: 0.1070
95/98 [============================>.] - ETA: 0s - loss: 2.3233 - accuracy: 0.1073
98/98 [==============================] - 5s 25ms/step - loss: 2.3228 - accuracy: 0.1076 - val_loss: 2.2889 - val_accuracy: 0.1380
Epoch 2/36

 1/98 [..............................] - ETA: 2s - loss: 2.3156 - accuracy: 0.1094
 6/98 [>.............................] - ETA: 1s - loss: 2.3121 - accuracy: 0.1091
11/98 [==>...........................] - ETA: 1s - loss: 2.3130 - accuracy: 0.1065
15/98 [===>..........................] - ETA: 1s - loss: 2.3104 - accuracy: 0.1103
20/98 [=====>........................] - ETA: 1s - loss: 2.3094 - accuracy: 0.1097
24/98 [======>.......................] - ETA: 1s - loss: 2.3078 - accuracy: 0.1106
29/98 [=======>......................] - ETA: 0s - loss: 2.3074 - accuracy: 0.1110
33/98 [=========>....................] - ETA: 0s - loss: 2.3062 - accuracy: 0.1129
37/98 [==========>...................] - ETA: 0s - loss: 2.3064 - accuracy: 0.1129
41/98 [===========>..................] - ETA: 0s - loss: 2.3071 - accuracy: 0.1124
45/98 [============>.................] - ETA: 0s - loss: 2.3069 - accuracy: 0.1132
49/98 [==============>...............] - ETA: 0s - loss: 2.3059 - accuracy: 0.1152
53/98 [===============>..............] - ETA: 0s - loss: 2.3055 - accuracy: 0.1152
57/98 [================>.............] - ETA: 0s - loss: 2.3047 - accuracy: 0.1162
61/98 [=================>............] - ETA: 0s - loss: 2.3041 - accuracy: 0.1167
65/98 [==================>...........] - ETA: 0s - loss: 2.3040 - accuracy: 0.1165
69/98 [====================>.........] - ETA: 0s - loss: 2.3037 - accuracy: 0.1171
73/98 [=====================>........] - ETA: 0s - loss: 2.3033 - accuracy: 0.1171
77/98 [======================>.......] - ETA: 0s - loss: 2.3029 - accuracy: 0.1172
81/98 [=======================>......] - ETA: 0s - loss: 2.3027 - accuracy: 0.1177
85/98 [=========================>....] - ETA: 0s - loss: 2.3026 - accuracy: 0.1172
89/98 [==========================>...] - ETA: 0s - loss: 2.3022 - accuracy: 0.1174
93/98 [===========================>..] - ETA: 0s - loss: 2.3021 - accuracy: 0.1177
97/98 [============================>.] - ETA: 0s - loss: 2.3017 - accuracy: 0.1179
98/98 [==============================] - 2s 21ms/step - loss: 2.3016 - accuracy: 0.1181 - val_loss: 2.2762 - val_accuracy: 0.1589
Epoch 3/36

 1/98 [..............................] - ETA: 3s - loss: 2.2990 - accuracy: 0.1172
 5/98 [>.............................] - ETA: 1s - loss: 2.2939 - accuracy: 0.1176
10/98 [==>...........................] - ETA: 1s - loss: 2.2924 - accuracy: 0.1242
14/98 [===>..........................] - ETA: 1s - loss: 2.2941 - accuracy: 0.1226
18/98 [====>.........................] - ETA: 1s - loss: 2.2934 - accuracy: 0.1230
23/98 [======>.......................] - ETA: 1s - loss: 2.2929 - accuracy: 0.1240
28/98 [=======>......................] - ETA: 0s - loss: 2.2925 - accuracy: 0.1248
32/98 [========>.....................] - ETA: 0s - loss: 2.2920 - accuracy: 0.1258
37/98 [==========>...................] - ETA: 0s - loss: 2.2911 - accuracy: 0.1264
42/98 [===========>..................] - ETA: 0s - loss: 2.2907 - accuracy: 0.1272
46/98 [=============>................] - ETA: 0s - loss: 2.2906 - accuracy: 0.1270
51/98 [==============>...............] - ETA: 0s - loss: 2.2902 - accuracy: 0.1273
56/98 [================>.............] - ETA: 0s - loss: 2.2906 - accuracy: 0.1269
60/98 [=================>............] - ETA: 0s - loss: 2.2901 - accuracy: 0.1275
64/98 [==================>...........] - ETA: 0s - loss: 2.2897 - accuracy: 0.1272
68/98 [===================>..........] - ETA: 0s - loss: 2.2898 - accuracy: 0.1270
72/98 [=====================>........] - ETA: 0s - loss: 2.2894 - accuracy: 0.1274
76/98 [======================>.......] - ETA: 0s - loss: 2.2893 - accuracy: 0.1275
80/98 [=======================>......] - ETA: 0s - loss: 2.2887 - accuracy: 0.1283
85/98 [=========================>....] - ETA: 0s - loss: 2.2887 - accuracy: 0.1285
89/98 [==========================>...] - ETA: 0s - loss: 2.2883 - accuracy: 0.1288
93/98 [===========================>..] - ETA: 0s - loss: 2.2878 - accuracy: 0.1291
97/98 [============================>.] - ETA: 0s - loss: 2.2872 - accuracy: 0.1293
98/98 [==============================] - 2s 20ms/step - loss: 2.2872 - accuracy: 0.1294 - val_loss: 2.2620 - val_accuracy: 0.1869
Epoch 4/36

 1/98 [..............................] - ETA: 3s - loss: 2.2745 - accuracy: 0.1328
 5/98 [>.............................] - ETA: 1s - loss: 2.2750 - accuracy: 0.1398
 9/98 [=>............................] - ETA: 1s - loss: 2.2733 - accuracy: 0.1432
13/98 [==>...........................] - ETA: 1s - loss: 2.2732 - accuracy: 0.1429
17/98 [====>.........................] - ETA: 1s - loss: 2.2738 - accuracy: 0.1418
21/98 [=====>........................] - ETA: 1s - loss: 2.2754 - accuracy: 0.1388
25/98 [======>.......................] - ETA: 1s - loss: 2.2759 - accuracy: 0.1377
29/98 [=======>......................] - ETA: 1s - loss: 2.2775 - accuracy: 0.1366
34/98 [=========>....................] - ETA: 0s - loss: 2.2767 - accuracy: 0.1355
39/98 [==========>...................] - ETA: 0s - loss: 2.2757 - accuracy: 0.1362
43/98 [============>.................] - ETA: 0s - loss: 2.2749 - accuracy: 0.1374
48/98 [=============>................] - ETA: 0s - loss: 2.2743 - accuracy: 0.1386
53/98 [===============>..............] - ETA: 0s - loss: 2.2741 - accuracy: 0.1382
58/98 [================>.............] - ETA: 0s - loss: 2.2739 - accuracy: 0.1380
63/98 [==================>...........] - ETA: 0s - loss: 2.2734 - accuracy: 0.1388
67/98 [===================>..........] - ETA: 0s - loss: 2.2730 - accuracy: 0.1394
72/98 [=====================>........] - ETA: 0s - loss: 2.2724 - accuracy: 0.1407
76/98 [======================>.......] - ETA: 0s - loss: 2.2722 - accuracy: 0.1405
81/98 [=======================>......] - ETA: 0s - loss: 2.2716 - accuracy: 0.1418
86/98 [=========================>....] - ETA: 0s - loss: 2.2715 - accuracy: 0.1416
90/98 [==========================>...] - ETA: 0s - loss: 2.2711 - accuracy: 0.1418
95/98 [============================>.] - ETA: 0s - loss: 2.2710 - accuracy: 0.1420
98/98 [==============================] - 2s 21ms/step - loss: 2.2709 - accuracy: 0.1421 - val_loss: 2.2451 - val_accuracy: 0.2175
Epoch 5/36

 1/98 [..............................] - ETA: 3s - loss: 2.2497 - accuracy: 0.1562
 5/98 [>.............................] - ETA: 1s - loss: 2.2560 - accuracy: 0.1586
10/98 [==>...........................] - ETA: 1s - loss: 2.2619 - accuracy: 0.1513
14/98 [===>..........................] - ETA: 1s - loss: 2.2594 - accuracy: 0.1527
17/98 [====>.........................] - ETA: 1s - loss: 2.2586 - accuracy: 0.1542
22/98 [=====>........................] - ETA: 1s - loss: 2.2586 - accuracy: 0.1549
26/98 [======>.......................] - ETA: 1s - loss: 2.2586 - accuracy: 0.1556
30/98 [========>.....................] - ETA: 1s - loss: 2.2586 - accuracy: 0.1556
33/98 [=========>....................] - ETA: 1s - loss: 2.2591 - accuracy: 0.1548
38/98 [==========>...................] - ETA: 0s - loss: 2.2572 - accuracy: 0.1566
42/98 [===========>..................] - ETA: 0s - loss: 2.2569 - accuracy: 0.1563
46/98 [=============>................] - ETA: 0s - loss: 2.2573 - accuracy: 0.1558
50/98 [==============>...............] - ETA: 0s - loss: 2.2567 - accuracy: 0.1563
54/98 [===============>..............] - ETA: 0s - loss: 2.2565 - accuracy: 0.1567
58/98 [================>.............] - ETA: 0s - loss: 2.2566 - accuracy: 0.1567
62/98 [=================>............] - ETA: 0s - loss: 2.2564 - accuracy: 0.1569
66/98 [===================>..........] - ETA: 0s - loss: 2.2560 - accuracy: 0.1571
70/98 [====================>.........] - ETA: 0s - loss: 2.2552 - accuracy: 0.1585
74/98 [=====================>........] - ETA: 0s - loss: 2.2544 - accuracy: 0.1595
79/98 [=======================>......] - ETA: 0s - loss: 2.2543 - accuracy: 0.1601
83/98 [========================>.....] - ETA: 0s - loss: 2.2540 - accuracy: 0.1606
88/98 [=========================>....] - ETA: 0s - loss: 2.2534 - accuracy: 0.1610
93/98 [===========================>..] - ETA: 0s - loss: 2.2534 - accuracy: 0.1610
97/98 [============================>.] - ETA: 0s - loss: 2.2528 - accuracy: 0.1615
98/98 [==============================] - 2s 20ms/step - loss: 2.2527 - accuracy: 0.1615 - val_loss: 2.2250 - val_accuracy: 0.2394
Epoch 6/36

 1/98 [..............................] - ETA: 3s - loss: 2.2345 - accuracy: 0.2012
 5/98 [>.............................] - ETA: 1s - loss: 2.2412 - accuracy: 0.1738
 9/98 [=>............................] - ETA: 1s - loss: 2.2414 - accuracy: 0.1706
13/98 [==>...........................] - ETA: 1s - loss: 2.2422 - accuracy: 0.1683
17/98 [====>.........................] - ETA: 1s - loss: 2.2415 - accuracy: 0.1673
21/98 [=====>........................] - ETA: 1s - loss: 2.2404 - accuracy: 0.1709
25/98 [======>.......................] - ETA: 1s - loss: 2.2393 - accuracy: 0.1723
29/98 [=======>......................] - ETA: 1s - loss: 2.2377 - accuracy: 0.1746
33/98 [=========>....................] - ETA: 1s - loss: 2.2371 - accuracy: 0.1746
37/98 [==========>...................] - ETA: 0s - loss: 2.2369 - accuracy: 0.1740
41/98 [===========>..................] - ETA: 0s - loss: 2.2366 - accuracy: 0.1738
45/98 [============>.................] - ETA: 0s - loss: 2.2360 - accuracy: 0.1749
49/98 [==============>...............] - ETA: 0s - loss: 2.2348 - accuracy: 0.1762
53/98 [===============>..............] - ETA: 0s - loss: 2.2346 - accuracy: 0.1761
56/98 [================>.............] - ETA: 0s - loss: 2.2346 - accuracy: 0.1757
60/98 [=================>............] - ETA: 0s - loss: 2.2345 - accuracy: 0.1751
64/98 [==================>...........] - ETA: 0s - loss: 2.2343 - accuracy: 0.1754
68/98 [===================>..........] - ETA: 0s - loss: 2.2343 - accuracy: 0.1758
72/98 [=====================>........] - ETA: 0s - loss: 2.2337 - accuracy: 0.1754
76/98 [======================>.......] - ETA: 0s - loss: 2.2328 - accuracy: 0.1760
80/98 [=======================>......] - ETA: 0s - loss: 2.2323 - accuracy: 0.1766
84/98 [========================>.....] - ETA: 0s - loss: 2.2316 - accuracy: 0.1773
88/98 [=========================>....] - ETA: 0s - loss: 2.2312 - accuracy: 0.1781
92/98 [===========================>..] - ETA: 0s - loss: 2.2305 - accuracy: 0.1787
96/98 [============================>.] - ETA: 0s - loss: 2.2298 - accuracy: 0.1799
98/98 [==============================] - 2s 21ms/step - loss: 2.2296 - accuracy: 0.1799 - val_loss: 2.1990 - val_accuracy: 0.2672
Epoch 7/36

 1/98 [..............................] - ETA: 3s - loss: 2.2256 - accuracy: 0.1680
 6/98 [>.............................] - ETA: 1s - loss: 2.2097 - accuracy: 0.1930
11/98 [==>...........................] - ETA: 1s - loss: 2.2122 - accuracy: 0.1937
15/98 [===>..........................] - ETA: 1s - loss: 2.2129 - accuracy: 0.1944
19/98 [====>.........................] - ETA: 1s - loss: 2.2128 - accuracy: 0.1935
23/98 [======>.......................] - ETA: 1s - loss: 2.2128 - accuracy: 0.1912
27/98 [=======>......................] - ETA: 1s - loss: 2.2136 - accuracy: 0.1913
31/98 [========>.....................] - ETA: 0s - loss: 2.2124 - accuracy: 0.1931
35/98 [=========>....................] - ETA: 0s - loss: 2.2109 - accuracy: 0.1936
39/98 [==========>...................] - ETA: 0s - loss: 2.2095 - accuracy: 0.1951
43/98 [============>.................] - ETA: 0s - loss: 2.2082 - accuracy: 0.1959
47/98 [=============>................] - ETA: 0s - loss: 2.2081 - accuracy: 0.1968
51/98 [==============>...............] - ETA: 0s - loss: 2.2077 - accuracy: 0.1968
55/98 [===============>..............] - ETA: 0s - loss: 2.2077 - accuracy: 0.1972
59/98 [=================>............] - ETA: 0s - loss: 2.2069 - accuracy: 0.1979
63/98 [==================>...........] - ETA: 0s - loss: 2.2068 - accuracy: 0.1979
67/98 [===================>..........] - ETA: 0s - loss: 2.2064 - accuracy: 0.1974
71/98 [====================>.........] - ETA: 0s - loss: 2.2058 - accuracy: 0.1973
75/98 [=====================>........] - ETA: 0s - loss: 2.2053 - accuracy: 0.1981
79/98 [=======================>......] - ETA: 0s - loss: 2.2044 - accuracy: 0.1991
83/98 [========================>.....] - ETA: 0s - loss: 2.2036 - accuracy: 0.1996
87/98 [=========================>....] - ETA: 0s - loss: 2.2033 - accuracy: 0.2000
91/98 [==========================>...] - ETA: 0s - loss: 2.2026 - accuracy: 0.2006
95/98 [============================>.] - ETA: 0s - loss: 2.2021 - accuracy: 0.2008
98/98 [==============================] - 2s 21ms/step - loss: 2.2014 - accuracy: 0.2015 - val_loss: 2.1702 - val_accuracy: 0.2871
Epoch 8/36

 1/98 [..............................] - ETA: 1s - loss: 2.1779 - accuracy: 0.2109
 5/98 [>.............................] - ETA: 1s - loss: 2.1911 - accuracy: 0.2156
 9/98 [=>............................] - ETA: 1s - loss: 2.1890 - accuracy: 0.2168
13/98 [==>...........................] - ETA: 1s - loss: 2.1892 - accuracy: 0.2090
18/98 [====>.........................] - ETA: 1s - loss: 2.1871 - accuracy: 0.2095
22/98 [=====>........................] - ETA: 1s - loss: 2.1859 - accuracy: 0.2116
27/98 [=======>......................] - ETA: 0s - loss: 2.1849 - accuracy: 0.2110
32/98 [========>.....................] - ETA: 0s - loss: 2.1834 - accuracy: 0.2106
37/98 [==========>...................] - ETA: 0s - loss: 2.1836 - accuracy: 0.2105
41/98 [===========>..................] - ETA: 0s - loss: 2.1833 - accuracy: 0.2106
46/98 [=============>................] - ETA: 0s - loss: 2.1820 - accuracy: 0.2122
50/98 [==============>...............] - ETA: 0s - loss: 2.1807 - accuracy: 0.2137
54/98 [===============>..............] - ETA: 0s - loss: 2.1809 - accuracy: 0.2128
58/98 [================>.............] - ETA: 0s - loss: 2.1803 - accuracy: 0.2136
62/98 [=================>............] - ETA: 0s - loss: 2.1800 - accuracy: 0.2138
66/98 [===================>..........] - ETA: 0s - loss: 2.1793 - accuracy: 0.2144
70/98 [====================>.........] - ETA: 0s - loss: 2.1783 - accuracy: 0.2156
74/98 [=====================>........] - ETA: 0s - loss: 2.1781 - accuracy: 0.2156
78/98 [======================>.......] - ETA: 0s - loss: 2.1780 - accuracy: 0.2158
82/98 [========================>.....] - ETA: 0s - loss: 2.1776 - accuracy: 0.2154
86/98 [=========================>....] - ETA: 0s - loss: 2.1769 - accuracy: 0.2158
90/98 [==========================>...] - ETA: 0s - loss: 2.1764 - accuracy: 0.2156
95/98 [============================>.] - ETA: 0s - loss: 2.1753 - accuracy: 0.2166
98/98 [==============================] - 2s 21ms/step - loss: 2.1751 - accuracy: 0.2171 - val_loss: 2.1393 - val_accuracy: 0.3058
Epoch 9/36

 1/98 [..............................] - ETA: 2s - loss: 2.1590 - accuracy: 0.2266
 5/98 [>.............................] - ETA: 1s - loss: 2.1561 - accuracy: 0.2266
 9/98 [=>............................] - ETA: 1s - loss: 2.1582 - accuracy: 0.2311
13/98 [==>...........................] - ETA: 1s - loss: 2.1550 - accuracy: 0.2330
17/98 [====>.........................] - ETA: 1s - loss: 2.1555 - accuracy: 0.2337
21/98 [=====>........................] - ETA: 1s - loss: 2.1561 - accuracy: 0.2327
25/98 [======>.......................] - ETA: 1s - loss: 2.1556 - accuracy: 0.2318
28/98 [=======>......................] - ETA: 1s - loss: 2.1548 - accuracy: 0.2332
33/98 [=========>....................] - ETA: 0s - loss: 2.1538 - accuracy: 0.2327
37/98 [==========>...................] - ETA: 0s - loss: 2.1538 - accuracy: 0.2318
41/98 [===========>..................] - ETA: 0s - loss: 2.1535 - accuracy: 0.2319
46/98 [=============>................] - ETA: 0s - loss: 2.1521 - accuracy: 0.2331
50/98 [==============>...............] - ETA: 0s - loss: 2.1510 - accuracy: 0.2335
55/98 [===============>..............] - ETA: 0s - loss: 2.1495 - accuracy: 0.2339
60/98 [=================>............] - ETA: 0s - loss: 2.1486 - accuracy: 0.2337
64/98 [==================>...........] - ETA: 0s - loss: 2.1481 - accuracy: 0.2339
69/98 [====================>.........] - ETA: 0s - loss: 2.1472 - accuracy: 0.2353
74/98 [=====================>........] - ETA: 0s - loss: 2.1460 - accuracy: 0.2351
78/98 [======================>.......] - ETA: 0s - loss: 2.1456 - accuracy: 0.2350
83/98 [========================>.....] - ETA: 0s - loss: 2.1445 - accuracy: 0.2352
88/98 [=========================>....] - ETA: 0s - loss: 2.1437 - accuracy: 0.2352
92/98 [===========================>..] - ETA: 0s - loss: 2.1429 - accuracy: 0.2355
96/98 [============================>.] - ETA: 0s - loss: 2.1422 - accuracy: 0.2359
98/98 [==============================] - 2s 20ms/step - loss: 2.1418 - accuracy: 0.2361 - val_loss: 2.1049 - val_accuracy: 0.3278
Epoch 10/36

 1/98 [..............................] - ETA: 4s - loss: 2.1234 - accuracy: 0.2266
 5/98 [>.............................] - ETA: 1s - loss: 2.1238 - accuracy: 0.2445
 9/98 [=>............................] - ETA: 1s - loss: 2.1231 - accuracy: 0.2476
13/98 [==>...........................] - ETA: 1s - loss: 2.1205 - accuracy: 0.2514
17/98 [====>.........................] - ETA: 1s - loss: 2.1204 - accuracy: 0.2521
21/98 [=====>........................] - ETA: 1s - loss: 2.1214 - accuracy: 0.2505
26/98 [======>.......................] - ETA: 1s - loss: 2.1183 - accuracy: 0.2533
30/98 [========>.....................] - ETA: 1s - loss: 2.1195 - accuracy: 0.2514
34/98 [=========>....................] - ETA: 0s - loss: 2.1188 - accuracy: 0.2516
38/98 [==========>...................] - ETA: 0s - loss: 2.1176 - accuracy: 0.2523
42/98 [===========>..................] - ETA: 0s - loss: 2.1184 - accuracy: 0.2513
46/98 [=============>................] - ETA: 0s - loss: 2.1170 - accuracy: 0.2514
50/98 [==============>...............] - ETA: 0s - loss: 2.1155 - accuracy: 0.2520
54/98 [===============>..............] - ETA: 0s - loss: 2.1151 - accuracy: 0.2525
58/98 [================>.............] - ETA: 0s - loss: 2.1152 - accuracy: 0.2515
63/98 [==================>...........] - ETA: 0s - loss: 2.1131 - accuracy: 0.2532
68/98 [===================>..........] - ETA: 0s - loss: 2.1132 - accuracy: 0.2534
72/98 [=====================>........] - ETA: 0s - loss: 2.1122 - accuracy: 0.2540
77/98 [======================>.......] - ETA: 0s - loss: 2.1115 - accuracy: 0.2552
81/98 [=======================>......] - ETA: 0s - loss: 2.1106 - accuracy: 0.2552
86/98 [=========================>....] - ETA: 0s - loss: 2.1100 - accuracy: 0.2554
90/98 [==========================>...] - ETA: 0s - loss: 2.1095 - accuracy: 0.2557
95/98 [============================>.] - ETA: 0s - loss: 2.1084 - accuracy: 0.2564
98/98 [==============================] - 2s 20ms/step - loss: 2.1084 - accuracy: 0.2562 - val_loss: 2.0681 - val_accuracy: 0.3386
Epoch 11/36

 1/98 [..............................] - ETA: 3s - loss: 2.0838 - accuracy: 0.2734
 5/98 [>.............................] - ETA: 1s - loss: 2.0836 - accuracy: 0.2625
 9/98 [=>............................] - ETA: 1s - loss: 2.0829 - accuracy: 0.2648
13/98 [==>...........................] - ETA: 1s - loss: 2.0844 - accuracy: 0.2662
17/98 [====>.........................] - ETA: 1s - loss: 2.0873 - accuracy: 0.2610
21/98 [=====>........................] - ETA: 1s - loss: 2.0869 - accuracy: 0.2605
25/98 [======>.......................] - ETA: 1s - loss: 2.0846 - accuracy: 0.2597
29/98 [=======>......................] - ETA: 1s - loss: 2.0859 - accuracy: 0.2594
33/98 [=========>....................] - ETA: 1s - loss: 2.0830 - accuracy: 0.2608
37/98 [==========>...................] - ETA: 0s - loss: 2.0833 - accuracy: 0.2599
41/98 [===========>..................] - ETA: 0s - loss: 2.0831 - accuracy: 0.2606
45/98 [============>.................] - ETA: 0s - loss: 2.0821 - accuracy: 0.2607
49/98 [==============>...............] - ETA: 0s - loss: 2.0821 - accuracy: 0.2606
54/98 [===============>..............] - ETA: 0s - loss: 2.0798 - accuracy: 0.2615
58/98 [================>.............] - ETA: 0s - loss: 2.0789 - accuracy: 0.2617
62/98 [=================>............] - ETA: 0s - loss: 2.0796 - accuracy: 0.2609
66/98 [===================>..........] - ETA: 0s - loss: 2.0800 - accuracy: 0.2609
70/98 [====================>.........] - ETA: 0s - loss: 2.0789 - accuracy: 0.2613
74/98 [=====================>........] - ETA: 0s - loss: 2.0788 - accuracy: 0.2614
78/98 [======================>.......] - ETA: 0s - loss: 2.0775 - accuracy: 0.2622
82/98 [========================>.....] - ETA: 0s - loss: 2.0762 - accuracy: 0.2630
86/98 [=========================>....] - ETA: 0s - loss: 2.0757 - accuracy: 0.2637
90/98 [==========================>...] - ETA: 0s - loss: 2.0747 - accuracy: 0.2643
95/98 [============================>.] - ETA: 0s - loss: 2.0745 - accuracy: 0.2645
98/98 [==============================] - 2s 21ms/step - loss: 2.0738 - accuracy: 0.2651 - val_loss: 2.0317 - val_accuracy: 0.3470
Epoch 12/36

 1/98 [..............................] - ETA: 3s - loss: 2.0809 - accuracy: 0.2656
 5/98 [>.............................] - ETA: 1s - loss: 2.0612 - accuracy: 0.2730
 9/98 [=>............................] - ETA: 1s - loss: 2.0634 - accuracy: 0.2741
13/98 [==>...........................] - ETA: 1s - loss: 2.0534 - accuracy: 0.2773
17/98 [====>.........................] - ETA: 1s - loss: 2.0502 - accuracy: 0.2792
21/98 [=====>........................] - ETA: 1s - loss: 2.0504 - accuracy: 0.2795
25/98 [======>.......................] - ETA: 1s - loss: 2.0504 - accuracy: 0.2794
29/98 [=======>......................] - ETA: 1s - loss: 2.0491 - accuracy: 0.2813
33/98 [=========>....................] - ETA: 1s - loss: 2.0491 - accuracy: 0.2803
37/98 [==========>...................] - ETA: 0s - loss: 2.0485 - accuracy: 0.2814
41/98 [===========>..................] - ETA: 0s - loss: 2.0490 - accuracy: 0.2798
45/98 [============>.................] - ETA: 0s - loss: 2.0482 - accuracy: 0.2797
49/98 [==============>...............] - ETA: 0s - loss: 2.0465 - accuracy: 0.2808
53/98 [===============>..............] - ETA: 0s - loss: 2.0466 - accuracy: 0.2798
57/98 [================>.............] - ETA: 0s - loss: 2.0462 - accuracy: 0.2800
61/98 [=================>............] - ETA: 0s - loss: 2.0462 - accuracy: 0.2795
65/98 [==================>...........] - ETA: 0s - loss: 2.0454 - accuracy: 0.2795
68/98 [===================>..........] - ETA: 0s - loss: 2.0449 - accuracy: 0.2795
72/98 [=====================>........] - ETA: 0s - loss: 2.0434 - accuracy: 0.2799
76/98 [======================>.......] - ETA: 0s - loss: 2.0427 - accuracy: 0.2805
81/98 [=======================>......] - ETA: 0s - loss: 2.0420 - accuracy: 0.2808
85/98 [=========================>....] - ETA: 0s - loss: 2.0418 - accuracy: 0.2808
89/98 [==========================>...] - ETA: 0s - loss: 2.0409 - accuracy: 0.2815
93/98 [===========================>..] - ETA: 0s - loss: 2.0405 - accuracy: 0.2824
97/98 [============================>.] - ETA: 0s - loss: 2.0391 - accuracy: 0.2831
98/98 [==============================] - 2s 21ms/step - loss: 2.0392 - accuracy: 0.2831 - val_loss: 1.9959 - val_accuracy: 0.3556
Epoch 13/36

 1/98 [..............................] - ETA: 3s - loss: 2.0417 - accuracy: 0.2832
 6/98 [>.............................] - ETA: 1s - loss: 2.0256 - accuracy: 0.2848
10/98 [==>...........................] - ETA: 1s - loss: 2.0154 - accuracy: 0.2904
15/98 [===>..........................] - ETA: 1s - loss: 2.0149 - accuracy: 0.2934
20/98 [=====>........................] - ETA: 1s - loss: 2.0143 - accuracy: 0.2927
24/98 [======>.......................] - ETA: 1s - loss: 2.0126 - accuracy: 0.2926
29/98 [=======>......................] - ETA: 0s - loss: 2.0131 - accuracy: 0.2924
33/98 [=========>....................] - ETA: 0s - loss: 2.0129 - accuracy: 0.2918
37/98 [==========>...................] - ETA: 0s - loss: 2.0120 - accuracy: 0.2914
41/98 [===========>..................] - ETA: 0s - loss: 2.0103 - accuracy: 0.2918
45/98 [============>.................] - ETA: 0s - loss: 2.0118 - accuracy: 0.2898
49/98 [==============>...............] - ETA: 0s - loss: 2.0125 - accuracy: 0.2895
53/98 [===============>..............] - ETA: 0s - loss: 2.0116 - accuracy: 0.2905
57/98 [================>.............] - ETA: 0s - loss: 2.0104 - accuracy: 0.2918
62/98 [=================>............] - ETA: 0s - loss: 2.0093 - accuracy: 0.2936
66/98 [===================>..........] - ETA: 0s - loss: 2.0097 - accuracy: 0.2931
70/98 [====================>.........] - ETA: 0s - loss: 2.0097 - accuracy: 0.2924
74/98 [=====================>........] - ETA: 0s - loss: 2.0093 - accuracy: 0.2921
78/98 [======================>.......] - ETA: 0s - loss: 2.0090 - accuracy: 0.2921
83/98 [========================>.....] - ETA: 0s - loss: 2.0081 - accuracy: 0.2932
86/98 [=========================>....] - ETA: 0s - loss: 2.0078 - accuracy: 0.2935
90/98 [==========================>...] - ETA: 0s - loss: 2.0073 - accuracy: 0.2935
94/98 [===========================>..] - ETA: 0s - loss: 2.0065 - accuracy: 0.2941
98/98 [==============================] - ETA: 0s - loss: 2.0062 - accuracy: 0.2945
98/98 [==============================] - 2s 21ms/step - loss: 2.0062 - accuracy: 0.2945 - val_loss: 1.9649 - val_accuracy: 0.3651
Epoch 14/36

 1/98 [..............................] - ETA: 3s - loss: 1.9658 - accuracy: 0.3340
 5/98 [>.............................] - ETA: 1s - loss: 1.9946 - accuracy: 0.3102
 9/98 [=>............................] - ETA: 1s - loss: 1.9896 - accuracy: 0.3036
13/98 [==>...........................] - ETA: 1s - loss: 1.9894 - accuracy: 0.3029
18/98 [====>.........................] - ETA: 1s - loss: 1.9877 - accuracy: 0.3022
23/98 [======>.......................] - ETA: 1s - loss: 1.9873 - accuracy: 0.3022
28/98 [=======>......................] - ETA: 0s - loss: 1.9857 - accuracy: 0.3029
33/98 [=========>....................] - ETA: 0s - loss: 1.9846 - accuracy: 0.3013
37/98 [==========>...................] - ETA: 0s - loss: 1.9838 - accuracy: 0.3018
42/98 [===========>..................] - ETA: 0s - loss: 1.9852 - accuracy: 0.3015
47/98 [=============>................] - ETA: 0s - loss: 1.9855 - accuracy: 0.3018
51/98 [==============>...............] - ETA: 0s - loss: 1.9864 - accuracy: 0.3018
56/98 [================>.............] - ETA: 0s - loss: 1.9858 - accuracy: 0.3027
61/98 [=================>............] - ETA: 0s - loss: 1.9852 - accuracy: 0.3024
64/98 [==================>...........] - ETA: 0s - loss: 1.9853 - accuracy: 0.3020
69/98 [====================>.........] - ETA: 0s - loss: 1.9838 - accuracy: 0.3032
73/98 [=====================>........] - ETA: 0s - loss: 1.9838 - accuracy: 0.3027
77/98 [======================>.......] - ETA: 0s - loss: 1.9842 - accuracy: 0.3021
81/98 [=======================>......] - ETA: 0s - loss: 1.9841 - accuracy: 0.3018
85/98 [=========================>....] - ETA: 0s - loss: 1.9834 - accuracy: 0.3019
89/98 [==========================>...] - ETA: 0s - loss: 1.9836 - accuracy: 0.3018
94/98 [===========================>..] - ETA: 0s - loss: 1.9824 - accuracy: 0.3022
98/98 [==============================] - ETA: 0s - loss: 1.9820 - accuracy: 0.3029
98/98 [==============================] - 2s 20ms/step - loss: 1.9820 - accuracy: 0.3029 - val_loss: 1.9383 - val_accuracy: 0.3700
Epoch 15/36

 1/98 [..............................] - ETA: 2s - loss: 2.0093 - accuracy: 0.2891
 5/98 [>.............................] - ETA: 1s - loss: 1.9741 - accuracy: 0.3059
 9/98 [=>............................] - ETA: 1s - loss: 1.9700 - accuracy: 0.3082
14/98 [===>..........................] - ETA: 1s - loss: 1.9665 - accuracy: 0.3091
18/98 [====>.........................] - ETA: 1s - loss: 1.9663 - accuracy: 0.3098
22/98 [=====>........................] - ETA: 1s - loss: 1.9688 - accuracy: 0.3098
26/98 [======>.......................] - ETA: 1s - loss: 1.9692 - accuracy: 0.3110
31/98 [========>.....................] - ETA: 1s - loss: 1.9691 - accuracy: 0.3098
35/98 [=========>....................] - ETA: 0s - loss: 1.9687 - accuracy: 0.3102
39/98 [==========>...................] - ETA: 0s - loss: 1.9674 - accuracy: 0.3100
43/98 [============>.................] - ETA: 0s - loss: 1.9677 - accuracy: 0.3085
47/98 [=============>................] - ETA: 0s - loss: 1.9676 - accuracy: 0.3091
52/98 [==============>...............] - ETA: 0s - loss: 1.9674 - accuracy: 0.3098
57/98 [================>.............] - ETA: 0s - loss: 1.9649 - accuracy: 0.3110
61/98 [=================>............] - ETA: 0s - loss: 1.9641 - accuracy: 0.3112
66/98 [===================>..........] - ETA: 0s - loss: 1.9626 - accuracy: 0.3114
70/98 [====================>.........] - ETA: 0s - loss: 1.9612 - accuracy: 0.3122
75/98 [=====================>........] - ETA: 0s - loss: 1.9590 - accuracy: 0.3130
80/98 [=======================>......] - ETA: 0s - loss: 1.9586 - accuracy: 0.3125
84/98 [========================>.....] - ETA: 0s - loss: 1.9577 - accuracy: 0.3126
89/98 [==========================>...] - ETA: 0s - loss: 1.9579 - accuracy: 0.3125
93/98 [===========================>..] - ETA: 0s - loss: 1.9579 - accuracy: 0.3127
98/98 [==============================] - ETA: 0s - loss: 1.9567 - accuracy: 0.3127
98/98 [==============================] - 2s 20ms/step - loss: 1.9567 - accuracy: 0.3127 - val_loss: 1.9148 - val_accuracy: 0.3720
Epoch 16/36

 1/98 [..............................] - ETA: 2s - loss: 1.9296 - accuracy: 0.3457
 4/98 [>.............................] - ETA: 1s - loss: 1.9356 - accuracy: 0.3281
 8/98 [=>............................] - ETA: 1s - loss: 1.9493 - accuracy: 0.3208
12/98 [==>...........................] - ETA: 1s - loss: 1.9469 - accuracy: 0.3190
16/98 [===>..........................] - ETA: 1s - loss: 1.9456 - accuracy: 0.3193
20/98 [=====>........................] - ETA: 1s - loss: 1.9432 - accuracy: 0.3242
24/98 [======>.......................] - ETA: 1s - loss: 1.9427 - accuracy: 0.3230
28/98 [=======>......................] - ETA: 1s - loss: 1.9432 - accuracy: 0.3214
32/98 [========>.....................] - ETA: 1s - loss: 1.9419 - accuracy: 0.3226
36/98 [==========>...................] - ETA: 0s - loss: 1.9428 - accuracy: 0.3207
40/98 [===========>..................] - ETA: 0s - loss: 1.9417 - accuracy: 0.3213
44/98 [============>.................] - ETA: 0s - loss: 1.9416 - accuracy: 0.3206
47/98 [=============>................] - ETA: 0s - loss: 1.9417 - accuracy: 0.3204
51/98 [==============>...............] - ETA: 0s - loss: 1.9396 - accuracy: 0.3209
55/98 [===============>..............] - ETA: 0s - loss: 1.9401 - accuracy: 0.3197
59/98 [=================>............] - ETA: 0s - loss: 1.9408 - accuracy: 0.3186
63/98 [==================>...........] - ETA: 0s - loss: 1.9393 - accuracy: 0.3192
67/98 [===================>..........] - ETA: 0s - loss: 1.9380 - accuracy: 0.3201
71/98 [====================>.........] - ETA: 0s - loss: 1.9368 - accuracy: 0.3198
75/98 [=====================>........] - ETA: 0s - loss: 1.9374 - accuracy: 0.3191
79/98 [=======================>......] - ETA: 0s - loss: 1.9373 - accuracy: 0.3192
83/98 [========================>.....] - ETA: 0s - loss: 1.9368 - accuracy: 0.3192
88/98 [=========================>....] - ETA: 0s - loss: 1.9364 - accuracy: 0.3192
93/98 [===========================>..] - ETA: 0s - loss: 1.9364 - accuracy: 0.3191
98/98 [==============================] - ETA: 0s - loss: 1.9360 - accuracy: 0.3193
98/98 [==============================] - 2s 21ms/step - loss: 1.9360 - accuracy: 0.3193 - val_loss: 1.8946 - val_accuracy: 0.3771
Epoch 17/36

 1/98 [..............................] - ETA: 3s - loss: 1.9550 - accuracy: 0.3066
 5/98 [>.............................] - ETA: 1s - loss: 1.9359 - accuracy: 0.3125
 9/98 [=>............................] - ETA: 1s - loss: 1.9222 - accuracy: 0.3142
13/98 [==>...........................] - ETA: 1s - loss: 1.9216 - accuracy: 0.3169
17/98 [====>.........................] - ETA: 1s - loss: 1.9219 - accuracy: 0.3185
21/98 [=====>........................] - ETA: 1s - loss: 1.9235 - accuracy: 0.3224
25/98 [======>.......................] - ETA: 1s - loss: 1.9236 - accuracy: 0.3248
29/98 [=======>......................] - ETA: 1s - loss: 1.9224 - accuracy: 0.3271
33/98 [=========>....................] - ETA: 1s - loss: 1.9235 - accuracy: 0.3271
37/98 [==========>...................] - ETA: 0s - loss: 1.9212 - accuracy: 0.3281
41/98 [===========>..................] - ETA: 0s - loss: 1.9221 - accuracy: 0.3285
45/98 [============>.................] - ETA: 0s - loss: 1.9220 - accuracy: 0.3268
48/98 [=============>................] - ETA: 0s - loss: 1.9219 - accuracy: 0.3263
52/98 [==============>...............] - ETA: 0s - loss: 1.9211 - accuracy: 0.3272
56/98 [================>.............] - ETA: 0s - loss: 1.9224 - accuracy: 0.3268
60/98 [=================>............] - ETA: 0s - loss: 1.9204 - accuracy: 0.3271
64/98 [==================>...........] - ETA: 0s - loss: 1.9192 - accuracy: 0.3273
68/98 [===================>..........] - ETA: 0s - loss: 1.9194 - accuracy: 0.3265
72/98 [=====================>........] - ETA: 0s - loss: 1.9192 - accuracy: 0.3273
77/98 [======================>.......] - ETA: 0s - loss: 1.9186 - accuracy: 0.3279
81/98 [=======================>......] - ETA: 0s - loss: 1.9189 - accuracy: 0.3271
85/98 [=========================>....] - ETA: 0s - loss: 1.9191 - accuracy: 0.3260
89/98 [==========================>...] - ETA: 0s - loss: 1.9182 - accuracy: 0.3259
93/98 [===========================>..] - ETA: 0s - loss: 1.9173 - accuracy: 0.3263
97/98 [============================>.] - ETA: 0s - loss: 1.9174 - accuracy: 0.3261
98/98 [==============================] - 2s 21ms/step - loss: 1.9171 - accuracy: 0.3262 - val_loss: 1.8763 - val_accuracy: 0.3815
Epoch 18/36

 1/98 [..............................] - ETA: 3s - loss: 1.8530 - accuracy: 0.3711
 6/98 [>.............................] - ETA: 1s - loss: 1.9208 - accuracy: 0.3226
11/98 [==>...........................] - ETA: 1s - loss: 1.9167 - accuracy: 0.3214
16/98 [===>..........................] - ETA: 1s - loss: 1.9090 - accuracy: 0.3258
20/98 [=====>........................] - ETA: 1s - loss: 1.9100 - accuracy: 0.3230
24/98 [======>.......................] - ETA: 1s - loss: 1.9118 - accuracy: 0.3245
28/98 [=======>......................] - ETA: 0s - loss: 1.9112 - accuracy: 0.3254
32/98 [========>.....................] - ETA: 0s - loss: 1.9117 - accuracy: 0.3264
36/98 [==========>...................] - ETA: 0s - loss: 1.9114 - accuracy: 0.3269
40/98 [===========>..................] - ETA: 0s - loss: 1.9106 - accuracy: 0.3268
44/98 [============>.................] - ETA: 0s - loss: 1.9088 - accuracy: 0.3280
48/98 [=============>................] - ETA: 0s - loss: 1.9074 - accuracy: 0.3297
52/98 [==============>...............] - ETA: 0s - loss: 1.9069 - accuracy: 0.3299
57/98 [================>.............] - ETA: 0s - loss: 1.9066 - accuracy: 0.3309
61/98 [=================>............] - ETA: 0s - loss: 1.9052 - accuracy: 0.3317
