2024-07-26 15:45:41.229071: I tensorflow/core/platform/cpu_feature_guard.cc:193] This TensorFlow binary is optimized with oneAPI Deep Neural Network Library (oneDNN) to use the following CPU instructions in performance-critical operations:  AVX AVX2
To enable them in other operations, rebuild TensorFlow with the appropriate compiler flags.
2024-07-26 15:45:42.591321: I tensorflow/core/common_runtime/gpu/gpu_device.cc:1616] Created device /job:localhost/replica:0/task:0/device:GPU:0 with 6656 MB memory:  -> device: 0, name: NVIDIA GeForce RTX 4060 Ti, pci bus id: 0000:01:00.0, compute capability: 8.9
1 Physical GPUs, 1 Logical GPUs
Model: "sequential"
_________________________________________________________________
 Layer (type)                Output Shape              Param #   
=================================================================
 conv2d (Conv2D)             (None, 32, 32, 32)        896       
                                                                 
 max_pooling2d (MaxPooling2D  (None, 16, 16, 32)       0         
 )                                                               
                                                                 
 dropout (Dropout)           (None, 16, 16, 32)        0         
                                                                 
 flatten (Flatten)           (None, 8192)              0         
                                                                 
 dense (Dense)               (None, 10)                81930     
                                                                 
=================================================================
Total params: 82,826
Trainable params: 82,826
Non-trainable params: 0
_________________________________________________________________
Taxa de aprendizado:  0.01 Num de épocas:  249 Tamanho do lote:  512 Dropout:  0.14
Epoch 1/249
2024-07-26 15:45:44.813043: I tensorflow/stream_executor/cuda/cuda_dnn.cc:384] Loaded cuDNN version 8100
2024-07-26 15:45:46.756238: W tensorflow/stream_executor/gpu/redzone_allocator.cc:314] INTERNAL: ptxas exited with non-zero error code -1, output: 
Relying on driver to perform ptx compilation. 
Modify $PATH to customize ptxas location.
This message will be only logged once.
2024-07-26 15:45:48.583676: I tensorflow/stream_executor/cuda/cuda_blas.cc:1614] TensorFloat-32 will be used for the matrix multiplication. This will only be logged once.

 1/98 [..............................] - ETA: 10:06 - loss: 2.3625 - accuracy: 0.0938
 5/98 [>.............................] - ETA: 1s - loss: 3.6192 - accuracy: 0.1039   
 9/98 [=>............................] - ETA: 1s - loss: 3.0193 - accuracy: 0.1172
13/98 [==>...........................] - ETA: 1s - loss: 2.7649 - accuracy: 0.1406
16/98 [===>..........................] - ETA: 1s - loss: 2.6557 - accuracy: 0.1542
20/98 [=====>........................] - ETA: 1s - loss: 2.5229 - accuracy: 0.1802
24/98 [======>.......................] - ETA: 1s - loss: 2.4233 - accuracy: 0.2034
28/98 [=======>......................] - ETA: 1s - loss: 2.3457 - accuracy: 0.2222
32/98 [========>.....................] - ETA: 1s - loss: 2.2835 - accuracy: 0.2394
36/98 [==========>...................] - ETA: 1s - loss: 2.2284 - accuracy: 0.2529
40/98 [===========>..................] - ETA: 1s - loss: 2.1832 - accuracy: 0.2638
44/98 [============>.................] - ETA: 0s - loss: 2.1450 - accuracy: 0.2730
48/98 [=============>................] - ETA: 0s - loss: 2.1097 - accuracy: 0.2823
52/98 [==============>...............] - ETA: 0s - loss: 2.0802 - accuracy: 0.2902
56/98 [================>.............] - ETA: 0s - loss: 2.0487 - accuracy: 0.3000
60/98 [=================>............] - ETA: 0s - loss: 2.0188 - accuracy: 0.3091
64/98 [==================>...........] - ETA: 0s - loss: 1.9911 - accuracy: 0.3177
68/98 [===================>..........] - ETA: 0s - loss: 1.9686 - accuracy: 0.3248
72/98 [=====================>........] - ETA: 0s - loss: 1.9446 - accuracy: 0.3322
76/98 [======================>.......] - ETA: 0s - loss: 1.9231 - accuracy: 0.3384
80/98 [=======================>......] - ETA: 0s - loss: 1.9027 - accuracy: 0.3450
84/98 [========================>.....] - ETA: 0s - loss: 1.8880 - accuracy: 0.3492
88/98 [=========================>....] - ETA: 0s - loss: 1.8733 - accuracy: 0.3533
92/98 [===========================>..] - ETA: 0s - loss: 1.8579 - accuracy: 0.3575
96/98 [============================>.] - ETA: 0s - loss: 1.8435 - accuracy: 0.3611
98/98 [==============================] - 9s 29ms/step - loss: 1.8370 - accuracy: 0.3629 - val_loss: 1.5133 - val_accuracy: 0.4568
Epoch 2/249

 1/98 [..............................] - ETA: 3s - loss: 1.5140 - accuracy: 0.4688
 5/98 [>.............................] - ETA: 1s - loss: 1.4655 - accuracy: 0.4695
10/98 [==>...........................] - ETA: 1s - loss: 1.4653 - accuracy: 0.4745
14/98 [===>..........................] - ETA: 1s - loss: 1.4625 - accuracy: 0.4775
18/98 [====>.........................] - ETA: 1s - loss: 1.4631 - accuracy: 0.4793
22/98 [=====>........................] - ETA: 1s - loss: 1.4596 - accuracy: 0.4817
26/98 [======>.......................] - ETA: 1s - loss: 1.4589 - accuracy: 0.4810
30/98 [========>.....................] - ETA: 1s - loss: 1.4582 - accuracy: 0.4820
34/98 [=========>....................] - ETA: 0s - loss: 1.4584 - accuracy: 0.4828
38/98 [==========>...................] - ETA: 0s - loss: 1.4560 - accuracy: 0.4817
42/98 [===========>..................] - ETA: 0s - loss: 1.4568 - accuracy: 0.4819
46/98 [=============>................] - ETA: 0s - loss: 1.4518 - accuracy: 0.4838
50/98 [==============>...............] - ETA: 0s - loss: 1.4498 - accuracy: 0.4839
54/98 [===============>..............] - ETA: 0s - loss: 1.4483 - accuracy: 0.4847
58/98 [================>.............] - ETA: 0s - loss: 1.4468 - accuracy: 0.4853
62/98 [=================>............] - ETA: 0s - loss: 1.4476 - accuracy: 0.4845
66/98 [===================>..........] - ETA: 0s - loss: 1.4492 - accuracy: 0.4838
70/98 [====================>.........] - ETA: 0s - loss: 1.4474 - accuracy: 0.4848
74/98 [=====================>........] - ETA: 0s - loss: 1.4446 - accuracy: 0.4863
78/98 [======================>.......] - ETA: 0s - loss: 1.4434 - accuracy: 0.4866
84/98 [========================>.....] - ETA: 0s - loss: 1.4428 - accuracy: 0.4876
89/98 [==========================>...] - ETA: 0s - loss: 1.4423 - accuracy: 0.4879
95/98 [============================>.] - ETA: 0s - loss: 1.4411 - accuracy: 0.4889
98/98 [==============================] - 2s 22ms/step - loss: 1.4414 - accuracy: 0.4885 - val_loss: 1.3803 - val_accuracy: 0.5128
Epoch 3/249

 1/98 [..............................] - ETA: 1s - loss: 1.3394 - accuracy: 0.5508
 6/98 [>.............................] - ETA: 1s - loss: 1.3715 - accuracy: 0.5114
11/98 [==>...........................] - ETA: 1s - loss: 1.3703 - accuracy: 0.5201
17/98 [====>.........................] - ETA: 0s - loss: 1.3728 - accuracy: 0.5186
21/98 [=====>........................] - ETA: 0s - loss: 1.3831 - accuracy: 0.5168
26/98 [======>.......................] - ETA: 0s - loss: 1.3911 - accuracy: 0.5152
32/98 [========>.....................] - ETA: 0s - loss: 1.3986 - accuracy: 0.5140
37/98 [==========>...................] - ETA: 0s - loss: 1.3978 - accuracy: 0.5147
43/98 [============>.................] - ETA: 0s - loss: 1.3969 - accuracy: 0.5150
47/98 [=============>................] - ETA: 0s - loss: 1.3943 - accuracy: 0.5149
52/98 [==============>...............] - ETA: 0s - loss: 1.3952 - accuracy: 0.5147
56/98 [================>.............] - ETA: 0s - loss: 1.3946 - accuracy: 0.5144
60/98 [=================>............] - ETA: 0s - loss: 1.3921 - accuracy: 0.5149
64/98 [==================>...........] - ETA: 0s - loss: 1.3931 - accuracy: 0.5139
68/98 [===================>..........] - ETA: 0s - loss: 1.3906 - accuracy: 0.5142
72/98 [=====================>........] - ETA: 0s - loss: 1.3903 - accuracy: 0.5147
76/98 [======================>.......] - ETA: 0s - loss: 1.3912 - accuracy: 0.5142
80/98 [=======================>......] - ETA: 0s - loss: 1.3901 - accuracy: 0.5139
84/98 [========================>.....] - ETA: 0s - loss: 1.3917 - accuracy: 0.5137
88/98 [=========================>....] - ETA: 0s - loss: 1.3912 - accuracy: 0.5133
92/98 [===========================>..] - ETA: 0s - loss: 1.3903 - accuracy: 0.5136
96/98 [============================>.] - ETA: 0s - loss: 1.3900 - accuracy: 0.5131
98/98 [==============================] - 2s 24ms/step - loss: 1.3911 - accuracy: 0.5122 - val_loss: 1.3884 - val_accuracy: 0.5082
Epoch 4/249

 1/98 [..............................] - ETA: 3s - loss: 1.3187 - accuracy: 0.5371
 5/98 [>.............................] - ETA: 1s - loss: 1.3902 - accuracy: 0.5094
 9/98 [=>............................] - ETA: 1s - loss: 1.3850 - accuracy: 0.5163
13/98 [==>...........................] - ETA: 1s - loss: 1.3598 - accuracy: 0.5204
18/98 [====>.........................] - ETA: 1s - loss: 1.3562 - accuracy: 0.5216
22/98 [=====>........................] - ETA: 1s - loss: 1.3549 - accuracy: 0.5225
26/98 [======>.......................] - ETA: 1s - loss: 1.3559 - accuracy: 0.5231
30/98 [========>.....................] - ETA: 1s - loss: 1.3515 - accuracy: 0.5283
34/98 [=========>....................] - ETA: 0s - loss: 1.3587 - accuracy: 0.5250
38/98 [==========>...................] - ETA: 0s - loss: 1.3621 - accuracy: 0.5246
42/98 [===========>..................] - ETA: 0s - loss: 1.3633 - accuracy: 0.5246
46/98 [=============>................] - ETA: 0s - loss: 1.3660 - accuracy: 0.5239
51/98 [==============>...............] - ETA: 0s - loss: 1.3620 - accuracy: 0.5244
55/98 [===============>..............] - ETA: 0s - loss: 1.3590 - accuracy: 0.5245
60/98 [=================>............] - ETA: 0s - loss: 1.3571 - accuracy: 0.5244
64/98 [==================>...........] - ETA: 0s - loss: 1.3587 - accuracy: 0.5238
68/98 [===================>..........] - ETA: 0s - loss: 1.3601 - accuracy: 0.5235
72/98 [=====================>........] - ETA: 0s - loss: 1.3597 - accuracy: 0.5238
77/98 [======================>.......] - ETA: 0s - loss: 1.3581 - accuracy: 0.5243
81/98 [=======================>......] - ETA: 0s - loss: 1.3562 - accuracy: 0.5248
85/98 [=========================>....] - ETA: 0s - loss: 1.3569 - accuracy: 0.5248
89/98 [==========================>...] - ETA: 0s - loss: 1.3577 - accuracy: 0.5244
93/98 [===========================>..] - ETA: 0s - loss: 1.3566 - accuracy: 0.5246
97/98 [============================>.] - ETA: 0s - loss: 1.3563 - accuracy: 0.5246
98/98 [==============================] - 2s 25ms/step - loss: 1.3566 - accuracy: 0.5241 - val_loss: 1.3393 - val_accuracy: 0.5274
Epoch 5/249

 1/98 [..............................] - ETA: 3s - loss: 1.3422 - accuracy: 0.5430
 5/98 [>.............................] - ETA: 1s - loss: 1.3360 - accuracy: 0.5211
 9/98 [=>............................] - ETA: 1s - loss: 1.3186 - accuracy: 0.5375
13/98 [==>...........................] - ETA: 1s - loss: 1.3132 - accuracy: 0.5424
18/98 [====>.........................] - ETA: 1s - loss: 1.3110 - accuracy: 0.5428
21/98 [=====>........................] - ETA: 1s - loss: 1.3109 - accuracy: 0.5421
25/98 [======>.......................] - ETA: 1s - loss: 1.3027 - accuracy: 0.5459
29/98 [=======>......................] - ETA: 1s - loss: 1.3052 - accuracy: 0.5445
33/98 [=========>....................] - ETA: 0s - loss: 1.3072 - accuracy: 0.5440
37/98 [==========>...................] - ETA: 0s - loss: 1.3110 - accuracy: 0.5421
41/98 [===========>..................] - ETA: 0s - loss: 1.3154 - accuracy: 0.5418
45/98 [============>.................] - ETA: 0s - loss: 1.3160 - accuracy: 0.5420
49/98 [==============>...............] - ETA: 0s - loss: 1.3144 - accuracy: 0.5417
53/98 [===============>..............] - ETA: 0s - loss: 1.3179 - accuracy: 0.5408
57/98 [================>.............] - ETA: 0s - loss: 1.3217 - accuracy: 0.5394
61/98 [=================>............] - ETA: 0s - loss: 1.3265 - accuracy: 0.5380
65/98 [==================>...........] - ETA: 0s - loss: 1.3272 - accuracy: 0.5374
69/98 [====================>.........] - ETA: 0s - loss: 1.3277 - accuracy: 0.5371
73/98 [=====================>........] - ETA: 0s - loss: 1.3290 - accuracy: 0.5361
77/98 [======================>.......] - ETA: 0s - loss: 1.3283 - accuracy: 0.5366
81/98 [=======================>......] - ETA: 0s - loss: 1.3292 - accuracy: 0.5366
85/98 [=========================>....] - ETA: 0s - loss: 1.3307 - accuracy: 0.5363
89/98 [==========================>...] - ETA: 0s - loss: 1.3313 - accuracy: 0.5358
93/98 [===========================>..] - ETA: 0s - loss: 1.3319 - accuracy: 0.5353
97/98 [============================>.] - ETA: 0s - loss: 1.3325 - accuracy: 0.5351
98/98 [==============================] - 2s 25ms/step - loss: 1.3315 - accuracy: 0.5353 - val_loss: 1.3719 - val_accuracy: 0.5272
Epoch 6/249

 1/98 [..............................] - ETA: 3s - loss: 1.3270 - accuracy: 0.5430
 4/98 [>.............................] - ETA: 1s - loss: 1.3124 - accuracy: 0.5488
 8/98 [=>............................] - ETA: 1s - loss: 1.3230 - accuracy: 0.5417
12/98 [==>...........................] - ETA: 1s - loss: 1.3312 - accuracy: 0.5379
17/98 [====>.........................] - ETA: 1s - loss: 1.3199 - accuracy: 0.5411
21/98 [=====>........................] - ETA: 1s - loss: 1.3157 - accuracy: 0.5399
25/98 [======>.......................] - ETA: 1s - loss: 1.3124 - accuracy: 0.5425
29/98 [=======>......................] - ETA: 1s - loss: 1.3164 - accuracy: 0.5402
33/98 [=========>....................] - ETA: 0s - loss: 1.3224 - accuracy: 0.5385
37/98 [==========>...................] - ETA: 0s - loss: 1.3188 - accuracy: 0.5402
41/98 [===========>..................] - ETA: 0s - loss: 1.3180 - accuracy: 0.5395
45/98 [============>.................] - ETA: 0s - loss: 1.3177 - accuracy: 0.5400
49/98 [==============>...............] - ETA: 0s - loss: 1.3193 - accuracy: 0.5380
53/98 [===============>..............] - ETA: 0s - loss: 1.3214 - accuracy: 0.5368
57/98 [================>.............] - ETA: 0s - loss: 1.3223 - accuracy: 0.5363
61/98 [=================>............] - ETA: 0s - loss: 1.3219 - accuracy: 0.5373
65/98 [==================>...........] - ETA: 0s - loss: 1.3226 - accuracy: 0.5363
69/98 [====================>.........] - ETA: 0s - loss: 1.3241 - accuracy: 0.5357
73/98 [=====================>........] - ETA: 0s - loss: 1.3244 - accuracy: 0.5360
78/98 [======================>.......] - ETA: 0s - loss: 1.3265 - accuracy: 0.5352
82/98 [========================>.....] - ETA: 0s - loss: 1.3264 - accuracy: 0.5348
86/98 [=========================>....] - ETA: 0s - loss: 1.3269 - accuracy: 0.5348
90/98 [==========================>...] - ETA: 0s - loss: 1.3253 - accuracy: 0.5355
93/98 [===========================>..] - ETA: 0s - loss: 1.3256 - accuracy: 0.5353
97/98 [============================>.] - ETA: 0s - loss: 1.3249 - accuracy: 0.5353
98/98 [==============================] - 2s 25ms/step - loss: 1.3253 - accuracy: 0.5351 - val_loss: 1.3200 - val_accuracy: 0.5353
Epoch 7/249

 1/98 [..............................] - ETA: 3s - loss: 1.4675 - accuracy: 0.4961
 5/98 [>.............................] - ETA: 1s - loss: 1.3380 - accuracy: 0.5332
10/98 [==>...........................] - ETA: 1s - loss: 1.3108 - accuracy: 0.5361
14/98 [===>..........................] - ETA: 1s - loss: 1.3069 - accuracy: 0.5413
18/98 [====>.........................] - ETA: 1s - loss: 1.3081 - accuracy: 0.5408
21/98 [=====>........................] - ETA: 1s - loss: 1.3018 - accuracy: 0.5436
25/98 [======>.......................] - ETA: 1s - loss: 1.2991 - accuracy: 0.5442
29/98 [=======>......................] - ETA: 1s - loss: 1.3042 - accuracy: 0.5432
33/98 [=========>....................] - ETA: 0s - loss: 1.3028 - accuracy: 0.5432
37/98 [==========>...................] - ETA: 0s - loss: 1.3074 - accuracy: 0.5423
41/98 [===========>..................] - ETA: 0s - loss: 1.3089 - accuracy: 0.5417
45/98 [============>.................] - ETA: 0s - loss: 1.3065 - accuracy: 0.5427
49/98 [==============>...............] - ETA: 0s - loss: 1.3091 - accuracy: 0.5425
53/98 [===============>..............] - ETA: 0s - loss: 1.3082 - accuracy: 0.5426
58/98 [================>.............] - ETA: 0s - loss: 1.3121 - accuracy: 0.5406
63/98 [==================>...........] - ETA: 0s - loss: 1.3144 - accuracy: 0.5406
67/98 [===================>..........] - ETA: 0s - loss: 1.3107 - accuracy: 0.5409
71/98 [====================>.........] - ETA: 0s - loss: 1.3096 - accuracy: 0.5412
75/98 [=====================>........] - ETA: 0s - loss: 1.3084 - accuracy: 0.5414
79/98 [=======================>......] - ETA: 0s - loss: 1.3088 - accuracy: 0.5412
83/98 [========================>.....] - ETA: 0s - loss: 1.3085 - accuracy: 0.5417
86/98 [=========================>....] - ETA: 0s - loss: 1.3089 - accuracy: 0.5409
91/98 [==========================>...] - ETA: 0s - loss: 1.3085 - accuracy: 0.5404
95/98 [============================>.] - ETA: 0s - loss: 1.3082 - accuracy: 0.5403
98/98 [==============================] - 2s 25ms/step - loss: 1.3071 - accuracy: 0.5405 - val_loss: 1.3288 - val_accuracy: 0.5397
Epoch 8/249

 1/98 [..............................] - ETA: 3s - loss: 1.2815 - accuracy: 0.5703
 5/98 [>.............................] - ETA: 1s - loss: 1.2889 - accuracy: 0.5445
 9/98 [=>............................] - ETA: 1s - loss: 1.2882 - accuracy: 0.5486
13/98 [==>...........................] - ETA: 1s - loss: 1.2979 - accuracy: 0.5451
17/98 [====>.........................] - ETA: 1s - loss: 1.3104 - accuracy: 0.5426
21/98 [=====>........................] - ETA: 1s - loss: 1.3085 - accuracy: 0.5439
25/98 [======>.......................] - ETA: 1s - loss: 1.3056 - accuracy: 0.5457
29/98 [=======>......................] - ETA: 1s - loss: 1.3016 - accuracy: 0.5478
33/98 [=========>....................] - ETA: 1s - loss: 1.2988 - accuracy: 0.5471
37/98 [==========>...................] - ETA: 0s - loss: 1.2942 - accuracy: 0.5485
42/98 [===========>..................] - ETA: 0s - loss: 1.2920 - accuracy: 0.5490
46/98 [=============>................] - ETA: 0s - loss: 1.2893 - accuracy: 0.5499
50/98 [==============>...............] - ETA: 0s - loss: 1.2884 - accuracy: 0.5499
54/98 [===============>..............] - ETA: 0s - loss: 1.2872 - accuracy: 0.5507
58/98 [================>.............] - ETA: 0s - loss: 1.2896 - accuracy: 0.5500
62/98 [=================>............] - ETA: 0s - loss: 1.2923 - accuracy: 0.5480
66/98 [===================>..........] - ETA: 0s - loss: 1.2922 - accuracy: 0.5479
70/98 [====================>.........] - ETA: 0s - loss: 1.2923 - accuracy: 0.5477
74/98 [=====================>........] - ETA: 0s - loss: 1.2922 - accuracy: 0.5477
79/98 [=======================>......] - ETA: 0s - loss: 1.2929 - accuracy: 0.5484
83/98 [========================>.....] - ETA: 0s - loss: 1.2946 - accuracy: 0.5483
86/98 [=========================>....] - ETA: 0s - loss: 1.2956 - accuracy: 0.5484
90/98 [==========================>...] - ETA: 0s - loss: 1.2980 - accuracy: 0.5479
94/98 [===========================>..] - ETA: 0s - loss: 1.3005 - accuracy: 0.5478
98/98 [==============================] - ETA: 0s - loss: 1.3014 - accuracy: 0.5476
98/98 [==============================] - 2s 25ms/step - loss: 1.3014 - accuracy: 0.5476 - val_loss: 1.3228 - val_accuracy: 0.5368
Epoch 9/249

 1/98 [..............................] - ETA: 3s - loss: 1.2807 - accuracy: 0.5801
 5/98 [>.............................] - ETA: 1s - loss: 1.2670 - accuracy: 0.5645
 9/98 [=>............................] - ETA: 1s - loss: 1.2703 - accuracy: 0.5608
13/98 [==>...........................] - ETA: 1s - loss: 1.2766 - accuracy: 0.5565
17/98 [====>.........................] - ETA: 1s - loss: 1.2877 - accuracy: 0.5520
21/98 [=====>........................] - ETA: 1s - loss: 1.2829 - accuracy: 0.5503
25/98 [======>.......................] - ETA: 1s - loss: 1.2833 - accuracy: 0.5495
29/98 [=======>......................] - ETA: 1s - loss: 1.2853 - accuracy: 0.5500
33/98 [=========>....................] - ETA: 1s - loss: 1.2858 - accuracy: 0.5498
37/98 [==========>...................] - ETA: 0s - loss: 1.2874 - accuracy: 0.5495
41/98 [===========>..................] - ETA: 0s - loss: 1.2853 - accuracy: 0.5503
45/98 [============>.................] - ETA: 0s - loss: 1.2853 - accuracy: 0.5499
49/98 [==============>...............] - ETA: 0s - loss: 1.2845 - accuracy: 0.5499
54/98 [===============>..............] - ETA: 0s - loss: 1.2851 - accuracy: 0.5503
58/98 [================>.............] - ETA: 0s - loss: 1.2852 - accuracy: 0.5508
62/98 [=================>............] - ETA: 0s - loss: 1.2834 - accuracy: 0.5511
66/98 [===================>..........] - ETA: 0s - loss: 1.2827 - accuracy: 0.5511
70/98 [====================>.........] - ETA: 0s - loss: 1.2820 - accuracy: 0.5523
74/98 [=====================>........] - ETA: 0s - loss: 1.2840 - accuracy: 0.5514
78/98 [======================>.......] - ETA: 0s - loss: 1.2832 - accuracy: 0.5513
82/98 [========================>.....] - ETA: 0s - loss: 1.2829 - accuracy: 0.5509
86/98 [=========================>....] - ETA: 0s - loss: 1.2831 - accuracy: 0.5511
90/98 [==========================>...] - ETA: 0s - loss: 1.2834 - accuracy: 0.5508
94/98 [===========================>..] - ETA: 0s - loss: 1.2825 - accuracy: 0.5508
98/98 [==============================] - ETA: 0s - loss: 1.2837 - accuracy: 0.5506
98/98 [==============================] - 2s 25ms/step - loss: 1.2837 - accuracy: 0.5506 - val_loss: 1.3130 - val_accuracy: 0.5445
Epoch 10/249

 1/98 [..............................] - ETA: 2s - loss: 1.2879 - accuracy: 0.5391
 5/98 [>.............................] - ETA: 1s - loss: 1.2445 - accuracy: 0.5637
 9/98 [=>............................] - ETA: 1s - loss: 1.2622 - accuracy: 0.5586
13/98 [==>...........................] - ETA: 1s - loss: 1.2538 - accuracy: 0.5634
17/98 [====>.........................] - ETA: 1s - loss: 1.2539 - accuracy: 0.5656
21/98 [=====>........................] - ETA: 1s - loss: 1.2576 - accuracy: 0.5618
26/98 [======>.......................] - ETA: 1s - loss: 1.2581 - accuracy: 0.5622
30/98 [========>.....................] - ETA: 1s - loss: 1.2613 - accuracy: 0.5615
34/98 [=========>....................] - ETA: 0s - loss: 1.2612 - accuracy: 0.5613
38/98 [==========>...................] - ETA: 0s - loss: 1.2595 - accuracy: 0.5622
42/98 [===========>..................] - ETA: 0s - loss: 1.2619 - accuracy: 0.5599
46/98 [=============>................] - ETA: 0s - loss: 1.2624 - accuracy: 0.5593
50/98 [==============>...............] - ETA: 0s - loss: 1.2630 - accuracy: 0.5582
54/98 [===============>..............] - ETA: 0s - loss: 1.2656 - accuracy: 0.5574
58/98 [================>.............] - ETA: 0s - loss: 1.2703 - accuracy: 0.5554
62/98 [=================>............] - ETA: 0s - loss: 1.2762 - accuracy: 0.5533
66/98 [===================>..........] - ETA: 0s - loss: 1.2782 - accuracy: 0.5527
70/98 [====================>.........] - ETA: 0s - loss: 1.2791 - accuracy: 0.5519
74/98 [=====================>........] - ETA: 0s - loss: 1.2797 - accuracy: 0.5512
78/98 [======================>.......] - ETA: 0s - loss: 1.2810 - accuracy: 0.5507
82/98 [========================>.....] - ETA: 0s - loss: 1.2827 - accuracy: 0.5504
86/98 [=========================>....] - ETA: 0s - loss: 1.2828 - accuracy: 0.5508
90/98 [==========================>...] - ETA: 0s - loss: 1.2836 - accuracy: 0.5506
94/98 [===========================>..] - ETA: 0s - loss: 1.2862 - accuracy: 0.5493
98/98 [==============================] - ETA: 0s - loss: 1.2867 - accuracy: 0.5489
98/98 [==============================] - 3s 25ms/step - loss: 1.2867 - accuracy: 0.5489 - val_loss: 1.3113 - val_accuracy: 0.5412
Epoch 11/249

 1/98 [..............................] - ETA: 3s - loss: 1.2871 - accuracy: 0.5312
 5/98 [>.............................] - ETA: 1s - loss: 1.2679 - accuracy: 0.5367
 9/98 [=>............................] - ETA: 1s - loss: 1.2713 - accuracy: 0.5430
13/98 [==>...........................] - ETA: 1s - loss: 1.2840 - accuracy: 0.5463
17/98 [====>.........................] - ETA: 1s - loss: 1.2816 - accuracy: 0.5501
21/98 [=====>........................] - ETA: 1s - loss: 1.2759 - accuracy: 0.5505
26/98 [======>.......................] - ETA: 1s - loss: 1.2713 - accuracy: 0.5522
30/98 [========>.....................] - ETA: 1s - loss: 1.2784 - accuracy: 0.5510
34/98 [=========>....................] - ETA: 0s - loss: 1.2773 - accuracy: 0.5511
38/98 [==========>...................] - ETA: 0s - loss: 1.2805 - accuracy: 0.5491
42/98 [===========>..................] - ETA: 0s - loss: 1.2756 - accuracy: 0.5510
46/98 [=============>................] - ETA: 0s - loss: 1.2745 - accuracy: 0.5510
50/98 [==============>...............] - ETA: 0s - loss: 1.2736 - accuracy: 0.5511
54/98 [===============>..............] - ETA: 0s - loss: 1.2756 - accuracy: 0.5499
58/98 [================>.............] - ETA: 0s - loss: 1.2736 - accuracy: 0.5501
62/98 [=================>............] - ETA: 0s - loss: 1.2760 - accuracy: 0.5493
66/98 [===================>..........] - ETA: 0s - loss: 1.2756 - accuracy: 0.5504
70/98 [====================>.........] - ETA: 0s - loss: 1.2780 - accuracy: 0.5504
74/98 [=====================>........] - ETA: 0s - loss: 1.2793 - accuracy: 0.5502
78/98 [======================>.......] - ETA: 0s - loss: 1.2804 - accuracy: 0.5498
82/98 [========================>.....] - ETA: 0s - loss: 1.2813 - accuracy: 0.5496
86/98 [=========================>....] - ETA: 0s - loss: 1.2805 - accuracy: 0.5498
90/98 [==========================>...] - ETA: 0s - loss: 1.2812 - accuracy: 0.5503
95/98 [============================>.] - ETA: 0s - loss: 1.2816 - accuracy: 0.5507
98/98 [==============================] - 2s 25ms/step - loss: 1.2831 - accuracy: 0.5504 - val_loss: 1.3052 - val_accuracy: 0.5421
Epoch 12/249

 1/98 [..............................] - ETA: 1s - loss: 1.2230 - accuracy: 0.5566
 4/98 [>.............................] - ETA: 1s - loss: 1.2719 - accuracy: 0.5513
 8/98 [=>............................] - ETA: 1s - loss: 1.2485 - accuracy: 0.5627
12/98 [==>...........................] - ETA: 1s - loss: 1.2470 - accuracy: 0.5625
16/98 [===>..........................] - ETA: 1s - loss: 1.2549 - accuracy: 0.5605
20/98 [=====>........................] - ETA: 1s - loss: 1.2459 - accuracy: 0.5640
24/98 [======>.......................] - ETA: 1s - loss: 1.2458 - accuracy: 0.5632
28/98 [=======>......................] - ETA: 1s - loss: 1.2494 - accuracy: 0.5619
32/98 [========>.....................] - ETA: 1s - loss: 1.2488 - accuracy: 0.5621
36/98 [==========>...................] - ETA: 0s - loss: 1.2567 - accuracy: 0.5589
42/98 [===========>..................] - ETA: 0s - loss: 1.2550 - accuracy: 0.5598
48/98 [=============>................] - ETA: 0s - loss: 1.2607 - accuracy: 0.5583
53/98 [===============>..............] - ETA: 0s - loss: 1.2616 - accuracy: 0.5585
58/98 [================>.............] - ETA: 0s - loss: 1.2664 - accuracy: 0.5566
64/98 [==================>...........] - ETA: 0s - loss: 1.2705 - accuracy: 0.5555
69/98 [====================>.........] - ETA: 0s - loss: 1.2709 - accuracy: 0.5550
74/98 [=====================>........] - ETA: 0s - loss: 1.2724 - accuracy: 0.5537
79/98 [=======================>......] - ETA: 0s - loss: 1.2749 - accuracy: 0.5535
85/98 [=========================>....] - ETA: 0s - loss: 1.2769 - accuracy: 0.5528
91/98 [==========================>...] - ETA: 0s - loss: 1.2798 - accuracy: 0.5521
96/98 [============================>.] - ETA: 0s - loss: 1.2818 - accuracy: 0.5514
98/98 [==============================] - 2s 20ms/step - loss: 1.2814 - accuracy: 0.5518 - val_loss: 1.2977 - val_accuracy: 0.5482
Epoch 13/249

 1/98 [..............................] - ETA: 3s - loss: 1.3619 - accuracy: 0.5312
 6/98 [>.............................] - ETA: 1s - loss: 1.2863 - accuracy: 0.5449
10/98 [==>...........................] - ETA: 1s - loss: 1.2609 - accuracy: 0.5594
14/98 [===>..........................] - ETA: 1s - loss: 1.2577 - accuracy: 0.5598
18/98 [====>.........................] - ETA: 1s - loss: 1.2585 - accuracy: 0.5598
22/98 [=====>........................] - ETA: 1s - loss: 1.2497 - accuracy: 0.5634
26/98 [======>.......................] - ETA: 1s - loss: 1.2550 - accuracy: 0.5618
30/98 [========>.....................] - ETA: 1s - loss: 1.2588 - accuracy: 0.5621
34/98 [=========>....................] - ETA: 0s - loss: 1.2626 - accuracy: 0.5607
38/98 [==========>...................] - ETA: 0s - loss: 1.2636 - accuracy: 0.5607
42/98 [===========>..................] - ETA: 0s - loss: 1.2694 - accuracy: 0.5588
46/98 [=============>................] - ETA: 0s - loss: 1.2725 - accuracy: 0.5578
50/98 [==============>...............] - ETA: 0s - loss: 1.2707 - accuracy: 0.5587
54/98 [===============>..............] - ETA: 0s - loss: 1.2705 - accuracy: 0.5582
59/98 [=================>............] - ETA: 0s - loss: 1.2716 - accuracy: 0.5577
63/98 [==================>...........] - ETA: 0s - loss: 1.2711 - accuracy: 0.5570
67/98 [===================>..........] - ETA: 0s - loss: 1.2687 - accuracy: 0.5580
71/98 [====================>.........] - ETA: 0s - loss: 1.2676 - accuracy: 0.5576
75/98 [=====================>........] - ETA: 0s - loss: 1.2662 - accuracy: 0.5579
79/98 [=======================>......] - ETA: 0s - loss: 1.2657 - accuracy: 0.5587
83/98 [========================>.....] - ETA: 0s - loss: 1.2653 - accuracy: 0.5585
87/98 [=========================>....] - ETA: 0s - loss: 1.2665 - accuracy: 0.5577
91/98 [==========================>...] - ETA: 0s - loss: 1.2657 - accuracy: 0.5581
95/98 [============================>.] - ETA: 0s - loss: 1.2671 - accuracy: 0.5573
98/98 [==============================] - 2s 25ms/step - loss: 1.2680 - accuracy: 0.5568 - val_loss: 1.3037 - val_accuracy: 0.5438
Epoch 14/249

 1/98 [..............................] - ETA: 3s - loss: 1.2002 - accuracy: 0.5762
 5/98 [>.............................] - ETA: 1s - loss: 1.2410 - accuracy: 0.5641
 9/98 [=>............................] - ETA: 1s - loss: 1.2502 - accuracy: 0.5601
13/98 [==>...........................] - ETA: 1s - loss: 1.2534 - accuracy: 0.5628
17/98 [====>.........................] - ETA: 1s - loss: 1.2452 - accuracy: 0.5628
21/98 [=====>........................] - ETA: 1s - loss: 1.2466 - accuracy: 0.5618
25/98 [======>.......................] - ETA: 1s - loss: 1.2536 - accuracy: 0.5596
30/98 [========>.....................] - ETA: 1s - loss: 1.2559 - accuracy: 0.5600
34/98 [=========>....................] - ETA: 0s - loss: 1.2574 - accuracy: 0.5593
38/98 [==========>...................] - ETA: 0s - loss: 1.2577 - accuracy: 0.5600
42/98 [===========>..................] - ETA: 0s - loss: 1.2594 - accuracy: 0.5600
46/98 [=============>................] - ETA: 0s - loss: 1.2598 - accuracy: 0.5591
50/98 [==============>...............] - ETA: 0s - loss: 1.2577 - accuracy: 0.5601
54/98 [===============>..............] - ETA: 0s - loss: 1.2554 - accuracy: 0.5609
58/98 [================>.............] - ETA: 0s - loss: 1.2534 - accuracy: 0.5612
62/98 [=================>............] - ETA: 0s - loss: 1.2527 - accuracy: 0.5617
66/98 [===================>..........] - ETA: 0s - loss: 1.2540 - accuracy: 0.5614
70/98 [====================>.........] - ETA: 0s - loss: 1.2555 - accuracy: 0.5613
74/98 [=====================>........] - ETA: 0s - loss: 1.2557 - accuracy: 0.5615
78/98 [======================>.......] - ETA: 0s - loss: 1.2552 - accuracy: 0.5620
82/98 [========================>.....] - ETA: 0s - loss: 1.2569 - accuracy: 0.5615
86/98 [=========================>....] - ETA: 0s - loss: 1.2573 - accuracy: 0.5612
90/98 [==========================>...] - ETA: 0s - loss: 1.2574 - accuracy: 0.5608
94/98 [===========================>..] - ETA: 0s - loss: 1.2595 - accuracy: 0.5606
98/98 [==============================] - ETA: 0s - loss: 1.2607 - accuracy: 0.5604
98/98 [==============================] - 2s 25ms/step - loss: 1.2607 - accuracy: 0.5604 - val_loss: 1.2896 - val_accuracy: 0.5504
Epoch 15/249

 1/98 [..............................] - ETA: 3s - loss: 1.1706 - accuracy: 0.5762
 5/98 [>.............................] - ETA: 1s - loss: 1.2588 - accuracy: 0.5598
 9/98 [=>............................] - ETA: 1s - loss: 1.2629 - accuracy: 0.5610
14/98 [===>..........................] - ETA: 1s - loss: 1.2677 - accuracy: 0.5602
18/98 [====>.........................] - ETA: 1s - loss: 1.2740 - accuracy: 0.5561
22/98 [=====>........................] - ETA: 1s - loss: 1.2732 - accuracy: 0.5559
26/98 [======>.......................] - ETA: 1s - loss: 1.2714 - accuracy: 0.5579
30/98 [========>.....................] - ETA: 1s - loss: 1.2641 - accuracy: 0.5600
34/98 [=========>....................] - ETA: 0s - loss: 1.2599 - accuracy: 0.5605
38/98 [==========>...................] - ETA: 0s - loss: 1.2637 - accuracy: 0.5596
42/98 [===========>..................] - ETA: 0s - loss: 1.2623 - accuracy: 0.5602
46/98 [=============>................] - ETA: 0s - loss: 1.2628 - accuracy: 0.5601
50/98 [==============>...............] - ETA: 0s - loss: 1.2646 - accuracy: 0.5598
53/98 [===============>..............] - ETA: 0s - loss: 1.2675 - accuracy: 0.5588
57/98 [================>.............] - ETA: 0s - loss: 1.2686 - accuracy: 0.5584
61/98 [=================>............] - ETA: 0s - loss: 1.2705 - accuracy: 0.5582
65/98 [==================>...........] - ETA: 0s - loss: 1.2677 - accuracy: 0.5588
69/98 [====================>.........] - ETA: 0s - loss: 1.2691 - accuracy: 0.5585
73/98 [=====================>........] - ETA: 0s - loss: 1.2679 - accuracy: 0.5584
77/98 [======================>.......] - ETA: 0s - loss: 1.2670 - accuracy: 0.5584
81/98 [=======================>......] - ETA: 0s - loss: 1.2681 - accuracy: 0.5577
85/98 [=========================>....] - ETA: 0s - loss: 1.2689 - accuracy: 0.5579
89/98 [==========================>...] - ETA: 0s - loss: 1.2704 - accuracy: 0.5565
93/98 [===========================>..] - ETA: 0s - loss: 1.2723 - accuracy: 0.5560
97/98 [============================>.] - ETA: 0s - loss: 1.2747 - accuracy: 0.5547
98/98 [==============================] - 3s 25ms/step - loss: 1.2753 - accuracy: 0.5546 - val_loss: 1.3116 - val_accuracy: 0.5449
Epoch 16/249

 1/98 [..............................] - ETA: 1s - loss: 1.2724 - accuracy: 0.5801
 5/98 [>.............................] - ETA: 1s - loss: 1.2493 - accuracy: 0.5680
 9/98 [=>............................] - ETA: 1s - loss: 1.2327 - accuracy: 0.5690
13/98 [==>...........................] - ETA: 1s - loss: 1.2328 - accuracy: 0.5687
17/98 [====>.........................] - ETA: 1s - loss: 1.2270 - accuracy: 0.5727
21/98 [=====>........................] - ETA: 1s - loss: 1.2400 - accuracy: 0.5675
25/98 [======>.......................] - ETA: 1s - loss: 1.2474 - accuracy: 0.5640
29/98 [=======>......................] - ETA: 1s - loss: 1.2546 - accuracy: 0.5616
33/98 [=========>....................] - ETA: 1s - loss: 1.2627 - accuracy: 0.5582
37/98 [==========>...................] - ETA: 0s - loss: 1.2666 - accuracy: 0.5567
41/98 [===========>..................] - ETA: 0s - loss: 1.2642 - accuracy: 0.5572
46/98 [=============>................] - ETA: 0s - loss: 1.2691 - accuracy: 0.5565
50/98 [==============>...............] - ETA: 0s - loss: 1.2702 - accuracy: 0.5560
54/98 [===============>..............] - ETA: 0s - loss: 1.2721 - accuracy: 0.5559
58/98 [================>.............] - ETA: 0s - loss: 1.2723 - accuracy: 0.5560
62/98 [=================>............] - ETA: 0s - loss: 1.2762 - accuracy: 0.5550
66/98 [===================>..........] - ETA: 0s - loss: 1.2738 - accuracy: 0.5555
70/98 [====================>.........] - ETA: 0s - loss: 1.2764 - accuracy: 0.5544
74/98 [=====================>........] - ETA: 0s - loss: 1.2754 - accuracy: 0.5549
79/98 [=======================>......] - ETA: 0s - loss: 1.2788 - accuracy: 0.5538
84/98 [========================>.....] - ETA: 0s - loss: 1.2792 - accuracy: 0.5534
88/98 [=========================>....] - ETA: 0s - loss: 1.2805 - accuracy: 0.5530
92/98 [===========================>..] - ETA: 0s - loss: 1.2808 - accuracy: 0.5529
96/98 [============================>.] - ETA: 0s - loss: 1.2816 - accuracy: 0.5527
98/98 [==============================] - 2s 25ms/step - loss: 1.2814 - accuracy: 0.5523 - val_loss: 1.2945 - val_accuracy: 0.5439
Epoch 17/249

 1/98 [..............................] - ETA: 3s - loss: 1.2466 - accuracy: 0.5898
 4/98 [>.............................] - ETA: 1s - loss: 1.2064 - accuracy: 0.5820
 8/98 [=>............................] - ETA: 1s - loss: 1.2168 - accuracy: 0.5779
12/98 [==>...........................] - ETA: 1s - loss: 1.2188 - accuracy: 0.5728
16/98 [===>..........................] - ETA: 1s - loss: 1.2301 - accuracy: 0.5685
20/98 [=====>........................] - ETA: 1s - loss: 1.2418 - accuracy: 0.5665
24/98 [======>.......................] - ETA: 1s - loss: 1.2487 - accuracy: 0.5640
28/98 [=======>......................] - ETA: 1s - loss: 1.2463 - accuracy: 0.5638
32/98 [========>.....................] - ETA: 1s - loss: 1.2496 - accuracy: 0.5632
37/98 [==========>...................] - ETA: 0s - loss: 1.2495 - accuracy: 0.5637
41/98 [===========>..................] - ETA: 0s - loss: 1.2458 - accuracy: 0.5635
45/98 [============>.................] - ETA: 0s - loss: 1.2445 - accuracy: 0.5655
49/98 [==============>...............] - ETA: 0s - loss: 1.2504 - accuracy: 0.5635
53/98 [===============>..............] - ETA: 0s - loss: 1.2526 - accuracy: 0.5638
57/98 [================>.............] - ETA: 0s - loss: 1.2527 - accuracy: 0.5639
61/98 [=================>............] - ETA: 0s - loss: 1.2527 - accuracy: 0.5636
65/98 [==================>...........] - ETA: 0s - loss: 1.2537 - accuracy: 0.5632
69/98 [====================>.........] - ETA: 0s - loss: 1.2546 - accuracy: 0.5633
73/98 [=====================>........] - ETA: 0s - loss: 1.2544 - accuracy: 0.5633
77/98 [======================>.......] - ETA: 0s - loss: 1.2558 - accuracy: 0.5626
82/98 [========================>.....] - ETA: 0s - loss: 1.2586 - accuracy: 0.5622
86/98 [=========================>....] - ETA: 0s - loss: 1.2575 - accuracy: 0.5623
90/98 [==========================>...] - ETA: 0s - loss: 1.2578 - accuracy: 0.5612
94/98 [===========================>..] - ETA: 0s - loss: 1.2589 - accuracy: 0.5604
98/98 [==============================] - ETA: 0s - loss: 1.2596 - accuracy: 0.5602
98/98 [==============================] - 2s 25ms/step - loss: 1.2596 - accuracy: 0.5602 - val_loss: 1.2827 - val_accuracy: 0.5538
Epoch 18/249

 1/98 [..............................] - ETA: 3s - loss: 1.1726 - accuracy: 0.5996
 5/98 [>.............................] - ETA: 1s - loss: 1.2279 - accuracy: 0.5703
 9/98 [=>............................] - ETA: 1s - loss: 1.2411 - accuracy: 0.5701
13/98 [==>...........................] - ETA: 1s - loss: 1.2295 - accuracy: 0.5748
17/98 [====>.........................] - ETA: 1s - loss: 1.2284 - accuracy: 0.5736
21/98 [=====>........................] - ETA: 1s - loss: 1.2259 - accuracy: 0.5754
25/98 [======>.......................] - ETA: 1s - loss: 1.2276 - accuracy: 0.5746
29/98 [=======>......................] - ETA: 1s - loss: 1.2290 - accuracy: 0.5729
33/98 [=========>....................] - ETA: 1s - loss: 1.2295 - accuracy: 0.5716
37/98 [==========>...................] - ETA: 0s - loss: 1.2370 - accuracy: 0.5691
41/98 [===========>..................] - ETA: 0s - loss: 1.2382 - accuracy: 0.5681
46/98 [=============>................] - ETA: 0s - loss: 1.2378 - accuracy: 0.5682
