2024-07-26 19:55:32.654045: I tensorflow/core/platform/cpu_feature_guard.cc:193] This TensorFlow binary is optimized with oneAPI Deep Neural Network Library (oneDNN) to use the following CPU instructions in performance-critical operations:  AVX AVX2
To enable them in other operations, rebuild TensorFlow with the appropriate compiler flags.
2024-07-26 19:55:33.958665: I tensorflow/core/common_runtime/gpu/gpu_device.cc:1616] Created device /job:localhost/replica:0/task:0/device:GPU:0 with 6656 MB memory:  -> device: 0, name: NVIDIA GeForce RTX 4060 Ti, pci bus id: 0000:01:00.0, compute capability: 8.9
1 Physical GPUs, 1 Logical GPUs
Model: "sequential"
_________________________________________________________________
 Layer (type)                Output Shape              Param #   
=================================================================
 conv2d (Conv2D)             (None, 32, 32, 32)        896       
                                                                 
 max_pooling2d (MaxPooling2D  (None, 16, 16, 32)       0         
 )                                                               
                                                                 
 dropout (Dropout)           (None, 16, 16, 32)        0         
                                                                 
 flatten (Flatten)           (None, 8192)              0         
                                                                 
 dense (Dense)               (None, 10)                81930     
                                                                 
=================================================================
Total params: 82,826
Trainable params: 82,826
Non-trainable params: 0
_________________________________________________________________
Taxa de aprendizado:  0.01 Num de épocas:  249 Tamanho do lote:  512 Dropout:  0.14
Epoch 1/249
2024-07-26 19:55:36.224906: I tensorflow/stream_executor/cuda/cuda_dnn.cc:384] Loaded cuDNN version 8100
2024-07-26 19:55:38.178968: W tensorflow/stream_executor/gpu/redzone_allocator.cc:314] INTERNAL: ptxas exited with non-zero error code -1, output: 
Relying on driver to perform ptx compilation. 
Modify $PATH to customize ptxas location.
This message will be only logged once.
2024-07-26 19:55:40.038720: I tensorflow/stream_executor/cuda/cuda_blas.cc:1614] TensorFloat-32 will be used for the matrix multiplication. This will only be logged once.

 1/98 [..............................] - ETA: 10:11 - loss: 2.3344 - accuracy: 0.1016
 4/98 [>.............................] - ETA: 1s - loss: 3.1396 - accuracy: 0.1260   
 8/98 [=>............................] - ETA: 1s - loss: 2.7079 - accuracy: 0.1387
12/98 [==>...........................] - ETA: 1s - loss: 2.5546 - accuracy: 0.1405
16/98 [===>..........................] - ETA: 1s - loss: 2.4651 - accuracy: 0.1548
20/98 [=====>........................] - ETA: 1s - loss: 2.3983 - accuracy: 0.1706
23/98 [======>.......................] - ETA: 1s - loss: 2.3578 - accuracy: 0.1809
27/98 [=======>......................] - ETA: 1s - loss: 2.2984 - accuracy: 0.2001
31/98 [========>.....................] - ETA: 1s - loss: 2.2504 - accuracy: 0.2152
35/98 [=========>....................] - ETA: 1s - loss: 2.2108 - accuracy: 0.2266
39/98 [==========>...................] - ETA: 1s - loss: 2.1762 - accuracy: 0.2365
43/98 [============>.................] - ETA: 0s - loss: 2.1468 - accuracy: 0.2448
47/98 [=============>................] - ETA: 0s - loss: 2.1207 - accuracy: 0.2542
51/98 [==============>...............] - ETA: 0s - loss: 2.0988 - accuracy: 0.2610
55/98 [===============>..............] - ETA: 0s - loss: 2.0749 - accuracy: 0.2695
59/98 [=================>............] - ETA: 0s - loss: 2.0550 - accuracy: 0.2757
63/98 [==================>...........] - ETA: 0s - loss: 2.0361 - accuracy: 0.2820
67/98 [===================>..........] - ETA: 0s - loss: 2.0196 - accuracy: 0.2872
71/98 [====================>.........] - ETA: 0s - loss: 2.0038 - accuracy: 0.2926
75/98 [=====================>........] - ETA: 0s - loss: 1.9899 - accuracy: 0.2971
79/98 [=======================>......] - ETA: 0s - loss: 1.9775 - accuracy: 0.3013
83/98 [========================>.....] - ETA: 0s - loss: 1.9661 - accuracy: 0.3056
86/98 [=========================>....] - ETA: 0s - loss: 1.9558 - accuracy: 0.3093
90/98 [==========================>...] - ETA: 0s - loss: 1.9450 - accuracy: 0.3125
94/98 [===========================>..] - ETA: 0s - loss: 1.9345 - accuracy: 0.3153
98/98 [==============================] - ETA: 0s - loss: 1.9260 - accuracy: 0.3176
98/98 [==============================] - 9s 29ms/step - loss: 1.9260 - accuracy: 0.3176 - val_loss: 1.6893 - val_accuracy: 0.4002
Epoch 2/249

 1/98 [..............................] - ETA: 3s - loss: 1.7698 - accuracy: 0.3770
 5/98 [>.............................] - ETA: 1s - loss: 1.7097 - accuracy: 0.3910
 9/98 [=>............................] - ETA: 1s - loss: 1.6938 - accuracy: 0.3956
13/98 [==>...........................] - ETA: 1s - loss: 1.6869 - accuracy: 0.3941
17/98 [====>.........................] - ETA: 1s - loss: 1.6846 - accuracy: 0.3915
21/98 [=====>........................] - ETA: 1s - loss: 1.6871 - accuracy: 0.3920
26/98 [======>.......................] - ETA: 1s - loss: 1.6771 - accuracy: 0.3970
30/98 [========>.....................] - ETA: 1s - loss: 1.6691 - accuracy: 0.3990
34/98 [=========>....................] - ETA: 0s - loss: 1.6648 - accuracy: 0.4013
38/98 [==========>...................] - ETA: 0s - loss: 1.6638 - accuracy: 0.4034
42/98 [===========>..................] - ETA: 0s - loss: 1.6608 - accuracy: 0.4043
46/98 [=============>................] - ETA: 0s - loss: 1.6587 - accuracy: 0.4054
50/98 [==============>...............] - ETA: 0s - loss: 1.6526 - accuracy: 0.4086
54/98 [===============>..............] - ETA: 0s - loss: 1.6502 - accuracy: 0.4103
59/98 [=================>............] - ETA: 0s - loss: 1.6487 - accuracy: 0.4104
62/98 [=================>............] - ETA: 0s - loss: 1.6465 - accuracy: 0.4109
67/98 [===================>..........] - ETA: 0s - loss: 1.6454 - accuracy: 0.4117
70/98 [====================>.........] - ETA: 0s - loss: 1.6457 - accuracy: 0.4115
75/98 [=====================>........] - ETA: 0s - loss: 1.6424 - accuracy: 0.4122
79/98 [=======================>......] - ETA: 0s - loss: 1.6411 - accuracy: 0.4133
83/98 [========================>.....] - ETA: 0s - loss: 1.6379 - accuracy: 0.4155
87/98 [=========================>....] - ETA: 0s - loss: 1.6329 - accuracy: 0.4174
91/98 [==========================>...] - ETA: 0s - loss: 1.6321 - accuracy: 0.4176
95/98 [============================>.] - ETA: 0s - loss: 1.6308 - accuracy: 0.4184
98/98 [==============================] - 3s 26ms/step - loss: 1.6299 - accuracy: 0.4196 - val_loss: 1.5552 - val_accuracy: 0.4457
Epoch 3/249

 1/98 [..............................] - ETA: 3s - loss: 1.5561 - accuracy: 0.4648
 6/98 [>.............................] - ETA: 1s - loss: 1.5830 - accuracy: 0.4437
10/98 [==>...........................] - ETA: 1s - loss: 1.5807 - accuracy: 0.4420
14/98 [===>..........................] - ETA: 1s - loss: 1.5753 - accuracy: 0.4445
18/98 [====>.........................] - ETA: 1s - loss: 1.5736 - accuracy: 0.4435
22/98 [=====>........................] - ETA: 1s - loss: 1.5881 - accuracy: 0.4397
26/98 [======>.......................] - ETA: 1s - loss: 1.5917 - accuracy: 0.4380
30/98 [========>.....................] - ETA: 1s - loss: 1.5898 - accuracy: 0.4380
34/98 [=========>....................] - ETA: 0s - loss: 1.5873 - accuracy: 0.4380
38/98 [==========>...................] - ETA: 0s - loss: 1.5876 - accuracy: 0.4386
42/98 [===========>..................] - ETA: 0s - loss: 1.5818 - accuracy: 0.4406
46/98 [=============>................] - ETA: 0s - loss: 1.5831 - accuracy: 0.4397
50/98 [==============>...............] - ETA: 0s - loss: 1.5805 - accuracy: 0.4396
54/98 [===============>..............] - ETA: 0s - loss: 1.5782 - accuracy: 0.4407
58/98 [================>.............] - ETA: 0s - loss: 1.5749 - accuracy: 0.4419
62/98 [=================>............] - ETA: 0s - loss: 1.5715 - accuracy: 0.4441
66/98 [===================>..........] - ETA: 0s - loss: 1.5693 - accuracy: 0.4444
70/98 [====================>.........] - ETA: 0s - loss: 1.5693 - accuracy: 0.4444
74/98 [=====================>........] - ETA: 0s - loss: 1.5691 - accuracy: 0.4441
79/98 [=======================>......] - ETA: 0s - loss: 1.5686 - accuracy: 0.4442
83/98 [========================>.....] - ETA: 0s - loss: 1.5683 - accuracy: 0.4442
87/98 [=========================>....] - ETA: 0s - loss: 1.5651 - accuracy: 0.4453
91/98 [==========================>...] - ETA: 0s - loss: 1.5641 - accuracy: 0.4461
95/98 [============================>.] - ETA: 0s - loss: 1.5619 - accuracy: 0.4466
98/98 [==============================] - ETA: 0s - loss: 1.5593 - accuracy: 0.4472
98/98 [==============================] - 3s 25ms/step - loss: 1.5593 - accuracy: 0.4472 - val_loss: 1.4652 - val_accuracy: 0.4827
Epoch 4/249

 1/98 [..............................] - ETA: 3s - loss: 1.4074 - accuracy: 0.4922
 5/98 [>.............................] - ETA: 1s - loss: 1.4584 - accuracy: 0.4832
10/98 [==>...........................] - ETA: 1s - loss: 1.4518 - accuracy: 0.4785
15/98 [===>..........................] - ETA: 1s - loss: 1.4570 - accuracy: 0.4780
20/98 [=====>........................] - ETA: 1s - loss: 1.4600 - accuracy: 0.4775
26/98 [======>.......................] - ETA: 0s - loss: 1.4631 - accuracy: 0.4779
31/98 [========>.....................] - ETA: 0s - loss: 1.4726 - accuracy: 0.4766
36/98 [==========>...................] - ETA: 0s - loss: 1.4766 - accuracy: 0.4744
41/98 [===========>..................] - ETA: 0s - loss: 1.4769 - accuracy: 0.4755
47/98 [=============>................] - ETA: 0s - loss: 1.4776 - accuracy: 0.4755
52/98 [==============>...............] - ETA: 0s - loss: 1.4760 - accuracy: 0.4769
58/98 [================>.............] - ETA: 0s - loss: 1.4770 - accuracy: 0.4765
63/98 [==================>...........] - ETA: 0s - loss: 1.4770 - accuracy: 0.4768
68/98 [===================>..........] - ETA: 0s - loss: 1.4797 - accuracy: 0.4768
73/98 [=====================>........] - ETA: 0s - loss: 1.4817 - accuracy: 0.4758
79/98 [=======================>......] - ETA: 0s - loss: 1.4820 - accuracy: 0.4749
84/98 [========================>.....] - ETA: 0s - loss: 1.4826 - accuracy: 0.4753
89/98 [==========================>...] - ETA: 0s - loss: 1.4816 - accuracy: 0.4758
94/98 [===========================>..] - ETA: 0s - loss: 1.4812 - accuracy: 0.4756
98/98 [==============================] - 2s 20ms/step - loss: 1.4818 - accuracy: 0.4754 - val_loss: 1.4491 - val_accuracy: 0.4881
Epoch 5/249

 1/98 [..............................] - ETA: 1s - loss: 1.4566 - accuracy: 0.4980
 5/98 [>.............................] - ETA: 1s - loss: 1.4487 - accuracy: 0.4902
 9/98 [=>............................] - ETA: 1s - loss: 1.4349 - accuracy: 0.4952
13/98 [==>...........................] - ETA: 1s - loss: 1.4332 - accuracy: 0.4962
17/98 [====>.........................] - ETA: 1s - loss: 1.4394 - accuracy: 0.4945
21/98 [=====>........................] - ETA: 1s - loss: 1.4482 - accuracy: 0.4934
25/98 [======>.......................] - ETA: 1s - loss: 1.4418 - accuracy: 0.4950
29/98 [=======>......................] - ETA: 1s - loss: 1.4437 - accuracy: 0.4942
33/98 [=========>....................] - ETA: 1s - loss: 1.4427 - accuracy: 0.4944
37/98 [==========>...................] - ETA: 0s - loss: 1.4432 - accuracy: 0.4956
41/98 [===========>..................] - ETA: 0s - loss: 1.4385 - accuracy: 0.4969
45/98 [============>.................] - ETA: 0s - loss: 1.4372 - accuracy: 0.4976
50/98 [==============>...............] - ETA: 0s - loss: 1.4448 - accuracy: 0.4951
54/98 [===============>..............] - ETA: 0s - loss: 1.4471 - accuracy: 0.4933
58/98 [================>.............] - ETA: 0s - loss: 1.4483 - accuracy: 0.4930
62/98 [=================>............] - ETA: 0s - loss: 1.4488 - accuracy: 0.4925
66/98 [===================>..........] - ETA: 0s - loss: 1.4475 - accuracy: 0.4929
71/98 [====================>.........] - ETA: 0s - loss: 1.4480 - accuracy: 0.4928
75/98 [=====================>........] - ETA: 0s - loss: 1.4471 - accuracy: 0.4929
79/98 [=======================>......] - ETA: 0s - loss: 1.4465 - accuracy: 0.4930
83/98 [========================>.....] - ETA: 0s - loss: 1.4461 - accuracy: 0.4936
87/98 [=========================>....] - ETA: 0s - loss: 1.4475 - accuracy: 0.4934
91/98 [==========================>...] - ETA: 0s - loss: 1.4482 - accuracy: 0.4931
95/98 [============================>.] - ETA: 0s - loss: 1.4490 - accuracy: 0.4930
98/98 [==============================] - 2s 25ms/step - loss: 1.4491 - accuracy: 0.4928 - val_loss: 1.4198 - val_accuracy: 0.5008
Epoch 6/249

 1/98 [..............................] - ETA: 3s - loss: 1.3192 - accuracy: 0.5566
 5/98 [>.............................] - ETA: 1s - loss: 1.3936 - accuracy: 0.5184
 9/98 [=>............................] - ETA: 1s - loss: 1.3959 - accuracy: 0.5143
13/98 [==>...........................] - ETA: 1s - loss: 1.3995 - accuracy: 0.5113
17/98 [====>.........................] - ETA: 1s - loss: 1.4079 - accuracy: 0.5091
22/98 [=====>........................] - ETA: 1s - loss: 1.4143 - accuracy: 0.5084
25/98 [======>.......................] - ETA: 1s - loss: 1.4127 - accuracy: 0.5069
30/98 [========>.....................] - ETA: 1s - loss: 1.4244 - accuracy: 0.5038
34/98 [=========>....................] - ETA: 0s - loss: 1.4248 - accuracy: 0.5030
38/98 [==========>...................] - ETA: 0s - loss: 1.4252 - accuracy: 0.5023
42/98 [===========>..................] - ETA: 0s - loss: 1.4251 - accuracy: 0.5015
46/98 [=============>................] - ETA: 0s - loss: 1.4233 - accuracy: 0.5017
50/98 [==============>...............] - ETA: 0s - loss: 1.4251 - accuracy: 0.5020
54/98 [===============>..............] - ETA: 0s - loss: 1.4280 - accuracy: 0.5007
58/98 [================>.............] - ETA: 0s - loss: 1.4288 - accuracy: 0.4995
62/98 [=================>............] - ETA: 0s - loss: 1.4267 - accuracy: 0.4995
66/98 [===================>..........] - ETA: 0s - loss: 1.4273 - accuracy: 0.4991
70/98 [====================>.........] - ETA: 0s - loss: 1.4257 - accuracy: 0.5004
74/98 [=====================>........] - ETA: 0s - loss: 1.4255 - accuracy: 0.5009
78/98 [======================>.......] - ETA: 0s - loss: 1.4263 - accuracy: 0.5003
82/98 [========================>.....] - ETA: 0s - loss: 1.4266 - accuracy: 0.5003
86/98 [=========================>....] - ETA: 0s - loss: 1.4255 - accuracy: 0.5007
90/98 [==========================>...] - ETA: 0s - loss: 1.4277 - accuracy: 0.5003
94/98 [===========================>..] - ETA: 0s - loss: 1.4268 - accuracy: 0.5003
98/98 [==============================] - 2s 25ms/step - loss: 1.4263 - accuracy: 0.5000 - val_loss: 1.4044 - val_accuracy: 0.5102
Epoch 7/249

 1/98 [..............................] - ETA: 3s - loss: 1.3412 - accuracy: 0.5195
 5/98 [>.............................] - ETA: 1s - loss: 1.4131 - accuracy: 0.5000
 9/98 [=>............................] - ETA: 1s - loss: 1.4170 - accuracy: 0.5106
13/98 [==>...........................] - ETA: 1s - loss: 1.3969 - accuracy: 0.5131
17/98 [====>.........................] - ETA: 1s - loss: 1.3980 - accuracy: 0.5131
21/98 [=====>........................] - ETA: 1s - loss: 1.3951 - accuracy: 0.5114
25/98 [======>.......................] - ETA: 1s - loss: 1.3884 - accuracy: 0.5149
29/98 [=======>......................] - ETA: 1s - loss: 1.3921 - accuracy: 0.5137
33/98 [=========>....................] - ETA: 1s - loss: 1.3914 - accuracy: 0.5134
37/98 [==========>...................] - ETA: 0s - loss: 1.3920 - accuracy: 0.5133
42/98 [===========>..................] - ETA: 0s - loss: 1.3963 - accuracy: 0.5121
46/98 [=============>................] - ETA: 0s - loss: 1.3993 - accuracy: 0.5111
50/98 [==============>...............] - ETA: 0s - loss: 1.4021 - accuracy: 0.5103
53/98 [===============>..............] - ETA: 0s - loss: 1.4023 - accuracy: 0.5090
57/98 [================>.............] - ETA: 0s - loss: 1.4003 - accuracy: 0.5096
61/98 [=================>............] - ETA: 0s - loss: 1.3981 - accuracy: 0.5105
65/98 [==================>...........] - ETA: 0s - loss: 1.3980 - accuracy: 0.5105
69/98 [====================>.........] - ETA: 0s - loss: 1.3950 - accuracy: 0.5113
73/98 [=====================>........] - ETA: 0s - loss: 1.3939 - accuracy: 0.5119
77/98 [======================>.......] - ETA: 0s - loss: 1.3936 - accuracy: 0.5119
81/98 [=======================>......] - ETA: 0s - loss: 1.3965 - accuracy: 0.5107
85/98 [=========================>....] - ETA: 0s - loss: 1.3945 - accuracy: 0.5109
89/98 [==========================>...] - ETA: 0s - loss: 1.3943 - accuracy: 0.5106
93/98 [===========================>..] - ETA: 0s - loss: 1.3943 - accuracy: 0.5105
97/98 [============================>.] - ETA: 0s - loss: 1.3929 - accuracy: 0.5113
98/98 [==============================] - 3s 25ms/step - loss: 1.3929 - accuracy: 0.5115 - val_loss: 1.3907 - val_accuracy: 0.5136
Epoch 8/249

 1/98 [..............................] - ETA: 1s - loss: 1.3648 - accuracy: 0.5469
 5/98 [>.............................] - ETA: 1s - loss: 1.3329 - accuracy: 0.5402
 9/98 [=>............................] - ETA: 1s - loss: 1.3385 - accuracy: 0.5356
13/98 [==>...........................] - ETA: 1s - loss: 1.3528 - accuracy: 0.5323
17/98 [====>.........................] - ETA: 1s - loss: 1.3566 - accuracy: 0.5283
21/98 [=====>........................] - ETA: 1s - loss: 1.3642 - accuracy: 0.5240
25/98 [======>.......................] - ETA: 1s - loss: 1.3608 - accuracy: 0.5234
29/98 [=======>......................] - ETA: 1s - loss: 1.3545 - accuracy: 0.5271
33/98 [=========>....................] - ETA: 1s - loss: 1.3567 - accuracy: 0.5257
37/98 [==========>...................] - ETA: 0s - loss: 1.3577 - accuracy: 0.5259
42/98 [===========>..................] - ETA: 0s - loss: 1.3559 - accuracy: 0.5272
46/98 [=============>................] - ETA: 0s - loss: 1.3564 - accuracy: 0.5259
50/98 [==============>...............] - ETA: 0s - loss: 1.3600 - accuracy: 0.5243
54/98 [===============>..............] - ETA: 0s - loss: 1.3578 - accuracy: 0.5254
58/98 [================>.............] - ETA: 0s - loss: 1.3573 - accuracy: 0.5254
62/98 [=================>............] - ETA: 0s - loss: 1.3591 - accuracy: 0.5243
66/98 [===================>..........] - ETA: 0s - loss: 1.3593 - accuracy: 0.5250
70/98 [====================>.........] - ETA: 0s - loss: 1.3579 - accuracy: 0.5247
74/98 [=====================>........] - ETA: 0s - loss: 1.3594 - accuracy: 0.5238
78/98 [======================>.......] - ETA: 0s - loss: 1.3619 - accuracy: 0.5232
82/98 [========================>.....] - ETA: 0s - loss: 1.3636 - accuracy: 0.5231
86/98 [=========================>....] - ETA: 0s - loss: 1.3663 - accuracy: 0.5223
91/98 [==========================>...] - ETA: 0s - loss: 1.3673 - accuracy: 0.5219
95/98 [============================>.] - ETA: 0s - loss: 1.3672 - accuracy: 0.5219
98/98 [==============================] - 2s 25ms/step - loss: 1.3670 - accuracy: 0.5220 - val_loss: 1.3872 - val_accuracy: 0.5174
Epoch 9/249

 1/98 [..............................] - ETA: 3s - loss: 1.4226 - accuracy: 0.5078
 5/98 [>.............................] - ETA: 1s - loss: 1.3639 - accuracy: 0.5176
 9/98 [=>............................] - ETA: 1s - loss: 1.3520 - accuracy: 0.5237
13/98 [==>...........................] - ETA: 1s - loss: 1.3538 - accuracy: 0.5239
17/98 [====>.........................] - ETA: 1s - loss: 1.3455 - accuracy: 0.5267
21/98 [=====>........................] - ETA: 1s - loss: 1.3452 - accuracy: 0.5276
25/98 [======>.......................] - ETA: 1s - loss: 1.3471 - accuracy: 0.5265
29/98 [=======>......................] - ETA: 1s - loss: 1.3482 - accuracy: 0.5258
33/98 [=========>....................] - ETA: 1s - loss: 1.3527 - accuracy: 0.5260
37/98 [==========>...................] - ETA: 0s - loss: 1.3579 - accuracy: 0.5237
41/98 [===========>..................] - ETA: 0s - loss: 1.3573 - accuracy: 0.5242
45/98 [============>.................] - ETA: 0s - loss: 1.3586 - accuracy: 0.5239
49/98 [==============>...............] - ETA: 0s - loss: 1.3586 - accuracy: 0.5228
53/98 [===============>..............] - ETA: 0s - loss: 1.3570 - accuracy: 0.5217
57/98 [================>.............] - ETA: 0s - loss: 1.3561 - accuracy: 0.5224
61/98 [=================>............] - ETA: 0s - loss: 1.3568 - accuracy: 0.5234
65/98 [==================>...........] - ETA: 0s - loss: 1.3575 - accuracy: 0.5236
69/98 [====================>.........] - ETA: 0s - loss: 1.3569 - accuracy: 0.5241
73/98 [=====================>........] - ETA: 0s - loss: 1.3551 - accuracy: 0.5250
77/98 [======================>.......] - ETA: 0s - loss: 1.3563 - accuracy: 0.5253
81/98 [=======================>......] - ETA: 0s - loss: 1.3562 - accuracy: 0.5255
85/98 [=========================>....] - ETA: 0s - loss: 1.3560 - accuracy: 0.5259
89/98 [==========================>...] - ETA: 0s - loss: 1.3587 - accuracy: 0.5248
93/98 [===========================>..] - ETA: 0s - loss: 1.3592 - accuracy: 0.5244
98/98 [==============================] - ETA: 0s - loss: 1.3564 - accuracy: 0.5252
98/98 [==============================] - 3s 25ms/step - loss: 1.3564 - accuracy: 0.5252 - val_loss: 1.3608 - val_accuracy: 0.5260
Epoch 10/249

 1/98 [..............................] - ETA: 3s - loss: 1.3110 - accuracy: 0.5371
 5/98 [>.............................] - ETA: 1s - loss: 1.3312 - accuracy: 0.5355
 9/98 [=>............................] - ETA: 1s - loss: 1.3147 - accuracy: 0.5365
14/98 [===>..........................] - ETA: 1s - loss: 1.3121 - accuracy: 0.5389
18/98 [====>.........................] - ETA: 1s - loss: 1.3023 - accuracy: 0.5431
22/98 [=====>........................] - ETA: 1s - loss: 1.3135 - accuracy: 0.5405
26/98 [======>.......................] - ETA: 1s - loss: 1.3174 - accuracy: 0.5401
30/98 [========>.....................] - ETA: 1s - loss: 1.3172 - accuracy: 0.5405
33/98 [=========>....................] - ETA: 0s - loss: 1.3199 - accuracy: 0.5380
37/98 [==========>...................] - ETA: 0s - loss: 1.3189 - accuracy: 0.5386
41/98 [===========>..................] - ETA: 0s - loss: 1.3211 - accuracy: 0.5380
45/98 [============>.................] - ETA: 0s - loss: 1.3215 - accuracy: 0.5368
50/98 [==============>...............] - ETA: 0s - loss: 1.3221 - accuracy: 0.5379
54/98 [===============>..............] - ETA: 0s - loss: 1.3232 - accuracy: 0.5380
58/98 [================>.............] - ETA: 0s - loss: 1.3244 - accuracy: 0.5378
62/98 [=================>............] - ETA: 0s - loss: 1.3260 - accuracy: 0.5375
66/98 [===================>..........] - ETA: 0s - loss: 1.3260 - accuracy: 0.5382
69/98 [====================>.........] - ETA: 0s - loss: 1.3275 - accuracy: 0.5377
73/98 [=====================>........] - ETA: 0s - loss: 1.3269 - accuracy: 0.5375
77/98 [======================>.......] - ETA: 0s - loss: 1.3287 - accuracy: 0.5367
82/98 [========================>.....] - ETA: 0s - loss: 1.3286 - accuracy: 0.5378
86/98 [=========================>....] - ETA: 0s - loss: 1.3294 - accuracy: 0.5376
90/98 [==========================>...] - ETA: 0s - loss: 1.3298 - accuracy: 0.5374
94/98 [===========================>..] - ETA: 0s - loss: 1.3291 - accuracy: 0.5376
97/98 [============================>.] - ETA: 0s - loss: 1.3295 - accuracy: 0.5377
98/98 [==============================] - 2s 25ms/step - loss: 1.3299 - accuracy: 0.5374 - val_loss: 1.3453 - val_accuracy: 0.5321
Epoch 11/249

 1/98 [..............................] - ETA: 3s - loss: 1.2527 - accuracy: 0.5488
 5/98 [>.............................] - ETA: 1s - loss: 1.2977 - accuracy: 0.5469
 9/98 [=>............................] - ETA: 1s - loss: 1.2898 - accuracy: 0.5451
13/98 [==>...........................] - ETA: 1s - loss: 1.2917 - accuracy: 0.5454
17/98 [====>.........................] - ETA: 1s - loss: 1.2989 - accuracy: 0.5408
21/98 [=====>........................] - ETA: 1s - loss: 1.2940 - accuracy: 0.5461
25/98 [======>.......................] - ETA: 1s - loss: 1.2953 - accuracy: 0.5454
29/98 [=======>......................] - ETA: 1s - loss: 1.3066 - accuracy: 0.5420
33/98 [=========>....................] - ETA: 1s - loss: 1.3053 - accuracy: 0.5427
37/98 [==========>...................] - ETA: 0s - loss: 1.3100 - accuracy: 0.5421
41/98 [===========>..................] - ETA: 0s - loss: 1.3137 - accuracy: 0.5417
46/98 [=============>................] - ETA: 0s - loss: 1.3148 - accuracy: 0.5411
49/98 [==============>...............] - ETA: 0s - loss: 1.3175 - accuracy: 0.5408
53/98 [===============>..............] - ETA: 0s - loss: 1.3170 - accuracy: 0.5412
57/98 [================>.............] - ETA: 0s - loss: 1.3180 - accuracy: 0.5401
62/98 [=================>............] - ETA: 0s - loss: 1.3197 - accuracy: 0.5388
66/98 [===================>..........] - ETA: 0s - loss: 1.3225 - accuracy: 0.5385
70/98 [====================>.........] - ETA: 0s - loss: 1.3242 - accuracy: 0.5383
74/98 [=====================>........] - ETA: 0s - loss: 1.3232 - accuracy: 0.5393
79/98 [=======================>......] - ETA: 0s - loss: 1.3227 - accuracy: 0.5393
83/98 [========================>.....] - ETA: 0s - loss: 1.3226 - accuracy: 0.5399
87/98 [=========================>....] - ETA: 0s - loss: 1.3214 - accuracy: 0.5401
91/98 [==========================>...] - ETA: 0s - loss: 1.3212 - accuracy: 0.5398
95/98 [============================>.] - ETA: 0s - loss: 1.3234 - accuracy: 0.5393
98/98 [==============================] - 2s 25ms/step - loss: 1.3255 - accuracy: 0.5387 - val_loss: 1.3764 - val_accuracy: 0.5254
Epoch 12/249

 1/98 [..............................] - ETA: 3s - loss: 1.3845 - accuracy: 0.5195
 6/98 [>.............................] - ETA: 1s - loss: 1.3569 - accuracy: 0.5300
10/98 [==>...........................] - ETA: 1s - loss: 1.3416 - accuracy: 0.5314
14/98 [===>..........................] - ETA: 1s - loss: 1.3339 - accuracy: 0.5363
18/98 [====>.........................] - ETA: 1s - loss: 1.3249 - accuracy: 0.5387
22/98 [=====>........................] - ETA: 1s - loss: 1.3209 - accuracy: 0.5405
26/98 [======>.......................] - ETA: 1s - loss: 1.3191 - accuracy: 0.5432
30/98 [========>.....................] - ETA: 1s - loss: 1.3167 - accuracy: 0.5433
34/98 [=========>....................] - ETA: 0s - loss: 1.3142 - accuracy: 0.5454
38/98 [==========>...................] - ETA: 0s - loss: 1.3132 - accuracy: 0.5463
42/98 [===========>..................] - ETA: 0s - loss: 1.3093 - accuracy: 0.5479
46/98 [=============>................] - ETA: 0s - loss: 1.3094 - accuracy: 0.5466
50/98 [==============>...............] - ETA: 0s - loss: 1.3038 - accuracy: 0.5488
54/98 [===============>..............] - ETA: 0s - loss: 1.3042 - accuracy: 0.5488
58/98 [================>.............] - ETA: 0s - loss: 1.3049 - accuracy: 0.5478
62/98 [=================>............] - ETA: 0s - loss: 1.3071 - accuracy: 0.5470
66/98 [===================>..........] - ETA: 0s - loss: 1.3080 - accuracy: 0.5466
70/98 [====================>.........] - ETA: 0s - loss: 1.3085 - accuracy: 0.5466
74/98 [=====================>........] - ETA: 0s - loss: 1.3069 - accuracy: 0.5469
78/98 [======================>.......] - ETA: 0s - loss: 1.3089 - accuracy: 0.5464
82/98 [========================>.....] - ETA: 0s - loss: 1.3087 - accuracy: 0.5464
86/98 [=========================>....] - ETA: 0s - loss: 1.3085 - accuracy: 0.5461
90/98 [==========================>...] - ETA: 0s - loss: 1.3080 - accuracy: 0.5457
94/98 [===========================>..] - ETA: 0s - loss: 1.3083 - accuracy: 0.5458
98/98 [==============================] - ETA: 0s - loss: 1.3089 - accuracy: 0.5455
98/98 [==============================] - 3s 25ms/step - loss: 1.3089 - accuracy: 0.5455 - val_loss: 1.3299 - val_accuracy: 0.5355
Epoch 13/249

 1/98 [..............................] - ETA: 3s - loss: 1.2383 - accuracy: 0.5859
 5/98 [>.............................] - ETA: 1s - loss: 1.2588 - accuracy: 0.5699
 9/98 [=>............................] - ETA: 1s - loss: 1.2427 - accuracy: 0.5697
13/98 [==>...........................] - ETA: 1s - loss: 1.2449 - accuracy: 0.5651
17/98 [====>.........................] - ETA: 1s - loss: 1.2556 - accuracy: 0.5619
21/98 [=====>........................] - ETA: 1s - loss: 1.2562 - accuracy: 0.5594
25/98 [======>.......................] - ETA: 1s - loss: 1.2661 - accuracy: 0.5570
29/98 [=======>......................] - ETA: 1s - loss: 1.2673 - accuracy: 0.5556
33/98 [=========>....................] - ETA: 1s - loss: 1.2697 - accuracy: 0.5562
37/98 [==========>...................] - ETA: 0s - loss: 1.2747 - accuracy: 0.5555
41/98 [===========>..................] - ETA: 0s - loss: 1.2769 - accuracy: 0.5556
45/98 [============>.................] - ETA: 0s - loss: 1.2791 - accuracy: 0.5538
49/98 [==============>...............] - ETA: 0s - loss: 1.2798 - accuracy: 0.5544
52/98 [==============>...............] - ETA: 0s - loss: 1.2780 - accuracy: 0.5563
56/98 [================>.............] - ETA: 0s - loss: 1.2780 - accuracy: 0.5570
60/98 [=================>............] - ETA: 0s - loss: 1.2808 - accuracy: 0.5556
64/98 [==================>...........] - ETA: 0s - loss: 1.2845 - accuracy: 0.5535
68/98 [===================>..........] - ETA: 0s - loss: 1.2858 - accuracy: 0.5532
72/98 [=====================>........] - ETA: 0s - loss: 1.2847 - accuracy: 0.5532
76/98 [======================>.......] - ETA: 0s - loss: 1.2841 - accuracy: 0.5529
80/98 [=======================>......] - ETA: 0s - loss: 1.2858 - accuracy: 0.5521
84/98 [========================>.....] - ETA: 0s - loss: 1.2864 - accuracy: 0.5524
89/98 [==========================>...] - ETA: 0s - loss: 1.2895 - accuracy: 0.5514
92/98 [===========================>..] - ETA: 0s - loss: 1.2900 - accuracy: 0.5515
97/98 [============================>.] - ETA: 0s - loss: 1.2896 - accuracy: 0.5517
98/98 [==============================] - 2s 23ms/step - loss: 1.2900 - accuracy: 0.5518 - val_loss: 1.3171 - val_accuracy: 0.5440
Epoch 14/249

 1/98 [..............................] - ETA: 3s - loss: 1.3089 - accuracy: 0.5195
 7/98 [=>............................] - ETA: 0s - loss: 1.2661 - accuracy: 0.5499
13/98 [==>...........................] - ETA: 0s - loss: 1.2901 - accuracy: 0.5458
18/98 [====>.........................] - ETA: 0s - loss: 1.2911 - accuracy: 0.5471
23/98 [======>.......................] - ETA: 0s - loss: 1.2901 - accuracy: 0.5512
28/98 [=======>......................] - ETA: 0s - loss: 1.2821 - accuracy: 0.5542
33/98 [=========>....................] - ETA: 0s - loss: 1.2845 - accuracy: 0.5533
39/98 [==========>...................] - ETA: 0s - loss: 1.2836 - accuracy: 0.5530
44/98 [============>.................] - ETA: 0s - loss: 1.2808 - accuracy: 0.5540
50/98 [==============>...............] - ETA: 0s - loss: 1.2840 - accuracy: 0.5520
55/98 [===============>..............] - ETA: 0s - loss: 1.2852 - accuracy: 0.5510
61/98 [=================>............] - ETA: 0s - loss: 1.2863 - accuracy: 0.5511
66/98 [===================>..........] - ETA: 0s - loss: 1.2865 - accuracy: 0.5512
72/98 [=====================>........] - ETA: 0s - loss: 1.2857 - accuracy: 0.5518
78/98 [======================>.......] - ETA: 0s - loss: 1.2870 - accuracy: 0.5516
82/98 [========================>.....] - ETA: 0s - loss: 1.2865 - accuracy: 0.5531
87/98 [=========================>....] - ETA: 0s - loss: 1.2889 - accuracy: 0.5520
91/98 [==========================>...] - ETA: 0s - loss: 1.2911 - accuracy: 0.5512
95/98 [============================>.] - ETA: 0s - loss: 1.2915 - accuracy: 0.5506
98/98 [==============================] - 2s 22ms/step - loss: 1.2903 - accuracy: 0.5512 - val_loss: 1.3165 - val_accuracy: 0.5480
Epoch 15/249

 1/98 [..............................] - ETA: 3s - loss: 1.2685 - accuracy: 0.5918
 5/98 [>.............................] - ETA: 1s - loss: 1.2724 - accuracy: 0.5645
 9/98 [=>............................] - ETA: 1s - loss: 1.2593 - accuracy: 0.5671
13/98 [==>...........................] - ETA: 1s - loss: 1.2583 - accuracy: 0.5678
17/98 [====>.........................] - ETA: 1s - loss: 1.2579 - accuracy: 0.5642
21/98 [=====>........................] - ETA: 1s - loss: 1.2583 - accuracy: 0.5634
25/98 [======>.......................] - ETA: 1s - loss: 1.2624 - accuracy: 0.5615
30/98 [========>.....................] - ETA: 1s - loss: 1.2648 - accuracy: 0.5604
34/98 [=========>....................] - ETA: 0s - loss: 1.2675 - accuracy: 0.5608
38/98 [==========>...................] - ETA: 0s - loss: 1.2686 - accuracy: 0.5611
42/98 [===========>..................] - ETA: 0s - loss: 1.2739 - accuracy: 0.5592
46/98 [=============>................] - ETA: 0s - loss: 1.2744 - accuracy: 0.5588
50/98 [==============>...............] - ETA: 0s - loss: 1.2766 - accuracy: 0.5587
54/98 [===============>..............] - ETA: 0s - loss: 1.2769 - accuracy: 0.5583
58/98 [================>.............] - ETA: 0s - loss: 1.2749 - accuracy: 0.5581
62/98 [=================>............] - ETA: 0s - loss: 1.2761 - accuracy: 0.5577
66/98 [===================>..........] - ETA: 0s - loss: 1.2780 - accuracy: 0.5564
70/98 [====================>.........] - ETA: 0s - loss: 1.2783 - accuracy: 0.5569
74/98 [=====================>........] - ETA: 0s - loss: 1.2779 - accuracy: 0.5558
79/98 [=======================>......] - ETA: 0s - loss: 1.2788 - accuracy: 0.5556
83/98 [========================>.....] - ETA: 0s - loss: 1.2782 - accuracy: 0.5555
87/98 [=========================>....] - ETA: 0s - loss: 1.2786 - accuracy: 0.5553
91/98 [==========================>...] - ETA: 0s - loss: 1.2792 - accuracy: 0.5552
95/98 [============================>.] - ETA: 0s - loss: 1.2791 - accuracy: 0.5556
98/98 [==============================] - 3s 25ms/step - loss: 1.2786 - accuracy: 0.5559 - val_loss: 1.2957 - val_accuracy: 0.5540
Epoch 16/249

 1/98 [..............................] - ETA: 3s - loss: 1.1937 - accuracy: 0.5859
 5/98 [>.............................] - ETA: 1s - loss: 1.2306 - accuracy: 0.5648
 9/98 [=>............................] - ETA: 1s - loss: 1.2360 - accuracy: 0.5725
13/98 [==>...........................] - ETA: 1s - loss: 1.2469 - accuracy: 0.5700
17/98 [====>.........................] - ETA: 1s - loss: 1.2476 - accuracy: 0.5681
21/98 [=====>........................] - ETA: 1s - loss: 1.2478 - accuracy: 0.5676
25/98 [======>.......................] - ETA: 1s - loss: 1.2470 - accuracy: 0.5666
29/98 [=======>......................] - ETA: 1s - loss: 1.2428 - accuracy: 0.5692
34/98 [=========>....................] - ETA: 1s - loss: 1.2421 - accuracy: 0.5705
38/98 [==========>...................] - ETA: 0s - loss: 1.2401 - accuracy: 0.5732
42/98 [===========>..................] - ETA: 0s - loss: 1.2441 - accuracy: 0.5729
46/98 [=============>................] - ETA: 0s - loss: 1.2476 - accuracy: 0.5714
51/98 [==============>...............] - ETA: 0s - loss: 1.2522 - accuracy: 0.5699
55/98 [===============>..............] - ETA: 0s - loss: 1.2546 - accuracy: 0.5689
59/98 [=================>............] - ETA: 0s - loss: 1.2577 - accuracy: 0.5677
63/98 [==================>...........] - ETA: 0s - loss: 1.2633 - accuracy: 0.5655
67/98 [===================>..........] - ETA: 0s - loss: 1.2645 - accuracy: 0.5649
71/98 [====================>.........] - ETA: 0s - loss: 1.2645 - accuracy: 0.5652
75/98 [=====================>........] - ETA: 0s - loss: 1.2644 - accuracy: 0.5650
79/98 [=======================>......] - ETA: 0s - loss: 1.2653 - accuracy: 0.5648
84/98 [========================>.....] - ETA: 0s - loss: 1.2621 - accuracy: 0.5663
88/98 [=========================>....] - ETA: 0s - loss: 1.2603 - accuracy: 0.5670
92/98 [===========================>..] - ETA: 0s - loss: 1.2618 - accuracy: 0.5656
96/98 [============================>.] - ETA: 0s - loss: 1.2618 - accuracy: 0.5655
98/98 [==============================] - 2s 25ms/step - loss: 1.2633 - accuracy: 0.5653 - val_loss: 1.2801 - val_accuracy: 0.5570
Epoch 17/249

 1/98 [..............................] - ETA: 3s - loss: 1.2289 - accuracy: 0.5742
 5/98 [>.............................] - ETA: 1s - loss: 1.2598 - accuracy: 0.5742
 9/98 [=>............................] - ETA: 1s - loss: 1.2383 - accuracy: 0.5770
13/98 [==>...........................] - ETA: 1s - loss: 1.2451 - accuracy: 0.5784
17/98 [====>.........................] - ETA: 1s - loss: 1.2380 - accuracy: 0.5804
21/98 [=====>........................] - ETA: 1s - loss: 1.2393 - accuracy: 0.5804
25/98 [======>.......................] - ETA: 1s - loss: 1.2410 - accuracy: 0.5788
29/98 [=======>......................] - ETA: 1s - loss: 1.2431 - accuracy: 0.5760
33/98 [=========>....................] - ETA: 1s - loss: 1.2512 - accuracy: 0.5732
37/98 [==========>...................] - ETA: 0s - loss: 1.2472 - accuracy: 0.5738
41/98 [===========>..................] - ETA: 0s - loss: 1.2464 - accuracy: 0.5728
45/98 [============>.................] - ETA: 0s - loss: 1.2506 - accuracy: 0.5708
49/98 [==============>...............] - ETA: 0s - loss: 1.2512 - accuracy: 0.5702
53/98 [===============>..............] - ETA: 0s - loss: 1.2515 - accuracy: 0.5695
56/98 [================>.............] - ETA: 0s - loss: 1.2523 - accuracy: 0.5695
60/98 [=================>............] - ETA: 0s - loss: 1.2510 - accuracy: 0.5689
64/98 [==================>...........] - ETA: 0s - loss: 1.2498 - accuracy: 0.5691
68/98 [===================>..........] - ETA: 0s - loss: 1.2498 - accuracy: 0.5695
72/98 [=====================>........] - ETA: 0s - loss: 1.2509 - accuracy: 0.5686
76/98 [======================>.......] - ETA: 0s - loss: 1.2489 - accuracy: 0.5688
80/98 [=======================>......] - ETA: 0s - loss: 1.2498 - accuracy: 0.5689
84/98 [========================>.....] - ETA: 0s - loss: 1.2504 - accuracy: 0.5689
89/98 [==========================>...] - ETA: 0s - loss: 1.2530 - accuracy: 0.5677
94/98 [===========================>..] - ETA: 0s - loss: 1.2558 - accuracy: 0.5669
98/98 [==============================] - ETA: 0s - loss: 1.2575 - accuracy: 0.5661
98/98 [==============================] - 3s 25ms/step - loss: 1.2575 - accuracy: 0.5661 - val_loss: 1.2991 - val_accuracy: 0.5520
Epoch 18/249

 1/98 [..............................] - ETA: 3s - loss: 1.2221 - accuracy: 0.5742
 5/98 [>.............................] - ETA: 1s - loss: 1.2228 - accuracy: 0.5852
 9/98 [=>............................] - ETA: 1s - loss: 1.2212 - accuracy: 0.5779
13/98 [==>...........................] - ETA: 1s - loss: 1.2212 - accuracy: 0.5772
17/98 [====>.........................] - ETA: 1s - loss: 1.2336 - accuracy: 0.5746
21/98 [=====>........................] - ETA: 1s - loss: 1.2360 - accuracy: 0.5737
25/98 [======>.......................] - ETA: 1s - loss: 1.2375 - accuracy: 0.5745
29/98 [=======>......................] - ETA: 1s - loss: 1.2367 - accuracy: 0.5746
33/98 [=========>....................] - ETA: 1s - loss: 1.2328 - accuracy: 0.5761
37/98 [==========>...................] - ETA: 0s - loss: 1.2324 - accuracy: 0.5760
41/98 [===========>..................] - ETA: 0s - loss: 1.2344 - accuracy: 0.5744
45/98 [============>.................] - ETA: 0s - loss: 1.2331 - accuracy: 0.5735
50/98 [==============>...............] - ETA: 0s - loss: 1.2305 - accuracy: 0.5746
54/98 [===============>..............] - ETA: 0s - loss: 1.2357 - accuracy: 0.5730
58/98 [================>.............] - ETA: 0s - loss: 1.2341 - accuracy: 0.5745
62/98 [=================>............] - ETA: 0s - loss: 1.2365 - accuracy: 0.5733
