2024-07-26 16:28:18.306066: I tensorflow/core/platform/cpu_feature_guard.cc:193] This TensorFlow binary is optimized with oneAPI Deep Neural Network Library (oneDNN) to use the following CPU instructions in performance-critical operations:  AVX AVX2
To enable them in other operations, rebuild TensorFlow with the appropriate compiler flags.
2024-07-26 16:28:19.618888: I tensorflow/core/common_runtime/gpu/gpu_device.cc:1616] Created device /job:localhost/replica:0/task:0/device:GPU:0 with 6656 MB memory:  -> device: 0, name: NVIDIA GeForce RTX 4060 Ti, pci bus id: 0000:01:00.0, compute capability: 8.9
1 Physical GPUs, 1 Logical GPUs
Model: "sequential"
_________________________________________________________________
 Layer (type)                Output Shape              Param #   
=================================================================
 conv2d (Conv2D)             (None, 32, 32, 32)        896       
                                                                 
 max_pooling2d (MaxPooling2D  (None, 16, 16, 32)       0         
 )                                                               
                                                                 
 batch_normalization (BatchN  (None, 16, 16, 32)       128       
 ormalization)                                                   
                                                                 
 dropout (Dropout)           (None, 16, 16, 32)        0         
                                                                 
 flatten (Flatten)           (None, 8192)              0         
                                                                 
 dense (Dense)               (None, 112)               917616    
                                                                 
 dropout_1 (Dropout)         (None, 112)               0         
                                                                 
 dense_1 (Dense)             (None, 10)                1130      
                                                                 
=================================================================
Total params: 919,770
Trainable params: 919,706
Non-trainable params: 64
_________________________________________________________________
Taxa de aprendizado:  0.0001 Num de épocas:  279 Tamanho do lote:  512 Dropout:  0.26
Epoch 1/279
2024-07-26 16:28:21.919098: I tensorflow/stream_executor/cuda/cuda_dnn.cc:384] Loaded cuDNN version 8100
2024-07-26 16:28:23.864160: W tensorflow/stream_executor/gpu/redzone_allocator.cc:314] INTERNAL: ptxas exited with non-zero error code -1, output: 
Relying on driver to perform ptx compilation. 
Modify $PATH to customize ptxas location.
This message will be only logged once.
2024-07-26 16:28:25.528060: I tensorflow/stream_executor/cuda/cuda_blas.cc:1614] TensorFloat-32 will be used for the matrix multiplication. This will only be logged once.

 1/98 [..............................] - ETA: 9:23 - loss: 2.7629 - accuracy: 0.1113
 6/98 [>.............................] - ETA: 1s - loss: 2.4826 - accuracy: 0.1449  
12/98 [==>...........................] - ETA: 0s - loss: 2.3473 - accuracy: 0.1859
17/98 [====>.........................] - ETA: 0s - loss: 2.2844 - accuracy: 0.2067
22/98 [=====>........................] - ETA: 0s - loss: 2.2375 - accuracy: 0.2210
27/98 [=======>......................] - ETA: 0s - loss: 2.2005 - accuracy: 0.2367
32/98 [========>.....................] - ETA: 0s - loss: 2.1681 - accuracy: 0.2465
38/98 [==========>...................] - ETA: 0s - loss: 2.1346 - accuracy: 0.2595
43/98 [============>.................] - ETA: 0s - loss: 2.1089 - accuracy: 0.2695
48/98 [=============>................] - ETA: 0s - loss: 2.0804 - accuracy: 0.2778
54/98 [===============>..............] - ETA: 0s - loss: 2.0536 - accuracy: 0.2865
58/98 [================>.............] - ETA: 0s - loss: 2.0386 - accuracy: 0.2910
63/98 [==================>...........] - ETA: 0s - loss: 2.0182 - accuracy: 0.2983
67/98 [===================>..........] - ETA: 0s - loss: 2.0032 - accuracy: 0.3025
70/98 [====================>.........] - ETA: 0s - loss: 1.9941 - accuracy: 0.3057
74/98 [=====================>........] - ETA: 0s - loss: 1.9814 - accuracy: 0.3101
78/98 [======================>.......] - ETA: 0s - loss: 1.9705 - accuracy: 0.3139
79/98 [=======================>......] - ETA: 0s - loss: 1.9686 - accuracy: 0.3142
83/98 [========================>.....] - ETA: 0s - loss: 1.9577 - accuracy: 0.3175
86/98 [=========================>....] - ETA: 0s - loss: 1.9518 - accuracy: 0.3195
89/98 [==========================>...] - ETA: 0s - loss: 1.9461 - accuracy: 0.3216
93/98 [===========================>..] - ETA: 0s - loss: 1.9360 - accuracy: 0.3251
96/98 [============================>.] - ETA: 0s - loss: 1.9296 - accuracy: 0.3273
98/98 [==============================] - 9s 29ms/step - loss: 1.9248 - accuracy: 0.3290 - val_loss: 2.0187 - val_accuracy: 0.3115
Epoch 2/279

 1/98 [..............................] - ETA: 3s - loss: 1.6420 - accuracy: 0.4180
 5/98 [>.............................] - ETA: 1s - loss: 1.6292 - accuracy: 0.4344
 8/98 [=>............................] - ETA: 1s - loss: 1.6517 - accuracy: 0.4250
12/98 [==>...........................] - ETA: 1s - loss: 1.6436 - accuracy: 0.4286
16/98 [===>..........................] - ETA: 1s - loss: 1.6450 - accuracy: 0.4286
20/98 [=====>........................] - ETA: 1s - loss: 1.6420 - accuracy: 0.4261
24/98 [======>.......................] - ETA: 1s - loss: 1.6404 - accuracy: 0.4287
27/98 [=======>......................] - ETA: 1s - loss: 1.6419 - accuracy: 0.4283
30/98 [========>.....................] - ETA: 1s - loss: 1.6416 - accuracy: 0.4279
34/98 [=========>....................] - ETA: 1s - loss: 1.6370 - accuracy: 0.4297
37/98 [==========>...................] - ETA: 1s - loss: 1.6346 - accuracy: 0.4309
40/98 [===========>..................] - ETA: 1s - loss: 1.6310 - accuracy: 0.4321
44/98 [============>.................] - ETA: 0s - loss: 1.6274 - accuracy: 0.4348
47/98 [=============>................] - ETA: 0s - loss: 1.6233 - accuracy: 0.4360
51/98 [==============>...............] - ETA: 0s - loss: 1.6209 - accuracy: 0.4378
54/98 [===============>..............] - ETA: 0s - loss: 1.6177 - accuracy: 0.4388
57/98 [================>.............] - ETA: 0s - loss: 1.6179 - accuracy: 0.4374
61/98 [=================>............] - ETA: 0s - loss: 1.6129 - accuracy: 0.4380
65/98 [==================>...........] - ETA: 0s - loss: 1.6095 - accuracy: 0.4381
68/98 [===================>..........] - ETA: 0s - loss: 1.6063 - accuracy: 0.4386
72/98 [=====================>........] - ETA: 0s - loss: 1.5996 - accuracy: 0.4403
76/98 [======================>.......] - ETA: 0s - loss: 1.5969 - accuracy: 0.4412
79/98 [=======================>......] - ETA: 0s - loss: 1.5950 - accuracy: 0.4418
83/98 [========================>.....] - ETA: 0s - loss: 1.5910 - accuracy: 0.4430
86/98 [=========================>....] - ETA: 0s - loss: 1.5883 - accuracy: 0.4433
90/98 [==========================>...] - ETA: 0s - loss: 1.5851 - accuracy: 0.4445
93/98 [===========================>..] - ETA: 0s - loss: 1.5822 - accuracy: 0.4452
97/98 [============================>.] - ETA: 0s - loss: 1.5781 - accuracy: 0.4463
98/98 [==============================] - 3s 29ms/step - loss: 1.5784 - accuracy: 0.4462 - val_loss: 1.8108 - val_accuracy: 0.4072
Epoch 3/279

 1/98 [..............................] - ETA: 3s - loss: 1.4860 - accuracy: 0.4863
 3/98 [..............................] - ETA: 2s - loss: 1.4993 - accuracy: 0.4622
 7/98 [=>............................] - ETA: 1s - loss: 1.4587 - accuracy: 0.4880
11/98 [==>...........................] - ETA: 1s - loss: 1.4702 - accuracy: 0.4778
14/98 [===>..........................] - ETA: 1s - loss: 1.4625 - accuracy: 0.4809
17/98 [====>.........................] - ETA: 1s - loss: 1.4558 - accuracy: 0.4863
21/98 [=====>........................] - ETA: 1s - loss: 1.4585 - accuracy: 0.4880
24/98 [======>.......................] - ETA: 1s - loss: 1.4630 - accuracy: 0.4858
28/98 [=======>......................] - ETA: 1s - loss: 1.4564 - accuracy: 0.4879
32/98 [========>.....................] - ETA: 1s - loss: 1.4615 - accuracy: 0.4861
35/98 [=========>....................] - ETA: 1s - loss: 1.4596 - accuracy: 0.4885
38/98 [==========>...................] - ETA: 1s - loss: 1.4596 - accuracy: 0.4881
42/98 [===========>..................] - ETA: 1s - loss: 1.4573 - accuracy: 0.4891
45/98 [============>.................] - ETA: 0s - loss: 1.4537 - accuracy: 0.4910
48/98 [=============>................] - ETA: 0s - loss: 1.4499 - accuracy: 0.4918
52/98 [==============>...............] - ETA: 0s - loss: 1.4449 - accuracy: 0.4932
55/98 [===============>..............] - ETA: 0s - loss: 1.4422 - accuracy: 0.4942
59/98 [=================>............] - ETA: 0s - loss: 1.4431 - accuracy: 0.4939
63/98 [==================>...........] - ETA: 0s - loss: 1.4390 - accuracy: 0.4955
66/98 [===================>..........] - ETA: 0s - loss: 1.4354 - accuracy: 0.4970
69/98 [====================>.........] - ETA: 0s - loss: 1.4342 - accuracy: 0.4973
73/98 [=====================>........] - ETA: 0s - loss: 1.4319 - accuracy: 0.4978
76/98 [======================>.......] - ETA: 0s - loss: 1.4324 - accuracy: 0.4981
80/98 [=======================>......] - ETA: 0s - loss: 1.4309 - accuracy: 0.4985
83/98 [========================>.....] - ETA: 0s - loss: 1.4306 - accuracy: 0.4991
87/98 [=========================>....] - ETA: 0s - loss: 1.4288 - accuracy: 0.4994
90/98 [==========================>...] - ETA: 0s - loss: 1.4261 - accuracy: 0.5002
93/98 [===========================>..] - ETA: 0s - loss: 1.4264 - accuracy: 0.4996
97/98 [============================>.] - ETA: 0s - loss: 1.4253 - accuracy: 0.4999
98/98 [==============================] - 3s 29ms/step - loss: 1.4251 - accuracy: 0.4998 - val_loss: 1.6314 - val_accuracy: 0.4576
Epoch 4/279

 1/98 [..............................] - ETA: 3s - loss: 1.3009 - accuracy: 0.5488
 5/98 [>.............................] - ETA: 1s - loss: 1.3561 - accuracy: 0.5273
 9/98 [=>............................] - ETA: 1s - loss: 1.3416 - accuracy: 0.5295
12/98 [==>...........................] - ETA: 1s - loss: 1.3469 - accuracy: 0.5296
16/98 [===>..........................] - ETA: 1s - loss: 1.3446 - accuracy: 0.5282
20/98 [=====>........................] - ETA: 1s - loss: 1.3476 - accuracy: 0.5276
23/98 [======>.......................] - ETA: 1s - loss: 1.3431 - accuracy: 0.5289
26/98 [======>.......................] - ETA: 1s - loss: 1.3412 - accuracy: 0.5302
30/98 [========>.....................] - ETA: 1s - loss: 1.3384 - accuracy: 0.5295
33/98 [=========>....................] - ETA: 1s - loss: 1.3396 - accuracy: 0.5295
37/98 [==========>...................] - ETA: 1s - loss: 1.3404 - accuracy: 0.5286
40/98 [===========>..................] - ETA: 1s - loss: 1.3395 - accuracy: 0.5284
44/98 [============>.................] - ETA: 1s - loss: 1.3388 - accuracy: 0.5279
48/98 [=============>................] - ETA: 0s - loss: 1.3386 - accuracy: 0.5284
52/98 [==============>...............] - ETA: 0s - loss: 1.3401 - accuracy: 0.5287
56/98 [================>.............] - ETA: 0s - loss: 1.3386 - accuracy: 0.5291
59/98 [=================>............] - ETA: 0s - loss: 1.3367 - accuracy: 0.5298
62/98 [=================>............] - ETA: 0s - loss: 1.3374 - accuracy: 0.5298
66/98 [===================>..........] - ETA: 0s - loss: 1.3357 - accuracy: 0.5308
69/98 [====================>.........] - ETA: 0s - loss: 1.3347 - accuracy: 0.5309
73/98 [=====================>........] - ETA: 0s - loss: 1.3337 - accuracy: 0.5306
77/98 [======================>.......] - ETA: 0s - loss: 1.3334 - accuracy: 0.5311
80/98 [=======================>......] - ETA: 0s - loss: 1.3316 - accuracy: 0.5315
83/98 [========================>.....] - ETA: 0s - loss: 1.3287 - accuracy: 0.5328
87/98 [=========================>....] - ETA: 0s - loss: 1.3271 - accuracy: 0.5331
90/98 [==========================>...] - ETA: 0s - loss: 1.3268 - accuracy: 0.5333
94/98 [===========================>..] - ETA: 0s - loss: 1.3261 - accuracy: 0.5341
97/98 [============================>.] - ETA: 0s - loss: 1.3239 - accuracy: 0.5345
98/98 [==============================] - 3s 29ms/step - loss: 1.3238 - accuracy: 0.5347 - val_loss: 1.4403 - val_accuracy: 0.5128
Epoch 5/279

 1/98 [..............................] - ETA: 3s - loss: 1.1982 - accuracy: 0.5781
 4/98 [>.............................] - ETA: 1s - loss: 1.2633 - accuracy: 0.5557
 8/98 [=>............................] - ETA: 1s - loss: 1.2853 - accuracy: 0.5490
11/98 [==>...........................] - ETA: 1s - loss: 1.2802 - accuracy: 0.5475
15/98 [===>..........................] - ETA: 1s - loss: 1.2629 - accuracy: 0.5512
19/98 [====>.........................] - ETA: 1s - loss: 1.2675 - accuracy: 0.5529
22/98 [=====>........................] - ETA: 1s - loss: 1.2681 - accuracy: 0.5503
26/98 [======>.......................] - ETA: 1s - loss: 1.2684 - accuracy: 0.5515
30/98 [========>.....................] - ETA: 1s - loss: 1.2676 - accuracy: 0.5518
33/98 [=========>....................] - ETA: 1s - loss: 1.2643 - accuracy: 0.5546
37/98 [==========>...................] - ETA: 1s - loss: 1.2651 - accuracy: 0.5541
40/98 [===========>..................] - ETA: 1s - loss: 1.2626 - accuracy: 0.5539
43/98 [============>.................] - ETA: 1s - loss: 1.2595 - accuracy: 0.5553
47/98 [=============>................] - ETA: 0s - loss: 1.2596 - accuracy: 0.5556
50/98 [==============>...............] - ETA: 0s - loss: 1.2613 - accuracy: 0.5557
54/98 [===============>..............] - ETA: 0s - loss: 1.2591 - accuracy: 0.5562
57/98 [================>.............] - ETA: 0s - loss: 1.2612 - accuracy: 0.5550
60/98 [=================>............] - ETA: 0s - loss: 1.2623 - accuracy: 0.5543
64/98 [==================>...........] - ETA: 0s - loss: 1.2618 - accuracy: 0.5543
67/98 [===================>..........] - ETA: 0s - loss: 1.2600 - accuracy: 0.5554
71/98 [====================>.........] - ETA: 0s - loss: 1.2578 - accuracy: 0.5557
75/98 [=====================>........] - ETA: 0s - loss: 1.2586 - accuracy: 0.5563
78/98 [======================>.......] - ETA: 0s - loss: 1.2564 - accuracy: 0.5570
82/98 [========================>.....] - ETA: 0s - loss: 1.2557 - accuracy: 0.5570
86/98 [=========================>....] - ETA: 0s - loss: 1.2553 - accuracy: 0.5571
89/98 [==========================>...] - ETA: 0s - loss: 1.2547 - accuracy: 0.5577
93/98 [===========================>..] - ETA: 0s - loss: 1.2533 - accuracy: 0.5583
96/98 [============================>.] - ETA: 0s - loss: 1.2532 - accuracy: 0.5586
98/98 [==============================] - 3s 26ms/step - loss: 1.2537 - accuracy: 0.5581 - val_loss: 1.2918 - val_accuracy: 0.5600
Epoch 6/279

 1/98 [..............................] - ETA: 3s - loss: 1.2739 - accuracy: 0.5488
 6/98 [>.............................] - ETA: 1s - loss: 1.2168 - accuracy: 0.5648
11/98 [==>...........................] - ETA: 1s - loss: 1.2006 - accuracy: 0.5705
16/98 [===>..........................] - ETA: 1s - loss: 1.2081 - accuracy: 0.5702
22/98 [=====>........................] - ETA: 0s - loss: 1.2045 - accuracy: 0.5735
27/98 [=======>......................] - ETA: 0s - loss: 1.1993 - accuracy: 0.5765
32/98 [========>.....................] - ETA: 0s - loss: 1.1998 - accuracy: 0.5766
38/98 [==========>...................] - ETA: 0s - loss: 1.2047 - accuracy: 0.5760
43/98 [============>.................] - ETA: 0s - loss: 1.2086 - accuracy: 0.5741
48/98 [=============>................] - ETA: 0s - loss: 1.2067 - accuracy: 0.5745
54/98 [===============>..............] - ETA: 0s - loss: 1.2106 - accuracy: 0.5743
59/98 [=================>............] - ETA: 0s - loss: 1.2076 - accuracy: 0.5756
65/98 [==================>...........] - ETA: 0s - loss: 1.2050 - accuracy: 0.5765
69/98 [====================>.........] - ETA: 0s - loss: 1.2035 - accuracy: 0.5772
72/98 [=====================>........] - ETA: 0s - loss: 1.2026 - accuracy: 0.5774
76/98 [======================>.......] - ETA: 0s - loss: 1.2040 - accuracy: 0.5771
79/98 [=======================>......] - ETA: 0s - loss: 1.2056 - accuracy: 0.5767
83/98 [========================>.....] - ETA: 0s - loss: 1.2046 - accuracy: 0.5773
86/98 [=========================>....] - ETA: 0s - loss: 1.2049 - accuracy: 0.5775
90/98 [==========================>...] - ETA: 0s - loss: 1.2041 - accuracy: 0.5776
94/98 [===========================>..] - ETA: 0s - loss: 1.2030 - accuracy: 0.5776
97/98 [============================>.] - ETA: 0s - loss: 1.2020 - accuracy: 0.5779
98/98 [==============================] - 2s 25ms/step - loss: 1.2014 - accuracy: 0.5781 - val_loss: 1.1847 - val_accuracy: 0.5927
Epoch 7/279

 1/98 [..............................] - ETA: 3s - loss: 1.2035 - accuracy: 0.5840
 5/98 [>.............................] - ETA: 1s - loss: 1.2071 - accuracy: 0.5738
 8/98 [=>............................] - ETA: 1s - loss: 1.2000 - accuracy: 0.5769
11/98 [==>...........................] - ETA: 1s - loss: 1.1889 - accuracy: 0.5847
14/98 [===>..........................] - ETA: 1s - loss: 1.1838 - accuracy: 0.5847
17/98 [====>.........................] - ETA: 1s - loss: 1.1833 - accuracy: 0.5846
21/98 [=====>........................] - ETA: 1s - loss: 1.1787 - accuracy: 0.5864
24/98 [======>.......................] - ETA: 1s - loss: 1.1793 - accuracy: 0.5855
27/98 [=======>......................] - ETA: 1s - loss: 1.1755 - accuracy: 0.5883
31/98 [========>.....................] - ETA: 1s - loss: 1.1735 - accuracy: 0.5899
34/98 [=========>....................] - ETA: 1s - loss: 1.1714 - accuracy: 0.5914
38/98 [==========>...................] - ETA: 1s - loss: 1.1692 - accuracy: 0.5911
42/98 [===========>..................] - ETA: 1s - loss: 1.1662 - accuracy: 0.5923
46/98 [=============>................] - ETA: 0s - loss: 1.1622 - accuracy: 0.5935
49/98 [==============>...............] - ETA: 0s - loss: 1.1605 - accuracy: 0.5940
53/98 [===============>..............] - ETA: 0s - loss: 1.1596 - accuracy: 0.5933
56/98 [================>.............] - ETA: 0s - loss: 1.1612 - accuracy: 0.5928
60/98 [=================>............] - ETA: 0s - loss: 1.1655 - accuracy: 0.5914
63/98 [==================>...........] - ETA: 0s - loss: 1.1670 - accuracy: 0.5907
67/98 [===================>..........] - ETA: 0s - loss: 1.1625 - accuracy: 0.5916
71/98 [====================>.........] - ETA: 0s - loss: 1.1633 - accuracy: 0.5911
74/98 [=====================>........] - ETA: 0s - loss: 1.1629 - accuracy: 0.5910
78/98 [======================>.......] - ETA: 0s - loss: 1.1608 - accuracy: 0.5918
82/98 [========================>.....] - ETA: 0s - loss: 1.1606 - accuracy: 0.5920
85/98 [=========================>....] - ETA: 0s - loss: 1.1609 - accuracy: 0.5916
88/98 [=========================>....] - ETA: 0s - loss: 1.1595 - accuracy: 0.5927
92/98 [===========================>..] - ETA: 0s - loss: 1.1599 - accuracy: 0.5924
95/98 [============================>.] - ETA: 0s - loss: 1.1595 - accuracy: 0.5923
98/98 [==============================] - 3s 29ms/step - loss: 1.1597 - accuracy: 0.5921 - val_loss: 1.1306 - val_accuracy: 0.6096
Epoch 8/279

 1/98 [..............................] - ETA: 4s - loss: 1.1334 - accuracy: 0.5996
 5/98 [>.............................] - ETA: 1s - loss: 1.1314 - accuracy: 0.6039
 8/98 [=>............................] - ETA: 1s - loss: 1.1125 - accuracy: 0.6140
12/98 [==>...........................] - ETA: 1s - loss: 1.1107 - accuracy: 0.6130
15/98 [===>..........................] - ETA: 1s - loss: 1.1164 - accuracy: 0.6087
18/98 [====>.........................] - ETA: 1s - loss: 1.1190 - accuracy: 0.6074
22/98 [=====>........................] - ETA: 1s - loss: 1.1200 - accuracy: 0.6066
25/98 [======>.......................] - ETA: 1s - loss: 1.1132 - accuracy: 0.6095
29/98 [=======>......................] - ETA: 1s - loss: 1.1150 - accuracy: 0.6091
32/98 [========>.....................] - ETA: 1s - loss: 1.1191 - accuracy: 0.6077
36/98 [==========>...................] - ETA: 1s - loss: 1.1195 - accuracy: 0.6075
40/98 [===========>..................] - ETA: 1s - loss: 1.1207 - accuracy: 0.6070
43/98 [============>.................] - ETA: 1s - loss: 1.1245 - accuracy: 0.6056
47/98 [=============>................] - ETA: 0s - loss: 1.1252 - accuracy: 0.6064
50/98 [==============>...............] - ETA: 0s - loss: 1.1244 - accuracy: 0.6071
53/98 [===============>..............] - ETA: 0s - loss: 1.1215 - accuracy: 0.6086
57/98 [================>.............] - ETA: 0s - loss: 1.1199 - accuracy: 0.6091
60/98 [=================>............] - ETA: 0s - loss: 1.1167 - accuracy: 0.6102
64/98 [==================>...........] - ETA: 0s - loss: 1.1126 - accuracy: 0.6107
67/98 [===================>..........] - ETA: 0s - loss: 1.1131 - accuracy: 0.6104
69/98 [====================>.........] - ETA: 0s - loss: 1.1137 - accuracy: 0.6104
73/98 [=====================>........] - ETA: 0s - loss: 1.1127 - accuracy: 0.6107
77/98 [======================>.......] - ETA: 0s - loss: 1.1125 - accuracy: 0.6108
80/98 [=======================>......] - ETA: 0s - loss: 1.1138 - accuracy: 0.6104
83/98 [========================>.....] - ETA: 0s - loss: 1.1154 - accuracy: 0.6098
87/98 [=========================>....] - ETA: 0s - loss: 1.1153 - accuracy: 0.6095
90/98 [==========================>...] - ETA: 0s - loss: 1.1153 - accuracy: 0.6097
94/98 [===========================>..] - ETA: 0s - loss: 1.1167 - accuracy: 0.6090
97/98 [============================>.] - ETA: 0s - loss: 1.1173 - accuracy: 0.6089
98/98 [==============================] - 3s 29ms/step - loss: 1.1175 - accuracy: 0.6089 - val_loss: 1.1143 - val_accuracy: 0.6095
Epoch 9/279

 1/98 [..............................] - ETA: 3s - loss: 1.1236 - accuracy: 0.6035
 4/98 [>.............................] - ETA: 1s - loss: 1.1003 - accuracy: 0.6162
 8/98 [=>............................] - ETA: 1s - loss: 1.0966 - accuracy: 0.6108
11/98 [==>...........................] - ETA: 1s - loss: 1.0934 - accuracy: 0.6135
15/98 [===>..........................] - ETA: 1s - loss: 1.0892 - accuracy: 0.6158
19/98 [====>.........................] - ETA: 1s - loss: 1.0932 - accuracy: 0.6178
22/98 [=====>........................] - ETA: 1s - loss: 1.0910 - accuracy: 0.6175
25/98 [======>.......................] - ETA: 1s - loss: 1.0875 - accuracy: 0.6184
29/98 [=======>......................] - ETA: 1s - loss: 1.0906 - accuracy: 0.6181
33/98 [=========>....................] - ETA: 1s - loss: 1.0893 - accuracy: 0.6190
37/98 [==========>...................] - ETA: 1s - loss: 1.0891 - accuracy: 0.6205
40/98 [===========>..................] - ETA: 1s - loss: 1.0882 - accuracy: 0.6210
44/98 [============>.................] - ETA: 0s - loss: 1.0886 - accuracy: 0.6206
47/98 [=============>................] - ETA: 0s - loss: 1.0894 - accuracy: 0.6203
50/98 [==============>...............] - ETA: 0s - loss: 1.0894 - accuracy: 0.6203
54/98 [===============>..............] - ETA: 0s - loss: 1.0884 - accuracy: 0.6208
57/98 [================>.............] - ETA: 0s - loss: 1.0884 - accuracy: 0.6208
61/98 [=================>............] - ETA: 0s - loss: 1.0896 - accuracy: 0.6203
65/98 [==================>...........] - ETA: 0s - loss: 1.0907 - accuracy: 0.6201
68/98 [===================>..........] - ETA: 0s - loss: 1.0904 - accuracy: 0.6201
72/98 [=====================>........] - ETA: 0s - loss: 1.0890 - accuracy: 0.6208
75/98 [=====================>........] - ETA: 0s - loss: 1.0893 - accuracy: 0.6199
78/98 [======================>.......] - ETA: 0s - loss: 1.0887 - accuracy: 0.6197
82/98 [========================>.....] - ETA: 0s - loss: 1.0896 - accuracy: 0.6196
85/98 [=========================>....] - ETA: 0s - loss: 1.0897 - accuracy: 0.6196
89/98 [==========================>...] - ETA: 0s - loss: 1.0879 - accuracy: 0.6207
92/98 [===========================>..] - ETA: 0s - loss: 1.0884 - accuracy: 0.6203
95/98 [============================>.] - ETA: 0s - loss: 1.0875 - accuracy: 0.6205
98/98 [==============================] - 3s 29ms/step - loss: 1.0881 - accuracy: 0.6204 - val_loss: 1.0811 - val_accuracy: 0.6280
Epoch 10/279

 1/98 [..............................] - ETA: 3s - loss: 1.0313 - accuracy: 0.6523
 4/98 [>.............................] - ETA: 1s - loss: 1.0396 - accuracy: 0.6416
 8/98 [=>............................] - ETA: 1s - loss: 1.0277 - accuracy: 0.6460
12/98 [==>...........................] - ETA: 1s - loss: 1.0290 - accuracy: 0.6440
15/98 [===>..........................] - ETA: 1s - loss: 1.0417 - accuracy: 0.6362
19/98 [====>.........................] - ETA: 1s - loss: 1.0443 - accuracy: 0.6344
22/98 [=====>........................] - ETA: 1s - loss: 1.0448 - accuracy: 0.6354
26/98 [======>.......................] - ETA: 1s - loss: 1.0503 - accuracy: 0.6325
30/98 [========>.....................] - ETA: 1s - loss: 1.0473 - accuracy: 0.6349
34/98 [=========>....................] - ETA: 1s - loss: 1.0533 - accuracy: 0.6330
37/98 [==========>...................] - ETA: 1s - loss: 1.0543 - accuracy: 0.6318
41/98 [===========>..................] - ETA: 1s - loss: 1.0536 - accuracy: 0.6321
45/98 [============>.................] - ETA: 0s - loss: 1.0530 - accuracy: 0.6329
48/98 [=============>................] - ETA: 0s - loss: 1.0536 - accuracy: 0.6330
51/98 [==============>...............] - ETA: 0s - loss: 1.0530 - accuracy: 0.6329
55/98 [===============>..............] - ETA: 0s - loss: 1.0522 - accuracy: 0.6335
58/98 [================>.............] - ETA: 0s - loss: 1.0537 - accuracy: 0.6326
61/98 [=================>............] - ETA: 0s - loss: 1.0521 - accuracy: 0.6330
65/98 [==================>...........] - ETA: 0s - loss: 1.0530 - accuracy: 0.6326
68/98 [===================>..........] - ETA: 0s - loss: 1.0532 - accuracy: 0.6322
72/98 [=====================>........] - ETA: 0s - loss: 1.0553 - accuracy: 0.6313
75/98 [=====================>........] - ETA: 0s - loss: 1.0561 - accuracy: 0.6318
78/98 [======================>.......] - ETA: 0s - loss: 1.0580 - accuracy: 0.6314
82/98 [========================>.....] - ETA: 0s - loss: 1.0565 - accuracy: 0.6317
85/98 [=========================>....] - ETA: 0s - loss: 1.0579 - accuracy: 0.6310
89/98 [==========================>...] - ETA: 0s - loss: 1.0591 - accuracy: 0.6303
93/98 [===========================>..] - ETA: 0s - loss: 1.0595 - accuracy: 0.6303
96/98 [============================>.] - ETA: 0s - loss: 1.0603 - accuracy: 0.6297
98/98 [==============================] - 3s 28ms/step - loss: 1.0609 - accuracy: 0.6293 - val_loss: 1.0660 - val_accuracy: 0.6316
Epoch 11/279

 1/98 [..............................] - ETA: 3s - loss: 1.0309 - accuracy: 0.6270
 6/98 [>.............................] - ETA: 1s - loss: 1.0157 - accuracy: 0.6377
12/98 [==>...........................] - ETA: 0s - loss: 1.0221 - accuracy: 0.6414
17/98 [====>.........................] - ETA: 0s - loss: 1.0350 - accuracy: 0.6361
22/98 [=====>........................] - ETA: 0s - loss: 1.0359 - accuracy: 0.6363
27/98 [=======>......................] - ETA: 0s - loss: 1.0323 - accuracy: 0.6374
33/98 [=========>....................] - ETA: 0s - loss: 1.0397 - accuracy: 0.6352
38/98 [==========>...................] - ETA: 0s - loss: 1.0395 - accuracy: 0.6360
43/98 [============>.................] - ETA: 0s - loss: 1.0414 - accuracy: 0.6344
49/98 [==============>...............] - ETA: 0s - loss: 1.0409 - accuracy: 0.6345
54/98 [===============>..............] - ETA: 0s - loss: 1.0411 - accuracy: 0.6356
59/98 [=================>............] - ETA: 0s - loss: 1.0406 - accuracy: 0.6354
65/98 [==================>...........] - ETA: 0s - loss: 1.0405 - accuracy: 0.6360
70/98 [====================>.........] - ETA: 0s - loss: 1.0401 - accuracy: 0.6365
75/98 [=====================>........] - ETA: 0s - loss: 1.0410 - accuracy: 0.6363
81/98 [=======================>......] - ETA: 0s - loss: 1.0401 - accuracy: 0.6370
86/98 [=========================>....] - ETA: 0s - loss: 1.0393 - accuracy: 0.6365
92/98 [===========================>..] - ETA: 0s - loss: 1.0417 - accuracy: 0.6358
97/98 [============================>.] - ETA: 0s - loss: 1.0394 - accuracy: 0.6361
98/98 [==============================] - 2s 22ms/step - loss: 1.0389 - accuracy: 0.6361 - val_loss: 1.0705 - val_accuracy: 0.6269
Epoch 12/279

 1/98 [..............................] - ETA: 4s - loss: 1.0636 - accuracy: 0.6230
 5/98 [>.............................] - ETA: 1s - loss: 1.0166 - accuracy: 0.6461
 8/98 [=>............................] - ETA: 1s - loss: 1.0190 - accuracy: 0.6396
12/98 [==>...........................] - ETA: 1s - loss: 1.0140 - accuracy: 0.6401
15/98 [===>..........................] - ETA: 1s - loss: 1.0106 - accuracy: 0.6422
19/98 [====>.........................] - ETA: 1s - loss: 1.0077 - accuracy: 0.6412
23/98 [======>.......................] - ETA: 1s - loss: 1.0044 - accuracy: 0.6445
26/98 [======>.......................] - ETA: 1s - loss: 1.0049 - accuracy: 0.6442
30/98 [========>.....................] - ETA: 1s - loss: 1.0046 - accuracy: 0.6456
34/98 [=========>....................] - ETA: 1s - loss: 1.0095 - accuracy: 0.6435
37/98 [==========>...................] - ETA: 1s - loss: 1.0112 - accuracy: 0.6432
40/98 [===========>..................] - ETA: 1s - loss: 1.0123 - accuracy: 0.6426
43/98 [============>.................] - ETA: 1s - loss: 1.0182 - accuracy: 0.6401
47/98 [=============>................] - ETA: 0s - loss: 1.0161 - accuracy: 0.6418
50/98 [==============>...............] - ETA: 0s - loss: 1.0176 - accuracy: 0.6414
53/98 [===============>..............] - ETA: 0s - loss: 1.0185 - accuracy: 0.6414
57/98 [================>.............] - ETA: 0s - loss: 1.0223 - accuracy: 0.6407
60/98 [=================>............] - ETA: 0s - loss: 1.0199 - accuracy: 0.6413
64/98 [==================>...........] - ETA: 0s - loss: 1.0196 - accuracy: 0.6417
67/98 [===================>..........] - ETA: 0s - loss: 1.0182 - accuracy: 0.6427
71/98 [====================>.........] - ETA: 0s - loss: 1.0181 - accuracy: 0.6426
75/98 [=====================>........] - ETA: 0s - loss: 1.0189 - accuracy: 0.6419
78/98 [======================>.......] - ETA: 0s - loss: 1.0177 - accuracy: 0.6427
82/98 [========================>.....] - ETA: 0s - loss: 1.0172 - accuracy: 0.6435
85/98 [=========================>....] - ETA: 0s - loss: 1.0170 - accuracy: 0.6434
88/98 [=========================>....] - ETA: 0s - loss: 1.0176 - accuracy: 0.6433
92/98 [===========================>..] - ETA: 0s - loss: 1.0176 - accuracy: 0.6431
95/98 [============================>.] - ETA: 0s - loss: 1.0177 - accuracy: 0.6427
98/98 [==============================] - 3s 29ms/step - loss: 1.0180 - accuracy: 0.6428 - val_loss: 1.0502 - val_accuracy: 0.6360
Epoch 13/279

 1/98 [..............................] - ETA: 4s - loss: 0.9707 - accuracy: 0.6621
 5/98 [>.............................] - ETA: 1s - loss: 0.9617 - accuracy: 0.6695
 8/98 [=>............................] - ETA: 1s - loss: 0.9711 - accuracy: 0.6646
11/98 [==>...........................] - ETA: 1s - loss: 0.9706 - accuracy: 0.6657
14/98 [===>..........................] - ETA: 1s - loss: 0.9898 - accuracy: 0.6586
18/98 [====>.........................] - ETA: 1s - loss: 0.9938 - accuracy: 0.6535
21/98 [=====>........................] - ETA: 1s - loss: 0.9937 - accuracy: 0.6527
24/98 [======>.......................] - ETA: 1s - loss: 0.9965 - accuracy: 0.6493
28/98 [=======>......................] - ETA: 1s - loss: 0.9966 - accuracy: 0.6483
31/98 [========>.....................] - ETA: 1s - loss: 0.9940 - accuracy: 0.6489
35/98 [=========>....................] - ETA: 1s - loss: 0.9951 - accuracy: 0.6487
39/98 [==========>...................] - ETA: 1s - loss: 0.9924 - accuracy: 0.6492
42/98 [===========>..................] - ETA: 1s - loss: 0.9953 - accuracy: 0.6481
45/98 [============>.................] - ETA: 0s - loss: 0.9962 - accuracy: 0.6476
49/98 [==============>...............] - ETA: 0s - loss: 0.9952 - accuracy: 0.6483
52/98 [==============>...............] - ETA: 0s - loss: 0.9947 - accuracy: 0.6489
56/98 [================>.............] - ETA: 0s - loss: 0.9949 - accuracy: 0.6496
59/98 [=================>............] - ETA: 0s - loss: 0.9935 - accuracy: 0.6505
63/98 [==================>...........] - ETA: 0s - loss: 0.9926 - accuracy: 0.6519
66/98 [===================>..........] - ETA: 0s - loss: 0.9935 - accuracy: 0.6516
70/98 [====================>.........] - ETA: 0s - loss: 0.9925 - accuracy: 0.6518
73/98 [=====================>........] - ETA: 0s - loss: 0.9918 - accuracy: 0.6516
77/98 [======================>.......] - ETA: 0s - loss: 0.9931 - accuracy: 0.6514
80/98 [=======================>......] - ETA: 0s - loss: 0.9949 - accuracy: 0.6512
83/98 [========================>.....] - ETA: 0s - loss: 0.9942 - accuracy: 0.6518
87/98 [=========================>....] - ETA: 0s - loss: 0.9935 - accuracy: 0.6523
91/98 [==========================>...] - ETA: 0s - loss: 0.9936 - accuracy: 0.6523
94/98 [===========================>..] - ETA: 0s - loss: 0.9947 - accuracy: 0.6519
98/98 [==============================] - ETA: 0s - loss: 0.9954 - accuracy: 0.6515
98/98 [==============================] - 3s 29ms/step - loss: 0.9954 - accuracy: 0.6515 - val_loss: 1.0416 - val_accuracy: 0.6364
Epoch 14/279

 1/98 [..............................] - ETA: 3s - loss: 0.9260 - accuracy: 0.6602
 4/98 [>.............................] - ETA: 1s - loss: 0.9544 - accuracy: 0.6572
 8/98 [=>............................] - ETA: 1s - loss: 0.9751 - accuracy: 0.6519
11/98 [==>...........................] - ETA: 1s - loss: 0.9817 - accuracy: 0.6536
15/98 [===>..........................] - ETA: 1s - loss: 0.9805 - accuracy: 0.6577
18/98 [====>.........................] - ETA: 1s - loss: 0.9769 - accuracy: 0.6576
22/98 [=====>........................] - ETA: 1s - loss: 0.9764 - accuracy: 0.6563
25/98 [======>.......................] - ETA: 1s - loss: 0.9758 - accuracy: 0.6545
29/98 [=======>......................] - ETA: 1s - loss: 0.9758 - accuracy: 0.6551
33/98 [=========>....................] - ETA: 1s - loss: 0.9736 - accuracy: 0.6555
37/98 [==========>...................] - ETA: 1s - loss: 0.9696 - accuracy: 0.6588
40/98 [===========>..................] - ETA: 1s - loss: 0.9684 - accuracy: 0.6595
44/98 [============>.................] - ETA: 0s - loss: 0.9716 - accuracy: 0.6583
47/98 [=============>................] - ETA: 0s - loss: 0.9721 - accuracy: 0.6584
50/98 [==============>...............] - ETA: 0s - loss: 0.9711 - accuracy: 0.6586
54/98 [===============>..............] - ETA: 0s - loss: 0.9712 - accuracy: 0.6589
57/98 [================>.............] - ETA: 0s - loss: 0.9726 - accuracy: 0.6579
61/98 [=================>............] - ETA: 0s - loss: 0.9737 - accuracy: 0.6576
65/98 [==================>...........] - ETA: 0s - loss: 0.9733 - accuracy: 0.6578
68/98 [===================>..........] - ETA: 0s - loss: 0.9751 - accuracy: 0.6573
71/98 [====================>.........] - ETA: 0s - loss: 0.9750 - accuracy: 0.6570
75/98 [=====================>........] - ETA: 0s - loss: 0.9759 - accuracy: 0.6573
78/98 [======================>.......] - ETA: 0s - loss: 0.9759 - accuracy: 0.6566
82/98 [========================>.....] - ETA: 0s - loss: 0.9741 - accuracy: 0.6568
86/98 [=========================>....] - ETA: 0s - loss: 0.9765 - accuracy: 0.6557
89/98 [==========================>...] - ETA: 0s - loss: 0.9768 - accuracy: 0.6559
93/98 [===========================>..] - ETA: 0s - loss: 0.9773 - accuracy: 0.6555
97/98 [============================>.] - ETA: 0s - loss: 0.9763 - accuracy: 0.6561
98/98 [==============================] - 3s 29ms/step - loss: 0.9763 - accuracy: 0.6560 - val_loss: 1.0294 - val_accuracy: 0.6425
Epoch 15/279

 1/98 [..............................] - ETA: 3s - loss: 0.9634 - accuracy: 0.6484
 4/98 [>.............................] - ETA: 1s - loss: 0.9262 - accuracy: 0.6782
 7/98 [=>............................] - ETA: 1s - loss: 0.9143 - accuracy: 0.6789
11/98 [==>...........................] - ETA: 1s - loss: 0.9371 - accuracy: 0.6699
15/98 [===>..........................] - ETA: 1s - loss: 0.9419 - accuracy: 0.6712
19/98 [====>.........................] - ETA: 1s - loss: 0.9377 - accuracy: 0.6731
23/98 [======>.......................] - ETA: 1s - loss: 0.9443 - accuracy: 0.6720
26/98 [======>.......................] - ETA: 1s - loss: 0.9463 - accuracy: 0.6708
30/98 [========>.....................] - ETA: 1s - loss: 0.9475 - accuracy: 0.6705
33/98 [=========>....................] - ETA: 1s - loss: 0.9450 - accuracy: 0.6709
37/98 [==========>...................] - ETA: 1s - loss: 0.9494 - accuracy: 0.6687
41/98 [===========>..................] - ETA: 1s - loss: 0.9518 - accuracy: 0.6689
44/98 [============>.................] - ETA: 1s - loss: 0.9493 - accuracy: 0.6697
48/98 [=============>................] - ETA: 0s - loss: 0.9501 - accuracy: 0.6692
52/98 [==============>...............] - ETA: 0s - loss: 0.9510 - accuracy: 0.6685
55/98 [===============>..............] - ETA: 0s - loss: 0.9507 - accuracy: 0.6679
59/98 [=================>............] - ETA: 0s - loss: 0.9510 - accuracy: 0.6677
62/98 [=================>............] - ETA: 0s - loss: 0.9515 - accuracy: 0.6672
66/98 [===================>..........] - ETA: 0s - loss: 0.9531 - accuracy: 0.6657
69/98 [====================>.........] - ETA: 0s - loss: 0.9534 - accuracy: 0.6658
73/98 [=====================>........] - ETA: 0s - loss: 0.9538 - accuracy: 0.6660
77/98 [======================>.......] - ETA: 0s - loss: 0.9553 - accuracy: 0.6648
80/98 [=======================>......] - ETA: 0s - loss: 0.9561 - accuracy: 0.6645
83/98 [========================>.....] - ETA: 0s - loss: 0.9572 - accuracy: 0.6644
87/98 [=========================>....] - ETA: 0s - loss: 0.9582 - accuracy: 0.6644
90/98 [==========================>...] - ETA: 0s - loss: 0.9582 - accuracy: 0.6639
94/98 [===========================>..] - ETA: 0s - loss: 0.9584 - accuracy: 0.6641
97/98 [============================>.] - ETA: 0s - loss: 0.9582 - accuracy: 0.6643
98/98 [==============================] - 3s 29ms/step - loss: 0.9581 - accuracy: 0.6642 - val_loss: 1.0222 - val_accuracy: 0.6452
Epoch 16/279

 1/98 [..............................] - ETA: 3s - loss: 0.8495 - accuracy: 0.7188
 5/98 [>.............................] - ETA: 1s - loss: 0.9243 - accuracy: 0.6727
 8/98 [=>............................] - ETA: 1s - loss: 0.9414 - accuracy: 0.6680
12/98 [==>...........................] - ETA: 1s - loss: 0.9377 - accuracy: 0.6693
16/98 [===>..........................] - ETA: 1s - loss: 0.9338 - accuracy: 0.6725
21/98 [=====>........................] - ETA: 1s - loss: 0.9296 - accuracy: 0.6733
26/98 [======>.......................] - ETA: 1s - loss: 0.9325 - accuracy: 0.6726
31/98 [========>.....................] - ETA: 1s - loss: 0.9341 - accuracy: 0.6727
37/98 [==========>...................] - ETA: 0s - loss: 0.9354 - accuracy: 0.6736
42/98 [===========>..................] - ETA: 0s - loss: 0.9340 - accuracy: 0.6738
47/98 [=============>................] - ETA: 0s - loss: 0.9339 - accuracy: 0.6742
53/98 [===============>..............] - ETA: 0s - loss: 0.9336 - accuracy: 0.6739
58/98 [================>.............] - ETA: 0s - loss: 0.9343 - accuracy: 0.6724
63/98 [==================>...........] - ETA: 0s - loss: 0.9388 - accuracy: 0.6713
68/98 [===================>..........] - ETA: 0s - loss: 0.9377 - accuracy: 0.6724
73/98 [=====================>........] - ETA: 0s - loss: 0.9391 - accuracy: 0.6719
79/98 [=======================>......] - ETA: 0s - loss: 0.9390 - accuracy: 0.6723
84/98 [========================>.....] - ETA: 0s - loss: 0.9390 - accuracy: 0.6721
