2024-07-26 20:38:57.997752: I tensorflow/core/platform/cpu_feature_guard.cc:193] This TensorFlow binary is optimized with oneAPI Deep Neural Network Library (oneDNN) to use the following CPU instructions in performance-critical operations:  AVX AVX2
To enable them in other operations, rebuild TensorFlow with the appropriate compiler flags.
2024-07-26 20:38:59.377724: I tensorflow/core/common_runtime/gpu/gpu_device.cc:1616] Created device /job:localhost/replica:0/task:0/device:GPU:0 with 6656 MB memory:  -> device: 0, name: NVIDIA GeForce RTX 4060 Ti, pci bus id: 0000:01:00.0, compute capability: 8.9
1 Physical GPUs, 1 Logical GPUs
Model: "sequential"
_________________________________________________________________
 Layer (type)                Output Shape              Param #   
=================================================================
 conv2d (Conv2D)             (None, 32, 32, 32)        896       
                                                                 
 max_pooling2d (MaxPooling2D  (None, 16, 16, 32)       0         
 )                                                               
                                                                 
 batch_normalization (BatchN  (None, 16, 16, 32)       128       
 ormalization)                                                   
                                                                 
 dropout (Dropout)           (None, 16, 16, 32)        0         
                                                                 
 flatten (Flatten)           (None, 8192)              0         
                                                                 
 dense (Dense)               (None, 112)               917616    
                                                                 
 dropout_1 (Dropout)         (None, 112)               0         
                                                                 
 dense_1 (Dense)             (None, 10)                1130      
                                                                 
=================================================================
Total params: 919,770
Trainable params: 919,706
Non-trainable params: 64
_________________________________________________________________
Taxa de aprendizado:  0.0001 Num de épocas:  279 Tamanho do lote:  512 Dropout:  0.26
Epoch 1/279
2024-07-26 20:39:01.673582: I tensorflow/stream_executor/cuda/cuda_dnn.cc:384] Loaded cuDNN version 8100
2024-07-26 20:39:03.603692: W tensorflow/stream_executor/gpu/redzone_allocator.cc:314] INTERNAL: ptxas exited with non-zero error code -1, output: 
Relying on driver to perform ptx compilation. 
Modify $PATH to customize ptxas location.
This message will be only logged once.
2024-07-26 20:39:05.545887: I tensorflow/stream_executor/cuda/cuda_blas.cc:1614] TensorFloat-32 will be used for the matrix multiplication. This will only be logged once.

 1/98 [..............................] - ETA: 10:09 - loss: 2.7487 - accuracy: 0.0820
 4/98 [>.............................] - ETA: 1s - loss: 2.5400 - accuracy: 0.1353   
 8/98 [=>............................] - ETA: 1s - loss: 2.4030 - accuracy: 0.1721
11/98 [==>...........................] - ETA: 1s - loss: 2.3309 - accuracy: 0.1882
15/98 [===>..........................] - ETA: 1s - loss: 2.2538 - accuracy: 0.2134
20/98 [=====>........................] - ETA: 1s - loss: 2.1965 - accuracy: 0.2338
25/98 [======>.......................] - ETA: 1s - loss: 2.1443 - accuracy: 0.2520
30/98 [========>.....................] - ETA: 1s - loss: 2.0967 - accuracy: 0.2668
35/98 [=========>....................] - ETA: 0s - loss: 2.0619 - accuracy: 0.2785
41/98 [===========>..................] - ETA: 0s - loss: 2.0253 - accuracy: 0.2903
46/98 [=============>................] - ETA: 0s - loss: 2.0006 - accuracy: 0.2986
52/98 [==============>...............] - ETA: 0s - loss: 1.9721 - accuracy: 0.3076
57/98 [================>.............] - ETA: 0s - loss: 1.9529 - accuracy: 0.3137
62/98 [=================>............] - ETA: 0s - loss: 1.9367 - accuracy: 0.3193
67/98 [===================>..........] - ETA: 0s - loss: 1.9202 - accuracy: 0.3252
72/98 [=====================>........] - ETA: 0s - loss: 1.9041 - accuracy: 0.3306
78/98 [======================>.......] - ETA: 0s - loss: 1.8874 - accuracy: 0.3365
83/98 [========================>.....] - ETA: 0s - loss: 1.8744 - accuracy: 0.3412
88/98 [=========================>....] - ETA: 0s - loss: 1.8611 - accuracy: 0.3461
93/98 [===========================>..] - ETA: 0s - loss: 1.8504 - accuracy: 0.3494
95/98 [============================>.] - ETA: 0s - loss: 1.8470 - accuracy: 0.3505
98/98 [==============================] - 9s 27ms/step - loss: 1.8408 - accuracy: 0.3524 - val_loss: 2.0129 - val_accuracy: 0.3415
Epoch 2/279

 1/98 [..............................] - ETA: 3s - loss: 1.4851 - accuracy: 0.4727
 5/98 [>.............................] - ETA: 1s - loss: 1.5130 - accuracy: 0.4602
 9/98 [=>............................] - ETA: 1s - loss: 1.5619 - accuracy: 0.4484
12/98 [==>...........................] - ETA: 1s - loss: 1.5590 - accuracy: 0.4500
16/98 [===>..........................] - ETA: 1s - loss: 1.5577 - accuracy: 0.4471
19/98 [====>.........................] - ETA: 1s - loss: 1.5547 - accuracy: 0.4473
23/98 [======>.......................] - ETA: 1s - loss: 1.5532 - accuracy: 0.4480
27/98 [=======>......................] - ETA: 1s - loss: 1.5470 - accuracy: 0.4509
31/98 [========>.....................] - ETA: 1s - loss: 1.5474 - accuracy: 0.4523
34/98 [=========>....................] - ETA: 1s - loss: 1.5457 - accuracy: 0.4527
38/98 [==========>...................] - ETA: 1s - loss: 1.5441 - accuracy: 0.4543
42/98 [===========>..................] - ETA: 1s - loss: 1.5436 - accuracy: 0.4558
45/98 [============>.................] - ETA: 0s - loss: 1.5406 - accuracy: 0.4559
49/98 [==============>...............] - ETA: 0s - loss: 1.5374 - accuracy: 0.4566
52/98 [==============>...............] - ETA: 0s - loss: 1.5348 - accuracy: 0.4587
55/98 [===============>..............] - ETA: 0s - loss: 1.5333 - accuracy: 0.4588
59/98 [=================>............] - ETA: 0s - loss: 1.5317 - accuracy: 0.4590
62/98 [=================>............] - ETA: 0s - loss: 1.5318 - accuracy: 0.4593
65/98 [==================>...........] - ETA: 0s - loss: 1.5305 - accuracy: 0.4606
69/98 [====================>.........] - ETA: 0s - loss: 1.5294 - accuracy: 0.4614
72/98 [=====================>........] - ETA: 0s - loss: 1.5279 - accuracy: 0.4620
75/98 [=====================>........] - ETA: 0s - loss: 1.5261 - accuracy: 0.4629
79/98 [=======================>......] - ETA: 0s - loss: 1.5233 - accuracy: 0.4636
82/98 [========================>.....] - ETA: 0s - loss: 1.5230 - accuracy: 0.4635
86/98 [=========================>....] - ETA: 0s - loss: 1.5207 - accuracy: 0.4638
90/98 [==========================>...] - ETA: 0s - loss: 1.5172 - accuracy: 0.4649
94/98 [===========================>..] - ETA: 0s - loss: 1.5138 - accuracy: 0.4658
97/98 [============================>.] - ETA: 0s - loss: 1.5131 - accuracy: 0.4660
98/98 [==============================] - 3s 29ms/step - loss: 1.5123 - accuracy: 0.4662 - val_loss: 1.8288 - val_accuracy: 0.4244
Epoch 3/279

 1/98 [..............................] - ETA: 4s - loss: 1.4130 - accuracy: 0.4570
 4/98 [>.............................] - ETA: 1s - loss: 1.4007 - accuracy: 0.4912
 8/98 [=>............................] - ETA: 1s - loss: 1.3837 - accuracy: 0.5066
11/98 [==>...........................] - ETA: 1s - loss: 1.4060 - accuracy: 0.5021
15/98 [===>..........................] - ETA: 1s - loss: 1.4010 - accuracy: 0.5049
18/98 [====>.........................] - ETA: 1s - loss: 1.4027 - accuracy: 0.5052
22/98 [=====>........................] - ETA: 1s - loss: 1.4050 - accuracy: 0.5046
25/98 [======>.......................] - ETA: 1s - loss: 1.3984 - accuracy: 0.5054
28/98 [=======>......................] - ETA: 1s - loss: 1.3981 - accuracy: 0.5052
32/98 [========>.....................] - ETA: 1s - loss: 1.3938 - accuracy: 0.5067
35/98 [=========>....................] - ETA: 1s - loss: 1.3981 - accuracy: 0.5055
38/98 [==========>...................] - ETA: 1s - loss: 1.3985 - accuracy: 0.5059
42/98 [===========>..................] - ETA: 1s - loss: 1.3986 - accuracy: 0.5059
45/98 [============>.................] - ETA: 0s - loss: 1.4007 - accuracy: 0.5044
49/98 [==============>...............] - ETA: 0s - loss: 1.3997 - accuracy: 0.5035
53/98 [===============>..............] - ETA: 0s - loss: 1.3961 - accuracy: 0.5042
56/98 [================>.............] - ETA: 0s - loss: 1.3938 - accuracy: 0.5059
60/98 [=================>............] - ETA: 0s - loss: 1.3942 - accuracy: 0.5052
64/98 [==================>...........] - ETA: 0s - loss: 1.3922 - accuracy: 0.5050
67/98 [===================>..........] - ETA: 0s - loss: 1.3920 - accuracy: 0.5047
70/98 [====================>.........] - ETA: 0s - loss: 1.3933 - accuracy: 0.5036
74/98 [=====================>........] - ETA: 0s - loss: 1.3905 - accuracy: 0.5044
77/98 [======================>.......] - ETA: 0s - loss: 1.3921 - accuracy: 0.5043
81/98 [=======================>......] - ETA: 0s - loss: 1.3917 - accuracy: 0.5042
84/98 [========================>.....] - ETA: 0s - loss: 1.3904 - accuracy: 0.5044
87/98 [=========================>....] - ETA: 0s - loss: 1.3881 - accuracy: 0.5055
91/98 [==========================>...] - ETA: 0s - loss: 1.3877 - accuracy: 0.5059
94/98 [===========================>..] - ETA: 0s - loss: 1.3892 - accuracy: 0.5053
98/98 [==============================] - ETA: 0s - loss: 1.3884 - accuracy: 0.5061
98/98 [==============================] - 3s 29ms/step - loss: 1.3884 - accuracy: 0.5061 - val_loss: 1.6390 - val_accuracy: 0.4684
Epoch 4/279

 1/98 [..............................] - ETA: 3s - loss: 1.2789 - accuracy: 0.5332
 5/98 [>.............................] - ETA: 1s - loss: 1.3137 - accuracy: 0.5332
 9/98 [=>............................] - ETA: 1s - loss: 1.2991 - accuracy: 0.5417
12/98 [==>...........................] - ETA: 1s - loss: 1.3048 - accuracy: 0.5400
16/98 [===>..........................] - ETA: 1s - loss: 1.3088 - accuracy: 0.5371
20/98 [=====>........................] - ETA: 1s - loss: 1.3091 - accuracy: 0.5366
23/98 [======>.......................] - ETA: 1s - loss: 1.3033 - accuracy: 0.5386
27/98 [=======>......................] - ETA: 1s - loss: 1.3036 - accuracy: 0.5371
30/98 [========>.....................] - ETA: 1s - loss: 1.3059 - accuracy: 0.5351
34/98 [=========>....................] - ETA: 1s - loss: 1.3072 - accuracy: 0.5349
37/98 [==========>...................] - ETA: 1s - loss: 1.3071 - accuracy: 0.5343
40/98 [===========>..................] - ETA: 1s - loss: 1.3062 - accuracy: 0.5346
44/98 [============>.................] - ETA: 0s - loss: 1.3068 - accuracy: 0.5342
47/98 [=============>................] - ETA: 0s - loss: 1.3060 - accuracy: 0.5347
51/98 [==============>...............] - ETA: 0s - loss: 1.3047 - accuracy: 0.5362
55/98 [===============>..............] - ETA: 0s - loss: 1.3029 - accuracy: 0.5365
58/98 [================>.............] - ETA: 0s - loss: 1.3026 - accuracy: 0.5368
61/98 [=================>............] - ETA: 0s - loss: 1.3021 - accuracy: 0.5376
65/98 [==================>...........] - ETA: 0s - loss: 1.3021 - accuracy: 0.5375
68/98 [===================>..........] - ETA: 0s - loss: 1.3024 - accuracy: 0.5373
71/98 [====================>.........] - ETA: 0s - loss: 1.3027 - accuracy: 0.5373
74/98 [=====================>........] - ETA: 0s - loss: 1.3024 - accuracy: 0.5370
78/98 [======================>.......] - ETA: 0s - loss: 1.3003 - accuracy: 0.5375
82/98 [========================>.....] - ETA: 0s - loss: 1.2991 - accuracy: 0.5382
86/98 [=========================>....] - ETA: 0s - loss: 1.2995 - accuracy: 0.5385
89/98 [==========================>...] - ETA: 0s - loss: 1.2989 - accuracy: 0.5389
92/98 [===========================>..] - ETA: 0s - loss: 1.2976 - accuracy: 0.5397
96/98 [============================>.] - ETA: 0s - loss: 1.2980 - accuracy: 0.5395
98/98 [==============================] - 3s 29ms/step - loss: 1.2973 - accuracy: 0.5396 - val_loss: 1.4702 - val_accuracy: 0.5123
Epoch 5/279

 1/98 [..............................] - ETA: 1s - loss: 1.2262 - accuracy: 0.5703
 4/98 [>.............................] - ETA: 1s - loss: 1.2014 - accuracy: 0.5801
 7/98 [=>............................] - ETA: 1s - loss: 1.2148 - accuracy: 0.5725
11/98 [==>...........................] - ETA: 1s - loss: 1.2407 - accuracy: 0.5634
14/98 [===>..........................] - ETA: 1s - loss: 1.2455 - accuracy: 0.5605
18/98 [====>.........................] - ETA: 1s - loss: 1.2389 - accuracy: 0.5599
21/98 [=====>........................] - ETA: 1s - loss: 1.2415 - accuracy: 0.5573
25/98 [======>.......................] - ETA: 1s - loss: 1.2498 - accuracy: 0.5536
29/98 [=======>......................] - ETA: 1s - loss: 1.2495 - accuracy: 0.5535
32/98 [========>.....................] - ETA: 1s - loss: 1.2494 - accuracy: 0.5543
36/98 [==========>...................] - ETA: 1s - loss: 1.2511 - accuracy: 0.5538
39/98 [==========>...................] - ETA: 1s - loss: 1.2490 - accuracy: 0.5556
42/98 [===========>..................] - ETA: 1s - loss: 1.2473 - accuracy: 0.5567
46/98 [=============>................] - ETA: 0s - loss: 1.2478 - accuracy: 0.5556
49/98 [==============>...............] - ETA: 0s - loss: 1.2471 - accuracy: 0.5561
53/98 [===============>..............] - ETA: 0s - loss: 1.2467 - accuracy: 0.5568
56/98 [================>.............] - ETA: 0s - loss: 1.2451 - accuracy: 0.5577
59/98 [=================>............] - ETA: 0s - loss: 1.2442 - accuracy: 0.5588
63/98 [==================>...........] - ETA: 0s - loss: 1.2432 - accuracy: 0.5596
66/98 [===================>..........] - ETA: 0s - loss: 1.2407 - accuracy: 0.5612
69/98 [====================>.........] - ETA: 0s - loss: 1.2406 - accuracy: 0.5607
72/98 [=====================>........] - ETA: 0s - loss: 1.2380 - accuracy: 0.5618
75/98 [=====================>........] - ETA: 0s - loss: 1.2376 - accuracy: 0.5620
79/98 [=======================>......] - ETA: 0s - loss: 1.2374 - accuracy: 0.5622
82/98 [========================>.....] - ETA: 0s - loss: 1.2371 - accuracy: 0.5625
86/98 [=========================>....] - ETA: 0s - loss: 1.2346 - accuracy: 0.5638
90/98 [==========================>...] - ETA: 0s - loss: 1.2350 - accuracy: 0.5639
93/98 [===========================>..] - ETA: 0s - loss: 1.2357 - accuracy: 0.5634
97/98 [============================>.] - ETA: 0s - loss: 1.2348 - accuracy: 0.5636
98/98 [==============================] - 3s 29ms/step - loss: 1.2343 - accuracy: 0.5637 - val_loss: 1.3738 - val_accuracy: 0.5256
Epoch 6/279

 1/98 [..............................] - ETA: 3s - loss: 1.2036 - accuracy: 0.5664
 4/98 [>.............................] - ETA: 1s - loss: 1.1986 - accuracy: 0.5723
 9/98 [=>............................] - ETA: 1s - loss: 1.1850 - accuracy: 0.5751
15/98 [===>..........................] - ETA: 1s - loss: 1.1802 - accuracy: 0.5826
20/98 [=====>........................] - ETA: 1s - loss: 1.1918 - accuracy: 0.5765
25/98 [======>.......................] - ETA: 0s - loss: 1.1989 - accuracy: 0.5752
30/98 [========>.....................] - ETA: 0s - loss: 1.1931 - accuracy: 0.5764
35/98 [=========>....................] - ETA: 0s - loss: 1.1900 - accuracy: 0.5761
41/98 [===========>..................] - ETA: 0s - loss: 1.1864 - accuracy: 0.5777
45/98 [============>.................] - ETA: 0s - loss: 1.1826 - accuracy: 0.5803
50/98 [==============>...............] - ETA: 0s - loss: 1.1803 - accuracy: 0.5814
55/98 [===============>..............] - ETA: 0s - loss: 1.1812 - accuracy: 0.5809
60/98 [=================>............] - ETA: 0s - loss: 1.1816 - accuracy: 0.5810
65/98 [==================>...........] - ETA: 0s - loss: 1.1801 - accuracy: 0.5809
71/98 [====================>.........] - ETA: 0s - loss: 1.1794 - accuracy: 0.5814
76/98 [======================>.......] - ETA: 0s - loss: 1.1790 - accuracy: 0.5826
82/98 [========================>.....] - ETA: 0s - loss: 1.1805 - accuracy: 0.5816
87/98 [=========================>....] - ETA: 0s - loss: 1.1802 - accuracy: 0.5817
92/98 [===========================>..] - ETA: 0s - loss: 1.1816 - accuracy: 0.5813
98/98 [==============================] - ETA: 0s - loss: 1.1823 - accuracy: 0.5814
98/98 [==============================] - 2s 21ms/step - loss: 1.1823 - accuracy: 0.5814 - val_loss: 1.2161 - val_accuracy: 0.5780
Epoch 7/279

 1/98 [..............................] - ETA: 3s - loss: 1.1764 - accuracy: 0.5957
 5/98 [>.............................] - ETA: 1s - loss: 1.1311 - accuracy: 0.6066
 9/98 [=>............................] - ETA: 1s - loss: 1.1333 - accuracy: 0.5987
12/98 [==>...........................] - ETA: 1s - loss: 1.1247 - accuracy: 0.5965
16/98 [===>..........................] - ETA: 1s - loss: 1.1262 - accuracy: 0.5985
20/98 [=====>........................] - ETA: 1s - loss: 1.1273 - accuracy: 0.6001
23/98 [======>.......................] - ETA: 1s - loss: 1.1241 - accuracy: 0.6032
27/98 [=======>......................] - ETA: 1s - loss: 1.1255 - accuracy: 0.6022
30/98 [========>.....................] - ETA: 1s - loss: 1.1211 - accuracy: 0.6036
34/98 [=========>....................] - ETA: 1s - loss: 1.1261 - accuracy: 0.6008
38/98 [==========>...................] - ETA: 1s - loss: 1.1254 - accuracy: 0.6029
41/98 [===========>..................] - ETA: 1s - loss: 1.1269 - accuracy: 0.6022
45/98 [============>.................] - ETA: 0s - loss: 1.1327 - accuracy: 0.6002
48/98 [=============>................] - ETA: 0s - loss: 1.1356 - accuracy: 0.5990
51/98 [==============>...............] - ETA: 0s - loss: 1.1354 - accuracy: 0.5991
55/98 [===============>..............] - ETA: 0s - loss: 1.1346 - accuracy: 0.5995
58/98 [================>.............] - ETA: 0s - loss: 1.1359 - accuracy: 0.5988
62/98 [=================>............] - ETA: 0s - loss: 1.1361 - accuracy: 0.5985
66/98 [===================>..........] - ETA: 0s - loss: 1.1369 - accuracy: 0.5981
69/98 [====================>.........] - ETA: 0s - loss: 1.1370 - accuracy: 0.5986
73/98 [=====================>........] - ETA: 0s - loss: 1.1385 - accuracy: 0.5975
77/98 [======================>.......] - ETA: 0s - loss: 1.1369 - accuracy: 0.5987
80/98 [=======================>......] - ETA: 0s - loss: 1.1373 - accuracy: 0.5989
84/98 [========================>.....] - ETA: 0s - loss: 1.1373 - accuracy: 0.5988
87/98 [=========================>....] - ETA: 0s - loss: 1.1380 - accuracy: 0.5987
90/98 [==========================>...] - ETA: 0s - loss: 1.1377 - accuracy: 0.5988
94/98 [===========================>..] - ETA: 0s - loss: 1.1370 - accuracy: 0.5992
97/98 [============================>.] - ETA: 0s - loss: 1.1364 - accuracy: 0.5999
98/98 [==============================] - 3s 29ms/step - loss: 1.1372 - accuracy: 0.5996 - val_loss: 1.1401 - val_accuracy: 0.6007
Epoch 8/279

 1/98 [..............................] - ETA: 3s - loss: 1.0715 - accuracy: 0.6328
 5/98 [>.............................] - ETA: 1s - loss: 1.0853 - accuracy: 0.6215
 8/98 [=>............................] - ETA: 1s - loss: 1.0896 - accuracy: 0.6179
12/98 [==>...........................] - ETA: 1s - loss: 1.0995 - accuracy: 0.6152
16/98 [===>..........................] - ETA: 1s - loss: 1.1045 - accuracy: 0.6125
19/98 [====>.........................] - ETA: 1s - loss: 1.1067 - accuracy: 0.6114
23/98 [======>.......................] - ETA: 1s - loss: 1.1127 - accuracy: 0.6070
27/98 [=======>......................] - ETA: 1s - loss: 1.1133 - accuracy: 0.6068
30/98 [========>.....................] - ETA: 1s - loss: 1.1074 - accuracy: 0.6098
34/98 [=========>....................] - ETA: 1s - loss: 1.1071 - accuracy: 0.6099
37/98 [==========>...................] - ETA: 1s - loss: 1.1059 - accuracy: 0.6103
41/98 [===========>..................] - ETA: 1s - loss: 1.1041 - accuracy: 0.6102
44/98 [============>.................] - ETA: 0s - loss: 1.1027 - accuracy: 0.6102
47/98 [=============>................] - ETA: 0s - loss: 1.1022 - accuracy: 0.6108
51/98 [==============>...............] - ETA: 0s - loss: 1.1021 - accuracy: 0.6104
55/98 [===============>..............] - ETA: 0s - loss: 1.1049 - accuracy: 0.6099
58/98 [================>.............] - ETA: 0s - loss: 1.1054 - accuracy: 0.6098
62/98 [=================>............] - ETA: 0s - loss: 1.1023 - accuracy: 0.6111
65/98 [==================>...........] - ETA: 0s - loss: 1.1019 - accuracy: 0.6112
68/98 [===================>..........] - ETA: 0s - loss: 1.1015 - accuracy: 0.6118
72/98 [=====================>........] - ETA: 0s - loss: 1.1018 - accuracy: 0.6110
74/98 [=====================>........] - ETA: 0s - loss: 1.1028 - accuracy: 0.6109
78/98 [======================>.......] - ETA: 0s - loss: 1.1048 - accuracy: 0.6107
81/98 [=======================>......] - ETA: 0s - loss: 1.1038 - accuracy: 0.6111
85/98 [=========================>....] - ETA: 0s - loss: 1.1026 - accuracy: 0.6120
89/98 [==========================>...] - ETA: 0s - loss: 1.1033 - accuracy: 0.6109
92/98 [===========================>..] - ETA: 0s - loss: 1.1037 - accuracy: 0.6106
96/98 [============================>.] - ETA: 0s - loss: 1.1040 - accuracy: 0.6103
98/98 [==============================] - 3s 29ms/step - loss: 1.1038 - accuracy: 0.6105 - val_loss: 1.0959 - val_accuracy: 0.6187
Epoch 9/279

 1/98 [..............................] - ETA: 3s - loss: 0.9534 - accuracy: 0.6660
 4/98 [>.............................] - ETA: 1s - loss: 1.0625 - accuracy: 0.6406
 7/98 [=>............................] - ETA: 1s - loss: 1.0553 - accuracy: 0.6334
11/98 [==>...........................] - ETA: 1s - loss: 1.0640 - accuracy: 0.6312
14/98 [===>..........................] - ETA: 1s - loss: 1.0603 - accuracy: 0.6316
18/98 [====>.........................] - ETA: 1s - loss: 1.0657 - accuracy: 0.6283
21/98 [=====>........................] - ETA: 1s - loss: 1.0678 - accuracy: 0.6273
25/98 [======>.......................] - ETA: 1s - loss: 1.0665 - accuracy: 0.6266
28/98 [=======>......................] - ETA: 1s - loss: 1.0691 - accuracy: 0.6244
31/98 [========>.....................] - ETA: 1s - loss: 1.0701 - accuracy: 0.6224
35/98 [=========>....................] - ETA: 1s - loss: 1.0704 - accuracy: 0.6244
38/98 [==========>...................] - ETA: 1s - loss: 1.0709 - accuracy: 0.6240
42/98 [===========>..................] - ETA: 1s - loss: 1.0699 - accuracy: 0.6249
45/98 [============>.................] - ETA: 0s - loss: 1.0694 - accuracy: 0.6248
49/98 [==============>...............] - ETA: 0s - loss: 1.0671 - accuracy: 0.6255
53/98 [===============>..............] - ETA: 0s - loss: 1.0685 - accuracy: 0.6245
56/98 [================>.............] - ETA: 0s - loss: 1.0684 - accuracy: 0.6244
59/98 [=================>............] - ETA: 0s - loss: 1.0658 - accuracy: 0.6255
63/98 [==================>...........] - ETA: 0s - loss: 1.0678 - accuracy: 0.6250
66/98 [===================>..........] - ETA: 0s - loss: 1.0675 - accuracy: 0.6248
70/98 [====================>.........] - ETA: 0s - loss: 1.0662 - accuracy: 0.6256
74/98 [=====================>........] - ETA: 0s - loss: 1.0671 - accuracy: 0.6254
77/98 [======================>.......] - ETA: 0s - loss: 1.0668 - accuracy: 0.6259
80/98 [=======================>......] - ETA: 0s - loss: 1.0673 - accuracy: 0.6254
83/98 [========================>.....] - ETA: 0s - loss: 1.0678 - accuracy: 0.6249
86/98 [=========================>....] - ETA: 0s - loss: 1.0683 - accuracy: 0.6247
90/98 [==========================>...] - ETA: 0s - loss: 1.0680 - accuracy: 0.6243
93/98 [===========================>..] - ETA: 0s - loss: 1.0668 - accuracy: 0.6243
97/98 [============================>.] - ETA: 0s - loss: 1.0671 - accuracy: 0.6240
98/98 [==============================] - 3s 29ms/step - loss: 1.0669 - accuracy: 0.6241 - val_loss: 1.1032 - val_accuracy: 0.6141
Epoch 10/279

 1/98 [..............................] - ETA: 3s - loss: 1.0336 - accuracy: 0.6543
 5/98 [>.............................] - ETA: 1s - loss: 1.0185 - accuracy: 0.6465
 8/98 [=>............................] - ETA: 1s - loss: 1.0296 - accuracy: 0.6399
11/98 [==>...........................] - ETA: 1s - loss: 1.0392 - accuracy: 0.6394
14/98 [===>..........................] - ETA: 1s - loss: 1.0476 - accuracy: 0.6345
18/98 [====>.........................] - ETA: 1s - loss: 1.0475 - accuracy: 0.6331
21/98 [=====>........................] - ETA: 1s - loss: 1.0431 - accuracy: 0.6345
25/98 [======>.......................] - ETA: 1s - loss: 1.0403 - accuracy: 0.6351
29/98 [=======>......................] - ETA: 1s - loss: 1.0377 - accuracy: 0.6348
32/98 [========>.....................] - ETA: 1s - loss: 1.0381 - accuracy: 0.6354
36/98 [==========>...................] - ETA: 1s - loss: 1.0381 - accuracy: 0.6363
39/98 [==========>...................] - ETA: 1s - loss: 1.0404 - accuracy: 0.6361
42/98 [===========>..................] - ETA: 1s - loss: 1.0413 - accuracy: 0.6363
46/98 [=============>................] - ETA: 0s - loss: 1.0433 - accuracy: 0.6348
49/98 [==============>...............] - ETA: 0s - loss: 1.0448 - accuracy: 0.6343
52/98 [==============>...............] - ETA: 0s - loss: 1.0450 - accuracy: 0.6343
56/98 [================>.............] - ETA: 0s - loss: 1.0436 - accuracy: 0.6344
59/98 [=================>............] - ETA: 0s - loss: 1.0403 - accuracy: 0.6352
63/98 [==================>...........] - ETA: 0s - loss: 1.0382 - accuracy: 0.6356
67/98 [===================>..........] - ETA: 0s - loss: 1.0369 - accuracy: 0.6354
70/98 [====================>.........] - ETA: 0s - loss: 1.0371 - accuracy: 0.6356
73/98 [=====================>........] - ETA: 0s - loss: 1.0360 - accuracy: 0.6355
76/98 [======================>.......] - ETA: 0s - loss: 1.0351 - accuracy: 0.6361
79/98 [=======================>......] - ETA: 0s - loss: 1.0349 - accuracy: 0.6361
83/98 [========================>.....] - ETA: 0s - loss: 1.0349 - accuracy: 0.6359
87/98 [=========================>....] - ETA: 0s - loss: 1.0362 - accuracy: 0.6356
90/98 [==========================>...] - ETA: 0s - loss: 1.0351 - accuracy: 0.6361
93/98 [===========================>..] - ETA: 0s - loss: 1.0364 - accuracy: 0.6357
96/98 [============================>.] - ETA: 0s - loss: 1.0370 - accuracy: 0.6355
98/98 [==============================] - 3s 29ms/step - loss: 1.0371 - accuracy: 0.6352 - val_loss: 1.0592 - val_accuracy: 0.6318
Epoch 11/279

 1/98 [..............................] - ETA: 3s - loss: 1.0615 - accuracy: 0.6035
 4/98 [>.............................] - ETA: 1s - loss: 1.0019 - accuracy: 0.6445
 8/98 [=>............................] - ETA: 1s - loss: 1.0057 - accuracy: 0.6455
11/98 [==>...........................] - ETA: 1s - loss: 1.0062 - accuracy: 0.6440
15/98 [===>..........................] - ETA: 1s - loss: 1.0082 - accuracy: 0.6428
19/98 [====>.........................] - ETA: 1s - loss: 1.0124 - accuracy: 0.6412
22/98 [=====>........................] - ETA: 1s - loss: 1.0122 - accuracy: 0.6437
26/98 [======>.......................] - ETA: 1s - loss: 1.0160 - accuracy: 0.6440
30/98 [========>.....................] - ETA: 1s - loss: 1.0119 - accuracy: 0.6464
33/98 [=========>....................] - ETA: 1s - loss: 1.0156 - accuracy: 0.6449
36/98 [==========>...................] - ETA: 1s - loss: 1.0133 - accuracy: 0.6460
40/98 [===========>..................] - ETA: 1s - loss: 1.0099 - accuracy: 0.6477
45/98 [============>.................] - ETA: 0s - loss: 1.0075 - accuracy: 0.6490
51/98 [==============>...............] - ETA: 0s - loss: 1.0055 - accuracy: 0.6499
56/98 [================>.............] - ETA: 0s - loss: 1.0072 - accuracy: 0.6485
61/98 [=================>............] - ETA: 0s - loss: 1.0074 - accuracy: 0.6489
67/98 [===================>..........] - ETA: 0s - loss: 1.0072 - accuracy: 0.6487
72/98 [=====================>........] - ETA: 0s - loss: 1.0052 - accuracy: 0.6486
78/98 [======================>.......] - ETA: 0s - loss: 1.0064 - accuracy: 0.6483
82/98 [========================>.....] - ETA: 0s - loss: 1.0066 - accuracy: 0.6480
87/98 [=========================>....] - ETA: 0s - loss: 1.0067 - accuracy: 0.6478
92/98 [===========================>..] - ETA: 0s - loss: 1.0075 - accuracy: 0.6473
97/98 [============================>.] - ETA: 0s - loss: 1.0082 - accuracy: 0.6474
98/98 [==============================] - 2s 22ms/step - loss: 1.0081 - accuracy: 0.6474 - val_loss: 1.0493 - val_accuracy: 0.6323
Epoch 12/279

 1/98 [..............................] - ETA: 3s - loss: 0.9577 - accuracy: 0.6660
 5/98 [>.............................] - ETA: 1s - loss: 0.9838 - accuracy: 0.6502
 9/98 [=>............................] - ETA: 1s - loss: 0.9874 - accuracy: 0.6534
13/98 [==>...........................] - ETA: 1s - loss: 0.9873 - accuracy: 0.6517
17/98 [====>.........................] - ETA: 1s - loss: 0.9804 - accuracy: 0.6567
20/98 [=====>........................] - ETA: 1s - loss: 0.9790 - accuracy: 0.6568
23/98 [======>.......................] - ETA: 1s - loss: 0.9760 - accuracy: 0.6577
27/98 [=======>......................] - ETA: 1s - loss: 0.9807 - accuracy: 0.6557
30/98 [========>.....................] - ETA: 1s - loss: 0.9824 - accuracy: 0.6552
34/98 [=========>....................] - ETA: 1s - loss: 0.9819 - accuracy: 0.6553
37/98 [==========>...................] - ETA: 1s - loss: 0.9774 - accuracy: 0.6566
41/98 [===========>..................] - ETA: 1s - loss: 0.9769 - accuracy: 0.6570
45/98 [============>.................] - ETA: 0s - loss: 0.9769 - accuracy: 0.6574
48/98 [=============>................] - ETA: 0s - loss: 0.9760 - accuracy: 0.6584
51/98 [==============>...............] - ETA: 0s - loss: 0.9773 - accuracy: 0.6582
55/98 [===============>..............] - ETA: 0s - loss: 0.9771 - accuracy: 0.6581
58/98 [================>.............] - ETA: 0s - loss: 0.9803 - accuracy: 0.6569
62/98 [=================>............] - ETA: 0s - loss: 0.9819 - accuracy: 0.6561
65/98 [==================>...........] - ETA: 0s - loss: 0.9822 - accuracy: 0.6563
69/98 [====================>.........] - ETA: 0s - loss: 0.9824 - accuracy: 0.6564
73/98 [=====================>........] - ETA: 0s - loss: 0.9868 - accuracy: 0.6546
77/98 [======================>.......] - ETA: 0s - loss: 0.9878 - accuracy: 0.6544
80/98 [=======================>......] - ETA: 0s - loss: 0.9863 - accuracy: 0.6549
84/98 [========================>.....] - ETA: 0s - loss: 0.9852 - accuracy: 0.6556
88/98 [=========================>....] - ETA: 0s - loss: 0.9856 - accuracy: 0.6551
91/98 [==========================>...] - ETA: 0s - loss: 0.9848 - accuracy: 0.6550
95/98 [============================>.] - ETA: 0s - loss: 0.9866 - accuracy: 0.6545
98/98 [==============================] - 3s 29ms/step - loss: 0.9870 - accuracy: 0.6545 - val_loss: 1.0349 - val_accuracy: 0.6394
Epoch 13/279

 1/98 [..............................] - ETA: 3s - loss: 1.0505 - accuracy: 0.6406
 4/98 [>.............................] - ETA: 1s - loss: 0.9722 - accuracy: 0.6611
 7/98 [=>............................] - ETA: 1s - loss: 0.9684 - accuracy: 0.6618
11/98 [==>...........................] - ETA: 1s - loss: 0.9589 - accuracy: 0.6600
14/98 [===>..........................] - ETA: 1s - loss: 0.9598 - accuracy: 0.6597
18/98 [====>.........................] - ETA: 1s - loss: 0.9616 - accuracy: 0.6571
22/98 [=====>........................] - ETA: 1s - loss: 0.9572 - accuracy: 0.6590
25/98 [======>.......................] - ETA: 1s - loss: 0.9555 - accuracy: 0.6588
28/98 [=======>......................] - ETA: 1s - loss: 0.9579 - accuracy: 0.6590
32/98 [========>.....................] - ETA: 1s - loss: 0.9604 - accuracy: 0.6586
35/98 [=========>....................] - ETA: 1s - loss: 0.9627 - accuracy: 0.6570
38/98 [==========>...................] - ETA: 1s - loss: 0.9652 - accuracy: 0.6558
42/98 [===========>..................] - ETA: 1s - loss: 0.9629 - accuracy: 0.6577
45/98 [============>.................] - ETA: 0s - loss: 0.9633 - accuracy: 0.6583
49/98 [==============>...............] - ETA: 0s - loss: 0.9631 - accuracy: 0.6593
53/98 [===============>..............] - ETA: 0s - loss: 0.9613 - accuracy: 0.6606
56/98 [================>.............] - ETA: 0s - loss: 0.9621 - accuracy: 0.6604
60/98 [=================>............] - ETA: 0s - loss: 0.9626 - accuracy: 0.6601
63/98 [==================>...........] - ETA: 0s - loss: 0.9625 - accuracy: 0.6603
67/98 [===================>..........] - ETA: 0s - loss: 0.9629 - accuracy: 0.6608
70/98 [====================>.........] - ETA: 0s - loss: 0.9634 - accuracy: 0.6603
74/98 [=====================>........] - ETA: 0s - loss: 0.9645 - accuracy: 0.6593
77/98 [======================>.......] - ETA: 0s - loss: 0.9648 - accuracy: 0.6595
81/98 [=======================>......] - ETA: 0s - loss: 0.9644 - accuracy: 0.6601
84/98 [========================>.....] - ETA: 0s - loss: 0.9654 - accuracy: 0.6597
88/98 [=========================>....] - ETA: 0s - loss: 0.9652 - accuracy: 0.6596
92/98 [===========================>..] - ETA: 0s - loss: 0.9647 - accuracy: 0.6596
95/98 [============================>.] - ETA: 0s - loss: 0.9665 - accuracy: 0.6589
98/98 [==============================] - 3s 29ms/step - loss: 0.9662 - accuracy: 0.6593 - val_loss: 1.0172 - val_accuracy: 0.6463
Epoch 14/279

 1/98 [..............................] - ETA: 4s - loss: 0.9341 - accuracy: 0.6855
 5/98 [>.............................] - ETA: 1s - loss: 0.9175 - accuracy: 0.6867
 9/98 [=>............................] - ETA: 1s - loss: 0.9303 - accuracy: 0.6760
12/98 [==>...........................] - ETA: 1s - loss: 0.9280 - accuracy: 0.6733
15/98 [===>..........................] - ETA: 1s - loss: 0.9301 - accuracy: 0.6755
19/98 [====>.........................] - ETA: 1s - loss: 0.9304 - accuracy: 0.6760
22/98 [=====>........................] - ETA: 1s - loss: 0.9325 - accuracy: 0.6744
26/98 [======>.......................] - ETA: 1s - loss: 0.9309 - accuracy: 0.6745
30/98 [========>.....................] - ETA: 1s - loss: 0.9285 - accuracy: 0.6762
33/98 [=========>....................] - ETA: 1s - loss: 0.9371 - accuracy: 0.6728
37/98 [==========>...................] - ETA: 1s - loss: 0.9353 - accuracy: 0.6727
40/98 [===========>..................] - ETA: 1s - loss: 0.9388 - accuracy: 0.6712
44/98 [============>.................] - ETA: 0s - loss: 0.9386 - accuracy: 0.6715
47/98 [=============>................] - ETA: 0s - loss: 0.9403 - accuracy: 0.6708
51/98 [==============>...............] - ETA: 0s - loss: 0.9390 - accuracy: 0.6710
54/98 [===============>..............] - ETA: 0s - loss: 0.9426 - accuracy: 0.6696
57/98 [================>.............] - ETA: 0s - loss: 0.9426 - accuracy: 0.6688
61/98 [=================>............] - ETA: 0s - loss: 0.9406 - accuracy: 0.6699
64/98 [==================>...........] - ETA: 0s - loss: 0.9418 - accuracy: 0.6693
67/98 [===================>..........] - ETA: 0s - loss: 0.9399 - accuracy: 0.6700
71/98 [====================>.........] - ETA: 0s - loss: 0.9389 - accuracy: 0.6701
74/98 [=====================>........] - ETA: 0s - loss: 0.9403 - accuracy: 0.6696
78/98 [======================>.......] - ETA: 0s - loss: 0.9388 - accuracy: 0.6712
81/98 [=======================>......] - ETA: 0s - loss: 0.9392 - accuracy: 0.6704
85/98 [=========================>....] - ETA: 0s - loss: 0.9386 - accuracy: 0.6704
88/98 [=========================>....] - ETA: 0s - loss: 0.9394 - accuracy: 0.6703
92/98 [===========================>..] - ETA: 0s - loss: 0.9420 - accuracy: 0.6697
95/98 [============================>.] - ETA: 0s - loss: 0.9409 - accuracy: 0.6702
98/98 [==============================] - ETA: 0s - loss: 0.9399 - accuracy: 0.6707
98/98 [==============================] - 3s 29ms/step - loss: 0.9399 - accuracy: 0.6707 - val_loss: 1.0124 - val_accuracy: 0.6452
Epoch 15/279

 1/98 [..............................] - ETA: 3s - loss: 0.8935 - accuracy: 0.6836
 5/98 [>.............................] - ETA: 1s - loss: 0.9259 - accuracy: 0.6793
 9/98 [=>............................] - ETA: 1s - loss: 0.9111 - accuracy: 0.6903
12/98 [==>...........................] - ETA: 1s - loss: 0.9112 - accuracy: 0.6899
16/98 [===>..........................] - ETA: 1s - loss: 0.9067 - accuracy: 0.6879
19/98 [====>.........................] - ETA: 1s - loss: 0.9070 - accuracy: 0.6871
23/98 [======>.......................] - ETA: 1s - loss: 0.9101 - accuracy: 0.6862
26/98 [======>.......................] - ETA: 1s - loss: 0.9122 - accuracy: 0.6854
30/98 [========>.....................] - ETA: 1s - loss: 0.9098 - accuracy: 0.6848
33/98 [=========>....................] - ETA: 1s - loss: 0.9125 - accuracy: 0.6831
36/98 [==========>...................] - ETA: 1s - loss: 0.9097 - accuracy: 0.6842
40/98 [===========>..................] - ETA: 1s - loss: 0.9089 - accuracy: 0.6851
43/98 [============>.................] - ETA: 1s - loss: 0.9123 - accuracy: 0.6835
47/98 [=============>................] - ETA: 0s - loss: 0.9129 - accuracy: 0.6836
51/98 [==============>...............] - ETA: 0s - loss: 0.9117 - accuracy: 0.6837
54/98 [===============>..............] - ETA: 0s - loss: 0.9128 - accuracy: 0.6831
58/98 [================>.............] - ETA: 0s - loss: 0.9139 - accuracy: 0.6821
62/98 [=================>............] - ETA: 0s - loss: 0.9153 - accuracy: 0.6812
65/98 [==================>...........] - ETA: 0s - loss: 0.9164 - accuracy: 0.6812
69/98 [====================>.........] - ETA: 0s - loss: 0.9158 - accuracy: 0.6811
72/98 [=====================>........] - ETA: 0s - loss: 0.9173 - accuracy: 0.6804
76/98 [======================>.......] - ETA: 0s - loss: 0.9192 - accuracy: 0.6797
80/98 [=======================>......] - ETA: 0s - loss: 0.9184 - accuracy: 0.6798
84/98 [========================>.....] - ETA: 0s - loss: 0.9193 - accuracy: 0.6796
87/98 [=========================>....] - ETA: 0s - loss: 0.9213 - accuracy: 0.6787
91/98 [==========================>...] - ETA: 0s - loss: 0.9217 - accuracy: 0.6786
95/98 [============================>.] - ETA: 0s - loss: 0.9219 - accuracy: 0.6784
98/98 [==============================] - ETA: 0s - loss: 0.9233 - accuracy: 0.6775
98/98 [==============================] - 3s 29ms/step - loss: 0.9233 - accuracy: 0.6775 - val_loss: 1.0066 - val_accuracy: 0.6509
Epoch 16/279

 1/98 [..............................] - ETA: 4s - loss: 0.8835 - accuracy: 0.6914
 5/98 [>.............................] - ETA: 1s - loss: 0.8857 - accuracy: 0.6949
 8/98 [=>............................] - ETA: 1s - loss: 0.8881 - accuracy: 0.6943
12/98 [==>...........................] - ETA: 1s - loss: 0.8813 - accuracy: 0.6922
15/98 [===>..........................] - ETA: 1s - loss: 0.8771 - accuracy: 0.6934
19/98 [====>.........................] - ETA: 1s - loss: 0.8957 - accuracy: 0.6870
22/98 [=====>........................] - ETA: 1s - loss: 0.8989 - accuracy: 0.6863
25/98 [======>.......................] - ETA: 1s - loss: 0.9040 - accuracy: 0.6869
29/98 [=======>......................] - ETA: 1s - loss: 0.9032 - accuracy: 0.6853
32/98 [========>.....................] - ETA: 1s - loss: 0.9046 - accuracy: 0.6851
36/98 [==========>...................] - ETA: 1s - loss: 0.9070 - accuracy: 0.6830
40/98 [===========>..................] - ETA: 1s - loss: 0.9082 - accuracy: 0.6827
43/98 [============>.................] - ETA: 1s - loss: 0.9060 - accuracy: 0.6832
47/98 [=============>................] - ETA: 0s - loss: 0.9046 - accuracy: 0.6843
51/98 [==============>...............] - ETA: 0s - loss: 0.9054 - accuracy: 0.6838
54/98 [===============>..............] - ETA: 0s - loss: 0.9024 - accuracy: 0.6844
