2024-07-26 18:58:39.901478: I tensorflow/core/platform/cpu_feature_guard.cc:193] This TensorFlow binary is optimized with oneAPI Deep Neural Network Library (oneDNN) to use the following CPU instructions in performance-critical operations:  AVX AVX2
To enable them in other operations, rebuild TensorFlow with the appropriate compiler flags.
2024-07-26 18:58:40.338084: I tensorflow/core/common_runtime/gpu/gpu_device.cc:1616] Created device /job:localhost/replica:0/task:0/device:GPU:0 with 6656 MB memory:  -> device: 0, name: NVIDIA GeForce RTX 4060 Ti, pci bus id: 0000:01:00.0, compute capability: 8.9
1 Physical GPUs, 1 Logical GPUs
Model: "sequential"
_________________________________________________________________
 Layer (type)                Output Shape              Param #   
=================================================================
 conv2d (Conv2D)             (None, 32, 32, 32)        896       
                                                                 
 dropout (Dropout)           (None, 32, 32, 32)        0         
                                                                 
 flatten (Flatten)           (None, 32768)             0         
                                                                 
 dense (Dense)               (None, 66)                2162754   
                                                                 
 dropout_1 (Dropout)         (None, 66)                0         
                                                                 
 dense_1 (Dense)             (None, 82)                5494      
                                                                 
 dropout_2 (Dropout)         (None, 82)                0         
                                                                 
 dense_2 (Dense)             (None, 10)                830       
                                                                 
=================================================================
Total params: 2,169,974
Trainable params: 2,169,974
Non-trainable params: 0
_________________________________________________________________
Taxa de aprendizado:  0.01 Num de épocas:  194 Tamanho do lote:  512 Dropout:  0.26
Epoch 1/194
2024-07-26 18:58:41.423095: I tensorflow/stream_executor/cuda/cuda_dnn.cc:384] Loaded cuDNN version 8100
2024-07-26 18:58:42.124014: W tensorflow/stream_executor/gpu/redzone_allocator.cc:314] INTERNAL: ptxas exited with non-zero error code -1, output: 
Relying on driver to perform ptx compilation. 
Modify $PATH to customize ptxas location.
This message will be only logged once.
2024-07-26 18:58:42.670651: I tensorflow/stream_executor/cuda/cuda_blas.cc:1614] TensorFloat-32 will be used for the matrix multiplication. This will only be logged once.

 1/98 [..............................] - ETA: 3:37 - loss: 2.3655 - accuracy: 0.1152
 7/98 [=>............................] - ETA: 0s - loss: 2.6012 - accuracy: 0.1152  
13/98 [==>...........................] - ETA: 0s - loss: 2.5305 - accuracy: 0.1164
19/98 [====>.........................] - ETA: 0s - loss: 2.4731 - accuracy: 0.1267
25/98 [======>.......................] - ETA: 0s - loss: 2.4221 - accuracy: 0.1345
31/98 [========>.....................] - ETA: 0s - loss: 2.3815 - accuracy: 0.1421
35/98 [=========>....................] - ETA: 0s - loss: 2.3647 - accuracy: 0.1451
41/98 [===========>..................] - ETA: 0s - loss: 2.3350 - accuracy: 0.1517
47/98 [=============>................] - ETA: 0s - loss: 2.3069 - accuracy: 0.1585
54/98 [===============>..............] - ETA: 0s - loss: 2.2802 - accuracy: 0.1664
60/98 [=================>............] - ETA: 0s - loss: 2.2627 - accuracy: 0.1718
66/98 [===================>..........] - ETA: 0s - loss: 2.2477 - accuracy: 0.1769
71/98 [====================>.........] - ETA: 0s - loss: 2.2319 - accuracy: 0.1815
77/98 [======================>.......] - ETA: 0s - loss: 2.2117 - accuracy: 0.1881
83/98 [========================>.....] - ETA: 0s - loss: 2.1919 - accuracy: 0.1942
89/98 [==========================>...] - ETA: 0s - loss: 2.1767 - accuracy: 0.1989
96/98 [============================>.] - ETA: 0s - loss: 2.1587 - accuracy: 0.2048
98/98 [==============================] - 4s 17ms/step - loss: 2.1533 - accuracy: 0.2068 - val_loss: 1.8924 - val_accuracy: 0.3036
Epoch 2/194

 1/98 [..............................] - ETA: 1s - loss: 1.9068 - accuracy: 0.3047
 7/98 [=>............................] - ETA: 0s - loss: 1.9281 - accuracy: 0.2814
13/98 [==>...........................] - ETA: 0s - loss: 1.9136 - accuracy: 0.2830
19/98 [====>.........................] - ETA: 0s - loss: 1.9085 - accuracy: 0.2876
25/98 [======>.......................] - ETA: 0s - loss: 1.8912 - accuracy: 0.2958
31/98 [========>.....................] - ETA: 0s - loss: 1.8738 - accuracy: 0.3037
38/98 [==========>...................] - ETA: 0s - loss: 1.8613 - accuracy: 0.3115
44/98 [============>.................] - ETA: 0s - loss: 1.8505 - accuracy: 0.3161
50/98 [==============>...............] - ETA: 0s - loss: 1.8438 - accuracy: 0.3207
57/98 [================>.............] - ETA: 0s - loss: 1.8354 - accuracy: 0.3245
63/98 [==================>...........] - ETA: 0s - loss: 1.8318 - accuracy: 0.3255
69/98 [====================>.........] - ETA: 0s - loss: 1.8313 - accuracy: 0.3273
74/98 [=====================>........] - ETA: 0s - loss: 1.8281 - accuracy: 0.3296
80/98 [=======================>......] - ETA: 0s - loss: 1.8239 - accuracy: 0.3313
87/98 [=========================>....] - ETA: 0s - loss: 1.8180 - accuracy: 0.3339
93/98 [===========================>..] - ETA: 0s - loss: 1.8130 - accuracy: 0.3349
98/98 [==============================] - 1s 15ms/step - loss: 1.8088 - accuracy: 0.3365 - val_loss: 1.6370 - val_accuracy: 0.3977
Epoch 3/194

 1/98 [..............................] - ETA: 3s - loss: 1.7458 - accuracy: 0.3574
 6/98 [>.............................] - ETA: 0s - loss: 1.7093 - accuracy: 0.3799
12/98 [==>...........................] - ETA: 0s - loss: 1.7165 - accuracy: 0.3734
18/98 [====>.........................] - ETA: 0s - loss: 1.7132 - accuracy: 0.3738
24/98 [======>.......................] - ETA: 0s - loss: 1.7042 - accuracy: 0.3745
31/98 [========>.....................] - ETA: 0s - loss: 1.7054 - accuracy: 0.3725
37/98 [==========>...................] - ETA: 0s - loss: 1.7016 - accuracy: 0.3753
44/98 [============>.................] - ETA: 0s - loss: 1.7026 - accuracy: 0.3790
50/98 [==============>...............] - ETA: 0s - loss: 1.7001 - accuracy: 0.3796
57/98 [================>.............] - ETA: 0s - loss: 1.7000 - accuracy: 0.3799
63/98 [==================>...........] - ETA: 0s - loss: 1.6969 - accuracy: 0.3820
69/98 [====================>.........] - ETA: 0s - loss: 1.6965 - accuracy: 0.3825
76/98 [======================>.......] - ETA: 0s - loss: 1.6934 - accuracy: 0.3841
81/98 [=======================>......] - ETA: 0s - loss: 1.6928 - accuracy: 0.3842
88/98 [=========================>....] - ETA: 0s - loss: 1.6890 - accuracy: 0.3862
94/98 [===========================>..] - ETA: 0s - loss: 1.6884 - accuracy: 0.3869
98/98 [==============================] - 1s 14ms/step - loss: 1.6882 - accuracy: 0.3866 - val_loss: 1.5369 - val_accuracy: 0.4400
Epoch 4/194

 1/98 [..............................] - ETA: 3s - loss: 1.6074 - accuracy: 0.4141
 6/98 [>.............................] - ETA: 1s - loss: 1.6384 - accuracy: 0.3942
12/98 [==>...........................] - ETA: 0s - loss: 1.6272 - accuracy: 0.4006
18/98 [====>.........................] - ETA: 0s - loss: 1.6235 - accuracy: 0.4048
25/98 [======>.......................] - ETA: 0s - loss: 1.6150 - accuracy: 0.4085
31/98 [========>.....................] - ETA: 0s - loss: 1.6195 - accuracy: 0.4073
37/98 [==========>...................] - ETA: 0s - loss: 1.6314 - accuracy: 0.4050
43/98 [============>.................] - ETA: 0s - loss: 1.6365 - accuracy: 0.4029
49/98 [==============>...............] - ETA: 0s - loss: 1.6389 - accuracy: 0.4029
56/98 [================>.............] - ETA: 0s - loss: 1.6365 - accuracy: 0.4055
62/98 [=================>............] - ETA: 0s - loss: 1.6349 - accuracy: 0.4074
68/98 [===================>..........] - ETA: 0s - loss: 1.6319 - accuracy: 0.4094
74/98 [=====================>........] - ETA: 0s - loss: 1.6319 - accuracy: 0.4094
81/98 [=======================>......] - ETA: 0s - loss: 1.6307 - accuracy: 0.4097
87/98 [=========================>....] - ETA: 0s - loss: 1.6282 - accuracy: 0.4112
93/98 [===========================>..] - ETA: 0s - loss: 1.6261 - accuracy: 0.4127
98/98 [==============================] - 1s 14ms/step - loss: 1.6245 - accuracy: 0.4134 - val_loss: 1.5068 - val_accuracy: 0.4607
Epoch 5/194

 1/98 [..............................] - ETA: 1s - loss: 1.6262 - accuracy: 0.4277
 6/98 [>.............................] - ETA: 1s - loss: 1.5864 - accuracy: 0.4307
13/98 [==>...........................] - ETA: 0s - loss: 1.5833 - accuracy: 0.4375
19/98 [====>.........................] - ETA: 0s - loss: 1.5748 - accuracy: 0.4411
25/98 [======>.......................] - ETA: 0s - loss: 1.5807 - accuracy: 0.4351
32/98 [========>.....................] - ETA: 0s - loss: 1.5808 - accuracy: 0.4334
38/98 [==========>...................] - ETA: 0s - loss: 1.5858 - accuracy: 0.4310
45/98 [============>.................] - ETA: 0s - loss: 1.5864 - accuracy: 0.4313
51/98 [==============>...............] - ETA: 0s - loss: 1.5893 - accuracy: 0.4312
57/98 [================>.............] - ETA: 0s - loss: 1.5895 - accuracy: 0.4306
64/98 [==================>...........] - ETA: 0s - loss: 1.5885 - accuracy: 0.4301
70/98 [====================>.........] - ETA: 0s - loss: 1.5909 - accuracy: 0.4274
77/98 [======================>.......] - ETA: 0s - loss: 1.5920 - accuracy: 0.4278
83/98 [========================>.....] - ETA: 0s - loss: 1.5907 - accuracy: 0.4287
89/98 [==========================>...] - ETA: 0s - loss: 1.5914 - accuracy: 0.4292
96/98 [============================>.] - ETA: 0s - loss: 1.5889 - accuracy: 0.4304
98/98 [==============================] - 1s 14ms/step - loss: 1.5906 - accuracy: 0.4300 - val_loss: 1.5009 - val_accuracy: 0.4668
Epoch 6/194

 1/98 [..............................] - ETA: 1s - loss: 1.6017 - accuracy: 0.4316
 7/98 [=>............................] - ETA: 0s - loss: 1.5998 - accuracy: 0.4308
13/98 [==>...........................] - ETA: 0s - loss: 1.5673 - accuracy: 0.4364
19/98 [====>.........................] - ETA: 0s - loss: 1.5560 - accuracy: 0.4361
25/98 [======>.......................] - ETA: 0s - loss: 1.5471 - accuracy: 0.4391
32/98 [========>.....................] - ETA: 0s - loss: 1.5485 - accuracy: 0.4402
38/98 [==========>...................] - ETA: 0s - loss: 1.5472 - accuracy: 0.4399
45/98 [============>.................] - ETA: 0s - loss: 1.5441 - accuracy: 0.4409
51/98 [==============>...............] - ETA: 0s - loss: 1.5436 - accuracy: 0.4425
57/98 [================>.............] - ETA: 0s - loss: 1.5404 - accuracy: 0.4448
64/98 [==================>...........] - ETA: 0s - loss: 1.5364 - accuracy: 0.4462
70/98 [====================>.........] - ETA: 0s - loss: 1.5351 - accuracy: 0.4467
76/98 [======================>.......] - ETA: 0s - loss: 1.5363 - accuracy: 0.4474
82/98 [========================>.....] - ETA: 0s - loss: 1.5381 - accuracy: 0.4464
88/98 [=========================>....] - ETA: 0s - loss: 1.5401 - accuracy: 0.4458
94/98 [===========================>..] - ETA: 0s - loss: 1.5414 - accuracy: 0.4459
98/98 [==============================] - 1s 14ms/step - loss: 1.5403 - accuracy: 0.4472 - val_loss: 1.4760 - val_accuracy: 0.4694
Epoch 7/194

 1/98 [..............................] - ETA: 1s - loss: 1.5971 - accuracy: 0.4219
 7/98 [=>............................] - ETA: 0s - loss: 1.5131 - accuracy: 0.4559
12/98 [==>...........................] - ETA: 0s - loss: 1.4911 - accuracy: 0.4595
18/98 [====>.........................] - ETA: 0s - loss: 1.4835 - accuracy: 0.4615
24/98 [======>.......................] - ETA: 0s - loss: 1.5003 - accuracy: 0.4576
30/98 [========>.....................] - ETA: 0s - loss: 1.5018 - accuracy: 0.4587
36/98 [==========>...................] - ETA: 0s - loss: 1.5011 - accuracy: 0.4618
43/98 [============>.................] - ETA: 0s - loss: 1.4995 - accuracy: 0.4622
49/98 [==============>...............] - ETA: 0s - loss: 1.5077 - accuracy: 0.4577
56/98 [================>.............] - ETA: 0s - loss: 1.5159 - accuracy: 0.4543
62/98 [=================>............] - ETA: 0s - loss: 1.5180 - accuracy: 0.4548
68/98 [===================>..........] - ETA: 0s - loss: 1.5159 - accuracy: 0.4557
75/98 [=====================>........] - ETA: 0s - loss: 1.5145 - accuracy: 0.4562
80/98 [=======================>......] - ETA: 0s - loss: 1.5134 - accuracy: 0.4575
85/98 [=========================>....] - ETA: 0s - loss: 1.5119 - accuracy: 0.4586
91/98 [==========================>...] - ETA: 0s - loss: 1.5114 - accuracy: 0.4585
96/98 [============================>.] - ETA: 0s - loss: 1.5132 - accuracy: 0.4584
98/98 [==============================] - 1s 15ms/step - loss: 1.5132 - accuracy: 0.4581 - val_loss: 1.4173 - val_accuracy: 0.4889
Epoch 8/194

 1/98 [..............................] - ETA: 1s - loss: 1.4772 - accuracy: 0.4707
 7/98 [=>............................] - ETA: 0s - loss: 1.4628 - accuracy: 0.4925
13/98 [==>...........................] - ETA: 0s - loss: 1.4730 - accuracy: 0.4839
19/98 [====>.........................] - ETA: 0s - loss: 1.4791 - accuracy: 0.4751
25/98 [======>.......................] - ETA: 0s - loss: 1.4861 - accuracy: 0.4721
31/98 [========>.....................] - ETA: 0s - loss: 1.4951 - accuracy: 0.4679
38/98 [==========>...................] - ETA: 0s - loss: 1.5006 - accuracy: 0.4640
44/98 [============>.................] - ETA: 0s - loss: 1.4981 - accuracy: 0.4644
50/98 [==============>...............] - ETA: 0s - loss: 1.4974 - accuracy: 0.4646
57/98 [================>.............] - ETA: 0s - loss: 1.5031 - accuracy: 0.4630
63/98 [==================>...........] - ETA: 0s - loss: 1.5019 - accuracy: 0.4636
70/98 [====================>.........] - ETA: 0s - loss: 1.5027 - accuracy: 0.4631
75/98 [=====================>........] - ETA: 0s - loss: 1.5038 - accuracy: 0.4622
81/98 [=======================>......] - ETA: 0s - loss: 1.5035 - accuracy: 0.4628
88/98 [=========================>....] - ETA: 0s - loss: 1.5041 - accuracy: 0.4626
94/98 [===========================>..] - ETA: 0s - loss: 1.5056 - accuracy: 0.4617
98/98 [==============================] - 1s 14ms/step - loss: 1.5063 - accuracy: 0.4612 - val_loss: 1.4698 - val_accuracy: 0.4685
Epoch 9/194

 1/98 [..............................] - ETA: 3s - loss: 1.4602 - accuracy: 0.4590
 7/98 [=>............................] - ETA: 0s - loss: 1.5011 - accuracy: 0.4515
12/98 [==>...........................] - ETA: 0s - loss: 1.5063 - accuracy: 0.4531
18/98 [====>.........................] - ETA: 0s - loss: 1.5120 - accuracy: 0.4548
23/98 [======>.......................] - ETA: 0s - loss: 1.5117 - accuracy: 0.4556
29/98 [=======>......................] - ETA: 0s - loss: 1.5006 - accuracy: 0.4624
35/98 [=========>....................] - ETA: 0s - loss: 1.4940 - accuracy: 0.4656
41/98 [===========>..................] - ETA: 0s - loss: 1.4933 - accuracy: 0.4654
48/98 [=============>................] - ETA: 0s - loss: 1.4974 - accuracy: 0.4636
54/98 [===============>..............] - ETA: 0s - loss: 1.4943 - accuracy: 0.4649
60/98 [=================>............] - ETA: 0s - loss: 1.4948 - accuracy: 0.4647
67/98 [===================>..........] - ETA: 0s - loss: 1.4924 - accuracy: 0.4656
73/98 [=====================>........] - ETA: 0s - loss: 1.4931 - accuracy: 0.4654
79/98 [=======================>......] - ETA: 0s - loss: 1.4911 - accuracy: 0.4663
85/98 [=========================>....] - ETA: 0s - loss: 1.4908 - accuracy: 0.4655
91/98 [==========================>...] - ETA: 0s - loss: 1.4929 - accuracy: 0.4650
98/98 [==============================] - ETA: 0s - loss: 1.4950 - accuracy: 0.4641
98/98 [==============================] - 1s 14ms/step - loss: 1.4950 - accuracy: 0.4641 - val_loss: 1.4862 - val_accuracy: 0.4672
Epoch 10/194

 1/98 [..............................] - ETA: 1s - loss: 1.5425 - accuracy: 0.4551
 6/98 [>.............................] - ETA: 1s - loss: 1.5057 - accuracy: 0.4736
13/98 [==>...........................] - ETA: 0s - loss: 1.5020 - accuracy: 0.4651
19/98 [====>.........................] - ETA: 0s - loss: 1.4966 - accuracy: 0.4622
25/98 [======>.......................] - ETA: 0s - loss: 1.4936 - accuracy: 0.4628
32/98 [========>.....................] - ETA: 0s - loss: 1.4964 - accuracy: 0.4625
38/98 [==========>...................] - ETA: 0s - loss: 1.4933 - accuracy: 0.4640
45/98 [============>.................] - ETA: 0s - loss: 1.4959 - accuracy: 0.4629
51/98 [==============>...............] - ETA: 0s - loss: 1.4920 - accuracy: 0.4638
57/98 [================>.............] - ETA: 0s - loss: 1.4911 - accuracy: 0.4640
64/98 [==================>...........] - ETA: 0s - loss: 1.4911 - accuracy: 0.4646
70/98 [====================>.........] - ETA: 0s - loss: 1.4889 - accuracy: 0.4658
76/98 [======================>.......] - ETA: 0s - loss: 1.4888 - accuracy: 0.4649
83/98 [========================>.....] - ETA: 0s - loss: 1.4852 - accuracy: 0.4663
89/98 [==========================>...] - ETA: 0s - loss: 1.4819 - accuracy: 0.4679
95/98 [============================>.] - ETA: 0s - loss: 1.4796 - accuracy: 0.4692
98/98 [==============================] - 1s 14ms/step - loss: 1.4788 - accuracy: 0.4694 - val_loss: 1.4109 - val_accuracy: 0.4993
Epoch 11/194

 1/98 [..............................] - ETA: 1s - loss: 1.4116 - accuracy: 0.4746
 6/98 [>.............................] - ETA: 1s - loss: 1.4554 - accuracy: 0.4759
12/98 [==>...........................] - ETA: 0s - loss: 1.4503 - accuracy: 0.4787
19/98 [====>.........................] - ETA: 0s - loss: 1.4653 - accuracy: 0.4736
25/98 [======>.......................] - ETA: 0s - loss: 1.4644 - accuracy: 0.4756
32/98 [========>.....................] - ETA: 0s - loss: 1.4706 - accuracy: 0.4722
38/98 [==========>...................] - ETA: 0s - loss: 1.4731 - accuracy: 0.4723
44/98 [============>.................] - ETA: 0s - loss: 1.4743 - accuracy: 0.4719
51/98 [==============>...............] - ETA: 0s - loss: 1.4726 - accuracy: 0.4736
57/98 [================>.............] - ETA: 0s - loss: 1.4704 - accuracy: 0.4755
63/98 [==================>...........] - ETA: 0s - loss: 1.4688 - accuracy: 0.4759
70/98 [====================>.........] - ETA: 0s - loss: 1.4714 - accuracy: 0.4748
76/98 [======================>.......] - ETA: 0s - loss: 1.4699 - accuracy: 0.4748
82/98 [========================>.....] - ETA: 0s - loss: 1.4695 - accuracy: 0.4755
88/98 [=========================>....] - ETA: 0s - loss: 1.4692 - accuracy: 0.4750
95/98 [============================>.] - ETA: 0s - loss: 1.4691 - accuracy: 0.4746
98/98 [==============================] - 1s 14ms/step - loss: 1.4689 - accuracy: 0.4743 - val_loss: 1.4393 - val_accuracy: 0.4871
Epoch 12/194

 1/98 [..............................] - ETA: 2s - loss: 1.5123 - accuracy: 0.4746
 7/98 [=>............................] - ETA: 0s - loss: 1.5165 - accuracy: 0.4473
14/98 [===>..........................] - ETA: 0s - loss: 1.4729 - accuracy: 0.4672
20/98 [=====>........................] - ETA: 0s - loss: 1.4844 - accuracy: 0.4629
26/98 [======>.......................] - ETA: 0s - loss: 1.4771 - accuracy: 0.4666
33/98 [=========>....................] - ETA: 0s - loss: 1.4754 - accuracy: 0.4694
39/98 [==========>...................] - ETA: 0s - loss: 1.4720 - accuracy: 0.4698
46/98 [=============>................] - ETA: 0s - loss: 1.4671 - accuracy: 0.4729
52/98 [==============>...............] - ETA: 0s - loss: 1.4621 - accuracy: 0.4751
59/98 [=================>............] - ETA: 0s - loss: 1.4586 - accuracy: 0.4772
65/98 [==================>...........] - ETA: 0s - loss: 1.4588 - accuracy: 0.4779
71/98 [====================>.........] - ETA: 0s - loss: 1.4606 - accuracy: 0.4768
77/98 [======================>.......] - ETA: 0s - loss: 1.4604 - accuracy: 0.4772
84/98 [========================>.....] - ETA: 0s - loss: 1.4579 - accuracy: 0.4790
90/98 [==========================>...] - ETA: 0s - loss: 1.4584 - accuracy: 0.4787
96/98 [============================>.] - ETA: 0s - loss: 1.4613 - accuracy: 0.4780
98/98 [==============================] - 1s 14ms/step - loss: 1.4626 - accuracy: 0.4776 - val_loss: 1.4398 - val_accuracy: 0.4830
Epoch 13/194

 1/98 [..............................] - ETA: 3s - loss: 1.4619 - accuracy: 0.4395
 7/98 [=>............................] - ETA: 0s - loss: 1.4862 - accuracy: 0.4721
13/98 [==>...........................] - ETA: 0s - loss: 1.4580 - accuracy: 0.4746
19/98 [====>.........................] - ETA: 0s - loss: 1.4529 - accuracy: 0.4781
25/98 [======>.......................] - ETA: 0s - loss: 1.4541 - accuracy: 0.4805
32/98 [========>.....................] - ETA: 0s - loss: 1.4571 - accuracy: 0.4807
38/98 [==========>...................] - ETA: 0s - loss: 1.4628 - accuracy: 0.4779
45/98 [============>.................] - ETA: 0s - loss: 1.4596 - accuracy: 0.4785
51/98 [==============>...............] - ETA: 0s - loss: 1.4586 - accuracy: 0.4789
57/98 [================>.............] - ETA: 0s - loss: 1.4558 - accuracy: 0.4789
64/98 [==================>...........] - ETA: 0s - loss: 1.4544 - accuracy: 0.4807
70/98 [====================>.........] - ETA: 0s - loss: 1.4546 - accuracy: 0.4808
75/98 [=====================>........] - ETA: 0s - loss: 1.4543 - accuracy: 0.4811
82/98 [========================>.....] - ETA: 0s - loss: 1.4533 - accuracy: 0.4813
88/98 [=========================>....] - ETA: 0s - loss: 1.4528 - accuracy: 0.4826
94/98 [===========================>..] - ETA: 0s - loss: 1.4538 - accuracy: 0.4824
98/98 [==============================] - 1s 14ms/step - loss: 1.4529 - accuracy: 0.4828 - val_loss: 1.4033 - val_accuracy: 0.4950
Epoch 14/194

 1/98 [..............................] - ETA: 2s - loss: 1.4431 - accuracy: 0.5059
 6/98 [>.............................] - ETA: 1s - loss: 1.4134 - accuracy: 0.4922
12/98 [==>...........................] - ETA: 0s - loss: 1.4249 - accuracy: 0.4854
19/98 [====>.........................] - ETA: 0s - loss: 1.4361 - accuracy: 0.4837
25/98 [======>.......................] - ETA: 0s - loss: 1.4445 - accuracy: 0.4805
32/98 [========>.....................] - ETA: 0s - loss: 1.4440 - accuracy: 0.4817
38/98 [==========>...................] - ETA: 0s - loss: 1.4433 - accuracy: 0.4812
44/98 [============>.................] - ETA: 0s - loss: 1.4458 - accuracy: 0.4825
51/98 [==============>...............] - ETA: 0s - loss: 1.4499 - accuracy: 0.4835
57/98 [================>.............] - ETA: 0s - loss: 1.4511 - accuracy: 0.4826
63/98 [==================>...........] - ETA: 0s - loss: 1.4482 - accuracy: 0.4842
70/98 [====================>.........] - ETA: 0s - loss: 1.4495 - accuracy: 0.4837
76/98 [======================>.......] - ETA: 0s - loss: 1.4478 - accuracy: 0.4840
82/98 [========================>.....] - ETA: 0s - loss: 1.4475 - accuracy: 0.4840
89/98 [==========================>...] - ETA: 0s - loss: 1.4491 - accuracy: 0.4841
95/98 [============================>.] - ETA: 0s - loss: 1.4480 - accuracy: 0.4843
98/98 [==============================] - 2s 15ms/step - loss: 1.4492 - accuracy: 0.4836 - val_loss: 1.4157 - val_accuracy: 0.4931
Epoch 15/194

 1/98 [..............................] - ETA: 1s - loss: 1.4540 - accuracy: 0.4473
 7/98 [=>............................] - ETA: 1s - loss: 1.4444 - accuracy: 0.4746
13/98 [==>...........................] - ETA: 0s - loss: 1.4540 - accuracy: 0.4796
19/98 [====>.........................] - ETA: 0s - loss: 1.4515 - accuracy: 0.4792
24/98 [======>.......................] - ETA: 0s - loss: 1.4484 - accuracy: 0.4809
30/98 [========>.....................] - ETA: 0s - loss: 1.4446 - accuracy: 0.4825
36/98 [==========>...................] - ETA: 0s - loss: 1.4359 - accuracy: 0.4872
41/98 [===========>..................] - ETA: 0s - loss: 1.4317 - accuracy: 0.4900
46/98 [=============>................] - ETA: 0s - loss: 1.4349 - accuracy: 0.4884
52/98 [==============>...............] - ETA: 0s - loss: 1.4348 - accuracy: 0.4897
58/98 [================>.............] - ETA: 0s - loss: 1.4372 - accuracy: 0.4886
63/98 [==================>...........] - ETA: 0s - loss: 1.4347 - accuracy: 0.4901
69/98 [====================>.........] - ETA: 0s - loss: 1.4333 - accuracy: 0.4907
74/98 [=====================>........] - ETA: 0s - loss: 1.4316 - accuracy: 0.4915
79/98 [=======================>......] - ETA: 0s - loss: 1.4321 - accuracy: 0.4913
85/98 [=========================>....] - ETA: 0s - loss: 1.4318 - accuracy: 0.4919
90/98 [==========================>...] - ETA: 0s - loss: 1.4320 - accuracy: 0.4918
95/98 [============================>.] - ETA: 0s - loss: 1.4338 - accuracy: 0.4910
98/98 [==============================] - 1s 15ms/step - loss: 1.4353 - accuracy: 0.4904 - val_loss: 1.4197 - val_accuracy: 0.4886
Epoch 16/194

 1/98 [..............................] - ETA: 2s - loss: 1.4539 - accuracy: 0.4766
 8/98 [=>............................] - ETA: 0s - loss: 1.4263 - accuracy: 0.4968
15/98 [===>..........................] - ETA: 0s - loss: 1.4245 - accuracy: 0.4964
20/98 [=====>........................] - ETA: 0s - loss: 1.4235 - accuracy: 0.4986
26/98 [======>.......................] - ETA: 0s - loss: 1.4160 - accuracy: 0.5008
32/98 [========>.....................] - ETA: 0s - loss: 1.4190 - accuracy: 0.4985
36/98 [==========>...................] - ETA: 0s - loss: 1.4217 - accuracy: 0.4978
41/98 [===========>..................] - ETA: 0s - loss: 1.4165 - accuracy: 0.4982
46/98 [=============>................] - ETA: 0s - loss: 1.4187 - accuracy: 0.4973
52/98 [==============>...............] - ETA: 0s - loss: 1.4167 - accuracy: 0.4976
59/98 [=================>............] - ETA: 0s - loss: 1.4208 - accuracy: 0.4953
64/98 [==================>...........] - ETA: 0s - loss: 1.4238 - accuracy: 0.4944
69/98 [====================>.........] - ETA: 0s - loss: 1.4244 - accuracy: 0.4944
75/98 [=====================>........] - ETA: 0s - loss: 1.4249 - accuracy: 0.4942
82/98 [========================>.....] - ETA: 0s - loss: 1.4290 - accuracy: 0.4929
87/98 [=========================>....] - ETA: 0s - loss: 1.4298 - accuracy: 0.4928
92/98 [===========================>..] - ETA: 0s - loss: 1.4338 - accuracy: 0.4918
98/98 [==============================] - 2s 15ms/step - loss: 1.4339 - accuracy: 0.4911 - val_loss: 1.4314 - val_accuracy: 0.4935
Epoch 17/194

 1/98 [..............................] - ETA: 1s - loss: 1.5426 - accuracy: 0.4648
 7/98 [=>............................] - ETA: 1s - loss: 1.4402 - accuracy: 0.4933
12/98 [==>...........................] - ETA: 0s - loss: 1.4472 - accuracy: 0.4875
19/98 [====>.........................] - ETA: 0s - loss: 1.4328 - accuracy: 0.4911
25/98 [======>.......................] - ETA: 0s - loss: 1.4278 - accuracy: 0.4897
30/98 [========>.....................] - ETA: 0s - loss: 1.4316 - accuracy: 0.4888
37/98 [==========>...................] - ETA: 0s - loss: 1.4298 - accuracy: 0.4888
43/98 [============>.................] - ETA: 0s - loss: 1.4347 - accuracy: 0.4884
48/98 [=============>................] - ETA: 0s - loss: 1.4355 - accuracy: 0.4892
54/98 [===============>..............] - ETA: 0s - loss: 1.4320 - accuracy: 0.4908
60/98 [=================>............] - ETA: 0s - loss: 1.4292 - accuracy: 0.4914
66/98 [===================>..........] - ETA: 0s - loss: 1.4291 - accuracy: 0.4916
71/98 [====================>.........] - ETA: 0s - loss: 1.4284 - accuracy: 0.4916
77/98 [======================>.......] - ETA: 0s - loss: 1.4260 - accuracy: 0.4925
82/98 [========================>.....] - ETA: 0s - loss: 1.4253 - accuracy: 0.4921
88/98 [=========================>....] - ETA: 0s - loss: 1.4254 - accuracy: 0.4921
94/98 [===========================>..] - ETA: 0s - loss: 1.4289 - accuracy: 0.4909
98/98 [==============================] - 1s 14ms/step - loss: 1.4302 - accuracy: 0.4907 - val_loss: 1.4099 - val_accuracy: 0.5011
Epoch 18/194

 1/98 [..............................] - ETA: 1s - loss: 1.4699 - accuracy: 0.4805
 6/98 [>.............................] - ETA: 0s - loss: 1.4026 - accuracy: 0.5143
13/98 [==>...........................] - ETA: 0s - loss: 1.3863 - accuracy: 0.5180
18/98 [====>.........................] - ETA: 0s - loss: 1.3917 - accuracy: 0.5142
23/98 [======>.......................] - ETA: 0s - loss: 1.4029 - accuracy: 0.5073
29/98 [=======>......................] - ETA: 0s - loss: 1.4042 - accuracy: 0.5077
35/98 [=========>....................] - ETA: 0s - loss: 1.4092 - accuracy: 0.5059
40/98 [===========>..................] - ETA: 0s - loss: 1.4119 - accuracy: 0.5036
45/98 [============>.................] - ETA: 0s - loss: 1.4126 - accuracy: 0.5017
50/98 [==============>...............] - ETA: 0s - loss: 1.4135 - accuracy: 0.5012
56/98 [================>.............] - ETA: 0s - loss: 1.4123 - accuracy: 0.5011
60/98 [=================>............] - ETA: 0s - loss: 1.4158 - accuracy: 0.5001
66/98 [===================>..........] - ETA: 0s - loss: 1.4215 - accuracy: 0.4981
71/98 [====================>.........] - ETA: 0s - loss: 1.4212 - accuracy: 0.4986
76/98 [======================>.......] - ETA: 0s - loss: 1.4208 - accuracy: 0.4987
82/98 [========================>.....] - ETA: 0s - loss: 1.4188 - accuracy: 0.4990
87/98 [=========================>....] - ETA: 0s - loss: 1.4186 - accuracy: 0.4987
94/98 [===========================>..] - ETA: 0s - loss: 1.4207 - accuracy: 0.4985
98/98 [==============================] - 1s 15ms/step - loss: 1.4218 - accuracy: 0.4979 - val_loss: 1.4180 - val_accuracy: 0.4865
Epoch 19/194

 1/98 [..............................] - ETA: 2s - loss: 1.4289 - accuracy: 0.4707
 7/98 [=>............................] - ETA: 0s - loss: 1.4434 - accuracy: 0.4824
12/98 [==>...........................] - ETA: 0s - loss: 1.4092 - accuracy: 0.4937
18/98 [====>.........................] - ETA: 0s - loss: 1.4119 - accuracy: 0.4927
23/98 [======>.......................] - ETA: 0s - loss: 1.4109 - accuracy: 0.4962
28/98 [=======>......................] - ETA: 0s - loss: 1.4143 - accuracy: 0.4960
34/98 [=========>....................] - ETA: 0s - loss: 1.4246 - accuracy: 0.4928
40/98 [===========>..................] - ETA: 0s - loss: 1.4311 - accuracy: 0.4916
47/98 [=============>................] - ETA: 0s - loss: 1.4299 - accuracy: 0.4927
52/98 [==============>...............] - ETA: 0s - loss: 1.4292 - accuracy: 0.4927
59/98 [=================>............] - ETA: 0s - loss: 1.4250 - accuracy: 0.4936
65/98 [==================>...........] - ETA: 0s - loss: 1.4200 - accuracy: 0.4957
70/98 [====================>.........] - ETA: 0s - loss: 1.4201 - accuracy: 0.4965
76/98 [======================>.......] - ETA: 0s - loss: 1.4204 - accuracy: 0.4965
81/98 [=======================>......] - ETA: 0s - loss: 1.4203 - accuracy: 0.4965
86/98 [=========================>....] - ETA: 0s - loss: 1.4176 - accuracy: 0.4975
92/98 [===========================>..] - ETA: 0s - loss: 1.4167 - accuracy: 0.4977
97/98 [============================>.] - ETA: 0s - loss: 1.4176 - accuracy: 0.4976
98/98 [==============================] - 1s 14ms/step - loss: 1.4174 - accuracy: 0.4975 - val_loss: 1.3758 - val_accuracy: 0.5159
Epoch 20/194

 1/98 [..............................] - ETA: 1s - loss: 1.3959 - accuracy: 0.5039
 6/98 [>.............................] - ETA: 0s - loss: 1.3836 - accuracy: 0.5182
11/98 [==>...........................] - ETA: 0s - loss: 1.3781 - accuracy: 0.5124
16/98 [===>..........................] - ETA: 0s - loss: 1.3879 - accuracy: 0.5092
21/98 [=====>........................] - ETA: 0s - loss: 1.4009 - accuracy: 0.5036
27/98 [=======>......................] - ETA: 0s - loss: 1.4162 - accuracy: 0.4988
33/98 [=========>....................] - ETA: 0s - loss: 1.4178 - accuracy: 0.4983
38/98 [==========>...................] - ETA: 0s - loss: 1.4137 - accuracy: 0.4980
45/98 [============>.................] - ETA: 0s - loss: 1.4101 - accuracy: 0.4988
51/98 [==============>...............] - ETA: 0s - loss: 1.4127 - accuracy: 0.4980
56/98 [================>.............] - ETA: 0s - loss: 1.4152 - accuracy: 0.4972
63/98 [==================>...........] - ETA: 0s - loss: 1.4142 - accuracy: 0.4976
69/98 [====================>.........] - ETA: 0s - loss: 1.4149 - accuracy: 0.4987
74/98 [=====================>........] - ETA: 0s - loss: 1.4164 - accuracy: 0.4978
80/98 [=======================>......] - ETA: 0s - loss: 1.4139 - accuracy: 0.4979
85/98 [=========================>....] - ETA: 0s - loss: 1.4154 - accuracy: 0.4975
90/98 [==========================>...] - ETA: 0s - loss: 1.4176 - accuracy: 0.4972
97/98 [============================>.] - ETA: 0s - loss: 1.4167 - accuracy: 0.4970
98/98 [==============================] - 2s 15ms/step - loss: 1.4170 - accuracy: 0.4970 - val_loss: 1.4002 - val_accuracy: 0.5017
Epoch 21/194

 1/98 [..............................] - ETA: 3s - loss: 1.4754 - accuracy: 0.4727
 8/98 [=>............................] - ETA: 0s - loss: 1.4356 - accuracy: 0.4846
14/98 [===>..........................] - ETA: 0s - loss: 1.4354 - accuracy: 0.4877
21/98 [=====>........................] - ETA: 0s - loss: 1.4365 - accuracy: 0.4879
26/98 [======>.......................] - ETA: 0s - loss: 1.4282 - accuracy: 0.4935
31/98 [========>.....................] - ETA: 0s - loss: 1.4245 - accuracy: 0.4953
37/98 [==========>...................] - ETA: 0s - loss: 1.4173 - accuracy: 0.4969
42/98 [===========>..................] - ETA: 0s - loss: 1.4130 - accuracy: 0.4993
47/98 [=============>................] - ETA: 0s - loss: 1.4090 - accuracy: 0.4998
53/98 [===============>..............] - ETA: 0s - loss: 1.4106 - accuracy: 0.4992
59/98 [=================>............] - ETA: 0s - loss: 1.4129 - accuracy: 0.4984
64/98 [==================>...........] - ETA: 0s - loss: 1.4126 - accuracy: 0.4976
70/98 [====================>.........] - ETA: 0s - loss: 1.4120 - accuracy: 0.4972
77/98 [======================>.......] - ETA: 0s - loss: 1.4123 - accuracy: 0.4972
82/98 [========================>.....] - ETA: 0s - loss: 1.4139 - accuracy: 0.4970
88/98 [=========================>....] - ETA: 0s - loss: 1.4168 - accuracy: 0.4963
93/98 [===========================>..] - ETA: 0s - loss: 1.4183 - accuracy: 0.4956
98/98 [==============================] - 1s 15ms/step - loss: 1.4173 - accuracy: 0.4960 - val_loss: 1.3868 - val_accuracy: 0.5090
Epoch 22/194

 1/98 [..............................] - ETA: 3s - loss: 1.4501 - accuracy: 0.4941
 6/98 [>.............................] - ETA: 0s - loss: 1.3900 - accuracy: 0.5156
11/98 [==>...........................] - ETA: 0s - loss: 1.3969 - accuracy: 0.5112
16/98 [===>..........................] - ETA: 0s - loss: 1.4133 - accuracy: 0.5024
21/98 [=====>........................] - ETA: 0s - loss: 1.4090 - accuracy: 0.5059
26/98 [======>.......................] - ETA: 0s - loss: 1.4096 - accuracy: 0.5047
32/98 [========>.....................] - ETA: 0s - loss: 1.4134 - accuracy: 0.5028
38/98 [==========>...................] - ETA: 0s - loss: 1.4066 - accuracy: 0.5035
45/98 [============>.................] - ETA: 0s - loss: 1.4108 - accuracy: 0.5008
51/98 [==============>...............] - ETA: 0s - loss: 1.4102 - accuracy: 0.5012
57/98 [================>.............] - ETA: 0s - loss: 1.4100 - accuracy: 0.5006
63/98 [==================>...........] - ETA: 0s - loss: 1.4038 - accuracy: 0.5024
70/98 [====================>.........] - ETA: 0s - loss: 1.4066 - accuracy: 0.5012
75/98 [=====================>........] - ETA: 0s - loss: 1.4062 - accuracy: 0.5015
81/98 [=======================>......] - ETA: 0s - loss: 1.4059 - accuracy: 0.5019
88/98 [=========================>....] - ETA: 0s - loss: 1.4058 - accuracy: 0.5026
94/98 [===========================>..] - ETA: 0s - loss: 1.4048 - accuracy: 0.5033
98/98 [==============================] - 1s 14ms/step - loss: 1.4138 - accuracy: 0.5000 - val_loss: 1.4456 - val_accuracy: 0.4850
Epoch 23/194

 1/98 [..............................] - ETA: 1s - loss: 1.4750 - accuracy: 0.4766
 6/98 [>.............................] - ETA: 1s - loss: 1.5257 - accuracy: 0.4570
13/98 [==>...........................] - ETA: 0s - loss: 1.5094 - accuracy: 0.4682
18/98 [====>.........................] - ETA: 0s - loss: 1.4908 - accuracy: 0.4742
23/98 [======>.......................] - ETA: 0s - loss: 1.4809 - accuracy: 0.4778
30/98 [========>.....................] - ETA: 0s - loss: 1.4702 - accuracy: 0.4816
36/98 [==========>...................] - ETA: 0s - loss: 1.4547 - accuracy: 0.4849
43/98 [============>.................] - ETA: 0s - loss: 1.4475 - accuracy: 0.4895
49/98 [==============>...............] - ETA: 0s - loss: 1.4438 - accuracy: 0.4900
55/98 [===============>..............] - ETA: 0s - loss: 1.4373 - accuracy: 0.4924
62/98 [=================>............] - ETA: 0s - loss: 1.4350 - accuracy: 0.4924
68/98 [===================>..........] - ETA: 0s - loss: 1.4321 - accuracy: 0.4932
75/98 [=====================>........] - ETA: 0s - loss: 1.4329 - accuracy: 0.4935
81/98 [=======================>......] - ETA: 0s - loss: 1.4354 - accuracy: 0.4928
87/98 [=========================>....] - ETA: 0s - loss: 1.4340 - accuracy: 0.4925
94/98 [===========================>..] - ETA: 0s - loss: 1.4359 - accuracy: 0.4921
98/98 [==============================] - 1s 14ms/step - loss: 1.4343 - accuracy: 0.4928 - val_loss: 1.3804 - val_accuracy: 0.5153
Epoch 24/194

 1/98 [..............................] - ETA: 1s - loss: 1.3677 - accuracy: 0.5293
 7/98 [=>............................] - ETA: 0s - loss: 1.3901 - accuracy: 0.5056
13/98 [==>...........................] - ETA: 0s - loss: 1.4081 - accuracy: 0.5011
19/98 [====>.........................] - ETA: 0s - loss: 1.3946 - accuracy: 0.5081
24/98 [======>.......................] - ETA: 0s - loss: 1.3977 - accuracy: 0.5068
31/98 [========>.....................] - ETA: 0s - loss: 1.4005 - accuracy: 0.5064
37/98 [==========>...................] - ETA: 0s - loss: 1.3952 - accuracy: 0.5099
43/98 [============>.................] - ETA: 0s - loss: 1.3956 - accuracy: 0.5097
50/98 [==============>...............] - ETA: 0s - loss: 1.3986 - accuracy: 0.5091
56/98 [================>.............] - ETA: 0s - loss: 1.3983 - accuracy: 0.5084
63/98 [==================>...........] - ETA: 0s - loss: 1.3992 - accuracy: 0.5087
69/98 [====================>.........] - ETA: 0s - loss: 1.3983 - accuracy: 0.5090
76/98 [======================>.......] - ETA: 0s - loss: 1.3973 - accuracy: 0.5097
82/98 [========================>.....] - ETA: 0s - loss: 1.3976 - accuracy: 0.5088
88/98 [=========================>....] - ETA: 0s - loss: 1.3965 - accuracy: 0.5092
94/98 [===========================>..] - ETA: 0s - loss: 1.3962 - accuracy: 0.5092
98/98 [==============================] - 1s 14ms/step - loss: 1.3974 - accuracy: 0.5087 - val_loss: 1.4010 - val_accuracy: 0.5046
Epoch 25/194

 1/98 [..............................] - ETA: 3s - loss: 1.4151 - accuracy: 0.5137
 8/98 [=>............................] - ETA: 0s - loss: 1.3918 - accuracy: 0.5042
14/98 [===>..........................] - ETA: 0s - loss: 1.3828 - accuracy: 0.5081
20/98 [=====>........................] - ETA: 0s - loss: 1.3834 - accuracy: 0.5097
26/98 [======>.......................] - ETA: 0s - loss: 1.3860 - accuracy: 0.5078
32/98 [========>.....................] - ETA: 0s - loss: 1.3881 - accuracy: 0.5063
39/98 [==========>...................] - ETA: 0s - loss: 1.3922 - accuracy: 0.5078
