2024-07-26 23:15:36.127513: I tensorflow/core/platform/cpu_feature_guard.cc:193] This TensorFlow binary is optimized with oneAPI Deep Neural Network Library (oneDNN) to use the following CPU instructions in performance-critical operations:  AVX AVX2
To enable them in other operations, rebuild TensorFlow with the appropriate compiler flags.
2024-07-26 23:15:36.602909: I tensorflow/core/common_runtime/gpu/gpu_device.cc:1616] Created device /job:localhost/replica:0/task:0/device:GPU:0 with 6656 MB memory:  -> device: 0, name: NVIDIA GeForce RTX 4060 Ti, pci bus id: 0000:01:00.0, compute capability: 8.9
1 Physical GPUs, 1 Logical GPUs
Model: "sequential"
_________________________________________________________________
 Layer (type)                Output Shape              Param #   
=================================================================
 conv2d (Conv2D)             (None, 32, 32, 32)        896       
                                                                 
 dropout (Dropout)           (None, 32, 32, 32)        0         
                                                                 
 flatten (Flatten)           (None, 32768)             0         
                                                                 
 dense (Dense)               (None, 66)                2162754   
                                                                 
 dropout_1 (Dropout)         (None, 66)                0         
                                                                 
 dense_1 (Dense)             (None, 82)                5494      
                                                                 
 dropout_2 (Dropout)         (None, 82)                0         
                                                                 
 dense_2 (Dense)             (None, 10)                830       
                                                                 
=================================================================
Total params: 2,169,974
Trainable params: 2,169,974
Non-trainable params: 0
_________________________________________________________________
Taxa de aprendizado:  0.01 Num de épocas:  194 Tamanho do lote:  512 Dropout:  0.26
Epoch 1/194
2024-07-26 23:15:37.692949: I tensorflow/stream_executor/cuda/cuda_dnn.cc:384] Loaded cuDNN version 8100
2024-07-26 23:15:38.360427: W tensorflow/stream_executor/gpu/redzone_allocator.cc:314] INTERNAL: ptxas exited with non-zero error code -1, output: 
Relying on driver to perform ptx compilation. 
Modify $PATH to customize ptxas location.
This message will be only logged once.
2024-07-26 23:15:38.912159: I tensorflow/stream_executor/cuda/cuda_blas.cc:1614] TensorFloat-32 will be used for the matrix multiplication. This will only be logged once.

 1/98 [..............................] - ETA: 3:38 - loss: 2.3822 - accuracy: 0.1055
 7/98 [=>............................] - ETA: 0s - loss: 2.7466 - accuracy: 0.1055  
13/98 [==>...........................] - ETA: 0s - loss: 2.6473 - accuracy: 0.1061
19/98 [====>.........................] - ETA: 0s - loss: 2.5880 - accuracy: 0.1082
23/98 [======>.......................] - ETA: 0s - loss: 2.5626 - accuracy: 0.1091
29/98 [=======>......................] - ETA: 0s - loss: 2.5275 - accuracy: 0.1104
35/98 [=========>....................] - ETA: 0s - loss: 2.4971 - accuracy: 0.1153
42/98 [===========>..................] - ETA: 0s - loss: 2.4653 - accuracy: 0.1180
48/98 [=============>................] - ETA: 0s - loss: 2.4562 - accuracy: 0.1168
53/98 [===============>..............] - ETA: 0s - loss: 2.4448 - accuracy: 0.1185
60/98 [=================>............] - ETA: 0s - loss: 2.4332 - accuracy: 0.1197
66/98 [===================>..........] - ETA: 0s - loss: 2.4201 - accuracy: 0.1210
72/98 [=====================>........] - ETA: 0s - loss: 2.4076 - accuracy: 0.1224
78/98 [======================>.......] - ETA: 0s - loss: 2.3979 - accuracy: 0.1238
85/98 [=========================>....] - ETA: 0s - loss: 2.3870 - accuracy: 0.1246
91/98 [==========================>...] - ETA: 0s - loss: 2.3769 - accuracy: 0.1258
97/98 [============================>.] - ETA: 0s - loss: 2.3677 - accuracy: 0.1271
98/98 [==============================] - 4s 17ms/step - loss: 2.3662 - accuracy: 0.1274 - val_loss: 2.1246 - val_accuracy: 0.1750
Epoch 2/194

 1/98 [..............................] - ETA: 3s - loss: 2.1869 - accuracy: 0.1816
 7/98 [=>............................] - ETA: 0s - loss: 2.1767 - accuracy: 0.1557
14/98 [===>..........................] - ETA: 0s - loss: 2.1801 - accuracy: 0.1576
20/98 [=====>........................] - ETA: 0s - loss: 2.1893 - accuracy: 0.1563
26/98 [======>.......................] - ETA: 0s - loss: 2.1944 - accuracy: 0.1567
32/98 [========>.....................] - ETA: 0s - loss: 2.1977 - accuracy: 0.1547
39/98 [==========>...................] - ETA: 0s - loss: 2.1965 - accuracy: 0.1544
45/98 [============>.................] - ETA: 0s - loss: 2.1930 - accuracy: 0.1543
51/98 [==============>...............] - ETA: 0s - loss: 2.1882 - accuracy: 0.1568
58/98 [================>.............] - ETA: 0s - loss: 2.1837 - accuracy: 0.1589
64/98 [==================>...........] - ETA: 0s - loss: 2.1782 - accuracy: 0.1623
70/98 [====================>.........] - ETA: 0s - loss: 2.1732 - accuracy: 0.1647
77/98 [======================>.......] - ETA: 0s - loss: 2.1702 - accuracy: 0.1675
83/98 [========================>.....] - ETA: 0s - loss: 2.1663 - accuracy: 0.1696
89/98 [==========================>...] - ETA: 0s - loss: 2.1632 - accuracy: 0.1711
96/98 [============================>.] - ETA: 0s - loss: 2.1611 - accuracy: 0.1716
98/98 [==============================] - 1s 14ms/step - loss: 2.1602 - accuracy: 0.1715 - val_loss: 2.0561 - val_accuracy: 0.2602
Epoch 3/194

 1/98 [..............................] - ETA: 3s - loss: 2.1139 - accuracy: 0.1855
 8/98 [=>............................] - ETA: 0s - loss: 2.0952 - accuracy: 0.2051
14/98 [===>..........................] - ETA: 0s - loss: 2.0896 - accuracy: 0.2087
20/98 [=====>........................] - ETA: 0s - loss: 2.0774 - accuracy: 0.2150
27/98 [=======>......................] - ETA: 0s - loss: 2.0745 - accuracy: 0.2185
33/98 [=========>....................] - ETA: 0s - loss: 2.0664 - accuracy: 0.2255
40/98 [===========>..................] - ETA: 0s - loss: 2.0621 - accuracy: 0.2269
46/98 [=============>................] - ETA: 0s - loss: 2.0616 - accuracy: 0.2279
52/98 [==============>...............] - ETA: 0s - loss: 2.0530 - accuracy: 0.2328
59/98 [=================>............] - ETA: 0s - loss: 2.0462 - accuracy: 0.2355
65/98 [==================>...........] - ETA: 0s - loss: 2.0386 - accuracy: 0.2393
70/98 [====================>.........] - ETA: 0s - loss: 2.0322 - accuracy: 0.2419
76/98 [======================>.......] - ETA: 0s - loss: 2.0232 - accuracy: 0.2458
82/98 [========================>.....] - ETA: 0s - loss: 2.0168 - accuracy: 0.2474
87/98 [=========================>....] - ETA: 0s - loss: 2.0121 - accuracy: 0.2487
93/98 [===========================>..] - ETA: 0s - loss: 2.0066 - accuracy: 0.2504
98/98 [==============================] - 1s 15ms/step - loss: 2.0026 - accuracy: 0.2523 - val_loss: 1.8352 - val_accuracy: 0.3129
Epoch 4/194

 1/98 [..............................] - ETA: 1s - loss: 1.9594 - accuracy: 0.2441
 7/98 [=>............................] - ETA: 1s - loss: 1.8977 - accuracy: 0.2866
13/98 [==>...........................] - ETA: 0s - loss: 1.9010 - accuracy: 0.2850
19/98 [====>.........................] - ETA: 0s - loss: 1.8908 - accuracy: 0.2915
26/98 [======>.......................] - ETA: 0s - loss: 1.8962 - accuracy: 0.2907
32/98 [========>.....................] - ETA: 0s - loss: 1.8929 - accuracy: 0.2901
38/98 [==========>...................] - ETA: 0s - loss: 1.8927 - accuracy: 0.2919
45/98 [============>.................] - ETA: 0s - loss: 1.8972 - accuracy: 0.2910
51/98 [==============>...............] - ETA: 0s - loss: 1.8992 - accuracy: 0.2897
58/98 [================>.............] - ETA: 0s - loss: 1.8955 - accuracy: 0.2890
64/98 [==================>...........] - ETA: 0s - loss: 1.8913 - accuracy: 0.2899
70/98 [====================>.........] - ETA: 0s - loss: 1.8905 - accuracy: 0.2907
77/98 [======================>.......] - ETA: 0s - loss: 1.8902 - accuracy: 0.2913
83/98 [========================>.....] - ETA: 0s - loss: 1.8913 - accuracy: 0.2910
90/98 [==========================>...] - ETA: 0s - loss: 1.8899 - accuracy: 0.2915
96/98 [============================>.] - ETA: 0s - loss: 1.8910 - accuracy: 0.2916
98/98 [==============================] - 1s 14ms/step - loss: 1.8910 - accuracy: 0.2920 - val_loss: 1.8110 - val_accuracy: 0.3305
Epoch 5/194

 1/98 [..............................] - ETA: 1s - loss: 1.8801 - accuracy: 0.3008
 6/98 [>.............................] - ETA: 1s - loss: 1.8466 - accuracy: 0.3203
13/98 [==>...........................] - ETA: 0s - loss: 1.8578 - accuracy: 0.3163
19/98 [====>.........................] - ETA: 0s - loss: 1.8475 - accuracy: 0.3195
25/98 [======>.......................] - ETA: 0s - loss: 1.8478 - accuracy: 0.3141
32/98 [========>.....................] - ETA: 0s - loss: 1.8471 - accuracy: 0.3145
38/98 [==========>...................] - ETA: 0s - loss: 1.8501 - accuracy: 0.3128
45/98 [============>.................] - ETA: 0s - loss: 1.8399 - accuracy: 0.3163
51/98 [==============>...............] - ETA: 0s - loss: 1.8420 - accuracy: 0.3154
58/98 [================>.............] - ETA: 0s - loss: 1.8516 - accuracy: 0.3126
64/98 [==================>...........] - ETA: 0s - loss: 1.8576 - accuracy: 0.3103
70/98 [====================>.........] - ETA: 0s - loss: 1.8570 - accuracy: 0.3109
76/98 [======================>.......] - ETA: 0s - loss: 1.8546 - accuracy: 0.3115
83/98 [========================>.....] - ETA: 0s - loss: 1.8538 - accuracy: 0.3129
89/98 [==========================>...] - ETA: 0s - loss: 1.8539 - accuracy: 0.3131
95/98 [============================>.] - ETA: 0s - loss: 1.8543 - accuracy: 0.3129
98/98 [==============================] - 1s 14ms/step - loss: 1.8550 - accuracy: 0.3126 - val_loss: 1.7744 - val_accuracy: 0.3561
Epoch 6/194

 1/98 [..............................] - ETA: 1s - loss: 1.8755 - accuracy: 0.2949
 6/98 [>.............................] - ETA: 1s - loss: 1.8234 - accuracy: 0.3255
13/98 [==>...........................] - ETA: 0s - loss: 1.8054 - accuracy: 0.3316
19/98 [====>.........................] - ETA: 0s - loss: 1.8108 - accuracy: 0.3315
26/98 [======>.......................] - ETA: 0s - loss: 1.8094 - accuracy: 0.3346
32/98 [========>.....................] - ETA: 0s - loss: 1.8107 - accuracy: 0.3345
39/98 [==========>...................] - ETA: 0s - loss: 1.8069 - accuracy: 0.3353
45/98 [============>.................] - ETA: 0s - loss: 1.8020 - accuracy: 0.3371
52/98 [==============>...............] - ETA: 0s - loss: 1.7976 - accuracy: 0.3385
58/98 [================>.............] - ETA: 0s - loss: 1.7959 - accuracy: 0.3406
64/98 [==================>...........] - ETA: 0s - loss: 1.7963 - accuracy: 0.3411
70/98 [====================>.........] - ETA: 0s - loss: 1.7945 - accuracy: 0.3419
76/98 [======================>.......] - ETA: 0s - loss: 1.7926 - accuracy: 0.3418
83/98 [========================>.....] - ETA: 0s - loss: 1.7913 - accuracy: 0.3419
89/98 [==========================>...] - ETA: 0s - loss: 1.7913 - accuracy: 0.3415
95/98 [============================>.] - ETA: 0s - loss: 1.7906 - accuracy: 0.3422
98/98 [==============================] - 1s 14ms/step - loss: 1.7894 - accuracy: 0.3427 - val_loss: 1.6850 - val_accuracy: 0.3895
Epoch 7/194

 1/98 [..............................] - ETA: 3s - loss: 1.8171 - accuracy: 0.3477
 8/98 [=>............................] - ETA: 0s - loss: 1.7558 - accuracy: 0.3589
14/98 [===>..........................] - ETA: 0s - loss: 1.7896 - accuracy: 0.3415
20/98 [=====>........................] - ETA: 0s - loss: 1.7956 - accuracy: 0.3403
27/98 [=======>......................] - ETA: 0s - loss: 1.8034 - accuracy: 0.3375
33/98 [=========>....................] - ETA: 0s - loss: 1.7984 - accuracy: 0.3385
40/98 [===========>..................] - ETA: 0s - loss: 1.7943 - accuracy: 0.3417
46/98 [=============>................] - ETA: 0s - loss: 1.7919 - accuracy: 0.3412
53/98 [===============>..............] - ETA: 0s - loss: 1.7944 - accuracy: 0.3400
59/98 [=================>............] - ETA: 0s - loss: 1.7913 - accuracy: 0.3416
65/98 [==================>...........] - ETA: 0s - loss: 1.7884 - accuracy: 0.3430
71/98 [====================>.........] - ETA: 0s - loss: 1.7849 - accuracy: 0.3433
75/98 [=====================>........] - ETA: 0s - loss: 1.7825 - accuracy: 0.3441
80/98 [=======================>......] - ETA: 0s - loss: 1.7794 - accuracy: 0.3446
86/98 [=========================>....] - ETA: 0s - loss: 1.7779 - accuracy: 0.3457
91/98 [==========================>...] - ETA: 0s - loss: 1.7784 - accuracy: 0.3454
97/98 [============================>.] - ETA: 0s - loss: 1.7814 - accuracy: 0.3441
98/98 [==============================] - 1s 15ms/step - loss: 1.7816 - accuracy: 0.3442 - val_loss: 1.7192 - val_accuracy: 0.3886
Epoch 8/194

 1/98 [..............................] - ETA: 1s - loss: 1.7858 - accuracy: 0.3516
 7/98 [=>............................] - ETA: 0s - loss: 1.7954 - accuracy: 0.3482
13/98 [==>...........................] - ETA: 0s - loss: 1.7843 - accuracy: 0.3559
19/98 [====>.........................] - ETA: 0s - loss: 1.7801 - accuracy: 0.3573
24/98 [======>.......................] - ETA: 0s - loss: 1.7695 - accuracy: 0.3578
30/98 [========>.....................] - ETA: 0s - loss: 1.7635 - accuracy: 0.3606
36/98 [==========>...................] - ETA: 0s - loss: 1.7553 - accuracy: 0.3633
42/98 [===========>..................] - ETA: 0s - loss: 1.7505 - accuracy: 0.3652
48/98 [=============>................] - ETA: 0s - loss: 1.7519 - accuracy: 0.3637
55/98 [===============>..............] - ETA: 0s - loss: 1.7493 - accuracy: 0.3641
61/98 [=================>............] - ETA: 0s - loss: 1.7488 - accuracy: 0.3643
68/98 [===================>..........] - ETA: 0s - loss: 1.7516 - accuracy: 0.3639
74/98 [=====================>........] - ETA: 0s - loss: 1.7515 - accuracy: 0.3638
81/98 [=======================>......] - ETA: 0s - loss: 1.7517 - accuracy: 0.3641
87/98 [=========================>....] - ETA: 0s - loss: 1.7496 - accuracy: 0.3650
93/98 [===========================>..] - ETA: 0s - loss: 1.7464 - accuracy: 0.3664
98/98 [==============================] - 1s 14ms/step - loss: 1.7450 - accuracy: 0.3668 - val_loss: 1.6237 - val_accuracy: 0.4000
Epoch 9/194

 1/98 [..............................] - ETA: 3s - loss: 1.7278 - accuracy: 0.3730
 7/98 [=>............................] - ETA: 0s - loss: 1.7194 - accuracy: 0.3800
13/98 [==>...........................] - ETA: 0s - loss: 1.7137 - accuracy: 0.3795
20/98 [=====>........................] - ETA: 0s - loss: 1.7185 - accuracy: 0.3748
26/98 [======>.......................] - ETA: 0s - loss: 1.7253 - accuracy: 0.3755
32/98 [========>.....................] - ETA: 0s - loss: 1.7253 - accuracy: 0.3769
39/98 [==========>...................] - ETA: 0s - loss: 1.7248 - accuracy: 0.3785
45/98 [============>.................] - ETA: 0s - loss: 1.7270 - accuracy: 0.3777
52/98 [==============>...............] - ETA: 0s - loss: 1.7304 - accuracy: 0.3761
58/98 [================>.............] - ETA: 0s - loss: 1.7325 - accuracy: 0.3751
64/98 [==================>...........] - ETA: 0s - loss: 1.7308 - accuracy: 0.3753
71/98 [====================>.........] - ETA: 0s - loss: 1.7253 - accuracy: 0.3762
77/98 [======================>.......] - ETA: 0s - loss: 1.7249 - accuracy: 0.3762
84/98 [========================>.....] - ETA: 0s - loss: 1.7246 - accuracy: 0.3756
90/98 [==========================>...] - ETA: 0s - loss: 1.7244 - accuracy: 0.3747
97/98 [============================>.] - ETA: 0s - loss: 1.7245 - accuracy: 0.3744
98/98 [==============================] - 1s 14ms/step - loss: 1.7241 - accuracy: 0.3744 - val_loss: 1.6396 - val_accuracy: 0.4011
Epoch 10/194

 1/98 [..............................] - ETA: 3s - loss: 1.7293 - accuracy: 0.3750
 7/98 [=>............................] - ETA: 0s - loss: 1.7441 - accuracy: 0.3638
14/98 [===>..........................] - ETA: 0s - loss: 1.7327 - accuracy: 0.3718
20/98 [=====>........................] - ETA: 0s - loss: 1.7287 - accuracy: 0.3705
26/98 [======>.......................] - ETA: 0s - loss: 1.7230 - accuracy: 0.3752
33/98 [=========>....................] - ETA: 0s - loss: 1.7284 - accuracy: 0.3715
39/98 [==========>...................] - ETA: 0s - loss: 1.7277 - accuracy: 0.3697
45/98 [============>.................] - ETA: 0s - loss: 1.7199 - accuracy: 0.3734
52/98 [==============>...............] - ETA: 0s - loss: 1.7186 - accuracy: 0.3740
58/98 [================>.............] - ETA: 0s - loss: 1.7180 - accuracy: 0.3750
63/98 [==================>...........] - ETA: 0s - loss: 1.7171 - accuracy: 0.3763
70/98 [====================>.........] - ETA: 0s - loss: 1.7156 - accuracy: 0.3775
75/98 [=====================>........] - ETA: 0s - loss: 1.7137 - accuracy: 0.3771
81/98 [=======================>......] - ETA: 0s - loss: 1.7117 - accuracy: 0.3782
87/98 [=========================>....] - ETA: 0s - loss: 1.7106 - accuracy: 0.3785
93/98 [===========================>..] - ETA: 0s - loss: 1.7095 - accuracy: 0.3781
98/98 [==============================] - 1s 14ms/step - loss: 1.7097 - accuracy: 0.3781 - val_loss: 1.6198 - val_accuracy: 0.4127
Epoch 11/194

 1/98 [..............................] - ETA: 3s - loss: 1.6615 - accuracy: 0.3809
 8/98 [=>............................] - ETA: 0s - loss: 1.6784 - accuracy: 0.3870
14/98 [===>..........................] - ETA: 0s - loss: 1.6787 - accuracy: 0.3894
20/98 [=====>........................] - ETA: 0s - loss: 1.6886 - accuracy: 0.3856
27/98 [=======>......................] - ETA: 0s - loss: 1.6891 - accuracy: 0.3838
33/98 [=========>....................] - ETA: 0s - loss: 1.6947 - accuracy: 0.3820
39/98 [==========>...................] - ETA: 0s - loss: 1.6983 - accuracy: 0.3814
46/98 [=============>................] - ETA: 0s - loss: 1.6967 - accuracy: 0.3795
52/98 [==============>...............] - ETA: 0s - loss: 1.6971 - accuracy: 0.3782
58/98 [================>.............] - ETA: 0s - loss: 1.6952 - accuracy: 0.3785
65/98 [==================>...........] - ETA: 0s - loss: 1.6947 - accuracy: 0.3784
71/98 [====================>.........] - ETA: 0s - loss: 1.6968 - accuracy: 0.3764
78/98 [======================>.......] - ETA: 0s - loss: 1.6963 - accuracy: 0.3772
84/98 [========================>.....] - ETA: 0s - loss: 1.6971 - accuracy: 0.3787
90/98 [==========================>...] - ETA: 0s - loss: 1.7009 - accuracy: 0.3776
97/98 [============================>.] - ETA: 0s - loss: 1.7054 - accuracy: 0.3758
98/98 [==============================] - 1s 14ms/step - loss: 1.7070 - accuracy: 0.3751 - val_loss: 1.7281 - val_accuracy: 0.3832
Epoch 12/194

 1/98 [..............................] - ETA: 3s - loss: 1.8232 - accuracy: 0.3281
 8/98 [=>............................] - ETA: 0s - loss: 1.7475 - accuracy: 0.3640
14/98 [===>..........................] - ETA: 0s - loss: 1.7355 - accuracy: 0.3643
20/98 [=====>........................] - ETA: 0s - loss: 1.7141 - accuracy: 0.3771
27/98 [=======>......................] - ETA: 0s - loss: 1.7192 - accuracy: 0.3751
33/98 [=========>....................] - ETA: 0s - loss: 1.7305 - accuracy: 0.3728
40/98 [===========>..................] - ETA: 0s - loss: 1.7346 - accuracy: 0.3730
46/98 [=============>................] - ETA: 0s - loss: 1.7373 - accuracy: 0.3734
53/98 [===============>..............] - ETA: 0s - loss: 1.7367 - accuracy: 0.3747
59/98 [=================>............] - ETA: 0s - loss: 1.7351 - accuracy: 0.3761
65/98 [==================>...........] - ETA: 0s - loss: 1.7318 - accuracy: 0.3763
71/98 [====================>.........] - ETA: 0s - loss: 1.7274 - accuracy: 0.3773
76/98 [======================>.......] - ETA: 0s - loss: 1.7284 - accuracy: 0.3765
83/98 [========================>.....] - ETA: 0s - loss: 1.7264 - accuracy: 0.3768
89/98 [==========================>...] - ETA: 0s - loss: 1.7256 - accuracy: 0.3779
95/98 [============================>.] - ETA: 0s - loss: 1.7230 - accuracy: 0.3784
98/98 [==============================] - 1s 14ms/step - loss: 1.7226 - accuracy: 0.3787 - val_loss: 1.6139 - val_accuracy: 0.3989
Epoch 13/194

 1/98 [..............................] - ETA: 3s - loss: 1.6642 - accuracy: 0.4102
 7/98 [=>............................] - ETA: 0s - loss: 1.7113 - accuracy: 0.3661
13/98 [==>...........................] - ETA: 0s - loss: 1.7039 - accuracy: 0.3663
19/98 [====>.........................] - ETA: 0s - loss: 1.7199 - accuracy: 0.3649
25/98 [======>.......................] - ETA: 0s - loss: 1.7125 - accuracy: 0.3687
31/98 [========>.....................] - ETA: 0s - loss: 1.7113 - accuracy: 0.3725
38/98 [==========>...................] - ETA: 0s - loss: 1.7080 - accuracy: 0.3726
44/98 [============>.................] - ETA: 0s - loss: 1.7071 - accuracy: 0.3726
51/98 [==============>...............] - ETA: 0s - loss: 1.7057 - accuracy: 0.3729
57/98 [================>.............] - ETA: 0s - loss: 1.7013 - accuracy: 0.3752
64/98 [==================>...........] - ETA: 0s - loss: 1.6988 - accuracy: 0.3759
69/98 [====================>.........] - ETA: 0s - loss: 1.6970 - accuracy: 0.3767
75/98 [=====================>........] - ETA: 0s - loss: 1.6961 - accuracy: 0.3784
81/98 [=======================>......] - ETA: 0s - loss: 1.6945 - accuracy: 0.3796
87/98 [=========================>....] - ETA: 0s - loss: 1.6918 - accuracy: 0.3815
93/98 [===========================>..] - ETA: 0s - loss: 1.6898 - accuracy: 0.3824
98/98 [==============================] - 1s 14ms/step - loss: 1.6889 - accuracy: 0.3836 - val_loss: 1.5888 - val_accuracy: 0.4211
Epoch 14/194

 1/98 [..............................] - ETA: 1s - loss: 1.7075 - accuracy: 0.3789
 6/98 [>.............................] - ETA: 1s - loss: 1.7102 - accuracy: 0.3851
13/98 [==>...........................] - ETA: 0s - loss: 1.6860 - accuracy: 0.3933
19/98 [====>.........................] - ETA: 0s - loss: 1.6741 - accuracy: 0.3982
25/98 [======>.......................] - ETA: 0s - loss: 1.6789 - accuracy: 0.3967
32/98 [========>.....................] - ETA: 0s - loss: 1.6792 - accuracy: 0.3964
38/98 [==========>...................] - ETA: 0s - loss: 1.6801 - accuracy: 0.3973
44/98 [============>.................] - ETA: 0s - loss: 1.6826 - accuracy: 0.3978
51/98 [==============>...............] - ETA: 0s - loss: 1.6836 - accuracy: 0.3973
57/98 [================>.............] - ETA: 0s - loss: 1.6823 - accuracy: 0.3970
64/98 [==================>...........] - ETA: 0s - loss: 1.6788 - accuracy: 0.3989
70/98 [====================>.........] - ETA: 0s - loss: 1.6767 - accuracy: 0.3989
77/98 [======================>.......] - ETA: 0s - loss: 1.6740 - accuracy: 0.3991
83/98 [========================>.....] - ETA: 0s - loss: 1.6723 - accuracy: 0.3991
88/98 [=========================>....] - ETA: 0s - loss: 1.6716 - accuracy: 0.3992
94/98 [===========================>..] - ETA: 0s - loss: 1.6728 - accuracy: 0.3983
98/98 [==============================] - 1s 14ms/step - loss: 1.6750 - accuracy: 0.3975 - val_loss: 1.5904 - val_accuracy: 0.4189
Epoch 15/194

 1/98 [..............................] - ETA: 3s - loss: 1.6335 - accuracy: 0.3770
 8/98 [=>............................] - ETA: 0s - loss: 1.6480 - accuracy: 0.3955
13/98 [==>...........................] - ETA: 0s - loss: 1.6417 - accuracy: 0.3999
19/98 [====>.........................] - ETA: 0s - loss: 1.6457 - accuracy: 0.3981
25/98 [======>.......................] - ETA: 0s - loss: 1.6468 - accuracy: 0.3968
32/98 [========>.....................] - ETA: 0s - loss: 1.6514 - accuracy: 0.3987
38/98 [==========>...................] - ETA: 0s - loss: 1.6540 - accuracy: 0.3986
45/98 [============>.................] - ETA: 0s - loss: 1.6561 - accuracy: 0.3979
50/98 [==============>...............] - ETA: 0s - loss: 1.6590 - accuracy: 0.3960
56/98 [================>.............] - ETA: 0s - loss: 1.6605 - accuracy: 0.3969
62/98 [=================>............] - ETA: 0s - loss: 1.6583 - accuracy: 0.3982
69/98 [====================>.........] - ETA: 0s - loss: 1.6592 - accuracy: 0.3983
75/98 [=====================>........] - ETA: 0s - loss: 1.6570 - accuracy: 0.3984
82/98 [========================>.....] - ETA: 0s - loss: 1.6559 - accuracy: 0.3988
88/98 [=========================>....] - ETA: 0s - loss: 1.6578 - accuracy: 0.3984
94/98 [===========================>..] - ETA: 0s - loss: 1.6589 - accuracy: 0.3988
98/98 [==============================] - 1s 14ms/step - loss: 1.6591 - accuracy: 0.3988 - val_loss: 1.6202 - val_accuracy: 0.4167
Epoch 16/194

 1/98 [..............................] - ETA: 3s - loss: 1.7315 - accuracy: 0.3984
 7/98 [=>............................] - ETA: 0s - loss: 1.6638 - accuracy: 0.4046
13/98 [==>...........................] - ETA: 0s - loss: 1.6638 - accuracy: 0.4034
20/98 [=====>........................] - ETA: 0s - loss: 1.6573 - accuracy: 0.4028
26/98 [======>.......................] - ETA: 0s - loss: 1.6560 - accuracy: 0.4018
33/98 [=========>....................] - ETA: 0s - loss: 1.6536 - accuracy: 0.3999
37/98 [==========>...................] - ETA: 0s - loss: 1.6532 - accuracy: 0.3996
43/98 [============>.................] - ETA: 0s - loss: 1.6544 - accuracy: 0.3982
49/98 [==============>...............] - ETA: 0s - loss: 1.6561 - accuracy: 0.3970
55/98 [===============>..............] - ETA: 0s - loss: 1.6564 - accuracy: 0.3971
62/98 [=================>............] - ETA: 0s - loss: 1.6571 - accuracy: 0.3974
68/98 [===================>..........] - ETA: 0s - loss: 1.6575 - accuracy: 0.3969
75/98 [=====================>........] - ETA: 0s - loss: 1.6566 - accuracy: 0.3976
81/98 [=======================>......] - ETA: 0s - loss: 1.6574 - accuracy: 0.3970
87/98 [=========================>....] - ETA: 0s - loss: 1.6586 - accuracy: 0.3963
94/98 [===========================>..] - ETA: 0s - loss: 1.6588 - accuracy: 0.3964
98/98 [==============================] - 1s 15ms/step - loss: 1.6584 - accuracy: 0.3967 - val_loss: 1.5739 - val_accuracy: 0.4281
Epoch 17/194

 1/98 [..............................] - ETA: 1s - loss: 1.5833 - accuracy: 0.4336
 7/98 [=>............................] - ETA: 0s - loss: 1.6227 - accuracy: 0.3979
13/98 [==>...........................] - ETA: 0s - loss: 1.6198 - accuracy: 0.4061
19/98 [====>.........................] - ETA: 0s - loss: 1.6169 - accuracy: 0.4081
26/98 [======>.......................] - ETA: 0s - loss: 1.6218 - accuracy: 0.4054
32/98 [========>.....................] - ETA: 0s - loss: 1.6221 - accuracy: 0.4066
39/98 [==========>...................] - ETA: 0s - loss: 1.6265 - accuracy: 0.4062
45/98 [============>.................] - ETA: 0s - loss: 1.6348 - accuracy: 0.4029
52/98 [==============>...............] - ETA: 0s - loss: 1.6370 - accuracy: 0.4019
58/98 [================>.............] - ETA: 0s - loss: 1.6383 - accuracy: 0.4030
64/98 [==================>...........] - ETA: 0s - loss: 1.6411 - accuracy: 0.4020
70/98 [====================>.........] - ETA: 0s - loss: 1.6416 - accuracy: 0.4020
77/98 [======================>.......] - ETA: 0s - loss: 1.6455 - accuracy: 0.4010
83/98 [========================>.....] - ETA: 0s - loss: 1.6462 - accuracy: 0.4018
90/98 [==========================>...] - ETA: 0s - loss: 1.6493 - accuracy: 0.4009
96/98 [============================>.] - ETA: 0s - loss: 1.6531 - accuracy: 0.3997
98/98 [==============================] - 1s 14ms/step - loss: 1.6536 - accuracy: 0.3996 - val_loss: 1.6458 - val_accuracy: 0.4100
Epoch 18/194

 1/98 [..............................] - ETA: 3s - loss: 1.6083 - accuracy: 0.3945
 8/98 [=>............................] - ETA: 0s - loss: 1.6930 - accuracy: 0.3938
14/98 [===>..........................] - ETA: 0s - loss: 1.6805 - accuracy: 0.3987
21/98 [=====>........................] - ETA: 0s - loss: 1.6689 - accuracy: 0.4021
27/98 [=======>......................] - ETA: 0s - loss: 1.6728 - accuracy: 0.3981
33/98 [=========>....................] - ETA: 0s - loss: 1.6614 - accuracy: 0.3994
40/98 [===========>..................] - ETA: 0s - loss: 1.6528 - accuracy: 0.4043
46/98 [=============>................] - ETA: 0s - loss: 1.6477 - accuracy: 0.4054
52/98 [==============>...............] - ETA: 0s - loss: 1.6454 - accuracy: 0.4060
59/98 [=================>............] - ETA: 0s - loss: 1.6411 - accuracy: 0.4073
65/98 [==================>...........] - ETA: 0s - loss: 1.6401 - accuracy: 0.4059
71/98 [====================>.........] - ETA: 0s - loss: 1.6435 - accuracy: 0.4043
77/98 [======================>.......] - ETA: 0s - loss: 1.6469 - accuracy: 0.4022
84/98 [========================>.....] - ETA: 0s - loss: 1.6503 - accuracy: 0.4006
90/98 [==========================>...] - ETA: 0s - loss: 1.6484 - accuracy: 0.4008
96/98 [============================>.] - ETA: 0s - loss: 1.6486 - accuracy: 0.4009
98/98 [==============================] - 1s 14ms/step - loss: 1.6467 - accuracy: 0.4016 - val_loss: 1.5743 - val_accuracy: 0.4254
Epoch 19/194

 1/98 [..............................] - ETA: 3s - loss: 1.7083 - accuracy: 0.3613
 7/98 [=>............................] - ETA: 0s - loss: 1.6355 - accuracy: 0.3990
14/98 [===>..........................] - ETA: 0s - loss: 1.6374 - accuracy: 0.3994
20/98 [=====>........................] - ETA: 0s - loss: 1.6281 - accuracy: 0.4067
27/98 [=======>......................] - ETA: 0s - loss: 1.6298 - accuracy: 0.4086
33/98 [=========>....................] - ETA: 0s - loss: 1.6376 - accuracy: 0.4077
39/98 [==========>...................] - ETA: 0s - loss: 1.6398 - accuracy: 0.4067
45/98 [============>.................] - ETA: 0s - loss: 1.6365 - accuracy: 0.4066
52/98 [==============>...............] - ETA: 0s - loss: 1.6411 - accuracy: 0.4067
58/98 [================>.............] - ETA: 0s - loss: 1.6407 - accuracy: 0.4075
64/98 [==================>...........] - ETA: 0s - loss: 1.6411 - accuracy: 0.4074
71/98 [====================>.........] - ETA: 0s - loss: 1.6411 - accuracy: 0.4071
77/98 [======================>.......] - ETA: 0s - loss: 1.6398 - accuracy: 0.4083
83/98 [========================>.....] - ETA: 0s - loss: 1.6411 - accuracy: 0.4073
90/98 [==========================>...] - ETA: 0s - loss: 1.6464 - accuracy: 0.4048
96/98 [============================>.] - ETA: 0s - loss: 1.6468 - accuracy: 0.4049
98/98 [==============================] - 1s 14ms/step - loss: 1.6465 - accuracy: 0.4045 - val_loss: 1.5649 - val_accuracy: 0.4380
Epoch 20/194

 1/98 [..............................] - ETA: 2s - loss: 1.7172 - accuracy: 0.3809
 7/98 [=>............................] - ETA: 0s - loss: 1.6319 - accuracy: 0.4208
14/98 [===>..........................] - ETA: 0s - loss: 1.6391 - accuracy: 0.4109
20/98 [=====>........................] - ETA: 0s - loss: 1.6406 - accuracy: 0.4115
27/98 [=======>......................] - ETA: 0s - loss: 1.6416 - accuracy: 0.4098
33/98 [=========>....................] - ETA: 0s - loss: 1.6413 - accuracy: 0.4075
40/98 [===========>..................] - ETA: 0s - loss: 1.6474 - accuracy: 0.4046
46/98 [=============>................] - ETA: 0s - loss: 1.6511 - accuracy: 0.4028
52/98 [==============>...............] - ETA: 0s - loss: 1.6536 - accuracy: 0.4025
59/98 [=================>............] - ETA: 0s - loss: 1.6477 - accuracy: 0.4044
65/98 [==================>...........] - ETA: 0s - loss: 1.6468 - accuracy: 0.4034
72/98 [=====================>........] - ETA: 0s - loss: 1.6448 - accuracy: 0.4031
78/98 [======================>.......] - ETA: 0s - loss: 1.6418 - accuracy: 0.4043
84/98 [========================>.....] - ETA: 0s - loss: 1.6414 - accuracy: 0.4044
91/98 [==========================>...] - ETA: 0s - loss: 1.6398 - accuracy: 0.4056
97/98 [============================>.] - ETA: 0s - loss: 1.6409 - accuracy: 0.4058
98/98 [==============================] - 1s 14ms/step - loss: 1.6406 - accuracy: 0.4058 - val_loss: 1.5445 - val_accuracy: 0.4424
Epoch 21/194

 1/98 [..............................] - ETA: 3s - loss: 1.6697 - accuracy: 0.3750
 7/98 [=>............................] - ETA: 0s - loss: 1.6309 - accuracy: 0.4007
13/98 [==>...........................] - ETA: 0s - loss: 1.6430 - accuracy: 0.4008
20/98 [=====>........................] - ETA: 0s - loss: 1.6407 - accuracy: 0.4059
26/98 [======>.......................] - ETA: 0s - loss: 1.6361 - accuracy: 0.4097
33/98 [=========>....................] - ETA: 0s - loss: 1.6406 - accuracy: 0.4076
39/98 [==========>...................] - ETA: 0s - loss: 1.6381 - accuracy: 0.4089
45/98 [============>.................] - ETA: 0s - loss: 1.6391 - accuracy: 0.4084
52/98 [==============>...............] - ETA: 0s - loss: 1.6394 - accuracy: 0.4082
58/98 [================>.............] - ETA: 0s - loss: 1.6365 - accuracy: 0.4080
64/98 [==================>...........] - ETA: 0s - loss: 1.6357 - accuracy: 0.4088
71/98 [====================>.........] - ETA: 0s - loss: 1.6360 - accuracy: 0.4085
77/98 [======================>.......] - ETA: 0s - loss: 1.6335 - accuracy: 0.4091
84/98 [========================>.....] - ETA: 0s - loss: 1.6299 - accuracy: 0.4095
90/98 [==========================>...] - ETA: 0s - loss: 1.6275 - accuracy: 0.4107
97/98 [============================>.] - ETA: 0s - loss: 1.6236 - accuracy: 0.4118
98/98 [==============================] - 1s 14ms/step - loss: 1.6242 - accuracy: 0.4115 - val_loss: 1.5323 - val_accuracy: 0.4433
Epoch 22/194

 1/98 [..............................] - ETA: 3s - loss: 1.6270 - accuracy: 0.4238
 7/98 [=>............................] - ETA: 0s - loss: 1.5996 - accuracy: 0.4280
14/98 [===>..........................] - ETA: 0s - loss: 1.5970 - accuracy: 0.4263
20/98 [=====>........................] - ETA: 0s - loss: 1.5985 - accuracy: 0.4244
26/98 [======>.......................] - ETA: 0s - loss: 1.5985 - accuracy: 0.4233
33/98 [=========>....................] - ETA: 0s - loss: 1.6032 - accuracy: 0.4212
39/98 [==========>...................] - ETA: 0s - loss: 1.6056 - accuracy: 0.4191
45/98 [============>.................] - ETA: 0s - loss: 1.6131 - accuracy: 0.4162
52/98 [==============>...............] - ETA: 0s - loss: 1.6280 - accuracy: 0.4097
58/98 [================>.............] - ETA: 0s - loss: 1.6363 - accuracy: 0.4052
65/98 [==================>...........] - ETA: 0s - loss: 1.6356 - accuracy: 0.4048
71/98 [====================>.........] - ETA: 0s - loss: 1.6378 - accuracy: 0.4040
77/98 [======================>.......] - ETA: 0s - loss: 1.6382 - accuracy: 0.4041
84/98 [========================>.....] - ETA: 0s - loss: 1.6378 - accuracy: 0.4038
90/98 [==========================>...] - ETA: 0s - loss: 1.6375 - accuracy: 0.4039
96/98 [============================>.] - ETA: 0s - loss: 1.6357 - accuracy: 0.4056
98/98 [==============================] - 1s 14ms/step - loss: 1.6364 - accuracy: 0.4059 - val_loss: 1.5420 - val_accuracy: 0.4452
Epoch 23/194

 1/98 [..............................] - ETA: 3s - loss: 1.6784 - accuracy: 0.3906
 7/98 [=>............................] - ETA: 0s - loss: 1.6277 - accuracy: 0.4102
13/98 [==>...........................] - ETA: 0s - loss: 1.6163 - accuracy: 0.4126
20/98 [=====>........................] - ETA: 0s - loss: 1.6142 - accuracy: 0.4100
26/98 [======>.......................] - ETA: 0s - loss: 1.6174 - accuracy: 0.4101
33/98 [=========>....................] - ETA: 0s - loss: 1.6175 - accuracy: 0.4103
39/98 [==========>...................] - ETA: 0s - loss: 1.6179 - accuracy: 0.4111
45/98 [============>.................] - ETA: 0s - loss: 1.6153 - accuracy: 0.4106
52/98 [==============>...............] - ETA: 0s - loss: 1.6134 - accuracy: 0.4131
58/98 [================>.............] - ETA: 0s - loss: 1.6121 - accuracy: 0.4142
65/98 [==================>...........] - ETA: 0s - loss: 1.6155 - accuracy: 0.4109
71/98 [====================>.........] - ETA: 0s - loss: 1.6197 - accuracy: 0.4083
77/98 [======================>.......] - ETA: 0s - loss: 1.6303 - accuracy: 0.4054
83/98 [========================>.....] - ETA: 0s - loss: 1.6334 - accuracy: 0.4035
90/98 [==========================>...] - ETA: 0s - loss: 1.6363 - accuracy: 0.4036
96/98 [============================>.] - ETA: 0s - loss: 1.6365 - accuracy: 0.4039
98/98 [==============================] - 1s 14ms/step - loss: 1.6366 - accuracy: 0.4039 - val_loss: 1.5661 - val_accuracy: 0.4343
Epoch 24/194

 1/98 [..............................] - ETA: 1s - loss: 1.6063 - accuracy: 0.4062
 6/98 [>.............................] - ETA: 1s - loss: 1.6662 - accuracy: 0.3919
12/98 [==>...........................] - ETA: 0s - loss: 1.6480 - accuracy: 0.4020
18/98 [====>.........................] - ETA: 0s - loss: 1.6350 - accuracy: 0.4042
24/98 [======>.......................] - ETA: 0s - loss: 1.6280 - accuracy: 0.4088
31/98 [========>.....................] - ETA: 0s - loss: 1.6258 - accuracy: 0.4083
37/98 [==========>...................] - ETA: 0s - loss: 1.6228 - accuracy: 0.4089
43/98 [============>.................] - ETA: 0s - loss: 1.6160 - accuracy: 0.4116
50/98 [==============>...............] - ETA: 0s - loss: 1.6106 - accuracy: 0.4137
56/98 [================>.............] - ETA: 0s - loss: 1.6090 - accuracy: 0.4166
62/98 [=================>............] - ETA: 0s - loss: 1.6115 - accuracy: 0.4161
68/98 [===================>..........] - ETA: 0s - loss: 1.6117 - accuracy: 0.4157
75/98 [=====================>........] - ETA: 0s - loss: 1.6124 - accuracy: 0.4136
81/98 [=======================>......] - ETA: 0s - loss: 1.6127 - accuracy: 0.4138
87/98 [=========================>....] - ETA: 0s - loss: 1.6115 - accuracy: 0.4149
94/98 [===========================>..] - ETA: 0s - loss: 1.6122 - accuracy: 0.4143
98/98 [==============================] - 1s 14ms/step - loss: 1.6132 - accuracy: 0.4140 - val_loss: 1.5410 - val_accuracy: 0.4475
Epoch 25/194

 1/98 [..............................] - ETA: 1s - loss: 1.5832 - accuracy: 0.4004
 6/98 [>.............................] - ETA: 1s - loss: 1.6000 - accuracy: 0.4209
13/98 [==>...........................] - ETA: 0s - loss: 1.6144 - accuracy: 0.4088
19/98 [====>.........................] - ETA: 0s - loss: 1.6259 - accuracy: 0.4062
25/98 [======>.......................] - ETA: 0s - loss: 1.6179 - accuracy: 0.4075
32/98 [========>.....................] - ETA: 0s - loss: 1.6143 - accuracy: 0.4108
37/98 [==========>...................] - ETA: 0s - loss: 1.6113 - accuracy: 0.4120
43/98 [============>.................] - ETA: 0s - loss: 1.6091 - accuracy: 0.4132
50/98 [==============>...............] - ETA: 0s - loss: 1.6192 - accuracy: 0.4102
56/98 [================>.............] - ETA: 0s - loss: 1.6243 - accuracy: 0.4084
62/98 [=================>............] - ETA: 0s - loss: 1.6234 - accuracy: 0.4088
69/98 [====================>.........] - ETA: 0s - loss: 1.6226 - accuracy: 0.4100
75/98 [=====================>........] - ETA: 0s - loss: 1.6211 - accuracy: 0.4110
82/98 [========================>.....] - ETA: 0s - loss: 1.6190 - accuracy: 0.4122
88/98 [=========================>....] - ETA: 0s - loss: 1.6164 - accuracy: 0.4134
94/98 [===========================>..] - ETA: 0s - loss: 1.6121 - accuracy: 0.4148
98/98 [==============================] - 1s 15ms/step - loss: 1.6112 - accuracy: 0.4150 - val_loss: 1.5295 - val_accuracy: 0.4494
Epoch 26/194

 1/98 [..............................] - ETA: 1s - loss: 1.6278 - accuracy: 0.3730
 7/98 [=>............................] - ETA: 0s - loss: 1.6102 - accuracy: 0.4065
13/98 [==>...........................] - ETA: 0s - loss: 1.6169 - accuracy: 0.4099
