2024-07-27 00:38:26.141322: I tensorflow/core/platform/cpu_feature_guard.cc:193] This TensorFlow binary is optimized with oneAPI Deep Neural Network Library (oneDNN) to use the following CPU instructions in performance-critical operations:  AVX AVX2
To enable them in other operations, rebuild TensorFlow with the appropriate compiler flags.
2024-07-27 00:38:27.078659: I tensorflow/core/common_runtime/gpu/gpu_device.cc:1616] Created device /job:localhost/replica:0/task:0/device:GPU:0 with 6656 MB memory:  -> device: 0, name: NVIDIA GeForce RTX 4060 Ti, pci bus id: 0000:01:00.0, compute capability: 8.9
1 Physical GPUs, 1 Logical GPUs
Model: "sequential"
_________________________________________________________________
 Layer (type)                Output Shape              Param #   
=================================================================
 conv2d (Conv2D)             (None, 32, 32, 32)        896       
                                                                 
 max_pooling2d (MaxPooling2D  (None, 16, 16, 32)       0         
 )                                                               
                                                                 
 conv2d_1 (Conv2D)           (None, 16, 16, 32)        123936    
                                                                 
 dropout (Dropout)           (None, 16, 16, 32)        0         
                                                                 
 flatten (Flatten)           (None, 8192)              0         
                                                                 
 dense (Dense)               (None, 10)                81930     
                                                                 
=================================================================
Total params: 206,762
Trainable params: 206,762
Non-trainable params: 0
_________________________________________________________________
Taxa de aprendizado:  0.0001 Num de épocas:  182 Tamanho do lote:  512 Dropout:  0.46
Epoch 1/182
2024-07-27 00:38:28.727818: I tensorflow/stream_executor/cuda/cuda_dnn.cc:384] Loaded cuDNN version 8100
2024-07-27 00:38:30.058053: W tensorflow/stream_executor/gpu/redzone_allocator.cc:314] INTERNAL: ptxas exited with non-zero error code -1, output: 
Relying on driver to perform ptx compilation. 
Modify $PATH to customize ptxas location.
This message will be only logged once.
2024-07-27 00:38:31.443344: I tensorflow/stream_executor/cuda/cuda_blas.cc:1614] TensorFloat-32 will be used for the matrix multiplication. This will only be logged once.

 1/98 [..............................] - ETA: 8:13 - loss: 2.3241 - accuracy: 0.0801
 3/98 [..............................] - ETA: 3s - loss: 2.3046 - accuracy: 0.1113  
 5/98 [>.............................] - ETA: 3s - loss: 2.2980 - accuracy: 0.1199
 7/98 [=>............................] - ETA: 3s - loss: 2.2942 - accuracy: 0.1272
 9/98 [=>............................] - ETA: 3s - loss: 2.2897 - accuracy: 0.1348
11/98 [==>...........................] - ETA: 3s - loss: 2.2848 - accuracy: 0.1390
13/98 [==>...........................] - ETA: 3s - loss: 2.2811 - accuracy: 0.1415
15/98 [===>..........................] - ETA: 3s - loss: 2.2755 - accuracy: 0.1465
17/98 [====>.........................] - ETA: 3s - loss: 2.2691 - accuracy: 0.1499
19/98 [====>.........................] - ETA: 3s - loss: 2.2632 - accuracy: 0.1565
21/98 [=====>........................] - ETA: 2s - loss: 2.2571 - accuracy: 0.1618
23/98 [======>.......................] - ETA: 2s - loss: 2.2492 - accuracy: 0.1669
25/98 [======>.......................] - ETA: 2s - loss: 2.2423 - accuracy: 0.1702
27/98 [=======>......................] - ETA: 2s - loss: 2.2357 - accuracy: 0.1740
29/98 [=======>......................] - ETA: 2s - loss: 2.2284 - accuracy: 0.1774
31/98 [========>.....................] - ETA: 2s - loss: 2.2217 - accuracy: 0.1813
33/98 [=========>....................] - ETA: 2s - loss: 2.2140 - accuracy: 0.1852
35/98 [=========>....................] - ETA: 2s - loss: 2.2072 - accuracy: 0.1883
37/98 [==========>...................] - ETA: 2s - loss: 2.2004 - accuracy: 0.1923
39/98 [==========>...................] - ETA: 2s - loss: 2.1936 - accuracy: 0.1946
41/98 [===========>..................] - ETA: 2s - loss: 2.1871 - accuracy: 0.1970
43/98 [============>.................] - ETA: 2s - loss: 2.1805 - accuracy: 0.2004
45/98 [============>.................] - ETA: 2s - loss: 2.1737 - accuracy: 0.2037
47/98 [=============>................] - ETA: 1s - loss: 2.1668 - accuracy: 0.2065
49/98 [==============>...............] - ETA: 1s - loss: 2.1610 - accuracy: 0.2091
51/98 [==============>...............] - ETA: 1s - loss: 2.1531 - accuracy: 0.2126
53/98 [===============>..............] - ETA: 1s - loss: 2.1477 - accuracy: 0.2157
55/98 [===============>..............] - ETA: 1s - loss: 2.1413 - accuracy: 0.2178
57/98 [================>.............] - ETA: 1s - loss: 2.1354 - accuracy: 0.2208
59/98 [=================>............] - ETA: 1s - loss: 2.1297 - accuracy: 0.2223
61/98 [=================>............] - ETA: 1s - loss: 2.1243 - accuracy: 0.2243
63/98 [==================>...........] - ETA: 1s - loss: 2.1192 - accuracy: 0.2267
65/98 [==================>...........] - ETA: 1s - loss: 2.1136 - accuracy: 0.2292
67/98 [===================>..........] - ETA: 1s - loss: 2.1088 - accuracy: 0.2318
69/98 [====================>.........] - ETA: 1s - loss: 2.1040 - accuracy: 0.2339
71/98 [====================>.........] - ETA: 1s - loss: 2.0989 - accuracy: 0.2361
73/98 [=====================>........] - ETA: 0s - loss: 2.0946 - accuracy: 0.2386
75/98 [=====================>........] - ETA: 0s - loss: 2.0907 - accuracy: 0.2395
77/98 [======================>.......] - ETA: 0s - loss: 2.0863 - accuracy: 0.2415
79/98 [=======================>......] - ETA: 0s - loss: 2.0814 - accuracy: 0.2435
81/98 [=======================>......] - ETA: 0s - loss: 2.0769 - accuracy: 0.2456
83/98 [========================>.....] - ETA: 0s - loss: 2.0727 - accuracy: 0.2478
85/98 [=========================>....] - ETA: 0s - loss: 2.0692 - accuracy: 0.2495
87/98 [=========================>....] - ETA: 0s - loss: 2.0652 - accuracy: 0.2509
89/98 [==========================>...] - ETA: 0s - loss: 2.0630 - accuracy: 0.2517
91/98 [==========================>...] - ETA: 0s - loss: 2.0589 - accuracy: 0.2532
93/98 [===========================>..] - ETA: 0s - loss: 2.0548 - accuracy: 0.2550
95/98 [============================>.] - ETA: 0s - loss: 2.0505 - accuracy: 0.2566
97/98 [============================>.] - ETA: 0s - loss: 2.0472 - accuracy: 0.2580
98/98 [==============================] - 11s 58ms/step - loss: 2.0451 - accuracy: 0.2589 - val_loss: 1.8253 - val_accuracy: 0.3676
Epoch 2/182

 1/98 [..............................] - ETA: 6s - loss: 1.8083 - accuracy: 0.3613
 3/98 [..............................] - ETA: 2s - loss: 1.8371 - accuracy: 0.3424
 5/98 [>.............................] - ETA: 3s - loss: 1.8233 - accuracy: 0.3461
 6/98 [>.............................] - ETA: 3s - loss: 1.8226 - accuracy: 0.3499
 8/98 [=>............................] - ETA: 3s - loss: 1.8336 - accuracy: 0.3486
10/98 [==>...........................] - ETA: 3s - loss: 1.8348 - accuracy: 0.3469
12/98 [==>...........................] - ETA: 3s - loss: 1.8399 - accuracy: 0.3472
14/98 [===>..........................] - ETA: 3s - loss: 1.8355 - accuracy: 0.3486
16/98 [===>..........................] - ETA: 3s - loss: 1.8315 - accuracy: 0.3503
18/98 [====>.........................] - ETA: 3s - loss: 1.8244 - accuracy: 0.3534
20/98 [=====>........................] - ETA: 2s - loss: 1.8208 - accuracy: 0.3560
22/98 [=====>........................] - ETA: 2s - loss: 1.8240 - accuracy: 0.3551
24/98 [======>.......................] - ETA: 2s - loss: 1.8200 - accuracy: 0.3585
26/98 [======>.......................] - ETA: 2s - loss: 1.8170 - accuracy: 0.3610
28/98 [=======>......................] - ETA: 2s - loss: 1.8141 - accuracy: 0.3610
30/98 [========>.....................] - ETA: 2s - loss: 1.8122 - accuracy: 0.3611
32/98 [========>.....................] - ETA: 2s - loss: 1.8098 - accuracy: 0.3610
34/98 [=========>....................] - ETA: 2s - loss: 1.8085 - accuracy: 0.3597
36/98 [==========>...................] - ETA: 2s - loss: 1.8063 - accuracy: 0.3609
38/98 [==========>...................] - ETA: 2s - loss: 1.8035 - accuracy: 0.3615
40/98 [===========>..................] - ETA: 2s - loss: 1.8017 - accuracy: 0.3619
42/98 [===========>..................] - ETA: 2s - loss: 1.8007 - accuracy: 0.3626
44/98 [============>.................] - ETA: 2s - loss: 1.7976 - accuracy: 0.3636
46/98 [=============>................] - ETA: 1s - loss: 1.7959 - accuracy: 0.3639
48/98 [=============>................] - ETA: 1s - loss: 1.7945 - accuracy: 0.3646
50/98 [==============>...............] - ETA: 1s - loss: 1.7916 - accuracy: 0.3656
52/98 [==============>...............] - ETA: 1s - loss: 1.7881 - accuracy: 0.3671
54/98 [===============>..............] - ETA: 1s - loss: 1.7864 - accuracy: 0.3676
56/98 [================>.............] - ETA: 1s - loss: 1.7846 - accuracy: 0.3681
58/98 [================>.............] - ETA: 1s - loss: 1.7825 - accuracy: 0.3686
60/98 [=================>............] - ETA: 1s - loss: 1.7807 - accuracy: 0.3689
62/98 [=================>............] - ETA: 1s - loss: 1.7787 - accuracy: 0.3695
64/98 [==================>...........] - ETA: 1s - loss: 1.7780 - accuracy: 0.3696
66/98 [===================>..........] - ETA: 1s - loss: 1.7759 - accuracy: 0.3706
68/98 [===================>..........] - ETA: 1s - loss: 1.7747 - accuracy: 0.3705
70/98 [====================>.........] - ETA: 1s - loss: 1.7733 - accuracy: 0.3711
72/98 [=====================>........] - ETA: 0s - loss: 1.7722 - accuracy: 0.3712
74/98 [=====================>........] - ETA: 0s - loss: 1.7707 - accuracy: 0.3714
76/98 [======================>.......] - ETA: 0s - loss: 1.7683 - accuracy: 0.3722
78/98 [======================>.......] - ETA: 0s - loss: 1.7666 - accuracy: 0.3726
80/98 [=======================>......] - ETA: 0s - loss: 1.7656 - accuracy: 0.3729
82/98 [========================>.....] - ETA: 0s - loss: 1.7638 - accuracy: 0.3734
84/98 [========================>.....] - ETA: 0s - loss: 1.7613 - accuracy: 0.3740
86/98 [=========================>....] - ETA: 0s - loss: 1.7596 - accuracy: 0.3745
88/98 [=========================>....] - ETA: 0s - loss: 1.7577 - accuracy: 0.3753
90/98 [==========================>...] - ETA: 0s - loss: 1.7563 - accuracy: 0.3756
92/98 [===========================>..] - ETA: 0s - loss: 1.7541 - accuracy: 0.3763
94/98 [===========================>..] - ETA: 0s - loss: 1.7524 - accuracy: 0.3764
96/98 [============================>.] - ETA: 0s - loss: 1.7509 - accuracy: 0.3768
98/98 [==============================] - ETA: 0s - loss: 1.7495 - accuracy: 0.3776
98/98 [==============================] - 5s 48ms/step - loss: 1.7495 - accuracy: 0.3776 - val_loss: 1.6196 - val_accuracy: 0.4334
Epoch 3/182

 1/98 [..............................] - ETA: 6s - loss: 1.6417 - accuracy: 0.3887
 3/98 [..............................] - ETA: 2s - loss: 1.6405 - accuracy: 0.4036
 5/98 [>.............................] - ETA: 3s - loss: 1.6412 - accuracy: 0.4062
 7/98 [=>............................] - ETA: 3s - loss: 1.6393 - accuracy: 0.4090
 9/98 [=>............................] - ETA: 3s - loss: 1.6328 - accuracy: 0.4138
11/98 [==>...........................] - ETA: 3s - loss: 1.6330 - accuracy: 0.4160
13/98 [==>...........................] - ETA: 3s - loss: 1.6322 - accuracy: 0.4163
15/98 [===>..........................] - ETA: 3s - loss: 1.6357 - accuracy: 0.4169
17/98 [====>.........................] - ETA: 3s - loss: 1.6348 - accuracy: 0.4154
19/98 [====>.........................] - ETA: 3s - loss: 1.6328 - accuracy: 0.4179
21/98 [=====>........................] - ETA: 2s - loss: 1.6336 - accuracy: 0.4187
23/98 [======>.......................] - ETA: 2s - loss: 1.6329 - accuracy: 0.4180
25/98 [======>.......................] - ETA: 2s - loss: 1.6277 - accuracy: 0.4210
27/98 [=======>......................] - ETA: 2s - loss: 1.6211 - accuracy: 0.4232
29/98 [=======>......................] - ETA: 2s - loss: 1.6222 - accuracy: 0.4218
31/98 [========>.....................] - ETA: 2s - loss: 1.6253 - accuracy: 0.4209
33/98 [=========>....................] - ETA: 2s - loss: 1.6238 - accuracy: 0.4213
35/98 [=========>....................] - ETA: 2s - loss: 1.6245 - accuracy: 0.4203
37/98 [==========>...................] - ETA: 2s - loss: 1.6194 - accuracy: 0.4211
40/98 [===========>..................] - ETA: 2s - loss: 1.6165 - accuracy: 0.4218
42/98 [===========>..................] - ETA: 2s - loss: 1.6161 - accuracy: 0.4224
44/98 [============>.................] - ETA: 2s - loss: 1.6160 - accuracy: 0.4221
46/98 [=============>................] - ETA: 1s - loss: 1.6149 - accuracy: 0.4228
48/98 [=============>................] - ETA: 1s - loss: 1.6127 - accuracy: 0.4231
50/98 [==============>...............] - ETA: 1s - loss: 1.6103 - accuracy: 0.4239
52/98 [==============>...............] - ETA: 1s - loss: 1.6074 - accuracy: 0.4254
54/98 [===============>..............] - ETA: 1s - loss: 1.6063 - accuracy: 0.4252
56/98 [================>.............] - ETA: 1s - loss: 1.6038 - accuracy: 0.4266
58/98 [================>.............] - ETA: 1s - loss: 1.6034 - accuracy: 0.4267
60/98 [=================>............] - ETA: 1s - loss: 1.6030 - accuracy: 0.4270
62/98 [=================>............] - ETA: 1s - loss: 1.6028 - accuracy: 0.4272
64/98 [==================>...........] - ETA: 1s - loss: 1.6012 - accuracy: 0.4278
66/98 [===================>..........] - ETA: 1s - loss: 1.6003 - accuracy: 0.4281
68/98 [===================>..........] - ETA: 1s - loss: 1.6000 - accuracy: 0.4283
70/98 [====================>.........] - ETA: 1s - loss: 1.6004 - accuracy: 0.4283
72/98 [=====================>........] - ETA: 0s - loss: 1.5995 - accuracy: 0.4277
74/98 [=====================>........] - ETA: 0s - loss: 1.5997 - accuracy: 0.4276
76/98 [======================>.......] - ETA: 0s - loss: 1.5996 - accuracy: 0.4280
78/98 [======================>.......] - ETA: 0s - loss: 1.5985 - accuracy: 0.4288
80/98 [=======================>......] - ETA: 0s - loss: 1.5973 - accuracy: 0.4292
82/98 [========================>.....] - ETA: 0s - loss: 1.5967 - accuracy: 0.4296
84/98 [========================>.....] - ETA: 0s - loss: 1.5951 - accuracy: 0.4302
86/98 [=========================>....] - ETA: 0s - loss: 1.5958 - accuracy: 0.4297
88/98 [=========================>....] - ETA: 0s - loss: 1.5955 - accuracy: 0.4298
90/98 [==========================>...] - ETA: 0s - loss: 1.5947 - accuracy: 0.4307
92/98 [===========================>..] - ETA: 0s - loss: 1.5945 - accuracy: 0.4304
94/98 [===========================>..] - ETA: 0s - loss: 1.5936 - accuracy: 0.4304
96/98 [============================>.] - ETA: 0s - loss: 1.5926 - accuracy: 0.4309
98/98 [==============================] - ETA: 0s - loss: 1.5935 - accuracy: 0.4306
98/98 [==============================] - 5s 48ms/step - loss: 1.5935 - accuracy: 0.4306 - val_loss: 1.5122 - val_accuracy: 0.4690
Epoch 4/182

 1/98 [..............................] - ETA: 6s - loss: 1.6122 - accuracy: 0.4199
 3/98 [..............................] - ETA: 3s - loss: 1.5946 - accuracy: 0.4193
 5/98 [>.............................] - ETA: 3s - loss: 1.5625 - accuracy: 0.4379
 7/98 [=>............................] - ETA: 3s - loss: 1.5529 - accuracy: 0.4448
 9/98 [=>............................] - ETA: 3s - loss: 1.5465 - accuracy: 0.4481
11/98 [==>...........................] - ETA: 3s - loss: 1.5346 - accuracy: 0.4515
13/98 [==>...........................] - ETA: 3s - loss: 1.5391 - accuracy: 0.4509
15/98 [===>..........................] - ETA: 3s - loss: 1.5415 - accuracy: 0.4483
17/98 [====>.........................] - ETA: 3s - loss: 1.5398 - accuracy: 0.4512
19/98 [====>.........................] - ETA: 2s - loss: 1.5409 - accuracy: 0.4505
21/98 [=====>........................] - ETA: 2s - loss: 1.5402 - accuracy: 0.4499
23/98 [======>.......................] - ETA: 2s - loss: 1.5341 - accuracy: 0.4534
25/98 [======>.......................] - ETA: 2s - loss: 1.5316 - accuracy: 0.4542
27/98 [=======>......................] - ETA: 2s - loss: 1.5301 - accuracy: 0.4544
29/98 [=======>......................] - ETA: 2s - loss: 1.5291 - accuracy: 0.4549
31/98 [========>.....................] - ETA: 2s - loss: 1.5285 - accuracy: 0.4557
33/98 [=========>....................] - ETA: 2s - loss: 1.5284 - accuracy: 0.4556
35/98 [=========>....................] - ETA: 2s - loss: 1.5293 - accuracy: 0.4544
37/98 [==========>...................] - ETA: 2s - loss: 1.5283 - accuracy: 0.4546
39/98 [==========>...................] - ETA: 2s - loss: 1.5264 - accuracy: 0.4549
41/98 [===========>..................] - ETA: 2s - loss: 1.5247 - accuracy: 0.4564
43/98 [============>.................] - ETA: 2s - loss: 1.5230 - accuracy: 0.4565
45/98 [============>.................] - ETA: 2s - loss: 1.5224 - accuracy: 0.4564
47/98 [=============>................] - ETA: 1s - loss: 1.5205 - accuracy: 0.4575
49/98 [==============>...............] - ETA: 1s - loss: 1.5182 - accuracy: 0.4583
51/98 [==============>...............] - ETA: 1s - loss: 1.5168 - accuracy: 0.4586
53/98 [===============>..............] - ETA: 1s - loss: 1.5165 - accuracy: 0.4591
55/98 [===============>..............] - ETA: 1s - loss: 1.5154 - accuracy: 0.4597
57/98 [================>.............] - ETA: 1s - loss: 1.5145 - accuracy: 0.4600
59/98 [=================>............] - ETA: 1s - loss: 1.5133 - accuracy: 0.4601
61/98 [=================>............] - ETA: 1s - loss: 1.5133 - accuracy: 0.4603
63/98 [==================>...........] - ETA: 1s - loss: 1.5120 - accuracy: 0.4608
65/98 [==================>...........] - ETA: 1s - loss: 1.5111 - accuracy: 0.4613
67/98 [===================>..........] - ETA: 1s - loss: 1.5106 - accuracy: 0.4613
69/98 [====================>.........] - ETA: 1s - loss: 1.5092 - accuracy: 0.4616
71/98 [====================>.........] - ETA: 1s - loss: 1.5073 - accuracy: 0.4627
73/98 [=====================>........] - ETA: 0s - loss: 1.5066 - accuracy: 0.4632
75/98 [=====================>........] - ETA: 0s - loss: 1.5054 - accuracy: 0.4634
77/98 [======================>.......] - ETA: 0s - loss: 1.5063 - accuracy: 0.4630
79/98 [=======================>......] - ETA: 0s - loss: 1.5068 - accuracy: 0.4631
81/98 [=======================>......] - ETA: 0s - loss: 1.5064 - accuracy: 0.4627
83/98 [========================>.....] - ETA: 0s - loss: 1.5051 - accuracy: 0.4632
85/98 [=========================>....] - ETA: 0s - loss: 1.5045 - accuracy: 0.4635
87/98 [=========================>....] - ETA: 0s - loss: 1.5040 - accuracy: 0.4636
89/98 [==========================>...] - ETA: 0s - loss: 1.5028 - accuracy: 0.4640
91/98 [==========================>...] - ETA: 0s - loss: 1.5020 - accuracy: 0.4640
93/98 [===========================>..] - ETA: 0s - loss: 1.5016 - accuracy: 0.4638
95/98 [============================>.] - ETA: 0s - loss: 1.5015 - accuracy: 0.4637
97/98 [============================>.] - ETA: 0s - loss: 1.5007 - accuracy: 0.4638
98/98 [==============================] - 5s 49ms/step - loss: 1.5011 - accuracy: 0.4633 - val_loss: 1.4334 - val_accuracy: 0.4965
Epoch 5/182

 1/98 [..............................] - ETA: 6s - loss: 1.4498 - accuracy: 0.4414
 3/98 [..............................] - ETA: 2s - loss: 1.4259 - accuracy: 0.4805
 5/98 [>.............................] - ETA: 3s - loss: 1.4499 - accuracy: 0.4742
 7/98 [=>............................] - ETA: 3s - loss: 1.4484 - accuracy: 0.4724
 9/98 [=>............................] - ETA: 3s - loss: 1.4556 - accuracy: 0.4750
11/98 [==>...........................] - ETA: 3s - loss: 1.4586 - accuracy: 0.4728
13/98 [==>...........................] - ETA: 3s - loss: 1.4592 - accuracy: 0.4701
15/98 [===>..........................] - ETA: 3s - loss: 1.4583 - accuracy: 0.4689
17/98 [====>.........................] - ETA: 3s - loss: 1.4641 - accuracy: 0.4682
19/98 [====>.........................] - ETA: 2s - loss: 1.4625 - accuracy: 0.4686
21/98 [=====>........................] - ETA: 2s - loss: 1.4633 - accuracy: 0.4682
23/98 [======>.......................] - ETA: 2s - loss: 1.4640 - accuracy: 0.4699
25/98 [======>.......................] - ETA: 2s - loss: 1.4632 - accuracy: 0.4709
27/98 [=======>......................] - ETA: 2s - loss: 1.4640 - accuracy: 0.4713
29/98 [=======>......................] - ETA: 2s - loss: 1.4607 - accuracy: 0.4723
31/98 [========>.....................] - ETA: 2s - loss: 1.4622 - accuracy: 0.4728
33/98 [=========>....................] - ETA: 2s - loss: 1.4624 - accuracy: 0.4728
35/98 [=========>....................] - ETA: 2s - loss: 1.4637 - accuracy: 0.4726
37/98 [==========>...................] - ETA: 2s - loss: 1.4620 - accuracy: 0.4732
39/98 [==========>...................] - ETA: 2s - loss: 1.4626 - accuracy: 0.4726
41/98 [===========>..................] - ETA: 2s - loss: 1.4620 - accuracy: 0.4736
43/98 [============>.................] - ETA: 2s - loss: 1.4610 - accuracy: 0.4747
45/98 [============>.................] - ETA: 1s - loss: 1.4584 - accuracy: 0.4757
47/98 [=============>................] - ETA: 1s - loss: 1.4569 - accuracy: 0.4775
49/98 [==============>...............] - ETA: 1s - loss: 1.4566 - accuracy: 0.4771
51/98 [==============>...............] - ETA: 1s - loss: 1.4567 - accuracy: 0.4777
53/98 [===============>..............] - ETA: 1s - loss: 1.4579 - accuracy: 0.4768
55/98 [===============>..............] - ETA: 1s - loss: 1.4577 - accuracy: 0.4767
57/98 [================>.............] - ETA: 1s - loss: 1.4570 - accuracy: 0.4770
59/98 [=================>............] - ETA: 1s - loss: 1.4568 - accuracy: 0.4770
61/98 [=================>............] - ETA: 1s - loss: 1.4572 - accuracy: 0.4769
63/98 [==================>...........] - ETA: 1s - loss: 1.4568 - accuracy: 0.4774
65/98 [==================>...........] - ETA: 1s - loss: 1.4566 - accuracy: 0.4771
67/98 [===================>..........] - ETA: 1s - loss: 1.4576 - accuracy: 0.4768
69/98 [====================>.........] - ETA: 1s - loss: 1.4568 - accuracy: 0.4776
71/98 [====================>.........] - ETA: 1s - loss: 1.4568 - accuracy: 0.4775
73/98 [=====================>........] - ETA: 0s - loss: 1.4541 - accuracy: 0.4788
75/98 [=====================>........] - ETA: 0s - loss: 1.4544 - accuracy: 0.4787
76/98 [======================>.......] - ETA: 0s - loss: 1.4543 - accuracy: 0.4787
78/98 [======================>.......] - ETA: 0s - loss: 1.4537 - accuracy: 0.4791
80/98 [=======================>......] - ETA: 0s - loss: 1.4535 - accuracy: 0.4791
82/98 [========================>.....] - ETA: 0s - loss: 1.4534 - accuracy: 0.4791
84/98 [========================>.....] - ETA: 0s - loss: 1.4512 - accuracy: 0.4792
86/98 [=========================>....] - ETA: 0s - loss: 1.4501 - accuracy: 0.4795
88/98 [=========================>....] - ETA: 0s - loss: 1.4494 - accuracy: 0.4799
90/98 [==========================>...] - ETA: 0s - loss: 1.4490 - accuracy: 0.4802
92/98 [===========================>..] - ETA: 0s - loss: 1.4484 - accuracy: 0.4808
94/98 [===========================>..] - ETA: 0s - loss: 1.4469 - accuracy: 0.4813
96/98 [============================>.] - ETA: 0s - loss: 1.4469 - accuracy: 0.4812
98/98 [==============================] - ETA: 0s - loss: 1.4459 - accuracy: 0.4816
98/98 [==============================] - 5s 48ms/step - loss: 1.4459 - accuracy: 0.4816 - val_loss: 1.3889 - val_accuracy: 0.5074
Epoch 6/182

 1/98 [..............................] - ETA: 4s - loss: 1.3919 - accuracy: 0.5156
 3/98 [..............................] - ETA: 3s - loss: 1.4240 - accuracy: 0.4993
 5/98 [>.............................] - ETA: 3s - loss: 1.4300 - accuracy: 0.4902
 7/98 [=>............................] - ETA: 3s - loss: 1.4209 - accuracy: 0.4975
 9/98 [=>............................] - ETA: 3s - loss: 1.4189 - accuracy: 0.4948
11/98 [==>...........................] - ETA: 3s - loss: 1.4240 - accuracy: 0.4909
13/98 [==>...........................] - ETA: 3s - loss: 1.4305 - accuracy: 0.4887
15/98 [===>..........................] - ETA: 3s - loss: 1.4277 - accuracy: 0.4884
17/98 [====>.........................] - ETA: 3s - loss: 1.4300 - accuracy: 0.4884
19/98 [====>.........................] - ETA: 3s - loss: 1.4247 - accuracy: 0.4887
21/98 [=====>........................] - ETA: 2s - loss: 1.4216 - accuracy: 0.4914
23/98 [======>.......................] - ETA: 2s - loss: 1.4186 - accuracy: 0.4935
25/98 [======>.......................] - ETA: 2s - loss: 1.4172 - accuracy: 0.4941
27/98 [=======>......................] - ETA: 2s - loss: 1.4119 - accuracy: 0.4938
29/98 [=======>......................] - ETA: 2s - loss: 1.4094 - accuracy: 0.4964
31/98 [========>.....................] - ETA: 2s - loss: 1.4108 - accuracy: 0.4973
33/98 [=========>....................] - ETA: 2s - loss: 1.4128 - accuracy: 0.4960
35/98 [=========>....................] - ETA: 2s - loss: 1.4096 - accuracy: 0.4972
37/98 [==========>...................] - ETA: 2s - loss: 1.4082 - accuracy: 0.4981
39/98 [==========>...................] - ETA: 2s - loss: 1.4085 - accuracy: 0.4982
41/98 [===========>..................] - ETA: 2s - loss: 1.4091 - accuracy: 0.4981
43/98 [============>.................] - ETA: 2s - loss: 1.4122 - accuracy: 0.4970
45/98 [============>.................] - ETA: 2s - loss: 1.4108 - accuracy: 0.4966
47/98 [=============>................] - ETA: 1s - loss: 1.4075 - accuracy: 0.4971
49/98 [==============>...............] - ETA: 1s - loss: 1.4078 - accuracy: 0.4969
51/98 [==============>...............] - ETA: 1s - loss: 1.4067 - accuracy: 0.4976
53/98 [===============>..............] - ETA: 1s - loss: 1.4077 - accuracy: 0.4976
55/98 [===============>..............] - ETA: 1s - loss: 1.4068 - accuracy: 0.4972
57/98 [================>.............] - ETA: 1s - loss: 1.4070 - accuracy: 0.4969
59/98 [=================>............] - ETA: 1s - loss: 1.4067 - accuracy: 0.4963
61/98 [=================>............] - ETA: 1s - loss: 1.4079 - accuracy: 0.4962
63/98 [==================>...........] - ETA: 1s - loss: 1.4071 - accuracy: 0.4966
65/98 [==================>...........] - ETA: 1s - loss: 1.4088 - accuracy: 0.4963
67/98 [===================>..........] - ETA: 1s - loss: 1.4100 - accuracy: 0.4959
69/98 [====================>.........] - ETA: 1s - loss: 1.4098 - accuracy: 0.4961
71/98 [====================>.........] - ETA: 1s - loss: 1.4099 - accuracy: 0.4964
73/98 [=====================>........] - ETA: 0s - loss: 1.4095 - accuracy: 0.4966
75/98 [=====================>........] - ETA: 0s - loss: 1.4076 - accuracy: 0.4978
77/98 [======================>.......] - ETA: 0s - loss: 1.4073 - accuracy: 0.4979
79/98 [=======================>......] - ETA: 0s - loss: 1.4074 - accuracy: 0.4978
81/98 [=======================>......] - ETA: 0s - loss: 1.4064 - accuracy: 0.4976
83/98 [========================>.....] - ETA: 0s - loss: 1.4068 - accuracy: 0.4974
85/98 [=========================>....] - ETA: 0s - loss: 1.4061 - accuracy: 0.4973
87/98 [=========================>....] - ETA: 0s - loss: 1.4071 - accuracy: 0.4969
89/98 [==========================>...] - ETA: 0s - loss: 1.4069 - accuracy: 0.4970
91/98 [==========================>...] - ETA: 0s - loss: 1.4064 - accuracy: 0.4973
93/98 [===========================>..] - ETA: 0s - loss: 1.4054 - accuracy: 0.4974
95/98 [============================>.] - ETA: 0s - loss: 1.4049 - accuracy: 0.4975
97/98 [============================>.] - ETA: 0s - loss: 1.4055 - accuracy: 0.4973
98/98 [==============================] - 5s 49ms/step - loss: 1.4053 - accuracy: 0.4973 - val_loss: 1.3573 - val_accuracy: 0.5209
Epoch 7/182

 1/98 [..............................] - ETA: 4s - loss: 1.4114 - accuracy: 0.4668
 3/98 [..............................] - ETA: 3s - loss: 1.3896 - accuracy: 0.4922
 5/98 [>.............................] - ETA: 3s - loss: 1.4022 - accuracy: 0.4910
 7/98 [=>............................] - ETA: 3s - loss: 1.4009 - accuracy: 0.4914
 9/98 [=>............................] - ETA: 3s - loss: 1.4050 - accuracy: 0.4950
11/98 [==>...........................] - ETA: 3s - loss: 1.4021 - accuracy: 0.4973
13/98 [==>...........................] - ETA: 3s - loss: 1.3879 - accuracy: 0.5030
15/98 [===>..........................] - ETA: 3s - loss: 1.3829 - accuracy: 0.5065
17/98 [====>.........................] - ETA: 3s - loss: 1.3817 - accuracy: 0.5069
19/98 [====>.........................] - ETA: 3s - loss: 1.3844 - accuracy: 0.5043
21/98 [=====>........................] - ETA: 2s - loss: 1.3831 - accuracy: 0.5051
23/98 [======>.......................] - ETA: 2s - loss: 1.3829 - accuracy: 0.5066
25/98 [======>.......................] - ETA: 2s - loss: 1.3823 - accuracy: 0.5073
27/98 [=======>......................] - ETA: 2s - loss: 1.3808 - accuracy: 0.5092
29/98 [=======>......................] - ETA: 2s - loss: 1.3782 - accuracy: 0.5110
31/98 [========>.....................] - ETA: 2s - loss: 1.3778 - accuracy: 0.5111
33/98 [=========>....................] - ETA: 2s - loss: 1.3770 - accuracy: 0.5105
35/98 [=========>....................] - ETA: 2s - loss: 1.3772 - accuracy: 0.5118
37/98 [==========>...................] - ETA: 2s - loss: 1.3757 - accuracy: 0.5139
39/98 [==========>...................] - ETA: 2s - loss: 1.3765 - accuracy: 0.5144
41/98 [===========>..................] - ETA: 2s - loss: 1.3761 - accuracy: 0.5150
43/98 [============>.................] - ETA: 2s - loss: 1.3771 - accuracy: 0.5144
45/98 [============>.................] - ETA: 2s - loss: 1.3779 - accuracy: 0.5144
47/98 [=============>................] - ETA: 1s - loss: 1.3778 - accuracy: 0.5136
49/98 [==============>...............] - ETA: 1s - loss: 1.3784 - accuracy: 0.5128
51/98 [==============>...............] - ETA: 1s - loss: 1.3792 - accuracy: 0.5125
53/98 [===============>..............] - ETA: 1s - loss: 1.3803 - accuracy: 0.5120
55/98 [===============>..............] - ETA: 1s - loss: 1.3782 - accuracy: 0.5131
57/98 [================>.............] - ETA: 1s - loss: 1.3767 - accuracy: 0.5138
59/98 [=================>............] - ETA: 1s - loss: 1.3759 - accuracy: 0.5140
61/98 [=================>............] - ETA: 1s - loss: 1.3748 - accuracy: 0.5140
63/98 [==================>...........] - ETA: 1s - loss: 1.3760 - accuracy: 0.5133
65/98 [==================>...........] - ETA: 1s - loss: 1.3762 - accuracy: 0.5126
67/98 [===================>..........] - ETA: 1s - loss: 1.3775 - accuracy: 0.5118
68/98 [===================>..........] - ETA: 1s - loss: 1.3777 - accuracy: 0.5115
70/98 [====================>.........] - ETA: 1s - loss: 1.3769 - accuracy: 0.5110
72/98 [=====================>........] - ETA: 0s - loss: 1.3768 - accuracy: 0.5102
74/98 [=====================>........] - ETA: 0s - loss: 1.3759 - accuracy: 0.5105
76/98 [======================>.......] - ETA: 0s - loss: 1.3741 - accuracy: 0.5108
78/98 [======================>.......] - ETA: 0s - loss: 1.3755 - accuracy: 0.5105
80/98 [=======================>......] - ETA: 0s - loss: 1.3747 - accuracy: 0.5104
82/98 [========================>.....] - ETA: 0s - loss: 1.3738 - accuracy: 0.5102
84/98 [========================>.....] - ETA: 0s - loss: 1.3734 - accuracy: 0.5106
85/98 [=========================>....] - ETA: 0s - loss: 1.3730 - accuracy: 0.5108
87/98 [=========================>....] - ETA: 0s - loss: 1.3738 - accuracy: 0.5104
89/98 [==========================>...] - ETA: 0s - loss: 1.3739 - accuracy: 0.5106
91/98 [==========================>...] - ETA: 0s - loss: 1.3732 - accuracy: 0.5108
93/98 [===========================>..] - ETA: 0s - loss: 1.3728 - accuracy: 0.5109
95/98 [============================>.] - ETA: 0s - loss: 1.3722 - accuracy: 0.5110
97/98 [============================>.] - ETA: 0s - loss: 1.3728 - accuracy: 0.5107
98/98 [==============================] - 5s 48ms/step - loss: 1.3725 - accuracy: 0.5109 - val_loss: 1.3319 - val_accuracy: 0.5329
Epoch 8/182

 1/98 [..............................] - ETA: 4s - loss: 1.3416 - accuracy: 0.5215
 3/98 [..............................] - ETA: 3s - loss: 1.3410 - accuracy: 0.5260
 5/98 [>.............................] - ETA: 3s - loss: 1.3398 - accuracy: 0.5270
 7/98 [=>............................] - ETA: 3s - loss: 1.3492 - accuracy: 0.5212
 9/98 [=>............................] - ETA: 3s - loss: 1.3547 - accuracy: 0.5217
11/98 [==>...........................] - ETA: 3s - loss: 1.3519 - accuracy: 0.5220
13/98 [==>...........................] - ETA: 3s - loss: 1.3534 - accuracy: 0.5219
15/98 [===>..........................] - ETA: 3s - loss: 1.3500 - accuracy: 0.5232
17/98 [====>.........................] - ETA: 3s - loss: 1.3545 - accuracy: 0.5236
19/98 [====>.........................] - ETA: 3s - loss: 1.3559 - accuracy: 0.5217
21/98 [=====>........................] - ETA: 2s - loss: 1.3547 - accuracy: 0.5219
23/98 [======>.......................] - ETA: 2s - loss: 1.3521 - accuracy: 0.5216
25/98 [======>.......................] - ETA: 2s - loss: 1.3534 - accuracy: 0.5215
27/98 [=======>......................] - ETA: 2s - loss: 1.3561 - accuracy: 0.5209
29/98 [=======>......................] - ETA: 2s - loss: 1.3580 - accuracy: 0.5197
31/98 [========>.....................] - ETA: 2s - loss: 1.3605 - accuracy: 0.5189
33/98 [=========>....................] - ETA: 2s - loss: 1.3595 - accuracy: 0.5198
35/98 [=========>....................] - ETA: 2s - loss: 1.3595 - accuracy: 0.5193
37/98 [==========>...................] - ETA: 2s - loss: 1.3589 - accuracy: 0.5208
39/98 [==========>...................] - ETA: 2s - loss: 1.3596 - accuracy: 0.5197
41/98 [===========>..................] - ETA: 2s - loss: 1.3549 - accuracy: 0.5217
43/98 [============>.................] - ETA: 2s - loss: 1.3538 - accuracy: 0.5222
45/98 [============>.................] - ETA: 2s - loss: 1.3533 - accuracy: 0.5229
47/98 [=============>................] - ETA: 1s - loss: 1.3543 - accuracy: 0.5226
49/98 [==============>...............] - ETA: 1s - loss: 1.3532 - accuracy: 0.5224
51/98 [==============>...............] - ETA: 1s - loss: 1.3517 - accuracy: 0.5231
53/98 [===============>..............] - ETA: 1s - loss: 1.3497 - accuracy: 0.5244
55/98 [===============>..............] - ETA: 1s - loss: 1.3499 - accuracy: 0.5242
57/98 [================>.............] - ETA: 1s - loss: 1.3505 - accuracy: 0.5235
59/98 [=================>............] - ETA: 1s - loss: 1.3516 - accuracy: 0.5230
61/98 [=================>............] - ETA: 1s - loss: 1.3513 - accuracy: 0.5230
63/98 [==================>...........] - ETA: 1s - loss: 1.3516 - accuracy: 0.5225
65/98 [==================>...........] - ETA: 1s - loss: 1.3515 - accuracy: 0.5224
67/98 [===================>..........] - ETA: 1s - loss: 1.3517 - accuracy: 0.5220
69/98 [====================>.........] - ETA: 1s - loss: 1.3522 - accuracy: 0.5218
71/98 [====================>.........] - ETA: 1s - loss: 1.3517 - accuracy: 0.5219
73/98 [=====================>........] - ETA: 0s - loss: 1.3514 - accuracy: 0.5219
75/98 [=====================>........] - ETA: 0s - loss: 1.3508 - accuracy: 0.5219
77/98 [======================>.......] - ETA: 0s - loss: 1.3510 - accuracy: 0.5217
79/98 [=======================>......] - ETA: 0s - loss: 1.3511 - accuracy: 0.5216
81/98 [=======================>......] - ETA: 0s - loss: 1.3507 - accuracy: 0.5214
83/98 [========================>.....] - ETA: 0s - loss: 1.3505 - accuracy: 0.5215
85/98 [=========================>....] - ETA: 0s - loss: 1.3508 - accuracy: 0.5215
87/98 [=========================>....] - ETA: 0s - loss: 1.3489 - accuracy: 0.5218
89/98 [==========================>...] - ETA: 0s - loss: 1.3476 - accuracy: 0.5222
91/98 [==========================>...] - ETA: 0s - loss: 1.3461 - accuracy: 0.5227
93/98 [===========================>..] - ETA: 0s - loss: 1.3458 - accuracy: 0.5231
95/98 [============================>.] - ETA: 0s - loss: 1.3458 - accuracy: 0.5231
97/98 [============================>.] - ETA: 0s - loss: 1.3450 - accuracy: 0.5232
98/98 [==============================] - 5s 48ms/step - loss: 1.3452 - accuracy: 0.5231 - val_loss: 1.3033 - val_accuracy: 0.5412
Epoch 9/182

 1/98 [..............................] - ETA: 4s - loss: 1.3236 - accuracy: 0.5254
 3/98 [..............................] - ETA: 3s - loss: 1.3520 - accuracy: 0.5221
 5/98 [>.............................] - ETA: 3s - loss: 1.3629 - accuracy: 0.5137
 7/98 [=>............................] - ETA: 3s - loss: 1.3620 - accuracy: 0.5120
 9/98 [=>............................] - ETA: 3s - loss: 1.3558 - accuracy: 0.5145
11/98 [==>...........................] - ETA: 3s - loss: 1.3518 - accuracy: 0.5160
13/98 [==>...........................] - ETA: 3s - loss: 1.3530 - accuracy: 0.5168
15/98 [===>..........................] - ETA: 3s - loss: 1.3475 - accuracy: 0.5189
17/98 [====>.........................] - ETA: 3s - loss: 1.3506 - accuracy: 0.5173
19/98 [====>.........................] - ETA: 3s - loss: 1.3467 - accuracy: 0.5204
21/98 [=====>........................] - ETA: 2s - loss: 1.3466 - accuracy: 0.5215
23/98 [======>.......................] - ETA: 2s - loss: 1.3454 - accuracy: 0.5234
25/98 [======>.......................] - ETA: 2s - loss: 1.3452 - accuracy: 0.5244
27/98 [=======>......................] - ETA: 2s - loss: 1.3436 - accuracy: 0.5241
29/98 [=======>......................] - ETA: 2s - loss: 1.3419 - accuracy: 0.5237
31/98 [========>.....................] - ETA: 2s - loss: 1.3392 - accuracy: 0.5255
33/98 [=========>....................] - ETA: 2s - loss: 1.3383 - accuracy: 0.5259
35/98 [=========>....................] - ETA: 2s - loss: 1.3363 - accuracy: 0.5267
37/98 [==========>...................] - ETA: 2s - loss: 1.3364 - accuracy: 0.5262
39/98 [==========>...................] - ETA: 2s - loss: 1.3379 - accuracy: 0.5250
41/98 [===========>..................] - ETA: 2s - loss: 1.3355 - accuracy: 0.5252
43/98 [============>.................] - ETA: 2s - loss: 1.3357 - accuracy: 0.5256
45/98 [============>.................] - ETA: 2s - loss: 1.3338 - accuracy: 0.5268
47/98 [=============>................] - ETA: 1s - loss: 1.3327 - accuracy: 0.5271
49/98 [==============>...............] - ETA: 1s - loss: 1.3331 - accuracy: 0.5266
51/98 [==============>...............] - ETA: 1s - loss: 1.3333 - accuracy: 0.5258
53/98 [===============>..............] - ETA: 1s - loss: 1.3333 - accuracy: 0.5257
55/98 [===============>..............] - ETA: 1s - loss: 1.3330 - accuracy: 0.5263
57/98 [================>.............] - ETA: 1s - loss: 1.3342 - accuracy: 0.5262
59/98 [=================>............] - ETA: 1s - loss: 1.3348 - accuracy: 0.5267
61/98 [=================>............] - ETA: 1s - loss: 1.3350 - accuracy: 0.5269
63/98 [==================>...........] - ETA: 1s - loss: 1.3338 - accuracy: 0.5271
65/98 [==================>...........] - ETA: 1s - loss: 1.3326 - accuracy: 0.5268
67/98 [===================>..........] - ETA: 1s - loss: 1.3332 - accuracy: 0.5271
69/98 [====================>.........] - ETA: 1s - loss: 1.3337 - accuracy: 0.5269
71/98 [====================>.........] - ETA: 1s - loss: 1.3334 - accuracy: 0.5270
73/98 [=====================>........] - ETA: 0s - loss: 1.3332 - accuracy: 0.5272
75/98 [=====================>........] - ETA: 0s - loss: 1.3330 - accuracy: 0.5272
77/98 [======================>.......] - ETA: 0s - loss: 1.3314 - accuracy: 0.5280
79/98 [=======================>......] - ETA: 0s - loss: 1.3300 - accuracy: 0.5283
81/98 [=======================>......] - ETA: 0s - loss: 1.3308 - accuracy: 0.5278
83/98 [========================>.....] - ETA: 0s - loss: 1.3301 - accuracy: 0.5284
