2024-07-27 03:43:21.559969: I tensorflow/core/platform/cpu_feature_guard.cc:193] This TensorFlow binary is optimized with oneAPI Deep Neural Network Library (oneDNN) to use the following CPU instructions in performance-critical operations:  AVX AVX2
To enable them in other operations, rebuild TensorFlow with the appropriate compiler flags.
2024-07-27 03:43:22.415327: I tensorflow/core/common_runtime/gpu/gpu_device.cc:1616] Created device /job:localhost/replica:0/task:0/device:GPU:0 with 6656 MB memory:  -> device: 0, name: NVIDIA GeForce RTX 4060 Ti, pci bus id: 0000:01:00.0, compute capability: 8.9
1 Physical GPUs, 1 Logical GPUs
Model: "sequential"
_________________________________________________________________
 Layer (type)                Output Shape              Param #   
=================================================================
 conv2d (Conv2D)             (None, 32, 32, 32)        896       
                                                                 
 max_pooling2d (MaxPooling2D  (None, 16, 16, 32)       0         
 )                                                               
                                                                 
 conv2d_1 (Conv2D)           (None, 16, 16, 32)        123936    
                                                                 
 dropout (Dropout)           (None, 16, 16, 32)        0         
                                                                 
 flatten (Flatten)           (None, 8192)              0         
                                                                 
 dense (Dense)               (None, 10)                81930     
                                                                 
=================================================================
Total params: 206,762
Trainable params: 206,762
Non-trainable params: 0
_________________________________________________________________
Taxa de aprendizado:  0.0001 Num de épocas:  182 Tamanho do lote:  512 Dropout:  0.46
Epoch 1/182
2024-07-27 03:43:23.976812: I tensorflow/stream_executor/cuda/cuda_dnn.cc:384] Loaded cuDNN version 8100
2024-07-27 03:43:25.222558: W tensorflow/stream_executor/gpu/redzone_allocator.cc:314] INTERNAL: ptxas exited with non-zero error code -1, output: 
Relying on driver to perform ptx compilation. 
Modify $PATH to customize ptxas location.
This message will be only logged once.
2024-07-27 03:43:26.559323: I tensorflow/stream_executor/cuda/cuda_blas.cc:1614] TensorFloat-32 will be used for the matrix multiplication. This will only be logged once.

 1/98 [..............................] - ETA: 7:47 - loss: 2.3086 - accuracy: 0.0898
 3/98 [..............................] - ETA: 2s - loss: 2.3049 - accuracy: 0.0918  
 5/98 [>.............................] - ETA: 3s - loss: 2.2996 - accuracy: 0.1129
 7/98 [=>............................] - ETA: 3s - loss: 2.2961 - accuracy: 0.1172
 9/98 [=>............................] - ETA: 3s - loss: 2.2905 - accuracy: 0.1226
11/98 [==>...........................] - ETA: 2s - loss: 2.2868 - accuracy: 0.1280
13/98 [==>...........................] - ETA: 2s - loss: 2.2824 - accuracy: 0.1324
15/98 [===>..........................] - ETA: 2s - loss: 2.2783 - accuracy: 0.1383
17/98 [====>.........................] - ETA: 2s - loss: 2.2727 - accuracy: 0.1446
19/98 [====>.........................] - ETA: 2s - loss: 2.2672 - accuracy: 0.1502
21/98 [=====>........................] - ETA: 2s - loss: 2.2617 - accuracy: 0.1557
23/98 [======>.......................] - ETA: 2s - loss: 2.2562 - accuracy: 0.1594
25/98 [======>.......................] - ETA: 2s - loss: 2.2508 - accuracy: 0.1646
27/98 [=======>......................] - ETA: 2s - loss: 2.2438 - accuracy: 0.1685
29/98 [=======>......................] - ETA: 2s - loss: 2.2370 - accuracy: 0.1749
30/98 [========>.....................] - ETA: 3s - loss: 2.2349 - accuracy: 0.1759
32/98 [========>.....................] - ETA: 3s - loss: 2.2277 - accuracy: 0.1805
34/98 [=========>....................] - ETA: 3s - loss: 2.2207 - accuracy: 0.1854
36/98 [==========>...................] - ETA: 3s - loss: 2.2141 - accuracy: 0.1884
38/98 [==========>...................] - ETA: 3s - loss: 2.2056 - accuracy: 0.1911
40/98 [===========>..................] - ETA: 2s - loss: 2.1970 - accuracy: 0.1952
42/98 [===========>..................] - ETA: 2s - loss: 2.1880 - accuracy: 0.1992
44/98 [============>.................] - ETA: 2s - loss: 2.1805 - accuracy: 0.2025
46/98 [=============>................] - ETA: 2s - loss: 2.1722 - accuracy: 0.2057
48/98 [=============>................] - ETA: 2s - loss: 2.1666 - accuracy: 0.2091
50/98 [==============>...............] - ETA: 2s - loss: 2.1597 - accuracy: 0.2120
52/98 [==============>...............] - ETA: 2s - loss: 2.1524 - accuracy: 0.2151
54/98 [===============>..............] - ETA: 2s - loss: 2.1461 - accuracy: 0.2173
56/98 [================>.............] - ETA: 1s - loss: 2.1389 - accuracy: 0.2206
58/98 [================>.............] - ETA: 1s - loss: 2.1313 - accuracy: 0.2231
60/98 [=================>............] - ETA: 1s - loss: 2.1254 - accuracy: 0.2252
62/98 [=================>............] - ETA: 1s - loss: 2.1201 - accuracy: 0.2278
64/98 [==================>...........] - ETA: 1s - loss: 2.1136 - accuracy: 0.2302
66/98 [===================>..........] - ETA: 1s - loss: 2.1085 - accuracy: 0.2321
68/98 [===================>..........] - ETA: 1s - loss: 2.1037 - accuracy: 0.2346
70/98 [====================>.........] - ETA: 1s - loss: 2.0978 - accuracy: 0.2376
72/98 [=====================>........] - ETA: 1s - loss: 2.0934 - accuracy: 0.2393
74/98 [=====================>........] - ETA: 1s - loss: 2.0880 - accuracy: 0.2419
76/98 [======================>.......] - ETA: 0s - loss: 2.0844 - accuracy: 0.2434
78/98 [======================>.......] - ETA: 0s - loss: 2.0799 - accuracy: 0.2454
80/98 [=======================>......] - ETA: 0s - loss: 2.0741 - accuracy: 0.2480
82/98 [========================>.....] - ETA: 0s - loss: 2.0692 - accuracy: 0.2505
84/98 [========================>.....] - ETA: 0s - loss: 2.0642 - accuracy: 0.2527
86/98 [=========================>....] - ETA: 0s - loss: 2.0597 - accuracy: 0.2540
88/98 [=========================>....] - ETA: 0s - loss: 2.0554 - accuracy: 0.2560
90/98 [==========================>...] - ETA: 0s - loss: 2.0505 - accuracy: 0.2578
92/98 [===========================>..] - ETA: 0s - loss: 2.0466 - accuracy: 0.2598
94/98 [===========================>..] - ETA: 0s - loss: 2.0419 - accuracy: 0.2621
96/98 [============================>.] - ETA: 0s - loss: 2.0379 - accuracy: 0.2644
98/98 [==============================] - ETA: 0s - loss: 2.0340 - accuracy: 0.2661
98/98 [==============================] - 10s 54ms/step - loss: 2.0340 - accuracy: 0.2661 - val_loss: 1.8224 - val_accuracy: 0.3729
Epoch 2/182

 1/98 [..............................] - ETA: 4s - loss: 1.8766 - accuracy: 0.3223
 3/98 [..............................] - ETA: 3s - loss: 1.8547 - accuracy: 0.3275
 5/98 [>.............................] - ETA: 3s - loss: 1.8444 - accuracy: 0.3316
 7/98 [=>............................] - ETA: 3s - loss: 1.8367 - accuracy: 0.3306
 9/98 [=>............................] - ETA: 3s - loss: 1.8293 - accuracy: 0.3342
11/98 [==>...........................] - ETA: 3s - loss: 1.8237 - accuracy: 0.3425
13/98 [==>...........................] - ETA: 3s - loss: 1.8225 - accuracy: 0.3448
15/98 [===>..........................] - ETA: 2s - loss: 1.8228 - accuracy: 0.3466
17/98 [====>.........................] - ETA: 2s - loss: 1.8151 - accuracy: 0.3529
19/98 [====>.........................] - ETA: 2s - loss: 1.8105 - accuracy: 0.3542
21/98 [=====>........................] - ETA: 2s - loss: 1.8083 - accuracy: 0.3541
23/98 [======>.......................] - ETA: 2s - loss: 1.8015 - accuracy: 0.3554
25/98 [======>.......................] - ETA: 2s - loss: 1.8023 - accuracy: 0.3557
27/98 [=======>......................] - ETA: 2s - loss: 1.8006 - accuracy: 0.3563
29/98 [=======>......................] - ETA: 2s - loss: 1.7956 - accuracy: 0.3573
31/98 [========>.....................] - ETA: 2s - loss: 1.7923 - accuracy: 0.3596
33/98 [=========>....................] - ETA: 2s - loss: 1.7882 - accuracy: 0.3616
35/98 [=========>....................] - ETA: 2s - loss: 1.7857 - accuracy: 0.3607
37/98 [==========>...................] - ETA: 2s - loss: 1.7861 - accuracy: 0.3604
39/98 [==========>...................] - ETA: 2s - loss: 1.7864 - accuracy: 0.3603
41/98 [===========>..................] - ETA: 2s - loss: 1.7842 - accuracy: 0.3609
43/98 [============>.................] - ETA: 1s - loss: 1.7812 - accuracy: 0.3626
45/98 [============>.................] - ETA: 1s - loss: 1.7803 - accuracy: 0.3628
47/98 [=============>................] - ETA: 1s - loss: 1.7776 - accuracy: 0.3646
49/98 [==============>...............] - ETA: 1s - loss: 1.7753 - accuracy: 0.3660
51/98 [==============>...............] - ETA: 1s - loss: 1.7739 - accuracy: 0.3668
53/98 [===============>..............] - ETA: 1s - loss: 1.7726 - accuracy: 0.3675
55/98 [===============>..............] - ETA: 1s - loss: 1.7720 - accuracy: 0.3673
57/98 [================>.............] - ETA: 1s - loss: 1.7705 - accuracy: 0.3680
59/98 [=================>............] - ETA: 1s - loss: 1.7691 - accuracy: 0.3692
61/98 [=================>............] - ETA: 1s - loss: 1.7673 - accuracy: 0.3704
63/98 [==================>...........] - ETA: 1s - loss: 1.7681 - accuracy: 0.3703
65/98 [==================>...........] - ETA: 1s - loss: 1.7645 - accuracy: 0.3718
67/98 [===================>..........] - ETA: 1s - loss: 1.7634 - accuracy: 0.3723
69/98 [====================>.........] - ETA: 1s - loss: 1.7621 - accuracy: 0.3730
71/98 [====================>.........] - ETA: 0s - loss: 1.7612 - accuracy: 0.3734
73/98 [=====================>........] - ETA: 0s - loss: 1.7584 - accuracy: 0.3743
75/98 [=====================>........] - ETA: 0s - loss: 1.7559 - accuracy: 0.3752
77/98 [======================>.......] - ETA: 0s - loss: 1.7556 - accuracy: 0.3754
79/98 [=======================>......] - ETA: 0s - loss: 1.7548 - accuracy: 0.3760
81/98 [=======================>......] - ETA: 0s - loss: 1.7528 - accuracy: 0.3773
83/98 [========================>.....] - ETA: 0s - loss: 1.7512 - accuracy: 0.3781
85/98 [=========================>....] - ETA: 0s - loss: 1.7506 - accuracy: 0.3778
87/98 [=========================>....] - ETA: 0s - loss: 1.7498 - accuracy: 0.3780
89/98 [==========================>...] - ETA: 0s - loss: 1.7486 - accuracy: 0.3789
91/98 [==========================>...] - ETA: 0s - loss: 1.7474 - accuracy: 0.3798
93/98 [===========================>..] - ETA: 0s - loss: 1.7453 - accuracy: 0.3805
95/98 [============================>.] - ETA: 0s - loss: 1.7436 - accuracy: 0.3815
97/98 [============================>.] - ETA: 0s - loss: 1.7411 - accuracy: 0.3826
98/98 [==============================] - 4s 46ms/step - loss: 1.7411 - accuracy: 0.3826 - val_loss: 1.6411 - val_accuracy: 0.4341
Epoch 3/182

 1/98 [..............................] - ETA: 4s - loss: 1.6210 - accuracy: 0.4434
 3/98 [..............................] - ETA: 2s - loss: 1.6651 - accuracy: 0.4173
 5/98 [>.............................] - ETA: 3s - loss: 1.6611 - accuracy: 0.4184
 7/98 [=>............................] - ETA: 3s - loss: 1.6767 - accuracy: 0.4074
 9/98 [=>............................] - ETA: 2s - loss: 1.6680 - accuracy: 0.4122
11/98 [==>...........................] - ETA: 2s - loss: 1.6721 - accuracy: 0.4118
13/98 [==>...........................] - ETA: 2s - loss: 1.6744 - accuracy: 0.4108
15/98 [===>..........................] - ETA: 2s - loss: 1.6735 - accuracy: 0.4110
17/98 [====>.........................] - ETA: 2s - loss: 1.6678 - accuracy: 0.4118
19/98 [====>.........................] - ETA: 2s - loss: 1.6635 - accuracy: 0.4138
21/98 [=====>........................] - ETA: 2s - loss: 1.6593 - accuracy: 0.4157
23/98 [======>.......................] - ETA: 2s - loss: 1.6578 - accuracy: 0.4141
25/98 [======>.......................] - ETA: 2s - loss: 1.6543 - accuracy: 0.4146
27/98 [=======>......................] - ETA: 2s - loss: 1.6524 - accuracy: 0.4128
29/98 [=======>......................] - ETA: 2s - loss: 1.6499 - accuracy: 0.4141
31/98 [========>.....................] - ETA: 2s - loss: 1.6513 - accuracy: 0.4140
33/98 [=========>....................] - ETA: 2s - loss: 1.6505 - accuracy: 0.4131
35/98 [=========>....................] - ETA: 2s - loss: 1.6478 - accuracy: 0.4137
37/98 [==========>...................] - ETA: 2s - loss: 1.6466 - accuracy: 0.4136
39/98 [==========>...................] - ETA: 2s - loss: 1.6451 - accuracy: 0.4133
41/98 [===========>..................] - ETA: 2s - loss: 1.6434 - accuracy: 0.4142
43/98 [============>.................] - ETA: 1s - loss: 1.6418 - accuracy: 0.4156
45/98 [============>.................] - ETA: 1s - loss: 1.6422 - accuracy: 0.4151
47/98 [=============>................] - ETA: 1s - loss: 1.6421 - accuracy: 0.4154
49/98 [==============>...............] - ETA: 1s - loss: 1.6411 - accuracy: 0.4158
51/98 [==============>...............] - ETA: 1s - loss: 1.6409 - accuracy: 0.4166
53/98 [===============>..............] - ETA: 1s - loss: 1.6384 - accuracy: 0.4178
55/98 [===============>..............] - ETA: 1s - loss: 1.6362 - accuracy: 0.4179
57/98 [================>.............] - ETA: 1s - loss: 1.6351 - accuracy: 0.4182
59/98 [=================>............] - ETA: 1s - loss: 1.6336 - accuracy: 0.4191
61/98 [=================>............] - ETA: 1s - loss: 1.6329 - accuracy: 0.4196
63/98 [==================>...........] - ETA: 1s - loss: 1.6338 - accuracy: 0.4192
65/98 [==================>...........] - ETA: 1s - loss: 1.6320 - accuracy: 0.4202
66/98 [===================>..........] - ETA: 1s - loss: 1.6317 - accuracy: 0.4200
68/98 [===================>..........] - ETA: 1s - loss: 1.6303 - accuracy: 0.4206
70/98 [====================>.........] - ETA: 0s - loss: 1.6302 - accuracy: 0.4206
72/98 [=====================>........] - ETA: 0s - loss: 1.6304 - accuracy: 0.4205
74/98 [=====================>........] - ETA: 0s - loss: 1.6287 - accuracy: 0.4212
76/98 [======================>.......] - ETA: 0s - loss: 1.6272 - accuracy: 0.4222
78/98 [======================>.......] - ETA: 0s - loss: 1.6256 - accuracy: 0.4224
80/98 [=======================>......] - ETA: 0s - loss: 1.6241 - accuracy: 0.4226
82/98 [========================>.....] - ETA: 0s - loss: 1.6232 - accuracy: 0.4227
84/98 [========================>.....] - ETA: 0s - loss: 1.6223 - accuracy: 0.4226
86/98 [=========================>....] - ETA: 0s - loss: 1.6204 - accuracy: 0.4236
88/98 [=========================>....] - ETA: 0s - loss: 1.6199 - accuracy: 0.4239
90/98 [==========================>...] - ETA: 0s - loss: 1.6179 - accuracy: 0.4245
92/98 [===========================>..] - ETA: 0s - loss: 1.6163 - accuracy: 0.4249
94/98 [===========================>..] - ETA: 0s - loss: 1.6160 - accuracy: 0.4254
96/98 [============================>.] - ETA: 0s - loss: 1.6147 - accuracy: 0.4255
98/98 [==============================] - ETA: 0s - loss: 1.6134 - accuracy: 0.4260
98/98 [==============================] - 4s 45ms/step - loss: 1.6134 - accuracy: 0.4260 - val_loss: 1.5332 - val_accuracy: 0.4667
Epoch 4/182

 1/98 [..............................] - ETA: 4s - loss: 1.5258 - accuracy: 0.4531
 3/98 [..............................] - ETA: 3s - loss: 1.5371 - accuracy: 0.4557
 5/98 [>.............................] - ETA: 3s - loss: 1.5515 - accuracy: 0.4582
 7/98 [=>............................] - ETA: 3s - loss: 1.5494 - accuracy: 0.4573
 9/98 [=>............................] - ETA: 3s - loss: 1.5538 - accuracy: 0.4544
11/98 [==>...........................] - ETA: 3s - loss: 1.5514 - accuracy: 0.4512
13/98 [==>...........................] - ETA: 2s - loss: 1.5541 - accuracy: 0.4477
15/98 [===>..........................] - ETA: 2s - loss: 1.5598 - accuracy: 0.4458
17/98 [====>.........................] - ETA: 2s - loss: 1.5596 - accuracy: 0.4455
19/98 [====>.........................] - ETA: 2s - loss: 1.5617 - accuracy: 0.4419
21/98 [=====>........................] - ETA: 2s - loss: 1.5619 - accuracy: 0.4419
23/98 [======>.......................] - ETA: 2s - loss: 1.5640 - accuracy: 0.4422
25/98 [======>.......................] - ETA: 2s - loss: 1.5638 - accuracy: 0.4423
27/98 [=======>......................] - ETA: 2s - loss: 1.5607 - accuracy: 0.4425
29/98 [=======>......................] - ETA: 2s - loss: 1.5605 - accuracy: 0.4420
31/98 [========>.....................] - ETA: 2s - loss: 1.5576 - accuracy: 0.4422
33/98 [=========>....................] - ETA: 2s - loss: 1.5547 - accuracy: 0.4443
35/98 [=========>....................] - ETA: 2s - loss: 1.5542 - accuracy: 0.4441
37/98 [==========>...................] - ETA: 2s - loss: 1.5536 - accuracy: 0.4445
39/98 [==========>...................] - ETA: 2s - loss: 1.5520 - accuracy: 0.4448
41/98 [===========>..................] - ETA: 2s - loss: 1.5508 - accuracy: 0.4453
43/98 [============>.................] - ETA: 1s - loss: 1.5494 - accuracy: 0.4449
45/98 [============>.................] - ETA: 1s - loss: 1.5477 - accuracy: 0.4466
47/98 [=============>................] - ETA: 1s - loss: 1.5462 - accuracy: 0.4474
49/98 [==============>...............] - ETA: 1s - loss: 1.5442 - accuracy: 0.4483
51/98 [==============>...............] - ETA: 1s - loss: 1.5415 - accuracy: 0.4491
53/98 [===============>..............] - ETA: 1s - loss: 1.5410 - accuracy: 0.4490
56/98 [================>.............] - ETA: 1s - loss: 1.5375 - accuracy: 0.4510
59/98 [=================>............] - ETA: 1s - loss: 1.5368 - accuracy: 0.4524
61/98 [=================>............] - ETA: 1s - loss: 1.5387 - accuracy: 0.4516
63/98 [==================>...........] - ETA: 1s - loss: 1.5374 - accuracy: 0.4515
66/98 [===================>..........] - ETA: 1s - loss: 1.5370 - accuracy: 0.4521
68/98 [===================>..........] - ETA: 1s - loss: 1.5351 - accuracy: 0.4525
70/98 [====================>.........] - ETA: 0s - loss: 1.5339 - accuracy: 0.4526
73/98 [=====================>........] - ETA: 0s - loss: 1.5324 - accuracy: 0.4529
75/98 [=====================>........] - ETA: 0s - loss: 1.5305 - accuracy: 0.4535
78/98 [======================>.......] - ETA: 0s - loss: 1.5299 - accuracy: 0.4541
80/98 [=======================>......] - ETA: 0s - loss: 1.5305 - accuracy: 0.4539
83/98 [========================>.....] - ETA: 0s - loss: 1.5286 - accuracy: 0.4545
85/98 [=========================>....] - ETA: 0s - loss: 1.5263 - accuracy: 0.4555
87/98 [=========================>....] - ETA: 0s - loss: 1.5263 - accuracy: 0.4554
90/98 [==========================>...] - ETA: 0s - loss: 1.5249 - accuracy: 0.4562
92/98 [===========================>..] - ETA: 0s - loss: 1.5240 - accuracy: 0.4569
95/98 [============================>.] - ETA: 0s - loss: 1.5226 - accuracy: 0.4570
97/98 [============================>.] - ETA: 0s - loss: 1.5226 - accuracy: 0.4573
98/98 [==============================] - 4s 40ms/step - loss: 1.5218 - accuracy: 0.4579 - val_loss: 1.4555 - val_accuracy: 0.4927
Epoch 5/182

 1/98 [..............................] - ETA: 6s - loss: 1.5056 - accuracy: 0.4609
 3/98 [..............................] - ETA: 2s - loss: 1.4546 - accuracy: 0.4733
 5/98 [>.............................] - ETA: 3s - loss: 1.4667 - accuracy: 0.4746
 7/98 [=>............................] - ETA: 3s - loss: 1.4643 - accuracy: 0.4746
 9/98 [=>............................] - ETA: 3s - loss: 1.4708 - accuracy: 0.4707
11/98 [==>...........................] - ETA: 3s - loss: 1.4718 - accuracy: 0.4675
13/98 [==>...........................] - ETA: 2s - loss: 1.4838 - accuracy: 0.4636
15/98 [===>..........................] - ETA: 2s - loss: 1.4836 - accuracy: 0.4611
17/98 [====>.........................] - ETA: 2s - loss: 1.4862 - accuracy: 0.4620
19/98 [====>.........................] - ETA: 2s - loss: 1.4839 - accuracy: 0.4638
21/98 [=====>........................] - ETA: 2s - loss: 1.4842 - accuracy: 0.4656
23/98 [======>.......................] - ETA: 2s - loss: 1.4846 - accuracy: 0.4662
25/98 [======>.......................] - ETA: 2s - loss: 1.4803 - accuracy: 0.4677
27/98 [=======>......................] - ETA: 2s - loss: 1.4802 - accuracy: 0.4693
29/98 [=======>......................] - ETA: 2s - loss: 1.4795 - accuracy: 0.4691
31/98 [========>.....................] - ETA: 2s - loss: 1.4812 - accuracy: 0.4678
33/98 [=========>....................] - ETA: 2s - loss: 1.4788 - accuracy: 0.4692
35/98 [=========>....................] - ETA: 2s - loss: 1.4805 - accuracy: 0.4688
37/98 [==========>...................] - ETA: 2s - loss: 1.4840 - accuracy: 0.4677
39/98 [==========>...................] - ETA: 2s - loss: 1.4823 - accuracy: 0.4687
41/98 [===========>..................] - ETA: 2s - loss: 1.4794 - accuracy: 0.4705
43/98 [============>.................] - ETA: 1s - loss: 1.4791 - accuracy: 0.4701
45/98 [============>.................] - ETA: 1s - loss: 1.4772 - accuracy: 0.4714
47/98 [=============>................] - ETA: 1s - loss: 1.4739 - accuracy: 0.4737
49/98 [==============>...............] - ETA: 1s - loss: 1.4714 - accuracy: 0.4746
51/98 [==============>...............] - ETA: 1s - loss: 1.4726 - accuracy: 0.4735
53/98 [===============>..............] - ETA: 1s - loss: 1.4734 - accuracy: 0.4730
55/98 [===============>..............] - ETA: 1s - loss: 1.4728 - accuracy: 0.4732
57/98 [================>.............] - ETA: 1s - loss: 1.4717 - accuracy: 0.4735
59/98 [=================>............] - ETA: 1s - loss: 1.4715 - accuracy: 0.4729
61/98 [=================>............] - ETA: 1s - loss: 1.4715 - accuracy: 0.4733
63/98 [==================>...........] - ETA: 1s - loss: 1.4713 - accuracy: 0.4733
65/98 [==================>...........] - ETA: 1s - loss: 1.4694 - accuracy: 0.4741
67/98 [===================>..........] - ETA: 1s - loss: 1.4687 - accuracy: 0.4741
69/98 [====================>.........] - ETA: 1s - loss: 1.4681 - accuracy: 0.4743
71/98 [====================>.........] - ETA: 0s - loss: 1.4685 - accuracy: 0.4742
73/98 [=====================>........] - ETA: 0s - loss: 1.4684 - accuracy: 0.4744
75/98 [=====================>........] - ETA: 0s - loss: 1.4674 - accuracy: 0.4752
77/98 [======================>.......] - ETA: 0s - loss: 1.4660 - accuracy: 0.4759
79/98 [=======================>......] - ETA: 0s - loss: 1.4659 - accuracy: 0.4753
81/98 [=======================>......] - ETA: 0s - loss: 1.4644 - accuracy: 0.4758
83/98 [========================>.....] - ETA: 0s - loss: 1.4642 - accuracy: 0.4763
85/98 [=========================>....] - ETA: 0s - loss: 1.4637 - accuracy: 0.4768
87/98 [=========================>....] - ETA: 0s - loss: 1.4632 - accuracy: 0.4770
89/98 [==========================>...] - ETA: 0s - loss: 1.4633 - accuracy: 0.4769
91/98 [==========================>...] - ETA: 0s - loss: 1.4619 - accuracy: 0.4777
93/98 [===========================>..] - ETA: 0s - loss: 1.4609 - accuracy: 0.4778
95/98 [============================>.] - ETA: 0s - loss: 1.4606 - accuracy: 0.4784
97/98 [============================>.] - ETA: 0s - loss: 1.4601 - accuracy: 0.4787
98/98 [==============================] - 4s 45ms/step - loss: 1.4604 - accuracy: 0.4783 - val_loss: 1.4072 - val_accuracy: 0.5087
Epoch 6/182

 1/98 [..............................] - ETA: 4s - loss: 1.4566 - accuracy: 0.4727
 3/98 [..............................] - ETA: 2s - loss: 1.4390 - accuracy: 0.4844
 5/98 [>.............................] - ETA: 3s - loss: 1.4318 - accuracy: 0.4879
 7/98 [=>............................] - ETA: 3s - loss: 1.4525 - accuracy: 0.4796
 9/98 [=>............................] - ETA: 3s - loss: 1.4460 - accuracy: 0.4850
11/98 [==>...........................] - ETA: 2s - loss: 1.4498 - accuracy: 0.4856
13/98 [==>...........................] - ETA: 2s - loss: 1.4410 - accuracy: 0.4890
15/98 [===>..........................] - ETA: 2s - loss: 1.4378 - accuracy: 0.4885
17/98 [====>.........................] - ETA: 2s - loss: 1.4304 - accuracy: 0.4913
19/98 [====>.........................] - ETA: 2s - loss: 1.4303 - accuracy: 0.4918
21/98 [=====>........................] - ETA: 2s - loss: 1.4288 - accuracy: 0.4919
23/98 [======>.......................] - ETA: 2s - loss: 1.4328 - accuracy: 0.4885
25/98 [======>.......................] - ETA: 2s - loss: 1.4314 - accuracy: 0.4895
27/98 [=======>......................] - ETA: 2s - loss: 1.4338 - accuracy: 0.4883
29/98 [=======>......................] - ETA: 2s - loss: 1.4330 - accuracy: 0.4896
31/98 [========>.....................] - ETA: 2s - loss: 1.4335 - accuracy: 0.4894
33/98 [=========>....................] - ETA: 2s - loss: 1.4316 - accuracy: 0.4899
35/98 [=========>....................] - ETA: 2s - loss: 1.4307 - accuracy: 0.4899
37/98 [==========>...................] - ETA: 2s - loss: 1.4305 - accuracy: 0.4898
39/98 [==========>...................] - ETA: 2s - loss: 1.4298 - accuracy: 0.4912
41/98 [===========>..................] - ETA: 2s - loss: 1.4311 - accuracy: 0.4906
43/98 [============>.................] - ETA: 1s - loss: 1.4288 - accuracy: 0.4912
45/98 [============>.................] - ETA: 1s - loss: 1.4290 - accuracy: 0.4907
47/98 [=============>................] - ETA: 1s - loss: 1.4274 - accuracy: 0.4917
49/98 [==============>...............] - ETA: 1s - loss: 1.4250 - accuracy: 0.4929
51/98 [==============>...............] - ETA: 1s - loss: 1.4253 - accuracy: 0.4935
53/98 [===============>..............] - ETA: 1s - loss: 1.4237 - accuracy: 0.4946
55/98 [===============>..............] - ETA: 1s - loss: 1.4225 - accuracy: 0.4950
57/98 [================>.............] - ETA: 1s - loss: 1.4220 - accuracy: 0.4954
59/98 [=================>............] - ETA: 1s - loss: 1.4213 - accuracy: 0.4951
61/98 [=================>............] - ETA: 1s - loss: 1.4211 - accuracy: 0.4958
63/98 [==================>...........] - ETA: 1s - loss: 1.4224 - accuracy: 0.4945
65/98 [==================>...........] - ETA: 1s - loss: 1.4227 - accuracy: 0.4943
67/98 [===================>..........] - ETA: 1s - loss: 1.4218 - accuracy: 0.4952
69/98 [====================>.........] - ETA: 1s - loss: 1.4206 - accuracy: 0.4961
71/98 [====================>.........] - ETA: 0s - loss: 1.4204 - accuracy: 0.4956
73/98 [=====================>........] - ETA: 0s - loss: 1.4207 - accuracy: 0.4956
75/98 [=====================>........] - ETA: 0s - loss: 1.4201 - accuracy: 0.4960
77/98 [======================>.......] - ETA: 0s - loss: 1.4204 - accuracy: 0.4960
79/98 [=======================>......] - ETA: 0s - loss: 1.4197 - accuracy: 0.4960
81/98 [=======================>......] - ETA: 0s - loss: 1.4190 - accuracy: 0.4960
83/98 [========================>.....] - ETA: 0s - loss: 1.4182 - accuracy: 0.4964
85/98 [=========================>....] - ETA: 0s - loss: 1.4177 - accuracy: 0.4969
87/98 [=========================>....] - ETA: 0s - loss: 1.4164 - accuracy: 0.4973
89/98 [==========================>...] - ETA: 0s - loss: 1.4159 - accuracy: 0.4971
91/98 [==========================>...] - ETA: 0s - loss: 1.4153 - accuracy: 0.4967
93/98 [===========================>..] - ETA: 0s - loss: 1.4148 - accuracy: 0.4967
95/98 [============================>.] - ETA: 0s - loss: 1.4140 - accuracy: 0.4970
97/98 [============================>.] - ETA: 0s - loss: 1.4140 - accuracy: 0.4974
98/98 [==============================] - 4s 45ms/step - loss: 1.4142 - accuracy: 0.4972 - val_loss: 1.3726 - val_accuracy: 0.5185
Epoch 7/182

 1/98 [..............................] - ETA: 4s - loss: 1.4500 - accuracy: 0.4570
 3/98 [..............................] - ETA: 2s - loss: 1.4225 - accuracy: 0.4876
 5/98 [>.............................] - ETA: 3s - loss: 1.4070 - accuracy: 0.4988
 7/98 [=>............................] - ETA: 3s - loss: 1.4108 - accuracy: 0.5053
 9/98 [=>............................] - ETA: 3s - loss: 1.3938 - accuracy: 0.5122
11/98 [==>...........................] - ETA: 2s - loss: 1.3806 - accuracy: 0.5153
13/98 [==>...........................] - ETA: 2s - loss: 1.3746 - accuracy: 0.5176
15/98 [===>..........................] - ETA: 2s - loss: 1.3784 - accuracy: 0.5152
17/98 [====>.........................] - ETA: 2s - loss: 1.3747 - accuracy: 0.5175
19/98 [====>.........................] - ETA: 2s - loss: 1.3772 - accuracy: 0.5155
21/98 [=====>........................] - ETA: 2s - loss: 1.3752 - accuracy: 0.5159
23/98 [======>.......................] - ETA: 2s - loss: 1.3758 - accuracy: 0.5160
25/98 [======>.......................] - ETA: 2s - loss: 1.3770 - accuracy: 0.5146
27/98 [=======>......................] - ETA: 2s - loss: 1.3729 - accuracy: 0.5144
29/98 [=======>......................] - ETA: 2s - loss: 1.3714 - accuracy: 0.5153
31/98 [========>.....................] - ETA: 2s - loss: 1.3700 - accuracy: 0.5163
33/98 [=========>....................] - ETA: 2s - loss: 1.3686 - accuracy: 0.5160
35/98 [=========>....................] - ETA: 2s - loss: 1.3670 - accuracy: 0.5170
37/98 [==========>...................] - ETA: 2s - loss: 1.3682 - accuracy: 0.5173
39/98 [==========>...................] - ETA: 2s - loss: 1.3693 - accuracy: 0.5165
41/98 [===========>..................] - ETA: 2s - loss: 1.3691 - accuracy: 0.5163
43/98 [============>.................] - ETA: 1s - loss: 1.3719 - accuracy: 0.5157
45/98 [============>.................] - ETA: 1s - loss: 1.3727 - accuracy: 0.5152
47/98 [=============>................] - ETA: 1s - loss: 1.3757 - accuracy: 0.5141
49/98 [==============>...............] - ETA: 1s - loss: 1.3766 - accuracy: 0.5139
51/98 [==============>...............] - ETA: 1s - loss: 1.3792 - accuracy: 0.5130
53/98 [===============>..............] - ETA: 1s - loss: 1.3800 - accuracy: 0.5130
55/98 [===============>..............] - ETA: 1s - loss: 1.3807 - accuracy: 0.5131
57/98 [================>.............] - ETA: 1s - loss: 1.3826 - accuracy: 0.5125
59/98 [=================>............] - ETA: 1s - loss: 1.3834 - accuracy: 0.5122
61/98 [=================>............] - ETA: 1s - loss: 1.3837 - accuracy: 0.5119
63/98 [==================>...........] - ETA: 1s - loss: 1.3824 - accuracy: 0.5127
65/98 [==================>...........] - ETA: 1s - loss: 1.3824 - accuracy: 0.5124
67/98 [===================>..........] - ETA: 1s - loss: 1.3814 - accuracy: 0.5128
69/98 [====================>.........] - ETA: 1s - loss: 1.3818 - accuracy: 0.5130
71/98 [====================>.........] - ETA: 0s - loss: 1.3808 - accuracy: 0.5133
73/98 [=====================>........] - ETA: 0s - loss: 1.3807 - accuracy: 0.5128
75/98 [=====================>........] - ETA: 0s - loss: 1.3812 - accuracy: 0.5125
77/98 [======================>.......] - ETA: 0s - loss: 1.3800 - accuracy: 0.5129
79/98 [=======================>......] - ETA: 0s - loss: 1.3800 - accuracy: 0.5128
81/98 [=======================>......] - ETA: 0s - loss: 1.3802 - accuracy: 0.5124
83/98 [========================>.....] - ETA: 0s - loss: 1.3802 - accuracy: 0.5126
85/98 [=========================>....] - ETA: 0s - loss: 1.3809 - accuracy: 0.5123
87/98 [=========================>....] - ETA: 0s - loss: 1.3804 - accuracy: 0.5121
89/98 [==========================>...] - ETA: 0s - loss: 1.3791 - accuracy: 0.5126
91/98 [==========================>...] - ETA: 0s - loss: 1.3788 - accuracy: 0.5125
93/98 [===========================>..] - ETA: 0s - loss: 1.3772 - accuracy: 0.5130
95/98 [============================>.] - ETA: 0s - loss: 1.3768 - accuracy: 0.5133
97/98 [============================>.] - ETA: 0s - loss: 1.3765 - accuracy: 0.5133
98/98 [==============================] - 4s 45ms/step - loss: 1.3760 - accuracy: 0.5132 - val_loss: 1.3393 - val_accuracy: 0.5334
Epoch 8/182

 1/98 [..............................] - ETA: 4s - loss: 1.4014 - accuracy: 0.4980
 3/98 [..............................] - ETA: 3s - loss: 1.3766 - accuracy: 0.5000
 5/98 [>.............................] - ETA: 3s - loss: 1.3797 - accuracy: 0.5070
 7/98 [=>............................] - ETA: 3s - loss: 1.3786 - accuracy: 0.5098
 9/98 [=>............................] - ETA: 3s - loss: 1.3749 - accuracy: 0.5126
11/98 [==>...........................] - ETA: 3s - loss: 1.3742 - accuracy: 0.5114
13/98 [==>...........................] - ETA: 2s - loss: 1.3764 - accuracy: 0.5099
15/98 [===>..........................] - ETA: 2s - loss: 1.3650 - accuracy: 0.5125
17/98 [====>.........................] - ETA: 2s - loss: 1.3667 - accuracy: 0.5118
19/98 [====>.........................] - ETA: 2s - loss: 1.3693 - accuracy: 0.5116
21/98 [=====>........................] - ETA: 2s - loss: 1.3748 - accuracy: 0.5111
23/98 [======>.......................] - ETA: 2s - loss: 1.3728 - accuracy: 0.5115
25/98 [======>.......................] - ETA: 2s - loss: 1.3711 - accuracy: 0.5122
27/98 [=======>......................] - ETA: 2s - loss: 1.3711 - accuracy: 0.5135
29/98 [=======>......................] - ETA: 2s - loss: 1.3670 - accuracy: 0.5149
31/98 [========>.....................] - ETA: 2s - loss: 1.3693 - accuracy: 0.5131
33/98 [=========>....................] - ETA: 2s - loss: 1.3667 - accuracy: 0.5143
35/98 [=========>....................] - ETA: 2s - loss: 1.3696 - accuracy: 0.5128
37/98 [==========>...................] - ETA: 2s - loss: 1.3697 - accuracy: 0.5132
39/98 [==========>...................] - ETA: 2s - loss: 1.3711 - accuracy: 0.5128
41/98 [===========>..................] - ETA: 2s - loss: 1.3685 - accuracy: 0.5136
43/98 [============>.................] - ETA: 1s - loss: 1.3683 - accuracy: 0.5135
45/98 [============>.................] - ETA: 1s - loss: 1.3670 - accuracy: 0.5146
47/98 [=============>................] - ETA: 1s - loss: 1.3673 - accuracy: 0.5145
49/98 [==============>...............] - ETA: 1s - loss: 1.3643 - accuracy: 0.5151
51/98 [==============>...............] - ETA: 1s - loss: 1.3632 - accuracy: 0.5149
53/98 [===============>..............] - ETA: 1s - loss: 1.3630 - accuracy: 0.5154
55/98 [===============>..............] - ETA: 1s - loss: 1.3602 - accuracy: 0.5163
57/98 [================>.............] - ETA: 1s - loss: 1.3588 - accuracy: 0.5173
59/98 [=================>............] - ETA: 1s - loss: 1.3594 - accuracy: 0.5172
61/98 [=================>............] - ETA: 1s - loss: 1.3592 - accuracy: 0.5172
63/98 [==================>...........] - ETA: 1s - loss: 1.3593 - accuracy: 0.5164
65/98 [==================>...........] - ETA: 1s - loss: 1.3591 - accuracy: 0.5168
67/98 [===================>..........] - ETA: 1s - loss: 1.3594 - accuracy: 0.5171
69/98 [====================>.........] - ETA: 1s - loss: 1.3591 - accuracy: 0.5178
71/98 [====================>.........] - ETA: 0s - loss: 1.3582 - accuracy: 0.5181
73/98 [=====================>........] - ETA: 0s - loss: 1.3575 - accuracy: 0.5185
75/98 [=====================>........] - ETA: 0s - loss: 1.3566 - accuracy: 0.5187
77/98 [======================>.......] - ETA: 0s - loss: 1.3552 - accuracy: 0.5200
79/98 [=======================>......] - ETA: 0s - loss: 1.3550 - accuracy: 0.5199
81/98 [=======================>......] - ETA: 0s - loss: 1.3558 - accuracy: 0.5193
83/98 [========================>.....] - ETA: 0s - loss: 1.3555 - accuracy: 0.5193
85/98 [=========================>....] - ETA: 0s - loss: 1.3548 - accuracy: 0.5200
87/98 [=========================>....] - ETA: 0s - loss: 1.3542 - accuracy: 0.5207
89/98 [==========================>...] - ETA: 0s - loss: 1.3541 - accuracy: 0.5206
91/98 [==========================>...] - ETA: 0s - loss: 1.3532 - accuracy: 0.5212
93/98 [===========================>..] - ETA: 0s - loss: 1.3525 - accuracy: 0.5216
95/98 [============================>.] - ETA: 0s - loss: 1.3516 - accuracy: 0.5223
97/98 [============================>.] - ETA: 0s - loss: 1.3507 - accuracy: 0.5227
98/98 [==============================] - 4s 46ms/step - loss: 1.3508 - accuracy: 0.5227 - val_loss: 1.3124 - val_accuracy: 0.5408
Epoch 9/182

 1/98 [..............................] - ETA: 6s - loss: 1.3115 - accuracy: 0.5234
 3/98 [..............................] - ETA: 3s - loss: 1.3385 - accuracy: 0.5143
 5/98 [>.............................] - ETA: 3s - loss: 1.3439 - accuracy: 0.5051
 7/98 [=>............................] - ETA: 3s - loss: 1.3326 - accuracy: 0.5128
 9/98 [=>............................] - ETA: 3s - loss: 1.3208 - accuracy: 0.5250
11/98 [==>...........................] - ETA: 3s - loss: 1.3270 - accuracy: 0.5204
13/98 [==>...........................] - ETA: 2s - loss: 1.3283 - accuracy: 0.5212
15/98 [===>..........................] - ETA: 2s - loss: 1.3299 - accuracy: 0.5214
17/98 [====>.........................] - ETA: 2s - loss: 1.3348 - accuracy: 0.5218
19/98 [====>.........................] - ETA: 2s - loss: 1.3318 - accuracy: 0.5241
21/98 [=====>........................] - ETA: 2s - loss: 1.3275 - accuracy: 0.5259
23/98 [======>.......................] - ETA: 2s - loss: 1.3251 - accuracy: 0.5279
25/98 [======>.......................] - ETA: 2s - loss: 1.3277 - accuracy: 0.5266
27/98 [=======>......................] - ETA: 2s - loss: 1.3301 - accuracy: 0.5273
29/98 [=======>......................] - ETA: 2s - loss: 1.3316 - accuracy: 0.5268
31/98 [========>.....................] - ETA: 2s - loss: 1.3341 - accuracy: 0.5257
33/98 [=========>....................] - ETA: 2s - loss: 1.3318 - accuracy: 0.5263
35/98 [=========>....................] - ETA: 2s - loss: 1.3338 - accuracy: 0.5250
37/98 [==========>...................] - ETA: 2s - loss: 1.3372 - accuracy: 0.5242
39/98 [==========>...................] - ETA: 2s - loss: 1.3358 - accuracy: 0.5247
41/98 [===========>..................] - ETA: 2s - loss: 1.3351 - accuracy: 0.5252
43/98 [============>.................] - ETA: 1s - loss: 1.3328 - accuracy: 0.5269
45/98 [============>.................] - ETA: 1s - loss: 1.3321 - accuracy: 0.5277
47/98 [=============>................] - ETA: 1s - loss: 1.3345 - accuracy: 0.5274
49/98 [==============>...............] - ETA: 1s - loss: 1.3342 - accuracy: 0.5271
51/98 [==============>...............] - ETA: 1s - loss: 1.3321 - accuracy: 0.5277
53/98 [===============>..............] - ETA: 1s - loss: 1.3322 - accuracy: 0.5282
55/98 [===============>..............] - ETA: 1s - loss: 1.3308 - accuracy: 0.5288
57/98 [================>.............] - ETA: 1s - loss: 1.3319 - accuracy: 0.5290
59/98 [=================>............] - ETA: 1s - loss: 1.3306 - accuracy: 0.5296
61/98 [=================>............] - ETA: 1s - loss: 1.3295 - accuracy: 0.5301
63/98 [==================>...........] - ETA: 1s - loss: 1.3292 - accuracy: 0.5300
65/98 [==================>...........] - ETA: 1s - loss: 1.3286 - accuracy: 0.5301
67/98 [===================>..........] - ETA: 1s - loss: 1.3290 - accuracy: 0.5300
69/98 [====================>.........] - ETA: 1s - loss: 1.3278 - accuracy: 0.5308
71/98 [====================>.........] - ETA: 0s - loss: 1.3272 - accuracy: 0.5308
73/98 [=====================>........] - ETA: 0s - loss: 1.3259 - accuracy: 0.5314
75/98 [=====================>........] - ETA: 0s - loss: 1.3260 - accuracy: 0.5312
77/98 [======================>.......] - ETA: 0s - loss: 1.3254 - accuracy: 0.5318
79/98 [=======================>......] - ETA: 0s - loss: 1.3257 - accuracy: 0.5317
81/98 [=======================>......] - ETA: 0s - loss: 1.3254 - accuracy: 0.5314
83/98 [========================>.....] - ETA: 0s - loss: 1.3250 - accuracy: 0.5315
85/98 [=========================>....] - ETA: 0s - loss: 1.3252 - accuracy: 0.5317
87/98 [=========================>....] - ETA: 0s - loss: 1.3247 - accuracy: 0.5318
89/98 [==========================>...] - ETA: 0s - loss: 1.3252 - accuracy: 0.5316
91/98 [==========================>...] - ETA: 0s - loss: 1.3253 - accuracy: 0.5312
93/98 [===========================>..] - ETA: 0s - loss: 1.3247 - accuracy: 0.5319
