2024-07-27 02:16:23.309023: I tensorflow/core/platform/cpu_feature_guard.cc:193] This TensorFlow binary is optimized with oneAPI Deep Neural Network Library (oneDNN) to use the following CPU instructions in performance-critical operations:  AVX AVX2
To enable them in other operations, rebuild TensorFlow with the appropriate compiler flags.
2024-07-27 02:16:23.867330: I tensorflow/core/common_runtime/gpu/gpu_device.cc:1616] Created device /job:localhost/replica:0/task:0/device:GPU:0 with 6656 MB memory:  -> device: 0, name: NVIDIA GeForce RTX 4060 Ti, pci bus id: 0000:01:00.0, compute capability: 8.9
1 Physical GPUs, 1 Logical GPUs
Model: "sequential"
_________________________________________________________________
 Layer (type)                Output Shape              Param #   
=================================================================
 conv2d (Conv2D)             (None, 32, 32, 32)        896       
                                                                 
 max_pooling2d (MaxPooling2D  (None, 16, 16, 32)       0         
 )                                                               
                                                                 
 dropout (Dropout)           (None, 16, 16, 32)        0         
                                                                 
 flatten (Flatten)           (None, 8192)              0         
                                                                 
 dense (Dense)               (None, 10)                81930     
                                                                 
=================================================================
Total params: 82,826
Trainable params: 82,826
Non-trainable params: 0
_________________________________________________________________
Taxa de aprendizado:  1e-05 Num de épocas:  115 Tamanho do lote:  512 Dropout:  0.42
Epoch 1/115
2024-07-27 02:16:25.090445: I tensorflow/stream_executor/cuda/cuda_dnn.cc:384] Loaded cuDNN version 8100
2024-07-27 02:16:25.889530: W tensorflow/stream_executor/gpu/redzone_allocator.cc:314] INTERNAL: ptxas exited with non-zero error code -1, output: 
Relying on driver to perform ptx compilation. 
Modify $PATH to customize ptxas location.
This message will be only logged once.
2024-07-27 02:16:26.620328: I tensorflow/stream_executor/cuda/cuda_blas.cc:1614] TensorFloat-32 will be used for the matrix multiplication. This will only be logged once.

 1/98 [..............................] - ETA: 4:22 - loss: 2.3707 - accuracy: 0.0977
 8/98 [=>............................] - ETA: 0s - loss: 2.3439 - accuracy: 0.0950  
14/98 [===>..........................] - ETA: 0s - loss: 2.3398 - accuracy: 0.0929
19/98 [====>.........................] - ETA: 0s - loss: 2.3373 - accuracy: 0.0936
23/98 [======>.......................] - ETA: 0s - loss: 2.3347 - accuracy: 0.0936
28/98 [=======>......................] - ETA: 0s - loss: 2.3319 - accuracy: 0.0959
34/98 [=========>....................] - ETA: 0s - loss: 2.3293 - accuracy: 0.0967
39/98 [==========>...................] - ETA: 0s - loss: 2.3274 - accuracy: 0.0987
44/98 [============>.................] - ETA: 0s - loss: 2.3253 - accuracy: 0.1003
49/98 [==============>...............] - ETA: 0s - loss: 2.3231 - accuracy: 0.1022
55/98 [===============>..............] - ETA: 0s - loss: 2.3209 - accuracy: 0.1037
61/98 [=================>............] - ETA: 0s - loss: 2.3191 - accuracy: 0.1056
68/98 [===================>..........] - ETA: 0s - loss: 2.3167 - accuracy: 0.1078
74/98 [=====================>........] - ETA: 0s - loss: 2.3147 - accuracy: 0.1090
81/98 [=======================>......] - ETA: 0s - loss: 2.3130 - accuracy: 0.1101
88/98 [=========================>....] - ETA: 0s - loss: 2.3112 - accuracy: 0.1113
90/98 [==========================>...] - ETA: 0s - loss: 2.3111 - accuracy: 0.1117
96/98 [============================>.] - ETA: 0s - loss: 2.3096 - accuracy: 0.1125
98/98 [==============================] - 4s 18ms/step - loss: 2.3093 - accuracy: 0.1126 - val_loss: 2.2702 - val_accuracy: 0.1716
Epoch 2/115

 1/98 [..............................] - ETA: 3s - loss: 2.2917 - accuracy: 0.1074
 7/98 [=>............................] - ETA: 0s - loss: 2.2875 - accuracy: 0.1292
13/98 [==>...........................] - ETA: 0s - loss: 2.2859 - accuracy: 0.1310
19/98 [====>.........................] - ETA: 0s - loss: 2.2846 - accuracy: 0.1329
24/98 [======>.......................] - ETA: 0s - loss: 2.2837 - accuracy: 0.1338
31/98 [========>.....................] - ETA: 0s - loss: 2.2827 - accuracy: 0.1346
37/98 [==========>...................] - ETA: 0s - loss: 2.2825 - accuracy: 0.1342
43/98 [============>.................] - ETA: 0s - loss: 2.2814 - accuracy: 0.1356
49/98 [==============>...............] - ETA: 0s - loss: 2.2805 - accuracy: 0.1376
55/98 [===============>..............] - ETA: 0s - loss: 2.2789 - accuracy: 0.1396
61/98 [=================>............] - ETA: 0s - loss: 2.2784 - accuracy: 0.1408
68/98 [===================>..........] - ETA: 0s - loss: 2.2774 - accuracy: 0.1422
74/98 [=====================>........] - ETA: 0s - loss: 2.2764 - accuracy: 0.1428
79/98 [=======================>......] - ETA: 0s - loss: 2.2751 - accuracy: 0.1445
85/98 [=========================>....] - ETA: 0s - loss: 2.2744 - accuracy: 0.1457
92/98 [===========================>..] - ETA: 0s - loss: 2.2732 - accuracy: 0.1468
98/98 [==============================] - ETA: 0s - loss: 2.2724 - accuracy: 0.1479
98/98 [==============================] - 2s 16ms/step - loss: 2.2724 - accuracy: 0.1479 - val_loss: 2.2382 - val_accuracy: 0.2108
Epoch 3/115

 1/98 [..............................] - ETA: 3s - loss: 2.2501 - accuracy: 0.1797
 7/98 [=>............................] - ETA: 0s - loss: 2.2560 - accuracy: 0.1607
13/98 [==>...........................] - ETA: 0s - loss: 2.2518 - accuracy: 0.1702
17/98 [====>.........................] - ETA: 0s - loss: 2.2535 - accuracy: 0.1673
21/98 [=====>........................] - ETA: 0s - loss: 2.2517 - accuracy: 0.1683
25/98 [======>.......................] - ETA: 0s - loss: 2.2525 - accuracy: 0.1682
29/98 [=======>......................] - ETA: 0s - loss: 2.2525 - accuracy: 0.1680
33/98 [=========>....................] - ETA: 0s - loss: 2.2526 - accuracy: 0.1666
38/98 [==========>...................] - ETA: 0s - loss: 2.2511 - accuracy: 0.1684
42/98 [===========>..................] - ETA: 0s - loss: 2.2500 - accuracy: 0.1686
47/98 [=============>................] - ETA: 0s - loss: 2.2485 - accuracy: 0.1705
51/98 [==============>...............] - ETA: 0s - loss: 2.2474 - accuracy: 0.1714
56/98 [================>.............] - ETA: 0s - loss: 2.2468 - accuracy: 0.1711
61/98 [=================>............] - ETA: 0s - loss: 2.2455 - accuracy: 0.1716
66/98 [===================>..........] - ETA: 0s - loss: 2.2445 - accuracy: 0.1726
73/98 [=====================>........] - ETA: 0s - loss: 2.2434 - accuracy: 0.1733
78/98 [======================>.......] - ETA: 0s - loss: 2.2430 - accuracy: 0.1734
84/98 [========================>.....] - ETA: 0s - loss: 2.2419 - accuracy: 0.1736
89/98 [==========================>...] - ETA: 0s - loss: 2.2411 - accuracy: 0.1745
95/98 [============================>.] - ETA: 0s - loss: 2.2397 - accuracy: 0.1759
98/98 [==============================] - 2s 18ms/step - loss: 2.2392 - accuracy: 0.1763 - val_loss: 2.2061 - val_accuracy: 0.2452
Epoch 4/115

 1/98 [..............................] - ETA: 3s - loss: 2.2385 - accuracy: 0.1660
 6/98 [>.............................] - ETA: 1s - loss: 2.2215 - accuracy: 0.1842
12/98 [==>...........................] - ETA: 0s - loss: 2.2240 - accuracy: 0.1844
18/98 [====>.........................] - ETA: 0s - loss: 2.2197 - accuracy: 0.1909
24/98 [======>.......................] - ETA: 0s - loss: 2.2186 - accuracy: 0.1912
30/98 [========>.....................] - ETA: 0s - loss: 2.2159 - accuracy: 0.1924
36/98 [==========>...................] - ETA: 0s - loss: 2.2168 - accuracy: 0.1931
40/98 [===========>..................] - ETA: 0s - loss: 2.2159 - accuracy: 0.1941
46/98 [=============>................] - ETA: 0s - loss: 2.2145 - accuracy: 0.1947
52/98 [==============>...............] - ETA: 0s - loss: 2.2132 - accuracy: 0.1964
59/98 [=================>............] - ETA: 0s - loss: 2.2115 - accuracy: 0.1992
65/98 [==================>...........] - ETA: 0s - loss: 2.2107 - accuracy: 0.2002
71/98 [====================>.........] - ETA: 0s - loss: 2.2097 - accuracy: 0.2022
77/98 [======================>.......] - ETA: 0s - loss: 2.2093 - accuracy: 0.2023
83/98 [========================>.....] - ETA: 0s - loss: 2.2091 - accuracy: 0.2015
89/98 [==========================>...] - ETA: 0s - loss: 2.2082 - accuracy: 0.2014
95/98 [============================>.] - ETA: 0s - loss: 2.2076 - accuracy: 0.2015
98/98 [==============================] - 2s 15ms/step - loss: 2.2074 - accuracy: 0.2014 - val_loss: 2.1728 - val_accuracy: 0.2703
Epoch 5/115

 1/98 [..............................] - ETA: 1s - loss: 2.1912 - accuracy: 0.2051
 7/98 [=>............................] - ETA: 0s - loss: 2.1784 - accuracy: 0.2188
13/98 [==>...........................] - ETA: 0s - loss: 2.1848 - accuracy: 0.2103
19/98 [====>.........................] - ETA: 0s - loss: 2.1860 - accuracy: 0.2128
26/98 [======>.......................] - ETA: 0s - loss: 2.1859 - accuracy: 0.2100
32/98 [========>.....................] - ETA: 0s - loss: 2.1843 - accuracy: 0.2130
38/98 [==========>...................] - ETA: 0s - loss: 2.1828 - accuracy: 0.2155
44/98 [============>.................] - ETA: 0s - loss: 2.1816 - accuracy: 0.2173
51/98 [==============>...............] - ETA: 0s - loss: 2.1805 - accuracy: 0.2177
56/98 [================>.............] - ETA: 0s - loss: 2.1790 - accuracy: 0.2192
62/98 [=================>............] - ETA: 0s - loss: 2.1787 - accuracy: 0.2191
68/98 [===================>..........] - ETA: 0s - loss: 2.1778 - accuracy: 0.2199
74/98 [=====================>........] - ETA: 0s - loss: 2.1762 - accuracy: 0.2212
80/98 [=======================>......] - ETA: 0s - loss: 2.1750 - accuracy: 0.2230
86/98 [=========================>....] - ETA: 0s - loss: 2.1745 - accuracy: 0.2225
92/98 [===========================>..] - ETA: 0s - loss: 2.1741 - accuracy: 0.2220
98/98 [==============================] - ETA: 0s - loss: 2.1731 - accuracy: 0.2221
98/98 [==============================] - 1s 15ms/step - loss: 2.1731 - accuracy: 0.2221 - val_loss: 2.1391 - val_accuracy: 0.2881
Epoch 6/115

 1/98 [..............................] - ETA: 1s - loss: 2.1584 - accuracy: 0.2266
 7/98 [=>............................] - ETA: 0s - loss: 2.1631 - accuracy: 0.2277
13/98 [==>...........................] - ETA: 0s - loss: 2.1586 - accuracy: 0.2338
19/98 [====>.........................] - ETA: 0s - loss: 2.1545 - accuracy: 0.2373
25/98 [======>.......................] - ETA: 0s - loss: 2.1526 - accuracy: 0.2352
31/98 [========>.....................] - ETA: 0s - loss: 2.1509 - accuracy: 0.2356
37/98 [==========>...................] - ETA: 0s - loss: 2.1507 - accuracy: 0.2366
43/98 [============>.................] - ETA: 0s - loss: 2.1487 - accuracy: 0.2386
47/98 [=============>................] - ETA: 0s - loss: 2.1482 - accuracy: 0.2385
52/98 [==============>...............] - ETA: 0s - loss: 2.1474 - accuracy: 0.2390
58/98 [================>.............] - ETA: 0s - loss: 2.1465 - accuracy: 0.2391
64/98 [==================>...........] - ETA: 0s - loss: 2.1457 - accuracy: 0.2398
71/98 [====================>.........] - ETA: 0s - loss: 2.1454 - accuracy: 0.2387
77/98 [======================>.......] - ETA: 0s - loss: 2.1448 - accuracy: 0.2389
83/98 [========================>.....] - ETA: 0s - loss: 2.1444 - accuracy: 0.2395
90/98 [==========================>...] - ETA: 0s - loss: 2.1428 - accuracy: 0.2403
96/98 [============================>.] - ETA: 0s - loss: 2.1415 - accuracy: 0.2412
98/98 [==============================] - 1s 15ms/step - loss: 2.1410 - accuracy: 0.2419 - val_loss: 2.1063 - val_accuracy: 0.3034
Epoch 7/115

 1/98 [..............................] - ETA: 1s - loss: 2.1242 - accuracy: 0.2539
 7/98 [=>............................] - ETA: 0s - loss: 2.1234 - accuracy: 0.2545
13/98 [==>...........................] - ETA: 0s - loss: 2.1271 - accuracy: 0.2532
19/98 [====>.........................] - ETA: 0s - loss: 2.1265 - accuracy: 0.2520
26/98 [======>.......................] - ETA: 0s - loss: 2.1203 - accuracy: 0.2548
32/98 [========>.....................] - ETA: 0s - loss: 2.1170 - accuracy: 0.2546
38/98 [==========>...................] - ETA: 0s - loss: 2.1173 - accuracy: 0.2524
45/98 [============>.................] - ETA: 0s - loss: 2.1166 - accuracy: 0.2531
51/98 [==============>...............] - ETA: 0s - loss: 2.1160 - accuracy: 0.2529
57/98 [================>.............] - ETA: 0s - loss: 2.1155 - accuracy: 0.2525
64/98 [==================>...........] - ETA: 0s - loss: 2.1136 - accuracy: 0.2545
69/98 [====================>.........] - ETA: 0s - loss: 2.1136 - accuracy: 0.2546
74/98 [=====================>........] - ETA: 0s - loss: 2.1136 - accuracy: 0.2544
81/98 [=======================>......] - ETA: 0s - loss: 2.1125 - accuracy: 0.2542
87/98 [=========================>....] - ETA: 0s - loss: 2.1116 - accuracy: 0.2548
93/98 [===========================>..] - ETA: 0s - loss: 2.1099 - accuracy: 0.2561
98/98 [==============================] - 1s 14ms/step - loss: 2.1091 - accuracy: 0.2563 - val_loss: 2.0760 - val_accuracy: 0.3142
Epoch 8/115

 1/98 [..............................] - ETA: 1s - loss: 2.0843 - accuracy: 0.2695
 7/98 [=>............................] - ETA: 0s - loss: 2.0978 - accuracy: 0.2603
12/98 [==>...........................] - ETA: 0s - loss: 2.0953 - accuracy: 0.2557
17/98 [====>.........................] - ETA: 0s - loss: 2.0940 - accuracy: 0.2568
23/98 [======>.......................] - ETA: 0s - loss: 2.0926 - accuracy: 0.2574
30/98 [========>.....................] - ETA: 0s - loss: 2.0886 - accuracy: 0.2629
36/98 [==========>...................] - ETA: 0s - loss: 2.0883 - accuracy: 0.2625
42/98 [===========>..................] - ETA: 0s - loss: 2.0873 - accuracy: 0.2644
48/98 [=============>................] - ETA: 0s - loss: 2.0871 - accuracy: 0.2642
53/98 [===============>..............] - ETA: 0s - loss: 2.0875 - accuracy: 0.2632
59/98 [=================>............] - ETA: 0s - loss: 2.0897 - accuracy: 0.2632
64/98 [==================>...........] - ETA: 0s - loss: 2.0878 - accuracy: 0.2647
70/98 [====================>.........] - ETA: 0s - loss: 2.0863 - accuracy: 0.2664
75/98 [=====================>........] - ETA: 0s - loss: 2.0847 - accuracy: 0.2674
81/98 [=======================>......] - ETA: 0s - loss: 2.0840 - accuracy: 0.2675
86/98 [=========================>....] - ETA: 0s - loss: 2.0833 - accuracy: 0.2680
91/98 [==========================>...] - ETA: 0s - loss: 2.0834 - accuracy: 0.2670
96/98 [============================>.] - ETA: 0s - loss: 2.0820 - accuracy: 0.2679
98/98 [==============================] - 2s 16ms/step - loss: 2.0818 - accuracy: 0.2677 - val_loss: 2.0477 - val_accuracy: 0.3257
Epoch 9/115

 1/98 [..............................] - ETA: 1s - loss: 2.0918 - accuracy: 0.2520
 6/98 [>.............................] - ETA: 1s - loss: 2.0778 - accuracy: 0.2728
12/98 [==>...........................] - ETA: 0s - loss: 2.0719 - accuracy: 0.2728
19/98 [====>.........................] - ETA: 0s - loss: 2.0660 - accuracy: 0.2736
25/98 [======>.......................] - ETA: 0s - loss: 2.0658 - accuracy: 0.2759
31/98 [========>.....................] - ETA: 0s - loss: 2.0649 - accuracy: 0.2744
36/98 [==========>...................] - ETA: 0s - loss: 2.0663 - accuracy: 0.2726
41/98 [===========>..................] - ETA: 0s - loss: 2.0652 - accuracy: 0.2739
46/98 [=============>................] - ETA: 0s - loss: 2.0649 - accuracy: 0.2744
52/98 [==============>...............] - ETA: 0s - loss: 2.0647 - accuracy: 0.2754
58/98 [================>.............] - ETA: 0s - loss: 2.0637 - accuracy: 0.2760
64/98 [==================>...........] - ETA: 0s - loss: 2.0624 - accuracy: 0.2768
70/98 [====================>.........] - ETA: 0s - loss: 2.0608 - accuracy: 0.2770
76/98 [======================>.......] - ETA: 0s - loss: 2.0613 - accuracy: 0.2766
82/98 [========================>.....] - ETA: 0s - loss: 2.0598 - accuracy: 0.2775
87/98 [=========================>....] - ETA: 0s - loss: 2.0583 - accuracy: 0.2778
91/98 [==========================>...] - ETA: 0s - loss: 2.0576 - accuracy: 0.2784
95/98 [============================>.] - ETA: 0s - loss: 2.0568 - accuracy: 0.2783
98/98 [==============================] - 2s 17ms/step - loss: 2.0561 - accuracy: 0.2787 - val_loss: 2.0218 - val_accuracy: 0.3330
Epoch 10/115

 1/98 [..............................] - ETA: 3s - loss: 2.0668 - accuracy: 0.2500
 7/98 [=>............................] - ETA: 0s - loss: 2.0428 - accuracy: 0.2852
13/98 [==>...........................] - ETA: 0s - loss: 2.0386 - accuracy: 0.2826
19/98 [====>.........................] - ETA: 0s - loss: 2.0398 - accuracy: 0.2822
25/98 [======>.......................] - ETA: 0s - loss: 2.0390 - accuracy: 0.2849
31/98 [========>.....................] - ETA: 0s - loss: 2.0390 - accuracy: 0.2849
37/98 [==========>...................] - ETA: 0s - loss: 2.0381 - accuracy: 0.2829
42/98 [===========>..................] - ETA: 0s - loss: 2.0384 - accuracy: 0.2826
47/98 [=============>................] - ETA: 0s - loss: 2.0367 - accuracy: 0.2835
53/98 [===============>..............] - ETA: 0s - loss: 2.0340 - accuracy: 0.2852
59/98 [=================>............] - ETA: 0s - loss: 2.0337 - accuracy: 0.2864
64/98 [==================>...........] - ETA: 0s - loss: 2.0337 - accuracy: 0.2859
70/98 [====================>.........] - ETA: 0s - loss: 2.0331 - accuracy: 0.2858
76/98 [======================>.......] - ETA: 0s - loss: 2.0338 - accuracy: 0.2850
82/98 [========================>.....] - ETA: 0s - loss: 2.0327 - accuracy: 0.2863
88/98 [=========================>....] - ETA: 0s - loss: 2.0321 - accuracy: 0.2865
93/98 [===========================>..] - ETA: 0s - loss: 2.0312 - accuracy: 0.2867
98/98 [==============================] - ETA: 0s - loss: 2.0310 - accuracy: 0.2873
98/98 [==============================] - 2s 18ms/step - loss: 2.0310 - accuracy: 0.2873 - val_loss: 1.9979 - val_accuracy: 0.3406
Epoch 11/115

 1/98 [..............................] - ETA: 3s - loss: 2.0059 - accuracy: 0.3047
 6/98 [>.............................] - ETA: 1s - loss: 2.0157 - accuracy: 0.3001
11/98 [==>...........................] - ETA: 1s - loss: 2.0163 - accuracy: 0.2967
15/98 [===>..........................] - ETA: 1s - loss: 2.0185 - accuracy: 0.3000
20/98 [=====>........................] - ETA: 1s - loss: 2.0200 - accuracy: 0.2977
24/98 [======>.......................] - ETA: 1s - loss: 2.0227 - accuracy: 0.2958
29/98 [=======>......................] - ETA: 0s - loss: 2.0215 - accuracy: 0.2961
34/98 [=========>....................] - ETA: 0s - loss: 2.0190 - accuracy: 0.2962
37/98 [==========>...................] - ETA: 0s - loss: 2.0203 - accuracy: 0.2946
41/98 [===========>..................] - ETA: 0s - loss: 2.0180 - accuracy: 0.2951
45/98 [============>.................] - ETA: 0s - loss: 2.0179 - accuracy: 0.2957
50/98 [==============>...............] - ETA: 0s - loss: 2.0161 - accuracy: 0.2976
54/98 [===============>..............] - ETA: 0s - loss: 2.0154 - accuracy: 0.2982
58/98 [================>.............] - ETA: 0s - loss: 2.0155 - accuracy: 0.2975
63/98 [==================>...........] - ETA: 0s - loss: 2.0135 - accuracy: 0.2978
67/98 [===================>..........] - ETA: 0s - loss: 2.0128 - accuracy: 0.2978
71/98 [====================>.........] - ETA: 0s - loss: 2.0132 - accuracy: 0.2978
75/98 [=====================>........] - ETA: 0s - loss: 2.0129 - accuracy: 0.2980
80/98 [=======================>......] - ETA: 0s - loss: 2.0117 - accuracy: 0.2984
85/98 [=========================>....] - ETA: 0s - loss: 2.0109 - accuracy: 0.2989
89/98 [==========================>...] - ETA: 0s - loss: 2.0105 - accuracy: 0.2994
94/98 [===========================>..] - ETA: 0s - loss: 2.0100 - accuracy: 0.2998
98/98 [==============================] - ETA: 0s - loss: 2.0090 - accuracy: 0.3005
98/98 [==============================] - 2s 22ms/step - loss: 2.0090 - accuracy: 0.3005 - val_loss: 1.9760 - val_accuracy: 0.3479
Epoch 12/115

 1/98 [..............................] - ETA: 3s - loss: 2.0016 - accuracy: 0.3125
 5/98 [>.............................] - ETA: 1s - loss: 1.9938 - accuracy: 0.3180
10/98 [==>...........................] - ETA: 1s - loss: 1.9945 - accuracy: 0.3084
15/98 [===>..........................] - ETA: 1s - loss: 1.9971 - accuracy: 0.3060
20/98 [=====>........................] - ETA: 1s - loss: 1.9980 - accuracy: 0.3022
24/98 [======>.......................] - ETA: 1s - loss: 1.9983 - accuracy: 0.3009
29/98 [=======>......................] - ETA: 0s - loss: 1.9979 - accuracy: 0.2999
33/98 [=========>....................] - ETA: 0s - loss: 1.9991 - accuracy: 0.2992
38/98 [==========>...................] - ETA: 0s - loss: 1.9980 - accuracy: 0.2998
43/98 [============>.................] - ETA: 0s - loss: 1.9935 - accuracy: 0.3032
47/98 [=============>................] - ETA: 0s - loss: 1.9942 - accuracy: 0.3044
52/98 [==============>...............] - ETA: 0s - loss: 1.9917 - accuracy: 0.3056
57/98 [================>.............] - ETA: 0s - loss: 1.9912 - accuracy: 0.3056
61/98 [=================>............] - ETA: 0s - loss: 1.9914 - accuracy: 0.3047
66/98 [===================>..........] - ETA: 0s - loss: 1.9912 - accuracy: 0.3059
71/98 [====================>.........] - ETA: 0s - loss: 1.9910 - accuracy: 0.3061
76/98 [======================>.......] - ETA: 0s - loss: 1.9910 - accuracy: 0.3061
81/98 [=======================>......] - ETA: 0s - loss: 1.9905 - accuracy: 0.3064
85/98 [=========================>....] - ETA: 0s - loss: 1.9889 - accuracy: 0.3071
90/98 [==========================>...] - ETA: 0s - loss: 1.9881 - accuracy: 0.3072
95/98 [============================>.] - ETA: 0s - loss: 1.9879 - accuracy: 0.3073
98/98 [==============================] - 2s 22ms/step - loss: 1.9873 - accuracy: 0.3080 - val_loss: 1.9551 - val_accuracy: 0.3537
Epoch 13/115

 1/98 [..............................] - ETA: 1s - loss: 1.9586 - accuracy: 0.3125
 5/98 [>.............................] - ETA: 1s - loss: 1.9835 - accuracy: 0.3113
10/98 [==>...........................] - ETA: 1s - loss: 1.9749 - accuracy: 0.3137
15/98 [===>..........................] - ETA: 1s - loss: 1.9768 - accuracy: 0.3132
20/98 [=====>........................] - ETA: 1s - loss: 1.9810 - accuracy: 0.3127
24/98 [======>.......................] - ETA: 1s - loss: 1.9803 - accuracy: 0.3123
29/98 [=======>......................] - ETA: 0s - loss: 1.9811 - accuracy: 0.3099
34/98 [=========>....................] - ETA: 0s - loss: 1.9809 - accuracy: 0.3097
39/98 [==========>...................] - ETA: 0s - loss: 1.9794 - accuracy: 0.3111
44/98 [============>.................] - ETA: 0s - loss: 1.9803 - accuracy: 0.3104
48/98 [=============>................] - ETA: 0s - loss: 1.9795 - accuracy: 0.3112
53/98 [===============>..............] - ETA: 0s - loss: 1.9785 - accuracy: 0.3113
57/98 [================>.............] - ETA: 0s - loss: 1.9792 - accuracy: 0.3104
62/98 [=================>............] - ETA: 0s - loss: 1.9770 - accuracy: 0.3117
66/98 [===================>..........] - ETA: 0s - loss: 1.9766 - accuracy: 0.3126
71/98 [====================>.........] - ETA: 0s - loss: 1.9750 - accuracy: 0.3130
75/98 [=====================>........] - ETA: 0s - loss: 1.9737 - accuracy: 0.3134
80/98 [=======================>......] - ETA: 0s - loss: 1.9724 - accuracy: 0.3146
85/98 [=========================>....] - ETA: 0s - loss: 1.9714 - accuracy: 0.3159
90/98 [==========================>...] - ETA: 0s - loss: 1.9708 - accuracy: 0.3161
94/98 [===========================>..] - ETA: 0s - loss: 1.9709 - accuracy: 0.3157
98/98 [==============================] - 2s 22ms/step - loss: 1.9691 - accuracy: 0.3170 - val_loss: 1.9363 - val_accuracy: 0.3568
Epoch 14/115

 1/98 [..............................] - ETA: 3s - loss: 1.9227 - accuracy: 0.3438
 5/98 [>.............................] - ETA: 1s - loss: 1.9565 - accuracy: 0.3176
10/98 [==>...........................] - ETA: 1s - loss: 1.9662 - accuracy: 0.3150
14/98 [===>..........................] - ETA: 1s - loss: 1.9616 - accuracy: 0.3177
19/98 [====>.........................] - ETA: 1s - loss: 1.9586 - accuracy: 0.3223
24/98 [======>.......................] - ETA: 1s - loss: 1.9576 - accuracy: 0.3244
29/98 [=======>......................] - ETA: 0s - loss: 1.9581 - accuracy: 0.3235
33/98 [=========>....................] - ETA: 0s - loss: 1.9558 - accuracy: 0.3245
37/98 [==========>...................] - ETA: 0s - loss: 1.9542 - accuracy: 0.3239
42/98 [===========>..................] - ETA: 0s - loss: 1.9529 - accuracy: 0.3229
47/98 [=============>................] - ETA: 0s - loss: 1.9537 - accuracy: 0.3224
52/98 [==============>...............] - ETA: 0s - loss: 1.9537 - accuracy: 0.3230
56/98 [================>.............] - ETA: 0s - loss: 1.9540 - accuracy: 0.3221
61/98 [=================>............] - ETA: 0s - loss: 1.9536 - accuracy: 0.3216
66/98 [===================>..........] - ETA: 0s - loss: 1.9523 - accuracy: 0.3220
71/98 [====================>.........] - ETA: 0s - loss: 1.9520 - accuracy: 0.3224
75/98 [=====================>........] - ETA: 0s - loss: 1.9514 - accuracy: 0.3222
80/98 [=======================>......] - ETA: 0s - loss: 1.9522 - accuracy: 0.3223
85/98 [=========================>....] - ETA: 0s - loss: 1.9529 - accuracy: 0.3217
90/98 [==========================>...] - ETA: 0s - loss: 1.9526 - accuracy: 0.3216
94/98 [===========================>..] - ETA: 0s - loss: 1.9532 - accuracy: 0.3212
98/98 [==============================] - 2s 22ms/step - loss: 1.9529 - accuracy: 0.3220 - val_loss: 1.9193 - val_accuracy: 0.3626
Epoch 15/115

 1/98 [..............................] - ETA: 3s - loss: 1.9181 - accuracy: 0.3496
 6/98 [>.............................] - ETA: 1s - loss: 1.9366 - accuracy: 0.3353
10/98 [==>...........................] - ETA: 1s - loss: 1.9346 - accuracy: 0.3377
15/98 [===>..........................] - ETA: 1s - loss: 1.9370 - accuracy: 0.3329
20/98 [=====>........................] - ETA: 1s - loss: 1.9393 - accuracy: 0.3281
24/98 [======>.......................] - ETA: 1s - loss: 1.9370 - accuracy: 0.3305
29/98 [=======>......................] - ETA: 0s - loss: 1.9333 - accuracy: 0.3334
34/98 [=========>....................] - ETA: 0s - loss: 1.9339 - accuracy: 0.3319
38/98 [==========>...................] - ETA: 0s - loss: 1.9342 - accuracy: 0.3314
43/98 [============>.................] - ETA: 0s - loss: 1.9337 - accuracy: 0.3303
47/98 [=============>................] - ETA: 0s - loss: 1.9366 - accuracy: 0.3281
51/98 [==============>...............] - ETA: 0s - loss: 1.9359 - accuracy: 0.3280
56/98 [================>.............] - ETA: 0s - loss: 1.9361 - accuracy: 0.3286
61/98 [=================>............] - ETA: 0s - loss: 1.9359 - accuracy: 0.3288
65/98 [==================>...........] - ETA: 0s - loss: 1.9364 - accuracy: 0.3281
70/98 [====================>.........] - ETA: 0s - loss: 1.9365 - accuracy: 0.3271
75/98 [=====================>........] - ETA: 0s - loss: 1.9377 - accuracy: 0.3267
80/98 [=======================>......] - ETA: 0s - loss: 1.9388 - accuracy: 0.3262
84/98 [========================>.....] - ETA: 0s - loss: 1.9385 - accuracy: 0.3266
89/98 [==========================>...] - ETA: 0s - loss: 1.9371 - accuracy: 0.3272
93/98 [===========================>..] - ETA: 0s - loss: 1.9372 - accuracy: 0.3272
98/98 [==============================] - ETA: 0s - loss: 1.9365 - accuracy: 0.3273
98/98 [==============================] - 2s 22ms/step - loss: 1.9365 - accuracy: 0.3273 - val_loss: 1.9042 - val_accuracy: 0.3673
Epoch 16/115

 1/98 [..............................] - ETA: 1s - loss: 1.9163 - accuracy: 0.3594
 5/98 [>.............................] - ETA: 1s - loss: 1.9286 - accuracy: 0.3418
10/98 [==>...........................] - ETA: 1s - loss: 1.9320 - accuracy: 0.3385
15/98 [===>..........................] - ETA: 1s - loss: 1.9296 - accuracy: 0.3397
19/98 [====>.........................] - ETA: 1s - loss: 1.9262 - accuracy: 0.3383
24/98 [======>.......................] - ETA: 1s - loss: 1.9234 - accuracy: 0.3389
29/98 [=======>......................] - ETA: 0s - loss: 1.9243 - accuracy: 0.3380
34/98 [=========>....................] - ETA: 0s - loss: 1.9222 - accuracy: 0.3400
38/98 [==========>...................] - ETA: 0s - loss: 1.9236 - accuracy: 0.3385
43/98 [============>.................] - ETA: 0s - loss: 1.9238 - accuracy: 0.3377
47/98 [=============>................] - ETA: 0s - loss: 1.9237 - accuracy: 0.3370
53/98 [===============>..............] - ETA: 0s - loss: 1.9243 - accuracy: 0.3368
57/98 [================>.............] - ETA: 0s - loss: 1.9239 - accuracy: 0.3376
62/98 [=================>............] - ETA: 0s - loss: 1.9254 - accuracy: 0.3358
66/98 [===================>..........] - ETA: 0s - loss: 1.9255 - accuracy: 0.3354
71/98 [====================>.........] - ETA: 0s - loss: 1.9245 - accuracy: 0.3356
75/98 [=====================>........] - ETA: 0s - loss: 1.9231 - accuracy: 0.3362
80/98 [=======================>......] - ETA: 0s - loss: 1.9224 - accuracy: 0.3364
84/98 [========================>.....] - ETA: 0s - loss: 1.9218 - accuracy: 0.3367
89/98 [==========================>...] - ETA: 0s - loss: 1.9213 - accuracy: 0.3369
94/98 [===========================>..] - ETA: 0s - loss: 1.9205 - accuracy: 0.3374
98/98 [==============================] - ETA: 0s - loss: 1.9209 - accuracy: 0.3369
98/98 [==============================] - 2s 23ms/step - loss: 1.9209 - accuracy: 0.3369 - val_loss: 1.8906 - val_accuracy: 0.3694
Epoch 17/115

 1/98 [..............................] - ETA: 3s - loss: 1.8371 - accuracy: 0.3750
 5/98 [>.............................] - ETA: 1s - loss: 1.9157 - accuracy: 0.3477
10/98 [==>...........................] - ETA: 1s - loss: 1.9184 - accuracy: 0.3348
15/98 [===>..........................] - ETA: 1s - loss: 1.9207 - accuracy: 0.3370
20/98 [=====>........................] - ETA: 1s - loss: 1.9186 - accuracy: 0.3376
24/98 [======>.......................] - ETA: 1s - loss: 1.9179 - accuracy: 0.3364
29/98 [=======>......................] - ETA: 0s - loss: 1.9184 - accuracy: 0.3347
33/98 [=========>....................] - ETA: 0s - loss: 1.9176 - accuracy: 0.3345
38/98 [==========>...................] - ETA: 0s - loss: 1.9168 - accuracy: 0.3355
43/98 [============>.................] - ETA: 0s - loss: 1.9142 - accuracy: 0.3357
48/98 [=============>................] - ETA: 0s - loss: 1.9110 - accuracy: 0.3367
53/98 [===============>..............] - ETA: 0s - loss: 1.9118 - accuracy: 0.3355
57/98 [================>.............] - ETA: 0s - loss: 1.9111 - accuracy: 0.3364
62/98 [=================>............] - ETA: 0s - loss: 1.9093 - accuracy: 0.3384
67/98 [===================>..........] - ETA: 0s - loss: 1.9089 - accuracy: 0.3387
71/98 [====================>.........] - ETA: 0s - loss: 1.9077 - accuracy: 0.3403
76/98 [======================>.......] - ETA: 0s - loss: 1.9080 - accuracy: 0.3399
81/98 [=======================>......] - ETA: 0s - loss: 1.9086 - accuracy: 0.3394
85/98 [=========================>....] - ETA: 0s - loss: 1.9084 - accuracy: 0.3398
90/98 [==========================>...] - ETA: 0s - loss: 1.9087 - accuracy: 0.3393
94/98 [===========================>..] - ETA: 0s - loss: 1.9082 - accuracy: 0.3399
98/98 [==============================] - 2s 23ms/step - loss: 1.9087 - accuracy: 0.3396 - val_loss: 1.8779 - val_accuracy: 0.3731
Epoch 18/115

 1/98 [..............................] - ETA: 1s - loss: 1.8668 - accuracy: 0.3730
 5/98 [>.............................] - ETA: 1s - loss: 1.8851 - accuracy: 0.3520
10/98 [==>...........................] - ETA: 1s - loss: 1.9043 - accuracy: 0.3434
14/98 [===>..........................] - ETA: 1s - loss: 1.8997 - accuracy: 0.3453
19/98 [====>.........................] - ETA: 1s - loss: 1.8998 - accuracy: 0.3416
24/98 [======>.......................] - ETA: 1s - loss: 1.8967 - accuracy: 0.3449
28/98 [=======>......................] - ETA: 0s - loss: 1.8920 - accuracy: 0.3489
33/98 [=========>....................] - ETA: 0s - loss: 1.8933 - accuracy: 0.3461
38/98 [==========>...................] - ETA: 0s - loss: 1.8949 - accuracy: 0.3459
42/98 [===========>..................] - ETA: 0s - loss: 1.8938 - accuracy: 0.3476
46/98 [=============>................] - ETA: 0s - loss: 1.8937 - accuracy: 0.3472
50/98 [==============>...............] - ETA: 0s - loss: 1.8942 - accuracy: 0.3464
55/98 [===============>..............] - ETA: 0s - loss: 1.8948 - accuracy: 0.3466
60/98 [=================>............] - ETA: 0s - loss: 1.8956 - accuracy: 0.3464
65/98 [==================>...........] - ETA: 0s - loss: 1.8953 - accuracy: 0.3466
69/98 [====================>.........] - ETA: 0s - loss: 1.8955 - accuracy: 0.3464
74/98 [=====================>........] - ETA: 0s - loss: 1.8958 - accuracy: 0.3463
79/98 [=======================>......] - ETA: 0s - loss: 1.8956 - accuracy: 0.3447
84/98 [========================>.....] - ETA: 0s - loss: 1.8946 - accuracy: 0.3453
88/98 [=========================>....] - ETA: 0s - loss: 1.8955 - accuracy: 0.3448
93/98 [===========================>..] - ETA: 0s - loss: 1.8956 - accuracy: 0.3444
97/98 [============================>.] - ETA: 0s - loss: 1.8964 - accuracy: 0.3437
98/98 [==============================] - 2s 23ms/step - loss: 1.8961 - accuracy: 0.3438 - val_loss: 1.8661 - val_accuracy: 0.3755
Epoch 19/115

 1/98 [..............................] - ETA: 3s - loss: 1.9013 - accuracy: 0.3535
 6/98 [>.............................] - ETA: 1s - loss: 1.9014 - accuracy: 0.3473
11/98 [==>...........................] - ETA: 1s - loss: 1.9114 - accuracy: 0.3406
15/98 [===>..........................] - ETA: 1s - loss: 1.9009 - accuracy: 0.3438
20/98 [=====>........................] - ETA: 1s - loss: 1.8956 - accuracy: 0.3441
25/98 [======>.......................] - ETA: 0s - loss: 1.8969 - accuracy: 0.3441
29/98 [=======>......................] - ETA: 0s - loss: 1.8917 - accuracy: 0.3454
33/98 [=========>....................] - ETA: 0s - loss: 1.8946 - accuracy: 0.3429
38/98 [==========>...................] - ETA: 0s - loss: 1.8948 - accuracy: 0.3412
43/98 [============>.................] - ETA: 0s - loss: 1.8939 - accuracy: 0.3437
48/98 [=============>................] - ETA: 0s - loss: 1.8916 - accuracy: 0.3442
52/98 [==============>...............] - ETA: 0s - loss: 1.8928 - accuracy: 0.3439
56/98 [================>.............] - ETA: 0s - loss: 1.8912 - accuracy: 0.3454
61/98 [=================>............] - ETA: 0s - loss: 1.8898 - accuracy: 0.3449
65/98 [==================>...........] - ETA: 0s - loss: 1.8890 - accuracy: 0.3447
70/98 [====================>.........] - ETA: 0s - loss: 1.8893 - accuracy: 0.3441
75/98 [=====================>........] - ETA: 0s - loss: 1.8878 - accuracy: 0.3447
80/98 [=======================>......] - ETA: 0s - loss: 1.8866 - accuracy: 0.3449
85/98 [=========================>....] - ETA: 0s - loss: 1.8870 - accuracy: 0.3450
89/98 [==========================>...] - ETA: 0s - loss: 1.8879 - accuracy: 0.3445
94/98 [===========================>..] - ETA: 0s - loss: 1.8878 - accuracy: 0.3445
98/98 [==============================] - ETA: 0s - loss: 1.8876 - accuracy: 0.3446
98/98 [==============================] - 2s 22ms/step - loss: 1.8876 - accuracy: 0.3446 - val_loss: 1.8549 - val_accuracy: 0.3786
Epoch 20/115

 1/98 [..............................] - ETA: 2s - loss: 1.8725 - accuracy: 0.3379
 6/98 [>.............................] - ETA: 1s - loss: 1.8921 - accuracy: 0.3464
10/98 [==>...........................] - ETA: 1s - loss: 1.8926 - accuracy: 0.3506
15/98 [===>..........................] - ETA: 1s - loss: 1.8970 - accuracy: 0.3459
20/98 [=====>........................] - ETA: 1s - loss: 1.8882 - accuracy: 0.3494
25/98 [======>.......................] - ETA: 0s - loss: 1.8872 - accuracy: 0.3497
29/98 [=======>......................] - ETA: 0s - loss: 1.8831 - accuracy: 0.3492
34/98 [=========>....................] - ETA: 0s - loss: 1.8805 - accuracy: 0.3507
38/98 [==========>...................] - ETA: 0s - loss: 1.8772 - accuracy: 0.3549
43/98 [============>.................] - ETA: 0s - loss: 1.8770 - accuracy: 0.3543
48/98 [=============>................] - ETA: 0s - loss: 1.8754 - accuracy: 0.3538
52/98 [==============>...............] - ETA: 0s - loss: 1.8752 - accuracy: 0.3537
57/98 [================>.............] - ETA: 0s - loss: 1.8763 - accuracy: 0.3532
62/98 [=================>............] - ETA: 0s - loss: 1.8768 - accuracy: 0.3525
66/98 [===================>..........] - ETA: 0s - loss: 1.8760 - accuracy: 0.3524
71/98 [====================>.........] - ETA: 0s - loss: 1.8747 - accuracy: 0.3521
76/98 [======================>.......] - ETA: 0s - loss: 1.8754 - accuracy: 0.3520
80/98 [=======================>......] - ETA: 0s - loss: 1.8758 - accuracy: 0.3518
85/98 [=========================>....] - ETA: 0s - loss: 1.8759 - accuracy: 0.3505
90/98 [==========================>...] - ETA: 0s - loss: 1.8756 - accuracy: 0.3509
95/98 [============================>.] - ETA: 0s - loss: 1.8740 - accuracy: 0.3520
98/98 [==============================] - 2s 22ms/step - loss: 1.8740 - accuracy: 0.3521 - val_loss: 1.8441 - val_accuracy: 0.3803
Epoch 21/115

 1/98 [..............................] - ETA: 3s - loss: 1.9549 - accuracy: 0.2812
 6/98 [>.............................] - ETA: 1s - loss: 1.8785 - accuracy: 0.3324
11/98 [==>...........................] - ETA: 1s - loss: 1.8702 - accuracy: 0.3450
16/98 [===>..........................] - ETA: 1s - loss: 1.8657 - accuracy: 0.3519
20/98 [=====>........................] - ETA: 1s - loss: 1.8667 - accuracy: 0.3523
25/98 [======>.......................] - ETA: 0s - loss: 1.8662 - accuracy: 0.3525
30/98 [========>.....................] - ETA: 0s - loss: 1.8688 - accuracy: 0.3520
34/98 [=========>....................] - ETA: 0s - loss: 1.8692 - accuracy: 0.3517
39/98 [==========>...................] - ETA: 0s - loss: 1.8701 - accuracy: 0.3486
43/98 [============>.................] - ETA: 0s - loss: 1.8694 - accuracy: 0.3502
48/98 [=============>................] - ETA: 0s - loss: 1.8673 - accuracy: 0.3510
53/98 [===============>..............] - ETA: 0s - loss: 1.8680 - accuracy: 0.3512
57/98 [================>.............] - ETA: 0s - loss: 1.8690 - accuracy: 0.3509
62/98 [=================>............] - ETA: 0s - loss: 1.8692 - accuracy: 0.3499
67/98 [===================>..........] - ETA: 0s - loss: 1.8683 - accuracy: 0.3512
71/98 [====================>.........] - ETA: 0s - loss: 1.8685 - accuracy: 0.3518
75/98 [=====================>........] - ETA: 0s - loss: 1.8690 - accuracy: 0.3515
80/98 [=======================>......] - ETA: 0s - loss: 1.8679 - accuracy: 0.3521
84/98 [========================>.....] - ETA: 0s - loss: 1.8673 - accuracy: 0.3514
89/98 [==========================>...] - ETA: 0s - loss: 1.8670 - accuracy: 0.3516
94/98 [===========================>..] - ETA: 0s - loss: 1.8669 - accuracy: 0.3511
98/98 [==============================] - 2s 22ms/step - loss: 1.8672 - accuracy: 0.3508 - val_loss: 1.8339 - val_accuracy: 0.3863
Epoch 22/115

 1/98 [..............................] - ETA: 3s - loss: 1.8195 - accuracy: 0.3750
 6/98 [>.............................] - ETA: 1s - loss: 1.8552 - accuracy: 0.3763
10/98 [==>...........................] - ETA: 1s - loss: 1.8650 - accuracy: 0.3654
