2024-07-27 04:42:54.874263: I tensorflow/core/platform/cpu_feature_guard.cc:193] This TensorFlow binary is optimized with oneAPI Deep Neural Network Library (oneDNN) to use the following CPU instructions in performance-critical operations:  AVX AVX2
To enable them in other operations, rebuild TensorFlow with the appropriate compiler flags.
2024-07-27 04:42:55.459601: I tensorflow/core/common_runtime/gpu/gpu_device.cc:1616] Created device /job:localhost/replica:0/task:0/device:GPU:0 with 6656 MB memory:  -> device: 0, name: NVIDIA GeForce RTX 4060 Ti, pci bus id: 0000:01:00.0, compute capability: 8.9
1 Physical GPUs, 1 Logical GPUs
Model: "sequential"
_________________________________________________________________
 Layer (type)                Output Shape              Param #   
=================================================================
 conv2d (Conv2D)             (None, 32, 32, 32)        896       
                                                                 
 max_pooling2d (MaxPooling2D  (None, 16, 16, 32)       0         
 )                                                               
                                                                 
 dropout (Dropout)           (None, 16, 16, 32)        0         
                                                                 
 flatten (Flatten)           (None, 8192)              0         
                                                                 
 dense (Dense)               (None, 10)                81930     
                                                                 
=================================================================
Total params: 82,826
Trainable params: 82,826
Non-trainable params: 0
_________________________________________________________________
Taxa de aprendizado:  1e-05 Num de épocas:  115 Tamanho do lote:  512 Dropout:  0.42
Epoch 1/115
2024-07-27 04:42:56.679066: I tensorflow/stream_executor/cuda/cuda_dnn.cc:384] Loaded cuDNN version 8100
2024-07-27 04:42:57.473306: W tensorflow/stream_executor/gpu/redzone_allocator.cc:314] INTERNAL: ptxas exited with non-zero error code -1, output: 
Relying on driver to perform ptx compilation. 
Modify $PATH to customize ptxas location.
This message will be only logged once.
2024-07-27 04:42:58.188920: I tensorflow/stream_executor/cuda/cuda_blas.cc:1614] TensorFloat-32 will be used for the matrix multiplication. This will only be logged once.

 1/98 [..............................] - ETA: 4:18 - loss: 2.3376 - accuracy: 0.0977
 7/98 [=>............................] - ETA: 0s - loss: 2.3324 - accuracy: 0.0926  
13/98 [==>...........................] - ETA: 0s - loss: 2.3319 - accuracy: 0.0950
20/98 [=====>........................] - ETA: 0s - loss: 2.3291 - accuracy: 0.0970
26/98 [======>.......................] - ETA: 0s - loss: 2.3264 - accuracy: 0.0995
32/98 [========>.....................] - ETA: 0s - loss: 2.3249 - accuracy: 0.0997
38/98 [==========>...................] - ETA: 0s - loss: 2.3228 - accuracy: 0.1006
44/98 [============>.................] - ETA: 0s - loss: 2.3210 - accuracy: 0.1025
50/98 [==============>...............] - ETA: 0s - loss: 2.3188 - accuracy: 0.1046
56/98 [================>.............] - ETA: 0s - loss: 2.3170 - accuracy: 0.1051
62/98 [=================>............] - ETA: 0s - loss: 2.3159 - accuracy: 0.1055
69/98 [====================>.........] - ETA: 0s - loss: 2.3144 - accuracy: 0.1067
75/98 [=====================>........] - ETA: 0s - loss: 2.3124 - accuracy: 0.1088
79/98 [=======================>......] - ETA: 0s - loss: 2.3118 - accuracy: 0.1094
85/98 [=========================>....] - ETA: 0s - loss: 2.3107 - accuracy: 0.1102
91/98 [==========================>...] - ETA: 0s - loss: 2.3093 - accuracy: 0.1113
97/98 [============================>.] - ETA: 0s - loss: 2.3084 - accuracy: 0.1116
98/98 [==============================] - 5s 20ms/step - loss: 2.3082 - accuracy: 0.1117 - val_loss: 2.2795 - val_accuracy: 0.1492
Epoch 2/115

 1/98 [..............................] - ETA: 4s - loss: 2.2797 - accuracy: 0.1523
 6/98 [>.............................] - ETA: 1s - loss: 2.2889 - accuracy: 0.1328
10/98 [==>...........................] - ETA: 1s - loss: 2.2889 - accuracy: 0.1293
14/98 [===>..........................] - ETA: 1s - loss: 2.2891 - accuracy: 0.1279
20/98 [=====>........................] - ETA: 1s - loss: 2.2871 - accuracy: 0.1314
26/98 [======>.......................] - ETA: 0s - loss: 2.2856 - accuracy: 0.1324
32/98 [========>.....................] - ETA: 0s - loss: 2.2837 - accuracy: 0.1357
37/98 [==========>...................] - ETA: 0s - loss: 2.2836 - accuracy: 0.1354
42/98 [===========>..................] - ETA: 0s - loss: 2.2825 - accuracy: 0.1356
48/98 [=============>................] - ETA: 0s - loss: 2.2812 - accuracy: 0.1370
54/98 [===============>..............] - ETA: 0s - loss: 2.2809 - accuracy: 0.1379
59/98 [=================>............] - ETA: 0s - loss: 2.2804 - accuracy: 0.1378
66/98 [===================>..........] - ETA: 0s - loss: 2.2789 - accuracy: 0.1391
72/98 [=====================>........] - ETA: 0s - loss: 2.2780 - accuracy: 0.1403
78/98 [======================>.......] - ETA: 0s - loss: 2.2771 - accuracy: 0.1407
84/98 [========================>.....] - ETA: 0s - loss: 2.2761 - accuracy: 0.1422
90/98 [==========================>...] - ETA: 0s - loss: 2.2754 - accuracy: 0.1431
96/98 [============================>.] - ETA: 0s - loss: 2.2744 - accuracy: 0.1438
98/98 [==============================] - 2s 16ms/step - loss: 2.2740 - accuracy: 0.1442 - val_loss: 2.2476 - val_accuracy: 0.1970
Epoch 3/115

 1/98 [..............................] - ETA: 2s - loss: 2.2384 - accuracy: 0.2031
 7/98 [=>............................] - ETA: 0s - loss: 2.2529 - accuracy: 0.1733
14/98 [===>..........................] - ETA: 0s - loss: 2.2526 - accuracy: 0.1691
19/98 [====>.........................] - ETA: 0s - loss: 2.2536 - accuracy: 0.1677
24/98 [======>.......................] - ETA: 0s - loss: 2.2530 - accuracy: 0.1697
30/98 [========>.....................] - ETA: 0s - loss: 2.2512 - accuracy: 0.1706
35/98 [=========>....................] - ETA: 0s - loss: 2.2516 - accuracy: 0.1687
41/98 [===========>..................] - ETA: 0s - loss: 2.2500 - accuracy: 0.1694
47/98 [=============>................] - ETA: 0s - loss: 2.2484 - accuracy: 0.1712
53/98 [===============>..............] - ETA: 0s - loss: 2.2477 - accuracy: 0.1727
60/98 [=================>............] - ETA: 0s - loss: 2.2470 - accuracy: 0.1739
66/98 [===================>..........] - ETA: 0s - loss: 2.2457 - accuracy: 0.1749
72/98 [=====================>........] - ETA: 0s - loss: 2.2446 - accuracy: 0.1755
79/98 [=======================>......] - ETA: 0s - loss: 2.2433 - accuracy: 0.1782
85/98 [=========================>....] - ETA: 0s - loss: 2.2421 - accuracy: 0.1793
90/98 [==========================>...] - ETA: 0s - loss: 2.2415 - accuracy: 0.1795
95/98 [============================>.] - ETA: 0s - loss: 2.2404 - accuracy: 0.1800
98/98 [==============================] - 2s 16ms/step - loss: 2.2399 - accuracy: 0.1803 - val_loss: 2.2120 - val_accuracy: 0.2462
Epoch 4/115

 1/98 [..............................] - ETA: 2s - loss: 2.2262 - accuracy: 0.1992
 6/98 [>.............................] - ETA: 1s - loss: 2.2201 - accuracy: 0.1950
12/98 [==>...........................] - ETA: 0s - loss: 2.2189 - accuracy: 0.1960
18/98 [====>.........................] - ETA: 0s - loss: 2.2196 - accuracy: 0.1975
24/98 [======>.......................] - ETA: 0s - loss: 2.2173 - accuracy: 0.1982
29/98 [=======>......................] - ETA: 0s - loss: 2.2159 - accuracy: 0.2010
35/98 [=========>....................] - ETA: 0s - loss: 2.2145 - accuracy: 0.2022
40/98 [===========>..................] - ETA: 0s - loss: 2.2143 - accuracy: 0.2008
45/98 [============>.................] - ETA: 0s - loss: 2.2140 - accuracy: 0.2007
51/98 [==============>...............] - ETA: 0s - loss: 2.2123 - accuracy: 0.2015
57/98 [================>.............] - ETA: 0s - loss: 2.2112 - accuracy: 0.2018
62/98 [=================>............] - ETA: 0s - loss: 2.2104 - accuracy: 0.2034
68/98 [===================>..........] - ETA: 0s - loss: 2.2090 - accuracy: 0.2038
74/98 [=====================>........] - ETA: 0s - loss: 2.2084 - accuracy: 0.2042
79/98 [=======================>......] - ETA: 0s - loss: 2.2074 - accuracy: 0.2055
84/98 [========================>.....] - ETA: 0s - loss: 2.2062 - accuracy: 0.2069
90/98 [==========================>...] - ETA: 0s - loss: 2.2048 - accuracy: 0.2074
95/98 [============================>.] - ETA: 0s - loss: 2.2038 - accuracy: 0.2081
98/98 [==============================] - 2s 16ms/step - loss: 2.2034 - accuracy: 0.2086 - val_loss: 2.1729 - val_accuracy: 0.2778
Epoch 5/115

 1/98 [..............................] - ETA: 2s - loss: 2.1722 - accuracy: 0.2656
 7/98 [=>............................] - ETA: 0s - loss: 2.1772 - accuracy: 0.2319
13/98 [==>...........................] - ETA: 0s - loss: 2.1799 - accuracy: 0.2219
19/98 [====>.........................] - ETA: 0s - loss: 2.1813 - accuracy: 0.2186
25/98 [======>.......................] - ETA: 0s - loss: 2.1808 - accuracy: 0.2179
32/98 [========>.....................] - ETA: 0s - loss: 2.1789 - accuracy: 0.2202
38/98 [==========>...................] - ETA: 0s - loss: 2.1782 - accuracy: 0.2214
43/98 [============>.................] - ETA: 0s - loss: 2.1772 - accuracy: 0.2226
49/98 [==============>...............] - ETA: 0s - loss: 2.1752 - accuracy: 0.2241
55/98 [===============>..............] - ETA: 0s - loss: 2.1742 - accuracy: 0.2265
61/98 [=================>............] - ETA: 0s - loss: 2.1720 - accuracy: 0.2288
66/98 [===================>..........] - ETA: 0s - loss: 2.1714 - accuracy: 0.2292
72/98 [=====================>........] - ETA: 0s - loss: 2.1695 - accuracy: 0.2316
79/98 [=======================>......] - ETA: 0s - loss: 2.1686 - accuracy: 0.2321
85/98 [=========================>....] - ETA: 0s - loss: 2.1677 - accuracy: 0.2324
91/98 [==========================>...] - ETA: 0s - loss: 2.1664 - accuracy: 0.2335
97/98 [============================>.] - ETA: 0s - loss: 2.1651 - accuracy: 0.2346
98/98 [==============================] - 1s 15ms/step - loss: 2.1648 - accuracy: 0.2348 - val_loss: 2.1347 - val_accuracy: 0.3094
Epoch 6/115

 1/98 [..............................] - ETA: 2s - loss: 2.1337 - accuracy: 0.2539
 6/98 [>.............................] - ETA: 1s - loss: 2.1418 - accuracy: 0.2484
11/98 [==>...........................] - ETA: 1s - loss: 2.1379 - accuracy: 0.2601
17/98 [====>.........................] - ETA: 0s - loss: 2.1395 - accuracy: 0.2569
22/98 [=====>........................] - ETA: 0s - loss: 2.1417 - accuracy: 0.2534
27/98 [=======>......................] - ETA: 0s - loss: 2.1413 - accuracy: 0.2541
32/98 [========>.....................] - ETA: 0s - loss: 2.1412 - accuracy: 0.2531
36/98 [==========>...................] - ETA: 0s - loss: 2.1407 - accuracy: 0.2528
39/98 [==========>...................] - ETA: 0s - loss: 2.1400 - accuracy: 0.2532
45/98 [============>.................] - ETA: 0s - loss: 2.1381 - accuracy: 0.2531
51/98 [==============>...............] - ETA: 0s - loss: 2.1362 - accuracy: 0.2546
56/98 [================>.............] - ETA: 0s - loss: 2.1351 - accuracy: 0.2559
60/98 [=================>............] - ETA: 0s - loss: 2.1346 - accuracy: 0.2560
64/98 [==================>...........] - ETA: 0s - loss: 2.1342 - accuracy: 0.2558
70/98 [====================>.........] - ETA: 0s - loss: 2.1325 - accuracy: 0.2557
76/98 [======================>.......] - ETA: 0s - loss: 2.1316 - accuracy: 0.2566
83/98 [========================>.....] - ETA: 0s - loss: 2.1305 - accuracy: 0.2576
89/98 [==========================>...] - ETA: 0s - loss: 2.1296 - accuracy: 0.2576
95/98 [============================>.] - ETA: 0s - loss: 2.1286 - accuracy: 0.2586
98/98 [==============================] - 2s 16ms/step - loss: 2.1278 - accuracy: 0.2590 - val_loss: 2.0977 - val_accuracy: 0.3312
Epoch 7/115

 1/98 [..............................] - ETA: 1s - loss: 2.0801 - accuracy: 0.3105
 6/98 [>.............................] - ETA: 1s - loss: 2.1017 - accuracy: 0.2933
13/98 [==>...........................] - ETA: 0s - loss: 2.1033 - accuracy: 0.2859
19/98 [====>.........................] - ETA: 0s - loss: 2.1061 - accuracy: 0.2762
26/98 [======>.......................] - ETA: 0s - loss: 2.1061 - accuracy: 0.2773
32/98 [========>.....................] - ETA: 0s - loss: 2.1053 - accuracy: 0.2764
38/98 [==========>...................] - ETA: 0s - loss: 2.1054 - accuracy: 0.2749
45/98 [============>.................] - ETA: 0s - loss: 2.1033 - accuracy: 0.2772
50/98 [==============>...............] - ETA: 0s - loss: 2.1021 - accuracy: 0.2767
56/98 [================>.............] - ETA: 0s - loss: 2.1009 - accuracy: 0.2772
62/98 [=================>............] - ETA: 0s - loss: 2.1004 - accuracy: 0.2763
69/98 [====================>.........] - ETA: 0s - loss: 2.0992 - accuracy: 0.2768
75/98 [=====================>........] - ETA: 0s - loss: 2.0977 - accuracy: 0.2776
81/98 [=======================>......] - ETA: 0s - loss: 2.0972 - accuracy: 0.2773
88/98 [=========================>....] - ETA: 0s - loss: 2.0957 - accuracy: 0.2771
95/98 [============================>.] - ETA: 0s - loss: 2.0947 - accuracy: 0.2784
98/98 [==============================] - 1s 15ms/step - loss: 2.0934 - accuracy: 0.2789 - val_loss: 2.0617 - val_accuracy: 0.3453
Epoch 8/115

 1/98 [..............................] - ETA: 1s - loss: 2.0307 - accuracy: 0.3145
 7/98 [=>............................] - ETA: 0s - loss: 2.0716 - accuracy: 0.2860
12/98 [==>...........................] - ETA: 0s - loss: 2.0739 - accuracy: 0.2853
18/98 [====>.........................] - ETA: 0s - loss: 2.0689 - accuracy: 0.2845
25/98 [======>.......................] - ETA: 0s - loss: 2.0681 - accuracy: 0.2864
30/98 [========>.....................] - ETA: 0s - loss: 2.0677 - accuracy: 0.2858
37/98 [==========>...................] - ETA: 0s - loss: 2.0679 - accuracy: 0.2863
43/98 [============>.................] - ETA: 0s - loss: 2.0660 - accuracy: 0.2876
49/98 [==============>...............] - ETA: 0s - loss: 2.0657 - accuracy: 0.2876
56/98 [================>.............] - ETA: 0s - loss: 2.0662 - accuracy: 0.2867
61/98 [=================>............] - ETA: 0s - loss: 2.0644 - accuracy: 0.2890
66/98 [===================>..........] - ETA: 0s - loss: 2.0647 - accuracy: 0.2883
72/98 [=====================>........] - ETA: 0s - loss: 2.0643 - accuracy: 0.2885
78/98 [======================>.......] - ETA: 0s - loss: 2.0638 - accuracy: 0.2892
84/98 [========================>.....] - ETA: 0s - loss: 2.0632 - accuracy: 0.2891
91/98 [==========================>...] - ETA: 0s - loss: 2.0623 - accuracy: 0.2899
97/98 [============================>.] - ETA: 0s - loss: 2.0605 - accuracy: 0.2910
98/98 [==============================] - 1s 15ms/step - loss: 2.0601 - accuracy: 0.2914 - val_loss: 2.0278 - val_accuracy: 0.3537
Epoch 9/115

 1/98 [..............................] - ETA: 3s - loss: 2.0435 - accuracy: 0.3008
 7/98 [=>............................] - ETA: 0s - loss: 2.0416 - accuracy: 0.2985
13/98 [==>...........................] - ETA: 0s - loss: 2.0364 - accuracy: 0.3069
19/98 [====>.........................] - ETA: 0s - loss: 2.0376 - accuracy: 0.3036
26/98 [======>.......................] - ETA: 0s - loss: 2.0350 - accuracy: 0.3034
32/98 [========>.....................] - ETA: 0s - loss: 2.0338 - accuracy: 0.3055
38/98 [==========>...................] - ETA: 0s - loss: 2.0353 - accuracy: 0.3052
43/98 [============>.................] - ETA: 0s - loss: 2.0340 - accuracy: 0.3079
50/98 [==============>...............] - ETA: 0s - loss: 2.0327 - accuracy: 0.3077
56/98 [================>.............] - ETA: 0s - loss: 2.0330 - accuracy: 0.3063
62/98 [=================>............] - ETA: 0s - loss: 2.0318 - accuracy: 0.3070
68/98 [===================>..........] - ETA: 0s - loss: 2.0303 - accuracy: 0.3079
74/98 [=====================>........] - ETA: 0s - loss: 2.0295 - accuracy: 0.3080
80/98 [=======================>......] - ETA: 0s - loss: 2.0295 - accuracy: 0.3081
86/98 [=========================>....] - ETA: 0s - loss: 2.0291 - accuracy: 0.3081
92/98 [===========================>..] - ETA: 0s - loss: 2.0279 - accuracy: 0.3087
98/98 [==============================] - 2s 15ms/step - loss: 2.0267 - accuracy: 0.3095 - val_loss: 1.9980 - val_accuracy: 0.3572
Epoch 10/115

 1/98 [..............................] - ETA: 3s - loss: 2.0185 - accuracy: 0.3145
 7/98 [=>............................] - ETA: 0s - loss: 2.0196 - accuracy: 0.3128
13/98 [==>...........................] - ETA: 0s - loss: 2.0096 - accuracy: 0.3218
19/98 [====>.........................] - ETA: 0s - loss: 2.0112 - accuracy: 0.3196
25/98 [======>.......................] - ETA: 0s - loss: 2.0079 - accuracy: 0.3205
32/98 [========>.....................] - ETA: 0s - loss: 2.0066 - accuracy: 0.3213
38/98 [==========>...................] - ETA: 0s - loss: 2.0068 - accuracy: 0.3211
44/98 [============>.................] - ETA: 0s - loss: 2.0054 - accuracy: 0.3220
49/98 [==============>...............] - ETA: 0s - loss: 2.0051 - accuracy: 0.3218
55/98 [===============>..............] - ETA: 0s - loss: 2.0046 - accuracy: 0.3193
62/98 [=================>............] - ETA: 0s - loss: 2.0032 - accuracy: 0.3198
68/98 [===================>..........] - ETA: 0s - loss: 2.0030 - accuracy: 0.3200
74/98 [=====================>........] - ETA: 0s - loss: 2.0016 - accuracy: 0.3208
80/98 [=======================>......] - ETA: 0s - loss: 2.0016 - accuracy: 0.3208
87/98 [=========================>....] - ETA: 0s - loss: 2.0009 - accuracy: 0.3203
93/98 [===========================>..] - ETA: 0s - loss: 2.0002 - accuracy: 0.3214
98/98 [==============================] - 2s 15ms/step - loss: 1.9998 - accuracy: 0.3206 - val_loss: 1.9722 - val_accuracy: 0.3665
Epoch 11/115

 1/98 [..............................] - ETA: 1s - loss: 1.9838 - accuracy: 0.3535
 6/98 [>.............................] - ETA: 1s - loss: 1.9839 - accuracy: 0.3291
13/98 [==>...........................] - ETA: 0s - loss: 1.9888 - accuracy: 0.3242
20/98 [=====>........................] - ETA: 0s - loss: 1.9905 - accuracy: 0.3221
26/98 [======>.......................] - ETA: 0s - loss: 1.9879 - accuracy: 0.3233
32/98 [========>.....................] - ETA: 0s - loss: 1.9886 - accuracy: 0.3196
38/98 [==========>...................] - ETA: 0s - loss: 1.9867 - accuracy: 0.3218
45/98 [============>.................] - ETA: 0s - loss: 1.9878 - accuracy: 0.3211
51/98 [==============>...............] - ETA: 0s - loss: 1.9866 - accuracy: 0.3216
57/98 [================>.............] - ETA: 0s - loss: 1.9849 - accuracy: 0.3219
63/98 [==================>...........] - ETA: 0s - loss: 1.9845 - accuracy: 0.3219
70/98 [====================>.........] - ETA: 0s - loss: 1.9832 - accuracy: 0.3232
76/98 [======================>.......] - ETA: 0s - loss: 1.9818 - accuracy: 0.3241
83/98 [========================>.....] - ETA: 0s - loss: 1.9800 - accuracy: 0.3254
90/98 [==========================>...] - ETA: 0s - loss: 1.9790 - accuracy: 0.3264
96/98 [============================>.] - ETA: 0s - loss: 1.9781 - accuracy: 0.3271
98/98 [==============================] - 1s 15ms/step - loss: 1.9786 - accuracy: 0.3268 - val_loss: 1.9495 - val_accuracy: 0.3661
Epoch 12/115

 1/98 [..............................] - ETA: 3s - loss: 2.0015 - accuracy: 0.3125
 8/98 [=>............................] - ETA: 0s - loss: 1.9641 - accuracy: 0.3276
14/98 [===>..........................] - ETA: 0s - loss: 1.9715 - accuracy: 0.3259
21/98 [=====>........................] - ETA: 0s - loss: 1.9698 - accuracy: 0.3295
27/98 [=======>......................] - ETA: 0s - loss: 1.9704 - accuracy: 0.3312
33/98 [=========>....................] - ETA: 0s - loss: 1.9673 - accuracy: 0.3321
39/98 [==========>...................] - ETA: 0s - loss: 1.9659 - accuracy: 0.3320
46/98 [=============>................] - ETA: 0s - loss: 1.9653 - accuracy: 0.3318
52/98 [==============>...............] - ETA: 0s - loss: 1.9652 - accuracy: 0.3327
59/98 [=================>............] - ETA: 0s - loss: 1.9625 - accuracy: 0.3326
65/98 [==================>...........] - ETA: 0s - loss: 1.9608 - accuracy: 0.3342
72/98 [=====================>........] - ETA: 0s - loss: 1.9583 - accuracy: 0.3346
78/98 [======================>.......] - ETA: 0s - loss: 1.9576 - accuracy: 0.3342
84/98 [========================>.....] - ETA: 0s - loss: 1.9572 - accuracy: 0.3338
90/98 [==========================>...] - ETA: 0s - loss: 1.9568 - accuracy: 0.3341
97/98 [============================>.] - ETA: 0s - loss: 1.9567 - accuracy: 0.3345
98/98 [==============================] - 1s 15ms/step - loss: 1.9570 - accuracy: 0.3345 - val_loss: 1.9289 - val_accuracy: 0.3683
Epoch 13/115

 1/98 [..............................] - ETA: 3s - loss: 1.9668 - accuracy: 0.2930
 8/98 [=>............................] - ETA: 0s - loss: 1.9571 - accuracy: 0.3252
14/98 [===>..........................] - ETA: 0s - loss: 1.9513 - accuracy: 0.3308
21/98 [=====>........................] - ETA: 0s - loss: 1.9521 - accuracy: 0.3303
27/98 [=======>......................] - ETA: 0s - loss: 1.9477 - accuracy: 0.3335
33/98 [=========>....................] - ETA: 0s - loss: 1.9457 - accuracy: 0.3355
39/98 [==========>...................] - ETA: 0s - loss: 1.9431 - accuracy: 0.3365
45/98 [============>.................] - ETA: 0s - loss: 1.9410 - accuracy: 0.3380
52/98 [==============>...............] - ETA: 0s - loss: 1.9414 - accuracy: 0.3375
58/98 [================>.............] - ETA: 0s - loss: 1.9418 - accuracy: 0.3376
64/98 [==================>...........] - ETA: 0s - loss: 1.9413 - accuracy: 0.3369
71/98 [====================>.........] - ETA: 0s - loss: 1.9405 - accuracy: 0.3370
77/98 [======================>.......] - ETA: 0s - loss: 1.9413 - accuracy: 0.3362
83/98 [========================>.....] - ETA: 0s - loss: 1.9407 - accuracy: 0.3368
89/98 [==========================>...] - ETA: 0s - loss: 1.9401 - accuracy: 0.3370
95/98 [============================>.] - ETA: 0s - loss: 1.9391 - accuracy: 0.3371
98/98 [==============================] - 1s 15ms/step - loss: 1.9396 - accuracy: 0.3371 - val_loss: 1.9101 - val_accuracy: 0.3781
Epoch 14/115

 1/98 [..............................] - ETA: 1s - loss: 1.9088 - accuracy: 0.3770
 6/98 [>.............................] - ETA: 1s - loss: 1.9154 - accuracy: 0.3558
13/98 [==>...........................] - ETA: 0s - loss: 1.9220 - accuracy: 0.3508
19/98 [====>.........................] - ETA: 0s - loss: 1.9232 - accuracy: 0.3465
26/98 [======>.......................] - ETA: 0s - loss: 1.9214 - accuracy: 0.3451
33/98 [=========>....................] - ETA: 0s - loss: 1.9228 - accuracy: 0.3452
39/98 [==========>...................] - ETA: 0s - loss: 1.9200 - accuracy: 0.3466
45/98 [============>.................] - ETA: 0s - loss: 1.9210 - accuracy: 0.3451
52/98 [==============>...............] - ETA: 0s - loss: 1.9211 - accuracy: 0.3452
58/98 [================>.............] - ETA: 0s - loss: 1.9220 - accuracy: 0.3444
65/98 [==================>...........] - ETA: 0s - loss: 1.9237 - accuracy: 0.3434
71/98 [====================>.........] - ETA: 0s - loss: 1.9232 - accuracy: 0.3439
77/98 [======================>.......] - ETA: 0s - loss: 1.9227 - accuracy: 0.3444
84/98 [========================>.....] - ETA: 0s - loss: 1.9218 - accuracy: 0.3451
90/98 [==========================>...] - ETA: 0s - loss: 1.9211 - accuracy: 0.3450
97/98 [============================>.] - ETA: 0s - loss: 1.9203 - accuracy: 0.3452
98/98 [==============================] - 1s 15ms/step - loss: 1.9199 - accuracy: 0.3455 - val_loss: 1.8924 - val_accuracy: 0.3778
Epoch 15/115

 1/98 [..............................] - ETA: 3s - loss: 1.9453 - accuracy: 0.3027
 8/98 [=>............................] - ETA: 0s - loss: 1.9156 - accuracy: 0.3438
13/98 [==>...........................] - ETA: 0s - loss: 1.9091 - accuracy: 0.3477
19/98 [====>.........................] - ETA: 0s - loss: 1.9097 - accuracy: 0.3486
24/98 [======>.......................] - ETA: 0s - loss: 1.9132 - accuracy: 0.3463
30/98 [========>.....................] - ETA: 0s - loss: 1.9135 - accuracy: 0.3469
36/98 [==========>...................] - ETA: 0s - loss: 1.9104 - accuracy: 0.3490
42/98 [===========>..................] - ETA: 0s - loss: 1.9112 - accuracy: 0.3471
48/98 [=============>................] - ETA: 0s - loss: 1.9098 - accuracy: 0.3470
54/98 [===============>..............] - ETA: 0s - loss: 1.9110 - accuracy: 0.3465
60/98 [=================>............] - ETA: 0s - loss: 1.9092 - accuracy: 0.3478
66/98 [===================>..........] - ETA: 0s - loss: 1.9088 - accuracy: 0.3482
72/98 [=====================>........] - ETA: 0s - loss: 1.9071 - accuracy: 0.3487
79/98 [=======================>......] - ETA: 0s - loss: 1.9073 - accuracy: 0.3481
86/98 [=========================>....] - ETA: 0s - loss: 1.9057 - accuracy: 0.3501
92/98 [===========================>..] - ETA: 0s - loss: 1.9049 - accuracy: 0.3502
98/98 [==============================] - ETA: 0s - loss: 1.9055 - accuracy: 0.3495
98/98 [==============================] - 2s 16ms/step - loss: 1.9055 - accuracy: 0.3495 - val_loss: 1.8766 - val_accuracy: 0.3807
Epoch 16/115

 1/98 [..............................] - ETA: 1s - loss: 1.8941 - accuracy: 0.3555
 6/98 [>.............................] - ETA: 1s - loss: 1.8999 - accuracy: 0.3470
13/98 [==>...........................] - ETA: 0s - loss: 1.8979 - accuracy: 0.3486
20/98 [=====>........................] - ETA: 0s - loss: 1.8945 - accuracy: 0.3510
26/98 [======>.......................] - ETA: 0s - loss: 1.8926 - accuracy: 0.3528
33/98 [=========>....................] - ETA: 0s - loss: 1.8945 - accuracy: 0.3516
39/98 [==========>...................] - ETA: 0s - loss: 1.8935 - accuracy: 0.3534
46/98 [=============>................] - ETA: 0s - loss: 1.8933 - accuracy: 0.3563
52/98 [==============>...............] - ETA: 0s - loss: 1.8934 - accuracy: 0.3551
58/98 [================>.............] - ETA: 0s - loss: 1.8929 - accuracy: 0.3562
64/98 [==================>...........] - ETA: 0s - loss: 1.8944 - accuracy: 0.3552
70/98 [====================>.........] - ETA: 0s - loss: 1.8940 - accuracy: 0.3562
76/98 [======================>.......] - ETA: 0s - loss: 1.8927 - accuracy: 0.3564
82/98 [========================>.....] - ETA: 0s - loss: 1.8915 - accuracy: 0.3571
89/98 [==========================>...] - ETA: 0s - loss: 1.8919 - accuracy: 0.3563
95/98 [============================>.] - ETA: 0s - loss: 1.8920 - accuracy: 0.3556
98/98 [==============================] - 1s 15ms/step - loss: 1.8920 - accuracy: 0.3554 - val_loss: 1.8627 - val_accuracy: 0.3847
Epoch 17/115

 1/98 [..............................] - ETA: 1s - loss: 1.8874 - accuracy: 0.3359
 6/98 [>.............................] - ETA: 1s - loss: 1.8802 - accuracy: 0.3493
11/98 [==>...........................] - ETA: 1s - loss: 1.8802 - accuracy: 0.3549
17/98 [====>.........................] - ETA: 0s - loss: 1.8743 - accuracy: 0.3603
24/98 [======>.......................] - ETA: 0s - loss: 1.8805 - accuracy: 0.3602
29/98 [=======>......................] - ETA: 0s - loss: 1.8798 - accuracy: 0.3628
35/98 [=========>....................] - ETA: 0s - loss: 1.8808 - accuracy: 0.3607
41/98 [===========>..................] - ETA: 0s - loss: 1.8804 - accuracy: 0.3590
47/98 [=============>................] - ETA: 0s - loss: 1.8824 - accuracy: 0.3569
53/98 [===============>..............] - ETA: 0s - loss: 1.8822 - accuracy: 0.3571
60/98 [=================>............] - ETA: 0s - loss: 1.8811 - accuracy: 0.3575
65/98 [==================>...........] - ETA: 0s - loss: 1.8817 - accuracy: 0.3578
72/98 [=====================>........] - ETA: 0s - loss: 1.8798 - accuracy: 0.3589
78/98 [======================>.......] - ETA: 0s - loss: 1.8797 - accuracy: 0.3587
85/98 [=========================>....] - ETA: 0s - loss: 1.8789 - accuracy: 0.3588
91/98 [==========================>...] - ETA: 0s - loss: 1.8786 - accuracy: 0.3592
97/98 [============================>.] - ETA: 0s - loss: 1.8785 - accuracy: 0.3580
98/98 [==============================] - 2s 15ms/step - loss: 1.8780 - accuracy: 0.3582 - val_loss: 1.8498 - val_accuracy: 0.3893
Epoch 18/115

 1/98 [..............................] - ETA: 1s - loss: 1.9004 - accuracy: 0.3418
 5/98 [>.............................] - ETA: 1s - loss: 1.8834 - accuracy: 0.3504
10/98 [==>...........................] - ETA: 1s - loss: 1.8860 - accuracy: 0.3534
16/98 [===>..........................] - ETA: 0s - loss: 1.8888 - accuracy: 0.3523
22/98 [=====>........................] - ETA: 0s - loss: 1.8857 - accuracy: 0.3537
28/98 [=======>......................] - ETA: 0s - loss: 1.8822 - accuracy: 0.3561
33/98 [=========>....................] - ETA: 0s - loss: 1.8832 - accuracy: 0.3546
39/98 [==========>...................] - ETA: 0s - loss: 1.8783 - accuracy: 0.3574
45/98 [============>.................] - ETA: 0s - loss: 1.8755 - accuracy: 0.3593
52/98 [==============>...............] - ETA: 0s - loss: 1.8730 - accuracy: 0.3596
58/98 [================>.............] - ETA: 0s - loss: 1.8711 - accuracy: 0.3602
64/98 [==================>...........] - ETA: 0s - loss: 1.8700 - accuracy: 0.3601
70/98 [====================>.........] - ETA: 0s - loss: 1.8703 - accuracy: 0.3604
75/98 [=====================>........] - ETA: 0s - loss: 1.8706 - accuracy: 0.3596
81/98 [=======================>......] - ETA: 0s - loss: 1.8707 - accuracy: 0.3596
87/98 [=========================>....] - ETA: 0s - loss: 1.8697 - accuracy: 0.3595
93/98 [===========================>..] - ETA: 0s - loss: 1.8689 - accuracy: 0.3597
98/98 [==============================] - 2s 16ms/step - loss: 1.8676 - accuracy: 0.3611 - val_loss: 1.8382 - val_accuracy: 0.3907
Epoch 19/115

 1/98 [..............................] - ETA: 2s - loss: 1.8673 - accuracy: 0.3633
 7/98 [=>............................] - ETA: 0s - loss: 1.8567 - accuracy: 0.3675
14/98 [===>..........................] - ETA: 0s - loss: 1.8623 - accuracy: 0.3605
19/98 [====>.........................] - ETA: 0s - loss: 1.8625 - accuracy: 0.3626
26/98 [======>.......................] - ETA: 0s - loss: 1.8638 - accuracy: 0.3638
33/98 [=========>....................] - ETA: 0s - loss: 1.8603 - accuracy: 0.3643
39/98 [==========>...................] - ETA: 0s - loss: 1.8618 - accuracy: 0.3632
46/98 [=============>................] - ETA: 0s - loss: 1.8610 - accuracy: 0.3620
51/98 [==============>...............] - ETA: 0s - loss: 1.8597 - accuracy: 0.3622
57/98 [================>.............] - ETA: 0s - loss: 1.8575 - accuracy: 0.3632
64/98 [==================>...........] - ETA: 0s - loss: 1.8584 - accuracy: 0.3630
71/98 [====================>.........] - ETA: 0s - loss: 1.8562 - accuracy: 0.3641
77/98 [======================>.......] - ETA: 0s - loss: 1.8568 - accuracy: 0.3639
82/98 [========================>.....] - ETA: 0s - loss: 1.8578 - accuracy: 0.3645
89/98 [==========================>...] - ETA: 0s - loss: 1.8571 - accuracy: 0.3647
94/98 [===========================>..] - ETA: 0s - loss: 1.8555 - accuracy: 0.3656
98/98 [==============================] - 2s 15ms/step - loss: 1.8552 - accuracy: 0.3649 - val_loss: 1.8276 - val_accuracy: 0.3945
Epoch 20/115

 1/98 [..............................] - ETA: 1s - loss: 1.8755 - accuracy: 0.3672
 7/98 [=>............................] - ETA: 0s - loss: 1.8646 - accuracy: 0.3591
13/98 [==>...........................] - ETA: 0s - loss: 1.8581 - accuracy: 0.3565
19/98 [====>.........................] - ETA: 0s - loss: 1.8561 - accuracy: 0.3580
26/98 [======>.......................] - ETA: 0s - loss: 1.8505 - accuracy: 0.3625
33/98 [=========>....................] - ETA: 0s - loss: 1.8491 - accuracy: 0.3651
39/98 [==========>...................] - ETA: 0s - loss: 1.8469 - accuracy: 0.3661
45/98 [============>.................] - ETA: 0s - loss: 1.8476 - accuracy: 0.3662
51/98 [==============>...............] - ETA: 0s - loss: 1.8480 - accuracy: 0.3660
58/98 [================>.............] - ETA: 0s - loss: 1.8466 - accuracy: 0.3685
64/98 [==================>...........] - ETA: 0s - loss: 1.8445 - accuracy: 0.3698
70/98 [====================>.........] - ETA: 0s - loss: 1.8459 - accuracy: 0.3694
76/98 [======================>.......] - ETA: 0s - loss: 1.8444 - accuracy: 0.3688
82/98 [========================>.....] - ETA: 0s - loss: 1.8451 - accuracy: 0.3685
88/98 [=========================>....] - ETA: 0s - loss: 1.8454 - accuracy: 0.3686
95/98 [============================>.] - ETA: 0s - loss: 1.8448 - accuracy: 0.3679
98/98 [==============================] - 2s 15ms/step - loss: 1.8458 - accuracy: 0.3676 - val_loss: 1.8176 - val_accuracy: 0.3972
Epoch 21/115

 1/98 [..............................] - ETA: 3s - loss: 1.8363 - accuracy: 0.3594
 8/98 [=>............................] - ETA: 0s - loss: 1.8358 - accuracy: 0.3630
13/98 [==>...........................] - ETA: 0s - loss: 1.8383 - accuracy: 0.3711
19/98 [====>.........................] - ETA: 0s - loss: 1.8409 - accuracy: 0.3702
24/98 [======>.......................] - ETA: 0s - loss: 1.8412 - accuracy: 0.3700
30/98 [========>.....................] - ETA: 0s - loss: 1.8376 - accuracy: 0.3723
36/98 [==========>...................] - ETA: 0s - loss: 1.8377 - accuracy: 0.3723
43/98 [============>.................] - ETA: 0s - loss: 1.8391 - accuracy: 0.3697
49/98 [==============>...............] - ETA: 0s - loss: 1.8397 - accuracy: 0.3699
55/98 [===============>..............] - ETA: 0s - loss: 1.8386 - accuracy: 0.3715
61/98 [=================>............] - ETA: 0s - loss: 1.8390 - accuracy: 0.3711
67/98 [===================>..........] - ETA: 0s - loss: 1.8382 - accuracy: 0.3710
73/98 [=====================>........] - ETA: 0s - loss: 1.8360 - accuracy: 0.3721
79/98 [=======================>......] - ETA: 0s - loss: 1.8354 - accuracy: 0.3729
86/98 [=========================>....] - ETA: 0s - loss: 1.8372 - accuracy: 0.3721
91/98 [==========================>...] - ETA: 0s - loss: 1.8367 - accuracy: 0.3725
97/98 [============================>.] - ETA: 0s - loss: 1.8365 - accuracy: 0.3728
98/98 [==============================] - 2s 15ms/step - loss: 1.8359 - accuracy: 0.3732 - val_loss: 1.8085 - val_accuracy: 0.4006
Epoch 22/115

 1/98 [..............................] - ETA: 1s - loss: 1.7944 - accuracy: 0.3730
 7/98 [=>............................] - ETA: 0s - loss: 1.8055 - accuracy: 0.3836
13/98 [==>...........................] - ETA: 0s - loss: 1.8249 - accuracy: 0.3785
20/98 [=====>........................] - ETA: 0s - loss: 1.8264 - accuracy: 0.3814
26/98 [======>.......................] - ETA: 0s - loss: 1.8228 - accuracy: 0.3827
32/98 [========>.....................] - ETA: 0s - loss: 1.8241 - accuracy: 0.3817
39/98 [==========>...................] - ETA: 0s - loss: 1.8248 - accuracy: 0.3789
44/98 [============>.................] - ETA: 0s - loss: 1.8252 - accuracy: 0.3780
50/98 [==============>...............] - ETA: 0s - loss: 1.8254 - accuracy: 0.3765
56/98 [================>.............] - ETA: 0s - loss: 1.8269 - accuracy: 0.3755
62/98 [=================>............] - ETA: 0s - loss: 1.8274 - accuracy: 0.3752
68/98 [===================>..........] - ETA: 0s - loss: 1.8266 - accuracy: 0.3755
75/98 [=====================>........] - ETA: 0s - loss: 1.8277 - accuracy: 0.3754
81/98 [=======================>......] - ETA: 0s - loss: 1.8266 - accuracy: 0.3759
88/98 [=========================>....] - ETA: 0s - loss: 1.8268 - accuracy: 0.3746
94/98 [===========================>..] - ETA: 0s - loss: 1.8254 - accuracy: 0.3749
98/98 [==============================] - 1s 15ms/step - loss: 1.8252 - accuracy: 0.3750 - val_loss: 1.7999 - val_accuracy: 0.4035
Epoch 23/115

 1/98 [..............................] - ETA: 1s - loss: 1.8814 - accuracy: 0.3711
 7/98 [=>............................] - ETA: 0s - loss: 1.8318 - accuracy: 0.3742
13/98 [==>...........................] - ETA: 0s - loss: 1.8274 - accuracy: 0.3720
19/98 [====>.........................] - ETA: 0s - loss: 1.8241 - accuracy: 0.3728
24/98 [======>.......................] - ETA: 0s - loss: 1.8263 - accuracy: 0.3739
30/98 [========>.....................] - ETA: 0s - loss: 1.8230 - accuracy: 0.3759
37/98 [==========>...................] - ETA: 0s - loss: 1.8224 - accuracy: 0.3776
44/98 [============>.................] - ETA: 0s - loss: 1.8215 - accuracy: 0.3790
50/98 [==============>...............] - ETA: 0s - loss: 1.8208 - accuracy: 0.3775
56/98 [================>.............] - ETA: 0s - loss: 1.8238 - accuracy: 0.3763
61/98 [=================>............] - ETA: 0s - loss: 1.8234 - accuracy: 0.3755
67/98 [===================>..........] - ETA: 0s - loss: 1.8247 - accuracy: 0.3753
73/98 [=====================>........] - ETA: 0s - loss: 1.8240 - accuracy: 0.3753
80/98 [=======================>......] - ETA: 0s - loss: 1.8234 - accuracy: 0.3760
86/98 [=========================>....] - ETA: 0s - loss: 1.8213 - accuracy: 0.3774
90/98 [==========================>...] - ETA: 0s - loss: 1.8218 - accuracy: 0.3769
97/98 [============================>.] - ETA: 0s - loss: 1.8201 - accuracy: 0.3781
98/98 [==============================] - 2s 15ms/step - loss: 1.8199 - accuracy: 0.3780 - val_loss: 1.7918 - val_accuracy: 0.4041
Epoch 24/115

 1/98 [..............................] - ETA: 3s - loss: 1.8285 - accuracy: 0.3984
 7/98 [=>............................] - ETA: 0s - loss: 1.8094 - accuracy: 0.3850
13/98 [==>...........................] - ETA: 0s - loss: 1.8189 - accuracy: 0.3765
20/98 [=====>........................] - ETA: 0s - loss: 1.8127 - accuracy: 0.3765
26/98 [======>.......................] - ETA: 0s - loss: 1.8120 - accuracy: 0.3756
32/98 [========>.....................] - ETA: 0s - loss: 1.8098 - accuracy: 0.3777
39/98 [==========>...................] - ETA: 0s - loss: 1.8123 - accuracy: 0.3789
43/98 [============>.................] - ETA: 0s - loss: 1.8127 - accuracy: 0.3783
50/98 [==============>...............] - ETA: 0s - loss: 1.8109 - accuracy: 0.3783
56/98 [================>.............] - ETA: 0s - loss: 1.8101 - accuracy: 0.3798
62/98 [=================>............] - ETA: 0s - loss: 1.8101 - accuracy: 0.3790
68/98 [===================>..........] - ETA: 0s - loss: 1.8096 - accuracy: 0.3794
74/98 [=====================>........] - ETA: 0s - loss: 1.8110 - accuracy: 0.3778
80/98 [=======================>......] - ETA: 0s - loss: 1.8120 - accuracy: 0.3777
86/98 [=========================>....] - ETA: 0s - loss: 1.8107 - accuracy: 0.3778
93/98 [===========================>..] - ETA: 0s - loss: 1.8111 - accuracy: 0.3777
98/98 [==============================] - 1s 15ms/step - loss: 1.8121 - accuracy: 0.3768 - val_loss: 1.7840 - val_accuracy: 0.4083
Epoch 25/115

 1/98 [..............................] - ETA: 1s - loss: 1.7252 - accuracy: 0.4082
 6/98 [>.............................] - ETA: 1s - loss: 1.7940 - accuracy: 0.3893
13/98 [==>...........................] - ETA: 0s - loss: 1.7996 - accuracy: 0.3854
18/98 [====>.........................] - ETA: 0s - loss: 1.8045 - accuracy: 0.3823
24/98 [======>.......................] - ETA: 0s - loss: 1.8044 - accuracy: 0.3854
29/98 [=======>......................] - ETA: 0s - loss: 1.8050 - accuracy: 0.3847
36/98 [==========>...................] - ETA: 0s - loss: 1.8036 - accuracy: 0.3840
42/98 [===========>..................] - ETA: 0s - loss: 1.8056 - accuracy: 0.3830
47/98 [=============>................] - ETA: 0s - loss: 1.8072 - accuracy: 0.3813
53/98 [===============>..............] - ETA: 0s - loss: 1.8064 - accuracy: 0.3809
57/98 [================>.............] - ETA: 0s - loss: 1.8067 - accuracy: 0.3802
