2024-07-27 07:42:49.532550: I tensorflow/core/platform/cpu_feature_guard.cc:193] This TensorFlow binary is optimized with oneAPI Deep Neural Network Library (oneDNN) to use the following CPU instructions in performance-critical operations:  AVX AVX2
To enable them in other operations, rebuild TensorFlow with the appropriate compiler flags.
2024-07-27 07:42:50.429962: I tensorflow/core/common_runtime/gpu/gpu_device.cc:1616] Created device /job:localhost/replica:0/task:0/device:GPU:0 with 6656 MB memory:  -> device: 0, name: NVIDIA GeForce RTX 4060 Ti, pci bus id: 0000:01:00.0, compute capability: 8.9
1 Physical GPUs, 1 Logical GPUs
Model: "sequential"
_________________________________________________________________
 Layer (type)                Output Shape              Param #   
=================================================================
 conv2d (Conv2D)             (None, 32, 32, 32)        896       
                                                                 
 conv2d_1 (Conv2D)           (None, 32, 32, 64)        51264     
                                                                 
 max_pooling2d (MaxPooling2D  (None, 16, 16, 64)       0         
 )                                                               
                                                                 
 batch_normalization (BatchN  (None, 16, 16, 64)       256       
 ormalization)                                                   
                                                                 
 dropout (Dropout)           (None, 16, 16, 64)        0         
                                                                 
 flatten (Flatten)           (None, 16384)             0         
                                                                 
 dense (Dense)               (None, 84)                1376340   
                                                                 
 dropout_1 (Dropout)         (None, 84)                0         
                                                                 
 dense_1 (Dense)             (None, 10)                850       
                                                                 
=================================================================
Total params: 1,429,606
Trainable params: 1,429,478
Non-trainable params: 128
_________________________________________________________________
Taxa de aprendizado:  0.001 Num de épocas:  285 Tamanho do lote:  512 Dropout:  0.47
Epoch 1/285
2024-07-27 07:42:52.219106: I tensorflow/stream_executor/cuda/cuda_dnn.cc:384] Loaded cuDNN version 8100
2024-07-27 07:42:53.575769: W tensorflow/stream_executor/gpu/redzone_allocator.cc:314] INTERNAL: ptxas exited with non-zero error code -1, output: 
Relying on driver to perform ptx compilation. 
Modify $PATH to customize ptxas location.
This message will be only logged once.
2024-07-27 07:42:55.392563: I tensorflow/stream_executor/cuda/cuda_blas.cc:1614] TensorFloat-32 will be used for the matrix multiplication. This will only be logged once.

 1/98 [..............................] - ETA: 10:17 - loss: 2.9532 - accuracy: 0.0898
 2/98 [..............................] - ETA: 7s - loss: 3.1383 - accuracy: 0.1367   
 3/98 [..............................] - ETA: 7s - loss: 3.1109 - accuracy: 0.1562
 4/98 [>.............................] - ETA: 7s - loss: 3.0575 - accuracy: 0.1621
 5/98 [>.............................] - ETA: 7s - loss: 2.9916 - accuracy: 0.1695
 6/98 [>.............................] - ETA: 7s - loss: 2.9211 - accuracy: 0.1813
 7/98 [=>............................] - ETA: 7s - loss: 2.8538 - accuracy: 0.1906
 8/98 [=>............................] - ETA: 7s - loss: 2.8029 - accuracy: 0.2004
 9/98 [=>............................] - ETA: 7s - loss: 2.7620 - accuracy: 0.2092
10/98 [==>...........................] - ETA: 7s - loss: 2.7082 - accuracy: 0.2174
11/98 [==>...........................] - ETA: 7s - loss: 2.6701 - accuracy: 0.2212
12/98 [==>...........................] - ETA: 7s - loss: 2.6293 - accuracy: 0.2256
13/98 [==>...........................] - ETA: 6s - loss: 2.5901 - accuracy: 0.2324
14/98 [===>..........................] - ETA: 6s - loss: 2.5541 - accuracy: 0.2367
15/98 [===>..........................] - ETA: 6s - loss: 2.5284 - accuracy: 0.2393
16/98 [===>..........................] - ETA: 6s - loss: 2.5078 - accuracy: 0.2419
17/98 [====>.........................] - ETA: 6s - loss: 2.4776 - accuracy: 0.2475
18/98 [====>.........................] - ETA: 6s - loss: 2.4528 - accuracy: 0.2512
19/98 [====>.........................] - ETA: 6s - loss: 2.4272 - accuracy: 0.2560
20/98 [=====>........................] - ETA: 6s - loss: 2.4003 - accuracy: 0.2615
21/98 [=====>........................] - ETA: 6s - loss: 2.3848 - accuracy: 0.2632
22/98 [=====>........................] - ETA: 6s - loss: 2.3615 - accuracy: 0.2682
23/98 [======>.......................] - ETA: 6s - loss: 2.3425 - accuracy: 0.2717
24/98 [======>.......................] - ETA: 6s - loss: 2.3259 - accuracy: 0.2759
25/98 [======>.......................] - ETA: 6s - loss: 2.3074 - accuracy: 0.2795
26/98 [======>.......................] - ETA: 5s - loss: 2.2887 - accuracy: 0.2829
27/98 [=======>......................] - ETA: 5s - loss: 2.2728 - accuracy: 0.2860
28/98 [=======>......................] - ETA: 5s - loss: 2.2569 - accuracy: 0.2887
29/98 [=======>......................] - ETA: 5s - loss: 2.2475 - accuracy: 0.2916
30/98 [========>.....................] - ETA: 5s - loss: 2.2332 - accuracy: 0.2941
31/98 [========>.....................] - ETA: 5s - loss: 2.2192 - accuracy: 0.2966
32/98 [========>.....................] - ETA: 5s - loss: 2.2062 - accuracy: 0.2997
33/98 [=========>....................] - ETA: 5s - loss: 2.1957 - accuracy: 0.3017
34/98 [=========>....................] - ETA: 5s - loss: 2.1802 - accuracy: 0.3053
35/98 [=========>....................] - ETA: 5s - loss: 2.1711 - accuracy: 0.3074
36/98 [==========>...................] - ETA: 5s - loss: 2.1610 - accuracy: 0.3090
37/98 [==========>...................] - ETA: 5s - loss: 2.1472 - accuracy: 0.3125
38/98 [==========>...................] - ETA: 4s - loss: 2.1363 - accuracy: 0.3147
39/98 [==========>...................] - ETA: 4s - loss: 2.1262 - accuracy: 0.3165
40/98 [===========>..................] - ETA: 4s - loss: 2.1137 - accuracy: 0.3188
41/98 [===========>..................] - ETA: 4s - loss: 2.1031 - accuracy: 0.3212
42/98 [===========>..................] - ETA: 4s - loss: 2.0933 - accuracy: 0.3229
43/98 [============>.................] - ETA: 4s - loss: 2.0837 - accuracy: 0.3248
44/98 [============>.................] - ETA: 4s - loss: 2.0725 - accuracy: 0.3281
45/98 [============>.................] - ETA: 4s - loss: 2.0636 - accuracy: 0.3296
46/98 [=============>................] - ETA: 4s - loss: 2.0546 - accuracy: 0.3314
47/98 [=============>................] - ETA: 4s - loss: 2.0450 - accuracy: 0.3337
48/98 [=============>................] - ETA: 4s - loss: 2.0361 - accuracy: 0.3359
49/98 [==============>...............] - ETA: 4s - loss: 2.0284 - accuracy: 0.3377
50/98 [==============>...............] - ETA: 3s - loss: 2.0200 - accuracy: 0.3398
51/98 [==============>...............] - ETA: 3s - loss: 2.0114 - accuracy: 0.3424
52/98 [==============>...............] - ETA: 3s - loss: 2.0043 - accuracy: 0.3437
53/98 [===============>..............] - ETA: 3s - loss: 1.9974 - accuracy: 0.3453
54/98 [===============>..............] - ETA: 3s - loss: 1.9904 - accuracy: 0.3468
55/98 [===============>..............] - ETA: 3s - loss: 1.9829 - accuracy: 0.3488
56/98 [================>.............] - ETA: 3s - loss: 1.9737 - accuracy: 0.3507
57/98 [================>.............] - ETA: 3s - loss: 1.9669 - accuracy: 0.3520
58/98 [================>.............] - ETA: 3s - loss: 1.9591 - accuracy: 0.3536
59/98 [=================>............] - ETA: 3s - loss: 1.9506 - accuracy: 0.3559
60/98 [=================>............] - ETA: 3s - loss: 1.9430 - accuracy: 0.3585
61/98 [=================>............] - ETA: 3s - loss: 1.9363 - accuracy: 0.3602
62/98 [=================>............] - ETA: 2s - loss: 1.9306 - accuracy: 0.3613
63/98 [==================>...........] - ETA: 2s - loss: 1.9238 - accuracy: 0.3625
64/98 [==================>...........] - ETA: 2s - loss: 1.9179 - accuracy: 0.3640
65/98 [==================>...........] - ETA: 2s - loss: 1.9124 - accuracy: 0.3652
66/98 [===================>..........] - ETA: 2s - loss: 1.9061 - accuracy: 0.3664
67/98 [===================>..........] - ETA: 2s - loss: 1.9009 - accuracy: 0.3677
68/98 [===================>..........] - ETA: 2s - loss: 1.8957 - accuracy: 0.3689
69/98 [====================>.........] - ETA: 2s - loss: 1.8910 - accuracy: 0.3701
70/98 [====================>.........] - ETA: 2s - loss: 1.8854 - accuracy: 0.3717
71/98 [====================>.........] - ETA: 2s - loss: 1.8793 - accuracy: 0.3731
72/98 [=====================>........] - ETA: 2s - loss: 1.8734 - accuracy: 0.3744
73/98 [=====================>........] - ETA: 2s - loss: 1.8683 - accuracy: 0.3757
74/98 [=====================>........] - ETA: 1s - loss: 1.8638 - accuracy: 0.3768
75/98 [=====================>........] - ETA: 1s - loss: 1.8577 - accuracy: 0.3783
76/98 [======================>.......] - ETA: 1s - loss: 1.8533 - accuracy: 0.3794
77/98 [======================>.......] - ETA: 1s - loss: 1.8486 - accuracy: 0.3807
78/98 [======================>.......] - ETA: 1s - loss: 1.8438 - accuracy: 0.3815
79/98 [=======================>......] - ETA: 1s - loss: 1.8388 - accuracy: 0.3829
80/98 [=======================>......] - ETA: 1s - loss: 1.8341 - accuracy: 0.3841
81/98 [=======================>......] - ETA: 1s - loss: 1.8284 - accuracy: 0.3852
82/98 [========================>.....] - ETA: 1s - loss: 1.8236 - accuracy: 0.3864
83/98 [========================>.....] - ETA: 1s - loss: 1.8184 - accuracy: 0.3878
84/98 [========================>.....] - ETA: 1s - loss: 1.8131 - accuracy: 0.3893
85/98 [=========================>....] - ETA: 1s - loss: 1.8092 - accuracy: 0.3904
86/98 [=========================>....] - ETA: 0s - loss: 1.8054 - accuracy: 0.3914
87/98 [=========================>....] - ETA: 0s - loss: 1.8000 - accuracy: 0.3932
88/98 [=========================>....] - ETA: 0s - loss: 1.7952 - accuracy: 0.3943
89/98 [==========================>...] - ETA: 0s - loss: 1.7913 - accuracy: 0.3956
90/98 [==========================>...] - ETA: 0s - loss: 1.7871 - accuracy: 0.3966
91/98 [==========================>...] - ETA: 0s - loss: 1.7832 - accuracy: 0.3976
92/98 [===========================>..] - ETA: 0s - loss: 1.7789 - accuracy: 0.3988
93/98 [===========================>..] - ETA: 0s - loss: 1.7750 - accuracy: 0.3999
94/98 [===========================>..] - ETA: 0s - loss: 1.7725 - accuracy: 0.4006
95/98 [============================>.] - ETA: 0s - loss: 1.7690 - accuracy: 0.4014
96/98 [============================>.] - ETA: 0s - loss: 1.7654 - accuracy: 0.4025
97/98 [============================>.] - ETA: 0s - loss: 1.7611 - accuracy: 0.4040
98/98 [==============================] - ETA: 0s - loss: 1.7574 - accuracy: 0.4053
98/98 [==============================] - 17s 111ms/step - loss: 1.7574 - accuracy: 0.4053 - val_loss: 2.1128 - val_accuracy: 0.2257
Epoch 2/285

 1/98 [..............................] - ETA: 9s - loss: 1.2873 - accuracy: 0.5449
 2/98 [..............................] - ETA: 9s - loss: 1.2800 - accuracy: 0.5498
 3/98 [..............................] - ETA: 8s - loss: 1.3196 - accuracy: 0.5299
 4/98 [>.............................] - ETA: 7s - loss: 1.3281 - accuracy: 0.5234
 5/98 [>.............................] - ETA: 7s - loss: 1.3210 - accuracy: 0.5266
 6/98 [>.............................] - ETA: 7s - loss: 1.3139 - accuracy: 0.5273
 7/98 [=>............................] - ETA: 7s - loss: 1.3083 - accuracy: 0.5304
 8/98 [=>............................] - ETA: 7s - loss: 1.3121 - accuracy: 0.5312
 9/98 [=>............................] - ETA: 7s - loss: 1.3051 - accuracy: 0.5347
10/98 [==>...........................] - ETA: 7s - loss: 1.3063 - accuracy: 0.5354
11/98 [==>...........................] - ETA: 7s - loss: 1.3025 - accuracy: 0.5378
12/98 [==>...........................] - ETA: 7s - loss: 1.3121 - accuracy: 0.5376
13/98 [==>...........................] - ETA: 6s - loss: 1.3109 - accuracy: 0.5386
14/98 [===>..........................] - ETA: 6s - loss: 1.3097 - accuracy: 0.5386
15/98 [===>..........................] - ETA: 6s - loss: 1.3133 - accuracy: 0.5379
16/98 [===>..........................] - ETA: 6s - loss: 1.3153 - accuracy: 0.5375
17/98 [====>.........................] - ETA: 6s - loss: 1.3202 - accuracy: 0.5375
18/98 [====>.........................] - ETA: 6s - loss: 1.3224 - accuracy: 0.5350
19/98 [====>.........................] - ETA: 6s - loss: 1.3216 - accuracy: 0.5355
20/98 [=====>........................] - ETA: 6s - loss: 1.3209 - accuracy: 0.5359
21/98 [=====>........................] - ETA: 6s - loss: 1.3187 - accuracy: 0.5367
22/98 [=====>........................] - ETA: 6s - loss: 1.3168 - accuracy: 0.5368
23/98 [======>.......................] - ETA: 6s - loss: 1.3176 - accuracy: 0.5359
24/98 [======>.......................] - ETA: 6s - loss: 1.3159 - accuracy: 0.5372
25/98 [======>.......................] - ETA: 5s - loss: 1.3134 - accuracy: 0.5377
26/98 [======>.......................] - ETA: 5s - loss: 1.3117 - accuracy: 0.5386
27/98 [=======>......................] - ETA: 5s - loss: 1.3050 - accuracy: 0.5409
28/98 [=======>......................] - ETA: 5s - loss: 1.3029 - accuracy: 0.5416
29/98 [=======>......................] - ETA: 5s - loss: 1.2994 - accuracy: 0.5424
30/98 [========>.....................] - ETA: 5s - loss: 1.2995 - accuracy: 0.5421
31/98 [========>.....................] - ETA: 5s - loss: 1.2974 - accuracy: 0.5425
32/98 [========>.....................] - ETA: 5s - loss: 1.2972 - accuracy: 0.5429
33/98 [=========>....................] - ETA: 5s - loss: 1.2970 - accuracy: 0.5431
34/98 [=========>....................] - ETA: 5s - loss: 1.2951 - accuracy: 0.5435
35/98 [=========>....................] - ETA: 5s - loss: 1.2937 - accuracy: 0.5445
36/98 [==========>...................] - ETA: 5s - loss: 1.2918 - accuracy: 0.5455
37/98 [==========>...................] - ETA: 5s - loss: 1.2884 - accuracy: 0.5462
38/98 [==========>...................] - ETA: 4s - loss: 1.2881 - accuracy: 0.5462
39/98 [==========>...................] - ETA: 4s - loss: 1.2886 - accuracy: 0.5459
40/98 [===========>..................] - ETA: 4s - loss: 1.2883 - accuracy: 0.5458
41/98 [===========>..................] - ETA: 4s - loss: 1.2902 - accuracy: 0.5458
42/98 [===========>..................] - ETA: 4s - loss: 1.2902 - accuracy: 0.5456
43/98 [============>.................] - ETA: 4s - loss: 1.2891 - accuracy: 0.5456
44/98 [============>.................] - ETA: 4s - loss: 1.2881 - accuracy: 0.5464
45/98 [============>.................] - ETA: 4s - loss: 1.2882 - accuracy: 0.5470
46/98 [=============>................] - ETA: 4s - loss: 1.2855 - accuracy: 0.5474
47/98 [=============>................] - ETA: 4s - loss: 1.2861 - accuracy: 0.5472
48/98 [=============>................] - ETA: 4s - loss: 1.2849 - accuracy: 0.5474
49/98 [==============>...............] - ETA: 4s - loss: 1.2840 - accuracy: 0.5474
50/98 [==============>...............] - ETA: 3s - loss: 1.2827 - accuracy: 0.5476
51/98 [==============>...............] - ETA: 3s - loss: 1.2823 - accuracy: 0.5475
52/98 [==============>...............] - ETA: 3s - loss: 1.2840 - accuracy: 0.5465
53/98 [===============>..............] - ETA: 3s - loss: 1.2831 - accuracy: 0.5469
54/98 [===============>..............] - ETA: 3s - loss: 1.2834 - accuracy: 0.5467
55/98 [===============>..............] - ETA: 3s - loss: 1.2823 - accuracy: 0.5472
56/98 [================>.............] - ETA: 3s - loss: 1.2815 - accuracy: 0.5473
57/98 [================>.............] - ETA: 3s - loss: 1.2802 - accuracy: 0.5480
58/98 [================>.............] - ETA: 3s - loss: 1.2797 - accuracy: 0.5480
59/98 [=================>............] - ETA: 3s - loss: 1.2786 - accuracy: 0.5488
60/98 [=================>............] - ETA: 3s - loss: 1.2782 - accuracy: 0.5490
61/98 [=================>............] - ETA: 3s - loss: 1.2781 - accuracy: 0.5489
62/98 [=================>............] - ETA: 2s - loss: 1.2773 - accuracy: 0.5496
63/98 [==================>...........] - ETA: 2s - loss: 1.2767 - accuracy: 0.5497
64/98 [==================>...........] - ETA: 2s - loss: 1.2770 - accuracy: 0.5497
65/98 [==================>...........] - ETA: 2s - loss: 1.2757 - accuracy: 0.5501
66/98 [===================>..........] - ETA: 2s - loss: 1.2754 - accuracy: 0.5499
67/98 [===================>..........] - ETA: 2s - loss: 1.2746 - accuracy: 0.5503
68/98 [===================>..........] - ETA: 2s - loss: 1.2735 - accuracy: 0.5507
69/98 [====================>.........] - ETA: 2s - loss: 1.2732 - accuracy: 0.5508
70/98 [====================>.........] - ETA: 2s - loss: 1.2732 - accuracy: 0.5511
71/98 [====================>.........] - ETA: 2s - loss: 1.2720 - accuracy: 0.5516
72/98 [=====================>........] - ETA: 2s - loss: 1.2711 - accuracy: 0.5518
73/98 [=====================>........] - ETA: 2s - loss: 1.2698 - accuracy: 0.5522
74/98 [=====================>........] - ETA: 1s - loss: 1.2680 - accuracy: 0.5528
75/98 [=====================>........] - ETA: 1s - loss: 1.2672 - accuracy: 0.5532
76/98 [======================>.......] - ETA: 1s - loss: 1.2666 - accuracy: 0.5533
77/98 [======================>.......] - ETA: 1s - loss: 1.2656 - accuracy: 0.5541
78/98 [======================>.......] - ETA: 1s - loss: 1.2643 - accuracy: 0.5547
79/98 [=======================>......] - ETA: 1s - loss: 1.2634 - accuracy: 0.5550
81/98 [=======================>......] - ETA: 1s - loss: 1.2632 - accuracy: 0.5551
82/98 [========================>.....] - ETA: 1s - loss: 1.2639 - accuracy: 0.5547
83/98 [========================>.....] - ETA: 1s - loss: 1.2629 - accuracy: 0.5551
84/98 [========================>.....] - ETA: 1s - loss: 1.2624 - accuracy: 0.5550
85/98 [=========================>....] - ETA: 1s - loss: 1.2613 - accuracy: 0.5552
86/98 [=========================>....] - ETA: 0s - loss: 1.2606 - accuracy: 0.5554
87/98 [=========================>....] - ETA: 0s - loss: 1.2594 - accuracy: 0.5559
88/98 [=========================>....] - ETA: 0s - loss: 1.2600 - accuracy: 0.5556
89/98 [==========================>...] - ETA: 0s - loss: 1.2588 - accuracy: 0.5560
90/98 [==========================>...] - ETA: 0s - loss: 1.2576 - accuracy: 0.5563
91/98 [==========================>...] - ETA: 0s - loss: 1.2576 - accuracy: 0.5564
92/98 [===========================>..] - ETA: 0s - loss: 1.2571 - accuracy: 0.5564
93/98 [===========================>..] - ETA: 0s - loss: 1.2567 - accuracy: 0.5564
94/98 [===========================>..] - ETA: 0s - loss: 1.2563 - accuracy: 0.5564
95/98 [============================>.] - ETA: 0s - loss: 1.2558 - accuracy: 0.5565
96/98 [============================>.] - ETA: 0s - loss: 1.2549 - accuracy: 0.5567
97/98 [============================>.] - ETA: 0s - loss: 1.2545 - accuracy: 0.5571
98/98 [==============================] - ETA: 0s - loss: 1.2540 - accuracy: 0.5573
98/98 [==============================] - 9s 94ms/step - loss: 1.2540 - accuracy: 0.5573 - val_loss: 1.8933 - val_accuracy: 0.3908
Epoch 3/285

 1/98 [..............................] - ETA: 10s - loss: 1.2178 - accuracy: 0.5527
 2/98 [..............................] - ETA: 7s - loss: 1.1795 - accuracy: 0.5762 
 3/98 [..............................] - ETA: 7s - loss: 1.1675 - accuracy: 0.5814
 4/98 [>.............................] - ETA: 7s - loss: 1.1641 - accuracy: 0.5845
 5/98 [>.............................] - ETA: 7s - loss: 1.1595 - accuracy: 0.5852
 6/98 [>.............................] - ETA: 7s - loss: 1.1434 - accuracy: 0.5924
 7/98 [=>............................] - ETA: 7s - loss: 1.1393 - accuracy: 0.5951
 8/98 [=>............................] - ETA: 7s - loss: 1.1437 - accuracy: 0.5962
 9/98 [=>............................] - ETA: 7s - loss: 1.1470 - accuracy: 0.5953
10/98 [==>...........................] - ETA: 7s - loss: 1.1467 - accuracy: 0.5957
11/98 [==>...........................] - ETA: 7s - loss: 1.1470 - accuracy: 0.5946
12/98 [==>...........................] - ETA: 7s - loss: 1.1452 - accuracy: 0.5954
13/98 [==>...........................] - ETA: 6s - loss: 1.1497 - accuracy: 0.5941
14/98 [===>..........................] - ETA: 6s - loss: 1.1494 - accuracy: 0.5922
15/98 [===>..........................] - ETA: 6s - loss: 1.1460 - accuracy: 0.5945
17/98 [====>.........................] - ETA: 6s - loss: 1.1488 - accuracy: 0.5930
18/98 [====>.........................] - ETA: 6s - loss: 1.1515 - accuracy: 0.5924
19/98 [====>.........................] - ETA: 6s - loss: 1.1456 - accuracy: 0.5955
20/98 [=====>........................] - ETA: 6s - loss: 1.1430 - accuracy: 0.5962
21/98 [=====>........................] - ETA: 6s - loss: 1.1406 - accuracy: 0.5974
22/98 [=====>........................] - ETA: 6s - loss: 1.1397 - accuracy: 0.5982
23/98 [======>.......................] - ETA: 6s - loss: 1.1396 - accuracy: 0.5978
24/98 [======>.......................] - ETA: 5s - loss: 1.1363 - accuracy: 0.5998
25/98 [======>.......................] - ETA: 5s - loss: 1.1355 - accuracy: 0.6000
26/98 [======>.......................] - ETA: 5s - loss: 1.1338 - accuracy: 0.6004
27/98 [=======>......................] - ETA: 5s - loss: 1.1332 - accuracy: 0.6005
28/98 [=======>......................] - ETA: 5s - loss: 1.1331 - accuracy: 0.6000
29/98 [=======>......................] - ETA: 5s - loss: 1.1332 - accuracy: 0.5996
30/98 [========>.....................] - ETA: 5s - loss: 1.1324 - accuracy: 0.5995
31/98 [========>.....................] - ETA: 5s - loss: 1.1329 - accuracy: 0.5993
32/98 [========>.....................] - ETA: 5s - loss: 1.1337 - accuracy: 0.5993
33/98 [=========>....................] - ETA: 5s - loss: 1.1309 - accuracy: 0.6004
34/98 [=========>....................] - ETA: 5s - loss: 1.1313 - accuracy: 0.6002
35/98 [=========>....................] - ETA: 5s - loss: 1.1309 - accuracy: 0.5998
36/98 [==========>...................] - ETA: 5s - loss: 1.1293 - accuracy: 0.6000
37/98 [==========>...................] - ETA: 4s - loss: 1.1281 - accuracy: 0.6005
38/98 [==========>...................] - ETA: 4s - loss: 1.1296 - accuracy: 0.5996
39/98 [==========>...................] - ETA: 4s - loss: 1.1283 - accuracy: 0.5994
40/98 [===========>..................] - ETA: 4s - loss: 1.1292 - accuracy: 0.5995
41/98 [===========>..................] - ETA: 4s - loss: 1.1295 - accuracy: 0.5989
42/98 [===========>..................] - ETA: 4s - loss: 1.1272 - accuracy: 0.5995
43/98 [============>.................] - ETA: 4s - loss: 1.1281 - accuracy: 0.5995
44/98 [============>.................] - ETA: 4s - loss: 1.1276 - accuracy: 0.6001
45/98 [============>.................] - ETA: 4s - loss: 1.1261 - accuracy: 0.6003
46/98 [=============>................] - ETA: 4s - loss: 1.1240 - accuracy: 0.6013
47/98 [=============>................] - ETA: 4s - loss: 1.1233 - accuracy: 0.6019
48/98 [=============>................] - ETA: 4s - loss: 1.1216 - accuracy: 0.6021
49/98 [==============>...............] - ETA: 4s - loss: 1.1205 - accuracy: 0.6029
50/98 [==============>...............] - ETA: 3s - loss: 1.1190 - accuracy: 0.6033
51/98 [==============>...............] - ETA: 3s - loss: 1.1190 - accuracy: 0.6035
52/98 [==============>...............] - ETA: 3s - loss: 1.1193 - accuracy: 0.6040
53/98 [===============>..............] - ETA: 3s - loss: 1.1189 - accuracy: 0.6040
54/98 [===============>..............] - ETA: 3s - loss: 1.1196 - accuracy: 0.6039
55/98 [===============>..............] - ETA: 3s - loss: 1.1193 - accuracy: 0.6042
56/98 [================>.............] - ETA: 3s - loss: 1.1181 - accuracy: 0.6049
57/98 [================>.............] - ETA: 3s - loss: 1.1187 - accuracy: 0.6045
58/98 [================>.............] - ETA: 3s - loss: 1.1174 - accuracy: 0.6053
59/98 [=================>............] - ETA: 3s - loss: 1.1164 - accuracy: 0.6057
60/98 [=================>............] - ETA: 3s - loss: 1.1163 - accuracy: 0.6054
61/98 [=================>............] - ETA: 3s - loss: 1.1167 - accuracy: 0.6049
62/98 [=================>............] - ETA: 2s - loss: 1.1161 - accuracy: 0.6048
63/98 [==================>...........] - ETA: 2s - loss: 1.1152 - accuracy: 0.6051
64/98 [==================>...........] - ETA: 2s - loss: 1.1158 - accuracy: 0.6054
65/98 [==================>...........] - ETA: 2s - loss: 1.1157 - accuracy: 0.6053
66/98 [===================>..........] - ETA: 2s - loss: 1.1145 - accuracy: 0.6059
67/98 [===================>..........] - ETA: 2s - loss: 1.1149 - accuracy: 0.6061
68/98 [===================>..........] - ETA: 2s - loss: 1.1153 - accuracy: 0.6060
69/98 [====================>.........] - ETA: 2s - loss: 1.1150 - accuracy: 0.6060
70/98 [====================>.........] - ETA: 2s - loss: 1.1140 - accuracy: 0.6061
71/98 [====================>.........] - ETA: 2s - loss: 1.1137 - accuracy: 0.6062
72/98 [=====================>........] - ETA: 2s - loss: 1.1140 - accuracy: 0.6057
73/98 [=====================>........] - ETA: 2s - loss: 1.1140 - accuracy: 0.6059
74/98 [=====================>........] - ETA: 1s - loss: 1.1143 - accuracy: 0.6058
75/98 [=====================>........] - ETA: 1s - loss: 1.1143 - accuracy: 0.6061
76/98 [======================>.......] - ETA: 1s - loss: 1.1135 - accuracy: 0.6065
77/98 [======================>.......] - ETA: 1s - loss: 1.1144 - accuracy: 0.6066
78/98 [======================>.......] - ETA: 1s - loss: 1.1139 - accuracy: 0.6070
79/98 [=======================>......] - ETA: 1s - loss: 1.1140 - accuracy: 0.6068
80/98 [=======================>......] - ETA: 1s - loss: 1.1145 - accuracy: 0.6066
81/98 [=======================>......] - ETA: 1s - loss: 1.1140 - accuracy: 0.6071
82/98 [========================>.....] - ETA: 1s - loss: 1.1141 - accuracy: 0.6072
83/98 [========================>.....] - ETA: 1s - loss: 1.1144 - accuracy: 0.6069
84/98 [========================>.....] - ETA: 1s - loss: 1.1143 - accuracy: 0.6065
85/98 [=========================>....] - ETA: 1s - loss: 1.1148 - accuracy: 0.6065
86/98 [=========================>....] - ETA: 0s - loss: 1.1142 - accuracy: 0.6068
87/98 [=========================>....] - ETA: 0s - loss: 1.1149 - accuracy: 0.6065
88/98 [=========================>....] - ETA: 0s - loss: 1.1133 - accuracy: 0.6072
89/98 [==========================>...] - ETA: 0s - loss: 1.1129 - accuracy: 0.6074
90/98 [==========================>...] - ETA: 0s - loss: 1.1120 - accuracy: 0.6075
91/98 [==========================>...] - ETA: 0s - loss: 1.1113 - accuracy: 0.6077
92/98 [===========================>..] - ETA: 0s - loss: 1.1107 - accuracy: 0.6080
93/98 [===========================>..] - ETA: 0s - loss: 1.1110 - accuracy: 0.6079
94/98 [===========================>..] - ETA: 0s - loss: 1.1109 - accuracy: 0.6079
95/98 [============================>.] - ETA: 0s - loss: 1.1118 - accuracy: 0.6076
96/98 [============================>.] - ETA: 0s - loss: 1.1103 - accuracy: 0.6081
97/98 [============================>.] - ETA: 0s - loss: 1.1110 - accuracy: 0.6080
98/98 [==============================] - ETA: 0s - loss: 1.1114 - accuracy: 0.6080
98/98 [==============================] - 9s 94ms/step - loss: 1.1114 - accuracy: 0.6080 - val_loss: 1.6540 - val_accuracy: 0.5013
Epoch 4/285

 1/98 [..............................] - ETA: 6s - loss: 1.0184 - accuracy: 0.6607
 2/98 [..............................] - ETA: 7s - loss: 1.0345 - accuracy: 0.6533
 3/98 [..............................] - ETA: 8s - loss: 1.0478 - accuracy: 0.6478
 4/98 [>.............................] - ETA: 7s - loss: 1.0366 - accuracy: 0.6453
 5/98 [>.............................] - ETA: 7s - loss: 1.0232 - accuracy: 0.6518
 6/98 [>.............................] - ETA: 7s - loss: 1.0249 - accuracy: 0.6471
 7/98 [=>............................] - ETA: 7s - loss: 1.0207 - accuracy: 0.6508
 8/98 [=>............................] - ETA: 7s - loss: 1.0127 - accuracy: 0.6559
 9/98 [=>............................] - ETA: 7s - loss: 1.0095 - accuracy: 0.6546
10/98 [==>...........................] - ETA: 7s - loss: 1.0126 - accuracy: 0.6549
11/98 [==>...........................] - ETA: 7s - loss: 1.0081 - accuracy: 0.6567
12/98 [==>...........................] - ETA: 7s - loss: 1.0048 - accuracy: 0.6582
13/98 [==>...........................] - ETA: 6s - loss: 1.0056 - accuracy: 0.6560
14/98 [===>..........................] - ETA: 6s - loss: 1.0103 - accuracy: 0.6527
15/98 [===>..........................] - ETA: 6s - loss: 1.0081 - accuracy: 0.6529
16/98 [===>..........................] - ETA: 6s - loss: 1.0146 - accuracy: 0.6524
17/98 [====>.........................] - ETA: 6s - loss: 1.0168 - accuracy: 0.6513
18/98 [====>.........................] - ETA: 6s - loss: 1.0182 - accuracy: 0.6493
19/98 [====>.........................] - ETA: 6s - loss: 1.0177 - accuracy: 0.6495
20/98 [=====>........................] - ETA: 6s - loss: 1.0204 - accuracy: 0.6487
21/98 [=====>........................] - ETA: 6s - loss: 1.0229 - accuracy: 0.6478
22/98 [=====>........................] - ETA: 6s - loss: 1.0237 - accuracy: 0.6475
23/98 [======>.......................] - ETA: 6s - loss: 1.0251 - accuracy: 0.6472
24/98 [======>.......................] - ETA: 6s - loss: 1.0234 - accuracy: 0.6471
25/98 [======>.......................] - ETA: 6s - loss: 1.0263 - accuracy: 0.6451
26/98 [======>.......................] - ETA: 5s - loss: 1.0205 - accuracy: 0.6470
27/98 [=======>......................] - ETA: 5s - loss: 1.0207 - accuracy: 0.6467
28/98 [=======>......................] - ETA: 5s - loss: 1.0176 - accuracy: 0.6467
29/98 [=======>......................] - ETA: 5s - loss: 1.0135 - accuracy: 0.6488
30/98 [========>.....................] - ETA: 5s - loss: 1.0124 - accuracy: 0.6498
31/98 [========>.....................] - ETA: 5s - loss: 1.0128 - accuracy: 0.6492
32/98 [========>.....................] - ETA: 5s - loss: 1.0114 - accuracy: 0.6496
33/98 [=========>....................] - ETA: 5s - loss: 1.0094 - accuracy: 0.6509
34/98 [=========>....................] - ETA: 5s - loss: 1.0080 - accuracy: 0.6511
35/98 [=========>....................] - ETA: 5s - loss: 1.0073 - accuracy: 0.6513
36/98 [==========>...................] - ETA: 5s - loss: 1.0080 - accuracy: 0.6519
37/98 [==========>...................] - ETA: 5s - loss: 1.0099 - accuracy: 0.6508
38/98 [==========>...................] - ETA: 4s - loss: 1.0095 - accuracy: 0.6510
39/98 [==========>...................] - ETA: 4s - loss: 1.0103 - accuracy: 0.6508
40/98 [===========>..................] - ETA: 4s - loss: 1.0092 - accuracy: 0.6513
41/98 [===========>..................] - ETA: 4s - loss: 1.0103 - accuracy: 0.6508
42/98 [===========>..................] - ETA: 4s - loss: 1.0121 - accuracy: 0.6503
43/98 [============>.................] - ETA: 4s - loss: 1.0136 - accuracy: 0.6493
44/98 [============>.................] - ETA: 4s - loss: 1.0150 - accuracy: 0.6487
45/98 [============>.................] - ETA: 4s - loss: 1.0152 - accuracy: 0.6482
46/98 [=============>................] - ETA: 4s - loss: 1.0155 - accuracy: 0.6482
47/98 [=============>................] - ETA: 4s - loss: 1.0155 - accuracy: 0.6483
48/98 [=============>................] - ETA: 4s - loss: 1.0156 - accuracy: 0.6486
49/98 [==============>...............] - ETA: 4s - loss: 1.0158 - accuracy: 0.6483
50/98 [==============>...............] - ETA: 3s - loss: 1.0132 - accuracy: 0.6493
51/98 [==============>...............] - ETA: 3s - loss: 1.0138 - accuracy: 0.6492
52/98 [==============>...............] - ETA: 3s - loss: 1.0140 - accuracy: 0.6498
53/98 [===============>..............] - ETA: 3s - loss: 1.0132 - accuracy: 0.6497
54/98 [===============>..............] - ETA: 3s - loss: 1.0135 - accuracy: 0.6498
55/98 [===============>..............] - ETA: 3s - loss: 1.0138 - accuracy: 0.6494
56/98 [================>.............] - ETA: 3s - loss: 1.0141 - accuracy: 0.6492
57/98 [================>.............] - ETA: 3s - loss: 1.0142 - accuracy: 0.6491
58/98 [================>.............] - ETA: 3s - loss: 1.0148 - accuracy: 0.6491
59/98 [=================>............] - ETA: 3s - loss: 1.0144 - accuracy: 0.6493
60/98 [=================>............] - ETA: 3s - loss: 1.0161 - accuracy: 0.6491
61/98 [=================>............] - ETA: 3s - loss: 1.0160 - accuracy: 0.6490
62/98 [=================>............] - ETA: 2s - loss: 1.0159 - accuracy: 0.6489
63/98 [==================>...........] - ETA: 2s - loss: 1.0162 - accuracy: 0.6490
64/98 [==================>...........] - ETA: 2s - loss: 1.0167 - accuracy: 0.6490
65/98 [==================>...........] - ETA: 2s - loss: 1.0172 - accuracy: 0.6490
66/98 [===================>..........] - ETA: 2s - loss: 1.0165 - accuracy: 0.6495
67/98 [===================>..........] - ETA: 2s - loss: 1.0160 - accuracy: 0.6495
68/98 [===================>..........] - ETA: 2s - loss: 1.0158 - accuracy: 0.6496
69/98 [====================>.........] - ETA: 2s - loss: 1.0156 - accuracy: 0.6498
70/98 [====================>.........] - ETA: 2s - loss: 1.0154 - accuracy: 0.6496
71/98 [====================>.........] - ETA: 2s - loss: 1.0157 - accuracy: 0.6497
72/98 [=====================>........] - ETA: 2s - loss: 1.0153 - accuracy: 0.6496
73/98 [=====================>........] - ETA: 2s - loss: 1.0164 - accuracy: 0.6488
74/98 [=====================>........] - ETA: 1s - loss: 1.0168 - accuracy: 0.6486
75/98 [=====================>........] - ETA: 1s - loss: 1.0163 - accuracy: 0.6489
76/98 [======================>.......] - ETA: 1s - loss: 1.0166 - accuracy: 0.6485
77/98 [======================>.......] - ETA: 1s - loss: 1.0176 - accuracy: 0.6480
78/98 [======================>.......] - ETA: 1s - loss: 1.0187 - accuracy: 0.6477
79/98 [=======================>......] - ETA: 1s - loss: 1.0182 - accuracy: 0.6479
80/98 [=======================>......] - ETA: 1s - loss: 1.0189 - accuracy: 0.6476
81/98 [=======================>......] - ETA: 1s - loss: 1.0192 - accuracy: 0.6476
82/98 [========================>.....] - ETA: 1s - loss: 1.0195 - accuracy: 0.6474
83/98 [========================>.....] - ETA: 1s - loss: 1.0203 - accuracy: 0.6469
84/98 [========================>.....] - ETA: 1s - loss: 1.0210 - accuracy: 0.6467
85/98 [=========================>....] - ETA: 1s - loss: 1.0210 - accuracy: 0.6466
86/98 [=========================>....] - ETA: 0s - loss: 1.0210 - accuracy: 0.6464
87/98 [=========================>....] - ETA: 0s - loss: 1.0211 - accuracy: 0.6465
88/98 [=========================>....] - ETA: 0s - loss: 1.0211 - accuracy: 0.6462
89/98 [==========================>...] - ETA: 0s - loss: 1.0215 - accuracy: 0.6458
90/98 [==========================>...] - ETA: 0s - loss: 1.0224 - accuracy: 0.6456
91/98 [==========================>...] - ETA: 0s - loss: 1.0223 - accuracy: 0.6455
92/98 [===========================>..] - ETA: 0s - loss: 1.0222 - accuracy: 0.6454
93/98 [===========================>..] - ETA: 0s - loss: 1.0211 - accuracy: 0.6457
94/98 [===========================>..] - ETA: 0s - loss: 1.0209 - accuracy: 0.6457
95/98 [============================>.] - ETA: 0s - loss: 1.0197 - accuracy: 0.6461
96/98 [============================>.] - ETA: 0s - loss: 1.0193 - accuracy: 0.6463
97/98 [============================>.] - ETA: 0s - loss: 1.0204 - accuracy: 0.6459
98/98 [==============================] - ETA: 0s - loss: 1.0199 - accuracy: 0.6460
98/98 [==============================] - 9s 94ms/step - loss: 1.0199 - accuracy: 0.6460 - val_loss: 1.3588 - val_accuracy: 0.5670
Epoch 5/285

 1/98 [..............................] - ETA: 9s - loss: 0.9546 - accuracy: 0.6816
 2/98 [..............................] - ETA: 7s - loss: 0.9346 - accuracy: 0.6885
 3/98 [..............................] - ETA: 7s - loss: 0.9379 - accuracy: 0.6849
 4/98 [>.............................] - ETA: 7s - loss: 0.9390 - accuracy: 0.6831
 5/98 [>.............................] - ETA: 7s - loss: 0.9379 - accuracy: 0.6820
 6/98 [>.............................] - ETA: 7s - loss: 0.9303 - accuracy: 0.6813
 7/98 [=>............................] - ETA: 7s - loss: 0.9444 - accuracy: 0.6752
 8/98 [=>............................] - ETA: 7s - loss: 0.9504 - accuracy: 0.6721
 9/98 [=>............................] - ETA: 7s - loss: 0.9560 - accuracy: 0.6699
10/98 [==>...........................] - ETA: 7s - loss: 0.9540 - accuracy: 0.6713
11/98 [==>...........................] - ETA: 7s - loss: 0.9610 - accuracy: 0.6690
12/98 [==>...........................] - ETA: 7s - loss: 0.9575 - accuracy: 0.6696
13/98 [==>...........................] - ETA: 7s - loss: 0.9542 - accuracy: 0.6684
14/98 [===>..........................] - ETA: 6s - loss: 0.9540 - accuracy: 0.6698
15/98 [===>..........................] - ETA: 6s - loss: 0.9492 - accuracy: 0.6703
16/98 [===>..........................] - ETA: 6s - loss: 0.9456 - accuracy: 0.6725
17/98 [====>.........................] - ETA: 6s - loss: 0.9498 - accuracy: 0.6702
18/98 [====>.........................] - ETA: 6s - loss: 0.9430 - accuracy: 0.6722
19/98 [====>.........................] - ETA: 6s - loss: 0.9449 - accuracy: 0.6715
20/98 [=====>........................] - ETA: 6s - loss: 0.9480 - accuracy: 0.6709
21/98 [=====>........................] - ETA: 6s - loss: 0.9485 - accuracy: 0.6699
22/98 [=====>........................] - ETA: 6s - loss: 0.9495 - accuracy: 0.6703
23/98 [======>.......................] - ETA: 6s - loss: 0.9530 - accuracy: 0.6692
24/98 [======>.......................] - ETA: 6s - loss: 0.9564 - accuracy: 0.6692
25/98 [======>.......................] - ETA: 5s - loss: 0.9589 - accuracy: 0.6679
26/98 [======>.......................] - ETA: 5s - loss: 0.9587 - accuracy: 0.6683
27/98 [=======>......................] - ETA: 5s - loss: 0.9606 - accuracy: 0.6684
28/98 [=======>......................] - ETA: 5s - loss: 0.9587 - accuracy: 0.6685
29/98 [=======>......................] - ETA: 5s - loss: 0.9614 - accuracy: 0.6670
30/98 [========>.....................] - ETA: 5s - loss: 0.9616 - accuracy: 0.6669
31/98 [========>.....................] - ETA: 5s - loss: 0.9620 - accuracy: 0.6665
32/98 [========>.....................] - ETA: 5s - loss: 0.9639 - accuracy: 0.6664
33/98 [=========>....................] - ETA: 5s - loss: 0.9644 - accuracy: 0.6664
34/98 [=========>....................] - ETA: 5s - loss: 0.9653 - accuracy: 0.6657
35/98 [=========>....................] - ETA: 5s - loss: 0.9644 - accuracy: 0.6658
36/98 [==========>...................] - ETA: 5s - loss: 0.9636 - accuracy: 0.6656
37/98 [==========>...................] - ETA: 5s - loss: 0.9623 - accuracy: 0.6661
38/98 [==========>...................] - ETA: 4s - loss: 0.9612 - accuracy: 0.6664
39/98 [==========>...................] - ETA: 4s - loss: 0.9625 - accuracy: 0.6657
40/98 [===========>..................] - ETA: 4s - loss: 0.9625 - accuracy: 0.6657
41/98 [===========>..................] - ETA: 4s - loss: 0.9638 - accuracy: 0.6651
42/98 [===========>..................] - ETA: 4s - loss: 0.9611 - accuracy: 0.6660
43/98 [============>.................] - ETA: 4s - loss: 0.9619 - accuracy: 0.6664
44/98 [============>.................] - ETA: 4s - loss: 0.9639 - accuracy: 0.6655
45/98 [============>.................] - ETA: 4s - loss: 0.9643 - accuracy: 0.6652
46/98 [=============>................] - ETA: 4s - loss: 0.9639 - accuracy: 0.6655
47/98 [=============>................] - ETA: 4s - loss: 0.9634 - accuracy: 0.6657
48/98 [=============>................] - ETA: 4s - loss: 0.9629 - accuracy: 0.6656
