2024-07-27 09:28:53.319449: I tensorflow/core/platform/cpu_feature_guard.cc:193] This TensorFlow binary is optimized with oneAPI Deep Neural Network Library (oneDNN) to use the following CPU instructions in performance-critical operations:  AVX AVX2
To enable them in other operations, rebuild TensorFlow with the appropriate compiler flags.
2024-07-27 09:28:54.344871: I tensorflow/core/common_runtime/gpu/gpu_device.cc:1616] Created device /job:localhost/replica:0/task:0/device:GPU:0 with 6656 MB memory:  -> device: 0, name: NVIDIA GeForce RTX 4060 Ti, pci bus id: 0000:01:00.0, compute capability: 8.9
1 Physical GPUs, 1 Logical GPUs
Model: "sequential"
_________________________________________________________________
 Layer (type)                Output Shape              Param #   
=================================================================
 conv2d (Conv2D)             (None, 32, 32, 32)        896       
                                                                 
 conv2d_1 (Conv2D)           (None, 32, 32, 64)        51264     
                                                                 
 max_pooling2d (MaxPooling2D  (None, 16, 16, 64)       0         
 )                                                               
                                                                 
 batch_normalization (BatchN  (None, 16, 16, 64)       256       
 ormalization)                                                   
                                                                 
 dropout (Dropout)           (None, 16, 16, 64)        0         
                                                                 
 flatten (Flatten)           (None, 16384)             0         
                                                                 
 dense (Dense)               (None, 84)                1376340   
                                                                 
 dropout_1 (Dropout)         (None, 84)                0         
                                                                 
 dense_1 (Dense)             (None, 10)                850       
                                                                 
=================================================================
Total params: 1,429,606
Trainable params: 1,429,478
Non-trainable params: 128
_________________________________________________________________
Taxa de aprendizado:  0.001 Num de épocas:  285 Tamanho do lote:  512 Dropout:  0.47
Epoch 1/285
2024-07-27 09:28:56.203399: I tensorflow/stream_executor/cuda/cuda_dnn.cc:384] Loaded cuDNN version 8100
2024-07-27 09:28:57.431350: W tensorflow/stream_executor/gpu/redzone_allocator.cc:314] INTERNAL: ptxas exited with non-zero error code -1, output: 
Relying on driver to perform ptx compilation. 
Modify $PATH to customize ptxas location.
This message will be only logged once.
2024-07-27 09:28:58.971071: I tensorflow/stream_executor/cuda/cuda_blas.cc:1614] TensorFloat-32 will be used for the matrix multiplication. This will only be logged once.

 1/98 [..............................] - ETA: 9:54 - loss: 2.8938 - accuracy: 0.0996
 2/98 [..............................] - ETA: 9s - loss: 3.1832 - accuracy: 0.1309  
 3/98 [..............................] - ETA: 8s - loss: 3.1541 - accuracy: 0.1484
 4/98 [>.............................] - ETA: 8s - loss: 3.0319 - accuracy: 0.1587
 5/98 [>.............................] - ETA: 8s - loss: 2.9350 - accuracy: 0.1766
 6/98 [>.............................] - ETA: 8s - loss: 2.8515 - accuracy: 0.1895
 7/98 [=>............................] - ETA: 7s - loss: 2.7694 - accuracy: 0.2009
 8/98 [=>............................] - ETA: 7s - loss: 2.6948 - accuracy: 0.2126
 9/98 [=>............................] - ETA: 7s - loss: 2.6289 - accuracy: 0.2229
10/98 [==>...........................] - ETA: 7s - loss: 2.5846 - accuracy: 0.2262
11/98 [==>...........................] - ETA: 7s - loss: 2.5495 - accuracy: 0.2305
12/98 [==>...........................] - ETA: 7s - loss: 2.5149 - accuracy: 0.2324
13/98 [==>...........................] - ETA: 7s - loss: 2.4759 - accuracy: 0.2404
14/98 [===>..........................] - ETA: 7s - loss: 2.4492 - accuracy: 0.2443
15/98 [===>..........................] - ETA: 7s - loss: 2.4239 - accuracy: 0.2500
16/98 [===>..........................] - ETA: 7s - loss: 2.3933 - accuracy: 0.2557
17/98 [====>.........................] - ETA: 6s - loss: 2.3694 - accuracy: 0.2608
18/98 [====>.........................] - ETA: 6s - loss: 2.3491 - accuracy: 0.2649
19/98 [====>.........................] - ETA: 6s - loss: 2.3279 - accuracy: 0.2705
20/98 [=====>........................] - ETA: 6s - loss: 2.3057 - accuracy: 0.2749
21/98 [=====>........................] - ETA: 6s - loss: 2.2871 - accuracy: 0.2782
22/98 [=====>........................] - ETA: 6s - loss: 2.2701 - accuracy: 0.2808
23/98 [======>.......................] - ETA: 6s - loss: 2.2568 - accuracy: 0.2836
24/98 [======>.......................] - ETA: 6s - loss: 2.2363 - accuracy: 0.2871
25/98 [======>.......................] - ETA: 6s - loss: 2.2199 - accuracy: 0.2912
26/98 [======>.......................] - ETA: 6s - loss: 2.2044 - accuracy: 0.2939
27/98 [=======>......................] - ETA: 6s - loss: 2.1859 - accuracy: 0.2963
28/98 [=======>......................] - ETA: 6s - loss: 2.1695 - accuracy: 0.3006
29/98 [=======>......................] - ETA: 5s - loss: 2.1545 - accuracy: 0.3043
30/98 [========>.....................] - ETA: 5s - loss: 2.1394 - accuracy: 0.3081
31/98 [========>.....................] - ETA: 5s - loss: 2.1254 - accuracy: 0.3110
32/98 [========>.....................] - ETA: 5s - loss: 2.1105 - accuracy: 0.3137
33/98 [=========>....................] - ETA: 5s - loss: 2.0972 - accuracy: 0.3167
34/98 [=========>....................] - ETA: 5s - loss: 2.0825 - accuracy: 0.3197
35/98 [=========>....................] - ETA: 5s - loss: 2.0694 - accuracy: 0.3232
36/98 [==========>...................] - ETA: 5s - loss: 2.0597 - accuracy: 0.3254
37/98 [==========>...................] - ETA: 5s - loss: 2.0512 - accuracy: 0.3272
38/98 [==========>...................] - ETA: 5s - loss: 2.0412 - accuracy: 0.3292
39/98 [==========>...................] - ETA: 5s - loss: 2.0324 - accuracy: 0.3310
40/98 [===========>..................] - ETA: 5s - loss: 2.0219 - accuracy: 0.3324
41/98 [===========>..................] - ETA: 4s - loss: 2.0109 - accuracy: 0.3351
42/98 [===========>..................] - ETA: 4s - loss: 2.0006 - accuracy: 0.3377
43/98 [============>.................] - ETA: 4s - loss: 1.9913 - accuracy: 0.3395
45/98 [============>.................] - ETA: 4s - loss: 1.9740 - accuracy: 0.3440
47/98 [=============>................] - ETA: 4s - loss: 1.9551 - accuracy: 0.3484
49/98 [==============>...............] - ETA: 3s - loss: 1.9401 - accuracy: 0.3518
51/98 [==============>...............] - ETA: 3s - loss: 1.9256 - accuracy: 0.3556
52/98 [==============>...............] - ETA: 3s - loss: 1.9162 - accuracy: 0.3582
53/98 [===============>..............] - ETA: 3s - loss: 1.9097 - accuracy: 0.3599
54/98 [===============>..............] - ETA: 3s - loss: 1.9021 - accuracy: 0.3618
56/98 [================>.............] - ETA: 3s - loss: 1.8877 - accuracy: 0.3658
58/98 [================>.............] - ETA: 3s - loss: 1.8733 - accuracy: 0.3693
60/98 [=================>............] - ETA: 2s - loss: 1.8567 - accuracy: 0.3741
62/98 [=================>............] - ETA: 2s - loss: 1.8459 - accuracy: 0.3764
63/98 [==================>...........] - ETA: 2s - loss: 1.8396 - accuracy: 0.3779
65/98 [==================>...........] - ETA: 2s - loss: 1.8268 - accuracy: 0.3818
67/98 [===================>..........] - ETA: 2s - loss: 1.8148 - accuracy: 0.3851
69/98 [====================>.........] - ETA: 2s - loss: 1.8041 - accuracy: 0.3874
70/98 [====================>.........] - ETA: 2s - loss: 1.7993 - accuracy: 0.3884
71/98 [====================>.........] - ETA: 1s - loss: 1.7937 - accuracy: 0.3900
72/98 [=====================>........] - ETA: 1s - loss: 1.7894 - accuracy: 0.3914
73/98 [=====================>........] - ETA: 1s - loss: 1.7844 - accuracy: 0.3928
74/98 [=====================>........] - ETA: 1s - loss: 1.7786 - accuracy: 0.3942
75/98 [=====================>........] - ETA: 1s - loss: 1.7735 - accuracy: 0.3958
76/98 [======================>.......] - ETA: 1s - loss: 1.7693 - accuracy: 0.3973
77/98 [======================>.......] - ETA: 1s - loss: 1.7640 - accuracy: 0.3988
78/98 [======================>.......] - ETA: 1s - loss: 1.7589 - accuracy: 0.4008
79/98 [=======================>......] - ETA: 1s - loss: 1.7551 - accuracy: 0.4019
80/98 [=======================>......] - ETA: 1s - loss: 1.7515 - accuracy: 0.4030
81/98 [=======================>......] - ETA: 1s - loss: 1.7470 - accuracy: 0.4043
82/98 [========================>.....] - ETA: 1s - loss: 1.7420 - accuracy: 0.4061
83/98 [========================>.....] - ETA: 1s - loss: 1.7380 - accuracy: 0.4072
84/98 [========================>.....] - ETA: 1s - loss: 1.7334 - accuracy: 0.4085
85/98 [=========================>....] - ETA: 0s - loss: 1.7289 - accuracy: 0.4098
86/98 [=========================>....] - ETA: 0s - loss: 1.7247 - accuracy: 0.4111
87/98 [=========================>....] - ETA: 0s - loss: 1.7198 - accuracy: 0.4127
88/98 [=========================>....] - ETA: 0s - loss: 1.7157 - accuracy: 0.4141
89/98 [==========================>...] - ETA: 0s - loss: 1.7112 - accuracy: 0.4155
90/98 [==========================>...] - ETA: 0s - loss: 1.7076 - accuracy: 0.4162
91/98 [==========================>...] - ETA: 0s - loss: 1.7040 - accuracy: 0.4174
92/98 [===========================>..] - ETA: 0s - loss: 1.6997 - accuracy: 0.4185
93/98 [===========================>..] - ETA: 0s - loss: 1.6980 - accuracy: 0.4192
94/98 [===========================>..] - ETA: 0s - loss: 1.6946 - accuracy: 0.4200
95/98 [============================>.] - ETA: 0s - loss: 1.6911 - accuracy: 0.4211
96/98 [============================>.] - ETA: 0s - loss: 1.6882 - accuracy: 0.4220
97/98 [============================>.] - ETA: 0s - loss: 1.6849 - accuracy: 0.4231
98/98 [==============================] - ETA: 0s - loss: 1.6825 - accuracy: 0.4239
98/98 [==============================] - 16s 106ms/step - loss: 1.6825 - accuracy: 0.4239 - val_loss: 2.1899 - val_accuracy: 0.1848
Epoch 2/285

 1/98 [..............................] - ETA: 9s - loss: 1.2609 - accuracy: 0.5547
 2/98 [..............................] - ETA: 7s - loss: 1.3181 - accuracy: 0.5381
 3/98 [..............................] - ETA: 8s - loss: 1.3131 - accuracy: 0.5417
 4/98 [>.............................] - ETA: 7s - loss: 1.3169 - accuracy: 0.5430
 5/98 [>.............................] - ETA: 8s - loss: 1.3027 - accuracy: 0.5434
 6/98 [>.............................] - ETA: 7s - loss: 1.2872 - accuracy: 0.5537
 7/98 [=>............................] - ETA: 7s - loss: 1.2801 - accuracy: 0.5527
 8/98 [=>............................] - ETA: 7s - loss: 1.2787 - accuracy: 0.5540
 9/98 [=>............................] - ETA: 7s - loss: 1.2901 - accuracy: 0.5499
11/98 [==>...........................] - ETA: 6s - loss: 1.2819 - accuracy: 0.5530
12/98 [==>...........................] - ETA: 6s - loss: 1.2766 - accuracy: 0.5531
14/98 [===>..........................] - ETA: 6s - loss: 1.2745 - accuracy: 0.5528
15/98 [===>..........................] - ETA: 5s - loss: 1.2723 - accuracy: 0.5533
17/98 [====>.........................] - ETA: 5s - loss: 1.2693 - accuracy: 0.5532
19/98 [====>.........................] - ETA: 5s - loss: 1.2630 - accuracy: 0.5557
21/98 [=====>........................] - ETA: 5s - loss: 1.2652 - accuracy: 0.5548
23/98 [======>.......................] - ETA: 4s - loss: 1.2587 - accuracy: 0.5550
24/98 [======>.......................] - ETA: 4s - loss: 1.2561 - accuracy: 0.5558
26/98 [======>.......................] - ETA: 4s - loss: 1.2540 - accuracy: 0.5561
28/98 [=======>......................] - ETA: 4s - loss: 1.2501 - accuracy: 0.5573
30/98 [========>.....................] - ETA: 4s - loss: 1.2508 - accuracy: 0.5576
32/98 [========>.....................] - ETA: 4s - loss: 1.2451 - accuracy: 0.5597
33/98 [=========>....................] - ETA: 4s - loss: 1.2462 - accuracy: 0.5599
35/98 [=========>....................] - ETA: 3s - loss: 1.2434 - accuracy: 0.5610
37/98 [==========>...................] - ETA: 3s - loss: 1.2408 - accuracy: 0.5616
38/98 [==========>...................] - ETA: 3s - loss: 1.2403 - accuracy: 0.5622
39/98 [==========>...................] - ETA: 3s - loss: 1.2382 - accuracy: 0.5630
40/98 [===========>..................] - ETA: 3s - loss: 1.2402 - accuracy: 0.5629
41/98 [===========>..................] - ETA: 3s - loss: 1.2376 - accuracy: 0.5636
42/98 [===========>..................] - ETA: 3s - loss: 1.2358 - accuracy: 0.5641
43/98 [============>.................] - ETA: 3s - loss: 1.2343 - accuracy: 0.5645
44/98 [============>.................] - ETA: 3s - loss: 1.2322 - accuracy: 0.5656
45/98 [============>.................] - ETA: 3s - loss: 1.2325 - accuracy: 0.5657
46/98 [=============>................] - ETA: 3s - loss: 1.2330 - accuracy: 0.5658
47/98 [=============>................] - ETA: 3s - loss: 1.2347 - accuracy: 0.5652
48/98 [=============>................] - ETA: 3s - loss: 1.2323 - accuracy: 0.5661
49/98 [==============>...............] - ETA: 3s - loss: 1.2313 - accuracy: 0.5663
50/98 [==============>...............] - ETA: 3s - loss: 1.2306 - accuracy: 0.5664
51/98 [==============>...............] - ETA: 3s - loss: 1.2298 - accuracy: 0.5667
52/98 [==============>...............] - ETA: 3s - loss: 1.2296 - accuracy: 0.5669
53/98 [===============>..............] - ETA: 3s - loss: 1.2281 - accuracy: 0.5674
54/98 [===============>..............] - ETA: 3s - loss: 1.2278 - accuracy: 0.5676
55/98 [===============>..............] - ETA: 3s - loss: 1.2263 - accuracy: 0.5681
56/98 [================>.............] - ETA: 2s - loss: 1.2239 - accuracy: 0.5691
57/98 [================>.............] - ETA: 2s - loss: 1.2235 - accuracy: 0.5691
58/98 [================>.............] - ETA: 2s - loss: 1.2238 - accuracy: 0.5691
59/98 [=================>............] - ETA: 2s - loss: 1.2241 - accuracy: 0.5693
60/98 [=================>............] - ETA: 2s - loss: 1.2227 - accuracy: 0.5698
61/98 [=================>............] - ETA: 2s - loss: 1.2219 - accuracy: 0.5708
62/98 [=================>............] - ETA: 2s - loss: 1.2219 - accuracy: 0.5708
63/98 [==================>...........] - ETA: 2s - loss: 1.2213 - accuracy: 0.5710
64/98 [==================>...........] - ETA: 2s - loss: 1.2204 - accuracy: 0.5714
65/98 [==================>...........] - ETA: 2s - loss: 1.2182 - accuracy: 0.5720
66/98 [===================>..........] - ETA: 2s - loss: 1.2186 - accuracy: 0.5720
67/98 [===================>..........] - ETA: 2s - loss: 1.2172 - accuracy: 0.5724
68/98 [===================>..........] - ETA: 2s - loss: 1.2178 - accuracy: 0.5722
69/98 [====================>.........] - ETA: 2s - loss: 1.2170 - accuracy: 0.5725
70/98 [====================>.........] - ETA: 2s - loss: 1.2155 - accuracy: 0.5727
71/98 [====================>.........] - ETA: 1s - loss: 1.2152 - accuracy: 0.5728
72/98 [=====================>........] - ETA: 1s - loss: 1.2143 - accuracy: 0.5733
73/98 [=====================>........] - ETA: 1s - loss: 1.2135 - accuracy: 0.5738
74/98 [=====================>........] - ETA: 1s - loss: 1.2139 - accuracy: 0.5733
75/98 [=====================>........] - ETA: 1s - loss: 1.2127 - accuracy: 0.5736
76/98 [======================>.......] - ETA: 1s - loss: 1.2115 - accuracy: 0.5743
77/98 [======================>.......] - ETA: 1s - loss: 1.2111 - accuracy: 0.5743
78/98 [======================>.......] - ETA: 1s - loss: 1.2109 - accuracy: 0.5743
79/98 [=======================>......] - ETA: 1s - loss: 1.2102 - accuracy: 0.5747
80/98 [=======================>......] - ETA: 1s - loss: 1.2097 - accuracy: 0.5750
81/98 [=======================>......] - ETA: 1s - loss: 1.2092 - accuracy: 0.5751
82/98 [========================>.....] - ETA: 1s - loss: 1.2082 - accuracy: 0.5758
83/98 [========================>.....] - ETA: 1s - loss: 1.2070 - accuracy: 0.5760
84/98 [========================>.....] - ETA: 1s - loss: 1.2066 - accuracy: 0.5759
85/98 [=========================>....] - ETA: 0s - loss: 1.2059 - accuracy: 0.5764
86/98 [=========================>....] - ETA: 0s - loss: 1.2053 - accuracy: 0.5768
87/98 [=========================>....] - ETA: 0s - loss: 1.2043 - accuracy: 0.5773
88/98 [=========================>....] - ETA: 0s - loss: 1.2036 - accuracy: 0.5777
89/98 [==========================>...] - ETA: 0s - loss: 1.2026 - accuracy: 0.5781
90/98 [==========================>...] - ETA: 0s - loss: 1.2026 - accuracy: 0.5782
91/98 [==========================>...] - ETA: 0s - loss: 1.2021 - accuracy: 0.5782
92/98 [===========================>..] - ETA: 0s - loss: 1.2012 - accuracy: 0.5786
93/98 [===========================>..] - ETA: 0s - loss: 1.2000 - accuracy: 0.5791
94/98 [===========================>..] - ETA: 0s - loss: 1.1990 - accuracy: 0.5796
95/98 [============================>.] - ETA: 0s - loss: 1.1981 - accuracy: 0.5804
96/98 [============================>.] - ETA: 0s - loss: 1.1975 - accuracy: 0.5806
97/98 [============================>.] - ETA: 0s - loss: 1.1962 - accuracy: 0.5811
98/98 [==============================] - ETA: 0s - loss: 1.1950 - accuracy: 0.5815
98/98 [==============================] - 9s 89ms/step - loss: 1.1950 - accuracy: 0.5815 - val_loss: 1.9309 - val_accuracy: 0.4125
Epoch 3/285

 1/98 [..............................] - ETA: 6s - loss: 1.0578 - accuracy: 0.6445
 2/98 [..............................] - ETA: 6s - loss: 1.0566 - accuracy: 0.6318
 4/98 [>.............................] - ETA: 5s - loss: 1.0470 - accuracy: 0.6250
 6/98 [>.............................] - ETA: 5s - loss: 1.0501 - accuracy: 0.6296
 8/98 [=>............................] - ETA: 5s - loss: 1.0602 - accuracy: 0.6311
10/98 [==>...........................] - ETA: 4s - loss: 1.0467 - accuracy: 0.6348
12/98 [==>...........................] - ETA: 4s - loss: 1.0499 - accuracy: 0.6318
14/98 [===>..........................] - ETA: 4s - loss: 1.0538 - accuracy: 0.6313
16/98 [===>..........................] - ETA: 4s - loss: 1.0563 - accuracy: 0.6305
17/98 [====>.........................] - ETA: 4s - loss: 1.0585 - accuracy: 0.6295
19/98 [====>.........................] - ETA: 4s - loss: 1.0515 - accuracy: 0.6317
20/98 [=====>........................] - ETA: 4s - loss: 1.0552 - accuracy: 0.6314
21/98 [=====>........................] - ETA: 4s - loss: 1.0568 - accuracy: 0.6306
23/98 [======>.......................] - ETA: 4s - loss: 1.0542 - accuracy: 0.6313
25/98 [======>.......................] - ETA: 4s - loss: 1.0544 - accuracy: 0.6306
27/98 [=======>......................] - ETA: 3s - loss: 1.0530 - accuracy: 0.6306
28/98 [=======>......................] - ETA: 4s - loss: 1.0505 - accuracy: 0.6313
29/98 [=======>......................] - ETA: 4s - loss: 1.0517 - accuracy: 0.6313
30/98 [========>.....................] - ETA: 3s - loss: 1.0478 - accuracy: 0.6326
31/98 [========>.....................] - ETA: 4s - loss: 1.0465 - accuracy: 0.6330
32/98 [========>.....................] - ETA: 3s - loss: 1.0442 - accuracy: 0.6339
33/98 [=========>....................] - ETA: 4s - loss: 1.0446 - accuracy: 0.6330
34/98 [=========>....................] - ETA: 3s - loss: 1.0431 - accuracy: 0.6338
35/98 [=========>....................] - ETA: 3s - loss: 1.0447 - accuracy: 0.6328
36/98 [==========>...................] - ETA: 3s - loss: 1.0452 - accuracy: 0.6332
37/98 [==========>...................] - ETA: 3s - loss: 1.0440 - accuracy: 0.6335
38/98 [==========>...................] - ETA: 3s - loss: 1.0449 - accuracy: 0.6329
39/98 [==========>...................] - ETA: 3s - loss: 1.0435 - accuracy: 0.6336
40/98 [===========>..................] - ETA: 3s - loss: 1.0438 - accuracy: 0.6333
41/98 [===========>..................] - ETA: 3s - loss: 1.0425 - accuracy: 0.6333
42/98 [===========>..................] - ETA: 3s - loss: 1.0431 - accuracy: 0.6331
43/98 [============>.................] - ETA: 3s - loss: 1.0437 - accuracy: 0.6327
44/98 [============>.................] - ETA: 3s - loss: 1.0441 - accuracy: 0.6326
45/98 [============>.................] - ETA: 3s - loss: 1.0450 - accuracy: 0.6324
46/98 [=============>................] - ETA: 3s - loss: 1.0480 - accuracy: 0.6315
47/98 [=============>................] - ETA: 3s - loss: 1.0463 - accuracy: 0.6319
48/98 [=============>................] - ETA: 3s - loss: 1.0466 - accuracy: 0.6312
49/98 [==============>...............] - ETA: 3s - loss: 1.0469 - accuracy: 0.6313
50/98 [==============>...............] - ETA: 3s - loss: 1.0459 - accuracy: 0.6315
51/98 [==============>...............] - ETA: 3s - loss: 1.0444 - accuracy: 0.6323
52/98 [==============>...............] - ETA: 3s - loss: 1.0448 - accuracy: 0.6315
53/98 [===============>..............] - ETA: 3s - loss: 1.0465 - accuracy: 0.6306
54/98 [===============>..............] - ETA: 3s - loss: 1.0445 - accuracy: 0.6314
55/98 [===============>..............] - ETA: 3s - loss: 1.0451 - accuracy: 0.6310
56/98 [================>.............] - ETA: 3s - loss: 1.0446 - accuracy: 0.6311
57/98 [================>.............] - ETA: 2s - loss: 1.0454 - accuracy: 0.6310
58/98 [================>.............] - ETA: 2s - loss: 1.0455 - accuracy: 0.6309
59/98 [=================>............] - ETA: 2s - loss: 1.0454 - accuracy: 0.6306
60/98 [=================>............] - ETA: 2s - loss: 1.0457 - accuracy: 0.6311
61/98 [=================>............] - ETA: 2s - loss: 1.0454 - accuracy: 0.6317
62/98 [=================>............] - ETA: 2s - loss: 1.0452 - accuracy: 0.6318
63/98 [==================>...........] - ETA: 2s - loss: 1.0460 - accuracy: 0.6316
64/98 [==================>...........] - ETA: 2s - loss: 1.0459 - accuracy: 0.6322
65/98 [==================>...........] - ETA: 2s - loss: 1.0471 - accuracy: 0.6316
66/98 [===================>..........] - ETA: 2s - loss: 1.0468 - accuracy: 0.6315
67/98 [===================>..........] - ETA: 2s - loss: 1.0468 - accuracy: 0.6316
68/98 [===================>..........] - ETA: 2s - loss: 1.0481 - accuracy: 0.6315
69/98 [====================>.........] - ETA: 2s - loss: 1.0470 - accuracy: 0.6320
70/98 [====================>.........] - ETA: 2s - loss: 1.0458 - accuracy: 0.6322
71/98 [====================>.........] - ETA: 2s - loss: 1.0453 - accuracy: 0.6323
72/98 [=====================>........] - ETA: 1s - loss: 1.0450 - accuracy: 0.6325
73/98 [=====================>........] - ETA: 1s - loss: 1.0451 - accuracy: 0.6325
75/98 [=====================>........] - ETA: 1s - loss: 1.0451 - accuracy: 0.6328
76/98 [======================>.......] - ETA: 1s - loss: 1.0453 - accuracy: 0.6326
77/98 [======================>.......] - ETA: 1s - loss: 1.0453 - accuracy: 0.6327
78/98 [======================>.......] - ETA: 1s - loss: 1.0454 - accuracy: 0.6327
79/98 [=======================>......] - ETA: 1s - loss: 1.0448 - accuracy: 0.6330
80/98 [=======================>......] - ETA: 1s - loss: 1.0460 - accuracy: 0.6326
81/98 [=======================>......] - ETA: 1s - loss: 1.0453 - accuracy: 0.6324
82/98 [========================>.....] - ETA: 1s - loss: 1.0455 - accuracy: 0.6325
83/98 [========================>.....] - ETA: 1s - loss: 1.0450 - accuracy: 0.6326
84/98 [========================>.....] - ETA: 1s - loss: 1.0453 - accuracy: 0.6328
85/98 [=========================>....] - ETA: 0s - loss: 1.0452 - accuracy: 0.6331
86/98 [=========================>....] - ETA: 0s - loss: 1.0442 - accuracy: 0.6330
87/98 [=========================>....] - ETA: 0s - loss: 1.0441 - accuracy: 0.6332
88/98 [=========================>....] - ETA: 0s - loss: 1.0449 - accuracy: 0.6329
89/98 [==========================>...] - ETA: 0s - loss: 1.0453 - accuracy: 0.6329
90/98 [==========================>...] - ETA: 0s - loss: 1.0451 - accuracy: 0.6330
91/98 [==========================>...] - ETA: 0s - loss: 1.0446 - accuracy: 0.6332
92/98 [===========================>..] - ETA: 0s - loss: 1.0434 - accuracy: 0.6338
93/98 [===========================>..] - ETA: 0s - loss: 1.0433 - accuracy: 0.6336
94/98 [===========================>..] - ETA: 0s - loss: 1.0441 - accuracy: 0.6334
95/98 [============================>.] - ETA: 0s - loss: 1.0439 - accuracy: 0.6336
96/98 [============================>.] - ETA: 0s - loss: 1.0439 - accuracy: 0.6338
97/98 [============================>.] - ETA: 0s - loss: 1.0438 - accuracy: 0.6339
98/98 [==============================] - ETA: 0s - loss: 1.0431 - accuracy: 0.6342
98/98 [==============================] - 9s 87ms/step - loss: 1.0431 - accuracy: 0.6342 - val_loss: 1.6347 - val_accuracy: 0.5458
Epoch 4/285

 1/98 [..............................] - ETA: 7s - loss: 0.8873 - accuracy: 0.7031
 3/98 [..............................] - ETA: 5s - loss: 0.9518 - accuracy: 0.6712
 5/98 [>.............................] - ETA: 5s - loss: 0.9629 - accuracy: 0.6652
 7/98 [=>............................] - ETA: 4s - loss: 0.9532 - accuracy: 0.6741
 9/98 [=>............................] - ETA: 4s - loss: 0.9545 - accuracy: 0.6734
11/98 [==>...........................] - ETA: 4s - loss: 0.9554 - accuracy: 0.6731
12/98 [==>...........................] - ETA: 4s - loss: 0.9526 - accuracy: 0.6735
14/98 [===>..........................] - ETA: 4s - loss: 0.9464 - accuracy: 0.6751
15/98 [===>..........................] - ETA: 4s - loss: 0.9425 - accuracy: 0.6753
16/98 [===>..........................] - ETA: 4s - loss: 0.9439 - accuracy: 0.6737
17/98 [====>.........................] - ETA: 4s - loss: 0.9401 - accuracy: 0.6753
18/98 [====>.........................] - ETA: 4s - loss: 0.9375 - accuracy: 0.6760
19/98 [====>.........................] - ETA: 4s - loss: 0.9398 - accuracy: 0.6757
20/98 [=====>........................] - ETA: 4s - loss: 0.9386 - accuracy: 0.6770
21/98 [=====>........................] - ETA: 5s - loss: 0.9420 - accuracy: 0.6762
22/98 [=====>........................] - ETA: 4s - loss: 0.9407 - accuracy: 0.6770
23/98 [======>.......................] - ETA: 5s - loss: 0.9405 - accuracy: 0.6772
24/98 [======>.......................] - ETA: 4s - loss: 0.9392 - accuracy: 0.6784
25/98 [======>.......................] - ETA: 4s - loss: 0.9401 - accuracy: 0.6773
26/98 [======>.......................] - ETA: 4s - loss: 0.9405 - accuracy: 0.6766
27/98 [=======>......................] - ETA: 4s - loss: 0.9377 - accuracy: 0.6775
28/98 [=======>......................] - ETA: 4s - loss: 0.9390 - accuracy: 0.6772
29/98 [=======>......................] - ETA: 4s - loss: 0.9406 - accuracy: 0.6759
30/98 [========>.....................] - ETA: 4s - loss: 0.9384 - accuracy: 0.6762
31/98 [========>.....................] - ETA: 4s - loss: 0.9403 - accuracy: 0.6748
32/98 [========>.....................] - ETA: 4s - loss: 0.9417 - accuracy: 0.6739
33/98 [=========>....................] - ETA: 4s - loss: 0.9434 - accuracy: 0.6733
34/98 [=========>....................] - ETA: 4s - loss: 0.9433 - accuracy: 0.6729
35/98 [=========>....................] - ETA: 4s - loss: 0.9458 - accuracy: 0.6718
36/98 [==========>...................] - ETA: 4s - loss: 0.9461 - accuracy: 0.6715
37/98 [==========>...................] - ETA: 4s - loss: 0.9463 - accuracy: 0.6708
38/98 [==========>...................] - ETA: 4s - loss: 0.9464 - accuracy: 0.6714
39/98 [==========>...................] - ETA: 4s - loss: 0.9480 - accuracy: 0.6708
40/98 [===========>..................] - ETA: 4s - loss: 0.9485 - accuracy: 0.6708
41/98 [===========>..................] - ETA: 4s - loss: 0.9468 - accuracy: 0.6717
42/98 [===========>..................] - ETA: 4s - loss: 0.9494 - accuracy: 0.6705
43/98 [============>.................] - ETA: 4s - loss: 0.9479 - accuracy: 0.6711
44/98 [============>.................] - ETA: 4s - loss: 0.9477 - accuracy: 0.6710
45/98 [============>.................] - ETA: 4s - loss: 0.9496 - accuracy: 0.6703
46/98 [=============>................] - ETA: 3s - loss: 0.9498 - accuracy: 0.6703
47/98 [=============>................] - ETA: 3s - loss: 0.9484 - accuracy: 0.6708
48/98 [=============>................] - ETA: 3s - loss: 0.9482 - accuracy: 0.6707
49/98 [==============>...............] - ETA: 3s - loss: 0.9462 - accuracy: 0.6714
50/98 [==============>...............] - ETA: 3s - loss: 0.9458 - accuracy: 0.6715
51/98 [==============>...............] - ETA: 3s - loss: 0.9449 - accuracy: 0.6717
52/98 [==============>...............] - ETA: 3s - loss: 0.9460 - accuracy: 0.6705
53/98 [===============>..............] - ETA: 3s - loss: 0.9465 - accuracy: 0.6705
54/98 [===============>..............] - ETA: 3s - loss: 0.9460 - accuracy: 0.6708
55/98 [===============>..............] - ETA: 3s - loss: 0.9451 - accuracy: 0.6712
56/98 [================>.............] - ETA: 3s - loss: 0.9435 - accuracy: 0.6716
57/98 [================>.............] - ETA: 3s - loss: 0.9441 - accuracy: 0.6716
58/98 [================>.............] - ETA: 3s - loss: 0.9450 - accuracy: 0.6714
59/98 [=================>............] - ETA: 3s - loss: 0.9446 - accuracy: 0.6715
60/98 [=================>............] - ETA: 2s - loss: 0.9453 - accuracy: 0.6712
61/98 [=================>............] - ETA: 2s - loss: 0.9446 - accuracy: 0.6714
62/98 [=================>............] - ETA: 2s - loss: 0.9451 - accuracy: 0.6711
63/98 [==================>...........] - ETA: 2s - loss: 0.9464 - accuracy: 0.6705
64/98 [==================>...........] - ETA: 2s - loss: 0.9473 - accuracy: 0.6703
65/98 [==================>...........] - ETA: 2s - loss: 0.9470 - accuracy: 0.6705
66/98 [===================>..........] - ETA: 2s - loss: 0.9466 - accuracy: 0.6702
67/98 [===================>..........] - ETA: 2s - loss: 0.9468 - accuracy: 0.6704
68/98 [===================>..........] - ETA: 2s - loss: 0.9460 - accuracy: 0.6709
69/98 [====================>.........] - ETA: 2s - loss: 0.9476 - accuracy: 0.6703
70/98 [====================>.........] - ETA: 2s - loss: 0.9481 - accuracy: 0.6699
71/98 [====================>.........] - ETA: 2s - loss: 0.9485 - accuracy: 0.6697
72/98 [=====================>........] - ETA: 2s - loss: 0.9479 - accuracy: 0.6700
73/98 [=====================>........] - ETA: 1s - loss: 0.9491 - accuracy: 0.6694
74/98 [=====================>........] - ETA: 1s - loss: 0.9489 - accuracy: 0.6696
75/98 [=====================>........] - ETA: 1s - loss: 0.9485 - accuracy: 0.6696
76/98 [======================>.......] - ETA: 1s - loss: 0.9490 - accuracy: 0.6695
77/98 [======================>.......] - ETA: 1s - loss: 0.9497 - accuracy: 0.6693
78/98 [======================>.......] - ETA: 1s - loss: 0.9496 - accuracy: 0.6693
79/98 [=======================>......] - ETA: 1s - loss: 0.9490 - accuracy: 0.6695
80/98 [=======================>......] - ETA: 1s - loss: 0.9498 - accuracy: 0.6694
81/98 [=======================>......] - ETA: 1s - loss: 0.9502 - accuracy: 0.6692
82/98 [========================>.....] - ETA: 1s - loss: 0.9493 - accuracy: 0.6699
83/98 [========================>.....] - ETA: 1s - loss: 0.9488 - accuracy: 0.6704
84/98 [========================>.....] - ETA: 1s - loss: 0.9482 - accuracy: 0.6706
85/98 [=========================>....] - ETA: 1s - loss: 0.9479 - accuracy: 0.6705
87/98 [=========================>....] - ETA: 0s - loss: 0.9496 - accuracy: 0.6702
88/98 [=========================>....] - ETA: 0s - loss: 0.9497 - accuracy: 0.6702
89/98 [==========================>...] - ETA: 0s - loss: 0.9512 - accuracy: 0.6698
90/98 [==========================>...] - ETA: 0s - loss: 0.9508 - accuracy: 0.6701
91/98 [==========================>...] - ETA: 0s - loss: 0.9508 - accuracy: 0.6701
92/98 [===========================>..] - ETA: 0s - loss: 0.9505 - accuracy: 0.6703
93/98 [===========================>..] - ETA: 0s - loss: 0.9496 - accuracy: 0.6704
94/98 [===========================>..] - ETA: 0s - loss: 0.9493 - accuracy: 0.6705
95/98 [============================>.] - ETA: 0s - loss: 0.9500 - accuracy: 0.6703
96/98 [============================>.] - ETA: 0s - loss: 0.9505 - accuracy: 0.6702
97/98 [============================>.] - ETA: 0s - loss: 0.9500 - accuracy: 0.6705
98/98 [==============================] - ETA: 0s - loss: 0.9507 - accuracy: 0.6703
98/98 [==============================] - 9s 88ms/step - loss: 0.9507 - accuracy: 0.6703 - val_loss: 1.3788 - val_accuracy: 0.5958
Epoch 5/285

 1/98 [..............................] - ETA: 7s - loss: 1.0096 - accuracy: 0.6406
 3/98 [..............................] - ETA: 5s - loss: 0.9550 - accuracy: 0.6654
 4/98 [>.............................] - ETA: 5s - loss: 0.9288 - accuracy: 0.6758
 5/98 [>.............................] - ETA: 6s - loss: 0.9012 - accuracy: 0.6816
 6/98 [>.............................] - ETA: 6s - loss: 0.8911 - accuracy: 0.6878
 7/98 [=>............................] - ETA: 6s - loss: 0.8987 - accuracy: 0.6836
 8/98 [=>............................] - ETA: 6s - loss: 0.8997 - accuracy: 0.6829
 9/98 [=>............................] - ETA: 6s - loss: 0.8903 - accuracy: 0.6868
10/98 [==>...........................] - ETA: 6s - loss: 0.8829 - accuracy: 0.6914
11/98 [==>...........................] - ETA: 6s - loss: 0.8854 - accuracy: 0.6900
12/98 [==>...........................] - ETA: 6s - loss: 0.8895 - accuracy: 0.6880
13/98 [==>...........................] - ETA: 6s - loss: 0.8882 - accuracy: 0.6901
14/98 [===>..........................] - ETA: 6s - loss: 0.8876 - accuracy: 0.6918
15/98 [===>..........................] - ETA: 6s - loss: 0.8861 - accuracy: 0.6918
16/98 [===>..........................] - ETA: 6s - loss: 0.8842 - accuracy: 0.6915
17/98 [====>.........................] - ETA: 6s - loss: 0.8864 - accuracy: 0.6913
18/98 [====>.........................] - ETA: 6s - loss: 0.8828 - accuracy: 0.6925
19/98 [====>.........................] - ETA: 6s - loss: 0.8799 - accuracy: 0.6935
20/98 [=====>........................] - ETA: 6s - loss: 0.8811 - accuracy: 0.6934
21/98 [=====>........................] - ETA: 6s - loss: 0.8839 - accuracy: 0.6932
22/98 [=====>........................] - ETA: 6s - loss: 0.8798 - accuracy: 0.6947
23/98 [======>.......................] - ETA: 6s - loss: 0.8834 - accuracy: 0.6928
24/98 [======>.......................] - ETA: 6s - loss: 0.8849 - accuracy: 0.6928
25/98 [======>.......................] - ETA: 6s - loss: 0.8840 - accuracy: 0.6934
26/98 [======>.......................] - ETA: 5s - loss: 0.8867 - accuracy: 0.6925
27/98 [=======>......................] - ETA: 5s - loss: 0.8870 - accuracy: 0.6930
28/98 [=======>......................] - ETA: 5s - loss: 0.8857 - accuracy: 0.6938
29/98 [=======>......................] - ETA: 5s - loss: 0.8874 - accuracy: 0.6932
30/98 [========>.....................] - ETA: 5s - loss: 0.8878 - accuracy: 0.6932
31/98 [========>.....................] - ETA: 5s - loss: 0.8877 - accuracy: 0.6927
33/98 [=========>....................] - ETA: 5s - loss: 0.8871 - accuracy: 0.6931
34/98 [=========>....................] - ETA: 5s - loss: 0.8876 - accuracy: 0.6934
35/98 [=========>....................] - ETA: 5s - loss: 0.8880 - accuracy: 0.6934
36/98 [==========>...................] - ETA: 5s - loss: 0.8914 - accuracy: 0.6923
37/98 [==========>...................] - ETA: 5s - loss: 0.8893 - accuracy: 0.6932
38/98 [==========>...................] - ETA: 4s - loss: 0.8894 - accuracy: 0.6935
39/98 [==========>...................] - ETA: 4s - loss: 0.8898 - accuracy: 0.6930
40/98 [===========>..................] - ETA: 4s - loss: 0.8893 - accuracy: 0.6933
41/98 [===========>..................] - ETA: 4s - loss: 0.8912 - accuracy: 0.6924
42/98 [===========>..................] - ETA: 4s - loss: 0.8908 - accuracy: 0.6927
43/98 [============>.................] - ETA: 4s - loss: 0.8906 - accuracy: 0.6928
44/98 [============>.................] - ETA: 4s - loss: 0.8907 - accuracy: 0.6926
45/98 [============>.................] - ETA: 4s - loss: 0.8908 - accuracy: 0.6926
46/98 [=============>................] - ETA: 4s - loss: 0.8899 - accuracy: 0.6931
47/98 [=============>................] - ETA: 4s - loss: 0.8901 - accuracy: 0.6924
48/98 [=============>................] - ETA: 4s - loss: 0.8907 - accuracy: 0.6923
49/98 [==============>...............] - ETA: 4s - loss: 0.8923 - accuracy: 0.6917
50/98 [==============>...............] - ETA: 4s - loss: 0.8932 - accuracy: 0.6921
51/98 [==============>...............] - ETA: 3s - loss: 0.8943 - accuracy: 0.6918
52/98 [==============>...............] - ETA: 3s - loss: 0.8950 - accuracy: 0.6918
53/98 [===============>..............] - ETA: 3s - loss: 0.8957 - accuracy: 0.6911
54/98 [===============>..............] - ETA: 3s - loss: 0.8958 - accuracy: 0.6909
55/98 [===============>..............] - ETA: 3s - loss: 0.8970 - accuracy: 0.6907
56/98 [================>.............] - ETA: 3s - loss: 0.8974 - accuracy: 0.6899
57/98 [================>.............] - ETA: 3s - loss: 0.8969 - accuracy: 0.6903
58/98 [================>.............] - ETA: 3s - loss: 0.8960 - accuracy: 0.6908
59/98 [=================>............] - ETA: 3s - loss: 0.8952 - accuracy: 0.6911
60/98 [=================>............] - ETA: 3s - loss: 0.8958 - accuracy: 0.6911
61/98 [=================>............] - ETA: 3s - loss: 0.8955 - accuracy: 0.6910
62/98 [=================>............] - ETA: 3s - loss: 0.8959 - accuracy: 0.6906
63/98 [==================>...........] - ETA: 2s - loss: 0.8968 - accuracy: 0.6904
64/98 [==================>...........] - ETA: 2s - loss: 0.8963 - accuracy: 0.6909
65/98 [==================>...........] - ETA: 2s - loss: 0.8956 - accuracy: 0.6909
66/98 [===================>..........] - ETA: 2s - loss: 0.8954 - accuracy: 0.6908
67/98 [===================>..........] - ETA: 2s - loss: 0.8963 - accuracy: 0.6905
68/98 [===================>..........] - ETA: 2s - loss: 0.8965 - accuracy: 0.6904
69/98 [====================>.........] - ETA: 2s - loss: 0.8957 - accuracy: 0.6905
70/98 [====================>.........] - ETA: 2s - loss: 0.8945 - accuracy: 0.6906
71/98 [====================>.........] - ETA: 2s - loss: 0.8960 - accuracy: 0.6902
72/98 [=====================>........] - ETA: 2s - loss: 0.8956 - accuracy: 0.6902
73/98 [=====================>........] - ETA: 2s - loss: 0.8944 - accuracy: 0.6905
74/98 [=====================>........] - ETA: 2s - loss: 0.8943 - accuracy: 0.6906
75/98 [=====================>........] - ETA: 1s - loss: 0.8941 - accuracy: 0.6907
76/98 [======================>.......] - ETA: 1s - loss: 0.8950 - accuracy: 0.6903
77/98 [======================>.......] - ETA: 1s - loss: 0.8959 - accuracy: 0.6897
78/98 [======================>.......] - ETA: 1s - loss: 0.8957 - accuracy: 0.6897
79/98 [=======================>......] - ETA: 1s - loss: 0.8954 - accuracy: 0.6898
80/98 [=======================>......] - ETA: 1s - loss: 0.8968 - accuracy: 0.6894
81/98 [=======================>......] - ETA: 1s - loss: 0.8983 - accuracy: 0.6889
82/98 [========================>.....] - ETA: 1s - loss: 0.8976 - accuracy: 0.6892
83/98 [========================>.....] - ETA: 1s - loss: 0.8975 - accuracy: 0.6892
84/98 [========================>.....] - ETA: 1s - loss: 0.8973 - accuracy: 0.6889
85/98 [=========================>....] - ETA: 1s - loss: 0.8978 - accuracy: 0.6890
86/98 [=========================>....] - ETA: 1s - loss: 0.8984 - accuracy: 0.6887
87/98 [=========================>....] - ETA: 0s - loss: 0.8992 - accuracy: 0.6888
88/98 [=========================>....] - ETA: 0s - loss: 0.8995 - accuracy: 0.6889
90/98 [==========================>...] - ETA: 0s - loss: 0.8993 - accuracy: 0.6888
92/98 [===========================>..] - ETA: 0s - loss: 0.8999 - accuracy: 0.6886
