2024-07-27 07:50:39.666998: I tensorflow/core/platform/cpu_feature_guard.cc:193] This TensorFlow binary is optimized with oneAPI Deep Neural Network Library (oneDNN) to use the following CPU instructions in performance-critical operations:  AVX AVX2
To enable them in other operations, rebuild TensorFlow with the appropriate compiler flags.
2024-07-27 07:50:40.601633: I tensorflow/core/common_runtime/gpu/gpu_device.cc:1616] Created device /job:localhost/replica:0/task:0/device:GPU:0 with 6656 MB memory:  -> device: 0, name: NVIDIA GeForce RTX 4060 Ti, pci bus id: 0000:01:00.0, compute capability: 8.9
1 Physical GPUs, 1 Logical GPUs
Model: "sequential"
_________________________________________________________________
 Layer (type)                Output Shape              Param #   
=================================================================
 conv2d (Conv2D)             (None, 32, 32, 32)        896       
                                                                 
 conv2d_1 (Conv2D)           (None, 32, 32, 32)        50208     
                                                                 
 max_pooling2d (MaxPooling2D  (None, 16, 16, 32)       0         
 )                                                               
                                                                 
 batch_normalization (BatchN  (None, 16, 16, 32)       128       
 ormalization)                                                   
                                                                 
 conv2d_2 (Conv2D)           (None, 16, 16, 64)        18496     
                                                                 
 conv2d_3 (Conv2D)           (None, 16, 16, 128)       73856     
                                                                 
 batch_normalization_1 (Batc  (None, 16, 16, 128)      512       
 hNormalization)                                                 
                                                                 
 conv2d_4 (Conv2D)           (None, 16, 16, 32)        102432    
                                                                 
 batch_normalization_2 (Batc  (None, 16, 16, 32)       128       
 hNormalization)                                                 
                                                                 
 dropout (Dropout)           (None, 16, 16, 32)        0         
                                                                 
 flatten (Flatten)           (None, 8192)              0         
                                                                 
 dense (Dense)               (None, 110)               901230    
                                                                 
 dropout_1 (Dropout)         (None, 110)               0         
                                                                 
 dense_1 (Dense)             (None, 10)                1110      
                                                                 
=================================================================
Total params: 1,148,996
Trainable params: 1,148,612
Non-trainable params: 384
_________________________________________________________________
Taxa de aprendizado:  1e-05 Num de épocas:  63 Tamanho do lote:  512 Dropout:  0.23
Epoch 1/63
2024-07-27 07:50:42.527749: I tensorflow/stream_executor/cuda/cuda_dnn.cc:384] Loaded cuDNN version 8100
2024-07-27 07:50:43.889241: W tensorflow/stream_executor/gpu/redzone_allocator.cc:314] INTERNAL: ptxas exited with non-zero error code -1, output: 
Relying on driver to perform ptx compilation. 
Modify $PATH to customize ptxas location.
This message will be only logged once.
2024-07-27 07:50:46.144870: I tensorflow/stream_executor/cuda/cuda_blas.cc:1614] TensorFloat-32 will be used for the matrix multiplication. This will only be logged once.

 1/98 [..............................] - ETA: 13:13 - loss: 2.8121 - accuracy: 0.1172
 2/98 [..............................] - ETA: 13s - loss: 2.7533 - accuracy: 0.1240  
 3/98 [..............................] - ETA: 12s - loss: 2.7341 - accuracy: 0.1237
 4/98 [>.............................] - ETA: 12s - loss: 2.7582 - accuracy: 0.1187
 5/98 [>.............................] - ETA: 11s - loss: 2.7395 - accuracy: 0.1191
 6/98 [>.............................] - ETA: 12s - loss: 2.7372 - accuracy: 0.1221
 7/98 [=>............................] - ETA: 11s - loss: 2.7159 - accuracy: 0.1219
 8/98 [=>............................] - ETA: 11s - loss: 2.6997 - accuracy: 0.1226
 9/98 [=>............................] - ETA: 11s - loss: 2.6932 - accuracy: 0.1235
10/98 [==>...........................] - ETA: 11s - loss: 2.6748 - accuracy: 0.1273
11/98 [==>...........................] - ETA: 31s - loss: 2.6688 - accuracy: 0.1279
12/98 [==>...........................] - ETA: 29s - loss: 2.6655 - accuracy: 0.1284
13/98 [==>...........................] - ETA: 27s - loss: 2.6619 - accuracy: 0.1279
14/98 [===>..........................] - ETA: 26s - loss: 2.6511 - accuracy: 0.1296
15/98 [===>..........................] - ETA: 24s - loss: 2.6450 - accuracy: 0.1307
16/98 [===>..........................] - ETA: 23s - loss: 2.6325 - accuracy: 0.1335
17/98 [====>.........................] - ETA: 22s - loss: 2.6238 - accuracy: 0.1359
18/98 [====>.........................] - ETA: 21s - loss: 2.6139 - accuracy: 0.1386
19/98 [====>.........................] - ETA: 20s - loss: 2.6089 - accuracy: 0.1390
20/98 [=====>........................] - ETA: 19s - loss: 2.6061 - accuracy: 0.1398
21/98 [=====>........................] - ETA: 19s - loss: 2.5996 - accuracy: 0.1424
22/98 [=====>........................] - ETA: 18s - loss: 2.5931 - accuracy: 0.1430
23/98 [======>.......................] - ETA: 17s - loss: 2.5893 - accuracy: 0.1442
24/98 [======>.......................] - ETA: 17s - loss: 2.5821 - accuracy: 0.1465
25/98 [======>.......................] - ETA: 16s - loss: 2.5793 - accuracy: 0.1465
26/98 [======>.......................] - ETA: 16s - loss: 2.5712 - accuracy: 0.1479
27/98 [=======>......................] - ETA: 15s - loss: 2.5637 - accuracy: 0.1501
28/98 [=======>......................] - ETA: 15s - loss: 2.5617 - accuracy: 0.1516
29/98 [=======>......................] - ETA: 14s - loss: 2.5559 - accuracy: 0.1533
30/98 [========>.....................] - ETA: 14s - loss: 2.5473 - accuracy: 0.1550
31/98 [========>.....................] - ETA: 14s - loss: 2.5404 - accuracy: 0.1569
32/98 [========>.....................] - ETA: 13s - loss: 2.5345 - accuracy: 0.1582
33/98 [=========>....................] - ETA: 13s - loss: 2.5315 - accuracy: 0.1589
34/98 [=========>....................] - ETA: 12s - loss: 2.5255 - accuracy: 0.1602
35/98 [=========>....................] - ETA: 12s - loss: 2.5212 - accuracy: 0.1611
36/98 [==========>...................] - ETA: 12s - loss: 2.5167 - accuracy: 0.1616
37/98 [==========>...................] - ETA: 11s - loss: 2.5126 - accuracy: 0.1627
38/98 [==========>...................] - ETA: 11s - loss: 2.5106 - accuracy: 0.1635
39/98 [==========>...................] - ETA: 11s - loss: 2.5051 - accuracy: 0.1653
40/98 [===========>..................] - ETA: 11s - loss: 2.5042 - accuracy: 0.1653
41/98 [===========>..................] - ETA: 10s - loss: 2.4984 - accuracy: 0.1666
42/98 [===========>..................] - ETA: 10s - loss: 2.4938 - accuracy: 0.1677
43/98 [============>.................] - ETA: 10s - loss: 2.4888 - accuracy: 0.1683
44/98 [============>.................] - ETA: 9s - loss: 2.4833 - accuracy: 0.1695 
45/98 [============>.................] - ETA: 9s - loss: 2.4791 - accuracy: 0.1704
46/98 [=============>................] - ETA: 9s - loss: 2.4759 - accuracy: 0.1708
47/98 [=============>................] - ETA: 9s - loss: 2.4713 - accuracy: 0.1716
48/98 [=============>................] - ETA: 9s - loss: 2.4661 - accuracy: 0.1728
49/98 [==============>...............] - ETA: 8s - loss: 2.4606 - accuracy: 0.1740
50/98 [==============>...............] - ETA: 8s - loss: 2.4573 - accuracy: 0.1744
51/98 [==============>...............] - ETA: 8s - loss: 2.4531 - accuracy: 0.1753
52/98 [==============>...............] - ETA: 8s - loss: 2.4502 - accuracy: 0.1759
53/98 [===============>..............] - ETA: 7s - loss: 2.4480 - accuracy: 0.1766
54/98 [===============>..............] - ETA: 7s - loss: 2.4451 - accuracy: 0.1772
55/98 [===============>..............] - ETA: 7s - loss: 2.4426 - accuracy: 0.1777
56/98 [================>.............] - ETA: 7s - loss: 2.4386 - accuracy: 0.1794
57/98 [================>.............] - ETA: 7s - loss: 2.4356 - accuracy: 0.1800
58/98 [================>.............] - ETA: 6s - loss: 2.4333 - accuracy: 0.1812
59/98 [=================>............] - ETA: 6s - loss: 2.4303 - accuracy: 0.1817
60/98 [=================>............] - ETA: 6s - loss: 2.4275 - accuracy: 0.1829
61/98 [=================>............] - ETA: 6s - loss: 2.4239 - accuracy: 0.1832
62/98 [=================>............] - ETA: 6s - loss: 2.4205 - accuracy: 0.1838
63/98 [==================>...........] - ETA: 5s - loss: 2.4175 - accuracy: 0.1843
64/98 [==================>...........] - ETA: 5s - loss: 2.4148 - accuracy: 0.1847
65/98 [==================>...........] - ETA: 5s - loss: 2.4111 - accuracy: 0.1856
66/98 [===================>..........] - ETA: 5s - loss: 2.4077 - accuracy: 0.1863
67/98 [===================>..........] - ETA: 5s - loss: 2.4049 - accuracy: 0.1870
68/98 [===================>..........] - ETA: 4s - loss: 2.4025 - accuracy: 0.1879
69/98 [====================>.........] - ETA: 4s - loss: 2.4001 - accuracy: 0.1882
70/98 [====================>.........] - ETA: 4s - loss: 2.3976 - accuracy: 0.1888
71/98 [====================>.........] - ETA: 4s - loss: 2.3938 - accuracy: 0.1896
72/98 [=====================>........] - ETA: 4s - loss: 2.3898 - accuracy: 0.1905
73/98 [=====================>........] - ETA: 4s - loss: 2.3862 - accuracy: 0.1910
74/98 [=====================>........] - ETA: 3s - loss: 2.3843 - accuracy: 0.1917
75/98 [=====================>........] - ETA: 3s - loss: 2.3812 - accuracy: 0.1925
76/98 [======================>.......] - ETA: 3s - loss: 2.3784 - accuracy: 0.1933
77/98 [======================>.......] - ETA: 3s - loss: 2.3763 - accuracy: 0.1938
78/98 [======================>.......] - ETA: 3s - loss: 2.3746 - accuracy: 0.1942
79/98 [=======================>......] - ETA: 3s - loss: 2.3719 - accuracy: 0.1951
80/98 [=======================>......] - ETA: 2s - loss: 2.3700 - accuracy: 0.1954
81/98 [=======================>......] - ETA: 2s - loss: 2.3682 - accuracy: 0.1958
82/98 [========================>.....] - ETA: 2s - loss: 2.3655 - accuracy: 0.1964
83/98 [========================>.....] - ETA: 2s - loss: 2.3627 - accuracy: 0.1972
84/98 [========================>.....] - ETA: 2s - loss: 2.3607 - accuracy: 0.1976
85/98 [=========================>....] - ETA: 2s - loss: 2.3578 - accuracy: 0.1982
86/98 [=========================>....] - ETA: 1s - loss: 2.3552 - accuracy: 0.1987
87/98 [=========================>....] - ETA: 1s - loss: 2.3517 - accuracy: 0.1992
88/98 [=========================>....] - ETA: 1s - loss: 2.3495 - accuracy: 0.1998
89/98 [==========================>...] - ETA: 1s - loss: 2.3472 - accuracy: 0.2004
90/98 [==========================>...] - ETA: 1s - loss: 2.3454 - accuracy: 0.2010
91/98 [==========================>...] - ETA: 1s - loss: 2.3431 - accuracy: 0.2015
92/98 [===========================>..] - ETA: 0s - loss: 2.3402 - accuracy: 0.2023
93/98 [===========================>..] - ETA: 0s - loss: 2.3377 - accuracy: 0.2031
94/98 [===========================>..] - ETA: 0s - loss: 2.3353 - accuracy: 0.2034
95/98 [============================>.] - ETA: 0s - loss: 2.3329 - accuracy: 0.2043
96/98 [============================>.] - ETA: 0s - loss: 2.3313 - accuracy: 0.2047
97/98 [============================>.] - ETA: 0s - loss: 2.3289 - accuracy: 0.2054
98/98 [==============================] - ETA: 0s - loss: 2.3268 - accuracy: 0.2058
98/98 [==============================] - 25s 174ms/step - loss: 2.3268 - accuracy: 0.2058 - val_loss: 2.5721 - val_accuracy: 0.1000
Epoch 2/63

 1/98 [..............................] - ETA: 13s - loss: 2.0664 - accuracy: 0.2930
 2/98 [..............................] - ETA: 12s - loss: 2.1061 - accuracy: 0.2695
 3/98 [..............................] - ETA: 11s - loss: 2.1417 - accuracy: 0.2539
 4/98 [>.............................] - ETA: 12s - loss: 2.1477 - accuracy: 0.2554
 5/98 [>.............................] - ETA: 12s - loss: 2.1336 - accuracy: 0.2582
 6/98 [>.............................] - ETA: 11s - loss: 2.1219 - accuracy: 0.2630
 7/98 [=>............................] - ETA: 11s - loss: 2.1356 - accuracy: 0.2553
 8/98 [=>............................] - ETA: 11s - loss: 2.1392 - accuracy: 0.2522
 9/98 [=>............................] - ETA: 11s - loss: 2.1301 - accuracy: 0.2552
10/98 [==>...........................] - ETA: 11s - loss: 2.1281 - accuracy: 0.2566
11/98 [==>...........................] - ETA: 11s - loss: 2.1161 - accuracy: 0.2598
12/98 [==>...........................] - ETA: 11s - loss: 2.1091 - accuracy: 0.2624
13/98 [==>...........................] - ETA: 10s - loss: 2.0994 - accuracy: 0.2652
14/98 [===>..........................] - ETA: 10s - loss: 2.1011 - accuracy: 0.2662
15/98 [===>..........................] - ETA: 10s - loss: 2.1045 - accuracy: 0.2661
16/98 [===>..........................] - ETA: 10s - loss: 2.1016 - accuracy: 0.2670
17/98 [====>.........................] - ETA: 10s - loss: 2.0965 - accuracy: 0.2686
18/98 [====>.........................] - ETA: 10s - loss: 2.0936 - accuracy: 0.2689
19/98 [====>.........................] - ETA: 10s - loss: 2.0924 - accuracy: 0.2692
20/98 [=====>........................] - ETA: 10s - loss: 2.0920 - accuracy: 0.2700
21/98 [=====>........................] - ETA: 9s - loss: 2.0937 - accuracy: 0.2695 
22/98 [=====>........................] - ETA: 9s - loss: 2.0916 - accuracy: 0.2699
23/98 [======>.......................] - ETA: 9s - loss: 2.0900 - accuracy: 0.2711
24/98 [======>.......................] - ETA: 9s - loss: 2.0887 - accuracy: 0.2711
25/98 [======>.......................] - ETA: 9s - loss: 2.0880 - accuracy: 0.2712
26/98 [======>.......................] - ETA: 9s - loss: 2.0877 - accuracy: 0.2709
27/98 [=======>......................] - ETA: 9s - loss: 2.0850 - accuracy: 0.2716
28/98 [=======>......................] - ETA: 9s - loss: 2.0826 - accuracy: 0.2720
29/98 [=======>......................] - ETA: 8s - loss: 2.0801 - accuracy: 0.2733
30/98 [========>.....................] - ETA: 8s - loss: 2.0798 - accuracy: 0.2733
31/98 [========>.....................] - ETA: 8s - loss: 2.0791 - accuracy: 0.2741
32/98 [========>.....................] - ETA: 8s - loss: 2.0754 - accuracy: 0.2755
33/98 [=========>....................] - ETA: 8s - loss: 2.0760 - accuracy: 0.2755
34/98 [=========>....................] - ETA: 8s - loss: 2.0751 - accuracy: 0.2767
35/98 [=========>....................] - ETA: 8s - loss: 2.0741 - accuracy: 0.2767
36/98 [==========>...................] - ETA: 7s - loss: 2.0733 - accuracy: 0.2776
37/98 [==========>...................] - ETA: 7s - loss: 2.0712 - accuracy: 0.2779
38/98 [==========>...................] - ETA: 7s - loss: 2.0681 - accuracy: 0.2791
39/98 [==========>...................] - ETA: 7s - loss: 2.0674 - accuracy: 0.2792
40/98 [===========>..................] - ETA: 7s - loss: 2.0642 - accuracy: 0.2801
41/98 [===========>..................] - ETA: 7s - loss: 2.0645 - accuracy: 0.2796
42/98 [===========>..................] - ETA: 7s - loss: 2.0649 - accuracy: 0.2797
43/98 [============>.................] - ETA: 7s - loss: 2.0625 - accuracy: 0.2800
44/98 [============>.................] - ETA: 6s - loss: 2.0588 - accuracy: 0.2810
45/98 [============>.................] - ETA: 6s - loss: 2.0579 - accuracy: 0.2811
46/98 [=============>................] - ETA: 6s - loss: 2.0577 - accuracy: 0.2814
47/98 [=============>................] - ETA: 6s - loss: 2.0556 - accuracy: 0.2817
48/98 [=============>................] - ETA: 6s - loss: 2.0537 - accuracy: 0.2823
49/98 [==============>...............] - ETA: 6s - loss: 2.0534 - accuracy: 0.2829
50/98 [==============>...............] - ETA: 6s - loss: 2.0527 - accuracy: 0.2825
51/98 [==============>...............] - ETA: 6s - loss: 2.0530 - accuracy: 0.2825
52/98 [==============>...............] - ETA: 5s - loss: 2.0528 - accuracy: 0.2828
53/98 [===============>..............] - ETA: 5s - loss: 2.0526 - accuracy: 0.2826
54/98 [===============>..............] - ETA: 5s - loss: 2.0519 - accuracy: 0.2834
55/98 [===============>..............] - ETA: 5s - loss: 2.0505 - accuracy: 0.2838
56/98 [================>.............] - ETA: 5s - loss: 2.0488 - accuracy: 0.2840
57/98 [================>.............] - ETA: 5s - loss: 2.0468 - accuracy: 0.2851
58/98 [================>.............] - ETA: 5s - loss: 2.0455 - accuracy: 0.2859
59/98 [=================>............] - ETA: 5s - loss: 2.0444 - accuracy: 0.2858
60/98 [=================>............] - ETA: 4s - loss: 2.0439 - accuracy: 0.2859
61/98 [=================>............] - ETA: 4s - loss: 2.0425 - accuracy: 0.2867
62/98 [=================>............] - ETA: 4s - loss: 2.0408 - accuracy: 0.2870
63/98 [==================>...........] - ETA: 4s - loss: 2.0414 - accuracy: 0.2864
64/98 [==================>...........] - ETA: 4s - loss: 2.0410 - accuracy: 0.2865
65/98 [==================>...........] - ETA: 4s - loss: 2.0394 - accuracy: 0.2870
66/98 [===================>..........] - ETA: 4s - loss: 2.0381 - accuracy: 0.2865
67/98 [===================>..........] - ETA: 3s - loss: 2.0373 - accuracy: 0.2863
68/98 [===================>..........] - ETA: 3s - loss: 2.0348 - accuracy: 0.2867
69/98 [====================>.........] - ETA: 3s - loss: 2.0332 - accuracy: 0.2874
70/98 [====================>.........] - ETA: 3s - loss: 2.0321 - accuracy: 0.2879
71/98 [====================>.........] - ETA: 3s - loss: 2.0316 - accuracy: 0.2881
72/98 [=====================>........] - ETA: 3s - loss: 2.0303 - accuracy: 0.2888
73/98 [=====================>........] - ETA: 3s - loss: 2.0289 - accuracy: 0.2891
74/98 [=====================>........] - ETA: 3s - loss: 2.0275 - accuracy: 0.2895
75/98 [=====================>........] - ETA: 2s - loss: 2.0267 - accuracy: 0.2898
76/98 [======================>.......] - ETA: 2s - loss: 2.0270 - accuracy: 0.2899
77/98 [======================>.......] - ETA: 2s - loss: 2.0257 - accuracy: 0.2906
78/98 [======================>.......] - ETA: 2s - loss: 2.0245 - accuracy: 0.2910
79/98 [=======================>......] - ETA: 2s - loss: 2.0242 - accuracy: 0.2909
80/98 [=======================>......] - ETA: 2s - loss: 2.0231 - accuracy: 0.2910
81/98 [=======================>......] - ETA: 2s - loss: 2.0228 - accuracy: 0.2913
82/98 [========================>.....] - ETA: 2s - loss: 2.0209 - accuracy: 0.2920
83/98 [========================>.....] - ETA: 1s - loss: 2.0192 - accuracy: 0.2921
84/98 [========================>.....] - ETA: 1s - loss: 2.0178 - accuracy: 0.2926
85/98 [=========================>....] - ETA: 1s - loss: 2.0164 - accuracy: 0.2932
86/98 [=========================>....] - ETA: 1s - loss: 2.0157 - accuracy: 0.2933
87/98 [=========================>....] - ETA: 1s - loss: 2.0145 - accuracy: 0.2939
88/98 [=========================>....] - ETA: 1s - loss: 2.0134 - accuracy: 0.2941
89/98 [==========================>...] - ETA: 1s - loss: 2.0125 - accuracy: 0.2946
90/98 [==========================>...] - ETA: 1s - loss: 2.0108 - accuracy: 0.2956
91/98 [==========================>...] - ETA: 0s - loss: 2.0098 - accuracy: 0.2958
92/98 [===========================>..] - ETA: 0s - loss: 2.0096 - accuracy: 0.2961
93/98 [===========================>..] - ETA: 0s - loss: 2.0078 - accuracy: 0.2968
94/98 [===========================>..] - ETA: 0s - loss: 2.0069 - accuracy: 0.2973
95/98 [============================>.] - ETA: 0s - loss: 2.0062 - accuracy: 0.2976
96/98 [============================>.] - ETA: 0s - loss: 2.0052 - accuracy: 0.2982
97/98 [============================>.] - ETA: 0s - loss: 2.0042 - accuracy: 0.2984
98/98 [==============================] - ETA: 0s - loss: 2.0036 - accuracy: 0.2986
98/98 [==============================] - 14s 143ms/step - loss: 2.0036 - accuracy: 0.2986 - val_loss: 2.9796 - val_accuracy: 0.1000
Epoch 3/63

 1/98 [..............................] - ETA: 15s - loss: 1.9637 - accuracy: 0.3184
 2/98 [..............................] - ETA: 11s - loss: 1.9768 - accuracy: 0.3262
 3/98 [..............................] - ETA: 11s - loss: 1.9396 - accuracy: 0.3327
 4/98 [>.............................] - ETA: 11s - loss: 1.9314 - accuracy: 0.3369
 5/98 [>.............................] - ETA: 11s - loss: 1.9312 - accuracy: 0.3301
 6/98 [>.............................] - ETA: 11s - loss: 1.9314 - accuracy: 0.3271
 7/98 [=>............................] - ETA: 11s - loss: 1.9245 - accuracy: 0.3306
 8/98 [=>............................] - ETA: 11s - loss: 1.9348 - accuracy: 0.3269
 9/98 [=>............................] - ETA: 11s - loss: 1.9308 - accuracy: 0.3251
10/98 [==>...........................] - ETA: 11s - loss: 1.9346 - accuracy: 0.3217
11/98 [==>...........................] - ETA: 11s - loss: 1.9337 - accuracy: 0.3224
12/98 [==>...........................] - ETA: 11s - loss: 1.9323 - accuracy: 0.3221
13/98 [==>...........................] - ETA: 10s - loss: 1.9200 - accuracy: 0.3262
14/98 [===>..........................] - ETA: 10s - loss: 1.9160 - accuracy: 0.3288
15/98 [===>..........................] - ETA: 10s - loss: 1.9152 - accuracy: 0.3292
16/98 [===>..........................] - ETA: 10s - loss: 1.9146 - accuracy: 0.3295
17/98 [====>.........................] - ETA: 10s - loss: 1.9059 - accuracy: 0.3311
18/98 [====>.........................] - ETA: 10s - loss: 1.9033 - accuracy: 0.3327
19/98 [====>.........................] - ETA: 9s - loss: 1.9037 - accuracy: 0.3318 
20/98 [=====>........................] - ETA: 9s - loss: 1.9025 - accuracy: 0.3312
21/98 [=====>........................] - ETA: 9s - loss: 1.9039 - accuracy: 0.3311
22/98 [=====>........................] - ETA: 9s - loss: 1.9042 - accuracy: 0.3326
23/98 [======>.......................] - ETA: 9s - loss: 1.9042 - accuracy: 0.3329
24/98 [======>.......................] - ETA: 9s - loss: 1.9032 - accuracy: 0.3333
25/98 [======>.......................] - ETA: 9s - loss: 1.9049 - accuracy: 0.3338
26/98 [======>.......................] - ETA: 9s - loss: 1.9025 - accuracy: 0.3345
27/98 [=======>......................] - ETA: 9s - loss: 1.9012 - accuracy: 0.3344
28/98 [=======>......................] - ETA: 8s - loss: 1.9028 - accuracy: 0.3333
29/98 [=======>......................] - ETA: 8s - loss: 1.9032 - accuracy: 0.3323
30/98 [========>.....................] - ETA: 8s - loss: 1.9009 - accuracy: 0.3319
31/98 [========>.....................] - ETA: 8s - loss: 1.8977 - accuracy: 0.3333
32/98 [========>.....................] - ETA: 8s - loss: 1.8955 - accuracy: 0.3332
33/98 [=========>....................] - ETA: 8s - loss: 1.8950 - accuracy: 0.3342
34/98 [=========>....................] - ETA: 8s - loss: 1.8962 - accuracy: 0.3336
35/98 [=========>....................] - ETA: 8s - loss: 1.8960 - accuracy: 0.3336
36/98 [==========>...................] - ETA: 7s - loss: 1.9000 - accuracy: 0.3317
37/98 [==========>...................] - ETA: 7s - loss: 1.9006 - accuracy: 0.3314
38/98 [==========>...................] - ETA: 7s - loss: 1.8998 - accuracy: 0.3316
39/98 [==========>...................] - ETA: 7s - loss: 1.8983 - accuracy: 0.3320
40/98 [===========>..................] - ETA: 7s - loss: 1.8937 - accuracy: 0.3329
41/98 [===========>..................] - ETA: 7s - loss: 1.8932 - accuracy: 0.3332
42/98 [===========>..................] - ETA: 7s - loss: 1.8916 - accuracy: 0.3336
43/98 [============>.................] - ETA: 7s - loss: 1.8916 - accuracy: 0.3329
44/98 [============>.................] - ETA: 6s - loss: 1.8895 - accuracy: 0.3335
45/98 [============>.................] - ETA: 6s - loss: 1.8868 - accuracy: 0.3346
46/98 [=============>................] - ETA: 6s - loss: 1.8868 - accuracy: 0.3345
47/98 [=============>................] - ETA: 6s - loss: 1.8850 - accuracy: 0.3346
48/98 [=============>................] - ETA: 6s - loss: 1.8831 - accuracy: 0.3352
49/98 [==============>...............] - ETA: 6s - loss: 1.8811 - accuracy: 0.3360
50/98 [==============>...............] - ETA: 6s - loss: 1.8804 - accuracy: 0.3363
51/98 [==============>...............] - ETA: 6s - loss: 1.8790 - accuracy: 0.3366
52/98 [==============>...............] - ETA: 5s - loss: 1.8784 - accuracy: 0.3376
53/98 [===============>..............] - ETA: 5s - loss: 1.8773 - accuracy: 0.3382
54/98 [===============>..............] - ETA: 5s - loss: 1.8762 - accuracy: 0.3383
55/98 [===============>..............] - ETA: 5s - loss: 1.8748 - accuracy: 0.3385
56/98 [================>.............] - ETA: 5s - loss: 1.8739 - accuracy: 0.3389
57/98 [================>.............] - ETA: 5s - loss: 1.8726 - accuracy: 0.3394
58/98 [================>.............] - ETA: 5s - loss: 1.8723 - accuracy: 0.3395
59/98 [=================>............] - ETA: 5s - loss: 1.8714 - accuracy: 0.3399
60/98 [=================>............] - ETA: 4s - loss: 1.8706 - accuracy: 0.3403
61/98 [=================>............] - ETA: 4s - loss: 1.8701 - accuracy: 0.3407
62/98 [=================>............] - ETA: 4s - loss: 1.8692 - accuracy: 0.3409
63/98 [==================>...........] - ETA: 4s - loss: 1.8698 - accuracy: 0.3410
64/98 [==================>...........] - ETA: 4s - loss: 1.8685 - accuracy: 0.3414
65/98 [==================>...........] - ETA: 4s - loss: 1.8678 - accuracy: 0.3416
66/98 [===================>..........] - ETA: 4s - loss: 1.8666 - accuracy: 0.3416
67/98 [===================>..........] - ETA: 3s - loss: 1.8650 - accuracy: 0.3419
68/98 [===================>..........] - ETA: 3s - loss: 1.8647 - accuracy: 0.3421
69/98 [====================>.........] - ETA: 3s - loss: 1.8630 - accuracy: 0.3423
70/98 [====================>.........] - ETA: 3s - loss: 1.8611 - accuracy: 0.3427
71/98 [====================>.........] - ETA: 3s - loss: 1.8610 - accuracy: 0.3424
72/98 [=====================>........] - ETA: 3s - loss: 1.8600 - accuracy: 0.3425
73/98 [=====================>........] - ETA: 3s - loss: 1.8604 - accuracy: 0.3425
74/98 [=====================>........] - ETA: 3s - loss: 1.8607 - accuracy: 0.3427
75/98 [=====================>........] - ETA: 2s - loss: 1.8603 - accuracy: 0.3428
76/98 [======================>.......] - ETA: 2s - loss: 1.8613 - accuracy: 0.3428
77/98 [======================>.......] - ETA: 2s - loss: 1.8612 - accuracy: 0.3425
78/98 [======================>.......] - ETA: 2s - loss: 1.8606 - accuracy: 0.3428
79/98 [=======================>......] - ETA: 2s - loss: 1.8613 - accuracy: 0.3426
80/98 [=======================>......] - ETA: 2s - loss: 1.8613 - accuracy: 0.3425
81/98 [=======================>......] - ETA: 2s - loss: 1.8613 - accuracy: 0.3427
82/98 [========================>.....] - ETA: 2s - loss: 1.8605 - accuracy: 0.3429
83/98 [========================>.....] - ETA: 1s - loss: 1.8588 - accuracy: 0.3435
84/98 [========================>.....] - ETA: 1s - loss: 1.8588 - accuracy: 0.3436
85/98 [=========================>....] - ETA: 1s - loss: 1.8583 - accuracy: 0.3437
86/98 [=========================>....] - ETA: 1s - loss: 1.8586 - accuracy: 0.3435
87/98 [=========================>....] - ETA: 1s - loss: 1.8577 - accuracy: 0.3438
88/98 [=========================>....] - ETA: 1s - loss: 1.8570 - accuracy: 0.3443
89/98 [==========================>...] - ETA: 1s - loss: 1.8553 - accuracy: 0.3447
90/98 [==========================>...] - ETA: 1s - loss: 1.8549 - accuracy: 0.3450
91/98 [==========================>...] - ETA: 0s - loss: 1.8538 - accuracy: 0.3454
92/98 [===========================>..] - ETA: 0s - loss: 1.8532 - accuracy: 0.3454
93/98 [===========================>..] - ETA: 0s - loss: 1.8524 - accuracy: 0.3456
94/98 [===========================>..] - ETA: 0s - loss: 1.8511 - accuracy: 0.3463
95/98 [============================>.] - ETA: 0s - loss: 1.8514 - accuracy: 0.3464
96/98 [============================>.] - ETA: 0s - loss: 1.8509 - accuracy: 0.3462
97/98 [============================>.] - ETA: 0s - loss: 1.8502 - accuracy: 0.3467
98/98 [==============================] - ETA: 0s - loss: 1.8489 - accuracy: 0.3469
98/98 [==============================] - 14s 143ms/step - loss: 1.8489 - accuracy: 0.3469 - val_loss: 3.0477 - val_accuracy: 0.1005
Epoch 4/63

 1/98 [..............................] - ETA: 9s - loss: 1.8026 - accuracy: 0.3512
 2/98 [..............................] - ETA: 11s - loss: 1.8390 - accuracy: 0.3479
 3/98 [..............................] - ETA: 11s - loss: 1.7943 - accuracy: 0.3684
 4/98 [>.............................] - ETA: 11s - loss: 1.8064 - accuracy: 0.3622
 5/98 [>.............................] - ETA: 11s - loss: 1.8184 - accuracy: 0.3578
 6/98 [>.............................] - ETA: 11s - loss: 1.8023 - accuracy: 0.3584
 7/98 [=>............................] - ETA: 11s - loss: 1.8075 - accuracy: 0.3600
 8/98 [=>............................] - ETA: 11s - loss: 1.8083 - accuracy: 0.3622
 9/98 [=>............................] - ETA: 11s - loss: 1.8088 - accuracy: 0.3626
10/98 [==>...........................] - ETA: 11s - loss: 1.8102 - accuracy: 0.3590
11/98 [==>...........................] - ETA: 11s - loss: 1.7998 - accuracy: 0.3618
12/98 [==>...........................] - ETA: 11s - loss: 1.8002 - accuracy: 0.3634
13/98 [==>...........................] - ETA: 10s - loss: 1.8020 - accuracy: 0.3642
14/98 [===>..........................] - ETA: 10s - loss: 1.8004 - accuracy: 0.3666
15/98 [===>..........................] - ETA: 10s - loss: 1.7986 - accuracy: 0.3665
16/98 [===>..........................] - ETA: 10s - loss: 1.7918 - accuracy: 0.3678
17/98 [====>.........................] - ETA: 10s - loss: 1.7963 - accuracy: 0.3662
18/98 [====>.........................] - ETA: 10s - loss: 1.7963 - accuracy: 0.3665
19/98 [====>.........................] - ETA: 10s - loss: 1.7923 - accuracy: 0.3677
20/98 [=====>........................] - ETA: 10s - loss: 1.7923 - accuracy: 0.3680
21/98 [=====>........................] - ETA: 9s - loss: 1.7880 - accuracy: 0.3689 
22/98 [=====>........................] - ETA: 9s - loss: 1.7846 - accuracy: 0.3697
23/98 [======>.......................] - ETA: 9s - loss: 1.7845 - accuracy: 0.3696
24/98 [======>.......................] - ETA: 9s - loss: 1.7802 - accuracy: 0.3709
25/98 [======>.......................] - ETA: 9s - loss: 1.7794 - accuracy: 0.3706
26/98 [======>.......................] - ETA: 9s - loss: 1.7823 - accuracy: 0.3713
27/98 [=======>......................] - ETA: 9s - loss: 1.7789 - accuracy: 0.3716
28/98 [=======>......................] - ETA: 8s - loss: 1.7745 - accuracy: 0.3724
29/98 [=======>......................] - ETA: 8s - loss: 1.7764 - accuracy: 0.3714
30/98 [========>.....................] - ETA: 8s - loss: 1.7775 - accuracy: 0.3709
31/98 [========>.....................] - ETA: 8s - loss: 1.7733 - accuracy: 0.3729
32/98 [========>.....................] - ETA: 8s - loss: 1.7754 - accuracy: 0.3717
33/98 [=========>....................] - ETA: 8s - loss: 1.7737 - accuracy: 0.3721
34/98 [=========>....................] - ETA: 8s - loss: 1.7757 - accuracy: 0.3716
35/98 [=========>....................] - ETA: 8s - loss: 1.7721 - accuracy: 0.3720
36/98 [==========>...................] - ETA: 8s - loss: 1.7712 - accuracy: 0.3734
37/98 [==========>...................] - ETA: 7s - loss: 1.7709 - accuracy: 0.3733
38/98 [==========>...................] - ETA: 7s - loss: 1.7714 - accuracy: 0.3737
39/98 [==========>...................] - ETA: 7s - loss: 1.7701 - accuracy: 0.3733
40/98 [===========>..................] - ETA: 7s - loss: 1.7694 - accuracy: 0.3737
41/98 [===========>..................] - ETA: 7s - loss: 1.7683 - accuracy: 0.3743
42/98 [===========>..................] - ETA: 7s - loss: 1.7681 - accuracy: 0.3751
43/98 [============>.................] - ETA: 7s - loss: 1.7683 - accuracy: 0.3750
44/98 [============>.................] - ETA: 6s - loss: 1.7675 - accuracy: 0.3746
45/98 [============>.................] - ETA: 6s - loss: 1.7687 - accuracy: 0.3747
46/98 [=============>................] - ETA: 6s - loss: 1.7680 - accuracy: 0.3748
47/98 [=============>................] - ETA: 6s - loss: 1.7686 - accuracy: 0.3749
48/98 [=============>................] - ETA: 6s - loss: 1.7693 - accuracy: 0.3745
49/98 [==============>...............] - ETA: 6s - loss: 1.7686 - accuracy: 0.3748
50/98 [==============>...............] - ETA: 6s - loss: 1.7674 - accuracy: 0.3749
51/98 [==============>...............] - ETA: 5s - loss: 1.7649 - accuracy: 0.3765
52/98 [==============>...............] - ETA: 5s - loss: 1.7649 - accuracy: 0.3767
53/98 [===============>..............] - ETA: 5s - loss: 1.7627 - accuracy: 0.3770
54/98 [===============>..............] - ETA: 5s - loss: 1.7618 - accuracy: 0.3776
55/98 [===============>..............] - ETA: 5s - loss: 1.7608 - accuracy: 0.3781
56/98 [================>.............] - ETA: 5s - loss: 1.7610 - accuracy: 0.3783
57/98 [================>.............] - ETA: 5s - loss: 1.7620 - accuracy: 0.3781
58/98 [================>.............] - ETA: 5s - loss: 1.7618 - accuracy: 0.3781
59/98 [=================>............] - ETA: 4s - loss: 1.7599 - accuracy: 0.3785
60/98 [=================>............] - ETA: 4s - loss: 1.7626 - accuracy: 0.3778
61/98 [=================>............] - ETA: 4s - loss: 1.7622 - accuracy: 0.3778
62/98 [=================>............] - ETA: 4s - loss: 1.7622 - accuracy: 0.3780
63/98 [==================>...........] - ETA: 4s - loss: 1.7629 - accuracy: 0.3774
64/98 [==================>...........] - ETA: 4s - loss: 1.7635 - accuracy: 0.3771
65/98 [==================>...........] - ETA: 4s - loss: 1.7636 - accuracy: 0.3772
66/98 [===================>..........] - ETA: 4s - loss: 1.7624 - accuracy: 0.3777
67/98 [===================>..........] - ETA: 3s - loss: 1.7624 - accuracy: 0.3776
68/98 [===================>..........] - ETA: 3s - loss: 1.7624 - accuracy: 0.3772
69/98 [====================>.........] - ETA: 3s - loss: 1.7629 - accuracy: 0.3774
70/98 [====================>.........] - ETA: 3s - loss: 1.7614 - accuracy: 0.3774
71/98 [====================>.........] - ETA: 3s - loss: 1.7619 - accuracy: 0.3771
72/98 [=====================>........] - ETA: 3s - loss: 1.7621 - accuracy: 0.3768
73/98 [=====================>........] - ETA: 3s - loss: 1.7622 - accuracy: 0.3766
74/98 [=====================>........] - ETA: 2s - loss: 1.7609 - accuracy: 0.3770
76/98 [======================>.......] - ETA: 2s - loss: 1.7604 - accuracy: 0.3774
77/98 [======================>.......] - ETA: 2s - loss: 1.7597 - accuracy: 0.3778
78/98 [======================>.......] - ETA: 2s - loss: 1.7601 - accuracy: 0.3776
79/98 [=======================>......] - ETA: 2s - loss: 1.7601 - accuracy: 0.3775
80/98 [=======================>......] - ETA: 2s - loss: 1.7595 - accuracy: 0.3776
81/98 [=======================>......] - ETA: 2s - loss: 1.7593 - accuracy: 0.3775
82/98 [========================>.....] - ETA: 1s - loss: 1.7589 - accuracy: 0.3777
83/98 [========================>.....] - ETA: 1s - loss: 1.7594 - accuracy: 0.3777
84/98 [========================>.....] - ETA: 1s - loss: 1.7592 - accuracy: 0.3776
85/98 [=========================>....] - ETA: 1s - loss: 1.7596 - accuracy: 0.3776
86/98 [=========================>....] - ETA: 1s - loss: 1.7598 - accuracy: 0.3773
87/98 [=========================>....] - ETA: 1s - loss: 1.7593 - accuracy: 0.3776
88/98 [=========================>....] - ETA: 1s - loss: 1.7591 - accuracy: 0.3778
89/98 [==========================>...] - ETA: 1s - loss: 1.7596 - accuracy: 0.3777
90/98 [==========================>...] - ETA: 0s - loss: 1.7596 - accuracy: 0.3777
91/98 [==========================>...] - ETA: 0s - loss: 1.7586 - accuracy: 0.3780
92/98 [===========================>..] - ETA: 0s - loss: 1.7584 - accuracy: 0.3780
93/98 [===========================>..] - ETA: 0s - loss: 1.7582 - accuracy: 0.3782
94/98 [===========================>..] - ETA: 0s - loss: 1.7570 - accuracy: 0.3785
95/98 [============================>.] - ETA: 0s - loss: 1.7566 - accuracy: 0.3786
96/98 [============================>.] - ETA: 0s - loss: 1.7545 - accuracy: 0.3790
97/98 [============================>.] - ETA: 0s - loss: 1.7538 - accuracy: 0.3797
98/98 [==============================] - ETA: 0s - loss: 1.7530 - accuracy: 0.3801
98/98 [==============================] - 13s 135ms/step - loss: 1.7530 - accuracy: 0.3801 - val_loss: 2.6608 - val_accuracy: 0.1591
Epoch 5/63

 1/98 [..............................] - ETA: 6s - loss: 1.6158 - accuracy: 0.3887
 2/98 [..............................] - ETA: 5s - loss: 1.6383 - accuracy: 0.3936
 3/98 [..............................] - ETA: 5s - loss: 1.6464 - accuracy: 0.4010
 4/98 [>.............................] - ETA: 5s - loss: 1.6909 - accuracy: 0.3887
 6/98 [>.............................] - ETA: 5s - loss: 1.6836 - accuracy: 0.3997
 7/98 [=>............................] - ETA: 5s - loss: 1.6923 - accuracy: 0.4007
 8/98 [=>............................] - ETA: 5s - loss: 1.6874 - accuracy: 0.3992
10/98 [==>...........................] - ETA: 5s - loss: 1.6842 - accuracy: 0.4014
11/98 [==>...........................] - ETA: 5s - loss: 1.6902 - accuracy: 0.4015
13/98 [==>...........................] - ETA: 4s - loss: 1.6899 - accuracy: 0.3986
14/98 [===>..........................] - ETA: 4s - loss: 1.6874 - accuracy: 0.4011
15/98 [===>..........................] - ETA: 4s - loss: 1.6958 - accuracy: 0.3987
17/98 [====>.........................] - ETA: 4s - loss: 1.6959 - accuracy: 0.4009
18/98 [====>.........................] - ETA: 4s - loss: 1.6971 - accuracy: 0.4000
19/98 [====>.........................] - ETA: 4s - loss: 1.6980 - accuracy: 0.3983
21/98 [=====>........................] - ETA: 4s - loss: 1.6989 - accuracy: 0.3969
22/98 [=====>........................] - ETA: 4s - loss: 1.7039 - accuracy: 0.3955
24/98 [======>.......................] - ETA: 4s - loss: 1.6954 - accuracy: 0.3974
25/98 [======>.......................] - ETA: 4s - loss: 1.6964 - accuracy: 0.3972
26/98 [======>.......................] - ETA: 4s - loss: 1.6982 - accuracy: 0.3959
28/98 [=======>......................] - ETA: 4s - loss: 1.6986 - accuracy: 0.3947
29/98 [=======>......................] - ETA: 4s - loss: 1.6982 - accuracy: 0.3953
31/98 [========>.....................] - ETA: 3s - loss: 1.6950 - accuracy: 0.3959
32/98 [========>.....................] - ETA: 3s - loss: 1.6933 - accuracy: 0.3965
33/98 [=========>....................] - ETA: 3s - loss: 1.6927 - accuracy: 0.3963
35/98 [=========>....................] - ETA: 3s - loss: 1.6941 - accuracy: 0.3965
36/98 [==========>...................] - ETA: 3s - loss: 1.6912 - accuracy: 0.3983
38/98 [==========>...................] - ETA: 3s - loss: 1.6917 - accuracy: 0.3983
39/98 [==========>...................] - ETA: 3s - loss: 1.6890 - accuracy: 0.3989
40/98 [===========>..................] - ETA: 3s - loss: 1.6887 - accuracy: 0.3986
41/98 [===========>..................] - ETA: 3s - loss: 1.6878 - accuracy: 0.3987
42/98 [===========>..................] - ETA: 3s - loss: 1.6865 - accuracy: 0.3989
43/98 [============>.................] - ETA: 3s - loss: 1.6877 - accuracy: 0.3984
44/98 [============>.................] - ETA: 3s - loss: 1.6869 - accuracy: 0.3988
45/98 [============>.................] - ETA: 3s - loss: 1.6854 - accuracy: 0.3993
47/98 [=============>................] - ETA: 2s - loss: 1.6826 - accuracy: 0.4008
