2024-07-27 09:36:07.078322: I tensorflow/core/platform/cpu_feature_guard.cc:193] This TensorFlow binary is optimized with oneAPI Deep Neural Network Library (oneDNN) to use the following CPU instructions in performance-critical operations:  AVX AVX2
To enable them in other operations, rebuild TensorFlow with the appropriate compiler flags.
2024-07-27 09:36:08.048306: I tensorflow/core/common_runtime/gpu/gpu_device.cc:1616] Created device /job:localhost/replica:0/task:0/device:GPU:0 with 6656 MB memory:  -> device: 0, name: NVIDIA GeForce RTX 4060 Ti, pci bus id: 0000:01:00.0, compute capability: 8.9
1 Physical GPUs, 1 Logical GPUs
Model: "sequential"
_________________________________________________________________
 Layer (type)                Output Shape              Param #   
=================================================================
 conv2d (Conv2D)             (None, 32, 32, 32)        896       
                                                                 
 conv2d_1 (Conv2D)           (None, 32, 32, 32)        50208     
                                                                 
 max_pooling2d (MaxPooling2D  (None, 16, 16, 32)       0         
 )                                                               
                                                                 
 batch_normalization (BatchN  (None, 16, 16, 32)       128       
 ormalization)                                                   
                                                                 
 conv2d_2 (Conv2D)           (None, 16, 16, 64)        18496     
                                                                 
 conv2d_3 (Conv2D)           (None, 16, 16, 128)       73856     
                                                                 
 batch_normalization_1 (Batc  (None, 16, 16, 128)      512       
 hNormalization)                                                 
                                                                 
 conv2d_4 (Conv2D)           (None, 16, 16, 32)        102432    
                                                                 
 batch_normalization_2 (Batc  (None, 16, 16, 32)       128       
 hNormalization)                                                 
                                                                 
 dropout (Dropout)           (None, 16, 16, 32)        0         
                                                                 
 flatten (Flatten)           (None, 8192)              0         
                                                                 
 dense (Dense)               (None, 110)               901230    
                                                                 
 dropout_1 (Dropout)         (None, 110)               0         
                                                                 
 dense_1 (Dense)             (None, 10)                1110      
                                                                 
=================================================================
Total params: 1,148,996
Trainable params: 1,148,612
Non-trainable params: 384
_________________________________________________________________
Taxa de aprendizado:  1e-05 Num de épocas:  63 Tamanho do lote:  512 Dropout:  0.23
Epoch 1/63
2024-07-27 09:36:10.099143: I tensorflow/stream_executor/cuda/cuda_dnn.cc:384] Loaded cuDNN version 8100
2024-07-27 09:36:11.582363: W tensorflow/stream_executor/gpu/redzone_allocator.cc:314] INTERNAL: ptxas exited with non-zero error code -1, output: 
Relying on driver to perform ptx compilation. 
Modify $PATH to customize ptxas location.
This message will be only logged once.
2024-07-27 09:36:13.453487: I tensorflow/stream_executor/cuda/cuda_blas.cc:1614] TensorFloat-32 will be used for the matrix multiplication. This will only be logged once.

 1/98 [..............................] - ETA: 13:02 - loss: 2.8576 - accuracy: 0.0879
 2/98 [..............................] - ETA: 11s - loss: 2.8357 - accuracy: 0.0938  
 3/98 [..............................] - ETA: 12s - loss: 2.8457 - accuracy: 0.0898
 4/98 [>.............................] - ETA: 12s - loss: 2.8271 - accuracy: 0.0933
 5/98 [>.............................] - ETA: 12s - loss: 2.7999 - accuracy: 0.0984
 6/98 [>.............................] - ETA: 12s - loss: 2.7854 - accuracy: 0.0977
 7/98 [=>............................] - ETA: 12s - loss: 2.7673 - accuracy: 0.1052
 8/98 [=>............................] - ETA: 12s - loss: 2.7548 - accuracy: 0.1064
 9/98 [=>............................] - ETA: 12s - loss: 2.7454 - accuracy: 0.1092
10/98 [==>...........................] - ETA: 11s - loss: 2.7396 - accuracy: 0.1102
11/98 [==>...........................] - ETA: 11s - loss: 2.7279 - accuracy: 0.1101
12/98 [==>...........................] - ETA: 11s - loss: 2.7174 - accuracy: 0.1115
13/98 [==>...........................] - ETA: 11s - loss: 2.7049 - accuracy: 0.1145
14/98 [===>..........................] - ETA: 11s - loss: 2.6941 - accuracy: 0.1157
15/98 [===>..........................] - ETA: 11s - loss: 2.6875 - accuracy: 0.1172
16/98 [===>..........................] - ETA: 11s - loss: 2.6762 - accuracy: 0.1178
17/98 [====>.........................] - ETA: 10s - loss: 2.6690 - accuracy: 0.1186
18/98 [====>.........................] - ETA: 10s - loss: 2.6605 - accuracy: 0.1200
19/98 [====>.........................] - ETA: 10s - loss: 2.6529 - accuracy: 0.1217
20/98 [=====>........................] - ETA: 10s - loss: 2.6447 - accuracy: 0.1228
21/98 [=====>........................] - ETA: 10s - loss: 2.6332 - accuracy: 0.1260
22/98 [=====>........................] - ETA: 10s - loss: 2.6223 - accuracy: 0.1288
23/98 [======>.......................] - ETA: 10s - loss: 2.6125 - accuracy: 0.1312
24/98 [======>.......................] - ETA: 9s - loss: 2.6045 - accuracy: 0.1326 
25/98 [======>.......................] - ETA: 9s - loss: 2.5959 - accuracy: 0.1345
26/98 [======>.......................] - ETA: 9s - loss: 2.5907 - accuracy: 0.1361
27/98 [=======>......................] - ETA: 9s - loss: 2.5848 - accuracy: 0.1382
28/98 [=======>......................] - ETA: 9s - loss: 2.5770 - accuracy: 0.1405
29/98 [=======>......................] - ETA: 9s - loss: 2.5713 - accuracy: 0.1422
30/98 [========>.....................] - ETA: 9s - loss: 2.5631 - accuracy: 0.1437
31/98 [========>.....................] - ETA: 9s - loss: 2.5573 - accuracy: 0.1450
32/98 [========>.....................] - ETA: 8s - loss: 2.5516 - accuracy: 0.1457
33/98 [=========>....................] - ETA: 8s - loss: 2.5471 - accuracy: 0.1466
34/98 [=========>....................] - ETA: 8s - loss: 2.5414 - accuracy: 0.1479
35/98 [=========>....................] - ETA: 8s - loss: 2.5396 - accuracy: 0.1482
36/98 [==========>...................] - ETA: 8s - loss: 2.5335 - accuracy: 0.1506
37/98 [==========>...................] - ETA: 8s - loss: 2.5295 - accuracy: 0.1515
38/98 [==========>...................] - ETA: 7s - loss: 2.5236 - accuracy: 0.1529
39/98 [==========>...................] - ETA: 7s - loss: 2.5199 - accuracy: 0.1540
40/98 [===========>..................] - ETA: 7s - loss: 2.5148 - accuracy: 0.1555
41/98 [===========>..................] - ETA: 9s - loss: 2.5113 - accuracy: 0.1565
42/98 [===========>..................] - ETA: 9s - loss: 2.5053 - accuracy: 0.1579
43/98 [============>.................] - ETA: 9s - loss: 2.5011 - accuracy: 0.1585
44/98 [============>.................] - ETA: 9s - loss: 2.4968 - accuracy: 0.1594
45/98 [============>.................] - ETA: 9s - loss: 2.4914 - accuracy: 0.1607
46/98 [=============>................] - ETA: 8s - loss: 2.4877 - accuracy: 0.1616
47/98 [=============>................] - ETA: 8s - loss: 2.4816 - accuracy: 0.1631
48/98 [=============>................] - ETA: 8s - loss: 2.4769 - accuracy: 0.1644
49/98 [==============>...............] - ETA: 8s - loss: 2.4713 - accuracy: 0.1657
50/98 [==============>...............] - ETA: 8s - loss: 2.4679 - accuracy: 0.1665
51/98 [==============>...............] - ETA: 7s - loss: 2.4628 - accuracy: 0.1683
52/98 [==============>...............] - ETA: 7s - loss: 2.4591 - accuracy: 0.1693
53/98 [===============>..............] - ETA: 7s - loss: 2.4547 - accuracy: 0.1704
54/98 [===============>..............] - ETA: 7s - loss: 2.4495 - accuracy: 0.1714
55/98 [===============>..............] - ETA: 7s - loss: 2.4456 - accuracy: 0.1721
56/98 [================>.............] - ETA: 6s - loss: 2.4419 - accuracy: 0.1730
57/98 [================>.............] - ETA: 6s - loss: 2.4384 - accuracy: 0.1740
58/98 [================>.............] - ETA: 6s - loss: 2.4339 - accuracy: 0.1752
59/98 [=================>............] - ETA: 6s - loss: 2.4311 - accuracy: 0.1758
60/98 [=================>............] - ETA: 6s - loss: 2.4303 - accuracy: 0.1760
61/98 [=================>............] - ETA: 5s - loss: 2.4260 - accuracy: 0.1771
62/98 [=================>............] - ETA: 5s - loss: 2.4226 - accuracy: 0.1779
63/98 [==================>...........] - ETA: 5s - loss: 2.4192 - accuracy: 0.1788
64/98 [==================>...........] - ETA: 5s - loss: 2.4161 - accuracy: 0.1790
65/98 [==================>...........] - ETA: 5s - loss: 2.4130 - accuracy: 0.1798
66/98 [===================>..........] - ETA: 5s - loss: 2.4105 - accuracy: 0.1808
67/98 [===================>..........] - ETA: 4s - loss: 2.4068 - accuracy: 0.1818
68/98 [===================>..........] - ETA: 4s - loss: 2.4040 - accuracy: 0.1826
69/98 [====================>.........] - ETA: 4s - loss: 2.4017 - accuracy: 0.1829
70/98 [====================>.........] - ETA: 4s - loss: 2.3979 - accuracy: 0.1841
71/98 [====================>.........] - ETA: 4s - loss: 2.3943 - accuracy: 0.1850
72/98 [=====================>........] - ETA: 4s - loss: 2.3917 - accuracy: 0.1858
73/98 [=====================>........] - ETA: 3s - loss: 2.3894 - accuracy: 0.1862
74/98 [=====================>........] - ETA: 3s - loss: 2.3868 - accuracy: 0.1872
75/98 [=====================>........] - ETA: 3s - loss: 2.3851 - accuracy: 0.1877
76/98 [======================>.......] - ETA: 3s - loss: 2.3826 - accuracy: 0.1880
77/98 [======================>.......] - ETA: 3s - loss: 2.3790 - accuracy: 0.1887
78/98 [======================>.......] - ETA: 3s - loss: 2.3760 - accuracy: 0.1892
79/98 [=======================>......] - ETA: 2s - loss: 2.3717 - accuracy: 0.1901
80/98 [=======================>......] - ETA: 2s - loss: 2.3695 - accuracy: 0.1906
81/98 [=======================>......] - ETA: 2s - loss: 2.3670 - accuracy: 0.1910
82/98 [========================>.....] - ETA: 2s - loss: 2.3638 - accuracy: 0.1919
83/98 [========================>.....] - ETA: 2s - loss: 2.3610 - accuracy: 0.1925
84/98 [========================>.....] - ETA: 2s - loss: 2.3588 - accuracy: 0.1931
85/98 [=========================>....] - ETA: 2s - loss: 2.3562 - accuracy: 0.1938
86/98 [=========================>....] - ETA: 1s - loss: 2.3531 - accuracy: 0.1948
87/98 [=========================>....] - ETA: 1s - loss: 2.3501 - accuracy: 0.1957
88/98 [=========================>....] - ETA: 1s - loss: 2.3475 - accuracy: 0.1963
89/98 [==========================>...] - ETA: 1s - loss: 2.3448 - accuracy: 0.1970
90/98 [==========================>...] - ETA: 1s - loss: 2.3435 - accuracy: 0.1975
91/98 [==========================>...] - ETA: 1s - loss: 2.3409 - accuracy: 0.1983
92/98 [===========================>..] - ETA: 0s - loss: 2.3379 - accuracy: 0.1993
93/98 [===========================>..] - ETA: 0s - loss: 2.3353 - accuracy: 0.1998
94/98 [===========================>..] - ETA: 0s - loss: 2.3328 - accuracy: 0.2006
95/98 [============================>.] - ETA: 0s - loss: 2.3298 - accuracy: 0.2014
96/98 [============================>.] - ETA: 0s - loss: 2.3264 - accuracy: 0.2027
97/98 [============================>.] - ETA: 0s - loss: 2.3238 - accuracy: 0.2033
98/98 [==============================] - ETA: 0s - loss: 2.3218 - accuracy: 0.2039
98/98 [==============================] - 24s 167ms/step - loss: 2.3218 - accuracy: 0.2039 - val_loss: 2.4248 - val_accuracy: 0.1533
Epoch 2/63

 1/98 [..............................] - ETA: 15s - loss: 2.0829 - accuracy: 0.2949
 2/98 [..............................] - ETA: 12s - loss: 2.0686 - accuracy: 0.2910
 3/98 [..............................] - ETA: 12s - loss: 2.0727 - accuracy: 0.2780
 4/98 [>.............................] - ETA: 12s - loss: 2.0613 - accuracy: 0.2793
 5/98 [>.............................] - ETA: 12s - loss: 2.0612 - accuracy: 0.2758
 6/98 [>.............................] - ETA: 12s - loss: 2.0707 - accuracy: 0.2731
 7/98 [=>............................] - ETA: 12s - loss: 2.0611 - accuracy: 0.2762
 8/98 [=>............................] - ETA: 12s - loss: 2.0687 - accuracy: 0.2764
 9/98 [=>............................] - ETA: 11s - loss: 2.0706 - accuracy: 0.2741
10/98 [==>...........................] - ETA: 11s - loss: 2.0609 - accuracy: 0.2752
11/98 [==>...........................] - ETA: 11s - loss: 2.0682 - accuracy: 0.2731
12/98 [==>...........................] - ETA: 11s - loss: 2.0678 - accuracy: 0.2735
13/98 [==>...........................] - ETA: 10s - loss: 2.0612 - accuracy: 0.2750
14/98 [===>..........................] - ETA: 10s - loss: 2.0563 - accuracy: 0.2752
15/98 [===>..........................] - ETA: 10s - loss: 2.0590 - accuracy: 0.2761
16/98 [===>..........................] - ETA: 10s - loss: 2.0593 - accuracy: 0.2759
17/98 [====>.........................] - ETA: 10s - loss: 2.0601 - accuracy: 0.2756
18/98 [====>.........................] - ETA: 10s - loss: 2.0553 - accuracy: 0.2774
19/98 [====>.........................] - ETA: 10s - loss: 2.0522 - accuracy: 0.2788
20/98 [=====>........................] - ETA: 10s - loss: 2.0501 - accuracy: 0.2788
21/98 [=====>........................] - ETA: 10s - loss: 2.0507 - accuracy: 0.2786
22/98 [=====>........................] - ETA: 9s - loss: 2.0519 - accuracy: 0.2795 
23/98 [======>.......................] - ETA: 9s - loss: 2.0541 - accuracy: 0.2791
24/98 [======>.......................] - ETA: 9s - loss: 2.0551 - accuracy: 0.2793
25/98 [======>.......................] - ETA: 9s - loss: 2.0566 - accuracy: 0.2798
26/98 [======>.......................] - ETA: 9s - loss: 2.0557 - accuracy: 0.2801
27/98 [=======>......................] - ETA: 9s - loss: 2.0530 - accuracy: 0.2804
28/98 [=======>......................] - ETA: 9s - loss: 2.0524 - accuracy: 0.2805
29/98 [=======>......................] - ETA: 9s - loss: 2.0514 - accuracy: 0.2807
30/98 [========>.....................] - ETA: 8s - loss: 2.0514 - accuracy: 0.2813
31/98 [========>.....................] - ETA: 8s - loss: 2.0513 - accuracy: 0.2819
32/98 [========>.....................] - ETA: 8s - loss: 2.0478 - accuracy: 0.2829
33/98 [=========>....................] - ETA: 8s - loss: 2.0498 - accuracy: 0.2823
34/98 [=========>....................] - ETA: 8s - loss: 2.0489 - accuracy: 0.2822
35/98 [=========>....................] - ETA: 8s - loss: 2.0490 - accuracy: 0.2826
36/98 [==========>...................] - ETA: 8s - loss: 2.0473 - accuracy: 0.2831
37/98 [==========>...................] - ETA: 7s - loss: 2.0461 - accuracy: 0.2841
38/98 [==========>...................] - ETA: 7s - loss: 2.0464 - accuracy: 0.2840
39/98 [==========>...................] - ETA: 7s - loss: 2.0442 - accuracy: 0.2852
40/98 [===========>..................] - ETA: 7s - loss: 2.0412 - accuracy: 0.2861
41/98 [===========>..................] - ETA: 7s - loss: 2.0398 - accuracy: 0.2870
42/98 [===========>..................] - ETA: 6s - loss: 2.0390 - accuracy: 0.2875
43/98 [============>.................] - ETA: 6s - loss: 2.0381 - accuracy: 0.2879
44/98 [============>.................] - ETA: 6s - loss: 2.0368 - accuracy: 0.2878
45/98 [============>.................] - ETA: 6s - loss: 2.0355 - accuracy: 0.2884
46/98 [=============>................] - ETA: 6s - loss: 2.0344 - accuracy: 0.2896
47/98 [=============>................] - ETA: 6s - loss: 2.0347 - accuracy: 0.2896
48/98 [=============>................] - ETA: 5s - loss: 2.0340 - accuracy: 0.2898
49/98 [==============>...............] - ETA: 5s - loss: 2.0347 - accuracy: 0.2894
50/98 [==============>...............] - ETA: 5s - loss: 2.0347 - accuracy: 0.2903
51/98 [==============>...............] - ETA: 5s - loss: 2.0340 - accuracy: 0.2904
52/98 [==============>...............] - ETA: 5s - loss: 2.0334 - accuracy: 0.2909
53/98 [===============>..............] - ETA: 5s - loss: 2.0332 - accuracy: 0.2911
54/98 [===============>..............] - ETA: 5s - loss: 2.0317 - accuracy: 0.2916
55/98 [===============>..............] - ETA: 5s - loss: 2.0313 - accuracy: 0.2918
56/98 [================>.............] - ETA: 4s - loss: 2.0320 - accuracy: 0.2915
57/98 [================>.............] - ETA: 4s - loss: 2.0332 - accuracy: 0.2913
58/98 [================>.............] - ETA: 4s - loss: 2.0298 - accuracy: 0.2924
59/98 [=================>............] - ETA: 4s - loss: 2.0287 - accuracy: 0.2927
60/98 [=================>............] - ETA: 4s - loss: 2.0271 - accuracy: 0.2931
61/98 [=================>............] - ETA: 4s - loss: 2.0261 - accuracy: 0.2935
62/98 [=================>............] - ETA: 4s - loss: 2.0256 - accuracy: 0.2938
63/98 [==================>...........] - ETA: 4s - loss: 2.0232 - accuracy: 0.2944
64/98 [==================>...........] - ETA: 4s - loss: 2.0225 - accuracy: 0.2945
65/98 [==================>...........] - ETA: 3s - loss: 2.0210 - accuracy: 0.2948
66/98 [===================>..........] - ETA: 3s - loss: 2.0191 - accuracy: 0.2953
67/98 [===================>..........] - ETA: 3s - loss: 2.0186 - accuracy: 0.2952
68/98 [===================>..........] - ETA: 3s - loss: 2.0185 - accuracy: 0.2956
69/98 [====================>.........] - ETA: 3s - loss: 2.0175 - accuracy: 0.2960
70/98 [====================>.........] - ETA: 3s - loss: 2.0163 - accuracy: 0.2962
71/98 [====================>.........] - ETA: 3s - loss: 2.0159 - accuracy: 0.2963
72/98 [=====================>........] - ETA: 3s - loss: 2.0149 - accuracy: 0.2966
73/98 [=====================>........] - ETA: 3s - loss: 2.0136 - accuracy: 0.2972
74/98 [=====================>........] - ETA: 2s - loss: 2.0137 - accuracy: 0.2976
75/98 [=====================>........] - ETA: 2s - loss: 2.0136 - accuracy: 0.2976
76/98 [======================>.......] - ETA: 2s - loss: 2.0133 - accuracy: 0.2979
77/98 [======================>.......] - ETA: 2s - loss: 2.0127 - accuracy: 0.2984
78/98 [======================>.......] - ETA: 2s - loss: 2.0122 - accuracy: 0.2984
79/98 [=======================>......] - ETA: 2s - loss: 2.0119 - accuracy: 0.2989
80/98 [=======================>......] - ETA: 2s - loss: 2.0111 - accuracy: 0.2994
81/98 [=======================>......] - ETA: 2s - loss: 2.0111 - accuracy: 0.2997
82/98 [========================>.....] - ETA: 1s - loss: 2.0093 - accuracy: 0.3000
83/98 [========================>.....] - ETA: 1s - loss: 2.0081 - accuracy: 0.3004
84/98 [========================>.....] - ETA: 1s - loss: 2.0079 - accuracy: 0.3005
85/98 [=========================>....] - ETA: 1s - loss: 2.0069 - accuracy: 0.3006
86/98 [=========================>....] - ETA: 1s - loss: 2.0054 - accuracy: 0.3013
87/98 [=========================>....] - ETA: 1s - loss: 2.0041 - accuracy: 0.3018
88/98 [=========================>....] - ETA: 1s - loss: 2.0030 - accuracy: 0.3018
89/98 [==========================>...] - ETA: 1s - loss: 2.0033 - accuracy: 0.3016
90/98 [==========================>...] - ETA: 0s - loss: 2.0025 - accuracy: 0.3020
91/98 [==========================>...] - ETA: 0s - loss: 2.0011 - accuracy: 0.3022
92/98 [===========================>..] - ETA: 0s - loss: 1.9994 - accuracy: 0.3027
93/98 [===========================>..] - ETA: 0s - loss: 1.9993 - accuracy: 0.3027
94/98 [===========================>..] - ETA: 0s - loss: 1.9990 - accuracy: 0.3030
95/98 [============================>.] - ETA: 0s - loss: 1.9986 - accuracy: 0.3033
96/98 [============================>.] - ETA: 0s - loss: 1.9973 - accuracy: 0.3038
97/98 [============================>.] - ETA: 0s - loss: 1.9952 - accuracy: 0.3044
98/98 [==============================] - ETA: 0s - loss: 1.9947 - accuracy: 0.3044
98/98 [==============================] - 13s 137ms/step - loss: 1.9947 - accuracy: 0.3044 - val_loss: 2.3823 - val_accuracy: 0.1775
Epoch 3/63

 1/98 [..............................] - ETA: 10s - loss: 1.8692 - accuracy: 0.3418
 2/98 [..............................] - ETA: 7s - loss: 1.9230 - accuracy: 0.3340 
 3/98 [..............................] - ETA: 8s - loss: 1.9106 - accuracy: 0.3411
 4/98 [>.............................] - ETA: 8s - loss: 1.9004 - accuracy: 0.3364
 5/98 [>.............................] - ETA: 8s - loss: 1.8885 - accuracy: 0.3379
 6/98 [>.............................] - ETA: 8s - loss: 1.8798 - accuracy: 0.3421
 7/98 [=>............................] - ETA: 8s - loss: 1.8859 - accuracy: 0.3396
 8/98 [=>............................] - ETA: 7s - loss: 1.8979 - accuracy: 0.3350
 9/98 [=>............................] - ETA: 7s - loss: 1.8866 - accuracy: 0.3379
10/98 [==>...........................] - ETA: 8s - loss: 1.8881 - accuracy: 0.3383
11/98 [==>...........................] - ETA: 8s - loss: 1.8815 - accuracy: 0.3402
12/98 [==>...........................] - ETA: 8s - loss: 1.8858 - accuracy: 0.3387
13/98 [==>...........................] - ETA: 8s - loss: 1.8899 - accuracy: 0.3376
14/98 [===>..........................] - ETA: 8s - loss: 1.8873 - accuracy: 0.3390
15/98 [===>..........................] - ETA: 8s - loss: 1.8926 - accuracy: 0.3384
16/98 [===>..........................] - ETA: 8s - loss: 1.8924 - accuracy: 0.3362
17/98 [====>.........................] - ETA: 8s - loss: 1.8955 - accuracy: 0.3352
18/98 [====>.........................] - ETA: 8s - loss: 1.8950 - accuracy: 0.3358
19/98 [====>.........................] - ETA: 8s - loss: 1.8937 - accuracy: 0.3363
20/98 [=====>........................] - ETA: 8s - loss: 1.8927 - accuracy: 0.3359
21/98 [=====>........................] - ETA: 8s - loss: 1.8918 - accuracy: 0.3360
22/98 [=====>........................] - ETA: 8s - loss: 1.8885 - accuracy: 0.3362
23/98 [======>.......................] - ETA: 8s - loss: 1.8894 - accuracy: 0.3358
24/98 [======>.......................] - ETA: 8s - loss: 1.8913 - accuracy: 0.3343
25/98 [======>.......................] - ETA: 8s - loss: 1.8909 - accuracy: 0.3345
26/98 [======>.......................] - ETA: 8s - loss: 1.8919 - accuracy: 0.3347
27/98 [=======>......................] - ETA: 8s - loss: 1.8907 - accuracy: 0.3361
28/98 [=======>......................] - ETA: 8s - loss: 1.8910 - accuracy: 0.3357
29/98 [=======>......................] - ETA: 8s - loss: 1.8880 - accuracy: 0.3381
30/98 [========>.....................] - ETA: 8s - loss: 1.8859 - accuracy: 0.3383
31/98 [========>.....................] - ETA: 8s - loss: 1.8852 - accuracy: 0.3383
32/98 [========>.....................] - ETA: 8s - loss: 1.8852 - accuracy: 0.3381
33/98 [=========>....................] - ETA: 7s - loss: 1.8836 - accuracy: 0.3384
34/98 [=========>....................] - ETA: 7s - loss: 1.8837 - accuracy: 0.3385
35/98 [=========>....................] - ETA: 7s - loss: 1.8818 - accuracy: 0.3392
36/98 [==========>...................] - ETA: 7s - loss: 1.8825 - accuracy: 0.3381
37/98 [==========>...................] - ETA: 7s - loss: 1.8800 - accuracy: 0.3394
38/98 [==========>...................] - ETA: 7s - loss: 1.8779 - accuracy: 0.3396
39/98 [==========>...................] - ETA: 7s - loss: 1.8767 - accuracy: 0.3390
40/98 [===========>..................] - ETA: 7s - loss: 1.8781 - accuracy: 0.3383
41/98 [===========>..................] - ETA: 7s - loss: 1.8754 - accuracy: 0.3389
42/98 [===========>..................] - ETA: 7s - loss: 1.8741 - accuracy: 0.3398
43/98 [============>.................] - ETA: 6s - loss: 1.8731 - accuracy: 0.3405
44/98 [============>.................] - ETA: 6s - loss: 1.8731 - accuracy: 0.3404
45/98 [============>.................] - ETA: 6s - loss: 1.8735 - accuracy: 0.3405
46/98 [=============>................] - ETA: 6s - loss: 1.8733 - accuracy: 0.3412
47/98 [=============>................] - ETA: 6s - loss: 1.8739 - accuracy: 0.3412
48/98 [=============>................] - ETA: 6s - loss: 1.8750 - accuracy: 0.3407
49/98 [==============>...............] - ETA: 6s - loss: 1.8730 - accuracy: 0.3416
50/98 [==============>...............] - ETA: 6s - loss: 1.8715 - accuracy: 0.3418
51/98 [==============>...............] - ETA: 5s - loss: 1.8710 - accuracy: 0.3421
52/98 [==============>...............] - ETA: 5s - loss: 1.8702 - accuracy: 0.3424
53/98 [===============>..............] - ETA: 5s - loss: 1.8705 - accuracy: 0.3421
54/98 [===============>..............] - ETA: 5s - loss: 1.8694 - accuracy: 0.3428
55/98 [===============>..............] - ETA: 5s - loss: 1.8686 - accuracy: 0.3428
56/98 [================>.............] - ETA: 5s - loss: 1.8679 - accuracy: 0.3430
57/98 [================>.............] - ETA: 5s - loss: 1.8662 - accuracy: 0.3440
58/98 [================>.............] - ETA: 5s - loss: 1.8648 - accuracy: 0.3445
59/98 [=================>............] - ETA: 4s - loss: 1.8647 - accuracy: 0.3447
60/98 [=================>............] - ETA: 4s - loss: 1.8645 - accuracy: 0.3448
61/98 [=================>............] - ETA: 4s - loss: 1.8652 - accuracy: 0.3446
62/98 [=================>............] - ETA: 4s - loss: 1.8638 - accuracy: 0.3453
63/98 [==================>...........] - ETA: 4s - loss: 1.8631 - accuracy: 0.3454
64/98 [==================>...........] - ETA: 4s - loss: 1.8643 - accuracy: 0.3452
65/98 [==================>...........] - ETA: 4s - loss: 1.8637 - accuracy: 0.3455
66/98 [===================>..........] - ETA: 4s - loss: 1.8625 - accuracy: 0.3456
67/98 [===================>..........] - ETA: 3s - loss: 1.8630 - accuracy: 0.3456
68/98 [===================>..........] - ETA: 3s - loss: 1.8627 - accuracy: 0.3459
69/98 [====================>.........] - ETA: 3s - loss: 1.8624 - accuracy: 0.3459
70/98 [====================>.........] - ETA: 3s - loss: 1.8617 - accuracy: 0.3463
71/98 [====================>.........] - ETA: 3s - loss: 1.8607 - accuracy: 0.3465
72/98 [=====================>........] - ETA: 3s - loss: 1.8586 - accuracy: 0.3472
73/98 [=====================>........] - ETA: 3s - loss: 1.8584 - accuracy: 0.3475
74/98 [=====================>........] - ETA: 2s - loss: 1.8575 - accuracy: 0.3480
75/98 [=====================>........] - ETA: 2s - loss: 1.8572 - accuracy: 0.3480
76/98 [======================>.......] - ETA: 2s - loss: 1.8560 - accuracy: 0.3486
77/98 [======================>.......] - ETA: 2s - loss: 1.8545 - accuracy: 0.3487
78/98 [======================>.......] - ETA: 2s - loss: 1.8548 - accuracy: 0.3484
79/98 [=======================>......] - ETA: 2s - loss: 1.8539 - accuracy: 0.3487
80/98 [=======================>......] - ETA: 2s - loss: 1.8536 - accuracy: 0.3489
81/98 [=======================>......] - ETA: 2s - loss: 1.8517 - accuracy: 0.3497
82/98 [========================>.....] - ETA: 1s - loss: 1.8502 - accuracy: 0.3499
83/98 [========================>.....] - ETA: 1s - loss: 1.8495 - accuracy: 0.3504
84/98 [========================>.....] - ETA: 1s - loss: 1.8497 - accuracy: 0.3506
85/98 [=========================>....] - ETA: 1s - loss: 1.8491 - accuracy: 0.3507
86/98 [=========================>....] - ETA: 1s - loss: 1.8489 - accuracy: 0.3510
87/98 [=========================>....] - ETA: 1s - loss: 1.8484 - accuracy: 0.3509
88/98 [=========================>....] - ETA: 1s - loss: 1.8472 - accuracy: 0.3514
89/98 [==========================>...] - ETA: 1s - loss: 1.8472 - accuracy: 0.3513
90/98 [==========================>...] - ETA: 0s - loss: 1.8463 - accuracy: 0.3518
91/98 [==========================>...] - ETA: 0s - loss: 1.8453 - accuracy: 0.3522
92/98 [===========================>..] - ETA: 0s - loss: 1.8447 - accuracy: 0.3523
93/98 [===========================>..] - ETA: 0s - loss: 1.8437 - accuracy: 0.3529
94/98 [===========================>..] - ETA: 0s - loss: 1.8432 - accuracy: 0.3528
95/98 [============================>.] - ETA: 0s - loss: 1.8430 - accuracy: 0.3528
96/98 [============================>.] - ETA: 0s - loss: 1.8429 - accuracy: 0.3527
97/98 [============================>.] - ETA: 0s - loss: 1.8426 - accuracy: 0.3531
98/98 [==============================] - ETA: 0s - loss: 1.8425 - accuracy: 0.3532
98/98 [==============================] - 13s 135ms/step - loss: 1.8425 - accuracy: 0.3532 - val_loss: 2.1429 - val_accuracy: 0.2688
Epoch 4/63

 1/98 [..............................] - ETA: 15s - loss: 1.7940 - accuracy: 0.3613
 2/98 [..............................] - ETA: 12s - loss: 1.8060 - accuracy: 0.3633
 3/98 [..............................] - ETA: 12s - loss: 1.8036 - accuracy: 0.3652
 4/98 [>.............................] - ETA: 12s - loss: 1.7904 - accuracy: 0.3667
 5/98 [>.............................] - ETA: 12s - loss: 1.7803 - accuracy: 0.3660
 6/98 [>.............................] - ETA: 12s - loss: 1.7901 - accuracy: 0.3662
 7/98 [=>............................] - ETA: 12s - loss: 1.7805 - accuracy: 0.3700
 8/98 [=>............................] - ETA: 11s - loss: 1.7832 - accuracy: 0.3713
 9/98 [=>............................] - ETA: 11s - loss: 1.7839 - accuracy: 0.3715
10/98 [==>...........................] - ETA: 11s - loss: 1.7838 - accuracy: 0.3709
11/98 [==>...........................] - ETA: 11s - loss: 1.7873 - accuracy: 0.3697
12/98 [==>...........................] - ETA: 11s - loss: 1.7922 - accuracy: 0.3662
13/98 [==>...........................] - ETA: 11s - loss: 1.7946 - accuracy: 0.3634
14/98 [===>..........................] - ETA: 11s - loss: 1.7892 - accuracy: 0.3661
15/98 [===>..........................] - ETA: 11s - loss: 1.7872 - accuracy: 0.3684
16/98 [===>..........................] - ETA: 10s - loss: 1.7895 - accuracy: 0.3677
17/98 [====>.........................] - ETA: 10s - loss: 1.7860 - accuracy: 0.3695
18/98 [====>.........................] - ETA: 10s - loss: 1.7877 - accuracy: 0.3698
19/98 [====>.........................] - ETA: 10s - loss: 1.7818 - accuracy: 0.3714
20/98 [=====>........................] - ETA: 10s - loss: 1.7848 - accuracy: 0.3705
21/98 [=====>........................] - ETA: 10s - loss: 1.7853 - accuracy: 0.3710
22/98 [=====>........................] - ETA: 10s - loss: 1.7861 - accuracy: 0.3729
23/98 [======>.......................] - ETA: 9s - loss: 1.7830 - accuracy: 0.3737 
24/98 [======>.......................] - ETA: 9s - loss: 1.7816 - accuracy: 0.3740
25/98 [======>.......................] - ETA: 9s - loss: 1.7832 - accuracy: 0.3737
26/98 [======>.......................] - ETA: 9s - loss: 1.7833 - accuracy: 0.3742
27/98 [=======>......................] - ETA: 8s - loss: 1.7819 - accuracy: 0.3743
28/98 [=======>......................] - ETA: 8s - loss: 1.7818 - accuracy: 0.3747
29/98 [=======>......................] - ETA: 8s - loss: 1.7845 - accuracy: 0.3728
30/98 [========>.....................] - ETA: 8s - loss: 1.7826 - accuracy: 0.3743
31/98 [========>.....................] - ETA: 8s - loss: 1.7786 - accuracy: 0.3758
32/98 [========>.....................] - ETA: 7s - loss: 1.7774 - accuracy: 0.3751
33/98 [=========>....................] - ETA: 7s - loss: 1.7744 - accuracy: 0.3754
34/98 [=========>....................] - ETA: 7s - loss: 1.7738 - accuracy: 0.3747
35/98 [=========>....................] - ETA: 7s - loss: 1.7716 - accuracy: 0.3749
36/98 [==========>...................] - ETA: 7s - loss: 1.7722 - accuracy: 0.3748
37/98 [==========>...................] - ETA: 6s - loss: 1.7728 - accuracy: 0.3757
38/98 [==========>...................] - ETA: 6s - loss: 1.7732 - accuracy: 0.3754
39/98 [==========>...................] - ETA: 6s - loss: 1.7698 - accuracy: 0.3766
40/98 [===========>..................] - ETA: 6s - loss: 1.7705 - accuracy: 0.3761
41/98 [===========>..................] - ETA: 6s - loss: 1.7688 - accuracy: 0.3765
42/98 [===========>..................] - ETA: 6s - loss: 1.7679 - accuracy: 0.3769
43/98 [============>.................] - ETA: 6s - loss: 1.7653 - accuracy: 0.3777
44/98 [============>.................] - ETA: 6s - loss: 1.7651 - accuracy: 0.3776
45/98 [============>.................] - ETA: 6s - loss: 1.7631 - accuracy: 0.3783
46/98 [=============>................] - ETA: 5s - loss: 1.7642 - accuracy: 0.3788
47/98 [=============>................] - ETA: 5s - loss: 1.7647 - accuracy: 0.3784
48/98 [=============>................] - ETA: 5s - loss: 1.7633 - accuracy: 0.3789
49/98 [==============>...............] - ETA: 5s - loss: 1.7637 - accuracy: 0.3789
50/98 [==============>...............] - ETA: 5s - loss: 1.7633 - accuracy: 0.3793
51/98 [==============>...............] - ETA: 5s - loss: 1.7641 - accuracy: 0.3792
52/98 [==============>...............] - ETA: 5s - loss: 1.7641 - accuracy: 0.3791
53/98 [===============>..............] - ETA: 5s - loss: 1.7648 - accuracy: 0.3794
54/98 [===============>..............] - ETA: 5s - loss: 1.7649 - accuracy: 0.3791
55/98 [===============>..............] - ETA: 5s - loss: 1.7652 - accuracy: 0.3787
56/98 [================>.............] - ETA: 4s - loss: 1.7641 - accuracy: 0.3793
57/98 [================>.............] - ETA: 4s - loss: 1.7632 - accuracy: 0.3794
58/98 [================>.............] - ETA: 4s - loss: 1.7629 - accuracy: 0.3798
59/98 [=================>............] - ETA: 4s - loss: 1.7632 - accuracy: 0.3795
60/98 [=================>............] - ETA: 4s - loss: 1.7627 - accuracy: 0.3795
61/98 [=================>............] - ETA: 4s - loss: 1.7648 - accuracy: 0.3788
62/98 [=================>............] - ETA: 4s - loss: 1.7643 - accuracy: 0.3789
63/98 [==================>...........] - ETA: 4s - loss: 1.7624 - accuracy: 0.3794
64/98 [==================>...........] - ETA: 4s - loss: 1.7619 - accuracy: 0.3799
65/98 [==================>...........] - ETA: 3s - loss: 1.7610 - accuracy: 0.3803
66/98 [===================>..........] - ETA: 3s - loss: 1.7600 - accuracy: 0.3804
67/98 [===================>..........] - ETA: 3s - loss: 1.7599 - accuracy: 0.3803
68/98 [===================>..........] - ETA: 3s - loss: 1.7601 - accuracy: 0.3802
69/98 [====================>.........] - ETA: 3s - loss: 1.7598 - accuracy: 0.3806
70/98 [====================>.........] - ETA: 3s - loss: 1.7600 - accuracy: 0.3802
71/98 [====================>.........] - ETA: 3s - loss: 1.7603 - accuracy: 0.3803
72/98 [=====================>........] - ETA: 3s - loss: 1.7596 - accuracy: 0.3803
73/98 [=====================>........] - ETA: 3s - loss: 1.7588 - accuracy: 0.3807
74/98 [=====================>........] - ETA: 2s - loss: 1.7591 - accuracy: 0.3802
75/98 [=====================>........] - ETA: 2s - loss: 1.7595 - accuracy: 0.3798
76/98 [======================>.......] - ETA: 2s - loss: 1.7588 - accuracy: 0.3800
77/98 [======================>.......] - ETA: 2s - loss: 1.7586 - accuracy: 0.3798
78/98 [======================>.......] - ETA: 2s - loss: 1.7585 - accuracy: 0.3796
79/98 [=======================>......] - ETA: 2s - loss: 1.7588 - accuracy: 0.3793
80/98 [=======================>......] - ETA: 2s - loss: 1.7582 - accuracy: 0.3796
81/98 [=======================>......] - ETA: 2s - loss: 1.7577 - accuracy: 0.3795
82/98 [========================>.....] - ETA: 1s - loss: 1.7580 - accuracy: 0.3791
83/98 [========================>.....] - ETA: 1s - loss: 1.7569 - accuracy: 0.3794
84/98 [========================>.....] - ETA: 1s - loss: 1.7566 - accuracy: 0.3794
85/98 [=========================>....] - ETA: 1s - loss: 1.7564 - accuracy: 0.3795
86/98 [=========================>....] - ETA: 1s - loss: 1.7562 - accuracy: 0.3795
87/98 [=========================>....] - ETA: 1s - loss: 1.7555 - accuracy: 0.3798
88/98 [=========================>....] - ETA: 1s - loss: 1.7551 - accuracy: 0.3799
89/98 [==========================>...] - ETA: 1s - loss: 1.7539 - accuracy: 0.3803
90/98 [==========================>...] - ETA: 0s - loss: 1.7538 - accuracy: 0.3805
91/98 [==========================>...] - ETA: 0s - loss: 1.7537 - accuracy: 0.3806
92/98 [===========================>..] - ETA: 0s - loss: 1.7531 - accuracy: 0.3808
93/98 [===========================>..] - ETA: 0s - loss: 1.7527 - accuracy: 0.3810
94/98 [===========================>..] - ETA: 0s - loss: 1.7518 - accuracy: 0.3817
95/98 [============================>.] - ETA: 0s - loss: 1.7522 - accuracy: 0.3815
96/98 [============================>.] - ETA: 0s - loss: 1.7517 - accuracy: 0.3818
97/98 [============================>.] - ETA: 0s - loss: 1.7515 - accuracy: 0.3821
98/98 [==============================] - ETA: 0s - loss: 1.7521 - accuracy: 0.3818
98/98 [==============================] - 13s 133ms/step - loss: 1.7521 - accuracy: 0.3818 - val_loss: 1.9179 - val_accuracy: 0.3032
Epoch 5/63

 1/98 [..............................] - ETA: 14s - loss: 1.7661 - accuracy: 0.4062
 2/98 [..............................] - ETA: 13s - loss: 1.7495 - accuracy: 0.4043
 3/98 [..............................] - ETA: 12s - loss: 1.7640 - accuracy: 0.3906
 4/98 [>.............................] - ETA: 12s - loss: 1.7541 - accuracy: 0.3892
 5/98 [>.............................] - ETA: 12s - loss: 1.7199 - accuracy: 0.3965
 6/98 [>.............................] - ETA: 12s - loss: 1.7141 - accuracy: 0.3965
 7/98 [=>............................] - ETA: 12s - loss: 1.7087 - accuracy: 0.3945
 8/98 [=>............................] - ETA: 12s - loss: 1.7026 - accuracy: 0.3955
 9/98 [=>............................] - ETA: 11s - loss: 1.7061 - accuracy: 0.3947
10/98 [==>...........................] - ETA: 11s - loss: 1.7026 - accuracy: 0.3967
11/98 [==>...........................] - ETA: 11s - loss: 1.7068 - accuracy: 0.3965
12/98 [==>...........................] - ETA: 11s - loss: 1.7048 - accuracy: 0.3971
13/98 [==>...........................] - ETA: 11s - loss: 1.6988 - accuracy: 0.3957
14/98 [===>..........................] - ETA: 11s - loss: 1.7010 - accuracy: 0.3969
15/98 [===>..........................] - ETA: 11s - loss: 1.6994 - accuracy: 0.3960
16/98 [===>..........................] - ETA: 11s - loss: 1.7010 - accuracy: 0.3958
17/98 [====>.........................] - ETA: 10s - loss: 1.6963 - accuracy: 0.3976
18/98 [====>.........................] - ETA: 10s - loss: 1.6949 - accuracy: 0.3997
19/98 [====>.........................] - ETA: 10s - loss: 1.6935 - accuracy: 0.4007
20/98 [=====>........................] - ETA: 10s - loss: 1.6977 - accuracy: 0.3996
21/98 [=====>........................] - ETA: 10s - loss: 1.6984 - accuracy: 0.3997
22/98 [=====>........................] - ETA: 10s - loss: 1.6955 - accuracy: 0.4011
23/98 [======>.......................] - ETA: 10s - loss: 1.6950 - accuracy: 0.4012
24/98 [======>.......................] - ETA: 9s - loss: 1.6948 - accuracy: 0.4006 
25/98 [======>.......................] - ETA: 9s - loss: 1.6906 - accuracy: 0.4018
26/98 [======>.......................] - ETA: 9s - loss: 1.6915 - accuracy: 0.4014
27/98 [=======>......................] - ETA: 9s - loss: 1.6916 - accuracy: 0.4018
28/98 [=======>......................] - ETA: 9s - loss: 1.6923 - accuracy: 0.4021
29/98 [=======>......................] - ETA: 9s - loss: 1.6875 - accuracy: 0.4040
30/98 [========>.....................] - ETA: 9s - loss: 1.6892 - accuracy: 0.4026
31/98 [========>.....................] - ETA: 9s - loss: 1.6887 - accuracy: 0.4028
32/98 [========>.....................] - ETA: 8s - loss: 1.6890 - accuracy: 0.4025
33/98 [=========>....................] - ETA: 8s - loss: 1.6879 - accuracy: 0.4025
34/98 [=========>....................] - ETA: 8s - loss: 1.6875 - accuracy: 0.4020
35/98 [=========>....................] - ETA: 8s - loss: 1.6888 - accuracy: 0.4024
