2024-07-27 09:51:56.644878: I tensorflow/core/platform/cpu_feature_guard.cc:193] This TensorFlow binary is optimized with oneAPI Deep Neural Network Library (oneDNN) to use the following CPU instructions in performance-critical operations:  AVX AVX2
To enable them in other operations, rebuild TensorFlow with the appropriate compiler flags.
2024-07-27 09:51:57.146754: I tensorflow/core/common_runtime/gpu/gpu_device.cc:1616] Created device /job:localhost/replica:0/task:0/device:GPU:0 with 6656 MB memory:  -> device: 0, name: NVIDIA GeForce RTX 4060 Ti, pci bus id: 0000:01:00.0, compute capability: 8.9
1 Physical GPUs, 1 Logical GPUs
Model: "sequential"
_________________________________________________________________
 Layer (type)                Output Shape              Param #   
=================================================================
 conv2d (Conv2D)             (None, 32, 32, 32)        896       
                                                                 
 dropout (Dropout)           (None, 32, 32, 32)        0         
                                                                 
 flatten (Flatten)           (None, 32768)             0         
                                                                 
 dense (Dense)               (None, 10)                327690    
                                                                 
=================================================================
Total params: 328,586
Trainable params: 328,586
Non-trainable params: 0
_________________________________________________________________
Taxa de aprendizado:  0.0001 Num de épocas:  242 Tamanho do lote:  512 Dropout:  0.07
Epoch 1/242
2024-07-27 09:51:58.402421: I tensorflow/stream_executor/cuda/cuda_dnn.cc:384] Loaded cuDNN version 8100
2024-07-27 09:51:59.198185: W tensorflow/stream_executor/gpu/redzone_allocator.cc:314] INTERNAL: ptxas exited with non-zero error code -1, output: 
Relying on driver to perform ptx compilation. 
Modify $PATH to customize ptxas location.
This message will be only logged once.
2024-07-27 09:51:59.906737: I tensorflow/stream_executor/cuda/cuda_blas.cc:1614] TensorFloat-32 will be used for the matrix multiplication. This will only be logged once.

 1/98 [..............................] - ETA: 4:18 - loss: 2.3313 - accuracy: 0.1035
 6/98 [>.............................] - ETA: 1s - loss: 2.3092 - accuracy: 0.1094  
11/98 [==>...........................] - ETA: 1s - loss: 2.2851 - accuracy: 0.1360
16/98 [===>..........................] - ETA: 1s - loss: 2.2628 - accuracy: 0.1576
22/98 [=====>........................] - ETA: 0s - loss: 2.2365 - accuracy: 0.1791
27/98 [=======>......................] - ETA: 0s - loss: 2.2163 - accuracy: 0.1941
32/98 [========>.....................] - ETA: 0s - loss: 2.1964 - accuracy: 0.2076
38/98 [==========>...................] - ETA: 0s - loss: 2.1746 - accuracy: 0.2209
43/98 [============>.................] - ETA: 0s - loss: 2.1557 - accuracy: 0.2311
49/98 [==============>...............] - ETA: 0s - loss: 2.1358 - accuracy: 0.2414
54/98 [===============>..............] - ETA: 0s - loss: 2.1214 - accuracy: 0.2496
60/98 [=================>............] - ETA: 0s - loss: 2.1054 - accuracy: 0.2559
65/98 [==================>...........] - ETA: 0s - loss: 2.0906 - accuracy: 0.2625
70/98 [====================>.........] - ETA: 0s - loss: 2.0768 - accuracy: 0.2682
75/98 [=====================>........] - ETA: 0s - loss: 2.0633 - accuracy: 0.2752
80/98 [=======================>......] - ETA: 0s - loss: 2.0514 - accuracy: 0.2805
85/98 [=========================>....] - ETA: 0s - loss: 2.0378 - accuracy: 0.2862
90/98 [==========================>...] - ETA: 0s - loss: 2.0258 - accuracy: 0.2914
93/98 [===========================>..] - ETA: 0s - loss: 2.0214 - accuracy: 0.2935
98/98 [==============================] - ETA: 0s - loss: 2.0111 - accuracy: 0.2976
98/98 [==============================] - 5s 22ms/step - loss: 2.0111 - accuracy: 0.2976 - val_loss: 1.8122 - val_accuracy: 0.3787
Epoch 2/242

 1/98 [..............................] - ETA: 3s - loss: 1.8230 - accuracy: 0.3555
 6/98 [>.............................] - ETA: 1s - loss: 1.8058 - accuracy: 0.3802
 9/98 [=>............................] - ETA: 1s - loss: 1.8021 - accuracy: 0.3839
14/98 [===>..........................] - ETA: 1s - loss: 1.7963 - accuracy: 0.3827
19/98 [====>.........................] - ETA: 1s - loss: 1.7955 - accuracy: 0.3841
24/98 [======>.......................] - ETA: 0s - loss: 1.7905 - accuracy: 0.3849
29/98 [=======>......................] - ETA: 0s - loss: 1.7865 - accuracy: 0.3871
35/98 [=========>....................] - ETA: 0s - loss: 1.7769 - accuracy: 0.3906
40/98 [===========>..................] - ETA: 0s - loss: 1.7777 - accuracy: 0.3900
45/98 [============>.................] - ETA: 0s - loss: 1.7726 - accuracy: 0.3910
50/98 [==============>...............] - ETA: 0s - loss: 1.7675 - accuracy: 0.3927
56/98 [================>.............] - ETA: 0s - loss: 1.7606 - accuracy: 0.3952
61/98 [=================>............] - ETA: 0s - loss: 1.7557 - accuracy: 0.3973
66/98 [===================>..........] - ETA: 0s - loss: 1.7522 - accuracy: 0.3993
71/98 [====================>.........] - ETA: 0s - loss: 1.7480 - accuracy: 0.4012
76/98 [======================>.......] - ETA: 0s - loss: 1.7449 - accuracy: 0.4026
82/98 [========================>.....] - ETA: 0s - loss: 1.7427 - accuracy: 0.4039
87/98 [=========================>....] - ETA: 0s - loss: 1.7380 - accuracy: 0.4055
92/98 [===========================>..] - ETA: 0s - loss: 1.7348 - accuracy: 0.4066
98/98 [==============================] - ETA: 0s - loss: 1.7313 - accuracy: 0.4072
98/98 [==============================] - 2s 18ms/step - loss: 1.7313 - accuracy: 0.4072 - val_loss: 1.6701 - val_accuracy: 0.4317
Epoch 3/242

 1/98 [..............................] - ETA: 3s - loss: 1.6903 - accuracy: 0.4453
 6/98 [>.............................] - ETA: 1s - loss: 1.6543 - accuracy: 0.4391
11/98 [==>...........................] - ETA: 1s - loss: 1.6623 - accuracy: 0.4377
16/98 [===>..........................] - ETA: 1s - loss: 1.6545 - accuracy: 0.4420
21/98 [=====>........................] - ETA: 0s - loss: 1.6533 - accuracy: 0.4407
26/98 [======>.......................] - ETA: 0s - loss: 1.6516 - accuracy: 0.4398
31/98 [========>.....................] - ETA: 0s - loss: 1.6521 - accuracy: 0.4395
36/98 [==========>...................] - ETA: 0s - loss: 1.6536 - accuracy: 0.4376
41/98 [===========>..................] - ETA: 0s - loss: 1.6510 - accuracy: 0.4385
47/98 [=============>................] - ETA: 0s - loss: 1.6471 - accuracy: 0.4392
52/98 [==============>...............] - ETA: 0s - loss: 1.6448 - accuracy: 0.4393
57/98 [================>.............] - ETA: 0s - loss: 1.6440 - accuracy: 0.4384
62/98 [=================>............] - ETA: 0s - loss: 1.6402 - accuracy: 0.4383
67/98 [===================>..........] - ETA: 0s - loss: 1.6391 - accuracy: 0.4381
73/98 [=====================>........] - ETA: 0s - loss: 1.6380 - accuracy: 0.4384
78/98 [======================>.......] - ETA: 0s - loss: 1.6384 - accuracy: 0.4384
84/98 [========================>.....] - ETA: 0s - loss: 1.6377 - accuracy: 0.4389
88/98 [=========================>....] - ETA: 0s - loss: 1.6361 - accuracy: 0.4393
93/98 [===========================>..] - ETA: 0s - loss: 1.6354 - accuracy: 0.4396
97/98 [============================>.] - ETA: 0s - loss: 1.6348 - accuracy: 0.4390
98/98 [==============================] - 2s 17ms/step - loss: 1.6345 - accuracy: 0.4390 - val_loss: 1.6028 - val_accuracy: 0.4525
Epoch 4/242

 1/98 [..............................] - ETA: 1s - loss: 1.5843 - accuracy: 0.4766
 6/98 [>.............................] - ETA: 1s - loss: 1.6085 - accuracy: 0.4538
11/98 [==>...........................] - ETA: 1s - loss: 1.5992 - accuracy: 0.4513
16/98 [===>..........................] - ETA: 1s - loss: 1.5965 - accuracy: 0.4531
21/98 [=====>........................] - ETA: 0s - loss: 1.5960 - accuracy: 0.4542
27/98 [=======>......................] - ETA: 0s - loss: 1.5867 - accuracy: 0.4562
32/98 [========>.....................] - ETA: 0s - loss: 1.5886 - accuracy: 0.4553
37/98 [==========>...................] - ETA: 0s - loss: 1.5908 - accuracy: 0.4564
42/98 [===========>..................] - ETA: 0s - loss: 1.5879 - accuracy: 0.4561
47/98 [=============>................] - ETA: 0s - loss: 1.5858 - accuracy: 0.4577
52/98 [==============>...............] - ETA: 0s - loss: 1.5847 - accuracy: 0.4592
58/98 [================>.............] - ETA: 0s - loss: 1.5833 - accuracy: 0.4592
63/98 [==================>...........] - ETA: 0s - loss: 1.5822 - accuracy: 0.4589
68/98 [===================>..........] - ETA: 0s - loss: 1.5808 - accuracy: 0.4595
73/98 [=====================>........] - ETA: 0s - loss: 1.5790 - accuracy: 0.4603
78/98 [======================>.......] - ETA: 0s - loss: 1.5775 - accuracy: 0.4614
82/98 [========================>.....] - ETA: 0s - loss: 1.5766 - accuracy: 0.4616
87/98 [=========================>....] - ETA: 0s - loss: 1.5742 - accuracy: 0.4625
93/98 [===========================>..] - ETA: 0s - loss: 1.5703 - accuracy: 0.4636
98/98 [==============================] - ETA: 0s - loss: 1.5688 - accuracy: 0.4644
98/98 [==============================] - 2s 17ms/step - loss: 1.5688 - accuracy: 0.4644 - val_loss: 1.5504 - val_accuracy: 0.4721
Epoch 5/242

 1/98 [..............................] - ETA: 3s - loss: 1.5227 - accuracy: 0.4746
 7/98 [=>............................] - ETA: 0s - loss: 1.5377 - accuracy: 0.4735
12/98 [==>...........................] - ETA: 0s - loss: 1.5355 - accuracy: 0.4712
17/98 [====>.........................] - ETA: 0s - loss: 1.5310 - accuracy: 0.4723
22/98 [=====>........................] - ETA: 0s - loss: 1.5307 - accuracy: 0.4745
27/98 [=======>......................] - ETA: 0s - loss: 1.5290 - accuracy: 0.4758
33/98 [=========>....................] - ETA: 0s - loss: 1.5325 - accuracy: 0.4752
38/98 [==========>...................] - ETA: 0s - loss: 1.5321 - accuracy: 0.4753
42/98 [===========>..................] - ETA: 0s - loss: 1.5302 - accuracy: 0.4764
47/98 [=============>................] - ETA: 0s - loss: 1.5299 - accuracy: 0.4772
52/98 [==============>...............] - ETA: 0s - loss: 1.5290 - accuracy: 0.4783
57/98 [================>.............] - ETA: 0s - loss: 1.5274 - accuracy: 0.4793
63/98 [==================>...........] - ETA: 0s - loss: 1.5243 - accuracy: 0.4805
68/98 [===================>..........] - ETA: 0s - loss: 1.5237 - accuracy: 0.4798
73/98 [=====================>........] - ETA: 0s - loss: 1.5236 - accuracy: 0.4795
78/98 [======================>.......] - ETA: 0s - loss: 1.5238 - accuracy: 0.4790
83/98 [========================>.....] - ETA: 0s - loss: 1.5229 - accuracy: 0.4794
88/98 [=========================>....] - ETA: 0s - loss: 1.5227 - accuracy: 0.4792
94/98 [===========================>..] - ETA: 0s - loss: 1.5206 - accuracy: 0.4808
98/98 [==============================] - 2s 18ms/step - loss: 1.5183 - accuracy: 0.4814 - val_loss: 1.5128 - val_accuracy: 0.4763
Epoch 6/242

 1/98 [..............................] - ETA: 1s - loss: 1.4932 - accuracy: 0.4941
 6/98 [>.............................] - ETA: 1s - loss: 1.5030 - accuracy: 0.4727
11/98 [==>...........................] - ETA: 1s - loss: 1.4924 - accuracy: 0.4854
16/98 [===>..........................] - ETA: 1s - loss: 1.4956 - accuracy: 0.4865
21/98 [=====>........................] - ETA: 0s - loss: 1.4967 - accuracy: 0.4870
26/98 [======>.......................] - ETA: 0s - loss: 1.4953 - accuracy: 0.4878
30/98 [========>.....................] - ETA: 0s - loss: 1.4939 - accuracy: 0.4892
35/98 [=========>....................] - ETA: 0s - loss: 1.4924 - accuracy: 0.4895
41/98 [===========>..................] - ETA: 0s - loss: 1.4935 - accuracy: 0.4889
45/98 [============>.................] - ETA: 0s - loss: 1.4893 - accuracy: 0.4918
51/98 [==============>...............] - ETA: 0s - loss: 1.4861 - accuracy: 0.4932
56/98 [================>.............] - ETA: 0s - loss: 1.4864 - accuracy: 0.4923
60/98 [=================>............] - ETA: 0s - loss: 1.4879 - accuracy: 0.4908
65/98 [==================>...........] - ETA: 0s - loss: 1.4874 - accuracy: 0.4912
70/98 [====================>.........] - ETA: 0s - loss: 1.4870 - accuracy: 0.4912
75/98 [=====================>........] - ETA: 0s - loss: 1.4851 - accuracy: 0.4921
80/98 [=======================>......] - ETA: 0s - loss: 1.4845 - accuracy: 0.4924
85/98 [=========================>....] - ETA: 0s - loss: 1.4835 - accuracy: 0.4933
89/98 [==========================>...] - ETA: 0s - loss: 1.4810 - accuracy: 0.4941
94/98 [===========================>..] - ETA: 0s - loss: 1.4786 - accuracy: 0.4953
98/98 [==============================] - 2s 17ms/step - loss: 1.4779 - accuracy: 0.4952 - val_loss: 1.4800 - val_accuracy: 0.4893
Epoch 7/242

 1/98 [..............................] - ETA: 3s - loss: 1.4524 - accuracy: 0.4902
 7/98 [=>............................] - ETA: 0s - loss: 1.4524 - accuracy: 0.5084
11/98 [==>...........................] - ETA: 1s - loss: 1.4362 - accuracy: 0.5099
16/98 [===>..........................] - ETA: 0s - loss: 1.4434 - accuracy: 0.5062
20/98 [=====>........................] - ETA: 0s - loss: 1.4501 - accuracy: 0.5049
24/98 [======>.......................] - ETA: 0s - loss: 1.4457 - accuracy: 0.5083
29/98 [=======>......................] - ETA: 0s - loss: 1.4447 - accuracy: 0.5080
33/98 [=========>....................] - ETA: 0s - loss: 1.4429 - accuracy: 0.5085
38/98 [==========>...................] - ETA: 0s - loss: 1.4452 - accuracy: 0.5069
43/98 [============>.................] - ETA: 0s - loss: 1.4439 - accuracy: 0.5075
48/98 [=============>................] - ETA: 0s - loss: 1.4415 - accuracy: 0.5069
53/98 [===============>..............] - ETA: 0s - loss: 1.4418 - accuracy: 0.5075
57/98 [================>.............] - ETA: 0s - loss: 1.4426 - accuracy: 0.5064
62/98 [=================>............] - ETA: 0s - loss: 1.4443 - accuracy: 0.5061
67/98 [===================>..........] - ETA: 0s - loss: 1.4443 - accuracy: 0.5057
72/98 [=====================>........] - ETA: 0s - loss: 1.4476 - accuracy: 0.5049
78/98 [======================>.......] - ETA: 0s - loss: 1.4457 - accuracy: 0.5053
83/98 [========================>.....] - ETA: 0s - loss: 1.4451 - accuracy: 0.5055
88/98 [=========================>....] - ETA: 0s - loss: 1.4462 - accuracy: 0.5050
93/98 [===========================>..] - ETA: 0s - loss: 1.4457 - accuracy: 0.5053
98/98 [==============================] - ETA: 0s - loss: 1.4444 - accuracy: 0.5053
98/98 [==============================] - 2s 17ms/step - loss: 1.4444 - accuracy: 0.5053 - val_loss: 1.4486 - val_accuracy: 0.5032
Epoch 8/242

 1/98 [..............................] - ETA: 3s - loss: 1.4278 - accuracy: 0.5215
 6/98 [>.............................] - ETA: 1s - loss: 1.4081 - accuracy: 0.5270
10/98 [==>...........................] - ETA: 1s - loss: 1.4047 - accuracy: 0.5262
15/98 [===>..........................] - ETA: 0s - loss: 1.4109 - accuracy: 0.5228
20/98 [=====>........................] - ETA: 0s - loss: 1.4126 - accuracy: 0.5193
25/98 [======>.......................] - ETA: 0s - loss: 1.4153 - accuracy: 0.5201
30/98 [========>.....................] - ETA: 0s - loss: 1.4184 - accuracy: 0.5160
35/98 [=========>....................] - ETA: 0s - loss: 1.4158 - accuracy: 0.5170
40/98 [===========>..................] - ETA: 0s - loss: 1.4131 - accuracy: 0.5194
45/98 [============>.................] - ETA: 0s - loss: 1.4103 - accuracy: 0.5182
49/98 [==============>...............] - ETA: 0s - loss: 1.4107 - accuracy: 0.5185
54/98 [===============>..............] - ETA: 0s - loss: 1.4118 - accuracy: 0.5176
58/98 [================>.............] - ETA: 0s - loss: 1.4115 - accuracy: 0.5175
63/98 [==================>...........] - ETA: 0s - loss: 1.4132 - accuracy: 0.5171
68/98 [===================>..........] - ETA: 0s - loss: 1.4137 - accuracy: 0.5173
73/98 [=====================>........] - ETA: 0s - loss: 1.4161 - accuracy: 0.5168
79/98 [=======================>......] - ETA: 0s - loss: 1.4178 - accuracy: 0.5159
83/98 [========================>.....] - ETA: 0s - loss: 1.4178 - accuracy: 0.5150
88/98 [=========================>....] - ETA: 0s - loss: 1.4178 - accuracy: 0.5149
93/98 [===========================>..] - ETA: 0s - loss: 1.4180 - accuracy: 0.5145
98/98 [==============================] - 2s 17ms/step - loss: 1.4179 - accuracy: 0.5147 - val_loss: 1.4371 - val_accuracy: 0.5034
Epoch 9/242

 1/98 [..............................] - ETA: 3s - loss: 1.4532 - accuracy: 0.5391
 6/98 [>.............................] - ETA: 1s - loss: 1.4078 - accuracy: 0.5303
11/98 [==>...........................] - ETA: 1s - loss: 1.4042 - accuracy: 0.5257
16/98 [===>..........................] - ETA: 0s - loss: 1.4043 - accuracy: 0.5233
20/98 [=====>........................] - ETA: 0s - loss: 1.4051 - accuracy: 0.5237
25/98 [======>.......................] - ETA: 0s - loss: 1.4063 - accuracy: 0.5253
29/98 [=======>......................] - ETA: 0s - loss: 1.4060 - accuracy: 0.5254
34/98 [=========>....................] - ETA: 0s - loss: 1.4032 - accuracy: 0.5263
39/98 [==========>...................] - ETA: 0s - loss: 1.4037 - accuracy: 0.5244
44/98 [============>.................] - ETA: 0s - loss: 1.4015 - accuracy: 0.5253
50/98 [==============>...............] - ETA: 0s - loss: 1.3980 - accuracy: 0.5259
55/98 [===============>..............] - ETA: 0s - loss: 1.3960 - accuracy: 0.5261
59/98 [=================>............] - ETA: 0s - loss: 1.3966 - accuracy: 0.5258
64/98 [==================>...........] - ETA: 0s - loss: 1.3966 - accuracy: 0.5252
69/98 [====================>.........] - ETA: 0s - loss: 1.3960 - accuracy: 0.5250
74/98 [=====================>........] - ETA: 0s - loss: 1.3932 - accuracy: 0.5251
79/98 [=======================>......] - ETA: 0s - loss: 1.3935 - accuracy: 0.5246
83/98 [========================>.....] - ETA: 0s - loss: 1.3941 - accuracy: 0.5241
88/98 [=========================>....] - ETA: 0s - loss: 1.3947 - accuracy: 0.5241
93/98 [===========================>..] - ETA: 0s - loss: 1.3950 - accuracy: 0.5235
97/98 [============================>.] - ETA: 0s - loss: 1.3946 - accuracy: 0.5231
98/98 [==============================] - 2s 17ms/step - loss: 1.3949 - accuracy: 0.5229 - val_loss: 1.4133 - val_accuracy: 0.5109
Epoch 10/242

 1/98 [..............................] - ETA: 2s - loss: 1.3796 - accuracy: 0.5078
 6/98 [>.............................] - ETA: 1s - loss: 1.3625 - accuracy: 0.5355
11/98 [==>...........................] - ETA: 1s - loss: 1.3697 - accuracy: 0.5364
16/98 [===>..........................] - ETA: 0s - loss: 1.3762 - accuracy: 0.5336
20/98 [=====>........................] - ETA: 0s - loss: 1.3746 - accuracy: 0.5351
25/98 [======>.......................] - ETA: 0s - loss: 1.3810 - accuracy: 0.5310
30/98 [========>.....................] - ETA: 0s - loss: 1.3834 - accuracy: 0.5273
35/98 [=========>....................] - ETA: 0s - loss: 1.3826 - accuracy: 0.5276
40/98 [===========>..................] - ETA: 0s - loss: 1.3838 - accuracy: 0.5280
45/98 [============>.................] - ETA: 0s - loss: 1.3873 - accuracy: 0.5256
50/98 [==============>...............] - ETA: 0s - loss: 1.3835 - accuracy: 0.5273
54/98 [===============>..............] - ETA: 0s - loss: 1.3822 - accuracy: 0.5273
60/98 [=================>............] - ETA: 0s - loss: 1.3801 - accuracy: 0.5285
65/98 [==================>...........] - ETA: 0s - loss: 1.3794 - accuracy: 0.5286
69/98 [====================>.........] - ETA: 0s - loss: 1.3797 - accuracy: 0.5286
74/98 [=====================>........] - ETA: 0s - loss: 1.3783 - accuracy: 0.5297
78/98 [======================>.......] - ETA: 0s - loss: 1.3762 - accuracy: 0.5305
84/98 [========================>.....] - ETA: 0s - loss: 1.3747 - accuracy: 0.5309
88/98 [=========================>....] - ETA: 0s - loss: 1.3746 - accuracy: 0.5309
93/98 [===========================>..] - ETA: 0s - loss: 1.3739 - accuracy: 0.5302
97/98 [============================>.] - ETA: 0s - loss: 1.3715 - accuracy: 0.5313
98/98 [==============================] - 2s 17ms/step - loss: 1.3717 - accuracy: 0.5311 - val_loss: 1.3913 - val_accuracy: 0.5197
Epoch 11/242

 1/98 [..............................] - ETA: 2s - loss: 1.3383 - accuracy: 0.5723
 6/98 [>.............................] - ETA: 1s - loss: 1.3416 - accuracy: 0.5439
11/98 [==>...........................] - ETA: 1s - loss: 1.3311 - accuracy: 0.5455
16/98 [===>..........................] - ETA: 1s - loss: 1.3414 - accuracy: 0.5433
21/98 [=====>........................] - ETA: 0s - loss: 1.3494 - accuracy: 0.5392
26/98 [======>.......................] - ETA: 0s - loss: 1.3573 - accuracy: 0.5339
32/98 [========>.....................] - ETA: 0s - loss: 1.3591 - accuracy: 0.5325
37/98 [==========>...................] - ETA: 0s - loss: 1.3581 - accuracy: 0.5330
42/98 [===========>..................] - ETA: 0s - loss: 1.3585 - accuracy: 0.5347
47/98 [=============>................] - ETA: 0s - loss: 1.3569 - accuracy: 0.5352
53/98 [===============>..............] - ETA: 0s - loss: 1.3561 - accuracy: 0.5357
57/98 [================>.............] - ETA: 0s - loss: 1.3566 - accuracy: 0.5357
62/98 [=================>............] - ETA: 0s - loss: 1.3530 - accuracy: 0.5367
67/98 [===================>..........] - ETA: 0s - loss: 1.3539 - accuracy: 0.5361
73/98 [=====================>........] - ETA: 0s - loss: 1.3526 - accuracy: 0.5367
78/98 [======================>.......] - ETA: 0s - loss: 1.3509 - accuracy: 0.5378
83/98 [========================>.....] - ETA: 0s - loss: 1.3521 - accuracy: 0.5376
87/98 [=========================>....] - ETA: 0s - loss: 1.3520 - accuracy: 0.5373
92/98 [===========================>..] - ETA: 0s - loss: 1.3501 - accuracy: 0.5381
97/98 [============================>.] - ETA: 0s - loss: 1.3493 - accuracy: 0.5384
98/98 [==============================] - 2s 17ms/step - loss: 1.3496 - accuracy: 0.5381 - val_loss: 1.3857 - val_accuracy: 0.5208
Epoch 12/242

 1/98 [..............................] - ETA: 2s - loss: 1.3221 - accuracy: 0.5430
 6/98 [>.............................] - ETA: 1s - loss: 1.3319 - accuracy: 0.5459
12/98 [==>...........................] - ETA: 0s - loss: 1.3249 - accuracy: 0.5461
18/98 [====>.........................] - ETA: 0s - loss: 1.3317 - accuracy: 0.5461
23/98 [======>.......................] - ETA: 0s - loss: 1.3272 - accuracy: 0.5485
28/98 [=======>......................] - ETA: 0s - loss: 1.3282 - accuracy: 0.5475
34/98 [=========>....................] - ETA: 0s - loss: 1.3216 - accuracy: 0.5521
39/98 [==========>...................] - ETA: 0s - loss: 1.3221 - accuracy: 0.5513
44/98 [============>.................] - ETA: 0s - loss: 1.3241 - accuracy: 0.5505
49/98 [==============>...............] - ETA: 0s - loss: 1.3258 - accuracy: 0.5496
53/98 [===============>..............] - ETA: 0s - loss: 1.3288 - accuracy: 0.5477
58/98 [================>.............] - ETA: 0s - loss: 1.3303 - accuracy: 0.5469
63/98 [==================>...........] - ETA: 0s - loss: 1.3310 - accuracy: 0.5468
68/98 [===================>..........] - ETA: 0s - loss: 1.3342 - accuracy: 0.5456
74/98 [=====================>........] - ETA: 0s - loss: 1.3340 - accuracy: 0.5448
79/98 [=======================>......] - ETA: 0s - loss: 1.3326 - accuracy: 0.5451
84/98 [========================>.....] - ETA: 0s - loss: 1.3312 - accuracy: 0.5459
88/98 [=========================>....] - ETA: 0s - loss: 1.3300 - accuracy: 0.5464
93/98 [===========================>..] - ETA: 0s - loss: 1.3315 - accuracy: 0.5460
97/98 [============================>.] - ETA: 0s - loss: 1.3328 - accuracy: 0.5454
98/98 [==============================] - 2s 16ms/step - loss: 1.3329 - accuracy: 0.5451 - val_loss: 1.3641 - val_accuracy: 0.5275
Epoch 13/242

 1/98 [..............................] - ETA: 2s - loss: 1.3952 - accuracy: 0.5234
 6/98 [>.............................] - ETA: 1s - loss: 1.3511 - accuracy: 0.5417
11/98 [==>...........................] - ETA: 0s - loss: 1.3326 - accuracy: 0.5508
15/98 [===>..........................] - ETA: 1s - loss: 1.3281 - accuracy: 0.5503
20/98 [=====>........................] - ETA: 0s - loss: 1.3200 - accuracy: 0.5535
25/98 [======>.......................] - ETA: 0s - loss: 1.3199 - accuracy: 0.5527
30/98 [========>.....................] - ETA: 0s - loss: 1.3181 - accuracy: 0.5520
35/98 [=========>....................] - ETA: 0s - loss: 1.3167 - accuracy: 0.5496
39/98 [==========>...................] - ETA: 0s - loss: 1.3160 - accuracy: 0.5512
44/98 [============>.................] - ETA: 0s - loss: 1.3171 - accuracy: 0.5511
48/98 [=============>................] - ETA: 0s - loss: 1.3185 - accuracy: 0.5503
53/98 [===============>..............] - ETA: 0s - loss: 1.3150 - accuracy: 0.5521
58/98 [================>.............] - ETA: 0s - loss: 1.3126 - accuracy: 0.5529
63/98 [==================>...........] - ETA: 0s - loss: 1.3129 - accuracy: 0.5528
68/98 [===================>..........] - ETA: 0s - loss: 1.3135 - accuracy: 0.5521
72/98 [=====================>........] - ETA: 0s - loss: 1.3156 - accuracy: 0.5504
77/98 [======================>.......] - ETA: 0s - loss: 1.3171 - accuracy: 0.5498
82/98 [========================>.....] - ETA: 0s - loss: 1.3180 - accuracy: 0.5491
87/98 [=========================>....] - ETA: 0s - loss: 1.3190 - accuracy: 0.5487
92/98 [===========================>..] - ETA: 0s - loss: 1.3196 - accuracy: 0.5482
97/98 [============================>.] - ETA: 0s - loss: 1.3189 - accuracy: 0.5490
98/98 [==============================] - 2s 17ms/step - loss: 1.3192 - accuracy: 0.5490 - val_loss: 1.3544 - val_accuracy: 0.5301
Epoch 14/242

 1/98 [..............................] - ETA: 2s - loss: 1.3280 - accuracy: 0.5527
 6/98 [>.............................] - ETA: 1s - loss: 1.2545 - accuracy: 0.5771
11/98 [==>...........................] - ETA: 1s - loss: 1.2772 - accuracy: 0.5692
17/98 [====>.........................] - ETA: 0s - loss: 1.2809 - accuracy: 0.5684
21/98 [=====>........................] - ETA: 0s - loss: 1.2791 - accuracy: 0.5686
26/98 [======>.......................] - ETA: 0s - loss: 1.2816 - accuracy: 0.5696
30/98 [========>.....................] - ETA: 0s - loss: 1.2851 - accuracy: 0.5679
35/98 [=========>....................] - ETA: 0s - loss: 1.2932 - accuracy: 0.5650
40/98 [===========>..................] - ETA: 0s - loss: 1.2991 - accuracy: 0.5623
44/98 [============>.................] - ETA: 0s - loss: 1.3018 - accuracy: 0.5610
49/98 [==============>...............] - ETA: 0s - loss: 1.3009 - accuracy: 0.5600
54/98 [===============>..............] - ETA: 0s - loss: 1.3015 - accuracy: 0.5596
59/98 [=================>............] - ETA: 0s - loss: 1.3035 - accuracy: 0.5589
64/98 [==================>...........] - ETA: 0s - loss: 1.3048 - accuracy: 0.5576
70/98 [====================>.........] - ETA: 0s - loss: 1.3039 - accuracy: 0.5579
75/98 [=====================>........] - ETA: 0s - loss: 1.3027 - accuracy: 0.5570
80/98 [=======================>......] - ETA: 0s - loss: 1.3036 - accuracy: 0.5564
85/98 [=========================>....] - ETA: 0s - loss: 1.3024 - accuracy: 0.5561
90/98 [==========================>...] - ETA: 0s - loss: 1.3032 - accuracy: 0.5557
96/98 [============================>.] - ETA: 0s - loss: 1.3045 - accuracy: 0.5549
98/98 [==============================] - 2s 17ms/step - loss: 1.3039 - accuracy: 0.5554 - val_loss: 1.3413 - val_accuracy: 0.5369
Epoch 15/242

 1/98 [..............................] - ETA: 3s - loss: 1.3012 - accuracy: 0.5703
 6/98 [>.............................] - ETA: 1s - loss: 1.2934 - accuracy: 0.5602
11/98 [==>...........................] - ETA: 1s - loss: 1.2931 - accuracy: 0.5582
16/98 [===>..........................] - ETA: 1s - loss: 1.2949 - accuracy: 0.5586
21/98 [=====>........................] - ETA: 0s - loss: 1.2950 - accuracy: 0.5598
26/98 [======>.......................] - ETA: 0s - loss: 1.2989 - accuracy: 0.5563
31/98 [========>.....................] - ETA: 0s - loss: 1.2928 - accuracy: 0.5604
35/98 [=========>....................] - ETA: 0s - loss: 1.2915 - accuracy: 0.5627
40/98 [===========>..................] - ETA: 0s - loss: 1.2901 - accuracy: 0.5629
46/98 [=============>................] - ETA: 0s - loss: 1.2927 - accuracy: 0.5611
51/98 [==============>...............] - ETA: 0s - loss: 1.2899 - accuracy: 0.5619
56/98 [================>.............] - ETA: 0s - loss: 1.2900 - accuracy: 0.5611
61/98 [=================>............] - ETA: 0s - loss: 1.2866 - accuracy: 0.5622
66/98 [===================>..........] - ETA: 0s - loss: 1.2866 - accuracy: 0.5621
70/98 [====================>.........] - ETA: 0s - loss: 1.2875 - accuracy: 0.5624
75/98 [=====================>........] - ETA: 0s - loss: 1.2891 - accuracy: 0.5618
80/98 [=======================>......] - ETA: 0s - loss: 1.2886 - accuracy: 0.5614
85/98 [=========================>....] - ETA: 0s - loss: 1.2872 - accuracy: 0.5622
90/98 [==========================>...] - ETA: 0s - loss: 1.2861 - accuracy: 0.5625
95/98 [============================>.] - ETA: 0s - loss: 1.2881 - accuracy: 0.5620
98/98 [==============================] - 2s 17ms/step - loss: 1.2875 - accuracy: 0.5625 - val_loss: 1.3310 - val_accuracy: 0.5409
Epoch 16/242

 1/98 [..............................] - ETA: 2s - loss: 1.3025 - accuracy: 0.5547
 6/98 [>.............................] - ETA: 1s - loss: 1.2735 - accuracy: 0.5622
11/98 [==>...........................] - ETA: 1s - loss: 1.2756 - accuracy: 0.5648
15/98 [===>..........................] - ETA: 1s - loss: 1.2809 - accuracy: 0.5665
20/98 [=====>........................] - ETA: 0s - loss: 1.2827 - accuracy: 0.5604
26/98 [======>.......................] - ETA: 0s - loss: 1.2856 - accuracy: 0.5587
30/98 [========>.....................] - ETA: 0s - loss: 1.2840 - accuracy: 0.5582
35/98 [=========>....................] - ETA: 0s - loss: 1.2853 - accuracy: 0.5570
40/98 [===========>..................] - ETA: 0s - loss: 1.2876 - accuracy: 0.5572
45/98 [============>.................] - ETA: 0s - loss: 1.2851 - accuracy: 0.5591
50/98 [==============>...............] - ETA: 0s - loss: 1.2843 - accuracy: 0.5598
55/98 [===============>..............] - ETA: 0s - loss: 1.2814 - accuracy: 0.5618
60/98 [=================>............] - ETA: 0s - loss: 1.2782 - accuracy: 0.5640
65/98 [==================>...........] - ETA: 0s - loss: 1.2772 - accuracy: 0.5637
70/98 [====================>.........] - ETA: 0s - loss: 1.2783 - accuracy: 0.5624
75/98 [=====================>........] - ETA: 0s - loss: 1.2761 - accuracy: 0.5631
81/98 [=======================>......] - ETA: 0s - loss: 1.2755 - accuracy: 0.5640
85/98 [=========================>....] - ETA: 0s - loss: 1.2770 - accuracy: 0.5634
90/98 [==========================>...] - ETA: 0s - loss: 1.2745 - accuracy: 0.5644
95/98 [============================>.] - ETA: 0s - loss: 1.2755 - accuracy: 0.5639
98/98 [==============================] - 2s 17ms/step - loss: 1.2763 - accuracy: 0.5639 - val_loss: 1.3202 - val_accuracy: 0.5443
Epoch 17/242

 1/98 [..............................] - ETA: 3s - loss: 1.2758 - accuracy: 0.5859
 6/98 [>.............................] - ETA: 1s - loss: 1.2655 - accuracy: 0.5716
12/98 [==>...........................] - ETA: 0s - loss: 1.2618 - accuracy: 0.5770
17/98 [====>.........................] - ETA: 0s - loss: 1.2552 - accuracy: 0.5755
22/98 [=====>........................] - ETA: 0s - loss: 1.2557 - accuracy: 0.5738
26/98 [======>.......................] - ETA: 0s - loss: 1.2586 - accuracy: 0.5748
31/98 [========>.....................] - ETA: 0s - loss: 1.2625 - accuracy: 0.5728
36/98 [==========>...................] - ETA: 0s - loss: 1.2595 - accuracy: 0.5728
41/98 [===========>..................] - ETA: 0s - loss: 1.2643 - accuracy: 0.5713
47/98 [=============>................] - ETA: 0s - loss: 1.2644 - accuracy: 0.5725
52/98 [==============>...............] - ETA: 0s - loss: 1.2656 - accuracy: 0.5714
57/98 [================>.............] - ETA: 0s - loss: 1.2670 - accuracy: 0.5704
62/98 [=================>............] - ETA: 0s - loss: 1.2656 - accuracy: 0.5700
68/98 [===================>..........] - ETA: 0s - loss: 1.2639 - accuracy: 0.5707
73/98 [=====================>........] - ETA: 0s - loss: 1.2631 - accuracy: 0.5704
78/98 [======================>.......] - ETA: 0s - loss: 1.2632 - accuracy: 0.5698
83/98 [========================>.....] - ETA: 0s - loss: 1.2644 - accuracy: 0.5690
89/98 [==========================>...] - ETA: 0s - loss: 1.2645 - accuracy: 0.5690
94/98 [===========================>..] - ETA: 0s - loss: 1.2649 - accuracy: 0.5688
98/98 [==============================] - 2s 17ms/step - loss: 1.2651 - accuracy: 0.5686 - val_loss: 1.3128 - val_accuracy: 0.5461
Epoch 18/242

 1/98 [..............................] - ETA: 2s - loss: 1.2263 - accuracy: 0.5898
 6/98 [>.............................] - ETA: 1s - loss: 1.2473 - accuracy: 0.5706
11/98 [==>...........................] - ETA: 1s - loss: 1.2506 - accuracy: 0.5755
16/98 [===>..........................] - ETA: 0s - loss: 1.2459 - accuracy: 0.5802
21/98 [=====>........................] - ETA: 0s - loss: 1.2476 - accuracy: 0.5787
26/98 [======>.......................] - ETA: 0s - loss: 1.2512 - accuracy: 0.5778
31/98 [========>.....................] - ETA: 0s - loss: 1.2503 - accuracy: 0.5769
36/98 [==========>...................] - ETA: 0s - loss: 1.2494 - accuracy: 0.5768
41/98 [===========>..................] - ETA: 0s - loss: 1.2510 - accuracy: 0.5758
46/98 [=============>................] - ETA: 0s - loss: 1.2523 - accuracy: 0.5751
51/98 [==============>...............] - ETA: 0s - loss: 1.2547 - accuracy: 0.5754
56/98 [================>.............] - ETA: 0s - loss: 1.2521 - accuracy: 0.5767
61/98 [=================>............] - ETA: 0s - loss: 1.2524 - accuracy: 0.5753
66/98 [===================>..........] - ETA: 0s - loss: 1.2516 - accuracy: 0.5753
72/98 [=====================>........] - ETA: 0s - loss: 1.2505 - accuracy: 0.5753
76/98 [======================>.......] - ETA: 0s - loss: 1.2510 - accuracy: 0.5746
81/98 [=======================>......] - ETA: 0s - loss: 1.2513 - accuracy: 0.5742
86/98 [=========================>....] - ETA: 0s - loss: 1.2530 - accuracy: 0.5732
91/98 [==========================>...] - ETA: 0s - loss: 1.2511 - accuracy: 0.5735
96/98 [============================>.] - ETA: 0s - loss: 1.2523 - accuracy: 0.5732
98/98 [==============================] - 2s 17ms/step - loss: 1.2526 - accuracy: 0.5736 - val_loss: 1.3077 - val_accuracy: 0.5473
Epoch 19/242

 1/98 [..............................] - ETA: 3s - loss: 1.2408 - accuracy: 0.5957
 5/98 [>.............................] - ETA: 1s - loss: 1.2294 - accuracy: 0.5902
10/98 [==>...........................] - ETA: 1s - loss: 1.2311 - accuracy: 0.5857
15/98 [===>..........................] - ETA: 1s - loss: 1.2452 - accuracy: 0.5781
20/98 [=====>........................] - ETA: 0s - loss: 1.2429 - accuracy: 0.5781
25/98 [======>.......................] - ETA: 0s - loss: 1.2478 - accuracy: 0.5720
31/98 [========>.....................] - ETA: 0s - loss: 1.2533 - accuracy: 0.5709
35/98 [=========>....................] - ETA: 0s - loss: 1.2531 - accuracy: 0.5704
40/98 [===========>..................] - ETA: 0s - loss: 1.2492 - accuracy: 0.5732
45/98 [============>.................] - ETA: 0s - loss: 1.2471 - accuracy: 0.5745
49/98 [==============>...............] - ETA: 0s - loss: 1.2459 - accuracy: 0.5752
54/98 [===============>..............] - ETA: 0s - loss: 1.2453 - accuracy: 0.5756
59/98 [=================>............] - ETA: 0s - loss: 1.2451 - accuracy: 0.5757
64/98 [==================>...........] - ETA: 0s - loss: 1.2450 - accuracy: 0.5757
68/98 [===================>..........] - ETA: 0s - loss: 1.2439 - accuracy: 0.5762
73/98 [=====================>........] - ETA: 0s - loss: 1.2404 - accuracy: 0.5774
78/98 [======================>.......] - ETA: 0s - loss: 1.2416 - accuracy: 0.5764
83/98 [========================>.....] - ETA: 0s - loss: 1.2425 - accuracy: 0.5763
88/98 [=========================>....] - ETA: 0s - loss: 1.2441 - accuracy: 0.5757
93/98 [===========================>..] - ETA: 0s - loss: 1.2428 - accuracy: 0.5765
98/98 [==============================] - ETA: 0s - loss: 1.2429 - accuracy: 0.5762
98/98 [==============================] - 2s 17ms/step - loss: 1.2429 - accuracy: 0.5762 - val_loss: 1.3008 - val_accuracy: 0.5494
Epoch 20/242

 1/98 [..............................] - ETA: 1s - loss: 1.2064 - accuracy: 0.5840
 6/98 [>.............................] - ETA: 1s - loss: 1.2426 - accuracy: 0.5768
11/98 [==>...........................] - ETA: 1s - loss: 1.2369 - accuracy: 0.5781
16/98 [===>..........................] - ETA: 1s - loss: 1.2409 - accuracy: 0.5748
21/98 [=====>........................] - ETA: 0s - loss: 1.2330 - accuracy: 0.5778
26/98 [======>.......................] - ETA: 0s - loss: 1.2331 - accuracy: 0.5754
31/98 [========>.....................] - ETA: 0s - loss: 1.2369 - accuracy: 0.5759
37/98 [==========>...................] - ETA: 0s - loss: 1.2318 - accuracy: 0.5783
42/98 [===========>..................] - ETA: 0s - loss: 1.2338 - accuracy: 0.5784
47/98 [=============>................] - ETA: 0s - loss: 1.2326 - accuracy: 0.5797
51/98 [==============>...............] - ETA: 0s - loss: 1.2349 - accuracy: 0.5785
56/98 [================>.............] - ETA: 0s - loss: 1.2345 - accuracy: 0.5782
61/98 [=================>............] - ETA: 0s - loss: 1.2329 - accuracy: 0.5794
66/98 [===================>..........] - ETA: 0s - loss: 1.2328 - accuracy: 0.5792
71/98 [====================>.........] - ETA: 0s - loss: 1.2329 - accuracy: 0.5792
75/98 [=====================>........] - ETA: 0s - loss: 1.2332 - accuracy: 0.5793
80/98 [=======================>......] - ETA: 0s - loss: 1.2340 - accuracy: 0.5787
85/98 [=========================>....] - ETA: 0s - loss: 1.2350 - accuracy: 0.5784
91/98 [==========================>...] - ETA: 0s - loss: 1.2350 - accuracy: 0.5783
96/98 [============================>.] - ETA: 0s - loss: 1.2351 - accuracy: 0.5785
98/98 [==============================] - 2s 17ms/step - loss: 1.2350 - accuracy: 0.5785 - val_loss: 1.2990 - val_accuracy: 0.5490
Epoch 21/242

 1/98 [..............................] - ETA: 2s - loss: 1.2986 - accuracy: 0.5547
 4/98 [>.............................] - ETA: 1s - loss: 1.2669 - accuracy: 0.5601
 9/98 [=>............................] - ETA: 1s - loss: 1.2360 - accuracy: 0.5734
14/98 [===>..........................] - ETA: 1s - loss: 1.2385 - accuracy: 0.5739
19/98 [====>.........................] - ETA: 1s - loss: 1.2325 - accuracy: 0.5816
24/98 [======>.......................] - ETA: 0s - loss: 1.2250 - accuracy: 0.5841
29/98 [=======>......................] - ETA: 0s - loss: 1.2232 - accuracy: 0.5847
33/98 [=========>....................] - ETA: 0s - loss: 1.2274 - accuracy: 0.5837
38/98 [==========>...................] - ETA: 0s - loss: 1.2210 - accuracy: 0.5878
42/98 [===========>..................] - ETA: 0s - loss: 1.2221 - accuracy: 0.5876
47/98 [=============>................] - ETA: 0s - loss: 1.2218 - accuracy: 0.5858
51/98 [==============>...............] - ETA: 0s - loss: 1.2228 - accuracy: 0.5851
56/98 [================>.............] - ETA: 0s - loss: 1.2207 - accuracy: 0.5853
60/98 [=================>............] - ETA: 0s - loss: 1.2211 - accuracy: 0.5843
65/98 [==================>...........] - ETA: 0s - loss: 1.2200 - accuracy: 0.5843
70/98 [====================>.........] - ETA: 0s - loss: 1.2240 - accuracy: 0.5831
75/98 [=====================>........] - ETA: 0s - loss: 1.2247 - accuracy: 0.5835
