2024-07-27 08:05:47.842902: I tensorflow/core/platform/cpu_feature_guard.cc:193] This TensorFlow binary is optimized with oneAPI Deep Neural Network Library (oneDNN) to use the following CPU instructions in performance-critical operations:  AVX AVX2
To enable them in other operations, rebuild TensorFlow with the appropriate compiler flags.
2024-07-27 08:05:48.587075: I tensorflow/core/common_runtime/gpu/gpu_device.cc:1616] Created device /job:localhost/replica:0/task:0/device:GPU:0 with 6656 MB memory:  -> device: 0, name: NVIDIA GeForce RTX 4060 Ti, pci bus id: 0000:01:00.0, compute capability: 8.9
1 Physical GPUs, 1 Logical GPUs
Model: "sequential"
_________________________________________________________________
 Layer (type)                Output Shape              Param #   
=================================================================
 conv2d (Conv2D)             (None, 32, 32, 32)        896       
                                                                 
 dropout (Dropout)           (None, 32, 32, 32)        0         
                                                                 
 flatten (Flatten)           (None, 32768)             0         
                                                                 
 dense (Dense)               (None, 10)                327690    
                                                                 
=================================================================
Total params: 328,586
Trainable params: 328,586
Non-trainable params: 0
_________________________________________________________________
Taxa de aprendizado:  0.0001 Num de épocas:  242 Tamanho do lote:  512 Dropout:  0.07
Epoch 1/242
2024-07-27 08:05:50.038906: I tensorflow/stream_executor/cuda/cuda_dnn.cc:384] Loaded cuDNN version 8100
2024-07-27 08:05:51.197244: W tensorflow/stream_executor/gpu/redzone_allocator.cc:314] INTERNAL: ptxas exited with non-zero error code -1, output: 
Relying on driver to perform ptx compilation. 
Modify $PATH to customize ptxas location.
This message will be only logged once.
2024-07-27 08:05:52.194369: I tensorflow/stream_executor/cuda/cuda_blas.cc:1614] TensorFloat-32 will be used for the matrix multiplication. This will only be logged once.

 1/98 [..............................] - ETA: 5:52 - loss: 2.3145 - accuracy: 0.1113
 5/98 [>.............................] - ETA: 1s - loss: 2.2947 - accuracy: 0.1242  
 9/98 [=>............................] - ETA: 1s - loss: 2.2742 - accuracy: 0.1437
13/98 [==>...........................] - ETA: 1s - loss: 2.2516 - accuracy: 0.1600
16/98 [===>..........................] - ETA: 1s - loss: 2.2367 - accuracy: 0.1711
20/98 [=====>........................] - ETA: 1s - loss: 2.2169 - accuracy: 0.1841
24/98 [======>.......................] - ETA: 1s - loss: 2.1980 - accuracy: 0.1954
28/98 [=======>......................] - ETA: 1s - loss: 2.1798 - accuracy: 0.2058
31/98 [========>.....................] - ETA: 1s - loss: 2.1671 - accuracy: 0.2132
35/98 [=========>....................] - ETA: 1s - loss: 2.1502 - accuracy: 0.2227
39/98 [==========>...................] - ETA: 0s - loss: 2.1384 - accuracy: 0.2274
43/98 [============>.................] - ETA: 0s - loss: 2.1248 - accuracy: 0.2342
47/98 [=============>................] - ETA: 0s - loss: 2.1132 - accuracy: 0.2406
51/98 [==============>...............] - ETA: 0s - loss: 2.0992 - accuracy: 0.2466
55/98 [===============>..............] - ETA: 0s - loss: 2.0897 - accuracy: 0.2513
59/98 [=================>............] - ETA: 0s - loss: 2.0778 - accuracy: 0.2580
63/98 [==================>...........] - ETA: 0s - loss: 2.0673 - accuracy: 0.2630
67/98 [===================>..........] - ETA: 0s - loss: 2.0584 - accuracy: 0.2675
70/98 [====================>.........] - ETA: 0s - loss: 2.0525 - accuracy: 0.2706
73/98 [=====================>........] - ETA: 0s - loss: 2.0469 - accuracy: 0.2739
77/98 [======================>.......] - ETA: 0s - loss: 2.0399 - accuracy: 0.2768
81/98 [=======================>......] - ETA: 0s - loss: 2.0314 - accuracy: 0.2796
84/98 [========================>.....] - ETA: 0s - loss: 2.0269 - accuracy: 0.2820
88/98 [=========================>....] - ETA: 0s - loss: 2.0193 - accuracy: 0.2853
91/98 [==========================>...] - ETA: 0s - loss: 2.0152 - accuracy: 0.2880
95/98 [============================>.] - ETA: 0s - loss: 2.0076 - accuracy: 0.2912
98/98 [==============================] - 6s 27ms/step - loss: 2.0028 - accuracy: 0.2935 - val_loss: 1.8368 - val_accuracy: 0.3659
Epoch 2/242

 1/98 [..............................] - ETA: 1s - loss: 1.8403 - accuracy: 0.3535
 4/98 [>.............................] - ETA: 1s - loss: 1.8386 - accuracy: 0.3447
 8/98 [=>............................] - ETA: 1s - loss: 1.8325 - accuracy: 0.3564
12/98 [==>...........................] - ETA: 1s - loss: 1.8310 - accuracy: 0.3599
15/98 [===>..........................] - ETA: 1s - loss: 1.8236 - accuracy: 0.3648
19/98 [====>.........................] - ETA: 1s - loss: 1.8193 - accuracy: 0.3638
23/98 [======>.......................] - ETA: 1s - loss: 1.8149 - accuracy: 0.3676
27/98 [=======>......................] - ETA: 1s - loss: 1.8144 - accuracy: 0.3665
30/98 [========>.....................] - ETA: 1s - loss: 1.8099 - accuracy: 0.3702
34/98 [=========>....................] - ETA: 1s - loss: 1.8129 - accuracy: 0.3696
38/98 [==========>...................] - ETA: 1s - loss: 1.8095 - accuracy: 0.3722
42/98 [===========>..................] - ETA: 0s - loss: 1.8056 - accuracy: 0.3742
46/98 [=============>................] - ETA: 0s - loss: 1.8030 - accuracy: 0.3753
50/98 [==============>...............] - ETA: 0s - loss: 1.8011 - accuracy: 0.3751
53/98 [===============>..............] - ETA: 0s - loss: 1.7988 - accuracy: 0.3764
57/98 [================>.............] - ETA: 0s - loss: 1.7951 - accuracy: 0.3773
61/98 [=================>............] - ETA: 0s - loss: 1.7919 - accuracy: 0.3784
65/98 [==================>...........] - ETA: 0s - loss: 1.7869 - accuracy: 0.3797
69/98 [====================>.........] - ETA: 0s - loss: 1.7856 - accuracy: 0.3800
73/98 [=====================>........] - ETA: 0s - loss: 1.7822 - accuracy: 0.3812
77/98 [======================>.......] - ETA: 0s - loss: 1.7800 - accuracy: 0.3823
81/98 [=======================>......] - ETA: 0s - loss: 1.7790 - accuracy: 0.3822
85/98 [=========================>....] - ETA: 0s - loss: 1.7765 - accuracy: 0.3829
88/98 [=========================>....] - ETA: 0s - loss: 1.7745 - accuracy: 0.3834
92/98 [===========================>..] - ETA: 0s - loss: 1.7721 - accuracy: 0.3846
96/98 [============================>.] - ETA: 0s - loss: 1.7704 - accuracy: 0.3857
98/98 [==============================] - 2s 24ms/step - loss: 1.7693 - accuracy: 0.3861 - val_loss: 1.7130 - val_accuracy: 0.4116
Epoch 3/242

 1/98 [..............................] - ETA: 4s - loss: 1.7550 - accuracy: 0.4043
 5/98 [>.............................] - ETA: 1s - loss: 1.7113 - accuracy: 0.4059
 9/98 [=>............................] - ETA: 1s - loss: 1.7053 - accuracy: 0.4119
12/98 [==>...........................] - ETA: 1s - loss: 1.7079 - accuracy: 0.4116
16/98 [===>..........................] - ETA: 1s - loss: 1.7117 - accuracy: 0.4109
20/98 [=====>........................] - ETA: 1s - loss: 1.7061 - accuracy: 0.4128
24/98 [======>.......................] - ETA: 1s - loss: 1.7067 - accuracy: 0.4115
28/98 [=======>......................] - ETA: 1s - loss: 1.7011 - accuracy: 0.4149
32/98 [========>.....................] - ETA: 1s - loss: 1.6999 - accuracy: 0.4144
36/98 [==========>...................] - ETA: 1s - loss: 1.6984 - accuracy: 0.4153
40/98 [===========>..................] - ETA: 0s - loss: 1.7014 - accuracy: 0.4140
44/98 [============>.................] - ETA: 0s - loss: 1.7006 - accuracy: 0.4145
48/98 [=============>................] - ETA: 0s - loss: 1.6972 - accuracy: 0.4160
52/98 [==============>...............] - ETA: 0s - loss: 1.6983 - accuracy: 0.4151
55/98 [===============>..............] - ETA: 0s - loss: 1.6969 - accuracy: 0.4150
59/98 [=================>............] - ETA: 0s - loss: 1.6966 - accuracy: 0.4160
63/98 [==================>...........] - ETA: 0s - loss: 1.6985 - accuracy: 0.4156
67/98 [===================>..........] - ETA: 0s - loss: 1.6959 - accuracy: 0.4163
70/98 [====================>.........] - ETA: 0s - loss: 1.6948 - accuracy: 0.4169
74/98 [=====================>........] - ETA: 0s - loss: 1.6939 - accuracy: 0.4171
78/98 [======================>.......] - ETA: 0s - loss: 1.6933 - accuracy: 0.4170
82/98 [========================>.....] - ETA: 0s - loss: 1.6915 - accuracy: 0.4181
86/98 [=========================>....] - ETA: 0s - loss: 1.6889 - accuracy: 0.4183
90/98 [==========================>...] - ETA: 0s - loss: 1.6868 - accuracy: 0.4189
94/98 [===========================>..] - ETA: 0s - loss: 1.6858 - accuracy: 0.4191
98/98 [==============================] - ETA: 0s - loss: 1.6840 - accuracy: 0.4201
98/98 [==============================] - 2s 24ms/step - loss: 1.6840 - accuracy: 0.4201 - val_loss: 1.6531 - val_accuracy: 0.4349
Epoch 4/242

 1/98 [..............................] - ETA: 3s - loss: 1.6840 - accuracy: 0.4336
 4/98 [>.............................] - ETA: 1s - loss: 1.6691 - accuracy: 0.4253
 8/98 [=>............................] - ETA: 1s - loss: 1.6655 - accuracy: 0.4351
12/98 [==>...........................] - ETA: 1s - loss: 1.6588 - accuracy: 0.4355
16/98 [===>..........................] - ETA: 1s - loss: 1.6559 - accuracy: 0.4321
19/98 [====>.........................] - ETA: 1s - loss: 1.6560 - accuracy: 0.4324
23/98 [======>.......................] - ETA: 1s - loss: 1.6526 - accuracy: 0.4349
26/98 [======>.......................] - ETA: 1s - loss: 1.6494 - accuracy: 0.4361
30/98 [========>.....................] - ETA: 1s - loss: 1.6484 - accuracy: 0.4363
34/98 [=========>....................] - ETA: 1s - loss: 1.6480 - accuracy: 0.4353
38/98 [==========>...................] - ETA: 1s - loss: 1.6464 - accuracy: 0.4362
42/98 [===========>..................] - ETA: 0s - loss: 1.6426 - accuracy: 0.4363
46/98 [=============>................] - ETA: 0s - loss: 1.6396 - accuracy: 0.4369
50/98 [==============>...............] - ETA: 0s - loss: 1.6374 - accuracy: 0.4374
54/98 [===============>..............] - ETA: 0s - loss: 1.6380 - accuracy: 0.4374
57/98 [================>.............] - ETA: 0s - loss: 1.6360 - accuracy: 0.4385
61/98 [=================>............] - ETA: 0s - loss: 1.6350 - accuracy: 0.4381
65/98 [==================>...........] - ETA: 0s - loss: 1.6338 - accuracy: 0.4378
69/98 [====================>.........] - ETA: 0s - loss: 1.6325 - accuracy: 0.4387
73/98 [=====================>........] - ETA: 0s - loss: 1.6312 - accuracy: 0.4389
77/98 [======================>.......] - ETA: 0s - loss: 1.6305 - accuracy: 0.4386
80/98 [=======================>......] - ETA: 0s - loss: 1.6298 - accuracy: 0.4392
84/98 [========================>.....] - ETA: 0s - loss: 1.6270 - accuracy: 0.4401
88/98 [=========================>....] - ETA: 0s - loss: 1.6254 - accuracy: 0.4411
92/98 [===========================>..] - ETA: 0s - loss: 1.6245 - accuracy: 0.4418
95/98 [============================>.] - ETA: 0s - loss: 1.6243 - accuracy: 0.4420
98/98 [==============================] - 2s 24ms/step - loss: 1.6235 - accuracy: 0.4422 - val_loss: 1.6047 - val_accuracy: 0.4468
Epoch 5/242

 1/98 [..............................] - ETA: 3s - loss: 1.5943 - accuracy: 0.4531
 5/98 [>.............................] - ETA: 1s - loss: 1.5859 - accuracy: 0.4512
 9/98 [=>............................] - ETA: 1s - loss: 1.5921 - accuracy: 0.4525
13/98 [==>...........................] - ETA: 1s - loss: 1.5826 - accuracy: 0.4555
17/98 [====>.........................] - ETA: 1s - loss: 1.5831 - accuracy: 0.4557
21/98 [=====>........................] - ETA: 1s - loss: 1.5844 - accuracy: 0.4530
25/98 [======>.......................] - ETA: 1s - loss: 1.5881 - accuracy: 0.4543
28/98 [=======>......................] - ETA: 1s - loss: 1.5869 - accuracy: 0.4558
32/98 [========>.....................] - ETA: 1s - loss: 1.5879 - accuracy: 0.4564
36/98 [==========>...................] - ETA: 1s - loss: 1.5880 - accuracy: 0.4550
40/98 [===========>..................] - ETA: 0s - loss: 1.5883 - accuracy: 0.4548
44/98 [============>.................] - ETA: 0s - loss: 1.5858 - accuracy: 0.4567
47/98 [=============>................] - ETA: 0s - loss: 1.5839 - accuracy: 0.4576
51/98 [==============>...............] - ETA: 0s - loss: 1.5830 - accuracy: 0.4569
55/98 [===============>..............] - ETA: 0s - loss: 1.5819 - accuracy: 0.4584
59/98 [=================>............] - ETA: 0s - loss: 1.5800 - accuracy: 0.4588
63/98 [==================>...........] - ETA: 0s - loss: 1.5804 - accuracy: 0.4586
66/98 [===================>..........] - ETA: 0s - loss: 1.5810 - accuracy: 0.4582
69/98 [====================>.........] - ETA: 0s - loss: 1.5805 - accuracy: 0.4582
73/98 [=====================>........] - ETA: 0s - loss: 1.5792 - accuracy: 0.4592
77/98 [======================>.......] - ETA: 0s - loss: 1.5787 - accuracy: 0.4591
81/98 [=======================>......] - ETA: 0s - loss: 1.5786 - accuracy: 0.4589
84/98 [========================>.....] - ETA: 0s - loss: 1.5793 - accuracy: 0.4587
87/98 [=========================>....] - ETA: 0s - loss: 1.5792 - accuracy: 0.4581
91/98 [==========================>...] - ETA: 0s - loss: 1.5792 - accuracy: 0.4576
95/98 [============================>.] - ETA: 0s - loss: 1.5782 - accuracy: 0.4581
98/98 [==============================] - 2s 24ms/step - loss: 1.5779 - accuracy: 0.4583 - val_loss: 1.5725 - val_accuracy: 0.4578
Epoch 6/242

 1/98 [..............................] - ETA: 3s - loss: 1.5597 - accuracy: 0.4766
 5/98 [>.............................] - ETA: 1s - loss: 1.5327 - accuracy: 0.4719
 9/98 [=>............................] - ETA: 1s - loss: 1.5554 - accuracy: 0.4664
13/98 [==>...........................] - ETA: 1s - loss: 1.5507 - accuracy: 0.4709
17/98 [====>.........................] - ETA: 1s - loss: 1.5631 - accuracy: 0.4661
20/98 [=====>........................] - ETA: 1s - loss: 1.5654 - accuracy: 0.4666
24/98 [======>.......................] - ETA: 1s - loss: 1.5624 - accuracy: 0.4677
27/98 [=======>......................] - ETA: 1s - loss: 1.5629 - accuracy: 0.4651
32/98 [========>.....................] - ETA: 1s - loss: 1.5599 - accuracy: 0.4666
36/98 [==========>...................] - ETA: 0s - loss: 1.5590 - accuracy: 0.4655
40/98 [===========>..................] - ETA: 0s - loss: 1.5542 - accuracy: 0.4671
44/98 [============>.................] - ETA: 0s - loss: 1.5547 - accuracy: 0.4656
48/98 [=============>................] - ETA: 0s - loss: 1.5533 - accuracy: 0.4657
51/98 [==============>...............] - ETA: 0s - loss: 1.5517 - accuracy: 0.4665
55/98 [===============>..............] - ETA: 0s - loss: 1.5524 - accuracy: 0.4666
59/98 [=================>............] - ETA: 0s - loss: 1.5503 - accuracy: 0.4679
63/98 [==================>...........] - ETA: 0s - loss: 1.5503 - accuracy: 0.4677
67/98 [===================>..........] - ETA: 0s - loss: 1.5476 - accuracy: 0.4688
70/98 [====================>.........] - ETA: 0s - loss: 1.5470 - accuracy: 0.4690
74/98 [=====================>........] - ETA: 0s - loss: 1.5455 - accuracy: 0.4690
78/98 [======================>.......] - ETA: 0s - loss: 1.5448 - accuracy: 0.4691
82/98 [========================>.....] - ETA: 0s - loss: 1.5437 - accuracy: 0.4695
86/98 [=========================>....] - ETA: 0s - loss: 1.5419 - accuracy: 0.4704
90/98 [==========================>...] - ETA: 0s - loss: 1.5417 - accuracy: 0.4704
94/98 [===========================>..] - ETA: 0s - loss: 1.5399 - accuracy: 0.4712
98/98 [==============================] - ETA: 0s - loss: 1.5389 - accuracy: 0.4718
98/98 [==============================] - 2s 23ms/step - loss: 1.5389 - accuracy: 0.4718 - val_loss: 1.5358 - val_accuracy: 0.4740
Epoch 7/242

 1/98 [..............................] - ETA: 4s - loss: 1.5330 - accuracy: 0.4707
 5/98 [>.............................] - ETA: 1s - loss: 1.5576 - accuracy: 0.4676
 9/98 [=>............................] - ETA: 1s - loss: 1.5501 - accuracy: 0.4670
13/98 [==>...........................] - ETA: 1s - loss: 1.5349 - accuracy: 0.4757
17/98 [====>.........................] - ETA: 1s - loss: 1.5286 - accuracy: 0.4761
21/98 [=====>........................] - ETA: 1s - loss: 1.5181 - accuracy: 0.4791
25/98 [======>.......................] - ETA: 1s - loss: 1.5157 - accuracy: 0.4798
29/98 [=======>......................] - ETA: 1s - loss: 1.5174 - accuracy: 0.4805
33/98 [=========>....................] - ETA: 1s - loss: 1.5123 - accuracy: 0.4826
37/98 [==========>...................] - ETA: 0s - loss: 1.5125 - accuracy: 0.4826
41/98 [===========>..................] - ETA: 0s - loss: 1.5147 - accuracy: 0.4820
44/98 [============>.................] - ETA: 0s - loss: 1.5134 - accuracy: 0.4833
48/98 [=============>................] - ETA: 0s - loss: 1.5129 - accuracy: 0.4839
52/98 [==============>...............] - ETA: 0s - loss: 1.5110 - accuracy: 0.4844
56/98 [================>.............] - ETA: 0s - loss: 1.5115 - accuracy: 0.4837
60/98 [=================>............] - ETA: 0s - loss: 1.5136 - accuracy: 0.4839
64/98 [==================>...........] - ETA: 0s - loss: 1.5128 - accuracy: 0.4835
68/98 [===================>..........] - ETA: 0s - loss: 1.5113 - accuracy: 0.4840
71/98 [====================>.........] - ETA: 0s - loss: 1.5112 - accuracy: 0.4838
75/98 [=====================>........] - ETA: 0s - loss: 1.5100 - accuracy: 0.4826
79/98 [=======================>......] - ETA: 0s - loss: 1.5105 - accuracy: 0.4823
83/98 [========================>.....] - ETA: 0s - loss: 1.5110 - accuracy: 0.4818
86/98 [=========================>....] - ETA: 0s - loss: 1.5105 - accuracy: 0.4818
90/98 [==========================>...] - ETA: 0s - loss: 1.5098 - accuracy: 0.4817
93/98 [===========================>..] - ETA: 0s - loss: 1.5089 - accuracy: 0.4821
97/98 [============================>.] - ETA: 0s - loss: 1.5084 - accuracy: 0.4824
98/98 [==============================] - 2s 23ms/step - loss: 1.5083 - accuracy: 0.4820 - val_loss: 1.5171 - val_accuracy: 0.4751
Epoch 8/242

 1/98 [..............................] - ETA: 3s - loss: 1.5142 - accuracy: 0.4922
 4/98 [>.............................] - ETA: 1s - loss: 1.4947 - accuracy: 0.4956
 8/98 [=>............................] - ETA: 1s - loss: 1.4793 - accuracy: 0.5049
12/98 [==>...........................] - ETA: 1s - loss: 1.4971 - accuracy: 0.4915
16/98 [===>..........................] - ETA: 1s - loss: 1.4926 - accuracy: 0.4889
20/98 [=====>........................] - ETA: 1s - loss: 1.4943 - accuracy: 0.4902
24/98 [======>.......................] - ETA: 1s - loss: 1.4908 - accuracy: 0.4892
28/98 [=======>......................] - ETA: 1s - loss: 1.4910 - accuracy: 0.4902
32/98 [========>.....................] - ETA: 1s - loss: 1.4929 - accuracy: 0.4898
35/98 [=========>....................] - ETA: 1s - loss: 1.4936 - accuracy: 0.4885
39/98 [==========>...................] - ETA: 0s - loss: 1.4930 - accuracy: 0.4886
43/98 [============>.................] - ETA: 0s - loss: 1.4918 - accuracy: 0.4894
47/98 [=============>................] - ETA: 0s - loss: 1.4890 - accuracy: 0.4905
51/98 [==============>...............] - ETA: 0s - loss: 1.4884 - accuracy: 0.4905
54/98 [===============>..............] - ETA: 0s - loss: 1.4867 - accuracy: 0.4905
58/98 [================>.............] - ETA: 0s - loss: 1.4874 - accuracy: 0.4900
62/98 [=================>............] - ETA: 0s - loss: 1.4870 - accuracy: 0.4902
66/98 [===================>..........] - ETA: 0s - loss: 1.4834 - accuracy: 0.4913
69/98 [====================>.........] - ETA: 0s - loss: 1.4824 - accuracy: 0.4921
73/98 [=====================>........] - ETA: 0s - loss: 1.4826 - accuracy: 0.4921
77/98 [======================>.......] - ETA: 0s - loss: 1.4828 - accuracy: 0.4923
80/98 [=======================>......] - ETA: 0s - loss: 1.4836 - accuracy: 0.4918
84/98 [========================>.....] - ETA: 0s - loss: 1.4819 - accuracy: 0.4920
88/98 [=========================>....] - ETA: 0s - loss: 1.4828 - accuracy: 0.4906
92/98 [===========================>..] - ETA: 0s - loss: 1.4832 - accuracy: 0.4904
96/98 [============================>.] - ETA: 0s - loss: 1.4824 - accuracy: 0.4908
98/98 [==============================] - 2s 23ms/step - loss: 1.4822 - accuracy: 0.4911 - val_loss: 1.4836 - val_accuracy: 0.4900
Epoch 9/242

 1/98 [..............................] - ETA: 3s - loss: 1.4007 - accuracy: 0.5410
 5/98 [>.............................] - ETA: 1s - loss: 1.4677 - accuracy: 0.5078
 8/98 [=>............................] - ETA: 1s - loss: 1.4657 - accuracy: 0.5068
12/98 [==>...........................] - ETA: 1s - loss: 1.4677 - accuracy: 0.5049
16/98 [===>..........................] - ETA: 1s - loss: 1.4702 - accuracy: 0.5010
20/98 [=====>........................] - ETA: 1s - loss: 1.4778 - accuracy: 0.4984
24/98 [======>.......................] - ETA: 1s - loss: 1.4765 - accuracy: 0.4969
28/98 [=======>......................] - ETA: 1s - loss: 1.4725 - accuracy: 0.4965
31/98 [========>.....................] - ETA: 1s - loss: 1.4724 - accuracy: 0.4966
35/98 [=========>....................] - ETA: 1s - loss: 1.4731 - accuracy: 0.4971
39/98 [==========>...................] - ETA: 0s - loss: 1.4725 - accuracy: 0.4977
43/98 [============>.................] - ETA: 0s - loss: 1.4698 - accuracy: 0.4984
47/98 [=============>................] - ETA: 0s - loss: 1.4679 - accuracy: 0.4996
50/98 [==============>...............] - ETA: 0s - loss: 1.4641 - accuracy: 0.5012
54/98 [===============>..............] - ETA: 0s - loss: 1.4605 - accuracy: 0.5029
58/98 [================>.............] - ETA: 0s - loss: 1.4618 - accuracy: 0.5020
61/98 [=================>............] - ETA: 0s - loss: 1.4610 - accuracy: 0.5022
65/98 [==================>...........] - ETA: 0s - loss: 1.4600 - accuracy: 0.5025
69/98 [====================>.........] - ETA: 0s - loss: 1.4587 - accuracy: 0.5033
73/98 [=====================>........] - ETA: 0s - loss: 1.4601 - accuracy: 0.5016
76/98 [======================>.......] - ETA: 0s - loss: 1.4596 - accuracy: 0.5014
79/98 [=======================>......] - ETA: 0s - loss: 1.4598 - accuracy: 0.5013
82/98 [========================>.....] - ETA: 0s - loss: 1.4591 - accuracy: 0.5014
86/98 [=========================>....] - ETA: 0s - loss: 1.4569 - accuracy: 0.5021
90/98 [==========================>...] - ETA: 0s - loss: 1.4577 - accuracy: 0.5007
94/98 [===========================>..] - ETA: 0s - loss: 1.4578 - accuracy: 0.5007
97/98 [============================>.] - ETA: 0s - loss: 1.4568 - accuracy: 0.5007
98/98 [==============================] - 2s 23ms/step - loss: 1.4564 - accuracy: 0.5008 - val_loss: 1.4673 - val_accuracy: 0.4931
Epoch 10/242

 1/98 [..............................] - ETA: 3s - loss: 1.3815 - accuracy: 0.5430
 5/98 [>.............................] - ETA: 1s - loss: 1.4211 - accuracy: 0.5059
 9/98 [=>............................] - ETA: 1s - loss: 1.4378 - accuracy: 0.5052
13/98 [==>...........................] - ETA: 1s - loss: 1.4370 - accuracy: 0.5009
17/98 [====>.........................] - ETA: 1s - loss: 1.4338 - accuracy: 0.5079
20/98 [=====>........................] - ETA: 1s - loss: 1.4354 - accuracy: 0.5082
24/98 [======>.......................] - ETA: 1s - loss: 1.4350 - accuracy: 0.5069
28/98 [=======>......................] - ETA: 1s - loss: 1.4331 - accuracy: 0.5075
31/98 [========>.....................] - ETA: 1s - loss: 1.4351 - accuracy: 0.5062
35/98 [=========>....................] - ETA: 1s - loss: 1.4365 - accuracy: 0.5057
38/98 [==========>...................] - ETA: 0s - loss: 1.4362 - accuracy: 0.5058
43/98 [============>.................] - ETA: 0s - loss: 1.4368 - accuracy: 0.5066
47/98 [=============>................] - ETA: 0s - loss: 1.4372 - accuracy: 0.5057
51/98 [==============>...............] - ETA: 0s - loss: 1.4390 - accuracy: 0.5052
55/98 [===============>..............] - ETA: 0s - loss: 1.4392 - accuracy: 0.5054
58/98 [================>.............] - ETA: 0s - loss: 1.4411 - accuracy: 0.5042
62/98 [=================>............] - ETA: 0s - loss: 1.4405 - accuracy: 0.5041
66/98 [===================>..........] - ETA: 0s - loss: 1.4405 - accuracy: 0.5048
70/98 [====================>.........] - ETA: 0s - loss: 1.4415 - accuracy: 0.5042
74/98 [=====================>........] - ETA: 0s - loss: 1.4404 - accuracy: 0.5051
78/98 [======================>.......] - ETA: 0s - loss: 1.4399 - accuracy: 0.5051
82/98 [========================>.....] - ETA: 0s - loss: 1.4393 - accuracy: 0.5055
85/98 [=========================>....] - ETA: 0s - loss: 1.4390 - accuracy: 0.5061
89/98 [==========================>...] - ETA: 0s - loss: 1.4378 - accuracy: 0.5067
92/98 [===========================>..] - ETA: 0s - loss: 1.4370 - accuracy: 0.5069
96/98 [============================>.] - ETA: 0s - loss: 1.4368 - accuracy: 0.5069
98/98 [==============================] - 2s 23ms/step - loss: 1.4372 - accuracy: 0.5064 - val_loss: 1.4507 - val_accuracy: 0.4963
Epoch 11/242

 1/98 [..............................] - ETA: 3s - loss: 1.4251 - accuracy: 0.5078
 5/98 [>.............................] - ETA: 1s - loss: 1.4113 - accuracy: 0.5066
 9/98 [=>............................] - ETA: 1s - loss: 1.4126 - accuracy: 0.5135
13/98 [==>...........................] - ETA: 1s - loss: 1.4159 - accuracy: 0.5110
16/98 [===>..........................] - ETA: 1s - loss: 1.4168 - accuracy: 0.5125
20/98 [=====>........................] - ETA: 1s - loss: 1.4184 - accuracy: 0.5080
24/98 [======>.......................] - ETA: 1s - loss: 1.4228 - accuracy: 0.5060
28/98 [=======>......................] - ETA: 1s - loss: 1.4215 - accuracy: 0.5080
32/98 [========>.....................] - ETA: 1s - loss: 1.4270 - accuracy: 0.5068
35/98 [=========>....................] - ETA: 1s - loss: 1.4266 - accuracy: 0.5064
40/98 [===========>..................] - ETA: 0s - loss: 1.4233 - accuracy: 0.5072
43/98 [============>.................] - ETA: 0s - loss: 1.4238 - accuracy: 0.5061
47/98 [=============>................] - ETA: 0s - loss: 1.4233 - accuracy: 0.5069
51/98 [==============>...............] - ETA: 0s - loss: 1.4231 - accuracy: 0.5080
55/98 [===============>..............] - ETA: 0s - loss: 1.4210 - accuracy: 0.5089
58/98 [================>.............] - ETA: 0s - loss: 1.4208 - accuracy: 0.5090
62/98 [=================>............] - ETA: 0s - loss: 1.4210 - accuracy: 0.5094
65/98 [==================>...........] - ETA: 0s - loss: 1.4210 - accuracy: 0.5086
69/98 [====================>.........] - ETA: 0s - loss: 1.4190 - accuracy: 0.5088
73/98 [=====================>........] - ETA: 0s - loss: 1.4177 - accuracy: 0.5100
77/98 [======================>.......] - ETA: 0s - loss: 1.4198 - accuracy: 0.5100
80/98 [=======================>......] - ETA: 0s - loss: 1.4184 - accuracy: 0.5106
84/98 [========================>.....] - ETA: 0s - loss: 1.4174 - accuracy: 0.5112
88/98 [=========================>....] - ETA: 0s - loss: 1.4169 - accuracy: 0.5111
92/98 [===========================>..] - ETA: 0s - loss: 1.4178 - accuracy: 0.5105
95/98 [============================>.] - ETA: 0s - loss: 1.4179 - accuracy: 0.5109
98/98 [==============================] - 2s 23ms/step - loss: 1.4183 - accuracy: 0.5111 - val_loss: 1.4384 - val_accuracy: 0.5009
Epoch 12/242

 1/98 [..............................] - ETA: 4s - loss: 1.4356 - accuracy: 0.4941
 5/98 [>.............................] - ETA: 1s - loss: 1.4127 - accuracy: 0.5164
 9/98 [=>............................] - ETA: 1s - loss: 1.4248 - accuracy: 0.5143
13/98 [==>...........................] - ETA: 1s - loss: 1.4124 - accuracy: 0.5156
17/98 [====>.........................] - ETA: 1s - loss: 1.4074 - accuracy: 0.5160
20/98 [=====>........................] - ETA: 1s - loss: 1.4104 - accuracy: 0.5141
24/98 [======>.......................] - ETA: 1s - loss: 1.4113 - accuracy: 0.5146
27/98 [=======>......................] - ETA: 1s - loss: 1.4067 - accuracy: 0.5173
31/98 [========>.....................] - ETA: 1s - loss: 1.4105 - accuracy: 0.5159
35/98 [=========>....................] - ETA: 1s - loss: 1.4109 - accuracy: 0.5141
39/98 [==========>...................] - ETA: 0s - loss: 1.4121 - accuracy: 0.5139
43/98 [============>.................] - ETA: 0s - loss: 1.4096 - accuracy: 0.5162
47/98 [=============>................] - ETA: 0s - loss: 1.4081 - accuracy: 0.5168
50/98 [==============>...............] - ETA: 0s - loss: 1.4086 - accuracy: 0.5165
54/98 [===============>..............] - ETA: 0s - loss: 1.4087 - accuracy: 0.5165
58/98 [================>.............] - ETA: 0s - loss: 1.4075 - accuracy: 0.5167
62/98 [=================>............] - ETA: 0s - loss: 1.4077 - accuracy: 0.5159
66/98 [===================>..........] - ETA: 0s - loss: 1.4064 - accuracy: 0.5160
69/98 [====================>.........] - ETA: 0s - loss: 1.4053 - accuracy: 0.5160
73/98 [=====================>........] - ETA: 0s - loss: 1.4051 - accuracy: 0.5162
77/98 [======================>.......] - ETA: 0s - loss: 1.4049 - accuracy: 0.5162
81/98 [=======================>......] - ETA: 0s - loss: 1.4061 - accuracy: 0.5158
84/98 [========================>.....] - ETA: 0s - loss: 1.4059 - accuracy: 0.5162
88/98 [=========================>....] - ETA: 0s - loss: 1.4047 - accuracy: 0.5167
92/98 [===========================>..] - ETA: 0s - loss: 1.4019 - accuracy: 0.5182
96/98 [============================>.] - ETA: 0s - loss: 1.4016 - accuracy: 0.5185
98/98 [==============================] - 2s 23ms/step - loss: 1.4010 - accuracy: 0.5192 - val_loss: 1.4225 - val_accuracy: 0.5039
Epoch 13/242

 1/98 [..............................] - ETA: 3s - loss: 1.3280 - accuracy: 0.5527
 5/98 [>.............................] - ETA: 1s - loss: 1.3648 - accuracy: 0.5268
 9/98 [=>............................] - ETA: 1s - loss: 1.3808 - accuracy: 0.5302
13/98 [==>...........................] - ETA: 1s - loss: 1.3955 - accuracy: 0.5227
17/98 [====>.........................] - ETA: 1s - loss: 1.3871 - accuracy: 0.5279
21/98 [=====>........................] - ETA: 1s - loss: 1.3895 - accuracy: 0.5262
25/98 [======>.......................] - ETA: 1s - loss: 1.3954 - accuracy: 0.5248
29/98 [=======>......................] - ETA: 1s - loss: 1.3980 - accuracy: 0.5232
32/98 [========>.....................] - ETA: 1s - loss: 1.3938 - accuracy: 0.5234
35/98 [=========>....................] - ETA: 1s - loss: 1.3941 - accuracy: 0.5247
39/98 [==========>...................] - ETA: 0s - loss: 1.3923 - accuracy: 0.5249
43/98 [============>.................] - ETA: 0s - loss: 1.3942 - accuracy: 0.5228
47/98 [=============>................] - ETA: 0s - loss: 1.3926 - accuracy: 0.5235
51/98 [==============>...............] - ETA: 0s - loss: 1.3928 - accuracy: 0.5237
54/98 [===============>..............] - ETA: 0s - loss: 1.3927 - accuracy: 0.5230
58/98 [================>.............] - ETA: 0s - loss: 1.3898 - accuracy: 0.5239
62/98 [=================>............] - ETA: 0s - loss: 1.3903 - accuracy: 0.5235
66/98 [===================>..........] - ETA: 0s - loss: 1.3897 - accuracy: 0.5233
69/98 [====================>.........] - ETA: 0s - loss: 1.3869 - accuracy: 0.5242
72/98 [=====================>........] - ETA: 0s - loss: 1.3875 - accuracy: 0.5244
76/98 [======================>.......] - ETA: 0s - loss: 1.3881 - accuracy: 0.5240
80/98 [=======================>......] - ETA: 0s - loss: 1.3880 - accuracy: 0.5246
84/98 [========================>.....] - ETA: 0s - loss: 1.3877 - accuracy: 0.5239
88/98 [=========================>....] - ETA: 0s - loss: 1.3870 - accuracy: 0.5242
91/98 [==========================>...] - ETA: 0s - loss: 1.3865 - accuracy: 0.5242
95/98 [============================>.] - ETA: 0s - loss: 1.3857 - accuracy: 0.5245
98/98 [==============================] - 2s 24ms/step - loss: 1.3851 - accuracy: 0.5247 - val_loss: 1.4092 - val_accuracy: 0.5118
Epoch 14/242

 1/98 [..............................] - ETA: 1s - loss: 1.3581 - accuracy: 0.5234
 4/98 [>.............................] - ETA: 1s - loss: 1.3636 - accuracy: 0.5347
 8/98 [=>............................] - ETA: 1s - loss: 1.3668 - accuracy: 0.5330
12/98 [==>...........................] - ETA: 1s - loss: 1.3731 - accuracy: 0.5339
15/98 [===>..........................] - ETA: 1s - loss: 1.3676 - accuracy: 0.5362
18/98 [====>.........................] - ETA: 1s - loss: 1.3641 - accuracy: 0.5375
22/98 [=====>........................] - ETA: 1s - loss: 1.3673 - accuracy: 0.5363
26/98 [======>.......................] - ETA: 1s - loss: 1.3720 - accuracy: 0.5322
30/98 [========>.....................] - ETA: 1s - loss: 1.3783 - accuracy: 0.5284
34/98 [=========>....................] - ETA: 1s - loss: 1.3726 - accuracy: 0.5307
37/98 [==========>...................] - ETA: 1s - loss: 1.3730 - accuracy: 0.5298
41/98 [===========>..................] - ETA: 0s - loss: 1.3745 - accuracy: 0.5289
44/98 [============>.................] - ETA: 0s - loss: 1.3730 - accuracy: 0.5291
48/98 [=============>................] - ETA: 0s - loss: 1.3731 - accuracy: 0.5289
51/98 [==============>...............] - ETA: 0s - loss: 1.3711 - accuracy: 0.5296
55/98 [===============>..............] - ETA: 0s - loss: 1.3709 - accuracy: 0.5298
59/98 [=================>............] - ETA: 0s - loss: 1.3715 - accuracy: 0.5296
63/98 [==================>...........] - ETA: 0s - loss: 1.3718 - accuracy: 0.5295
67/98 [===================>..........] - ETA: 0s - loss: 1.3725 - accuracy: 0.5289
70/98 [====================>.........] - ETA: 0s - loss: 1.3720 - accuracy: 0.5295
74/98 [=====================>........] - ETA: 0s - loss: 1.3725 - accuracy: 0.5289
78/98 [======================>.......] - ETA: 0s - loss: 1.3732 - accuracy: 0.5287
82/98 [========================>.....] - ETA: 0s - loss: 1.3732 - accuracy: 0.5294
85/98 [=========================>....] - ETA: 0s - loss: 1.3733 - accuracy: 0.5290
88/98 [=========================>....] - ETA: 0s - loss: 1.3733 - accuracy: 0.5293
92/98 [===========================>..] - ETA: 0s - loss: 1.3725 - accuracy: 0.5295
96/98 [============================>.] - ETA: 0s - loss: 1.3716 - accuracy: 0.5292
98/98 [==============================] - 2s 24ms/step - loss: 1.3704 - accuracy: 0.5294 - val_loss: 1.4056 - val_accuracy: 0.5139
Epoch 15/242

 1/98 [..............................] - ETA: 3s - loss: 1.3568 - accuracy: 0.5312
 5/98 [>.............................] - ETA: 1s - loss: 1.3685 - accuracy: 0.5201
 9/98 [=>............................] - ETA: 1s - loss: 1.3652 - accuracy: 0.5226
13/98 [==>...........................] - ETA: 1s - loss: 1.3601 - accuracy: 0.5309
17/98 [====>.........................] - ETA: 1s - loss: 1.3597 - accuracy: 0.5315
20/98 [=====>........................] - ETA: 1s - loss: 1.3609 - accuracy: 0.5316
24/98 [======>.......................] - ETA: 1s - loss: 1.3600 - accuracy: 0.5323
28/98 [=======>......................] - ETA: 1s - loss: 1.3589 - accuracy: 0.5323
32/98 [========>.....................] - ETA: 1s - loss: 1.3630 - accuracy: 0.5313
35/98 [=========>....................] - ETA: 1s - loss: 1.3621 - accuracy: 0.5331
39/98 [==========>...................] - ETA: 0s - loss: 1.3642 - accuracy: 0.5322
43/98 [============>.................] - ETA: 0s - loss: 1.3637 - accuracy: 0.5315
47/98 [=============>................] - ETA: 0s - loss: 1.3630 - accuracy: 0.5315
50/98 [==============>...............] - ETA: 0s - loss: 1.3618 - accuracy: 0.5325
54/98 [===============>..............] - ETA: 0s - loss: 1.3597 - accuracy: 0.5343
58/98 [================>.............] - ETA: 0s - loss: 1.3601 - accuracy: 0.5346
62/98 [=================>............] - ETA: 0s - loss: 1.3612 - accuracy: 0.5344
65/98 [==================>...........] - ETA: 0s - loss: 1.3597 - accuracy: 0.5345
69/98 [====================>.........] - ETA: 0s - loss: 1.3599 - accuracy: 0.5338
73/98 [=====================>........] - ETA: 0s - loss: 1.3602 - accuracy: 0.5336
77/98 [======================>.......] - ETA: 0s - loss: 1.3599 - accuracy: 0.5338
80/98 [=======================>......] - ETA: 0s - loss: 1.3603 - accuracy: 0.5337
83/98 [========================>.....] - ETA: 0s - loss: 1.3597 - accuracy: 0.5335
87/98 [=========================>....] - ETA: 0s - loss: 1.3581 - accuracy: 0.5340
91/98 [==========================>...] - ETA: 0s - loss: 1.3590 - accuracy: 0.5335
95/98 [============================>.] - ETA: 0s - loss: 1.3581 - accuracy: 0.5340
98/98 [==============================] - ETA: 0s - loss: 1.3576 - accuracy: 0.5346
98/98 [==============================] - 2s 24ms/step - loss: 1.3576 - accuracy: 0.5346 - val_loss: 1.3982 - val_accuracy: 0.5160
Epoch 16/242

 1/98 [..............................] - ETA: 3s - loss: 1.4122 - accuracy: 0.5000
 5/98 [>.............................] - ETA: 1s - loss: 1.3763 - accuracy: 0.5336
 8/98 [=>............................] - ETA: 1s - loss: 1.3686 - accuracy: 0.5420
12/98 [==>...........................] - ETA: 1s - loss: 1.3635 - accuracy: 0.5371
16/98 [===>..........................] - ETA: 1s - loss: 1.3627 - accuracy: 0.5367
20/98 [=====>........................] - ETA: 1s - loss: 1.3595 - accuracy: 0.5395
24/98 [======>.......................] - ETA: 1s - loss: 1.3564 - accuracy: 0.5378
28/98 [=======>......................] - ETA: 1s - loss: 1.3554 - accuracy: 0.5379
32/98 [========>.....................] - ETA: 1s - loss: 1.3543 - accuracy: 0.5371
35/98 [=========>....................] - ETA: 1s - loss: 1.3529 - accuracy: 0.5374
39/98 [==========>...................] - ETA: 0s - loss: 1.3510 - accuracy: 0.5375
43/98 [============>.................] - ETA: 0s - loss: 1.3509 - accuracy: 0.5366
47/98 [=============>................] - ETA: 0s - loss: 1.3486 - accuracy: 0.5372
51/98 [==============>...............] - ETA: 0s - loss: 1.3469 - accuracy: 0.5386
54/98 [===============>..............] - ETA: 0s - loss: 1.3477 - accuracy: 0.5384
58/98 [================>.............] - ETA: 0s - loss: 1.3480 - accuracy: 0.5371
62/98 [=================>............] - ETA: 0s - loss: 1.3491 - accuracy: 0.5360
66/98 [===================>..........] - ETA: 0s - loss: 1.3490 - accuracy: 0.5350
69/98 [====================>.........] - ETA: 0s - loss: 1.3493 - accuracy: 0.5356
73/98 [=====================>........] - ETA: 0s - loss: 1.3487 - accuracy: 0.5364
77/98 [======================>.......] - ETA: 0s - loss: 1.3463 - accuracy: 0.5373
81/98 [=======================>......] - ETA: 0s - loss: 1.3470 - accuracy: 0.5373
85/98 [=========================>....] - ETA: 0s - loss: 1.3465 - accuracy: 0.5373
88/98 [=========================>....] - ETA: 0s - loss: 1.3465 - accuracy: 0.5372
92/98 [===========================>..] - ETA: 0s - loss: 1.3465 - accuracy: 0.5374
96/98 [============================>.] - ETA: 0s - loss: 1.3470 - accuracy: 0.5372
98/98 [==============================] - 2s 23ms/step - loss: 1.3472 - accuracy: 0.5374 - val_loss: 1.3788 - val_accuracy: 0.5203
Epoch 17/242

 1/98 [..............................] - ETA: 3s - loss: 1.3123 - accuracy: 0.5742
 5/98 [>.............................] - ETA: 1s - loss: 1.3328 - accuracy: 0.5512
 9/98 [=>............................] - ETA: 1s - loss: 1.3289 - accuracy: 0.5573
13/98 [==>...........................] - ETA: 1s - loss: 1.3369 - accuracy: 0.5539
17/98 [====>.........................] - ETA: 1s - loss: 1.3257 - accuracy: 0.5578
20/98 [=====>........................] - ETA: 1s - loss: 1.3230 - accuracy: 0.5550
24/98 [======>.......................] - ETA: 1s - loss: 1.3319 - accuracy: 0.5514
28/98 [=======>......................] - ETA: 1s - loss: 1.3311 - accuracy: 0.5522
