2024-07-27 08:52:00.605383: I tensorflow/core/platform/cpu_feature_guard.cc:193] This TensorFlow binary is optimized with oneAPI Deep Neural Network Library (oneDNN) to use the following CPU instructions in performance-critical operations:  AVX AVX2
To enable them in other operations, rebuild TensorFlow with the appropriate compiler flags.
2024-07-27 08:52:01.914592: I tensorflow/core/common_runtime/gpu/gpu_device.cc:1616] Created device /job:localhost/replica:0/task:0/device:GPU:0 with 6656 MB memory:  -> device: 0, name: NVIDIA GeForce RTX 4060 Ti, pci bus id: 0000:01:00.0, compute capability: 8.9
1 Physical GPUs, 1 Logical GPUs
Model: "sequential"
_________________________________________________________________
 Layer (type)                Output Shape              Param #   
=================================================================
 conv2d (Conv2D)             (None, 32, 32, 32)        896       
                                                                 
 dropout (Dropout)           (None, 32, 32, 32)        0         
                                                                 
 flatten (Flatten)           (None, 32768)             0         
                                                                 
 dense (Dense)               (None, 116)               3801204   
                                                                 
 dropout_1 (Dropout)         (None, 116)               0         
                                                                 
 dense_1 (Dense)             (None, 10)                1170      
                                                                 
=================================================================
Total params: 3,803,270
Trainable params: 3,803,270
Non-trainable params: 0
_________________________________________________________________
Taxa de aprendizado:  0.001 Num de épocas:  188 Tamanho do lote:  512 Dropout:  0.28
Epoch 1/188
2024-07-27 08:52:04.145738: I tensorflow/stream_executor/cuda/cuda_dnn.cc:384] Loaded cuDNN version 8100
2024-07-27 08:52:05.978161: W tensorflow/stream_executor/gpu/redzone_allocator.cc:314] INTERNAL: ptxas exited with non-zero error code -1, output: 
Relying on driver to perform ptx compilation. 
Modify $PATH to customize ptxas location.
This message will be only logged once.
2024-07-27 08:52:07.723298: I tensorflow/stream_executor/cuda/cuda_blas.cc:1614] TensorFloat-32 will be used for the matrix multiplication. This will only be logged once.

 1/98 [..............................] - ETA: 9:45 - loss: 2.3970 - accuracy: 0.0820
 4/98 [>.............................] - ETA: 1s - loss: 5.1406 - accuracy: 0.0908  
 7/98 [=>............................] - ETA: 1s - loss: 4.5764 - accuracy: 0.1102
10/98 [==>...........................] - ETA: 1s - loss: 4.1620 - accuracy: 0.1180
13/98 [==>...........................] - ETA: 1s - loss: 3.8549 - accuracy: 0.1255
16/98 [===>..........................] - ETA: 1s - loss: 3.6247 - accuracy: 0.1257
19/98 [====>.........................] - ETA: 1s - loss: 3.4390 - accuracy: 0.1335
22/98 [=====>........................] - ETA: 1s - loss: 3.2946 - accuracy: 0.1377
25/98 [======>.......................] - ETA: 1s - loss: 3.1737 - accuracy: 0.1440
28/98 [=======>......................] - ETA: 1s - loss: 3.0816 - accuracy: 0.1461
31/98 [========>.....................] - ETA: 1s - loss: 2.9973 - accuracy: 0.1517
34/98 [=========>....................] - ETA: 1s - loss: 2.9244 - accuracy: 0.1589
37/98 [==========>...................] - ETA: 1s - loss: 2.8595 - accuracy: 0.1645
40/98 [===========>..................] - ETA: 1s - loss: 2.8050 - accuracy: 0.1694
43/98 [============>.................] - ETA: 1s - loss: 2.7522 - accuracy: 0.1759
46/98 [=============>................] - ETA: 1s - loss: 2.7050 - accuracy: 0.1816
49/98 [==============>...............] - ETA: 1s - loss: 2.6585 - accuracy: 0.1878
52/98 [==============>...............] - ETA: 1s - loss: 2.6184 - accuracy: 0.1935
55/98 [===============>..............] - ETA: 0s - loss: 2.5795 - accuracy: 0.1994
58/98 [================>.............] - ETA: 0s - loss: 2.5442 - accuracy: 0.2058
61/98 [=================>............] - ETA: 0s - loss: 2.5105 - accuracy: 0.2121
64/98 [==================>...........] - ETA: 0s - loss: 2.4751 - accuracy: 0.2191
67/98 [===================>..........] - ETA: 0s - loss: 2.4443 - accuracy: 0.2258
70/98 [====================>.........] - ETA: 0s - loss: 2.4132 - accuracy: 0.2323
73/98 [=====================>........] - ETA: 0s - loss: 2.3843 - accuracy: 0.2390
75/98 [=====================>........] - ETA: 0s - loss: 2.3660 - accuracy: 0.2428
78/98 [======================>.......] - ETA: 0s - loss: 2.3382 - accuracy: 0.2494
81/98 [=======================>......] - ETA: 0s - loss: 2.3107 - accuracy: 0.2556
84/98 [========================>.....] - ETA: 0s - loss: 2.2872 - accuracy: 0.2611
87/98 [=========================>....] - ETA: 0s - loss: 2.2646 - accuracy: 0.2666
90/98 [==========================>...] - ETA: 0s - loss: 2.2423 - accuracy: 0.2720
91/98 [==========================>...] - ETA: 0s - loss: 2.2376 - accuracy: 0.2731
94/98 [===========================>..] - ETA: 0s - loss: 2.2163 - accuracy: 0.2789
97/98 [============================>.] - ETA: 0s - loss: 2.1966 - accuracy: 0.2836
98/98 [==============================] - 10s 37ms/step - loss: 2.1906 - accuracy: 0.2850 - val_loss: 1.4776 - val_accuracy: 0.4779
Epoch 2/188

 1/98 [..............................] - ETA: 4s - loss: 1.4682 - accuracy: 0.4668
 4/98 [>.............................] - ETA: 1s - loss: 1.4871 - accuracy: 0.4712
 7/98 [=>............................] - ETA: 1s - loss: 1.5115 - accuracy: 0.4534
10/98 [==>...........................] - ETA: 1s - loss: 1.4922 - accuracy: 0.4641
13/98 [==>...........................] - ETA: 1s - loss: 1.5007 - accuracy: 0.4614
16/98 [===>..........................] - ETA: 1s - loss: 1.5037 - accuracy: 0.4631
19/98 [====>.........................] - ETA: 1s - loss: 1.4973 - accuracy: 0.4666
22/98 [=====>........................] - ETA: 1s - loss: 1.4845 - accuracy: 0.4698
25/98 [======>.......................] - ETA: 1s - loss: 1.4793 - accuracy: 0.4730
28/98 [=======>......................] - ETA: 1s - loss: 1.4740 - accuracy: 0.4742
31/98 [========>.....................] - ETA: 1s - loss: 1.4751 - accuracy: 0.4740
34/98 [=========>....................] - ETA: 1s - loss: 1.4654 - accuracy: 0.4791
37/98 [==========>...................] - ETA: 1s - loss: 1.4614 - accuracy: 0.4806
40/98 [===========>..................] - ETA: 1s - loss: 1.4566 - accuracy: 0.4818
43/98 [============>.................] - ETA: 1s - loss: 1.4549 - accuracy: 0.4828
46/98 [=============>................] - ETA: 1s - loss: 1.4499 - accuracy: 0.4842
49/98 [==============>...............] - ETA: 1s - loss: 1.4463 - accuracy: 0.4864
52/98 [==============>...............] - ETA: 1s - loss: 1.4439 - accuracy: 0.4871
55/98 [===============>..............] - ETA: 0s - loss: 1.4396 - accuracy: 0.4880
58/98 [================>.............] - ETA: 0s - loss: 1.4374 - accuracy: 0.4901
61/98 [=================>............] - ETA: 0s - loss: 1.4334 - accuracy: 0.4919
64/98 [==================>...........] - ETA: 0s - loss: 1.4294 - accuracy: 0.4936
67/98 [===================>..........] - ETA: 0s - loss: 1.4273 - accuracy: 0.4946
70/98 [====================>.........] - ETA: 0s - loss: 1.4235 - accuracy: 0.4961
73/98 [=====================>........] - ETA: 0s - loss: 1.4198 - accuracy: 0.4979
76/98 [======================>.......] - ETA: 0s - loss: 1.4176 - accuracy: 0.4986
79/98 [=======================>......] - ETA: 0s - loss: 1.4147 - accuracy: 0.4995
82/98 [========================>.....] - ETA: 0s - loss: 1.4121 - accuracy: 0.5003
85/98 [=========================>....] - ETA: 0s - loss: 1.4101 - accuracy: 0.5003
88/98 [=========================>....] - ETA: 0s - loss: 1.4072 - accuracy: 0.5015
91/98 [==========================>...] - ETA: 0s - loss: 1.4064 - accuracy: 0.5020
94/98 [===========================>..] - ETA: 0s - loss: 1.4060 - accuracy: 0.5019
97/98 [============================>.] - ETA: 0s - loss: 1.4042 - accuracy: 0.5029
98/98 [==============================] - 3s 31ms/step - loss: 1.4032 - accuracy: 0.5032 - val_loss: 1.3045 - val_accuracy: 0.5389
Epoch 3/188

 1/98 [..............................] - ETA: 3s - loss: 1.2422 - accuracy: 0.5566
 4/98 [>.............................] - ETA: 1s - loss: 1.2445 - accuracy: 0.5596
 8/98 [=>............................] - ETA: 1s - loss: 1.2497 - accuracy: 0.5598
12/98 [==>...........................] - ETA: 1s - loss: 1.2512 - accuracy: 0.5596
15/98 [===>..........................] - ETA: 1s - loss: 1.2533 - accuracy: 0.5581
18/98 [====>.........................] - ETA: 1s - loss: 1.2643 - accuracy: 0.5536
22/98 [=====>........................] - ETA: 1s - loss: 1.2604 - accuracy: 0.5578
25/98 [======>.......................] - ETA: 1s - loss: 1.2685 - accuracy: 0.5532
28/98 [=======>......................] - ETA: 1s - loss: 1.2666 - accuracy: 0.5543
32/98 [========>.....................] - ETA: 1s - loss: 1.2638 - accuracy: 0.5560
36/98 [==========>...................] - ETA: 1s - loss: 1.2661 - accuracy: 0.5540
39/98 [==========>...................] - ETA: 1s - loss: 1.2614 - accuracy: 0.5561
43/98 [============>.................] - ETA: 1s - loss: 1.2584 - accuracy: 0.5571
46/98 [=============>................] - ETA: 0s - loss: 1.2603 - accuracy: 0.5557
49/98 [==============>...............] - ETA: 0s - loss: 1.2597 - accuracy: 0.5565
53/98 [===============>..............] - ETA: 0s - loss: 1.2587 - accuracy: 0.5566
56/98 [================>.............] - ETA: 0s - loss: 1.2574 - accuracy: 0.5571
59/98 [=================>............] - ETA: 0s - loss: 1.2569 - accuracy: 0.5579
63/98 [==================>...........] - ETA: 0s - loss: 1.2565 - accuracy: 0.5579
66/98 [===================>..........] - ETA: 0s - loss: 1.2562 - accuracy: 0.5582
70/98 [====================>.........] - ETA: 0s - loss: 1.2555 - accuracy: 0.5586
74/98 [=====================>........] - ETA: 0s - loss: 1.2533 - accuracy: 0.5591
77/98 [======================>.......] - ETA: 0s - loss: 1.2539 - accuracy: 0.5586
80/98 [=======================>......] - ETA: 0s - loss: 1.2537 - accuracy: 0.5588
84/98 [========================>.....] - ETA: 0s - loss: 1.2523 - accuracy: 0.5597
87/98 [=========================>....] - ETA: 0s - loss: 1.2507 - accuracy: 0.5601
90/98 [==========================>...] - ETA: 0s - loss: 1.2483 - accuracy: 0.5614
94/98 [===========================>..] - ETA: 0s - loss: 1.2461 - accuracy: 0.5627
98/98 [==============================] - ETA: 0s - loss: 1.2450 - accuracy: 0.5631
98/98 [==============================] - 3s 29ms/step - loss: 1.2450 - accuracy: 0.5631 - val_loss: 1.2088 - val_accuracy: 0.5708
Epoch 4/188

 1/98 [..............................] - ETA: 4s - loss: 1.1228 - accuracy: 0.6250
 4/98 [>.............................] - ETA: 1s - loss: 1.1457 - accuracy: 0.6001
 7/98 [=>............................] - ETA: 1s - loss: 1.1586 - accuracy: 0.5971
10/98 [==>...........................] - ETA: 1s - loss: 1.1663 - accuracy: 0.5959
13/98 [==>...........................] - ETA: 1s - loss: 1.1608 - accuracy: 0.5992
16/98 [===>..........................] - ETA: 1s - loss: 1.1682 - accuracy: 0.5951
19/98 [====>.........................] - ETA: 1s - loss: 1.1660 - accuracy: 0.5950
22/98 [=====>........................] - ETA: 1s - loss: 1.1680 - accuracy: 0.5938
25/98 [======>.......................] - ETA: 1s - loss: 1.1720 - accuracy: 0.5925
28/98 [=======>......................] - ETA: 1s - loss: 1.1714 - accuracy: 0.5940
31/98 [========>.....................] - ETA: 1s - loss: 1.1685 - accuracy: 0.5957
34/98 [=========>....................] - ETA: 1s - loss: 1.1674 - accuracy: 0.5955
37/98 [==========>...................] - ETA: 1s - loss: 1.1660 - accuracy: 0.5961
40/98 [===========>..................] - ETA: 1s - loss: 1.1611 - accuracy: 0.5970
43/98 [============>.................] - ETA: 1s - loss: 1.1622 - accuracy: 0.5954
45/98 [============>.................] - ETA: 1s - loss: 1.1620 - accuracy: 0.5961
48/98 [=============>................] - ETA: 1s - loss: 1.1641 - accuracy: 0.5959
51/98 [==============>...............] - ETA: 1s - loss: 1.1638 - accuracy: 0.5962
54/98 [===============>..............] - ETA: 0s - loss: 1.1639 - accuracy: 0.5960
57/98 [================>.............] - ETA: 0s - loss: 1.1636 - accuracy: 0.5966
60/98 [=================>............] - ETA: 0s - loss: 1.1635 - accuracy: 0.5961
63/98 [==================>...........] - ETA: 0s - loss: 1.1623 - accuracy: 0.5960
66/98 [===================>..........] - ETA: 0s - loss: 1.1617 - accuracy: 0.5966
69/98 [====================>.........] - ETA: 0s - loss: 1.1617 - accuracy: 0.5962
72/98 [=====================>........] - ETA: 0s - loss: 1.1610 - accuracy: 0.5959
75/98 [=====================>........] - ETA: 0s - loss: 1.1601 - accuracy: 0.5960
78/98 [======================>.......] - ETA: 0s - loss: 1.1607 - accuracy: 0.5953
81/98 [=======================>......] - ETA: 0s - loss: 1.1587 - accuracy: 0.5960
84/98 [========================>.....] - ETA: 0s - loss: 1.1585 - accuracy: 0.5961
87/98 [=========================>....] - ETA: 0s - loss: 1.1583 - accuracy: 0.5958
90/98 [==========================>...] - ETA: 0s - loss: 1.1587 - accuracy: 0.5958
93/98 [===========================>..] - ETA: 0s - loss: 1.1587 - accuracy: 0.5956
96/98 [============================>.] - ETA: 0s - loss: 1.1590 - accuracy: 0.5957
98/98 [==============================] - 3s 33ms/step - loss: 1.1579 - accuracy: 0.5961 - val_loss: 1.1822 - val_accuracy: 0.5837
Epoch 5/188

 1/98 [..............................] - ETA: 3s - loss: 1.0812 - accuracy: 0.6465
 4/98 [>.............................] - ETA: 1s - loss: 1.0891 - accuracy: 0.6313
 7/98 [=>............................] - ETA: 2s - loss: 1.0755 - accuracy: 0.6373
10/98 [==>...........................] - ETA: 1s - loss: 1.0859 - accuracy: 0.6289
13/98 [==>...........................] - ETA: 1s - loss: 1.0892 - accuracy: 0.6264
16/98 [===>..........................] - ETA: 1s - loss: 1.0781 - accuracy: 0.6296
19/98 [====>.........................] - ETA: 1s - loss: 1.0760 - accuracy: 0.6303
22/98 [=====>........................] - ETA: 1s - loss: 1.0744 - accuracy: 0.6300
25/98 [======>.......................] - ETA: 1s - loss: 1.0739 - accuracy: 0.6294
28/98 [=======>......................] - ETA: 1s - loss: 1.0740 - accuracy: 0.6293
31/98 [========>.....................] - ETA: 1s - loss: 1.0766 - accuracy: 0.6276
34/98 [=========>....................] - ETA: 1s - loss: 1.0773 - accuracy: 0.6267
37/98 [==========>...................] - ETA: 1s - loss: 1.0797 - accuracy: 0.6255
40/98 [===========>..................] - ETA: 1s - loss: 1.0791 - accuracy: 0.6251
43/98 [============>.................] - ETA: 1s - loss: 1.0780 - accuracy: 0.6246
46/98 [=============>................] - ETA: 1s - loss: 1.0768 - accuracy: 0.6255
49/98 [==============>...............] - ETA: 1s - loss: 1.0745 - accuracy: 0.6260
52/98 [==============>...............] - ETA: 1s - loss: 1.0745 - accuracy: 0.6262
55/98 [===============>..............] - ETA: 0s - loss: 1.0746 - accuracy: 0.6259
58/98 [================>.............] - ETA: 0s - loss: 1.0739 - accuracy: 0.6258
61/98 [=================>............] - ETA: 0s - loss: 1.0746 - accuracy: 0.6258
64/98 [==================>...........] - ETA: 0s - loss: 1.0765 - accuracy: 0.6248
67/98 [===================>..........] - ETA: 0s - loss: 1.0785 - accuracy: 0.6246
70/98 [====================>.........] - ETA: 0s - loss: 1.0779 - accuracy: 0.6249
73/98 [=====================>........] - ETA: 0s - loss: 1.0795 - accuracy: 0.6238
76/98 [======================>.......] - ETA: 0s - loss: 1.0806 - accuracy: 0.6238
79/98 [=======================>......] - ETA: 0s - loss: 1.0809 - accuracy: 0.6234
82/98 [========================>.....] - ETA: 0s - loss: 1.0814 - accuracy: 0.6228
85/98 [=========================>....] - ETA: 0s - loss: 1.0817 - accuracy: 0.6228
88/98 [=========================>....] - ETA: 0s - loss: 1.0816 - accuracy: 0.6230
91/98 [==========================>...] - ETA: 0s - loss: 1.0825 - accuracy: 0.6226
94/98 [===========================>..] - ETA: 0s - loss: 1.0839 - accuracy: 0.6219
97/98 [============================>.] - ETA: 0s - loss: 1.0861 - accuracy: 0.6211
98/98 [==============================] - 3s 33ms/step - loss: 1.0865 - accuracy: 0.6212 - val_loss: 1.1560 - val_accuracy: 0.5969
Epoch 6/188

 1/98 [..............................] - ETA: 4s - loss: 1.0961 - accuracy: 0.6270
 4/98 [>.............................] - ETA: 1s - loss: 1.0481 - accuracy: 0.6309
 7/98 [=>............................] - ETA: 1s - loss: 1.0467 - accuracy: 0.6409
10/98 [==>...........................] - ETA: 1s - loss: 1.0459 - accuracy: 0.6408
13/98 [==>...........................] - ETA: 1s - loss: 1.0406 - accuracy: 0.6430
16/98 [===>..........................] - ETA: 1s - loss: 1.0353 - accuracy: 0.6470
19/98 [====>.........................] - ETA: 1s - loss: 1.0324 - accuracy: 0.6474
22/98 [=====>........................] - ETA: 1s - loss: 1.0301 - accuracy: 0.6485
25/98 [======>.......................] - ETA: 1s - loss: 1.0305 - accuracy: 0.6476
28/98 [=======>......................] - ETA: 1s - loss: 1.0314 - accuracy: 0.6467
31/98 [========>.....................] - ETA: 1s - loss: 1.0286 - accuracy: 0.6468
34/98 [=========>....................] - ETA: 1s - loss: 1.0285 - accuracy: 0.6460
37/98 [==========>...................] - ETA: 1s - loss: 1.0285 - accuracy: 0.6457
40/98 [===========>..................] - ETA: 1s - loss: 1.0268 - accuracy: 0.6460
43/98 [============>.................] - ETA: 1s - loss: 1.0287 - accuracy: 0.6444
46/98 [=============>................] - ETA: 1s - loss: 1.0283 - accuracy: 0.6436
49/98 [==============>...............] - ETA: 1s - loss: 1.0253 - accuracy: 0.6439
52/98 [==============>...............] - ETA: 1s - loss: 1.0278 - accuracy: 0.6431
55/98 [===============>..............] - ETA: 0s - loss: 1.0286 - accuracy: 0.6428
58/98 [================>.............] - ETA: 0s - loss: 1.0275 - accuracy: 0.6434
61/98 [=================>............] - ETA: 0s - loss: 1.0280 - accuracy: 0.6434
64/98 [==================>...........] - ETA: 0s - loss: 1.0268 - accuracy: 0.6441
67/98 [===================>..........] - ETA: 0s - loss: 1.0266 - accuracy: 0.6440
70/98 [====================>.........] - ETA: 0s - loss: 1.0270 - accuracy: 0.6442
73/98 [=====================>........] - ETA: 0s - loss: 1.0270 - accuracy: 0.6441
76/98 [======================>.......] - ETA: 0s - loss: 1.0274 - accuracy: 0.6437
79/98 [=======================>......] - ETA: 0s - loss: 1.0282 - accuracy: 0.6434
82/98 [========================>.....] - ETA: 0s - loss: 1.0283 - accuracy: 0.6436
85/98 [=========================>....] - ETA: 0s - loss: 1.0280 - accuracy: 0.6432
88/98 [=========================>....] - ETA: 0s - loss: 1.0274 - accuracy: 0.6434
91/98 [==========================>...] - ETA: 0s - loss: 1.0270 - accuracy: 0.6435
94/98 [===========================>..] - ETA: 0s - loss: 1.0260 - accuracy: 0.6437
97/98 [============================>.] - ETA: 0s - loss: 1.0264 - accuracy: 0.6433
98/98 [==============================] - 3s 33ms/step - loss: 1.0268 - accuracy: 0.6431 - val_loss: 1.1118 - val_accuracy: 0.6098
Epoch 7/188

 1/98 [..............................] - ETA: 3s - loss: 0.9172 - accuracy: 0.7129
 4/98 [>.............................] - ETA: 1s - loss: 0.9691 - accuracy: 0.6763
 7/98 [=>............................] - ETA: 2s - loss: 0.9637 - accuracy: 0.6758
10/98 [==>...........................] - ETA: 1s - loss: 0.9827 - accuracy: 0.6631
13/98 [==>...........................] - ETA: 1s - loss: 0.9761 - accuracy: 0.6653
16/98 [===>..........................] - ETA: 1s - loss: 0.9736 - accuracy: 0.6654
19/98 [====>.........................] - ETA: 1s - loss: 0.9664 - accuracy: 0.6681
22/98 [=====>........................] - ETA: 1s - loss: 0.9686 - accuracy: 0.6665
25/98 [======>.......................] - ETA: 1s - loss: 0.9721 - accuracy: 0.6657
28/98 [=======>......................] - ETA: 1s - loss: 0.9678 - accuracy: 0.6664
31/98 [========>.....................] - ETA: 1s - loss: 0.9677 - accuracy: 0.6654
34/98 [=========>....................] - ETA: 1s - loss: 0.9656 - accuracy: 0.6667
37/98 [==========>...................] - ETA: 1s - loss: 0.9661 - accuracy: 0.6661
40/98 [===========>..................] - ETA: 1s - loss: 0.9675 - accuracy: 0.6647
43/98 [============>.................] - ETA: 1s - loss: 0.9649 - accuracy: 0.6658
46/98 [=============>................] - ETA: 1s - loss: 0.9653 - accuracy: 0.6650
49/98 [==============>...............] - ETA: 1s - loss: 0.9641 - accuracy: 0.6656
52/98 [==============>...............] - ETA: 1s - loss: 0.9672 - accuracy: 0.6645
55/98 [===============>..............] - ETA: 0s - loss: 0.9666 - accuracy: 0.6654
58/98 [================>.............] - ETA: 0s - loss: 0.9671 - accuracy: 0.6652
61/98 [=================>............] - ETA: 0s - loss: 0.9676 - accuracy: 0.6651
64/98 [==================>...........] - ETA: 0s - loss: 0.9688 - accuracy: 0.6642
67/98 [===================>..........] - ETA: 0s - loss: 0.9679 - accuracy: 0.6647
70/98 [====================>.........] - ETA: 0s - loss: 0.9687 - accuracy: 0.6641
73/98 [=====================>........] - ETA: 0s - loss: 0.9689 - accuracy: 0.6638
76/98 [======================>.......] - ETA: 0s - loss: 0.9691 - accuracy: 0.6635
79/98 [=======================>......] - ETA: 0s - loss: 0.9692 - accuracy: 0.6630
82/98 [========================>.....] - ETA: 0s - loss: 0.9693 - accuracy: 0.6628
85/98 [=========================>....] - ETA: 0s - loss: 0.9700 - accuracy: 0.6632
88/98 [=========================>....] - ETA: 0s - loss: 0.9718 - accuracy: 0.6625
91/98 [==========================>...] - ETA: 0s - loss: 0.9711 - accuracy: 0.6627
94/98 [===========================>..] - ETA: 0s - loss: 0.9719 - accuracy: 0.6625
97/98 [============================>.] - ETA: 0s - loss: 0.9720 - accuracy: 0.6622
98/98 [==============================] - 3s 33ms/step - loss: 0.9719 - accuracy: 0.6621 - val_loss: 1.1385 - val_accuracy: 0.5967
Epoch 8/188

 1/98 [..............................] - ETA: 4s - loss: 0.8987 - accuracy: 0.7090
 4/98 [>.............................] - ETA: 1s - loss: 0.9110 - accuracy: 0.6914
 6/98 [>.............................] - ETA: 2s - loss: 0.9105 - accuracy: 0.6891
 9/98 [=>............................] - ETA: 1s - loss: 0.9218 - accuracy: 0.6832
12/98 [==>...........................] - ETA: 1s - loss: 0.9205 - accuracy: 0.6823
15/98 [===>..........................] - ETA: 1s - loss: 0.9235 - accuracy: 0.6812
18/98 [====>.........................] - ETA: 1s - loss: 0.9152 - accuracy: 0.6835
21/98 [=====>........................] - ETA: 1s - loss: 0.9144 - accuracy: 0.6846
24/98 [======>.......................] - ETA: 1s - loss: 0.9151 - accuracy: 0.6846
27/98 [=======>......................] - ETA: 1s - loss: 0.9179 - accuracy: 0.6833
30/98 [========>.....................] - ETA: 1s - loss: 0.9109 - accuracy: 0.6860
33/98 [=========>....................] - ETA: 1s - loss: 0.9069 - accuracy: 0.6871
36/98 [==========>...................] - ETA: 1s - loss: 0.9049 - accuracy: 0.6869
39/98 [==========>...................] - ETA: 1s - loss: 0.9045 - accuracy: 0.6859
42/98 [===========>..................] - ETA: 1s - loss: 0.9079 - accuracy: 0.6850
45/98 [============>.................] - ETA: 1s - loss: 0.9058 - accuracy: 0.6851
48/98 [=============>................] - ETA: 1s - loss: 0.9079 - accuracy: 0.6841
51/98 [==============>...............] - ETA: 1s - loss: 0.9082 - accuracy: 0.6843
54/98 [===============>..............] - ETA: 0s - loss: 0.9089 - accuracy: 0.6837
57/98 [================>.............] - ETA: 0s - loss: 0.9104 - accuracy: 0.6829
60/98 [=================>............] - ETA: 0s - loss: 0.9102 - accuracy: 0.6833
63/98 [==================>...........] - ETA: 0s - loss: 0.9122 - accuracy: 0.6823
66/98 [===================>..........] - ETA: 0s - loss: 0.9140 - accuracy: 0.6814
69/98 [====================>.........] - ETA: 0s - loss: 0.9150 - accuracy: 0.6814
72/98 [=====================>........] - ETA: 0s - loss: 0.9150 - accuracy: 0.6812
75/98 [=====================>........] - ETA: 0s - loss: 0.9167 - accuracy: 0.6805
78/98 [======================>.......] - ETA: 0s - loss: 0.9180 - accuracy: 0.6801
81/98 [=======================>......] - ETA: 0s - loss: 0.9190 - accuracy: 0.6794
84/98 [========================>.....] - ETA: 0s - loss: 0.9201 - accuracy: 0.6790
87/98 [=========================>....] - ETA: 0s - loss: 0.9205 - accuracy: 0.6789
90/98 [==========================>...] - ETA: 0s - loss: 0.9196 - accuracy: 0.6796
93/98 [===========================>..] - ETA: 0s - loss: 0.9199 - accuracy: 0.6793
96/98 [============================>.] - ETA: 0s - loss: 0.9203 - accuracy: 0.6790
98/98 [==============================] - 3s 33ms/step - loss: 0.9204 - accuracy: 0.6790 - val_loss: 1.0770 - val_accuracy: 0.6221
Epoch 9/188

 1/98 [..............................] - ETA: 3s - loss: 0.8017 - accuracy: 0.7227
 4/98 [>.............................] - ETA: 2s - loss: 0.8647 - accuracy: 0.7021
 7/98 [=>............................] - ETA: 2s - loss: 0.8727 - accuracy: 0.7009
10/98 [==>...........................] - ETA: 1s - loss: 0.8482 - accuracy: 0.7100
13/98 [==>...........................] - ETA: 1s - loss: 0.8482 - accuracy: 0.7114
16/98 [===>..........................] - ETA: 1s - loss: 0.8539 - accuracy: 0.7106
19/98 [====>.........................] - ETA: 1s - loss: 0.8547 - accuracy: 0.7088
22/98 [=====>........................] - ETA: 1s - loss: 0.8509 - accuracy: 0.7094
25/98 [======>.......................] - ETA: 1s - loss: 0.8508 - accuracy: 0.7101
28/98 [=======>......................] - ETA: 1s - loss: 0.8544 - accuracy: 0.7079
31/98 [========>.....................] - ETA: 1s - loss: 0.8525 - accuracy: 0.7080
34/98 [=========>....................] - ETA: 1s - loss: 0.8566 - accuracy: 0.7069
37/98 [==========>...................] - ETA: 1s - loss: 0.8599 - accuracy: 0.7064
40/98 [===========>..................] - ETA: 1s - loss: 0.8614 - accuracy: 0.7049
43/98 [============>.................] - ETA: 1s - loss: 0.8640 - accuracy: 0.7042
46/98 [=============>................] - ETA: 1s - loss: 0.8627 - accuracy: 0.7049
49/98 [==============>...............] - ETA: 1s - loss: 0.8656 - accuracy: 0.7039
52/98 [==============>...............] - ETA: 1s - loss: 0.8674 - accuracy: 0.7020
55/98 [===============>..............] - ETA: 0s - loss: 0.8696 - accuracy: 0.7014
58/98 [================>.............] - ETA: 0s - loss: 0.8730 - accuracy: 0.6996
61/98 [=================>............] - ETA: 0s - loss: 0.8742 - accuracy: 0.6993
64/98 [==================>...........] - ETA: 0s - loss: 0.8764 - accuracy: 0.6981
67/98 [===================>..........] - ETA: 0s - loss: 0.8792 - accuracy: 0.6968
70/98 [====================>.........] - ETA: 0s - loss: 0.8789 - accuracy: 0.6972
73/98 [=====================>........] - ETA: 0s - loss: 0.8787 - accuracy: 0.6971
76/98 [======================>.......] - ETA: 0s - loss: 0.8801 - accuracy: 0.6967
79/98 [=======================>......] - ETA: 0s - loss: 0.8807 - accuracy: 0.6966
82/98 [========================>.....] - ETA: 0s - loss: 0.8819 - accuracy: 0.6963
85/98 [=========================>....] - ETA: 0s - loss: 0.8835 - accuracy: 0.6952
88/98 [=========================>....] - ETA: 0s - loss: 0.8832 - accuracy: 0.6950
91/98 [==========================>...] - ETA: 0s - loss: 0.8831 - accuracy: 0.6947
94/98 [===========================>..] - ETA: 0s - loss: 0.8829 - accuracy: 0.6952
97/98 [============================>.] - ETA: 0s - loss: 0.8837 - accuracy: 0.6949
98/98 [==============================] - 3s 33ms/step - loss: 0.8829 - accuracy: 0.6952 - val_loss: 1.0745 - val_accuracy: 0.6230
Epoch 10/188

 1/98 [..............................] - ETA: 3s - loss: 0.8637 - accuracy: 0.7031
 4/98 [>.............................] - ETA: 1s - loss: 0.8569 - accuracy: 0.6992
 7/98 [=>............................] - ETA: 2s - loss: 0.8543 - accuracy: 0.7059
10/98 [==>...........................] - ETA: 1s - loss: 0.8542 - accuracy: 0.7049
13/98 [==>...........................] - ETA: 1s - loss: 0.8651 - accuracy: 0.6985
16/98 [===>..........................] - ETA: 1s - loss: 0.8554 - accuracy: 0.7013
19/98 [====>.........................] - ETA: 1s - loss: 0.8571 - accuracy: 0.6991
22/98 [=====>........................] - ETA: 1s - loss: 0.8487 - accuracy: 0.7025
25/98 [======>.......................] - ETA: 1s - loss: 0.8465 - accuracy: 0.7027
28/98 [=======>......................] - ETA: 1s - loss: 0.8413 - accuracy: 0.7047
31/98 [========>.....................] - ETA: 1s - loss: 0.8363 - accuracy: 0.7075
34/98 [=========>....................] - ETA: 1s - loss: 0.8347 - accuracy: 0.7097
37/98 [==========>...................] - ETA: 1s - loss: 0.8321 - accuracy: 0.7111
41/98 [===========>..................] - ETA: 1s - loss: 0.8328 - accuracy: 0.7102
44/98 [============>.................] - ETA: 1s - loss: 0.8335 - accuracy: 0.7104
47/98 [=============>................] - ETA: 1s - loss: 0.8392 - accuracy: 0.7083
50/98 [==============>...............] - ETA: 1s - loss: 0.8402 - accuracy: 0.7080
53/98 [===============>..............] - ETA: 1s - loss: 0.8419 - accuracy: 0.7072
56/98 [================>.............] - ETA: 0s - loss: 0.8416 - accuracy: 0.7065
59/98 [=================>............] - ETA: 0s - loss: 0.8425 - accuracy: 0.7060
62/98 [=================>............] - ETA: 0s - loss: 0.8445 - accuracy: 0.7055
65/98 [==================>...........] - ETA: 0s - loss: 0.8443 - accuracy: 0.7057
68/98 [===================>..........] - ETA: 0s - loss: 0.8458 - accuracy: 0.7051
71/98 [====================>.........] - ETA: 0s - loss: 0.8468 - accuracy: 0.7050
74/98 [=====================>........] - ETA: 0s - loss: 0.8477 - accuracy: 0.7045
77/98 [======================>.......] - ETA: 0s - loss: 0.8477 - accuracy: 0.7045
80/98 [=======================>......] - ETA: 0s - loss: 0.8489 - accuracy: 0.7042
83/98 [========================>.....] - ETA: 0s - loss: 0.8503 - accuracy: 0.7034
86/98 [=========================>....] - ETA: 0s - loss: 0.8503 - accuracy: 0.7036
89/98 [==========================>...] - ETA: 0s - loss: 0.8503 - accuracy: 0.7036
92/98 [===========================>..] - ETA: 0s - loss: 0.8513 - accuracy: 0.7035
95/98 [============================>.] - ETA: 0s - loss: 0.8512 - accuracy: 0.7034
98/98 [==============================] - ETA: 0s - loss: 0.8502 - accuracy: 0.7039
98/98 [==============================] - 3s 33ms/step - loss: 0.8502 - accuracy: 0.7039 - val_loss: 1.0770 - val_accuracy: 0.6284
Epoch 11/188

 1/98 [..............................] - ETA: 3s - loss: 0.8519 - accuracy: 0.7070
 4/98 [>.............................] - ETA: 1s - loss: 0.7631 - accuracy: 0.7471
 7/98 [=>............................] - ETA: 1s - loss: 0.7725 - accuracy: 0.7397
 9/98 [=>............................] - ETA: 1s - loss: 0.7812 - accuracy: 0.7350
12/98 [==>...........................] - ETA: 1s - loss: 0.7774 - accuracy: 0.7321
15/98 [===>..........................] - ETA: 1s - loss: 0.7730 - accuracy: 0.7339
18/98 [====>.........................] - ETA: 1s - loss: 0.7768 - accuracy: 0.7310
21/98 [=====>........................] - ETA: 1s - loss: 0.7827 - accuracy: 0.7294
24/98 [======>.......................] - ETA: 1s - loss: 0.7905 - accuracy: 0.7266
27/98 [=======>......................] - ETA: 1s - loss: 0.7980 - accuracy: 0.7236
30/98 [========>.....................] - ETA: 1s - loss: 0.7995 - accuracy: 0.7236
33/98 [=========>....................] - ETA: 1s - loss: 0.8022 - accuracy: 0.7231
36/98 [==========>...................] - ETA: 1s - loss: 0.7991 - accuracy: 0.7248
39/98 [==========>...................] - ETA: 1s - loss: 0.8006 - accuracy: 0.7239
42/98 [===========>..................] - ETA: 1s - loss: 0.8031 - accuracy: 0.7223
45/98 [============>.................] - ETA: 1s - loss: 0.8034 - accuracy: 0.7217
48/98 [=============>................] - ETA: 1s - loss: 0.8029 - accuracy: 0.7217
51/98 [==============>...............] - ETA: 1s - loss: 0.8033 - accuracy: 0.7205
54/98 [===============>..............] - ETA: 0s - loss: 0.8042 - accuracy: 0.7206
57/98 [================>.............] - ETA: 0s - loss: 0.8038 - accuracy: 0.7209
60/98 [=================>............] - ETA: 0s - loss: 0.8070 - accuracy: 0.7195
63/98 [==================>...........] - ETA: 0s - loss: 0.8081 - accuracy: 0.7191
66/98 [===================>..........] - ETA: 0s - loss: 0.8094 - accuracy: 0.7187
69/98 [====================>.........] - ETA: 0s - loss: 0.8100 - accuracy: 0.7187
71/98 [====================>.........] - ETA: 0s - loss: 0.8100 - accuracy: 0.7188
74/98 [=====================>........] - ETA: 0s - loss: 0.8081 - accuracy: 0.7195
77/98 [======================>.......] - ETA: 0s - loss: 0.8079 - accuracy: 0.7192
80/98 [=======================>......] - ETA: 0s - loss: 0.8073 - accuracy: 0.7190
83/98 [========================>.....] - ETA: 0s - loss: 0.8068 - accuracy: 0.7191
86/98 [=========================>....] - ETA: 0s - loss: 0.8070 - accuracy: 0.7194
89/98 [==========================>...] - ETA: 0s - loss: 0.8069 - accuracy: 0.7194
92/98 [===========================>..] - ETA: 0s - loss: 0.8075 - accuracy: 0.7194
95/98 [============================>.] - ETA: 0s - loss: 0.8087 - accuracy: 0.7185
98/98 [==============================] - ETA: 0s - loss: 0.8088 - accuracy: 0.7184
98/98 [==============================] - 3s 33ms/step - loss: 0.8088 - accuracy: 0.7184 - val_loss: 1.0613 - val_accuracy: 0.6292
Epoch 12/188

 1/98 [..............................] - ETA: 3s - loss: 0.7476 - accuracy: 0.7695
 4/98 [>.............................] - ETA: 1s - loss: 0.7517 - accuracy: 0.7456
 7/98 [=>............................] - ETA: 1s - loss: 0.7515 - accuracy: 0.7467
10/98 [==>...........................] - ETA: 1s - loss: 0.7607 - accuracy: 0.7395
13/98 [==>...........................] - ETA: 1s - loss: 0.7607 - accuracy: 0.7381
16/98 [===>..........................] - ETA: 1s - loss: 0.7671 - accuracy: 0.7323
19/98 [====>.........................] - ETA: 1s - loss: 0.7663 - accuracy: 0.7320
22/98 [=====>........................] - ETA: 1s - loss: 0.7597 - accuracy: 0.7355
25/98 [======>.......................] - ETA: 1s - loss: 0.7640 - accuracy: 0.7337
28/98 [=======>......................] - ETA: 1s - loss: 0.7650 - accuracy: 0.7343
31/98 [========>.....................] - ETA: 1s - loss: 0.7682 - accuracy: 0.7329
34/98 [=========>....................] - ETA: 1s - loss: 0.7690 - accuracy: 0.7327
37/98 [==========>...................] - ETA: 1s - loss: 0.7687 - accuracy: 0.7330
40/98 [===========>..................] - ETA: 1s - loss: 0.7675 - accuracy: 0.7333
43/98 [============>.................] - ETA: 1s - loss: 0.7664 - accuracy: 0.7351
46/98 [=============>................] - ETA: 1s - loss: 0.7664 - accuracy: 0.7346
48/98 [=============>................] - ETA: 1s - loss: 0.7659 - accuracy: 0.7344
51/98 [==============>...............] - ETA: 1s - loss: 0.7684 - accuracy: 0.7333
54/98 [===============>..............] - ETA: 0s - loss: 0.7690 - accuracy: 0.7332
57/98 [================>.............] - ETA: 0s - loss: 0.7696 - accuracy: 0.7330
60/98 [=================>............] - ETA: 0s - loss: 0.7702 - accuracy: 0.7321
63/98 [==================>...........] - ETA: 0s - loss: 0.7719 - accuracy: 0.7315
66/98 [===================>..........] - ETA: 0s - loss: 0.7732 - accuracy: 0.7305
69/98 [====================>.........] - ETA: 0s - loss: 0.7746 - accuracy: 0.7297
72/98 [=====================>........] - ETA: 0s - loss: 0.7759 - accuracy: 0.7291
75/98 [=====================>........] - ETA: 0s - loss: 0.7781 - accuracy: 0.7285
78/98 [======================>.......] - ETA: 0s - loss: 0.7802 - accuracy: 0.7277
81/98 [=======================>......] - ETA: 0s - loss: 0.7825 - accuracy: 0.7269
84/98 [========================>.....] - ETA: 0s - loss: 0.7825 - accuracy: 0.7270
87/98 [=========================>....] - ETA: 0s - loss: 0.7833 - accuracy: 0.7269
90/98 [==========================>...] - ETA: 0s - loss: 0.7845 - accuracy: 0.7265
93/98 [===========================>..] - ETA: 0s - loss: 0.7855 - accuracy: 0.7262
96/98 [============================>.] - ETA: 0s - loss: 0.7850 - accuracy: 0.7264
98/98 [==============================] - 3s 33ms/step - loss: 0.7845 - accuracy: 0.7266 - val_loss: 1.0574 - val_accuracy: 0.6286
Epoch 13/188

 1/98 [..............................] - ETA: 4s - loss: 0.7284 - accuracy: 0.7461
 5/98 [>.............................] - ETA: 1s - loss: 0.7292 - accuracy: 0.7500
 8/98 [=>............................] - ETA: 1s - loss: 0.7246 - accuracy: 0.7526
11/98 [==>...........................] - ETA: 1s - loss: 0.7235 - accuracy: 0.7507
14/98 [===>..........................] - ETA: 1s - loss: 0.7246 - accuracy: 0.7499
17/98 [====>.........................] - ETA: 1s - loss: 0.7194 - accuracy: 0.7525
20/98 [=====>........................] - ETA: 1s - loss: 0.7223 - accuracy: 0.7520
23/98 [======>.......................] - ETA: 1s - loss: 0.7205 - accuracy: 0.7537
26/98 [======>.......................] - ETA: 1s - loss: 0.7236 - accuracy: 0.7517
29/98 [=======>......................] - ETA: 1s - loss: 0.7255 - accuracy: 0.7512
32/98 [========>.....................] - ETA: 1s - loss: 0.7280 - accuracy: 0.7505
35/98 [=========>....................] - ETA: 1s - loss: 0.7249 - accuracy: 0.7517
38/98 [==========>...................] - ETA: 1s - loss: 0.7261 - accuracy: 0.7510
41/98 [===========>..................] - ETA: 1s - loss: 0.7266 - accuracy: 0.7510
44/98 [============>.................] - ETA: 1s - loss: 0.7275 - accuracy: 0.7503
47/98 [=============>................] - ETA: 1s - loss: 0.7270 - accuracy: 0.7507
50/98 [==============>...............] - ETA: 1s - loss: 0.7287 - accuracy: 0.7494
53/98 [===============>..............] - ETA: 0s - loss: 0.7309 - accuracy: 0.7483
56/98 [================>.............] - ETA: 0s - loss: 0.7323 - accuracy: 0.7473
59/98 [=================>............] - ETA: 0s - loss: 0.7333 - accuracy: 0.7471
62/98 [=================>............] - ETA: 0s - loss: 0.7350 - accuracy: 0.7464
65/98 [==================>...........] - ETA: 0s - loss: 0.7354 - accuracy: 0.7460
68/98 [===================>..........] - ETA: 0s - loss: 0.7379 - accuracy: 0.7448
71/98 [====================>.........] - ETA: 0s - loss: 0.7382 - accuracy: 0.7443
74/98 [=====================>........] - ETA: 0s - loss: 0.7382 - accuracy: 0.7447
77/98 [======================>.......] - ETA: 0s - loss: 0.7391 - accuracy: 0.7442
80/98 [=======================>......] - ETA: 0s - loss: 0.7399 - accuracy: 0.7437
83/98 [========================>.....] - ETA: 0s - loss: 0.7409 - accuracy: 0.7432
86/98 [=========================>....] - ETA: 0s - loss: 0.7418 - accuracy: 0.7423
89/98 [==========================>...] - ETA: 0s - loss: 0.7423 - accuracy: 0.7418
92/98 [===========================>..] - ETA: 0s - loss: 0.7430 - accuracy: 0.7413
95/98 [============================>.] - ETA: 0s - loss: 0.7458 - accuracy: 0.7404
98/98 [==============================] - ETA: 0s - loss: 0.7476 - accuracy: 0.7401
98/98 [==============================] - 3s 33ms/step - loss: 0.7476 - accuracy: 0.7401 - val_loss: 1.0688 - val_accuracy: 0.6310
Epoch 14/188

 1/98 [..............................] - ETA: 3s - loss: 0.7446 - accuracy: 0.7500
 4/98 [>.............................] - ETA: 2s - loss: 0.7115 - accuracy: 0.7554
