2024-07-27 10:31:56.072797: I tensorflow/core/platform/cpu_feature_guard.cc:193] This TensorFlow binary is optimized with oneAPI Deep Neural Network Library (oneDNN) to use the following CPU instructions in performance-critical operations:  AVX AVX2
To enable them in other operations, rebuild TensorFlow with the appropriate compiler flags.
2024-07-27 10:31:57.369456: I tensorflow/core/common_runtime/gpu/gpu_device.cc:1616] Created device /job:localhost/replica:0/task:0/device:GPU:0 with 6656 MB memory:  -> device: 0, name: NVIDIA GeForce RTX 4060 Ti, pci bus id: 0000:01:00.0, compute capability: 8.9
1 Physical GPUs, 1 Logical GPUs
Model: "sequential"
_________________________________________________________________
 Layer (type)                Output Shape              Param #   
=================================================================
 conv2d (Conv2D)             (None, 32, 32, 32)        896       
                                                                 
 dropout (Dropout)           (None, 32, 32, 32)        0         
                                                                 
 flatten (Flatten)           (None, 32768)             0         
                                                                 
 dense (Dense)               (None, 116)               3801204   
                                                                 
 dropout_1 (Dropout)         (None, 116)               0         
                                                                 
 dense_1 (Dense)             (None, 10)                1170      
                                                                 
=================================================================
Total params: 3,803,270
Trainable params: 3,803,270
Non-trainable params: 0
_________________________________________________________________
Taxa de aprendizado:  0.001 Num de épocas:  188 Tamanho do lote:  512 Dropout:  0.28
Epoch 1/188
2024-07-27 10:31:58.835703: I tensorflow/stream_executor/cuda/cuda_dnn.cc:384] Loaded cuDNN version 8100
2024-07-27 10:32:00.592670: W tensorflow/stream_executor/gpu/redzone_allocator.cc:314] INTERNAL: ptxas exited with non-zero error code -1, output: 
Relying on driver to perform ptx compilation. 
Modify $PATH to customize ptxas location.
This message will be only logged once.
2024-07-27 10:32:02.378541: I tensorflow/stream_executor/cuda/cuda_blas.cc:1614] TensorFloat-32 will be used for the matrix multiplication. This will only be logged once.

 1/98 [..............................] - ETA: 8:27 - loss: 2.3209 - accuracy: 0.1113
 4/98 [>.............................] - ETA: 2s - loss: 3.8801 - accuracy: 0.1221  
 7/98 [=>............................] - ETA: 2s - loss: 3.6386 - accuracy: 0.1261
10/98 [==>...........................] - ETA: 1s - loss: 3.4467 - accuracy: 0.1307
13/98 [==>...........................] - ETA: 1s - loss: 3.3113 - accuracy: 0.1360
16/98 [===>..........................] - ETA: 1s - loss: 3.1740 - accuracy: 0.1426
19/98 [====>.........................] - ETA: 1s - loss: 3.0523 - accuracy: 0.1534
22/98 [=====>........................] - ETA: 1s - loss: 2.9442 - accuracy: 0.1614
25/98 [======>.......................] - ETA: 1s - loss: 2.8463 - accuracy: 0.1689
28/98 [=======>......................] - ETA: 1s - loss: 2.7654 - accuracy: 0.1766
31/98 [========>.....................] - ETA: 1s - loss: 2.6899 - accuracy: 0.1858
34/98 [=========>....................] - ETA: 1s - loss: 2.6186 - accuracy: 0.1974
37/98 [==========>...................] - ETA: 1s - loss: 2.5563 - accuracy: 0.2096
40/98 [===========>..................] - ETA: 1s - loss: 2.4998 - accuracy: 0.2200
43/98 [============>.................] - ETA: 1s - loss: 2.4476 - accuracy: 0.2297
46/98 [=============>................] - ETA: 1s - loss: 2.4005 - accuracy: 0.2413
49/98 [==============>...............] - ETA: 1s - loss: 2.3555 - accuracy: 0.2518
52/98 [==============>...............] - ETA: 1s - loss: 2.3145 - accuracy: 0.2625
55/98 [===============>..............] - ETA: 0s - loss: 2.2770 - accuracy: 0.2718
58/98 [================>.............] - ETA: 0s - loss: 2.2419 - accuracy: 0.2800
61/98 [=================>............] - ETA: 0s - loss: 2.2075 - accuracy: 0.2887
64/98 [==================>...........] - ETA: 0s - loss: 2.1792 - accuracy: 0.2953
67/98 [===================>..........] - ETA: 0s - loss: 2.1505 - accuracy: 0.3028
70/98 [====================>.........] - ETA: 0s - loss: 2.1250 - accuracy: 0.3094
73/98 [=====================>........] - ETA: 0s - loss: 2.0991 - accuracy: 0.3154
76/98 [======================>.......] - ETA: 0s - loss: 2.0745 - accuracy: 0.3219
79/98 [=======================>......] - ETA: 0s - loss: 2.0519 - accuracy: 0.3276
82/98 [========================>.....] - ETA: 0s - loss: 2.0299 - accuracy: 0.3338
85/98 [=========================>....] - ETA: 0s - loss: 2.0112 - accuracy: 0.3382
88/98 [=========================>....] - ETA: 0s - loss: 1.9929 - accuracy: 0.3430
91/98 [==========================>...] - ETA: 0s - loss: 1.9756 - accuracy: 0.3479
93/98 [===========================>..] - ETA: 0s - loss: 1.9669 - accuracy: 0.3496
96/98 [============================>.] - ETA: 0s - loss: 1.9510 - accuracy: 0.3538
98/98 [==============================] - 9s 37ms/step - loss: 1.9409 - accuracy: 0.3559 - val_loss: 1.3844 - val_accuracy: 0.5123
Epoch 2/188

 1/98 [..............................] - ETA: 4s - loss: 1.2991 - accuracy: 0.5723
 4/98 [>.............................] - ETA: 1s - loss: 1.3362 - accuracy: 0.5464
 7/98 [=>............................] - ETA: 1s - loss: 1.3336 - accuracy: 0.5416
10/98 [==>...........................] - ETA: 1s - loss: 1.3266 - accuracy: 0.5414
13/98 [==>...........................] - ETA: 1s - loss: 1.3279 - accuracy: 0.5400
16/98 [===>..........................] - ETA: 1s - loss: 1.3299 - accuracy: 0.5393
19/98 [====>.........................] - ETA: 1s - loss: 1.3360 - accuracy: 0.5349
22/98 [=====>........................] - ETA: 1s - loss: 1.3366 - accuracy: 0.5330
25/98 [======>.......................] - ETA: 1s - loss: 1.3341 - accuracy: 0.5341
28/98 [=======>......................] - ETA: 1s - loss: 1.3347 - accuracy: 0.5353
31/98 [========>.....................] - ETA: 1s - loss: 1.3376 - accuracy: 0.5327
34/98 [=========>....................] - ETA: 1s - loss: 1.3334 - accuracy: 0.5348
37/98 [==========>...................] - ETA: 1s - loss: 1.3321 - accuracy: 0.5335
40/98 [===========>..................] - ETA: 1s - loss: 1.3323 - accuracy: 0.5331
43/98 [============>.................] - ETA: 1s - loss: 1.3298 - accuracy: 0.5342
46/98 [=============>................] - ETA: 1s - loss: 1.3269 - accuracy: 0.5341
49/98 [==============>...............] - ETA: 1s - loss: 1.3240 - accuracy: 0.5348
52/98 [==============>...............] - ETA: 1s - loss: 1.3236 - accuracy: 0.5347
55/98 [===============>..............] - ETA: 0s - loss: 1.3225 - accuracy: 0.5353
57/98 [================>.............] - ETA: 0s - loss: 1.3232 - accuracy: 0.5352
60/98 [=================>............] - ETA: 0s - loss: 1.3224 - accuracy: 0.5353
63/98 [==================>...........] - ETA: 0s - loss: 1.3221 - accuracy: 0.5351
66/98 [===================>..........] - ETA: 0s - loss: 1.3192 - accuracy: 0.5367
69/98 [====================>.........] - ETA: 0s - loss: 1.3172 - accuracy: 0.5372
72/98 [=====================>........] - ETA: 0s - loss: 1.3158 - accuracy: 0.5376
75/98 [=====================>........] - ETA: 0s - loss: 1.3149 - accuracy: 0.5380
77/98 [======================>.......] - ETA: 0s - loss: 1.3162 - accuracy: 0.5381
80/98 [=======================>......] - ETA: 0s - loss: 1.3158 - accuracy: 0.5384
83/98 [========================>.....] - ETA: 0s - loss: 1.3146 - accuracy: 0.5384
86/98 [=========================>....] - ETA: 0s - loss: 1.3136 - accuracy: 0.5387
89/98 [==========================>...] - ETA: 0s - loss: 1.3120 - accuracy: 0.5389
92/98 [===========================>..] - ETA: 0s - loss: 1.3135 - accuracy: 0.5381
95/98 [============================>.] - ETA: 0s - loss: 1.3134 - accuracy: 0.5377
98/98 [==============================] - ETA: 0s - loss: 1.3145 - accuracy: 0.5377
98/98 [==============================] - 3s 33ms/step - loss: 1.3145 - accuracy: 0.5377 - val_loss: 1.2724 - val_accuracy: 0.5492
Epoch 3/188

 1/98 [..............................] - ETA: 3s - loss: 1.3130 - accuracy: 0.5391
 4/98 [>.............................] - ETA: 2s - loss: 1.2380 - accuracy: 0.5762
 7/98 [=>............................] - ETA: 2s - loss: 1.2343 - accuracy: 0.5762
10/98 [==>...........................] - ETA: 1s - loss: 1.2324 - accuracy: 0.5719
13/98 [==>...........................] - ETA: 1s - loss: 1.2207 - accuracy: 0.5717
16/98 [===>..........................] - ETA: 1s - loss: 1.2147 - accuracy: 0.5725
19/98 [====>.........................] - ETA: 1s - loss: 1.2095 - accuracy: 0.5733
22/98 [=====>........................] - ETA: 1s - loss: 1.2046 - accuracy: 0.5737
25/98 [======>.......................] - ETA: 1s - loss: 1.2097 - accuracy: 0.5727
28/98 [=======>......................] - ETA: 1s - loss: 1.2055 - accuracy: 0.5736
31/98 [========>.....................] - ETA: 1s - loss: 1.2048 - accuracy: 0.5741
34/98 [=========>....................] - ETA: 1s - loss: 1.2013 - accuracy: 0.5766
37/98 [==========>...................] - ETA: 1s - loss: 1.2017 - accuracy: 0.5769
40/98 [===========>..................] - ETA: 1s - loss: 1.1997 - accuracy: 0.5782
43/98 [============>.................] - ETA: 1s - loss: 1.1993 - accuracy: 0.5789
46/98 [=============>................] - ETA: 1s - loss: 1.2003 - accuracy: 0.5779
49/98 [==============>...............] - ETA: 1s - loss: 1.2010 - accuracy: 0.5775
52/98 [==============>...............] - ETA: 1s - loss: 1.2020 - accuracy: 0.5779
55/98 [===============>..............] - ETA: 0s - loss: 1.2018 - accuracy: 0.5785
58/98 [================>.............] - ETA: 0s - loss: 1.2035 - accuracy: 0.5774
61/98 [=================>............] - ETA: 0s - loss: 1.2034 - accuracy: 0.5769
64/98 [==================>...........] - ETA: 0s - loss: 1.2031 - accuracy: 0.5775
67/98 [===================>..........] - ETA: 0s - loss: 1.2040 - accuracy: 0.5768
70/98 [====================>.........] - ETA: 0s - loss: 1.2043 - accuracy: 0.5767
73/98 [=====================>........] - ETA: 0s - loss: 1.2019 - accuracy: 0.5776
76/98 [======================>.......] - ETA: 0s - loss: 1.2012 - accuracy: 0.5775
79/98 [=======================>......] - ETA: 0s - loss: 1.1996 - accuracy: 0.5781
82/98 [========================>.....] - ETA: 0s - loss: 1.1992 - accuracy: 0.5788
85/98 [=========================>....] - ETA: 0s - loss: 1.1990 - accuracy: 0.5787
88/98 [=========================>....] - ETA: 0s - loss: 1.1979 - accuracy: 0.5792
91/98 [==========================>...] - ETA: 0s - loss: 1.1998 - accuracy: 0.5787
94/98 [===========================>..] - ETA: 0s - loss: 1.1997 - accuracy: 0.5784
97/98 [============================>.] - ETA: 0s - loss: 1.2000 - accuracy: 0.5779
98/98 [==============================] - 3s 33ms/step - loss: 1.2001 - accuracy: 0.5779 - val_loss: 1.2233 - val_accuracy: 0.5666
Epoch 4/188

 1/98 [..............................] - ETA: 4s - loss: 1.0629 - accuracy: 0.6035
 4/98 [>.............................] - ETA: 1s - loss: 1.0901 - accuracy: 0.6274
 7/98 [=>............................] - ETA: 1s - loss: 1.0929 - accuracy: 0.6264
10/98 [==>...........................] - ETA: 1s - loss: 1.1031 - accuracy: 0.6176
13/98 [==>...........................] - ETA: 1s - loss: 1.1018 - accuracy: 0.6196
16/98 [===>..........................] - ETA: 1s - loss: 1.1068 - accuracy: 0.6184
19/98 [====>.........................] - ETA: 1s - loss: 1.1107 - accuracy: 0.6132
22/98 [=====>........................] - ETA: 1s - loss: 1.1127 - accuracy: 0.6126
25/98 [======>.......................] - ETA: 1s - loss: 1.1173 - accuracy: 0.6110
28/98 [=======>......................] - ETA: 1s - loss: 1.1174 - accuracy: 0.6115
31/98 [========>.....................] - ETA: 1s - loss: 1.1157 - accuracy: 0.6114
34/98 [=========>....................] - ETA: 1s - loss: 1.1176 - accuracy: 0.6098
37/98 [==========>...................] - ETA: 1s - loss: 1.1174 - accuracy: 0.6087
40/98 [===========>..................] - ETA: 1s - loss: 1.1160 - accuracy: 0.6083
43/98 [============>.................] - ETA: 1s - loss: 1.1152 - accuracy: 0.6084
46/98 [=============>................] - ETA: 1s - loss: 1.1148 - accuracy: 0.6090
49/98 [==============>...............] - ETA: 1s - loss: 1.1175 - accuracy: 0.6084
52/98 [==============>...............] - ETA: 1s - loss: 1.1194 - accuracy: 0.6074
55/98 [===============>..............] - ETA: 0s - loss: 1.1214 - accuracy: 0.6062
58/98 [================>.............] - ETA: 0s - loss: 1.1230 - accuracy: 0.6056
61/98 [=================>............] - ETA: 0s - loss: 1.1215 - accuracy: 0.6053
64/98 [==================>...........] - ETA: 0s - loss: 1.1215 - accuracy: 0.6054
67/98 [===================>..........] - ETA: 0s - loss: 1.1208 - accuracy: 0.6063
70/98 [====================>.........] - ETA: 0s - loss: 1.1213 - accuracy: 0.6067
73/98 [=====================>........] - ETA: 0s - loss: 1.1213 - accuracy: 0.6065
76/98 [======================>.......] - ETA: 0s - loss: 1.1213 - accuracy: 0.6064
79/98 [=======================>......] - ETA: 0s - loss: 1.1217 - accuracy: 0.6066
82/98 [========================>.....] - ETA: 0s - loss: 1.1227 - accuracy: 0.6065
85/98 [=========================>....] - ETA: 0s - loss: 1.1212 - accuracy: 0.6067
88/98 [=========================>....] - ETA: 0s - loss: 1.1206 - accuracy: 0.6070
91/98 [==========================>...] - ETA: 0s - loss: 1.1204 - accuracy: 0.6074
94/98 [===========================>..] - ETA: 0s - loss: 1.1205 - accuracy: 0.6072
97/98 [============================>.] - ETA: 0s - loss: 1.1208 - accuracy: 0.6071
98/98 [==============================] - 3s 33ms/step - loss: 1.1204 - accuracy: 0.6071 - val_loss: 1.1939 - val_accuracy: 0.5815
Epoch 5/188

 1/98 [..............................] - ETA: 3s - loss: 1.0222 - accuracy: 0.6582
 4/98 [>.............................] - ETA: 1s - loss: 1.0489 - accuracy: 0.6436
 7/98 [=>............................] - ETA: 1s - loss: 1.0511 - accuracy: 0.6420
10/98 [==>...........................] - ETA: 1s - loss: 1.0432 - accuracy: 0.6420
13/98 [==>...........................] - ETA: 1s - loss: 1.0452 - accuracy: 0.6402
16/98 [===>..........................] - ETA: 1s - loss: 1.0506 - accuracy: 0.6357
19/98 [====>.........................] - ETA: 1s - loss: 1.0532 - accuracy: 0.6330
22/98 [=====>........................] - ETA: 1s - loss: 1.0544 - accuracy: 0.6328
25/98 [======>.......................] - ETA: 1s - loss: 1.0532 - accuracy: 0.6338
28/98 [=======>......................] - ETA: 1s - loss: 1.0550 - accuracy: 0.6328
31/98 [========>.....................] - ETA: 1s - loss: 1.0540 - accuracy: 0.6329
35/98 [=========>....................] - ETA: 1s - loss: 1.0512 - accuracy: 0.6356
38/98 [==========>...................] - ETA: 1s - loss: 1.0511 - accuracy: 0.6358
41/98 [===========>..................] - ETA: 1s - loss: 1.0489 - accuracy: 0.6364
44/98 [============>.................] - ETA: 1s - loss: 1.0490 - accuracy: 0.6363
47/98 [=============>................] - ETA: 1s - loss: 1.0523 - accuracy: 0.6352
50/98 [==============>...............] - ETA: 1s - loss: 1.0515 - accuracy: 0.6350
53/98 [===============>..............] - ETA: 0s - loss: 1.0527 - accuracy: 0.6342
56/98 [================>.............] - ETA: 0s - loss: 1.0530 - accuracy: 0.6335
59/98 [=================>............] - ETA: 0s - loss: 1.0545 - accuracy: 0.6327
62/98 [=================>............] - ETA: 0s - loss: 1.0522 - accuracy: 0.6337
65/98 [==================>...........] - ETA: 0s - loss: 1.0516 - accuracy: 0.6340
67/98 [===================>..........] - ETA: 0s - loss: 1.0517 - accuracy: 0.6337
70/98 [====================>.........] - ETA: 0s - loss: 1.0519 - accuracy: 0.6333
73/98 [=====================>........] - ETA: 0s - loss: 1.0528 - accuracy: 0.6330
76/98 [======================>.......] - ETA: 0s - loss: 1.0543 - accuracy: 0.6325
79/98 [=======================>......] - ETA: 0s - loss: 1.0541 - accuracy: 0.6329
82/98 [========================>.....] - ETA: 0s - loss: 1.0547 - accuracy: 0.6321
85/98 [=========================>....] - ETA: 0s - loss: 1.0559 - accuracy: 0.6317
88/98 [=========================>....] - ETA: 0s - loss: 1.0556 - accuracy: 0.6318
91/98 [==========================>...] - ETA: 0s - loss: 1.0553 - accuracy: 0.6317
94/98 [===========================>..] - ETA: 0s - loss: 1.0573 - accuracy: 0.6309
97/98 [============================>.] - ETA: 0s - loss: 1.0580 - accuracy: 0.6303
98/98 [==============================] - 3s 33ms/step - loss: 1.0583 - accuracy: 0.6302 - val_loss: 1.1722 - val_accuracy: 0.5901
Epoch 6/188

 1/98 [..............................] - ETA: 4s - loss: 1.0094 - accuracy: 0.6582
 4/98 [>.............................] - ETA: 1s - loss: 0.9947 - accuracy: 0.6538
 7/98 [=>............................] - ETA: 1s - loss: 1.0080 - accuracy: 0.6496
10/98 [==>...........................] - ETA: 1s - loss: 1.0004 - accuracy: 0.6539
13/98 [==>...........................] - ETA: 1s - loss: 1.0014 - accuracy: 0.6504
16/98 [===>..........................] - ETA: 1s - loss: 1.0055 - accuracy: 0.6472
19/98 [====>.........................] - ETA: 1s - loss: 1.0000 - accuracy: 0.6509
22/98 [=====>........................] - ETA: 1s - loss: 1.0002 - accuracy: 0.6521
25/98 [======>.......................] - ETA: 1s - loss: 0.9963 - accuracy: 0.6537
28/98 [=======>......................] - ETA: 1s - loss: 0.9960 - accuracy: 0.6545
31/98 [========>.....................] - ETA: 1s - loss: 0.9924 - accuracy: 0.6549
34/98 [=========>....................] - ETA: 1s - loss: 0.9906 - accuracy: 0.6565
37/98 [==========>...................] - ETA: 1s - loss: 0.9916 - accuracy: 0.6565
40/98 [===========>..................] - ETA: 1s - loss: 0.9926 - accuracy: 0.6560
43/98 [============>.................] - ETA: 1s - loss: 0.9966 - accuracy: 0.6534
46/98 [=============>................] - ETA: 1s - loss: 0.9976 - accuracy: 0.6531
49/98 [==============>...............] - ETA: 1s - loss: 1.0009 - accuracy: 0.6513
52/98 [==============>...............] - ETA: 1s - loss: 1.0011 - accuracy: 0.6514
55/98 [===============>..............] - ETA: 0s - loss: 1.0040 - accuracy: 0.6500
58/98 [================>.............] - ETA: 0s - loss: 1.0046 - accuracy: 0.6494
61/98 [=================>............] - ETA: 0s - loss: 1.0056 - accuracy: 0.6491
64/98 [==================>...........] - ETA: 0s - loss: 1.0044 - accuracy: 0.6495
67/98 [===================>..........] - ETA: 0s - loss: 1.0043 - accuracy: 0.6498
70/98 [====================>.........] - ETA: 0s - loss: 1.0036 - accuracy: 0.6495
73/98 [=====================>........] - ETA: 0s - loss: 1.0033 - accuracy: 0.6487
76/98 [======================>.......] - ETA: 0s - loss: 1.0053 - accuracy: 0.6485
79/98 [=======================>......] - ETA: 0s - loss: 1.0047 - accuracy: 0.6484
82/98 [========================>.....] - ETA: 0s - loss: 1.0042 - accuracy: 0.6485
85/98 [=========================>....] - ETA: 0s - loss: 1.0047 - accuracy: 0.6483
88/98 [=========================>....] - ETA: 0s - loss: 1.0046 - accuracy: 0.6487
91/98 [==========================>...] - ETA: 0s - loss: 1.0075 - accuracy: 0.6478
94/98 [===========================>..] - ETA: 0s - loss: 1.0073 - accuracy: 0.6478
98/98 [==============================] - ETA: 0s - loss: 1.0084 - accuracy: 0.6476
98/98 [==============================] - 3s 33ms/step - loss: 1.0084 - accuracy: 0.6476 - val_loss: 1.1543 - val_accuracy: 0.5968
Epoch 7/188

 1/98 [..............................] - ETA: 3s - loss: 0.9543 - accuracy: 0.6758
 4/98 [>.............................] - ETA: 1s - loss: 0.9613 - accuracy: 0.6655
 7/98 [=>............................] - ETA: 1s - loss: 0.9461 - accuracy: 0.6769
10/98 [==>...........................] - ETA: 1s - loss: 0.9491 - accuracy: 0.6795
13/98 [==>...........................] - ETA: 1s - loss: 0.9492 - accuracy: 0.6755
16/98 [===>..........................] - ETA: 1s - loss: 0.9535 - accuracy: 0.6735
19/98 [====>.........................] - ETA: 1s - loss: 0.9529 - accuracy: 0.6738
22/98 [=====>........................] - ETA: 1s - loss: 0.9560 - accuracy: 0.6726
25/98 [======>.......................] - ETA: 1s - loss: 0.9587 - accuracy: 0.6709
28/98 [=======>......................] - ETA: 1s - loss: 0.9571 - accuracy: 0.6706
31/98 [========>.....................] - ETA: 1s - loss: 0.9582 - accuracy: 0.6706
34/98 [=========>....................] - ETA: 1s - loss: 0.9565 - accuracy: 0.6700
37/98 [==========>...................] - ETA: 1s - loss: 0.9565 - accuracy: 0.6690
40/98 [===========>..................] - ETA: 1s - loss: 0.9551 - accuracy: 0.6699
43/98 [============>.................] - ETA: 1s - loss: 0.9585 - accuracy: 0.6687
46/98 [=============>................] - ETA: 1s - loss: 0.9589 - accuracy: 0.6682
49/98 [==============>...............] - ETA: 1s - loss: 0.9581 - accuracy: 0.6688
52/98 [==============>...............] - ETA: 1s - loss: 0.9588 - accuracy: 0.6688
55/98 [===============>..............] - ETA: 0s - loss: 0.9583 - accuracy: 0.6682
58/98 [================>.............] - ETA: 0s - loss: 0.9571 - accuracy: 0.6685
61/98 [=================>............] - ETA: 0s - loss: 0.9574 - accuracy: 0.6686
64/98 [==================>...........] - ETA: 0s - loss: 0.9577 - accuracy: 0.6682
67/98 [===================>..........] - ETA: 0s - loss: 0.9572 - accuracy: 0.6677
70/98 [====================>.........] - ETA: 0s - loss: 0.9568 - accuracy: 0.6676
73/98 [=====================>........] - ETA: 0s - loss: 0.9556 - accuracy: 0.6682
76/98 [======================>.......] - ETA: 0s - loss: 0.9565 - accuracy: 0.6683
79/98 [=======================>......] - ETA: 0s - loss: 0.9572 - accuracy: 0.6680
82/98 [========================>.....] - ETA: 0s - loss: 0.9581 - accuracy: 0.6676
85/98 [=========================>....] - ETA: 0s - loss: 0.9586 - accuracy: 0.6678
88/98 [=========================>....] - ETA: 0s - loss: 0.9568 - accuracy: 0.6683
91/98 [==========================>...] - ETA: 0s - loss: 0.9564 - accuracy: 0.6684
94/98 [===========================>..] - ETA: 0s - loss: 0.9570 - accuracy: 0.6678
97/98 [============================>.] - ETA: 0s - loss: 0.9583 - accuracy: 0.6668
98/98 [==============================] - 3s 33ms/step - loss: 0.9592 - accuracy: 0.6665 - val_loss: 1.1398 - val_accuracy: 0.5989
Epoch 8/188

 1/98 [..............................] - ETA: 3s - loss: 0.8940 - accuracy: 0.6719
 4/98 [>.............................] - ETA: 1s - loss: 0.8673 - accuracy: 0.6909
 7/98 [=>............................] - ETA: 2s - loss: 0.8847 - accuracy: 0.6847
10/98 [==>...........................] - ETA: 1s - loss: 0.8997 - accuracy: 0.6818
13/98 [==>...........................] - ETA: 1s - loss: 0.9057 - accuracy: 0.6863
16/98 [===>..........................] - ETA: 1s - loss: 0.9013 - accuracy: 0.6891
19/98 [====>.........................] - ETA: 1s - loss: 0.9069 - accuracy: 0.6870
22/98 [=====>........................] - ETA: 1s - loss: 0.9069 - accuracy: 0.6873
25/98 [======>.......................] - ETA: 1s - loss: 0.9062 - accuracy: 0.6876
28/98 [=======>......................] - ETA: 1s - loss: 0.9060 - accuracy: 0.6869
31/98 [========>.....................] - ETA: 1s - loss: 0.9076 - accuracy: 0.6854
34/98 [=========>....................] - ETA: 1s - loss: 0.9060 - accuracy: 0.6869
37/98 [==========>...................] - ETA: 1s - loss: 0.9079 - accuracy: 0.6864
40/98 [===========>..................] - ETA: 1s - loss: 0.9083 - accuracy: 0.6861
43/98 [============>.................] - ETA: 1s - loss: 0.9101 - accuracy: 0.6852
46/98 [=============>................] - ETA: 1s - loss: 0.9123 - accuracy: 0.6842
49/98 [==============>...............] - ETA: 1s - loss: 0.9128 - accuracy: 0.6832
52/98 [==============>...............] - ETA: 1s - loss: 0.9127 - accuracy: 0.6832
55/98 [===============>..............] - ETA: 0s - loss: 0.9123 - accuracy: 0.6831
58/98 [================>.............] - ETA: 0s - loss: 0.9146 - accuracy: 0.6824
61/98 [=================>............] - ETA: 0s - loss: 0.9130 - accuracy: 0.6833
64/98 [==================>...........] - ETA: 0s - loss: 0.9126 - accuracy: 0.6838
67/98 [===================>..........] - ETA: 0s - loss: 0.9137 - accuracy: 0.6833
70/98 [====================>.........] - ETA: 0s - loss: 0.9152 - accuracy: 0.6827
73/98 [=====================>........] - ETA: 0s - loss: 0.9161 - accuracy: 0.6821
76/98 [======================>.......] - ETA: 0s - loss: 0.9177 - accuracy: 0.6814
78/98 [======================>.......] - ETA: 0s - loss: 0.9168 - accuracy: 0.6818
81/98 [=======================>......] - ETA: 0s - loss: 0.9166 - accuracy: 0.6818
84/98 [========================>.....] - ETA: 0s - loss: 0.9168 - accuracy: 0.6819
87/98 [=========================>....] - ETA: 0s - loss: 0.9185 - accuracy: 0.6813
90/98 [==========================>...] - ETA: 0s - loss: 0.9209 - accuracy: 0.6804
93/98 [===========================>..] - ETA: 0s - loss: 0.9219 - accuracy: 0.6798
96/98 [============================>.] - ETA: 0s - loss: 0.9220 - accuracy: 0.6793
98/98 [==============================] - 3s 33ms/step - loss: 0.9223 - accuracy: 0.6790 - val_loss: 1.1359 - val_accuracy: 0.6007
Epoch 9/188

 1/98 [..............................] - ETA: 3s - loss: 0.8856 - accuracy: 0.7109
 4/98 [>.............................] - ETA: 1s - loss: 0.8720 - accuracy: 0.7021
 7/98 [=>............................] - ETA: 1s - loss: 0.8658 - accuracy: 0.7054
10/98 [==>...........................] - ETA: 1s - loss: 0.8672 - accuracy: 0.7043
13/98 [==>...........................] - ETA: 1s - loss: 0.8684 - accuracy: 0.7031
16/98 [===>..........................] - ETA: 1s - loss: 0.8618 - accuracy: 0.7030
19/98 [====>.........................] - ETA: 1s - loss: 0.8613 - accuracy: 0.7025
22/98 [=====>........................] - ETA: 1s - loss: 0.8635 - accuracy: 0.7005
25/98 [======>.......................] - ETA: 1s - loss: 0.8671 - accuracy: 0.6982
28/98 [=======>......................] - ETA: 1s - loss: 0.8722 - accuracy: 0.6980
31/98 [========>.....................] - ETA: 1s - loss: 0.8772 - accuracy: 0.6950
34/98 [=========>....................] - ETA: 1s - loss: 0.8786 - accuracy: 0.6937
37/98 [==========>...................] - ETA: 1s - loss: 0.8776 - accuracy: 0.6936
40/98 [===========>..................] - ETA: 1s - loss: 0.8792 - accuracy: 0.6933
43/98 [============>.................] - ETA: 1s - loss: 0.8825 - accuracy: 0.6921
46/98 [=============>................] - ETA: 1s - loss: 0.8879 - accuracy: 0.6902
49/98 [==============>...............] - ETA: 1s - loss: 0.8915 - accuracy: 0.6885
52/98 [==============>...............] - ETA: 1s - loss: 0.8920 - accuracy: 0.6883
55/98 [===============>..............] - ETA: 0s - loss: 0.8924 - accuracy: 0.6889
58/98 [================>.............] - ETA: 0s - loss: 0.8909 - accuracy: 0.6897
61/98 [=================>............] - ETA: 0s - loss: 0.8936 - accuracy: 0.6888
64/98 [==================>...........] - ETA: 0s - loss: 0.8936 - accuracy: 0.6890
67/98 [===================>..........] - ETA: 0s - loss: 0.8928 - accuracy: 0.6897
70/98 [====================>.........] - ETA: 0s - loss: 0.8911 - accuracy: 0.6900
73/98 [=====================>........] - ETA: 0s - loss: 0.8916 - accuracy: 0.6895
76/98 [======================>.......] - ETA: 0s - loss: 0.8921 - accuracy: 0.6888
79/98 [=======================>......] - ETA: 0s - loss: 0.8914 - accuracy: 0.6888
82/98 [========================>.....] - ETA: 0s - loss: 0.8919 - accuracy: 0.6889
85/98 [=========================>....] - ETA: 0s - loss: 0.8915 - accuracy: 0.6887
88/98 [=========================>....] - ETA: 0s - loss: 0.8927 - accuracy: 0.6883
91/98 [==========================>...] - ETA: 0s - loss: 0.8935 - accuracy: 0.6874
93/98 [===========================>..] - ETA: 0s - loss: 0.8952 - accuracy: 0.6869
96/98 [============================>.] - ETA: 0s - loss: 0.8944 - accuracy: 0.6871
98/98 [==============================] - 3s 33ms/step - loss: 0.8956 - accuracy: 0.6869 - val_loss: 1.1262 - val_accuracy: 0.6095
Epoch 10/188

 1/98 [..............................] - ETA: 2s - loss: 0.8769 - accuracy: 0.7012
 4/98 [>.............................] - ETA: 1s - loss: 0.8506 - accuracy: 0.6997
 7/98 [=>............................] - ETA: 1s - loss: 0.8432 - accuracy: 0.7070
10/98 [==>...........................] - ETA: 2s - loss: 0.8422 - accuracy: 0.7068
13/98 [==>...........................] - ETA: 1s - loss: 0.8397 - accuracy: 0.7052
16/98 [===>..........................] - ETA: 1s - loss: 0.8346 - accuracy: 0.7067
19/98 [====>.........................] - ETA: 1s - loss: 0.8290 - accuracy: 0.7098
22/98 [=====>........................] - ETA: 1s - loss: 0.8371 - accuracy: 0.7091
25/98 [======>.......................] - ETA: 1s - loss: 0.8395 - accuracy: 0.7080
28/98 [=======>......................] - ETA: 1s - loss: 0.8439 - accuracy: 0.7065
31/98 [========>.....................] - ETA: 1s - loss: 0.8449 - accuracy: 0.7056
34/98 [=========>....................] - ETA: 1s - loss: 0.8467 - accuracy: 0.7061
37/98 [==========>...................] - ETA: 1s - loss: 0.8493 - accuracy: 0.7046
40/98 [===========>..................] - ETA: 1s - loss: 0.8508 - accuracy: 0.7038
43/98 [============>.................] - ETA: 1s - loss: 0.8515 - accuracy: 0.7040
46/98 [=============>................] - ETA: 1s - loss: 0.8484 - accuracy: 0.7058
49/98 [==============>...............] - ETA: 1s - loss: 0.8490 - accuracy: 0.7064
52/98 [==============>...............] - ETA: 1s - loss: 0.8488 - accuracy: 0.7062
55/98 [===============>..............] - ETA: 0s - loss: 0.8476 - accuracy: 0.7056
58/98 [================>.............] - ETA: 0s - loss: 0.8480 - accuracy: 0.7060
61/98 [=================>............] - ETA: 0s - loss: 0.8475 - accuracy: 0.7049
65/98 [==================>...........] - ETA: 0s - loss: 0.8473 - accuracy: 0.7044
68/98 [===================>..........] - ETA: 0s - loss: 0.8486 - accuracy: 0.7042
71/98 [====================>.........] - ETA: 0s - loss: 0.8500 - accuracy: 0.7036
74/98 [=====================>........] - ETA: 0s - loss: 0.8521 - accuracy: 0.7026
77/98 [======================>.......] - ETA: 0s - loss: 0.8528 - accuracy: 0.7022
80/98 [=======================>......] - ETA: 0s - loss: 0.8524 - accuracy: 0.7027
83/98 [========================>.....] - ETA: 0s - loss: 0.8523 - accuracy: 0.7027
86/98 [=========================>....] - ETA: 0s - loss: 0.8530 - accuracy: 0.7021
89/98 [==========================>...] - ETA: 0s - loss: 0.8526 - accuracy: 0.7025
92/98 [===========================>..] - ETA: 0s - loss: 0.8534 - accuracy: 0.7023
95/98 [============================>.] - ETA: 0s - loss: 0.8534 - accuracy: 0.7023
98/98 [==============================] - ETA: 0s - loss: 0.8548 - accuracy: 0.7020
98/98 [==============================] - 3s 33ms/step - loss: 0.8548 - accuracy: 0.7020 - val_loss: 1.1139 - val_accuracy: 0.6132
Epoch 11/188

 1/98 [..............................] - ETA: 3s - loss: 0.8270 - accuracy: 0.7148
 4/98 [>.............................] - ETA: 2s - loss: 0.8165 - accuracy: 0.7202
 7/98 [=>............................] - ETA: 2s - loss: 0.8209 - accuracy: 0.7151
 9/98 [=>............................] - ETA: 2s - loss: 0.8152 - accuracy: 0.7174
12/98 [==>...........................] - ETA: 1s - loss: 0.8123 - accuracy: 0.7155
15/98 [===>..........................] - ETA: 1s - loss: 0.8073 - accuracy: 0.7211
18/98 [====>.........................] - ETA: 1s - loss: 0.8074 - accuracy: 0.7205
21/98 [=====>........................] - ETA: 1s - loss: 0.8057 - accuracy: 0.7201
24/98 [======>.......................] - ETA: 1s - loss: 0.8063 - accuracy: 0.7200
27/98 [=======>......................] - ETA: 1s - loss: 0.8036 - accuracy: 0.7205
30/98 [========>.....................] - ETA: 1s - loss: 0.8019 - accuracy: 0.7211
33/98 [=========>....................] - ETA: 1s - loss: 0.8000 - accuracy: 0.7215
36/98 [==========>...................] - ETA: 1s - loss: 0.8010 - accuracy: 0.7209
39/98 [==========>...................] - ETA: 1s - loss: 0.8010 - accuracy: 0.7208
42/98 [===========>..................] - ETA: 1s - loss: 0.8038 - accuracy: 0.7197
45/98 [============>.................] - ETA: 1s - loss: 0.8044 - accuracy: 0.7201
48/98 [=============>................] - ETA: 1s - loss: 0.8055 - accuracy: 0.7195
51/98 [==============>...............] - ETA: 1s - loss: 0.8065 - accuracy: 0.7184
54/98 [===============>..............] - ETA: 0s - loss: 0.8069 - accuracy: 0.7185
56/98 [================>.............] - ETA: 0s - loss: 0.8071 - accuracy: 0.7185
59/98 [=================>............] - ETA: 0s - loss: 0.8126 - accuracy: 0.7165
62/98 [=================>............] - ETA: 0s - loss: 0.8113 - accuracy: 0.7161
65/98 [==================>...........] - ETA: 0s - loss: 0.8125 - accuracy: 0.7156
68/98 [===================>..........] - ETA: 0s - loss: 0.8124 - accuracy: 0.7156
71/98 [====================>.........] - ETA: 0s - loss: 0.8125 - accuracy: 0.7153
74/98 [=====================>........] - ETA: 0s - loss: 0.8141 - accuracy: 0.7148
77/98 [======================>.......] - ETA: 0s - loss: 0.8135 - accuracy: 0.7152
80/98 [=======================>......] - ETA: 0s - loss: 0.8144 - accuracy: 0.7152
83/98 [========================>.....] - ETA: 0s - loss: 0.8131 - accuracy: 0.7157
86/98 [=========================>....] - ETA: 0s - loss: 0.8130 - accuracy: 0.7160
89/98 [==========================>...] - ETA: 0s - loss: 0.8137 - accuracy: 0.7159
92/98 [===========================>..] - ETA: 0s - loss: 0.8132 - accuracy: 0.7158
95/98 [============================>.] - ETA: 0s - loss: 0.8144 - accuracy: 0.7151
98/98 [==============================] - ETA: 0s - loss: 0.8139 - accuracy: 0.7150
98/98 [==============================] - 3s 33ms/step - loss: 0.8139 - accuracy: 0.7150 - val_loss: 1.1070 - val_accuracy: 0.6144
Epoch 12/188

 1/98 [..............................] - ETA: 3s - loss: 0.7391 - accuracy: 0.7520
 4/98 [>.............................] - ETA: 2s - loss: 0.7859 - accuracy: 0.7236
 7/98 [=>............................] - ETA: 2s - loss: 0.7746 - accuracy: 0.7333
10/98 [==>...........................] - ETA: 1s - loss: 0.7767 - accuracy: 0.7293
13/98 [==>...........................] - ETA: 1s - loss: 0.7780 - accuracy: 0.7261
16/98 [===>..........................] - ETA: 1s - loss: 0.7798 - accuracy: 0.7263
19/98 [====>.........................] - ETA: 1s - loss: 0.7758 - accuracy: 0.7281
22/98 [=====>........................] - ETA: 1s - loss: 0.7795 - accuracy: 0.7286
25/98 [======>.......................] - ETA: 1s - loss: 0.7852 - accuracy: 0.7259
28/98 [=======>......................] - ETA: 1s - loss: 0.7881 - accuracy: 0.7250
31/98 [========>.....................] - ETA: 1s - loss: 0.7870 - accuracy: 0.7268
34/98 [=========>....................] - ETA: 1s - loss: 0.7884 - accuracy: 0.7257
37/98 [==========>...................] - ETA: 1s - loss: 0.7879 - accuracy: 0.7257
40/98 [===========>..................] - ETA: 1s - loss: 0.7867 - accuracy: 0.7250
43/98 [============>.................] - ETA: 1s - loss: 0.7884 - accuracy: 0.7244
46/98 [=============>................] - ETA: 1s - loss: 0.7918 - accuracy: 0.7232
49/98 [==============>...............] - ETA: 1s - loss: 0.7877 - accuracy: 0.7246
52/98 [==============>...............] - ETA: 1s - loss: 0.7882 - accuracy: 0.7237
55/98 [===============>..............] - ETA: 0s - loss: 0.7906 - accuracy: 0.7225
58/98 [================>.............] - ETA: 0s - loss: 0.7903 - accuracy: 0.7225
61/98 [=================>............] - ETA: 0s - loss: 0.7901 - accuracy: 0.7226
64/98 [==================>...........] - ETA: 0s - loss: 0.7908 - accuracy: 0.7226
67/98 [===================>..........] - ETA: 0s - loss: 0.7908 - accuracy: 0.7231
70/98 [====================>.........] - ETA: 0s - loss: 0.7914 - accuracy: 0.7228
73/98 [=====================>........] - ETA: 0s - loss: 0.7931 - accuracy: 0.7221
76/98 [======================>.......] - ETA: 0s - loss: 0.7925 - accuracy: 0.7222
79/98 [=======================>......] - ETA: 0s - loss: 0.7925 - accuracy: 0.7222
83/98 [========================>.....] - ETA: 0s - loss: 0.7918 - accuracy: 0.7227
86/98 [=========================>....] - ETA: 0s - loss: 0.7927 - accuracy: 0.7222
90/98 [==========================>...] - ETA: 0s - loss: 0.7938 - accuracy: 0.7219
93/98 [===========================>..] - ETA: 0s - loss: 0.7936 - accuracy: 0.7219
96/98 [============================>.] - ETA: 0s - loss: 0.7937 - accuracy: 0.7218
98/98 [==============================] - 3s 29ms/step - loss: 0.7943 - accuracy: 0.7216 - val_loss: 1.1158 - val_accuracy: 0.6159
Epoch 13/188

 1/98 [..............................] - ETA: 3s - loss: 0.7138 - accuracy: 0.7363
 4/98 [>.............................] - ETA: 1s - loss: 0.7658 - accuracy: 0.7275
 8/98 [=>............................] - ETA: 1s - loss: 0.7611 - accuracy: 0.7371
11/98 [==>...........................] - ETA: 1s - loss: 0.7708 - accuracy: 0.7303
14/98 [===>..........................] - ETA: 1s - loss: 0.7530 - accuracy: 0.7402
18/98 [====>.........................] - ETA: 1s - loss: 0.7488 - accuracy: 0.7408
22/98 [=====>........................] - ETA: 1s - loss: 0.7545 - accuracy: 0.7389
25/98 [======>.......................] - ETA: 1s - loss: 0.7554 - accuracy: 0.7377
28/98 [=======>......................] - ETA: 1s - loss: 0.7509 - accuracy: 0.7385
31/98 [========>.....................] - ETA: 1s - loss: 0.7476 - accuracy: 0.7394
34/98 [=========>....................] - ETA: 1s - loss: 0.7480 - accuracy: 0.7395
37/98 [==========>...................] - ETA: 1s - loss: 0.7508 - accuracy: 0.7391
41/98 [===========>..................] - ETA: 1s - loss: 0.7473 - accuracy: 0.7401
44/98 [============>.................] - ETA: 1s - loss: 0.7460 - accuracy: 0.7404
47/98 [=============>................] - ETA: 0s - loss: 0.7491 - accuracy: 0.7393
51/98 [==============>...............] - ETA: 0s - loss: 0.7524 - accuracy: 0.7374
55/98 [===============>..............] - ETA: 0s - loss: 0.7569 - accuracy: 0.7349
58/98 [================>.............] - ETA: 0s - loss: 0.7586 - accuracy: 0.7336
61/98 [=================>............] - ETA: 0s - loss: 0.7560 - accuracy: 0.7345
65/98 [==================>...........] - ETA: 0s - loss: 0.7576 - accuracy: 0.7340
68/98 [===================>..........] - ETA: 0s - loss: 0.7587 - accuracy: 0.7339
72/98 [=====================>........] - ETA: 0s - loss: 0.7600 - accuracy: 0.7335
75/98 [=====================>........] - ETA: 0s - loss: 0.7592 - accuracy: 0.7333
78/98 [======================>.......] - ETA: 0s - loss: 0.7601 - accuracy: 0.7336
81/98 [=======================>......] - ETA: 0s - loss: 0.7630 - accuracy: 0.7323
84/98 [========================>.....] - ETA: 0s - loss: 0.7643 - accuracy: 0.7316
87/98 [=========================>....] - ETA: 0s - loss: 0.7631 - accuracy: 0.7318
90/98 [==========================>...] - ETA: 0s - loss: 0.7640 - accuracy: 0.7320
93/98 [===========================>..] - ETA: 0s - loss: 0.7653 - accuracy: 0.7313
96/98 [============================>.] - ETA: 0s - loss: 0.7655 - accuracy: 0.7308
98/98 [==============================] - 3s 30ms/step - loss: 0.7652 - accuracy: 0.7308 - val_loss: 1.1267 - val_accuracy: 0.6150
Epoch 14/188

 1/98 [..............................] - ETA: 3s - loss: 0.7764 - accuracy: 0.7266
 4/98 [>.............................] - ETA: 1s - loss: 0.7516 - accuracy: 0.7490
