2024-07-27 13:44:18.348561: I tensorflow/core/platform/cpu_feature_guard.cc:193] This TensorFlow binary is optimized with oneAPI Deep Neural Network Library (oneDNN) to use the following CPU instructions in performance-critical operations:  AVX AVX2
To enable them in other operations, rebuild TensorFlow with the appropriate compiler flags.
2024-07-27 13:44:19.004211: I tensorflow/core/common_runtime/gpu/gpu_device.cc:1616] Created device /job:localhost/replica:0/task:0/device:GPU:0 with 6656 MB memory:  -> device: 0, name: NVIDIA GeForce RTX 4060 Ti, pci bus id: 0000:01:00.0, compute capability: 8.9
1 Physical GPUs, 1 Logical GPUs
Model: "sequential"
_________________________________________________________________
 Layer (type)                Output Shape              Param #   
=================================================================
 conv2d (Conv2D)             (None, 32, 32, 32)        896       
                                                                 
 max_pooling2d (MaxPooling2D  (None, 16, 16, 32)       0         
 )                                                               
                                                                 
 batch_normalization (BatchN  (None, 16, 16, 32)       128       
 ormalization)                                                   
                                                                 
 dropout (Dropout)           (None, 16, 16, 32)        0         
                                                                 
 flatten (Flatten)           (None, 8192)              0         
                                                                 
 dense (Dense)               (None, 124)               1015932   
                                                                 
 dropout_1 (Dropout)         (None, 124)               0         
                                                                 
 dense_1 (Dense)             (None, 10)                1250      
                                                                 
=================================================================
Total params: 1,018,206
Trainable params: 1,018,142
Non-trainable params: 64
_________________________________________________________________
Taxa de aprendizado:  1e-05 Num de épocas:  269 Tamanho do lote:  512 Dropout:  0.24
Epoch 1/269
2024-07-27 13:44:20.336734: I tensorflow/stream_executor/cuda/cuda_dnn.cc:384] Loaded cuDNN version 8100
2024-07-27 13:44:21.199160: W tensorflow/stream_executor/gpu/redzone_allocator.cc:314] INTERNAL: ptxas exited with non-zero error code -1, output: 
Relying on driver to perform ptx compilation. 
Modify $PATH to customize ptxas location.
This message will be only logged once.
2024-07-27 13:44:22.055366: I tensorflow/stream_executor/cuda/cuda_blas.cc:1614] TensorFloat-32 will be used for the matrix multiplication. This will only be logged once.

 1/98 [..............................] - ETA: 5:00 - loss: 2.8247 - accuracy: 0.0977
 7/98 [=>............................] - ETA: 0s - loss: 2.7981 - accuracy: 0.0845  
11/98 [==>...........................] - ETA: 1s - loss: 2.7571 - accuracy: 0.0888
16/98 [===>..........................] - ETA: 0s - loss: 2.6963 - accuracy: 0.0973
20/98 [=====>........................] - ETA: 0s - loss: 2.6655 - accuracy: 0.1019
23/98 [======>.......................] - ETA: 1s - loss: 2.6448 - accuracy: 0.1038
27/98 [=======>......................] - ETA: 1s - loss: 2.6170 - accuracy: 0.1095
30/98 [========>.....................] - ETA: 1s - loss: 2.6003 - accuracy: 0.1139
33/98 [=========>....................] - ETA: 1s - loss: 2.5798 - accuracy: 0.1192
37/98 [==========>...................] - ETA: 1s - loss: 2.5554 - accuracy: 0.1254
40/98 [===========>..................] - ETA: 1s - loss: 2.5371 - accuracy: 0.1293
44/98 [============>.................] - ETA: 0s - loss: 2.5138 - accuracy: 0.1352
48/98 [=============>................] - ETA: 0s - loss: 2.4962 - accuracy: 0.1398
52/98 [==============>...............] - ETA: 0s - loss: 2.4775 - accuracy: 0.1449
55/98 [===============>..............] - ETA: 0s - loss: 2.4653 - accuracy: 0.1478
59/98 [=================>............] - ETA: 0s - loss: 2.4476 - accuracy: 0.1535
62/98 [=================>............] - ETA: 0s - loss: 2.4358 - accuracy: 0.1563
65/98 [==================>...........] - ETA: 0s - loss: 2.4270 - accuracy: 0.1588
69/98 [====================>.........] - ETA: 0s - loss: 2.4140 - accuracy: 0.1630
72/98 [=====================>........] - ETA: 0s - loss: 2.4047 - accuracy: 0.1657
76/98 [======================>.......] - ETA: 0s - loss: 2.3932 - accuracy: 0.1686
80/98 [=======================>......] - ETA: 0s - loss: 2.3805 - accuracy: 0.1728
83/98 [========================>.....] - ETA: 0s - loss: 2.3718 - accuracy: 0.1754
86/98 [=========================>....] - ETA: 0s - loss: 2.3633 - accuracy: 0.1780
90/98 [==========================>...] - ETA: 0s - loss: 2.3508 - accuracy: 0.1811
93/98 [===========================>..] - ETA: 0s - loss: 2.3425 - accuracy: 0.1839
97/98 [============================>.] - ETA: 0s - loss: 2.3334 - accuracy: 0.1869
98/98 [==============================] - 6s 31ms/step - loss: 2.3311 - accuracy: 0.1874 - val_loss: 2.1716 - val_accuracy: 0.2707
Epoch 2/269

 1/98 [..............................] - ETA: 2s - loss: 2.0182 - accuracy: 0.2871
 5/98 [>.............................] - ETA: 1s - loss: 2.0637 - accuracy: 0.2723
 9/98 [=>............................] - ETA: 1s - loss: 2.0887 - accuracy: 0.2604
12/98 [==>...........................] - ETA: 1s - loss: 2.0810 - accuracy: 0.2638
16/98 [===>..........................] - ETA: 1s - loss: 2.0700 - accuracy: 0.2694
19/98 [====>.........................] - ETA: 1s - loss: 2.0667 - accuracy: 0.2725
23/98 [======>.......................] - ETA: 1s - loss: 2.0678 - accuracy: 0.2720
26/98 [======>.......................] - ETA: 1s - loss: 2.0629 - accuracy: 0.2737
30/98 [========>.....................] - ETA: 1s - loss: 2.0551 - accuracy: 0.2768
34/98 [=========>....................] - ETA: 1s - loss: 2.0509 - accuracy: 0.2776
37/98 [==========>...................] - ETA: 1s - loss: 2.0460 - accuracy: 0.2795
41/98 [===========>..................] - ETA: 1s - loss: 2.0422 - accuracy: 0.2815
44/98 [============>.................] - ETA: 0s - loss: 2.0391 - accuracy: 0.2820
47/98 [=============>................] - ETA: 0s - loss: 2.0390 - accuracy: 0.2817
50/98 [==============>...............] - ETA: 0s - loss: 2.0399 - accuracy: 0.2816
54/98 [===============>..............] - ETA: 0s - loss: 2.0376 - accuracy: 0.2817
57/98 [================>.............] - ETA: 0s - loss: 2.0350 - accuracy: 0.2834
61/98 [=================>............] - ETA: 0s - loss: 2.0323 - accuracy: 0.2842
65/98 [==================>...........] - ETA: 0s - loss: 2.0287 - accuracy: 0.2849
68/98 [===================>..........] - ETA: 0s - loss: 2.0286 - accuracy: 0.2848
72/98 [=====================>........] - ETA: 0s - loss: 2.0236 - accuracy: 0.2863
76/98 [======================>.......] - ETA: 0s - loss: 2.0210 - accuracy: 0.2872
79/98 [=======================>......] - ETA: 0s - loss: 2.0192 - accuracy: 0.2877
83/98 [========================>.....] - ETA: 0s - loss: 2.0151 - accuracy: 0.2899
87/98 [=========================>....] - ETA: 0s - loss: 2.0134 - accuracy: 0.2913
90/98 [==========================>...] - ETA: 0s - loss: 2.0108 - accuracy: 0.2922
94/98 [===========================>..] - ETA: 0s - loss: 2.0081 - accuracy: 0.2936
97/98 [============================>.] - ETA: 0s - loss: 2.0046 - accuracy: 0.2946
98/98 [==============================] - 3s 29ms/step - loss: 2.0028 - accuracy: 0.2952 - val_loss: 2.0232 - val_accuracy: 0.3482
Epoch 3/269

 1/98 [..............................] - ETA: 3s - loss: 2.0096 - accuracy: 0.3164
 5/98 [>.............................] - ETA: 1s - loss: 1.9310 - accuracy: 0.3203
 8/98 [=>............................] - ETA: 1s - loss: 1.9241 - accuracy: 0.3193
12/98 [==>...........................] - ETA: 1s - loss: 1.9091 - accuracy: 0.3226
15/98 [===>..........................] - ETA: 1s - loss: 1.8999 - accuracy: 0.3258
19/98 [====>.........................] - ETA: 1s - loss: 1.9005 - accuracy: 0.3255
23/98 [======>.......................] - ETA: 1s - loss: 1.8985 - accuracy: 0.3249
26/98 [======>.......................] - ETA: 1s - loss: 1.8943 - accuracy: 0.3240
30/98 [========>.....................] - ETA: 1s - loss: 1.8946 - accuracy: 0.3240
33/98 [=========>....................] - ETA: 1s - loss: 1.8966 - accuracy: 0.3248
36/98 [==========>...................] - ETA: 1s - loss: 1.8920 - accuracy: 0.3259
40/98 [===========>..................] - ETA: 1s - loss: 1.8903 - accuracy: 0.3267
43/98 [============>.................] - ETA: 1s - loss: 1.8863 - accuracy: 0.3286
47/98 [=============>................] - ETA: 0s - loss: 1.8839 - accuracy: 0.3302
51/98 [==============>...............] - ETA: 0s - loss: 1.8860 - accuracy: 0.3299
54/98 [===============>..............] - ETA: 0s - loss: 1.8853 - accuracy: 0.3307
58/98 [================>.............] - ETA: 0s - loss: 1.8860 - accuracy: 0.3307
62/98 [=================>............] - ETA: 0s - loss: 1.8853 - accuracy: 0.3311
65/98 [==================>...........] - ETA: 0s - loss: 1.8841 - accuracy: 0.3322
69/98 [====================>.........] - ETA: 0s - loss: 1.8828 - accuracy: 0.3330
72/98 [=====================>........] - ETA: 0s - loss: 1.8803 - accuracy: 0.3343
76/98 [======================>.......] - ETA: 0s - loss: 1.8771 - accuracy: 0.3354
80/98 [=======================>......] - ETA: 0s - loss: 1.8753 - accuracy: 0.3355
83/98 [========================>.....] - ETA: 0s - loss: 1.8747 - accuracy: 0.3365
87/98 [=========================>....] - ETA: 0s - loss: 1.8744 - accuracy: 0.3358
91/98 [==========================>...] - ETA: 0s - loss: 1.8717 - accuracy: 0.3374
94/98 [===========================>..] - ETA: 0s - loss: 1.8709 - accuracy: 0.3381
98/98 [==============================] - ETA: 0s - loss: 1.8693 - accuracy: 0.3385
98/98 [==============================] - 3s 29ms/step - loss: 1.8693 - accuracy: 0.3385 - val_loss: 1.8650 - val_accuracy: 0.3857
Epoch 4/269

 1/98 [..............................] - ETA: 3s - loss: 1.8765 - accuracy: 0.3438
 5/98 [>.............................] - ETA: 1s - loss: 1.7818 - accuracy: 0.3664
 9/98 [=>............................] - ETA: 1s - loss: 1.8170 - accuracy: 0.3535
12/98 [==>...........................] - ETA: 1s - loss: 1.8059 - accuracy: 0.3597
16/98 [===>..........................] - ETA: 1s - loss: 1.8144 - accuracy: 0.3578
20/98 [=====>........................] - ETA: 1s - loss: 1.8217 - accuracy: 0.3560
23/98 [======>.......................] - ETA: 1s - loss: 1.8242 - accuracy: 0.3541
27/98 [=======>......................] - ETA: 1s - loss: 1.8189 - accuracy: 0.3548
31/98 [========>.....................] - ETA: 1s - loss: 1.8169 - accuracy: 0.3557
33/98 [=========>....................] - ETA: 1s - loss: 1.8162 - accuracy: 0.3560
37/98 [==========>...................] - ETA: 1s - loss: 1.8170 - accuracy: 0.3559
40/98 [===========>..................] - ETA: 1s - loss: 1.8144 - accuracy: 0.3576
44/98 [============>.................] - ETA: 0s - loss: 1.8133 - accuracy: 0.3585
47/98 [=============>................] - ETA: 0s - loss: 1.8117 - accuracy: 0.3592
51/98 [==============>...............] - ETA: 0s - loss: 1.8086 - accuracy: 0.3606
55/98 [===============>..............] - ETA: 0s - loss: 1.8022 - accuracy: 0.3616
58/98 [================>.............] - ETA: 0s - loss: 1.8025 - accuracy: 0.3614
62/98 [=================>............] - ETA: 0s - loss: 1.8013 - accuracy: 0.3613
65/98 [==================>...........] - ETA: 0s - loss: 1.8017 - accuracy: 0.3613
69/98 [====================>.........] - ETA: 0s - loss: 1.8012 - accuracy: 0.3619
72/98 [=====================>........] - ETA: 0s - loss: 1.8002 - accuracy: 0.3629
76/98 [======================>.......] - ETA: 0s - loss: 1.7988 - accuracy: 0.3644
80/98 [=======================>......] - ETA: 0s - loss: 1.7985 - accuracy: 0.3644
83/98 [========================>.....] - ETA: 0s - loss: 1.7973 - accuracy: 0.3648
87/98 [=========================>....] - ETA: 0s - loss: 1.7939 - accuracy: 0.3658
91/98 [==========================>...] - ETA: 0s - loss: 1.7925 - accuracy: 0.3669
94/98 [===========================>..] - ETA: 0s - loss: 1.7898 - accuracy: 0.3681
98/98 [==============================] - ETA: 0s - loss: 1.7878 - accuracy: 0.3688
98/98 [==============================] - 3s 29ms/step - loss: 1.7878 - accuracy: 0.3688 - val_loss: 1.7178 - val_accuracy: 0.4182
Epoch 5/269

 1/98 [..............................] - ETA: 3s - loss: 1.7469 - accuracy: 0.3867
 4/98 [>.............................] - ETA: 1s - loss: 1.7726 - accuracy: 0.3809
 8/98 [=>............................] - ETA: 1s - loss: 1.7465 - accuracy: 0.3870
11/98 [==>...........................] - ETA: 1s - loss: 1.7535 - accuracy: 0.3821
15/98 [===>..........................] - ETA: 1s - loss: 1.7414 - accuracy: 0.3849
18/98 [====>.........................] - ETA: 1s - loss: 1.7337 - accuracy: 0.3869
22/98 [=====>........................] - ETA: 1s - loss: 1.7352 - accuracy: 0.3854
25/98 [======>.......................] - ETA: 1s - loss: 1.7326 - accuracy: 0.3856
29/98 [=======>......................] - ETA: 1s - loss: 1.7320 - accuracy: 0.3865
32/98 [========>.....................] - ETA: 1s - loss: 1.7335 - accuracy: 0.3856
36/98 [==========>...................] - ETA: 1s - loss: 1.7333 - accuracy: 0.3846
39/98 [==========>...................] - ETA: 1s - loss: 1.7339 - accuracy: 0.3846
43/98 [============>.................] - ETA: 1s - loss: 1.7354 - accuracy: 0.3845
47/98 [=============>................] - ETA: 0s - loss: 1.7344 - accuracy: 0.3851
50/98 [==============>...............] - ETA: 0s - loss: 1.7346 - accuracy: 0.3852
53/98 [===============>..............] - ETA: 0s - loss: 1.7331 - accuracy: 0.3858
57/98 [================>.............] - ETA: 0s - loss: 1.7348 - accuracy: 0.3851
60/98 [=================>............] - ETA: 0s - loss: 1.7326 - accuracy: 0.3862
64/98 [==================>...........] - ETA: 0s - loss: 1.7292 - accuracy: 0.3875
67/98 [===================>..........] - ETA: 0s - loss: 1.7284 - accuracy: 0.3877
70/98 [====================>.........] - ETA: 0s - loss: 1.7295 - accuracy: 0.3875
74/98 [=====================>........] - ETA: 0s - loss: 1.7310 - accuracy: 0.3868
77/98 [======================>.......] - ETA: 0s - loss: 1.7307 - accuracy: 0.3872
81/98 [=======================>......] - ETA: 0s - loss: 1.7283 - accuracy: 0.3883
85/98 [=========================>....] - ETA: 0s - loss: 1.7275 - accuracy: 0.3884
88/98 [=========================>....] - ETA: 0s - loss: 1.7275 - accuracy: 0.3884
94/98 [===========================>..] - ETA: 0s - loss: 1.7261 - accuracy: 0.3892
98/98 [==============================] - 2s 24ms/step - loss: 1.7249 - accuracy: 0.3895 - val_loss: 1.6028 - val_accuracy: 0.4511
Epoch 6/269

 1/98 [..............................] - ETA: 2s - loss: 1.6466 - accuracy: 0.4336
 6/98 [>.............................] - ETA: 1s - loss: 1.7063 - accuracy: 0.3984
11/98 [==>...........................] - ETA: 1s - loss: 1.6826 - accuracy: 0.4029
16/98 [===>..........................] - ETA: 1s - loss: 1.6790 - accuracy: 0.4028
21/98 [=====>........................] - ETA: 0s - loss: 1.6767 - accuracy: 0.4052
26/98 [======>.......................] - ETA: 0s - loss: 1.6766 - accuracy: 0.4069
32/98 [========>.....................] - ETA: 0s - loss: 1.6840 - accuracy: 0.4059
36/98 [==========>...................] - ETA: 0s - loss: 1.6823 - accuracy: 0.4072
41/98 [===========>..................] - ETA: 0s - loss: 1.6808 - accuracy: 0.4087
44/98 [============>.................] - ETA: 0s - loss: 1.6816 - accuracy: 0.4087
47/98 [=============>................] - ETA: 0s - loss: 1.6802 - accuracy: 0.4095
51/98 [==============>...............] - ETA: 0s - loss: 1.6785 - accuracy: 0.4102
55/98 [===============>..............] - ETA: 0s - loss: 1.6780 - accuracy: 0.4105
58/98 [================>.............] - ETA: 0s - loss: 1.6768 - accuracy: 0.4108
62/98 [=================>............] - ETA: 0s - loss: 1.6787 - accuracy: 0.4104
66/98 [===================>..........] - ETA: 0s - loss: 1.6780 - accuracy: 0.4106
69/98 [====================>.........] - ETA: 0s - loss: 1.6786 - accuracy: 0.4101
72/98 [=====================>........] - ETA: 0s - loss: 1.6782 - accuracy: 0.4110
76/98 [======================>.......] - ETA: 0s - loss: 1.6762 - accuracy: 0.4113
79/98 [=======================>......] - ETA: 0s - loss: 1.6765 - accuracy: 0.4109
83/98 [========================>.....] - ETA: 0s - loss: 1.6764 - accuracy: 0.4107
86/98 [=========================>....] - ETA: 0s - loss: 1.6754 - accuracy: 0.4110
89/98 [==========================>...] - ETA: 0s - loss: 1.6757 - accuracy: 0.4106
93/98 [===========================>..] - ETA: 0s - loss: 1.6742 - accuracy: 0.4111
96/98 [============================>.] - ETA: 0s - loss: 1.6748 - accuracy: 0.4112
98/98 [==============================] - 3s 26ms/step - loss: 1.6749 - accuracy: 0.4109 - val_loss: 1.5224 - val_accuracy: 0.4715
Epoch 7/269

 1/98 [..............................] - ETA: 3s - loss: 1.6431 - accuracy: 0.4102
 4/98 [>.............................] - ETA: 1s - loss: 1.6643 - accuracy: 0.4199
 8/98 [=>............................] - ETA: 1s - loss: 1.6554 - accuracy: 0.4204
11/98 [==>...........................] - ETA: 1s - loss: 1.6479 - accuracy: 0.4233
14/98 [===>..........................] - ETA: 1s - loss: 1.6448 - accuracy: 0.4269
18/98 [====>.........................] - ETA: 1s - loss: 1.6337 - accuracy: 0.4277
22/98 [=====>........................] - ETA: 1s - loss: 1.6332 - accuracy: 0.4285
25/98 [======>.......................] - ETA: 1s - loss: 1.6391 - accuracy: 0.4266
28/98 [=======>......................] - ETA: 1s - loss: 1.6437 - accuracy: 0.4245
32/98 [========>.....................] - ETA: 1s - loss: 1.6394 - accuracy: 0.4274
35/98 [=========>....................] - ETA: 1s - loss: 1.6352 - accuracy: 0.4268
38/98 [==========>...................] - ETA: 1s - loss: 1.6356 - accuracy: 0.4267
41/98 [===========>..................] - ETA: 1s - loss: 1.6346 - accuracy: 0.4275
45/98 [============>.................] - ETA: 0s - loss: 1.6339 - accuracy: 0.4275
48/98 [=============>................] - ETA: 0s - loss: 1.6336 - accuracy: 0.4278
52/98 [==============>...............] - ETA: 0s - loss: 1.6348 - accuracy: 0.4276
55/98 [===============>..............] - ETA: 0s - loss: 1.6369 - accuracy: 0.4272
59/98 [=================>............] - ETA: 0s - loss: 1.6357 - accuracy: 0.4271
63/98 [==================>...........] - ETA: 0s - loss: 1.6348 - accuracy: 0.4273
66/98 [===================>..........] - ETA: 0s - loss: 1.6337 - accuracy: 0.4276
70/98 [====================>.........] - ETA: 0s - loss: 1.6358 - accuracy: 0.4267
73/98 [=====================>........] - ETA: 0s - loss: 1.6352 - accuracy: 0.4270
77/98 [======================>.......] - ETA: 0s - loss: 1.6347 - accuracy: 0.4264
81/98 [=======================>......] - ETA: 0s - loss: 1.6352 - accuracy: 0.4262
84/98 [========================>.....] - ETA: 0s - loss: 1.6335 - accuracy: 0.4269
87/98 [=========================>....] - ETA: 0s - loss: 1.6325 - accuracy: 0.4273
91/98 [==========================>...] - ETA: 0s - loss: 1.6330 - accuracy: 0.4274
94/98 [===========================>..] - ETA: 0s - loss: 1.6337 - accuracy: 0.4269
98/98 [==============================] - ETA: 0s - loss: 1.6334 - accuracy: 0.4271
98/98 [==============================] - 3s 29ms/step - loss: 1.6334 - accuracy: 0.4271 - val_loss: 1.4691 - val_accuracy: 0.4854
Epoch 8/269

 1/98 [..............................] - ETA: 3s - loss: 1.5161 - accuracy: 0.4727
 5/98 [>.............................] - ETA: 1s - loss: 1.5902 - accuracy: 0.4336
 9/98 [=>............................] - ETA: 1s - loss: 1.6068 - accuracy: 0.4271
12/98 [==>...........................] - ETA: 1s - loss: 1.6020 - accuracy: 0.4313
16/98 [===>..........................] - ETA: 1s - loss: 1.5984 - accuracy: 0.4368
19/98 [====>.........................] - ETA: 1s - loss: 1.6021 - accuracy: 0.4372
23/98 [======>.......................] - ETA: 1s - loss: 1.6073 - accuracy: 0.4354
27/98 [=======>......................] - ETA: 1s - loss: 1.6057 - accuracy: 0.4349
30/98 [========>.....................] - ETA: 1s - loss: 1.6039 - accuracy: 0.4334
34/98 [=========>....................] - ETA: 1s - loss: 1.6027 - accuracy: 0.4339
37/98 [==========>...................] - ETA: 1s - loss: 1.6025 - accuracy: 0.4358
41/98 [===========>..................] - ETA: 1s - loss: 1.6020 - accuracy: 0.4350
44/98 [============>.................] - ETA: 0s - loss: 1.6049 - accuracy: 0.4335
48/98 [=============>................] - ETA: 0s - loss: 1.6061 - accuracy: 0.4331
52/98 [==============>...............] - ETA: 0s - loss: 1.6058 - accuracy: 0.4333
55/98 [===============>..............] - ETA: 0s - loss: 1.6044 - accuracy: 0.4342
59/98 [=================>............] - ETA: 0s - loss: 1.6040 - accuracy: 0.4335
62/98 [=================>............] - ETA: 0s - loss: 1.6039 - accuracy: 0.4336
66/98 [===================>..........] - ETA: 0s - loss: 1.6044 - accuracy: 0.4331
70/98 [====================>.........] - ETA: 0s - loss: 1.6043 - accuracy: 0.4343
73/98 [=====================>........] - ETA: 0s - loss: 1.6028 - accuracy: 0.4344
77/98 [======================>.......] - ETA: 0s - loss: 1.6018 - accuracy: 0.4335
81/98 [=======================>......] - ETA: 0s - loss: 1.6025 - accuracy: 0.4334
84/98 [========================>.....] - ETA: 0s - loss: 1.6013 - accuracy: 0.4337
88/98 [=========================>....] - ETA: 0s - loss: 1.6021 - accuracy: 0.4330
92/98 [===========================>..] - ETA: 0s - loss: 1.6030 - accuracy: 0.4328
95/98 [============================>.] - ETA: 0s - loss: 1.6023 - accuracy: 0.4335
98/98 [==============================] - 3s 29ms/step - loss: 1.5996 - accuracy: 0.4349 - val_loss: 1.4336 - val_accuracy: 0.4972
Epoch 9/269

 1/98 [..............................] - ETA: 3s - loss: 1.6430 - accuracy: 0.4316
 4/98 [>.............................] - ETA: 1s - loss: 1.5613 - accuracy: 0.4600
 8/98 [=>............................] - ETA: 1s - loss: 1.5754 - accuracy: 0.4507
11/98 [==>...........................] - ETA: 1s - loss: 1.5707 - accuracy: 0.4501
15/98 [===>..........................] - ETA: 1s - loss: 1.5709 - accuracy: 0.4477
19/98 [====>.........................] - ETA: 1s - loss: 1.5706 - accuracy: 0.4487
22/98 [=====>........................] - ETA: 1s - loss: 1.5673 - accuracy: 0.4491
26/98 [======>.......................] - ETA: 1s - loss: 1.5625 - accuracy: 0.4508
28/98 [=======>......................] - ETA: 1s - loss: 1.5629 - accuracy: 0.4508
32/98 [========>.....................] - ETA: 1s - loss: 1.5654 - accuracy: 0.4482
35/98 [=========>....................] - ETA: 1s - loss: 1.5643 - accuracy: 0.4493
38/98 [==========>...................] - ETA: 1s - loss: 1.5656 - accuracy: 0.4481
42/98 [===========>..................] - ETA: 1s - loss: 1.5593 - accuracy: 0.4495
45/98 [============>.................] - ETA: 0s - loss: 1.5585 - accuracy: 0.4494
49/98 [==============>...............] - ETA: 0s - loss: 1.5589 - accuracy: 0.4502
53/98 [===============>..............] - ETA: 0s - loss: 1.5587 - accuracy: 0.4508
56/98 [================>.............] - ETA: 0s - loss: 1.5625 - accuracy: 0.4495
60/98 [=================>............] - ETA: 0s - loss: 1.5625 - accuracy: 0.4501
64/98 [==================>...........] - ETA: 0s - loss: 1.5626 - accuracy: 0.4500
67/98 [===================>..........] - ETA: 0s - loss: 1.5625 - accuracy: 0.4495
70/98 [====================>.........] - ETA: 0s - loss: 1.5610 - accuracy: 0.4500
74/98 [=====================>........] - ETA: 0s - loss: 1.5599 - accuracy: 0.4504
77/98 [======================>.......] - ETA: 0s - loss: 1.5596 - accuracy: 0.4504
81/98 [=======================>......] - ETA: 0s - loss: 1.5600 - accuracy: 0.4502
85/98 [=========================>....] - ETA: 0s - loss: 1.5586 - accuracy: 0.4503
90/98 [==========================>...] - ETA: 0s - loss: 1.5573 - accuracy: 0.4503
95/98 [============================>.] - ETA: 0s - loss: 1.5569 - accuracy: 0.4508
98/98 [==============================] - 2s 25ms/step - loss: 1.5576 - accuracy: 0.4505 - val_loss: 1.4061 - val_accuracy: 0.5071
Epoch 10/269

 1/98 [..............................] - ETA: 2s - loss: 1.5822 - accuracy: 0.4590
 4/98 [>.............................] - ETA: 1s - loss: 1.5287 - accuracy: 0.4551
 7/98 [=>............................] - ETA: 1s - loss: 1.5347 - accuracy: 0.4554
11/98 [==>...........................] - ETA: 1s - loss: 1.5352 - accuracy: 0.4529
14/98 [===>..........................] - ETA: 1s - loss: 1.5365 - accuracy: 0.4527
18/98 [====>.........................] - ETA: 1s - loss: 1.5343 - accuracy: 0.4554
22/98 [=====>........................] - ETA: 1s - loss: 1.5371 - accuracy: 0.4550
25/98 [======>.......................] - ETA: 1s - loss: 1.5403 - accuracy: 0.4526
29/98 [=======>......................] - ETA: 1s - loss: 1.5385 - accuracy: 0.4547
33/98 [=========>....................] - ETA: 1s - loss: 1.5325 - accuracy: 0.4555
36/98 [==========>...................] - ETA: 1s - loss: 1.5338 - accuracy: 0.4561
40/98 [===========>..................] - ETA: 1s - loss: 1.5299 - accuracy: 0.4582
42/98 [===========>..................] - ETA: 1s - loss: 1.5300 - accuracy: 0.4590
46/98 [=============>................] - ETA: 0s - loss: 1.5293 - accuracy: 0.4577
49/98 [==============>...............] - ETA: 0s - loss: 1.5290 - accuracy: 0.4581
52/98 [==============>...............] - ETA: 0s - loss: 1.5282 - accuracy: 0.4592
56/98 [================>.............] - ETA: 0s - loss: 1.5286 - accuracy: 0.4589
59/98 [=================>............] - ETA: 0s - loss: 1.5311 - accuracy: 0.4586
63/98 [==================>...........] - ETA: 0s - loss: 1.5312 - accuracy: 0.4582
66/98 [===================>..........] - ETA: 0s - loss: 1.5292 - accuracy: 0.4590
70/98 [====================>.........] - ETA: 0s - loss: 1.5296 - accuracy: 0.4589
73/98 [=====================>........] - ETA: 0s - loss: 1.5275 - accuracy: 0.4599
77/98 [======================>.......] - ETA: 0s - loss: 1.5294 - accuracy: 0.4595
80/98 [=======================>......] - ETA: 0s - loss: 1.5307 - accuracy: 0.4589
83/98 [========================>.....] - ETA: 0s - loss: 1.5299 - accuracy: 0.4595
87/98 [=========================>....] - ETA: 0s - loss: 1.5298 - accuracy: 0.4595
90/98 [==========================>...] - ETA: 0s - loss: 1.5286 - accuracy: 0.4598
93/98 [===========================>..] - ETA: 0s - loss: 1.5306 - accuracy: 0.4591
97/98 [============================>.] - ETA: 0s - loss: 1.5301 - accuracy: 0.4598
98/98 [==============================] - 3s 29ms/step - loss: 1.5305 - accuracy: 0.4595 - val_loss: 1.3845 - val_accuracy: 0.5142
Epoch 11/269

 1/98 [..............................] - ETA: 3s - loss: 1.5305 - accuracy: 0.4727
 4/98 [>.............................] - ETA: 1s - loss: 1.5267 - accuracy: 0.4644
 8/98 [=>............................] - ETA: 1s - loss: 1.5339 - accuracy: 0.4661
11/98 [==>...........................] - ETA: 1s - loss: 1.5305 - accuracy: 0.4640
14/98 [===>..........................] - ETA: 1s - loss: 1.5256 - accuracy: 0.4679
18/98 [====>.........................] - ETA: 1s - loss: 1.5215 - accuracy: 0.4680
21/98 [=====>........................] - ETA: 1s - loss: 1.5237 - accuracy: 0.4657
25/98 [======>.......................] - ETA: 1s - loss: 1.5224 - accuracy: 0.4674
28/98 [=======>......................] - ETA: 1s - loss: 1.5210 - accuracy: 0.4692
31/98 [========>.....................] - ETA: 1s - loss: 1.5194 - accuracy: 0.4702
35/98 [=========>....................] - ETA: 1s - loss: 1.5162 - accuracy: 0.4708
38/98 [==========>...................] - ETA: 1s - loss: 1.5145 - accuracy: 0.4699
41/98 [===========>..................] - ETA: 1s - loss: 1.5145 - accuracy: 0.4687
45/98 [============>.................] - ETA: 0s - loss: 1.5145 - accuracy: 0.4679
48/98 [=============>................] - ETA: 0s - loss: 1.5160 - accuracy: 0.4672
52/98 [==============>...............] - ETA: 0s - loss: 1.5175 - accuracy: 0.4669
56/98 [================>.............] - ETA: 0s - loss: 1.5155 - accuracy: 0.4673
59/98 [=================>............] - ETA: 0s - loss: 1.5140 - accuracy: 0.4678
63/98 [==================>...........] - ETA: 0s - loss: 1.5114 - accuracy: 0.4683
66/98 [===================>..........] - ETA: 0s - loss: 1.5125 - accuracy: 0.4675
70/98 [====================>.........] - ETA: 0s - loss: 1.5117 - accuracy: 0.4676
74/98 [=====================>........] - ETA: 0s - loss: 1.5109 - accuracy: 0.4682
77/98 [======================>.......] - ETA: 0s - loss: 1.5124 - accuracy: 0.4674
81/98 [=======================>......] - ETA: 0s - loss: 1.5096 - accuracy: 0.4680
84/98 [========================>.....] - ETA: 0s - loss: 1.5089 - accuracy: 0.4680
87/98 [=========================>....] - ETA: 0s - loss: 1.5066 - accuracy: 0.4684
91/98 [==========================>...] - ETA: 0s - loss: 1.5044 - accuracy: 0.4695
94/98 [===========================>..] - ETA: 0s - loss: 1.5047 - accuracy: 0.4692
98/98 [==============================] - ETA: 0s - loss: 1.5050 - accuracy: 0.4689
98/98 [==============================] - 3s 29ms/step - loss: 1.5050 - accuracy: 0.4689 - val_loss: 1.3633 - val_accuracy: 0.5209
Epoch 12/269

 1/98 [..............................] - ETA: 3s - loss: 1.4654 - accuracy: 0.4590
 4/98 [>.............................] - ETA: 1s - loss: 1.4780 - accuracy: 0.4834
 8/98 [=>............................] - ETA: 1s - loss: 1.4709 - accuracy: 0.4836
12/98 [==>...........................] - ETA: 1s - loss: 1.4765 - accuracy: 0.4810
15/98 [===>..........................] - ETA: 1s - loss: 1.4780 - accuracy: 0.4815
19/98 [====>.........................] - ETA: 1s - loss: 1.4798 - accuracy: 0.4802
22/98 [=====>........................] - ETA: 1s - loss: 1.4786 - accuracy: 0.4813
26/98 [======>.......................] - ETA: 1s - loss: 1.4796 - accuracy: 0.4805
29/98 [=======>......................] - ETA: 1s - loss: 1.4765 - accuracy: 0.4811
33/98 [=========>....................] - ETA: 1s - loss: 1.4805 - accuracy: 0.4792
37/98 [==========>...................] - ETA: 1s - loss: 1.4798 - accuracy: 0.4810
40/98 [===========>..................] - ETA: 1s - loss: 1.4823 - accuracy: 0.4796
44/98 [============>.................] - ETA: 0s - loss: 1.4869 - accuracy: 0.4787
47/98 [=============>................] - ETA: 0s - loss: 1.4894 - accuracy: 0.4776
51/98 [==============>...............] - ETA: 0s - loss: 1.4865 - accuracy: 0.4781
55/98 [===============>..............] - ETA: 0s - loss: 1.4866 - accuracy: 0.4787
58/98 [================>.............] - ETA: 0s - loss: 1.4848 - accuracy: 0.4797
62/98 [=================>............] - ETA: 0s - loss: 1.4854 - accuracy: 0.4791
65/98 [==================>...........] - ETA: 0s - loss: 1.4858 - accuracy: 0.4790
68/98 [===================>..........] - ETA: 0s - loss: 1.4869 - accuracy: 0.4785
72/98 [=====================>........] - ETA: 0s - loss: 1.4876 - accuracy: 0.4787
75/98 [=====================>........] - ETA: 0s - loss: 1.4869 - accuracy: 0.4784
79/98 [=======================>......] - ETA: 0s - loss: 1.4884 - accuracy: 0.4783
82/98 [========================>.....] - ETA: 0s - loss: 1.4882 - accuracy: 0.4784
86/98 [=========================>....] - ETA: 0s - loss: 1.4869 - accuracy: 0.4781
89/98 [==========================>...] - ETA: 0s - loss: 1.4854 - accuracy: 0.4785
93/98 [===========================>..] - ETA: 0s - loss: 1.4840 - accuracy: 0.4792
97/98 [============================>.] - ETA: 0s - loss: 1.4854 - accuracy: 0.4779
98/98 [==============================] - 3s 29ms/step - loss: 1.4849 - accuracy: 0.4781 - val_loss: 1.3447 - val_accuracy: 0.5287
Epoch 13/269

 1/98 [..............................] - ETA: 3s - loss: 1.5964 - accuracy: 0.4668
 5/98 [>.............................] - ETA: 1s - loss: 1.4730 - accuracy: 0.4840
 9/98 [=>............................] - ETA: 1s - loss: 1.4737 - accuracy: 0.4861
12/98 [==>...........................] - ETA: 1s - loss: 1.4769 - accuracy: 0.4847
16/98 [===>..........................] - ETA: 1s - loss: 1.4803 - accuracy: 0.4821
20/98 [=====>........................] - ETA: 1s - loss: 1.4800 - accuracy: 0.4838
23/98 [======>.......................] - ETA: 1s - loss: 1.4854 - accuracy: 0.4819
27/98 [=======>......................] - ETA: 1s - loss: 1.4827 - accuracy: 0.4814
30/98 [========>.....................] - ETA: 1s - loss: 1.4805 - accuracy: 0.4816
34/98 [=========>....................] - ETA: 1s - loss: 1.4729 - accuracy: 0.4828
37/98 [==========>...................] - ETA: 1s - loss: 1.4695 - accuracy: 0.4841
43/98 [============>.................] - ETA: 0s - loss: 1.4686 - accuracy: 0.4849
48/98 [=============>................] - ETA: 0s - loss: 1.4620 - accuracy: 0.4854
53/98 [===============>..............] - ETA: 0s - loss: 1.4650 - accuracy: 0.4842
58/98 [================>.............] - ETA: 0s - loss: 1.4646 - accuracy: 0.4838
64/98 [==================>...........] - ETA: 0s - loss: 1.4668 - accuracy: 0.4837
69/98 [====================>.........] - ETA: 0s - loss: 1.4681 - accuracy: 0.4830
74/98 [=====================>........] - ETA: 0s - loss: 1.4656 - accuracy: 0.4849
80/98 [=======================>......] - ETA: 0s - loss: 1.4643 - accuracy: 0.4853
85/98 [=========================>....] - ETA: 0s - loss: 1.4628 - accuracy: 0.4856
90/98 [==========================>...] - ETA: 0s - loss: 1.4628 - accuracy: 0.4868
96/98 [============================>.] - ETA: 0s - loss: 1.4588 - accuracy: 0.4875
98/98 [==============================] - 2s 23ms/step - loss: 1.4584 - accuracy: 0.4879 - val_loss: 1.3284 - val_accuracy: 0.5360
Epoch 14/269

 1/98 [..............................] - ETA: 3s - loss: 1.5007 - accuracy: 0.4902
 5/98 [>.............................] - ETA: 1s - loss: 1.4813 - accuracy: 0.4895
 8/98 [=>............................] - ETA: 1s - loss: 1.4619 - accuracy: 0.4888
12/98 [==>...........................] - ETA: 1s - loss: 1.4639 - accuracy: 0.4881
16/98 [===>..........................] - ETA: 1s - loss: 1.4767 - accuracy: 0.4839
19/98 [====>.........................] - ETA: 1s - loss: 1.4613 - accuracy: 0.4865
23/98 [======>.......................] - ETA: 1s - loss: 1.4666 - accuracy: 0.4851
26/98 [======>.......................] - ETA: 1s - loss: 1.4656 - accuracy: 0.4857
30/98 [========>.....................] - ETA: 1s - loss: 1.4600 - accuracy: 0.4881
33/98 [=========>....................] - ETA: 1s - loss: 1.4618 - accuracy: 0.4873
37/98 [==========>...................] - ETA: 1s - loss: 1.4579 - accuracy: 0.4880
41/98 [===========>..................] - ETA: 1s - loss: 1.4567 - accuracy: 0.4880
45/98 [============>.................] - ETA: 0s - loss: 1.4531 - accuracy: 0.4896
48/98 [=============>................] - ETA: 0s - loss: 1.4546 - accuracy: 0.4879
52/98 [==============>...............] - ETA: 0s - loss: 1.4535 - accuracy: 0.4887
55/98 [===============>..............] - ETA: 0s - loss: 1.4524 - accuracy: 0.4886
59/98 [=================>............] - ETA: 0s - loss: 1.4533 - accuracy: 0.4884
62/98 [=================>............] - ETA: 0s - loss: 1.4515 - accuracy: 0.4891
65/98 [==================>...........] - ETA: 0s - loss: 1.4495 - accuracy: 0.4899
68/98 [===================>..........] - ETA: 0s - loss: 1.4473 - accuracy: 0.4906
71/98 [====================>.........] - ETA: 0s - loss: 1.4468 - accuracy: 0.4912
75/98 [=====================>........] - ETA: 0s - loss: 1.4467 - accuracy: 0.4915
78/98 [======================>.......] - ETA: 0s - loss: 1.4482 - accuracy: 0.4906
82/98 [========================>.....] - ETA: 0s - loss: 1.4459 - accuracy: 0.4916
85/98 [=========================>....] - ETA: 0s - loss: 1.4444 - accuracy: 0.4919
89/98 [==========================>...] - ETA: 0s - loss: 1.4432 - accuracy: 0.4922
92/98 [===========================>..] - ETA: 0s - loss: 1.4444 - accuracy: 0.4916
96/98 [============================>.] - ETA: 0s - loss: 1.4433 - accuracy: 0.4921
98/98 [==============================] - 3s 29ms/step - loss: 1.4424 - accuracy: 0.4926 - val_loss: 1.3120 - val_accuracy: 0.5408
Epoch 15/269

 1/98 [..............................] - ETA: 3s - loss: 1.3575 - accuracy: 0.5215
 5/98 [>.............................] - ETA: 1s - loss: 1.4329 - accuracy: 0.4984
 8/98 [=>............................] - ETA: 1s - loss: 1.4089 - accuracy: 0.5083
12/98 [==>...........................] - ETA: 1s - loss: 1.4131 - accuracy: 0.5044
16/98 [===>..........................] - ETA: 1s - loss: 1.4237 - accuracy: 0.5012
19/98 [====>.........................] - ETA: 1s - loss: 1.4301 - accuracy: 0.4989
23/98 [======>.......................] - ETA: 1s - loss: 1.4264 - accuracy: 0.4978
26/98 [======>.......................] - ETA: 1s - loss: 1.4257 - accuracy: 0.4983
30/98 [========>.....................] - ETA: 1s - loss: 1.4257 - accuracy: 0.4994
33/98 [=========>....................] - ETA: 1s - loss: 1.4219 - accuracy: 0.5004
37/98 [==========>...................] - ETA: 1s - loss: 1.4149 - accuracy: 0.5024
40/98 [===========>..................] - ETA: 1s - loss: 1.4134 - accuracy: 0.5026
43/98 [============>.................] - ETA: 1s - loss: 1.4121 - accuracy: 0.5034
47/98 [=============>................] - ETA: 0s - loss: 1.4159 - accuracy: 0.5022
50/98 [==============>...............] - ETA: 0s - loss: 1.4182 - accuracy: 0.5018
54/98 [===============>..............] - ETA: 0s - loss: 1.4204 - accuracy: 0.5013
57/98 [================>.............] - ETA: 0s - loss: 1.4202 - accuracy: 0.5015
60/98 [=================>............] - ETA: 0s - loss: 1.4177 - accuracy: 0.5024
63/98 [==================>...........] - ETA: 0s - loss: 1.4210 - accuracy: 0.5012
66/98 [===================>..........] - ETA: 0s - loss: 1.4207 - accuracy: 0.5025
70/98 [====================>.........] - ETA: 0s - loss: 1.4212 - accuracy: 0.5021
73/98 [=====================>........] - ETA: 0s - loss: 1.4212 - accuracy: 0.5020
77/98 [======================>.......] - ETA: 0s - loss: 1.4213 - accuracy: 0.5018
80/98 [=======================>......] - ETA: 0s - loss: 1.4227 - accuracy: 0.5010
83/98 [========================>.....] - ETA: 0s - loss: 1.4224 - accuracy: 0.5013
87/98 [=========================>....] - ETA: 0s - loss: 1.4218 - accuracy: 0.5011
91/98 [==========================>...] - ETA: 0s - loss: 1.4212 - accuracy: 0.5012
95/98 [============================>.] - ETA: 0s - loss: 1.4209 - accuracy: 0.5014
98/98 [==============================] - ETA: 0s - loss: 1.4219 - accuracy: 0.5012
98/98 [==============================] - 3s 29ms/step - loss: 1.4219 - accuracy: 0.5012 - val_loss: 1.2983 - val_accuracy: 0.5490
Epoch 16/269

 1/98 [..............................] - ETA: 3s - loss: 1.3521 - accuracy: 0.5137
 5/98 [>.............................] - ETA: 1s - loss: 1.3982 - accuracy: 0.4977
 8/98 [=>............................] - ETA: 1s - loss: 1.3873 - accuracy: 0.5044
12/98 [==>...........................] - ETA: 1s - loss: 1.3865 - accuracy: 0.5076
16/98 [===>..........................] - ETA: 1s - loss: 1.3862 - accuracy: 0.5094
19/98 [====>.........................] - ETA: 1s - loss: 1.3976 - accuracy: 0.5061
23/98 [======>.......................] - ETA: 1s - loss: 1.3927 - accuracy: 0.5083
27/98 [=======>......................] - ETA: 1s - loss: 1.3981 - accuracy: 0.5051
31/98 [========>.....................] - ETA: 1s - loss: 1.4000 - accuracy: 0.5051
