2024-07-27 12:33:32.972208: I tensorflow/core/platform/cpu_feature_guard.cc:193] This TensorFlow binary is optimized with oneAPI Deep Neural Network Library (oneDNN) to use the following CPU instructions in performance-critical operations:  AVX AVX2
To enable them in other operations, rebuild TensorFlow with the appropriate compiler flags.
2024-07-27 12:33:34.245031: I tensorflow/core/common_runtime/gpu/gpu_device.cc:1616] Created device /job:localhost/replica:0/task:0/device:GPU:0 with 6656 MB memory:  -> device: 0, name: NVIDIA GeForce RTX 4060 Ti, pci bus id: 0000:01:00.0, compute capability: 8.9
1 Physical GPUs, 1 Logical GPUs
Model: "sequential"
_________________________________________________________________
 Layer (type)                Output Shape              Param #   
=================================================================
 conv2d (Conv2D)             (None, 32, 32, 32)        896       
                                                                 
 max_pooling2d (MaxPooling2D  (None, 16, 16, 32)       0         
 )                                                               
                                                                 
 batch_normalization (BatchN  (None, 16, 16, 32)       128       
 ormalization)                                                   
                                                                 
 dropout (Dropout)           (None, 16, 16, 32)        0         
                                                                 
 flatten (Flatten)           (None, 8192)              0         
                                                                 
 dense (Dense)               (None, 124)               1015932   
                                                                 
 dropout_1 (Dropout)         (None, 124)               0         
                                                                 
 dense_1 (Dense)             (None, 10)                1250      
                                                                 
=================================================================
Total params: 1,018,206
Trainable params: 1,018,142
Non-trainable params: 64
_________________________________________________________________
Taxa de aprendizado:  1e-05 Num de épocas:  269 Tamanho do lote:  512 Dropout:  0.24
Epoch 1/269
2024-07-27 12:33:36.424173: I tensorflow/stream_executor/cuda/cuda_dnn.cc:384] Loaded cuDNN version 8100
2024-07-27 12:33:38.240369: W tensorflow/stream_executor/gpu/redzone_allocator.cc:314] INTERNAL: ptxas exited with non-zero error code -1, output: 
Relying on driver to perform ptx compilation. 
Modify $PATH to customize ptxas location.
This message will be only logged once.
2024-07-27 12:33:39.710292: I tensorflow/stream_executor/cuda/cuda_blas.cc:1614] TensorFloat-32 will be used for the matrix multiplication. This will only be logged once.

 1/98 [..............................] - ETA: 8:41 - loss: 2.6669 - accuracy: 0.1094
 6/98 [>.............................] - ETA: 1s - loss: 2.6026 - accuracy: 0.1169  
10/98 [==>...........................] - ETA: 1s - loss: 2.5759 - accuracy: 0.1203
15/98 [===>..........................] - ETA: 1s - loss: 2.5559 - accuracy: 0.1264
19/98 [====>.........................] - ETA: 1s - loss: 2.5331 - accuracy: 0.1312
24/98 [======>.......................] - ETA: 1s - loss: 2.5057 - accuracy: 0.1377
29/98 [=======>......................] - ETA: 0s - loss: 2.4866 - accuracy: 0.1408
34/98 [=========>....................] - ETA: 0s - loss: 2.4687 - accuracy: 0.1458
38/98 [==========>...................] - ETA: 0s - loss: 2.4535 - accuracy: 0.1503
41/98 [===========>..................] - ETA: 0s - loss: 2.4444 - accuracy: 0.1527
44/98 [============>.................] - ETA: 0s - loss: 2.4353 - accuracy: 0.1543
47/98 [=============>................] - ETA: 0s - loss: 2.4227 - accuracy: 0.1580
51/98 [==============>...............] - ETA: 0s - loss: 2.4104 - accuracy: 0.1617
54/98 [===============>..............] - ETA: 0s - loss: 2.4020 - accuracy: 0.1633
58/98 [================>.............] - ETA: 0s - loss: 2.3928 - accuracy: 0.1650
62/98 [=================>............] - ETA: 0s - loss: 2.3829 - accuracy: 0.1674
65/98 [==================>...........] - ETA: 0s - loss: 2.3746 - accuracy: 0.1701
68/98 [===================>..........] - ETA: 0s - loss: 2.3657 - accuracy: 0.1728
72/98 [=====================>........] - ETA: 0s - loss: 2.3555 - accuracy: 0.1755
75/98 [=====================>........] - ETA: 0s - loss: 2.3491 - accuracy: 0.1773
78/98 [======================>.......] - ETA: 0s - loss: 2.3415 - accuracy: 0.1795
82/98 [========================>.....] - ETA: 0s - loss: 2.3337 - accuracy: 0.1818
86/98 [=========================>....] - ETA: 0s - loss: 2.3260 - accuracy: 0.1844
89/98 [==========================>...] - ETA: 0s - loss: 2.3199 - accuracy: 0.1867
93/98 [===========================>..] - ETA: 0s - loss: 2.3106 - accuracy: 0.1891
97/98 [============================>.] - ETA: 0s - loss: 2.3034 - accuracy: 0.1910
98/98 [==============================] - 8s 31ms/step - loss: 2.3015 - accuracy: 0.1915 - val_loss: 2.1902 - val_accuracy: 0.2407
Epoch 2/269

 1/98 [..............................] - ETA: 3s - loss: 2.0852 - accuracy: 0.2598
 5/98 [>.............................] - ETA: 1s - loss: 2.0870 - accuracy: 0.2605
 9/98 [=>............................] - ETA: 1s - loss: 2.0982 - accuracy: 0.2561
12/98 [==>...........................] - ETA: 1s - loss: 2.1044 - accuracy: 0.2557
15/98 [===>..........................] - ETA: 1s - loss: 2.1059 - accuracy: 0.2565
19/98 [====>.........................] - ETA: 1s - loss: 2.1021 - accuracy: 0.2587
22/98 [=====>........................] - ETA: 1s - loss: 2.0976 - accuracy: 0.2587
26/98 [======>.......................] - ETA: 1s - loss: 2.0924 - accuracy: 0.2598
29/98 [=======>......................] - ETA: 1s - loss: 2.0868 - accuracy: 0.2593
33/98 [=========>....................] - ETA: 1s - loss: 2.0837 - accuracy: 0.2613
37/98 [==========>...................] - ETA: 1s - loss: 2.0837 - accuracy: 0.2631
40/98 [===========>..................] - ETA: 1s - loss: 2.0810 - accuracy: 0.2629
44/98 [============>.................] - ETA: 0s - loss: 2.0820 - accuracy: 0.2628
47/98 [=============>................] - ETA: 0s - loss: 2.0783 - accuracy: 0.2631
50/98 [==============>...............] - ETA: 0s - loss: 2.0769 - accuracy: 0.2627
54/98 [===============>..............] - ETA: 0s - loss: 2.0722 - accuracy: 0.2641
57/98 [================>.............] - ETA: 0s - loss: 2.0705 - accuracy: 0.2650
61/98 [=================>............] - ETA: 0s - loss: 2.0661 - accuracy: 0.2667
64/98 [==================>...........] - ETA: 0s - loss: 2.0614 - accuracy: 0.2685
68/98 [===================>..........] - ETA: 0s - loss: 2.0590 - accuracy: 0.2699
72/98 [=====================>........] - ETA: 0s - loss: 2.0548 - accuracy: 0.2708
75/98 [=====================>........] - ETA: 0s - loss: 2.0507 - accuracy: 0.2722
79/98 [=======================>......] - ETA: 0s - loss: 2.0472 - accuracy: 0.2732
82/98 [========================>.....] - ETA: 0s - loss: 2.0452 - accuracy: 0.2743
85/98 [=========================>....] - ETA: 0s - loss: 2.0422 - accuracy: 0.2756
88/98 [=========================>....] - ETA: 0s - loss: 2.0395 - accuracy: 0.2764
92/98 [===========================>..] - ETA: 0s - loss: 2.0357 - accuracy: 0.2777
95/98 [============================>.] - ETA: 0s - loss: 2.0352 - accuracy: 0.2771
98/98 [==============================] - 3s 29ms/step - loss: 2.0326 - accuracy: 0.2773 - val_loss: 2.0622 - val_accuracy: 0.3289
Epoch 3/269

 1/98 [..............................] - ETA: 3s - loss: 1.9371 - accuracy: 0.3066
 4/98 [>.............................] - ETA: 1s - loss: 1.9417 - accuracy: 0.3198
 8/98 [=>............................] - ETA: 1s - loss: 1.9511 - accuracy: 0.3088
12/98 [==>...........................] - ETA: 1s - loss: 1.9558 - accuracy: 0.3068
15/98 [===>..........................] - ETA: 1s - loss: 1.9574 - accuracy: 0.3078
18/98 [====>.........................] - ETA: 1s - loss: 1.9539 - accuracy: 0.3083
22/98 [=====>........................] - ETA: 1s - loss: 1.9477 - accuracy: 0.3098
25/98 [======>.......................] - ETA: 1s - loss: 1.9493 - accuracy: 0.3072
29/98 [=======>......................] - ETA: 1s - loss: 1.9490 - accuracy: 0.3076
32/98 [========>.....................] - ETA: 1s - loss: 1.9482 - accuracy: 0.3085
36/98 [==========>...................] - ETA: 1s - loss: 1.9443 - accuracy: 0.3104
40/98 [===========>..................] - ETA: 1s - loss: 1.9410 - accuracy: 0.3129
43/98 [============>.................] - ETA: 1s - loss: 1.9414 - accuracy: 0.3137
46/98 [=============>................] - ETA: 0s - loss: 1.9363 - accuracy: 0.3152
50/98 [==============>...............] - ETA: 0s - loss: 1.9338 - accuracy: 0.3161
53/98 [===============>..............] - ETA: 0s - loss: 1.9313 - accuracy: 0.3163
57/98 [================>.............] - ETA: 0s - loss: 1.9296 - accuracy: 0.3175
60/98 [=================>............] - ETA: 0s - loss: 1.9284 - accuracy: 0.3169
63/98 [==================>...........] - ETA: 0s - loss: 1.9257 - accuracy: 0.3177
67/98 [===================>..........] - ETA: 0s - loss: 1.9221 - accuracy: 0.3190
70/98 [====================>.........] - ETA: 0s - loss: 1.9202 - accuracy: 0.3194
74/98 [=====================>........] - ETA: 0s - loss: 1.9188 - accuracy: 0.3198
77/98 [======================>.......] - ETA: 0s - loss: 1.9199 - accuracy: 0.3195
81/98 [=======================>......] - ETA: 0s - loss: 1.9191 - accuracy: 0.3200
85/98 [=========================>....] - ETA: 0s - loss: 1.9165 - accuracy: 0.3212
88/98 [=========================>....] - ETA: 0s - loss: 1.9139 - accuracy: 0.3218
91/98 [==========================>...] - ETA: 0s - loss: 1.9123 - accuracy: 0.3220
95/98 [============================>.] - ETA: 0s - loss: 1.9098 - accuracy: 0.3226
98/98 [==============================] - 3s 29ms/step - loss: 1.9087 - accuracy: 0.3230 - val_loss: 1.9197 - val_accuracy: 0.3668
Epoch 4/269

 1/98 [..............................] - ETA: 3s - loss: 1.8943 - accuracy: 0.3477
 5/98 [>.............................] - ETA: 1s - loss: 1.8615 - accuracy: 0.3484
 9/98 [=>............................] - ETA: 1s - loss: 1.8503 - accuracy: 0.3503
12/98 [==>...........................] - ETA: 1s - loss: 1.8441 - accuracy: 0.3506
16/98 [===>..........................] - ETA: 1s - loss: 1.8393 - accuracy: 0.3469
19/98 [====>.........................] - ETA: 1s - loss: 1.8435 - accuracy: 0.3472
23/98 [======>.......................] - ETA: 1s - loss: 1.8419 - accuracy: 0.3491
27/98 [=======>......................] - ETA: 1s - loss: 1.8402 - accuracy: 0.3485
30/98 [========>.....................] - ETA: 1s - loss: 1.8409 - accuracy: 0.3472
34/98 [=========>....................] - ETA: 1s - loss: 1.8378 - accuracy: 0.3486
38/98 [==========>...................] - ETA: 1s - loss: 1.8374 - accuracy: 0.3495
44/98 [============>.................] - ETA: 0s - loss: 1.8380 - accuracy: 0.3481
49/98 [==============>...............] - ETA: 0s - loss: 1.8399 - accuracy: 0.3477
54/98 [===============>..............] - ETA: 0s - loss: 1.8372 - accuracy: 0.3482
60/98 [=================>............] - ETA: 0s - loss: 1.8358 - accuracy: 0.3499
65/98 [==================>...........] - ETA: 0s - loss: 1.8365 - accuracy: 0.3496
70/98 [====================>.........] - ETA: 0s - loss: 1.8371 - accuracy: 0.3491
75/98 [=====================>........] - ETA: 0s - loss: 1.8355 - accuracy: 0.3483
81/98 [=======================>......] - ETA: 0s - loss: 1.8323 - accuracy: 0.3493
86/98 [=========================>....] - ETA: 0s - loss: 1.8319 - accuracy: 0.3497
91/98 [==========================>...] - ETA: 0s - loss: 1.8296 - accuracy: 0.3508
96/98 [============================>.] - ETA: 0s - loss: 1.8294 - accuracy: 0.3506
98/98 [==============================] - 2s 23ms/step - loss: 1.8281 - accuracy: 0.3504 - val_loss: 1.7851 - val_accuracy: 0.3934
Epoch 5/269

 1/98 [..............................] - ETA: 1s - loss: 1.8704 - accuracy: 0.3398
 4/98 [>.............................] - ETA: 1s - loss: 1.7629 - accuracy: 0.3706
 7/98 [=>............................] - ETA: 1s - loss: 1.7866 - accuracy: 0.3650
11/98 [==>...........................] - ETA: 1s - loss: 1.7890 - accuracy: 0.3658
15/98 [===>..........................] - ETA: 1s - loss: 1.7970 - accuracy: 0.3685
18/98 [====>.........................] - ETA: 1s - loss: 1.7970 - accuracy: 0.3681
22/98 [=====>........................] - ETA: 1s - loss: 1.7864 - accuracy: 0.3715
25/98 [======>.......................] - ETA: 1s - loss: 1.7864 - accuracy: 0.3700
28/98 [=======>......................] - ETA: 1s - loss: 1.7886 - accuracy: 0.3673
32/98 [========>.....................] - ETA: 1s - loss: 1.7816 - accuracy: 0.3684
35/98 [=========>....................] - ETA: 1s - loss: 1.7844 - accuracy: 0.3674
39/98 [==========>...................] - ETA: 1s - loss: 1.7845 - accuracy: 0.3682
42/98 [===========>..................] - ETA: 1s - loss: 1.7833 - accuracy: 0.3690
46/98 [=============>................] - ETA: 0s - loss: 1.7825 - accuracy: 0.3702
49/98 [==============>...............] - ETA: 0s - loss: 1.7814 - accuracy: 0.3698
53/98 [===============>..............] - ETA: 0s - loss: 1.7784 - accuracy: 0.3705
56/98 [================>.............] - ETA: 0s - loss: 1.7756 - accuracy: 0.3717
59/98 [=================>............] - ETA: 0s - loss: 1.7753 - accuracy: 0.3717
63/98 [==================>...........] - ETA: 0s - loss: 1.7744 - accuracy: 0.3725
66/98 [===================>..........] - ETA: 0s - loss: 1.7719 - accuracy: 0.3726
69/98 [====================>.........] - ETA: 0s - loss: 1.7720 - accuracy: 0.3721
73/98 [=====================>........] - ETA: 0s - loss: 1.7695 - accuracy: 0.3729
76/98 [======================>.......] - ETA: 0s - loss: 1.7697 - accuracy: 0.3726
80/98 [=======================>......] - ETA: 0s - loss: 1.7693 - accuracy: 0.3725
83/98 [========================>.....] - ETA: 0s - loss: 1.7688 - accuracy: 0.3728
86/98 [=========================>....] - ETA: 0s - loss: 1.7692 - accuracy: 0.3724
90/98 [==========================>...] - ETA: 0s - loss: 1.7693 - accuracy: 0.3733
94/98 [===========================>..] - ETA: 0s - loss: 1.7677 - accuracy: 0.3737
97/98 [============================>.] - ETA: 0s - loss: 1.7660 - accuracy: 0.3741
98/98 [==============================] - 3s 29ms/step - loss: 1.7658 - accuracy: 0.3741 - val_loss: 1.6741 - val_accuracy: 0.4214
Epoch 6/269

 1/98 [..............................] - ETA: 3s - loss: 1.6792 - accuracy: 0.4141
 4/98 [>.............................] - ETA: 1s - loss: 1.7061 - accuracy: 0.3955
 8/98 [=>............................] - ETA: 1s - loss: 1.7140 - accuracy: 0.3945
11/98 [==>...........................] - ETA: 1s - loss: 1.7137 - accuracy: 0.3935
14/98 [===>..........................] - ETA: 1s - loss: 1.7110 - accuracy: 0.3956
18/98 [====>.........................] - ETA: 1s - loss: 1.7124 - accuracy: 0.3936
21/98 [=====>........................] - ETA: 1s - loss: 1.7207 - accuracy: 0.3919
25/98 [======>.......................] - ETA: 1s - loss: 1.7222 - accuracy: 0.3917
29/98 [=======>......................] - ETA: 1s - loss: 1.7250 - accuracy: 0.3921
32/98 [========>.....................] - ETA: 1s - loss: 1.7207 - accuracy: 0.3928
35/98 [=========>....................] - ETA: 1s - loss: 1.7203 - accuracy: 0.3931
39/98 [==========>...................] - ETA: 1s - loss: 1.7196 - accuracy: 0.3948
42/98 [===========>..................] - ETA: 1s - loss: 1.7199 - accuracy: 0.3948
45/98 [============>.................] - ETA: 0s - loss: 1.7183 - accuracy: 0.3944
48/98 [=============>................] - ETA: 0s - loss: 1.7166 - accuracy: 0.3945
51/98 [==============>...............] - ETA: 0s - loss: 1.7184 - accuracy: 0.3936
55/98 [===============>..............] - ETA: 0s - loss: 1.7164 - accuracy: 0.3944
59/98 [=================>............] - ETA: 0s - loss: 1.7164 - accuracy: 0.3946
62/98 [=================>............] - ETA: 0s - loss: 1.7154 - accuracy: 0.3955
66/98 [===================>..........] - ETA: 0s - loss: 1.7153 - accuracy: 0.3954
70/98 [====================>.........] - ETA: 0s - loss: 1.7137 - accuracy: 0.3954
73/98 [=====================>........] - ETA: 0s - loss: 1.7137 - accuracy: 0.3953
76/98 [======================>.......] - ETA: 0s - loss: 1.7129 - accuracy: 0.3956
80/98 [=======================>......] - ETA: 0s - loss: 1.7135 - accuracy: 0.3954
83/98 [========================>.....] - ETA: 0s - loss: 1.7146 - accuracy: 0.3945
87/98 [=========================>....] - ETA: 0s - loss: 1.7140 - accuracy: 0.3951
90/98 [==========================>...] - ETA: 0s - loss: 1.7133 - accuracy: 0.3951
93/98 [===========================>..] - ETA: 0s - loss: 1.7122 - accuracy: 0.3957
97/98 [============================>.] - ETA: 0s - loss: 1.7123 - accuracy: 0.3956
98/98 [==============================] - 3s 29ms/step - loss: 1.7120 - accuracy: 0.3961 - val_loss: 1.5878 - val_accuracy: 0.4490
Epoch 7/269

 1/98 [..............................] - ETA: 3s - loss: 1.6780 - accuracy: 0.3945
 5/98 [>.............................] - ETA: 1s - loss: 1.6920 - accuracy: 0.3957
 8/98 [=>............................] - ETA: 1s - loss: 1.6620 - accuracy: 0.4084
11/98 [==>...........................] - ETA: 1s - loss: 1.6737 - accuracy: 0.4073
15/98 [===>..........................] - ETA: 1s - loss: 1.6681 - accuracy: 0.4083
18/98 [====>.........................] - ETA: 1s - loss: 1.6654 - accuracy: 0.4097
22/98 [=====>........................] - ETA: 1s - loss: 1.6631 - accuracy: 0.4098
25/98 [======>.......................] - ETA: 1s - loss: 1.6655 - accuracy: 0.4098
29/98 [=======>......................] - ETA: 1s - loss: 1.6675 - accuracy: 0.4078
32/98 [========>.....................] - ETA: 1s - loss: 1.6674 - accuracy: 0.4078
35/98 [=========>....................] - ETA: 1s - loss: 1.6682 - accuracy: 0.4073
39/98 [==========>...................] - ETA: 1s - loss: 1.6713 - accuracy: 0.4075
42/98 [===========>..................] - ETA: 1s - loss: 1.6736 - accuracy: 0.4074
45/98 [============>.................] - ETA: 0s - loss: 1.6731 - accuracy: 0.4073
49/98 [==============>...............] - ETA: 0s - loss: 1.6747 - accuracy: 0.4080
53/98 [===============>..............] - ETA: 0s - loss: 1.6733 - accuracy: 0.4078
56/98 [================>.............] - ETA: 0s - loss: 1.6735 - accuracy: 0.4077
60/98 [=================>............] - ETA: 0s - loss: 1.6745 - accuracy: 0.4087
64/98 [==================>...........] - ETA: 0s - loss: 1.6709 - accuracy: 0.4091
67/98 [===================>..........] - ETA: 0s - loss: 1.6719 - accuracy: 0.4081
71/98 [====================>.........] - ETA: 0s - loss: 1.6702 - accuracy: 0.4079
75/98 [=====================>........] - ETA: 0s - loss: 1.6711 - accuracy: 0.4079
78/98 [======================>.......] - ETA: 0s - loss: 1.6720 - accuracy: 0.4079
82/98 [========================>.....] - ETA: 0s - loss: 1.6709 - accuracy: 0.4083
85/98 [=========================>....] - ETA: 0s - loss: 1.6716 - accuracy: 0.4080
89/98 [==========================>...] - ETA: 0s - loss: 1.6714 - accuracy: 0.4076
93/98 [===========================>..] - ETA: 0s - loss: 1.6700 - accuracy: 0.4080
97/98 [============================>.] - ETA: 0s - loss: 1.6700 - accuracy: 0.4083
98/98 [==============================] - 3s 29ms/step - loss: 1.6702 - accuracy: 0.4081 - val_loss: 1.5264 - val_accuracy: 0.4697
Epoch 8/269

 1/98 [..............................] - ETA: 2s - loss: 1.5892 - accuracy: 0.4531
 6/98 [>.............................] - ETA: 1s - loss: 1.6217 - accuracy: 0.4261
11/98 [==>...........................] - ETA: 1s - loss: 1.6253 - accuracy: 0.4208
16/98 [===>..........................] - ETA: 1s - loss: 1.6327 - accuracy: 0.4225
21/98 [=====>........................] - ETA: 0s - loss: 1.6405 - accuracy: 0.4235
27/98 [=======>......................] - ETA: 0s - loss: 1.6400 - accuracy: 0.4217
32/98 [========>.....................] - ETA: 0s - loss: 1.6446 - accuracy: 0.4191
38/98 [==========>...................] - ETA: 0s - loss: 1.6415 - accuracy: 0.4196
43/98 [============>.................] - ETA: 0s - loss: 1.6408 - accuracy: 0.4210
48/98 [=============>................] - ETA: 0s - loss: 1.6378 - accuracy: 0.4220
53/98 [===============>..............] - ETA: 0s - loss: 1.6388 - accuracy: 0.4227
58/98 [================>.............] - ETA: 0s - loss: 1.6376 - accuracy: 0.4230
64/98 [==================>...........] - ETA: 0s - loss: 1.6354 - accuracy: 0.4230
67/98 [===================>..........] - ETA: 0s - loss: 1.6337 - accuracy: 0.4235
73/98 [=====================>........] - ETA: 0s - loss: 1.6318 - accuracy: 0.4247
78/98 [======================>.......] - ETA: 0s - loss: 1.6328 - accuracy: 0.4248
83/98 [========================>.....] - ETA: 0s - loss: 1.6337 - accuracy: 0.4241
87/98 [=========================>....] - ETA: 0s - loss: 1.6319 - accuracy: 0.4247
90/98 [==========================>...] - ETA: 0s - loss: 1.6324 - accuracy: 0.4238
93/98 [===========================>..] - ETA: 0s - loss: 1.6312 - accuracy: 0.4241
96/98 [============================>.] - ETA: 0s - loss: 1.6310 - accuracy: 0.4240
98/98 [==============================] - 2s 24ms/step - loss: 1.6310 - accuracy: 0.4236 - val_loss: 1.4850 - val_accuracy: 0.4809
Epoch 9/269

 1/98 [..............................] - ETA: 3s - loss: 1.5713 - accuracy: 0.4473
 5/98 [>.............................] - ETA: 1s - loss: 1.6201 - accuracy: 0.4230
 8/98 [=>............................] - ETA: 1s - loss: 1.6298 - accuracy: 0.4260
12/98 [==>...........................] - ETA: 1s - loss: 1.6170 - accuracy: 0.4266
16/98 [===>..........................] - ETA: 1s - loss: 1.6087 - accuracy: 0.4296
19/98 [====>.........................] - ETA: 1s - loss: 1.6025 - accuracy: 0.4332
23/98 [======>.......................] - ETA: 1s - loss: 1.6066 - accuracy: 0.4336
27/98 [=======>......................] - ETA: 1s - loss: 1.6049 - accuracy: 0.4339
30/98 [========>.....................] - ETA: 1s - loss: 1.6075 - accuracy: 0.4320
34/98 [=========>....................] - ETA: 1s - loss: 1.6060 - accuracy: 0.4328
38/98 [==========>...................] - ETA: 1s - loss: 1.6081 - accuracy: 0.4324
41/98 [===========>..................] - ETA: 1s - loss: 1.6038 - accuracy: 0.4336
45/98 [============>.................] - ETA: 0s - loss: 1.6042 - accuracy: 0.4341
49/98 [==============>...............] - ETA: 0s - loss: 1.6026 - accuracy: 0.4337
53/98 [===============>..............] - ETA: 0s - loss: 1.6037 - accuracy: 0.4332
57/98 [================>.............] - ETA: 0s - loss: 1.6002 - accuracy: 0.4337
60/98 [=================>............] - ETA: 0s - loss: 1.6005 - accuracy: 0.4336
64/98 [==================>...........] - ETA: 0s - loss: 1.6003 - accuracy: 0.4343
67/98 [===================>..........] - ETA: 0s - loss: 1.5992 - accuracy: 0.4342
71/98 [====================>.........] - ETA: 0s - loss: 1.6011 - accuracy: 0.4339
75/98 [=====================>........] - ETA: 0s - loss: 1.6017 - accuracy: 0.4335
78/98 [======================>.......] - ETA: 0s - loss: 1.6026 - accuracy: 0.4335
82/98 [========================>.....] - ETA: 0s - loss: 1.6015 - accuracy: 0.4336
86/98 [=========================>....] - ETA: 0s - loss: 1.5993 - accuracy: 0.4343
89/98 [==========================>...] - ETA: 0s - loss: 1.5991 - accuracy: 0.4344
92/98 [===========================>..] - ETA: 0s - loss: 1.5990 - accuracy: 0.4339
96/98 [============================>.] - ETA: 0s - loss: 1.5997 - accuracy: 0.4331
98/98 [==============================] - 3s 29ms/step - loss: 1.5994 - accuracy: 0.4328 - val_loss: 1.4555 - val_accuracy: 0.4912
Epoch 10/269

 1/98 [..............................] - ETA: 3s - loss: 1.5379 - accuracy: 0.4805
 5/98 [>.............................] - ETA: 1s - loss: 1.5777 - accuracy: 0.4387
 8/98 [=>............................] - ETA: 1s - loss: 1.5886 - accuracy: 0.4370
12/98 [==>...........................] - ETA: 1s - loss: 1.5815 - accuracy: 0.4417
16/98 [===>..........................] - ETA: 1s - loss: 1.5772 - accuracy: 0.4413
19/98 [====>.........................] - ETA: 1s - loss: 1.5786 - accuracy: 0.4440
23/98 [======>.......................] - ETA: 1s - loss: 1.5816 - accuracy: 0.4406
27/98 [=======>......................] - ETA: 1s - loss: 1.5806 - accuracy: 0.4414
30/98 [========>.....................] - ETA: 1s - loss: 1.5816 - accuracy: 0.4415
34/98 [=========>....................] - ETA: 1s - loss: 1.5857 - accuracy: 0.4412
37/98 [==========>...................] - ETA: 1s - loss: 1.5836 - accuracy: 0.4426
41/98 [===========>..................] - ETA: 1s - loss: 1.5795 - accuracy: 0.4424
44/98 [============>.................] - ETA: 0s - loss: 1.5783 - accuracy: 0.4421
47/98 [=============>................] - ETA: 0s - loss: 1.5761 - accuracy: 0.4419
51/98 [==============>...............] - ETA: 0s - loss: 1.5771 - accuracy: 0.4412
54/98 [===============>..............] - ETA: 0s - loss: 1.5756 - accuracy: 0.4419
58/98 [================>.............] - ETA: 0s - loss: 1.5753 - accuracy: 0.4422
61/98 [=================>............] - ETA: 0s - loss: 1.5736 - accuracy: 0.4428
64/98 [==================>...........] - ETA: 0s - loss: 1.5740 - accuracy: 0.4427
68/98 [===================>..........] - ETA: 0s - loss: 1.5729 - accuracy: 0.4438
72/98 [=====================>........] - ETA: 0s - loss: 1.5727 - accuracy: 0.4435
75/98 [=====================>........] - ETA: 0s - loss: 1.5726 - accuracy: 0.4434
78/98 [======================>.......] - ETA: 0s - loss: 1.5721 - accuracy: 0.4439
82/98 [========================>.....] - ETA: 0s - loss: 1.5726 - accuracy: 0.4440
85/98 [=========================>....] - ETA: 0s - loss: 1.5713 - accuracy: 0.4440
88/98 [=========================>....] - ETA: 0s - loss: 1.5715 - accuracy: 0.4443
92/98 [===========================>..] - ETA: 0s - loss: 1.5701 - accuracy: 0.4441
95/98 [============================>.] - ETA: 0s - loss: 1.5697 - accuracy: 0.4444
98/98 [==============================] - ETA: 0s - loss: 1.5694 - accuracy: 0.4441
98/98 [==============================] - 3s 29ms/step - loss: 1.5694 - accuracy: 0.4441 - val_loss: 1.4310 - val_accuracy: 0.5000
Epoch 11/269

 1/98 [..............................] - ETA: 2s - loss: 1.5176 - accuracy: 0.4609
 4/98 [>.............................] - ETA: 1s - loss: 1.5126 - accuracy: 0.4565
 7/98 [=>............................] - ETA: 1s - loss: 1.5283 - accuracy: 0.4537
11/98 [==>...........................] - ETA: 1s - loss: 1.5497 - accuracy: 0.4471
14/98 [===>..........................] - ETA: 1s - loss: 1.5488 - accuracy: 0.4481
17/98 [====>.........................] - ETA: 1s - loss: 1.5535 - accuracy: 0.4462
21/98 [=====>........................] - ETA: 1s - loss: 1.5428 - accuracy: 0.4537
24/98 [======>.......................] - ETA: 1s - loss: 1.5409 - accuracy: 0.4554
28/98 [=======>......................] - ETA: 1s - loss: 1.5391 - accuracy: 0.4564
31/98 [========>.....................] - ETA: 1s - loss: 1.5418 - accuracy: 0.4563
34/98 [=========>....................] - ETA: 1s - loss: 1.5386 - accuracy: 0.4574
38/98 [==========>...................] - ETA: 1s - loss: 1.5428 - accuracy: 0.4562
42/98 [===========>..................] - ETA: 1s - loss: 1.5416 - accuracy: 0.4576
46/98 [=============>................] - ETA: 0s - loss: 1.5451 - accuracy: 0.4559
49/98 [==============>...............] - ETA: 0s - loss: 1.5459 - accuracy: 0.4562
52/98 [==============>...............] - ETA: 0s - loss: 1.5457 - accuracy: 0.4565
56/98 [================>.............] - ETA: 0s - loss: 1.5449 - accuracy: 0.4561
59/98 [=================>............] - ETA: 0s - loss: 1.5449 - accuracy: 0.4559
62/98 [=================>............] - ETA: 0s - loss: 1.5433 - accuracy: 0.4568
65/98 [==================>...........] - ETA: 0s - loss: 1.5427 - accuracy: 0.4574
68/98 [===================>..........] - ETA: 0s - loss: 1.5413 - accuracy: 0.4581
72/98 [=====================>........] - ETA: 0s - loss: 1.5418 - accuracy: 0.4589
75/98 [=====================>........] - ETA: 0s - loss: 1.5416 - accuracy: 0.4590
78/98 [======================>.......] - ETA: 0s - loss: 1.5422 - accuracy: 0.4585
82/98 [========================>.....] - ETA: 0s - loss: 1.5402 - accuracy: 0.4592
85/98 [=========================>....] - ETA: 0s - loss: 1.5409 - accuracy: 0.4588
88/98 [=========================>....] - ETA: 0s - loss: 1.5394 - accuracy: 0.4592
92/98 [===========================>..] - ETA: 0s - loss: 1.5395 - accuracy: 0.4589
95/98 [============================>.] - ETA: 0s - loss: 1.5410 - accuracy: 0.4577
98/98 [==============================] - ETA: 0s - loss: 1.5409 - accuracy: 0.4578
98/98 [==============================] - 3s 26ms/step - loss: 1.5409 - accuracy: 0.4578 - val_loss: 1.4103 - val_accuracy: 0.5083
Epoch 12/269

 1/98 [..............................] - ETA: 2s - loss: 1.4865 - accuracy: 0.4941
 6/98 [>.............................] - ETA: 1s - loss: 1.4951 - accuracy: 0.4697
11/98 [==>...........................] - ETA: 1s - loss: 1.5028 - accuracy: 0.4695
17/98 [====>.........................] - ETA: 0s - loss: 1.5063 - accuracy: 0.4673
22/98 [=====>........................] - ETA: 0s - loss: 1.5105 - accuracy: 0.4669
27/98 [=======>......................] - ETA: 0s - loss: 1.5163 - accuracy: 0.4643
31/98 [========>.....................] - ETA: 0s - loss: 1.5229 - accuracy: 0.4606
35/98 [=========>....................] - ETA: 0s - loss: 1.5218 - accuracy: 0.4611
38/98 [==========>...................] - ETA: 0s - loss: 1.5213 - accuracy: 0.4610
42/98 [===========>..................] - ETA: 0s - loss: 1.5179 - accuracy: 0.4616
45/98 [============>.................] - ETA: 0s - loss: 1.5209 - accuracy: 0.4606
49/98 [==============>...............] - ETA: 0s - loss: 1.5255 - accuracy: 0.4595
53/98 [===============>..............] - ETA: 0s - loss: 1.5234 - accuracy: 0.4598
56/98 [================>.............] - ETA: 0s - loss: 1.5232 - accuracy: 0.4603
60/98 [=================>............] - ETA: 0s - loss: 1.5220 - accuracy: 0.4609
64/98 [==================>...........] - ETA: 0s - loss: 1.5187 - accuracy: 0.4621
67/98 [===================>..........] - ETA: 0s - loss: 1.5210 - accuracy: 0.4610
71/98 [====================>.........] - ETA: 0s - loss: 1.5216 - accuracy: 0.4614
74/98 [=====================>........] - ETA: 0s - loss: 1.5220 - accuracy: 0.4615
78/98 [======================>.......] - ETA: 0s - loss: 1.5194 - accuracy: 0.4629
81/98 [=======================>......] - ETA: 0s - loss: 1.5180 - accuracy: 0.4630
84/98 [========================>.....] - ETA: 0s - loss: 1.5185 - accuracy: 0.4632
87/98 [=========================>....] - ETA: 0s - loss: 1.5183 - accuracy: 0.4633
91/98 [==========================>...] - ETA: 0s - loss: 1.5188 - accuracy: 0.4635
94/98 [===========================>..] - ETA: 0s - loss: 1.5178 - accuracy: 0.4639
98/98 [==============================] - ETA: 0s - loss: 1.5165 - accuracy: 0.4646
98/98 [==============================] - 3s 27ms/step - loss: 1.5165 - accuracy: 0.4646 - val_loss: 1.3912 - val_accuracy: 0.5123
Epoch 13/269

 1/98 [..............................] - ETA: 3s - loss: 1.5039 - accuracy: 0.4590
 4/98 [>.............................] - ETA: 1s - loss: 1.5068 - accuracy: 0.4595
 7/98 [=>............................] - ETA: 1s - loss: 1.5169 - accuracy: 0.4648
11/98 [==>...........................] - ETA: 1s - loss: 1.5158 - accuracy: 0.4654
14/98 [===>..........................] - ETA: 1s - loss: 1.5037 - accuracy: 0.4689
18/98 [====>.........................] - ETA: 1s - loss: 1.5010 - accuracy: 0.4704
22/98 [=====>........................] - ETA: 1s - loss: 1.4960 - accuracy: 0.4724
25/98 [======>.......................] - ETA: 1s - loss: 1.4917 - accuracy: 0.4727
29/98 [=======>......................] - ETA: 1s - loss: 1.4984 - accuracy: 0.4709
32/98 [========>.....................] - ETA: 1s - loss: 1.5025 - accuracy: 0.4695
35/98 [=========>....................] - ETA: 1s - loss: 1.5017 - accuracy: 0.4692
39/98 [==========>...................] - ETA: 1s - loss: 1.5019 - accuracy: 0.4690
43/98 [============>.................] - ETA: 1s - loss: 1.5015 - accuracy: 0.4695
46/98 [=============>................] - ETA: 0s - loss: 1.5017 - accuracy: 0.4698
49/98 [==============>...............] - ETA: 0s - loss: 1.4976 - accuracy: 0.4717
52/98 [==============>...............] - ETA: 0s - loss: 1.4967 - accuracy: 0.4723
56/98 [================>.............] - ETA: 0s - loss: 1.4963 - accuracy: 0.4729
60/98 [=================>............] - ETA: 0s - loss: 1.4932 - accuracy: 0.4741
63/98 [==================>...........] - ETA: 0s - loss: 1.4932 - accuracy: 0.4743
67/98 [===================>..........] - ETA: 0s - loss: 1.4896 - accuracy: 0.4760
71/98 [====================>.........] - ETA: 0s - loss: 1.4891 - accuracy: 0.4750
74/98 [=====================>........] - ETA: 0s - loss: 1.4901 - accuracy: 0.4745
78/98 [======================>.......] - ETA: 0s - loss: 1.4910 - accuracy: 0.4744
82/98 [========================>.....] - ETA: 0s - loss: 1.4919 - accuracy: 0.4740
86/98 [=========================>....] - ETA: 0s - loss: 1.4927 - accuracy: 0.4736
89/98 [==========================>...] - ETA: 0s - loss: 1.4917 - accuracy: 0.4738
92/98 [===========================>..] - ETA: 0s - loss: 1.4912 - accuracy: 0.4738
96/98 [============================>.] - ETA: 0s - loss: 1.4925 - accuracy: 0.4738
98/98 [==============================] - 3s 29ms/step - loss: 1.4931 - accuracy: 0.4737 - val_loss: 1.3759 - val_accuracy: 0.5187
Epoch 14/269

 1/98 [..............................] - ETA: 3s - loss: 1.4598 - accuracy: 0.4707
 4/98 [>.............................] - ETA: 1s - loss: 1.4716 - accuracy: 0.4780
 8/98 [=>............................] - ETA: 1s - loss: 1.4669 - accuracy: 0.4761
12/98 [==>...........................] - ETA: 1s - loss: 1.4644 - accuracy: 0.4818
15/98 [===>..........................] - ETA: 1s - loss: 1.4723 - accuracy: 0.4785
19/98 [====>.........................] - ETA: 1s - loss: 1.4777 - accuracy: 0.4772
23/98 [======>.......................] - ETA: 1s - loss: 1.4758 - accuracy: 0.4766
26/98 [======>.......................] - ETA: 1s - loss: 1.4749 - accuracy: 0.4777
29/98 [=======>......................] - ETA: 1s - loss: 1.4733 - accuracy: 0.4786
33/98 [=========>....................] - ETA: 1s - loss: 1.4705 - accuracy: 0.4802
36/98 [==========>...................] - ETA: 1s - loss: 1.4707 - accuracy: 0.4814
40/98 [===========>..................] - ETA: 1s - loss: 1.4725 - accuracy: 0.4804
43/98 [============>.................] - ETA: 1s - loss: 1.4729 - accuracy: 0.4799
47/98 [=============>................] - ETA: 0s - loss: 1.4731 - accuracy: 0.4798
51/98 [==============>...............] - ETA: 0s - loss: 1.4726 - accuracy: 0.4802
54/98 [===============>..............] - ETA: 0s - loss: 1.4710 - accuracy: 0.4808
57/98 [================>.............] - ETA: 0s - loss: 1.4738 - accuracy: 0.4803
61/98 [=================>............] - ETA: 0s - loss: 1.4754 - accuracy: 0.4797
65/98 [==================>...........] - ETA: 0s - loss: 1.4741 - accuracy: 0.4803
68/98 [===================>..........] - ETA: 0s - loss: 1.4769 - accuracy: 0.4787
72/98 [=====================>........] - ETA: 0s - loss: 1.4768 - accuracy: 0.4784
75/98 [=====================>........] - ETA: 0s - loss: 1.4758 - accuracy: 0.4789
78/98 [======================>.......] - ETA: 0s - loss: 1.4757 - accuracy: 0.4798
81/98 [=======================>......] - ETA: 0s - loss: 1.4778 - accuracy: 0.4792
85/98 [=========================>....] - ETA: 0s - loss: 1.4777 - accuracy: 0.4795
89/98 [==========================>...] - ETA: 0s - loss: 1.4758 - accuracy: 0.4800
93/98 [===========================>..] - ETA: 0s - loss: 1.4755 - accuracy: 0.4796
96/98 [============================>.] - ETA: 0s - loss: 1.4736 - accuracy: 0.4801
98/98 [==============================] - 3s 29ms/step - loss: 1.4741 - accuracy: 0.4802 - val_loss: 1.3625 - val_accuracy: 0.5248
Epoch 15/269

 1/98 [..............................] - ETA: 3s - loss: 1.4354 - accuracy: 0.4883
 4/98 [>.............................] - ETA: 1s - loss: 1.4411 - accuracy: 0.4868
 8/98 [=>............................] - ETA: 1s - loss: 1.4360 - accuracy: 0.4888
11/98 [==>...........................] - ETA: 1s - loss: 1.4347 - accuracy: 0.4902
15/98 [===>..........................] - ETA: 1s - loss: 1.4401 - accuracy: 0.4862
18/98 [====>.........................] - ETA: 1s - loss: 1.4525 - accuracy: 0.4832
22/98 [=====>........................] - ETA: 1s - loss: 1.4567 - accuracy: 0.4820
26/98 [======>.......................] - ETA: 1s - loss: 1.4481 - accuracy: 0.4861
30/98 [========>.....................] - ETA: 1s - loss: 1.4510 - accuracy: 0.4846
34/98 [=========>....................] - ETA: 1s - loss: 1.4530 - accuracy: 0.4832
38/98 [==========>...................] - ETA: 1s - loss: 1.4545 - accuracy: 0.4822
42/98 [===========>..................] - ETA: 1s - loss: 1.4529 - accuracy: 0.4842
45/98 [============>.................] - ETA: 0s - loss: 1.4522 - accuracy: 0.4835
49/98 [==============>...............] - ETA: 0s - loss: 1.4567 - accuracy: 0.4815
53/98 [===============>..............] - ETA: 0s - loss: 1.4561 - accuracy: 0.4820
56/98 [================>.............] - ETA: 0s - loss: 1.4579 - accuracy: 0.4823
59/98 [=================>............] - ETA: 0s - loss: 1.4594 - accuracy: 0.4824
62/98 [=================>............] - ETA: 0s - loss: 1.4606 - accuracy: 0.4819
67/98 [===================>..........] - ETA: 0s - loss: 1.4618 - accuracy: 0.4815
73/98 [=====================>........] - ETA: 0s - loss: 1.4629 - accuracy: 0.4819
78/98 [======================>.......] - ETA: 0s - loss: 1.4623 - accuracy: 0.4816
83/98 [========================>.....] - ETA: 0s - loss: 1.4610 - accuracy: 0.4818
89/98 [==========================>...] - ETA: 0s - loss: 1.4602 - accuracy: 0.4822
94/98 [===========================>..] - ETA: 0s - loss: 1.4592 - accuracy: 0.4828
98/98 [==============================] - 2s 22ms/step - loss: 1.4585 - accuracy: 0.4827 - val_loss: 1.3482 - val_accuracy: 0.5301
Epoch 16/269

 1/98 [..............................] - ETA: 2s - loss: 1.4540 - accuracy: 0.5020
 6/98 [>.............................] - ETA: 0s - loss: 1.4565 - accuracy: 0.4870
11/98 [==>...........................] - ETA: 1s - loss: 1.4652 - accuracy: 0.4798
17/98 [====>.........................] - ETA: 0s - loss: 1.4569 - accuracy: 0.4858
22/98 [=====>........................] - ETA: 0s - loss: 1.4508 - accuracy: 0.4865
27/98 [=======>......................] - ETA: 0s - loss: 1.4443 - accuracy: 0.4882
32/98 [========>.....................] - ETA: 0s - loss: 1.4417 - accuracy: 0.4896
38/98 [==========>...................] - ETA: 0s - loss: 1.4395 - accuracy: 0.4920
43/98 [============>.................] - ETA: 0s - loss: 1.4392 - accuracy: 0.4908
49/98 [==============>...............] - ETA: 0s - loss: 1.4422 - accuracy: 0.4911
54/98 [===============>..............] - ETA: 0s - loss: 1.4411 - accuracy: 0.4916
59/98 [=================>............] - ETA: 0s - loss: 1.4433 - accuracy: 0.4915
64/98 [==================>...........] - ETA: 0s - loss: 1.4425 - accuracy: 0.4916
70/98 [====================>.........] - ETA: 0s - loss: 1.4429 - accuracy: 0.4914
75/98 [=====================>........] - ETA: 0s - loss: 1.4438 - accuracy: 0.4916
81/98 [=======================>......] - ETA: 0s - loss: 1.4430 - accuracy: 0.4923
86/98 [=========================>....] - ETA: 0s - loss: 1.4420 - accuracy: 0.4932
