2024-07-27 12:32:38.176230: I tensorflow/core/platform/cpu_feature_guard.cc:193] This TensorFlow binary is optimized with oneAPI Deep Neural Network Library (oneDNN) to use the following CPU instructions in performance-critical operations:  AVX AVX2
To enable them in other operations, rebuild TensorFlow with the appropriate compiler flags.
2024-07-27 12:32:39.091489: I tensorflow/core/common_runtime/gpu/gpu_device.cc:1616] Created device /job:localhost/replica:0/task:0/device:GPU:0 with 6656 MB memory:  -> device: 0, name: NVIDIA GeForce RTX 4060 Ti, pci bus id: 0000:01:00.0, compute capability: 8.9
1 Physical GPUs, 1 Logical GPUs
Model: "sequential"
_________________________________________________________________
 Layer (type)                Output Shape              Param #   
=================================================================
 conv2d (Conv2D)             (None, 32, 32, 32)        896       
                                                                 
 conv2d_1 (Conv2D)           (None, 32, 32, 32)        25632     
                                                                 
 max_pooling2d (MaxPooling2D  (None, 16, 16, 32)       0         
 )                                                               
                                                                 
 batch_normalization (BatchN  (None, 16, 16, 32)       128       
 ormalization)                                                   
                                                                 
 conv2d_2 (Conv2D)           (None, 16, 16, 128)       331904    
                                                                 
 dropout (Dropout)           (None, 16, 16, 128)       0         
                                                                 
 flatten (Flatten)           (None, 32768)             0         
                                                                 
 dense (Dense)               (None, 90)                2949210   
                                                                 
 dropout_1 (Dropout)         (None, 90)                0         
                                                                 
 dense_1 (Dense)             (None, 10)                910       
                                                                 
=================================================================
Total params: 3,308,680
Trainable params: 3,308,616
Non-trainable params: 64
_________________________________________________________________
Taxa de aprendizado:  0.01 Num de épocas:  124 Tamanho do lote:  512 Dropout:  0.26
Epoch 1/124
2024-07-27 12:32:40.898175: I tensorflow/stream_executor/cuda/cuda_dnn.cc:384] Loaded cuDNN version 8100
2024-07-27 12:32:42.234108: W tensorflow/stream_executor/gpu/redzone_allocator.cc:314] INTERNAL: ptxas exited with non-zero error code -1, output: 
Relying on driver to perform ptx compilation. 
Modify $PATH to customize ptxas location.
This message will be only logged once.
2024-07-27 12:32:44.267086: I tensorflow/stream_executor/cuda/cuda_blas.cc:1614] TensorFloat-32 will be used for the matrix multiplication. This will only be logged once.

 1/98 [..............................] - ETA: 12:34 - loss: 2.4427 - accuracy: 0.0996
 2/98 [..............................] - ETA: 12s - loss: 4.8237 - accuracy: 0.0977  
 3/98 [..............................] - ETA: 11s - loss: 5.2077 - accuracy: 0.0990
 4/98 [>.............................] - ETA: 10s - loss: 5.0093 - accuracy: 0.1050
 5/98 [>.............................] - ETA: 10s - loss: 4.8052 - accuracy: 0.1000
 6/98 [>.............................] - ETA: 10s - loss: 4.5872 - accuracy: 0.0983
 7/98 [=>............................] - ETA: 10s - loss: 4.3896 - accuracy: 0.0977
 8/98 [=>............................] - ETA: 10s - loss: 4.2206 - accuracy: 0.1021
 9/98 [=>............................] - ETA: 10s - loss: 4.0800 - accuracy: 0.1050
10/98 [==>...........................] - ETA: 10s - loss: 3.9786 - accuracy: 0.1037
11/98 [==>...........................] - ETA: 10s - loss: 3.8760 - accuracy: 0.1042
12/98 [==>...........................] - ETA: 10s - loss: 3.7870 - accuracy: 0.1045
13/98 [==>...........................] - ETA: 10s - loss: 3.7224 - accuracy: 0.1050
14/98 [===>..........................] - ETA: 9s - loss: 3.6653 - accuracy: 0.1038 
15/98 [===>..........................] - ETA: 9s - loss: 3.6196 - accuracy: 0.1026
16/98 [===>..........................] - ETA: 9s - loss: 3.5737 - accuracy: 0.1036
17/98 [====>.........................] - ETA: 9s - loss: 3.5324 - accuracy: 0.1036
18/98 [====>.........................] - ETA: 9s - loss: 3.4897 - accuracy: 0.1032
19/98 [====>.........................] - ETA: 9s - loss: 3.4528 - accuracy: 0.1018
20/98 [=====>........................] - ETA: 9s - loss: 3.4162 - accuracy: 0.1021
21/98 [=====>........................] - ETA: 9s - loss: 3.3828 - accuracy: 0.1017
22/98 [=====>........................] - ETA: 8s - loss: 3.3521 - accuracy: 0.1009
23/98 [======>.......................] - ETA: 8s - loss: 3.3202 - accuracy: 0.1011
24/98 [======>.......................] - ETA: 8s - loss: 3.2918 - accuracy: 0.1007
25/98 [======>.......................] - ETA: 8s - loss: 3.2653 - accuracy: 0.1005
26/98 [======>.......................] - ETA: 8s - loss: 3.2366 - accuracy: 0.1011
27/98 [=======>......................] - ETA: 8s - loss: 3.2134 - accuracy: 0.1010
28/98 [=======>......................] - ETA: 8s - loss: 3.1921 - accuracy: 0.1007
29/98 [=======>......................] - ETA: 8s - loss: 3.1708 - accuracy: 0.1007
30/98 [========>.....................] - ETA: 8s - loss: 3.1507 - accuracy: 0.1009
31/98 [========>.....................] - ETA: 7s - loss: 3.1305 - accuracy: 0.1015
32/98 [========>.....................] - ETA: 7s - loss: 3.1140 - accuracy: 0.1013
33/98 [=========>....................] - ETA: 7s - loss: 3.0968 - accuracy: 0.1017
34/98 [=========>....................] - ETA: 7s - loss: 3.0802 - accuracy: 0.1020
35/98 [=========>....................] - ETA: 7s - loss: 3.0656 - accuracy: 0.1016
36/98 [==========>...................] - ETA: 7s - loss: 3.0514 - accuracy: 0.1014
37/98 [==========>...................] - ETA: 7s - loss: 3.0363 - accuracy: 0.1020
38/98 [==========>...................] - ETA: 7s - loss: 3.0239 - accuracy: 0.1018
39/98 [==========>...................] - ETA: 6s - loss: 3.0106 - accuracy: 0.1015
40/98 [===========>..................] - ETA: 6s - loss: 2.9978 - accuracy: 0.1017
41/98 [===========>..................] - ETA: 6s - loss: 2.9859 - accuracy: 0.1018
42/98 [===========>..................] - ETA: 6s - loss: 2.9751 - accuracy: 0.1016
43/98 [============>.................] - ETA: 6s - loss: 2.9631 - accuracy: 0.1014
44/98 [============>.................] - ETA: 9s - loss: 2.9560 - accuracy: 0.1015
45/98 [============>.................] - ETA: 8s - loss: 2.9465 - accuracy: 0.1009
46/98 [=============>................] - ETA: 8s - loss: 2.9354 - accuracy: 0.1010
47/98 [=============>................] - ETA: 8s - loss: 2.9250 - accuracy: 0.1013
48/98 [=============>................] - ETA: 8s - loss: 2.9169 - accuracy: 0.1014
49/98 [==============>...............] - ETA: 8s - loss: 2.9085 - accuracy: 0.1009
50/98 [==============>...............] - ETA: 7s - loss: 2.9000 - accuracy: 0.1012
51/98 [==============>...............] - ETA: 7s - loss: 2.8916 - accuracy: 0.1012
52/98 [==============>...............] - ETA: 7s - loss: 2.8828 - accuracy: 0.1014
53/98 [===============>..............] - ETA: 7s - loss: 2.8752 - accuracy: 0.1011
54/98 [===============>..............] - ETA: 7s - loss: 2.8675 - accuracy: 0.1010
55/98 [===============>..............] - ETA: 6s - loss: 2.8597 - accuracy: 0.1018
56/98 [================>.............] - ETA: 6s - loss: 2.8525 - accuracy: 0.1020
57/98 [================>.............] - ETA: 6s - loss: 2.8449 - accuracy: 0.1025
58/98 [================>.............] - ETA: 6s - loss: 2.8378 - accuracy: 0.1024
59/98 [=================>............] - ETA: 6s - loss: 2.8301 - accuracy: 0.1027
60/98 [=================>............] - ETA: 5s - loss: 2.8237 - accuracy: 0.1028
61/98 [=================>............] - ETA: 5s - loss: 2.8171 - accuracy: 0.1029
62/98 [=================>............] - ETA: 5s - loss: 2.8101 - accuracy: 0.1031
63/98 [==================>...........] - ETA: 5s - loss: 2.8039 - accuracy: 0.1033
64/98 [==================>...........] - ETA: 5s - loss: 2.7976 - accuracy: 0.1036
65/98 [==================>...........] - ETA: 5s - loss: 2.7922 - accuracy: 0.1036
66/98 [===================>..........] - ETA: 4s - loss: 2.7868 - accuracy: 0.1040
67/98 [===================>..........] - ETA: 4s - loss: 2.7812 - accuracy: 0.1042
68/98 [===================>..........] - ETA: 4s - loss: 2.7755 - accuracy: 0.1046
69/98 [====================>.........] - ETA: 4s - loss: 2.7700 - accuracy: 0.1049
70/98 [====================>.........] - ETA: 4s - loss: 2.7652 - accuracy: 0.1051
71/98 [====================>.........] - ETA: 4s - loss: 2.7608 - accuracy: 0.1048
72/98 [=====================>........] - ETA: 3s - loss: 2.7559 - accuracy: 0.1049
73/98 [=====================>........] - ETA: 3s - loss: 2.7516 - accuracy: 0.1049
74/98 [=====================>........] - ETA: 3s - loss: 2.7471 - accuracy: 0.1050
75/98 [=====================>........] - ETA: 3s - loss: 2.7431 - accuracy: 0.1050
76/98 [======================>.......] - ETA: 3s - loss: 2.7385 - accuracy: 0.1050
77/98 [======================>.......] - ETA: 3s - loss: 2.7345 - accuracy: 0.1049
78/98 [======================>.......] - ETA: 2s - loss: 2.7308 - accuracy: 0.1049
79/98 [=======================>......] - ETA: 2s - loss: 2.7271 - accuracy: 0.1052
80/98 [=======================>......] - ETA: 2s - loss: 2.7233 - accuracy: 0.1055
81/98 [=======================>......] - ETA: 2s - loss: 2.7196 - accuracy: 0.1056
82/98 [========================>.....] - ETA: 2s - loss: 2.7158 - accuracy: 0.1057
83/98 [========================>.....] - ETA: 2s - loss: 2.7120 - accuracy: 0.1060
84/98 [========================>.....] - ETA: 2s - loss: 2.7085 - accuracy: 0.1060
85/98 [=========================>....] - ETA: 1s - loss: 2.7048 - accuracy: 0.1059
86/98 [=========================>....] - ETA: 1s - loss: 2.7011 - accuracy: 0.1058
87/98 [=========================>....] - ETA: 1s - loss: 2.6976 - accuracy: 0.1059
88/98 [=========================>....] - ETA: 1s - loss: 2.6940 - accuracy: 0.1061
89/98 [==========================>...] - ETA: 1s - loss: 2.6906 - accuracy: 0.1061
90/98 [==========================>...] - ETA: 1s - loss: 2.6876 - accuracy: 0.1060
91/98 [==========================>...] - ETA: 0s - loss: 2.6843 - accuracy: 0.1060
92/98 [===========================>..] - ETA: 0s - loss: 2.6811 - accuracy: 0.1061
93/98 [===========================>..] - ETA: 0s - loss: 2.6782 - accuracy: 0.1059
94/98 [===========================>..] - ETA: 0s - loss: 2.6750 - accuracy: 0.1062
95/98 [============================>.] - ETA: 0s - loss: 2.6724 - accuracy: 0.1062
96/98 [============================>.] - ETA: 0s - loss: 2.6692 - accuracy: 0.1064
97/98 [============================>.] - ETA: 0s - loss: 2.6663 - accuracy: 0.1064
98/98 [==============================] - ETA: 0s - loss: 2.6634 - accuracy: 0.1063
98/98 [==============================] - 23s 157ms/step - loss: 2.6634 - accuracy: 0.1063 - val_loss: 2.3170 - val_accuracy: 0.1015
Epoch 2/124

 1/98 [..............................] - ETA: 12s - loss: 2.3816 - accuracy: 0.0996
 2/98 [..............................] - ETA: 10s - loss: 2.3687 - accuracy: 0.0938
 3/98 [..............................] - ETA: 11s - loss: 2.3813 - accuracy: 0.0924
 4/98 [>.............................] - ETA: 10s - loss: 2.3843 - accuracy: 0.0986
 5/98 [>.............................] - ETA: 10s - loss: 2.3827 - accuracy: 0.0992
 6/98 [>.............................] - ETA: 10s - loss: 2.3847 - accuracy: 0.0996
 7/98 [=>............................] - ETA: 10s - loss: 2.3856 - accuracy: 0.1030
 8/98 [=>............................] - ETA: 10s - loss: 2.3880 - accuracy: 0.1040
 9/98 [=>............................] - ETA: 10s - loss: 2.3845 - accuracy: 0.1063
10/98 [==>...........................] - ETA: 10s - loss: 2.3849 - accuracy: 0.1064
11/98 [==>...........................] - ETA: 10s - loss: 2.3855 - accuracy: 0.1062
12/98 [==>...........................] - ETA: 10s - loss: 2.3846 - accuracy: 0.1051
13/98 [==>...........................] - ETA: 9s - loss: 2.3837 - accuracy: 0.1058 
14/98 [===>..........................] - ETA: 9s - loss: 2.3826 - accuracy: 0.1048
15/98 [===>..........................] - ETA: 9s - loss: 2.3816 - accuracy: 0.1053
16/98 [===>..........................] - ETA: 9s - loss: 2.3816 - accuracy: 0.1051
17/98 [====>.........................] - ETA: 9s - loss: 2.3797 - accuracy: 0.1058
18/98 [====>.........................] - ETA: 9s - loss: 2.3789 - accuracy: 0.1058
19/98 [====>.........................] - ETA: 9s - loss: 2.3786 - accuracy: 0.1059
20/98 [=====>........................] - ETA: 9s - loss: 2.3776 - accuracy: 0.1060
21/98 [=====>........................] - ETA: 9s - loss: 2.3758 - accuracy: 0.1058
22/98 [=====>........................] - ETA: 8s - loss: 2.3729 - accuracy: 0.1060
23/98 [======>.......................] - ETA: 8s - loss: 2.3722 - accuracy: 0.1058
24/98 [======>.......................] - ETA: 8s - loss: 2.3713 - accuracy: 0.1063
25/98 [======>.......................] - ETA: 8s - loss: 2.3708 - accuracy: 0.1070
26/98 [======>.......................] - ETA: 8s - loss: 2.3697 - accuracy: 0.1074
27/98 [=======>......................] - ETA: 8s - loss: 2.3684 - accuracy: 0.1080
28/98 [=======>......................] - ETA: 8s - loss: 2.3680 - accuracy: 0.1084
29/98 [=======>......................] - ETA: 8s - loss: 2.3685 - accuracy: 0.1084
30/98 [========>.....................] - ETA: 8s - loss: 2.3678 - accuracy: 0.1081
31/98 [========>.....................] - ETA: 7s - loss: 2.3680 - accuracy: 0.1084
32/98 [========>.....................] - ETA: 7s - loss: 2.3668 - accuracy: 0.1086
33/98 [=========>....................] - ETA: 7s - loss: 2.3660 - accuracy: 0.1083
34/98 [=========>....................] - ETA: 7s - loss: 2.3654 - accuracy: 0.1081
35/98 [=========>....................] - ETA: 7s - loss: 2.3645 - accuracy: 0.1080
36/98 [==========>...................] - ETA: 7s - loss: 2.3634 - accuracy: 0.1088
37/98 [==========>...................] - ETA: 7s - loss: 2.3628 - accuracy: 0.1085
38/98 [==========>...................] - ETA: 7s - loss: 2.3619 - accuracy: 0.1086
39/98 [==========>...................] - ETA: 6s - loss: 2.3613 - accuracy: 0.1085
40/98 [===========>..................] - ETA: 6s - loss: 2.3595 - accuracy: 0.1094
41/98 [===========>..................] - ETA: 6s - loss: 2.3579 - accuracy: 0.1099
42/98 [===========>..................] - ETA: 6s - loss: 2.3578 - accuracy: 0.1104
43/98 [============>.................] - ETA: 6s - loss: 2.3571 - accuracy: 0.1110
44/98 [============>.................] - ETA: 6s - loss: 2.3568 - accuracy: 0.1112
45/98 [============>.................] - ETA: 6s - loss: 2.3560 - accuracy: 0.1117
46/98 [=============>................] - ETA: 6s - loss: 2.3555 - accuracy: 0.1118
47/98 [=============>................] - ETA: 6s - loss: 2.3546 - accuracy: 0.1122
48/98 [=============>................] - ETA: 5s - loss: 2.3543 - accuracy: 0.1123
49/98 [==============>...............] - ETA: 5s - loss: 2.3536 - accuracy: 0.1122
50/98 [==============>...............] - ETA: 5s - loss: 2.3530 - accuracy: 0.1122
51/98 [==============>...............] - ETA: 5s - loss: 2.3526 - accuracy: 0.1115
52/98 [==============>...............] - ETA: 5s - loss: 2.3520 - accuracy: 0.1112
53/98 [===============>..............] - ETA: 5s - loss: 2.3511 - accuracy: 0.1109
54/98 [===============>..............] - ETA: 5s - loss: 2.3499 - accuracy: 0.1117
55/98 [===============>..............] - ETA: 5s - loss: 2.3494 - accuracy: 0.1117
56/98 [================>.............] - ETA: 4s - loss: 2.3490 - accuracy: 0.1120
57/98 [================>.............] - ETA: 4s - loss: 2.3479 - accuracy: 0.1123
58/98 [================>.............] - ETA: 4s - loss: 2.3474 - accuracy: 0.1126
59/98 [=================>............] - ETA: 4s - loss: 2.3469 - accuracy: 0.1126
60/98 [=================>............] - ETA: 4s - loss: 2.3459 - accuracy: 0.1128
61/98 [=================>............] - ETA: 4s - loss: 2.3454 - accuracy: 0.1130
62/98 [=================>............] - ETA: 4s - loss: 2.3451 - accuracy: 0.1138
63/98 [==================>...........] - ETA: 4s - loss: 2.3448 - accuracy: 0.1139
64/98 [==================>...........] - ETA: 4s - loss: 2.3443 - accuracy: 0.1140
65/98 [==================>...........] - ETA: 3s - loss: 2.3440 - accuracy: 0.1139
66/98 [===================>..........] - ETA: 3s - loss: 2.3435 - accuracy: 0.1140
67/98 [===================>..........] - ETA: 3s - loss: 2.3433 - accuracy: 0.1139
68/98 [===================>..........] - ETA: 3s - loss: 2.3427 - accuracy: 0.1141
69/98 [====================>.........] - ETA: 3s - loss: 2.3426 - accuracy: 0.1139
70/98 [====================>.........] - ETA: 3s - loss: 2.3421 - accuracy: 0.1140
71/98 [====================>.........] - ETA: 3s - loss: 2.3413 - accuracy: 0.1141
72/98 [=====================>........] - ETA: 3s - loss: 2.3409 - accuracy: 0.1141
73/98 [=====================>........] - ETA: 2s - loss: 2.3405 - accuracy: 0.1141
74/98 [=====================>........] - ETA: 2s - loss: 2.3399 - accuracy: 0.1142
75/98 [=====================>........] - ETA: 2s - loss: 2.3390 - accuracy: 0.1145
76/98 [======================>.......] - ETA: 2s - loss: 2.3386 - accuracy: 0.1145
77/98 [======================>.......] - ETA: 2s - loss: 2.3379 - accuracy: 0.1147
78/98 [======================>.......] - ETA: 2s - loss: 2.3372 - accuracy: 0.1150
79/98 [=======================>......] - ETA: 2s - loss: 2.3370 - accuracy: 0.1149
80/98 [=======================>......] - ETA: 2s - loss: 2.3362 - accuracy: 0.1154
81/98 [=======================>......] - ETA: 2s - loss: 2.3357 - accuracy: 0.1157
82/98 [========================>.....] - ETA: 1s - loss: 2.3347 - accuracy: 0.1161
83/98 [========================>.....] - ETA: 1s - loss: 2.3339 - accuracy: 0.1163
84/98 [========================>.....] - ETA: 1s - loss: 2.3334 - accuracy: 0.1166
85/98 [=========================>....] - ETA: 1s - loss: 2.3329 - accuracy: 0.1168
86/98 [=========================>....] - ETA: 1s - loss: 2.3326 - accuracy: 0.1170
87/98 [=========================>....] - ETA: 1s - loss: 2.3321 - accuracy: 0.1170
88/98 [=========================>....] - ETA: 1s - loss: 2.3319 - accuracy: 0.1172
89/98 [==========================>...] - ETA: 1s - loss: 2.3315 - accuracy: 0.1173
90/98 [==========================>...] - ETA: 0s - loss: 2.3313 - accuracy: 0.1175
91/98 [==========================>...] - ETA: 0s - loss: 2.3307 - accuracy: 0.1176
92/98 [===========================>..] - ETA: 0s - loss: 2.3304 - accuracy: 0.1178
93/98 [===========================>..] - ETA: 0s - loss: 2.3298 - accuracy: 0.1179
94/98 [===========================>..] - ETA: 0s - loss: 2.3293 - accuracy: 0.1181
95/98 [============================>.] - ETA: 0s - loss: 2.3291 - accuracy: 0.1183
96/98 [============================>.] - ETA: 0s - loss: 2.3289 - accuracy: 0.1182
97/98 [============================>.] - ETA: 0s - loss: 2.3285 - accuracy: 0.1182
98/98 [==============================] - ETA: 0s - loss: 2.3279 - accuracy: 0.1183
98/98 [==============================] - 13s 131ms/step - loss: 2.3279 - accuracy: 0.1183 - val_loss: 2.3021 - val_accuracy: 0.1249
Epoch 3/124

 1/98 [..............................] - ETA: 13s - loss: 2.2759 - accuracy: 0.1328
 2/98 [..............................] - ETA: 10s - loss: 2.2919 - accuracy: 0.1230
 3/98 [..............................] - ETA: 10s - loss: 2.2881 - accuracy: 0.1211
 4/98 [>.............................] - ETA: 10s - loss: 2.2899 - accuracy: 0.1240
 5/98 [>.............................] - ETA: 10s - loss: 2.2889 - accuracy: 0.1297
 6/98 [>.............................] - ETA: 10s - loss: 2.2888 - accuracy: 0.1305
 7/98 [=>............................] - ETA: 10s - loss: 2.2919 - accuracy: 0.1300
 8/98 [=>............................] - ETA: 10s - loss: 2.2931 - accuracy: 0.1306
 9/98 [=>............................] - ETA: 10s - loss: 2.2927 - accuracy: 0.1285
10/98 [==>...........................] - ETA: 9s - loss: 2.2906 - accuracy: 0.1287 
11/98 [==>...........................] - ETA: 9s - loss: 2.2903 - accuracy: 0.1278
12/98 [==>...........................] - ETA: 9s - loss: 2.2908 - accuracy: 0.1270
13/98 [==>...........................] - ETA: 9s - loss: 2.2916 - accuracy: 0.1268
14/98 [===>..........................] - ETA: 9s - loss: 2.2930 - accuracy: 0.1261
15/98 [===>..........................] - ETA: 9s - loss: 2.2919 - accuracy: 0.1268
16/98 [===>..........................] - ETA: 9s - loss: 2.2927 - accuracy: 0.1268
17/98 [====>.........................] - ETA: 9s - loss: 2.2932 - accuracy: 0.1267
18/98 [====>.........................] - ETA: 9s - loss: 2.2914 - accuracy: 0.1271
19/98 [====>.........................] - ETA: 8s - loss: 2.2906 - accuracy: 0.1277
20/98 [=====>........................] - ETA: 8s - loss: 2.2910 - accuracy: 0.1274
21/98 [=====>........................] - ETA: 8s - loss: 2.2901 - accuracy: 0.1280
22/98 [=====>........................] - ETA: 8s - loss: 2.2897 - accuracy: 0.1286
23/98 [======>.......................] - ETA: 8s - loss: 2.2897 - accuracy: 0.1281
24/98 [======>.......................] - ETA: 8s - loss: 2.2895 - accuracy: 0.1274
25/98 [======>.......................] - ETA: 8s - loss: 2.2894 - accuracy: 0.1283
26/98 [======>.......................] - ETA: 8s - loss: 2.2885 - accuracy: 0.1289
27/98 [=======>......................] - ETA: 8s - loss: 2.2887 - accuracy: 0.1293
28/98 [=======>......................] - ETA: 7s - loss: 2.2881 - accuracy: 0.1303
29/98 [=======>......................] - ETA: 7s - loss: 2.2881 - accuracy: 0.1311
30/98 [========>.....................] - ETA: 7s - loss: 2.2886 - accuracy: 0.1310
31/98 [========>.....................] - ETA: 7s - loss: 2.2881 - accuracy: 0.1307
32/98 [========>.....................] - ETA: 7s - loss: 2.2881 - accuracy: 0.1309
33/98 [=========>....................] - ETA: 7s - loss: 2.2876 - accuracy: 0.1317
34/98 [=========>....................] - ETA: 7s - loss: 2.2879 - accuracy: 0.1318
35/98 [=========>....................] - ETA: 7s - loss: 2.2883 - accuracy: 0.1306
36/98 [==========>...................] - ETA: 7s - loss: 2.2871 - accuracy: 0.1311
37/98 [==========>...................] - ETA: 6s - loss: 2.2876 - accuracy: 0.1308
38/98 [==========>...................] - ETA: 6s - loss: 2.2869 - accuracy: 0.1309
39/98 [==========>...................] - ETA: 6s - loss: 2.2860 - accuracy: 0.1304
40/98 [===========>..................] - ETA: 6s - loss: 2.2860 - accuracy: 0.1304
41/98 [===========>..................] - ETA: 6s - loss: 2.2852 - accuracy: 0.1308
42/98 [===========>..................] - ETA: 6s - loss: 2.2851 - accuracy: 0.1313
43/98 [============>.................] - ETA: 6s - loss: 2.2846 - accuracy: 0.1314
44/98 [============>.................] - ETA: 6s - loss: 2.2842 - accuracy: 0.1314
45/98 [============>.................] - ETA: 6s - loss: 2.2840 - accuracy: 0.1315
46/98 [=============>................] - ETA: 5s - loss: 2.2833 - accuracy: 0.1318
48/98 [=============>................] - ETA: 5s - loss: 2.2818 - accuracy: 0.1326
49/98 [==============>...............] - ETA: 5s - loss: 2.2822 - accuracy: 0.1327
50/98 [==============>...............] - ETA: 5s - loss: 2.2817 - accuracy: 0.1326
51/98 [==============>...............] - ETA: 5s - loss: 2.2815 - accuracy: 0.1325
52/98 [==============>...............] - ETA: 5s - loss: 2.2815 - accuracy: 0.1330
53/98 [===============>..............] - ETA: 5s - loss: 2.2814 - accuracy: 0.1329
54/98 [===============>..............] - ETA: 4s - loss: 2.2818 - accuracy: 0.1326
55/98 [===============>..............] - ETA: 4s - loss: 2.2815 - accuracy: 0.1329
56/98 [================>.............] - ETA: 4s - loss: 2.2815 - accuracy: 0.1328
57/98 [================>.............] - ETA: 4s - loss: 2.2812 - accuracy: 0.1334
58/98 [================>.............] - ETA: 4s - loss: 2.2810 - accuracy: 0.1338
59/98 [=================>............] - ETA: 4s - loss: 2.2803 - accuracy: 0.1341
60/98 [=================>............] - ETA: 4s - loss: 2.2803 - accuracy: 0.1342
61/98 [=================>............] - ETA: 4s - loss: 2.2803 - accuracy: 0.1342
62/98 [=================>............] - ETA: 3s - loss: 2.2800 - accuracy: 0.1345
63/98 [==================>...........] - ETA: 3s - loss: 2.2798 - accuracy: 0.1347
64/98 [==================>...........] - ETA: 3s - loss: 2.2791 - accuracy: 0.1352
65/98 [==================>...........] - ETA: 3s - loss: 2.2786 - accuracy: 0.1356
66/98 [===================>..........] - ETA: 3s - loss: 2.2782 - accuracy: 0.1354
67/98 [===================>..........] - ETA: 3s - loss: 2.2786 - accuracy: 0.1349
68/98 [===================>..........] - ETA: 3s - loss: 2.2785 - accuracy: 0.1350
69/98 [====================>.........] - ETA: 3s - loss: 2.2786 - accuracy: 0.1350
70/98 [====================>.........] - ETA: 3s - loss: 2.2784 - accuracy: 0.1351
71/98 [====================>.........] - ETA: 2s - loss: 2.2785 - accuracy: 0.1353
72/98 [=====================>........] - ETA: 2s - loss: 2.2790 - accuracy: 0.1352
73/98 [=====================>........] - ETA: 2s - loss: 2.2791 - accuracy: 0.1351
74/98 [=====================>........] - ETA: 2s - loss: 2.2790 - accuracy: 0.1350
75/98 [=====================>........] - ETA: 2s - loss: 2.2787 - accuracy: 0.1350
76/98 [======================>.......] - ETA: 2s - loss: 2.2784 - accuracy: 0.1353
77/98 [======================>.......] - ETA: 2s - loss: 2.2781 - accuracy: 0.1354
78/98 [======================>.......] - ETA: 2s - loss: 2.2776 - accuracy: 0.1355
79/98 [=======================>......] - ETA: 2s - loss: 2.2776 - accuracy: 0.1355
80/98 [=======================>......] - ETA: 1s - loss: 2.2776 - accuracy: 0.1353
81/98 [=======================>......] - ETA: 1s - loss: 2.2775 - accuracy: 0.1352
82/98 [========================>.....] - ETA: 1s - loss: 2.2774 - accuracy: 0.1354
83/98 [========================>.....] - ETA: 1s - loss: 2.2775 - accuracy: 0.1352
84/98 [========================>.....] - ETA: 1s - loss: 2.2773 - accuracy: 0.1353
85/98 [=========================>....] - ETA: 1s - loss: 2.2772 - accuracy: 0.1353
86/98 [=========================>....] - ETA: 1s - loss: 2.2771 - accuracy: 0.1354
87/98 [=========================>....] - ETA: 1s - loss: 2.2766 - accuracy: 0.1358
88/98 [=========================>....] - ETA: 1s - loss: 2.2764 - accuracy: 0.1357
89/98 [==========================>...] - ETA: 1s - loss: 2.2764 - accuracy: 0.1356
90/98 [==========================>...] - ETA: 0s - loss: 2.2766 - accuracy: 0.1356
91/98 [==========================>...] - ETA: 0s - loss: 2.2763 - accuracy: 0.1360
92/98 [===========================>..] - ETA: 0s - loss: 2.2765 - accuracy: 0.1360
93/98 [===========================>..] - ETA: 0s - loss: 2.2763 - accuracy: 0.1361
95/98 [============================>.] - ETA: 0s - loss: 2.2756 - accuracy: 0.1366
97/98 [============================>.] - ETA: 0s - loss: 2.2755 - accuracy: 0.1365
98/98 [==============================] - 11s 114ms/step - loss: 2.2752 - accuracy: 0.1365 - val_loss: 2.2532 - val_accuracy: 0.1487
Epoch 4/124

 1/98 [..............................] - ETA: 6s - loss: 2.2582 - accuracy: 0.1387
 2/98 [..............................] - ETA: 6s - loss: 2.2735 - accuracy: 0.1299
 4/98 [>.............................] - ETA: 4s - loss: 2.2725 - accuracy: 0.1260
 5/98 [>.............................] - ETA: 5s - loss: 2.2734 - accuracy: 0.1277
 7/98 [=>............................] - ETA: 4s - loss: 2.2741 - accuracy: 0.1373
 9/98 [=>............................] - ETA: 4s - loss: 2.2734 - accuracy: 0.1398
11/98 [==>...........................] - ETA: 4s - loss: 2.2704 - accuracy: 0.1412
13/98 [==>...........................] - ETA: 4s - loss: 2.2687 - accuracy: 0.1420
15/98 [===>..........................] - ETA: 4s - loss: 2.2665 - accuracy: 0.1423
17/98 [====>.........................] - ETA: 4s - loss: 2.2696 - accuracy: 0.1404
19/98 [====>.........................] - ETA: 4s - loss: 2.2683 - accuracy: 0.1407
21/98 [=====>........................] - ETA: 4s - loss: 2.2675 - accuracy: 0.1405
23/98 [======>.......................] - ETA: 4s - loss: 2.2679 - accuracy: 0.1407
25/98 [======>.......................] - ETA: 3s - loss: 2.2662 - accuracy: 0.1410
26/98 [======>.......................] - ETA: 3s - loss: 2.2666 - accuracy: 0.1404
28/98 [=======>......................] - ETA: 3s - loss: 2.2650 - accuracy: 0.1409
29/98 [=======>......................] - ETA: 3s - loss: 2.2645 - accuracy: 0.1409
30/98 [========>.....................] - ETA: 3s - loss: 2.2643 - accuracy: 0.1413
31/98 [========>.....................] - ETA: 3s - loss: 2.2639 - accuracy: 0.1416
32/98 [========>.....................] - ETA: 3s - loss: 2.2643 - accuracy: 0.1416
33/98 [=========>....................] - ETA: 3s - loss: 2.2643 - accuracy: 0.1419
34/98 [=========>....................] - ETA: 3s - loss: 2.2649 - accuracy: 0.1415
36/98 [==========>...................] - ETA: 3s - loss: 2.2673 - accuracy: 0.1402
37/98 [==========>...................] - ETA: 3s - loss: 2.2680 - accuracy: 0.1400
38/98 [==========>...................] - ETA: 3s - loss: 2.2687 - accuracy: 0.1395
40/98 [===========>..................] - ETA: 3s - loss: 2.2711 - accuracy: 0.1374
41/98 [===========>..................] - ETA: 3s - loss: 2.2720 - accuracy: 0.1371
42/98 [===========>..................] - ETA: 3s - loss: 2.2730 - accuracy: 0.1367
43/98 [============>.................] - ETA: 3s - loss: 2.2747 - accuracy: 0.1355
45/98 [============>.................] - ETA: 2s - loss: 2.2779 - accuracy: 0.1339
46/98 [=============>................] - ETA: 2s - loss: 2.2792 - accuracy: 0.1328
47/98 [=============>................] - ETA: 2s - loss: 2.2807 - accuracy: 0.1320
49/98 [==============>...............] - ETA: 2s - loss: 2.2831 - accuracy: 0.1308
50/98 [==============>...............] - ETA: 2s - loss: 2.2844 - accuracy: 0.1303
52/98 [==============>...............] - ETA: 2s - loss: 2.2859 - accuracy: 0.1296
54/98 [===============>..............] - ETA: 2s - loss: 2.2873 - accuracy: 0.1293
55/98 [===============>..............] - ETA: 2s - loss: 2.2885 - accuracy: 0.1289
56/98 [================>.............] - ETA: 2s - loss: 2.2893 - accuracy: 0.1286
57/98 [================>.............] - ETA: 2s - loss: 2.2899 - accuracy: 0.1283
58/98 [================>.............] - ETA: 2s - loss: 2.2911 - accuracy: 0.1275
59/98 [=================>............] - ETA: 2s - loss: 2.2917 - accuracy: 0.1274
60/98 [=================>............] - ETA: 2s - loss: 2.2923 - accuracy: 0.1270
61/98 [=================>............] - ETA: 2s - loss: 2.2929 - accuracy: 0.1265
62/98 [=================>............] - ETA: 1s - loss: 2.2934 - accuracy: 0.1258
63/98 [==================>...........] - ETA: 1s - loss: 2.2940 - accuracy: 0.1252
64/98 [==================>...........] - ETA: 1s - loss: 2.2945 - accuracy: 0.1248
65/98 [==================>...........] - ETA: 1s - loss: 2.2957 - accuracy: 0.1240
66/98 [===================>..........] - ETA: 1s - loss: 2.2964 - accuracy: 0.1237
67/98 [===================>..........] - ETA: 1s - loss: 2.2968 - accuracy: 0.1232
68/98 [===================>..........] - ETA: 1s - loss: 2.2973 - accuracy: 0.1229
69/98 [====================>.........] - ETA: 1s - loss: 2.2982 - accuracy: 0.1225
70/98 [====================>.........] - ETA: 1s - loss: 2.2987 - accuracy: 0.1222
71/98 [====================>.........] - ETA: 1s - loss: 2.2991 - accuracy: 0.1217
73/98 [=====================>........] - ETA: 1s - loss: 2.2996 - accuracy: 0.1213
74/98 [=====================>........] - ETA: 1s - loss: 2.2999 - accuracy: 0.1211
75/98 [=====================>........] - ETA: 1s - loss: 2.3005 - accuracy: 0.1208
77/98 [======================>.......] - ETA: 1s - loss: 2.3010 - accuracy: 0.1201
78/98 [======================>.......] - ETA: 1s - loss: 2.3015 - accuracy: 0.1201
79/98 [=======================>......] - ETA: 1s - loss: 2.3020 - accuracy: 0.1198
80/98 [=======================>......] - ETA: 0s - loss: 2.3024 - accuracy: 0.1195
82/98 [========================>.....] - ETA: 0s - loss: 2.3031 - accuracy: 0.1184
83/98 [========================>.....] - ETA: 0s - loss: 2.3033 - accuracy: 0.1182
85/98 [=========================>....] - ETA: 0s - loss: 2.3037 - accuracy: 0.1179
87/98 [=========================>....] - ETA: 0s - loss: 2.3044 - accuracy: 0.1173
88/98 [=========================>....] - ETA: 0s - loss: 2.3048 - accuracy: 0.1171
89/98 [==========================>...] - ETA: 0s - loss: 2.3052 - accuracy: 0.1169
90/98 [==========================>...] - ETA: 0s - loss: 2.3053 - accuracy: 0.1165
91/98 [==========================>...] - ETA: 0s - loss: 2.3055 - accuracy: 0.1164
92/98 [===========================>..] - ETA: 0s - loss: 2.3060 - accuracy: 0.1160
93/98 [===========================>..] - ETA: 0s - loss: 2.3064 - accuracy: 0.1159
94/98 [===========================>..] - ETA: 0s - loss: 2.3066 - accuracy: 0.1157
95/98 [============================>.] - ETA: 0s - loss: 2.3068 - accuracy: 0.1155
96/98 [============================>.] - ETA: 0s - loss: 2.3068 - accuracy: 0.1155
98/98 [==============================] - ETA: 0s - loss: 2.3073 - accuracy: 0.1152
98/98 [==============================] - 6s 61ms/step - loss: 2.3073 - accuracy: 0.1152 - val_loss: 2.3144 - val_accuracy: 0.1000
Epoch 5/124

 1/98 [..............................] - ETA: 6s - loss: 2.3256 - accuracy: 0.0898
 2/98 [..............................] - ETA: 5s - loss: 2.3181 - accuracy: 0.1074
 3/98 [..............................] - ETA: 5s - loss: 2.3175 - accuracy: 0.1126
 4/98 [>.............................] - ETA: 5s - loss: 2.3240 - accuracy: 0.1084
 5/98 [>.............................] - ETA: 5s - loss: 2.3257 - accuracy: 0.1121
 7/98 [=>............................] - ETA: 5s - loss: 2.3268 - accuracy: 0.1080
 8/98 [=>............................] - ETA: 4s - loss: 2.3238 - accuracy: 0.1096
 9/98 [=>............................] - ETA: 4s - loss: 2.3243 - accuracy: 0.1089
10/98 [==>...........................] - ETA: 5s - loss: 2.3258 - accuracy: 0.1098
11/98 [==>...........................] - ETA: 5s - loss: 2.3301 - accuracy: 0.1090
12/98 [==>...........................] - ETA: 5s - loss: 2.3288 - accuracy: 0.1089
13/98 [==>...........................] - ETA: 5s - loss: 2.3277 - accuracy: 0.1098
14/98 [===>..........................] - ETA: 5s - loss: 2.3271 - accuracy: 0.1070
15/98 [===>..........................] - ETA: 5s - loss: 2.3270 - accuracy: 0.1077
16/98 [===>..........................] - ETA: 5s - loss: 2.3272 - accuracy: 0.1082
17/98 [====>.........................] - ETA: 5s - loss: 2.3278 - accuracy: 0.1072
18/98 [====>.........................] - ETA: 5s - loss: 2.3263 - accuracy: 0.1082
19/98 [====>.........................] - ETA: 5s - loss: 2.3255 - accuracy: 0.1083
20/98 [=====>........................] - ETA: 5s - loss: 2.3254 - accuracy: 0.1078
21/98 [=====>........................] - ETA: 5s - loss: 2.3252 - accuracy: 0.1082
22/98 [=====>........................] - ETA: 5s - loss: 2.3258 - accuracy: 0.1072
23/98 [======>.......................] - ETA: 5s - loss: 2.3248 - accuracy: 0.1066
24/98 [======>.......................] - ETA: 5s - loss: 2.3242 - accuracy: 0.1069
25/98 [======>.......................] - ETA: 4s - loss: 2.3237 - accuracy: 0.1070
26/98 [======>.......................] - ETA: 4s - loss: 2.3238 - accuracy: 0.1069
27/98 [=======>......................] - ETA: 4s - loss: 2.3239 - accuracy: 0.1067
28/98 [=======>......................] - ETA: 4s - loss: 2.3232 - accuracy: 0.1074
30/98 [========>.....................] - ETA: 4s - loss: 2.3231 - accuracy: 0.1068
32/98 [========>.....................] - ETA: 4s - loss: 2.3224 - accuracy: 0.1069
34/98 [=========>....................] - ETA: 4s - loss: 2.3219 - accuracy: 0.1066
36/98 [==========>...................] - ETA: 3s - loss: 2.3221 - accuracy: 0.1062
37/98 [==========>...................] - ETA: 3s - loss: 2.3219 - accuracy: 0.1063
38/98 [==========>...................] - ETA: 3s - loss: 2.3218 - accuracy: 0.1059
39/98 [==========>...................] - ETA: 3s - loss: 2.3216 - accuracy: 0.1060
40/98 [===========>..................] - ETA: 3s - loss: 2.3217 - accuracy: 0.1058
41/98 [===========>..................] - ETA: 3s - loss: 2.3216 - accuracy: 0.1059
42/98 [===========>..................] - ETA: 3s - loss: 2.3216 - accuracy: 0.1057
43/98 [============>.................] - ETA: 3s - loss: 2.3214 - accuracy: 0.1055
44/98 [============>.................] - ETA: 3s - loss: 2.3214 - accuracy: 0.1052
45/98 [============>.................] - ETA: 3s - loss: 2.3217 - accuracy: 0.1053
46/98 [=============>................] - ETA: 3s - loss: 2.3218 - accuracy: 0.1051
47/98 [=============>................] - ETA: 3s - loss: 2.3219 - accuracy: 0.1051
48/98 [=============>................] - ETA: 3s - loss: 2.3220 - accuracy: 0.1051
49/98 [==============>...............] - ETA: 3s - loss: 2.3221 - accuracy: 0.1044
50/98 [==============>...............] - ETA: 3s - loss: 2.3220 - accuracy: 0.1042
51/98 [==============>...............] - ETA: 3s - loss: 2.3222 - accuracy: 0.1043
52/98 [==============>...............] - ETA: 3s - loss: 2.3222 - accuracy: 0.1042
53/98 [===============>..............] - ETA: 3s - loss: 2.3221 - accuracy: 0.1043
54/98 [===============>..............] - ETA: 2s - loss: 2.3219 - accuracy: 0.1038
55/98 [===============>..............] - ETA: 2s - loss: 2.3219 - accuracy: 0.1034
56/98 [================>.............] - ETA: 2s - loss: 2.3218 - accuracy: 0.1034
57/98 [================>.............] - ETA: 2s - loss: 2.3216 - accuracy: 0.1033
58/98 [================>.............] - ETA: 2s - loss: 2.3214 - accuracy: 0.1034
59/98 [=================>............] - ETA: 2s - loss: 2.3212 - accuracy: 0.1035
60/98 [=================>............] - ETA: 2s - loss: 2.3213 - accuracy: 0.1033
61/98 [=================>............] - ETA: 2s - loss: 2.3212 - accuracy: 0.1034
62/98 [=================>............] - ETA: 2s - loss: 2.3212 - accuracy: 0.1030
63/98 [==================>...........] - ETA: 2s - loss: 2.3214 - accuracy: 0.1023
64/98 [==================>...........] - ETA: 2s - loss: 2.3214 - accuracy: 0.1022
65/98 [==================>...........] - ETA: 2s - loss: 2.3214 - accuracy: 0.1020
66/98 [===================>..........] - ETA: 2s - loss: 2.3214 - accuracy: 0.1016
67/98 [===================>..........] - ETA: 2s - loss: 2.3212 - accuracy: 0.1015
68/98 [===================>..........] - ETA: 2s - loss: 2.3211 - accuracy: 0.1015
69/98 [====================>.........] - ETA: 1s - loss: 2.3211 - accuracy: 0.1013
70/98 [====================>.........] - ETA: 1s - loss: 2.3212 - accuracy: 0.1014
71/98 [====================>.........] - ETA: 1s - loss: 2.3211 - accuracy: 0.1014
72/98 [=====================>........] - ETA: 1s - loss: 2.3212 - accuracy: 0.1015
73/98 [=====================>........] - ETA: 1s - loss: 2.3214 - accuracy: 0.1012
74/98 [=====================>........] - ETA: 1s - loss: 2.3212 - accuracy: 0.1017
75/98 [=====================>........] - ETA: 1s - loss: 2.3214 - accuracy: 0.1016
76/98 [======================>.......] - ETA: 1s - loss: 2.3216 - accuracy: 0.1015
77/98 [======================>.......] - ETA: 1s - loss: 2.3218 - accuracy: 0.1014
