2024-07-27 13:44:18.348562: I tensorflow/core/platform/cpu_feature_guard.cc:193] This TensorFlow binary is optimized with oneAPI Deep Neural Network Library (oneDNN) to use the following CPU instructions in performance-critical operations:  AVX AVX2
To enable them in other operations, rebuild TensorFlow with the appropriate compiler flags.
2024-07-27 13:44:18.931740: I tensorflow/core/common_runtime/gpu/gpu_device.cc:1616] Created device /job:localhost/replica:0/task:0/device:GPU:0 with 6656 MB memory:  -> device: 0, name: NVIDIA GeForce RTX 4060 Ti, pci bus id: 0000:01:00.0, compute capability: 8.9
1 Physical GPUs, 1 Logical GPUs
Model: "sequential"
_________________________________________________________________
 Layer (type)                Output Shape              Param #   
=================================================================
 conv2d (Conv2D)             (None, 32, 32, 32)        896       
                                                                 
 conv2d_1 (Conv2D)           (None, 32, 32, 32)        25632     
                                                                 
 max_pooling2d (MaxPooling2D  (None, 16, 16, 32)       0         
 )                                                               
                                                                 
 batch_normalization (BatchN  (None, 16, 16, 32)       128       
 ormalization)                                                   
                                                                 
 conv2d_2 (Conv2D)           (None, 16, 16, 128)       331904    
                                                                 
 dropout (Dropout)           (None, 16, 16, 128)       0         
                                                                 
 flatten (Flatten)           (None, 32768)             0         
                                                                 
 dense (Dense)               (None, 90)                2949210   
                                                                 
 dropout_1 (Dropout)         (None, 90)                0         
                                                                 
 dense_1 (Dense)             (None, 10)                910       
                                                                 
=================================================================
Total params: 3,308,680
Trainable params: 3,308,616
Non-trainable params: 64
_________________________________________________________________
Taxa de aprendizado:  0.01 Num de épocas:  124 Tamanho do lote:  512 Dropout:  0.26
Epoch 1/124
2024-07-27 13:44:20.305392: I tensorflow/stream_executor/cuda/cuda_dnn.cc:384] Loaded cuDNN version 8100
2024-07-27 13:44:21.134211: W tensorflow/stream_executor/gpu/redzone_allocator.cc:314] INTERNAL: ptxas exited with non-zero error code -1, output: 
Relying on driver to perform ptx compilation. 
Modify $PATH to customize ptxas location.
This message will be only logged once.
2024-07-27 13:44:22.373516: I tensorflow/stream_executor/cuda/cuda_blas.cc:1614] TensorFloat-32 will be used for the matrix multiplication. This will only be logged once.

 1/98 [..............................] - ETA: 8:48 - loss: 2.4189 - accuracy: 0.0938
 2/98 [..............................] - ETA: 7s - loss: 3.7040 - accuracy: 0.0947  
 3/98 [..............................] - ETA: 6s - loss: 3.7102 - accuracy: 0.1035
 4/98 [>.............................] - ETA: 6s - loss: 3.5482 - accuracy: 0.1084
 5/98 [>.............................] - ETA: 6s - loss: 3.3706 - accuracy: 0.1195
 6/98 [>.............................] - ETA: 6s - loss: 3.2719 - accuracy: 0.1289
 7/98 [=>............................] - ETA: 6s - loss: 3.1824 - accuracy: 0.1370
 8/98 [=>............................] - ETA: 6s - loss: 3.1102 - accuracy: 0.1416
 9/98 [=>............................] - ETA: 6s - loss: 3.0418 - accuracy: 0.1463
10/98 [==>...........................] - ETA: 6s - loss: 2.9884 - accuracy: 0.1469
11/98 [==>...........................] - ETA: 6s - loss: 2.9356 - accuracy: 0.1481
12/98 [==>...........................] - ETA: 6s - loss: 2.8958 - accuracy: 0.1470
13/98 [==>...........................] - ETA: 6s - loss: 2.8663 - accuracy: 0.1463
14/98 [===>..........................] - ETA: 6s - loss: 2.8390 - accuracy: 0.1465
15/98 [===>..........................] - ETA: 6s - loss: 2.8151 - accuracy: 0.1452
16/98 [===>..........................] - ETA: 6s - loss: 2.7923 - accuracy: 0.1447
17/98 [====>.........................] - ETA: 7s - loss: 2.7693 - accuracy: 0.1438
18/98 [====>.........................] - ETA: 7s - loss: 2.7453 - accuracy: 0.1443
19/98 [====>.........................] - ETA: 7s - loss: 2.7287 - accuracy: 0.1454
20/98 [=====>........................] - ETA: 7s - loss: 2.7113 - accuracy: 0.1457
21/98 [=====>........................] - ETA: 7s - loss: 2.6936 - accuracy: 0.1469
22/98 [=====>........................] - ETA: 7s - loss: 2.6791 - accuracy: 0.1482
23/98 [======>.......................] - ETA: 6s - loss: 2.6660 - accuracy: 0.1488
24/98 [======>.......................] - ETA: 7s - loss: 2.6516 - accuracy: 0.1506
25/98 [======>.......................] - ETA: 6s - loss: 2.6374 - accuracy: 0.1516
26/98 [======>.......................] - ETA: 6s - loss: 2.6306 - accuracy: 0.1519
27/98 [=======>......................] - ETA: 6s - loss: 2.6225 - accuracy: 0.1522
28/98 [=======>......................] - ETA: 6s - loss: 2.6117 - accuracy: 0.1528
29/98 [=======>......................] - ETA: 6s - loss: 2.5993 - accuracy: 0.1535
30/98 [========>.....................] - ETA: 6s - loss: 2.5881 - accuracy: 0.1544
31/98 [========>.....................] - ETA: 6s - loss: 2.5791 - accuracy: 0.1543
32/98 [========>.....................] - ETA: 6s - loss: 2.5710 - accuracy: 0.1546
33/98 [=========>....................] - ETA: 6s - loss: 2.5637 - accuracy: 0.1552
34/98 [=========>....................] - ETA: 5s - loss: 2.5552 - accuracy: 0.1555
35/98 [=========>....................] - ETA: 5s - loss: 2.5493 - accuracy: 0.1559
36/98 [==========>...................] - ETA: 5s - loss: 2.5424 - accuracy: 0.1569
37/98 [==========>...................] - ETA: 5s - loss: 2.5377 - accuracy: 0.1565
38/98 [==========>...................] - ETA: 5s - loss: 2.5301 - accuracy: 0.1576
39/98 [==========>...................] - ETA: 8s - loss: 2.5253 - accuracy: 0.1580
40/98 [===========>..................] - ETA: 8s - loss: 2.5185 - accuracy: 0.1580
41/98 [===========>..................] - ETA: 7s - loss: 2.5143 - accuracy: 0.1577
42/98 [===========>..................] - ETA: 7s - loss: 2.5091 - accuracy: 0.1580
43/98 [============>.................] - ETA: 7s - loss: 2.5027 - accuracy: 0.1584
44/98 [============>.................] - ETA: 7s - loss: 2.4977 - accuracy: 0.1584
45/98 [============>.................] - ETA: 7s - loss: 2.4928 - accuracy: 0.1585
46/98 [=============>................] - ETA: 6s - loss: 2.4870 - accuracy: 0.1592
47/98 [=============>................] - ETA: 6s - loss: 2.4817 - accuracy: 0.1597
48/98 [=============>................] - ETA: 6s - loss: 2.4769 - accuracy: 0.1601
49/98 [==============>...............] - ETA: 6s - loss: 2.4729 - accuracy: 0.1602
50/98 [==============>...............] - ETA: 6s - loss: 2.4681 - accuracy: 0.1611
51/98 [==============>...............] - ETA: 5s - loss: 2.4634 - accuracy: 0.1613
52/98 [==============>...............] - ETA: 5s - loss: 2.4593 - accuracy: 0.1613
53/98 [===============>..............] - ETA: 5s - loss: 2.4563 - accuracy: 0.1614
54/98 [===============>..............] - ETA: 5s - loss: 2.4523 - accuracy: 0.1617
55/98 [===============>..............] - ETA: 5s - loss: 2.4484 - accuracy: 0.1624
56/98 [================>.............] - ETA: 5s - loss: 2.4448 - accuracy: 0.1629
57/98 [================>.............] - ETA: 5s - loss: 2.4418 - accuracy: 0.1629
58/98 [================>.............] - ETA: 4s - loss: 2.4374 - accuracy: 0.1633
59/98 [=================>............] - ETA: 4s - loss: 2.4333 - accuracy: 0.1637
60/98 [=================>............] - ETA: 4s - loss: 2.4297 - accuracy: 0.1640
61/98 [=================>............] - ETA: 4s - loss: 2.4263 - accuracy: 0.1645
62/98 [=================>............] - ETA: 4s - loss: 2.4229 - accuracy: 0.1652
63/98 [==================>...........] - ETA: 4s - loss: 2.4186 - accuracy: 0.1660
64/98 [==================>...........] - ETA: 4s - loss: 2.4145 - accuracy: 0.1666
65/98 [==================>...........] - ETA: 4s - loss: 2.4110 - accuracy: 0.1668
66/98 [===================>..........] - ETA: 3s - loss: 2.4074 - accuracy: 0.1671
67/98 [===================>..........] - ETA: 3s - loss: 2.4044 - accuracy: 0.1670
68/98 [===================>..........] - ETA: 3s - loss: 2.4012 - accuracy: 0.1673
69/98 [====================>.........] - ETA: 3s - loss: 2.3983 - accuracy: 0.1678
70/98 [====================>.........] - ETA: 3s - loss: 2.3956 - accuracy: 0.1679
71/98 [====================>.........] - ETA: 3s - loss: 2.3936 - accuracy: 0.1681
72/98 [=====================>........] - ETA: 3s - loss: 2.3913 - accuracy: 0.1681
73/98 [=====================>........] - ETA: 2s - loss: 2.3886 - accuracy: 0.1684
74/98 [=====================>........] - ETA: 2s - loss: 2.3861 - accuracy: 0.1688
75/98 [=====================>........] - ETA: 2s - loss: 2.3833 - accuracy: 0.1690
76/98 [======================>.......] - ETA: 2s - loss: 2.3812 - accuracy: 0.1698
77/98 [======================>.......] - ETA: 2s - loss: 2.3791 - accuracy: 0.1701
78/98 [======================>.......] - ETA: 2s - loss: 2.3776 - accuracy: 0.1706
79/98 [=======================>......] - ETA: 2s - loss: 2.3755 - accuracy: 0.1708
80/98 [=======================>......] - ETA: 2s - loss: 2.3732 - accuracy: 0.1711
81/98 [=======================>......] - ETA: 1s - loss: 2.3712 - accuracy: 0.1710
82/98 [========================>.....] - ETA: 1s - loss: 2.3684 - accuracy: 0.1716
83/98 [========================>.....] - ETA: 1s - loss: 2.3667 - accuracy: 0.1714
84/98 [========================>.....] - ETA: 1s - loss: 2.3650 - accuracy: 0.1714
85/98 [=========================>....] - ETA: 1s - loss: 2.3634 - accuracy: 0.1711
86/98 [=========================>....] - ETA: 1s - loss: 2.3615 - accuracy: 0.1710
87/98 [=========================>....] - ETA: 1s - loss: 2.3598 - accuracy: 0.1714
88/98 [=========================>....] - ETA: 1s - loss: 2.3586 - accuracy: 0.1713
89/98 [==========================>...] - ETA: 1s - loss: 2.3566 - accuracy: 0.1713
90/98 [==========================>...] - ETA: 0s - loss: 2.3546 - accuracy: 0.1713
91/98 [==========================>...] - ETA: 0s - loss: 2.3529 - accuracy: 0.1716
92/98 [===========================>..] - ETA: 0s - loss: 2.3516 - accuracy: 0.1713
93/98 [===========================>..] - ETA: 0s - loss: 2.3501 - accuracy: 0.1711
94/98 [===========================>..] - ETA: 0s - loss: 2.3484 - accuracy: 0.1711
95/98 [============================>.] - ETA: 0s - loss: 2.3468 - accuracy: 0.1711
96/98 [============================>.] - ETA: 0s - loss: 2.3451 - accuracy: 0.1712
97/98 [============================>.] - ETA: 0s - loss: 2.3438 - accuracy: 0.1710
98/98 [==============================] - ETA: 0s - loss: 2.3420 - accuracy: 0.1712
98/98 [==============================] - 18s 125ms/step - loss: 2.3420 - accuracy: 0.1712 - val_loss: 2.4220 - val_accuracy: 0.1125
Epoch 2/124

 1/98 [..............................] - ETA: 12s - loss: 2.1904 - accuracy: 0.1562
 2/98 [..............................] - ETA: 10s - loss: 2.1851 - accuracy: 0.1680
 3/98 [..............................] - ETA: 10s - loss: 2.1845 - accuracy: 0.1751
 4/98 [>.............................] - ETA: 10s - loss: 2.1851 - accuracy: 0.1748
 5/98 [>.............................] - ETA: 10s - loss: 2.1757 - accuracy: 0.1773
 6/98 [>.............................] - ETA: 10s - loss: 2.1706 - accuracy: 0.1862
 7/98 [=>............................] - ETA: 10s - loss: 2.1691 - accuracy: 0.1855
 8/98 [=>............................] - ETA: 10s - loss: 2.1636 - accuracy: 0.1846
 9/98 [=>............................] - ETA: 9s - loss: 2.1601 - accuracy: 0.1845 
10/98 [==>...........................] - ETA: 9s - loss: 2.1646 - accuracy: 0.1818
11/98 [==>...........................] - ETA: 9s - loss: 2.1605 - accuracy: 0.1841
12/98 [==>...........................] - ETA: 8s - loss: 2.1601 - accuracy: 0.1842
13/98 [==>...........................] - ETA: 8s - loss: 2.1605 - accuracy: 0.1849
14/98 [===>..........................] - ETA: 8s - loss: 2.1590 - accuracy: 0.1846
15/98 [===>..........................] - ETA: 8s - loss: 2.1558 - accuracy: 0.1846
16/98 [===>..........................] - ETA: 7s - loss: 2.1548 - accuracy: 0.1843
17/98 [====>.........................] - ETA: 7s - loss: 2.1561 - accuracy: 0.1861
18/98 [====>.........................] - ETA: 7s - loss: 2.1528 - accuracy: 0.1872
19/98 [====>.........................] - ETA: 7s - loss: 2.1522 - accuracy: 0.1872
20/98 [=====>........................] - ETA: 7s - loss: 2.1513 - accuracy: 0.1889
21/98 [=====>........................] - ETA: 6s - loss: 2.1511 - accuracy: 0.1878
22/98 [=====>........................] - ETA: 6s - loss: 2.1517 - accuracy: 0.1875
23/98 [======>.......................] - ETA: 6s - loss: 2.1537 - accuracy: 0.1865
24/98 [======>.......................] - ETA: 6s - loss: 2.1534 - accuracy: 0.1877
25/98 [======>.......................] - ETA: 6s - loss: 2.1523 - accuracy: 0.1873
26/98 [======>.......................] - ETA: 6s - loss: 2.1559 - accuracy: 0.1867
27/98 [=======>......................] - ETA: 6s - loss: 2.1584 - accuracy: 0.1873
28/98 [=======>......................] - ETA: 6s - loss: 2.1621 - accuracy: 0.1874
29/98 [=======>......................] - ETA: 6s - loss: 2.1653 - accuracy: 0.1869
30/98 [========>.....................] - ETA: 6s - loss: 2.1660 - accuracy: 0.1872
31/98 [========>.....................] - ETA: 6s - loss: 2.1676 - accuracy: 0.1875
32/98 [========>.....................] - ETA: 6s - loss: 2.1688 - accuracy: 0.1876
33/98 [=========>....................] - ETA: 6s - loss: 2.1712 - accuracy: 0.1871
34/98 [=========>....................] - ETA: 6s - loss: 2.1723 - accuracy: 0.1871
35/98 [=========>....................] - ETA: 6s - loss: 2.1753 - accuracy: 0.1869
36/98 [==========>...................] - ETA: 5s - loss: 2.1765 - accuracy: 0.1870
37/98 [==========>...................] - ETA: 5s - loss: 2.1781 - accuracy: 0.1870
38/98 [==========>...................] - ETA: 5s - loss: 2.1795 - accuracy: 0.1869
39/98 [==========>...................] - ETA: 5s - loss: 2.1806 - accuracy: 0.1875
40/98 [===========>..................] - ETA: 5s - loss: 2.1808 - accuracy: 0.1875
41/98 [===========>..................] - ETA: 5s - loss: 2.1818 - accuracy: 0.1871
42/98 [===========>..................] - ETA: 5s - loss: 2.1830 - accuracy: 0.1862
43/98 [============>.................] - ETA: 5s - loss: 2.1832 - accuracy: 0.1858
44/98 [============>.................] - ETA: 5s - loss: 2.1838 - accuracy: 0.1855
45/98 [============>.................] - ETA: 5s - loss: 2.1855 - accuracy: 0.1852
46/98 [=============>................] - ETA: 4s - loss: 2.1866 - accuracy: 0.1848
47/98 [=============>................] - ETA: 4s - loss: 2.1887 - accuracy: 0.1845
48/98 [=============>................] - ETA: 4s - loss: 2.1895 - accuracy: 0.1846
49/98 [==============>...............] - ETA: 4s - loss: 2.1908 - accuracy: 0.1842
50/98 [==============>...............] - ETA: 4s - loss: 2.1922 - accuracy: 0.1841
51/98 [==============>...............] - ETA: 4s - loss: 2.1943 - accuracy: 0.1834
52/98 [==============>...............] - ETA: 4s - loss: 2.1944 - accuracy: 0.1832
54/98 [===============>..............] - ETA: 4s - loss: 2.1967 - accuracy: 0.1817
55/98 [===============>..............] - ETA: 3s - loss: 2.1979 - accuracy: 0.1813
56/98 [================>.............] - ETA: 3s - loss: 2.1994 - accuracy: 0.1805
57/98 [================>.............] - ETA: 3s - loss: 2.2005 - accuracy: 0.1799
58/98 [================>.............] - ETA: 3s - loss: 2.2015 - accuracy: 0.1794
59/98 [=================>............] - ETA: 3s - loss: 2.2024 - accuracy: 0.1792
60/98 [=================>............] - ETA: 3s - loss: 2.2036 - accuracy: 0.1787
61/98 [=================>............] - ETA: 3s - loss: 2.2039 - accuracy: 0.1790
62/98 [=================>............] - ETA: 3s - loss: 2.2052 - accuracy: 0.1792
63/98 [==================>...........] - ETA: 3s - loss: 2.2064 - accuracy: 0.1789
64/98 [==================>...........] - ETA: 3s - loss: 2.2072 - accuracy: 0.1786
65/98 [==================>...........] - ETA: 3s - loss: 2.2080 - accuracy: 0.1782
66/98 [===================>..........] - ETA: 3s - loss: 2.2087 - accuracy: 0.1777
67/98 [===================>..........] - ETA: 2s - loss: 2.2093 - accuracy: 0.1769
68/98 [===================>..........] - ETA: 2s - loss: 2.2096 - accuracy: 0.1768
69/98 [====================>.........] - ETA: 2s - loss: 2.2094 - accuracy: 0.1774
70/98 [====================>.........] - ETA: 2s - loss: 2.2091 - accuracy: 0.1779
71/98 [====================>.........] - ETA: 2s - loss: 2.2092 - accuracy: 0.1779
72/98 [=====================>........] - ETA: 2s - loss: 2.2093 - accuracy: 0.1780
73/98 [=====================>........] - ETA: 2s - loss: 2.2086 - accuracy: 0.1784
74/98 [=====================>........] - ETA: 2s - loss: 2.2082 - accuracy: 0.1784
75/98 [=====================>........] - ETA: 2s - loss: 2.2079 - accuracy: 0.1783
76/98 [======================>.......] - ETA: 2s - loss: 2.2071 - accuracy: 0.1782
77/98 [======================>.......] - ETA: 1s - loss: 2.2070 - accuracy: 0.1778
78/98 [======================>.......] - ETA: 1s - loss: 2.2071 - accuracy: 0.1778
79/98 [=======================>......] - ETA: 1s - loss: 2.2071 - accuracy: 0.1779
80/98 [=======================>......] - ETA: 1s - loss: 2.2071 - accuracy: 0.1777
81/98 [=======================>......] - ETA: 1s - loss: 2.2073 - accuracy: 0.1773
82/98 [========================>.....] - ETA: 1s - loss: 2.2077 - accuracy: 0.1772
83/98 [========================>.....] - ETA: 1s - loss: 2.2078 - accuracy: 0.1771
84/98 [========================>.....] - ETA: 1s - loss: 2.2074 - accuracy: 0.1773
85/98 [=========================>....] - ETA: 1s - loss: 2.2076 - accuracy: 0.1771
86/98 [=========================>....] - ETA: 1s - loss: 2.2077 - accuracy: 0.1772
87/98 [=========================>....] - ETA: 1s - loss: 2.2074 - accuracy: 0.1774
88/98 [=========================>....] - ETA: 0s - loss: 2.2078 - accuracy: 0.1772
89/98 [==========================>...] - ETA: 0s - loss: 2.2081 - accuracy: 0.1769
90/98 [==========================>...] - ETA: 0s - loss: 2.2081 - accuracy: 0.1771
91/98 [==========================>...] - ETA: 0s - loss: 2.2080 - accuracy: 0.1772
92/98 [===========================>..] - ETA: 0s - loss: 2.2078 - accuracy: 0.1773
93/98 [===========================>..] - ETA: 0s - loss: 2.2076 - accuracy: 0.1774
94/98 [===========================>..] - ETA: 0s - loss: 2.2074 - accuracy: 0.1774
95/98 [============================>.] - ETA: 0s - loss: 2.2069 - accuracy: 0.1773
96/98 [============================>.] - ETA: 0s - loss: 2.2068 - accuracy: 0.1772
97/98 [============================>.] - ETA: 0s - loss: 2.2065 - accuracy: 0.1775
98/98 [==============================] - ETA: 0s - loss: 2.2062 - accuracy: 0.1774
98/98 [==============================] - 10s 103ms/step - loss: 2.2062 - accuracy: 0.1774 - val_loss: 2.3460 - val_accuracy: 0.1287
Epoch 3/124

 1/98 [..............................] - ETA: 9s - loss: 2.1976 - accuracy: 0.2168
 2/98 [..............................] - ETA: 7s - loss: 2.2096 - accuracy: 0.1826
 3/98 [..............................] - ETA: 8s - loss: 2.2069 - accuracy: 0.1751
 4/98 [>.............................] - ETA: 9s - loss: 2.2016 - accuracy: 0.1826
 5/98 [>.............................] - ETA: 9s - loss: 2.1935 - accuracy: 0.1898
 6/98 [>.............................] - ETA: 9s - loss: 2.1880 - accuracy: 0.1930
 7/98 [=>............................] - ETA: 9s - loss: 2.1885 - accuracy: 0.1897
 8/98 [=>............................] - ETA: 9s - loss: 2.1939 - accuracy: 0.1873
 9/98 [=>............................] - ETA: 9s - loss: 2.1933 - accuracy: 0.1857
10/98 [==>...........................] - ETA: 9s - loss: 2.1991 - accuracy: 0.1828
11/98 [==>...........................] - ETA: 9s - loss: 2.2011 - accuracy: 0.1816
12/98 [==>...........................] - ETA: 9s - loss: 2.1978 - accuracy: 0.1836
13/98 [==>...........................] - ETA: 9s - loss: 2.1961 - accuracy: 0.1841
14/98 [===>..........................] - ETA: 8s - loss: 2.1968 - accuracy: 0.1834
15/98 [===>..........................] - ETA: 8s - loss: 2.1961 - accuracy: 0.1816
16/98 [===>..........................] - ETA: 8s - loss: 2.1961 - accuracy: 0.1810
17/98 [====>.........................] - ETA: 8s - loss: 2.1949 - accuracy: 0.1815
18/98 [====>.........................] - ETA: 8s - loss: 2.1951 - accuracy: 0.1825
19/98 [====>.........................] - ETA: 8s - loss: 2.1964 - accuracy: 0.1841
20/98 [=====>........................] - ETA: 8s - loss: 2.1961 - accuracy: 0.1838
21/98 [=====>........................] - ETA: 7s - loss: 2.1940 - accuracy: 0.1844
22/98 [=====>........................] - ETA: 7s - loss: 2.1930 - accuracy: 0.1851
23/98 [======>.......................] - ETA: 7s - loss: 2.1938 - accuracy: 0.1853
24/98 [======>.......................] - ETA: 7s - loss: 2.1941 - accuracy: 0.1856
25/98 [======>.......................] - ETA: 7s - loss: 2.1943 - accuracy: 0.1844
26/98 [======>.......................] - ETA: 6s - loss: 2.1946 - accuracy: 0.1838
27/98 [=======>......................] - ETA: 6s - loss: 2.1962 - accuracy: 0.1837
28/98 [=======>......................] - ETA: 6s - loss: 2.1974 - accuracy: 0.1828
29/98 [=======>......................] - ETA: 6s - loss: 2.1982 - accuracy: 0.1837
30/98 [========>.....................] - ETA: 6s - loss: 2.2000 - accuracy: 0.1831
31/98 [========>.....................] - ETA: 6s - loss: 2.2025 - accuracy: 0.1822
32/98 [========>.....................] - ETA: 6s - loss: 2.2033 - accuracy: 0.1819
33/98 [=========>....................] - ETA: 6s - loss: 2.2048 - accuracy: 0.1813
34/98 [=========>....................] - ETA: 5s - loss: 2.2057 - accuracy: 0.1811
35/98 [=========>....................] - ETA: 5s - loss: 2.2053 - accuracy: 0.1818
36/98 [==========>...................] - ETA: 5s - loss: 2.2046 - accuracy: 0.1820
37/98 [==========>...................] - ETA: 5s - loss: 2.2050 - accuracy: 0.1821
38/98 [==========>...................] - ETA: 5s - loss: 2.2047 - accuracy: 0.1823
39/98 [==========>...................] - ETA: 5s - loss: 2.2052 - accuracy: 0.1821
40/98 [===========>..................] - ETA: 5s - loss: 2.2051 - accuracy: 0.1820
41/98 [===========>..................] - ETA: 5s - loss: 2.2058 - accuracy: 0.1821
42/98 [===========>..................] - ETA: 5s - loss: 2.2056 - accuracy: 0.1820
43/98 [============>.................] - ETA: 5s - loss: 2.2048 - accuracy: 0.1822
44/98 [============>.................] - ETA: 5s - loss: 2.2049 - accuracy: 0.1821
45/98 [============>.................] - ETA: 5s - loss: 2.2058 - accuracy: 0.1815
46/98 [=============>................] - ETA: 5s - loss: 2.2065 - accuracy: 0.1815
47/98 [=============>................] - ETA: 5s - loss: 2.2067 - accuracy: 0.1814
48/98 [=============>................] - ETA: 4s - loss: 2.2077 - accuracy: 0.1810
49/98 [==============>...............] - ETA: 4s - loss: 2.2075 - accuracy: 0.1808
50/98 [==============>...............] - ETA: 4s - loss: 2.2079 - accuracy: 0.1805
51/98 [==============>...............] - ETA: 4s - loss: 2.2081 - accuracy: 0.1804
52/98 [==============>...............] - ETA: 4s - loss: 2.2085 - accuracy: 0.1799
53/98 [===============>..............] - ETA: 4s - loss: 2.2088 - accuracy: 0.1797
54/98 [===============>..............] - ETA: 4s - loss: 2.2087 - accuracy: 0.1797
55/98 [===============>..............] - ETA: 4s - loss: 2.2099 - accuracy: 0.1796
56/98 [================>.............] - ETA: 4s - loss: 2.2092 - accuracy: 0.1800
57/98 [================>.............] - ETA: 3s - loss: 2.2094 - accuracy: 0.1803
58/98 [================>.............] - ETA: 3s - loss: 2.2093 - accuracy: 0.1808
59/98 [=================>............] - ETA: 3s - loss: 2.2093 - accuracy: 0.1806
60/98 [=================>............] - ETA: 3s - loss: 2.2090 - accuracy: 0.1812
61/98 [=================>............] - ETA: 3s - loss: 2.2090 - accuracy: 0.1813
62/98 [=================>............] - ETA: 3s - loss: 2.2091 - accuracy: 0.1814
63/98 [==================>...........] - ETA: 3s - loss: 2.2099 - accuracy: 0.1810
64/98 [==================>...........] - ETA: 3s - loss: 2.2091 - accuracy: 0.1815
65/98 [==================>...........] - ETA: 3s - loss: 2.2088 - accuracy: 0.1822
66/98 [===================>..........] - ETA: 3s - loss: 2.2087 - accuracy: 0.1824
67/98 [===================>..........] - ETA: 2s - loss: 2.2095 - accuracy: 0.1821
68/98 [===================>..........] - ETA: 2s - loss: 2.2100 - accuracy: 0.1817
69/98 [====================>.........] - ETA: 2s - loss: 2.2101 - accuracy: 0.1819
70/98 [====================>.........] - ETA: 2s - loss: 2.2104 - accuracy: 0.1819
71/98 [====================>.........] - ETA: 2s - loss: 2.2104 - accuracy: 0.1821
72/98 [=====================>........] - ETA: 2s - loss: 2.2097 - accuracy: 0.1825
73/98 [=====================>........] - ETA: 2s - loss: 2.2099 - accuracy: 0.1824
74/98 [=====================>........] - ETA: 2s - loss: 2.2099 - accuracy: 0.1823
75/98 [=====================>........] - ETA: 2s - loss: 2.2095 - accuracy: 0.1827
76/98 [======================>.......] - ETA: 2s - loss: 2.2091 - accuracy: 0.1828
77/98 [======================>.......] - ETA: 2s - loss: 2.2091 - accuracy: 0.1825
78/98 [======================>.......] - ETA: 1s - loss: 2.2089 - accuracy: 0.1824
79/98 [=======================>......] - ETA: 1s - loss: 2.2091 - accuracy: 0.1823
80/98 [=======================>......] - ETA: 1s - loss: 2.2090 - accuracy: 0.1822
81/98 [=======================>......] - ETA: 1s - loss: 2.2091 - accuracy: 0.1819
82/98 [========================>.....] - ETA: 1s - loss: 2.2090 - accuracy: 0.1818
83/98 [========================>.....] - ETA: 1s - loss: 2.2090 - accuracy: 0.1817
84/98 [========================>.....] - ETA: 1s - loss: 2.2090 - accuracy: 0.1817
85/98 [=========================>....] - ETA: 1s - loss: 2.2085 - accuracy: 0.1818
86/98 [=========================>....] - ETA: 1s - loss: 2.2085 - accuracy: 0.1819
87/98 [=========================>....] - ETA: 1s - loss: 2.2083 - accuracy: 0.1821
88/98 [=========================>....] - ETA: 0s - loss: 2.2080 - accuracy: 0.1823
89/98 [==========================>...] - ETA: 0s - loss: 2.2083 - accuracy: 0.1823
90/98 [==========================>...] - ETA: 0s - loss: 2.2081 - accuracy: 0.1824
91/98 [==========================>...] - ETA: 0s - loss: 2.2077 - accuracy: 0.1826
92/98 [===========================>..] - ETA: 0s - loss: 2.2073 - accuracy: 0.1832
93/98 [===========================>..] - ETA: 0s - loss: 2.2073 - accuracy: 0.1835
94/98 [===========================>..] - ETA: 0s - loss: 2.2078 - accuracy: 0.1835
95/98 [============================>.] - ETA: 0s - loss: 2.2076 - accuracy: 0.1836
96/98 [============================>.] - ETA: 0s - loss: 2.2075 - accuracy: 0.1836
97/98 [============================>.] - ETA: 0s - loss: 2.2072 - accuracy: 0.1837
98/98 [==============================] - ETA: 0s - loss: 2.2077 - accuracy: 0.1836
98/98 [==============================] - 10s 105ms/step - loss: 2.2077 - accuracy: 0.1836 - val_loss: 2.2406 - val_accuracy: 0.1725
Epoch 4/124

 1/98 [..............................] - ETA: 9s - loss: 2.1707 - accuracy: 0.2090
 2/98 [..............................] - ETA: 7s - loss: 2.1816 - accuracy: 0.1924
 3/98 [..............................] - ETA: 6s - loss: 2.1953 - accuracy: 0.1836
 4/98 [>.............................] - ETA: 6s - loss: 2.1947 - accuracy: 0.1904
 5/98 [>.............................] - ETA: 7s - loss: 2.2014 - accuracy: 0.1922
 6/98 [>.............................] - ETA: 6s - loss: 2.2043 - accuracy: 0.1908
 7/98 [=>............................] - ETA: 6s - loss: 2.2003 - accuracy: 0.1953
 8/98 [=>............................] - ETA: 6s - loss: 2.1946 - accuracy: 0.1975
 9/98 [=>............................] - ETA: 7s - loss: 2.1913 - accuracy: 0.1977
10/98 [==>...........................] - ETA: 7s - loss: 2.1928 - accuracy: 0.1984
11/98 [==>...........................] - ETA: 7s - loss: 2.1950 - accuracy: 0.1951
12/98 [==>...........................] - ETA: 7s - loss: 2.1957 - accuracy: 0.1982
13/98 [==>...........................] - ETA: 7s - loss: 2.1967 - accuracy: 0.1950
14/98 [===>..........................] - ETA: 7s - loss: 2.1989 - accuracy: 0.1948
15/98 [===>..........................] - ETA: 7s - loss: 2.1976 - accuracy: 0.1948
16/98 [===>..........................] - ETA: 7s - loss: 2.1960 - accuracy: 0.1935
17/98 [====>.........................] - ETA: 7s - loss: 2.1964 - accuracy: 0.1931
18/98 [====>.........................] - ETA: 7s - loss: 2.1956 - accuracy: 0.1934
19/98 [====>.........................] - ETA: 7s - loss: 2.1960 - accuracy: 0.1938
20/98 [=====>........................] - ETA: 7s - loss: 2.1968 - accuracy: 0.1925
21/98 [=====>........................] - ETA: 7s - loss: 2.1960 - accuracy: 0.1932
22/98 [=====>........................] - ETA: 7s - loss: 2.1978 - accuracy: 0.1936
23/98 [======>.......................] - ETA: 7s - loss: 2.1981 - accuracy: 0.1948
24/98 [======>.......................] - ETA: 7s - loss: 2.1967 - accuracy: 0.1949
25/98 [======>.......................] - ETA: 7s - loss: 2.1961 - accuracy: 0.1954
26/98 [======>.......................] - ETA: 7s - loss: 2.1963 - accuracy: 0.1960
27/98 [=======>......................] - ETA: 6s - loss: 2.1974 - accuracy: 0.1942
28/98 [=======>......................] - ETA: 6s - loss: 2.1956 - accuracy: 0.1943
29/98 [=======>......................] - ETA: 6s - loss: 2.1963 - accuracy: 0.1938
30/98 [========>.....................] - ETA: 6s - loss: 2.1944 - accuracy: 0.1947
31/98 [========>.....................] - ETA: 6s - loss: 2.1942 - accuracy: 0.1943
32/98 [========>.....................] - ETA: 6s - loss: 2.1941 - accuracy: 0.1940
33/98 [=========>....................] - ETA: 6s - loss: 2.1944 - accuracy: 0.1937
34/98 [=========>....................] - ETA: 5s - loss: 2.1938 - accuracy: 0.1931
35/98 [=========>....................] - ETA: 5s - loss: 2.1934 - accuracy: 0.1934
36/98 [==========>...................] - ETA: 5s - loss: 2.1938 - accuracy: 0.1926
37/98 [==========>...................] - ETA: 5s - loss: 2.1937 - accuracy: 0.1924
38/98 [==========>...................] - ETA: 5s - loss: 2.1943 - accuracy: 0.1921
39/98 [==========>...................] - ETA: 5s - loss: 2.1940 - accuracy: 0.1919
40/98 [===========>..................] - ETA: 5s - loss: 2.1934 - accuracy: 0.1918
41/98 [===========>..................] - ETA: 5s - loss: 2.1927 - accuracy: 0.1922
42/98 [===========>..................] - ETA: 5s - loss: 2.1924 - accuracy: 0.1926
43/98 [============>.................] - ETA: 5s - loss: 2.1926 - accuracy: 0.1924
44/98 [============>.................] - ETA: 5s - loss: 2.1927 - accuracy: 0.1923
45/98 [============>.................] - ETA: 4s - loss: 2.1928 - accuracy: 0.1926
46/98 [=============>................] - ETA: 4s - loss: 2.1932 - accuracy: 0.1925
47/98 [=============>................] - ETA: 4s - loss: 2.1929 - accuracy: 0.1922
48/98 [=============>................] - ETA: 4s - loss: 2.1934 - accuracy: 0.1914
49/98 [==============>...............] - ETA: 4s - loss: 2.1927 - accuracy: 0.1922
50/98 [==============>...............] - ETA: 4s - loss: 2.1926 - accuracy: 0.1917
51/98 [==============>...............] - ETA: 4s - loss: 2.1922 - accuracy: 0.1912
52/98 [==============>...............] - ETA: 4s - loss: 2.1926 - accuracy: 0.1912
53/98 [===============>..............] - ETA: 4s - loss: 2.1922 - accuracy: 0.1910
54/98 [===============>..............] - ETA: 4s - loss: 2.1926 - accuracy: 0.1903
55/98 [===============>..............] - ETA: 4s - loss: 2.1926 - accuracy: 0.1903
56/98 [================>.............] - ETA: 4s - loss: 2.1925 - accuracy: 0.1899
57/98 [================>.............] - ETA: 3s - loss: 2.1927 - accuracy: 0.1897
58/98 [================>.............] - ETA: 3s - loss: 2.1922 - accuracy: 0.1899
59/98 [=================>............] - ETA: 3s - loss: 2.1929 - accuracy: 0.1891
60/98 [=================>............] - ETA: 3s - loss: 2.1927 - accuracy: 0.1888
61/98 [=================>............] - ETA: 3s - loss: 2.1918 - accuracy: 0.1894
62/98 [=================>............] - ETA: 3s - loss: 2.1922 - accuracy: 0.1890
63/98 [==================>...........] - ETA: 3s - loss: 2.1915 - accuracy: 0.1892
64/98 [==================>...........] - ETA: 3s - loss: 2.1919 - accuracy: 0.1889
65/98 [==================>...........] - ETA: 3s - loss: 2.1923 - accuracy: 0.1889
66/98 [===================>..........] - ETA: 2s - loss: 2.1928 - accuracy: 0.1887
67/98 [===================>..........] - ETA: 2s - loss: 2.1933 - accuracy: 0.1882
68/98 [===================>..........] - ETA: 2s - loss: 2.1937 - accuracy: 0.1876
69/98 [====================>.........] - ETA: 2s - loss: 2.1945 - accuracy: 0.1870
70/98 [====================>.........] - ETA: 2s - loss: 2.1948 - accuracy: 0.1864
71/98 [====================>.........] - ETA: 2s - loss: 2.1952 - accuracy: 0.1860
72/98 [=====================>........] - ETA: 2s - loss: 2.1962 - accuracy: 0.1855
73/98 [=====================>........] - ETA: 2s - loss: 2.1968 - accuracy: 0.1852
74/98 [=====================>........] - ETA: 2s - loss: 2.1970 - accuracy: 0.1850
75/98 [=====================>........] - ETA: 2s - loss: 2.1977 - accuracy: 0.1846
76/98 [======================>.......] - ETA: 2s - loss: 2.1978 - accuracy: 0.1846
77/98 [======================>.......] - ETA: 1s - loss: 2.1984 - accuracy: 0.1846
78/98 [======================>.......] - ETA: 1s - loss: 2.1982 - accuracy: 0.1845
79/98 [=======================>......] - ETA: 1s - loss: 2.1983 - accuracy: 0.1841
80/98 [=======================>......] - ETA: 1s - loss: 2.1987 - accuracy: 0.1835
81/98 [=======================>......] - ETA: 1s - loss: 2.1995 - accuracy: 0.1837
82/98 [========================>.....] - ETA: 1s - loss: 2.2000 - accuracy: 0.1831
83/98 [========================>.....] - ETA: 1s - loss: 2.1999 - accuracy: 0.1831
84/98 [========================>.....] - ETA: 1s - loss: 2.2002 - accuracy: 0.1832
85/98 [=========================>....] - ETA: 1s - loss: 2.2000 - accuracy: 0.1831
86/98 [=========================>....] - ETA: 1s - loss: 2.2002 - accuracy: 0.1829
87/98 [=========================>....] - ETA: 1s - loss: 2.2002 - accuracy: 0.1827
88/98 [=========================>....] - ETA: 0s - loss: 2.2006 - accuracy: 0.1825
89/98 [==========================>...] - ETA: 0s - loss: 2.2004 - accuracy: 0.1827
90/98 [==========================>...] - ETA: 0s - loss: 2.2002 - accuracy: 0.1829
91/98 [==========================>...] - ETA: 0s - loss: 2.2002 - accuracy: 0.1827
92/98 [===========================>..] - ETA: 0s - loss: 2.2002 - accuracy: 0.1824
93/98 [===========================>..] - ETA: 0s - loss: 2.2005 - accuracy: 0.1822
94/98 [===========================>..] - ETA: 0s - loss: 2.2007 - accuracy: 0.1821
95/98 [============================>.] - ETA: 0s - loss: 2.2008 - accuracy: 0.1821
96/98 [============================>.] - ETA: 0s - loss: 2.2010 - accuracy: 0.1818
97/98 [============================>.] - ETA: 0s - loss: 2.2007 - accuracy: 0.1816
98/98 [==============================] - ETA: 0s - loss: 2.2007 - accuracy: 0.1814
98/98 [==============================] - 10s 105ms/step - loss: 2.2007 - accuracy: 0.1814 - val_loss: 2.1677 - val_accuracy: 0.1944
Epoch 5/124

 1/98 [..............................] - ETA: 9s - loss: 2.1986 - accuracy: 0.1699
 2/98 [..............................] - ETA: 7s - loss: 2.1820 - accuracy: 0.1797
 3/98 [..............................] - ETA: 7s - loss: 2.1922 - accuracy: 0.1719
 4/98 [>.............................] - ETA: 6s - loss: 2.2084 - accuracy: 0.1714
 5/98 [>.............................] - ETA: 6s - loss: 2.2107 - accuracy: 0.1730
 6/98 [>.............................] - ETA: 6s - loss: 2.2055 - accuracy: 0.1777
 7/98 [=>............................] - ETA: 6s - loss: 2.2116 - accuracy: 0.1741
 8/98 [=>............................] - ETA: 6s - loss: 2.2161 - accuracy: 0.1746
 9/98 [=>............................] - ETA: 6s - loss: 2.2130 - accuracy: 0.1762
10/98 [==>...........................] - ETA: 6s - loss: 2.2121 - accuracy: 0.1732
11/98 [==>...........................] - ETA: 6s - loss: 2.2165 - accuracy: 0.1696
12/98 [==>...........................] - ETA: 6s - loss: 2.2133 - accuracy: 0.1693
13/98 [==>...........................] - ETA: 6s - loss: 2.2120 - accuracy: 0.1687
14/98 [===>..........................] - ETA: 6s - loss: 2.2177 - accuracy: 0.1667
15/98 [===>..........................] - ETA: 6s - loss: 2.2156 - accuracy: 0.1667
16/98 [===>..........................] - ETA: 6s - loss: 2.2158 - accuracy: 0.1659
17/98 [====>.........................] - ETA: 6s - loss: 2.2149 - accuracy: 0.1650
18/98 [====>.........................] - ETA: 6s - loss: 2.2141 - accuracy: 0.1669
19/98 [====>.........................] - ETA: 6s - loss: 2.2170 - accuracy: 0.1657
20/98 [=====>........................] - ETA: 6s - loss: 2.2172 - accuracy: 0.1658
21/98 [=====>........................] - ETA: 6s - loss: 2.2168 - accuracy: 0.1657
22/98 [=====>........................] - ETA: 6s - loss: 2.2169 - accuracy: 0.1656
23/98 [======>.......................] - ETA: 6s - loss: 2.2182 - accuracy: 0.1658
24/98 [======>.......................] - ETA: 6s - loss: 2.2176 - accuracy: 0.1665
25/98 [======>.......................] - ETA: 6s - loss: 2.2176 - accuracy: 0.1663
26/98 [======>.......................] - ETA: 6s - loss: 2.2189 - accuracy: 0.1655
27/98 [=======>......................] - ETA: 6s - loss: 2.2174 - accuracy: 0.1654
28/98 [=======>......................] - ETA: 6s - loss: 2.2168 - accuracy: 0.1659
29/98 [=======>......................] - ETA: 6s - loss: 2.2162 - accuracy: 0.1668
30/98 [========>.....................] - ETA: 6s - loss: 2.2143 - accuracy: 0.1680
31/98 [========>.....................] - ETA: 6s - loss: 2.2140 - accuracy: 0.1685
32/98 [========>.....................] - ETA: 6s - loss: 2.2127 - accuracy: 0.1682
33/98 [=========>....................] - ETA: 6s - loss: 2.2125 - accuracy: 0.1690
34/98 [=========>....................] - ETA: 5s - loss: 2.2129 - accuracy: 0.1692
35/98 [=========>....................] - ETA: 5s - loss: 2.2132 - accuracy: 0.1692
36/98 [==========>...................] - ETA: 5s - loss: 2.2134 - accuracy: 0.1695
37/98 [==========>...................] - ETA: 5s - loss: 2.2124 - accuracy: 0.1702
38/98 [==========>...................] - ETA: 5s - loss: 2.2122 - accuracy: 0.1701
39/98 [==========>...................] - ETA: 5s - loss: 2.2109 - accuracy: 0.1714
40/98 [===========>..................] - ETA: 5s - loss: 2.2105 - accuracy: 0.1716
41/98 [===========>..................] - ETA: 5s - loss: 2.2104 - accuracy: 0.1711
42/98 [===========>..................] - ETA: 4s - loss: 2.2089 - accuracy: 0.1716
43/98 [============>.................] - ETA: 4s - loss: 2.2086 - accuracy: 0.1721
44/98 [============>.................] - ETA: 4s - loss: 2.2086 - accuracy: 0.1729
45/98 [============>.................] - ETA: 4s - loss: 2.2077 - accuracy: 0.1734
