2024-07-27 13:57:56.713487: I tensorflow/core/platform/cpu_feature_guard.cc:193] This TensorFlow binary is optimized with oneAPI Deep Neural Network Library (oneDNN) to use the following CPU instructions in performance-critical operations:  AVX AVX2
To enable them in other operations, rebuild TensorFlow with the appropriate compiler flags.
2024-07-27 13:57:57.772139: I tensorflow/core/common_runtime/gpu/gpu_device.cc:1616] Created device /job:localhost/replica:0/task:0/device:GPU:0 with 6656 MB memory:  -> device: 0, name: NVIDIA GeForce RTX 4060 Ti, pci bus id: 0000:01:00.0, compute capability: 8.9
1 Physical GPUs, 1 Logical GPUs
Model: "sequential"
_________________________________________________________________
 Layer (type)                Output Shape              Param #   
=================================================================
 conv2d (Conv2D)             (None, 32, 32, 32)        896       
                                                                 
 max_pooling2d (MaxPooling2D  (None, 16, 16, 32)       0         
 )                                                               
                                                                 
 batch_normalization (BatchN  (None, 16, 16, 32)       128       
 ormalization)                                                   
                                                                 
 conv2d_1 (Conv2D)           (None, 16, 16, 32)        123936    
                                                                 
 max_pooling2d_1 (MaxPooling  (None, 8, 8, 32)         0         
 2D)                                                             
                                                                 
 batch_normalization_1 (Batc  (None, 8, 8, 32)         128       
 hNormalization)                                                 
                                                                 
 dropout (Dropout)           (None, 8, 8, 32)          0         
                                                                 
 flatten (Flatten)           (None, 2048)              0         
                                                                 
 dense (Dense)               (None, 92)                188508    
                                                                 
 dropout_1 (Dropout)         (None, 92)                0         
                                                                 
 dense_1 (Dense)             (None, 10)                930       
                                                                 
=================================================================
Total params: 314,526
Trainable params: 314,398
Non-trainable params: 128
_________________________________________________________________
Taxa de aprendizado:  0.001 Num de épocas:  112 Tamanho do lote:  512 Dropout:  0.41
Epoch 1/112
2024-07-27 13:57:59.679777: I tensorflow/stream_executor/cuda/cuda_dnn.cc:384] Loaded cuDNN version 8100
2024-07-27 13:58:01.183854: W tensorflow/stream_executor/gpu/redzone_allocator.cc:314] INTERNAL: ptxas exited with non-zero error code -1, output: 
Relying on driver to perform ptx compilation. 
Modify $PATH to customize ptxas location.
This message will be only logged once.
2024-07-27 13:58:02.864006: I tensorflow/stream_executor/cuda/cuda_blas.cc:1614] TensorFloat-32 will be used for the matrix multiplication. This will only be logged once.

 1/98 [..............................] - ETA: 9:26 - loss: 2.9604 - accuracy: 0.0957
 3/98 [..............................] - ETA: 4s - loss: 2.6514 - accuracy: 0.1771  
 5/98 [>.............................] - ETA: 4s - loss: 2.5068 - accuracy: 0.2086
 7/98 [=>............................] - ETA: 4s - loss: 2.4335 - accuracy: 0.2229
 9/98 [=>............................] - ETA: 4s - loss: 2.3841 - accuracy: 0.2374
11/98 [==>...........................] - ETA: 3s - loss: 2.3413 - accuracy: 0.2475
13/98 [==>...........................] - ETA: 3s - loss: 2.3131 - accuracy: 0.2556
15/98 [===>..........................] - ETA: 3s - loss: 2.2676 - accuracy: 0.2664
17/98 [====>.........................] - ETA: 3s - loss: 2.2386 - accuracy: 0.2755
19/98 [====>.........................] - ETA: 3s - loss: 2.2146 - accuracy: 0.2803
21/98 [=====>........................] - ETA: 3s - loss: 2.1932 - accuracy: 0.2842
23/98 [======>.......................] - ETA: 3s - loss: 2.1677 - accuracy: 0.2898
24/98 [======>.......................] - ETA: 5s - loss: 2.1598 - accuracy: 0.2924
26/98 [======>.......................] - ETA: 5s - loss: 2.1413 - accuracy: 0.2965
28/98 [=======>......................] - ETA: 4s - loss: 2.1274 - accuracy: 0.2998
30/98 [========>.....................] - ETA: 4s - loss: 2.1075 - accuracy: 0.3041
32/98 [========>.....................] - ETA: 4s - loss: 2.0888 - accuracy: 0.3096
34/98 [=========>....................] - ETA: 4s - loss: 2.0722 - accuracy: 0.3133
36/98 [==========>...................] - ETA: 3s - loss: 2.0563 - accuracy: 0.3175
38/98 [==========>...................] - ETA: 3s - loss: 2.0410 - accuracy: 0.3226
40/98 [===========>..................] - ETA: 3s - loss: 2.0299 - accuracy: 0.3248
42/98 [===========>..................] - ETA: 3s - loss: 2.0163 - accuracy: 0.3276
44/98 [============>.................] - ETA: 3s - loss: 2.0035 - accuracy: 0.3311
46/98 [=============>................] - ETA: 3s - loss: 1.9920 - accuracy: 0.3338
48/98 [=============>................] - ETA: 2s - loss: 1.9809 - accuracy: 0.3373
50/98 [==============>...............] - ETA: 2s - loss: 1.9707 - accuracy: 0.3403
52/98 [==============>...............] - ETA: 2s - loss: 1.9578 - accuracy: 0.3437
54/98 [===============>..............] - ETA: 2s - loss: 1.9470 - accuracy: 0.3467
56/98 [================>.............] - ETA: 2s - loss: 1.9367 - accuracy: 0.3493
58/98 [================>.............] - ETA: 2s - loss: 1.9279 - accuracy: 0.3508
60/98 [=================>............] - ETA: 2s - loss: 1.9212 - accuracy: 0.3524
62/98 [=================>............] - ETA: 1s - loss: 1.9092 - accuracy: 0.3553
64/98 [==================>...........] - ETA: 1s - loss: 1.9017 - accuracy: 0.3571
66/98 [===================>..........] - ETA: 1s - loss: 1.8911 - accuracy: 0.3602
68/98 [===================>..........] - ETA: 1s - loss: 1.8819 - accuracy: 0.3626
70/98 [====================>.........] - ETA: 1s - loss: 1.8736 - accuracy: 0.3649
72/98 [=====================>........] - ETA: 1s - loss: 1.8660 - accuracy: 0.3671
74/98 [=====================>........] - ETA: 1s - loss: 1.8576 - accuracy: 0.3696
76/98 [======================>.......] - ETA: 1s - loss: 1.8501 - accuracy: 0.3715
78/98 [======================>.......] - ETA: 1s - loss: 1.8429 - accuracy: 0.3734
80/98 [=======================>......] - ETA: 0s - loss: 1.8348 - accuracy: 0.3755
82/98 [========================>.....] - ETA: 0s - loss: 1.8264 - accuracy: 0.3776
84/98 [========================>.....] - ETA: 0s - loss: 1.8199 - accuracy: 0.3791
86/98 [=========================>....] - ETA: 0s - loss: 1.8148 - accuracy: 0.3807
88/98 [=========================>....] - ETA: 0s - loss: 1.8088 - accuracy: 0.3825
90/98 [==========================>...] - ETA: 0s - loss: 1.8017 - accuracy: 0.3846
92/98 [===========================>..] - ETA: 0s - loss: 1.7944 - accuracy: 0.3867
94/98 [===========================>..] - ETA: 0s - loss: 1.7882 - accuracy: 0.3890
96/98 [============================>.] - ETA: 0s - loss: 1.7821 - accuracy: 0.3904
98/98 [==============================] - ETA: 0s - loss: 1.7761 - accuracy: 0.3920
98/98 [==============================] - 12s 66ms/step - loss: 1.7761 - accuracy: 0.3920 - val_loss: 3.4039 - val_accuracy: 0.1001
Epoch 2/112

 1/98 [..............................] - ETA: 6s - loss: 1.4539 - accuracy: 0.4902
 3/98 [..............................] - ETA: 3s - loss: 1.4222 - accuracy: 0.5091
 5/98 [>.............................] - ETA: 4s - loss: 1.4317 - accuracy: 0.5004
 7/98 [=>............................] - ETA: 3s - loss: 1.4364 - accuracy: 0.4989
 9/98 [=>............................] - ETA: 3s - loss: 1.4275 - accuracy: 0.5009
11/98 [==>...........................] - ETA: 3s - loss: 1.4231 - accuracy: 0.5005
13/98 [==>...........................] - ETA: 3s - loss: 1.4239 - accuracy: 0.5003
15/98 [===>..........................] - ETA: 3s - loss: 1.4310 - accuracy: 0.4973
17/98 [====>.........................] - ETA: 3s - loss: 1.4328 - accuracy: 0.4971
19/98 [====>.........................] - ETA: 3s - loss: 1.4319 - accuracy: 0.4976
21/98 [=====>........................] - ETA: 3s - loss: 1.4265 - accuracy: 0.4980
23/98 [======>.......................] - ETA: 3s - loss: 1.4278 - accuracy: 0.4996
25/98 [======>.......................] - ETA: 3s - loss: 1.4242 - accuracy: 0.5001
27/98 [=======>......................] - ETA: 3s - loss: 1.4226 - accuracy: 0.5008
29/98 [=======>......................] - ETA: 3s - loss: 1.4197 - accuracy: 0.5019
31/98 [========>.....................] - ETA: 2s - loss: 1.4203 - accuracy: 0.5019
33/98 [=========>....................] - ETA: 2s - loss: 1.4183 - accuracy: 0.5037
35/98 [=========>....................] - ETA: 2s - loss: 1.4138 - accuracy: 0.5047
37/98 [==========>...................] - ETA: 2s - loss: 1.4090 - accuracy: 0.5066
39/98 [==========>...................] - ETA: 2s - loss: 1.4038 - accuracy: 0.5075
41/98 [===========>..................] - ETA: 2s - loss: 1.4012 - accuracy: 0.5094
43/98 [============>.................] - ETA: 2s - loss: 1.4011 - accuracy: 0.5084
45/98 [============>.................] - ETA: 2s - loss: 1.3998 - accuracy: 0.5086
47/98 [=============>................] - ETA: 2s - loss: 1.3967 - accuracy: 0.5095
49/98 [==============>...............] - ETA: 2s - loss: 1.3941 - accuracy: 0.5104
51/98 [==============>...............] - ETA: 2s - loss: 1.3903 - accuracy: 0.5112
53/98 [===============>..............] - ETA: 1s - loss: 1.3913 - accuracy: 0.5103
55/98 [===============>..............] - ETA: 1s - loss: 1.3883 - accuracy: 0.5116
57/98 [================>.............] - ETA: 1s - loss: 1.3828 - accuracy: 0.5135
59/98 [=================>............] - ETA: 1s - loss: 1.3812 - accuracy: 0.5145
61/98 [=================>............] - ETA: 1s - loss: 1.3806 - accuracy: 0.5145
63/98 [==================>...........] - ETA: 1s - loss: 1.3796 - accuracy: 0.5150
65/98 [==================>...........] - ETA: 1s - loss: 1.3773 - accuracy: 0.5164
67/98 [===================>..........] - ETA: 1s - loss: 1.3741 - accuracy: 0.5175
69/98 [====================>.........] - ETA: 1s - loss: 1.3717 - accuracy: 0.5177
71/98 [====================>.........] - ETA: 1s - loss: 1.3694 - accuracy: 0.5184
73/98 [=====================>........] - ETA: 1s - loss: 1.3667 - accuracy: 0.5194
75/98 [=====================>........] - ETA: 0s - loss: 1.3649 - accuracy: 0.5200
77/98 [======================>.......] - ETA: 0s - loss: 1.3626 - accuracy: 0.5206
79/98 [=======================>......] - ETA: 0s - loss: 1.3615 - accuracy: 0.5207
81/98 [=======================>......] - ETA: 0s - loss: 1.3598 - accuracy: 0.5211
83/98 [========================>.....] - ETA: 0s - loss: 1.3582 - accuracy: 0.5216
85/98 [=========================>....] - ETA: 0s - loss: 1.3561 - accuracy: 0.5222
87/98 [=========================>....] - ETA: 0s - loss: 1.3538 - accuracy: 0.5229
89/98 [==========================>...] - ETA: 0s - loss: 1.3511 - accuracy: 0.5240
91/98 [==========================>...] - ETA: 0s - loss: 1.3488 - accuracy: 0.5249
93/98 [===========================>..] - ETA: 0s - loss: 1.3479 - accuracy: 0.5251
95/98 [============================>.] - ETA: 0s - loss: 1.3447 - accuracy: 0.5262
97/98 [============================>.] - ETA: 0s - loss: 1.3422 - accuracy: 0.5268
98/98 [==============================] - 5s 49ms/step - loss: 1.3412 - accuracy: 0.5273 - val_loss: 4.0532 - val_accuracy: 0.1000
Epoch 3/112

 1/98 [..............................] - ETA: 6s - loss: 1.1502 - accuracy: 0.5977
 3/98 [..............................] - ETA: 3s - loss: 1.1982 - accuracy: 0.5755
 5/98 [>.............................] - ETA: 4s - loss: 1.2036 - accuracy: 0.5746
 7/98 [=>............................] - ETA: 3s - loss: 1.1889 - accuracy: 0.5787
 9/98 [=>............................] - ETA: 3s - loss: 1.1918 - accuracy: 0.5794
11/98 [==>...........................] - ETA: 3s - loss: 1.1957 - accuracy: 0.5814
13/98 [==>...........................] - ETA: 3s - loss: 1.1935 - accuracy: 0.5810
15/98 [===>..........................] - ETA: 3s - loss: 1.1901 - accuracy: 0.5812
17/98 [====>.........................] - ETA: 3s - loss: 1.1946 - accuracy: 0.5779
19/98 [====>.........................] - ETA: 3s - loss: 1.1965 - accuracy: 0.5754
21/98 [=====>........................] - ETA: 3s - loss: 1.1960 - accuracy: 0.5760
23/98 [======>.......................] - ETA: 3s - loss: 1.1936 - accuracy: 0.5784
25/98 [======>.......................] - ETA: 3s - loss: 1.1925 - accuracy: 0.5787
27/98 [=======>......................] - ETA: 3s - loss: 1.1876 - accuracy: 0.5794
29/98 [=======>......................] - ETA: 2s - loss: 1.1911 - accuracy: 0.5787
31/98 [========>.....................] - ETA: 2s - loss: 1.1860 - accuracy: 0.5807
33/98 [=========>....................] - ETA: 2s - loss: 1.1868 - accuracy: 0.5795
35/98 [=========>....................] - ETA: 2s - loss: 1.1826 - accuracy: 0.5811
37/98 [==========>...................] - ETA: 2s - loss: 1.1821 - accuracy: 0.5813
39/98 [==========>...................] - ETA: 2s - loss: 1.1802 - accuracy: 0.5821
41/98 [===========>..................] - ETA: 2s - loss: 1.1776 - accuracy: 0.5834
43/98 [============>.................] - ETA: 2s - loss: 1.1759 - accuracy: 0.5847
45/98 [============>.................] - ETA: 2s - loss: 1.1792 - accuracy: 0.5838
47/98 [=============>................] - ETA: 2s - loss: 1.1794 - accuracy: 0.5842
49/98 [==============>...............] - ETA: 2s - loss: 1.1786 - accuracy: 0.5841
51/98 [==============>...............] - ETA: 2s - loss: 1.1764 - accuracy: 0.5845
53/98 [===============>..............] - ETA: 1s - loss: 1.1756 - accuracy: 0.5848
55/98 [===============>..............] - ETA: 1s - loss: 1.1759 - accuracy: 0.5846
57/98 [================>.............] - ETA: 1s - loss: 1.1752 - accuracy: 0.5842
59/98 [=================>............] - ETA: 1s - loss: 1.1745 - accuracy: 0.5844
61/98 [=================>............] - ETA: 1s - loss: 1.1729 - accuracy: 0.5851
63/98 [==================>...........] - ETA: 1s - loss: 1.1688 - accuracy: 0.5865
65/98 [==================>...........] - ETA: 1s - loss: 1.1677 - accuracy: 0.5869
67/98 [===================>..........] - ETA: 1s - loss: 1.1679 - accuracy: 0.5867
69/98 [====================>.........] - ETA: 1s - loss: 1.1668 - accuracy: 0.5869
71/98 [====================>.........] - ETA: 1s - loss: 1.1664 - accuracy: 0.5872
73/98 [=====================>........] - ETA: 1s - loss: 1.1641 - accuracy: 0.5880
75/98 [=====================>........] - ETA: 0s - loss: 1.1619 - accuracy: 0.5889
77/98 [======================>.......] - ETA: 0s - loss: 1.1617 - accuracy: 0.5892
79/98 [=======================>......] - ETA: 0s - loss: 1.1601 - accuracy: 0.5898
81/98 [=======================>......] - ETA: 0s - loss: 1.1585 - accuracy: 0.5903
83/98 [========================>.....] - ETA: 0s - loss: 1.1582 - accuracy: 0.5906
85/98 [=========================>....] - ETA: 0s - loss: 1.1569 - accuracy: 0.5907
87/98 [=========================>....] - ETA: 0s - loss: 1.1556 - accuracy: 0.5909
89/98 [==========================>...] - ETA: 0s - loss: 1.1558 - accuracy: 0.5909
91/98 [==========================>...] - ETA: 0s - loss: 1.1551 - accuracy: 0.5909
93/98 [===========================>..] - ETA: 0s - loss: 1.1547 - accuracy: 0.5910
95/98 [============================>.] - ETA: 0s - loss: 1.1542 - accuracy: 0.5911
97/98 [============================>.] - ETA: 0s - loss: 1.1534 - accuracy: 0.5914
98/98 [==============================] - 5s 54ms/step - loss: 1.1538 - accuracy: 0.5913 - val_loss: 4.4985 - val_accuracy: 0.1008
Epoch 4/112

 1/98 [..............................] - ETA: 6s - loss: 1.0373 - accuracy: 0.5957
 3/98 [..............................] - ETA: 3s - loss: 1.0430 - accuracy: 0.6113
 5/98 [>.............................] - ETA: 4s - loss: 1.0332 - accuracy: 0.6238
 7/98 [=>............................] - ETA: 3s - loss: 1.0393 - accuracy: 0.6258
 9/98 [=>............................] - ETA: 3s - loss: 1.0415 - accuracy: 0.6289
11/98 [==>...........................] - ETA: 3s - loss: 1.0422 - accuracy: 0.6296
13/98 [==>...........................] - ETA: 3s - loss: 1.0531 - accuracy: 0.6267
15/98 [===>..........................] - ETA: 3s - loss: 1.0569 - accuracy: 0.6245
17/98 [====>.........................] - ETA: 3s - loss: 1.0612 - accuracy: 0.6232
19/98 [====>.........................] - ETA: 3s - loss: 1.0641 - accuracy: 0.6227
21/98 [=====>........................] - ETA: 3s - loss: 1.0641 - accuracy: 0.6215
23/98 [======>.......................] - ETA: 3s - loss: 1.0613 - accuracy: 0.6230
25/98 [======>.......................] - ETA: 3s - loss: 1.0677 - accuracy: 0.6228
27/98 [=======>......................] - ETA: 3s - loss: 1.0631 - accuracy: 0.6250
29/98 [=======>......................] - ETA: 2s - loss: 1.0630 - accuracy: 0.6254
31/98 [========>.....................] - ETA: 2s - loss: 1.0590 - accuracy: 0.6264
33/98 [=========>....................] - ETA: 2s - loss: 1.0593 - accuracy: 0.6246
35/98 [=========>....................] - ETA: 2s - loss: 1.0580 - accuracy: 0.6250
37/98 [==========>...................] - ETA: 2s - loss: 1.0566 - accuracy: 0.6256
39/98 [==========>...................] - ETA: 2s - loss: 1.0540 - accuracy: 0.6271
41/98 [===========>..................] - ETA: 2s - loss: 1.0505 - accuracy: 0.6284
43/98 [============>.................] - ETA: 2s - loss: 1.0516 - accuracy: 0.6287
45/98 [============>.................] - ETA: 2s - loss: 1.0514 - accuracy: 0.6295
47/98 [=============>................] - ETA: 2s - loss: 1.0514 - accuracy: 0.6296
49/98 [==============>...............] - ETA: 2s - loss: 1.0507 - accuracy: 0.6301
51/98 [==============>...............] - ETA: 2s - loss: 1.0509 - accuracy: 0.6302
53/98 [===============>..............] - ETA: 1s - loss: 1.0506 - accuracy: 0.6305
55/98 [===============>..............] - ETA: 1s - loss: 1.0509 - accuracy: 0.6310
57/98 [================>.............] - ETA: 1s - loss: 1.0505 - accuracy: 0.6318
59/98 [=================>............] - ETA: 1s - loss: 1.0500 - accuracy: 0.6320
61/98 [=================>............] - ETA: 1s - loss: 1.0503 - accuracy: 0.6321
63/98 [==================>...........] - ETA: 1s - loss: 1.0499 - accuracy: 0.6327
65/98 [==================>...........] - ETA: 1s - loss: 1.0503 - accuracy: 0.6326
67/98 [===================>..........] - ETA: 1s - loss: 1.0502 - accuracy: 0.6329
69/98 [====================>.........] - ETA: 1s - loss: 1.0505 - accuracy: 0.6332
71/98 [====================>.........] - ETA: 1s - loss: 1.0524 - accuracy: 0.6331
73/98 [=====================>........] - ETA: 1s - loss: 1.0523 - accuracy: 0.6331
75/98 [=====================>........] - ETA: 0s - loss: 1.0525 - accuracy: 0.6331
77/98 [======================>.......] - ETA: 0s - loss: 1.0533 - accuracy: 0.6329
79/98 [=======================>......] - ETA: 0s - loss: 1.0533 - accuracy: 0.6328
81/98 [=======================>......] - ETA: 0s - loss: 1.0526 - accuracy: 0.6330
83/98 [========================>.....] - ETA: 0s - loss: 1.0520 - accuracy: 0.6330
85/98 [=========================>....] - ETA: 0s - loss: 1.0520 - accuracy: 0.6334
87/98 [=========================>....] - ETA: 0s - loss: 1.0518 - accuracy: 0.6334
89/98 [==========================>...] - ETA: 0s - loss: 1.0518 - accuracy: 0.6332
91/98 [==========================>...] - ETA: 0s - loss: 1.0510 - accuracy: 0.6331
92/98 [===========================>..] - ETA: 0s - loss: 1.0511 - accuracy: 0.6331
94/98 [===========================>..] - ETA: 0s - loss: 1.0511 - accuracy: 0.6326
96/98 [============================>.] - ETA: 0s - loss: 1.0513 - accuracy: 0.6323
98/98 [==============================] - ETA: 0s - loss: 1.0491 - accuracy: 0.6330
98/98 [==============================] - 5s 54ms/step - loss: 1.0491 - accuracy: 0.6330 - val_loss: 3.7844 - val_accuracy: 0.1138
Epoch 5/112

 1/98 [..............................] - ETA: 4s - loss: 1.0681 - accuracy: 0.6172
 3/98 [..............................] - ETA: 4s - loss: 0.9799 - accuracy: 0.6510
 5/98 [>.............................] - ETA: 4s - loss: 0.9717 - accuracy: 0.6625
 7/98 [=>............................] - ETA: 4s - loss: 0.9692 - accuracy: 0.6660
 9/98 [=>............................] - ETA: 3s - loss: 0.9697 - accuracy: 0.6647
11/98 [==>...........................] - ETA: 3s - loss: 0.9804 - accuracy: 0.6594
13/98 [==>...........................] - ETA: 3s - loss: 0.9776 - accuracy: 0.6584
15/98 [===>..........................] - ETA: 3s - loss: 0.9803 - accuracy: 0.6576
17/98 [====>.........................] - ETA: 3s - loss: 0.9797 - accuracy: 0.6571
19/98 [====>.........................] - ETA: 3s - loss: 0.9785 - accuracy: 0.6583
21/98 [=====>........................] - ETA: 3s - loss: 0.9816 - accuracy: 0.6562
23/98 [======>.......................] - ETA: 3s - loss: 0.9771 - accuracy: 0.6562
25/98 [======>.......................] - ETA: 3s - loss: 0.9717 - accuracy: 0.6584
27/98 [=======>......................] - ETA: 3s - loss: 0.9715 - accuracy: 0.6581
29/98 [=======>......................] - ETA: 3s - loss: 0.9718 - accuracy: 0.6580
31/98 [========>.....................] - ETA: 2s - loss: 0.9703 - accuracy: 0.6585
33/98 [=========>....................] - ETA: 2s - loss: 0.9710 - accuracy: 0.6584
35/98 [=========>....................] - ETA: 2s - loss: 0.9713 - accuracy: 0.6579
37/98 [==========>...................] - ETA: 2s - loss: 0.9699 - accuracy: 0.6576
39/98 [==========>...................] - ETA: 2s - loss: 0.9700 - accuracy: 0.6579
41/98 [===========>..................] - ETA: 2s - loss: 0.9712 - accuracy: 0.6573
43/98 [============>.................] - ETA: 2s - loss: 0.9723 - accuracy: 0.6572
45/98 [============>.................] - ETA: 2s - loss: 0.9701 - accuracy: 0.6585
47/98 [=============>................] - ETA: 2s - loss: 0.9700 - accuracy: 0.6585
49/98 [==============>...............] - ETA: 2s - loss: 0.9741 - accuracy: 0.6574
51/98 [==============>...............] - ETA: 2s - loss: 0.9762 - accuracy: 0.6572
53/98 [===============>..............] - ETA: 1s - loss: 0.9758 - accuracy: 0.6576
55/98 [===============>..............] - ETA: 1s - loss: 0.9780 - accuracy: 0.6569
57/98 [================>.............] - ETA: 1s - loss: 0.9797 - accuracy: 0.6567
59/98 [=================>............] - ETA: 1s - loss: 0.9803 - accuracy: 0.6559
61/98 [=================>............] - ETA: 1s - loss: 0.9780 - accuracy: 0.6567
63/98 [==================>...........] - ETA: 1s - loss: 0.9793 - accuracy: 0.6566
65/98 [==================>...........] - ETA: 1s - loss: 0.9777 - accuracy: 0.6576
67/98 [===================>..........] - ETA: 1s - loss: 0.9770 - accuracy: 0.6579
69/98 [====================>.........] - ETA: 1s - loss: 0.9781 - accuracy: 0.6576
71/98 [====================>.........] - ETA: 1s - loss: 0.9774 - accuracy: 0.6584
73/98 [=====================>........] - ETA: 1s - loss: 0.9768 - accuracy: 0.6583
75/98 [=====================>........] - ETA: 0s - loss: 0.9766 - accuracy: 0.6585
77/98 [======================>.......] - ETA: 0s - loss: 0.9766 - accuracy: 0.6584
79/98 [=======================>......] - ETA: 0s - loss: 0.9758 - accuracy: 0.6587
81/98 [=======================>......] - ETA: 0s - loss: 0.9755 - accuracy: 0.6587
83/98 [========================>.....] - ETA: 0s - loss: 0.9759 - accuracy: 0.6588
85/98 [=========================>....] - ETA: 0s - loss: 0.9763 - accuracy: 0.6586
87/98 [=========================>....] - ETA: 0s - loss: 0.9771 - accuracy: 0.6583
89/98 [==========================>...] - ETA: 0s - loss: 0.9763 - accuracy: 0.6582
91/98 [==========================>...] - ETA: 0s - loss: 0.9753 - accuracy: 0.6585
93/98 [===========================>..] - ETA: 0s - loss: 0.9754 - accuracy: 0.6583
95/98 [============================>.] - ETA: 0s - loss: 0.9763 - accuracy: 0.6579
97/98 [============================>.] - ETA: 0s - loss: 0.9767 - accuracy: 0.6581
98/98 [==============================] - 5s 54ms/step - loss: 0.9772 - accuracy: 0.6580 - val_loss: 2.7576 - val_accuracy: 0.2129
Epoch 6/112

 1/98 [..............................] - ETA: 6s - loss: 0.9957 - accuracy: 0.6445
 3/98 [..............................] - ETA: 3s - loss: 0.9585 - accuracy: 0.6602
 5/98 [>.............................] - ETA: 3s - loss: 0.9629 - accuracy: 0.6609
 7/98 [=>............................] - ETA: 4s - loss: 0.9364 - accuracy: 0.6744
 9/98 [=>............................] - ETA: 3s - loss: 0.9341 - accuracy: 0.6788
11/98 [==>...........................] - ETA: 3s - loss: 0.9381 - accuracy: 0.6745
13/98 [==>...........................] - ETA: 3s - loss: 0.9418 - accuracy: 0.6708
15/98 [===>..........................] - ETA: 3s - loss: 0.9423 - accuracy: 0.6720
17/98 [====>.........................] - ETA: 3s - loss: 0.9460 - accuracy: 0.6703
19/98 [====>.........................] - ETA: 3s - loss: 0.9423 - accuracy: 0.6721
21/98 [=====>........................] - ETA: 3s - loss: 0.9394 - accuracy: 0.6738
23/98 [======>.......................] - ETA: 3s - loss: 0.9387 - accuracy: 0.6737
25/98 [======>.......................] - ETA: 3s - loss: 0.9400 - accuracy: 0.6727
27/98 [=======>......................] - ETA: 3s - loss: 0.9381 - accuracy: 0.6729
29/98 [=======>......................] - ETA: 3s - loss: 0.9357 - accuracy: 0.6743
31/98 [========>.....................] - ETA: 2s - loss: 0.9334 - accuracy: 0.6746
33/98 [=========>....................] - ETA: 2s - loss: 0.9315 - accuracy: 0.6759
35/98 [=========>....................] - ETA: 2s - loss: 0.9308 - accuracy: 0.6758
37/98 [==========>...................] - ETA: 2s - loss: 0.9305 - accuracy: 0.6757
39/98 [==========>...................] - ETA: 2s - loss: 0.9306 - accuracy: 0.6744
41/98 [===========>..................] - ETA: 2s - loss: 0.9310 - accuracy: 0.6745
43/98 [============>.................] - ETA: 2s - loss: 0.9296 - accuracy: 0.6749
45/98 [============>.................] - ETA: 2s - loss: 0.9296 - accuracy: 0.6746
47/98 [=============>................] - ETA: 2s - loss: 0.9287 - accuracy: 0.6749
49/98 [==============>...............] - ETA: 2s - loss: 0.9301 - accuracy: 0.6743
51/98 [==============>...............] - ETA: 2s - loss: 0.9292 - accuracy: 0.6745
53/98 [===============>..............] - ETA: 1s - loss: 0.9309 - accuracy: 0.6744
55/98 [===============>..............] - ETA: 1s - loss: 0.9303 - accuracy: 0.6740
57/98 [================>.............] - ETA: 1s - loss: 0.9307 - accuracy: 0.6741
59/98 [=================>............] - ETA: 1s - loss: 0.9309 - accuracy: 0.6736
61/98 [=================>............] - ETA: 1s - loss: 0.9302 - accuracy: 0.6737
63/98 [==================>...........] - ETA: 1s - loss: 0.9295 - accuracy: 0.6740
65/98 [==================>...........] - ETA: 1s - loss: 0.9293 - accuracy: 0.6738
67/98 [===================>..........] - ETA: 1s - loss: 0.9283 - accuracy: 0.6743
69/98 [====================>.........] - ETA: 1s - loss: 0.9272 - accuracy: 0.6746
71/98 [====================>.........] - ETA: 1s - loss: 0.9265 - accuracy: 0.6748
73/98 [=====================>........] - ETA: 1s - loss: 0.9263 - accuracy: 0.6753
75/98 [=====================>........] - ETA: 0s - loss: 0.9276 - accuracy: 0.6749
77/98 [======================>.......] - ETA: 0s - loss: 0.9274 - accuracy: 0.6753
79/98 [=======================>......] - ETA: 0s - loss: 0.9275 - accuracy: 0.6753
81/98 [=======================>......] - ETA: 0s - loss: 0.9274 - accuracy: 0.6756
83/98 [========================>.....] - ETA: 0s - loss: 0.9279 - accuracy: 0.6757
85/98 [=========================>....] - ETA: 0s - loss: 0.9281 - accuracy: 0.6755
87/98 [=========================>....] - ETA: 0s - loss: 0.9285 - accuracy: 0.6752
89/98 [==========================>...] - ETA: 0s - loss: 0.9284 - accuracy: 0.6752
91/98 [==========================>...] - ETA: 0s - loss: 0.9270 - accuracy: 0.6756
93/98 [===========================>..] - ETA: 0s - loss: 0.9259 - accuracy: 0.6764
95/98 [============================>.] - ETA: 0s - loss: 0.9265 - accuracy: 0.6760
97/98 [============================>.] - ETA: 0s - loss: 0.9270 - accuracy: 0.6759
98/98 [==============================] - 5s 54ms/step - loss: 0.9259 - accuracy: 0.6763 - val_loss: 1.1498 - val_accuracy: 0.5927
Epoch 7/112

 1/98 [..............................] - ETA: 6s - loss: 0.8413 - accuracy: 0.7051
 3/98 [..............................] - ETA: 3s - loss: 0.8738 - accuracy: 0.6973
 5/98 [>.............................] - ETA: 4s - loss: 0.8974 - accuracy: 0.6910
 7/98 [=>............................] - ETA: 4s - loss: 0.8805 - accuracy: 0.6984
 9/98 [=>............................] - ETA: 3s - loss: 0.8794 - accuracy: 0.6988
11/98 [==>...........................] - ETA: 3s - loss: 0.8704 - accuracy: 0.6983
13/98 [==>...........................] - ETA: 3s - loss: 0.8793 - accuracy: 0.6961
15/98 [===>..........................] - ETA: 3s - loss: 0.8805 - accuracy: 0.6958
17/98 [====>.........................] - ETA: 3s - loss: 0.8748 - accuracy: 0.6982
19/98 [====>.........................] - ETA: 3s - loss: 0.8763 - accuracy: 0.6984
21/98 [=====>........................] - ETA: 3s - loss: 0.8710 - accuracy: 0.7000
23/98 [======>.......................] - ETA: 3s - loss: 0.8740 - accuracy: 0.6992
25/98 [======>.......................] - ETA: 3s - loss: 0.8780 - accuracy: 0.6968
27/98 [=======>......................] - ETA: 3s - loss: 0.8792 - accuracy: 0.6967
29/98 [=======>......................] - ETA: 3s - loss: 0.8762 - accuracy: 0.6981
31/98 [========>.....................] - ETA: 2s - loss: 0.8728 - accuracy: 0.6983
33/98 [=========>....................] - ETA: 2s - loss: 0.8712 - accuracy: 0.6986
35/98 [=========>....................] - ETA: 2s - loss: 0.8722 - accuracy: 0.6976
37/98 [==========>...................] - ETA: 2s - loss: 0.8726 - accuracy: 0.6973
39/98 [==========>...................] - ETA: 2s - loss: 0.8729 - accuracy: 0.6964
41/98 [===========>..................] - ETA: 2s - loss: 0.8720 - accuracy: 0.6971
43/98 [============>.................] - ETA: 2s - loss: 0.8715 - accuracy: 0.6978
45/98 [============>.................] - ETA: 2s - loss: 0.8717 - accuracy: 0.6976
47/98 [=============>................] - ETA: 2s - loss: 0.8709 - accuracy: 0.6981
49/98 [==============>...............] - ETA: 2s - loss: 0.8727 - accuracy: 0.6973
51/98 [==============>...............] - ETA: 2s - loss: 0.8731 - accuracy: 0.6973
53/98 [===============>..............] - ETA: 1s - loss: 0.8730 - accuracy: 0.6972
55/98 [===============>..............] - ETA: 1s - loss: 0.8730 - accuracy: 0.6967
57/98 [================>.............] - ETA: 1s - loss: 0.8753 - accuracy: 0.6957
59/98 [=================>............] - ETA: 1s - loss: 0.8751 - accuracy: 0.6953
61/98 [=================>............] - ETA: 1s - loss: 0.8771 - accuracy: 0.6948
63/98 [==================>...........] - ETA: 1s - loss: 0.8774 - accuracy: 0.6946
65/98 [==================>...........] - ETA: 1s - loss: 0.8766 - accuracy: 0.6949
67/98 [===================>..........] - ETA: 1s - loss: 0.8775 - accuracy: 0.6946
69/98 [====================>.........] - ETA: 1s - loss: 0.8794 - accuracy: 0.6938
71/98 [====================>.........] - ETA: 1s - loss: 0.8773 - accuracy: 0.6947
73/98 [=====================>........] - ETA: 1s - loss: 0.8787 - accuracy: 0.6947
75/98 [=====================>........] - ETA: 0s - loss: 0.8792 - accuracy: 0.6945
77/98 [======================>.......] - ETA: 0s - loss: 0.8788 - accuracy: 0.6948
79/98 [=======================>......] - ETA: 0s - loss: 0.8795 - accuracy: 0.6949
81/98 [=======================>......] - ETA: 0s - loss: 0.8813 - accuracy: 0.6943
83/98 [========================>.....] - ETA: 0s - loss: 0.8817 - accuracy: 0.6942
85/98 [=========================>....] - ETA: 0s - loss: 0.8815 - accuracy: 0.6945
87/98 [=========================>....] - ETA: 0s - loss: 0.8819 - accuracy: 0.6944
89/98 [==========================>...] - ETA: 0s - loss: 0.8823 - accuracy: 0.6943
91/98 [==========================>...] - ETA: 0s - loss: 0.8822 - accuracy: 0.6940
93/98 [===========================>..] - ETA: 0s - loss: 0.8817 - accuracy: 0.6942
95/98 [============================>.] - ETA: 0s - loss: 0.8811 - accuracy: 0.6944
97/98 [============================>.] - ETA: 0s - loss: 0.8803 - accuracy: 0.6942
98/98 [==============================] - 5s 49ms/step - loss: 0.8809 - accuracy: 0.6939 - val_loss: 1.0391 - val_accuracy: 0.6391
Epoch 8/112

 1/98 [..............................] - ETA: 6s - loss: 0.7773 - accuracy: 0.7305
 3/98 [..............................] - ETA: 4s - loss: 0.8074 - accuracy: 0.7220
 5/98 [>.............................] - ETA: 3s - loss: 0.7985 - accuracy: 0.7262
 7/98 [=>............................] - ETA: 4s - loss: 0.8091 - accuracy: 0.7210
 9/98 [=>............................] - ETA: 3s - loss: 0.8159 - accuracy: 0.7198
11/98 [==>...........................] - ETA: 3s - loss: 0.8184 - accuracy: 0.7173
13/98 [==>...........................] - ETA: 3s - loss: 0.8226 - accuracy: 0.7136
15/98 [===>..........................] - ETA: 3s - loss: 0.8205 - accuracy: 0.7145
17/98 [====>.........................] - ETA: 3s - loss: 0.8312 - accuracy: 0.7104
19/98 [====>.........................] - ETA: 3s - loss: 0.8354 - accuracy: 0.7100
21/98 [=====>........................] - ETA: 3s - loss: 0.8328 - accuracy: 0.7123
23/98 [======>.......................] - ETA: 3s - loss: 0.8304 - accuracy: 0.7132
25/98 [======>.......................] - ETA: 3s - loss: 0.8313 - accuracy: 0.7127
27/98 [=======>......................] - ETA: 3s - loss: 0.8332 - accuracy: 0.7121
29/98 [=======>......................] - ETA: 3s - loss: 0.8348 - accuracy: 0.7113
31/98 [========>.....................] - ETA: 2s - loss: 0.8354 - accuracy: 0.7114
33/98 [=========>....................] - ETA: 2s - loss: 0.8335 - accuracy: 0.7115
35/98 [=========>....................] - ETA: 2s - loss: 0.8320 - accuracy: 0.7114
37/98 [==========>...................] - ETA: 2s - loss: 0.8325 - accuracy: 0.7106
39/98 [==========>...................] - ETA: 2s - loss: 0.8363 - accuracy: 0.7095
41/98 [===========>..................] - ETA: 2s - loss: 0.8368 - accuracy: 0.7094
43/98 [============>.................] - ETA: 2s - loss: 0.8343 - accuracy: 0.7102
45/98 [============>.................] - ETA: 2s - loss: 0.8333 - accuracy: 0.7101
47/98 [=============>................] - ETA: 2s - loss: 0.8350 - accuracy: 0.7091
49/98 [==============>...............] - ETA: 2s - loss: 0.8355 - accuracy: 0.7087
51/98 [==============>...............] - ETA: 2s - loss: 0.8369 - accuracy: 0.7080
53/98 [===============>..............] - ETA: 1s - loss: 0.8374 - accuracy: 0.7080
55/98 [===============>..............] - ETA: 1s - loss: 0.8384 - accuracy: 0.7076
57/98 [================>.............] - ETA: 1s - loss: 0.8387 - accuracy: 0.7076
59/98 [=================>............] - ETA: 1s - loss: 0.8406 - accuracy: 0.7070
61/98 [=================>............] - ETA: 1s - loss: 0.8389 - accuracy: 0.7074
63/98 [==================>...........] - ETA: 1s - loss: 0.8393 - accuracy: 0.7077
65/98 [==================>...........] - ETA: 1s - loss: 0.8399 - accuracy: 0.7076
67/98 [===================>..........] - ETA: 1s - loss: 0.8412 - accuracy: 0.7069
69/98 [====================>.........] - ETA: 1s - loss: 0.8426 - accuracy: 0.7066
71/98 [====================>.........] - ETA: 1s - loss: 0.8423 - accuracy: 0.7065
73/98 [=====================>........] - ETA: 1s - loss: 0.8414 - accuracy: 0.7067
75/98 [=====================>........] - ETA: 1s - loss: 0.8430 - accuracy: 0.7063
77/98 [======================>.......] - ETA: 0s - loss: 0.8450 - accuracy: 0.7052
79/98 [=======================>......] - ETA: 0s - loss: 0.8445 - accuracy: 0.7055
81/98 [=======================>......] - ETA: 0s - loss: 0.8439 - accuracy: 0.7059
83/98 [========================>.....] - ETA: 0s - loss: 0.8457 - accuracy: 0.7054
85/98 [=========================>....] - ETA: 0s - loss: 0.8461 - accuracy: 0.7054
87/98 [=========================>....] - ETA: 0s - loss: 0.8468 - accuracy: 0.7050
89/98 [==========================>...] - ETA: 0s - loss: 0.8470 - accuracy: 0.7050
91/98 [==========================>...] - ETA: 0s - loss: 0.8485 - accuracy: 0.7046
93/98 [===========================>..] - ETA: 0s - loss: 0.8504 - accuracy: 0.7040
95/98 [============================>.] - ETA: 0s - loss: 0.8515 - accuracy: 0.7034
97/98 [============================>.] - ETA: 0s - loss: 0.8525 - accuracy: 0.7031
98/98 [==============================] - 5s 54ms/step - loss: 0.8525 - accuracy: 0.7030 - val_loss: 0.9486 - val_accuracy: 0.6704
Epoch 9/112

 1/98 [..............................] - ETA: 4s - loss: 0.7825 - accuracy: 0.7207
 3/98 [..............................] - ETA: 4s - loss: 0.8222 - accuracy: 0.7214
 5/98 [>.............................] - ETA: 4s - loss: 0.8366 - accuracy: 0.7141
 7/98 [=>............................] - ETA: 4s - loss: 0.8256 - accuracy: 0.7174
 9/98 [=>............................] - ETA: 4s - loss: 0.8137 - accuracy: 0.7203
11/98 [==>...........................] - ETA: 3s - loss: 0.8061 - accuracy: 0.7230
13/98 [==>...........................] - ETA: 3s - loss: 0.8069 - accuracy: 0.7213
15/98 [===>..........................] - ETA: 3s - loss: 0.8070 - accuracy: 0.7219
17/98 [====>.........................] - ETA: 3s - loss: 0.8004 - accuracy: 0.7227
19/98 [====>.........................] - ETA: 3s - loss: 0.8036 - accuracy: 0.7202
21/98 [=====>........................] - ETA: 3s - loss: 0.8013 - accuracy: 0.7222
23/98 [======>.......................] - ETA: 3s - loss: 0.8044 - accuracy: 0.7206
25/98 [======>.......................] - ETA: 3s - loss: 0.8028 - accuracy: 0.7223
27/98 [=======>......................] - ETA: 3s - loss: 0.8053 - accuracy: 0.7207
29/98 [=======>......................] - ETA: 3s - loss: 0.8081 - accuracy: 0.7200
31/98 [========>.....................] - ETA: 2s - loss: 0.8062 - accuracy: 0.7202
33/98 [=========>....................] - ETA: 2s - loss: 0.8084 - accuracy: 0.7192
35/98 [=========>....................] - ETA: 2s - loss: 0.8077 - accuracy: 0.7198
37/98 [==========>...................] - ETA: 2s - loss: 0.8080 - accuracy: 0.7200
39/98 [==========>...................] - ETA: 2s - loss: 0.8080 - accuracy: 0.7199
41/98 [===========>..................] - ETA: 2s - loss: 0.8072 - accuracy: 0.7205
43/98 [============>.................] - ETA: 2s - loss: 0.8049 - accuracy: 0.7212
45/98 [============>.................] - ETA: 2s - loss: 0.8040 - accuracy: 0.7212
47/98 [=============>................] - ETA: 2s - loss: 0.8040 - accuracy: 0.7214
49/98 [==============>...............] - ETA: 2s - loss: 0.8069 - accuracy: 0.7203
51/98 [==============>...............] - ETA: 2s - loss: 0.8057 - accuracy: 0.7207
53/98 [===============>..............] - ETA: 1s - loss: 0.8024 - accuracy: 0.7222
55/98 [===============>..............] - ETA: 1s - loss: 0.8032 - accuracy: 0.7213
56/98 [================>.............] - ETA: 1s - loss: 0.8025 - accuracy: 0.7216
58/98 [================>.............] - ETA: 1s - loss: 0.8018 - accuracy: 0.7214
60/98 [=================>............] - ETA: 1s - loss: 0.8034 - accuracy: 0.7214
62/98 [=================>............] - ETA: 1s - loss: 0.8051 - accuracy: 0.7211
