2024-07-27 12:45:52.009620: I tensorflow/core/platform/cpu_feature_guard.cc:193] This TensorFlow binary is optimized with oneAPI Deep Neural Network Library (oneDNN) to use the following CPU instructions in performance-critical operations:  AVX AVX2
To enable them in other operations, rebuild TensorFlow with the appropriate compiler flags.
2024-07-27 12:45:52.570027: I tensorflow/core/common_runtime/gpu/gpu_device.cc:1616] Created device /job:localhost/replica:0/task:0/device:GPU:0 with 6656 MB memory:  -> device: 0, name: NVIDIA GeForce RTX 4060 Ti, pci bus id: 0000:01:00.0, compute capability: 8.9
1 Physical GPUs, 1 Logical GPUs
Model: "sequential"
_________________________________________________________________
 Layer (type)                Output Shape              Param #   
=================================================================
 conv2d (Conv2D)             (None, 32, 32, 32)        896       
                                                                 
 max_pooling2d (MaxPooling2D  (None, 16, 16, 32)       0         
 )                                                               
                                                                 
 batch_normalization (BatchN  (None, 16, 16, 32)       128       
 ormalization)                                                   
                                                                 
 conv2d_1 (Conv2D)           (None, 16, 16, 32)        123936    
                                                                 
 max_pooling2d_1 (MaxPooling  (None, 8, 8, 32)         0         
 2D)                                                             
                                                                 
 batch_normalization_1 (Batc  (None, 8, 8, 32)         128       
 hNormalization)                                                 
                                                                 
 dropout (Dropout)           (None, 8, 8, 32)          0         
                                                                 
 flatten (Flatten)           (None, 2048)              0         
                                                                 
 dense (Dense)               (None, 92)                188508    
                                                                 
 dropout_1 (Dropout)         (None, 92)                0         
                                                                 
 dense_1 (Dense)             (None, 10)                930       
                                                                 
=================================================================
Total params: 314,526
Trainable params: 314,398
Non-trainable params: 128
_________________________________________________________________
Taxa de aprendizado:  0.001 Num de épocas:  112 Tamanho do lote:  512 Dropout:  0.41
Epoch 1/112
2024-07-27 12:45:53.903932: I tensorflow/stream_executor/cuda/cuda_dnn.cc:384] Loaded cuDNN version 8100
2024-07-27 12:45:54.695279: W tensorflow/stream_executor/gpu/redzone_allocator.cc:314] INTERNAL: ptxas exited with non-zero error code -1, output: 
Relying on driver to perform ptx compilation. 
Modify $PATH to customize ptxas location.
This message will be only logged once.
2024-07-27 12:45:55.544102: I tensorflow/stream_executor/cuda/cuda_blas.cc:1614] TensorFloat-32 will be used for the matrix multiplication. This will only be logged once.

 1/98 [..............................] - ETA: 5:18 - loss: 3.1084 - accuracy: 0.0859
 3/98 [..............................] - ETA: 2s - loss: 2.7497 - accuracy: 0.1673  
 6/98 [>.............................] - ETA: 2s - loss: 2.5403 - accuracy: 0.2109
 8/98 [=>............................] - ETA: 2s - loss: 2.4724 - accuracy: 0.2241
11/98 [==>...........................] - ETA: 2s - loss: 2.4127 - accuracy: 0.2377
14/98 [===>..........................] - ETA: 2s - loss: 2.3593 - accuracy: 0.2503
17/98 [====>.........................] - ETA: 2s - loss: 2.3136 - accuracy: 0.2611
19/98 [====>.........................] - ETA: 3s - loss: 2.2905 - accuracy: 0.2674
22/98 [=====>........................] - ETA: 3s - loss: 2.2552 - accuracy: 0.2723
25/98 [======>.......................] - ETA: 3s - loss: 2.2193 - accuracy: 0.2822
28/98 [=======>......................] - ETA: 2s - loss: 2.1912 - accuracy: 0.2886
31/98 [========>.....................] - ETA: 2s - loss: 2.1590 - accuracy: 0.2962
34/98 [=========>....................] - ETA: 2s - loss: 2.1324 - accuracy: 0.3021
36/98 [==========>...................] - ETA: 2s - loss: 2.1126 - accuracy: 0.3066
39/98 [==========>...................] - ETA: 2s - loss: 2.0865 - accuracy: 0.3123
42/98 [===========>..................] - ETA: 1s - loss: 2.0698 - accuracy: 0.3167
45/98 [============>.................] - ETA: 1s - loss: 2.0499 - accuracy: 0.3222
47/98 [=============>................] - ETA: 1s - loss: 2.0357 - accuracy: 0.3254
50/98 [==============>...............] - ETA: 1s - loss: 2.0152 - accuracy: 0.3299
53/98 [===============>..............] - ETA: 1s - loss: 1.9990 - accuracy: 0.3345
55/98 [===============>..............] - ETA: 1s - loss: 1.9875 - accuracy: 0.3374
58/98 [================>.............] - ETA: 1s - loss: 1.9711 - accuracy: 0.3412
60/98 [=================>............] - ETA: 1s - loss: 1.9595 - accuracy: 0.3439
63/98 [==================>...........] - ETA: 1s - loss: 1.9416 - accuracy: 0.3486
66/98 [===================>..........] - ETA: 1s - loss: 1.9287 - accuracy: 0.3523
69/98 [====================>.........] - ETA: 0s - loss: 1.9145 - accuracy: 0.3555
72/98 [=====================>........] - ETA: 0s - loss: 1.9013 - accuracy: 0.3589
74/98 [=====================>........] - ETA: 0s - loss: 1.8931 - accuracy: 0.3615
77/98 [======================>.......] - ETA: 0s - loss: 1.8809 - accuracy: 0.3649
80/98 [=======================>......] - ETA: 0s - loss: 1.8716 - accuracy: 0.3675
83/98 [========================>.....] - ETA: 0s - loss: 1.8595 - accuracy: 0.3713
85/98 [=========================>....] - ETA: 0s - loss: 1.8506 - accuracy: 0.3735
88/98 [=========================>....] - ETA: 0s - loss: 1.8384 - accuracy: 0.3766
91/98 [==========================>...] - ETA: 0s - loss: 1.8254 - accuracy: 0.3800
93/98 [===========================>..] - ETA: 0s - loss: 1.8187 - accuracy: 0.3818
96/98 [============================>.] - ETA: 0s - loss: 1.8085 - accuracy: 0.3847
98/98 [==============================] - 7s 39ms/step - loss: 1.8015 - accuracy: 0.3864 - val_loss: 3.3611 - val_accuracy: 0.1007
Epoch 2/112

 1/98 [..............................] - ETA: 2s - loss: 1.4983 - accuracy: 0.5000
 3/98 [..............................] - ETA: 2s - loss: 1.4292 - accuracy: 0.4967
 6/98 [>.............................] - ETA: 2s - loss: 1.4070 - accuracy: 0.5010
 8/98 [=>............................] - ETA: 2s - loss: 1.4139 - accuracy: 0.5012
11/98 [==>...........................] - ETA: 2s - loss: 1.4186 - accuracy: 0.4968
14/98 [===>..........................] - ETA: 2s - loss: 1.4201 - accuracy: 0.4958
16/98 [===>..........................] - ETA: 2s - loss: 1.4230 - accuracy: 0.4952
19/98 [====>.........................] - ETA: 1s - loss: 1.4148 - accuracy: 0.4989
21/98 [=====>........................] - ETA: 1s - loss: 1.4138 - accuracy: 0.4985
24/98 [======>.......................] - ETA: 1s - loss: 1.4131 - accuracy: 0.4984
27/98 [=======>......................] - ETA: 1s - loss: 1.4127 - accuracy: 0.4993
29/98 [=======>......................] - ETA: 1s - loss: 1.4086 - accuracy: 0.4999
32/98 [========>.....................] - ETA: 1s - loss: 1.4051 - accuracy: 0.5013
34/98 [=========>....................] - ETA: 1s - loss: 1.4037 - accuracy: 0.5020
36/98 [==========>...................] - ETA: 1s - loss: 1.4022 - accuracy: 0.5026
39/98 [==========>...................] - ETA: 1s - loss: 1.3994 - accuracy: 0.5038
41/98 [===========>..................] - ETA: 1s - loss: 1.3949 - accuracy: 0.5054
44/98 [============>.................] - ETA: 1s - loss: 1.3898 - accuracy: 0.5074
47/98 [=============>................] - ETA: 1s - loss: 1.3855 - accuracy: 0.5088
49/98 [==============>...............] - ETA: 1s - loss: 1.3833 - accuracy: 0.5097
52/98 [==============>...............] - ETA: 1s - loss: 1.3786 - accuracy: 0.5119
55/98 [===============>..............] - ETA: 1s - loss: 1.3752 - accuracy: 0.5134
57/98 [================>.............] - ETA: 1s - loss: 1.3747 - accuracy: 0.5135
60/98 [=================>............] - ETA: 0s - loss: 1.3728 - accuracy: 0.5144
63/98 [==================>...........] - ETA: 0s - loss: 1.3687 - accuracy: 0.5151
66/98 [===================>..........] - ETA: 0s - loss: 1.3647 - accuracy: 0.5161
69/98 [====================>.........] - ETA: 0s - loss: 1.3646 - accuracy: 0.5167
71/98 [====================>.........] - ETA: 0s - loss: 1.3627 - accuracy: 0.5176
74/98 [=====================>........] - ETA: 0s - loss: 1.3613 - accuracy: 0.5180
77/98 [======================>.......] - ETA: 0s - loss: 1.3605 - accuracy: 0.5185
79/98 [=======================>......] - ETA: 0s - loss: 1.3588 - accuracy: 0.5187
82/98 [========================>.....] - ETA: 0s - loss: 1.3567 - accuracy: 0.5190
85/98 [=========================>....] - ETA: 0s - loss: 1.3544 - accuracy: 0.5194
87/98 [=========================>....] - ETA: 0s - loss: 1.3527 - accuracy: 0.5200
90/98 [==========================>...] - ETA: 0s - loss: 1.3523 - accuracy: 0.5203
93/98 [===========================>..] - ETA: 0s - loss: 1.3480 - accuracy: 0.5221
95/98 [============================>.] - ETA: 0s - loss: 1.3461 - accuracy: 0.5228
98/98 [==============================] - ETA: 0s - loss: 1.3446 - accuracy: 0.5231
98/98 [==============================] - 3s 32ms/step - loss: 1.3446 - accuracy: 0.5231 - val_loss: 4.3235 - val_accuracy: 0.1000
Epoch 3/112

 1/98 [..............................] - ETA: 2s - loss: 1.3123 - accuracy: 0.5215
 3/98 [..............................] - ETA: 2s - loss: 1.1919 - accuracy: 0.5723
 6/98 [>.............................] - ETA: 2s - loss: 1.2176 - accuracy: 0.5615
 9/98 [=>............................] - ETA: 2s - loss: 1.2169 - accuracy: 0.5658
11/98 [==>...........................] - ETA: 2s - loss: 1.2202 - accuracy: 0.5641
14/98 [===>..........................] - ETA: 2s - loss: 1.2175 - accuracy: 0.5653
17/98 [====>.........................] - ETA: 2s - loss: 1.2149 - accuracy: 0.5670
20/98 [=====>........................] - ETA: 1s - loss: 1.2110 - accuracy: 0.5685
22/98 [=====>........................] - ETA: 1s - loss: 1.2050 - accuracy: 0.5705
25/98 [======>.......................] - ETA: 1s - loss: 1.2117 - accuracy: 0.5699
28/98 [=======>......................] - ETA: 1s - loss: 1.2079 - accuracy: 0.5700
31/98 [========>.....................] - ETA: 1s - loss: 1.2062 - accuracy: 0.5699
33/98 [=========>....................] - ETA: 1s - loss: 1.2046 - accuracy: 0.5714
36/98 [==========>...................] - ETA: 1s - loss: 1.2014 - accuracy: 0.5722
39/98 [==========>...................] - ETA: 1s - loss: 1.2031 - accuracy: 0.5723
42/98 [===========>..................] - ETA: 1s - loss: 1.2026 - accuracy: 0.5720
45/98 [============>.................] - ETA: 1s - loss: 1.1990 - accuracy: 0.5736
47/98 [=============>................] - ETA: 1s - loss: 1.1989 - accuracy: 0.5741
50/98 [==============>...............] - ETA: 1s - loss: 1.1968 - accuracy: 0.5750
53/98 [===============>..............] - ETA: 1s - loss: 1.1944 - accuracy: 0.5755
55/98 [===============>..............] - ETA: 1s - loss: 1.1951 - accuracy: 0.5755
58/98 [================>.............] - ETA: 1s - loss: 1.1922 - accuracy: 0.5765
61/98 [=================>............] - ETA: 0s - loss: 1.1921 - accuracy: 0.5767
64/98 [==================>...........] - ETA: 0s - loss: 1.1897 - accuracy: 0.5776
66/98 [===================>..........] - ETA: 0s - loss: 1.1878 - accuracy: 0.5784
69/98 [====================>.........] - ETA: 0s - loss: 1.1851 - accuracy: 0.5789
72/98 [=====================>........] - ETA: 0s - loss: 1.1829 - accuracy: 0.5797
75/98 [=====================>........] - ETA: 0s - loss: 1.1813 - accuracy: 0.5806
78/98 [======================>.......] - ETA: 0s - loss: 1.1819 - accuracy: 0.5801
81/98 [=======================>......] - ETA: 0s - loss: 1.1804 - accuracy: 0.5809
83/98 [========================>.....] - ETA: 0s - loss: 1.1787 - accuracy: 0.5817
86/98 [=========================>....] - ETA: 0s - loss: 1.1777 - accuracy: 0.5826
89/98 [==========================>...] - ETA: 0s - loss: 1.1764 - accuracy: 0.5835
92/98 [===========================>..] - ETA: 0s - loss: 1.1759 - accuracy: 0.5838
95/98 [============================>.] - ETA: 0s - loss: 1.1739 - accuracy: 0.5847
98/98 [==============================] - ETA: 0s - loss: 1.1735 - accuracy: 0.5848
98/98 [==============================] - 3s 32ms/step - loss: 1.1735 - accuracy: 0.5848 - val_loss: 4.2757 - val_accuracy: 0.1005
Epoch 4/112

 1/98 [..............................] - ETA: 4s - loss: 1.0868 - accuracy: 0.6445
 4/98 [>.............................] - ETA: 2s - loss: 1.1106 - accuracy: 0.6123
 7/98 [=>............................] - ETA: 2s - loss: 1.1035 - accuracy: 0.6183
 9/98 [=>............................] - ETA: 2s - loss: 1.0975 - accuracy: 0.6181
12/98 [==>...........................] - ETA: 2s - loss: 1.0924 - accuracy: 0.6172
15/98 [===>..........................] - ETA: 2s - loss: 1.0953 - accuracy: 0.6154
18/98 [====>.........................] - ETA: 1s - loss: 1.0885 - accuracy: 0.6196
21/98 [=====>........................] - ETA: 1s - loss: 1.0851 - accuracy: 0.6179
24/98 [======>.......................] - ETA: 1s - loss: 1.0870 - accuracy: 0.6165
27/98 [=======>......................] - ETA: 1s - loss: 1.0899 - accuracy: 0.6163
30/98 [========>.....................] - ETA: 1s - loss: 1.0917 - accuracy: 0.6156
33/98 [=========>....................] - ETA: 1s - loss: 1.0885 - accuracy: 0.6171
35/98 [=========>....................] - ETA: 1s - loss: 1.0869 - accuracy: 0.6169
38/98 [==========>...................] - ETA: 1s - loss: 1.0888 - accuracy: 0.6166
41/98 [===========>..................] - ETA: 1s - loss: 1.0850 - accuracy: 0.6171
43/98 [============>.................] - ETA: 1s - loss: 1.0862 - accuracy: 0.6167
46/98 [=============>................] - ETA: 1s - loss: 1.0872 - accuracy: 0.6166
49/98 [==============>...............] - ETA: 1s - loss: 1.0865 - accuracy: 0.6164
52/98 [==============>...............] - ETA: 1s - loss: 1.0884 - accuracy: 0.6159
55/98 [===============>..............] - ETA: 1s - loss: 1.0865 - accuracy: 0.6169
58/98 [================>.............] - ETA: 1s - loss: 1.0841 - accuracy: 0.6183
61/98 [=================>............] - ETA: 0s - loss: 1.0840 - accuracy: 0.6181
64/98 [==================>...........] - ETA: 0s - loss: 1.0826 - accuracy: 0.6186
66/98 [===================>..........] - ETA: 0s - loss: 1.0830 - accuracy: 0.6190
69/98 [====================>.........] - ETA: 0s - loss: 1.0812 - accuracy: 0.6198
71/98 [====================>.........] - ETA: 0s - loss: 1.0773 - accuracy: 0.6213
74/98 [=====================>........] - ETA: 0s - loss: 1.0777 - accuracy: 0.6213
77/98 [======================>.......] - ETA: 0s - loss: 1.0774 - accuracy: 0.6208
79/98 [=======================>......] - ETA: 0s - loss: 1.0753 - accuracy: 0.6217
82/98 [========================>.....] - ETA: 0s - loss: 1.0737 - accuracy: 0.6223
85/98 [=========================>....] - ETA: 0s - loss: 1.0714 - accuracy: 0.6232
88/98 [=========================>....] - ETA: 0s - loss: 1.0716 - accuracy: 0.6231
91/98 [==========================>...] - ETA: 0s - loss: 1.0694 - accuracy: 0.6240
94/98 [===========================>..] - ETA: 0s - loss: 1.0677 - accuracy: 0.6247
96/98 [============================>.] - ETA: 0s - loss: 1.0678 - accuracy: 0.6248
98/98 [==============================] - 3s 32ms/step - loss: 1.0666 - accuracy: 0.6250 - val_loss: 3.8236 - val_accuracy: 0.1416
Epoch 5/112

 1/98 [..............................] - ETA: 2s - loss: 0.9945 - accuracy: 0.6543
 3/98 [..............................] - ETA: 2s - loss: 0.9837 - accuracy: 0.6510
 6/98 [>.............................] - ETA: 2s - loss: 0.9651 - accuracy: 0.6624
 9/98 [=>............................] - ETA: 2s - loss: 0.9585 - accuracy: 0.6595
11/98 [==>...........................] - ETA: 2s - loss: 0.9578 - accuracy: 0.6626
14/98 [===>..........................] - ETA: 2s - loss: 0.9641 - accuracy: 0.6616
17/98 [====>.........................] - ETA: 2s - loss: 0.9689 - accuracy: 0.6587
19/98 [====>.........................] - ETA: 2s - loss: 0.9699 - accuracy: 0.6575
22/98 [=====>........................] - ETA: 1s - loss: 0.9790 - accuracy: 0.6540
24/98 [======>.......................] - ETA: 1s - loss: 0.9840 - accuracy: 0.6528
27/98 [=======>......................] - ETA: 1s - loss: 0.9863 - accuracy: 0.6519
29/98 [=======>......................] - ETA: 1s - loss: 0.9889 - accuracy: 0.6507
32/98 [========>.....................] - ETA: 1s - loss: 0.9920 - accuracy: 0.6497
35/98 [=========>....................] - ETA: 1s - loss: 0.9930 - accuracy: 0.6503
37/98 [==========>...................] - ETA: 1s - loss: 0.9972 - accuracy: 0.6497
40/98 [===========>..................] - ETA: 1s - loss: 0.9991 - accuracy: 0.6486
43/98 [============>.................] - ETA: 1s - loss: 0.9969 - accuracy: 0.6498
46/98 [=============>................] - ETA: 1s - loss: 0.9965 - accuracy: 0.6496
49/98 [==============>...............] - ETA: 1s - loss: 0.9982 - accuracy: 0.6495
52/98 [==============>...............] - ETA: 1s - loss: 0.9970 - accuracy: 0.6498
55/98 [===============>..............] - ETA: 1s - loss: 0.9978 - accuracy: 0.6498
57/98 [================>.............] - ETA: 1s - loss: 0.9965 - accuracy: 0.6505
60/98 [=================>............] - ETA: 0s - loss: 0.9970 - accuracy: 0.6503
63/98 [==================>...........] - ETA: 0s - loss: 0.9992 - accuracy: 0.6498
65/98 [==================>...........] - ETA: 0s - loss: 0.9995 - accuracy: 0.6494
68/98 [===================>..........] - ETA: 0s - loss: 0.9984 - accuracy: 0.6502
71/98 [====================>.........] - ETA: 0s - loss: 0.9986 - accuracy: 0.6502
73/98 [=====================>........] - ETA: 0s - loss: 0.9979 - accuracy: 0.6508
76/98 [======================>.......] - ETA: 0s - loss: 0.9964 - accuracy: 0.6516
79/98 [=======================>......] - ETA: 0s - loss: 0.9967 - accuracy: 0.6513
81/98 [=======================>......] - ETA: 0s - loss: 0.9957 - accuracy: 0.6517
84/98 [========================>.....] - ETA: 0s - loss: 0.9949 - accuracy: 0.6522
86/98 [=========================>....] - ETA: 0s - loss: 0.9943 - accuracy: 0.6528
89/98 [==========================>...] - ETA: 0s - loss: 0.9941 - accuracy: 0.6531
91/98 [==========================>...] - ETA: 0s - loss: 0.9934 - accuracy: 0.6536
94/98 [===========================>..] - ETA: 0s - loss: 0.9924 - accuracy: 0.6538
97/98 [============================>.] - ETA: 0s - loss: 0.9924 - accuracy: 0.6540
98/98 [==============================] - 3s 31ms/step - loss: 0.9924 - accuracy: 0.6538 - val_loss: 2.9981 - val_accuracy: 0.1792
Epoch 6/112

 1/98 [..............................] - ETA: 4s - loss: 0.9334 - accuracy: 0.6875
 4/98 [>.............................] - ETA: 1s - loss: 0.9725 - accuracy: 0.6538
 6/98 [>.............................] - ETA: 2s - loss: 0.9652 - accuracy: 0.6589
 9/98 [=>............................] - ETA: 2s - loss: 0.9583 - accuracy: 0.6634
12/98 [==>...........................] - ETA: 2s - loss: 0.9604 - accuracy: 0.6616
14/98 [===>..........................] - ETA: 2s - loss: 0.9556 - accuracy: 0.6642
17/98 [====>.........................] - ETA: 1s - loss: 0.9515 - accuracy: 0.6669
19/98 [====>.........................] - ETA: 1s - loss: 0.9555 - accuracy: 0.6647
22/98 [=====>........................] - ETA: 1s - loss: 0.9558 - accuracy: 0.6657
25/98 [======>.......................] - ETA: 1s - loss: 0.9531 - accuracy: 0.6656
27/98 [=======>......................] - ETA: 1s - loss: 0.9509 - accuracy: 0.6670
30/98 [========>.....................] - ETA: 1s - loss: 0.9476 - accuracy: 0.6680
32/98 [========>.....................] - ETA: 1s - loss: 0.9460 - accuracy: 0.6693
35/98 [=========>....................] - ETA: 1s - loss: 0.9430 - accuracy: 0.6710
38/98 [==========>...................] - ETA: 1s - loss: 0.9437 - accuracy: 0.6703
40/98 [===========>..................] - ETA: 1s - loss: 0.9453 - accuracy: 0.6691
43/98 [============>.................] - ETA: 1s - loss: 0.9463 - accuracy: 0.6691
46/98 [=============>................] - ETA: 1s - loss: 0.9449 - accuracy: 0.6694
48/98 [=============>................] - ETA: 1s - loss: 0.9456 - accuracy: 0.6695
51/98 [==============>...............] - ETA: 1s - loss: 0.9446 - accuracy: 0.6699
54/98 [===============>..............] - ETA: 1s - loss: 0.9451 - accuracy: 0.6694
56/98 [================>.............] - ETA: 1s - loss: 0.9434 - accuracy: 0.6704
59/98 [=================>............] - ETA: 0s - loss: 0.9432 - accuracy: 0.6706
61/98 [=================>............] - ETA: 0s - loss: 0.9412 - accuracy: 0.6713
64/98 [==================>...........] - ETA: 0s - loss: 0.9419 - accuracy: 0.6713
66/98 [===================>..........] - ETA: 0s - loss: 0.9418 - accuracy: 0.6712
69/98 [====================>.........] - ETA: 0s - loss: 0.9409 - accuracy: 0.6715
72/98 [=====================>........] - ETA: 0s - loss: 0.9399 - accuracy: 0.6721
75/98 [=====================>........] - ETA: 0s - loss: 0.9391 - accuracy: 0.6729
78/98 [======================>.......] - ETA: 0s - loss: 0.9396 - accuracy: 0.6726
81/98 [=======================>......] - ETA: 0s - loss: 0.9386 - accuracy: 0.6729
84/98 [========================>.....] - ETA: 0s - loss: 0.9399 - accuracy: 0.6723
87/98 [=========================>....] - ETA: 0s - loss: 0.9392 - accuracy: 0.6726
90/98 [==========================>...] - ETA: 0s - loss: 0.9385 - accuracy: 0.6731
92/98 [===========================>..] - ETA: 0s - loss: 0.9389 - accuracy: 0.6732
95/98 [============================>.] - ETA: 0s - loss: 0.9386 - accuracy: 0.6732
97/98 [============================>.] - ETA: 0s - loss: 0.9381 - accuracy: 0.6734
98/98 [==============================] - 3s 32ms/step - loss: 0.9389 - accuracy: 0.6732 - val_loss: 1.3934 - val_accuracy: 0.5202
Epoch 7/112

 1/98 [..............................] - ETA: 4s - loss: 0.8198 - accuracy: 0.7305
 4/98 [>.............................] - ETA: 1s - loss: 0.8405 - accuracy: 0.6968
 6/98 [>.............................] - ETA: 2s - loss: 0.8496 - accuracy: 0.6940
 9/98 [=>............................] - ETA: 2s - loss: 0.8537 - accuracy: 0.6977
12/98 [==>...........................] - ETA: 2s - loss: 0.8643 - accuracy: 0.6945
15/98 [===>..........................] - ETA: 2s - loss: 0.8823 - accuracy: 0.6866
18/98 [====>.........................] - ETA: 1s - loss: 0.8881 - accuracy: 0.6858
21/98 [=====>........................] - ETA: 1s - loss: 0.8934 - accuracy: 0.6847
24/98 [======>.......................] - ETA: 1s - loss: 0.8939 - accuracy: 0.6851
27/98 [=======>......................] - ETA: 1s - loss: 0.8954 - accuracy: 0.6840
30/98 [========>.....................] - ETA: 1s - loss: 0.8988 - accuracy: 0.6820
32/98 [========>.....................] - ETA: 1s - loss: 0.8976 - accuracy: 0.6831
35/98 [=========>....................] - ETA: 1s - loss: 0.8956 - accuracy: 0.6846
37/98 [==========>...................] - ETA: 1s - loss: 0.8968 - accuracy: 0.6844
40/98 [===========>..................] - ETA: 1s - loss: 0.8968 - accuracy: 0.6857
42/98 [===========>..................] - ETA: 1s - loss: 0.8961 - accuracy: 0.6854
45/98 [============>.................] - ETA: 1s - loss: 0.8953 - accuracy: 0.6851
48/98 [=============>................] - ETA: 1s - loss: 0.8939 - accuracy: 0.6854
50/98 [==============>...............] - ETA: 1s - loss: 0.8928 - accuracy: 0.6861
53/98 [===============>..............] - ETA: 1s - loss: 0.8918 - accuracy: 0.6861
56/98 [================>.............] - ETA: 1s - loss: 0.8890 - accuracy: 0.6873
58/98 [================>.............] - ETA: 1s - loss: 0.8889 - accuracy: 0.6875
61/98 [=================>............] - ETA: 0s - loss: 0.8898 - accuracy: 0.6882
63/98 [==================>...........] - ETA: 0s - loss: 0.8890 - accuracy: 0.6886
66/98 [===================>..........] - ETA: 0s - loss: 0.8892 - accuracy: 0.6885
69/98 [====================>.........] - ETA: 0s - loss: 0.8896 - accuracy: 0.6886
71/98 [====================>.........] - ETA: 0s - loss: 0.8893 - accuracy: 0.6888
74/98 [=====================>........] - ETA: 0s - loss: 0.8889 - accuracy: 0.6887
77/98 [======================>.......] - ETA: 0s - loss: 0.8888 - accuracy: 0.6887
80/98 [=======================>......] - ETA: 0s - loss: 0.8906 - accuracy: 0.6884
82/98 [========================>.....] - ETA: 0s - loss: 0.8914 - accuracy: 0.6881
85/98 [=========================>....] - ETA: 0s - loss: 0.8906 - accuracy: 0.6882
87/98 [=========================>....] - ETA: 0s - loss: 0.8902 - accuracy: 0.6886
90/98 [==========================>...] - ETA: 0s - loss: 0.8912 - accuracy: 0.6882
92/98 [===========================>..] - ETA: 0s - loss: 0.8919 - accuracy: 0.6879
95/98 [============================>.] - ETA: 0s - loss: 0.8912 - accuracy: 0.6885
98/98 [==============================] - ETA: 0s - loss: 0.8918 - accuracy: 0.6880
98/98 [==============================] - 3s 32ms/step - loss: 0.8918 - accuracy: 0.6880 - val_loss: 0.9643 - val_accuracy: 0.6548
Epoch 8/112

 1/98 [..............................] - ETA: 4s - loss: 0.8934 - accuracy: 0.7090
 4/98 [>.............................] - ETA: 1s - loss: 0.8448 - accuracy: 0.7119
 6/98 [>.............................] - ETA: 2s - loss: 0.8491 - accuracy: 0.7132
 9/98 [=>............................] - ETA: 2s - loss: 0.8510 - accuracy: 0.7109
12/98 [==>...........................] - ETA: 2s - loss: 0.8470 - accuracy: 0.7106
15/98 [===>..........................] - ETA: 2s - loss: 0.8415 - accuracy: 0.7102
18/98 [====>.........................] - ETA: 1s - loss: 0.8426 - accuracy: 0.7108
21/98 [=====>........................] - ETA: 1s - loss: 0.8444 - accuracy: 0.7085
24/98 [======>.......................] - ETA: 1s - loss: 0.8493 - accuracy: 0.7057
28/98 [=======>......................] - ETA: 1s - loss: 0.8464 - accuracy: 0.7067
31/98 [========>.....................] - ETA: 1s - loss: 0.8481 - accuracy: 0.7068
34/98 [=========>....................] - ETA: 1s - loss: 0.8501 - accuracy: 0.7058
37/98 [==========>...................] - ETA: 1s - loss: 0.8522 - accuracy: 0.7050
40/98 [===========>..................] - ETA: 1s - loss: 0.8495 - accuracy: 0.7058
43/98 [============>.................] - ETA: 1s - loss: 0.8483 - accuracy: 0.7059
45/98 [============>.................] - ETA: 1s - loss: 0.8489 - accuracy: 0.7050
48/98 [=============>................] - ETA: 1s - loss: 0.8491 - accuracy: 0.7064
51/98 [==============>...............] - ETA: 1s - loss: 0.8505 - accuracy: 0.7055
53/98 [===============>..............] - ETA: 1s - loss: 0.8507 - accuracy: 0.7054
56/98 [================>.............] - ETA: 1s - loss: 0.8498 - accuracy: 0.7058
58/98 [================>.............] - ETA: 1s - loss: 0.8494 - accuracy: 0.7060
61/98 [=================>............] - ETA: 0s - loss: 0.8491 - accuracy: 0.7060
63/98 [==================>...........] - ETA: 0s - loss: 0.8502 - accuracy: 0.7054
66/98 [===================>..........] - ETA: 0s - loss: 0.8517 - accuracy: 0.7052
69/98 [====================>.........] - ETA: 0s - loss: 0.8499 - accuracy: 0.7058
71/98 [====================>.........] - ETA: 0s - loss: 0.8516 - accuracy: 0.7049
74/98 [=====================>........] - ETA: 0s - loss: 0.8515 - accuracy: 0.7044
77/98 [======================>.......] - ETA: 0s - loss: 0.8515 - accuracy: 0.7041
79/98 [=======================>......] - ETA: 0s - loss: 0.8515 - accuracy: 0.7043
82/98 [========================>.....] - ETA: 0s - loss: 0.8516 - accuracy: 0.7044
85/98 [=========================>....] - ETA: 0s - loss: 0.8523 - accuracy: 0.7046
87/98 [=========================>....] - ETA: 0s - loss: 0.8528 - accuracy: 0.7043
90/98 [==========================>...] - ETA: 0s - loss: 0.8527 - accuracy: 0.7041
92/98 [===========================>..] - ETA: 0s - loss: 0.8521 - accuracy: 0.7041
95/98 [============================>.] - ETA: 0s - loss: 0.8523 - accuracy: 0.7038
97/98 [============================>.] - ETA: 0s - loss: 0.8526 - accuracy: 0.7037
98/98 [==============================] - 3s 31ms/step - loss: 0.8531 - accuracy: 0.7036 - val_loss: 0.8914 - val_accuracy: 0.6907
Epoch 9/112

 1/98 [..............................] - ETA: 2s - loss: 0.7900 - accuracy: 0.7363
 3/98 [..............................] - ETA: 2s - loss: 0.7701 - accuracy: 0.7383
 6/98 [>.............................] - ETA: 2s - loss: 0.7960 - accuracy: 0.7262
 9/98 [=>............................] - ETA: 2s - loss: 0.7942 - accuracy: 0.7263
11/98 [==>...........................] - ETA: 2s - loss: 0.8030 - accuracy: 0.7251
14/98 [===>..........................] - ETA: 2s - loss: 0.8098 - accuracy: 0.7227
17/98 [====>.........................] - ETA: 2s - loss: 0.8156 - accuracy: 0.7200
19/98 [====>.........................] - ETA: 2s - loss: 0.8079 - accuracy: 0.7211
22/98 [=====>........................] - ETA: 1s - loss: 0.8107 - accuracy: 0.7195
24/98 [======>.......................] - ETA: 1s - loss: 0.8084 - accuracy: 0.7205
27/98 [=======>......................] - ETA: 1s - loss: 0.8057 - accuracy: 0.7208
30/98 [========>.....................] - ETA: 1s - loss: 0.8078 - accuracy: 0.7189
32/98 [========>.....................] - ETA: 1s - loss: 0.8088 - accuracy: 0.7183
35/98 [=========>....................] - ETA: 1s - loss: 0.8040 - accuracy: 0.7201
38/98 [==========>...................] - ETA: 1s - loss: 0.8027 - accuracy: 0.7196
40/98 [===========>..................] - ETA: 1s - loss: 0.8058 - accuracy: 0.7183
43/98 [============>.................] - ETA: 1s - loss: 0.8088 - accuracy: 0.7184
45/98 [============>.................] - ETA: 1s - loss: 0.8074 - accuracy: 0.7194
48/98 [=============>................] - ETA: 1s - loss: 0.8100 - accuracy: 0.7184
51/98 [==============>...............] - ETA: 1s - loss: 0.8100 - accuracy: 0.7182
54/98 [===============>..............] - ETA: 1s - loss: 0.8105 - accuracy: 0.7187
57/98 [================>.............] - ETA: 1s - loss: 0.8133 - accuracy: 0.7176
59/98 [=================>............] - ETA: 0s - loss: 0.8132 - accuracy: 0.7171
62/98 [=================>............] - ETA: 0s - loss: 0.8152 - accuracy: 0.7164
64/98 [==================>...........] - ETA: 0s - loss: 0.8149 - accuracy: 0.7169
67/98 [===================>..........] - ETA: 0s - loss: 0.8168 - accuracy: 0.7162
69/98 [====================>.........] - ETA: 0s - loss: 0.8162 - accuracy: 0.7167
72/98 [=====================>........] - ETA: 0s - loss: 0.8181 - accuracy: 0.7157
75/98 [=====================>........] - ETA: 0s - loss: 0.8185 - accuracy: 0.7155
78/98 [======================>.......] - ETA: 0s - loss: 0.8197 - accuracy: 0.7153
80/98 [=======================>......] - ETA: 0s - loss: 0.8184 - accuracy: 0.7158
83/98 [========================>.....] - ETA: 0s - loss: 0.8201 - accuracy: 0.7150
85/98 [=========================>....] - ETA: 0s - loss: 0.8204 - accuracy: 0.7152
88/98 [=========================>....] - ETA: 0s - loss: 0.8201 - accuracy: 0.7154
91/98 [==========================>...] - ETA: 0s - loss: 0.8236 - accuracy: 0.7140
93/98 [===========================>..] - ETA: 0s - loss: 0.8233 - accuracy: 0.7141
96/98 [============================>.] - ETA: 0s - loss: 0.8225 - accuracy: 0.7143
98/98 [==============================] - 3s 32ms/step - loss: 0.8225 - accuracy: 0.7138 - val_loss: 0.9481 - val_accuracy: 0.6701
Epoch 10/112

 1/98 [..............................] - ETA: 4s - loss: 0.7730 - accuracy: 0.7441
 4/98 [>.............................] - ETA: 2s - loss: 0.8103 - accuracy: 0.7266
 7/98 [=>............................] - ETA: 2s - loss: 0.7909 - accuracy: 0.7327
10/98 [==>...........................] - ETA: 2s - loss: 0.7855 - accuracy: 0.7318
12/98 [==>...........................] - ETA: 2s - loss: 0.7825 - accuracy: 0.7326
15/98 [===>..........................] - ETA: 2s - loss: 0.7735 - accuracy: 0.7324
18/98 [====>.........................] - ETA: 1s - loss: 0.7726 - accuracy: 0.7331
20/98 [=====>........................] - ETA: 2s - loss: 0.7729 - accuracy: 0.7328
23/98 [======>.......................] - ETA: 1s - loss: 0.7675 - accuracy: 0.7352
26/98 [======>.......................] - ETA: 1s - loss: 0.7719 - accuracy: 0.7350
28/98 [=======>......................] - ETA: 1s - loss: 0.7730 - accuracy: 0.7353
31/98 [========>.....................] - ETA: 1s - loss: 0.7764 - accuracy: 0.7329
34/98 [=========>....................] - ETA: 1s - loss: 0.7788 - accuracy: 0.7319
37/98 [==========>...................] - ETA: 1s - loss: 0.7792 - accuracy: 0.7312
40/98 [===========>..................] - ETA: 1s - loss: 0.7779 - accuracy: 0.7327
42/98 [===========>..................] - ETA: 1s - loss: 0.7793 - accuracy: 0.7327
45/98 [============>.................] - ETA: 1s - loss: 0.7773 - accuracy: 0.7330
48/98 [=============>................] - ETA: 1s - loss: 0.7808 - accuracy: 0.7321
50/98 [==============>...............] - ETA: 1s - loss: 0.7812 - accuracy: 0.7321
53/98 [===============>..............] - ETA: 1s - loss: 0.7807 - accuracy: 0.7315
56/98 [================>.............] - ETA: 1s - loss: 0.7848 - accuracy: 0.7300
58/98 [================>.............] - ETA: 1s - loss: 0.7840 - accuracy: 0.7301
61/98 [=================>............] - ETA: 0s - loss: 0.7872 - accuracy: 0.7289
64/98 [==================>...........] - ETA: 0s - loss: 0.7892 - accuracy: 0.7289
66/98 [===================>..........] - ETA: 0s - loss: 0.7908 - accuracy: 0.7284
69/98 [====================>.........] - ETA: 0s - loss: 0.7931 - accuracy: 0.7279
72/98 [=====================>........] - ETA: 0s - loss: 0.7911 - accuracy: 0.7281
75/98 [=====================>........] - ETA: 0s - loss: 0.7912 - accuracy: 0.7281
77/98 [======================>.......] - ETA: 0s - loss: 0.7924 - accuracy: 0.7276
80/98 [=======================>......] - ETA: 0s - loss: 0.7915 - accuracy: 0.7276
82/98 [========================>.....] - ETA: 0s - loss: 0.7925 - accuracy: 0.7272
85/98 [=========================>....] - ETA: 0s - loss: 0.7924 - accuracy: 0.7275
88/98 [=========================>....] - ETA: 0s - loss: 0.7927 - accuracy: 0.7272
91/98 [==========================>...] - ETA: 0s - loss: 0.7914 - accuracy: 0.7277
93/98 [===========================>..] - ETA: 0s - loss: 0.7932 - accuracy: 0.7273
96/98 [============================>.] - ETA: 0s - loss: 0.7942 - accuracy: 0.7273
98/98 [==============================] - ETA: 0s - loss: 0.7937 - accuracy: 0.7274
98/98 [==============================] - 3s 31ms/step - loss: 0.7937 - accuracy: 0.7274 - val_loss: 0.8972 - val_accuracy: 0.6880
Epoch 11/112

 1/98 [..............................] - ETA: 3s - loss: 0.7112 - accuracy: 0.7324
 4/98 [>.............................] - ETA: 2s - loss: 0.7515 - accuracy: 0.7324
 7/98 [=>............................] - ETA: 2s - loss: 0.7488 - accuracy: 0.7360
10/98 [==>...........................] - ETA: 2s - loss: 0.7596 - accuracy: 0.7357
13/98 [==>...........................] - ETA: 2s - loss: 0.7560 - accuracy: 0.7360
15/98 [===>..........................] - ETA: 2s - loss: 0.7517 - accuracy: 0.7400
18/98 [====>.........................] - ETA: 2s - loss: 0.7568 - accuracy: 0.7371
21/98 [=====>........................] - ETA: 1s - loss: 0.7524 - accuracy: 0.7378
23/98 [======>.......................] - ETA: 1s - loss: 0.7534 - accuracy: 0.7377
26/98 [======>.......................] - ETA: 1s - loss: 0.7527 - accuracy: 0.7393
28/98 [=======>......................] - ETA: 1s - loss: 0.7561 - accuracy: 0.7381
31/98 [========>.....................] - ETA: 1s - loss: 0.7553 - accuracy: 0.7382
33/98 [=========>....................] - ETA: 1s - loss: 0.7538 - accuracy: 0.7388
36/98 [==========>...................] - ETA: 1s - loss: 0.7550 - accuracy: 0.7387
39/98 [==========>...................] - ETA: 1s - loss: 0.7523 - accuracy: 0.7381
42/98 [===========>..................] - ETA: 1s - loss: 0.7531 - accuracy: 0.7380
45/98 [============>.................] - ETA: 1s - loss: 0.7548 - accuracy: 0.7378
48/98 [=============>................] - ETA: 1s - loss: 0.7586 - accuracy: 0.7365
50/98 [==============>...............] - ETA: 1s - loss: 0.7599 - accuracy: 0.7363
53/98 [===============>..............] - ETA: 1s - loss: 0.7589 - accuracy: 0.7368
55/98 [===============>..............] - ETA: 1s - loss: 0.7610 - accuracy: 0.7361
58/98 [================>.............] - ETA: 1s - loss: 0.7623 - accuracy: 0.7353
61/98 [=================>............] - ETA: 0s - loss: 0.7623 - accuracy: 0.7349
63/98 [==================>...........] - ETA: 0s - loss: 0.7630 - accuracy: 0.7345
66/98 [===================>..........] - ETA: 0s - loss: 0.7638 - accuracy: 0.7341
68/98 [===================>..........] - ETA: 0s - loss: 0.7636 - accuracy: 0.7339
71/98 [====================>.........] - ETA: 0s - loss: 0.7631 - accuracy: 0.7335
74/98 [=====================>........] - ETA: 0s - loss: 0.7652 - accuracy: 0.7323
76/98 [======================>.......] - ETA: 0s - loss: 0.7641 - accuracy: 0.7327
79/98 [=======================>......] - ETA: 0s - loss: 0.7647 - accuracy: 0.7323
81/98 [=======================>......] - ETA: 0s - loss: 0.7656 - accuracy: 0.7318
84/98 [========================>.....] - ETA: 0s - loss: 0.7649 - accuracy: 0.7324
87/98 [=========================>....] - ETA: 0s - loss: 0.7653 - accuracy: 0.7326
89/98 [==========================>...] - ETA: 0s - loss: 0.7656 - accuracy: 0.7325
92/98 [===========================>..] - ETA: 0s - loss: 0.7655 - accuracy: 0.7325
95/98 [============================>.] - ETA: 0s - loss: 0.7651 - accuracy: 0.7327
97/98 [============================>.] - ETA: 0s - loss: 0.7661 - accuracy: 0.7321
98/98 [==============================] - 3s 32ms/step - loss: 0.7664 - accuracy: 0.7321 - val_loss: 0.9214 - val_accuracy: 0.6829
Epoch 12/112

 1/98 [..............................] - ETA: 3s - loss: 0.7186 - accuracy: 0.7422
 4/98 [>.............................] - ETA: 2s - loss: 0.7175 - accuracy: 0.7437
 7/98 [=>............................] - ETA: 2s - loss: 0.7257 - accuracy: 0.7489
10/98 [==>...........................] - ETA: 2s - loss: 0.7413 - accuracy: 0.7453
12/98 [==>...........................] - ETA: 2s - loss: 0.7497 - accuracy: 0.7437
14/98 [===>..........................] - ETA: 2s - loss: 0.7507 - accuracy: 0.7441
17/98 [====>.........................] - ETA: 2s - loss: 0.7504 - accuracy: 0.7440
20/98 [=====>........................] - ETA: 1s - loss: 0.7455 - accuracy: 0.7455
22/98 [=====>........................] - ETA: 1s - loss: 0.7460 - accuracy: 0.7456
25/98 [======>.......................] - ETA: 1s - loss: 0.7396 - accuracy: 0.7458
28/98 [=======>......................] - ETA: 1s - loss: 0.7385 - accuracy: 0.7462
30/98 [========>.....................] - ETA: 1s - loss: 0.7378 - accuracy: 0.7462
33/98 [=========>....................] - ETA: 1s - loss: 0.7363 - accuracy: 0.7460
36/98 [==========>...................] - ETA: 1s - loss: 0.7392 - accuracy: 0.7439
38/98 [==========>...................] - ETA: 1s - loss: 0.7386 - accuracy: 0.7441
41/98 [===========>..................] - ETA: 1s - loss: 0.7398 - accuracy: 0.7437
43/98 [============>.................] - ETA: 1s - loss: 0.7403 - accuracy: 0.7435
46/98 [=============>................] - ETA: 1s - loss: 0.7427 - accuracy: 0.7416
