2024-07-27 17:00:59.693930: I tensorflow/core/platform/cpu_feature_guard.cc:193] This TensorFlow binary is optimized with oneAPI Deep Neural Network Library (oneDNN) to use the following CPU instructions in performance-critical operations:  AVX AVX2
To enable them in other operations, rebuild TensorFlow with the appropriate compiler flags.
2024-07-27 17:01:00.316634: I tensorflow/core/common_runtime/gpu/gpu_device.cc:1616] Created device /job:localhost/replica:0/task:0/device:GPU:0 with 6656 MB memory:  -> device: 0, name: NVIDIA GeForce RTX 4060 Ti, pci bus id: 0000:01:00.0, compute capability: 8.9
1 Physical GPUs, 1 Logical GPUs
Model: "sequential"
_________________________________________________________________
 Layer (type)                Output Shape              Param #   
=================================================================
 conv2d (Conv2D)             (None, 32, 32, 32)        896       
                                                                 
 max_pooling2d (MaxPooling2D  (None, 16, 16, 32)       0         
 )                                                               
                                                                 
 dropout (Dropout)           (None, 16, 16, 32)        0         
                                                                 
 flatten (Flatten)           (None, 8192)              0         
                                                                 
 dense (Dense)               (None, 10)                81930     
                                                                 
=================================================================
Total params: 82,826
Trainable params: 82,826
Non-trainable params: 0
_________________________________________________________________
Taxa de aprendizado:  0.0001 Num de épocas:  180 Tamanho do lote:  512 Dropout:  0.47
Epoch 1/180
2024-07-27 17:01:01.602620: I tensorflow/stream_executor/cuda/cuda_dnn.cc:384] Loaded cuDNN version 8100
2024-07-27 17:01:02.439685: W tensorflow/stream_executor/gpu/redzone_allocator.cc:314] INTERNAL: ptxas exited with non-zero error code -1, output: 
Relying on driver to perform ptx compilation. 
Modify $PATH to customize ptxas location.
This message will be only logged once.
2024-07-27 17:01:03.180508: I tensorflow/stream_executor/cuda/cuda_blas.cc:1614] TensorFloat-32 will be used for the matrix multiplication. This will only be logged once.

 1/98 [..............................] - ETA: 4:28 - loss: 2.3533 - accuracy: 0.1074
 7/98 [=>............................] - ETA: 0s - loss: 2.3405 - accuracy: 0.1041  
12/98 [==>...........................] - ETA: 0s - loss: 2.3288 - accuracy: 0.1105
16/98 [===>..........................] - ETA: 0s - loss: 2.3236 - accuracy: 0.1168
21/98 [=====>........................] - ETA: 0s - loss: 2.3105 - accuracy: 0.1244
26/98 [======>.......................] - ETA: 0s - loss: 2.2995 - accuracy: 0.1279
31/98 [========>.....................] - ETA: 0s - loss: 2.2887 - accuracy: 0.1338
36/98 [==========>...................] - ETA: 0s - loss: 2.2785 - accuracy: 0.1396
41/98 [===========>..................] - ETA: 0s - loss: 2.2678 - accuracy: 0.1463
46/98 [=============>................] - ETA: 0s - loss: 2.2575 - accuracy: 0.1530
52/98 [==============>...............] - ETA: 0s - loss: 2.2466 - accuracy: 0.1593
58/98 [================>.............] - ETA: 0s - loss: 2.2352 - accuracy: 0.1658
64/98 [==================>...........] - ETA: 0s - loss: 2.2244 - accuracy: 0.1712
69/98 [====================>.........] - ETA: 0s - loss: 2.2146 - accuracy: 0.1766
72/98 [=====================>........] - ETA: 0s - loss: 2.2100 - accuracy: 0.1789
78/98 [======================>.......] - ETA: 0s - loss: 2.1990 - accuracy: 0.1842
82/98 [========================>.....] - ETA: 0s - loss: 2.1911 - accuracy: 0.1886
88/98 [=========================>....] - ETA: 0s - loss: 2.1813 - accuracy: 0.1945
93/98 [===========================>..] - ETA: 0s - loss: 2.1731 - accuracy: 0.1984
98/98 [==============================] - ETA: 0s - loss: 2.1661 - accuracy: 0.2020
98/98 [==============================] - 5s 22ms/step - loss: 2.1661 - accuracy: 0.2020 - val_loss: 1.9807 - val_accuracy: 0.3334
Epoch 2/180

 1/98 [..............................] - ETA: 3s - loss: 2.0288 - accuracy: 0.2852
 7/98 [=>............................] - ETA: 0s - loss: 2.0166 - accuracy: 0.2854
13/98 [==>...........................] - ETA: 0s - loss: 2.0069 - accuracy: 0.2909
18/98 [====>.........................] - ETA: 0s - loss: 2.0032 - accuracy: 0.2894
24/98 [======>.......................] - ETA: 0s - loss: 1.9948 - accuracy: 0.2933
30/98 [========>.....................] - ETA: 0s - loss: 1.9850 - accuracy: 0.3007
36/98 [==========>...................] - ETA: 0s - loss: 1.9803 - accuracy: 0.3012
40/98 [===========>..................] - ETA: 0s - loss: 1.9776 - accuracy: 0.3014
46/98 [=============>................] - ETA: 0s - loss: 1.9715 - accuracy: 0.3034
52/98 [==============>...............] - ETA: 0s - loss: 1.9675 - accuracy: 0.3057
58/98 [================>.............] - ETA: 0s - loss: 1.9617 - accuracy: 0.3074
63/98 [==================>...........] - ETA: 0s - loss: 1.9595 - accuracy: 0.3084
69/98 [====================>.........] - ETA: 0s - loss: 1.9561 - accuracy: 0.3105
75/98 [=====================>........] - ETA: 0s - loss: 1.9513 - accuracy: 0.3127
79/98 [=======================>......] - ETA: 0s - loss: 1.9482 - accuracy: 0.3139
85/98 [=========================>....] - ETA: 0s - loss: 1.9433 - accuracy: 0.3158
91/98 [==========================>...] - ETA: 0s - loss: 1.9393 - accuracy: 0.3180
97/98 [============================>.] - ETA: 0s - loss: 1.9362 - accuracy: 0.3191
98/98 [==============================] - 2s 18ms/step - loss: 1.9355 - accuracy: 0.3193 - val_loss: 1.8459 - val_accuracy: 0.3848
Epoch 3/180

 1/98 [..............................] - ETA: 2s - loss: 1.8511 - accuracy: 0.3438
 6/98 [>.............................] - ETA: 1s - loss: 1.8839 - accuracy: 0.3418
12/98 [==>...........................] - ETA: 0s - loss: 1.8795 - accuracy: 0.3436
17/98 [====>.........................] - ETA: 0s - loss: 1.8718 - accuracy: 0.3473
23/98 [======>.......................] - ETA: 0s - loss: 1.8682 - accuracy: 0.3456
29/98 [=======>......................] - ETA: 0s - loss: 1.8661 - accuracy: 0.3489
35/98 [=========>....................] - ETA: 0s - loss: 1.8636 - accuracy: 0.3505
40/98 [===========>..................] - ETA: 0s - loss: 1.8633 - accuracy: 0.3499
46/98 [=============>................] - ETA: 0s - loss: 1.8620 - accuracy: 0.3515
51/98 [==============>...............] - ETA: 0s - loss: 1.8588 - accuracy: 0.3524
57/98 [================>.............] - ETA: 0s - loss: 1.8560 - accuracy: 0.3538
62/98 [=================>............] - ETA: 0s - loss: 1.8565 - accuracy: 0.3522
68/98 [===================>..........] - ETA: 0s - loss: 1.8554 - accuracy: 0.3522
73/98 [=====================>........] - ETA: 0s - loss: 1.8542 - accuracy: 0.3521
78/98 [======================>.......] - ETA: 0s - loss: 1.8515 - accuracy: 0.3528
84/98 [========================>.....] - ETA: 0s - loss: 1.8496 - accuracy: 0.3531
89/98 [==========================>...] - ETA: 0s - loss: 1.8478 - accuracy: 0.3540
95/98 [============================>.] - ETA: 0s - loss: 1.8447 - accuracy: 0.3562
98/98 [==============================] - 2s 18ms/step - loss: 1.8444 - accuracy: 0.3565 - val_loss: 1.7781 - val_accuracy: 0.4085
Epoch 4/180

 1/98 [..............................] - ETA: 2s - loss: 1.8017 - accuracy: 0.3594
 7/98 [=>............................] - ETA: 0s - loss: 1.7953 - accuracy: 0.3753
13/98 [==>...........................] - ETA: 0s - loss: 1.8011 - accuracy: 0.3696
18/98 [====>.........................] - ETA: 0s - loss: 1.7997 - accuracy: 0.3707
23/98 [======>.......................] - ETA: 0s - loss: 1.8001 - accuracy: 0.3689
28/98 [=======>......................] - ETA: 0s - loss: 1.7990 - accuracy: 0.3695
34/98 [=========>....................] - ETA: 0s - loss: 1.7995 - accuracy: 0.3723
40/98 [===========>..................] - ETA: 0s - loss: 1.7974 - accuracy: 0.3735
46/98 [=============>................] - ETA: 0s - loss: 1.7936 - accuracy: 0.3752
52/98 [==============>...............] - ETA: 0s - loss: 1.7919 - accuracy: 0.3762
58/98 [================>.............] - ETA: 0s - loss: 1.7897 - accuracy: 0.3779
64/98 [==================>...........] - ETA: 0s - loss: 1.7870 - accuracy: 0.3794
69/98 [====================>.........] - ETA: 0s - loss: 1.7858 - accuracy: 0.3799
75/98 [=====================>........] - ETA: 0s - loss: 1.7831 - accuracy: 0.3809
81/98 [=======================>......] - ETA: 0s - loss: 1.7832 - accuracy: 0.3809
87/98 [=========================>....] - ETA: 0s - loss: 1.7819 - accuracy: 0.3822
93/98 [===========================>..] - ETA: 0s - loss: 1.7806 - accuracy: 0.3829
98/98 [==============================] - ETA: 0s - loss: 1.7797 - accuracy: 0.3832
98/98 [==============================] - 2s 18ms/step - loss: 1.7797 - accuracy: 0.3832 - val_loss: 1.7227 - val_accuracy: 0.4187
Epoch 5/180

 1/98 [..............................] - ETA: 1s - loss: 1.7682 - accuracy: 0.3965
 6/98 [>.............................] - ETA: 1s - loss: 1.7486 - accuracy: 0.3962
11/98 [==>...........................] - ETA: 1s - loss: 1.7649 - accuracy: 0.3896
17/98 [====>.........................] - ETA: 0s - loss: 1.7540 - accuracy: 0.3949
23/98 [======>.......................] - ETA: 0s - loss: 1.7457 - accuracy: 0.4007
28/98 [=======>......................] - ETA: 0s - loss: 1.7422 - accuracy: 0.4017
34/98 [=========>....................] - ETA: 0s - loss: 1.7424 - accuracy: 0.4007
40/98 [===========>..................] - ETA: 0s - loss: 1.7421 - accuracy: 0.3991
46/98 [=============>................] - ETA: 0s - loss: 1.7431 - accuracy: 0.3982
51/98 [==============>...............] - ETA: 0s - loss: 1.7425 - accuracy: 0.3980
57/98 [================>.............] - ETA: 0s - loss: 1.7410 - accuracy: 0.3996
62/98 [=================>............] - ETA: 0s - loss: 1.7403 - accuracy: 0.3996
68/98 [===================>..........] - ETA: 0s - loss: 1.7388 - accuracy: 0.3993
73/98 [=====================>........] - ETA: 0s - loss: 1.7378 - accuracy: 0.4002
78/98 [======================>.......] - ETA: 0s - loss: 1.7365 - accuracy: 0.4013
83/98 [========================>.....] - ETA: 0s - loss: 1.7350 - accuracy: 0.4011
88/98 [=========================>....] - ETA: 0s - loss: 1.7335 - accuracy: 0.4018
94/98 [===========================>..] - ETA: 0s - loss: 1.7306 - accuracy: 0.4031
98/98 [==============================] - 2s 19ms/step - loss: 1.7296 - accuracy: 0.4035 - val_loss: 1.6802 - val_accuracy: 0.4323
Epoch 6/180

 1/98 [..............................] - ETA: 3s - loss: 1.7203 - accuracy: 0.4023
 7/98 [=>............................] - ETA: 0s - loss: 1.6946 - accuracy: 0.4252
12/98 [==>...........................] - ETA: 0s - loss: 1.7053 - accuracy: 0.4117
18/98 [====>.........................] - ETA: 0s - loss: 1.7069 - accuracy: 0.4101
24/98 [======>.......................] - ETA: 0s - loss: 1.7064 - accuracy: 0.4107
30/98 [========>.....................] - ETA: 0s - loss: 1.7063 - accuracy: 0.4103
36/98 [==========>...................] - ETA: 0s - loss: 1.7050 - accuracy: 0.4107
40/98 [===========>..................] - ETA: 0s - loss: 1.7034 - accuracy: 0.4124
46/98 [=============>................] - ETA: 0s - loss: 1.7022 - accuracy: 0.4136
51/98 [==============>...............] - ETA: 0s - loss: 1.7010 - accuracy: 0.4141
57/98 [================>.............] - ETA: 0s - loss: 1.6963 - accuracy: 0.4157
62/98 [=================>............] - ETA: 0s - loss: 1.6965 - accuracy: 0.4142
68/98 [===================>..........] - ETA: 0s - loss: 1.6969 - accuracy: 0.4135
74/98 [=====================>........] - ETA: 0s - loss: 1.6944 - accuracy: 0.4140
79/98 [=======================>......] - ETA: 0s - loss: 1.6941 - accuracy: 0.4138
85/98 [=========================>....] - ETA: 0s - loss: 1.6937 - accuracy: 0.4143
91/98 [==========================>...] - ETA: 0s - loss: 1.6917 - accuracy: 0.4154
97/98 [============================>.] - ETA: 0s - loss: 1.6900 - accuracy: 0.4164
98/98 [==============================] - 2s 18ms/step - loss: 1.6899 - accuracy: 0.4167 - val_loss: 1.6462 - val_accuracy: 0.4432
Epoch 7/180

 1/98 [..............................] - ETA: 1s - loss: 1.6874 - accuracy: 0.4238
 6/98 [>.............................] - ETA: 1s - loss: 1.6705 - accuracy: 0.4326
12/98 [==>...........................] - ETA: 0s - loss: 1.6732 - accuracy: 0.4268
17/98 [====>.........................] - ETA: 0s - loss: 1.6724 - accuracy: 0.4259
23/98 [======>.......................] - ETA: 0s - loss: 1.6695 - accuracy: 0.4272
29/98 [=======>......................] - ETA: 0s - loss: 1.6666 - accuracy: 0.4282
35/98 [=========>....................] - ETA: 0s - loss: 1.6713 - accuracy: 0.4265
41/98 [===========>..................] - ETA: 0s - loss: 1.6686 - accuracy: 0.4264
46/98 [=============>................] - ETA: 0s - loss: 1.6662 - accuracy: 0.4263
52/98 [==============>...............] - ETA: 0s - loss: 1.6649 - accuracy: 0.4253
57/98 [================>.............] - ETA: 0s - loss: 1.6640 - accuracy: 0.4251
63/98 [==================>...........] - ETA: 0s - loss: 1.6615 - accuracy: 0.4272
68/98 [===================>..........] - ETA: 0s - loss: 1.6627 - accuracy: 0.4267
74/98 [=====================>........] - ETA: 0s - loss: 1.6615 - accuracy: 0.4277
79/98 [=======================>......] - ETA: 0s - loss: 1.6599 - accuracy: 0.4288
85/98 [=========================>....] - ETA: 0s - loss: 1.6582 - accuracy: 0.4292
90/98 [==========================>...] - ETA: 0s - loss: 1.6569 - accuracy: 0.4300
96/98 [============================>.] - ETA: 0s - loss: 1.6544 - accuracy: 0.4308
98/98 [==============================] - 2s 18ms/step - loss: 1.6548 - accuracy: 0.4306 - val_loss: 1.6152 - val_accuracy: 0.4499
Epoch 8/180

 1/98 [..............................] - ETA: 3s - loss: 1.5856 - accuracy: 0.4434
 7/98 [=>............................] - ETA: 0s - loss: 1.6513 - accuracy: 0.4235
12/98 [==>...........................] - ETA: 0s - loss: 1.6372 - accuracy: 0.4328
18/98 [====>.........................] - ETA: 0s - loss: 1.6342 - accuracy: 0.4360
23/98 [======>.......................] - ETA: 0s - loss: 1.6358 - accuracy: 0.4366
28/98 [=======>......................] - ETA: 0s - loss: 1.6301 - accuracy: 0.4416
34/98 [=========>....................] - ETA: 0s - loss: 1.6289 - accuracy: 0.4420
39/98 [==========>...................] - ETA: 0s - loss: 1.6293 - accuracy: 0.4395
45/98 [============>.................] - ETA: 0s - loss: 1.6283 - accuracy: 0.4385
51/98 [==============>...............] - ETA: 0s - loss: 1.6284 - accuracy: 0.4382
56/98 [================>.............] - ETA: 0s - loss: 1.6295 - accuracy: 0.4376
62/98 [=================>............] - ETA: 0s - loss: 1.6282 - accuracy: 0.4380
68/98 [===================>..........] - ETA: 0s - loss: 1.6288 - accuracy: 0.4381
74/98 [=====================>........] - ETA: 0s - loss: 1.6284 - accuracy: 0.4383
79/98 [=======================>......] - ETA: 0s - loss: 1.6291 - accuracy: 0.4380
85/98 [=========================>....] - ETA: 0s - loss: 1.6294 - accuracy: 0.4368
91/98 [==========================>...] - ETA: 0s - loss: 1.6272 - accuracy: 0.4379
97/98 [============================>.] - ETA: 0s - loss: 1.6259 - accuracy: 0.4386
98/98 [==============================] - 2s 18ms/step - loss: 1.6260 - accuracy: 0.4386 - val_loss: 1.5875 - val_accuracy: 0.4621
Epoch 9/180

 1/98 [..............................] - ETA: 1s - loss: 1.5845 - accuracy: 0.4609
 6/98 [>.............................] - ETA: 1s - loss: 1.6191 - accuracy: 0.4352
11/98 [==>...........................] - ETA: 1s - loss: 1.6164 - accuracy: 0.4405
17/98 [====>.........................] - ETA: 0s - loss: 1.6112 - accuracy: 0.4486
23/98 [======>.......................] - ETA: 0s - loss: 1.6065 - accuracy: 0.4524
27/98 [=======>......................] - ETA: 0s - loss: 1.6059 - accuracy: 0.4498
33/98 [=========>....................] - ETA: 0s - loss: 1.6012 - accuracy: 0.4513
39/98 [==========>...................] - ETA: 0s - loss: 1.6024 - accuracy: 0.4503
44/98 [============>.................] - ETA: 0s - loss: 1.6051 - accuracy: 0.4495
49/98 [==============>...............] - ETA: 0s - loss: 1.6043 - accuracy: 0.4491
54/98 [===============>..............] - ETA: 0s - loss: 1.6036 - accuracy: 0.4487
60/98 [=================>............] - ETA: 0s - loss: 1.6025 - accuracy: 0.4496
66/98 [===================>..........] - ETA: 0s - loss: 1.6020 - accuracy: 0.4501
70/98 [====================>.........] - ETA: 0s - loss: 1.5996 - accuracy: 0.4509
76/98 [======================>.......] - ETA: 0s - loss: 1.5991 - accuracy: 0.4516
82/98 [========================>.....] - ETA: 0s - loss: 1.5984 - accuracy: 0.4509
87/98 [=========================>....] - ETA: 0s - loss: 1.5987 - accuracy: 0.4510
93/98 [===========================>..] - ETA: 0s - loss: 1.5985 - accuracy: 0.4508
98/98 [==============================] - ETA: 0s - loss: 1.5969 - accuracy: 0.4509
98/98 [==============================] - 2s 19ms/step - loss: 1.5969 - accuracy: 0.4509 - val_loss: 1.5641 - val_accuracy: 0.4704
Epoch 10/180

 1/98 [..............................] - ETA: 1s - loss: 1.6102 - accuracy: 0.4629
 6/98 [>.............................] - ETA: 1s - loss: 1.5848 - accuracy: 0.4616
12/98 [==>...........................] - ETA: 0s - loss: 1.5785 - accuracy: 0.4562
18/98 [====>.........................] - ETA: 0s - loss: 1.5752 - accuracy: 0.4591
24/98 [======>.......................] - ETA: 0s - loss: 1.5791 - accuracy: 0.4567
29/98 [=======>......................] - ETA: 0s - loss: 1.5803 - accuracy: 0.4545
35/98 [=========>....................] - ETA: 0s - loss: 1.5791 - accuracy: 0.4544
41/98 [===========>..................] - ETA: 0s - loss: 1.5793 - accuracy: 0.4560
47/98 [=============>................] - ETA: 0s - loss: 1.5799 - accuracy: 0.4565
52/98 [==============>...............] - ETA: 0s - loss: 1.5808 - accuracy: 0.4550
57/98 [================>.............] - ETA: 0s - loss: 1.5788 - accuracy: 0.4555
63/98 [==================>...........] - ETA: 0s - loss: 1.5764 - accuracy: 0.4561
68/98 [===================>..........] - ETA: 0s - loss: 1.5748 - accuracy: 0.4573
74/98 [=====================>........] - ETA: 0s - loss: 1.5746 - accuracy: 0.4572
78/98 [======================>.......] - ETA: 0s - loss: 1.5750 - accuracy: 0.4571
84/98 [========================>.....] - ETA: 0s - loss: 1.5733 - accuracy: 0.4582
90/98 [==========================>...] - ETA: 0s - loss: 1.5716 - accuracy: 0.4586
96/98 [============================>.] - ETA: 0s - loss: 1.5718 - accuracy: 0.4588
98/98 [==============================] - 2s 18ms/step - loss: 1.5719 - accuracy: 0.4591 - val_loss: 1.5412 - val_accuracy: 0.4781
Epoch 11/180

 1/98 [..............................] - ETA: 1s - loss: 1.5265 - accuracy: 0.4746
 6/98 [>.............................] - ETA: 1s - loss: 1.5456 - accuracy: 0.4629
12/98 [==>...........................] - ETA: 0s - loss: 1.5551 - accuracy: 0.4632
18/98 [====>.........................] - ETA: 0s - loss: 1.5547 - accuracy: 0.4637
23/98 [======>.......................] - ETA: 0s - loss: 1.5508 - accuracy: 0.4663
29/98 [=======>......................] - ETA: 0s - loss: 1.5527 - accuracy: 0.4666
35/98 [=========>....................] - ETA: 0s - loss: 1.5549 - accuracy: 0.4633
41/98 [===========>..................] - ETA: 0s - loss: 1.5548 - accuracy: 0.4643
47/98 [=============>................] - ETA: 0s - loss: 1.5560 - accuracy: 0.4650
53/98 [===============>..............] - ETA: 0s - loss: 1.5539 - accuracy: 0.4666
58/98 [================>.............] - ETA: 0s - loss: 1.5520 - accuracy: 0.4667
64/98 [==================>...........] - ETA: 0s - loss: 1.5528 - accuracy: 0.4671
70/98 [====================>.........] - ETA: 0s - loss: 1.5533 - accuracy: 0.4669
76/98 [======================>.......] - ETA: 0s - loss: 1.5525 - accuracy: 0.4673
81/98 [=======================>......] - ETA: 0s - loss: 1.5527 - accuracy: 0.4673
87/98 [=========================>....] - ETA: 0s - loss: 1.5520 - accuracy: 0.4675
92/98 [===========================>..] - ETA: 0s - loss: 1.5491 - accuracy: 0.4688
98/98 [==============================] - ETA: 0s - loss: 1.5488 - accuracy: 0.4692
98/98 [==============================] - 2s 18ms/step - loss: 1.5488 - accuracy: 0.4692 - val_loss: 1.5196 - val_accuracy: 0.4852
Epoch 12/180

 1/98 [..............................] - ETA: 1s - loss: 1.5701 - accuracy: 0.4707
 6/98 [>.............................] - ETA: 1s - loss: 1.5577 - accuracy: 0.4642
12/98 [==>...........................] - ETA: 1s - loss: 1.5599 - accuracy: 0.4642
17/98 [====>.........................] - ETA: 0s - loss: 1.5448 - accuracy: 0.4699
23/98 [======>.......................] - ETA: 0s - loss: 1.5305 - accuracy: 0.4768
29/98 [=======>......................] - ETA: 0s - loss: 1.5306 - accuracy: 0.4782
33/98 [=========>....................] - ETA: 0s - loss: 1.5292 - accuracy: 0.4788
39/98 [==========>...................] - ETA: 0s - loss: 1.5316 - accuracy: 0.4773
45/98 [============>.................] - ETA: 0s - loss: 1.5295 - accuracy: 0.4789
50/98 [==============>...............] - ETA: 0s - loss: 1.5299 - accuracy: 0.4779
56/98 [================>.............] - ETA: 0s - loss: 1.5304 - accuracy: 0.4776
62/98 [=================>............] - ETA: 0s - loss: 1.5327 - accuracy: 0.4766
68/98 [===================>..........] - ETA: 0s - loss: 1.5323 - accuracy: 0.4770
72/98 [=====================>........] - ETA: 0s - loss: 1.5326 - accuracy: 0.4760
77/98 [======================>.......] - ETA: 0s - loss: 1.5293 - accuracy: 0.4778
83/98 [========================>.....] - ETA: 0s - loss: 1.5303 - accuracy: 0.4766
89/98 [==========================>...] - ETA: 0s - loss: 1.5287 - accuracy: 0.4768
94/98 [===========================>..] - ETA: 0s - loss: 1.5286 - accuracy: 0.4768
98/98 [==============================] - 2s 16ms/step - loss: 1.5279 - accuracy: 0.4769 - val_loss: 1.5012 - val_accuracy: 0.4911
Epoch 13/180

 1/98 [..............................] - ETA: 1s - loss: 1.5301 - accuracy: 0.4707
 7/98 [=>............................] - ETA: 0s - loss: 1.5232 - accuracy: 0.4809
12/98 [==>...........................] - ETA: 0s - loss: 1.5187 - accuracy: 0.4799
18/98 [====>.........................] - ETA: 0s - loss: 1.5149 - accuracy: 0.4809
24/98 [======>.......................] - ETA: 0s - loss: 1.5185 - accuracy: 0.4762
30/98 [========>.....................] - ETA: 0s - loss: 1.5153 - accuracy: 0.4777
36/98 [==========>...................] - ETA: 0s - loss: 1.5145 - accuracy: 0.4783
42/98 [===========>..................] - ETA: 0s - loss: 1.5132 - accuracy: 0.4789
48/98 [=============>................] - ETA: 0s - loss: 1.5162 - accuracy: 0.4783
54/98 [===============>..............] - ETA: 0s - loss: 1.5161 - accuracy: 0.4779
60/98 [=================>............] - ETA: 0s - loss: 1.5136 - accuracy: 0.4794
66/98 [===================>..........] - ETA: 0s - loss: 1.5135 - accuracy: 0.4792
72/98 [=====================>........] - ETA: 0s - loss: 1.5137 - accuracy: 0.4791
78/98 [======================>.......] - ETA: 0s - loss: 1.5120 - accuracy: 0.4797
84/98 [========================>.....] - ETA: 0s - loss: 1.5111 - accuracy: 0.4795
90/98 [==========================>...] - ETA: 0s - loss: 1.5110 - accuracy: 0.4794
97/98 [============================>.] - ETA: 0s - loss: 1.5098 - accuracy: 0.4802
98/98 [==============================] - 2s 17ms/step - loss: 1.5100 - accuracy: 0.4800 - val_loss: 1.4840 - val_accuracy: 0.4961
Epoch 14/180

 1/98 [..............................] - ETA: 3s - loss: 1.4814 - accuracy: 0.4961
 7/98 [=>............................] - ETA: 0s - loss: 1.5147 - accuracy: 0.4872
13/98 [==>...........................] - ETA: 0s - loss: 1.5047 - accuracy: 0.4848
19/98 [====>.........................] - ETA: 0s - loss: 1.4951 - accuracy: 0.4837
25/98 [======>.......................] - ETA: 0s - loss: 1.4980 - accuracy: 0.4837
31/98 [========>.....................] - ETA: 0s - loss: 1.4972 - accuracy: 0.4832
36/98 [==========>...................] - ETA: 0s - loss: 1.4990 - accuracy: 0.4831
42/98 [===========>..................] - ETA: 0s - loss: 1.4999 - accuracy: 0.4845
48/98 [=============>................] - ETA: 0s - loss: 1.5012 - accuracy: 0.4841
54/98 [===============>..............] - ETA: 0s - loss: 1.5019 - accuracy: 0.4848
59/98 [=================>............] - ETA: 0s - loss: 1.5038 - accuracy: 0.4835
65/98 [==================>...........] - ETA: 0s - loss: 1.5026 - accuracy: 0.4841
70/98 [====================>.........] - ETA: 0s - loss: 1.4985 - accuracy: 0.4862
75/98 [=====================>........] - ETA: 0s - loss: 1.4991 - accuracy: 0.4858
80/98 [=======================>......] - ETA: 0s - loss: 1.4982 - accuracy: 0.4858
86/98 [=========================>....] - ETA: 0s - loss: 1.4968 - accuracy: 0.4863
92/98 [===========================>..] - ETA: 0s - loss: 1.4962 - accuracy: 0.4870
98/98 [==============================] - ETA: 0s - loss: 1.4937 - accuracy: 0.4882
98/98 [==============================] - 2s 18ms/step - loss: 1.4937 - accuracy: 0.4882 - val_loss: 1.4708 - val_accuracy: 0.4996
Epoch 15/180

 1/98 [..............................] - ETA: 3s - loss: 1.4330 - accuracy: 0.5156
 6/98 [>.............................] - ETA: 1s - loss: 1.4598 - accuracy: 0.4945
12/98 [==>...........................] - ETA: 0s - loss: 1.4764 - accuracy: 0.4943
18/98 [====>.........................] - ETA: 0s - loss: 1.4792 - accuracy: 0.4932
24/98 [======>.......................] - ETA: 0s - loss: 1.4775 - accuracy: 0.4928
29/98 [=======>......................] - ETA: 0s - loss: 1.4766 - accuracy: 0.4942
35/98 [=========>....................] - ETA: 0s - loss: 1.4770 - accuracy: 0.4941
41/98 [===========>..................] - ETA: 0s - loss: 1.4764 - accuracy: 0.4950
47/98 [=============>................] - ETA: 0s - loss: 1.4770 - accuracy: 0.4938
52/98 [==============>...............] - ETA: 0s - loss: 1.4772 - accuracy: 0.4933
57/98 [================>.............] - ETA: 0s - loss: 1.4779 - accuracy: 0.4918
63/98 [==================>...........] - ETA: 0s - loss: 1.4762 - accuracy: 0.4924
69/98 [====================>.........] - ETA: 0s - loss: 1.4770 - accuracy: 0.4920
75/98 [=====================>........] - ETA: 0s - loss: 1.4772 - accuracy: 0.4924
81/98 [=======================>......] - ETA: 0s - loss: 1.4767 - accuracy: 0.4933
86/98 [=========================>....] - ETA: 0s - loss: 1.4759 - accuracy: 0.4935
92/98 [===========================>..] - ETA: 0s - loss: 1.4751 - accuracy: 0.4939
97/98 [============================>.] - ETA: 0s - loss: 1.4772 - accuracy: 0.4929
98/98 [==============================] - 2s 18ms/step - loss: 1.4775 - accuracy: 0.4930 - val_loss: 1.4547 - val_accuracy: 0.5053
Epoch 16/180

 1/98 [..............................] - ETA: 3s - loss: 1.4677 - accuracy: 0.4902
 6/98 [>.............................] - ETA: 1s - loss: 1.4688 - accuracy: 0.4980
11/98 [==>...........................] - ETA: 1s - loss: 1.4846 - accuracy: 0.4890
16/98 [===>..........................] - ETA: 0s - loss: 1.4710 - accuracy: 0.4950
22/98 [=====>........................] - ETA: 0s - loss: 1.4705 - accuracy: 0.4945
27/98 [=======>......................] - ETA: 0s - loss: 1.4731 - accuracy: 0.4933
33/98 [=========>....................] - ETA: 0s - loss: 1.4696 - accuracy: 0.4935
38/98 [==========>...................] - ETA: 0s - loss: 1.4665 - accuracy: 0.4938
43/98 [============>.................] - ETA: 0s - loss: 1.4659 - accuracy: 0.4944
49/98 [==============>...............] - ETA: 0s - loss: 1.4672 - accuracy: 0.4947
55/98 [===============>..............] - ETA: 0s - loss: 1.4681 - accuracy: 0.4947
60/98 [=================>............] - ETA: 0s - loss: 1.4650 - accuracy: 0.4949
66/98 [===================>..........] - ETA: 0s - loss: 1.4656 - accuracy: 0.4958
72/98 [=====================>........] - ETA: 0s - loss: 1.4647 - accuracy: 0.4958
78/98 [======================>.......] - ETA: 0s - loss: 1.4634 - accuracy: 0.4967
84/98 [========================>.....] - ETA: 0s - loss: 1.4650 - accuracy: 0.4960
90/98 [==========================>...] - ETA: 0s - loss: 1.4648 - accuracy: 0.4958
95/98 [============================>.] - ETA: 0s - loss: 1.4639 - accuracy: 0.4961
98/98 [==============================] - 2s 18ms/step - loss: 1.4625 - accuracy: 0.4970 - val_loss: 1.4409 - val_accuracy: 0.5111
Epoch 17/180

 1/98 [..............................] - ETA: 3s - loss: 1.4284 - accuracy: 0.4883
 7/98 [=>............................] - ETA: 0s - loss: 1.4492 - accuracy: 0.4925
12/98 [==>...........................] - ETA: 0s - loss: 1.4581 - accuracy: 0.4884
18/98 [====>.........................] - ETA: 0s - loss: 1.4614 - accuracy: 0.4905
24/98 [======>.......................] - ETA: 0s - loss: 1.4566 - accuracy: 0.4955
30/98 [========>.....................] - ETA: 0s - loss: 1.4547 - accuracy: 0.4979
36/98 [==========>...................] - ETA: 0s - loss: 1.4515 - accuracy: 0.4990
42/98 [===========>..................] - ETA: 0s - loss: 1.4483 - accuracy: 0.5011
48/98 [=============>................] - ETA: 0s - loss: 1.4472 - accuracy: 0.5013
54/98 [===============>..............] - ETA: 0s - loss: 1.4464 - accuracy: 0.5021
60/98 [=================>............] - ETA: 0s - loss: 1.4449 - accuracy: 0.5037
65/98 [==================>...........] - ETA: 0s - loss: 1.4462 - accuracy: 0.5030
71/98 [====================>.........] - ETA: 0s - loss: 1.4452 - accuracy: 0.5044
77/98 [======================>.......] - ETA: 0s - loss: 1.4452 - accuracy: 0.5046
83/98 [========================>.....] - ETA: 0s - loss: 1.4460 - accuracy: 0.5044
88/98 [=========================>....] - ETA: 0s - loss: 1.4473 - accuracy: 0.5038
94/98 [===========================>..] - ETA: 0s - loss: 1.4470 - accuracy: 0.5036
98/98 [==============================] - 2s 18ms/step - loss: 1.4478 - accuracy: 0.5028 - val_loss: 1.4286 - val_accuracy: 0.5129
Epoch 18/180

 1/98 [..............................] - ETA: 3s - loss: 1.4897 - accuracy: 0.4883
 6/98 [>.............................] - ETA: 1s - loss: 1.4404 - accuracy: 0.5065
11/98 [==>...........................] - ETA: 1s - loss: 1.4257 - accuracy: 0.5091
17/98 [====>.........................] - ETA: 0s - loss: 1.4353 - accuracy: 0.5025
23/98 [======>.......................] - ETA: 0s - loss: 1.4274 - accuracy: 0.5047
28/98 [=======>......................] - ETA: 0s - loss: 1.4321 - accuracy: 0.5042
34/98 [=========>....................] - ETA: 0s - loss: 1.4350 - accuracy: 0.5067
40/98 [===========>..................] - ETA: 0s - loss: 1.4360 - accuracy: 0.5066
45/98 [============>.................] - ETA: 0s - loss: 1.4377 - accuracy: 0.5050
51/98 [==============>...............] - ETA: 0s - loss: 1.4379 - accuracy: 0.5052
57/98 [================>.............] - ETA: 0s - loss: 1.4397 - accuracy: 0.5051
63/98 [==================>...........] - ETA: 0s - loss: 1.4390 - accuracy: 0.5052
69/98 [====================>.........] - ETA: 0s - loss: 1.4392 - accuracy: 0.5049
74/98 [=====================>........] - ETA: 0s - loss: 1.4393 - accuracy: 0.5049
80/98 [=======================>......] - ETA: 0s - loss: 1.4378 - accuracy: 0.5058
86/98 [=========================>....] - ETA: 0s - loss: 1.4380 - accuracy: 0.5063
92/98 [===========================>..] - ETA: 0s - loss: 1.4366 - accuracy: 0.5068
97/98 [============================>.] - ETA: 0s - loss: 1.4370 - accuracy: 0.5071
98/98 [==============================] - 2s 18ms/step - loss: 1.4370 - accuracy: 0.5071 - val_loss: 1.4174 - val_accuracy: 0.5190
Epoch 19/180

 1/98 [..............................] - ETA: 3s - loss: 1.4188 - accuracy: 0.4844
 7/98 [=>............................] - ETA: 0s - loss: 1.4125 - accuracy: 0.5070
12/98 [==>...........................] - ETA: 0s - loss: 1.4172 - accuracy: 0.5122
18/98 [====>.........................] - ETA: 0s - loss: 1.4300 - accuracy: 0.5075
24/98 [======>.......................] - ETA: 0s - loss: 1.4283 - accuracy: 0.5104
30/98 [========>.....................] - ETA: 0s - loss: 1.4303 - accuracy: 0.5103
35/98 [=========>....................] - ETA: 0s - loss: 1.4278 - accuracy: 0.5122
41/98 [===========>..................] - ETA: 0s - loss: 1.4249 - accuracy: 0.5133
47/98 [=============>................] - ETA: 0s - loss: 1.4235 - accuracy: 0.5144
52/98 [==============>...............] - ETA: 0s - loss: 1.4214 - accuracy: 0.5142
58/98 [================>.............] - ETA: 0s - loss: 1.4238 - accuracy: 0.5124
63/98 [==================>...........] - ETA: 0s - loss: 1.4240 - accuracy: 0.5118
69/98 [====================>.........] - ETA: 0s - loss: 1.4247 - accuracy: 0.5110
74/98 [=====================>........] - ETA: 0s - loss: 1.4241 - accuracy: 0.5115
80/98 [=======================>......] - ETA: 0s - loss: 1.4230 - accuracy: 0.5126
86/98 [=========================>....] - ETA: 0s - loss: 1.4226 - accuracy: 0.5127
91/98 [==========================>...] - ETA: 0s - loss: 1.4219 - accuracy: 0.5130
98/98 [==============================] - ETA: 0s - loss: 1.4232 - accuracy: 0.5120
98/98 [==============================] - 2s 18ms/step - loss: 1.4232 - accuracy: 0.5120 - val_loss: 1.4063 - val_accuracy: 0.5198
Epoch 20/180

 1/98 [..............................] - ETA: 3s - loss: 1.4570 - accuracy: 0.4844
 7/98 [=>............................] - ETA: 0s - loss: 1.4200 - accuracy: 0.5173
13/98 [==>...........................] - ETA: 0s - loss: 1.4263 - accuracy: 0.5134
19/98 [====>.........................] - ETA: 0s - loss: 1.4300 - accuracy: 0.5100
24/98 [======>.......................] - ETA: 0s - loss: 1.4268 - accuracy: 0.5098
30/98 [========>.....................] - ETA: 0s - loss: 1.4254 - accuracy: 0.5119
36/98 [==========>...................] - ETA: 0s - loss: 1.4240 - accuracy: 0.5129
41/98 [===========>..................] - ETA: 0s - loss: 1.4226 - accuracy: 0.5146
47/98 [=============>................] - ETA: 0s - loss: 1.4186 - accuracy: 0.5166
53/98 [===============>..............] - ETA: 0s - loss: 1.4184 - accuracy: 0.5162
59/98 [=================>............] - ETA: 0s - loss: 1.4189 - accuracy: 0.5173
64/98 [==================>...........] - ETA: 0s - loss: 1.4169 - accuracy: 0.5178
70/98 [====================>.........] - ETA: 0s - loss: 1.4177 - accuracy: 0.5174
76/98 [======================>.......] - ETA: 0s - loss: 1.4185 - accuracy: 0.5170
82/98 [========================>.....] - ETA: 0s - loss: 1.4157 - accuracy: 0.5175
87/98 [=========================>....] - ETA: 0s - loss: 1.4141 - accuracy: 0.5177
93/98 [===========================>..] - ETA: 0s - loss: 1.4141 - accuracy: 0.5163
98/98 [==============================] - 2s 18ms/step - loss: 1.4127 - accuracy: 0.5167 - val_loss: 1.3962 - val_accuracy: 0.5233
Epoch 21/180

 1/98 [..............................] - ETA: 3s - loss: 1.4423 - accuracy: 0.5176
 6/98 [>.............................] - ETA: 1s - loss: 1.3991 - accuracy: 0.5225
12/98 [==>...........................] - ETA: 0s - loss: 1.3835 - accuracy: 0.5267
18/98 [====>.........................] - ETA: 0s - loss: 1.3919 - accuracy: 0.5201
23/98 [======>.......................] - ETA: 0s - loss: 1.4036 - accuracy: 0.5160
30/98 [========>.....................] - ETA: 0s - loss: 1.4051 - accuracy: 0.5142
35/98 [=========>....................] - ETA: 0s - loss: 1.4017 - accuracy: 0.5147
41/98 [===========>..................] - ETA: 0s - loss: 1.4004 - accuracy: 0.5152
47/98 [=============>................] - ETA: 0s - loss: 1.3995 - accuracy: 0.5163
53/98 [===============>..............] - ETA: 0s - loss: 1.4024 - accuracy: 0.5153
58/98 [================>.............] - ETA: 0s - loss: 1.4014 - accuracy: 0.5156
64/98 [==================>...........] - ETA: 0s - loss: 1.3999 - accuracy: 0.5162
70/98 [====================>.........] - ETA: 0s - loss: 1.3997 - accuracy: 0.5157
76/98 [======================>.......] - ETA: 0s - loss: 1.3987 - accuracy: 0.5173
81/98 [=======================>......] - ETA: 0s - loss: 1.4000 - accuracy: 0.5167
87/98 [=========================>....] - ETA: 0s - loss: 1.3996 - accuracy: 0.5173
93/98 [===========================>..] - ETA: 0s - loss: 1.4008 - accuracy: 0.5165
98/98 [==============================] - ETA: 0s - loss: 1.4008 - accuracy: 0.5164
98/98 [==============================] - 2s 18ms/step - loss: 1.4008 - accuracy: 0.5164 - val_loss: 1.3883 - val_accuracy: 0.5229
Epoch 22/180

 1/98 [..............................] - ETA: 3s - loss: 1.3798 - accuracy: 0.5352
 7/98 [=>............................] - ETA: 0s - loss: 1.3932 - accuracy: 0.5190
13/98 [==>...........................] - ETA: 0s - loss: 1.3893 - accuracy: 0.5231
18/98 [====>.........................] - ETA: 0s - loss: 1.3907 - accuracy: 0.5265
24/98 [======>.......................] - ETA: 0s - loss: 1.3936 - accuracy: 0.5250
30/98 [========>.....................] - ETA: 0s - loss: 1.3898 - accuracy: 0.5258
36/98 [==========>...................] - ETA: 0s - loss: 1.3939 - accuracy: 0.5234
42/98 [===========>..................] - ETA: 0s - loss: 1.3952 - accuracy: 0.5233
48/98 [=============>................] - ETA: 0s - loss: 1.3950 - accuracy: 0.5221
54/98 [===============>..............] - ETA: 0s - loss: 1.3934 - accuracy: 0.5227
59/98 [=================>............] - ETA: 0s - loss: 1.3954 - accuracy: 0.5222
65/98 [==================>...........] - ETA: 0s - loss: 1.3948 - accuracy: 0.5225
71/98 [====================>.........] - ETA: 0s - loss: 1.3929 - accuracy: 0.5229
76/98 [======================>.......] - ETA: 0s - loss: 1.3916 - accuracy: 0.5231
82/98 [========================>.....] - ETA: 0s - loss: 1.3918 - accuracy: 0.5234
87/98 [=========================>....] - ETA: 0s - loss: 1.3910 - accuracy: 0.5234
93/98 [===========================>..] - ETA: 0s - loss: 1.3925 - accuracy: 0.5230
98/98 [==============================] - 2s 18ms/step - loss: 1.3918 - accuracy: 0.5226 - val_loss: 1.3783 - val_accuracy: 0.5285
Epoch 23/180

 1/98 [..............................] - ETA: 3s - loss: 1.4179 - accuracy: 0.4883
 6/98 [>.............................] - ETA: 1s - loss: 1.3738 - accuracy: 0.5267
12/98 [==>...........................] - ETA: 0s - loss: 1.3857 - accuracy: 0.5173
18/98 [====>.........................] - ETA: 0s - loss: 1.3793 - accuracy: 0.5245
23/98 [======>.......................] - ETA: 0s - loss: 1.3733 - accuracy: 0.5268
28/98 [=======>......................] - ETA: 0s - loss: 1.3735 - accuracy: 0.5284
34/98 [=========>....................] - ETA: 0s - loss: 1.3708 - accuracy: 0.5291
40/98 [===========>..................] - ETA: 0s - loss: 1.3743 - accuracy: 0.5277
45/98 [============>.................] - ETA: 0s - loss: 1.3753 - accuracy: 0.5266
51/98 [==============>...............] - ETA: 0s - loss: 1.3784 - accuracy: 0.5267
57/98 [================>.............] - ETA: 0s - loss: 1.3798 - accuracy: 0.5263
63/98 [==================>...........] - ETA: 0s - loss: 1.3772 - accuracy: 0.5264
69/98 [====================>.........] - ETA: 0s - loss: 1.3805 - accuracy: 0.5255
74/98 [=====================>........] - ETA: 0s - loss: 1.3801 - accuracy: 0.5259
80/98 [=======================>......] - ETA: 0s - loss: 1.3795 - accuracy: 0.5260
86/98 [=========================>....] - ETA: 0s - loss: 1.3809 - accuracy: 0.5250
92/98 [===========================>..] - ETA: 0s - loss: 1.3818 - accuracy: 0.5249
98/98 [==============================] - ETA: 0s - loss: 1.3814 - accuracy: 0.5254
