2024-07-27 18:03:31.330845: I tensorflow/core/platform/cpu_feature_guard.cc:193] This TensorFlow binary is optimized with oneAPI Deep Neural Network Library (oneDNN) to use the following CPU instructions in performance-critical operations:  AVX AVX2
To enable them in other operations, rebuild TensorFlow with the appropriate compiler flags.
2024-07-27 18:03:32.279769: I tensorflow/core/common_runtime/gpu/gpu_device.cc:1616] Created device /job:localhost/replica:0/task:0/device:GPU:0 with 6656 MB memory:  -> device: 0, name: NVIDIA GeForce RTX 4060 Ti, pci bus id: 0000:01:00.0, compute capability: 8.9
1 Physical GPUs, 1 Logical GPUs
Model: "sequential"
_________________________________________________________________
 Layer (type)                Output Shape              Param #   
=================================================================
 conv2d (Conv2D)             (None, 32, 32, 32)        896       
                                                                 
 max_pooling2d (MaxPooling2D  (None, 16, 16, 32)       0         
 )                                                               
                                                                 
 dropout (Dropout)           (None, 16, 16, 32)        0         
                                                                 
 flatten (Flatten)           (None, 8192)              0         
                                                                 
 dense (Dense)               (None, 10)                81930     
                                                                 
=================================================================
Total params: 82,826
Trainable params: 82,826
Non-trainable params: 0
_________________________________________________________________
Taxa de aprendizado:  0.0001 Num de épocas:  180 Tamanho do lote:  512 Dropout:  0.47
Epoch 1/180
2024-07-27 18:03:34.000662: I tensorflow/stream_executor/cuda/cuda_dnn.cc:384] Loaded cuDNN version 8100
2024-07-27 18:03:35.477129: W tensorflow/stream_executor/gpu/redzone_allocator.cc:314] INTERNAL: ptxas exited with non-zero error code -1, output: 
Relying on driver to perform ptx compilation. 
Modify $PATH to customize ptxas location.
This message will be only logged once.
2024-07-27 18:03:36.805177: I tensorflow/stream_executor/cuda/cuda_blas.cc:1614] TensorFloat-32 will be used for the matrix multiplication. This will only be logged once.

 1/98 [..............................] - ETA: 7:29 - loss: 2.3367 - accuracy: 0.1172
 5/98 [>.............................] - ETA: 1s - loss: 2.3292 - accuracy: 0.1164  
10/98 [==>...........................] - ETA: 1s - loss: 2.3221 - accuracy: 0.1172
14/98 [===>..........................] - ETA: 1s - loss: 2.3192 - accuracy: 0.1189
18/98 [====>.........................] - ETA: 1s - loss: 2.3116 - accuracy: 0.1242
21/98 [=====>........................] - ETA: 1s - loss: 2.3091 - accuracy: 0.1246
26/98 [======>.......................] - ETA: 1s - loss: 2.2990 - accuracy: 0.1299
30/98 [========>.....................] - ETA: 1s - loss: 2.2940 - accuracy: 0.1344
35/98 [=========>....................] - ETA: 1s - loss: 2.2880 - accuracy: 0.1375
39/98 [==========>...................] - ETA: 0s - loss: 2.2823 - accuracy: 0.1429
44/98 [============>.................] - ETA: 0s - loss: 2.2752 - accuracy: 0.1484
48/98 [=============>................] - ETA: 0s - loss: 2.2696 - accuracy: 0.1527
52/98 [==============>...............] - ETA: 0s - loss: 2.2642 - accuracy: 0.1572
57/98 [================>.............] - ETA: 0s - loss: 2.2569 - accuracy: 0.1610
61/98 [=================>............] - ETA: 0s - loss: 2.2521 - accuracy: 0.1648
66/98 [===================>..........] - ETA: 0s - loss: 2.2450 - accuracy: 0.1700
69/98 [====================>.........] - ETA: 0s - loss: 2.2410 - accuracy: 0.1728
73/98 [=====================>........] - ETA: 0s - loss: 2.2349 - accuracy: 0.1762
78/98 [======================>.......] - ETA: 0s - loss: 2.2271 - accuracy: 0.1812
82/98 [========================>.....] - ETA: 0s - loss: 2.2210 - accuracy: 0.1851
87/98 [=========================>....] - ETA: 0s - loss: 2.2136 - accuracy: 0.1893
91/98 [==========================>...] - ETA: 0s - loss: 2.2076 - accuracy: 0.1922
96/98 [============================>.] - ETA: 0s - loss: 2.1994 - accuracy: 0.1972
98/98 [==============================] - 7s 27ms/step - loss: 2.1963 - accuracy: 0.1991 - val_loss: 2.0260 - val_accuracy: 0.3439
Epoch 2/180

 1/98 [..............................] - ETA: 3s - loss: 2.0692 - accuracy: 0.2559
 5/98 [>.............................] - ETA: 1s - loss: 2.0492 - accuracy: 0.2820
10/98 [==>...........................] - ETA: 1s - loss: 2.0392 - accuracy: 0.2884
14/98 [===>..........................] - ETA: 1s - loss: 2.0346 - accuracy: 0.2908
19/98 [====>.........................] - ETA: 1s - loss: 2.0277 - accuracy: 0.2924
23/98 [======>.......................] - ETA: 1s - loss: 2.0220 - accuracy: 0.2936
28/98 [=======>......................] - ETA: 0s - loss: 2.0135 - accuracy: 0.2987
32/98 [========>.....................] - ETA: 0s - loss: 2.0071 - accuracy: 0.3039
37/98 [==========>...................] - ETA: 0s - loss: 2.0037 - accuracy: 0.3040
40/98 [===========>..................] - ETA: 0s - loss: 2.0021 - accuracy: 0.3037
45/98 [============>.................] - ETA: 0s - loss: 1.9943 - accuracy: 0.3049
49/98 [==============>...............] - ETA: 0s - loss: 1.9908 - accuracy: 0.3069
53/98 [===============>..............] - ETA: 0s - loss: 1.9868 - accuracy: 0.3077
58/98 [================>.............] - ETA: 0s - loss: 1.9825 - accuracy: 0.3096
62/98 [=================>............] - ETA: 0s - loss: 1.9787 - accuracy: 0.3118
67/98 [===================>..........] - ETA: 0s - loss: 1.9722 - accuracy: 0.3151
71/98 [====================>.........] - ETA: 0s - loss: 1.9688 - accuracy: 0.3162
75/98 [=====================>........] - ETA: 0s - loss: 1.9655 - accuracy: 0.3171
80/98 [=======================>......] - ETA: 0s - loss: 1.9601 - accuracy: 0.3186
84/98 [========================>.....] - ETA: 0s - loss: 1.9566 - accuracy: 0.3202
89/98 [==========================>...] - ETA: 0s - loss: 1.9519 - accuracy: 0.3220
93/98 [===========================>..] - ETA: 0s - loss: 1.9485 - accuracy: 0.3234
98/98 [==============================] - ETA: 0s - loss: 1.9443 - accuracy: 0.3250
98/98 [==============================] - 2s 23ms/step - loss: 1.9443 - accuracy: 0.3250 - val_loss: 1.8325 - val_accuracy: 0.3904
Epoch 3/180

 1/98 [..............................] - ETA: 3s - loss: 1.9019 - accuracy: 0.3223
 6/98 [>.............................] - ETA: 1s - loss: 1.8778 - accuracy: 0.3447
10/98 [==>...........................] - ETA: 1s - loss: 1.8737 - accuracy: 0.3461
15/98 [===>..........................] - ETA: 1s - loss: 1.8588 - accuracy: 0.3493
19/98 [====>.........................] - ETA: 1s - loss: 1.8563 - accuracy: 0.3494
23/98 [======>.......................] - ETA: 1s - loss: 1.8539 - accuracy: 0.3499
28/98 [=======>......................] - ETA: 0s - loss: 1.8508 - accuracy: 0.3520
32/98 [========>.....................] - ETA: 0s - loss: 1.8508 - accuracy: 0.3527
37/98 [==========>...................] - ETA: 0s - loss: 1.8472 - accuracy: 0.3556
41/98 [===========>..................] - ETA: 0s - loss: 1.8441 - accuracy: 0.3576
45/98 [============>.................] - ETA: 0s - loss: 1.8408 - accuracy: 0.3605
50/98 [==============>...............] - ETA: 0s - loss: 1.8392 - accuracy: 0.3617
54/98 [===============>..............] - ETA: 0s - loss: 1.8370 - accuracy: 0.3629
59/98 [=================>............] - ETA: 0s - loss: 1.8347 - accuracy: 0.3635
63/98 [==================>...........] - ETA: 0s - loss: 1.8325 - accuracy: 0.3645
68/98 [===================>..........] - ETA: 0s - loss: 1.8298 - accuracy: 0.3654
72/98 [=====================>........] - ETA: 0s - loss: 1.8268 - accuracy: 0.3665
77/98 [======================>.......] - ETA: 0s - loss: 1.8243 - accuracy: 0.3669
82/98 [========================>.....] - ETA: 0s - loss: 1.8212 - accuracy: 0.3681
87/98 [=========================>....] - ETA: 0s - loss: 1.8198 - accuracy: 0.3683
92/98 [===========================>..] - ETA: 0s - loss: 1.8171 - accuracy: 0.3697
97/98 [============================>.] - ETA: 0s - loss: 1.8165 - accuracy: 0.3699
98/98 [==============================] - 2s 23ms/step - loss: 1.8153 - accuracy: 0.3705 - val_loss: 1.7451 - val_accuracy: 0.4172
Epoch 4/180

 1/98 [..............................] - ETA: 1s - loss: 1.7538 - accuracy: 0.4141
 5/98 [>.............................] - ETA: 1s - loss: 1.7780 - accuracy: 0.3895
10/98 [==>...........................] - ETA: 1s - loss: 1.7710 - accuracy: 0.3922
14/98 [===>..........................] - ETA: 1s - loss: 1.7664 - accuracy: 0.3898
19/98 [====>.........................] - ETA: 1s - loss: 1.7617 - accuracy: 0.3901
23/98 [======>.......................] - ETA: 1s - loss: 1.7610 - accuracy: 0.3914
27/98 [=======>......................] - ETA: 1s - loss: 1.7607 - accuracy: 0.3893
32/98 [========>.....................] - ETA: 0s - loss: 1.7596 - accuracy: 0.3889
37/98 [==========>...................] - ETA: 0s - loss: 1.7582 - accuracy: 0.3903
41/98 [===========>..................] - ETA: 0s - loss: 1.7540 - accuracy: 0.3913
46/98 [=============>................] - ETA: 0s - loss: 1.7534 - accuracy: 0.3918
50/98 [==============>...............] - ETA: 0s - loss: 1.7535 - accuracy: 0.3920
55/98 [===============>..............] - ETA: 0s - loss: 1.7497 - accuracy: 0.3938
59/98 [=================>............] - ETA: 0s - loss: 1.7481 - accuracy: 0.3946
64/98 [==================>...........] - ETA: 0s - loss: 1.7451 - accuracy: 0.3965
68/98 [===================>..........] - ETA: 0s - loss: 1.7451 - accuracy: 0.3957
73/98 [=====================>........] - ETA: 0s - loss: 1.7466 - accuracy: 0.3956
77/98 [======================>.......] - ETA: 0s - loss: 1.7462 - accuracy: 0.3957
82/98 [========================>.....] - ETA: 0s - loss: 1.7460 - accuracy: 0.3958
86/98 [=========================>....] - ETA: 0s - loss: 1.7453 - accuracy: 0.3958
91/98 [==========================>...] - ETA: 0s - loss: 1.7449 - accuracy: 0.3965
95/98 [============================>.] - ETA: 0s - loss: 1.7433 - accuracy: 0.3970
98/98 [==============================] - 2s 23ms/step - loss: 1.7424 - accuracy: 0.3973 - val_loss: 1.6858 - val_accuracy: 0.4322
Epoch 5/180

 1/98 [..............................] - ETA: 3s - loss: 1.6984 - accuracy: 0.4043
 5/98 [>.............................] - ETA: 1s - loss: 1.7323 - accuracy: 0.4047
10/98 [==>...........................] - ETA: 1s - loss: 1.7283 - accuracy: 0.4000
14/98 [===>..........................] - ETA: 1s - loss: 1.7190 - accuracy: 0.4032
19/98 [====>.........................] - ETA: 1s - loss: 1.7106 - accuracy: 0.4047
23/98 [======>.......................] - ETA: 1s - loss: 1.7033 - accuracy: 0.4084
27/98 [=======>......................] - ETA: 1s - loss: 1.7021 - accuracy: 0.4096
32/98 [========>.....................] - ETA: 0s - loss: 1.6989 - accuracy: 0.4119
37/98 [==========>...................] - ETA: 0s - loss: 1.7006 - accuracy: 0.4110
41/98 [===========>..................] - ETA: 0s - loss: 1.6997 - accuracy: 0.4112
45/98 [============>.................] - ETA: 0s - loss: 1.6984 - accuracy: 0.4111
50/98 [==============>...............] - ETA: 0s - loss: 1.6973 - accuracy: 0.4113
54/98 [===============>..............] - ETA: 0s - loss: 1.6952 - accuracy: 0.4133
59/98 [=================>............] - ETA: 0s - loss: 1.6934 - accuracy: 0.4144
63/98 [==================>...........] - ETA: 0s - loss: 1.6919 - accuracy: 0.4152
68/98 [===================>..........] - ETA: 0s - loss: 1.6932 - accuracy: 0.4143
72/98 [=====================>........] - ETA: 0s - loss: 1.6927 - accuracy: 0.4143
77/98 [======================>.......] - ETA: 0s - loss: 1.6908 - accuracy: 0.4149
81/98 [=======================>......] - ETA: 0s - loss: 1.6903 - accuracy: 0.4151
85/98 [=========================>....] - ETA: 0s - loss: 1.6890 - accuracy: 0.4155
89/98 [==========================>...] - ETA: 0s - loss: 1.6915 - accuracy: 0.4143
93/98 [===========================>..] - ETA: 0s - loss: 1.6903 - accuracy: 0.4152
98/98 [==============================] - ETA: 0s - loss: 1.6890 - accuracy: 0.4158
98/98 [==============================] - 2s 23ms/step - loss: 1.6890 - accuracy: 0.4158 - val_loss: 1.6402 - val_accuracy: 0.4443
Epoch 6/180

 1/98 [..............................] - ETA: 3s - loss: 1.6967 - accuracy: 0.4062
 5/98 [>.............................] - ETA: 1s - loss: 1.6823 - accuracy: 0.4180
 9/98 [=>............................] - ETA: 1s - loss: 1.6723 - accuracy: 0.4230
14/98 [===>..........................] - ETA: 1s - loss: 1.6673 - accuracy: 0.4270
18/98 [====>.........................] - ETA: 1s - loss: 1.6600 - accuracy: 0.4313
23/98 [======>.......................] - ETA: 1s - loss: 1.6581 - accuracy: 0.4299
27/98 [=======>......................] - ETA: 1s - loss: 1.6551 - accuracy: 0.4321
32/98 [========>.....................] - ETA: 0s - loss: 1.6533 - accuracy: 0.4304
36/98 [==========>...................] - ETA: 0s - loss: 1.6510 - accuracy: 0.4312
41/98 [===========>..................] - ETA: 0s - loss: 1.6509 - accuracy: 0.4315
45/98 [============>.................] - ETA: 0s - loss: 1.6530 - accuracy: 0.4310
49/98 [==============>...............] - ETA: 0s - loss: 1.6527 - accuracy: 0.4310
54/98 [===============>..............] - ETA: 0s - loss: 1.6540 - accuracy: 0.4294
59/98 [=================>............] - ETA: 0s - loss: 1.6519 - accuracy: 0.4295
63/98 [==================>...........] - ETA: 0s - loss: 1.6506 - accuracy: 0.4300
67/98 [===================>..........] - ETA: 0s - loss: 1.6484 - accuracy: 0.4319
72/98 [=====================>........] - ETA: 0s - loss: 1.6470 - accuracy: 0.4327
76/98 [======================>.......] - ETA: 0s - loss: 1.6464 - accuracy: 0.4327
81/98 [=======================>......] - ETA: 0s - loss: 1.6458 - accuracy: 0.4335
85/98 [=========================>....] - ETA: 0s - loss: 1.6479 - accuracy: 0.4329
89/98 [==========================>...] - ETA: 0s - loss: 1.6479 - accuracy: 0.4326
94/98 [===========================>..] - ETA: 0s - loss: 1.6482 - accuracy: 0.4334
98/98 [==============================] - ETA: 0s - loss: 1.6464 - accuracy: 0.4336
98/98 [==============================] - 2s 23ms/step - loss: 1.6464 - accuracy: 0.4336 - val_loss: 1.6033 - val_accuracy: 0.4562
Epoch 7/180

 1/98 [..............................] - ETA: 3s - loss: 1.6554 - accuracy: 0.4551
 6/98 [>.............................] - ETA: 1s - loss: 1.6250 - accuracy: 0.4603
10/98 [==>...........................] - ETA: 1s - loss: 1.6344 - accuracy: 0.4502
15/98 [===>..........................] - ETA: 1s - loss: 1.6293 - accuracy: 0.4405
19/98 [====>.........................] - ETA: 1s - loss: 1.6299 - accuracy: 0.4397
24/98 [======>.......................] - ETA: 1s - loss: 1.6312 - accuracy: 0.4390
28/98 [=======>......................] - ETA: 0s - loss: 1.6267 - accuracy: 0.4411
33/98 [=========>....................] - ETA: 0s - loss: 1.6267 - accuracy: 0.4420
37/98 [==========>...................] - ETA: 0s - loss: 1.6230 - accuracy: 0.4427
42/98 [===========>..................] - ETA: 0s - loss: 1.6232 - accuracy: 0.4427
46/98 [=============>................] - ETA: 0s - loss: 1.6198 - accuracy: 0.4438
50/98 [==============>...............] - ETA: 0s - loss: 1.6193 - accuracy: 0.4422
55/98 [===============>..............] - ETA: 0s - loss: 1.6206 - accuracy: 0.4418
60/98 [=================>............] - ETA: 0s - loss: 1.6209 - accuracy: 0.4412
64/98 [==================>...........] - ETA: 0s - loss: 1.6206 - accuracy: 0.4413
69/98 [====================>.........] - ETA: 0s - loss: 1.6181 - accuracy: 0.4432
73/98 [=====================>........] - ETA: 0s - loss: 1.6160 - accuracy: 0.4446
78/98 [======================>.......] - ETA: 0s - loss: 1.6143 - accuracy: 0.4465
82/98 [========================>.....] - ETA: 0s - loss: 1.6137 - accuracy: 0.4467
86/98 [=========================>....] - ETA: 0s - loss: 1.6143 - accuracy: 0.4465
91/98 [==========================>...] - ETA: 0s - loss: 1.6130 - accuracy: 0.4473
95/98 [============================>.] - ETA: 0s - loss: 1.6105 - accuracy: 0.4483
98/98 [==============================] - 2s 23ms/step - loss: 1.6096 - accuracy: 0.4488 - val_loss: 1.5708 - val_accuracy: 0.4668
Epoch 8/180

 1/98 [..............................] - ETA: 3s - loss: 1.5673 - accuracy: 0.4590
 5/98 [>.............................] - ETA: 1s - loss: 1.5895 - accuracy: 0.4504
10/98 [==>...........................] - ETA: 1s - loss: 1.5979 - accuracy: 0.4510
14/98 [===>..........................] - ETA: 1s - loss: 1.5896 - accuracy: 0.4516
18/98 [====>.........................] - ETA: 1s - loss: 1.5913 - accuracy: 0.4539
23/98 [======>.......................] - ETA: 1s - loss: 1.5894 - accuracy: 0.4552
28/98 [=======>......................] - ETA: 0s - loss: 1.5831 - accuracy: 0.4584
32/98 [========>.....................] - ETA: 0s - loss: 1.5806 - accuracy: 0.4578
37/98 [==========>...................] - ETA: 0s - loss: 1.5825 - accuracy: 0.4557
41/98 [===========>..................] - ETA: 0s - loss: 1.5823 - accuracy: 0.4569
46/98 [=============>................] - ETA: 0s - loss: 1.5818 - accuracy: 0.4577
51/98 [==============>...............] - ETA: 0s - loss: 1.5805 - accuracy: 0.4586
55/98 [===============>..............] - ETA: 0s - loss: 1.5792 - accuracy: 0.4584
59/98 [=================>............] - ETA: 0s - loss: 1.5788 - accuracy: 0.4591
64/98 [==================>...........] - ETA: 0s - loss: 1.5774 - accuracy: 0.4593
69/98 [====================>.........] - ETA: 0s - loss: 1.5772 - accuracy: 0.4594
73/98 [=====================>........] - ETA: 0s - loss: 1.5759 - accuracy: 0.4602
77/98 [======================>.......] - ETA: 0s - loss: 1.5764 - accuracy: 0.4597
82/98 [========================>.....] - ETA: 0s - loss: 1.5752 - accuracy: 0.4605
86/98 [=========================>....] - ETA: 0s - loss: 1.5754 - accuracy: 0.4604
91/98 [==========================>...] - ETA: 0s - loss: 1.5749 - accuracy: 0.4604
96/98 [============================>.] - ETA: 0s - loss: 1.5744 - accuracy: 0.4611
98/98 [==============================] - 2s 23ms/step - loss: 1.5754 - accuracy: 0.4606 - val_loss: 1.5435 - val_accuracy: 0.4773
Epoch 9/180

 1/98 [..............................] - ETA: 3s - loss: 1.5079 - accuracy: 0.4590
 5/98 [>.............................] - ETA: 1s - loss: 1.5624 - accuracy: 0.4520
10/98 [==>...........................] - ETA: 1s - loss: 1.5677 - accuracy: 0.4541
14/98 [===>..........................] - ETA: 1s - loss: 1.5708 - accuracy: 0.4542
18/98 [====>.........................] - ETA: 1s - loss: 1.5649 - accuracy: 0.4557
23/98 [======>.......................] - ETA: 1s - loss: 1.5649 - accuracy: 0.4581
27/98 [=======>......................] - ETA: 1s - loss: 1.5636 - accuracy: 0.4594
32/98 [========>.....................] - ETA: 0s - loss: 1.5626 - accuracy: 0.4590
36/98 [==========>...................] - ETA: 0s - loss: 1.5631 - accuracy: 0.4597
41/98 [===========>..................] - ETA: 0s - loss: 1.5643 - accuracy: 0.4608
45/98 [============>.................] - ETA: 0s - loss: 1.5652 - accuracy: 0.4607
50/98 [==============>...............] - ETA: 0s - loss: 1.5666 - accuracy: 0.4599
54/98 [===============>..............] - ETA: 0s - loss: 1.5678 - accuracy: 0.4597
59/98 [=================>............] - ETA: 0s - loss: 1.5662 - accuracy: 0.4597
63/98 [==================>...........] - ETA: 0s - loss: 1.5618 - accuracy: 0.4622
68/98 [===================>..........] - ETA: 0s - loss: 1.5601 - accuracy: 0.4630
72/98 [=====================>........] - ETA: 0s - loss: 1.5592 - accuracy: 0.4640
77/98 [======================>.......] - ETA: 0s - loss: 1.5564 - accuracy: 0.4652
81/98 [=======================>......] - ETA: 0s - loss: 1.5541 - accuracy: 0.4658
86/98 [=========================>....] - ETA: 0s - loss: 1.5532 - accuracy: 0.4661
90/98 [==========================>...] - ETA: 0s - loss: 1.5525 - accuracy: 0.4662
94/98 [===========================>..] - ETA: 0s - loss: 1.5519 - accuracy: 0.4669
98/98 [==============================] - 2s 23ms/step - loss: 1.5525 - accuracy: 0.4665 - val_loss: 1.5195 - val_accuracy: 0.4826
Epoch 10/180

 1/98 [..............................] - ETA: 3s - loss: 1.5502 - accuracy: 0.4531
 6/98 [>.............................] - ETA: 1s - loss: 1.5424 - accuracy: 0.4746
10/98 [==>...........................] - ETA: 1s - loss: 1.5445 - accuracy: 0.4737
15/98 [===>..........................] - ETA: 1s - loss: 1.5478 - accuracy: 0.4759
19/98 [====>.........................] - ETA: 1s - loss: 1.5456 - accuracy: 0.4767
24/98 [======>.......................] - ETA: 1s - loss: 1.5394 - accuracy: 0.4770
28/98 [=======>......................] - ETA: 0s - loss: 1.5335 - accuracy: 0.4757
33/98 [=========>....................] - ETA: 0s - loss: 1.5323 - accuracy: 0.4768
38/98 [==========>...................] - ETA: 0s - loss: 1.5324 - accuracy: 0.4764
42/98 [===========>..................] - ETA: 0s - loss: 1.5317 - accuracy: 0.4773
46/98 [=============>................] - ETA: 0s - loss: 1.5326 - accuracy: 0.4769
51/98 [==============>...............] - ETA: 0s - loss: 1.5312 - accuracy: 0.4771
55/98 [===============>..............] - ETA: 0s - loss: 1.5319 - accuracy: 0.4760
60/98 [=================>............] - ETA: 0s - loss: 1.5316 - accuracy: 0.4760
64/98 [==================>...........] - ETA: 0s - loss: 1.5322 - accuracy: 0.4759
68/98 [===================>..........] - ETA: 0s - loss: 1.5324 - accuracy: 0.4758
73/98 [=====================>........] - ETA: 0s - loss: 1.5313 - accuracy: 0.4765
77/98 [======================>.......] - ETA: 0s - loss: 1.5292 - accuracy: 0.4775
82/98 [========================>.....] - ETA: 0s - loss: 1.5269 - accuracy: 0.4782
86/98 [=========================>....] - ETA: 0s - loss: 1.5256 - accuracy: 0.4790
91/98 [==========================>...] - ETA: 0s - loss: 1.5255 - accuracy: 0.4790
95/98 [============================>.] - ETA: 0s - loss: 1.5262 - accuracy: 0.4782
98/98 [==============================] - 2s 23ms/step - loss: 1.5250 - accuracy: 0.4781 - val_loss: 1.4962 - val_accuracy: 0.4896
Epoch 11/180

 1/98 [..............................] - ETA: 3s - loss: 1.5431 - accuracy: 0.4668
 5/98 [>.............................] - ETA: 1s - loss: 1.5162 - accuracy: 0.4684
 9/98 [=>............................] - ETA: 1s - loss: 1.5253 - accuracy: 0.4651
14/98 [===>..........................] - ETA: 1s - loss: 1.5173 - accuracy: 0.4725
18/98 [====>.........................] - ETA: 1s - loss: 1.5144 - accuracy: 0.4779
23/98 [======>.......................] - ETA: 1s - loss: 1.5129 - accuracy: 0.4812
27/98 [=======>......................] - ETA: 1s - loss: 1.5085 - accuracy: 0.4820
32/98 [========>.....................] - ETA: 0s - loss: 1.5063 - accuracy: 0.4818
37/98 [==========>...................] - ETA: 0s - loss: 1.5045 - accuracy: 0.4826
41/98 [===========>..................] - ETA: 0s - loss: 1.5050 - accuracy: 0.4823
45/98 [============>.................] - ETA: 0s - loss: 1.5064 - accuracy: 0.4814
50/98 [==============>...............] - ETA: 0s - loss: 1.5050 - accuracy: 0.4824
54/98 [===============>..............] - ETA: 0s - loss: 1.5064 - accuracy: 0.4812
59/98 [=================>............] - ETA: 0s - loss: 1.5049 - accuracy: 0.4807
64/98 [==================>...........] - ETA: 0s - loss: 1.5054 - accuracy: 0.4806
68/98 [===================>..........] - ETA: 0s - loss: 1.5063 - accuracy: 0.4820
73/98 [=====================>........] - ETA: 0s - loss: 1.5041 - accuracy: 0.4826
78/98 [======================>.......] - ETA: 0s - loss: 1.5043 - accuracy: 0.4823
85/98 [=========================>....] - ETA: 0s - loss: 1.5045 - accuracy: 0.4830
91/98 [==========================>...] - ETA: 0s - loss: 1.5051 - accuracy: 0.4826
97/98 [============================>.] - ETA: 0s - loss: 1.5041 - accuracy: 0.4832
98/98 [==============================] - 2s 21ms/step - loss: 1.5040 - accuracy: 0.4833 - val_loss: 1.4775 - val_accuracy: 0.4954
Epoch 12/180

 1/98 [..............................] - ETA: 1s - loss: 1.4559 - accuracy: 0.5000
 5/98 [>.............................] - ETA: 1s - loss: 1.4794 - accuracy: 0.4984
10/98 [==>...........................] - ETA: 1s - loss: 1.4933 - accuracy: 0.4941
15/98 [===>..........................] - ETA: 1s - loss: 1.5012 - accuracy: 0.4892
20/98 [=====>........................] - ETA: 1s - loss: 1.4955 - accuracy: 0.4888
24/98 [======>.......................] - ETA: 0s - loss: 1.4961 - accuracy: 0.4878
29/98 [=======>......................] - ETA: 0s - loss: 1.4944 - accuracy: 0.4867
33/98 [=========>....................] - ETA: 0s - loss: 1.4934 - accuracy: 0.4864
39/98 [==========>...................] - ETA: 0s - loss: 1.4906 - accuracy: 0.4889
43/98 [============>.................] - ETA: 0s - loss: 1.4891 - accuracy: 0.4892
48/98 [=============>................] - ETA: 0s - loss: 1.4902 - accuracy: 0.4875
53/98 [===============>..............] - ETA: 0s - loss: 1.4906 - accuracy: 0.4880
58/98 [================>.............] - ETA: 0s - loss: 1.4890 - accuracy: 0.4891
62/98 [=================>............] - ETA: 0s - loss: 1.4875 - accuracy: 0.4896
67/98 [===================>..........] - ETA: 0s - loss: 1.4866 - accuracy: 0.4893
72/98 [=====================>........] - ETA: 0s - loss: 1.4869 - accuracy: 0.4899
77/98 [======================>.......] - ETA: 0s - loss: 1.4844 - accuracy: 0.4901
82/98 [========================>.....] - ETA: 0s - loss: 1.4846 - accuracy: 0.4896
87/98 [=========================>....] - ETA: 0s - loss: 1.4848 - accuracy: 0.4890
92/98 [===========================>..] - ETA: 0s - loss: 1.4834 - accuracy: 0.4898
97/98 [============================>.] - ETA: 0s - loss: 1.4838 - accuracy: 0.4896
98/98 [==============================] - 2s 21ms/step - loss: 1.4830 - accuracy: 0.4899 - val_loss: 1.4598 - val_accuracy: 0.5050
Epoch 13/180

 1/98 [..............................] - ETA: 3s - loss: 1.4799 - accuracy: 0.4902
 5/98 [>.............................] - ETA: 1s - loss: 1.4811 - accuracy: 0.4871
10/98 [==>...........................] - ETA: 1s - loss: 1.4688 - accuracy: 0.4941
14/98 [===>..........................] - ETA: 1s - loss: 1.4719 - accuracy: 0.4941
19/98 [====>.........................] - ETA: 1s - loss: 1.4732 - accuracy: 0.4967
23/98 [======>.......................] - ETA: 1s - loss: 1.4692 - accuracy: 0.4970
28/98 [=======>......................] - ETA: 0s - loss: 1.4614 - accuracy: 0.5013
32/98 [========>.....................] - ETA: 0s - loss: 1.4633 - accuracy: 0.4992
36/98 [==========>...................] - ETA: 0s - loss: 1.4628 - accuracy: 0.5002
41/98 [===========>..................] - ETA: 0s - loss: 1.4641 - accuracy: 0.5002
45/98 [============>.................] - ETA: 0s - loss: 1.4630 - accuracy: 0.5001
50/98 [==============>...............] - ETA: 0s - loss: 1.4628 - accuracy: 0.5001
54/98 [===============>..............] - ETA: 0s - loss: 1.4616 - accuracy: 0.5005
58/98 [================>.............] - ETA: 0s - loss: 1.4640 - accuracy: 0.4996
63/98 [==================>...........] - ETA: 0s - loss: 1.4628 - accuracy: 0.5009
68/98 [===================>..........] - ETA: 0s - loss: 1.4640 - accuracy: 0.5001
72/98 [=====================>........] - ETA: 0s - loss: 1.4652 - accuracy: 0.4996
76/98 [======================>.......] - ETA: 0s - loss: 1.4653 - accuracy: 0.4998
81/98 [=======================>......] - ETA: 0s - loss: 1.4656 - accuracy: 0.4986
85/98 [=========================>....] - ETA: 0s - loss: 1.4663 - accuracy: 0.4981
90/98 [==========================>...] - ETA: 0s - loss: 1.4664 - accuracy: 0.4981
94/98 [===========================>..] - ETA: 0s - loss: 1.4660 - accuracy: 0.4984
98/98 [==============================] - 2s 23ms/step - loss: 1.4660 - accuracy: 0.4980 - val_loss: 1.4429 - val_accuracy: 0.5072
Epoch 14/180

 1/98 [..............................] - ETA: 3s - loss: 1.4165 - accuracy: 0.5059
 6/98 [>.............................] - ETA: 1s - loss: 1.4858 - accuracy: 0.4844
10/98 [==>...........................] - ETA: 1s - loss: 1.4741 - accuracy: 0.4871
15/98 [===>..........................] - ETA: 1s - loss: 1.4622 - accuracy: 0.4923
18/98 [====>.........................] - ETA: 1s - loss: 1.4517 - accuracy: 0.4962
23/98 [======>.......................] - ETA: 1s - loss: 1.4493 - accuracy: 0.4986
27/98 [=======>......................] - ETA: 0s - loss: 1.4475 - accuracy: 0.4984
32/98 [========>.....................] - ETA: 0s - loss: 1.4476 - accuracy: 0.4987
36/98 [==========>...................] - ETA: 0s - loss: 1.4479 - accuracy: 0.4976
41/98 [===========>..................] - ETA: 0s - loss: 1.4502 - accuracy: 0.4976
46/98 [=============>................] - ETA: 0s - loss: 1.4488 - accuracy: 0.4992
51/98 [==============>...............] - ETA: 0s - loss: 1.4512 - accuracy: 0.4992
55/98 [===============>..............] - ETA: 0s - loss: 1.4495 - accuracy: 0.5002
60/98 [=================>............] - ETA: 0s - loss: 1.4488 - accuracy: 0.4994
64/98 [==================>...........] - ETA: 0s - loss: 1.4496 - accuracy: 0.4997
69/98 [====================>.........] - ETA: 0s - loss: 1.4501 - accuracy: 0.4995
73/98 [=====================>........] - ETA: 0s - loss: 1.4481 - accuracy: 0.5001
78/98 [======================>.......] - ETA: 0s - loss: 1.4482 - accuracy: 0.5010
82/98 [========================>.....] - ETA: 0s - loss: 1.4495 - accuracy: 0.5008
87/98 [=========================>....] - ETA: 0s - loss: 1.4498 - accuracy: 0.5010
92/98 [===========================>..] - ETA: 0s - loss: 1.4491 - accuracy: 0.5009
96/98 [============================>.] - ETA: 0s - loss: 1.4482 - accuracy: 0.5013
98/98 [==============================] - 2s 23ms/step - loss: 1.4487 - accuracy: 0.5009 - val_loss: 1.4282 - val_accuracy: 0.5130
Epoch 15/180

 1/98 [..............................] - ETA: 3s - loss: 1.4052 - accuracy: 0.5176
 5/98 [>.............................] - ETA: 1s - loss: 1.4351 - accuracy: 0.5113
10/98 [==>...........................] - ETA: 1s - loss: 1.4425 - accuracy: 0.5093
14/98 [===>..........................] - ETA: 1s - loss: 1.4431 - accuracy: 0.5113
19/98 [====>.........................] - ETA: 1s - loss: 1.4453 - accuracy: 0.5068
23/98 [======>.......................] - ETA: 1s - loss: 1.4462 - accuracy: 0.5080
27/98 [=======>......................] - ETA: 1s - loss: 1.4439 - accuracy: 0.5071
32/98 [========>.....................] - ETA: 0s - loss: 1.4449 - accuracy: 0.5064
36/98 [==========>...................] - ETA: 0s - loss: 1.4448 - accuracy: 0.5054
41/98 [===========>..................] - ETA: 0s - loss: 1.4431 - accuracy: 0.5063
45/98 [============>.................] - ETA: 0s - loss: 1.4412 - accuracy: 0.5069
50/98 [==============>...............] - ETA: 0s - loss: 1.4405 - accuracy: 0.5079
54/98 [===============>..............] - ETA: 0s - loss: 1.4410 - accuracy: 0.5072
59/98 [=================>............] - ETA: 0s - loss: 1.4418 - accuracy: 0.5069
63/98 [==================>...........] - ETA: 0s - loss: 1.4419 - accuracy: 0.5060
67/98 [===================>..........] - ETA: 0s - loss: 1.4401 - accuracy: 0.5065
72/98 [=====================>........] - ETA: 0s - loss: 1.4383 - accuracy: 0.5067
76/98 [======================>.......] - ETA: 0s - loss: 1.4372 - accuracy: 0.5065
81/98 [=======================>......] - ETA: 0s - loss: 1.4373 - accuracy: 0.5065
85/98 [=========================>....] - ETA: 0s - loss: 1.4366 - accuracy: 0.5068
89/98 [==========================>...] - ETA: 0s - loss: 1.4370 - accuracy: 0.5067
94/98 [===========================>..] - ETA: 0s - loss: 1.4360 - accuracy: 0.5072
98/98 [==============================] - 2s 23ms/step - loss: 1.4358 - accuracy: 0.5072 - val_loss: 1.4151 - val_accuracy: 0.5139
Epoch 16/180

 1/98 [..............................] - ETA: 3s - loss: 1.4654 - accuracy: 0.4980
 6/98 [>.............................] - ETA: 1s - loss: 1.4367 - accuracy: 0.5101
10/98 [==>...........................] - ETA: 1s - loss: 1.4287 - accuracy: 0.5121
15/98 [===>..........................] - ETA: 1s - loss: 1.4253 - accuracy: 0.5132
19/98 [====>.........................] - ETA: 1s - loss: 1.4311 - accuracy: 0.5100
24/98 [======>.......................] - ETA: 1s - loss: 1.4287 - accuracy: 0.5119
28/98 [=======>......................] - ETA: 0s - loss: 1.4265 - accuracy: 0.5129
33/98 [=========>....................] - ETA: 0s - loss: 1.4277 - accuracy: 0.5128
37/98 [==========>...................] - ETA: 0s - loss: 1.4246 - accuracy: 0.5129
41/98 [===========>..................] - ETA: 0s - loss: 1.4234 - accuracy: 0.5135
46/98 [=============>................] - ETA: 0s - loss: 1.4256 - accuracy: 0.5119
50/98 [==============>...............] - ETA: 0s - loss: 1.4246 - accuracy: 0.5111
55/98 [===============>..............] - ETA: 0s - loss: 1.4215 - accuracy: 0.5119
58/98 [================>.............] - ETA: 0s - loss: 1.4220 - accuracy: 0.5116
63/98 [==================>...........] - ETA: 0s - loss: 1.4205 - accuracy: 0.5115
67/98 [===================>..........] - ETA: 0s - loss: 1.4211 - accuracy: 0.5111
71/98 [====================>.........] - ETA: 0s - loss: 1.4223 - accuracy: 0.5106
76/98 [======================>.......] - ETA: 0s - loss: 1.4230 - accuracy: 0.5109
80/98 [=======================>......] - ETA: 0s - loss: 1.4235 - accuracy: 0.5105
85/98 [=========================>....] - ETA: 0s - loss: 1.4237 - accuracy: 0.5104
90/98 [==========================>...] - ETA: 0s - loss: 1.4220 - accuracy: 0.5109
94/98 [===========================>..] - ETA: 0s - loss: 1.4203 - accuracy: 0.5118
98/98 [==============================] - 2s 23ms/step - loss: 1.4191 - accuracy: 0.5117 - val_loss: 1.4045 - val_accuracy: 0.5192
Epoch 17/180

 1/98 [..............................] - ETA: 1s - loss: 1.3912 - accuracy: 0.5352
 5/98 [>.............................] - ETA: 1s - loss: 1.3967 - accuracy: 0.5324
 9/98 [=>............................] - ETA: 1s - loss: 1.4001 - accuracy: 0.5265
14/98 [===>..........................] - ETA: 1s - loss: 1.4097 - accuracy: 0.5213
18/98 [====>.........................] - ETA: 1s - loss: 1.4068 - accuracy: 0.5216
23/98 [======>.......................] - ETA: 1s - loss: 1.4067 - accuracy: 0.5205
27/98 [=======>......................] - ETA: 1s - loss: 1.4051 - accuracy: 0.5197
32/98 [========>.....................] - ETA: 0s - loss: 1.4068 - accuracy: 0.5185
36/98 [==========>...................] - ETA: 0s - loss: 1.4061 - accuracy: 0.5181
40/98 [===========>..................] - ETA: 0s - loss: 1.4058 - accuracy: 0.5172
45/98 [============>.................] - ETA: 0s - loss: 1.4079 - accuracy: 0.5163
50/98 [==============>...............] - ETA: 0s - loss: 1.4054 - accuracy: 0.5157
54/98 [===============>..............] - ETA: 0s - loss: 1.4051 - accuracy: 0.5167
59/98 [=================>............] - ETA: 0s - loss: 1.4049 - accuracy: 0.5168
63/98 [==================>...........] - ETA: 0s - loss: 1.4052 - accuracy: 0.5166
68/98 [===================>..........] - ETA: 0s - loss: 1.4076 - accuracy: 0.5167
72/98 [=====================>........] - ETA: 0s - loss: 1.4090 - accuracy: 0.5160
76/98 [======================>.......] - ETA: 0s - loss: 1.4095 - accuracy: 0.5161
81/98 [=======================>......] - ETA: 0s - loss: 1.4070 - accuracy: 0.5171
85/98 [=========================>....] - ETA: 0s - loss: 1.4067 - accuracy: 0.5164
90/98 [==========================>...] - ETA: 0s - loss: 1.4055 - accuracy: 0.5169
94/98 [===========================>..] - ETA: 0s - loss: 1.4066 - accuracy: 0.5164
98/98 [==============================] - 2s 23ms/step - loss: 1.4078 - accuracy: 0.5163 - val_loss: 1.3920 - val_accuracy: 0.5263
Epoch 18/180

 1/98 [..............................] - ETA: 3s - loss: 1.4157 - accuracy: 0.5020
 5/98 [>.............................] - ETA: 1s - loss: 1.3977 - accuracy: 0.5250
10/98 [==>...........................] - ETA: 1s - loss: 1.4088 - accuracy: 0.5188
14/98 [===>..........................] - ETA: 1s - loss: 1.4089 - accuracy: 0.5198
19/98 [====>.........................] - ETA: 1s - loss: 1.4079 - accuracy: 0.5175
23/98 [======>.......................] - ETA: 1s - loss: 1.4086 - accuracy: 0.5179
28/98 [=======>......................] - ETA: 0s - loss: 1.4052 - accuracy: 0.5167
32/98 [========>.....................] - ETA: 0s - loss: 1.4057 - accuracy: 0.5170
36/98 [==========>...................] - ETA: 0s - loss: 1.4054 - accuracy: 0.5178
41/98 [===========>..................] - ETA: 0s - loss: 1.4010 - accuracy: 0.5192
45/98 [============>.................] - ETA: 0s - loss: 1.4012 - accuracy: 0.5188
50/98 [==============>...............] - ETA: 0s - loss: 1.4021 - accuracy: 0.5184
54/98 [===============>..............] - ETA: 0s - loss: 1.4014 - accuracy: 0.5187
59/98 [=================>............] - ETA: 0s - loss: 1.4007 - accuracy: 0.5197
63/98 [==================>...........] - ETA: 0s - loss: 1.3991 - accuracy: 0.5203
67/98 [===================>..........] - ETA: 0s - loss: 1.4001 - accuracy: 0.5196
72/98 [=====================>........] - ETA: 0s - loss: 1.3982 - accuracy: 0.5213
77/98 [======================>.......] - ETA: 0s - loss: 1.3981 - accuracy: 0.5219
81/98 [=======================>......] - ETA: 0s - loss: 1.3979 - accuracy: 0.5214
85/98 [=========================>....] - ETA: 0s - loss: 1.3970 - accuracy: 0.5229
90/98 [==========================>...] - ETA: 0s - loss: 1.3958 - accuracy: 0.5231
94/98 [===========================>..] - ETA: 0s - loss: 1.3955 - accuracy: 0.5230
98/98 [==============================] - 2s 23ms/step - loss: 1.3962 - accuracy: 0.5221 - val_loss: 1.3802 - val_accuracy: 0.5308
Epoch 19/180

 1/98 [..............................] - ETA: 3s - loss: 1.3642 - accuracy: 0.5547
 5/98 [>.............................] - ETA: 1s - loss: 1.3845 - accuracy: 0.5289
10/98 [==>...........................] - ETA: 1s - loss: 1.3729 - accuracy: 0.5322
15/98 [===>..........................] - ETA: 1s - loss: 1.3790 - accuracy: 0.5314
20/98 [=====>........................] - ETA: 1s - loss: 1.3780 - accuracy: 0.5285
24/98 [======>.......................] - ETA: 1s - loss: 1.3789 - accuracy: 0.5272
28/98 [=======>......................] - ETA: 0s - loss: 1.3819 - accuracy: 0.5265
33/98 [=========>....................] - ETA: 0s - loss: 1.3824 - accuracy: 0.5252
37/98 [==========>...................] - ETA: 0s - loss: 1.3825 - accuracy: 0.5263
42/98 [===========>..................] - ETA: 0s - loss: 1.3855 - accuracy: 0.5262
47/98 [=============>................] - ETA: 0s - loss: 1.3831 - accuracy: 0.5265
52/98 [==============>...............] - ETA: 0s - loss: 1.3826 - accuracy: 0.5273
56/98 [================>.............] - ETA: 0s - loss: 1.3837 - accuracy: 0.5257
61/98 [=================>............] - ETA: 0s - loss: 1.3843 - accuracy: 0.5250
65/98 [==================>...........] - ETA: 0s - loss: 1.3847 - accuracy: 0.5249
69/98 [====================>.........] - ETA: 0s - loss: 1.3840 - accuracy: 0.5249
74/98 [=====================>........] - ETA: 0s - loss: 1.3845 - accuracy: 0.5247
79/98 [=======================>......] - ETA: 0s - loss: 1.3855 - accuracy: 0.5238
83/98 [========================>.....] - ETA: 0s - loss: 1.3844 - accuracy: 0.5241
88/98 [=========================>....] - ETA: 0s - loss: 1.3846 - accuracy: 0.5242
93/98 [===========================>..] - ETA: 0s - loss: 1.3850 - accuracy: 0.5239
97/98 [============================>.] - ETA: 0s - loss: 1.3838 - accuracy: 0.5246
