2024-07-27 19:56:24.760822: I tensorflow/core/platform/cpu_feature_guard.cc:193] This TensorFlow binary is optimized with oneAPI Deep Neural Network Library (oneDNN) to use the following CPU instructions in performance-critical operations:  AVX AVX2
To enable them in other operations, rebuild TensorFlow with the appropriate compiler flags.
2024-07-27 19:56:25.639191: I tensorflow/core/common_runtime/gpu/gpu_device.cc:1616] Created device /job:localhost/replica:0/task:0/device:GPU:0 with 6656 MB memory:  -> device: 0, name: NVIDIA GeForce RTX 4060 Ti, pci bus id: 0000:01:00.0, compute capability: 8.9
1 Physical GPUs, 1 Logical GPUs
Model: "sequential"
_________________________________________________________________
 Layer (type)                Output Shape              Param #   
=================================================================
 conv2d (Conv2D)             (None, 32, 32, 32)        896       
                                                                 
 conv2d_1 (Conv2D)           (None, 32, 32, 32)        25632     
                                                                 
 max_pooling2d (MaxPooling2D  (None, 16, 16, 32)       0         
 )                                                               
                                                                 
 batch_normalization (BatchN  (None, 16, 16, 32)       128       
 ormalization)                                                   
                                                                 
 conv2d_2 (Conv2D)           (None, 16, 16, 128)       102528    
                                                                 
 conv2d_3 (Conv2D)           (None, 16, 16, 128)       409728    
                                                                 
 batch_normalization_1 (Batc  (None, 16, 16, 128)      512       
 hNormalization)                                                 
                                                                 
 dropout (Dropout)           (None, 16, 16, 128)       0         
                                                                 
 flatten (Flatten)           (None, 32768)             0         
                                                                 
 dense (Dense)               (None, 110)               3604590   
                                                                 
 dropout_1 (Dropout)         (None, 110)               0         
                                                                 
 dense_1 (Dense)             (None, 10)                1110      
                                                                 
=================================================================
Total params: 4,145,124
Trainable params: 4,144,804
Non-trainable params: 320
_________________________________________________________________
Taxa de aprendizado:  1e-05 Num de épocas:  226 Tamanho do lote:  512 Dropout:  0.19
Epoch 1/226
2024-07-27 19:56:27.299508: I tensorflow/stream_executor/cuda/cuda_dnn.cc:384] Loaded cuDNN version 8100
2024-07-27 19:56:28.512234: W tensorflow/stream_executor/gpu/redzone_allocator.cc:314] INTERNAL: ptxas exited with non-zero error code -1, output: 
Relying on driver to perform ptx compilation. 
Modify $PATH to customize ptxas location.
This message will be only logged once.
2024-07-27 19:56:30.796641: I tensorflow/stream_executor/cuda/cuda_blas.cc:1614] TensorFloat-32 will be used for the matrix multiplication. This will only be logged once.

 1/98 [..............................] - ETA: 14:07 - loss: 2.7542 - accuracy: 0.0957
 2/98 [..............................] - ETA: 12s - loss: 2.6795 - accuracy: 0.1152  
 3/98 [..............................] - ETA: 11s - loss: 2.6263 - accuracy: 0.1250
 4/98 [>.............................] - ETA: 11s - loss: 2.6090 - accuracy: 0.1294
 5/98 [>.............................] - ETA: 11s - loss: 2.5862 - accuracy: 0.1332
 6/98 [>.............................] - ETA: 11s - loss: 2.5646 - accuracy: 0.1364
 7/98 [=>............................] - ETA: 11s - loss: 2.5450 - accuracy: 0.1395
 8/98 [=>............................] - ETA: 11s - loss: 2.5339 - accuracy: 0.1416
 9/98 [=>............................] - ETA: 10s - loss: 2.5177 - accuracy: 0.1437
10/98 [==>...........................] - ETA: 10s - loss: 2.4939 - accuracy: 0.1506
11/98 [==>...........................] - ETA: 10s - loss: 2.4761 - accuracy: 0.1559
12/98 [==>...........................] - ETA: 10s - loss: 2.4635 - accuracy: 0.1574
13/98 [==>...........................] - ETA: 10s - loss: 2.4410 - accuracy: 0.1626
14/98 [===>..........................] - ETA: 10s - loss: 2.4259 - accuracy: 0.1680
15/98 [===>..........................] - ETA: 10s - loss: 2.4121 - accuracy: 0.1720
16/98 [===>..........................] - ETA: 10s - loss: 2.4005 - accuracy: 0.1761
17/98 [====>.........................] - ETA: 9s - loss: 2.3840 - accuracy: 0.1801 
18/98 [====>.........................] - ETA: 9s - loss: 2.3753 - accuracy: 0.1839
19/98 [====>.........................] - ETA: 9s - loss: 2.3655 - accuracy: 0.1874
20/98 [=====>........................] - ETA: 9s - loss: 2.3542 - accuracy: 0.1897
21/98 [=====>........................] - ETA: 9s - loss: 2.3409 - accuracy: 0.1948
22/98 [=====>........................] - ETA: 9s - loss: 2.3280 - accuracy: 0.1988
23/98 [======>.......................] - ETA: 9s - loss: 2.3138 - accuracy: 0.2030
24/98 [======>.......................] - ETA: 9s - loss: 2.3046 - accuracy: 0.2058
25/98 [======>.......................] - ETA: 8s - loss: 2.2943 - accuracy: 0.2091
26/98 [======>.......................] - ETA: 8s - loss: 2.2890 - accuracy: 0.2117
27/98 [=======>......................] - ETA: 8s - loss: 2.2820 - accuracy: 0.2136
28/98 [=======>......................] - ETA: 8s - loss: 2.2738 - accuracy: 0.2147
29/98 [=======>......................] - ETA: 8s - loss: 2.2641 - accuracy: 0.2175
30/98 [========>.....................] - ETA: 8s - loss: 2.2592 - accuracy: 0.2191
31/98 [========>.....................] - ETA: 8s - loss: 2.2547 - accuracy: 0.2204
32/98 [========>.....................] - ETA: 8s - loss: 2.2491 - accuracy: 0.2222
33/98 [=========>....................] - ETA: 8s - loss: 2.2443 - accuracy: 0.2235
34/98 [=========>....................] - ETA: 7s - loss: 2.2384 - accuracy: 0.2259
35/98 [=========>....................] - ETA: 7s - loss: 2.2358 - accuracy: 0.2276
36/98 [==========>...................] - ETA: 7s - loss: 2.2287 - accuracy: 0.2303
37/98 [==========>...................] - ETA: 7s - loss: 2.2227 - accuracy: 0.2321
38/98 [==========>...................] - ETA: 7s - loss: 2.2160 - accuracy: 0.2350
39/98 [==========>...................] - ETA: 7s - loss: 2.2106 - accuracy: 0.2371
40/98 [===========>..................] - ETA: 7s - loss: 2.2057 - accuracy: 0.2377
41/98 [===========>..................] - ETA: 7s - loss: 2.1995 - accuracy: 0.2388
42/98 [===========>..................] - ETA: 6s - loss: 2.1968 - accuracy: 0.2392
43/98 [============>.................] - ETA: 6s - loss: 2.1916 - accuracy: 0.2405
44/98 [============>.................] - ETA: 10s - loss: 2.1889 - accuracy: 0.2413
45/98 [============>.................] - ETA: 10s - loss: 2.1839 - accuracy: 0.2429
46/98 [=============>................] - ETA: 9s - loss: 2.1788 - accuracy: 0.2447 
47/98 [=============>................] - ETA: 9s - loss: 2.1763 - accuracy: 0.2458
48/98 [=============>................] - ETA: 9s - loss: 2.1737 - accuracy: 0.2468
49/98 [==============>...............] - ETA: 9s - loss: 2.1702 - accuracy: 0.2477
50/98 [==============>...............] - ETA: 8s - loss: 2.1673 - accuracy: 0.2485
51/98 [==============>...............] - ETA: 8s - loss: 2.1623 - accuracy: 0.2500
52/98 [==============>...............] - ETA: 8s - loss: 2.1581 - accuracy: 0.2511
53/98 [===============>..............] - ETA: 8s - loss: 2.1523 - accuracy: 0.2532
54/98 [===============>..............] - ETA: 7s - loss: 2.1463 - accuracy: 0.2554
55/98 [===============>..............] - ETA: 7s - loss: 2.1437 - accuracy: 0.2565
56/98 [================>.............] - ETA: 7s - loss: 2.1413 - accuracy: 0.2568
57/98 [================>.............] - ETA: 7s - loss: 2.1376 - accuracy: 0.2584
58/98 [================>.............] - ETA: 7s - loss: 2.1327 - accuracy: 0.2599
59/98 [=================>............] - ETA: 6s - loss: 2.1274 - accuracy: 0.2619
60/98 [=================>............] - ETA: 6s - loss: 2.1252 - accuracy: 0.2625
61/98 [=================>............] - ETA: 6s - loss: 2.1219 - accuracy: 0.2639
62/98 [=================>............] - ETA: 6s - loss: 2.1176 - accuracy: 0.2654
63/98 [==================>...........] - ETA: 6s - loss: 2.1134 - accuracy: 0.2668
64/98 [==================>...........] - ETA: 5s - loss: 2.1107 - accuracy: 0.2673
65/98 [==================>...........] - ETA: 5s - loss: 2.1079 - accuracy: 0.2682
66/98 [===================>..........] - ETA: 5s - loss: 2.1038 - accuracy: 0.2696
67/98 [===================>..........] - ETA: 5s - loss: 2.1013 - accuracy: 0.2704
68/98 [===================>..........] - ETA: 5s - loss: 2.0977 - accuracy: 0.2717
69/98 [====================>.........] - ETA: 4s - loss: 2.0935 - accuracy: 0.2729
70/98 [====================>.........] - ETA: 4s - loss: 2.0911 - accuracy: 0.2738
71/98 [====================>.........] - ETA: 4s - loss: 2.0873 - accuracy: 0.2751
72/98 [=====================>........] - ETA: 4s - loss: 2.0842 - accuracy: 0.2764
73/98 [=====================>........] - ETA: 4s - loss: 2.0821 - accuracy: 0.2768
74/98 [=====================>........] - ETA: 3s - loss: 2.0806 - accuracy: 0.2770
75/98 [=====================>........] - ETA: 3s - loss: 2.0776 - accuracy: 0.2781
76/98 [======================>.......] - ETA: 3s - loss: 2.0746 - accuracy: 0.2791
77/98 [======================>.......] - ETA: 3s - loss: 2.0716 - accuracy: 0.2801
78/98 [======================>.......] - ETA: 3s - loss: 2.0681 - accuracy: 0.2812
79/98 [=======================>......] - ETA: 3s - loss: 2.0647 - accuracy: 0.2820
80/98 [=======================>......] - ETA: 2s - loss: 2.0614 - accuracy: 0.2832
81/98 [=======================>......] - ETA: 2s - loss: 2.0583 - accuracy: 0.2840
82/98 [========================>.....] - ETA: 2s - loss: 2.0574 - accuracy: 0.2846
83/98 [========================>.....] - ETA: 2s - loss: 2.0541 - accuracy: 0.2854
84/98 [========================>.....] - ETA: 2s - loss: 2.0515 - accuracy: 0.2862
85/98 [=========================>....] - ETA: 2s - loss: 2.0495 - accuracy: 0.2867
86/98 [=========================>....] - ETA: 1s - loss: 2.0467 - accuracy: 0.2877
87/98 [=========================>....] - ETA: 1s - loss: 2.0434 - accuracy: 0.2886
88/98 [=========================>....] - ETA: 1s - loss: 2.0396 - accuracy: 0.2901
89/98 [==========================>...] - ETA: 1s - loss: 2.0372 - accuracy: 0.2906
90/98 [==========================>...] - ETA: 1s - loss: 2.0335 - accuracy: 0.2918
91/98 [==========================>...] - ETA: 1s - loss: 2.0314 - accuracy: 0.2926
92/98 [===========================>..] - ETA: 0s - loss: 2.0286 - accuracy: 0.2936
93/98 [===========================>..] - ETA: 0s - loss: 2.0270 - accuracy: 0.2942
94/98 [===========================>..] - ETA: 0s - loss: 2.0244 - accuracy: 0.2952
95/98 [============================>.] - ETA: 0s - loss: 2.0231 - accuracy: 0.2954
96/98 [============================>.] - ETA: 0s - loss: 2.0195 - accuracy: 0.2967
97/98 [============================>.] - ETA: 0s - loss: 2.0172 - accuracy: 0.2977
98/98 [==============================] - ETA: 0s - loss: 2.0153 - accuracy: 0.2982
98/98 [==============================] - 26s 174ms/step - loss: 2.0153 - accuracy: 0.2982 - val_loss: 2.2883 - val_accuracy: 0.1032
Epoch 2/226

 1/98 [..............................] - ETA: 12s - loss: 1.7290 - accuracy: 0.3691
 2/98 [..............................] - ETA: 11s - loss: 1.7499 - accuracy: 0.3779
 3/98 [..............................] - ETA: 10s - loss: 1.7590 - accuracy: 0.3737
 4/98 [>.............................] - ETA: 9s - loss: 1.7723 - accuracy: 0.3711 
 5/98 [>.............................] - ETA: 9s - loss: 1.7635 - accuracy: 0.3816
 6/98 [>.............................] - ETA: 9s - loss: 1.7517 - accuracy: 0.3844
 7/98 [=>............................] - ETA: 9s - loss: 1.7482 - accuracy: 0.3873
 8/98 [=>............................] - ETA: 9s - loss: 1.7432 - accuracy: 0.3892
 9/98 [=>............................] - ETA: 9s - loss: 1.7395 - accuracy: 0.3891
10/98 [==>...........................] - ETA: 9s - loss: 1.7367 - accuracy: 0.3896
11/98 [==>...........................] - ETA: 8s - loss: 1.7354 - accuracy: 0.3894
12/98 [==>...........................] - ETA: 8s - loss: 1.7280 - accuracy: 0.3918
13/98 [==>...........................] - ETA: 8s - loss: 1.7271 - accuracy: 0.3923
14/98 [===>..........................] - ETA: 8s - loss: 1.7281 - accuracy: 0.3924
15/98 [===>..........................] - ETA: 8s - loss: 1.7274 - accuracy: 0.3939
16/98 [===>..........................] - ETA: 8s - loss: 1.7251 - accuracy: 0.3927
17/98 [====>.........................] - ETA: 8s - loss: 1.7276 - accuracy: 0.3914
18/98 [====>.........................] - ETA: 8s - loss: 1.7272 - accuracy: 0.3900
19/98 [====>.........................] - ETA: 7s - loss: 1.7277 - accuracy: 0.3912
20/98 [=====>........................] - ETA: 7s - loss: 1.7258 - accuracy: 0.3918
21/98 [=====>........................] - ETA: 7s - loss: 1.7246 - accuracy: 0.3918
22/98 [=====>........................] - ETA: 7s - loss: 1.7292 - accuracy: 0.3900
23/98 [======>.......................] - ETA: 7s - loss: 1.7308 - accuracy: 0.3889
24/98 [======>.......................] - ETA: 7s - loss: 1.7295 - accuracy: 0.3887
25/98 [======>.......................] - ETA: 7s - loss: 1.7268 - accuracy: 0.3893
26/98 [======>.......................] - ETA: 7s - loss: 1.7266 - accuracy: 0.3895
27/98 [=======>......................] - ETA: 7s - loss: 1.7252 - accuracy: 0.3897
28/98 [=======>......................] - ETA: 7s - loss: 1.7265 - accuracy: 0.3898
29/98 [=======>......................] - ETA: 7s - loss: 1.7263 - accuracy: 0.3903
30/98 [========>.....................] - ETA: 7s - loss: 1.7278 - accuracy: 0.3897
31/98 [========>.....................] - ETA: 7s - loss: 1.7253 - accuracy: 0.3910
32/98 [========>.....................] - ETA: 7s - loss: 1.7250 - accuracy: 0.3915
33/98 [=========>....................] - ETA: 7s - loss: 1.7241 - accuracy: 0.3924
34/98 [=========>....................] - ETA: 6s - loss: 1.7217 - accuracy: 0.3929
35/98 [=========>....................] - ETA: 6s - loss: 1.7202 - accuracy: 0.3931
36/98 [==========>...................] - ETA: 6s - loss: 1.7206 - accuracy: 0.3927
37/98 [==========>...................] - ETA: 6s - loss: 1.7179 - accuracy: 0.3937
38/98 [==========>...................] - ETA: 6s - loss: 1.7165 - accuracy: 0.3941
39/98 [==========>...................] - ETA: 6s - loss: 1.7157 - accuracy: 0.3948
40/98 [===========>..................] - ETA: 6s - loss: 1.7173 - accuracy: 0.3941
41/98 [===========>..................] - ETA: 6s - loss: 1.7156 - accuracy: 0.3948
42/98 [===========>..................] - ETA: 6s - loss: 1.7154 - accuracy: 0.3948
43/98 [============>.................] - ETA: 6s - loss: 1.7124 - accuracy: 0.3959
44/98 [============>.................] - ETA: 6s - loss: 1.7102 - accuracy: 0.3964
45/98 [============>.................] - ETA: 5s - loss: 1.7091 - accuracy: 0.3968
46/98 [=============>................] - ETA: 5s - loss: 1.7068 - accuracy: 0.3975
47/98 [=============>................] - ETA: 5s - loss: 1.7074 - accuracy: 0.3978
48/98 [=============>................] - ETA: 5s - loss: 1.7074 - accuracy: 0.3979
49/98 [==============>...............] - ETA: 5s - loss: 1.7060 - accuracy: 0.3982
50/98 [==============>...............] - ETA: 5s - loss: 1.7045 - accuracy: 0.3989
51/98 [==============>...............] - ETA: 5s - loss: 1.7030 - accuracy: 0.3992
52/98 [==============>...............] - ETA: 5s - loss: 1.7031 - accuracy: 0.3991
53/98 [===============>..............] - ETA: 5s - loss: 1.7033 - accuracy: 0.3993
54/98 [===============>..............] - ETA: 5s - loss: 1.7040 - accuracy: 0.3989
55/98 [===============>..............] - ETA: 4s - loss: 1.7033 - accuracy: 0.3999
56/98 [================>.............] - ETA: 4s - loss: 1.7028 - accuracy: 0.3998
57/98 [================>.............] - ETA: 4s - loss: 1.7028 - accuracy: 0.4002
58/98 [================>.............] - ETA: 4s - loss: 1.7019 - accuracy: 0.4002
59/98 [=================>............] - ETA: 4s - loss: 1.7012 - accuracy: 0.4005
60/98 [=================>............] - ETA: 4s - loss: 1.7020 - accuracy: 0.4003
61/98 [=================>............] - ETA: 4s - loss: 1.7024 - accuracy: 0.4003
62/98 [=================>............] - ETA: 4s - loss: 1.7010 - accuracy: 0.4007
63/98 [==================>...........] - ETA: 4s - loss: 1.7011 - accuracy: 0.4011
64/98 [==================>...........] - ETA: 3s - loss: 1.6995 - accuracy: 0.4014
65/98 [==================>...........] - ETA: 3s - loss: 1.6989 - accuracy: 0.4014
66/98 [===================>..........] - ETA: 3s - loss: 1.6973 - accuracy: 0.4021
67/98 [===================>..........] - ETA: 3s - loss: 1.6974 - accuracy: 0.4020
68/98 [===================>..........] - ETA: 3s - loss: 1.6973 - accuracy: 0.4022
69/98 [====================>.........] - ETA: 3s - loss: 1.6965 - accuracy: 0.4020
70/98 [====================>.........] - ETA: 3s - loss: 1.6948 - accuracy: 0.4026
71/98 [====================>.........] - ETA: 3s - loss: 1.6949 - accuracy: 0.4025
72/98 [=====================>........] - ETA: 3s - loss: 1.6955 - accuracy: 0.4026
73/98 [=====================>........] - ETA: 2s - loss: 1.6947 - accuracy: 0.4026
74/98 [=====================>........] - ETA: 2s - loss: 1.6933 - accuracy: 0.4034
75/98 [=====================>........] - ETA: 2s - loss: 1.6915 - accuracy: 0.4042
76/98 [======================>.......] - ETA: 2s - loss: 1.6906 - accuracy: 0.4047
77/98 [======================>.......] - ETA: 2s - loss: 1.6907 - accuracy: 0.4046
78/98 [======================>.......] - ETA: 2s - loss: 1.6895 - accuracy: 0.4051
79/98 [=======================>......] - ETA: 2s - loss: 1.6889 - accuracy: 0.4053
80/98 [=======================>......] - ETA: 2s - loss: 1.6886 - accuracy: 0.4053
81/98 [=======================>......] - ETA: 2s - loss: 1.6882 - accuracy: 0.4056
82/98 [========================>.....] - ETA: 1s - loss: 1.6877 - accuracy: 0.4058
83/98 [========================>.....] - ETA: 1s - loss: 1.6873 - accuracy: 0.4062
84/98 [========================>.....] - ETA: 1s - loss: 1.6862 - accuracy: 0.4063
85/98 [=========================>....] - ETA: 1s - loss: 1.6851 - accuracy: 0.4070
86/98 [=========================>....] - ETA: 1s - loss: 1.6842 - accuracy: 0.4073
87/98 [=========================>....] - ETA: 1s - loss: 1.6828 - accuracy: 0.4078
88/98 [=========================>....] - ETA: 1s - loss: 1.6830 - accuracy: 0.4078
89/98 [==========================>...] - ETA: 1s - loss: 1.6820 - accuracy: 0.4083
90/98 [==========================>...] - ETA: 0s - loss: 1.6815 - accuracy: 0.4083
91/98 [==========================>...] - ETA: 0s - loss: 1.6808 - accuracy: 0.4086
92/98 [===========================>..] - ETA: 0s - loss: 1.6800 - accuracy: 0.4089
93/98 [===========================>..] - ETA: 0s - loss: 1.6794 - accuracy: 0.4091
94/98 [===========================>..] - ETA: 0s - loss: 1.6785 - accuracy: 0.4095
95/98 [============================>.] - ETA: 0s - loss: 1.6787 - accuracy: 0.4097
96/98 [============================>.] - ETA: 0s - loss: 1.6784 - accuracy: 0.4098
97/98 [============================>.] - ETA: 0s - loss: 1.6776 - accuracy: 0.4101
98/98 [==============================] - ETA: 0s - loss: 1.6764 - accuracy: 0.4105
98/98 [==============================] - 13s 132ms/step - loss: 1.6764 - accuracy: 0.4105 - val_loss: 2.3615 - val_accuracy: 0.1221
Epoch 3/226

 1/98 [..............................] - ETA: 9s - loss: 1.5124 - accuracy: 0.4673
 2/98 [..............................] - ETA: 12s - loss: 1.5323 - accuracy: 0.4575
 3/98 [..............................] - ETA: 11s - loss: 1.5655 - accuracy: 0.4493
 4/98 [>.............................] - ETA: 11s - loss: 1.5980 - accuracy: 0.4359
 5/98 [>.............................] - ETA: 11s - loss: 1.5978 - accuracy: 0.4413
 6/98 [>.............................] - ETA: 11s - loss: 1.5738 - accuracy: 0.4496
 7/98 [=>............................] - ETA: 11s - loss: 1.5622 - accuracy: 0.4513
 8/98 [=>............................] - ETA: 11s - loss: 1.5647 - accuracy: 0.4480
 9/98 [=>............................] - ETA: 10s - loss: 1.5687 - accuracy: 0.4472
10/98 [==>...........................] - ETA: 10s - loss: 1.5790 - accuracy: 0.4462
11/98 [==>...........................] - ETA: 10s - loss: 1.5758 - accuracy: 0.4478
12/98 [==>...........................] - ETA: 10s - loss: 1.5699 - accuracy: 0.4516
13/98 [==>...........................] - ETA: 10s - loss: 1.5717 - accuracy: 0.4475
14/98 [===>..........................] - ETA: 10s - loss: 1.5721 - accuracy: 0.4465
15/98 [===>..........................] - ETA: 10s - loss: 1.5662 - accuracy: 0.4475
16/98 [===>..........................] - ETA: 10s - loss: 1.5662 - accuracy: 0.4479
17/98 [====>.........................] - ETA: 9s - loss: 1.5687 - accuracy: 0.4466 
18/98 [====>.........................] - ETA: 9s - loss: 1.5670 - accuracy: 0.4479
19/98 [====>.........................] - ETA: 9s - loss: 1.5683 - accuracy: 0.4478
20/98 [=====>........................] - ETA: 9s - loss: 1.5652 - accuracy: 0.4488
21/98 [=====>........................] - ETA: 9s - loss: 1.5649 - accuracy: 0.4491
22/98 [=====>........................] - ETA: 9s - loss: 1.5649 - accuracy: 0.4485
23/98 [======>.......................] - ETA: 9s - loss: 1.5621 - accuracy: 0.4495
24/98 [======>.......................] - ETA: 9s - loss: 1.5621 - accuracy: 0.4496
25/98 [======>.......................] - ETA: 8s - loss: 1.5642 - accuracy: 0.4495
26/98 [======>.......................] - ETA: 8s - loss: 1.5645 - accuracy: 0.4493
27/98 [=======>......................] - ETA: 8s - loss: 1.5625 - accuracy: 0.4503
28/98 [=======>......................] - ETA: 8s - loss: 1.5611 - accuracy: 0.4496
29/98 [=======>......................] - ETA: 8s - loss: 1.5602 - accuracy: 0.4496
30/98 [========>.....................] - ETA: 8s - loss: 1.5606 - accuracy: 0.4493
31/98 [========>.....................] - ETA: 8s - loss: 1.5610 - accuracy: 0.4489
32/98 [========>.....................] - ETA: 8s - loss: 1.5611 - accuracy: 0.4489
33/98 [=========>....................] - ETA: 8s - loss: 1.5607 - accuracy: 0.4495
34/98 [=========>....................] - ETA: 7s - loss: 1.5610 - accuracy: 0.4504
35/98 [=========>....................] - ETA: 7s - loss: 1.5591 - accuracy: 0.4519
36/98 [==========>...................] - ETA: 7s - loss: 1.5602 - accuracy: 0.4520
37/98 [==========>...................] - ETA: 7s - loss: 1.5603 - accuracy: 0.4517
38/98 [==========>...................] - ETA: 7s - loss: 1.5618 - accuracy: 0.4517
39/98 [==========>...................] - ETA: 7s - loss: 1.5608 - accuracy: 0.4519
40/98 [===========>..................] - ETA: 7s - loss: 1.5606 - accuracy: 0.4518
41/98 [===========>..................] - ETA: 7s - loss: 1.5612 - accuracy: 0.4518
42/98 [===========>..................] - ETA: 6s - loss: 1.5625 - accuracy: 0.4513
43/98 [============>.................] - ETA: 6s - loss: 1.5629 - accuracy: 0.4505
44/98 [============>.................] - ETA: 6s - loss: 1.5630 - accuracy: 0.4505
45/98 [============>.................] - ETA: 6s - loss: 1.5615 - accuracy: 0.4508
46/98 [=============>................] - ETA: 6s - loss: 1.5605 - accuracy: 0.4514
47/98 [=============>................] - ETA: 6s - loss: 1.5596 - accuracy: 0.4518
48/98 [=============>................] - ETA: 6s - loss: 1.5599 - accuracy: 0.4516
49/98 [==============>...............] - ETA: 6s - loss: 1.5608 - accuracy: 0.4509
50/98 [==============>...............] - ETA: 5s - loss: 1.5612 - accuracy: 0.4508
51/98 [==============>...............] - ETA: 5s - loss: 1.5600 - accuracy: 0.4512
52/98 [==============>...............] - ETA: 5s - loss: 1.5598 - accuracy: 0.4514
53/98 [===============>..............] - ETA: 5s - loss: 1.5599 - accuracy: 0.4514
54/98 [===============>..............] - ETA: 5s - loss: 1.5583 - accuracy: 0.4512
55/98 [===============>..............] - ETA: 5s - loss: 1.5580 - accuracy: 0.4514
56/98 [================>.............] - ETA: 5s - loss: 1.5583 - accuracy: 0.4514
57/98 [================>.............] - ETA: 5s - loss: 1.5569 - accuracy: 0.4522
58/98 [================>.............] - ETA: 4s - loss: 1.5559 - accuracy: 0.4524
59/98 [=================>............] - ETA: 4s - loss: 1.5561 - accuracy: 0.4522
60/98 [=================>............] - ETA: 4s - loss: 1.5555 - accuracy: 0.4525
61/98 [=================>............] - ETA: 4s - loss: 1.5556 - accuracy: 0.4525
62/98 [=================>............] - ETA: 4s - loss: 1.5550 - accuracy: 0.4529
63/98 [==================>...........] - ETA: 4s - loss: 1.5546 - accuracy: 0.4533
64/98 [==================>...........] - ETA: 4s - loss: 1.5545 - accuracy: 0.4531
65/98 [==================>...........] - ETA: 4s - loss: 1.5541 - accuracy: 0.4535
66/98 [===================>..........] - ETA: 3s - loss: 1.5538 - accuracy: 0.4539
67/98 [===================>..........] - ETA: 3s - loss: 1.5523 - accuracy: 0.4542
68/98 [===================>..........] - ETA: 3s - loss: 1.5510 - accuracy: 0.4543
69/98 [====================>.........] - ETA: 3s - loss: 1.5511 - accuracy: 0.4544
70/98 [====================>.........] - ETA: 3s - loss: 1.5514 - accuracy: 0.4543
71/98 [====================>.........] - ETA: 3s - loss: 1.5516 - accuracy: 0.4544
72/98 [=====================>........] - ETA: 3s - loss: 1.5502 - accuracy: 0.4551
73/98 [=====================>........] - ETA: 3s - loss: 1.5497 - accuracy: 0.4554
74/98 [=====================>........] - ETA: 2s - loss: 1.5496 - accuracy: 0.4551
75/98 [=====================>........] - ETA: 2s - loss: 1.5492 - accuracy: 0.4549
76/98 [======================>.......] - ETA: 2s - loss: 1.5483 - accuracy: 0.4554
77/98 [======================>.......] - ETA: 2s - loss: 1.5480 - accuracy: 0.4556
78/98 [======================>.......] - ETA: 2s - loss: 1.5487 - accuracy: 0.4551
79/98 [=======================>......] - ETA: 2s - loss: 1.5486 - accuracy: 0.4552
80/98 [=======================>......] - ETA: 2s - loss: 1.5487 - accuracy: 0.4546
81/98 [=======================>......] - ETA: 2s - loss: 1.5498 - accuracy: 0.4544
82/98 [========================>.....] - ETA: 1s - loss: 1.5469 - accuracy: 0.4558
83/98 [========================>.....] - ETA: 1s - loss: 1.5472 - accuracy: 0.4553
84/98 [========================>.....] - ETA: 1s - loss: 1.5462 - accuracy: 0.4554
85/98 [=========================>....] - ETA: 1s - loss: 1.5461 - accuracy: 0.4553
86/98 [=========================>....] - ETA: 1s - loss: 1.5461 - accuracy: 0.4553
87/98 [=========================>....] - ETA: 1s - loss: 1.5451 - accuracy: 0.4557
88/98 [=========================>....] - ETA: 1s - loss: 1.5450 - accuracy: 0.4557
89/98 [==========================>...] - ETA: 1s - loss: 1.5446 - accuracy: 0.4560
90/98 [==========================>...] - ETA: 0s - loss: 1.5444 - accuracy: 0.4559
91/98 [==========================>...] - ETA: 0s - loss: 1.5436 - accuracy: 0.4564
92/98 [===========================>..] - ETA: 0s - loss: 1.5418 - accuracy: 0.4569
93/98 [===========================>..] - ETA: 0s - loss: 1.5423 - accuracy: 0.4568
94/98 [===========================>..] - ETA: 0s - loss: 1.5414 - accuracy: 0.4570
95/98 [============================>.] - ETA: 0s - loss: 1.5409 - accuracy: 0.4572
96/98 [============================>.] - ETA: 0s - loss: 1.5411 - accuracy: 0.4575
97/98 [============================>.] - ETA: 0s - loss: 1.5401 - accuracy: 0.4578
98/98 [==============================] - ETA: 0s - loss: 1.5390 - accuracy: 0.4580
98/98 [==============================] - 13s 137ms/step - loss: 1.5390 - accuracy: 0.4580 - val_loss: 2.4263 - val_accuracy: 0.1168
Epoch 4/226

 1/98 [..............................] - ETA: 13s - loss: 1.4006 - accuracy: 0.5137
 2/98 [..............................] - ETA: 12s - loss: 1.4268 - accuracy: 0.5059
 3/98 [..............................] - ETA: 11s - loss: 1.4601 - accuracy: 0.4993
 4/98 [>.............................] - ETA: 11s - loss: 1.4459 - accuracy: 0.4995
 5/98 [>.............................] - ETA: 11s - loss: 1.4409 - accuracy: 0.4965
 6/98 [>.............................] - ETA: 11s - loss: 1.4648 - accuracy: 0.4857
 7/98 [=>............................] - ETA: 11s - loss: 1.4636 - accuracy: 0.4830
 8/98 [=>............................] - ETA: 11s - loss: 1.4661 - accuracy: 0.4802
 9/98 [=>............................] - ETA: 10s - loss: 1.4711 - accuracy: 0.4781
10/98 [==>...........................] - ETA: 10s - loss: 1.4674 - accuracy: 0.4795
11/98 [==>...........................] - ETA: 10s - loss: 1.4645 - accuracy: 0.4822
12/98 [==>...........................] - ETA: 10s - loss: 1.4594 - accuracy: 0.4840
13/98 [==>...........................] - ETA: 10s - loss: 1.4573 - accuracy: 0.4857
14/98 [===>..........................] - ETA: 10s - loss: 1.4556 - accuracy: 0.4862
15/98 [===>..........................] - ETA: 10s - loss: 1.4612 - accuracy: 0.4842
16/98 [===>..........................] - ETA: 10s - loss: 1.4590 - accuracy: 0.4857
17/98 [====>.........................] - ETA: 10s - loss: 1.4603 - accuracy: 0.4861
18/98 [====>.........................] - ETA: 9s - loss: 1.4590 - accuracy: 0.4870 
19/98 [====>.........................] - ETA: 9s - loss: 1.4569 - accuracy: 0.4859
20/98 [=====>........................] - ETA: 9s - loss: 1.4549 - accuracy: 0.4855
21/98 [=====>........................] - ETA: 9s - loss: 1.4542 - accuracy: 0.4857
22/98 [=====>........................] - ETA: 9s - loss: 1.4529 - accuracy: 0.4869
23/98 [======>.......................] - ETA: 9s - loss: 1.4528 - accuracy: 0.4871
24/98 [======>.......................] - ETA: 9s - loss: 1.4519 - accuracy: 0.4874
25/98 [======>.......................] - ETA: 9s - loss: 1.4522 - accuracy: 0.4884
26/98 [======>.......................] - ETA: 8s - loss: 1.4493 - accuracy: 0.4896
27/98 [=======>......................] - ETA: 8s - loss: 1.4514 - accuracy: 0.4892
28/98 [=======>......................] - ETA: 8s - loss: 1.4567 - accuracy: 0.4870
29/98 [=======>......................] - ETA: 8s - loss: 1.4553 - accuracy: 0.4871
30/98 [========>.....................] - ETA: 8s - loss: 1.4530 - accuracy: 0.4874
31/98 [========>.....................] - ETA: 7s - loss: 1.4531 - accuracy: 0.4873
32/98 [========>.....................] - ETA: 7s - loss: 1.4501 - accuracy: 0.4890
33/98 [=========>....................] - ETA: 7s - loss: 1.4524 - accuracy: 0.4881
34/98 [=========>....................] - ETA: 7s - loss: 1.4508 - accuracy: 0.4887
35/98 [=========>....................] - ETA: 7s - loss: 1.4489 - accuracy: 0.4888
36/98 [==========>...................] - ETA: 7s - loss: 1.4486 - accuracy: 0.4888
37/98 [==========>...................] - ETA: 7s - loss: 1.4503 - accuracy: 0.4881
38/98 [==========>...................] - ETA: 6s - loss: 1.4476 - accuracy: 0.4889
39/98 [==========>...................] - ETA: 6s - loss: 1.4454 - accuracy: 0.4902
40/98 [===========>..................] - ETA: 6s - loss: 1.4469 - accuracy: 0.4902
41/98 [===========>..................] - ETA: 6s - loss: 1.4472 - accuracy: 0.4897
42/98 [===========>..................] - ETA: 6s - loss: 1.4462 - accuracy: 0.4899
43/98 [============>.................] - ETA: 6s - loss: 1.4452 - accuracy: 0.4901
44/98 [============>.................] - ETA: 6s - loss: 1.4425 - accuracy: 0.4912
45/98 [============>.................] - ETA: 6s - loss: 1.4419 - accuracy: 0.4911
46/98 [=============>................] - ETA: 5s - loss: 1.4405 - accuracy: 0.4919
47/98 [=============>................] - ETA: 5s - loss: 1.4401 - accuracy: 0.4920
48/98 [=============>................] - ETA: 5s - loss: 1.4395 - accuracy: 0.4921
49/98 [==============>...............] - ETA: 5s - loss: 1.4399 - accuracy: 0.4921
50/98 [==============>...............] - ETA: 5s - loss: 1.4401 - accuracy: 0.4916
51/98 [==============>...............] - ETA: 5s - loss: 1.4403 - accuracy: 0.4915
52/98 [==============>...............] - ETA: 5s - loss: 1.4395 - accuracy: 0.4920
53/98 [===============>..............] - ETA: 5s - loss: 1.4404 - accuracy: 0.4920
54/98 [===============>..............] - ETA: 5s - loss: 1.4409 - accuracy: 0.4913
55/98 [===============>..............] - ETA: 4s - loss: 1.4406 - accuracy: 0.4916
56/98 [================>.............] - ETA: 4s - loss: 1.4401 - accuracy: 0.4918
57/98 [================>.............] - ETA: 4s - loss: 1.4391 - accuracy: 0.4922
58/98 [================>.............] - ETA: 4s - loss: 1.4401 - accuracy: 0.4917
59/98 [=================>............] - ETA: 4s - loss: 1.4378 - accuracy: 0.4929
60/98 [=================>............] - ETA: 4s - loss: 1.4374 - accuracy: 0.4931
61/98 [=================>............] - ETA: 4s - loss: 1.4384 - accuracy: 0.4926
62/98 [=================>............] - ETA: 4s - loss: 1.4382 - accuracy: 0.4933
63/98 [==================>...........] - ETA: 4s - loss: 1.4372 - accuracy: 0.4940
64/98 [==================>...........] - ETA: 3s - loss: 1.4372 - accuracy: 0.4942
65/98 [==================>...........] - ETA: 3s - loss: 1.4386 - accuracy: 0.4935
66/98 [===================>..........] - ETA: 3s - loss: 1.4385 - accuracy: 0.4932
67/98 [===================>..........] - ETA: 3s - loss: 1.4377 - accuracy: 0.4931
68/98 [===================>..........] - ETA: 3s - loss: 1.4377 - accuracy: 0.4927
69/98 [====================>.........] - ETA: 3s - loss: 1.4373 - accuracy: 0.4931
70/98 [====================>.........] - ETA: 3s - loss: 1.4373 - accuracy: 0.4931
71/98 [====================>.........] - ETA: 3s - loss: 1.4365 - accuracy: 0.4934
72/98 [=====================>........] - ETA: 3s - loss: 1.4361 - accuracy: 0.4935
73/98 [=====================>........] - ETA: 2s - loss: 1.4372 - accuracy: 0.4933
74/98 [=====================>........] - ETA: 2s - loss: 1.4378 - accuracy: 0.4932
75/98 [=====================>........] - ETA: 2s - loss: 1.4376 - accuracy: 0.4932
76/98 [======================>.......] - ETA: 2s - loss: 1.4369 - accuracy: 0.4937
77/98 [======================>.......] - ETA: 2s - loss: 1.4376 - accuracy: 0.4938
78/98 [======================>.......] - ETA: 2s - loss: 1.4381 - accuracy: 0.4934
79/98 [=======================>......] - ETA: 2s - loss: 1.4390 - accuracy: 0.4932
80/98 [=======================>......] - ETA: 2s - loss: 1.4385 - accuracy: 0.4931
81/98 [=======================>......] - ETA: 1s - loss: 1.4391 - accuracy: 0.4930
82/98 [========================>.....] - ETA: 1s - loss: 1.4380 - accuracy: 0.4934
83/98 [========================>.....] - ETA: 1s - loss: 1.4379 - accuracy: 0.4933
84/98 [========================>.....] - ETA: 1s - loss: 1.4378 - accuracy: 0.4934
85/98 [=========================>....] - ETA: 1s - loss: 1.4384 - accuracy: 0.4929
86/98 [=========================>....] - ETA: 1s - loss: 1.4372 - accuracy: 0.4933
87/98 [=========================>....] - ETA: 1s - loss: 1.4362 - accuracy: 0.4936
88/98 [=========================>....] - ETA: 1s - loss: 1.4360 - accuracy: 0.4935
89/98 [==========================>...] - ETA: 1s - loss: 1.4354 - accuracy: 0.4936
90/98 [==========================>...] - ETA: 0s - loss: 1.4353 - accuracy: 0.4935
91/98 [==========================>...] - ETA: 0s - loss: 1.4352 - accuracy: 0.4937
92/98 [===========================>..] - ETA: 0s - loss: 1.4352 - accuracy: 0.4937
93/98 [===========================>..] - ETA: 0s - loss: 1.4349 - accuracy: 0.4936
94/98 [===========================>..] - ETA: 0s - loss: 1.4347 - accuracy: 0.4937
95/98 [============================>.] - ETA: 0s - loss: 1.4349 - accuracy: 0.4937
96/98 [============================>.] - ETA: 0s - loss: 1.4348 - accuracy: 0.4937
97/98 [============================>.] - ETA: 0s - loss: 1.4341 - accuracy: 0.4940
98/98 [==============================] - ETA: 0s - loss: 1.4336 - accuracy: 0.4942
98/98 [==============================] - 13s 132ms/step - loss: 1.4336 - accuracy: 0.4942 - val_loss: 2.1438 - val_accuracy: 0.2290
Epoch 5/226

 1/98 [..............................] - ETA: 12s - loss: 1.2971 - accuracy: 0.5371
 2/98 [..............................] - ETA: 11s - loss: 1.3551 - accuracy: 0.5176
 3/98 [..............................] - ETA: 11s - loss: 1.3758 - accuracy: 0.5189
 4/98 [>.............................] - ETA: 11s - loss: 1.3654 - accuracy: 0.5215
 5/98 [>.............................] - ETA: 11s - loss: 1.3627 - accuracy: 0.5219
 6/98 [>.............................] - ETA: 11s - loss: 1.3525 - accuracy: 0.5290
 7/98 [=>............................] - ETA: 11s - loss: 1.3614 - accuracy: 0.5251
 8/98 [=>............................] - ETA: 11s - loss: 1.3589 - accuracy: 0.5249
 9/98 [=>............................] - ETA: 11s - loss: 1.3574 - accuracy: 0.5269
10/98 [==>...........................] - ETA: 11s - loss: 1.3527 - accuracy: 0.5277
11/98 [==>...........................] - ETA: 10s - loss: 1.3597 - accuracy: 0.5245
12/98 [==>...........................] - ETA: 10s - loss: 1.3609 - accuracy: 0.5238
13/98 [==>...........................] - ETA: 10s - loss: 1.3595 - accuracy: 0.5245
14/98 [===>..........................] - ETA: 10s - loss: 1.3657 - accuracy: 0.5232
15/98 [===>..........................] - ETA: 10s - loss: 1.3619 - accuracy: 0.5255
16/98 [===>..........................] - ETA: 10s - loss: 1.3567 - accuracy: 0.5256
17/98 [====>.........................] - ETA: 10s - loss: 1.3641 - accuracy: 0.5224
18/98 [====>.........................] - ETA: 10s - loss: 1.3673 - accuracy: 0.5209
19/98 [====>.........................] - ETA: 9s - loss: 1.3667 - accuracy: 0.5204 
20/98 [=====>........................] - ETA: 9s - loss: 1.3658 - accuracy: 0.5214
21/98 [=====>........................] - ETA: 9s - loss: 1.3630 - accuracy: 0.5224
22/98 [=====>........................] - ETA: 9s - loss: 1.3671 - accuracy: 0.5191
23/98 [======>.......................] - ETA: 9s - loss: 1.3693 - accuracy: 0.5189
24/98 [======>.......................] - ETA: 9s - loss: 1.3700 - accuracy: 0.5178
25/98 [======>.......................] - ETA: 9s - loss: 1.3721 - accuracy: 0.5170
26/98 [======>.......................] - ETA: 8s - loss: 1.3714 - accuracy: 0.5168
27/98 [=======>......................] - ETA: 8s - loss: 1.3726 - accuracy: 0.5159
28/98 [=======>......................] - ETA: 8s - loss: 1.3712 - accuracy: 0.5156
29/98 [=======>......................] - ETA: 8s - loss: 1.3711 - accuracy: 0.5160
30/98 [========>.....................] - ETA: 8s - loss: 1.3709 - accuracy: 0.5156
31/98 [========>.....................] - ETA: 8s - loss: 1.3702 - accuracy: 0.5161
32/98 [========>.....................] - ETA: 8s - loss: 1.3709 - accuracy: 0.5155
33/98 [=========>....................] - ETA: 8s - loss: 1.3717 - accuracy: 0.5154
34/98 [=========>....................] - ETA: 7s - loss: 1.3709 - accuracy: 0.5156
35/98 [=========>....................] - ETA: 7s - loss: 1.3730 - accuracy: 0.5155
36/98 [==========>...................] - ETA: 7s - loss: 1.3739 - accuracy: 0.5147
37/98 [==========>...................] - ETA: 7s - loss: 1.3770 - accuracy: 0.5140
38/98 [==========>...................] - ETA: 7s - loss: 1.3737 - accuracy: 0.5154
39/98 [==========>...................] - ETA: 7s - loss: 1.3728 - accuracy: 0.5156
