2024-07-27 20:35:34.915706: I tensorflow/core/platform/cpu_feature_guard.cc:193] This TensorFlow binary is optimized with oneAPI Deep Neural Network Library (oneDNN) to use the following CPU instructions in performance-critical operations:  AVX AVX2
To enable them in other operations, rebuild TensorFlow with the appropriate compiler flags.
2024-07-27 20:35:35.536146: I tensorflow/core/common_runtime/gpu/gpu_device.cc:1616] Created device /job:localhost/replica:0/task:0/device:GPU:0 with 6656 MB memory:  -> device: 0, name: NVIDIA GeForce RTX 4060 Ti, pci bus id: 0000:01:00.0, compute capability: 8.9
1 Physical GPUs, 1 Logical GPUs
Model: "sequential"
_________________________________________________________________
 Layer (type)                Output Shape              Param #   
=================================================================
 conv2d (Conv2D)             (None, 32, 32, 32)        896       
                                                                 
 conv2d_1 (Conv2D)           (None, 32, 32, 32)        25632     
                                                                 
 max_pooling2d (MaxPooling2D  (None, 16, 16, 32)       0         
 )                                                               
                                                                 
 batch_normalization (BatchN  (None, 16, 16, 32)       128       
 ormalization)                                                   
                                                                 
 conv2d_2 (Conv2D)           (None, 16, 16, 128)       102528    
                                                                 
 conv2d_3 (Conv2D)           (None, 16, 16, 128)       409728    
                                                                 
 batch_normalization_1 (Batc  (None, 16, 16, 128)      512       
 hNormalization)                                                 
                                                                 
 dropout (Dropout)           (None, 16, 16, 128)       0         
                                                                 
 flatten (Flatten)           (None, 32768)             0         
                                                                 
 dense (Dense)               (None, 110)               3604590   
                                                                 
 dropout_1 (Dropout)         (None, 110)               0         
                                                                 
 dense_1 (Dense)             (None, 10)                1110      
                                                                 
=================================================================
Total params: 4,145,124
Trainable params: 4,144,804
Non-trainable params: 320
_________________________________________________________________
Taxa de aprendizado:  1e-05 Num de épocas:  226 Tamanho do lote:  512 Dropout:  0.19
Epoch 1/226
2024-07-27 20:35:36.999035: I tensorflow/stream_executor/cuda/cuda_dnn.cc:384] Loaded cuDNN version 8100
2024-07-27 20:35:37.931847: W tensorflow/stream_executor/gpu/redzone_allocator.cc:314] INTERNAL: ptxas exited with non-zero error code -1, output: 
Relying on driver to perform ptx compilation. 
Modify $PATH to customize ptxas location.
This message will be only logged once.
2024-07-27 20:35:39.724262: I tensorflow/stream_executor/cuda/cuda_blas.cc:1614] TensorFloat-32 will be used for the matrix multiplication. This will only be logged once.

 1/98 [..............................] - ETA: 11:15 - loss: 2.8017 - accuracy: 0.0781
 2/98 [..............................] - ETA: 9s - loss: 2.7685 - accuracy: 0.0947   
 3/98 [..............................] - ETA: 9s - loss: 2.7402 - accuracy: 0.1029
 4/98 [>.............................] - ETA: 9s - loss: 2.7102 - accuracy: 0.1113
 5/98 [>.............................] - ETA: 9s - loss: 2.6755 - accuracy: 0.1125
 6/98 [>.............................] - ETA: 9s - loss: 2.6368 - accuracy: 0.1211
 7/98 [=>............................] - ETA: 9s - loss: 2.6023 - accuracy: 0.1289
 8/98 [=>............................] - ETA: 9s - loss: 2.5750 - accuracy: 0.1326
 9/98 [=>............................] - ETA: 8s - loss: 2.5513 - accuracy: 0.1382
10/98 [==>...........................] - ETA: 33s - loss: 2.5421 - accuracy: 0.1404
11/98 [==>...........................] - ETA: 30s - loss: 2.5216 - accuracy: 0.1446
12/98 [==>...........................] - ETA: 28s - loss: 2.4982 - accuracy: 0.1495
13/98 [==>...........................] - ETA: 26s - loss: 2.4812 - accuracy: 0.1557
14/98 [===>..........................] - ETA: 24s - loss: 2.4668 - accuracy: 0.1596
15/98 [===>..........................] - ETA: 23s - loss: 2.4508 - accuracy: 0.1646
16/98 [===>..........................] - ETA: 21s - loss: 2.4350 - accuracy: 0.1702
17/98 [====>.........................] - ETA: 20s - loss: 2.4190 - accuracy: 0.1741
18/98 [====>.........................] - ETA: 19s - loss: 2.4075 - accuracy: 0.1778
19/98 [====>.........................] - ETA: 18s - loss: 2.3922 - accuracy: 0.1818
20/98 [=====>........................] - ETA: 18s - loss: 2.3809 - accuracy: 0.1842
21/98 [=====>........................] - ETA: 17s - loss: 2.3685 - accuracy: 0.1877
22/98 [=====>........................] - ETA: 16s - loss: 2.3565 - accuracy: 0.1923
23/98 [======>.......................] - ETA: 16s - loss: 2.3484 - accuracy: 0.1934
24/98 [======>.......................] - ETA: 15s - loss: 2.3372 - accuracy: 0.1963
25/98 [======>.......................] - ETA: 14s - loss: 2.3253 - accuracy: 0.1995
26/98 [======>.......................] - ETA: 14s - loss: 2.3165 - accuracy: 0.2014
27/98 [=======>......................] - ETA: 13s - loss: 2.3115 - accuracy: 0.2029
28/98 [=======>......................] - ETA: 13s - loss: 2.3019 - accuracy: 0.2047
29/98 [=======>......................] - ETA: 13s - loss: 2.2929 - accuracy: 0.2076
30/98 [========>.....................] - ETA: 12s - loss: 2.2862 - accuracy: 0.2095
31/98 [========>.....................] - ETA: 12s - loss: 2.2764 - accuracy: 0.2124
32/98 [========>.....................] - ETA: 11s - loss: 2.2684 - accuracy: 0.2151
33/98 [=========>....................] - ETA: 11s - loss: 2.2595 - accuracy: 0.2182
34/98 [=========>....................] - ETA: 11s - loss: 2.2524 - accuracy: 0.2205
35/98 [=========>....................] - ETA: 10s - loss: 2.2461 - accuracy: 0.2225
36/98 [==========>...................] - ETA: 10s - loss: 2.2370 - accuracy: 0.2252
37/98 [==========>...................] - ETA: 10s - loss: 2.2293 - accuracy: 0.2274
38/98 [==========>...................] - ETA: 10s - loss: 2.2219 - accuracy: 0.2302
39/98 [==========>...................] - ETA: 9s - loss: 2.2179 - accuracy: 0.2324 
40/98 [===========>..................] - ETA: 9s - loss: 2.2095 - accuracy: 0.2351
41/98 [===========>..................] - ETA: 9s - loss: 2.2034 - accuracy: 0.2374
42/98 [===========>..................] - ETA: 9s - loss: 2.1977 - accuracy: 0.2396
43/98 [============>.................] - ETA: 8s - loss: 2.1928 - accuracy: 0.2408
44/98 [============>.................] - ETA: 8s - loss: 2.1890 - accuracy: 0.2421
45/98 [============>.................] - ETA: 8s - loss: 2.1835 - accuracy: 0.2440
46/98 [=============>................] - ETA: 8s - loss: 2.1789 - accuracy: 0.2456
47/98 [=============>................] - ETA: 7s - loss: 2.1732 - accuracy: 0.2471
48/98 [=============>................] - ETA: 7s - loss: 2.1677 - accuracy: 0.2486
49/98 [==============>...............] - ETA: 7s - loss: 2.1644 - accuracy: 0.2496
50/98 [==============>...............] - ETA: 7s - loss: 2.1584 - accuracy: 0.2521
51/98 [==============>...............] - ETA: 7s - loss: 2.1550 - accuracy: 0.2530
52/98 [==============>...............] - ETA: 6s - loss: 2.1529 - accuracy: 0.2535
53/98 [===============>..............] - ETA: 6s - loss: 2.1486 - accuracy: 0.2548
54/98 [===============>..............] - ETA: 6s - loss: 2.1439 - accuracy: 0.2563
55/98 [===============>..............] - ETA: 6s - loss: 2.1404 - accuracy: 0.2574
56/98 [================>.............] - ETA: 6s - loss: 2.1340 - accuracy: 0.2599
57/98 [================>.............] - ETA: 5s - loss: 2.1299 - accuracy: 0.2614
58/98 [================>.............] - ETA: 5s - loss: 2.1265 - accuracy: 0.2624
59/98 [=================>............] - ETA: 5s - loss: 2.1212 - accuracy: 0.2642
60/98 [=================>............] - ETA: 5s - loss: 2.1170 - accuracy: 0.2652
61/98 [=================>............] - ETA: 5s - loss: 2.1121 - accuracy: 0.2667
62/98 [=================>............] - ETA: 5s - loss: 2.1082 - accuracy: 0.2682
63/98 [==================>...........] - ETA: 4s - loss: 2.1047 - accuracy: 0.2695
64/98 [==================>...........] - ETA: 4s - loss: 2.1027 - accuracy: 0.2704
65/98 [==================>...........] - ETA: 4s - loss: 2.0987 - accuracy: 0.2717
66/98 [===================>..........] - ETA: 4s - loss: 2.0954 - accuracy: 0.2730
67/98 [===================>..........] - ETA: 4s - loss: 2.0923 - accuracy: 0.2739
68/98 [===================>..........] - ETA: 4s - loss: 2.0886 - accuracy: 0.2751
69/98 [====================>.........] - ETA: 3s - loss: 2.0862 - accuracy: 0.2763
70/98 [====================>.........] - ETA: 3s - loss: 2.0811 - accuracy: 0.2782
71/98 [====================>.........] - ETA: 3s - loss: 2.0770 - accuracy: 0.2797
72/98 [=====================>........] - ETA: 3s - loss: 2.0737 - accuracy: 0.2809
73/98 [=====================>........] - ETA: 3s - loss: 2.0713 - accuracy: 0.2814
74/98 [=====================>........] - ETA: 3s - loss: 2.0685 - accuracy: 0.2822
75/98 [=====================>........] - ETA: 3s - loss: 2.0656 - accuracy: 0.2833
76/98 [======================>.......] - ETA: 2s - loss: 2.0625 - accuracy: 0.2842
77/98 [======================>.......] - ETA: 2s - loss: 2.0594 - accuracy: 0.2849
78/98 [======================>.......] - ETA: 2s - loss: 2.0564 - accuracy: 0.2856
79/98 [=======================>......] - ETA: 2s - loss: 2.0522 - accuracy: 0.2869
80/98 [=======================>......] - ETA: 2s - loss: 2.0494 - accuracy: 0.2877
81/98 [=======================>......] - ETA: 2s - loss: 2.0462 - accuracy: 0.2890
82/98 [========================>.....] - ETA: 2s - loss: 2.0423 - accuracy: 0.2900
83/98 [========================>.....] - ETA: 1s - loss: 2.0389 - accuracy: 0.2909
84/98 [========================>.....] - ETA: 1s - loss: 2.0361 - accuracy: 0.2917
85/98 [=========================>....] - ETA: 1s - loss: 2.0345 - accuracy: 0.2919
86/98 [=========================>....] - ETA: 1s - loss: 2.0313 - accuracy: 0.2929
87/98 [=========================>....] - ETA: 1s - loss: 2.0288 - accuracy: 0.2939
88/98 [=========================>....] - ETA: 1s - loss: 2.0264 - accuracy: 0.2946
89/98 [==========================>...] - ETA: 1s - loss: 2.0235 - accuracy: 0.2956
90/98 [==========================>...] - ETA: 1s - loss: 2.0213 - accuracy: 0.2964
91/98 [==========================>...] - ETA: 0s - loss: 2.0187 - accuracy: 0.2977
92/98 [===========================>..] - ETA: 0s - loss: 2.0159 - accuracy: 0.2983
93/98 [===========================>..] - ETA: 0s - loss: 2.0141 - accuracy: 0.2990
94/98 [===========================>..] - ETA: 0s - loss: 2.0114 - accuracy: 0.2999
95/98 [============================>.] - ETA: 0s - loss: 2.0088 - accuracy: 0.3004
96/98 [============================>.] - ETA: 0s - loss: 2.0067 - accuracy: 0.3008
97/98 [============================>.] - ETA: 0s - loss: 2.0042 - accuracy: 0.3017
98/98 [==============================] - ETA: 0s - loss: 2.0018 - accuracy: 0.3022
98/98 [==============================] - 21s 143ms/step - loss: 2.0018 - accuracy: 0.3022 - val_loss: 2.2861 - val_accuracy: 0.1249
Epoch 2/226

 1/98 [..............................] - ETA: 10s - loss: 1.6635 - accuracy: 0.3984
 2/98 [..............................] - ETA: 10s - loss: 1.7427 - accuracy: 0.3838
 3/98 [..............................] - ETA: 9s - loss: 1.7510 - accuracy: 0.3835 
 4/98 [>.............................] - ETA: 9s - loss: 1.7686 - accuracy: 0.3823
 5/98 [>.............................] - ETA: 9s - loss: 1.7570 - accuracy: 0.3863
 6/98 [>.............................] - ETA: 9s - loss: 1.7470 - accuracy: 0.3854
 7/98 [=>............................] - ETA: 9s - loss: 1.7505 - accuracy: 0.3825
 8/98 [=>............................] - ETA: 9s - loss: 1.7424 - accuracy: 0.3860
 9/98 [=>............................] - ETA: 9s - loss: 1.7376 - accuracy: 0.3869
10/98 [==>...........................] - ETA: 8s - loss: 1.7308 - accuracy: 0.3895
11/98 [==>...........................] - ETA: 8s - loss: 1.7299 - accuracy: 0.3893
12/98 [==>...........................] - ETA: 8s - loss: 1.7282 - accuracy: 0.3904
13/98 [==>...........................] - ETA: 8s - loss: 1.7248 - accuracy: 0.3904
14/98 [===>..........................] - ETA: 8s - loss: 1.7305 - accuracy: 0.3879
15/98 [===>..........................] - ETA: 8s - loss: 1.7294 - accuracy: 0.3878
16/98 [===>..........................] - ETA: 8s - loss: 1.7320 - accuracy: 0.3885
17/98 [====>.........................] - ETA: 8s - loss: 1.7326 - accuracy: 0.3874
18/98 [====>.........................] - ETA: 7s - loss: 1.7311 - accuracy: 0.3871
19/98 [====>.........................] - ETA: 7s - loss: 1.7271 - accuracy: 0.3874
20/98 [=====>........................] - ETA: 7s - loss: 1.7238 - accuracy: 0.3882
21/98 [=====>........................] - ETA: 7s - loss: 1.7193 - accuracy: 0.3896
22/98 [=====>........................] - ETA: 7s - loss: 1.7171 - accuracy: 0.3903
23/98 [======>.......................] - ETA: 7s - loss: 1.7124 - accuracy: 0.3919
24/98 [======>.......................] - ETA: 7s - loss: 1.7114 - accuracy: 0.3918
25/98 [======>.......................] - ETA: 7s - loss: 1.7096 - accuracy: 0.3916
26/98 [======>.......................] - ETA: 7s - loss: 1.7096 - accuracy: 0.3926
27/98 [=======>......................] - ETA: 7s - loss: 1.7105 - accuracy: 0.3917
28/98 [=======>......................] - ETA: 6s - loss: 1.7098 - accuracy: 0.3912
29/98 [=======>......................] - ETA: 6s - loss: 1.7091 - accuracy: 0.3918
30/98 [========>.....................] - ETA: 6s - loss: 1.7082 - accuracy: 0.3923
31/98 [========>.....................] - ETA: 6s - loss: 1.7070 - accuracy: 0.3926
32/98 [========>.....................] - ETA: 6s - loss: 1.7047 - accuracy: 0.3931
33/98 [=========>....................] - ETA: 6s - loss: 1.7073 - accuracy: 0.3924
34/98 [=========>....................] - ETA: 6s - loss: 1.7046 - accuracy: 0.3937
35/98 [=========>....................] - ETA: 6s - loss: 1.7016 - accuracy: 0.3944
36/98 [==========>...................] - ETA: 6s - loss: 1.7047 - accuracy: 0.3934
37/98 [==========>...................] - ETA: 6s - loss: 1.7061 - accuracy: 0.3930
38/98 [==========>...................] - ETA: 6s - loss: 1.7051 - accuracy: 0.3937
39/98 [==========>...................] - ETA: 5s - loss: 1.7051 - accuracy: 0.3936
40/98 [===========>..................] - ETA: 5s - loss: 1.7043 - accuracy: 0.3949
41/98 [===========>..................] - ETA: 5s - loss: 1.7025 - accuracy: 0.3959
42/98 [===========>..................] - ETA: 5s - loss: 1.7015 - accuracy: 0.3961
43/98 [============>.................] - ETA: 5s - loss: 1.6998 - accuracy: 0.3968
44/98 [============>.................] - ETA: 5s - loss: 1.6971 - accuracy: 0.3980
45/98 [============>.................] - ETA: 5s - loss: 1.6938 - accuracy: 0.3988
46/98 [=============>................] - ETA: 5s - loss: 1.6940 - accuracy: 0.3987
47/98 [=============>................] - ETA: 5s - loss: 1.6934 - accuracy: 0.3988
48/98 [=============>................] - ETA: 5s - loss: 1.6921 - accuracy: 0.3990
49/98 [==============>...............] - ETA: 4s - loss: 1.6907 - accuracy: 0.3992
50/98 [==============>...............] - ETA: 4s - loss: 1.6884 - accuracy: 0.4000
51/98 [==============>...............] - ETA: 4s - loss: 1.6875 - accuracy: 0.3999
52/98 [==============>...............] - ETA: 4s - loss: 1.6856 - accuracy: 0.4007
53/98 [===============>..............] - ETA: 4s - loss: 1.6840 - accuracy: 0.4007
54/98 [===============>..............] - ETA: 4s - loss: 1.6834 - accuracy: 0.4005
55/98 [===============>..............] - ETA: 4s - loss: 1.6823 - accuracy: 0.4008
56/98 [================>.............] - ETA: 4s - loss: 1.6809 - accuracy: 0.4009
57/98 [================>.............] - ETA: 4s - loss: 1.6808 - accuracy: 0.4007
58/98 [================>.............] - ETA: 4s - loss: 1.6807 - accuracy: 0.4009
59/98 [=================>............] - ETA: 3s - loss: 1.6781 - accuracy: 0.4019
60/98 [=================>............] - ETA: 3s - loss: 1.6779 - accuracy: 0.4020
61/98 [=================>............] - ETA: 3s - loss: 1.6764 - accuracy: 0.4025
62/98 [=================>............] - ETA: 3s - loss: 1.6761 - accuracy: 0.4030
63/98 [==================>...........] - ETA: 3s - loss: 1.6761 - accuracy: 0.4031
64/98 [==================>...........] - ETA: 3s - loss: 1.6759 - accuracy: 0.4031
65/98 [==================>...........] - ETA: 3s - loss: 1.6744 - accuracy: 0.4040
66/98 [===================>..........] - ETA: 3s - loss: 1.6736 - accuracy: 0.4040
67/98 [===================>..........] - ETA: 3s - loss: 1.6719 - accuracy: 0.4047
68/98 [===================>..........] - ETA: 3s - loss: 1.6710 - accuracy: 0.4050
69/98 [====================>.........] - ETA: 2s - loss: 1.6705 - accuracy: 0.4050
70/98 [====================>.........] - ETA: 2s - loss: 1.6705 - accuracy: 0.4051
71/98 [====================>.........] - ETA: 2s - loss: 1.6700 - accuracy: 0.4054
72/98 [=====================>........] - ETA: 2s - loss: 1.6702 - accuracy: 0.4057
73/98 [=====================>........] - ETA: 2s - loss: 1.6692 - accuracy: 0.4061
74/98 [=====================>........] - ETA: 2s - loss: 1.6691 - accuracy: 0.4064
75/98 [=====================>........] - ETA: 2s - loss: 1.6683 - accuracy: 0.4070
76/98 [======================>.......] - ETA: 2s - loss: 1.6677 - accuracy: 0.4070
77/98 [======================>.......] - ETA: 2s - loss: 1.6667 - accuracy: 0.4074
78/98 [======================>.......] - ETA: 2s - loss: 1.6664 - accuracy: 0.4073
79/98 [=======================>......] - ETA: 1s - loss: 1.6658 - accuracy: 0.4075
80/98 [=======================>......] - ETA: 1s - loss: 1.6641 - accuracy: 0.4079
81/98 [=======================>......] - ETA: 1s - loss: 1.6642 - accuracy: 0.4079
82/98 [========================>.....] - ETA: 1s - loss: 1.6627 - accuracy: 0.4087
83/98 [========================>.....] - ETA: 1s - loss: 1.6623 - accuracy: 0.4086
84/98 [========================>.....] - ETA: 1s - loss: 1.6607 - accuracy: 0.4091
85/98 [=========================>....] - ETA: 1s - loss: 1.6605 - accuracy: 0.4092
86/98 [=========================>....] - ETA: 1s - loss: 1.6604 - accuracy: 0.4093
87/98 [=========================>....] - ETA: 1s - loss: 1.6601 - accuracy: 0.4093
88/98 [=========================>....] - ETA: 1s - loss: 1.6593 - accuracy: 0.4095
89/98 [==========================>...] - ETA: 0s - loss: 1.6584 - accuracy: 0.4099
90/98 [==========================>...] - ETA: 0s - loss: 1.6591 - accuracy: 0.4099
91/98 [==========================>...] - ETA: 0s - loss: 1.6598 - accuracy: 0.4097
92/98 [===========================>..] - ETA: 0s - loss: 1.6590 - accuracy: 0.4100
93/98 [===========================>..] - ETA: 0s - loss: 1.6579 - accuracy: 0.4105
94/98 [===========================>..] - ETA: 0s - loss: 1.6568 - accuracy: 0.4109
95/98 [============================>.] - ETA: 0s - loss: 1.6565 - accuracy: 0.4112
96/98 [============================>.] - ETA: 0s - loss: 1.6559 - accuracy: 0.4118
97/98 [============================>.] - ETA: 0s - loss: 1.6544 - accuracy: 0.4123
98/98 [==============================] - ETA: 0s - loss: 1.6537 - accuracy: 0.4127
98/98 [==============================] - 11s 112ms/step - loss: 1.6537 - accuracy: 0.4127 - val_loss: 2.3070 - val_accuracy: 0.1118
Epoch 3/226

 1/98 [..............................] - ETA: 12s - loss: 1.5786 - accuracy: 0.4414
 2/98 [..............................] - ETA: 10s - loss: 1.5432 - accuracy: 0.4561
 3/98 [..............................] - ETA: 9s - loss: 1.5275 - accuracy: 0.4583 
 4/98 [>.............................] - ETA: 9s - loss: 1.5438 - accuracy: 0.4482
 5/98 [>.............................] - ETA: 9s - loss: 1.5374 - accuracy: 0.4508
 6/98 [>.............................] - ETA: 9s - loss: 1.5361 - accuracy: 0.4476
 7/98 [=>............................] - ETA: 9s - loss: 1.5441 - accuracy: 0.4484
 8/98 [=>............................] - ETA: 8s - loss: 1.5471 - accuracy: 0.4465
 9/98 [=>............................] - ETA: 8s - loss: 1.5607 - accuracy: 0.4410
10/98 [==>...........................] - ETA: 8s - loss: 1.5583 - accuracy: 0.4443
11/98 [==>...........................] - ETA: 8s - loss: 1.5626 - accuracy: 0.4437
12/98 [==>...........................] - ETA: 8s - loss: 1.5521 - accuracy: 0.4469
13/98 [==>...........................] - ETA: 7s - loss: 1.5530 - accuracy: 0.4492
14/98 [===>..........................] - ETA: 7s - loss: 1.5541 - accuracy: 0.4492
15/98 [===>..........................] - ETA: 7s - loss: 1.5575 - accuracy: 0.4473
16/98 [===>..........................] - ETA: 7s - loss: 1.5539 - accuracy: 0.4482
17/98 [====>.........................] - ETA: 7s - loss: 1.5532 - accuracy: 0.4490
18/98 [====>.........................] - ETA: 7s - loss: 1.5550 - accuracy: 0.4480
19/98 [====>.........................] - ETA: 7s - loss: 1.5520 - accuracy: 0.4485
20/98 [=====>........................] - ETA: 7s - loss: 1.5566 - accuracy: 0.4482
21/98 [=====>........................] - ETA: 7s - loss: 1.5541 - accuracy: 0.4487
22/98 [=====>........................] - ETA: 7s - loss: 1.5509 - accuracy: 0.4504
23/98 [======>.......................] - ETA: 6s - loss: 1.5492 - accuracy: 0.4500
24/98 [======>.......................] - ETA: 6s - loss: 1.5488 - accuracy: 0.4506
25/98 [======>.......................] - ETA: 6s - loss: 1.5460 - accuracy: 0.4522
26/98 [======>.......................] - ETA: 6s - loss: 1.5501 - accuracy: 0.4503
27/98 [=======>......................] - ETA: 6s - loss: 1.5536 - accuracy: 0.4494
28/98 [=======>......................] - ETA: 6s - loss: 1.5540 - accuracy: 0.4492
29/98 [=======>......................] - ETA: 6s - loss: 1.5534 - accuracy: 0.4487
30/98 [========>.....................] - ETA: 6s - loss: 1.5568 - accuracy: 0.4482
31/98 [========>.....................] - ETA: 6s - loss: 1.5549 - accuracy: 0.4492
32/98 [========>.....................] - ETA: 6s - loss: 1.5547 - accuracy: 0.4492
33/98 [=========>....................] - ETA: 6s - loss: 1.5577 - accuracy: 0.4484
34/98 [=========>....................] - ETA: 6s - loss: 1.5567 - accuracy: 0.4488
35/98 [=========>....................] - ETA: 5s - loss: 1.5555 - accuracy: 0.4493
36/98 [==========>...................] - ETA: 5s - loss: 1.5555 - accuracy: 0.4489
37/98 [==========>...................] - ETA: 5s - loss: 1.5542 - accuracy: 0.4492
38/98 [==========>...................] - ETA: 5s - loss: 1.5536 - accuracy: 0.4501
39/98 [==========>...................] - ETA: 5s - loss: 1.5553 - accuracy: 0.4499
40/98 [===========>..................] - ETA: 5s - loss: 1.5549 - accuracy: 0.4505
41/98 [===========>..................] - ETA: 5s - loss: 1.5542 - accuracy: 0.4506
42/98 [===========>..................] - ETA: 5s - loss: 1.5525 - accuracy: 0.4510
43/98 [============>.................] - ETA: 5s - loss: 1.5512 - accuracy: 0.4511
44/98 [============>.................] - ETA: 5s - loss: 1.5514 - accuracy: 0.4511
45/98 [============>.................] - ETA: 5s - loss: 1.5504 - accuracy: 0.4521
46/98 [=============>................] - ETA: 5s - loss: 1.5516 - accuracy: 0.4520
47/98 [=============>................] - ETA: 4s - loss: 1.5537 - accuracy: 0.4517
48/98 [=============>................] - ETA: 4s - loss: 1.5521 - accuracy: 0.4520
49/98 [==============>...............] - ETA: 4s - loss: 1.5502 - accuracy: 0.4531
50/98 [==============>...............] - ETA: 4s - loss: 1.5499 - accuracy: 0.4540
51/98 [==============>...............] - ETA: 4s - loss: 1.5501 - accuracy: 0.4540
52/98 [==============>...............] - ETA: 4s - loss: 1.5501 - accuracy: 0.4538
53/98 [===============>..............] - ETA: 4s - loss: 1.5496 - accuracy: 0.4538
54/98 [===============>..............] - ETA: 4s - loss: 1.5494 - accuracy: 0.4538
55/98 [===============>..............] - ETA: 4s - loss: 1.5493 - accuracy: 0.4539
56/98 [================>.............] - ETA: 4s - loss: 1.5487 - accuracy: 0.4535
57/98 [================>.............] - ETA: 4s - loss: 1.5484 - accuracy: 0.4537
58/98 [================>.............] - ETA: 3s - loss: 1.5484 - accuracy: 0.4538
59/98 [=================>............] - ETA: 3s - loss: 1.5475 - accuracy: 0.4543
60/98 [=================>............] - ETA: 3s - loss: 1.5478 - accuracy: 0.4544
61/98 [=================>............] - ETA: 3s - loss: 1.5478 - accuracy: 0.4545
62/98 [=================>............] - ETA: 3s - loss: 1.5470 - accuracy: 0.4550
63/98 [==================>...........] - ETA: 3s - loss: 1.5486 - accuracy: 0.4545
64/98 [==================>...........] - ETA: 3s - loss: 1.5473 - accuracy: 0.4547
65/98 [==================>...........] - ETA: 3s - loss: 1.5464 - accuracy: 0.4548
66/98 [===================>..........] - ETA: 3s - loss: 1.5451 - accuracy: 0.4551
67/98 [===================>..........] - ETA: 3s - loss: 1.5451 - accuracy: 0.4549
68/98 [===================>..........] - ETA: 2s - loss: 1.5437 - accuracy: 0.4555
69/98 [====================>.........] - ETA: 2s - loss: 1.5425 - accuracy: 0.4557
70/98 [====================>.........] - ETA: 2s - loss: 1.5417 - accuracy: 0.4561
71/98 [====================>.........] - ETA: 2s - loss: 1.5403 - accuracy: 0.4567
72/98 [=====================>........] - ETA: 2s - loss: 1.5403 - accuracy: 0.4569
73/98 [=====================>........] - ETA: 2s - loss: 1.5388 - accuracy: 0.4575
74/98 [=====================>........] - ETA: 2s - loss: 1.5390 - accuracy: 0.4575
75/98 [=====================>........] - ETA: 2s - loss: 1.5380 - accuracy: 0.4572
76/98 [======================>.......] - ETA: 2s - loss: 1.5378 - accuracy: 0.4572
77/98 [======================>.......] - ETA: 2s - loss: 1.5373 - accuracy: 0.4573
78/98 [======================>.......] - ETA: 1s - loss: 1.5362 - accuracy: 0.4573
79/98 [=======================>......] - ETA: 1s - loss: 1.5358 - accuracy: 0.4574
80/98 [=======================>......] - ETA: 1s - loss: 1.5346 - accuracy: 0.4579
81/98 [=======================>......] - ETA: 1s - loss: 1.5340 - accuracy: 0.4580
82/98 [========================>.....] - ETA: 1s - loss: 1.5334 - accuracy: 0.4583
83/98 [========================>.....] - ETA: 1s - loss: 1.5327 - accuracy: 0.4583
84/98 [========================>.....] - ETA: 1s - loss: 1.5316 - accuracy: 0.4585
85/98 [=========================>....] - ETA: 1s - loss: 1.5307 - accuracy: 0.4586
86/98 [=========================>....] - ETA: 1s - loss: 1.5295 - accuracy: 0.4593
87/98 [=========================>....] - ETA: 1s - loss: 1.5296 - accuracy: 0.4594
88/98 [=========================>....] - ETA: 0s - loss: 1.5292 - accuracy: 0.4595
89/98 [==========================>...] - ETA: 0s - loss: 1.5289 - accuracy: 0.4596
90/98 [==========================>...] - ETA: 0s - loss: 1.5295 - accuracy: 0.4593
91/98 [==========================>...] - ETA: 0s - loss: 1.5303 - accuracy: 0.4593
92/98 [===========================>..] - ETA: 0s - loss: 1.5293 - accuracy: 0.4594
93/98 [===========================>..] - ETA: 0s - loss: 1.5291 - accuracy: 0.4595
94/98 [===========================>..] - ETA: 0s - loss: 1.5286 - accuracy: 0.4596
95/98 [============================>.] - ETA: 0s - loss: 1.5285 - accuracy: 0.4597
96/98 [============================>.] - ETA: 0s - loss: 1.5275 - accuracy: 0.4599
97/98 [============================>.] - ETA: 0s - loss: 1.5283 - accuracy: 0.4596
98/98 [==============================] - ETA: 0s - loss: 1.5274 - accuracy: 0.4598
98/98 [==============================] - 11s 110ms/step - loss: 1.5274 - accuracy: 0.4598 - val_loss: 2.3432 - val_accuracy: 0.1246
Epoch 4/226

 1/98 [..............................] - ETA: 12s - loss: 1.5186 - accuracy: 0.4512
 2/98 [..............................] - ETA: 9s - loss: 1.4376 - accuracy: 0.4766 
 3/98 [..............................] - ETA: 9s - loss: 1.4772 - accuracy: 0.4661
 4/98 [>.............................] - ETA: 9s - loss: 1.4812 - accuracy: 0.4673
 5/98 [>.............................] - ETA: 9s - loss: 1.4643 - accuracy: 0.4734
 6/98 [>.............................] - ETA: 9s - loss: 1.4584 - accuracy: 0.4811
 7/98 [=>............................] - ETA: 9s - loss: 1.4620 - accuracy: 0.4805
 8/98 [=>............................] - ETA: 9s - loss: 1.4629 - accuracy: 0.4795
 9/98 [=>............................] - ETA: 8s - loss: 1.4546 - accuracy: 0.4792
10/98 [==>...........................] - ETA: 8s - loss: 1.4510 - accuracy: 0.4791
11/98 [==>...........................] - ETA: 8s - loss: 1.4543 - accuracy: 0.4796
12/98 [==>...........................] - ETA: 8s - loss: 1.4534 - accuracy: 0.4772
13/98 [==>...........................] - ETA: 8s - loss: 1.4525 - accuracy: 0.4761
14/98 [===>..........................] - ETA: 8s - loss: 1.4470 - accuracy: 0.4788
15/98 [===>..........................] - ETA: 8s - loss: 1.4515 - accuracy: 0.4766
16/98 [===>..........................] - ETA: 8s - loss: 1.4499 - accuracy: 0.4768
17/98 [====>.........................] - ETA: 8s - loss: 1.4514 - accuracy: 0.4764
18/98 [====>.........................] - ETA: 8s - loss: 1.4529 - accuracy: 0.4760
19/98 [====>.........................] - ETA: 7s - loss: 1.4508 - accuracy: 0.4778
20/98 [=====>........................] - ETA: 7s - loss: 1.4468 - accuracy: 0.4793
21/98 [=====>........................] - ETA: 7s - loss: 1.4444 - accuracy: 0.4807
22/98 [=====>........................] - ETA: 7s - loss: 1.4432 - accuracy: 0.4816
23/98 [======>.......................] - ETA: 7s - loss: 1.4428 - accuracy: 0.4816
24/98 [======>.......................] - ETA: 7s - loss: 1.4429 - accuracy: 0.4821
25/98 [======>.......................] - ETA: 7s - loss: 1.4413 - accuracy: 0.4838
26/98 [======>.......................] - ETA: 7s - loss: 1.4417 - accuracy: 0.4833
27/98 [=======>......................] - ETA: 7s - loss: 1.4410 - accuracy: 0.4836
28/98 [=======>......................] - ETA: 7s - loss: 1.4390 - accuracy: 0.4846
29/98 [=======>......................] - ETA: 6s - loss: 1.4367 - accuracy: 0.4861
30/98 [========>.....................] - ETA: 6s - loss: 1.4387 - accuracy: 0.4850
31/98 [========>.....................] - ETA: 6s - loss: 1.4390 - accuracy: 0.4844
32/98 [========>.....................] - ETA: 6s - loss: 1.4414 - accuracy: 0.4847
33/98 [=========>....................] - ETA: 6s - loss: 1.4431 - accuracy: 0.4847
34/98 [=========>....................] - ETA: 6s - loss: 1.4429 - accuracy: 0.4851
35/98 [=========>....................] - ETA: 6s - loss: 1.4452 - accuracy: 0.4849
36/98 [==========>...................] - ETA: 6s - loss: 1.4469 - accuracy: 0.4840
37/98 [==========>...................] - ETA: 6s - loss: 1.4465 - accuracy: 0.4844
38/98 [==========>...................] - ETA: 6s - loss: 1.4450 - accuracy: 0.4849
39/98 [==========>...................] - ETA: 5s - loss: 1.4453 - accuracy: 0.4852
40/98 [===========>..................] - ETA: 5s - loss: 1.4457 - accuracy: 0.4850
41/98 [===========>..................] - ETA: 5s - loss: 1.4450 - accuracy: 0.4851
42/98 [===========>..................] - ETA: 5s - loss: 1.4447 - accuracy: 0.4858
43/98 [============>.................] - ETA: 5s - loss: 1.4445 - accuracy: 0.4859
44/98 [============>.................] - ETA: 5s - loss: 1.4450 - accuracy: 0.4858
45/98 [============>.................] - ETA: 5s - loss: 1.4441 - accuracy: 0.4862
46/98 [=============>................] - ETA: 5s - loss: 1.4447 - accuracy: 0.4862
47/98 [=============>................] - ETA: 5s - loss: 1.4448 - accuracy: 0.4864
48/98 [=============>................] - ETA: 5s - loss: 1.4443 - accuracy: 0.4862
49/98 [==============>...............] - ETA: 4s - loss: 1.4454 - accuracy: 0.4860
50/98 [==============>...............] - ETA: 4s - loss: 1.4467 - accuracy: 0.4859
51/98 [==============>...............] - ETA: 4s - loss: 1.4455 - accuracy: 0.4863
52/98 [==============>...............] - ETA: 4s - loss: 1.4461 - accuracy: 0.4862
53/98 [===============>..............] - ETA: 4s - loss: 1.4467 - accuracy: 0.4863
54/98 [===============>..............] - ETA: 4s - loss: 1.4468 - accuracy: 0.4864
55/98 [===============>..............] - ETA: 4s - loss: 1.4478 - accuracy: 0.4868
56/98 [================>.............] - ETA: 4s - loss: 1.4466 - accuracy: 0.4871
57/98 [================>.............] - ETA: 4s - loss: 1.4464 - accuracy: 0.4874
58/98 [================>.............] - ETA: 4s - loss: 1.4455 - accuracy: 0.4880
59/98 [=================>............] - ETA: 3s - loss: 1.4459 - accuracy: 0.4879
60/98 [=================>............] - ETA: 3s - loss: 1.4458 - accuracy: 0.4881
61/98 [=================>............] - ETA: 3s - loss: 1.4452 - accuracy: 0.4881
62/98 [=================>............] - ETA: 3s - loss: 1.4461 - accuracy: 0.4880
63/98 [==================>...........] - ETA: 3s - loss: 1.4469 - accuracy: 0.4876
64/98 [==================>...........] - ETA: 3s - loss: 1.4480 - accuracy: 0.4875
65/98 [==================>...........] - ETA: 3s - loss: 1.4465 - accuracy: 0.4880
66/98 [===================>..........] - ETA: 3s - loss: 1.4459 - accuracy: 0.4883
67/98 [===================>..........] - ETA: 3s - loss: 1.4449 - accuracy: 0.4886
68/98 [===================>..........] - ETA: 3s - loss: 1.4447 - accuracy: 0.4891
69/98 [====================>.........] - ETA: 2s - loss: 1.4449 - accuracy: 0.4888
70/98 [====================>.........] - ETA: 2s - loss: 1.4445 - accuracy: 0.4890
71/98 [====================>.........] - ETA: 2s - loss: 1.4457 - accuracy: 0.4889
72/98 [=====================>........] - ETA: 2s - loss: 1.4460 - accuracy: 0.4888
73/98 [=====================>........] - ETA: 2s - loss: 1.4464 - accuracy: 0.4888
74/98 [=====================>........] - ETA: 2s - loss: 1.4459 - accuracy: 0.4888
75/98 [=====================>........] - ETA: 2s - loss: 1.4453 - accuracy: 0.4885
76/98 [======================>.......] - ETA: 2s - loss: 1.4437 - accuracy: 0.4893
77/98 [======================>.......] - ETA: 2s - loss: 1.4438 - accuracy: 0.4894
78/98 [======================>.......] - ETA: 2s - loss: 1.4432 - accuracy: 0.4899
79/98 [=======================>......] - ETA: 1s - loss: 1.4436 - accuracy: 0.4900
80/98 [=======================>......] - ETA: 1s - loss: 1.4439 - accuracy: 0.4899
81/98 [=======================>......] - ETA: 1s - loss: 1.4450 - accuracy: 0.4899
82/98 [========================>.....] - ETA: 1s - loss: 1.4446 - accuracy: 0.4902
83/98 [========================>.....] - ETA: 1s - loss: 1.4434 - accuracy: 0.4910
84/98 [========================>.....] - ETA: 1s - loss: 1.4436 - accuracy: 0.4908
85/98 [=========================>....] - ETA: 1s - loss: 1.4435 - accuracy: 0.4908
86/98 [=========================>....] - ETA: 1s - loss: 1.4428 - accuracy: 0.4912
87/98 [=========================>....] - ETA: 1s - loss: 1.4433 - accuracy: 0.4908
88/98 [=========================>....] - ETA: 1s - loss: 1.4433 - accuracy: 0.4908
89/98 [==========================>...] - ETA: 0s - loss: 1.4429 - accuracy: 0.4907
90/98 [==========================>...] - ETA: 0s - loss: 1.4429 - accuracy: 0.4908
91/98 [==========================>...] - ETA: 0s - loss: 1.4425 - accuracy: 0.4908
92/98 [===========================>..] - ETA: 0s - loss: 1.4421 - accuracy: 0.4911
93/98 [===========================>..] - ETA: 0s - loss: 1.4420 - accuracy: 0.4909
94/98 [===========================>..] - ETA: 0s - loss: 1.4420 - accuracy: 0.4908
95/98 [============================>.] - ETA: 0s - loss: 1.4411 - accuracy: 0.4911
96/98 [============================>.] - ETA: 0s - loss: 1.4408 - accuracy: 0.4909
97/98 [============================>.] - ETA: 0s - loss: 1.4413 - accuracy: 0.4905
98/98 [==============================] - ETA: 0s - loss: 1.4419 - accuracy: 0.4905
98/98 [==============================] - 11s 112ms/step - loss: 1.4419 - accuracy: 0.4905 - val_loss: 2.1907 - val_accuracy: 0.2231
Epoch 5/226

 1/98 [..............................] - ETA: 11s - loss: 1.3656 - accuracy: 0.5312
 2/98 [..............................] - ETA: 9s - loss: 1.3733 - accuracy: 0.5176 
 3/98 [..............................] - ETA: 9s - loss: 1.3715 - accuracy: 0.5163
 4/98 [>.............................] - ETA: 9s - loss: 1.3897 - accuracy: 0.5068
 5/98 [>.............................] - ETA: 9s - loss: 1.3787 - accuracy: 0.5098
 6/98 [>.............................] - ETA: 9s - loss: 1.3777 - accuracy: 0.5124
 7/98 [=>............................] - ETA: 9s - loss: 1.3735 - accuracy: 0.5134
 8/98 [=>............................] - ETA: 9s - loss: 1.3801 - accuracy: 0.5117
 9/98 [=>............................] - ETA: 9s - loss: 1.3810 - accuracy: 0.5093
10/98 [==>...........................] - ETA: 8s - loss: 1.3810 - accuracy: 0.5117
11/98 [==>...........................] - ETA: 8s - loss: 1.3750 - accuracy: 0.5128
12/98 [==>...........................] - ETA: 8s - loss: 1.3805 - accuracy: 0.5101
13/98 [==>...........................] - ETA: 8s - loss: 1.3788 - accuracy: 0.5111
14/98 [===>..........................] - ETA: 8s - loss: 1.3743 - accuracy: 0.5126
15/98 [===>..........................] - ETA: 8s - loss: 1.3818 - accuracy: 0.5096
16/98 [===>..........................] - ETA: 8s - loss: 1.3800 - accuracy: 0.5127
17/98 [====>.........................] - ETA: 8s - loss: 1.3745 - accuracy: 0.5131
18/98 [====>.........................] - ETA: 8s - loss: 1.3746 - accuracy: 0.5133
19/98 [====>.........................] - ETA: 8s - loss: 1.3747 - accuracy: 0.5128
20/98 [=====>........................] - ETA: 7s - loss: 1.3755 - accuracy: 0.5127
21/98 [=====>........................] - ETA: 7s - loss: 1.3757 - accuracy: 0.5131
22/98 [=====>........................] - ETA: 7s - loss: 1.3788 - accuracy: 0.5123
23/98 [======>.......................] - ETA: 7s - loss: 1.3792 - accuracy: 0.5122
24/98 [======>.......................] - ETA: 7s - loss: 1.3795 - accuracy: 0.5122
25/98 [======>.......................] - ETA: 7s - loss: 1.3752 - accuracy: 0.5138
26/98 [======>.......................] - ETA: 7s - loss: 1.3719 - accuracy: 0.5149
27/98 [=======>......................] - ETA: 7s - loss: 1.3717 - accuracy: 0.5145
28/98 [=======>......................] - ETA: 7s - loss: 1.3739 - accuracy: 0.5131
29/98 [=======>......................] - ETA: 7s - loss: 1.3750 - accuracy: 0.5121
30/98 [========>.....................] - ETA: 6s - loss: 1.3739 - accuracy: 0.5126
31/98 [========>.....................] - ETA: 6s - loss: 1.3730 - accuracy: 0.5134
32/98 [========>.....................] - ETA: 6s - loss: 1.3734 - accuracy: 0.5130
33/98 [=========>....................] - ETA: 6s - loss: 1.3739 - accuracy: 0.5131
34/98 [=========>....................] - ETA: 6s - loss: 1.3728 - accuracy: 0.5138
35/98 [=========>....................] - ETA: 6s - loss: 1.3749 - accuracy: 0.5140
36/98 [==========>...................] - ETA: 6s - loss: 1.3755 - accuracy: 0.5139
37/98 [==========>...................] - ETA: 6s - loss: 1.3753 - accuracy: 0.5145
38/98 [==========>...................] - ETA: 6s - loss: 1.3744 - accuracy: 0.5154
39/98 [==========>...................] - ETA: 5s - loss: 1.3754 - accuracy: 0.5147
40/98 [===========>..................] - ETA: 5s - loss: 1.3775 - accuracy: 0.5134
