2024-07-27 20:51:25.916842: I tensorflow/core/platform/cpu_feature_guard.cc:193] This TensorFlow binary is optimized with oneAPI Deep Neural Network Library (oneDNN) to use the following CPU instructions in performance-critical operations:  AVX AVX2
To enable them in other operations, rebuild TensorFlow with the appropriate compiler flags.
2024-07-27 20:51:27.225164: I tensorflow/core/common_runtime/gpu/gpu_device.cc:1616] Created device /job:localhost/replica:0/task:0/device:GPU:0 with 6656 MB memory:  -> device: 0, name: NVIDIA GeForce RTX 4060 Ti, pci bus id: 0000:01:00.0, compute capability: 8.9
1 Physical GPUs, 1 Logical GPUs
Model: "sequential"
_________________________________________________________________
 Layer (type)                Output Shape              Param #   
=================================================================
 conv2d (Conv2D)             (None, 32, 32, 32)        896       
                                                                 
 max_pooling2d (MaxPooling2D  (None, 16, 16, 32)       0         
 )                                                               
                                                                 
 batch_normalization (BatchN  (None, 16, 16, 32)       128       
 ormalization)                                                   
                                                                 
 dropout (Dropout)           (None, 16, 16, 32)        0         
                                                                 
 flatten (Flatten)           (None, 8192)              0         
                                                                 
 dense (Dense)               (None, 70)                573510    
                                                                 
 dropout_1 (Dropout)         (None, 70)                0         
                                                                 
 dense_1 (Dense)             (None, 10)                710       
                                                                 
=================================================================
Total params: 575,244
Trainable params: 575,180
Non-trainable params: 64
_________________________________________________________________
Taxa de aprendizado:  0.001 Num de épocas:  120 Tamanho do lote:  512 Dropout:  0.31
Epoch 1/120
2024-07-27 20:51:29.482893: I tensorflow/stream_executor/cuda/cuda_dnn.cc:384] Loaded cuDNN version 8100
2024-07-27 20:51:31.334095: W tensorflow/stream_executor/gpu/redzone_allocator.cc:314] INTERNAL: ptxas exited with non-zero error code -1, output: 
Relying on driver to perform ptx compilation. 
Modify $PATH to customize ptxas location.
This message will be only logged once.
2024-07-27 20:51:33.243649: I tensorflow/stream_executor/cuda/cuda_blas.cc:1614] TensorFloat-32 will be used for the matrix multiplication. This will only be logged once.

 1/98 [..............................] - ETA: 9:58 - loss: 2.7437 - accuracy: 0.0996
 5/98 [>.............................] - ETA: 1s - loss: 2.4408 - accuracy: 0.2188  
 8/98 [=>............................] - ETA: 1s - loss: 2.3125 - accuracy: 0.2463
12/98 [==>...........................] - ETA: 1s - loss: 2.2230 - accuracy: 0.2707
15/98 [===>..........................] - ETA: 1s - loss: 2.1819 - accuracy: 0.2816
18/98 [====>.........................] - ETA: 1s - loss: 2.1456 - accuracy: 0.2930
21/98 [=====>........................] - ETA: 1s - loss: 2.1191 - accuracy: 0.3016
25/98 [======>.......................] - ETA: 1s - loss: 2.0766 - accuracy: 0.3108
28/98 [=======>......................] - ETA: 1s - loss: 2.0530 - accuracy: 0.3174
32/98 [========>.....................] - ETA: 1s - loss: 2.0208 - accuracy: 0.3265
35/98 [=========>....................] - ETA: 1s - loss: 1.9972 - accuracy: 0.3321
38/98 [==========>...................] - ETA: 1s - loss: 1.9789 - accuracy: 0.3365
41/98 [===========>..................] - ETA: 1s - loss: 1.9584 - accuracy: 0.3416
45/98 [============>.................] - ETA: 0s - loss: 1.9343 - accuracy: 0.3480
49/98 [==============>...............] - ETA: 0s - loss: 1.9114 - accuracy: 0.3551
53/98 [===============>..............] - ETA: 0s - loss: 1.8924 - accuracy: 0.3609
56/98 [================>.............] - ETA: 0s - loss: 1.8779 - accuracy: 0.3642
60/98 [=================>............] - ETA: 0s - loss: 1.8583 - accuracy: 0.3696
64/98 [==================>...........] - ETA: 0s - loss: 1.8439 - accuracy: 0.3738
67/98 [===================>..........] - ETA: 0s - loss: 1.8297 - accuracy: 0.3786
71/98 [====================>.........] - ETA: 0s - loss: 1.8130 - accuracy: 0.3839
75/98 [=====================>........] - ETA: 0s - loss: 1.8000 - accuracy: 0.3876
79/98 [=======================>......] - ETA: 0s - loss: 1.7846 - accuracy: 0.3924
83/98 [========================>.....] - ETA: 0s - loss: 1.7727 - accuracy: 0.3962
86/98 [=========================>....] - ETA: 0s - loss: 1.7632 - accuracy: 0.3992
89/98 [==========================>...] - ETA: 0s - loss: 1.7518 - accuracy: 0.4030
93/98 [===========================>..] - ETA: 0s - loss: 1.7407 - accuracy: 0.4056
96/98 [============================>.] - ETA: 0s - loss: 1.7308 - accuracy: 0.4087
98/98 [==============================] - 9s 32ms/step - loss: 1.7246 - accuracy: 0.4104 - val_loss: 1.8610 - val_accuracy: 0.3913
Epoch 2/120

 1/98 [..............................] - ETA: 3s - loss: 1.3887 - accuracy: 0.4844
 4/98 [>.............................] - ETA: 1s - loss: 1.3755 - accuracy: 0.5107
 7/98 [=>............................] - ETA: 1s - loss: 1.3577 - accuracy: 0.5100
11/98 [==>...........................] - ETA: 1s - loss: 1.3502 - accuracy: 0.5134
14/98 [===>..........................] - ETA: 1s - loss: 1.3543 - accuracy: 0.5174
17/98 [====>.........................] - ETA: 1s - loss: 1.3461 - accuracy: 0.5205
21/98 [=====>........................] - ETA: 1s - loss: 1.3445 - accuracy: 0.5229
24/98 [======>.......................] - ETA: 1s - loss: 1.3461 - accuracy: 0.5244
28/98 [=======>......................] - ETA: 1s - loss: 1.3378 - accuracy: 0.5278
31/98 [========>.....................] - ETA: 1s - loss: 1.3360 - accuracy: 0.5289
35/98 [=========>....................] - ETA: 1s - loss: 1.3309 - accuracy: 0.5313
38/98 [==========>...................] - ETA: 1s - loss: 1.3286 - accuracy: 0.5315
42/98 [===========>..................] - ETA: 1s - loss: 1.3251 - accuracy: 0.5318
45/98 [============>.................] - ETA: 0s - loss: 1.3247 - accuracy: 0.5316
49/98 [==============>...............] - ETA: 0s - loss: 1.3238 - accuracy: 0.5317
52/98 [==============>...............] - ETA: 0s - loss: 1.3221 - accuracy: 0.5329
56/98 [================>.............] - ETA: 0s - loss: 1.3205 - accuracy: 0.5342
59/98 [=================>............] - ETA: 0s - loss: 1.3186 - accuracy: 0.5354
63/98 [==================>...........] - ETA: 0s - loss: 1.3161 - accuracy: 0.5366
66/98 [===================>..........] - ETA: 0s - loss: 1.3163 - accuracy: 0.5374
70/98 [====================>.........] - ETA: 0s - loss: 1.3144 - accuracy: 0.5375
73/98 [=====================>........] - ETA: 0s - loss: 1.3137 - accuracy: 0.5382
77/98 [======================>.......] - ETA: 0s - loss: 1.3110 - accuracy: 0.5395
80/98 [=======================>......] - ETA: 0s - loss: 1.3101 - accuracy: 0.5397
84/98 [========================>.....] - ETA: 0s - loss: 1.3074 - accuracy: 0.5409
87/98 [=========================>....] - ETA: 0s - loss: 1.3057 - accuracy: 0.5421
90/98 [==========================>...] - ETA: 0s - loss: 1.3039 - accuracy: 0.5423
94/98 [===========================>..] - ETA: 0s - loss: 1.3015 - accuracy: 0.5435
97/98 [============================>.] - ETA: 0s - loss: 1.2994 - accuracy: 0.5446
98/98 [==============================] - 3s 29ms/step - loss: 1.2988 - accuracy: 0.5447 - val_loss: 1.6201 - val_accuracy: 0.4526
Epoch 3/120

 1/98 [..............................] - ETA: 3s - loss: 1.0667 - accuracy: 0.6172
 5/98 [>.............................] - ETA: 1s - loss: 1.1455 - accuracy: 0.5906
 8/98 [=>............................] - ETA: 1s - loss: 1.1377 - accuracy: 0.5962
12/98 [==>...........................] - ETA: 1s - loss: 1.1379 - accuracy: 0.5988
16/98 [===>..........................] - ETA: 1s - loss: 1.1401 - accuracy: 0.6014
20/98 [=====>........................] - ETA: 1s - loss: 1.1393 - accuracy: 0.6005
24/98 [======>.......................] - ETA: 1s - loss: 1.1413 - accuracy: 0.5976
27/98 [=======>......................] - ETA: 1s - loss: 1.1469 - accuracy: 0.5949
31/98 [========>.....................] - ETA: 1s - loss: 1.1434 - accuracy: 0.5968
34/98 [=========>....................] - ETA: 1s - loss: 1.1462 - accuracy: 0.5960
38/98 [==========>...................] - ETA: 1s - loss: 1.1541 - accuracy: 0.5939
41/98 [===========>..................] - ETA: 1s - loss: 1.1538 - accuracy: 0.5950
45/98 [============>.................] - ETA: 0s - loss: 1.1516 - accuracy: 0.5949
48/98 [=============>................] - ETA: 0s - loss: 1.1498 - accuracy: 0.5958
52/98 [==============>...............] - ETA: 0s - loss: 1.1494 - accuracy: 0.5956
55/98 [===============>..............] - ETA: 0s - loss: 1.1476 - accuracy: 0.5969
59/98 [=================>............] - ETA: 0s - loss: 1.1493 - accuracy: 0.5957
62/98 [=================>............] - ETA: 0s - loss: 1.1529 - accuracy: 0.5943
66/98 [===================>..........] - ETA: 0s - loss: 1.1521 - accuracy: 0.5937
69/98 [====================>.........] - ETA: 0s - loss: 1.1546 - accuracy: 0.5929
73/98 [=====================>........] - ETA: 0s - loss: 1.1535 - accuracy: 0.5932
76/98 [======================>.......] - ETA: 0s - loss: 1.1518 - accuracy: 0.5935
80/98 [=======================>......] - ETA: 0s - loss: 1.1501 - accuracy: 0.5939
84/98 [========================>.....] - ETA: 0s - loss: 1.1502 - accuracy: 0.5942
88/98 [=========================>....] - ETA: 0s - loss: 1.1506 - accuracy: 0.5939
91/98 [==========================>...] - ETA: 0s - loss: 1.1489 - accuracy: 0.5946
95/98 [============================>.] - ETA: 0s - loss: 1.1500 - accuracy: 0.5939
98/98 [==============================] - 3s 29ms/step - loss: 1.1491 - accuracy: 0.5938 - val_loss: 1.3625 - val_accuracy: 0.5398
Epoch 4/120

 1/98 [..............................] - ETA: 3s - loss: 1.1229 - accuracy: 0.6074
 4/98 [>.............................] - ETA: 1s - loss: 1.0789 - accuracy: 0.6152
 8/98 [=>............................] - ETA: 1s - loss: 1.0779 - accuracy: 0.6145
11/98 [==>...........................] - ETA: 1s - loss: 1.0790 - accuracy: 0.6158
15/98 [===>..........................] - ETA: 1s - loss: 1.0689 - accuracy: 0.6210
18/98 [====>.........................] - ETA: 1s - loss: 1.0634 - accuracy: 0.6239
22/98 [=====>........................] - ETA: 1s - loss: 1.0714 - accuracy: 0.6209
25/98 [======>.......................] - ETA: 1s - loss: 1.0657 - accuracy: 0.6226
29/98 [=======>......................] - ETA: 1s - loss: 1.0603 - accuracy: 0.6235
32/98 [========>.....................] - ETA: 1s - loss: 1.0604 - accuracy: 0.6249
36/98 [==========>...................] - ETA: 1s - loss: 1.0672 - accuracy: 0.6230
40/98 [===========>..................] - ETA: 1s - loss: 1.0670 - accuracy: 0.6228
43/98 [============>.................] - ETA: 1s - loss: 1.0708 - accuracy: 0.6222
47/98 [=============>................] - ETA: 0s - loss: 1.0738 - accuracy: 0.6209
50/98 [==============>...............] - ETA: 0s - loss: 1.0712 - accuracy: 0.6226
54/98 [===============>..............] - ETA: 0s - loss: 1.0720 - accuracy: 0.6216
57/98 [================>.............] - ETA: 0s - loss: 1.0701 - accuracy: 0.6227
61/98 [=================>............] - ETA: 0s - loss: 1.0695 - accuracy: 0.6222
65/98 [==================>...........] - ETA: 0s - loss: 1.0705 - accuracy: 0.6224
69/98 [====================>.........] - ETA: 0s - loss: 1.0694 - accuracy: 0.6231
73/98 [=====================>........] - ETA: 0s - loss: 1.0676 - accuracy: 0.6234
76/98 [======================>.......] - ETA: 0s - loss: 1.0683 - accuracy: 0.6232
80/98 [=======================>......] - ETA: 0s - loss: 1.0682 - accuracy: 0.6234
83/98 [========================>.....] - ETA: 0s - loss: 1.0673 - accuracy: 0.6240
87/98 [=========================>....] - ETA: 0s - loss: 1.0672 - accuracy: 0.6239
91/98 [==========================>...] - ETA: 0s - loss: 1.0690 - accuracy: 0.6232
94/98 [===========================>..] - ETA: 0s - loss: 1.0696 - accuracy: 0.6229
98/98 [==============================] - ETA: 0s - loss: 1.0688 - accuracy: 0.6234
98/98 [==============================] - 3s 29ms/step - loss: 1.0688 - accuracy: 0.6234 - val_loss: 1.2520 - val_accuracy: 0.5535
Epoch 5/120

 1/98 [..............................] - ETA: 3s - loss: 1.1121 - accuracy: 0.5859
 5/98 [>.............................] - ETA: 1s - loss: 1.0111 - accuracy: 0.6430
 8/98 [=>............................] - ETA: 1s - loss: 1.0080 - accuracy: 0.6462
12/98 [==>...........................] - ETA: 1s - loss: 1.0045 - accuracy: 0.6470
15/98 [===>..........................] - ETA: 1s - loss: 1.0024 - accuracy: 0.6480
19/98 [====>.........................] - ETA: 1s - loss: 1.0064 - accuracy: 0.6471
22/98 [=====>........................] - ETA: 1s - loss: 0.9999 - accuracy: 0.6496
26/98 [======>.......................] - ETA: 1s - loss: 0.9947 - accuracy: 0.6505
30/98 [========>.....................] - ETA: 1s - loss: 0.9976 - accuracy: 0.6490
34/98 [=========>....................] - ETA: 1s - loss: 0.9943 - accuracy: 0.6495
38/98 [==========>...................] - ETA: 1s - loss: 0.9915 - accuracy: 0.6510
41/98 [===========>..................] - ETA: 1s - loss: 0.9906 - accuracy: 0.6508
45/98 [============>.................] - ETA: 0s - loss: 0.9923 - accuracy: 0.6508
48/98 [=============>................] - ETA: 0s - loss: 0.9938 - accuracy: 0.6506
52/98 [==============>...............] - ETA: 0s - loss: 0.9961 - accuracy: 0.6500
55/98 [===============>..............] - ETA: 0s - loss: 0.9951 - accuracy: 0.6507
59/98 [=================>............] - ETA: 0s - loss: 0.9968 - accuracy: 0.6490
62/98 [=================>............] - ETA: 0s - loss: 0.9946 - accuracy: 0.6497
66/98 [===================>..........] - ETA: 0s - loss: 0.9996 - accuracy: 0.6482
69/98 [====================>.........] - ETA: 0s - loss: 0.9984 - accuracy: 0.6491
73/98 [=====================>........] - ETA: 0s - loss: 0.9985 - accuracy: 0.6489
76/98 [======================>.......] - ETA: 0s - loss: 0.9982 - accuracy: 0.6492
80/98 [=======================>......] - ETA: 0s - loss: 0.9999 - accuracy: 0.6487
83/98 [========================>.....] - ETA: 0s - loss: 0.9996 - accuracy: 0.6488
87/98 [=========================>....] - ETA: 0s - loss: 0.9999 - accuracy: 0.6491
90/98 [==========================>...] - ETA: 0s - loss: 0.9996 - accuracy: 0.6492
94/98 [===========================>..] - ETA: 0s - loss: 1.0011 - accuracy: 0.6486
97/98 [============================>.] - ETA: 0s - loss: 1.0025 - accuracy: 0.6483
98/98 [==============================] - 3s 28ms/step - loss: 1.0027 - accuracy: 0.6483 - val_loss: 1.1510 - val_accuracy: 0.5879
Epoch 6/120

 1/98 [..............................] - ETA: 3s - loss: 0.9572 - accuracy: 0.6641
 5/98 [>.............................] - ETA: 1s - loss: 0.9444 - accuracy: 0.6738
 8/98 [=>............................] - ETA: 1s - loss: 0.9451 - accuracy: 0.6675
12/98 [==>...........................] - ETA: 1s - loss: 0.9389 - accuracy: 0.6702
15/98 [===>..........................] - ETA: 1s - loss: 0.9404 - accuracy: 0.6694
19/98 [====>.........................] - ETA: 1s - loss: 0.9375 - accuracy: 0.6713
22/98 [=====>........................] - ETA: 1s - loss: 0.9405 - accuracy: 0.6709
26/98 [======>.......................] - ETA: 1s - loss: 0.9406 - accuracy: 0.6706
30/98 [========>.....................] - ETA: 1s - loss: 0.9391 - accuracy: 0.6706
34/98 [=========>....................] - ETA: 1s - loss: 0.9412 - accuracy: 0.6702
37/98 [==========>...................] - ETA: 1s - loss: 0.9388 - accuracy: 0.6702
41/98 [===========>..................] - ETA: 1s - loss: 0.9397 - accuracy: 0.6691
44/98 [============>.................] - ETA: 0s - loss: 0.9393 - accuracy: 0.6685
48/98 [=============>................] - ETA: 0s - loss: 0.9430 - accuracy: 0.6680
52/98 [==============>...............] - ETA: 0s - loss: 0.9464 - accuracy: 0.6671
55/98 [===============>..............] - ETA: 0s - loss: 0.9471 - accuracy: 0.6671
59/98 [=================>............] - ETA: 0s - loss: 0.9509 - accuracy: 0.6664
62/98 [=================>............] - ETA: 0s - loss: 0.9511 - accuracy: 0.6661
66/98 [===================>..........] - ETA: 0s - loss: 0.9516 - accuracy: 0.6655
69/98 [====================>.........] - ETA: 0s - loss: 0.9539 - accuracy: 0.6650
73/98 [=====================>........] - ETA: 0s - loss: 0.9549 - accuracy: 0.6649
76/98 [======================>.......] - ETA: 0s - loss: 0.9557 - accuracy: 0.6647
80/98 [=======================>......] - ETA: 0s - loss: 0.9558 - accuracy: 0.6651
83/98 [========================>.....] - ETA: 0s - loss: 0.9548 - accuracy: 0.6651
87/98 [=========================>....] - ETA: 0s - loss: 0.9563 - accuracy: 0.6645
90/98 [==========================>...] - ETA: 0s - loss: 0.9581 - accuracy: 0.6634
94/98 [===========================>..] - ETA: 0s - loss: 0.9599 - accuracy: 0.6632
98/98 [==============================] - ETA: 0s - loss: 0.9630 - accuracy: 0.6622
98/98 [==============================] - 3s 28ms/step - loss: 0.9630 - accuracy: 0.6622 - val_loss: 1.0680 - val_accuracy: 0.6243
Epoch 7/120

 1/98 [..............................] - ETA: 4s - loss: 0.9192 - accuracy: 0.6660
 5/98 [>.............................] - ETA: 1s - loss: 0.9119 - accuracy: 0.6797
 9/98 [=>............................] - ETA: 1s - loss: 0.8977 - accuracy: 0.6838
13/98 [==>...........................] - ETA: 1s - loss: 0.9017 - accuracy: 0.6830
16/98 [===>..........................] - ETA: 1s - loss: 0.9075 - accuracy: 0.6818
20/98 [=====>........................] - ETA: 1s - loss: 0.9075 - accuracy: 0.6818
24/98 [======>.......................] - ETA: 1s - loss: 0.9086 - accuracy: 0.6805
27/98 [=======>......................] - ETA: 1s - loss: 0.9099 - accuracy: 0.6798
31/98 [========>.....................] - ETA: 1s - loss: 0.9162 - accuracy: 0.6763
34/98 [=========>....................] - ETA: 1s - loss: 0.9216 - accuracy: 0.6748
38/98 [==========>...................] - ETA: 1s - loss: 0.9218 - accuracy: 0.6749
41/98 [===========>..................] - ETA: 1s - loss: 0.9223 - accuracy: 0.6747
45/98 [============>.................] - ETA: 0s - loss: 0.9214 - accuracy: 0.6748
48/98 [=============>................] - ETA: 0s - loss: 0.9227 - accuracy: 0.6755
52/98 [==============>...............] - ETA: 0s - loss: 0.9225 - accuracy: 0.6761
55/98 [===============>..............] - ETA: 0s - loss: 0.9206 - accuracy: 0.6772
59/98 [=================>............] - ETA: 0s - loss: 0.9183 - accuracy: 0.6778
62/98 [=================>............] - ETA: 0s - loss: 0.9205 - accuracy: 0.6771
66/98 [===================>..........] - ETA: 0s - loss: 0.9207 - accuracy: 0.6771
69/98 [====================>.........] - ETA: 0s - loss: 0.9209 - accuracy: 0.6769
73/98 [=====================>........] - ETA: 0s - loss: 0.9220 - accuracy: 0.6766
76/98 [======================>.......] - ETA: 0s - loss: 0.9242 - accuracy: 0.6762
80/98 [=======================>......] - ETA: 0s - loss: 0.9250 - accuracy: 0.6755
84/98 [========================>.....] - ETA: 0s - loss: 0.9274 - accuracy: 0.6745
87/98 [=========================>....] - ETA: 0s - loss: 0.9279 - accuracy: 0.6746
91/98 [==========================>...] - ETA: 0s - loss: 0.9295 - accuracy: 0.6741
94/98 [===========================>..] - ETA: 0s - loss: 0.9300 - accuracy: 0.6739
98/98 [==============================] - ETA: 0s - loss: 0.9281 - accuracy: 0.6744
98/98 [==============================] - 3s 28ms/step - loss: 0.9281 - accuracy: 0.6744 - val_loss: 1.0771 - val_accuracy: 0.6229
Epoch 8/120

 1/98 [..............................] - ETA: 3s - loss: 0.9040 - accuracy: 0.6738
 4/98 [>.............................] - ETA: 1s - loss: 0.8607 - accuracy: 0.6914
 8/98 [=>............................] - ETA: 1s - loss: 0.8834 - accuracy: 0.6902
11/98 [==>...........................] - ETA: 1s - loss: 0.8875 - accuracy: 0.6902
15/98 [===>..........................] - ETA: 1s - loss: 0.8802 - accuracy: 0.6932
19/98 [====>.........................] - ETA: 1s - loss: 0.8890 - accuracy: 0.6891
23/98 [======>.......................] - ETA: 1s - loss: 0.8862 - accuracy: 0.6906
27/98 [=======>......................] - ETA: 1s - loss: 0.8900 - accuracy: 0.6885
30/98 [========>.....................] - ETA: 1s - loss: 0.8892 - accuracy: 0.6897
34/98 [=========>....................] - ETA: 1s - loss: 0.8858 - accuracy: 0.6901
37/98 [==========>...................] - ETA: 1s - loss: 0.8879 - accuracy: 0.6895
41/98 [===========>..................] - ETA: 1s - loss: 0.8867 - accuracy: 0.6896
44/98 [============>.................] - ETA: 0s - loss: 0.8890 - accuracy: 0.6881
48/98 [=============>................] - ETA: 0s - loss: 0.8912 - accuracy: 0.6879
51/98 [==============>...............] - ETA: 0s - loss: 0.8935 - accuracy: 0.6865
55/98 [===============>..............] - ETA: 0s - loss: 0.8932 - accuracy: 0.6863
59/98 [=================>............] - ETA: 0s - loss: 0.8932 - accuracy: 0.6867
63/98 [==================>...........] - ETA: 0s - loss: 0.8939 - accuracy: 0.6870
66/98 [===================>..........] - ETA: 0s - loss: 0.8937 - accuracy: 0.6870
69/98 [====================>.........] - ETA: 0s - loss: 0.8925 - accuracy: 0.6871
72/98 [=====================>........] - ETA: 0s - loss: 0.8946 - accuracy: 0.6865
76/98 [======================>.......] - ETA: 0s - loss: 0.8950 - accuracy: 0.6864
80/98 [=======================>......] - ETA: 0s - loss: 0.8949 - accuracy: 0.6865
84/98 [========================>.....] - ETA: 0s - loss: 0.8949 - accuracy: 0.6866
87/98 [=========================>....] - ETA: 0s - loss: 0.8959 - accuracy: 0.6864
91/98 [==========================>...] - ETA: 0s - loss: 0.8969 - accuracy: 0.6863
94/98 [===========================>..] - ETA: 0s - loss: 0.8970 - accuracy: 0.6860
98/98 [==============================] - ETA: 0s - loss: 0.8981 - accuracy: 0.6857
98/98 [==============================] - 3s 29ms/step - loss: 0.8981 - accuracy: 0.6857 - val_loss: 1.1326 - val_accuracy: 0.6052
Epoch 9/120

 1/98 [..............................] - ETA: 3s - loss: 0.8661 - accuracy: 0.6816
 5/98 [>.............................] - ETA: 1s - loss: 0.8771 - accuracy: 0.6855
 8/98 [=>............................] - ETA: 1s - loss: 0.8810 - accuracy: 0.6875
12/98 [==>...........................] - ETA: 1s - loss: 0.8743 - accuracy: 0.6921
15/98 [===>..........................] - ETA: 1s - loss: 0.8728 - accuracy: 0.6936
19/98 [====>.........................] - ETA: 1s - loss: 0.8635 - accuracy: 0.6969
22/98 [=====>........................] - ETA: 1s - loss: 0.8637 - accuracy: 0.6962
25/98 [======>.......................] - ETA: 1s - loss: 0.8645 - accuracy: 0.6957
29/98 [=======>......................] - ETA: 1s - loss: 0.8652 - accuracy: 0.6960
32/98 [========>.....................] - ETA: 1s - loss: 0.8619 - accuracy: 0.6986
36/98 [==========>...................] - ETA: 1s - loss: 0.8602 - accuracy: 0.6985
39/98 [==========>...................] - ETA: 1s - loss: 0.8584 - accuracy: 0.6997
43/98 [============>.................] - ETA: 0s - loss: 0.8590 - accuracy: 0.6997
46/98 [=============>................] - ETA: 0s - loss: 0.8558 - accuracy: 0.7004
50/98 [==============>...............] - ETA: 0s - loss: 0.8571 - accuracy: 0.6995
53/98 [===============>..............] - ETA: 0s - loss: 0.8574 - accuracy: 0.6996
57/98 [================>.............] - ETA: 0s - loss: 0.8607 - accuracy: 0.6988
61/98 [=================>............] - ETA: 0s - loss: 0.8610 - accuracy: 0.6984
65/98 [==================>...........] - ETA: 0s - loss: 0.8627 - accuracy: 0.6981
68/98 [===================>..........] - ETA: 0s - loss: 0.8627 - accuracy: 0.6978
72/98 [=====================>........] - ETA: 0s - loss: 0.8654 - accuracy: 0.6973
76/98 [======================>.......] - ETA: 0s - loss: 0.8655 - accuracy: 0.6972
80/98 [=======================>......] - ETA: 0s - loss: 0.8669 - accuracy: 0.6968
84/98 [========================>.....] - ETA: 0s - loss: 0.8683 - accuracy: 0.6961
87/98 [=========================>....] - ETA: 0s - loss: 0.8689 - accuracy: 0.6959
90/98 [==========================>...] - ETA: 0s - loss: 0.8704 - accuracy: 0.6952
93/98 [===========================>..] - ETA: 0s - loss: 0.8724 - accuracy: 0.6944
97/98 [============================>.] - ETA: 0s - loss: 0.8748 - accuracy: 0.6936
98/98 [==============================] - 3s 28ms/step - loss: 0.8752 - accuracy: 0.6934 - val_loss: 1.0384 - val_accuracy: 0.6426
Epoch 10/120

 1/98 [..............................] - ETA: 3s - loss: 0.8242 - accuracy: 0.6895
 6/98 [>.............................] - ETA: 1s - loss: 0.8102 - accuracy: 0.7041
10/98 [==>...........................] - ETA: 1s - loss: 0.8206 - accuracy: 0.7031
14/98 [===>..........................] - ETA: 1s - loss: 0.8190 - accuracy: 0.7063
19/98 [====>.........................] - ETA: 1s - loss: 0.8147 - accuracy: 0.7112
23/98 [======>.......................] - ETA: 1s - loss: 0.8225 - accuracy: 0.7067
28/98 [=======>......................] - ETA: 0s - loss: 0.8244 - accuracy: 0.7068
32/98 [========>.....................] - ETA: 0s - loss: 0.8256 - accuracy: 0.7067
36/98 [==========>...................] - ETA: 0s - loss: 0.8259 - accuracy: 0.7088
40/98 [===========>..................] - ETA: 0s - loss: 0.8293 - accuracy: 0.7076
45/98 [============>.................] - ETA: 0s - loss: 0.8335 - accuracy: 0.7066
49/98 [==============>...............] - ETA: 0s - loss: 0.8336 - accuracy: 0.7063
53/98 [===============>..............] - ETA: 0s - loss: 0.8377 - accuracy: 0.7051
58/98 [================>.............] - ETA: 0s - loss: 0.8425 - accuracy: 0.7037
62/98 [=================>............] - ETA: 0s - loss: 0.8438 - accuracy: 0.7029
66/98 [===================>..........] - ETA: 0s - loss: 0.8471 - accuracy: 0.7017
70/98 [====================>.........] - ETA: 0s - loss: 0.8489 - accuracy: 0.7013
74/98 [=====================>........] - ETA: 0s - loss: 0.8496 - accuracy: 0.7006
78/98 [======================>.......] - ETA: 0s - loss: 0.8510 - accuracy: 0.6999
83/98 [========================>.....] - ETA: 0s - loss: 0.8501 - accuracy: 0.7000
87/98 [=========================>....] - ETA: 0s - loss: 0.8507 - accuracy: 0.6997
91/98 [==========================>...] - ETA: 0s - loss: 0.8511 - accuracy: 0.6996
96/98 [============================>.] - ETA: 0s - loss: 0.8518 - accuracy: 0.6997
98/98 [==============================] - 2s 23ms/step - loss: 0.8516 - accuracy: 0.6997 - val_loss: 1.0633 - val_accuracy: 0.6328
Epoch 11/120

 1/98 [..............................] - ETA: 3s - loss: 0.8728 - accuracy: 0.7168
 5/98 [>.............................] - ETA: 1s - loss: 0.8231 - accuracy: 0.7188
 8/98 [=>............................] - ETA: 1s - loss: 0.8110 - accuracy: 0.7219
12/98 [==>...........................] - ETA: 1s - loss: 0.8189 - accuracy: 0.7179
17/98 [====>.........................] - ETA: 1s - loss: 0.8225 - accuracy: 0.7177
21/98 [=====>........................] - ETA: 1s - loss: 0.8227 - accuracy: 0.7161
26/98 [======>.......................] - ETA: 1s - loss: 0.8206 - accuracy: 0.7154
30/98 [========>.....................] - ETA: 0s - loss: 0.8247 - accuracy: 0.7147
35/98 [=========>....................] - ETA: 0s - loss: 0.8242 - accuracy: 0.7137
39/98 [==========>...................] - ETA: 0s - loss: 0.8250 - accuracy: 0.7123
43/98 [============>.................] - ETA: 0s - loss: 0.8297 - accuracy: 0.7104
47/98 [=============>................] - ETA: 0s - loss: 0.8290 - accuracy: 0.7101
51/98 [==============>...............] - ETA: 0s - loss: 0.8269 - accuracy: 0.7104
55/98 [===============>..............] - ETA: 0s - loss: 0.8291 - accuracy: 0.7094
58/98 [================>.............] - ETA: 0s - loss: 0.8282 - accuracy: 0.7095
62/98 [=================>............] - ETA: 0s - loss: 0.8281 - accuracy: 0.7097
65/98 [==================>...........] - ETA: 0s - loss: 0.8293 - accuracy: 0.7092
69/98 [====================>.........] - ETA: 0s - loss: 0.8282 - accuracy: 0.7088
72/98 [=====================>........] - ETA: 0s - loss: 0.8291 - accuracy: 0.7091
76/98 [======================>.......] - ETA: 0s - loss: 0.8305 - accuracy: 0.7086
79/98 [=======================>......] - ETA: 0s - loss: 0.8311 - accuracy: 0.7082
82/98 [========================>.....] - ETA: 0s - loss: 0.8318 - accuracy: 0.7081
86/98 [=========================>....] - ETA: 0s - loss: 0.8311 - accuracy: 0.7080
89/98 [==========================>...] - ETA: 0s - loss: 0.8317 - accuracy: 0.7078
93/98 [===========================>..] - ETA: 0s - loss: 0.8334 - accuracy: 0.7071
97/98 [============================>.] - ETA: 0s - loss: 0.8348 - accuracy: 0.7065
98/98 [==============================] - 3s 27ms/step - loss: 0.8349 - accuracy: 0.7064 - val_loss: 1.1318 - val_accuracy: 0.6145
Epoch 12/120

 1/98 [..............................] - ETA: 3s - loss: 0.8082 - accuracy: 0.7129
 4/98 [>.............................] - ETA: 1s - loss: 0.7770 - accuracy: 0.7275
 8/98 [=>............................] - ETA: 1s - loss: 0.7649 - accuracy: 0.7336
12/98 [==>...........................] - ETA: 1s - loss: 0.7801 - accuracy: 0.7217
15/98 [===>..........................] - ETA: 1s - loss: 0.7806 - accuracy: 0.7210
19/98 [====>.........................] - ETA: 1s - loss: 0.7865 - accuracy: 0.7177
22/98 [=====>........................] - ETA: 1s - loss: 0.7817 - accuracy: 0.7187
26/98 [======>.......................] - ETA: 1s - loss: 0.7785 - accuracy: 0.7212
29/98 [=======>......................] - ETA: 1s - loss: 0.7825 - accuracy: 0.7209
33/98 [=========>....................] - ETA: 1s - loss: 0.7889 - accuracy: 0.7196
37/98 [==========>...................] - ETA: 1s - loss: 0.7916 - accuracy: 0.7191
41/98 [===========>..................] - ETA: 1s - loss: 0.7933 - accuracy: 0.7181
45/98 [============>.................] - ETA: 0s - loss: 0.7987 - accuracy: 0.7168
49/98 [==============>...............] - ETA: 0s - loss: 0.8004 - accuracy: 0.7160
53/98 [===============>..............] - ETA: 0s - loss: 0.7995 - accuracy: 0.7164
57/98 [================>.............] - ETA: 0s - loss: 0.8002 - accuracy: 0.7165
60/98 [=================>............] - ETA: 0s - loss: 0.8016 - accuracy: 0.7166
64/98 [==================>...........] - ETA: 0s - loss: 0.8007 - accuracy: 0.7174
67/98 [===================>..........] - ETA: 0s - loss: 0.8026 - accuracy: 0.7170
71/98 [====================>.........] - ETA: 0s - loss: 0.8049 - accuracy: 0.7152
75/98 [=====================>........] - ETA: 0s - loss: 0.8045 - accuracy: 0.7162
79/98 [=======================>......] - ETA: 0s - loss: 0.8060 - accuracy: 0.7159
82/98 [========================>.....] - ETA: 0s - loss: 0.8069 - accuracy: 0.7155
86/98 [=========================>....] - ETA: 0s - loss: 0.8089 - accuracy: 0.7145
89/98 [==========================>...] - ETA: 0s - loss: 0.8095 - accuracy: 0.7144
93/98 [===========================>..] - ETA: 0s - loss: 0.8094 - accuracy: 0.7149
96/98 [============================>.] - ETA: 0s - loss: 0.8119 - accuracy: 0.7142
98/98 [==============================] - 3s 28ms/step - loss: 0.8132 - accuracy: 0.7135 - val_loss: 1.0063 - val_accuracy: 0.6545
Epoch 13/120

 1/98 [..............................] - ETA: 3s - loss: 0.7359 - accuracy: 0.7305
 5/98 [>.............................] - ETA: 1s - loss: 0.7793 - accuracy: 0.7184
 9/98 [=>............................] - ETA: 1s - loss: 0.7808 - accuracy: 0.7261
12/98 [==>...........................] - ETA: 1s - loss: 0.7705 - accuracy: 0.7303
16/98 [===>..........................] - ETA: 1s - loss: 0.7763 - accuracy: 0.7253
20/98 [=====>........................] - ETA: 1s - loss: 0.7772 - accuracy: 0.7264
24/98 [======>.......................] - ETA: 1s - loss: 0.7771 - accuracy: 0.7244
27/98 [=======>......................] - ETA: 1s - loss: 0.7822 - accuracy: 0.7232
31/98 [========>.....................] - ETA: 1s - loss: 0.7845 - accuracy: 0.7235
35/98 [=========>....................] - ETA: 1s - loss: 0.7863 - accuracy: 0.7224
38/98 [==========>...................] - ETA: 1s - loss: 0.7875 - accuracy: 0.7215
42/98 [===========>..................] - ETA: 0s - loss: 0.7866 - accuracy: 0.7219
45/98 [============>.................] - ETA: 0s - loss: 0.7859 - accuracy: 0.7220
49/98 [==============>...............] - ETA: 0s - loss: 0.7869 - accuracy: 0.7210
52/98 [==============>...............] - ETA: 0s - loss: 0.7898 - accuracy: 0.7207
56/98 [================>.............] - ETA: 0s - loss: 0.7899 - accuracy: 0.7209
59/98 [=================>............] - ETA: 0s - loss: 0.7890 - accuracy: 0.7216
63/98 [==================>...........] - ETA: 0s - loss: 0.7916 - accuracy: 0.7209
67/98 [===================>..........] - ETA: 0s - loss: 0.7948 - accuracy: 0.7203
70/98 [====================>.........] - ETA: 0s - loss: 0.7948 - accuracy: 0.7201
74/98 [=====================>........] - ETA: 0s - loss: 0.7954 - accuracy: 0.7197
78/98 [======================>.......] - ETA: 0s - loss: 0.7958 - accuracy: 0.7196
82/98 [========================>.....] - ETA: 0s - loss: 0.7968 - accuracy: 0.7195
85/98 [=========================>....] - ETA: 0s - loss: 0.7971 - accuracy: 0.7193
89/98 [==========================>...] - ETA: 0s - loss: 0.7995 - accuracy: 0.7193
92/98 [===========================>..] - ETA: 0s - loss: 0.8003 - accuracy: 0.7188
96/98 [============================>.] - ETA: 0s - loss: 0.8008 - accuracy: 0.7182
98/98 [==============================] - 3s 28ms/step - loss: 0.8002 - accuracy: 0.7184 - val_loss: 1.0498 - val_accuracy: 0.6391
Epoch 14/120

 1/98 [..............................] - ETA: 3s - loss: 0.7592 - accuracy: 0.7285
 5/98 [>.............................] - ETA: 1s - loss: 0.7764 - accuracy: 0.7215
 8/98 [=>............................] - ETA: 1s - loss: 0.7652 - accuracy: 0.7268
11/98 [==>...........................] - ETA: 1s - loss: 0.7542 - accuracy: 0.7312
15/98 [===>..........................] - ETA: 1s - loss: 0.7578 - accuracy: 0.7293
19/98 [====>.........................] - ETA: 1s - loss: 0.7565 - accuracy: 0.7305
22/98 [=====>........................] - ETA: 1s - loss: 0.7633 - accuracy: 0.7285
26/98 [======>.......................] - ETA: 1s - loss: 0.7661 - accuracy: 0.7274
29/98 [=======>......................] - ETA: 1s - loss: 0.7684 - accuracy: 0.7263
33/98 [=========>....................] - ETA: 1s - loss: 0.7675 - accuracy: 0.7264
37/98 [==========>...................] - ETA: 1s - loss: 0.7707 - accuracy: 0.7253
40/98 [===========>..................] - ETA: 1s - loss: 0.7717 - accuracy: 0.7250
44/98 [============>.................] - ETA: 0s - loss: 0.7734 - accuracy: 0.7241
47/98 [=============>................] - ETA: 0s - loss: 0.7745 - accuracy: 0.7233
51/98 [==============>...............] - ETA: 0s - loss: 0.7775 - accuracy: 0.7236
54/98 [===============>..............] - ETA: 0s - loss: 0.7805 - accuracy: 0.7230
58/98 [================>.............] - ETA: 0s - loss: 0.7819 - accuracy: 0.7226
61/98 [=================>............] - ETA: 0s - loss: 0.7835 - accuracy: 0.7225
65/98 [==================>...........] - ETA: 0s - loss: 0.7836 - accuracy: 0.7231
68/98 [===================>..........] - ETA: 0s - loss: 0.7836 - accuracy: 0.7238
72/98 [=====================>........] - ETA: 0s - loss: 0.7829 - accuracy: 0.7235
75/98 [=====================>........] - ETA: 0s - loss: 0.7833 - accuracy: 0.7233
79/98 [=======================>......] - ETA: 0s - loss: 0.7814 - accuracy: 0.7234
82/98 [========================>.....] - ETA: 0s - loss: 0.7817 - accuracy: 0.7230
86/98 [=========================>....] - ETA: 0s - loss: 0.7832 - accuracy: 0.7229
89/98 [==========================>...] - ETA: 0s - loss: 0.7834 - accuracy: 0.7228
93/98 [===========================>..] - ETA: 0s - loss: 0.7870 - accuracy: 0.7220
96/98 [============================>.] - ETA: 0s - loss: 0.7883 - accuracy: 0.7216
98/98 [==============================] - 3s 28ms/step - loss: 0.7879 - accuracy: 0.7219 - val_loss: 1.0225 - val_accuracy: 0.6552
Epoch 15/120

 1/98 [..............................] - ETA: 2s - loss: 0.6832 - accuracy: 0.7461
 5/98 [>.............................] - ETA: 1s - loss: 0.7668 - accuracy: 0.7273
 8/98 [=>............................] - ETA: 1s - loss: 0.7881 - accuracy: 0.7224
12/98 [==>...........................] - ETA: 1s - loss: 0.7722 - accuracy: 0.7290
15/98 [===>..........................] - ETA: 1s - loss: 0.7672 - accuracy: 0.7314
19/98 [====>.........................] - ETA: 1s - loss: 0.7526 - accuracy: 0.7353
23/98 [======>.......................] - ETA: 1s - loss: 0.7466 - accuracy: 0.7371
27/98 [=======>......................] - ETA: 1s - loss: 0.7509 - accuracy: 0.7355
30/98 [========>.....................] - ETA: 1s - loss: 0.7526 - accuracy: 0.7357
34/98 [=========>....................] - ETA: 1s - loss: 0.7591 - accuracy: 0.7332
37/98 [==========>...................] - ETA: 1s - loss: 0.7596 - accuracy: 0.7327
41/98 [===========>..................] - ETA: 1s - loss: 0.7593 - accuracy: 0.7334
44/98 [============>.................] - ETA: 0s - loss: 0.7610 - accuracy: 0.7330
48/98 [=============>................] - ETA: 0s - loss: 0.7640 - accuracy: 0.7318
51/98 [==============>...............] - ETA: 0s - loss: 0.7649 - accuracy: 0.7311
55/98 [===============>..............] - ETA: 0s - loss: 0.7658 - accuracy: 0.7308
58/98 [================>.............] - ETA: 0s - loss: 0.7670 - accuracy: 0.7306
62/98 [=================>............] - ETA: 0s - loss: 0.7660 - accuracy: 0.7309
65/98 [==================>...........] - ETA: 0s - loss: 0.7677 - accuracy: 0.7306
69/98 [====================>.........] - ETA: 0s - loss: 0.7668 - accuracy: 0.7311
73/98 [=====================>........] - ETA: 0s - loss: 0.7678 - accuracy: 0.7312
76/98 [======================>.......] - ETA: 0s - loss: 0.7670 - accuracy: 0.7319
80/98 [=======================>......] - ETA: 0s - loss: 0.7690 - accuracy: 0.7311
83/98 [========================>.....] - ETA: 0s - loss: 0.7691 - accuracy: 0.7304
87/98 [=========================>....] - ETA: 0s - loss: 0.7721 - accuracy: 0.7293
90/98 [==========================>...] - ETA: 0s - loss: 0.7737 - accuracy: 0.7284
94/98 [===========================>..] - ETA: 0s - loss: 0.7781 - accuracy: 0.7265
97/98 [============================>.] - ETA: 0s - loss: 0.7787 - accuracy: 0.7264
98/98 [==============================] - 3s 28ms/step - loss: 0.7788 - accuracy: 0.7260 - val_loss: 1.0213 - val_accuracy: 0.6539
Epoch 16/120

 1/98 [..............................] - ETA: 3s - loss: 0.7876 - accuracy: 0.7402
 5/98 [>.............................] - ETA: 1s - loss: 0.7552 - accuracy: 0.7379
 8/98 [=>............................] - ETA: 1s - loss: 0.7479 - accuracy: 0.7395
12/98 [==>...........................] - ETA: 1s - loss: 0.7437 - accuracy: 0.7407
15/98 [===>..........................] - ETA: 1s - loss: 0.7392 - accuracy: 0.7415
19/98 [====>.........................] - ETA: 1s - loss: 0.7371 - accuracy: 0.7415
22/98 [=====>........................] - ETA: 1s - loss: 0.7429 - accuracy: 0.7375
26/98 [======>.......................] - ETA: 1s - loss: 0.7432 - accuracy: 0.7378
29/98 [=======>......................] - ETA: 1s - loss: 0.7462 - accuracy: 0.7373
33/98 [=========>....................] - ETA: 1s - loss: 0.7463 - accuracy: 0.7375
