2024-07-27 20:13:56.223373: I tensorflow/core/platform/cpu_feature_guard.cc:193] This TensorFlow binary is optimized with oneAPI Deep Neural Network Library (oneDNN) to use the following CPU instructions in performance-critical operations:  AVX AVX2
To enable them in other operations, rebuild TensorFlow with the appropriate compiler flags.
2024-07-27 20:13:57.276691: I tensorflow/core/common_runtime/gpu/gpu_device.cc:1616] Created device /job:localhost/replica:0/task:0/device:GPU:0 with 6656 MB memory:  -> device: 0, name: NVIDIA GeForce RTX 4060 Ti, pci bus id: 0000:01:00.0, compute capability: 8.9
1 Physical GPUs, 1 Logical GPUs
Model: "sequential"
_________________________________________________________________
 Layer (type)                Output Shape              Param #   
=================================================================
 conv2d (Conv2D)             (None, 32, 32, 32)        896       
                                                                 
 max_pooling2d (MaxPooling2D  (None, 16, 16, 32)       0         
 )                                                               
                                                                 
 batch_normalization (BatchN  (None, 16, 16, 32)       128       
 ormalization)                                                   
                                                                 
 dropout (Dropout)           (None, 16, 16, 32)        0         
                                                                 
 flatten (Flatten)           (None, 8192)              0         
                                                                 
 dense (Dense)               (None, 70)                573510    
                                                                 
 dropout_1 (Dropout)         (None, 70)                0         
                                                                 
 dense_1 (Dense)             (None, 10)                710       
                                                                 
=================================================================
Total params: 575,244
Trainable params: 575,180
Non-trainable params: 64
_________________________________________________________________
Taxa de aprendizado:  0.001 Num de épocas:  120 Tamanho do lote:  512 Dropout:  0.31
Epoch 1/120
2024-07-27 20:13:59.172532: I tensorflow/stream_executor/cuda/cuda_dnn.cc:384] Loaded cuDNN version 8100
2024-07-27 20:14:00.675915: W tensorflow/stream_executor/gpu/redzone_allocator.cc:314] INTERNAL: ptxas exited with non-zero error code -1, output: 
Relying on driver to perform ptx compilation. 
Modify $PATH to customize ptxas location.
This message will be only logged once.
2024-07-27 20:14:01.748949: I tensorflow/stream_executor/cuda/cuda_blas.cc:1614] TensorFloat-32 will be used for the matrix multiplication. This will only be logged once.

 1/98 [..............................] - ETA: 7:15 - loss: 2.7299 - accuracy: 0.1055
 5/98 [>.............................] - ETA: 1s - loss: 2.4865 - accuracy: 0.2156  
 9/98 [=>............................] - ETA: 1s - loss: 2.3307 - accuracy: 0.2428
13/98 [==>...........................] - ETA: 1s - loss: 2.2620 - accuracy: 0.2530
17/98 [====>.........................] - ETA: 1s - loss: 2.1955 - accuracy: 0.2700
21/98 [=====>........................] - ETA: 1s - loss: 2.1432 - accuracy: 0.2837
25/98 [======>.......................] - ETA: 1s - loss: 2.1027 - accuracy: 0.2941
30/98 [========>.....................] - ETA: 1s - loss: 2.0630 - accuracy: 0.3067
34/98 [=========>....................] - ETA: 1s - loss: 2.0326 - accuracy: 0.3153
38/98 [==========>...................] - ETA: 0s - loss: 2.0111 - accuracy: 0.3219
42/98 [===========>..................] - ETA: 0s - loss: 1.9798 - accuracy: 0.3311
46/98 [=============>................] - ETA: 0s - loss: 1.9582 - accuracy: 0.3370
50/98 [==============>...............] - ETA: 0s - loss: 1.9355 - accuracy: 0.3434
54/98 [===============>..............] - ETA: 0s - loss: 1.9177 - accuracy: 0.3484
58/98 [================>.............] - ETA: 0s - loss: 1.9026 - accuracy: 0.3515
62/98 [=================>............] - ETA: 0s - loss: 1.8833 - accuracy: 0.3571
67/98 [===================>..........] - ETA: 0s - loss: 1.8618 - accuracy: 0.3642
71/98 [====================>.........] - ETA: 0s - loss: 1.8466 - accuracy: 0.3690
75/98 [=====================>........] - ETA: 0s - loss: 1.8313 - accuracy: 0.3737
78/98 [======================>.......] - ETA: 0s - loss: 1.8207 - accuracy: 0.3765
82/98 [========================>.....] - ETA: 0s - loss: 1.8074 - accuracy: 0.3804
86/98 [=========================>....] - ETA: 0s - loss: 1.7951 - accuracy: 0.3843
90/98 [==========================>...] - ETA: 0s - loss: 1.7826 - accuracy: 0.3883
94/98 [===========================>..] - ETA: 0s - loss: 1.7692 - accuracy: 0.3922
98/98 [==============================] - ETA: 0s - loss: 1.7587 - accuracy: 0.3956
98/98 [==============================] - 7s 29ms/step - loss: 1.7587 - accuracy: 0.3956 - val_loss: 1.8183 - val_accuracy: 0.3954
Epoch 2/120

 1/98 [..............................] - ETA: 3s - loss: 1.5252 - accuracy: 0.5137
 5/98 [>.............................] - ETA: 1s - loss: 1.4360 - accuracy: 0.5143
 8/98 [=>............................] - ETA: 1s - loss: 1.4277 - accuracy: 0.5102
12/98 [==>...........................] - ETA: 1s - loss: 1.4261 - accuracy: 0.5039
16/98 [===>..........................] - ETA: 1s - loss: 1.4156 - accuracy: 0.5029
20/98 [=====>........................] - ETA: 1s - loss: 1.4053 - accuracy: 0.5059
23/98 [======>.......................] - ETA: 1s - loss: 1.4049 - accuracy: 0.5058
27/98 [=======>......................] - ETA: 1s - loss: 1.3994 - accuracy: 0.5082
31/98 [========>.....................] - ETA: 1s - loss: 1.3957 - accuracy: 0.5098
34/98 [=========>....................] - ETA: 1s - loss: 1.3907 - accuracy: 0.5127
38/98 [==========>...................] - ETA: 1s - loss: 1.3914 - accuracy: 0.5119
41/98 [===========>..................] - ETA: 0s - loss: 1.3906 - accuracy: 0.5131
45/98 [============>.................] - ETA: 0s - loss: 1.3879 - accuracy: 0.5140
49/98 [==============>...............] - ETA: 0s - loss: 1.3835 - accuracy: 0.5146
53/98 [===============>..............] - ETA: 0s - loss: 1.3827 - accuracy: 0.5151
56/98 [================>.............] - ETA: 0s - loss: 1.3792 - accuracy: 0.5149
60/98 [=================>............] - ETA: 0s - loss: 1.3769 - accuracy: 0.5157
64/98 [==================>...........] - ETA: 0s - loss: 1.3761 - accuracy: 0.5156
68/98 [===================>..........] - ETA: 0s - loss: 1.3693 - accuracy: 0.5184
72/98 [=====================>........] - ETA: 0s - loss: 1.3669 - accuracy: 0.5193
76/98 [======================>.......] - ETA: 0s - loss: 1.3646 - accuracy: 0.5196
80/98 [=======================>......] - ETA: 0s - loss: 1.3617 - accuracy: 0.5201
83/98 [========================>.....] - ETA: 0s - loss: 1.3592 - accuracy: 0.5209
87/98 [=========================>....] - ETA: 0s - loss: 1.3557 - accuracy: 0.5220
91/98 [==========================>...] - ETA: 0s - loss: 1.3533 - accuracy: 0.5223
95/98 [============================>.] - ETA: 0s - loss: 1.3511 - accuracy: 0.5231
98/98 [==============================] - 3s 27ms/step - loss: 1.3499 - accuracy: 0.5235 - val_loss: 1.5588 - val_accuracy: 0.4715
Epoch 3/120

 1/98 [..............................] - ETA: 3s - loss: 1.2183 - accuracy: 0.5952
 5/98 [>.............................] - ETA: 1s - loss: 1.2204 - accuracy: 0.5659
 9/98 [=>............................] - ETA: 1s - loss: 1.2273 - accuracy: 0.5584
13/98 [==>...........................] - ETA: 1s - loss: 1.2223 - accuracy: 0.5660
17/98 [====>.........................] - ETA: 1s - loss: 1.2121 - accuracy: 0.5723
21/98 [=====>........................] - ETA: 1s - loss: 1.2099 - accuracy: 0.5752
25/98 [======>.......................] - ETA: 1s - loss: 1.2053 - accuracy: 0.5776
28/98 [=======>......................] - ETA: 1s - loss: 1.2058 - accuracy: 0.5793
32/98 [========>.....................] - ETA: 1s - loss: 1.1997 - accuracy: 0.5802
36/98 [==========>...................] - ETA: 1s - loss: 1.1995 - accuracy: 0.5815
40/98 [===========>..................] - ETA: 0s - loss: 1.2010 - accuracy: 0.5815
43/98 [============>.................] - ETA: 0s - loss: 1.1992 - accuracy: 0.5817
47/98 [=============>................] - ETA: 0s - loss: 1.2013 - accuracy: 0.5800
51/98 [==============>...............] - ETA: 0s - loss: 1.1983 - accuracy: 0.5807
55/98 [===============>..............] - ETA: 0s - loss: 1.1986 - accuracy: 0.5803
58/98 [================>.............] - ETA: 0s - loss: 1.1971 - accuracy: 0.5807
62/98 [=================>............] - ETA: 0s - loss: 1.1950 - accuracy: 0.5809
66/98 [===================>..........] - ETA: 0s - loss: 1.1938 - accuracy: 0.5814
69/98 [====================>.........] - ETA: 0s - loss: 1.1940 - accuracy: 0.5812
73/98 [=====================>........] - ETA: 0s - loss: 1.1944 - accuracy: 0.5817
77/98 [======================>.......] - ETA: 0s - loss: 1.1933 - accuracy: 0.5826
81/98 [=======================>......] - ETA: 0s - loss: 1.1931 - accuracy: 0.5826
85/98 [=========================>....] - ETA: 0s - loss: 1.1921 - accuracy: 0.5833
89/98 [==========================>...] - ETA: 0s - loss: 1.1925 - accuracy: 0.5832
93/98 [===========================>..] - ETA: 0s - loss: 1.1930 - accuracy: 0.5828
96/98 [============================>.] - ETA: 0s - loss: 1.1933 - accuracy: 0.5830
98/98 [==============================] - 3s 27ms/step - loss: 1.1930 - accuracy: 0.5831 - val_loss: 1.4705 - val_accuracy: 0.4839
Epoch 4/120

 1/98 [..............................] - ETA: 1s - loss: 1.0939 - accuracy: 0.6055
 4/98 [>.............................] - ETA: 1s - loss: 1.0661 - accuracy: 0.6206
 8/98 [=>............................] - ETA: 1s - loss: 1.0769 - accuracy: 0.6169
12/98 [==>...........................] - ETA: 1s - loss: 1.0795 - accuracy: 0.6198
16/98 [===>..........................] - ETA: 1s - loss: 1.0906 - accuracy: 0.6161
20/98 [=====>........................] - ETA: 1s - loss: 1.0916 - accuracy: 0.6186
24/98 [======>.......................] - ETA: 1s - loss: 1.0882 - accuracy: 0.6201
28/98 [=======>......................] - ETA: 1s - loss: 1.0950 - accuracy: 0.6167
32/98 [========>.....................] - ETA: 1s - loss: 1.0936 - accuracy: 0.6168
35/98 [=========>....................] - ETA: 1s - loss: 1.0953 - accuracy: 0.6163
39/98 [==========>...................] - ETA: 0s - loss: 1.0967 - accuracy: 0.6158
43/98 [============>.................] - ETA: 0s - loss: 1.0968 - accuracy: 0.6161
46/98 [=============>................] - ETA: 0s - loss: 1.0956 - accuracy: 0.6157
50/98 [==============>...............] - ETA: 0s - loss: 1.0973 - accuracy: 0.6152
54/98 [===============>..............] - ETA: 0s - loss: 1.0987 - accuracy: 0.6145
58/98 [================>.............] - ETA: 0s - loss: 1.1020 - accuracy: 0.6131
62/98 [=================>............] - ETA: 0s - loss: 1.0995 - accuracy: 0.6139
66/98 [===================>..........] - ETA: 0s - loss: 1.0973 - accuracy: 0.6155
69/98 [====================>.........] - ETA: 0s - loss: 1.0975 - accuracy: 0.6145
73/98 [=====================>........] - ETA: 0s - loss: 1.0975 - accuracy: 0.6140
77/98 [======================>.......] - ETA: 0s - loss: 1.0978 - accuracy: 0.6139
80/98 [=======================>......] - ETA: 0s - loss: 1.0969 - accuracy: 0.6138
84/98 [========================>.....] - ETA: 0s - loss: 1.0955 - accuracy: 0.6144
88/98 [=========================>....] - ETA: 0s - loss: 1.0957 - accuracy: 0.6140
92/98 [===========================>..] - ETA: 0s - loss: 1.0969 - accuracy: 0.6141
96/98 [============================>.] - ETA: 0s - loss: 1.0989 - accuracy: 0.6133
98/98 [==============================] - 3s 27ms/step - loss: 1.0982 - accuracy: 0.6136 - val_loss: 1.2992 - val_accuracy: 0.5420
Epoch 5/120

 1/98 [..............................] - ETA: 3s - loss: 0.9959 - accuracy: 0.6484
 5/98 [>.............................] - ETA: 1s - loss: 1.0153 - accuracy: 0.6383
 9/98 [=>............................] - ETA: 1s - loss: 1.0160 - accuracy: 0.6411
13/98 [==>...........................] - ETA: 1s - loss: 1.0239 - accuracy: 0.6381
17/98 [====>.........................] - ETA: 1s - loss: 1.0280 - accuracy: 0.6366
20/98 [=====>........................] - ETA: 1s - loss: 1.0287 - accuracy: 0.6365
24/98 [======>.......................] - ETA: 1s - loss: 1.0324 - accuracy: 0.6365
28/98 [=======>......................] - ETA: 1s - loss: 1.0301 - accuracy: 0.6372
32/98 [========>.....................] - ETA: 1s - loss: 1.0306 - accuracy: 0.6369
36/98 [==========>...................] - ETA: 1s - loss: 1.0290 - accuracy: 0.6368
40/98 [===========>..................] - ETA: 0s - loss: 1.0266 - accuracy: 0.6392
43/98 [============>.................] - ETA: 0s - loss: 1.0269 - accuracy: 0.6388
47/98 [=============>................] - ETA: 0s - loss: 1.0252 - accuracy: 0.6397
51/98 [==============>...............] - ETA: 0s - loss: 1.0288 - accuracy: 0.6386
54/98 [===============>..............] - ETA: 0s - loss: 1.0277 - accuracy: 0.6396
58/98 [================>.............] - ETA: 0s - loss: 1.0312 - accuracy: 0.6379
62/98 [=================>............] - ETA: 0s - loss: 1.0286 - accuracy: 0.6391
66/98 [===================>..........] - ETA: 0s - loss: 1.0302 - accuracy: 0.6386
70/98 [====================>.........] - ETA: 0s - loss: 1.0307 - accuracy: 0.6382
74/98 [=====================>........] - ETA: 0s - loss: 1.0317 - accuracy: 0.6377
77/98 [======================>.......] - ETA: 0s - loss: 1.0310 - accuracy: 0.6378
81/98 [=======================>......] - ETA: 0s - loss: 1.0306 - accuracy: 0.6381
85/98 [=========================>....] - ETA: 0s - loss: 1.0312 - accuracy: 0.6380
88/98 [=========================>....] - ETA: 0s - loss: 1.0317 - accuracy: 0.6373
92/98 [===========================>..] - ETA: 0s - loss: 1.0295 - accuracy: 0.6379
96/98 [============================>.] - ETA: 0s - loss: 1.0292 - accuracy: 0.6379
98/98 [==============================] - 3s 27ms/step - loss: 1.0286 - accuracy: 0.6380 - val_loss: 1.1373 - val_accuracy: 0.5948
Epoch 6/120

 1/98 [..............................] - ETA: 3s - loss: 0.9356 - accuracy: 0.6816
 4/98 [>.............................] - ETA: 1s - loss: 0.9817 - accuracy: 0.6519
 8/98 [=>............................] - ETA: 1s - loss: 0.9592 - accuracy: 0.6604
11/98 [==>...........................] - ETA: 1s - loss: 0.9617 - accuracy: 0.6598
14/98 [===>..........................] - ETA: 1s - loss: 0.9673 - accuracy: 0.6595
18/98 [====>.........................] - ETA: 1s - loss: 0.9687 - accuracy: 0.6617
22/98 [=====>........................] - ETA: 1s - loss: 0.9704 - accuracy: 0.6599
25/98 [======>.......................] - ETA: 1s - loss: 0.9742 - accuracy: 0.6609
29/98 [=======>......................] - ETA: 1s - loss: 0.9775 - accuracy: 0.6600
33/98 [=========>....................] - ETA: 1s - loss: 0.9733 - accuracy: 0.6620
36/98 [==========>...................] - ETA: 1s - loss: 0.9728 - accuracy: 0.6624
40/98 [===========>..................] - ETA: 0s - loss: 0.9733 - accuracy: 0.6618
44/98 [============>.................] - ETA: 0s - loss: 0.9729 - accuracy: 0.6612
48/98 [=============>................] - ETA: 0s - loss: 0.9709 - accuracy: 0.6622
52/98 [==============>...............] - ETA: 0s - loss: 0.9716 - accuracy: 0.6608
55/98 [===============>..............] - ETA: 0s - loss: 0.9744 - accuracy: 0.6596
59/98 [=================>............] - ETA: 0s - loss: 0.9774 - accuracy: 0.6587
63/98 [==================>...........] - ETA: 0s - loss: 0.9787 - accuracy: 0.6578
66/98 [===================>..........] - ETA: 0s - loss: 0.9771 - accuracy: 0.6583
70/98 [====================>.........] - ETA: 0s - loss: 0.9799 - accuracy: 0.6570
74/98 [=====================>........] - ETA: 0s - loss: 0.9818 - accuracy: 0.6561
78/98 [======================>.......] - ETA: 0s - loss: 0.9834 - accuracy: 0.6557
81/98 [=======================>......] - ETA: 0s - loss: 0.9840 - accuracy: 0.6557
85/98 [=========================>....] - ETA: 0s - loss: 0.9847 - accuracy: 0.6549
89/98 [==========================>...] - ETA: 0s - loss: 0.9858 - accuracy: 0.6543
92/98 [===========================>..] - ETA: 0s - loss: 0.9859 - accuracy: 0.6545
96/98 [============================>.] - ETA: 0s - loss: 0.9872 - accuracy: 0.6540
98/98 [==============================] - 3s 27ms/step - loss: 0.9871 - accuracy: 0.6541 - val_loss: 1.0749 - val_accuracy: 0.6211
Epoch 7/120

 1/98 [..............................] - ETA: 3s - loss: 0.8309 - accuracy: 0.7246
 4/98 [>.............................] - ETA: 1s - loss: 0.8998 - accuracy: 0.6963
 8/98 [=>............................] - ETA: 1s - loss: 0.9141 - accuracy: 0.6846
12/98 [==>...........................] - ETA: 1s - loss: 0.9233 - accuracy: 0.6821
16/98 [===>..........................] - ETA: 1s - loss: 0.9247 - accuracy: 0.6815
19/98 [====>.........................] - ETA: 1s - loss: 0.9285 - accuracy: 0.6785
23/98 [======>.......................] - ETA: 1s - loss: 0.9240 - accuracy: 0.6779
27/98 [=======>......................] - ETA: 1s - loss: 0.9267 - accuracy: 0.6763
31/98 [========>.....................] - ETA: 1s - loss: 0.9203 - accuracy: 0.6799
34/98 [=========>....................] - ETA: 1s - loss: 0.9211 - accuracy: 0.6792
38/98 [==========>...................] - ETA: 1s - loss: 0.9225 - accuracy: 0.6778
42/98 [===========>..................] - ETA: 0s - loss: 0.9306 - accuracy: 0.6748
45/98 [============>.................] - ETA: 0s - loss: 0.9347 - accuracy: 0.6730
49/98 [==============>...............] - ETA: 0s - loss: 0.9353 - accuracy: 0.6723
53/98 [===============>..............] - ETA: 0s - loss: 0.9369 - accuracy: 0.6725
57/98 [================>.............] - ETA: 0s - loss: 0.9379 - accuracy: 0.6726
61/98 [=================>............] - ETA: 0s - loss: 0.9415 - accuracy: 0.6707
65/98 [==================>...........] - ETA: 0s - loss: 0.9434 - accuracy: 0.6699
69/98 [====================>.........] - ETA: 0s - loss: 0.9427 - accuracy: 0.6703
73/98 [=====================>........] - ETA: 0s - loss: 0.9440 - accuracy: 0.6694
78/98 [======================>.......] - ETA: 0s - loss: 0.9451 - accuracy: 0.6688
82/98 [========================>.....] - ETA: 0s - loss: 0.9465 - accuracy: 0.6681
86/98 [=========================>....] - ETA: 0s - loss: 0.9473 - accuracy: 0.6679
90/98 [==========================>...] - ETA: 0s - loss: 0.9462 - accuracy: 0.6683
94/98 [===========================>..] - ETA: 0s - loss: 0.9471 - accuracy: 0.6678
98/98 [==============================] - ETA: 0s - loss: 0.9473 - accuracy: 0.6676
98/98 [==============================] - 3s 27ms/step - loss: 0.9473 - accuracy: 0.6676 - val_loss: 1.0580 - val_accuracy: 0.6227
Epoch 8/120

 1/98 [..............................] - ETA: 3s - loss: 0.8568 - accuracy: 0.7109
 5/98 [>.............................] - ETA: 1s - loss: 0.8922 - accuracy: 0.6949
 9/98 [=>............................] - ETA: 1s - loss: 0.9128 - accuracy: 0.6801
13/98 [==>...........................] - ETA: 1s - loss: 0.9113 - accuracy: 0.6819
17/98 [====>.........................] - ETA: 1s - loss: 0.8987 - accuracy: 0.6855
20/98 [=====>........................] - ETA: 1s - loss: 0.8985 - accuracy: 0.6860
24/98 [======>.......................] - ETA: 1s - loss: 0.8955 - accuracy: 0.6855
28/98 [=======>......................] - ETA: 1s - loss: 0.8998 - accuracy: 0.6824
32/98 [========>.....................] - ETA: 1s - loss: 0.9040 - accuracy: 0.6822
35/98 [=========>....................] - ETA: 1s - loss: 0.9018 - accuracy: 0.6829
39/98 [==========>...................] - ETA: 0s - loss: 0.9013 - accuracy: 0.6844
43/98 [============>.................] - ETA: 0s - loss: 0.9019 - accuracy: 0.6842
47/98 [=============>................] - ETA: 0s - loss: 0.9016 - accuracy: 0.6842
51/98 [==============>...............] - ETA: 0s - loss: 0.9038 - accuracy: 0.6834
54/98 [===============>..............] - ETA: 0s - loss: 0.9049 - accuracy: 0.6835
58/98 [================>.............] - ETA: 0s - loss: 0.9052 - accuracy: 0.6837
62/98 [=================>............] - ETA: 0s - loss: 0.9057 - accuracy: 0.6833
66/98 [===================>..........] - ETA: 0s - loss: 0.9071 - accuracy: 0.6833
69/98 [====================>.........] - ETA: 0s - loss: 0.9080 - accuracy: 0.6828
71/98 [====================>.........] - ETA: 0s - loss: 0.9095 - accuracy: 0.6818
74/98 [=====================>........] - ETA: 0s - loss: 0.9107 - accuracy: 0.6813
78/98 [======================>.......] - ETA: 0s - loss: 0.9132 - accuracy: 0.6806
82/98 [========================>.....] - ETA: 0s - loss: 0.9139 - accuracy: 0.6804
86/98 [=========================>....] - ETA: 0s - loss: 0.9147 - accuracy: 0.6799
90/98 [==========================>...] - ETA: 0s - loss: 0.9151 - accuracy: 0.6797
94/98 [===========================>..] - ETA: 0s - loss: 0.9161 - accuracy: 0.6794
98/98 [==============================] - ETA: 0s - loss: 0.9183 - accuracy: 0.6789
98/98 [==============================] - 3s 27ms/step - loss: 0.9183 - accuracy: 0.6789 - val_loss: 1.0287 - val_accuracy: 0.6401
Epoch 9/120

 1/98 [..............................] - ETA: 3s - loss: 0.8089 - accuracy: 0.7168
 4/98 [>.............................] - ETA: 1s - loss: 0.8694 - accuracy: 0.6982
 8/98 [=>............................] - ETA: 1s - loss: 0.8701 - accuracy: 0.6985
12/98 [==>...........................] - ETA: 1s - loss: 0.8625 - accuracy: 0.7031
16/98 [===>..........................] - ETA: 1s - loss: 0.8700 - accuracy: 0.6995
20/98 [=====>........................] - ETA: 1s - loss: 0.8691 - accuracy: 0.6998
24/98 [======>.......................] - ETA: 1s - loss: 0.8690 - accuracy: 0.6992
28/98 [=======>......................] - ETA: 1s - loss: 0.8701 - accuracy: 0.6990
32/98 [========>.....................] - ETA: 1s - loss: 0.8709 - accuracy: 0.6978
36/98 [==========>...................] - ETA: 1s - loss: 0.8739 - accuracy: 0.6957
40/98 [===========>..................] - ETA: 0s - loss: 0.8751 - accuracy: 0.6954
43/98 [============>.................] - ETA: 0s - loss: 0.8752 - accuracy: 0.6949
47/98 [=============>................] - ETA: 0s - loss: 0.8747 - accuracy: 0.6950
51/98 [==============>...............] - ETA: 0s - loss: 0.8809 - accuracy: 0.6916
54/98 [===============>..............] - ETA: 0s - loss: 0.8812 - accuracy: 0.6914
58/98 [================>.............] - ETA: 0s - loss: 0.8836 - accuracy: 0.6904
62/98 [=================>............] - ETA: 0s - loss: 0.8818 - accuracy: 0.6907
66/98 [===================>..........] - ETA: 0s - loss: 0.8823 - accuracy: 0.6905
69/98 [====================>.........] - ETA: 0s - loss: 0.8832 - accuracy: 0.6904
73/98 [=====================>........] - ETA: 0s - loss: 0.8865 - accuracy: 0.6897
77/98 [======================>.......] - ETA: 0s - loss: 0.8882 - accuracy: 0.6893
80/98 [=======================>......] - ETA: 0s - loss: 0.8905 - accuracy: 0.6881
84/98 [========================>.....] - ETA: 0s - loss: 0.8926 - accuracy: 0.6866
88/98 [=========================>....] - ETA: 0s - loss: 0.8945 - accuracy: 0.6863
92/98 [===========================>..] - ETA: 0s - loss: 0.8960 - accuracy: 0.6858
95/98 [============================>.] - ETA: 0s - loss: 0.8956 - accuracy: 0.6861
98/98 [==============================] - 3s 27ms/step - loss: 0.8979 - accuracy: 0.6855 - val_loss: 1.0270 - val_accuracy: 0.6418
Epoch 10/120

 1/98 [..............................] - ETA: 3s - loss: 0.7988 - accuracy: 0.7090
 4/98 [>.............................] - ETA: 1s - loss: 0.8581 - accuracy: 0.7026
 8/98 [=>............................] - ETA: 1s - loss: 0.8419 - accuracy: 0.7097
12/98 [==>...........................] - ETA: 1s - loss: 0.8527 - accuracy: 0.7033
15/98 [===>..........................] - ETA: 1s - loss: 0.8490 - accuracy: 0.7040
19/98 [====>.........................] - ETA: 1s - loss: 0.8584 - accuracy: 0.6983
23/98 [======>.......................] - ETA: 1s - loss: 0.8554 - accuracy: 0.6988
27/98 [=======>......................] - ETA: 1s - loss: 0.8578 - accuracy: 0.6982
31/98 [========>.....................] - ETA: 1s - loss: 0.8556 - accuracy: 0.6991
34/98 [=========>....................] - ETA: 1s - loss: 0.8558 - accuracy: 0.6988
38/98 [==========>...................] - ETA: 1s - loss: 0.8598 - accuracy: 0.6971
42/98 [===========>..................] - ETA: 0s - loss: 0.8608 - accuracy: 0.6973
46/98 [=============>................] - ETA: 0s - loss: 0.8636 - accuracy: 0.6963
50/98 [==============>...............] - ETA: 0s - loss: 0.8657 - accuracy: 0.6953
53/98 [===============>..............] - ETA: 0s - loss: 0.8665 - accuracy: 0.6945
57/98 [================>.............] - ETA: 0s - loss: 0.8667 - accuracy: 0.6943
61/98 [=================>............] - ETA: 0s - loss: 0.8680 - accuracy: 0.6936
64/98 [==================>...........] - ETA: 0s - loss: 0.8691 - accuracy: 0.6933
68/98 [===================>..........] - ETA: 0s - loss: 0.8685 - accuracy: 0.6937
72/98 [=====================>........] - ETA: 0s - loss: 0.8685 - accuracy: 0.6934
76/98 [======================>.......] - ETA: 0s - loss: 0.8669 - accuracy: 0.6937
80/98 [=======================>......] - ETA: 0s - loss: 0.8678 - accuracy: 0.6939
84/98 [========================>.....] - ETA: 0s - loss: 0.8687 - accuracy: 0.6932
88/98 [=========================>....] - ETA: 0s - loss: 0.8676 - accuracy: 0.6942
91/98 [==========================>...] - ETA: 0s - loss: 0.8678 - accuracy: 0.6940
95/98 [============================>.] - ETA: 0s - loss: 0.8690 - accuracy: 0.6936
98/98 [==============================] - 3s 27ms/step - loss: 0.8703 - accuracy: 0.6933 - val_loss: 1.0033 - val_accuracy: 0.6499
Epoch 11/120

 1/98 [..............................] - ETA: 3s - loss: 0.7991 - accuracy: 0.7500
 4/98 [>.............................] - ETA: 1s - loss: 0.8216 - accuracy: 0.7202
 8/98 [=>............................] - ETA: 1s - loss: 0.8297 - accuracy: 0.7095
12/98 [==>...........................] - ETA: 1s - loss: 0.8288 - accuracy: 0.7088
15/98 [===>..........................] - ETA: 1s - loss: 0.8264 - accuracy: 0.7092
19/98 [====>.........................] - ETA: 1s - loss: 0.8192 - accuracy: 0.7115
23/98 [======>.......................] - ETA: 1s - loss: 0.8268 - accuracy: 0.7081
27/98 [=======>......................] - ETA: 1s - loss: 0.8224 - accuracy: 0.7093
31/98 [========>.....................] - ETA: 1s - loss: 0.8254 - accuracy: 0.7090
35/98 [=========>....................] - ETA: 1s - loss: 0.8299 - accuracy: 0.7080
39/98 [==========>...................] - ETA: 0s - loss: 0.8342 - accuracy: 0.7064
42/98 [===========>..................] - ETA: 0s - loss: 0.8350 - accuracy: 0.7055
46/98 [=============>................] - ETA: 0s - loss: 0.8385 - accuracy: 0.7046
50/98 [==============>...............] - ETA: 0s - loss: 0.8397 - accuracy: 0.7045
54/98 [===============>..............] - ETA: 0s - loss: 0.8402 - accuracy: 0.7034
58/98 [================>.............] - ETA: 0s - loss: 0.8417 - accuracy: 0.7028
62/98 [=================>............] - ETA: 0s - loss: 0.8400 - accuracy: 0.7038
65/98 [==================>...........] - ETA: 0s - loss: 0.8414 - accuracy: 0.7032
69/98 [====================>.........] - ETA: 0s - loss: 0.8414 - accuracy: 0.7034
73/98 [=====================>........] - ETA: 0s - loss: 0.8454 - accuracy: 0.7025
77/98 [======================>.......] - ETA: 0s - loss: 0.8474 - accuracy: 0.7014
81/98 [=======================>......] - ETA: 0s - loss: 0.8475 - accuracy: 0.7014
85/98 [=========================>....] - ETA: 0s - loss: 0.8473 - accuracy: 0.7012
88/98 [=========================>....] - ETA: 0s - loss: 0.8496 - accuracy: 0.7005
92/98 [===========================>..] - ETA: 0s - loss: 0.8497 - accuracy: 0.7008
96/98 [============================>.] - ETA: 0s - loss: 0.8495 - accuracy: 0.7006
98/98 [==============================] - 3s 27ms/step - loss: 0.8490 - accuracy: 0.7009 - val_loss: 0.9959 - val_accuracy: 0.6568
Epoch 12/120

 1/98 [..............................] - ETA: 3s - loss: 0.7167 - accuracy: 0.7656
 5/98 [>.............................] - ETA: 1s - loss: 0.7843 - accuracy: 0.7242
 9/98 [=>............................] - ETA: 1s - loss: 0.7906 - accuracy: 0.7216
13/98 [==>...........................] - ETA: 1s - loss: 0.7955 - accuracy: 0.7186
17/98 [====>.........................] - ETA: 1s - loss: 0.7980 - accuracy: 0.7168
20/98 [=====>........................] - ETA: 1s - loss: 0.7978 - accuracy: 0.7175
24/98 [======>.......................] - ETA: 1s - loss: 0.7987 - accuracy: 0.7181
28/98 [=======>......................] - ETA: 1s - loss: 0.8008 - accuracy: 0.7185
32/98 [========>.....................] - ETA: 1s - loss: 0.8015 - accuracy: 0.7181
36/98 [==========>...................] - ETA: 1s - loss: 0.8059 - accuracy: 0.7162
40/98 [===========>..................] - ETA: 0s - loss: 0.8078 - accuracy: 0.7164
44/98 [============>.................] - ETA: 0s - loss: 0.8126 - accuracy: 0.7141
47/98 [=============>................] - ETA: 0s - loss: 0.8129 - accuracy: 0.7142
51/98 [==============>...............] - ETA: 0s - loss: 0.8124 - accuracy: 0.7145
54/98 [===============>..............] - ETA: 0s - loss: 0.8126 - accuracy: 0.7146
58/98 [================>.............] - ETA: 0s - loss: 0.8143 - accuracy: 0.7141
62/98 [=================>............] - ETA: 0s - loss: 0.8180 - accuracy: 0.7127
66/98 [===================>..........] - ETA: 0s - loss: 0.8218 - accuracy: 0.7110
70/98 [====================>.........] - ETA: 0s - loss: 0.8249 - accuracy: 0.7103
73/98 [=====================>........] - ETA: 0s - loss: 0.8248 - accuracy: 0.7100
77/98 [======================>.......] - ETA: 0s - loss: 0.8264 - accuracy: 0.7095
81/98 [=======================>......] - ETA: 0s - loss: 0.8262 - accuracy: 0.7099
85/98 [=========================>....] - ETA: 0s - loss: 0.8268 - accuracy: 0.7094
88/98 [=========================>....] - ETA: 0s - loss: 0.8283 - accuracy: 0.7089
92/98 [===========================>..] - ETA: 0s - loss: 0.8283 - accuracy: 0.7092
96/98 [============================>.] - ETA: 0s - loss: 0.8295 - accuracy: 0.7086
98/98 [==============================] - 3s 27ms/step - loss: 0.8291 - accuracy: 0.7084 - val_loss: 1.0476 - val_accuracy: 0.6399
Epoch 13/120

 1/98 [..............................] - ETA: 4s - loss: 0.8120 - accuracy: 0.7324
 4/98 [>.............................] - ETA: 1s - loss: 0.7737 - accuracy: 0.7383
 8/98 [=>............................] - ETA: 1s - loss: 0.8019 - accuracy: 0.7236
12/98 [==>...........................] - ETA: 1s - loss: 0.7961 - accuracy: 0.7230
16/98 [===>..........................] - ETA: 1s - loss: 0.7867 - accuracy: 0.7227
20/98 [=====>........................] - ETA: 1s - loss: 0.7855 - accuracy: 0.7235
24/98 [======>.......................] - ETA: 1s - loss: 0.7841 - accuracy: 0.7244
27/98 [=======>......................] - ETA: 1s - loss: 0.7867 - accuracy: 0.7238
31/98 [========>.....................] - ETA: 1s - loss: 0.7877 - accuracy: 0.7230
35/98 [=========>....................] - ETA: 1s - loss: 0.7875 - accuracy: 0.7241
39/98 [==========>...................] - ETA: 0s - loss: 0.7860 - accuracy: 0.7243
43/98 [============>.................] - ETA: 0s - loss: 0.7914 - accuracy: 0.7227
46/98 [=============>................] - ETA: 0s - loss: 0.7939 - accuracy: 0.7224
50/98 [==============>...............] - ETA: 0s - loss: 0.7970 - accuracy: 0.7205
54/98 [===============>..............] - ETA: 0s - loss: 0.7980 - accuracy: 0.7194
58/98 [================>.............] - ETA: 0s - loss: 0.7993 - accuracy: 0.7192
62/98 [=================>............] - ETA: 0s - loss: 0.8044 - accuracy: 0.7177
65/98 [==================>...........] - ETA: 0s - loss: 0.8063 - accuracy: 0.7166
69/98 [====================>.........] - ETA: 0s - loss: 0.8095 - accuracy: 0.7156
73/98 [=====================>........] - ETA: 0s - loss: 0.8105 - accuracy: 0.7146
76/98 [======================>.......] - ETA: 0s - loss: 0.8102 - accuracy: 0.7147
80/98 [=======================>......] - ETA: 0s - loss: 0.8115 - accuracy: 0.7143
84/98 [========================>.....] - ETA: 0s - loss: 0.8118 - accuracy: 0.7139
88/98 [=========================>....] - ETA: 0s - loss: 0.8118 - accuracy: 0.7141
92/98 [===========================>..] - ETA: 0s - loss: 0.8141 - accuracy: 0.7133
96/98 [============================>.] - ETA: 0s - loss: 0.8151 - accuracy: 0.7128
98/98 [==============================] - 3s 27ms/step - loss: 0.8157 - accuracy: 0.7126 - val_loss: 1.0626 - val_accuracy: 0.6396
Epoch 14/120

 1/98 [..............................] - ETA: 2s - loss: 0.7402 - accuracy: 0.7461
 5/98 [>.............................] - ETA: 1s - loss: 0.7635 - accuracy: 0.7324
 9/98 [=>............................] - ETA: 1s - loss: 0.7691 - accuracy: 0.7289
13/98 [==>...........................] - ETA: 1s - loss: 0.7819 - accuracy: 0.7231
17/98 [====>.........................] - ETA: 1s - loss: 0.7848 - accuracy: 0.7230
21/98 [=====>........................] - ETA: 1s - loss: 0.7832 - accuracy: 0.7236
24/98 [======>.......................] - ETA: 1s - loss: 0.7828 - accuracy: 0.7245
28/98 [=======>......................] - ETA: 1s - loss: 0.7839 - accuracy: 0.7250
32/98 [========>.....................] - ETA: 1s - loss: 0.7826 - accuracy: 0.7243
36/98 [==========>...................] - ETA: 1s - loss: 0.7817 - accuracy: 0.7247
39/98 [==========>...................] - ETA: 0s - loss: 0.7829 - accuracy: 0.7245
43/98 [============>.................] - ETA: 0s - loss: 0.7828 - accuracy: 0.7240
47/98 [=============>................] - ETA: 0s - loss: 0.7821 - accuracy: 0.7247
51/98 [==============>...............] - ETA: 0s - loss: 0.7836 - accuracy: 0.7232
54/98 [===============>..............] - ETA: 0s - loss: 0.7855 - accuracy: 0.7223
58/98 [================>.............] - ETA: 0s - loss: 0.7889 - accuracy: 0.7215
62/98 [=================>............] - ETA: 0s - loss: 0.7880 - accuracy: 0.7219
65/98 [==================>...........] - ETA: 0s - loss: 0.7873 - accuracy: 0.7221
69/98 [====================>.........] - ETA: 0s - loss: 0.7899 - accuracy: 0.7208
73/98 [=====================>........] - ETA: 0s - loss: 0.7920 - accuracy: 0.7203
77/98 [======================>.......] - ETA: 0s - loss: 0.7924 - accuracy: 0.7198
81/98 [=======================>......] - ETA: 0s - loss: 0.7952 - accuracy: 0.7192
85/98 [=========================>....] - ETA: 0s - loss: 0.7978 - accuracy: 0.7186
89/98 [==========================>...] - ETA: 0s - loss: 0.7976 - accuracy: 0.7188
92/98 [===========================>..] - ETA: 0s - loss: 0.7995 - accuracy: 0.7184
96/98 [============================>.] - ETA: 0s - loss: 0.8000 - accuracy: 0.7181
98/98 [==============================] - 3s 27ms/step - loss: 0.8012 - accuracy: 0.7179 - val_loss: 1.0799 - val_accuracy: 0.6304
Epoch 15/120

 1/98 [..............................] - ETA: 3s - loss: 0.7521 - accuracy: 0.7402
 5/98 [>.............................] - ETA: 1s - loss: 0.7641 - accuracy: 0.7281
 9/98 [=>............................] - ETA: 1s - loss: 0.7655 - accuracy: 0.7292
13/98 [==>...........................] - ETA: 1s - loss: 0.7602 - accuracy: 0.7279
17/98 [====>.........................] - ETA: 1s - loss: 0.7681 - accuracy: 0.7250
21/98 [=====>........................] - ETA: 1s - loss: 0.7697 - accuracy: 0.7254
25/98 [======>.......................] - ETA: 1s - loss: 0.7756 - accuracy: 0.7238
29/98 [=======>......................] - ETA: 1s - loss: 0.7780 - accuracy: 0.7227
33/98 [=========>....................] - ETA: 1s - loss: 0.7740 - accuracy: 0.7252
37/98 [==========>...................] - ETA: 1s - loss: 0.7738 - accuracy: 0.7250
41/98 [===========>..................] - ETA: 0s - loss: 0.7748 - accuracy: 0.7261
45/98 [============>.................] - ETA: 0s - loss: 0.7748 - accuracy: 0.7272
49/98 [==============>...............] - ETA: 0s - loss: 0.7763 - accuracy: 0.7269
52/98 [==============>...............] - ETA: 0s - loss: 0.7758 - accuracy: 0.7272
56/98 [================>.............] - ETA: 0s - loss: 0.7769 - accuracy: 0.7270
60/98 [=================>............] - ETA: 0s - loss: 0.7803 - accuracy: 0.7257
64/98 [==================>...........] - ETA: 0s - loss: 0.7777 - accuracy: 0.7265
67/98 [===================>..........] - ETA: 0s - loss: 0.7779 - accuracy: 0.7266
71/98 [====================>.........] - ETA: 0s - loss: 0.7773 - accuracy: 0.7272
75/98 [=====================>........] - ETA: 0s - loss: 0.7800 - accuracy: 0.7259
79/98 [=======================>......] - ETA: 0s - loss: 0.7803 - accuracy: 0.7259
82/98 [========================>.....] - ETA: 0s - loss: 0.7813 - accuracy: 0.7257
86/98 [=========================>....] - ETA: 0s - loss: 0.7805 - accuracy: 0.7257
90/98 [==========================>...] - ETA: 0s - loss: 0.7823 - accuracy: 0.7248
94/98 [===========================>..] - ETA: 0s - loss: 0.7818 - accuracy: 0.7254
97/98 [============================>.] - ETA: 0s - loss: 0.7832 - accuracy: 0.7251
98/98 [==============================] - 3s 27ms/step - loss: 0.7837 - accuracy: 0.7249 - val_loss: 1.0936 - val_accuracy: 0.6210
Epoch 16/120

 1/98 [..............................] - ETA: 3s - loss: 0.8057 - accuracy: 0.7266
 5/98 [>.............................] - ETA: 1s - loss: 0.7857 - accuracy: 0.7262
 9/98 [=>............................] - ETA: 1s - loss: 0.7664 - accuracy: 0.7335
13/98 [==>...........................] - ETA: 1s - loss: 0.7549 - accuracy: 0.7353
17/98 [====>.........................] - ETA: 1s - loss: 0.7581 - accuracy: 0.7339
20/98 [=====>........................] - ETA: 1s - loss: 0.7659 - accuracy: 0.7313
23/98 [======>.......................] - ETA: 1s - loss: 0.7684 - accuracy: 0.7308
27/98 [=======>......................] - ETA: 1s - loss: 0.7649 - accuracy: 0.7315
31/98 [========>.....................] - ETA: 1s - loss: 0.7614 - accuracy: 0.7323
35/98 [=========>....................] - ETA: 1s - loss: 0.7664 - accuracy: 0.7297
39/98 [==========>...................] - ETA: 0s - loss: 0.7653 - accuracy: 0.7297
43/98 [============>.................] - ETA: 0s - loss: 0.7659 - accuracy: 0.7292
47/98 [=============>................] - ETA: 0s - loss: 0.7680 - accuracy: 0.7279
50/98 [==============>...............] - ETA: 0s - loss: 0.7665 - accuracy: 0.7285
54/98 [===============>..............] - ETA: 0s - loss: 0.7664 - accuracy: 0.7284
58/98 [================>.............] - ETA: 0s - loss: 0.7688 - accuracy: 0.7276
62/98 [=================>............] - ETA: 0s - loss: 0.7685 - accuracy: 0.7280
65/98 [==================>...........] - ETA: 0s - loss: 0.7706 - accuracy: 0.7273
69/98 [====================>.........] - ETA: 0s - loss: 0.7709 - accuracy: 0.7269
73/98 [=====================>........] - ETA: 0s - loss: 0.7722 - accuracy: 0.7268
76/98 [======================>.......] - ETA: 0s - loss: 0.7714 - accuracy: 0.7271
80/98 [=======================>......] - ETA: 0s - loss: 0.7720 - accuracy: 0.7274
84/98 [========================>.....] - ETA: 0s - loss: 0.7750 - accuracy: 0.7263
87/98 [=========================>....] - ETA: 0s - loss: 0.7743 - accuracy: 0.7267
92/98 [===========================>..] - ETA: 0s - loss: 0.7735 - accuracy: 0.7265
96/98 [============================>.] - ETA: 0s - loss: 0.7755 - accuracy: 0.7260
98/98 [==============================] - 3s 27ms/step - loss: 0.7762 - accuracy: 0.7259 - val_loss: 1.0139 - val_accuracy: 0.6526
Epoch 17/120

 1/98 [..............................] - ETA: 3s - loss: 0.7481 - accuracy: 0.7344
 5/98 [>.............................] - ETA: 1s - loss: 0.7270 - accuracy: 0.7504
