2024-07-26 04:04:26.482505: I tensorflow/core/platform/cpu_feature_guard.cc:193] This TensorFlow binary is optimized with oneAPI Deep Neural Network Library (oneDNN) to use the following CPU instructions in performance-critical operations:  AVX AVX2
To enable them in other operations, rebuild TensorFlow with the appropriate compiler flags.
2024-07-26 04:04:27.759020: I tensorflow/core/common_runtime/gpu/gpu_device.cc:1616] Created device /job:localhost/replica:0/task:0/device:GPU:0 with 6656 MB memory:  -> device: 0, name: NVIDIA GeForce RTX 4060 Ti, pci bus id: 0000:01:00.0, compute capability: 8.9
1 Physical GPUs, 1 Logical GPUs
Model: "sequential"
_________________________________________________________________
 Layer (type)                Output Shape              Param #   
=================================================================
 conv2d (Conv2D)             (None, 32, 32, 32)        896       
                                                                 
 conv2d_1 (Conv2D)           (None, 32, 32, 32)        25632     
                                                                 
 max_pooling2d (MaxPooling2D  (None, 16, 16, 32)       0         
 )                                                               
                                                                 
 batch_normalization (BatchN  (None, 16, 16, 32)       128       
 ormalization)                                                   
                                                                 
 dropout (Dropout)           (None, 16, 16, 32)        0         
                                                                 
 flatten (Flatten)           (None, 8192)              0         
                                                                 
 dense (Dense)               (None, 10)                81930     
                                                                 
=================================================================
Total params: 108,586
Trainable params: 108,522
Non-trainable params: 64
_________________________________________________________________
Taxa de aprendizado:  1e-05 Num de épocas:  73 Tamanho do lote:  512 Dropout:  0.46
Epoch 1/73
2024-07-26 04:04:29.920182: I tensorflow/stream_executor/cuda/cuda_dnn.cc:384] Loaded cuDNN version 8100
2024-07-26 04:04:31.685815: W tensorflow/stream_executor/gpu/redzone_allocator.cc:314] INTERNAL: ptxas exited with non-zero error code -1, output: 
Relying on driver to perform ptx compilation. 
Modify $PATH to customize ptxas location.
This message will be only logged once.
2024-07-26 04:04:33.782164: I tensorflow/stream_executor/cuda/cuda_blas.cc:1614] TensorFloat-32 will be used for the matrix multiplication. This will only be logged once.

 1/98 [..............................] - ETA: 11:13 - loss: 3.1772 - accuracy: 0.0762
 3/98 [..............................] - ETA: 4s - loss: 3.1766 - accuracy: 0.0768   
 4/98 [>.............................] - ETA: 4s - loss: 3.1601 - accuracy: 0.0806
 6/98 [>.............................] - ETA: 4s - loss: 3.1175 - accuracy: 0.0859
 7/98 [=>............................] - ETA: 4s - loss: 3.1016 - accuracy: 0.0873
 9/98 [=>............................] - ETA: 4s - loss: 3.0733 - accuracy: 0.0927
11/98 [==>...........................] - ETA: 4s - loss: 3.0644 - accuracy: 0.0902
13/98 [==>...........................] - ETA: 4s - loss: 3.0550 - accuracy: 0.0912
14/98 [===>..........................] - ETA: 4s - loss: 3.0476 - accuracy: 0.0925
16/98 [===>..........................] - ETA: 4s - loss: 3.0325 - accuracy: 0.0938
17/98 [====>.........................] - ETA: 4s - loss: 3.0194 - accuracy: 0.0957
19/98 [====>.........................] - ETA: 4s - loss: 3.0111 - accuracy: 0.0965
20/98 [=====>........................] - ETA: 4s - loss: 3.0049 - accuracy: 0.0971
22/98 [=====>........................] - ETA: 3s - loss: 2.9906 - accuracy: 0.0976
23/98 [======>.......................] - ETA: 3s - loss: 2.9817 - accuracy: 0.0982
25/98 [======>.......................] - ETA: 3s - loss: 2.9706 - accuracy: 0.0995
26/98 [======>.......................] - ETA: 3s - loss: 2.9628 - accuracy: 0.1002
28/98 [=======>......................] - ETA: 3s - loss: 2.9542 - accuracy: 0.1009
29/98 [=======>......................] - ETA: 3s - loss: 2.9526 - accuracy: 0.1010
31/98 [========>.....................] - ETA: 3s - loss: 2.9467 - accuracy: 0.1014
33/98 [=========>....................] - ETA: 3s - loss: 2.9377 - accuracy: 0.1023
34/98 [=========>....................] - ETA: 3s - loss: 2.9342 - accuracy: 0.1025
35/98 [=========>....................] - ETA: 3s - loss: 2.9290 - accuracy: 0.1032
36/98 [==========>...................] - ETA: 3s - loss: 2.9256 - accuracy: 0.1032
38/98 [==========>...................] - ETA: 3s - loss: 2.9179 - accuracy: 0.1036
39/98 [==========>...................] - ETA: 3s - loss: 2.9130 - accuracy: 0.1039
41/98 [===========>..................] - ETA: 2s - loss: 2.9061 - accuracy: 0.1045
42/98 [===========>..................] - ETA: 2s - loss: 2.9015 - accuracy: 0.1047
44/98 [============>.................] - ETA: 2s - loss: 2.8925 - accuracy: 0.1061
46/98 [=============>................] - ETA: 2s - loss: 2.8848 - accuracy: 0.1069
47/98 [=============>................] - ETA: 2s - loss: 2.8808 - accuracy: 0.1079
49/98 [==============>...............] - ETA: 2s - loss: 2.8725 - accuracy: 0.1086
50/98 [==============>...............] - ETA: 2s - loss: 2.8687 - accuracy: 0.1089
52/98 [==============>...............] - ETA: 2s - loss: 2.8610 - accuracy: 0.1105
53/98 [===============>..............] - ETA: 2s - loss: 2.8585 - accuracy: 0.1107
55/98 [===============>..............] - ETA: 2s - loss: 2.8516 - accuracy: 0.1117
57/98 [================>.............] - ETA: 2s - loss: 2.8462 - accuracy: 0.1124
58/98 [================>.............] - ETA: 2s - loss: 2.8418 - accuracy: 0.1132
60/98 [=================>............] - ETA: 1s - loss: 2.8352 - accuracy: 0.1139
61/98 [=================>............] - ETA: 1s - loss: 2.8326 - accuracy: 0.1141
63/98 [==================>...........] - ETA: 1s - loss: 2.8282 - accuracy: 0.1143
64/98 [==================>...........] - ETA: 1s - loss: 2.8245 - accuracy: 0.1152
66/98 [===================>..........] - ETA: 1s - loss: 2.8198 - accuracy: 0.1155
67/98 [===================>..........] - ETA: 1s - loss: 2.8163 - accuracy: 0.1162
69/98 [====================>.........] - ETA: 1s - loss: 2.8096 - accuracy: 0.1163
70/98 [====================>.........] - ETA: 1s - loss: 2.8071 - accuracy: 0.1166
72/98 [=====================>........] - ETA: 1s - loss: 2.8021 - accuracy: 0.1173
73/98 [=====================>........] - ETA: 1s - loss: 2.7997 - accuracy: 0.1177
75/98 [=====================>........] - ETA: 1s - loss: 2.7956 - accuracy: 0.1184
77/98 [======================>.......] - ETA: 1s - loss: 2.7926 - accuracy: 0.1189
79/98 [=======================>......] - ETA: 1s - loss: 2.7872 - accuracy: 0.1198
81/98 [=======================>......] - ETA: 1s - loss: 2.7819 - accuracy: 0.1211
82/98 [========================>.....] - ETA: 0s - loss: 2.7794 - accuracy: 0.1213
84/98 [========================>.....] - ETA: 0s - loss: 2.7740 - accuracy: 0.1220
85/98 [=========================>....] - ETA: 0s - loss: 2.7722 - accuracy: 0.1222
87/98 [=========================>....] - ETA: 0s - loss: 2.7663 - accuracy: 0.1236
89/98 [==========================>...] - ETA: 0s - loss: 2.7619 - accuracy: 0.1243
90/98 [==========================>...] - ETA: 0s - loss: 2.7608 - accuracy: 0.1245
92/98 [===========================>..] - ETA: 0s - loss: 2.7560 - accuracy: 0.1256
93/98 [===========================>..] - ETA: 0s - loss: 2.7540 - accuracy: 0.1259
95/98 [============================>.] - ETA: 0s - loss: 2.7485 - accuracy: 0.1262
97/98 [============================>.] - ETA: 0s - loss: 2.7437 - accuracy: 0.1271
98/98 [==============================] - ETA: 0s - loss: 2.7422 - accuracy: 0.1273
98/98 [==============================] - 14s 75ms/step - loss: 2.7422 - accuracy: 0.1273 - val_loss: 2.2686 - val_accuracy: 0.1643
Epoch 2/73

 1/98 [..............................] - ETA: 6s - loss: 2.4834 - accuracy: 0.1836
 2/98 [..............................] - ETA: 5s - loss: 2.4869 - accuracy: 0.1807
 4/98 [>.............................] - ETA: 4s - loss: 2.5087 - accuracy: 0.1821
 5/98 [>.............................] - ETA: 5s - loss: 2.5439 - accuracy: 0.1746
 7/98 [=>............................] - ETA: 5s - loss: 2.5352 - accuracy: 0.1716
 9/98 [=>............................] - ETA: 4s - loss: 2.5320 - accuracy: 0.1734
10/98 [==>...........................] - ETA: 4s - loss: 2.5289 - accuracy: 0.1729
12/98 [==>...........................] - ETA: 4s - loss: 2.5318 - accuracy: 0.1688
14/98 [===>..........................] - ETA: 4s - loss: 2.5346 - accuracy: 0.1649
15/98 [===>..........................] - ETA: 4s - loss: 2.5322 - accuracy: 0.1654
17/98 [====>.........................] - ETA: 4s - loss: 2.5357 - accuracy: 0.1629
18/98 [====>.........................] - ETA: 4s - loss: 2.5321 - accuracy: 0.1634
20/98 [=====>........................] - ETA: 4s - loss: 2.5302 - accuracy: 0.1617
21/98 [=====>........................] - ETA: 4s - loss: 2.5260 - accuracy: 0.1618
23/98 [======>.......................] - ETA: 3s - loss: 2.5213 - accuracy: 0.1627
25/98 [======>.......................] - ETA: 3s - loss: 2.5176 - accuracy: 0.1637
26/98 [======>.......................] - ETA: 3s - loss: 2.5180 - accuracy: 0.1635
28/98 [=======>......................] - ETA: 3s - loss: 2.5135 - accuracy: 0.1638
29/98 [=======>......................] - ETA: 3s - loss: 2.5128 - accuracy: 0.1635
31/98 [========>.....................] - ETA: 3s - loss: 2.5093 - accuracy: 0.1639
33/98 [=========>....................] - ETA: 3s - loss: 2.5101 - accuracy: 0.1642
34/98 [=========>....................] - ETA: 3s - loss: 2.5093 - accuracy: 0.1641
36/98 [==========>...................] - ETA: 3s - loss: 2.5068 - accuracy: 0.1650
37/98 [==========>...................] - ETA: 3s - loss: 2.5058 - accuracy: 0.1655
39/98 [==========>...................] - ETA: 3s - loss: 2.5049 - accuracy: 0.1654
40/98 [===========>..................] - ETA: 3s - loss: 2.5016 - accuracy: 0.1656
42/98 [===========>..................] - ETA: 2s - loss: 2.4995 - accuracy: 0.1657
44/98 [============>.................] - ETA: 2s - loss: 2.4969 - accuracy: 0.1663
45/98 [============>.................] - ETA: 2s - loss: 2.4951 - accuracy: 0.1666
47/98 [=============>................] - ETA: 2s - loss: 2.4949 - accuracy: 0.1661
49/98 [==============>...............] - ETA: 2s - loss: 2.4931 - accuracy: 0.1663
50/98 [==============>...............] - ETA: 2s - loss: 2.4923 - accuracy: 0.1664
52/98 [==============>...............] - ETA: 2s - loss: 2.4885 - accuracy: 0.1675
53/98 [===============>..............] - ETA: 2s - loss: 2.4881 - accuracy: 0.1674
55/98 [===============>..............] - ETA: 2s - loss: 2.4863 - accuracy: 0.1670
56/98 [================>.............] - ETA: 2s - loss: 2.4853 - accuracy: 0.1669
58/98 [================>.............] - ETA: 2s - loss: 2.4825 - accuracy: 0.1673
59/98 [=================>............] - ETA: 2s - loss: 2.4807 - accuracy: 0.1679
61/98 [=================>............] - ETA: 1s - loss: 2.4783 - accuracy: 0.1686
62/98 [=================>............] - ETA: 1s - loss: 2.4781 - accuracy: 0.1688
64/98 [==================>...........] - ETA: 1s - loss: 2.4773 - accuracy: 0.1689
65/98 [==================>...........] - ETA: 1s - loss: 2.4761 - accuracy: 0.1686
67/98 [===================>..........] - ETA: 1s - loss: 2.4751 - accuracy: 0.1686
69/98 [====================>.........] - ETA: 1s - loss: 2.4730 - accuracy: 0.1690
71/98 [====================>.........] - ETA: 1s - loss: 2.4715 - accuracy: 0.1699
73/98 [=====================>........] - ETA: 1s - loss: 2.4691 - accuracy: 0.1697
74/98 [=====================>........] - ETA: 1s - loss: 2.4677 - accuracy: 0.1697
76/98 [======================>.......] - ETA: 1s - loss: 2.4650 - accuracy: 0.1703
77/98 [======================>.......] - ETA: 1s - loss: 2.4637 - accuracy: 0.1707
79/98 [=======================>......] - ETA: 0s - loss: 2.4623 - accuracy: 0.1713
81/98 [=======================>......] - ETA: 0s - loss: 2.4608 - accuracy: 0.1713
82/98 [========================>.....] - ETA: 0s - loss: 2.4605 - accuracy: 0.1714
84/98 [========================>.....] - ETA: 0s - loss: 2.4607 - accuracy: 0.1715
85/98 [=========================>....] - ETA: 0s - loss: 2.4600 - accuracy: 0.1719
87/98 [=========================>....] - ETA: 0s - loss: 2.4584 - accuracy: 0.1725
88/98 [=========================>....] - ETA: 0s - loss: 2.4571 - accuracy: 0.1730
90/98 [==========================>...] - ETA: 0s - loss: 2.4556 - accuracy: 0.1735
91/98 [==========================>...] - ETA: 0s - loss: 2.4557 - accuracy: 0.1735
93/98 [===========================>..] - ETA: 0s - loss: 2.4546 - accuracy: 0.1738
95/98 [============================>.] - ETA: 0s - loss: 2.4534 - accuracy: 0.1744
96/98 [============================>.] - ETA: 0s - loss: 2.4524 - accuracy: 0.1747
98/98 [==============================] - ETA: 0s - loss: 2.4505 - accuracy: 0.1750
98/98 [==============================] - 6s 63ms/step - loss: 2.4505 - accuracy: 0.1750 - val_loss: 2.2092 - val_accuracy: 0.2251
Epoch 3/73

 1/98 [..............................] - ETA: 6s - loss: 2.4721 - accuracy: 0.1875
 3/98 [..............................] - ETA: 5s - loss: 2.4168 - accuracy: 0.1803
 5/98 [>.............................] - ETA: 4s - loss: 2.3746 - accuracy: 0.1879
 6/98 [>.............................] - ETA: 4s - loss: 2.3742 - accuracy: 0.1927
 8/98 [=>............................] - ETA: 4s - loss: 2.3679 - accuracy: 0.1936
10/98 [==>...........................] - ETA: 4s - loss: 2.3670 - accuracy: 0.1957
11/98 [==>...........................] - ETA: 4s - loss: 2.3716 - accuracy: 0.1946
13/98 [==>...........................] - ETA: 4s - loss: 2.3708 - accuracy: 0.1943
14/98 [===>..........................] - ETA: 4s - loss: 2.3756 - accuracy: 0.1920
16/98 [===>..........................] - ETA: 4s - loss: 2.3698 - accuracy: 0.1898
18/98 [====>.........................] - ETA: 4s - loss: 2.3666 - accuracy: 0.1918
19/98 [====>.........................] - ETA: 4s - loss: 2.3685 - accuracy: 0.1922
21/98 [=====>........................] - ETA: 4s - loss: 2.3644 - accuracy: 0.1918
22/98 [=====>........................] - ETA: 4s - loss: 2.3659 - accuracy: 0.1915
24/98 [======>.......................] - ETA: 3s - loss: 2.3605 - accuracy: 0.1929
26/98 [======>.......................] - ETA: 3s - loss: 2.3591 - accuracy: 0.1934
28/98 [=======>......................] - ETA: 3s - loss: 2.3539 - accuracy: 0.1953
30/98 [========>.....................] - ETA: 3s - loss: 2.3515 - accuracy: 0.1969
32/98 [========>.....................] - ETA: 3s - loss: 2.3505 - accuracy: 0.1979
33/98 [=========>....................] - ETA: 3s - loss: 2.3521 - accuracy: 0.1971
35/98 [=========>....................] - ETA: 3s - loss: 2.3488 - accuracy: 0.1984
37/98 [==========>...................] - ETA: 3s - loss: 2.3504 - accuracy: 0.1979
38/98 [==========>...................] - ETA: 3s - loss: 2.3503 - accuracy: 0.1979
40/98 [===========>..................] - ETA: 3s - loss: 2.3457 - accuracy: 0.1989
41/98 [===========>..................] - ETA: 2s - loss: 2.3443 - accuracy: 0.1991
43/98 [============>.................] - ETA: 2s - loss: 2.3446 - accuracy: 0.1998
44/98 [============>.................] - ETA: 2s - loss: 2.3434 - accuracy: 0.1995
46/98 [=============>................] - ETA: 2s - loss: 2.3407 - accuracy: 0.2004
48/98 [=============>................] - ETA: 2s - loss: 2.3375 - accuracy: 0.2009
49/98 [==============>...............] - ETA: 2s - loss: 2.3360 - accuracy: 0.2015
51/98 [==============>...............] - ETA: 2s - loss: 2.3332 - accuracy: 0.2022
52/98 [==============>...............] - ETA: 2s - loss: 2.3332 - accuracy: 0.2028
54/98 [===============>..............] - ETA: 2s - loss: 2.3328 - accuracy: 0.2033
56/98 [================>.............] - ETA: 2s - loss: 2.3312 - accuracy: 0.2036
57/98 [================>.............] - ETA: 2s - loss: 2.3320 - accuracy: 0.2037
59/98 [=================>............] - ETA: 2s - loss: 2.3298 - accuracy: 0.2037
60/98 [=================>............] - ETA: 1s - loss: 2.3300 - accuracy: 0.2038
62/98 [=================>............] - ETA: 1s - loss: 2.3272 - accuracy: 0.2039
63/98 [==================>...........] - ETA: 1s - loss: 2.3272 - accuracy: 0.2037
65/98 [==================>...........] - ETA: 1s - loss: 2.3270 - accuracy: 0.2042
66/98 [===================>..........] - ETA: 1s - loss: 2.3259 - accuracy: 0.2042
68/98 [===================>..........] - ETA: 1s - loss: 2.3251 - accuracy: 0.2046
70/98 [====================>.........] - ETA: 1s - loss: 2.3242 - accuracy: 0.2049
71/98 [====================>.........] - ETA: 1s - loss: 2.3232 - accuracy: 0.2053
73/98 [=====================>........] - ETA: 1s - loss: 2.3227 - accuracy: 0.2052
74/98 [=====================>........] - ETA: 1s - loss: 2.3218 - accuracy: 0.2055
76/98 [======================>.......] - ETA: 1s - loss: 2.3199 - accuracy: 0.2059
77/98 [======================>.......] - ETA: 1s - loss: 2.3197 - accuracy: 0.2062
79/98 [=======================>......] - ETA: 0s - loss: 2.3173 - accuracy: 0.2065
80/98 [=======================>......] - ETA: 0s - loss: 2.3177 - accuracy: 0.2063
82/98 [========================>.....] - ETA: 0s - loss: 2.3168 - accuracy: 0.2067
83/98 [========================>.....] - ETA: 0s - loss: 2.3175 - accuracy: 0.2064
85/98 [=========================>....] - ETA: 0s - loss: 2.3152 - accuracy: 0.2072
87/98 [=========================>....] - ETA: 0s - loss: 2.3166 - accuracy: 0.2068
88/98 [=========================>....] - ETA: 0s - loss: 2.3160 - accuracy: 0.2072
90/98 [==========================>...] - ETA: 0s - loss: 2.3142 - accuracy: 0.2071
91/98 [==========================>...] - ETA: 0s - loss: 2.3142 - accuracy: 0.2070
93/98 [===========================>..] - ETA: 0s - loss: 2.3124 - accuracy: 0.2076
94/98 [===========================>..] - ETA: 0s - loss: 2.3118 - accuracy: 0.2079
96/98 [============================>.] - ETA: 0s - loss: 2.3108 - accuracy: 0.2084
98/98 [==============================] - ETA: 0s - loss: 2.3095 - accuracy: 0.2085
98/98 [==============================] - 6s 63ms/step - loss: 2.3095 - accuracy: 0.2085 - val_loss: 2.1368 - val_accuracy: 0.2596
Epoch 4/73

 1/98 [..............................] - ETA: 6s - loss: 2.3387 - accuracy: 0.2012
 2/98 [..............................] - ETA: 6s - loss: 2.2445 - accuracy: 0.2295
 4/98 [>.............................] - ETA: 4s - loss: 2.2420 - accuracy: 0.2402
 5/98 [>.............................] - ETA: 5s - loss: 2.2366 - accuracy: 0.2383
 7/98 [=>............................] - ETA: 4s - loss: 2.2360 - accuracy: 0.2319
 8/98 [=>............................] - ETA: 4s - loss: 2.2462 - accuracy: 0.2275
10/98 [==>...........................] - ETA: 4s - loss: 2.2546 - accuracy: 0.2207
12/98 [==>...........................] - ETA: 4s - loss: 2.2433 - accuracy: 0.2238
13/98 [==>...........................] - ETA: 4s - loss: 2.2387 - accuracy: 0.2249
15/98 [===>..........................] - ETA: 4s - loss: 2.2511 - accuracy: 0.2217
16/98 [===>..........................] - ETA: 4s - loss: 2.2560 - accuracy: 0.2202
18/98 [====>.........................] - ETA: 4s - loss: 2.2603 - accuracy: 0.2191
19/98 [====>.........................] - ETA: 4s - loss: 2.2580 - accuracy: 0.2203
21/98 [=====>........................] - ETA: 4s - loss: 2.2554 - accuracy: 0.2199
22/98 [=====>........................] - ETA: 4s - loss: 2.2546 - accuracy: 0.2214
24/98 [======>.......................] - ETA: 3s - loss: 2.2483 - accuracy: 0.2221
25/98 [======>.......................] - ETA: 3s - loss: 2.2490 - accuracy: 0.2218
27/98 [=======>......................] - ETA: 3s - loss: 2.2519 - accuracy: 0.2219
28/98 [=======>......................] - ETA: 3s - loss: 2.2504 - accuracy: 0.2225
30/98 [========>.....................] - ETA: 3s - loss: 2.2463 - accuracy: 0.2243
31/98 [========>.....................] - ETA: 3s - loss: 2.2460 - accuracy: 0.2240
33/98 [=========>....................] - ETA: 3s - loss: 2.2439 - accuracy: 0.2235
34/98 [=========>....................] - ETA: 3s - loss: 2.2444 - accuracy: 0.2239
36/98 [==========>...................] - ETA: 3s - loss: 2.2463 - accuracy: 0.2236
38/98 [==========>...................] - ETA: 3s - loss: 2.2468 - accuracy: 0.2236
39/98 [==========>...................] - ETA: 3s - loss: 2.2441 - accuracy: 0.2246
41/98 [===========>..................] - ETA: 2s - loss: 2.2443 - accuracy: 0.2244
42/98 [===========>..................] - ETA: 2s - loss: 2.2428 - accuracy: 0.2247
44/98 [============>.................] - ETA: 2s - loss: 2.2395 - accuracy: 0.2260
46/98 [=============>................] - ETA: 2s - loss: 2.2396 - accuracy: 0.2263
47/98 [=============>................] - ETA: 2s - loss: 2.2376 - accuracy: 0.2262
49/98 [==============>...............] - ETA: 2s - loss: 2.2349 - accuracy: 0.2268
50/98 [==============>...............] - ETA: 2s - loss: 2.2343 - accuracy: 0.2276
52/98 [==============>...............] - ETA: 2s - loss: 2.2347 - accuracy: 0.2275
54/98 [===============>..............] - ETA: 2s - loss: 2.2350 - accuracy: 0.2279
55/98 [===============>..............] - ETA: 2s - loss: 2.2349 - accuracy: 0.2277
57/98 [================>.............] - ETA: 2s - loss: 2.2359 - accuracy: 0.2275
58/98 [================>.............] - ETA: 2s - loss: 2.2364 - accuracy: 0.2273
60/98 [=================>............] - ETA: 1s - loss: 2.2378 - accuracy: 0.2274
61/98 [=================>............] - ETA: 1s - loss: 2.2380 - accuracy: 0.2278
63/98 [==================>...........] - ETA: 1s - loss: 2.2361 - accuracy: 0.2282
65/98 [==================>...........] - ETA: 1s - loss: 2.2357 - accuracy: 0.2282
66/98 [===================>..........] - ETA: 1s - loss: 2.2362 - accuracy: 0.2284
68/98 [===================>..........] - ETA: 1s - loss: 2.2373 - accuracy: 0.2280
69/98 [====================>.........] - ETA: 1s - loss: 2.2374 - accuracy: 0.2279
71/98 [====================>.........] - ETA: 1s - loss: 2.2370 - accuracy: 0.2278
73/98 [=====================>........] - ETA: 1s - loss: 2.2366 - accuracy: 0.2277
75/98 [=====================>........] - ETA: 1s - loss: 2.2351 - accuracy: 0.2277
77/98 [======================>.......] - ETA: 1s - loss: 2.2345 - accuracy: 0.2277
78/98 [======================>.......] - ETA: 1s - loss: 2.2331 - accuracy: 0.2284
80/98 [=======================>......] - ETA: 0s - loss: 2.2325 - accuracy: 0.2288
82/98 [========================>.....] - ETA: 0s - loss: 2.2316 - accuracy: 0.2289
83/98 [========================>.....] - ETA: 0s - loss: 2.2302 - accuracy: 0.2294
85/98 [=========================>....] - ETA: 0s - loss: 2.2285 - accuracy: 0.2302
87/98 [=========================>....] - ETA: 0s - loss: 2.2266 - accuracy: 0.2304
88/98 [=========================>....] - ETA: 0s - loss: 2.2247 - accuracy: 0.2310
90/98 [==========================>...] - ETA: 0s - loss: 2.2229 - accuracy: 0.2316
91/98 [==========================>...] - ETA: 0s - loss: 2.2231 - accuracy: 0.2313
93/98 [===========================>..] - ETA: 0s - loss: 2.2219 - accuracy: 0.2316
94/98 [===========================>..] - ETA: 0s - loss: 2.2219 - accuracy: 0.2316
96/98 [============================>.] - ETA: 0s - loss: 2.2217 - accuracy: 0.2319
97/98 [============================>.] - ETA: 0s - loss: 2.2213 - accuracy: 0.2319
98/98 [==============================] - 6s 63ms/step - loss: 2.2210 - accuracy: 0.2318 - val_loss: 2.0531 - val_accuracy: 0.2820
Epoch 5/73

 1/98 [..............................] - ETA: 6s - loss: 2.1518 - accuracy: 0.2363
 2/98 [..............................] - ETA: 6s - loss: 2.1529 - accuracy: 0.2510
 4/98 [>.............................] - ETA: 5s - loss: 2.1613 - accuracy: 0.2466
 6/98 [>.............................] - ETA: 4s - loss: 2.1635 - accuracy: 0.2471
 7/98 [=>............................] - ETA: 4s - loss: 2.1610 - accuracy: 0.2416
 9/98 [=>............................] - ETA: 4s - loss: 2.1560 - accuracy: 0.2463
10/98 [==>...........................] - ETA: 4s - loss: 2.1533 - accuracy: 0.2473
12/98 [==>...........................] - ETA: 4s - loss: 2.1504 - accuracy: 0.2489
13/98 [==>...........................] - ETA: 4s - loss: 2.1465 - accuracy: 0.2494
15/98 [===>..........................] - ETA: 4s - loss: 2.1534 - accuracy: 0.2466
17/98 [====>.........................] - ETA: 4s - loss: 2.1433 - accuracy: 0.2506
18/98 [====>.........................] - ETA: 4s - loss: 2.1443 - accuracy: 0.2509
20/98 [=====>........................] - ETA: 4s - loss: 2.1455 - accuracy: 0.2515
21/98 [=====>........................] - ETA: 4s - loss: 2.1464 - accuracy: 0.2498
23/98 [======>.......................] - ETA: 3s - loss: 2.1504 - accuracy: 0.2497
24/98 [======>.......................] - ETA: 3s - loss: 2.1534 - accuracy: 0.2485
26/98 [======>.......................] - ETA: 3s - loss: 2.1552 - accuracy: 0.2477
28/98 [=======>......................] - ETA: 3s - loss: 2.1539 - accuracy: 0.2469
29/98 [=======>......................] - ETA: 3s - loss: 2.1557 - accuracy: 0.2460
31/98 [========>.....................] - ETA: 3s - loss: 2.1559 - accuracy: 0.2454
32/98 [========>.....................] - ETA: 3s - loss: 2.1537 - accuracy: 0.2460
34/98 [=========>....................] - ETA: 3s - loss: 2.1534 - accuracy: 0.2467
35/98 [=========>....................] - ETA: 3s - loss: 2.1530 - accuracy: 0.2468
37/98 [==========>...................] - ETA: 3s - loss: 2.1519 - accuracy: 0.2474
38/98 [==========>...................] - ETA: 3s - loss: 2.1523 - accuracy: 0.2469
40/98 [===========>..................] - ETA: 3s - loss: 2.1505 - accuracy: 0.2479
41/98 [===========>..................] - ETA: 3s - loss: 2.1513 - accuracy: 0.2469
43/98 [============>.................] - ETA: 2s - loss: 2.1517 - accuracy: 0.2470
44/98 [============>.................] - ETA: 2s - loss: 2.1521 - accuracy: 0.2468
46/98 [=============>................] - ETA: 2s - loss: 2.1513 - accuracy: 0.2474
48/98 [=============>................] - ETA: 2s - loss: 2.1512 - accuracy: 0.2469
49/98 [==============>...............] - ETA: 2s - loss: 2.1497 - accuracy: 0.2476
51/98 [==============>...............] - ETA: 2s - loss: 2.1478 - accuracy: 0.2487
52/98 [==============>...............] - ETA: 2s - loss: 2.1486 - accuracy: 0.2485
54/98 [===============>..............] - ETA: 2s - loss: 2.1483 - accuracy: 0.2494
56/98 [================>.............] - ETA: 2s - loss: 2.1491 - accuracy: 0.2496
57/98 [================>.............] - ETA: 2s - loss: 2.1491 - accuracy: 0.2499
59/98 [=================>............] - ETA: 2s - loss: 2.1497 - accuracy: 0.2496
61/98 [=================>............] - ETA: 1s - loss: 2.1497 - accuracy: 0.2496
62/98 [=================>............] - ETA: 1s - loss: 2.1498 - accuracy: 0.2498
64/98 [==================>...........] - ETA: 1s - loss: 2.1489 - accuracy: 0.2503
65/98 [==================>...........] - ETA: 1s - loss: 2.1499 - accuracy: 0.2502
67/98 [===================>..........] - ETA: 1s - loss: 2.1492 - accuracy: 0.2505
68/98 [===================>..........] - ETA: 1s - loss: 2.1480 - accuracy: 0.2506
70/98 [====================>.........] - ETA: 1s - loss: 2.1478 - accuracy: 0.2510
71/98 [====================>.........] - ETA: 1s - loss: 2.1475 - accuracy: 0.2514
73/98 [=====================>........] - ETA: 1s - loss: 2.1447 - accuracy: 0.2522
75/98 [=====================>........] - ETA: 1s - loss: 2.1439 - accuracy: 0.2522
76/98 [======================>.......] - ETA: 1s - loss: 2.1425 - accuracy: 0.2526
78/98 [======================>.......] - ETA: 1s - loss: 2.1421 - accuracy: 0.2525
79/98 [=======================>......] - ETA: 0s - loss: 2.1425 - accuracy: 0.2526
81/98 [=======================>......] - ETA: 0s - loss: 2.1427 - accuracy: 0.2527
82/98 [========================>.....] - ETA: 0s - loss: 2.1422 - accuracy: 0.2534
83/98 [========================>.....] - ETA: 0s - loss: 2.1421 - accuracy: 0.2537
85/98 [=========================>....] - ETA: 0s - loss: 2.1420 - accuracy: 0.2539
87/98 [=========================>....] - ETA: 0s - loss: 2.1411 - accuracy: 0.2544
89/98 [==========================>...] - ETA: 0s - loss: 2.1407 - accuracy: 0.2548
90/98 [==========================>...] - ETA: 0s - loss: 2.1408 - accuracy: 0.2545
92/98 [===========================>..] - ETA: 0s - loss: 2.1407 - accuracy: 0.2545
94/98 [===========================>..] - ETA: 0s - loss: 2.1392 - accuracy: 0.2548
95/98 [============================>.] - ETA: 0s - loss: 2.1388 - accuracy: 0.2548
96/98 [============================>.] - ETA: 0s - loss: 2.1390 - accuracy: 0.2549
98/98 [==============================] - ETA: 0s - loss: 2.1383 - accuracy: 0.2553
98/98 [==============================] - 6s 63ms/step - loss: 2.1383 - accuracy: 0.2553 - val_loss: 1.9710 - val_accuracy: 0.2975
Epoch 6/73

 1/98 [..............................] - ETA: 6s - loss: 2.0106 - accuracy: 0.2871
 2/98 [..............................] - ETA: 5s - loss: 2.0410 - accuracy: 0.2734
 4/98 [>.............................] - ETA: 4s - loss: 2.0841 - accuracy: 0.2686
 5/98 [>.............................] - ETA: 5s - loss: 2.0789 - accuracy: 0.2691
 7/98 [=>............................] - ETA: 4s - loss: 2.0595 - accuracy: 0.2712
 8/98 [=>............................] - ETA: 4s - loss: 2.0660 - accuracy: 0.2671
10/98 [==>...........................] - ETA: 4s - loss: 2.0674 - accuracy: 0.2672
12/98 [==>...........................] - ETA: 4s - loss: 2.0717 - accuracy: 0.2656
14/98 [===>..........................] - ETA: 4s - loss: 2.0777 - accuracy: 0.2656
16/98 [===>..........................] - ETA: 4s - loss: 2.0785 - accuracy: 0.2688
17/98 [====>.........................] - ETA: 4s - loss: 2.0737 - accuracy: 0.2687
19/98 [====>.........................] - ETA: 4s - loss: 2.0797 - accuracy: 0.2678
21/98 [=====>........................] - ETA: 4s - loss: 2.0796 - accuracy: 0.2687
22/98 [=====>........................] - ETA: 4s - loss: 2.0797 - accuracy: 0.2685
24/98 [======>.......................] - ETA: 3s - loss: 2.0811 - accuracy: 0.2674
26/98 [======>.......................] - ETA: 3s - loss: 2.0812 - accuracy: 0.2676
27/98 [=======>......................] - ETA: 3s - loss: 2.0835 - accuracy: 0.2672
29/98 [=======>......................] - ETA: 3s - loss: 2.0867 - accuracy: 0.2660
30/98 [========>.....................] - ETA: 3s - loss: 2.0889 - accuracy: 0.2653
32/98 [========>.....................] - ETA: 3s - loss: 2.0880 - accuracy: 0.2659
34/98 [=========>....................] - ETA: 3s - loss: 2.0874 - accuracy: 0.2660
35/98 [=========>....................] - ETA: 3s - loss: 2.0888 - accuracy: 0.2655
37/98 [==========>...................] - ETA: 3s - loss: 2.0880 - accuracy: 0.2655
38/98 [==========>...................] - ETA: 3s - loss: 2.0882 - accuracy: 0.2652
40/98 [===========>..................] - ETA: 3s - loss: 2.0879 - accuracy: 0.2660
41/98 [===========>..................] - ETA: 3s - loss: 2.0865 - accuracy: 0.2668
43/98 [============>.................] - ETA: 2s - loss: 2.0865 - accuracy: 0.2671
44/98 [============>.................] - ETA: 2s - loss: 2.0874 - accuracy: 0.2674
46/98 [=============>................] - ETA: 2s - loss: 2.0843 - accuracy: 0.2686
48/98 [=============>................] - ETA: 2s - loss: 2.0847 - accuracy: 0.2686
49/98 [==============>...............] - ETA: 2s - loss: 2.0856 - accuracy: 0.2686
51/98 [==============>...............] - ETA: 2s - loss: 2.0835 - accuracy: 0.2695
53/98 [===============>..............] - ETA: 2s - loss: 2.0825 - accuracy: 0.2695
54/98 [===============>..............] - ETA: 2s - loss: 2.0813 - accuracy: 0.2697
56/98 [================>.............] - ETA: 2s - loss: 2.0810 - accuracy: 0.2696
57/98 [================>.............] - ETA: 2s - loss: 2.0815 - accuracy: 0.2693
59/98 [=================>............] - ETA: 2s - loss: 2.0817 - accuracy: 0.2695
60/98 [=================>............] - ETA: 2s - loss: 2.0804 - accuracy: 0.2699
62/98 [=================>............] - ETA: 1s - loss: 2.0791 - accuracy: 0.2700
64/98 [==================>...........] - ETA: 1s - loss: 2.0785 - accuracy: 0.2703
65/98 [==================>...........] - ETA: 1s - loss: 2.0773 - accuracy: 0.2702
67/98 [===================>..........] - ETA: 1s - loss: 2.0766 - accuracy: 0.2709
68/98 [===================>..........] - ETA: 1s - loss: 2.0766 - accuracy: 0.2711
70/98 [====================>.........] - ETA: 1s - loss: 2.0758 - accuracy: 0.2715
71/98 [====================>.........] - ETA: 1s - loss: 2.0756 - accuracy: 0.2716
73/98 [=====================>........] - ETA: 1s - loss: 2.0753 - accuracy: 0.2720
74/98 [=====================>........] - ETA: 1s - loss: 2.0738 - accuracy: 0.2728
76/98 [======================>.......] - ETA: 1s - loss: 2.0730 - accuracy: 0.2731
78/98 [======================>.......] - ETA: 1s - loss: 2.0718 - accuracy: 0.2738
80/98 [=======================>......] - ETA: 0s - loss: 2.0720 - accuracy: 0.2736
82/98 [========================>.....] - ETA: 0s - loss: 2.0728 - accuracy: 0.2735
84/98 [========================>.....] - ETA: 0s - loss: 2.0736 - accuracy: 0.2731
86/98 [=========================>....] - ETA: 0s - loss: 2.0751 - accuracy: 0.2726
88/98 [=========================>....] - ETA: 0s - loss: 2.0745 - accuracy: 0.2729
90/98 [==========================>...] - ETA: 0s - loss: 2.0735 - accuracy: 0.2734
92/98 [===========================>..] - ETA: 0s - loss: 2.0735 - accuracy: 0.2733
94/98 [===========================>..] - ETA: 0s - loss: 2.0719 - accuracy: 0.2740
96/98 [============================>.] - ETA: 0s - loss: 2.0704 - accuracy: 0.2744
98/98 [==============================] - ETA: 0s - loss: 2.0704 - accuracy: 0.2747
98/98 [==============================] - 6s 60ms/step - loss: 2.0704 - accuracy: 0.2747 - val_loss: 1.8833 - val_accuracy: 0.3221
Epoch 7/73

 1/98 [..............................] - ETA: 6s - loss: 2.0981 - accuracy: 0.2559
 3/98 [..............................] - ETA: 4s - loss: 2.1114 - accuracy: 0.2643
 5/98 [>.............................] - ETA: 3s - loss: 2.0889 - accuracy: 0.2703
 7/98 [=>............................] - ETA: 4s - loss: 2.0710 - accuracy: 0.2743
 9/98 [=>............................] - ETA: 3s - loss: 2.0653 - accuracy: 0.2797
11/98 [==>...........................] - ETA: 3s - loss: 2.0550 - accuracy: 0.2824
13/98 [==>...........................] - ETA: 3s - loss: 2.0572 - accuracy: 0.2821
15/98 [===>..........................] - ETA: 3s - loss: 2.0526 - accuracy: 0.2829
17/98 [====>.........................] - ETA: 3s - loss: 2.0511 - accuracy: 0.2825
18/98 [====>.........................] - ETA: 3s - loss: 2.0496 - accuracy: 0.2825
20/98 [=====>........................] - ETA: 3s - loss: 2.0498 - accuracy: 0.2834
21/98 [=====>........................] - ETA: 3s - loss: 2.0504 - accuracy: 0.2844
23/98 [======>.......................] - ETA: 3s - loss: 2.0510 - accuracy: 0.2837
25/98 [======>.......................] - ETA: 3s - loss: 2.0483 - accuracy: 0.2842
26/98 [======>.......................] - ETA: 3s - loss: 2.0497 - accuracy: 0.2834
28/98 [=======>......................] - ETA: 3s - loss: 2.0422 - accuracy: 0.2845
29/98 [=======>......................] - ETA: 3s - loss: 2.0399 - accuracy: 0.2850
31/98 [========>.....................] - ETA: 3s - loss: 2.0370 - accuracy: 0.2847
33/98 [=========>....................] - ETA: 3s - loss: 2.0335 - accuracy: 0.2856
34/98 [=========>....................] - ETA: 3s - loss: 2.0308 - accuracy: 0.2863
36/98 [==========>...................] - ETA: 3s - loss: 2.0316 - accuracy: 0.2859
37/98 [==========>...................] - ETA: 2s - loss: 2.0328 - accuracy: 0.2861
39/98 [==========>...................] - ETA: 2s - loss: 2.0330 - accuracy: 0.2867
41/98 [===========>..................] - ETA: 2s - loss: 2.0312 - accuracy: 0.2878
43/98 [============>.................] - ETA: 2s - loss: 2.0290 - accuracy: 0.2890
45/98 [============>.................] - ETA: 2s - loss: 2.0273 - accuracy: 0.2900
46/98 [=============>................] - ETA: 2s - loss: 2.0264 - accuracy: 0.2900
48/98 [=============>................] - ETA: 2s - loss: 2.0244 - accuracy: 0.2902
49/98 [==============>...............] - ETA: 2s - loss: 2.0233 - accuracy: 0.2906
51/98 [==============>...............] - ETA: 2s - loss: 2.0241 - accuracy: 0.2909
52/98 [==============>...............] - ETA: 2s - loss: 2.0252 - accuracy: 0.2908
54/98 [===============>..............] - ETA: 2s - loss: 2.0233 - accuracy: 0.2913
55/98 [===============>..............] - ETA: 2s - loss: 2.0234 - accuracy: 0.2913
57/98 [================>.............] - ETA: 2s - loss: 2.0244 - accuracy: 0.2920
58/98 [================>.............] - ETA: 2s - loss: 2.0248 - accuracy: 0.2919
60/98 [=================>............] - ETA: 1s - loss: 2.0235 - accuracy: 0.2917
61/98 [=================>............] - ETA: 1s - loss: 2.0233 - accuracy: 0.2921
63/98 [==================>...........] - ETA: 1s - loss: 2.0250 - accuracy: 0.2916
64/98 [==================>...........] - ETA: 1s - loss: 2.0241 - accuracy: 0.2918
66/98 [===================>..........] - ETA: 1s - loss: 2.0233 - accuracy: 0.2919
67/98 [===================>..........] - ETA: 1s - loss: 2.0237 - accuracy: 0.2915
69/98 [====================>.........] - ETA: 1s - loss: 2.0240 - accuracy: 0.2909
70/98 [====================>.........] - ETA: 1s - loss: 2.0229 - accuracy: 0.2909
72/98 [=====================>........] - ETA: 1s - loss: 2.0220 - accuracy: 0.2909
73/98 [=====================>........] - ETA: 1s - loss: 2.0231 - accuracy: 0.2907
75/98 [=====================>........] - ETA: 1s - loss: 2.0229 - accuracy: 0.2905
77/98 [======================>.......] - ETA: 1s - loss: 2.0239 - accuracy: 0.2902
78/98 [======================>.......] - ETA: 1s - loss: 2.0231 - accuracy: 0.2905
80/98 [=======================>......] - ETA: 0s - loss: 2.0225 - accuracy: 0.2909
81/98 [=======================>......] - ETA: 0s - loss: 2.0221 - accuracy: 0.2910
83/98 [========================>.....] - ETA: 0s - loss: 2.0219 - accuracy: 0.2908
85/98 [=========================>....] - ETA: 0s - loss: 2.0198 - accuracy: 0.2910
86/98 [=========================>....] - ETA: 0s - loss: 2.0193 - accuracy: 0.2911
88/98 [=========================>....] - ETA: 0s - loss: 2.0180 - accuracy: 0.2916
89/98 [==========================>...] - ETA: 0s - loss: 2.0171 - accuracy: 0.2918
91/98 [==========================>...] - ETA: 0s - loss: 2.0157 - accuracy: 0.2921
93/98 [===========================>..] - ETA: 0s - loss: 2.0152 - accuracy: 0.2918
94/98 [===========================>..] - ETA: 0s - loss: 2.0152 - accuracy: 0.2917
96/98 [============================>.] - ETA: 0s - loss: 2.0158 - accuracy: 0.2918
98/98 [==============================] - ETA: 0s - loss: 2.0143 - accuracy: 0.2924
98/98 [==============================] - 6s 62ms/step - loss: 2.0143 - accuracy: 0.2924 - val_loss: 1.8171 - val_accuracy: 0.3446
Epoch 8/73

 1/98 [..............................] - ETA: 5s - loss: 2.0019 - accuracy: 0.2891
 3/98 [..............................] - ETA: 5s - loss: 1.9729 - accuracy: 0.2917
 5/98 [>.............................] - ETA: 5s - loss: 1.9878 - accuracy: 0.2871
 7/98 [=>............................] - ETA: 4s - loss: 1.9819 - accuracy: 0.2916
 8/98 [=>............................] - ETA: 4s - loss: 1.9901 - accuracy: 0.2932
10/98 [==>...........................] - ETA: 4s - loss: 1.9661 - accuracy: 0.3027
