2024-07-26 03:04:31.686344: I tensorflow/core/platform/cpu_feature_guard.cc:193] This TensorFlow binary is optimized with oneAPI Deep Neural Network Library (oneDNN) to use the following CPU instructions in performance-critical operations:  AVX AVX2
To enable them in other operations, rebuild TensorFlow with the appropriate compiler flags.
2024-07-26 03:04:32.702710: I tensorflow/core/common_runtime/gpu/gpu_device.cc:1616] Created device /job:localhost/replica:0/task:0/device:GPU:0 with 6656 MB memory:  -> device: 0, name: NVIDIA GeForce RTX 4060 Ti, pci bus id: 0000:01:00.0, compute capability: 8.9
1 Physical GPUs, 1 Logical GPUs
Model: "sequential"
_________________________________________________________________
 Layer (type)                Output Shape              Param #   
=================================================================
 conv2d (Conv2D)             (None, 32, 32, 32)        896       
                                                                 
 conv2d_1 (Conv2D)           (None, 32, 32, 32)        25632     
                                                                 
 max_pooling2d (MaxPooling2D  (None, 16, 16, 32)       0         
 )                                                               
                                                                 
 batch_normalization (BatchN  (None, 16, 16, 32)       128       
 ormalization)                                                   
                                                                 
 dropout (Dropout)           (None, 16, 16, 32)        0         
                                                                 
 flatten (Flatten)           (None, 8192)              0         
                                                                 
 dense (Dense)               (None, 10)                81930     
                                                                 
=================================================================
Total params: 108,586
Trainable params: 108,522
Non-trainable params: 64
_________________________________________________________________
Taxa de aprendizado:  1e-05 Num de épocas:  73 Tamanho do lote:  512 Dropout:  0.46
Epoch 1/73
2024-07-26 03:04:34.393313: I tensorflow/stream_executor/cuda/cuda_dnn.cc:384] Loaded cuDNN version 8100
2024-07-26 03:04:35.789427: W tensorflow/stream_executor/gpu/redzone_allocator.cc:314] INTERNAL: ptxas exited with non-zero error code -1, output: 
Relying on driver to perform ptx compilation. 
Modify $PATH to customize ptxas location.
This message will be only logged once.
2024-07-26 03:04:37.410150: I tensorflow/stream_executor/cuda/cuda_blas.cc:1614] TensorFloat-32 will be used for the matrix multiplication. This will only be logged once.

 1/98 [..............................] - ETA: 8:46 - loss: 3.3520 - accuracy: 0.0977
 3/98 [..............................] - ETA: 4s - loss: 3.3860 - accuracy: 0.0964  
 5/98 [>.............................] - ETA: 4s - loss: 3.3705 - accuracy: 0.0969
 7/98 [=>............................] - ETA: 4s - loss: 3.3386 - accuracy: 0.0982
 9/98 [=>............................] - ETA: 4s - loss: 3.3211 - accuracy: 0.0955
11/98 [==>...........................] - ETA: 4s - loss: 3.3077 - accuracy: 0.0939
13/98 [==>...........................] - ETA: 3s - loss: 3.2955 - accuracy: 0.0942
15/98 [===>..........................] - ETA: 3s - loss: 3.2732 - accuracy: 0.0973
17/98 [====>.........................] - ETA: 3s - loss: 3.2516 - accuracy: 0.1002
18/98 [====>.........................] - ETA: 3s - loss: 3.2413 - accuracy: 0.0998
20/98 [=====>........................] - ETA: 3s - loss: 3.2274 - accuracy: 0.1001
21/98 [=====>........................] - ETA: 6s - loss: 3.2242 - accuracy: 0.1002
23/98 [======>.......................] - ETA: 5s - loss: 3.2128 - accuracy: 0.1002
25/98 [======>.......................] - ETA: 5s - loss: 3.2022 - accuracy: 0.1006
27/98 [=======>......................] - ETA: 5s - loss: 3.1837 - accuracy: 0.1002
29/98 [=======>......................] - ETA: 4s - loss: 3.1690 - accuracy: 0.1013
31/98 [========>.....................] - ETA: 4s - loss: 3.1548 - accuracy: 0.1015
33/98 [=========>....................] - ETA: 4s - loss: 3.1433 - accuracy: 0.1011
35/98 [=========>....................] - ETA: 4s - loss: 3.1333 - accuracy: 0.1012
37/98 [==========>...................] - ETA: 3s - loss: 3.1221 - accuracy: 0.1016
39/98 [==========>...................] - ETA: 3s - loss: 3.1078 - accuracy: 0.1026
41/98 [===========>..................] - ETA: 3s - loss: 3.0989 - accuracy: 0.1033
43/98 [============>.................] - ETA: 3s - loss: 3.0863 - accuracy: 0.1037
45/98 [============>.................] - ETA: 3s - loss: 3.0760 - accuracy: 0.1039
47/98 [=============>................] - ETA: 3s - loss: 3.0676 - accuracy: 0.1045
49/98 [==============>...............] - ETA: 2s - loss: 3.0562 - accuracy: 0.1053
51/98 [==============>...............] - ETA: 2s - loss: 3.0467 - accuracy: 0.1052
53/98 [===============>..............] - ETA: 2s - loss: 3.0354 - accuracy: 0.1059
55/98 [===============>..............] - ETA: 2s - loss: 3.0261 - accuracy: 0.1067
57/98 [================>.............] - ETA: 2s - loss: 3.0179 - accuracy: 0.1073
59/98 [=================>............] - ETA: 2s - loss: 3.0085 - accuracy: 0.1081
61/98 [=================>............] - ETA: 2s - loss: 2.9990 - accuracy: 0.1093
63/98 [==================>...........] - ETA: 1s - loss: 2.9891 - accuracy: 0.1101
65/98 [==================>...........] - ETA: 1s - loss: 2.9797 - accuracy: 0.1113
67/98 [===================>..........] - ETA: 1s - loss: 2.9726 - accuracy: 0.1121
69/98 [====================>.........] - ETA: 1s - loss: 2.9650 - accuracy: 0.1129
71/98 [====================>.........] - ETA: 1s - loss: 2.9546 - accuracy: 0.1141
73/98 [=====================>........] - ETA: 1s - loss: 2.9475 - accuracy: 0.1145
75/98 [=====================>........] - ETA: 1s - loss: 2.9386 - accuracy: 0.1155
77/98 [======================>.......] - ETA: 1s - loss: 2.9319 - accuracy: 0.1160
79/98 [=======================>......] - ETA: 1s - loss: 2.9269 - accuracy: 0.1164
81/98 [=======================>......] - ETA: 0s - loss: 2.9190 - accuracy: 0.1170
83/98 [========================>.....] - ETA: 0s - loss: 2.9121 - accuracy: 0.1177
85/98 [=========================>....] - ETA: 0s - loss: 2.9049 - accuracy: 0.1188
87/98 [=========================>....] - ETA: 0s - loss: 2.8974 - accuracy: 0.1191
89/98 [==========================>...] - ETA: 0s - loss: 2.8911 - accuracy: 0.1200
91/98 [==========================>...] - ETA: 0s - loss: 2.8851 - accuracy: 0.1205
93/98 [===========================>..] - ETA: 0s - loss: 2.8794 - accuracy: 0.1208
95/98 [============================>.] - ETA: 0s - loss: 2.8734 - accuracy: 0.1216
97/98 [============================>.] - ETA: 0s - loss: 2.8681 - accuracy: 0.1223
98/98 [==============================] - 12s 67ms/step - loss: 2.8646 - accuracy: 0.1227 - val_loss: 2.2692 - val_accuracy: 0.1644
Epoch 2/73

 1/98 [..............................] - ETA: 6s - loss: 2.5165 - accuracy: 0.1855
 3/98 [..............................] - ETA: 4s - loss: 2.5629 - accuracy: 0.1654
 5/98 [>.............................] - ETA: 4s - loss: 2.5674 - accuracy: 0.1676
 7/98 [=>............................] - ETA: 4s - loss: 2.5796 - accuracy: 0.1674
 9/98 [=>............................] - ETA: 4s - loss: 2.5736 - accuracy: 0.1684
11/98 [==>...........................] - ETA: 3s - loss: 2.5665 - accuracy: 0.1672
13/98 [==>...........................] - ETA: 3s - loss: 2.5640 - accuracy: 0.1674
14/98 [===>..........................] - ETA: 3s - loss: 2.5584 - accuracy: 0.1663
16/98 [===>..........................] - ETA: 3s - loss: 2.5674 - accuracy: 0.1645
18/98 [====>.........................] - ETA: 3s - loss: 2.5670 - accuracy: 0.1633
20/98 [=====>........................] - ETA: 3s - loss: 2.5632 - accuracy: 0.1627
22/98 [=====>........................] - ETA: 3s - loss: 2.5558 - accuracy: 0.1635
24/98 [======>.......................] - ETA: 3s - loss: 2.5546 - accuracy: 0.1638
26/98 [======>.......................] - ETA: 3s - loss: 2.5505 - accuracy: 0.1644
28/98 [=======>......................] - ETA: 3s - loss: 2.5484 - accuracy: 0.1649
30/98 [========>.....................] - ETA: 3s - loss: 2.5429 - accuracy: 0.1664
32/98 [========>.....................] - ETA: 2s - loss: 2.5378 - accuracy: 0.1673
34/98 [=========>....................] - ETA: 2s - loss: 2.5368 - accuracy: 0.1662
36/98 [==========>...................] - ETA: 2s - loss: 2.5347 - accuracy: 0.1662
38/98 [==========>...................] - ETA: 2s - loss: 2.5317 - accuracy: 0.1670
40/98 [===========>..................] - ETA: 2s - loss: 2.5304 - accuracy: 0.1667
42/98 [===========>..................] - ETA: 2s - loss: 2.5297 - accuracy: 0.1661
44/98 [============>.................] - ETA: 2s - loss: 2.5290 - accuracy: 0.1660
46/98 [=============>................] - ETA: 2s - loss: 2.5252 - accuracy: 0.1667
48/98 [=============>................] - ETA: 2s - loss: 2.5238 - accuracy: 0.1670
50/98 [==============>...............] - ETA: 2s - loss: 2.5223 - accuracy: 0.1679
52/98 [==============>...............] - ETA: 2s - loss: 2.5195 - accuracy: 0.1681
54/98 [===============>..............] - ETA: 2s - loss: 2.5150 - accuracy: 0.1696
56/98 [================>.............] - ETA: 1s - loss: 2.5109 - accuracy: 0.1702
58/98 [================>.............] - ETA: 1s - loss: 2.5106 - accuracy: 0.1699
60/98 [=================>............] - ETA: 1s - loss: 2.5097 - accuracy: 0.1697
62/98 [=================>............] - ETA: 1s - loss: 2.5075 - accuracy: 0.1699
64/98 [==================>...........] - ETA: 1s - loss: 2.5049 - accuracy: 0.1705
66/98 [===================>..........] - ETA: 1s - loss: 2.5009 - accuracy: 0.1715
68/98 [===================>..........] - ETA: 1s - loss: 2.4977 - accuracy: 0.1724
70/98 [====================>.........] - ETA: 1s - loss: 2.4961 - accuracy: 0.1733
72/98 [=====================>........] - ETA: 1s - loss: 2.4936 - accuracy: 0.1740
74/98 [=====================>........] - ETA: 1s - loss: 2.4915 - accuracy: 0.1746
76/98 [======================>.......] - ETA: 1s - loss: 2.4887 - accuracy: 0.1752
78/98 [======================>.......] - ETA: 0s - loss: 2.4895 - accuracy: 0.1750
80/98 [=======================>......] - ETA: 0s - loss: 2.4869 - accuracy: 0.1758
82/98 [========================>.....] - ETA: 0s - loss: 2.4843 - accuracy: 0.1763
84/98 [========================>.....] - ETA: 0s - loss: 2.4833 - accuracy: 0.1763
86/98 [=========================>....] - ETA: 0s - loss: 2.4808 - accuracy: 0.1767
88/98 [=========================>....] - ETA: 0s - loss: 2.4787 - accuracy: 0.1773
90/98 [==========================>...] - ETA: 0s - loss: 2.4761 - accuracy: 0.1777
92/98 [===========================>..] - ETA: 0s - loss: 2.4736 - accuracy: 0.1785
94/98 [===========================>..] - ETA: 0s - loss: 2.4724 - accuracy: 0.1786
96/98 [============================>.] - ETA: 0s - loss: 2.4702 - accuracy: 0.1792
98/98 [==============================] - ETA: 0s - loss: 2.4706 - accuracy: 0.1791
98/98 [==============================] - 6s 56ms/step - loss: 2.4706 - accuracy: 0.1791 - val_loss: 2.2121 - val_accuracy: 0.2340
Epoch 3/73

 1/98 [..............................] - ETA: 6s - loss: 2.2623 - accuracy: 0.2148
 3/98 [..............................] - ETA: 4s - loss: 2.3773 - accuracy: 0.2031
 5/98 [>.............................] - ETA: 4s - loss: 2.3710 - accuracy: 0.2020
 7/98 [=>............................] - ETA: 4s - loss: 2.3845 - accuracy: 0.2017
 9/98 [=>............................] - ETA: 4s - loss: 2.3921 - accuracy: 0.2012
11/98 [==>...........................] - ETA: 3s - loss: 2.3874 - accuracy: 0.2042
13/98 [==>...........................] - ETA: 3s - loss: 2.3816 - accuracy: 0.2042
15/98 [===>..........................] - ETA: 3s - loss: 2.3782 - accuracy: 0.2046
17/98 [====>.........................] - ETA: 3s - loss: 2.3799 - accuracy: 0.2044
19/98 [====>.........................] - ETA: 3s - loss: 2.3815 - accuracy: 0.2037
21/98 [=====>........................] - ETA: 3s - loss: 2.3774 - accuracy: 0.2045
23/98 [======>.......................] - ETA: 3s - loss: 2.3757 - accuracy: 0.2052
25/98 [======>.......................] - ETA: 3s - loss: 2.3756 - accuracy: 0.2034
27/98 [=======>......................] - ETA: 3s - loss: 2.3719 - accuracy: 0.2055
29/98 [=======>......................] - ETA: 3s - loss: 2.3680 - accuracy: 0.2062
31/98 [========>.....................] - ETA: 3s - loss: 2.3689 - accuracy: 0.2067
33/98 [=========>....................] - ETA: 2s - loss: 2.3683 - accuracy: 0.2065
35/98 [=========>....................] - ETA: 2s - loss: 2.3681 - accuracy: 0.2068
37/98 [==========>...................] - ETA: 2s - loss: 2.3694 - accuracy: 0.2061
39/98 [==========>...................] - ETA: 2s - loss: 2.3655 - accuracy: 0.2076
41/98 [===========>..................] - ETA: 2s - loss: 2.3641 - accuracy: 0.2071
43/98 [============>.................] - ETA: 2s - loss: 2.3644 - accuracy: 0.2071
45/98 [============>.................] - ETA: 2s - loss: 2.3630 - accuracy: 0.2064
47/98 [=============>................] - ETA: 2s - loss: 2.3602 - accuracy: 0.2062
49/98 [==============>...............] - ETA: 2s - loss: 2.3605 - accuracy: 0.2063
51/98 [==============>...............] - ETA: 2s - loss: 2.3603 - accuracy: 0.2058
53/98 [===============>..............] - ETA: 2s - loss: 2.3601 - accuracy: 0.2063
55/98 [===============>..............] - ETA: 1s - loss: 2.3585 - accuracy: 0.2071
57/98 [================>.............] - ETA: 1s - loss: 2.3570 - accuracy: 0.2068
59/98 [=================>............] - ETA: 1s - loss: 2.3572 - accuracy: 0.2069
61/98 [=================>............] - ETA: 1s - loss: 2.3554 - accuracy: 0.2074
63/98 [==================>...........] - ETA: 1s - loss: 2.3522 - accuracy: 0.2085
65/98 [==================>...........] - ETA: 1s - loss: 2.3514 - accuracy: 0.2090
67/98 [===================>..........] - ETA: 1s - loss: 2.3497 - accuracy: 0.2094
69/98 [====================>.........] - ETA: 1s - loss: 2.3460 - accuracy: 0.2098
71/98 [====================>.........] - ETA: 1s - loss: 2.3464 - accuracy: 0.2101
73/98 [=====================>........] - ETA: 1s - loss: 2.3438 - accuracy: 0.2105
75/98 [=====================>........] - ETA: 1s - loss: 2.3423 - accuracy: 0.2107
77/98 [======================>.......] - ETA: 0s - loss: 2.3405 - accuracy: 0.2109
79/98 [=======================>......] - ETA: 0s - loss: 2.3396 - accuracy: 0.2111
81/98 [=======================>......] - ETA: 0s - loss: 2.3375 - accuracy: 0.2113
83/98 [========================>.....] - ETA: 0s - loss: 2.3358 - accuracy: 0.2116
85/98 [=========================>....] - ETA: 0s - loss: 2.3333 - accuracy: 0.2123
87/98 [=========================>....] - ETA: 0s - loss: 2.3326 - accuracy: 0.2124
89/98 [==========================>...] - ETA: 0s - loss: 2.3318 - accuracy: 0.2126
91/98 [==========================>...] - ETA: 0s - loss: 2.3300 - accuracy: 0.2133
93/98 [===========================>..] - ETA: 0s - loss: 2.3290 - accuracy: 0.2136
95/98 [============================>.] - ETA: 0s - loss: 2.3270 - accuracy: 0.2143
97/98 [============================>.] - ETA: 0s - loss: 2.3261 - accuracy: 0.2147
98/98 [==============================] - 5s 56ms/step - loss: 2.3250 - accuracy: 0.2151 - val_loss: 2.1328 - val_accuracy: 0.2807
Epoch 4/73

 1/98 [..............................] - ETA: 6s - loss: 2.2083 - accuracy: 0.2383
 3/98 [..............................] - ETA: 4s - loss: 2.2634 - accuracy: 0.2220
 5/98 [>.............................] - ETA: 4s - loss: 2.2782 - accuracy: 0.2223
 7/98 [=>............................] - ETA: 4s - loss: 2.2604 - accuracy: 0.2218
 9/98 [=>............................] - ETA: 3s - loss: 2.2572 - accuracy: 0.2263
11/98 [==>...........................] - ETA: 3s - loss: 2.2595 - accuracy: 0.2280
13/98 [==>...........................] - ETA: 3s - loss: 2.2650 - accuracy: 0.2291
15/98 [===>..........................] - ETA: 3s - loss: 2.2601 - accuracy: 0.2285
17/98 [====>.........................] - ETA: 3s - loss: 2.2552 - accuracy: 0.2286
19/98 [====>.........................] - ETA: 3s - loss: 2.2520 - accuracy: 0.2303
21/98 [=====>........................] - ETA: 3s - loss: 2.2489 - accuracy: 0.2315
23/98 [======>.......................] - ETA: 3s - loss: 2.2433 - accuracy: 0.2322
25/98 [======>.......................] - ETA: 3s - loss: 2.2402 - accuracy: 0.2317
27/98 [=======>......................] - ETA: 3s - loss: 2.2415 - accuracy: 0.2318
28/98 [=======>......................] - ETA: 3s - loss: 2.2411 - accuracy: 0.2317
30/98 [========>.....................] - ETA: 3s - loss: 2.2412 - accuracy: 0.2331
32/98 [========>.....................] - ETA: 3s - loss: 2.2393 - accuracy: 0.2345
34/98 [=========>....................] - ETA: 2s - loss: 2.2372 - accuracy: 0.2352
36/98 [==========>...................] - ETA: 2s - loss: 2.2406 - accuracy: 0.2343
38/98 [==========>...................] - ETA: 2s - loss: 2.2375 - accuracy: 0.2348
39/98 [==========>...................] - ETA: 2s - loss: 2.2374 - accuracy: 0.2349
41/98 [===========>..................] - ETA: 2s - loss: 2.2337 - accuracy: 0.2366
43/98 [============>.................] - ETA: 2s - loss: 2.2339 - accuracy: 0.2371
45/98 [============>.................] - ETA: 2s - loss: 2.2323 - accuracy: 0.2378
47/98 [=============>................] - ETA: 2s - loss: 2.2313 - accuracy: 0.2382
49/98 [==============>...............] - ETA: 2s - loss: 2.2319 - accuracy: 0.2379
51/98 [==============>...............] - ETA: 2s - loss: 2.2302 - accuracy: 0.2384
53/98 [===============>..............] - ETA: 2s - loss: 2.2306 - accuracy: 0.2384
55/98 [===============>..............] - ETA: 1s - loss: 2.2307 - accuracy: 0.2389
57/98 [================>.............] - ETA: 1s - loss: 2.2292 - accuracy: 0.2393
59/98 [=================>............] - ETA: 1s - loss: 2.2295 - accuracy: 0.2389
61/98 [=================>............] - ETA: 1s - loss: 2.2289 - accuracy: 0.2389
63/98 [==================>...........] - ETA: 1s - loss: 2.2292 - accuracy: 0.2385
65/98 [==================>...........] - ETA: 1s - loss: 2.2286 - accuracy: 0.2383
67/98 [===================>..........] - ETA: 1s - loss: 2.2283 - accuracy: 0.2382
69/98 [====================>.........] - ETA: 1s - loss: 2.2274 - accuracy: 0.2386
71/98 [====================>.........] - ETA: 1s - loss: 2.2265 - accuracy: 0.2391
72/98 [=====================>........] - ETA: 1s - loss: 2.2250 - accuracy: 0.2397
74/98 [=====================>........] - ETA: 1s - loss: 2.2242 - accuracy: 0.2395
76/98 [======================>.......] - ETA: 1s - loss: 2.2227 - accuracy: 0.2393
78/98 [======================>.......] - ETA: 0s - loss: 2.2217 - accuracy: 0.2397
80/98 [=======================>......] - ETA: 0s - loss: 2.2207 - accuracy: 0.2404
82/98 [========================>.....] - ETA: 0s - loss: 2.2201 - accuracy: 0.2406
84/98 [========================>.....] - ETA: 0s - loss: 2.2188 - accuracy: 0.2412
86/98 [=========================>....] - ETA: 0s - loss: 2.2179 - accuracy: 0.2414
88/98 [=========================>....] - ETA: 0s - loss: 2.2168 - accuracy: 0.2418
90/98 [==========================>...] - ETA: 0s - loss: 2.2166 - accuracy: 0.2415
92/98 [===========================>..] - ETA: 0s - loss: 2.2168 - accuracy: 0.2418
94/98 [===========================>..] - ETA: 0s - loss: 2.2167 - accuracy: 0.2420
96/98 [============================>.] - ETA: 0s - loss: 2.2161 - accuracy: 0.2419
98/98 [==============================] - ETA: 0s - loss: 2.2153 - accuracy: 0.2418
98/98 [==============================] - 6s 56ms/step - loss: 2.2153 - accuracy: 0.2418 - val_loss: 2.0307 - val_accuracy: 0.3113
Epoch 5/73

 1/98 [..............................] - ETA: 6s - loss: 2.2555 - accuracy: 0.2090
 3/98 [..............................] - ETA: 4s - loss: 2.2422 - accuracy: 0.2337
 5/98 [>.............................] - ETA: 4s - loss: 2.2080 - accuracy: 0.2406
 7/98 [=>............................] - ETA: 4s - loss: 2.2037 - accuracy: 0.2455
 9/98 [=>............................] - ETA: 4s - loss: 2.1905 - accuracy: 0.2541
11/98 [==>...........................] - ETA: 3s - loss: 2.1904 - accuracy: 0.2502
13/98 [==>...........................] - ETA: 3s - loss: 2.1953 - accuracy: 0.2491
15/98 [===>..........................] - ETA: 3s - loss: 2.1872 - accuracy: 0.2500
17/98 [====>.........................] - ETA: 3s - loss: 2.1833 - accuracy: 0.2486
19/98 [====>.........................] - ETA: 3s - loss: 2.1780 - accuracy: 0.2503
21/98 [=====>........................] - ETA: 3s - loss: 2.1718 - accuracy: 0.2517
23/98 [======>.......................] - ETA: 3s - loss: 2.1710 - accuracy: 0.2527
25/98 [======>.......................] - ETA: 3s - loss: 2.1661 - accuracy: 0.2537
27/98 [=======>......................] - ETA: 3s - loss: 2.1625 - accuracy: 0.2544
29/98 [=======>......................] - ETA: 3s - loss: 2.1595 - accuracy: 0.2546
31/98 [========>.....................] - ETA: 3s - loss: 2.1574 - accuracy: 0.2555
33/98 [=========>....................] - ETA: 2s - loss: 2.1491 - accuracy: 0.2581
35/98 [=========>....................] - ETA: 2s - loss: 2.1495 - accuracy: 0.2576
37/98 [==========>...................] - ETA: 2s - loss: 2.1486 - accuracy: 0.2580
39/98 [==========>...................] - ETA: 2s - loss: 2.1479 - accuracy: 0.2587
41/98 [===========>..................] - ETA: 2s - loss: 2.1495 - accuracy: 0.2585
43/98 [============>.................] - ETA: 2s - loss: 2.1479 - accuracy: 0.2588
45/98 [============>.................] - ETA: 2s - loss: 2.1468 - accuracy: 0.2586
47/98 [=============>................] - ETA: 2s - loss: 2.1463 - accuracy: 0.2589
49/98 [==============>...............] - ETA: 2s - loss: 2.1468 - accuracy: 0.2597
51/98 [==============>...............] - ETA: 2s - loss: 2.1480 - accuracy: 0.2602
53/98 [===============>..............] - ETA: 2s - loss: 2.1468 - accuracy: 0.2609
55/98 [===============>..............] - ETA: 1s - loss: 2.1467 - accuracy: 0.2614
57/98 [================>.............] - ETA: 1s - loss: 2.1450 - accuracy: 0.2617
59/98 [=================>............] - ETA: 1s - loss: 2.1422 - accuracy: 0.2624
61/98 [=================>............] - ETA: 1s - loss: 2.1424 - accuracy: 0.2623
63/98 [==================>...........] - ETA: 1s - loss: 2.1416 - accuracy: 0.2626
65/98 [==================>...........] - ETA: 1s - loss: 2.1408 - accuracy: 0.2620
67/98 [===================>..........] - ETA: 1s - loss: 2.1411 - accuracy: 0.2619
69/98 [====================>.........] - ETA: 1s - loss: 2.1392 - accuracy: 0.2624
71/98 [====================>.........] - ETA: 1s - loss: 2.1387 - accuracy: 0.2630
73/98 [=====================>........] - ETA: 1s - loss: 2.1377 - accuracy: 0.2633
75/98 [=====================>........] - ETA: 1s - loss: 2.1364 - accuracy: 0.2636
77/98 [======================>.......] - ETA: 0s - loss: 2.1360 - accuracy: 0.2638
79/98 [=======================>......] - ETA: 0s - loss: 2.1362 - accuracy: 0.2632
81/98 [=======================>......] - ETA: 0s - loss: 2.1364 - accuracy: 0.2629
83/98 [========================>.....] - ETA: 0s - loss: 2.1349 - accuracy: 0.2634
85/98 [=========================>....] - ETA: 0s - loss: 2.1333 - accuracy: 0.2644
87/98 [=========================>....] - ETA: 0s - loss: 2.1329 - accuracy: 0.2647
88/98 [=========================>....] - ETA: 0s - loss: 2.1320 - accuracy: 0.2649
90/98 [==========================>...] - ETA: 0s - loss: 2.1317 - accuracy: 0.2649
92/98 [===========================>..] - ETA: 0s - loss: 2.1305 - accuracy: 0.2653
94/98 [===========================>..] - ETA: 0s - loss: 2.1299 - accuracy: 0.2657
96/98 [============================>.] - ETA: 0s - loss: 2.1303 - accuracy: 0.2659
98/98 [==============================] - ETA: 0s - loss: 2.1288 - accuracy: 0.2659
98/98 [==============================] - 5s 54ms/step - loss: 2.1288 - accuracy: 0.2659 - val_loss: 1.9248 - val_accuracy: 0.3356
Epoch 6/73

 1/98 [..............................] - ETA: 4s - loss: 2.0578 - accuracy: 0.2676
 3/98 [..............................] - ETA: 4s - loss: 2.0811 - accuracy: 0.2799
 5/98 [>.............................] - ETA: 3s - loss: 2.0802 - accuracy: 0.2805
 7/98 [=>............................] - ETA: 4s - loss: 2.0840 - accuracy: 0.2746
 9/98 [=>............................] - ETA: 3s - loss: 2.0741 - accuracy: 0.2756
11/98 [==>...........................] - ETA: 3s - loss: 2.0699 - accuracy: 0.2768
13/98 [==>...........................] - ETA: 3s - loss: 2.0794 - accuracy: 0.2719
15/98 [===>..........................] - ETA: 3s - loss: 2.0778 - accuracy: 0.2725
16/98 [===>..........................] - ETA: 3s - loss: 2.0775 - accuracy: 0.2737
18/98 [====>.........................] - ETA: 3s - loss: 2.0757 - accuracy: 0.2756
20/98 [=====>........................] - ETA: 3s - loss: 2.0781 - accuracy: 0.2759
22/98 [=====>........................] - ETA: 3s - loss: 2.0781 - accuracy: 0.2765
24/98 [======>.......................] - ETA: 3s - loss: 2.0784 - accuracy: 0.2769
26/98 [======>.......................] - ETA: 3s - loss: 2.0907 - accuracy: 0.2748
28/98 [=======>......................] - ETA: 3s - loss: 2.0853 - accuracy: 0.2771
30/98 [========>.....................] - ETA: 3s - loss: 2.0824 - accuracy: 0.2777
32/98 [========>.....................] - ETA: 2s - loss: 2.0827 - accuracy: 0.2773
34/98 [=========>....................] - ETA: 2s - loss: 2.0811 - accuracy: 0.2774
36/98 [==========>...................] - ETA: 2s - loss: 2.0791 - accuracy: 0.2779
38/98 [==========>...................] - ETA: 2s - loss: 2.0763 - accuracy: 0.2790
40/98 [===========>..................] - ETA: 2s - loss: 2.0768 - accuracy: 0.2783
42/98 [===========>..................] - ETA: 2s - loss: 2.0767 - accuracy: 0.2782
44/98 [============>.................] - ETA: 2s - loss: 2.0767 - accuracy: 0.2785
46/98 [=============>................] - ETA: 2s - loss: 2.0755 - accuracy: 0.2795
48/98 [=============>................] - ETA: 2s - loss: 2.0746 - accuracy: 0.2802
50/98 [==============>...............] - ETA: 2s - loss: 2.0744 - accuracy: 0.2805
52/98 [==============>...............] - ETA: 2s - loss: 2.0738 - accuracy: 0.2806
53/98 [===============>..............] - ETA: 2s - loss: 2.0721 - accuracy: 0.2809
55/98 [===============>..............] - ETA: 1s - loss: 2.0714 - accuracy: 0.2812
57/98 [================>.............] - ETA: 1s - loss: 2.0678 - accuracy: 0.2820
59/98 [=================>............] - ETA: 1s - loss: 2.0653 - accuracy: 0.2822
61/98 [=================>............] - ETA: 1s - loss: 2.0641 - accuracy: 0.2816
63/98 [==================>...........] - ETA: 1s - loss: 2.0610 - accuracy: 0.2829
65/98 [==================>...........] - ETA: 1s - loss: 2.0635 - accuracy: 0.2825
67/98 [===================>..........] - ETA: 1s - loss: 2.0625 - accuracy: 0.2832
69/98 [====================>.........] - ETA: 1s - loss: 2.0624 - accuracy: 0.2836
71/98 [====================>.........] - ETA: 1s - loss: 2.0607 - accuracy: 0.2844
73/98 [=====================>........] - ETA: 1s - loss: 2.0607 - accuracy: 0.2850
75/98 [=====================>........] - ETA: 1s - loss: 2.0613 - accuracy: 0.2850
77/98 [======================>.......] - ETA: 0s - loss: 2.0589 - accuracy: 0.2855
79/98 [=======================>......] - ETA: 0s - loss: 2.0588 - accuracy: 0.2856
81/98 [=======================>......] - ETA: 0s - loss: 2.0582 - accuracy: 0.2857
83/98 [========================>.....] - ETA: 0s - loss: 2.0574 - accuracy: 0.2864
85/98 [=========================>....] - ETA: 0s - loss: 2.0565 - accuracy: 0.2871
87/98 [=========================>....] - ETA: 0s - loss: 2.0545 - accuracy: 0.2877
89/98 [==========================>...] - ETA: 0s - loss: 2.0550 - accuracy: 0.2877
91/98 [==========================>...] - ETA: 0s - loss: 2.0537 - accuracy: 0.2879
93/98 [===========================>..] - ETA: 0s - loss: 2.0538 - accuracy: 0.2882
95/98 [============================>.] - ETA: 0s - loss: 2.0535 - accuracy: 0.2878
97/98 [============================>.] - ETA: 0s - loss: 2.0531 - accuracy: 0.2878
98/98 [==============================] - 5s 56ms/step - loss: 2.0528 - accuracy: 0.2878 - val_loss: 1.8322 - val_accuracy: 0.3606
Epoch 7/73

 1/98 [..............................] - ETA: 4s - loss: 1.9779 - accuracy: 0.3008
 3/98 [..............................] - ETA: 4s - loss: 2.0478 - accuracy: 0.2832
 5/98 [>.............................] - ETA: 4s - loss: 2.0249 - accuracy: 0.2922
 7/98 [=>............................] - ETA: 4s - loss: 2.0135 - accuracy: 0.3022
 9/98 [=>............................] - ETA: 4s - loss: 2.0081 - accuracy: 0.3001
11/98 [==>...........................] - ETA: 4s - loss: 2.0138 - accuracy: 0.2983
13/98 [==>...........................] - ETA: 3s - loss: 1.9999 - accuracy: 0.3008
15/98 [===>..........................] - ETA: 3s - loss: 2.0006 - accuracy: 0.3029
17/98 [====>.........................] - ETA: 3s - loss: 2.0051 - accuracy: 0.3003
19/98 [====>.........................] - ETA: 3s - loss: 2.0073 - accuracy: 0.3005
21/98 [=====>........................] - ETA: 3s - loss: 2.0147 - accuracy: 0.2985
23/98 [======>.......................] - ETA: 3s - loss: 2.0153 - accuracy: 0.2992
25/98 [======>.......................] - ETA: 3s - loss: 2.0141 - accuracy: 0.2988
27/98 [=======>......................] - ETA: 3s - loss: 2.0162 - accuracy: 0.2993
29/98 [=======>......................] - ETA: 3s - loss: 2.0182 - accuracy: 0.2985
30/98 [========>.....................] - ETA: 3s - loss: 2.0192 - accuracy: 0.2981
32/98 [========>.....................] - ETA: 3s - loss: 2.0233 - accuracy: 0.2960
34/98 [=========>....................] - ETA: 2s - loss: 2.0206 - accuracy: 0.2965
36/98 [==========>...................] - ETA: 2s - loss: 2.0181 - accuracy: 0.2974
38/98 [==========>...................] - ETA: 2s - loss: 2.0159 - accuracy: 0.2974
40/98 [===========>..................] - ETA: 2s - loss: 2.0140 - accuracy: 0.2977
42/98 [===========>..................] - ETA: 2s - loss: 2.0131 - accuracy: 0.2982
44/98 [============>.................] - ETA: 2s - loss: 2.0133 - accuracy: 0.2980
46/98 [=============>................] - ETA: 2s - loss: 2.0134 - accuracy: 0.2975
48/98 [=============>................] - ETA: 2s - loss: 2.0144 - accuracy: 0.2973
50/98 [==============>...............] - ETA: 2s - loss: 2.0140 - accuracy: 0.2977
52/98 [==============>...............] - ETA: 2s - loss: 2.0129 - accuracy: 0.2976
54/98 [===============>..............] - ETA: 2s - loss: 2.0101 - accuracy: 0.2985
56/98 [================>.............] - ETA: 1s - loss: 2.0087 - accuracy: 0.2991
58/98 [================>.............] - ETA: 1s - loss: 2.0082 - accuracy: 0.2984
60/98 [=================>............] - ETA: 1s - loss: 2.0088 - accuracy: 0.2973
62/98 [=================>............] - ETA: 1s - loss: 2.0114 - accuracy: 0.2965
64/98 [==================>...........] - ETA: 1s - loss: 2.0111 - accuracy: 0.2962
66/98 [===================>..........] - ETA: 1s - loss: 2.0099 - accuracy: 0.2968
68/98 [===================>..........] - ETA: 1s - loss: 2.0093 - accuracy: 0.2968
70/98 [====================>.........] - ETA: 1s - loss: 2.0078 - accuracy: 0.2974
72/98 [=====================>........] - ETA: 1s - loss: 2.0074 - accuracy: 0.2974
74/98 [=====================>........] - ETA: 1s - loss: 2.0072 - accuracy: 0.2976
76/98 [======================>.......] - ETA: 1s - loss: 2.0069 - accuracy: 0.2974
78/98 [======================>.......] - ETA: 0s - loss: 2.0052 - accuracy: 0.2976
80/98 [=======================>......] - ETA: 0s - loss: 2.0045 - accuracy: 0.2975
82/98 [========================>.....] - ETA: 0s - loss: 2.0048 - accuracy: 0.2978
84/98 [========================>.....] - ETA: 0s - loss: 2.0024 - accuracy: 0.2979
86/98 [=========================>....] - ETA: 0s - loss: 2.0021 - accuracy: 0.2982
88/98 [=========================>....] - ETA: 0s - loss: 2.0021 - accuracy: 0.2982
90/98 [==========================>...] - ETA: 0s - loss: 2.0029 - accuracy: 0.2983
92/98 [===========================>..] - ETA: 0s - loss: 2.0035 - accuracy: 0.2981
94/98 [===========================>..] - ETA: 0s - loss: 2.0030 - accuracy: 0.2985
96/98 [============================>.] - ETA: 0s - loss: 2.0022 - accuracy: 0.2992
98/98 [==============================] - ETA: 0s - loss: 2.0014 - accuracy: 0.2996
98/98 [==============================] - 5s 56ms/step - loss: 2.0014 - accuracy: 0.2996 - val_loss: 1.7659 - val_accuracy: 0.3840
Epoch 8/73

 1/98 [..............................] - ETA: 5s - loss: 1.8610 - accuracy: 0.3516
 3/98 [..............................] - ETA: 4s - loss: 1.9581 - accuracy: 0.3158
 5/98 [>.............................] - ETA: 4s - loss: 1.9423 - accuracy: 0.3164
 7/98 [=>............................] - ETA: 4s - loss: 1.9577 - accuracy: 0.3170
 9/98 [=>............................] - ETA: 4s - loss: 1.9653 - accuracy: 0.3158
11/98 [==>...........................] - ETA: 4s - loss: 1.9718 - accuracy: 0.3157
13/98 [==>...........................] - ETA: 3s - loss: 1.9712 - accuracy: 0.3140
15/98 [===>..........................] - ETA: 3s - loss: 1.9682 - accuracy: 0.3147
17/98 [====>.........................] - ETA: 3s - loss: 1.9682 - accuracy: 0.3132
19/98 [====>.........................] - ETA: 3s - loss: 1.9675 - accuracy: 0.3120
21/98 [=====>........................] - ETA: 3s - loss: 1.9569 - accuracy: 0.3154
23/98 [======>.......................] - ETA: 3s - loss: 1.9563 - accuracy: 0.3155
25/98 [======>.......................] - ETA: 3s - loss: 1.9607 - accuracy: 0.3137
27/98 [=======>......................] - ETA: 3s - loss: 1.9596 - accuracy: 0.3147
29/98 [=======>......................] - ETA: 3s - loss: 1.9609 - accuracy: 0.3155
31/98 [========>.....................] - ETA: 3s - loss: 1.9650 - accuracy: 0.3142
33/98 [=========>....................] - ETA: 3s - loss: 1.9619 - accuracy: 0.3156
35/98 [=========>....................] - ETA: 2s - loss: 1.9601 - accuracy: 0.3163
37/98 [==========>...................] - ETA: 2s - loss: 1.9603 - accuracy: 0.3162
39/98 [==========>...................] - ETA: 2s - loss: 1.9584 - accuracy: 0.3168
41/98 [===========>..................] - ETA: 2s - loss: 1.9578 - accuracy: 0.3166
43/98 [============>.................] - ETA: 2s - loss: 1.9564 - accuracy: 0.3169
45/98 [============>.................] - ETA: 2s - loss: 1.9581 - accuracy: 0.3167
47/98 [=============>................] - ETA: 2s - loss: 1.9594 - accuracy: 0.3161
49/98 [==============>...............] - ETA: 2s - loss: 1.9573 - accuracy: 0.3169
51/98 [==============>...............] - ETA: 2s - loss: 1.9550 - accuracy: 0.3174
53/98 [===============>..............] - ETA: 2s - loss: 1.9547 - accuracy: 0.3171
55/98 [===============>..............] - ETA: 1s - loss: 1.9550 - accuracy: 0.3177
57/98 [================>.............] - ETA: 1s - loss: 1.9546 - accuracy: 0.3177
58/98 [================>.............] - ETA: 1s - loss: 1.9543 - accuracy: 0.3177
60/98 [=================>............] - ETA: 1s - loss: 1.9558 - accuracy: 0.3162
62/98 [=================>............] - ETA: 1s - loss: 1.9555 - accuracy: 0.3158
64/98 [==================>...........] - ETA: 1s - loss: 1.9565 - accuracy: 0.3153
66/98 [===================>..........] - ETA: 1s - loss: 1.9561 - accuracy: 0.3154
68/98 [===================>..........] - ETA: 1s - loss: 1.9572 - accuracy: 0.3152
70/98 [====================>.........] - ETA: 1s - loss: 1.9566 - accuracy: 0.3154
72/98 [=====================>........] - ETA: 1s - loss: 1.9556 - accuracy: 0.3157
74/98 [=====================>........] - ETA: 1s - loss: 1.9545 - accuracy: 0.3158
76/98 [======================>.......] - ETA: 1s - loss: 1.9535 - accuracy: 0.3164
78/98 [======================>.......] - ETA: 0s - loss: 1.9528 - accuracy: 0.3168
80/98 [=======================>......] - ETA: 0s - loss: 1.9519 - accuracy: 0.3169
82/98 [========================>.....] - ETA: 0s - loss: 1.9504 - accuracy: 0.3175
84/98 [========================>.....] - ETA: 0s - loss: 1.9480 - accuracy: 0.3185
86/98 [=========================>....] - ETA: 0s - loss: 1.9480 - accuracy: 0.3181
88/98 [=========================>....] - ETA: 0s - loss: 1.9469 - accuracy: 0.3185
90/98 [==========================>...] - ETA: 0s - loss: 1.9451 - accuracy: 0.3195
92/98 [===========================>..] - ETA: 0s - loss: 1.9443 - accuracy: 0.3199
94/98 [===========================>..] - ETA: 0s - loss: 1.9447 - accuracy: 0.3201
96/98 [============================>.] - ETA: 0s - loss: 1.9446 - accuracy: 0.3200
98/98 [==============================] - ETA: 0s - loss: 1.9442 - accuracy: 0.3198
98/98 [==============================] - 6s 56ms/step - loss: 1.9442 - accuracy: 0.3198 - val_loss: 1.7174 - val_accuracy: 0.3977
Epoch 9/73

 1/98 [..............................] - ETA: 6s - loss: 1.9313 - accuracy: 0.3438
 2/98 [..............................] - ETA: 4s - loss: 1.8946 - accuracy: 0.3584
 4/98 [>.............................] - ETA: 4s - loss: 1.8864 - accuracy: 0.3501
 6/98 [>.............................] - ETA: 4s - loss: 1.8836 - accuracy: 0.3451
 8/98 [=>............................] - ETA: 4s - loss: 1.8935 - accuracy: 0.3381
10/98 [==>...........................] - ETA: 3s - loss: 1.8927 - accuracy: 0.3352
12/98 [==>...........................] - ETA: 3s - loss: 1.8926 - accuracy: 0.3350
14/98 [===>..........................] - ETA: 3s - loss: 1.8929 - accuracy: 0.3351
16/98 [===>..........................] - ETA: 3s - loss: 1.9005 - accuracy: 0.3328
18/98 [====>.........................] - ETA: 3s - loss: 1.9099 - accuracy: 0.3324
20/98 [=====>........................] - ETA: 3s - loss: 1.9100 - accuracy: 0.3322
22/98 [=====>........................] - ETA: 3s - loss: 1.9077 - accuracy: 0.3324
24/98 [======>.......................] - ETA: 3s - loss: 1.9077 - accuracy: 0.3318
25/98 [======>.......................] - ETA: 3s - loss: 1.9042 - accuracy: 0.3329
27/98 [=======>......................] - ETA: 3s - loss: 1.8996 - accuracy: 0.3346
29/98 [=======>......................] - ETA: 3s - loss: 1.8976 - accuracy: 0.3354
31/98 [========>.....................] - ETA: 3s - loss: 1.8948 - accuracy: 0.3346
33/98 [=========>....................] - ETA: 2s - loss: 1.8986 - accuracy: 0.3338
35/98 [=========>....................] - ETA: 2s - loss: 1.8968 - accuracy: 0.3343
37/98 [==========>...................] - ETA: 2s - loss: 1.8945 - accuracy: 0.3352
39/98 [==========>...................] - ETA: 2s - loss: 1.8954 - accuracy: 0.3359
41/98 [===========>..................] - ETA: 2s - loss: 1.8979 - accuracy: 0.3355
43/98 [============>.................] - ETA: 2s - loss: 1.8990 - accuracy: 0.3360
45/98 [============>.................] - ETA: 2s - loss: 1.8975 - accuracy: 0.3359
47/98 [=============>................] - ETA: 2s - loss: 1.8958 - accuracy: 0.3357
49/98 [==============>...............] - ETA: 2s - loss: 1.8978 - accuracy: 0.3350
51/98 [==============>...............] - ETA: 2s - loss: 1.8965 - accuracy: 0.3357
53/98 [===============>..............] - ETA: 2s - loss: 1.8959 - accuracy: 0.3358
55/98 [===============>..............] - ETA: 1s - loss: 1.8960 - accuracy: 0.3360
57/98 [================>.............] - ETA: 1s - loss: 1.8980 - accuracy: 0.3359
59/98 [=================>............] - ETA: 1s - loss: 1.8976 - accuracy: 0.3359
61/98 [=================>............] - ETA: 1s - loss: 1.8972 - accuracy: 0.3359
63/98 [==================>...........] - ETA: 1s - loss: 1.8959 - accuracy: 0.3366
65/98 [==================>...........] - ETA: 1s - loss: 1.8954 - accuracy: 0.3370
