2024-07-26 09:54:32.812286: I tensorflow/core/platform/cpu_feature_guard.cc:193] This TensorFlow binary is optimized with oneAPI Deep Neural Network Library (oneDNN) to use the following CPU instructions in performance-critical operations:  AVX AVX2
To enable them in other operations, rebuild TensorFlow with the appropriate compiler flags.
2024-07-26 09:54:33.270274: I tensorflow/core/common_runtime/gpu/gpu_device.cc:1616] Created device /job:localhost/replica:0/task:0/device:GPU:0 with 6656 MB memory:  -> device: 0, name: NVIDIA GeForce RTX 4060 Ti, pci bus id: 0000:01:00.0, compute capability: 8.9
1 Physical GPUs, 1 Logical GPUs
Model: "sequential"
_________________________________________________________________
 Layer (type)                Output Shape              Param #   
=================================================================
 conv2d (Conv2D)             (None, 32, 32, 32)        896       
                                                                 
 max_pooling2d (MaxPooling2D  (None, 16, 16, 32)       0         
 )                                                               
                                                                 
 dropout (Dropout)           (None, 16, 16, 32)        0         
                                                                 
 flatten (Flatten)           (None, 8192)              0         
                                                                 
 dense (Dense)               (None, 10)                81930     
                                                                 
=================================================================
Total params: 82,826
Trainable params: 82,826
Non-trainable params: 0
_________________________________________________________________
Taxa de aprendizado:  0.001 Num de épocas:  234 Tamanho do lote:  512 Dropout:  0.08
Epoch 1/234
2024-07-26 09:54:34.383073: I tensorflow/stream_executor/cuda/cuda_dnn.cc:384] Loaded cuDNN version 8100
2024-07-26 09:54:35.295306: W tensorflow/stream_executor/gpu/redzone_allocator.cc:314] INTERNAL: ptxas exited with non-zero error code -1, output: 
Relying on driver to perform ptx compilation. 
Modify $PATH to customize ptxas location.
This message will be only logged once.
2024-07-26 09:54:35.975134: I tensorflow/stream_executor/cuda/cuda_blas.cc:1614] TensorFloat-32 will be used for the matrix multiplication. This will only be logged once.

 1/98 [..............................] - ETA: 4:19 - loss: 2.4089 - accuracy: 0.1074
 7/98 [=>............................] - ETA: 0s - loss: 2.3829 - accuracy: 0.1130  
14/98 [===>..........................] - ETA: 0s - loss: 2.3028 - accuracy: 0.1641
20/98 [=====>........................] - ETA: 0s - loss: 2.2475 - accuracy: 0.1831
26/98 [======>.......................] - ETA: 0s - loss: 2.1960 - accuracy: 0.2064
31/98 [========>.....................] - ETA: 0s - loss: 2.1594 - accuracy: 0.2237
36/98 [==========>...................] - ETA: 0s - loss: 2.1304 - accuracy: 0.2364
41/98 [===========>..................] - ETA: 0s - loss: 2.1008 - accuracy: 0.2473
47/98 [=============>................] - ETA: 0s - loss: 2.0705 - accuracy: 0.2593
53/98 [===============>..............] - ETA: 0s - loss: 2.0411 - accuracy: 0.2728
59/98 [=================>............] - ETA: 0s - loss: 2.0150 - accuracy: 0.2843
66/98 [===================>..........] - ETA: 0s - loss: 1.9898 - accuracy: 0.2944
72/98 [=====================>........] - ETA: 0s - loss: 1.9698 - accuracy: 0.3030
77/98 [======================>.......] - ETA: 0s - loss: 1.9556 - accuracy: 0.3092
82/98 [========================>.....] - ETA: 0s - loss: 1.9409 - accuracy: 0.3156
89/98 [==========================>...] - ETA: 0s - loss: 1.9226 - accuracy: 0.3232
95/98 [============================>.] - ETA: 0s - loss: 1.9063 - accuracy: 0.3301
98/98 [==============================] - 4s 19ms/step - loss: 1.8984 - accuracy: 0.3334 - val_loss: 1.6488 - val_accuracy: 0.4354
Epoch 2/234

 1/98 [..............................] - ETA: 3s - loss: 1.7178 - accuracy: 0.4160
 6/98 [>.............................] - ETA: 1s - loss: 1.6609 - accuracy: 0.4362
11/98 [==>...........................] - ETA: 1s - loss: 1.6545 - accuracy: 0.4347
16/98 [===>..........................] - ETA: 1s - loss: 1.6411 - accuracy: 0.4414
20/98 [=====>........................] - ETA: 1s - loss: 1.6316 - accuracy: 0.4441
24/98 [======>.......................] - ETA: 1s - loss: 1.6254 - accuracy: 0.4448
28/98 [=======>......................] - ETA: 0s - loss: 1.6253 - accuracy: 0.4448
32/98 [========>.....................] - ETA: 0s - loss: 1.6180 - accuracy: 0.4484
37/98 [==========>...................] - ETA: 0s - loss: 1.6137 - accuracy: 0.4500
42/98 [===========>..................] - ETA: 0s - loss: 1.6058 - accuracy: 0.4541
46/98 [=============>................] - ETA: 0s - loss: 1.6006 - accuracy: 0.4556
51/98 [==============>...............] - ETA: 0s - loss: 1.5952 - accuracy: 0.4567
55/98 [===============>..............] - ETA: 0s - loss: 1.5919 - accuracy: 0.4576
60/98 [=================>............] - ETA: 0s - loss: 1.5867 - accuracy: 0.4587
63/98 [==================>...........] - ETA: 0s - loss: 1.5845 - accuracy: 0.4597
67/98 [===================>..........] - ETA: 0s - loss: 1.5794 - accuracy: 0.4605
71/98 [====================>.........] - ETA: 0s - loss: 1.5775 - accuracy: 0.4607
74/98 [=====================>........] - ETA: 0s - loss: 1.5755 - accuracy: 0.4604
78/98 [======================>.......] - ETA: 0s - loss: 1.5717 - accuracy: 0.4612
83/98 [========================>.....] - ETA: 0s - loss: 1.5669 - accuracy: 0.4626
87/98 [=========================>....] - ETA: 0s - loss: 1.5646 - accuracy: 0.4634
90/98 [==========================>...] - ETA: 0s - loss: 1.5617 - accuracy: 0.4642
94/98 [===========================>..] - ETA: 0s - loss: 1.5568 - accuracy: 0.4658
98/98 [==============================] - 2s 21ms/step - loss: 1.5529 - accuracy: 0.4669 - val_loss: 1.4640 - val_accuracy: 0.4942
Epoch 3/234

 1/98 [..............................] - ETA: 2s - loss: 1.4679 - accuracy: 0.4902
 7/98 [=>............................] - ETA: 0s - loss: 1.4510 - accuracy: 0.5081
12/98 [==>...........................] - ETA: 0s - loss: 1.4538 - accuracy: 0.5067
18/98 [====>.........................] - ETA: 0s - loss: 1.4449 - accuracy: 0.5061
24/98 [======>.......................] - ETA: 0s - loss: 1.4372 - accuracy: 0.5090
29/98 [=======>......................] - ETA: 0s - loss: 1.4321 - accuracy: 0.5107
35/98 [=========>....................] - ETA: 0s - loss: 1.4310 - accuracy: 0.5082
40/98 [===========>..................] - ETA: 0s - loss: 1.4283 - accuracy: 0.5099
45/98 [============>.................] - ETA: 0s - loss: 1.4298 - accuracy: 0.5073
50/98 [==============>...............] - ETA: 0s - loss: 1.4247 - accuracy: 0.5099
56/98 [================>.............] - ETA: 0s - loss: 1.4220 - accuracy: 0.5117
61/98 [=================>............] - ETA: 0s - loss: 1.4213 - accuracy: 0.5116
67/98 [===================>..........] - ETA: 0s - loss: 1.4211 - accuracy: 0.5117
73/98 [=====================>........] - ETA: 0s - loss: 1.4181 - accuracy: 0.5116
78/98 [======================>.......] - ETA: 0s - loss: 1.4141 - accuracy: 0.5138
83/98 [========================>.....] - ETA: 0s - loss: 1.4133 - accuracy: 0.5137
89/98 [==========================>...] - ETA: 0s - loss: 1.4117 - accuracy: 0.5140
95/98 [============================>.] - ETA: 0s - loss: 1.4086 - accuracy: 0.5150
98/98 [==============================] - 2s 16ms/step - loss: 1.4062 - accuracy: 0.5158 - val_loss: 1.3771 - val_accuracy: 0.5228
Epoch 4/234

 1/98 [..............................] - ETA: 1s - loss: 1.3296 - accuracy: 0.5430
 6/98 [>.............................] - ETA: 1s - loss: 1.3418 - accuracy: 0.5400
13/98 [==>...........................] - ETA: 0s - loss: 1.3410 - accuracy: 0.5388
19/98 [====>.........................] - ETA: 0s - loss: 1.3345 - accuracy: 0.5421
24/98 [======>.......................] - ETA: 0s - loss: 1.3341 - accuracy: 0.5435
29/98 [=======>......................] - ETA: 0s - loss: 1.3338 - accuracy: 0.5425
35/98 [=========>....................] - ETA: 0s - loss: 1.3297 - accuracy: 0.5440
42/98 [===========>..................] - ETA: 0s - loss: 1.3258 - accuracy: 0.5436
48/98 [=============>................] - ETA: 0s - loss: 1.3220 - accuracy: 0.5453
54/98 [===============>..............] - ETA: 0s - loss: 1.3223 - accuracy: 0.5458
60/98 [=================>............] - ETA: 0s - loss: 1.3200 - accuracy: 0.5468
66/98 [===================>..........] - ETA: 0s - loss: 1.3191 - accuracy: 0.5466
73/98 [=====================>........] - ETA: 0s - loss: 1.3163 - accuracy: 0.5474
79/98 [=======================>......] - ETA: 0s - loss: 1.3158 - accuracy: 0.5469
86/98 [=========================>....] - ETA: 0s - loss: 1.3154 - accuracy: 0.5469
92/98 [===========================>..] - ETA: 0s - loss: 1.3142 - accuracy: 0.5475
97/98 [============================>.] - ETA: 0s - loss: 1.3122 - accuracy: 0.5483
98/98 [==============================] - 2s 16ms/step - loss: 1.3128 - accuracy: 0.5479 - val_loss: 1.3057 - val_accuracy: 0.5453
Epoch 5/234

 1/98 [..............................] - ETA: 3s - loss: 1.3091 - accuracy: 0.5312
 6/98 [>.............................] - ETA: 0s - loss: 1.2737 - accuracy: 0.5501
11/98 [==>...........................] - ETA: 0s - loss: 1.2648 - accuracy: 0.5542
17/98 [====>.........................] - ETA: 0s - loss: 1.2666 - accuracy: 0.5587
22/98 [=====>........................] - ETA: 0s - loss: 1.2640 - accuracy: 0.5638
28/98 [=======>......................] - ETA: 0s - loss: 1.2679 - accuracy: 0.5618
34/98 [=========>....................] - ETA: 0s - loss: 1.2688 - accuracy: 0.5622
39/98 [==========>...................] - ETA: 0s - loss: 1.2646 - accuracy: 0.5637
44/98 [============>.................] - ETA: 0s - loss: 1.2667 - accuracy: 0.5635
50/98 [==============>...............] - ETA: 0s - loss: 1.2662 - accuracy: 0.5628
56/98 [================>.............] - ETA: 0s - loss: 1.2645 - accuracy: 0.5637
62/98 [=================>............] - ETA: 0s - loss: 1.2628 - accuracy: 0.5647
69/98 [====================>.........] - ETA: 0s - loss: 1.2644 - accuracy: 0.5651
75/98 [=====================>........] - ETA: 0s - loss: 1.2637 - accuracy: 0.5657
81/98 [=======================>......] - ETA: 0s - loss: 1.2634 - accuracy: 0.5658
87/98 [=========================>....] - ETA: 0s - loss: 1.2608 - accuracy: 0.5668
93/98 [===========================>..] - ETA: 0s - loss: 1.2578 - accuracy: 0.5682
98/98 [==============================] - ETA: 0s - loss: 1.2568 - accuracy: 0.5678
98/98 [==============================] - 2s 16ms/step - loss: 1.2568 - accuracy: 0.5678 - val_loss: 1.2489 - val_accuracy: 0.5668
Epoch 6/234

 1/98 [..............................] - ETA: 2s - loss: 1.1691 - accuracy: 0.6094
 5/98 [>.............................] - ETA: 1s - loss: 1.2065 - accuracy: 0.5902
10/98 [==>...........................] - ETA: 1s - loss: 1.2117 - accuracy: 0.5844
15/98 [===>..........................] - ETA: 1s - loss: 1.2136 - accuracy: 0.5820
21/98 [=====>........................] - ETA: 0s - loss: 1.2161 - accuracy: 0.5831
25/98 [======>.......................] - ETA: 0s - loss: 1.2130 - accuracy: 0.5833
31/98 [========>.....................] - ETA: 0s - loss: 1.2159 - accuracy: 0.5829
38/98 [==========>...................] - ETA: 0s - loss: 1.2145 - accuracy: 0.5839
43/98 [============>.................] - ETA: 0s - loss: 1.2147 - accuracy: 0.5842
49/98 [==============>...............] - ETA: 0s - loss: 1.2125 - accuracy: 0.5856
55/98 [===============>..............] - ETA: 0s - loss: 1.2122 - accuracy: 0.5846
62/98 [=================>............] - ETA: 0s - loss: 1.2108 - accuracy: 0.5845
68/98 [===================>..........] - ETA: 0s - loss: 1.2108 - accuracy: 0.5842
74/98 [=====================>........] - ETA: 0s - loss: 1.2140 - accuracy: 0.5831
80/98 [=======================>......] - ETA: 0s - loss: 1.2142 - accuracy: 0.5831
85/98 [=========================>....] - ETA: 0s - loss: 1.2143 - accuracy: 0.5828
90/98 [==========================>...] - ETA: 0s - loss: 1.2135 - accuracy: 0.5824
95/98 [============================>.] - ETA: 0s - loss: 1.2114 - accuracy: 0.5827
98/98 [==============================] - 2s 17ms/step - loss: 1.2118 - accuracy: 0.5828 - val_loss: 1.2450 - val_accuracy: 0.5601
Epoch 7/234

 1/98 [..............................] - ETA: 1s - loss: 1.1889 - accuracy: 0.5996
 7/98 [=>............................] - ETA: 0s - loss: 1.2164 - accuracy: 0.5664
14/98 [===>..........................] - ETA: 0s - loss: 1.1948 - accuracy: 0.5782
20/98 [=====>........................] - ETA: 0s - loss: 1.1872 - accuracy: 0.5858
25/98 [======>.......................] - ETA: 0s - loss: 1.1863 - accuracy: 0.5895
30/98 [========>.....................] - ETA: 0s - loss: 1.1841 - accuracy: 0.5915
35/98 [=========>....................] - ETA: 0s - loss: 1.1886 - accuracy: 0.5889
40/98 [===========>..................] - ETA: 0s - loss: 1.1803 - accuracy: 0.5918
46/98 [=============>................] - ETA: 0s - loss: 1.1803 - accuracy: 0.5924
50/98 [==============>...............] - ETA: 0s - loss: 1.1779 - accuracy: 0.5929
55/98 [===============>..............] - ETA: 0s - loss: 1.1768 - accuracy: 0.5928
61/98 [=================>............] - ETA: 0s - loss: 1.1767 - accuracy: 0.5932
67/98 [===================>..........] - ETA: 0s - loss: 1.1785 - accuracy: 0.5932
73/98 [=====================>........] - ETA: 0s - loss: 1.1779 - accuracy: 0.5933
80/98 [=======================>......] - ETA: 0s - loss: 1.1781 - accuracy: 0.5943
86/98 [=========================>....] - ETA: 0s - loss: 1.1793 - accuracy: 0.5941
92/98 [===========================>..] - ETA: 0s - loss: 1.1798 - accuracy: 0.5943
97/98 [============================>.] - ETA: 0s - loss: 1.1791 - accuracy: 0.5950
98/98 [==============================] - 2s 17ms/step - loss: 1.1788 - accuracy: 0.5950 - val_loss: 1.2123 - val_accuracy: 0.5713
Epoch 8/234

 1/98 [..............................] - ETA: 3s - loss: 1.1756 - accuracy: 0.6074
 6/98 [>.............................] - ETA: 1s - loss: 1.1475 - accuracy: 0.6071
12/98 [==>...........................] - ETA: 0s - loss: 1.1667 - accuracy: 0.6006
18/98 [====>.........................] - ETA: 0s - loss: 1.1717 - accuracy: 0.5977
25/98 [======>.......................] - ETA: 0s - loss: 1.1697 - accuracy: 0.5995
31/98 [========>.....................] - ETA: 0s - loss: 1.1653 - accuracy: 0.6011
37/98 [==========>...................] - ETA: 0s - loss: 1.1670 - accuracy: 0.6003
43/98 [============>.................] - ETA: 0s - loss: 1.1682 - accuracy: 0.6000
49/98 [==============>...............] - ETA: 0s - loss: 1.1641 - accuracy: 0.6009
55/98 [===============>..............] - ETA: 0s - loss: 1.1622 - accuracy: 0.6012
62/98 [=================>............] - ETA: 0s - loss: 1.1583 - accuracy: 0.6015
67/98 [===================>..........] - ETA: 0s - loss: 1.1590 - accuracy: 0.5999
72/98 [=====================>........] - ETA: 0s - loss: 1.1578 - accuracy: 0.6011
77/98 [======================>.......] - ETA: 0s - loss: 1.1569 - accuracy: 0.6021
82/98 [========================>.....] - ETA: 0s - loss: 1.1556 - accuracy: 0.6027
88/98 [=========================>....] - ETA: 0s - loss: 1.1556 - accuracy: 0.6031
94/98 [===========================>..] - ETA: 0s - loss: 1.1541 - accuracy: 0.6036
98/98 [==============================] - ETA: 0s - loss: 1.1529 - accuracy: 0.6041
98/98 [==============================] - 2s 16ms/step - loss: 1.1529 - accuracy: 0.6041 - val_loss: 1.1813 - val_accuracy: 0.5865
Epoch 9/234

 1/98 [..............................] - ETA: 2s - loss: 1.1473 - accuracy: 0.6172
 6/98 [>.............................] - ETA: 1s - loss: 1.0864 - accuracy: 0.6338
12/98 [==>...........................] - ETA: 0s - loss: 1.1066 - accuracy: 0.6243
16/98 [===>..........................] - ETA: 0s - loss: 1.1024 - accuracy: 0.6285
22/98 [=====>........................] - ETA: 0s - loss: 1.1186 - accuracy: 0.6206
28/98 [=======>......................] - ETA: 0s - loss: 1.1168 - accuracy: 0.6197
35/98 [=========>....................] - ETA: 0s - loss: 1.1180 - accuracy: 0.6166
39/98 [==========>...................] - ETA: 0s - loss: 1.1190 - accuracy: 0.6169
44/98 [============>.................] - ETA: 0s - loss: 1.1220 - accuracy: 0.6145
49/98 [==============>...............] - ETA: 0s - loss: 1.1269 - accuracy: 0.6120
54/98 [===============>..............] - ETA: 0s - loss: 1.1309 - accuracy: 0.6122
60/98 [=================>............] - ETA: 0s - loss: 1.1301 - accuracy: 0.6132
67/98 [===================>..........] - ETA: 0s - loss: 1.1339 - accuracy: 0.6122
72/98 [=====================>........] - ETA: 0s - loss: 1.1305 - accuracy: 0.6130
79/98 [=======================>......] - ETA: 0s - loss: 1.1297 - accuracy: 0.6128
85/98 [=========================>....] - ETA: 0s - loss: 1.1296 - accuracy: 0.6125
90/98 [==========================>...] - ETA: 0s - loss: 1.1312 - accuracy: 0.6122
96/98 [============================>.] - ETA: 0s - loss: 1.1333 - accuracy: 0.6116
98/98 [==============================] - 2s 16ms/step - loss: 1.1333 - accuracy: 0.6114 - val_loss: 1.1684 - val_accuracy: 0.5921
Epoch 10/234

 1/98 [..............................] - ETA: 1s - loss: 1.1025 - accuracy: 0.6172
 7/98 [=>............................] - ETA: 0s - loss: 1.0961 - accuracy: 0.6194
13/98 [==>...........................] - ETA: 0s - loss: 1.1157 - accuracy: 0.6147
20/98 [=====>........................] - ETA: 0s - loss: 1.1099 - accuracy: 0.6194
26/98 [======>.......................] - ETA: 0s - loss: 1.1158 - accuracy: 0.6170
31/98 [========>.....................] - ETA: 0s - loss: 1.1154 - accuracy: 0.6159
37/98 [==========>...................] - ETA: 0s - loss: 1.1121 - accuracy: 0.6175
43/98 [============>.................] - ETA: 0s - loss: 1.1101 - accuracy: 0.6190
50/98 [==============>...............] - ETA: 0s - loss: 1.1099 - accuracy: 0.6177
54/98 [===============>..............] - ETA: 0s - loss: 1.1068 - accuracy: 0.6188
60/98 [=================>............] - ETA: 0s - loss: 1.1065 - accuracy: 0.6185
65/98 [==================>...........] - ETA: 0s - loss: 1.1077 - accuracy: 0.6181
71/98 [====================>.........] - ETA: 0s - loss: 1.1064 - accuracy: 0.6188
77/98 [======================>.......] - ETA: 0s - loss: 1.1078 - accuracy: 0.6191
84/98 [========================>.....] - ETA: 0s - loss: 1.1057 - accuracy: 0.6197
90/98 [==========================>...] - ETA: 0s - loss: 1.1083 - accuracy: 0.6187
97/98 [============================>.] - ETA: 0s - loss: 1.1089 - accuracy: 0.6185
98/98 [==============================] - 1s 15ms/step - loss: 1.1093 - accuracy: 0.6184 - val_loss: 1.1717 - val_accuracy: 0.5902
Epoch 11/234

 1/98 [..............................] - ETA: 1s - loss: 1.0730 - accuracy: 0.6230
 6/98 [>.............................] - ETA: 1s - loss: 1.1085 - accuracy: 0.6094
12/98 [==>...........................] - ETA: 0s - loss: 1.0886 - accuracy: 0.6245
18/98 [====>.........................] - ETA: 0s - loss: 1.0856 - accuracy: 0.6311
25/98 [======>.......................] - ETA: 0s - loss: 1.0868 - accuracy: 0.6304
31/98 [========>.....................] - ETA: 0s - loss: 1.0895 - accuracy: 0.6276
37/98 [==========>...................] - ETA: 0s - loss: 1.0858 - accuracy: 0.6286
43/98 [============>.................] - ETA: 0s - loss: 1.0905 - accuracy: 0.6264
50/98 [==============>...............] - ETA: 0s - loss: 1.0962 - accuracy: 0.6240
55/98 [===============>..............] - ETA: 0s - loss: 1.0953 - accuracy: 0.6239
61/98 [=================>............] - ETA: 0s - loss: 1.0964 - accuracy: 0.6237
67/98 [===================>..........] - ETA: 0s - loss: 1.0938 - accuracy: 0.6244
74/98 [=====================>........] - ETA: 0s - loss: 1.0909 - accuracy: 0.6257
81/98 [=======================>......] - ETA: 0s - loss: 1.0912 - accuracy: 0.6245
87/98 [=========================>....] - ETA: 0s - loss: 1.0911 - accuracy: 0.6254
92/98 [===========================>..] - ETA: 0s - loss: 1.0903 - accuracy: 0.6258
98/98 [==============================] - ETA: 0s - loss: 1.0905 - accuracy: 0.6257
98/98 [==============================] - 2s 15ms/step - loss: 1.0905 - accuracy: 0.6257 - val_loss: 1.1596 - val_accuracy: 0.5922
Epoch 12/234

 1/98 [..............................] - ETA: 2s - loss: 1.1151 - accuracy: 0.5840
 8/98 [=>............................] - ETA: 0s - loss: 1.1121 - accuracy: 0.6145
14/98 [===>..........................] - ETA: 0s - loss: 1.1020 - accuracy: 0.6174
21/98 [=====>........................] - ETA: 0s - loss: 1.0803 - accuracy: 0.6259
27/98 [=======>......................] - ETA: 0s - loss: 1.0784 - accuracy: 0.6282
33/98 [=========>....................] - ETA: 0s - loss: 1.0757 - accuracy: 0.6302
39/98 [==========>...................] - ETA: 0s - loss: 1.0742 - accuracy: 0.6313
45/98 [============>.................] - ETA: 0s - loss: 1.0783 - accuracy: 0.6299
50/98 [==============>...............] - ETA: 0s - loss: 1.0790 - accuracy: 0.6298
55/98 [===============>..............] - ETA: 0s - loss: 1.0769 - accuracy: 0.6315
61/98 [=================>............] - ETA: 0s - loss: 1.0762 - accuracy: 0.6316
68/98 [===================>..........] - ETA: 0s - loss: 1.0769 - accuracy: 0.6322
74/98 [=====================>........] - ETA: 0s - loss: 1.0800 - accuracy: 0.6311
80/98 [=======================>......] - ETA: 0s - loss: 1.0788 - accuracy: 0.6317
86/98 [=========================>....] - ETA: 0s - loss: 1.0775 - accuracy: 0.6314
93/98 [===========================>..] - ETA: 0s - loss: 1.0748 - accuracy: 0.6325
98/98 [==============================] - 2s 16ms/step - loss: 1.0753 - accuracy: 0.6317 - val_loss: 1.1456 - val_accuracy: 0.6006
Epoch 13/234

 1/98 [..............................] - ETA: 3s - loss: 1.0730 - accuracy: 0.6191
 8/98 [=>............................] - ETA: 0s - loss: 1.0731 - accuracy: 0.6230
14/98 [===>..........................] - ETA: 0s - loss: 1.0613 - accuracy: 0.6295
20/98 [=====>........................] - ETA: 0s - loss: 1.0613 - accuracy: 0.6333
26/98 [======>.......................] - ETA: 0s - loss: 1.0665 - accuracy: 0.6339
32/98 [========>.....................] - ETA: 0s - loss: 1.0582 - accuracy: 0.6376
37/98 [==========>...................] - ETA: 0s - loss: 1.0594 - accuracy: 0.6366
43/98 [============>.................] - ETA: 0s - loss: 1.0689 - accuracy: 0.6324
49/98 [==============>...............] - ETA: 0s - loss: 1.0633 - accuracy: 0.6338
54/98 [===============>..............] - ETA: 0s - loss: 1.0631 - accuracy: 0.6337
60/98 [=================>............] - ETA: 0s - loss: 1.0631 - accuracy: 0.6343
66/98 [===================>..........] - ETA: 0s - loss: 1.0620 - accuracy: 0.6352
73/98 [=====================>........] - ETA: 0s - loss: 1.0588 - accuracy: 0.6369
79/98 [=======================>......] - ETA: 0s - loss: 1.0598 - accuracy: 0.6374
85/98 [=========================>....] - ETA: 0s - loss: 1.0612 - accuracy: 0.6376
91/98 [==========================>...] - ETA: 0s - loss: 1.0619 - accuracy: 0.6372
97/98 [============================>.] - ETA: 0s - loss: 1.0627 - accuracy: 0.6366
98/98 [==============================] - 2s 15ms/step - loss: 1.0619 - accuracy: 0.6368 - val_loss: 1.1378 - val_accuracy: 0.6072
Epoch 14/234

 1/98 [..............................] - ETA: 1s - loss: 1.0623 - accuracy: 0.6328
 6/98 [>.............................] - ETA: 1s - loss: 1.0609 - accuracy: 0.6354
13/98 [==>...........................] - ETA: 0s - loss: 1.0685 - accuracy: 0.6307
20/98 [=====>........................] - ETA: 0s - loss: 1.0575 - accuracy: 0.6337
26/98 [======>.......................] - ETA: 0s - loss: 1.0589 - accuracy: 0.6358
32/98 [========>.....................] - ETA: 0s - loss: 1.0582 - accuracy: 0.6371
38/98 [==========>...................] - ETA: 0s - loss: 1.0547 - accuracy: 0.6384
43/98 [============>.................] - ETA: 0s - loss: 1.0529 - accuracy: 0.6404
49/98 [==============>...............] - ETA: 0s - loss: 1.0550 - accuracy: 0.6395
56/98 [================>.............] - ETA: 0s - loss: 1.0512 - accuracy: 0.6409
62/98 [=================>............] - ETA: 0s - loss: 1.0505 - accuracy: 0.6421
68/98 [===================>..........] - ETA: 0s - loss: 1.0499 - accuracy: 0.6423
75/98 [=====================>........] - ETA: 0s - loss: 1.0494 - accuracy: 0.6419
81/98 [=======================>......] - ETA: 0s - loss: 1.0495 - accuracy: 0.6419
88/98 [=========================>....] - ETA: 0s - loss: 1.0466 - accuracy: 0.6428
94/98 [===========================>..] - ETA: 0s - loss: 1.0453 - accuracy: 0.6424
98/98 [==============================] - 1s 15ms/step - loss: 1.0444 - accuracy: 0.6430 - val_loss: 1.1186 - val_accuracy: 0.6106
Epoch 15/234

 1/98 [..............................] - ETA: 3s - loss: 1.0956 - accuracy: 0.6113
 7/98 [=>............................] - ETA: 0s - loss: 1.0462 - accuracy: 0.6362
13/98 [==>...........................] - ETA: 0s - loss: 1.0331 - accuracy: 0.6468
19/98 [====>.........................] - ETA: 0s - loss: 1.0315 - accuracy: 0.6443
25/98 [======>.......................] - ETA: 0s - loss: 1.0338 - accuracy: 0.6449
31/98 [========>.....................] - ETA: 0s - loss: 1.0267 - accuracy: 0.6483
37/98 [==========>...................] - ETA: 0s - loss: 1.0279 - accuracy: 0.6475
44/98 [============>.................] - ETA: 0s - loss: 1.0307 - accuracy: 0.6480
49/98 [==============>...............] - ETA: 0s - loss: 1.0324 - accuracy: 0.6466
55/98 [===============>..............] - ETA: 0s - loss: 1.0332 - accuracy: 0.6466
61/98 [=================>............] - ETA: 0s - loss: 1.0283 - accuracy: 0.6482
67/98 [===================>..........] - ETA: 0s - loss: 1.0267 - accuracy: 0.6488
73/98 [=====================>........] - ETA: 0s - loss: 1.0269 - accuracy: 0.6491
78/98 [======================>.......] - ETA: 0s - loss: 1.0266 - accuracy: 0.6494
83/98 [========================>.....] - ETA: 0s - loss: 1.0286 - accuracy: 0.6486
89/98 [==========================>...] - ETA: 0s - loss: 1.0282 - accuracy: 0.6486
95/98 [============================>.] - ETA: 0s - loss: 1.0275 - accuracy: 0.6494
98/98 [==============================] - 2s 16ms/step - loss: 1.0268 - accuracy: 0.6498 - val_loss: 1.1099 - val_accuracy: 0.6158
Epoch 16/234

 1/98 [..............................] - ETA: 2s - loss: 1.0016 - accuracy: 0.6465
 8/98 [=>............................] - ETA: 0s - loss: 1.0324 - accuracy: 0.6409
14/98 [===>..........................] - ETA: 0s - loss: 1.0178 - accuracy: 0.6489
20/98 [=====>........................] - ETA: 0s - loss: 1.0172 - accuracy: 0.6501
26/98 [======>.......................] - ETA: 0s - loss: 1.0233 - accuracy: 0.6466
32/98 [========>.....................] - ETA: 0s - loss: 1.0256 - accuracy: 0.6473
38/98 [==========>...................] - ETA: 0s - loss: 1.0261 - accuracy: 0.6467
44/98 [============>.................] - ETA: 0s - loss: 1.0213 - accuracy: 0.6487
50/98 [==============>...............] - ETA: 0s - loss: 1.0181 - accuracy: 0.6500
56/98 [================>.............] - ETA: 0s - loss: 1.0169 - accuracy: 0.6507
62/98 [=================>............] - ETA: 0s - loss: 1.0191 - accuracy: 0.6506
68/98 [===================>..........] - ETA: 0s - loss: 1.0204 - accuracy: 0.6507
73/98 [=====================>........] - ETA: 0s - loss: 1.0216 - accuracy: 0.6498
78/98 [======================>.......] - ETA: 0s - loss: 1.0224 - accuracy: 0.6495
85/98 [=========================>....] - ETA: 0s - loss: 1.0225 - accuracy: 0.6493
91/98 [==========================>...] - ETA: 0s - loss: 1.0219 - accuracy: 0.6499
97/98 [============================>.] - ETA: 0s - loss: 1.0210 - accuracy: 0.6500
98/98 [==============================] - 2s 15ms/step - loss: 1.0206 - accuracy: 0.6499 - val_loss: 1.0966 - val_accuracy: 0.6163
Epoch 17/234

 1/98 [..............................] - ETA: 2s - loss: 1.0989 - accuracy: 0.6328
 7/98 [=>............................] - ETA: 0s - loss: 0.9963 - accuracy: 0.6576
12/98 [==>...........................] - ETA: 0s - loss: 0.9913 - accuracy: 0.6621
19/98 [====>.........................] - ETA: 0s - loss: 0.9876 - accuracy: 0.6642
25/98 [======>.......................] - ETA: 0s - loss: 0.9933 - accuracy: 0.6633
31/98 [========>.....................] - ETA: 0s - loss: 0.9877 - accuracy: 0.6631
38/98 [==========>...................] - ETA: 0s - loss: 0.9878 - accuracy: 0.6623
44/98 [============>.................] - ETA: 0s - loss: 0.9902 - accuracy: 0.6610
50/98 [==============>...............] - ETA: 0s - loss: 0.9899 - accuracy: 0.6619
57/98 [================>.............] - ETA: 0s - loss: 0.9927 - accuracy: 0.6616
63/98 [==================>...........] - ETA: 0s - loss: 0.9963 - accuracy: 0.6599
69/98 [====================>.........] - ETA: 0s - loss: 0.9992 - accuracy: 0.6587
75/98 [=====================>........] - ETA: 0s - loss: 1.0026 - accuracy: 0.6572
82/98 [========================>.....] - ETA: 0s - loss: 1.0059 - accuracy: 0.6562
87/98 [=========================>....] - ETA: 0s - loss: 1.0045 - accuracy: 0.6566
93/98 [===========================>..] - ETA: 0s - loss: 1.0062 - accuracy: 0.6559
98/98 [==============================] - 2s 16ms/step - loss: 1.0056 - accuracy: 0.6561 - val_loss: 1.0835 - val_accuracy: 0.6247
Epoch 18/234

 1/98 [..............................] - ETA: 3s - loss: 1.0057 - accuracy: 0.6699
 7/98 [=>............................] - ETA: 0s - loss: 0.9768 - accuracy: 0.6593
14/98 [===>..........................] - ETA: 0s - loss: 0.9790 - accuracy: 0.6583
20/98 [=====>........................] - ETA: 0s - loss: 0.9829 - accuracy: 0.6591
24/98 [======>.......................] - ETA: 0s - loss: 0.9915 - accuracy: 0.6577
29/98 [=======>......................] - ETA: 0s - loss: 0.9894 - accuracy: 0.6597
35/98 [=========>....................] - ETA: 0s - loss: 0.9877 - accuracy: 0.6619
41/98 [===========>..................] - ETA: 0s - loss: 0.9832 - accuracy: 0.6635
47/98 [=============>................] - ETA: 0s - loss: 0.9842 - accuracy: 0.6636
54/98 [===============>..............] - ETA: 0s - loss: 0.9868 - accuracy: 0.6624
60/98 [=================>............] - ETA: 0s - loss: 0.9863 - accuracy: 0.6620
66/98 [===================>..........] - ETA: 0s - loss: 0.9892 - accuracy: 0.6618
73/98 [=====================>........] - ETA: 0s - loss: 0.9890 - accuracy: 0.6622
79/98 [=======================>......] - ETA: 0s - loss: 0.9875 - accuracy: 0.6618
86/98 [=========================>....] - ETA: 0s - loss: 0.9887 - accuracy: 0.6616
93/98 [===========================>..] - ETA: 0s - loss: 0.9906 - accuracy: 0.6613
98/98 [==============================] - 1s 15ms/step - loss: 0.9905 - accuracy: 0.6613 - val_loss: 1.0857 - val_accuracy: 0.6239
Epoch 19/234

 1/98 [..............................] - ETA: 2s - loss: 0.9288 - accuracy: 0.6895
 7/98 [=>............................] - ETA: 0s - loss: 0.9563 - accuracy: 0.6730
13/98 [==>...........................] - ETA: 0s - loss: 0.9606 - accuracy: 0.6680
19/98 [====>.........................] - ETA: 0s - loss: 0.9697 - accuracy: 0.6645
25/98 [======>.......................] - ETA: 0s - loss: 0.9691 - accuracy: 0.6645
31/98 [========>.....................] - ETA: 0s - loss: 0.9678 - accuracy: 0.6664
38/98 [==========>...................] - ETA: 0s - loss: 0.9707 - accuracy: 0.6668
44/98 [============>.................] - ETA: 0s - loss: 0.9721 - accuracy: 0.6670
50/98 [==============>...............] - ETA: 0s - loss: 0.9741 - accuracy: 0.6676
57/98 [================>.............] - ETA: 0s - loss: 0.9763 - accuracy: 0.6669
63/98 [==================>...........] - ETA: 0s - loss: 0.9763 - accuracy: 0.6663
69/98 [====================>.........] - ETA: 0s - loss: 0.9776 - accuracy: 0.6658
75/98 [=====================>........] - ETA: 0s - loss: 0.9805 - accuracy: 0.6652
81/98 [=======================>......] - ETA: 0s - loss: 0.9794 - accuracy: 0.6659
87/98 [=========================>....] - ETA: 0s - loss: 0.9808 - accuracy: 0.6651
93/98 [===========================>..] - ETA: 0s - loss: 0.9773 - accuracy: 0.6663
98/98 [==============================] - 1s 15ms/step - loss: 0.9769 - accuracy: 0.6661 - val_loss: 1.0768 - val_accuracy: 0.6303
Epoch 20/234

 1/98 [..............................] - ETA: 1s - loss: 0.9203 - accuracy: 0.6895
 7/98 [=>............................] - ETA: 0s - loss: 0.9541 - accuracy: 0.6758
13/98 [==>...........................] - ETA: 0s - loss: 0.9589 - accuracy: 0.6702
20/98 [=====>........................] - ETA: 0s - loss: 0.9668 - accuracy: 0.6696
26/98 [======>.......................] - ETA: 0s - loss: 0.9692 - accuracy: 0.6692
32/98 [========>.....................] - ETA: 0s - loss: 0.9750 - accuracy: 0.6683
38/98 [==========>...................] - ETA: 0s - loss: 0.9711 - accuracy: 0.6684
45/98 [============>.................] - ETA: 0s - loss: 0.9692 - accuracy: 0.6694
51/98 [==============>...............] - ETA: 0s - loss: 0.9703 - accuracy: 0.6680
57/98 [================>.............] - ETA: 0s - loss: 0.9706 - accuracy: 0.6674
63/98 [==================>...........] - ETA: 0s - loss: 0.9684 - accuracy: 0.6691
70/98 [====================>.........] - ETA: 0s - loss: 0.9701 - accuracy: 0.6685
76/98 [======================>.......] - ETA: 0s - loss: 0.9709 - accuracy: 0.6681
82/98 [========================>.....] - ETA: 0s - loss: 0.9730 - accuracy: 0.6673
89/98 [==========================>...] - ETA: 0s - loss: 0.9718 - accuracy: 0.6679
95/98 [============================>.] - ETA: 0s - loss: 0.9721 - accuracy: 0.6674
98/98 [==============================] - 1s 15ms/step - loss: 0.9718 - accuracy: 0.6675 - val_loss: 1.0850 - val_accuracy: 0.6218
Epoch 21/234

 1/98 [..............................] - ETA: 1s - loss: 0.9901 - accuracy: 0.6621
 5/98 [>.............................] - ETA: 1s - loss: 0.9699 - accuracy: 0.6645
10/98 [==>...........................] - ETA: 1s - loss: 0.9695 - accuracy: 0.6668
14/98 [===>..........................] - ETA: 1s - loss: 0.9632 - accuracy: 0.6682
17/98 [====>.........................] - ETA: 1s - loss: 0.9632 - accuracy: 0.6675
21/98 [=====>........................] - ETA: 1s - loss: 0.9637 - accuracy: 0.6671
24/98 [======>.......................] - ETA: 1s - loss: 0.9634 - accuracy: 0.6683
27/98 [=======>......................] - ETA: 1s - loss: 0.9608 - accuracy: 0.6698
31/98 [========>.....................] - ETA: 1s - loss: 0.9629 - accuracy: 0.6697
35/98 [=========>....................] - ETA: 0s - loss: 0.9609 - accuracy: 0.6699
41/98 [===========>..................] - ETA: 0s - loss: 0.9638 - accuracy: 0.6698
46/98 [=============>................] - ETA: 0s - loss: 0.9631 - accuracy: 0.6700
50/98 [==============>...............] - ETA: 0s - loss: 0.9651 - accuracy: 0.6689
54/98 [===============>..............] - ETA: 0s - loss: 0.9653 - accuracy: 0.6686
59/98 [=================>............] - ETA: 0s - loss: 0.9653 - accuracy: 0.6690
64/98 [==================>...........] - ETA: 0s - loss: 0.9667 - accuracy: 0.6691
69/98 [====================>.........] - ETA: 0s - loss: 0.9671 - accuracy: 0.6689
74/98 [=====================>........] - ETA: 0s - loss: 0.9678 - accuracy: 0.6686
79/98 [=======================>......] - ETA: 0s - loss: 0.9668 - accuracy: 0.6693
84/98 [========================>.....] - ETA: 0s - loss: 0.9655 - accuracy: 0.6695
89/98 [==========================>...] - ETA: 0s - loss: 0.9655 - accuracy: 0.6694
94/98 [===========================>..] - ETA: 0s - loss: 0.9652 - accuracy: 0.6693
98/98 [==============================] - 2s 17ms/step - loss: 0.9644 - accuracy: 0.6701 - val_loss: 1.0715 - val_accuracy: 0.6325
Epoch 22/234

 1/98 [..............................] - ETA: 1s - loss: 0.9448 - accuracy: 0.6726
 7/98 [=>............................] - ETA: 0s - loss: 0.9469 - accuracy: 0.6775
14/98 [===>..........................] - ETA: 0s - loss: 0.9595 - accuracy: 0.6763
19/98 [====>.........................] - ETA: 0s - loss: 0.9606 - accuracy: 0.6782
24/98 [======>.......................] - ETA: 0s - loss: 0.9615 - accuracy: 0.6783
29/98 [=======>......................] - ETA: 0s - loss: 0.9585 - accuracy: 0.6786
35/98 [=========>....................] - ETA: 0s - loss: 0.9564 - accuracy: 0.6796
39/98 [==========>...................] - ETA: 0s - loss: 0.9545 - accuracy: 0.6794
43/98 [============>.................] - ETA: 0s - loss: 0.9558 - accuracy: 0.6790
46/98 [=============>................] - ETA: 0s - loss: 0.9558 - accuracy: 0.6776
51/98 [==============>...............] - ETA: 0s - loss: 0.9529 - accuracy: 0.6782
56/98 [================>.............] - ETA: 0s - loss: 0.9503 - accuracy: 0.6775
61/98 [=================>............] - ETA: 0s - loss: 0.9503 - accuracy: 0.6774
65/98 [==================>...........] - ETA: 0s - loss: 0.9505 - accuracy: 0.6761
69/98 [====================>.........] - ETA: 0s - loss: 0.9517 - accuracy: 0.6754
73/98 [=====================>........] - ETA: 0s - loss: 0.9507 - accuracy: 0.6752
77/98 [======================>.......] - ETA: 0s - loss: 0.9516 - accuracy: 0.6747
81/98 [=======================>......] - ETA: 0s - loss: 0.9519 - accuracy: 0.6742
85/98 [=========================>....] - ETA: 0s - loss: 0.9523 - accuracy: 0.6740
89/98 [==========================>...] - ETA: 0s - loss: 0.9508 - accuracy: 0.6746
92/98 [===========================>..] - ETA: 0s - loss: 0.9496 - accuracy: 0.6750
97/98 [============================>.] - ETA: 0s - loss: 0.9492 - accuracy: 0.6751
98/98 [==============================] - 2s 17ms/step - loss: 0.9494 - accuracy: 0.6752 - val_loss: 1.0594 - val_accuracy: 0.6320
Epoch 23/234

 1/98 [..............................] - ETA: 2s - loss: 0.9171 - accuracy: 0.6816
 6/98 [>.............................] - ETA: 0s - loss: 0.9197 - accuracy: 0.6891
11/98 [==>...........................] - ETA: 0s - loss: 0.9386 - accuracy: 0.6815
17/98 [====>.........................] - ETA: 0s - loss: 0.9366 - accuracy: 0.6820
22/98 [=====>........................] - ETA: 0s - loss: 0.9337 - accuracy: 0.6840
28/98 [=======>......................] - ETA: 0s - loss: 0.9318 - accuracy: 0.6851
33/98 [=========>....................] - ETA: 0s - loss: 0.9245 - accuracy: 0.6854
39/98 [==========>...................] - ETA: 0s - loss: 0.9275 - accuracy: 0.6837
45/98 [============>.................] - ETA: 0s - loss: 0.9310 - accuracy: 0.6826
50/98 [==============>...............] - ETA: 0s - loss: 0.9337 - accuracy: 0.6802
56/98 [================>.............] - ETA: 0s - loss: 0.9383 - accuracy: 0.6780
62/98 [=================>............] - ETA: 0s - loss: 0.9396 - accuracy: 0.6779
68/98 [===================>..........] - ETA: 0s - loss: 0.9394 - accuracy: 0.6781
73/98 [=====================>........] - ETA: 0s - loss: 0.9398 - accuracy: 0.6780
79/98 [=======================>......] - ETA: 0s - loss: 0.9422 - accuracy: 0.6767
84/98 [========================>.....] - ETA: 0s - loss: 0.9408 - accuracy: 0.6778
89/98 [==========================>...] - ETA: 0s - loss: 0.9437 - accuracy: 0.6769
95/98 [============================>.] - ETA: 0s - loss: 0.9416 - accuracy: 0.6776
98/98 [==============================] - 1s 15ms/step - loss: 0.9411 - accuracy: 0.6783 - val_loss: 1.0457 - val_accuracy: 0.6384
Epoch 24/234

 1/98 [..............................] - ETA: 1s - loss: 0.9247 - accuracy: 0.6973
 7/98 [=>............................] - ETA: 1s - loss: 0.9488 - accuracy: 0.6839
12/98 [==>...........................] - ETA: 1s - loss: 0.9409 - accuracy: 0.6890
17/98 [====>.........................] - ETA: 0s - loss: 0.9344 - accuracy: 0.6890
