2024-07-26 07:58:32.655776: I tensorflow/core/platform/cpu_feature_guard.cc:193] This TensorFlow binary is optimized with oneAPI Deep Neural Network Library (oneDNN) to use the following CPU instructions in performance-critical operations:  AVX AVX2
To enable them in other operations, rebuild TensorFlow with the appropriate compiler flags.
2024-07-26 07:58:33.381028: I tensorflow/core/common_runtime/gpu/gpu_device.cc:1616] Created device /job:localhost/replica:0/task:0/device:GPU:0 with 6656 MB memory:  -> device: 0, name: NVIDIA GeForce RTX 4060 Ti, pci bus id: 0000:01:00.0, compute capability: 8.9
1 Physical GPUs, 1 Logical GPUs
Model: "sequential"
_________________________________________________________________
 Layer (type)                Output Shape              Param #   
=================================================================
 conv2d (Conv2D)             (None, 32, 32, 32)        896       
                                                                 
 max_pooling2d (MaxPooling2D  (None, 16, 16, 32)       0         
 )                                                               
                                                                 
 dropout (Dropout)           (None, 16, 16, 32)        0         
                                                                 
 flatten (Flatten)           (None, 8192)              0         
                                                                 
 dense (Dense)               (None, 10)                81930     
                                                                 
=================================================================
Total params: 82,826
Trainable params: 82,826
Non-trainable params: 0
_________________________________________________________________
Taxa de aprendizado:  0.001 Num de épocas:  234 Tamanho do lote:  512 Dropout:  0.08
Epoch 1/234
2024-07-26 07:58:35.343450: I tensorflow/stream_executor/cuda/cuda_dnn.cc:384] Loaded cuDNN version 8100
2024-07-26 07:58:36.990996: W tensorflow/stream_executor/gpu/redzone_allocator.cc:314] INTERNAL: ptxas exited with non-zero error code -1, output: 
Relying on driver to perform ptx compilation. 
Modify $PATH to customize ptxas location.
This message will be only logged once.
2024-07-26 07:58:38.532803: I tensorflow/stream_executor/cuda/cuda_blas.cc:1614] TensorFloat-32 will be used for the matrix multiplication. This will only be logged once.

 1/98 [..............................] - ETA: 8:37 - loss: 2.3097 - accuracy: 0.1191
 6/98 [>.............................] - ETA: 1s - loss: 2.2916 - accuracy: 0.1585  
10/98 [==>...........................] - ETA: 1s - loss: 2.2491 - accuracy: 0.1902
14/98 [===>..........................] - ETA: 1s - loss: 2.2087 - accuracy: 0.2116
18/98 [====>.........................] - ETA: 1s - loss: 2.1680 - accuracy: 0.2337
22/98 [=====>........................] - ETA: 1s - loss: 2.1298 - accuracy: 0.2494
26/98 [======>.......................] - ETA: 1s - loss: 2.0896 - accuracy: 0.2640
30/98 [========>.....................] - ETA: 1s - loss: 2.0564 - accuracy: 0.2766
35/98 [=========>....................] - ETA: 0s - loss: 2.0215 - accuracy: 0.2876
39/98 [==========>...................] - ETA: 0s - loss: 1.9984 - accuracy: 0.2965
43/98 [============>.................] - ETA: 0s - loss: 1.9805 - accuracy: 0.3043
47/98 [=============>................] - ETA: 0s - loss: 1.9616 - accuracy: 0.3100
51/98 [==============>...............] - ETA: 0s - loss: 1.9429 - accuracy: 0.3179
55/98 [===============>..............] - ETA: 0s - loss: 1.9261 - accuracy: 0.3255
59/98 [=================>............] - ETA: 0s - loss: 1.9100 - accuracy: 0.3308
63/98 [==================>...........] - ETA: 0s - loss: 1.8974 - accuracy: 0.3354
67/98 [===================>..........] - ETA: 0s - loss: 1.8853 - accuracy: 0.3393
71/98 [====================>.........] - ETA: 0s - loss: 1.8734 - accuracy: 0.3438
76/98 [======================>.......] - ETA: 0s - loss: 1.8582 - accuracy: 0.3496
80/98 [=======================>......] - ETA: 0s - loss: 1.8474 - accuracy: 0.3544
84/98 [========================>.....] - ETA: 0s - loss: 1.8355 - accuracy: 0.3590
88/98 [=========================>....] - ETA: 0s - loss: 1.8238 - accuracy: 0.3640
92/98 [===========================>..] - ETA: 0s - loss: 1.8132 - accuracy: 0.3688
93/98 [===========================>..] - ETA: 0s - loss: 1.8118 - accuracy: 0.3692
97/98 [============================>.] - ETA: 0s - loss: 1.8006 - accuracy: 0.3731
98/98 [==============================] - 8s 29ms/step - loss: 1.7977 - accuracy: 0.3744 - val_loss: 1.5604 - val_accuracy: 0.4611
Epoch 2/234

 1/98 [..............................] - ETA: 3s - loss: 1.6277 - accuracy: 0.4453
 5/98 [>.............................] - ETA: 1s - loss: 1.5834 - accuracy: 0.4641
 9/98 [=>............................] - ETA: 1s - loss: 1.5698 - accuracy: 0.4657
14/98 [===>..........................] - ETA: 1s - loss: 1.5636 - accuracy: 0.4615
18/98 [====>.........................] - ETA: 1s - loss: 1.5548 - accuracy: 0.4664
22/98 [=====>........................] - ETA: 1s - loss: 1.5466 - accuracy: 0.4689
26/98 [======>.......................] - ETA: 1s - loss: 1.5430 - accuracy: 0.4692
30/98 [========>.....................] - ETA: 1s - loss: 1.5424 - accuracy: 0.4694
34/98 [=========>....................] - ETA: 0s - loss: 1.5372 - accuracy: 0.4697
39/98 [==========>...................] - ETA: 0s - loss: 1.5276 - accuracy: 0.4745
43/98 [============>.................] - ETA: 0s - loss: 1.5225 - accuracy: 0.4757
47/98 [=============>................] - ETA: 0s - loss: 1.5180 - accuracy: 0.4778
51/98 [==============>...............] - ETA: 0s - loss: 1.5144 - accuracy: 0.4794
55/98 [===============>..............] - ETA: 0s - loss: 1.5093 - accuracy: 0.4805
59/98 [=================>............] - ETA: 0s - loss: 1.5065 - accuracy: 0.4813
63/98 [==================>...........] - ETA: 0s - loss: 1.5045 - accuracy: 0.4812
68/98 [===================>..........] - ETA: 0s - loss: 1.4998 - accuracy: 0.4828
72/98 [=====================>........] - ETA: 0s - loss: 1.4948 - accuracy: 0.4853
76/98 [======================>.......] - ETA: 0s - loss: 1.4899 - accuracy: 0.4862
80/98 [=======================>......] - ETA: 0s - loss: 1.4850 - accuracy: 0.4878
84/98 [========================>.....] - ETA: 0s - loss: 1.4825 - accuracy: 0.4883
88/98 [=========================>....] - ETA: 0s - loss: 1.4813 - accuracy: 0.4884
92/98 [===========================>..] - ETA: 0s - loss: 1.4791 - accuracy: 0.4890
96/98 [============================>.] - ETA: 0s - loss: 1.4779 - accuracy: 0.4893
98/98 [==============================] - 2s 25ms/step - loss: 1.4762 - accuracy: 0.4898 - val_loss: 1.4014 - val_accuracy: 0.5206
Epoch 3/234

 1/98 [..............................] - ETA: 3s - loss: 1.4176 - accuracy: 0.5156
 5/98 [>.............................] - ETA: 1s - loss: 1.4192 - accuracy: 0.5117
10/98 [==>...........................] - ETA: 1s - loss: 1.3942 - accuracy: 0.5342
14/98 [===>..........................] - ETA: 1s - loss: 1.3837 - accuracy: 0.5360
18/98 [====>.........................] - ETA: 1s - loss: 1.3759 - accuracy: 0.5405
22/98 [=====>........................] - ETA: 1s - loss: 1.3779 - accuracy: 0.5370
26/98 [======>.......................] - ETA: 1s - loss: 1.3793 - accuracy: 0.5351
31/98 [========>.....................] - ETA: 0s - loss: 1.3776 - accuracy: 0.5342
35/98 [=========>....................] - ETA: 0s - loss: 1.3775 - accuracy: 0.5315
39/98 [==========>...................] - ETA: 0s - loss: 1.3756 - accuracy: 0.5312
43/98 [============>.................] - ETA: 0s - loss: 1.3746 - accuracy: 0.5308
47/98 [=============>................] - ETA: 0s - loss: 1.3710 - accuracy: 0.5308
51/98 [==============>...............] - ETA: 0s - loss: 1.3715 - accuracy: 0.5304
55/98 [===============>..............] - ETA: 0s - loss: 1.3703 - accuracy: 0.5325
59/98 [=================>............] - ETA: 0s - loss: 1.3687 - accuracy: 0.5325
63/98 [==================>...........] - ETA: 0s - loss: 1.3665 - accuracy: 0.5333
67/98 [===================>..........] - ETA: 0s - loss: 1.3647 - accuracy: 0.5339
72/98 [=====================>........] - ETA: 0s - loss: 1.3616 - accuracy: 0.5353
76/98 [======================>.......] - ETA: 0s - loss: 1.3594 - accuracy: 0.5356
80/98 [=======================>......] - ETA: 0s - loss: 1.3565 - accuracy: 0.5364
85/98 [=========================>....] - ETA: 0s - loss: 1.3555 - accuracy: 0.5364
89/98 [==========================>...] - ETA: 0s - loss: 1.3557 - accuracy: 0.5363
92/98 [===========================>..] - ETA: 0s - loss: 1.3538 - accuracy: 0.5374
97/98 [============================>.] - ETA: 0s - loss: 1.3536 - accuracy: 0.5372
98/98 [==============================] - 2s 25ms/step - loss: 1.3531 - accuracy: 0.5375 - val_loss: 1.3256 - val_accuracy: 0.5383
Epoch 4/234

 1/98 [..............................] - ETA: 3s - loss: 1.2999 - accuracy: 0.5449
 5/98 [>.............................] - ETA: 1s - loss: 1.3270 - accuracy: 0.5453
 9/98 [=>............................] - ETA: 1s - loss: 1.3326 - accuracy: 0.5378
14/98 [===>..........................] - ETA: 1s - loss: 1.3271 - accuracy: 0.5403
18/98 [====>.........................] - ETA: 1s - loss: 1.3155 - accuracy: 0.5446
22/98 [=====>........................] - ETA: 1s - loss: 1.3115 - accuracy: 0.5468
26/98 [======>.......................] - ETA: 1s - loss: 1.3079 - accuracy: 0.5487
30/98 [========>.....................] - ETA: 1s - loss: 1.3005 - accuracy: 0.5512
34/98 [=========>....................] - ETA: 0s - loss: 1.2939 - accuracy: 0.5534
38/98 [==========>...................] - ETA: 0s - loss: 1.2936 - accuracy: 0.5532
42/98 [===========>..................] - ETA: 0s - loss: 1.2935 - accuracy: 0.5532
46/98 [=============>................] - ETA: 0s - loss: 1.2931 - accuracy: 0.5537
50/98 [==============>...............] - ETA: 0s - loss: 1.2937 - accuracy: 0.5526
55/98 [===============>..............] - ETA: 0s - loss: 1.2921 - accuracy: 0.5532
59/98 [=================>............] - ETA: 0s - loss: 1.2931 - accuracy: 0.5532
63/98 [==================>...........] - ETA: 0s - loss: 1.2922 - accuracy: 0.5533
67/98 [===================>..........] - ETA: 0s - loss: 1.2913 - accuracy: 0.5537
71/98 [====================>.........] - ETA: 0s - loss: 1.2911 - accuracy: 0.5532
75/98 [=====================>........] - ETA: 0s - loss: 1.2918 - accuracy: 0.5532
79/98 [=======================>......] - ETA: 0s - loss: 1.2913 - accuracy: 0.5541
84/98 [========================>.....] - ETA: 0s - loss: 1.2882 - accuracy: 0.5553
88/98 [=========================>....] - ETA: 0s - loss: 1.2864 - accuracy: 0.5562
92/98 [===========================>..] - ETA: 0s - loss: 1.2850 - accuracy: 0.5567
97/98 [============================>.] - ETA: 0s - loss: 1.2824 - accuracy: 0.5573
98/98 [==============================] - 2s 25ms/step - loss: 1.2824 - accuracy: 0.5572 - val_loss: 1.2722 - val_accuracy: 0.5578
Epoch 5/234

 1/98 [..............................] - ETA: 3s - loss: 1.2553 - accuracy: 0.5625
 5/98 [>.............................] - ETA: 1s - loss: 1.2286 - accuracy: 0.5703
 9/98 [=>............................] - ETA: 1s - loss: 1.2205 - accuracy: 0.5762
13/98 [==>...........................] - ETA: 1s - loss: 1.2204 - accuracy: 0.5798
18/98 [====>.........................] - ETA: 1s - loss: 1.2249 - accuracy: 0.5799
22/98 [=====>........................] - ETA: 1s - loss: 1.2201 - accuracy: 0.5803
26/98 [======>.......................] - ETA: 1s - loss: 1.2234 - accuracy: 0.5787
30/98 [========>.....................] - ETA: 1s - loss: 1.2313 - accuracy: 0.5749
34/98 [=========>....................] - ETA: 0s - loss: 1.2365 - accuracy: 0.5724
39/98 [==========>...................] - ETA: 0s - loss: 1.2358 - accuracy: 0.5725
42/98 [===========>..................] - ETA: 0s - loss: 1.2355 - accuracy: 0.5733
46/98 [=============>................] - ETA: 0s - loss: 1.2393 - accuracy: 0.5729
50/98 [==============>...............] - ETA: 0s - loss: 1.2356 - accuracy: 0.5738
54/98 [===============>..............] - ETA: 0s - loss: 1.2348 - accuracy: 0.5748
59/98 [=================>............] - ETA: 0s - loss: 1.2374 - accuracy: 0.5740
63/98 [==================>...........] - ETA: 0s - loss: 1.2377 - accuracy: 0.5729
67/98 [===================>..........] - ETA: 0s - loss: 1.2384 - accuracy: 0.5730
71/98 [====================>.........] - ETA: 0s - loss: 1.2381 - accuracy: 0.5737
75/98 [=====================>........] - ETA: 0s - loss: 1.2382 - accuracy: 0.5735
79/98 [=======================>......] - ETA: 0s - loss: 1.2373 - accuracy: 0.5736
83/98 [========================>.....] - ETA: 0s - loss: 1.2358 - accuracy: 0.5749
88/98 [=========================>....] - ETA: 0s - loss: 1.2337 - accuracy: 0.5753
92/98 [===========================>..] - ETA: 0s - loss: 1.2333 - accuracy: 0.5760
96/98 [============================>.] - ETA: 0s - loss: 1.2327 - accuracy: 0.5766
98/98 [==============================] - 2s 25ms/step - loss: 1.2328 - accuracy: 0.5765 - val_loss: 1.2326 - val_accuracy: 0.5718
Epoch 6/234

 1/98 [..............................] - ETA: 3s - loss: 1.2244 - accuracy: 0.5938
 5/98 [>.............................] - ETA: 1s - loss: 1.2064 - accuracy: 0.5953
 9/98 [=>............................] - ETA: 1s - loss: 1.1950 - accuracy: 0.5953
13/98 [==>...........................] - ETA: 1s - loss: 1.1980 - accuracy: 0.5962
18/98 [====>.........................] - ETA: 1s - loss: 1.2067 - accuracy: 0.5916
22/98 [=====>........................] - ETA: 1s - loss: 1.2020 - accuracy: 0.5944
26/98 [======>.......................] - ETA: 1s - loss: 1.2051 - accuracy: 0.5922
30/98 [========>.....................] - ETA: 1s - loss: 1.2099 - accuracy: 0.5888
34/98 [=========>....................] - ETA: 0s - loss: 1.2061 - accuracy: 0.5900
39/98 [==========>...................] - ETA: 0s - loss: 1.2088 - accuracy: 0.5879
43/98 [============>.................] - ETA: 0s - loss: 1.2081 - accuracy: 0.5871
47/98 [=============>................] - ETA: 0s - loss: 1.2040 - accuracy: 0.5882
51/98 [==============>...............] - ETA: 0s - loss: 1.2037 - accuracy: 0.5878
55/98 [===============>..............] - ETA: 0s - loss: 1.2029 - accuracy: 0.5876
60/98 [=================>............] - ETA: 0s - loss: 1.2028 - accuracy: 0.5870
64/98 [==================>...........] - ETA: 0s - loss: 1.1998 - accuracy: 0.5877
68/98 [===================>..........] - ETA: 0s - loss: 1.1991 - accuracy: 0.5881
73/98 [=====================>........] - ETA: 0s - loss: 1.1958 - accuracy: 0.5900
77/98 [======================>.......] - ETA: 0s - loss: 1.1949 - accuracy: 0.5904
81/98 [=======================>......] - ETA: 0s - loss: 1.1941 - accuracy: 0.5904
86/98 [=========================>....] - ETA: 0s - loss: 1.1940 - accuracy: 0.5901
90/98 [==========================>...] - ETA: 0s - loss: 1.1941 - accuracy: 0.5898
94/98 [===========================>..] - ETA: 0s - loss: 1.1942 - accuracy: 0.5900
98/98 [==============================] - ETA: 0s - loss: 1.1942 - accuracy: 0.5907
98/98 [==============================] - 2s 25ms/step - loss: 1.1942 - accuracy: 0.5907 - val_loss: 1.2181 - val_accuracy: 0.5788
Epoch 7/234

 1/98 [..............................] - ETA: 3s - loss: 1.1585 - accuracy: 0.6211
 5/98 [>.............................] - ETA: 1s - loss: 1.1833 - accuracy: 0.5945
 9/98 [=>............................] - ETA: 1s - loss: 1.1710 - accuracy: 0.5959
13/98 [==>...........................] - ETA: 1s - loss: 1.1710 - accuracy: 0.5995
17/98 [====>.........................] - ETA: 1s - loss: 1.1569 - accuracy: 0.6042
22/98 [=====>........................] - ETA: 1s - loss: 1.1560 - accuracy: 0.6048
26/98 [======>.......................] - ETA: 1s - loss: 1.1547 - accuracy: 0.6063
30/98 [========>.....................] - ETA: 1s - loss: 1.1550 - accuracy: 0.6062
34/98 [=========>....................] - ETA: 0s - loss: 1.1599 - accuracy: 0.6047
38/98 [==========>...................] - ETA: 0s - loss: 1.1645 - accuracy: 0.6025
42/98 [===========>..................] - ETA: 0s - loss: 1.1654 - accuracy: 0.6014
46/98 [=============>................] - ETA: 0s - loss: 1.1718 - accuracy: 0.5990
51/98 [==============>...............] - ETA: 0s - loss: 1.1722 - accuracy: 0.5987
55/98 [===============>..............] - ETA: 0s - loss: 1.1710 - accuracy: 0.5995
59/98 [=================>............] - ETA: 0s - loss: 1.1699 - accuracy: 0.5989
63/98 [==================>...........] - ETA: 0s - loss: 1.1652 - accuracy: 0.6000
68/98 [===================>..........] - ETA: 0s - loss: 1.1661 - accuracy: 0.5997
72/98 [=====================>........] - ETA: 0s - loss: 1.1671 - accuracy: 0.5988
76/98 [======================>.......] - ETA: 0s - loss: 1.1682 - accuracy: 0.5982
80/98 [=======================>......] - ETA: 0s - loss: 1.1690 - accuracy: 0.5979
84/98 [========================>.....] - ETA: 0s - loss: 1.1691 - accuracy: 0.5982
88/98 [=========================>....] - ETA: 0s - loss: 1.1681 - accuracy: 0.5986
93/98 [===========================>..] - ETA: 0s - loss: 1.1685 - accuracy: 0.5983
97/98 [============================>.] - ETA: 0s - loss: 1.1679 - accuracy: 0.5982
98/98 [==============================] - 2s 25ms/step - loss: 1.1674 - accuracy: 0.5985 - val_loss: 1.2034 - val_accuracy: 0.5808
Epoch 8/234

 1/98 [..............................] - ETA: 1s - loss: 1.1718 - accuracy: 0.5801
 4/98 [>.............................] - ETA: 1s - loss: 1.1559 - accuracy: 0.5928
 8/98 [=>............................] - ETA: 1s - loss: 1.1657 - accuracy: 0.5967
12/98 [==>...........................] - ETA: 1s - loss: 1.1570 - accuracy: 0.5964
16/98 [===>..........................] - ETA: 1s - loss: 1.1569 - accuracy: 0.5980
20/98 [=====>........................] - ETA: 1s - loss: 1.1523 - accuracy: 0.6016
25/98 [======>.......................] - ETA: 1s - loss: 1.1494 - accuracy: 0.6058
29/98 [=======>......................] - ETA: 1s - loss: 1.1482 - accuracy: 0.6063
33/98 [=========>....................] - ETA: 0s - loss: 1.1437 - accuracy: 0.6095
37/98 [==========>...................] - ETA: 0s - loss: 1.1438 - accuracy: 0.6076
42/98 [===========>..................] - ETA: 0s - loss: 1.1448 - accuracy: 0.6069
46/98 [=============>................] - ETA: 0s - loss: 1.1444 - accuracy: 0.6076
50/98 [==============>...............] - ETA: 0s - loss: 1.1474 - accuracy: 0.6062
54/98 [===============>..............] - ETA: 0s - loss: 1.1464 - accuracy: 0.6060
59/98 [=================>............] - ETA: 0s - loss: 1.1452 - accuracy: 0.6063
63/98 [==================>...........] - ETA: 0s - loss: 1.1420 - accuracy: 0.6073
67/98 [===================>..........] - ETA: 0s - loss: 1.1422 - accuracy: 0.6072
71/98 [====================>.........] - ETA: 0s - loss: 1.1419 - accuracy: 0.6075
76/98 [======================>.......] - ETA: 0s - loss: 1.1400 - accuracy: 0.6082
80/98 [=======================>......] - ETA: 0s - loss: 1.1406 - accuracy: 0.6074
84/98 [========================>.....] - ETA: 0s - loss: 1.1413 - accuracy: 0.6073
88/98 [=========================>....] - ETA: 0s - loss: 1.1416 - accuracy: 0.6072
92/98 [===========================>..] - ETA: 0s - loss: 1.1416 - accuracy: 0.6072
96/98 [============================>.] - ETA: 0s - loss: 1.1412 - accuracy: 0.6071
98/98 [==============================] - 2s 25ms/step - loss: 1.1410 - accuracy: 0.6070 - val_loss: 1.1786 - val_accuracy: 0.5895
Epoch 9/234

 1/98 [..............................] - ETA: 3s - loss: 1.0838 - accuracy: 0.6367
 5/98 [>.............................] - ETA: 1s - loss: 1.1440 - accuracy: 0.6117
 8/98 [=>............................] - ETA: 1s - loss: 1.1302 - accuracy: 0.6162
13/98 [==>...........................] - ETA: 1s - loss: 1.1139 - accuracy: 0.6226
17/98 [====>.........................] - ETA: 1s - loss: 1.1227 - accuracy: 0.6161
21/98 [=====>........................] - ETA: 1s - loss: 1.1245 - accuracy: 0.6155
25/98 [======>.......................] - ETA: 1s - loss: 1.1245 - accuracy: 0.6139
30/98 [========>.....................] - ETA: 1s - loss: 1.1235 - accuracy: 0.6154
34/98 [=========>....................] - ETA: 0s - loss: 1.1263 - accuracy: 0.6144
38/98 [==========>...................] - ETA: 0s - loss: 1.1281 - accuracy: 0.6131
42/98 [===========>..................] - ETA: 0s - loss: 1.1277 - accuracy: 0.6135
46/98 [=============>................] - ETA: 0s - loss: 1.1273 - accuracy: 0.6129
50/98 [==============>...............] - ETA: 0s - loss: 1.1257 - accuracy: 0.6128
55/98 [===============>..............] - ETA: 0s - loss: 1.1252 - accuracy: 0.6129
59/98 [=================>............] - ETA: 0s - loss: 1.1244 - accuracy: 0.6127
63/98 [==================>...........] - ETA: 0s - loss: 1.1254 - accuracy: 0.6128
67/98 [===================>..........] - ETA: 0s - loss: 1.1230 - accuracy: 0.6135
71/98 [====================>.........] - ETA: 0s - loss: 1.1215 - accuracy: 0.6145
75/98 [=====================>........] - ETA: 0s - loss: 1.1223 - accuracy: 0.6140
79/98 [=======================>......] - ETA: 0s - loss: 1.1216 - accuracy: 0.6141
83/98 [========================>.....] - ETA: 0s - loss: 1.1226 - accuracy: 0.6134
88/98 [=========================>....] - ETA: 0s - loss: 1.1222 - accuracy: 0.6139
92/98 [===========================>..] - ETA: 0s - loss: 1.1219 - accuracy: 0.6146
96/98 [============================>.] - ETA: 0s - loss: 1.1219 - accuracy: 0.6148
98/98 [==============================] - 2s 25ms/step - loss: 1.1212 - accuracy: 0.6152 - val_loss: 1.1689 - val_accuracy: 0.5969
Epoch 10/234

 1/98 [..............................] - ETA: 3s - loss: 1.1566 - accuracy: 0.5957
 5/98 [>.............................] - ETA: 1s - loss: 1.1212 - accuracy: 0.6172
 9/98 [=>............................] - ETA: 1s - loss: 1.1036 - accuracy: 0.6270
14/98 [===>..........................] - ETA: 1s - loss: 1.1017 - accuracy: 0.6275
18/98 [====>.........................] - ETA: 1s - loss: 1.1158 - accuracy: 0.6219
22/98 [=====>........................] - ETA: 1s - loss: 1.1160 - accuracy: 0.6209
26/98 [======>.......................] - ETA: 1s - loss: 1.1106 - accuracy: 0.6224
31/98 [========>.....................] - ETA: 0s - loss: 1.1057 - accuracy: 0.6231
35/98 [=========>....................] - ETA: 0s - loss: 1.1042 - accuracy: 0.6247
39/98 [==========>...................] - ETA: 0s - loss: 1.1019 - accuracy: 0.6250
43/98 [============>.................] - ETA: 0s - loss: 1.1005 - accuracy: 0.6248
47/98 [=============>................] - ETA: 0s - loss: 1.1001 - accuracy: 0.6246
51/98 [==============>...............] - ETA: 0s - loss: 1.1005 - accuracy: 0.6250
55/98 [===============>..............] - ETA: 0s - loss: 1.0995 - accuracy: 0.6259
59/98 [=================>............] - ETA: 0s - loss: 1.0981 - accuracy: 0.6264
64/98 [==================>...........] - ETA: 0s - loss: 1.0961 - accuracy: 0.6267
68/98 [===================>..........] - ETA: 0s - loss: 1.0982 - accuracy: 0.6250
72/98 [=====================>........] - ETA: 0s - loss: 1.0993 - accuracy: 0.6245
77/98 [======================>.......] - ETA: 0s - loss: 1.0989 - accuracy: 0.6242
81/98 [=======================>......] - ETA: 0s - loss: 1.0987 - accuracy: 0.6239
85/98 [=========================>....] - ETA: 0s - loss: 1.0980 - accuracy: 0.6237
89/98 [==========================>...] - ETA: 0s - loss: 1.0993 - accuracy: 0.6232
93/98 [===========================>..] - ETA: 0s - loss: 1.0990 - accuracy: 0.6237
97/98 [============================>.] - ETA: 0s - loss: 1.0991 - accuracy: 0.6236
98/98 [==============================] - 2s 23ms/step - loss: 1.0984 - accuracy: 0.6238 - val_loss: 1.1428 - val_accuracy: 0.6078
Epoch 11/234

 1/98 [..............................] - ETA: 3s - loss: 1.0949 - accuracy: 0.6348
 6/98 [>.............................] - ETA: 1s - loss: 1.0554 - accuracy: 0.6582
11/98 [==>...........................] - ETA: 1s - loss: 1.0679 - accuracy: 0.6447
16/98 [===>..........................] - ETA: 1s - loss: 1.0726 - accuracy: 0.6388
21/98 [=====>........................] - ETA: 0s - loss: 1.0717 - accuracy: 0.6394
26/98 [======>.......................] - ETA: 0s - loss: 1.0764 - accuracy: 0.6378
31/98 [========>.....................] - ETA: 0s - loss: 1.0754 - accuracy: 0.6377
36/98 [==========>...................] - ETA: 0s - loss: 1.0754 - accuracy: 0.6382
41/98 [===========>..................] - ETA: 0s - loss: 1.0743 - accuracy: 0.6377
46/98 [=============>................] - ETA: 0s - loss: 1.0705 - accuracy: 0.6390
51/98 [==============>...............] - ETA: 0s - loss: 1.0696 - accuracy: 0.6392
56/98 [================>.............] - ETA: 0s - loss: 1.0708 - accuracy: 0.6387
61/98 [=================>............] - ETA: 0s - loss: 1.0704 - accuracy: 0.6383
66/98 [===================>..........] - ETA: 0s - loss: 1.0701 - accuracy: 0.6388
71/98 [====================>.........] - ETA: 0s - loss: 1.0703 - accuracy: 0.6382
76/98 [======================>.......] - ETA: 0s - loss: 1.0710 - accuracy: 0.6373
82/98 [========================>.....] - ETA: 0s - loss: 1.0723 - accuracy: 0.6366
86/98 [=========================>....] - ETA: 0s - loss: 1.0725 - accuracy: 0.6365
92/98 [===========================>..] - ETA: 0s - loss: 1.0727 - accuracy: 0.6361
97/98 [============================>.] - ETA: 0s - loss: 1.0735 - accuracy: 0.6359
98/98 [==============================] - 2s 21ms/step - loss: 1.0726 - accuracy: 0.6362 - val_loss: 1.1348 - val_accuracy: 0.6071
Epoch 12/234

 1/98 [..............................] - ETA: 3s - loss: 1.0575 - accuracy: 0.6309
 5/98 [>.............................] - ETA: 1s - loss: 1.0541 - accuracy: 0.6320
10/98 [==>...........................] - ETA: 1s - loss: 1.0683 - accuracy: 0.6266
14/98 [===>..........................] - ETA: 1s - loss: 1.0579 - accuracy: 0.6316
18/98 [====>.........................] - ETA: 1s - loss: 1.0500 - accuracy: 0.6385
22/98 [=====>........................] - ETA: 1s - loss: 1.0512 - accuracy: 0.6396
26/98 [======>.......................] - ETA: 1s - loss: 1.0528 - accuracy: 0.6397
30/98 [========>.....................] - ETA: 1s - loss: 1.0503 - accuracy: 0.6404
34/98 [=========>....................] - ETA: 0s - loss: 1.0521 - accuracy: 0.6402
39/98 [==========>...................] - ETA: 0s - loss: 1.0555 - accuracy: 0.6389
43/98 [============>.................] - ETA: 0s - loss: 1.0586 - accuracy: 0.6375
47/98 [=============>................] - ETA: 0s - loss: 1.0585 - accuracy: 0.6371
51/98 [==============>...............] - ETA: 0s - loss: 1.0571 - accuracy: 0.6379
55/98 [===============>..............] - ETA: 0s - loss: 1.0571 - accuracy: 0.6389
59/98 [=================>............] - ETA: 0s - loss: 1.0582 - accuracy: 0.6386
64/98 [==================>...........] - ETA: 0s - loss: 1.0541 - accuracy: 0.6401
68/98 [===================>..........] - ETA: 0s - loss: 1.0573 - accuracy: 0.6392
72/98 [=====================>........] - ETA: 0s - loss: 1.0562 - accuracy: 0.6393
76/98 [======================>.......] - ETA: 0s - loss: 1.0565 - accuracy: 0.6395
81/98 [=======================>......] - ETA: 0s - loss: 1.0543 - accuracy: 0.6399
85/98 [=========================>....] - ETA: 0s - loss: 1.0531 - accuracy: 0.6406
89/98 [==========================>...] - ETA: 0s - loss: 1.0558 - accuracy: 0.6393
93/98 [===========================>..] - ETA: 0s - loss: 1.0580 - accuracy: 0.6386
97/98 [============================>.] - ETA: 0s - loss: 1.0592 - accuracy: 0.6378
98/98 [==============================] - 2s 25ms/step - loss: 1.0595 - accuracy: 0.6377 - val_loss: 1.1310 - val_accuracy: 0.6121
Epoch 13/234

 1/98 [..............................] - ETA: 3s - loss: 1.0613 - accuracy: 0.6426
 6/98 [>.............................] - ETA: 1s - loss: 1.0759 - accuracy: 0.6286
10/98 [==>...........................] - ETA: 1s - loss: 1.0553 - accuracy: 0.6406
14/98 [===>..........................] - ETA: 1s - loss: 1.0465 - accuracy: 0.6415
18/98 [====>.........................] - ETA: 1s - loss: 1.0464 - accuracy: 0.6437
22/98 [=====>........................] - ETA: 1s - loss: 1.0437 - accuracy: 0.6450
26/98 [======>.......................] - ETA: 1s - loss: 1.0460 - accuracy: 0.6430
30/98 [========>.....................] - ETA: 1s - loss: 1.0503 - accuracy: 0.6413
34/98 [=========>....................] - ETA: 0s - loss: 1.0467 - accuracy: 0.6414
39/98 [==========>...................] - ETA: 0s - loss: 1.0492 - accuracy: 0.6404
43/98 [============>.................] - ETA: 0s - loss: 1.0497 - accuracy: 0.6408
47/98 [=============>................] - ETA: 0s - loss: 1.0485 - accuracy: 0.6414
51/98 [==============>...............] - ETA: 0s - loss: 1.0465 - accuracy: 0.6419
55/98 [===============>..............] - ETA: 0s - loss: 1.0490 - accuracy: 0.6414
59/98 [=================>............] - ETA: 0s - loss: 1.0466 - accuracy: 0.6428
64/98 [==================>...........] - ETA: 0s - loss: 1.0480 - accuracy: 0.6421
67/98 [===================>..........] - ETA: 0s - loss: 1.0489 - accuracy: 0.6418
71/98 [====================>.........] - ETA: 0s - loss: 1.0490 - accuracy: 0.6423
75/98 [=====================>........] - ETA: 0s - loss: 1.0482 - accuracy: 0.6427
79/98 [=======================>......] - ETA: 0s - loss: 1.0461 - accuracy: 0.6431
83/98 [========================>.....] - ETA: 0s - loss: 1.0480 - accuracy: 0.6427
88/98 [=========================>....] - ETA: 0s - loss: 1.0476 - accuracy: 0.6424
92/98 [===========================>..] - ETA: 0s - loss: 1.0463 - accuracy: 0.6431
96/98 [============================>.] - ETA: 0s - loss: 1.0456 - accuracy: 0.6432
98/98 [==============================] - 2s 25ms/step - loss: 1.0451 - accuracy: 0.6432 - val_loss: 1.1115 - val_accuracy: 0.6206
Epoch 14/234

 1/98 [..............................] - ETA: 3s - loss: 1.0660 - accuracy: 0.6543
 5/98 [>.............................] - ETA: 1s - loss: 0.9892 - accuracy: 0.6656
 9/98 [=>............................] - ETA: 1s - loss: 0.9993 - accuracy: 0.6606
13/98 [==>...........................] - ETA: 1s - loss: 1.0019 - accuracy: 0.6637
18/98 [====>.........................] - ETA: 1s - loss: 1.0113 - accuracy: 0.6625
22/98 [=====>........................] - ETA: 1s - loss: 1.0126 - accuracy: 0.6612
26/98 [======>.......................] - ETA: 1s - loss: 1.0136 - accuracy: 0.6613
30/98 [========>.....................] - ETA: 1s - loss: 1.0141 - accuracy: 0.6597
34/98 [=========>....................] - ETA: 0s - loss: 1.0179 - accuracy: 0.6589
39/98 [==========>...................] - ETA: 0s - loss: 1.0192 - accuracy: 0.6575
43/98 [============>.................] - ETA: 0s - loss: 1.0167 - accuracy: 0.6571
47/98 [=============>................] - ETA: 0s - loss: 1.0164 - accuracy: 0.6555
51/98 [==============>...............] - ETA: 0s - loss: 1.0179 - accuracy: 0.6548
55/98 [===============>..............] - ETA: 0s - loss: 1.0186 - accuracy: 0.6546
59/98 [=================>............] - ETA: 0s - loss: 1.0205 - accuracy: 0.6540
63/98 [==================>...........] - ETA: 0s - loss: 1.0199 - accuracy: 0.6545
67/98 [===================>..........] - ETA: 0s - loss: 1.0238 - accuracy: 0.6532
71/98 [====================>.........] - ETA: 0s - loss: 1.0235 - accuracy: 0.6536
76/98 [======================>.......] - ETA: 0s - loss: 1.0258 - accuracy: 0.6526
80/98 [=======================>......] - ETA: 0s - loss: 1.0263 - accuracy: 0.6524
84/98 [========================>.....] - ETA: 0s - loss: 1.0276 - accuracy: 0.6516
88/98 [=========================>....] - ETA: 0s - loss: 1.0281 - accuracy: 0.6506
92/98 [===========================>..] - ETA: 0s - loss: 1.0299 - accuracy: 0.6499
96/98 [============================>.] - ETA: 0s - loss: 1.0303 - accuracy: 0.6494
98/98 [==============================] - 2s 25ms/step - loss: 1.0302 - accuracy: 0.6492 - val_loss: 1.1059 - val_accuracy: 0.6173
Epoch 15/234

 1/98 [..............................] - ETA: 3s - loss: 0.9675 - accuracy: 0.6719
 5/98 [>.............................] - ETA: 1s - loss: 1.0399 - accuracy: 0.6543
10/98 [==>...........................] - ETA: 1s - loss: 1.0176 - accuracy: 0.6613
14/98 [===>..........................] - ETA: 1s - loss: 1.0083 - accuracy: 0.6618
18/98 [====>.........................] - ETA: 1s - loss: 1.0035 - accuracy: 0.6630
22/98 [=====>........................] - ETA: 1s - loss: 1.0041 - accuracy: 0.6618
26/98 [======>.......................] - ETA: 1s - loss: 1.0026 - accuracy: 0.6617
31/98 [========>.....................] - ETA: 0s - loss: 1.0014 - accuracy: 0.6631
35/98 [=========>....................] - ETA: 0s - loss: 1.0003 - accuracy: 0.6629
39/98 [==========>...................] - ETA: 0s - loss: 0.9989 - accuracy: 0.6629
43/98 [============>.................] - ETA: 0s - loss: 1.0030 - accuracy: 0.6608
47/98 [=============>................] - ETA: 0s - loss: 1.0021 - accuracy: 0.6614
52/98 [==============>...............] - ETA: 0s - loss: 1.0026 - accuracy: 0.6604
56/98 [================>.............] - ETA: 0s - loss: 1.0041 - accuracy: 0.6590
60/98 [=================>............] - ETA: 0s - loss: 1.0051 - accuracy: 0.6582
64/98 [==================>...........] - ETA: 0s - loss: 1.0050 - accuracy: 0.6586
69/98 [====================>.........] - ETA: 0s - loss: 1.0045 - accuracy: 0.6587
73/98 [=====================>........] - ETA: 0s - loss: 1.0054 - accuracy: 0.6580
77/98 [======================>.......] - ETA: 0s - loss: 1.0063 - accuracy: 0.6574
81/98 [=======================>......] - ETA: 0s - loss: 1.0088 - accuracy: 0.6567
85/98 [=========================>....] - ETA: 0s - loss: 1.0089 - accuracy: 0.6564
89/98 [==========================>...] - ETA: 0s - loss: 1.0101 - accuracy: 0.6564
93/98 [===========================>..] - ETA: 0s - loss: 1.0117 - accuracy: 0.6555
97/98 [============================>.] - ETA: 0s - loss: 1.0112 - accuracy: 0.6558
98/98 [==============================] - 2s 24ms/step - loss: 1.0113 - accuracy: 0.6555 - val_loss: 1.0956 - val_accuracy: 0.6254
Epoch 16/234

 1/98 [..............................] - ETA: 3s - loss: 0.9080 - accuracy: 0.6855
 5/98 [>.............................] - ETA: 1s - loss: 0.9628 - accuracy: 0.6746
 9/98 [=>............................] - ETA: 1s - loss: 0.9851 - accuracy: 0.6678
13/98 [==>...........................] - ETA: 1s - loss: 0.9978 - accuracy: 0.6603
17/98 [====>.........................] - ETA: 1s - loss: 0.9972 - accuracy: 0.6605
21/98 [=====>........................] - ETA: 1s - loss: 0.9978 - accuracy: 0.6608
25/98 [======>.......................] - ETA: 1s - loss: 1.0057 - accuracy: 0.6580
30/98 [========>.....................] - ETA: 1s - loss: 1.0100 - accuracy: 0.6579
34/98 [=========>....................] - ETA: 0s - loss: 1.0143 - accuracy: 0.6555
38/98 [==========>...................] - ETA: 0s - loss: 1.0116 - accuracy: 0.6563
43/98 [============>.................] - ETA: 0s - loss: 1.0126 - accuracy: 0.6559
47/98 [=============>................] - ETA: 0s - loss: 1.0112 - accuracy: 0.6561
51/98 [==============>...............] - ETA: 0s - loss: 1.0134 - accuracy: 0.6546
55/98 [===============>..............] - ETA: 0s - loss: 1.0123 - accuracy: 0.6537
59/98 [=================>............] - ETA: 0s - loss: 1.0115 - accuracy: 0.6537
63/98 [==================>...........] - ETA: 0s - loss: 1.0123 - accuracy: 0.6530
67/98 [===================>..........] - ETA: 0s - loss: 1.0109 - accuracy: 0.6530
72/98 [=====================>........] - ETA: 0s - loss: 1.0087 - accuracy: 0.6541
76/98 [======================>.......] - ETA: 0s - loss: 1.0074 - accuracy: 0.6552
80/98 [=======================>......] - ETA: 0s - loss: 1.0059 - accuracy: 0.6560
84/98 [========================>.....] - ETA: 0s - loss: 1.0063 - accuracy: 0.6558
89/98 [==========================>...] - ETA: 0s - loss: 1.0047 - accuracy: 0.6567
93/98 [===========================>..] - ETA: 0s - loss: 1.0041 - accuracy: 0.6571
97/98 [============================>.] - ETA: 0s - loss: 1.0039 - accuracy: 0.6569
98/98 [==============================] - 2s 24ms/step - loss: 1.0036 - accuracy: 0.6570 - val_loss: 1.0790 - val_accuracy: 0.6291
Epoch 17/234

 1/98 [..............................] - ETA: 3s - loss: 0.9984 - accuracy: 0.6582
 5/98 [>.............................] - ETA: 1s - loss: 0.9758 - accuracy: 0.6664
10/98 [==>...........................] - ETA: 1s - loss: 0.9794 - accuracy: 0.6666
14/98 [===>..........................] - ETA: 1s - loss: 0.9757 - accuracy: 0.6701
18/98 [====>.........................] - ETA: 1s - loss: 0.9795 - accuracy: 0.6697
22/98 [=====>........................] - ETA: 1s - loss: 0.9796 - accuracy: 0.6683
26/98 [======>.......................] - ETA: 1s - loss: 0.9853 - accuracy: 0.6642
30/98 [========>.....................] - ETA: 1s - loss: 0.9900 - accuracy: 0.6635
35/98 [=========>....................] - ETA: 0s - loss: 0.9891 - accuracy: 0.6640
39/98 [==========>...................] - ETA: 0s - loss: 0.9876 - accuracy: 0.6640
43/98 [============>.................] - ETA: 0s - loss: 0.9843 - accuracy: 0.6652
47/98 [=============>................] - ETA: 0s - loss: 0.9831 - accuracy: 0.6653
51/98 [==============>...............] - ETA: 0s - loss: 0.9845 - accuracy: 0.6648
55/98 [===============>..............] - ETA: 0s - loss: 0.9849 - accuracy: 0.6646
59/98 [=================>............] - ETA: 0s - loss: 0.9861 - accuracy: 0.6641
64/98 [==================>...........] - ETA: 0s - loss: 0.9854 - accuracy: 0.6639
68/98 [===================>..........] - ETA: 0s - loss: 0.9869 - accuracy: 0.6636
72/98 [=====================>........] - ETA: 0s - loss: 0.9860 - accuracy: 0.6640
77/98 [======================>.......] - ETA: 0s - loss: 0.9866 - accuracy: 0.6643
81/98 [=======================>......] - ETA: 0s - loss: 0.9875 - accuracy: 0.6644
85/98 [=========================>....] - ETA: 0s - loss: 0.9882 - accuracy: 0.6639
89/98 [==========================>...] - ETA: 0s - loss: 0.9873 - accuracy: 0.6642
93/98 [===========================>..] - ETA: 0s - loss: 0.9854 - accuracy: 0.6652
97/98 [============================>.] - ETA: 0s - loss: 0.9851 - accuracy: 0.6647
98/98 [==============================] - 2s 24ms/step - loss: 0.9855 - accuracy: 0.6644 - val_loss: 1.0754 - val_accuracy: 0.6305
Epoch 18/234

 1/98 [..............................] - ETA: 3s - loss: 0.9064 - accuracy: 0.6777
 4/98 [>.............................] - ETA: 1s - loss: 0.9401 - accuracy: 0.6758
 8/98 [=>............................] - ETA: 1s - loss: 0.9668 - accuracy: 0.6685
12/98 [==>...........................] - ETA: 1s - loss: 0.9696 - accuracy: 0.6629
17/98 [====>.........................] - ETA: 1s - loss: 0.9723 - accuracy: 0.6623
21/98 [=====>........................] - ETA: 1s - loss: 0.9728 - accuracy: 0.6631
25/98 [======>.......................] - ETA: 1s - loss: 0.9735 - accuracy: 0.6661
30/98 [========>.....................] - ETA: 0s - loss: 0.9733 - accuracy: 0.6665
34/98 [=========>....................] - ETA: 0s - loss: 0.9756 - accuracy: 0.6663
38/98 [==========>...................] - ETA: 0s - loss: 0.9746 - accuracy: 0.6672
42/98 [===========>..................] - ETA: 0s - loss: 0.9756 - accuracy: 0.6662
46/98 [=============>................] - ETA: 0s - loss: 0.9751 - accuracy: 0.6665
51/98 [==============>...............] - ETA: 0s - loss: 0.9773 - accuracy: 0.6657
55/98 [===============>..............] - ETA: 0s - loss: 0.9795 - accuracy: 0.6648
58/98 [================>.............] - ETA: 0s - loss: 0.9808 - accuracy: 0.6648
62/98 [=================>............] - ETA: 0s - loss: 0.9797 - accuracy: 0.6653
66/98 [===================>..........] - ETA: 0s - loss: 0.9771 - accuracy: 0.6657
70/98 [====================>.........] - ETA: 0s - loss: 0.9779 - accuracy: 0.6656
