2024-07-26 08:29:31.048781: I tensorflow/core/platform/cpu_feature_guard.cc:193] This TensorFlow binary is optimized with oneAPI Deep Neural Network Library (oneDNN) to use the following CPU instructions in performance-critical operations:  AVX AVX2
To enable them in other operations, rebuild TensorFlow with the appropriate compiler flags.
2024-07-26 08:29:32.407395: I tensorflow/core/common_runtime/gpu/gpu_device.cc:1616] Created device /job:localhost/replica:0/task:0/device:GPU:0 with 6656 MB memory:  -> device: 0, name: NVIDIA GeForce RTX 4060 Ti, pci bus id: 0000:01:00.0, compute capability: 8.9
1 Physical GPUs, 1 Logical GPUs
Model: "sequential"
_________________________________________________________________
 Layer (type)                Output Shape              Param #   
=================================================================
 conv2d (Conv2D)             (None, 32, 32, 32)        896       
                                                                 
 max_pooling2d (MaxPooling2D  (None, 16, 16, 32)       0         
 )                                                               
                                                                 
 dropout (Dropout)           (None, 16, 16, 32)        0         
                                                                 
 flatten (Flatten)           (None, 8192)              0         
                                                                 
 dense (Dense)               (None, 10)                81930     
                                                                 
=================================================================
Total params: 82,826
Trainable params: 82,826
Non-trainable params: 0
_________________________________________________________________
Taxa de aprendizado:  1e-05 Num de épocas:  289 Tamanho do lote:  512 Dropout:  0.17
Epoch 1/289
2024-07-26 08:29:34.660650: I tensorflow/stream_executor/cuda/cuda_dnn.cc:384] Loaded cuDNN version 8100
2024-07-26 08:29:36.510165: W tensorflow/stream_executor/gpu/redzone_allocator.cc:314] INTERNAL: ptxas exited with non-zero error code -1, output: 
Relying on driver to perform ptx compilation. 
Modify $PATH to customize ptxas location.
This message will be only logged once.
2024-07-26 08:29:38.332051: I tensorflow/stream_executor/cuda/cuda_blas.cc:1614] TensorFloat-32 will be used for the matrix multiplication. This will only be logged once.

 1/98 [..............................] - ETA: 10:02 - loss: 2.3327 - accuracy: 0.0801
 5/98 [>.............................] - ETA: 1s - loss: 2.3263 - accuracy: 0.0973   
 9/98 [=>............................] - ETA: 1s - loss: 2.3212 - accuracy: 0.1035
13/98 [==>...........................] - ETA: 1s - loss: 2.3208 - accuracy: 0.1016
17/98 [====>.........................] - ETA: 1s - loss: 2.3197 - accuracy: 0.1005
22/98 [=====>........................] - ETA: 1s - loss: 2.3171 - accuracy: 0.1002
26/98 [======>.......................] - ETA: 1s - loss: 2.3150 - accuracy: 0.1003
30/98 [========>.....................] - ETA: 1s - loss: 2.3141 - accuracy: 0.1025
35/98 [=========>....................] - ETA: 0s - loss: 2.3130 - accuracy: 0.1030
39/98 [==========>...................] - ETA: 0s - loss: 2.3125 - accuracy: 0.1029
43/98 [============>.................] - ETA: 0s - loss: 2.3116 - accuracy: 0.1049
47/98 [=============>................] - ETA: 0s - loss: 2.3101 - accuracy: 0.1065
51/98 [==============>...............] - ETA: 0s - loss: 2.3091 - accuracy: 0.1077
55/98 [===============>..............] - ETA: 0s - loss: 2.3080 - accuracy: 0.1085
60/98 [=================>............] - ETA: 0s - loss: 2.3072 - accuracy: 0.1092
64/98 [==================>...........] - ETA: 0s - loss: 2.3065 - accuracy: 0.1101
68/98 [===================>..........] - ETA: 0s - loss: 2.3056 - accuracy: 0.1111
72/98 [=====================>........] - ETA: 0s - loss: 2.3046 - accuracy: 0.1121
76/98 [======================>.......] - ETA: 0s - loss: 2.3037 - accuracy: 0.1135
80/98 [=======================>......] - ETA: 0s - loss: 2.3030 - accuracy: 0.1149
84/98 [========================>.....] - ETA: 0s - loss: 2.3022 - accuracy: 0.1158
88/98 [=========================>....] - ETA: 0s - loss: 2.3017 - accuracy: 0.1169
92/98 [===========================>..] - ETA: 0s - loss: 2.3011 - accuracy: 0.1173
93/98 [===========================>..] - ETA: 0s - loss: 2.3010 - accuracy: 0.1173
97/98 [============================>.] - ETA: 0s - loss: 2.3002 - accuracy: 0.1179
98/98 [==============================] - 9s 28ms/step - loss: 2.2999 - accuracy: 0.1184 - val_loss: 2.2794 - val_accuracy: 0.1520
Epoch 2/289

 1/98 [..............................] - ETA: 3s - loss: 2.2779 - accuracy: 0.1367
 7/98 [=>............................] - ETA: 0s - loss: 2.2799 - accuracy: 0.1431
13/98 [==>...........................] - ETA: 0s - loss: 2.2796 - accuracy: 0.1446
18/98 [====>.........................] - ETA: 0s - loss: 2.2792 - accuracy: 0.1451
24/98 [======>.......................] - ETA: 0s - loss: 2.2790 - accuracy: 0.1456
29/98 [=======>......................] - ETA: 0s - loss: 2.2786 - accuracy: 0.1467
35/98 [=========>....................] - ETA: 0s - loss: 2.2779 - accuracy: 0.1482
40/98 [===========>..................] - ETA: 0s - loss: 2.2769 - accuracy: 0.1490
46/98 [=============>................] - ETA: 0s - loss: 2.2757 - accuracy: 0.1499
52/98 [==============>...............] - ETA: 0s - loss: 2.2751 - accuracy: 0.1514
57/98 [================>.............] - ETA: 0s - loss: 2.2745 - accuracy: 0.1526
63/98 [==================>...........] - ETA: 0s - loss: 2.2737 - accuracy: 0.1541
69/98 [====================>.........] - ETA: 0s - loss: 2.2733 - accuracy: 0.1539
75/98 [=====================>........] - ETA: 0s - loss: 2.2723 - accuracy: 0.1547
81/98 [=======================>......] - ETA: 0s - loss: 2.2715 - accuracy: 0.1557
87/98 [=========================>....] - ETA: 0s - loss: 2.2708 - accuracy: 0.1564
92/98 [===========================>..] - ETA: 0s - loss: 2.2700 - accuracy: 0.1565
98/98 [==============================] - ETA: 0s - loss: 2.2690 - accuracy: 0.1578
98/98 [==============================] - 2s 19ms/step - loss: 2.2690 - accuracy: 0.1578 - val_loss: 2.2518 - val_accuracy: 0.1811
Epoch 3/289

 1/98 [..............................] - ETA: 3s - loss: 2.2451 - accuracy: 0.1953
 5/98 [>.............................] - ETA: 1s - loss: 2.2512 - accuracy: 0.1703
 9/98 [=>............................] - ETA: 1s - loss: 2.2516 - accuracy: 0.1723
13/98 [==>...........................] - ETA: 1s - loss: 2.2535 - accuracy: 0.1692
18/98 [====>.........................] - ETA: 1s - loss: 2.2525 - accuracy: 0.1740
22/98 [=====>........................] - ETA: 1s - loss: 2.2518 - accuracy: 0.1749
25/98 [======>.......................] - ETA: 1s - loss: 2.2513 - accuracy: 0.1752
29/98 [=======>......................] - ETA: 1s - loss: 2.2516 - accuracy: 0.1744
33/98 [=========>....................] - ETA: 0s - loss: 2.2506 - accuracy: 0.1766
37/98 [==========>...................] - ETA: 0s - loss: 2.2499 - accuracy: 0.1773
41/98 [===========>..................] - ETA: 0s - loss: 2.2492 - accuracy: 0.1774
46/98 [=============>................] - ETA: 0s - loss: 2.2489 - accuracy: 0.1769
50/98 [==============>...............] - ETA: 0s - loss: 2.2484 - accuracy: 0.1773
54/98 [===============>..............] - ETA: 0s - loss: 2.2477 - accuracy: 0.1785
58/98 [================>.............] - ETA: 0s - loss: 2.2468 - accuracy: 0.1797
63/98 [==================>...........] - ETA: 0s - loss: 2.2462 - accuracy: 0.1803
67/98 [===================>..........] - ETA: 0s - loss: 2.2457 - accuracy: 0.1809
71/98 [====================>.........] - ETA: 0s - loss: 2.2450 - accuracy: 0.1820
75/98 [=====================>........] - ETA: 0s - loss: 2.2445 - accuracy: 0.1828
79/98 [=======================>......] - ETA: 0s - loss: 2.2438 - accuracy: 0.1837
84/98 [========================>.....] - ETA: 0s - loss: 2.2427 - accuracy: 0.1850
88/98 [=========================>....] - ETA: 0s - loss: 2.2421 - accuracy: 0.1856
92/98 [===========================>..] - ETA: 0s - loss: 2.2415 - accuracy: 0.1868
96/98 [============================>.] - ETA: 0s - loss: 2.2410 - accuracy: 0.1878
98/98 [==============================] - 2s 25ms/step - loss: 2.2406 - accuracy: 0.1887 - val_loss: 2.2205 - val_accuracy: 0.2316
Epoch 4/289

 1/98 [..............................] - ETA: 3s - loss: 2.2200 - accuracy: 0.1895
 5/98 [>.............................] - ETA: 1s - loss: 2.2200 - accuracy: 0.2098
 9/98 [=>............................] - ETA: 1s - loss: 2.2209 - accuracy: 0.2153
14/98 [===>..........................] - ETA: 1s - loss: 2.2192 - accuracy: 0.2147
18/98 [====>.........................] - ETA: 1s - loss: 2.2189 - accuracy: 0.2127
22/98 [=====>........................] - ETA: 1s - loss: 2.2192 - accuracy: 0.2136
26/98 [======>.......................] - ETA: 1s - loss: 2.2193 - accuracy: 0.2122
30/98 [========>.....................] - ETA: 1s - loss: 2.2185 - accuracy: 0.2124
35/98 [=========>....................] - ETA: 0s - loss: 2.2187 - accuracy: 0.2115
38/98 [==========>...................] - ETA: 0s - loss: 2.2182 - accuracy: 0.2104
42/98 [===========>..................] - ETA: 0s - loss: 2.2178 - accuracy: 0.2123
47/98 [=============>................] - ETA: 0s - loss: 2.2165 - accuracy: 0.2132
51/98 [==============>...............] - ETA: 0s - loss: 2.2158 - accuracy: 0.2143
55/98 [===============>..............] - ETA: 0s - loss: 2.2150 - accuracy: 0.2156
59/98 [=================>............] - ETA: 0s - loss: 2.2144 - accuracy: 0.2164
63/98 [==================>...........] - ETA: 0s - loss: 2.2133 - accuracy: 0.2181
68/98 [===================>..........] - ETA: 0s - loss: 2.2120 - accuracy: 0.2192
71/98 [====================>.........] - ETA: 0s - loss: 2.2117 - accuracy: 0.2199
75/98 [=====================>........] - ETA: 0s - loss: 2.2106 - accuracy: 0.2217
80/98 [=======================>......] - ETA: 0s - loss: 2.2096 - accuracy: 0.2228
84/98 [========================>.....] - ETA: 0s - loss: 2.2089 - accuracy: 0.2224
88/98 [=========================>....] - ETA: 0s - loss: 2.2084 - accuracy: 0.2228
93/98 [===========================>..] - ETA: 0s - loss: 2.2078 - accuracy: 0.2237
97/98 [============================>.] - ETA: 0s - loss: 2.2070 - accuracy: 0.2238
98/98 [==============================] - 2s 25ms/step - loss: 2.2069 - accuracy: 0.2238 - val_loss: 2.1853 - val_accuracy: 0.2593
Epoch 5/289

 1/98 [..............................] - ETA: 3s - loss: 2.1731 - accuracy: 0.2539
 6/98 [>.............................] - ETA: 1s - loss: 2.1863 - accuracy: 0.2451
10/98 [==>...........................] - ETA: 1s - loss: 2.1867 - accuracy: 0.2428
14/98 [===>..........................] - ETA: 1s - loss: 2.1864 - accuracy: 0.2397
18/98 [====>.........................] - ETA: 1s - loss: 2.1868 - accuracy: 0.2395
22/98 [=====>........................] - ETA: 1s - loss: 2.1856 - accuracy: 0.2389
26/98 [======>.......................] - ETA: 1s - loss: 2.1856 - accuracy: 0.2411
31/98 [========>.....................] - ETA: 0s - loss: 2.1836 - accuracy: 0.2434
35/98 [=========>....................] - ETA: 0s - loss: 2.1827 - accuracy: 0.2452
39/98 [==========>...................] - ETA: 0s - loss: 2.1826 - accuracy: 0.2440
43/98 [============>.................] - ETA: 0s - loss: 2.1818 - accuracy: 0.2448
47/98 [=============>................] - ETA: 0s - loss: 2.1807 - accuracy: 0.2447
52/98 [==============>...............] - ETA: 0s - loss: 2.1795 - accuracy: 0.2466
56/98 [================>.............] - ETA: 0s - loss: 2.1790 - accuracy: 0.2474
60/98 [=================>............] - ETA: 0s - loss: 2.1778 - accuracy: 0.2494
64/98 [==================>...........] - ETA: 0s - loss: 2.1771 - accuracy: 0.2494
68/98 [===================>..........] - ETA: 0s - loss: 2.1761 - accuracy: 0.2503
73/98 [=====================>........] - ETA: 0s - loss: 2.1755 - accuracy: 0.2506
77/98 [======================>.......] - ETA: 0s - loss: 2.1746 - accuracy: 0.2517
81/98 [=======================>......] - ETA: 0s - loss: 2.1737 - accuracy: 0.2530
85/98 [=========================>....] - ETA: 0s - loss: 2.1729 - accuracy: 0.2534
90/98 [==========================>...] - ETA: 0s - loss: 2.1722 - accuracy: 0.2545
94/98 [===========================>..] - ETA: 0s - loss: 2.1715 - accuracy: 0.2548
98/98 [==============================] - ETA: 0s - loss: 2.1708 - accuracy: 0.2549
98/98 [==============================] - 2s 25ms/step - loss: 2.1708 - accuracy: 0.2549 - val_loss: 2.1467 - val_accuracy: 0.2914
Epoch 6/289

 1/98 [..............................] - ETA: 3s - loss: 2.1531 - accuracy: 0.2695
 5/98 [>.............................] - ETA: 1s - loss: 2.1531 - accuracy: 0.2504
 9/98 [=>............................] - ETA: 1s - loss: 2.1495 - accuracy: 0.2546
14/98 [===>..........................] - ETA: 1s - loss: 2.1497 - accuracy: 0.2567
18/98 [====>.........................] - ETA: 1s - loss: 2.1492 - accuracy: 0.2572
22/98 [=====>........................] - ETA: 1s - loss: 2.1490 - accuracy: 0.2564
26/98 [======>.......................] - ETA: 1s - loss: 2.1474 - accuracy: 0.2582
30/98 [========>.....................] - ETA: 1s - loss: 2.1464 - accuracy: 0.2617
34/98 [=========>....................] - ETA: 0s - loss: 2.1458 - accuracy: 0.2632
39/98 [==========>...................] - ETA: 0s - loss: 2.1454 - accuracy: 0.2635
43/98 [============>.................] - ETA: 0s - loss: 2.1437 - accuracy: 0.2659
47/98 [=============>................] - ETA: 0s - loss: 2.1425 - accuracy: 0.2677
51/98 [==============>...............] - ETA: 0s - loss: 2.1415 - accuracy: 0.2688
55/98 [===============>..............] - ETA: 0s - loss: 2.1402 - accuracy: 0.2694
59/98 [=================>............] - ETA: 0s - loss: 2.1389 - accuracy: 0.2709
63/98 [==================>...........] - ETA: 0s - loss: 2.1389 - accuracy: 0.2705
67/98 [===================>..........] - ETA: 0s - loss: 2.1379 - accuracy: 0.2721
72/98 [=====================>........] - ETA: 0s - loss: 2.1369 - accuracy: 0.2733
76/98 [======================>.......] - ETA: 0s - loss: 2.1358 - accuracy: 0.2745
80/98 [=======================>......] - ETA: 0s - loss: 2.1347 - accuracy: 0.2761
84/98 [========================>.....] - ETA: 0s - loss: 2.1340 - accuracy: 0.2760
88/98 [=========================>....] - ETA: 0s - loss: 2.1332 - accuracy: 0.2758
92/98 [===========================>..] - ETA: 0s - loss: 2.1327 - accuracy: 0.2757
96/98 [============================>.] - ETA: 0s - loss: 2.1319 - accuracy: 0.2757
98/98 [==============================] - 2s 25ms/step - loss: 2.1312 - accuracy: 0.2762 - val_loss: 2.1045 - val_accuracy: 0.3058
Epoch 7/289

 1/98 [..............................] - ETA: 3s - loss: 2.1138 - accuracy: 0.2988
 5/98 [>.............................] - ETA: 1s - loss: 2.1109 - accuracy: 0.2863
 9/98 [=>............................] - ETA: 1s - loss: 2.1071 - accuracy: 0.2849
13/98 [==>...........................] - ETA: 1s - loss: 2.1070 - accuracy: 0.2838
17/98 [====>.........................] - ETA: 1s - loss: 2.1043 - accuracy: 0.2883
22/98 [=====>........................] - ETA: 1s - loss: 2.1023 - accuracy: 0.2896
26/98 [======>.......................] - ETA: 1s - loss: 2.1011 - accuracy: 0.2901
30/98 [========>.....................] - ETA: 1s - loss: 2.1015 - accuracy: 0.2891
34/98 [=========>....................] - ETA: 0s - loss: 2.1000 - accuracy: 0.2902
38/98 [==========>...................] - ETA: 0s - loss: 2.0990 - accuracy: 0.2898
42/98 [===========>..................] - ETA: 0s - loss: 2.0977 - accuracy: 0.2914
47/98 [=============>................] - ETA: 0s - loss: 2.0964 - accuracy: 0.2924
51/98 [==============>...............] - ETA: 0s - loss: 2.0964 - accuracy: 0.2920
55/98 [===============>..............] - ETA: 0s - loss: 2.0949 - accuracy: 0.2921
59/98 [=================>............] - ETA: 0s - loss: 2.0948 - accuracy: 0.2920
63/98 [==================>...........] - ETA: 0s - loss: 2.0951 - accuracy: 0.2921
68/98 [===================>..........] - ETA: 0s - loss: 2.0946 - accuracy: 0.2923
72/98 [=====================>........] - ETA: 0s - loss: 2.0944 - accuracy: 0.2921
76/98 [======================>.......] - ETA: 0s - loss: 2.0934 - accuracy: 0.2928
80/98 [=======================>......] - ETA: 0s - loss: 2.0926 - accuracy: 0.2929
84/98 [========================>.....] - ETA: 0s - loss: 2.0921 - accuracy: 0.2929
89/98 [==========================>...] - ETA: 0s - loss: 2.0907 - accuracy: 0.2941
93/98 [===========================>..] - ETA: 0s - loss: 2.0899 - accuracy: 0.2944
97/98 [============================>.] - ETA: 0s - loss: 2.0889 - accuracy: 0.2949
98/98 [==============================] - 2s 25ms/step - loss: 2.0888 - accuracy: 0.2952 - val_loss: 2.0617 - val_accuracy: 0.3325
Epoch 8/289

 1/98 [..............................] - ETA: 3s - loss: 2.0467 - accuracy: 0.3398
 5/98 [>.............................] - ETA: 1s - loss: 2.0593 - accuracy: 0.3187
 9/98 [=>............................] - ETA: 1s - loss: 2.0617 - accuracy: 0.3099
13/98 [==>...........................] - ETA: 1s - loss: 2.0630 - accuracy: 0.3105
17/98 [====>.........................] - ETA: 1s - loss: 2.0634 - accuracy: 0.3104
22/98 [=====>........................] - ETA: 1s - loss: 2.0623 - accuracy: 0.3075
26/98 [======>.......................] - ETA: 1s - loss: 2.0639 - accuracy: 0.3060
30/98 [========>.....................] - ETA: 1s - loss: 2.0617 - accuracy: 0.3079
35/98 [=========>....................] - ETA: 0s - loss: 2.0604 - accuracy: 0.3114
39/98 [==========>...................] - ETA: 0s - loss: 2.0595 - accuracy: 0.3122
43/98 [============>.................] - ETA: 0s - loss: 2.0580 - accuracy: 0.3128
47/98 [=============>................] - ETA: 0s - loss: 2.0578 - accuracy: 0.3119
52/98 [==============>...............] - ETA: 0s - loss: 2.0563 - accuracy: 0.3109
56/98 [================>.............] - ETA: 0s - loss: 2.0556 - accuracy: 0.3104
60/98 [=================>............] - ETA: 0s - loss: 2.0547 - accuracy: 0.3116
64/98 [==================>...........] - ETA: 0s - loss: 2.0544 - accuracy: 0.3106
68/98 [===================>..........] - ETA: 0s - loss: 2.0538 - accuracy: 0.3102
72/98 [=====================>........] - ETA: 0s - loss: 2.0529 - accuracy: 0.3110
76/98 [======================>.......] - ETA: 0s - loss: 2.0523 - accuracy: 0.3113
80/98 [=======================>......] - ETA: 0s - loss: 2.0517 - accuracy: 0.3114
85/98 [=========================>....] - ETA: 0s - loss: 2.0509 - accuracy: 0.3119
89/98 [==========================>...] - ETA: 0s - loss: 2.0500 - accuracy: 0.3126
93/98 [===========================>..] - ETA: 0s - loss: 2.0493 - accuracy: 0.3126
97/98 [============================>.] - ETA: 0s - loss: 2.0493 - accuracy: 0.3127
98/98 [==============================] - 2s 25ms/step - loss: 2.0489 - accuracy: 0.3128 - val_loss: 2.0244 - val_accuracy: 0.3419
Epoch 9/289

 1/98 [..............................] - ETA: 3s - loss: 2.0035 - accuracy: 0.3398
 5/98 [>.............................] - ETA: 1s - loss: 2.0235 - accuracy: 0.3227
10/98 [==>...........................] - ETA: 1s - loss: 2.0249 - accuracy: 0.3217
13/98 [==>...........................] - ETA: 1s - loss: 2.0234 - accuracy: 0.3203
17/98 [====>.........................] - ETA: 1s - loss: 2.0243 - accuracy: 0.3191
22/98 [=====>........................] - ETA: 1s - loss: 2.0240 - accuracy: 0.3181
26/98 [======>.......................] - ETA: 1s - loss: 2.0237 - accuracy: 0.3170
30/98 [========>.....................] - ETA: 0s - loss: 2.0233 - accuracy: 0.3170
35/98 [=========>....................] - ETA: 0s - loss: 2.0247 - accuracy: 0.3164
39/98 [==========>...................] - ETA: 0s - loss: 2.0248 - accuracy: 0.3164
43/98 [============>.................] - ETA: 0s - loss: 2.0238 - accuracy: 0.3164
48/98 [=============>................] - ETA: 0s - loss: 2.0230 - accuracy: 0.3169
52/98 [==============>...............] - ETA: 0s - loss: 2.0226 - accuracy: 0.3167
56/98 [================>.............] - ETA: 0s - loss: 2.0225 - accuracy: 0.3172
60/98 [=================>............] - ETA: 0s - loss: 2.0213 - accuracy: 0.3179
64/98 [==================>...........] - ETA: 0s - loss: 2.0210 - accuracy: 0.3178
68/98 [===================>..........] - ETA: 0s - loss: 2.0201 - accuracy: 0.3173
73/98 [=====================>........] - ETA: 0s - loss: 2.0179 - accuracy: 0.3191
78/98 [======================>.......] - ETA: 0s - loss: 2.0165 - accuracy: 0.3198
82/98 [========================>.....] - ETA: 0s - loss: 2.0162 - accuracy: 0.3193
86/98 [=========================>....] - ETA: 0s - loss: 2.0158 - accuracy: 0.3188
90/98 [==========================>...] - ETA: 0s - loss: 2.0155 - accuracy: 0.3192
94/98 [===========================>..] - ETA: 0s - loss: 2.0140 - accuracy: 0.3203
98/98 [==============================] - 2s 25ms/step - loss: 2.0140 - accuracy: 0.3204 - val_loss: 1.9917 - val_accuracy: 0.3523
Epoch 10/289

 1/98 [..............................] - ETA: 3s - loss: 1.9933 - accuracy: 0.3379
 5/98 [>.............................] - ETA: 1s - loss: 1.9933 - accuracy: 0.3320
 9/98 [=>............................] - ETA: 1s - loss: 1.9958 - accuracy: 0.3344
13/98 [==>...........................] - ETA: 1s - loss: 1.9938 - accuracy: 0.3361
18/98 [====>.........................] - ETA: 1s - loss: 1.9913 - accuracy: 0.3366
22/98 [=====>........................] - ETA: 1s - loss: 1.9926 - accuracy: 0.3358
26/98 [======>.......................] - ETA: 1s - loss: 1.9930 - accuracy: 0.3320
30/98 [========>.....................] - ETA: 1s - loss: 1.9916 - accuracy: 0.3326
34/98 [=========>....................] - ETA: 0s - loss: 1.9901 - accuracy: 0.3320
38/98 [==========>...................] - ETA: 0s - loss: 1.9913 - accuracy: 0.3307
42/98 [===========>..................] - ETA: 0s - loss: 1.9910 - accuracy: 0.3316
46/98 [=============>................] - ETA: 0s - loss: 1.9902 - accuracy: 0.3335
51/98 [==============>...............] - ETA: 0s - loss: 1.9904 - accuracy: 0.3330
55/98 [===============>..............] - ETA: 0s - loss: 1.9898 - accuracy: 0.3329
59/98 [=================>............] - ETA: 0s - loss: 1.9892 - accuracy: 0.3331
63/98 [==================>...........] - ETA: 0s - loss: 1.9879 - accuracy: 0.3337
68/98 [===================>..........] - ETA: 0s - loss: 1.9878 - accuracy: 0.3332
72/98 [=====================>........] - ETA: 0s - loss: 1.9872 - accuracy: 0.3334
76/98 [======================>.......] - ETA: 0s - loss: 1.9875 - accuracy: 0.3330
80/98 [=======================>......] - ETA: 0s - loss: 1.9868 - accuracy: 0.3338
84/98 [========================>.....] - ETA: 0s - loss: 1.9864 - accuracy: 0.3334
88/98 [=========================>....] - ETA: 0s - loss: 1.9843 - accuracy: 0.3356
92/98 [===========================>..] - ETA: 0s - loss: 1.9842 - accuracy: 0.3352
96/98 [============================>.] - ETA: 0s - loss: 1.9833 - accuracy: 0.3356
98/98 [==============================] - 2s 25ms/step - loss: 1.9830 - accuracy: 0.3355 - val_loss: 1.9622 - val_accuracy: 0.3583
Epoch 11/289

 1/98 [..............................] - ETA: 1s - loss: 2.0035 - accuracy: 0.3340
 5/98 [>.............................] - ETA: 1s - loss: 1.9770 - accuracy: 0.3438
 9/98 [=>............................] - ETA: 1s - loss: 1.9696 - accuracy: 0.3468
13/98 [==>...........................] - ETA: 1s - loss: 1.9693 - accuracy: 0.3436
17/98 [====>.........................] - ETA: 1s - loss: 1.9665 - accuracy: 0.3459
21/98 [=====>........................] - ETA: 1s - loss: 1.9685 - accuracy: 0.3404
26/98 [======>.......................] - ETA: 1s - loss: 1.9678 - accuracy: 0.3390
30/98 [========>.....................] - ETA: 1s - loss: 1.9655 - accuracy: 0.3389
34/98 [=========>....................] - ETA: 0s - loss: 1.9665 - accuracy: 0.3378
38/98 [==========>...................] - ETA: 0s - loss: 1.9646 - accuracy: 0.3398
42/98 [===========>..................] - ETA: 0s - loss: 1.9651 - accuracy: 0.3391
47/98 [=============>................] - ETA: 0s - loss: 1.9653 - accuracy: 0.3381
51/98 [==============>...............] - ETA: 0s - loss: 1.9630 - accuracy: 0.3396
55/98 [===============>..............] - ETA: 0s - loss: 1.9618 - accuracy: 0.3403
60/98 [=================>............] - ETA: 0s - loss: 1.9609 - accuracy: 0.3400
64/98 [==================>...........] - ETA: 0s - loss: 1.9613 - accuracy: 0.3400
68/98 [===================>..........] - ETA: 0s - loss: 1.9602 - accuracy: 0.3403
72/98 [=====================>........] - ETA: 0s - loss: 1.9593 - accuracy: 0.3404
76/98 [======================>.......] - ETA: 0s - loss: 1.9600 - accuracy: 0.3406
80/98 [=======================>......] - ETA: 0s - loss: 1.9597 - accuracy: 0.3406
85/98 [=========================>....] - ETA: 0s - loss: 1.9579 - accuracy: 0.3409
89/98 [==========================>...] - ETA: 0s - loss: 1.9568 - accuracy: 0.3409
93/98 [===========================>..] - ETA: 0s - loss: 1.9559 - accuracy: 0.3412
97/98 [============================>.] - ETA: 0s - loss: 1.9557 - accuracy: 0.3410
98/98 [==============================] - 2s 25ms/step - loss: 1.9559 - accuracy: 0.3410 - val_loss: 1.9356 - val_accuracy: 0.3654
Epoch 12/289

 1/98 [..............................] - ETA: 3s - loss: 1.9344 - accuracy: 0.3574
 5/98 [>.............................] - ETA: 1s - loss: 1.9517 - accuracy: 0.3434
 9/98 [=>............................] - ETA: 1s - loss: 1.9465 - accuracy: 0.3466
13/98 [==>...........................] - ETA: 1s - loss: 1.9443 - accuracy: 0.3472
17/98 [====>.........................] - ETA: 1s - loss: 1.9429 - accuracy: 0.3487
21/98 [=====>........................] - ETA: 1s - loss: 1.9401 - accuracy: 0.3467
26/98 [======>.......................] - ETA: 1s - loss: 1.9395 - accuracy: 0.3468
30/98 [========>.....................] - ETA: 1s - loss: 1.9403 - accuracy: 0.3467
34/98 [=========>....................] - ETA: 0s - loss: 1.9383 - accuracy: 0.3478
38/98 [==========>...................] - ETA: 0s - loss: 1.9371 - accuracy: 0.3473
42/98 [===========>..................] - ETA: 0s - loss: 1.9373 - accuracy: 0.3472
46/98 [=============>................] - ETA: 0s - loss: 1.9376 - accuracy: 0.3472
50/98 [==============>...............] - ETA: 0s - loss: 1.9377 - accuracy: 0.3479
55/98 [===============>..............] - ETA: 0s - loss: 1.9365 - accuracy: 0.3490
59/98 [=================>............] - ETA: 0s - loss: 1.9362 - accuracy: 0.3490
63/98 [==================>...........] - ETA: 0s - loss: 1.9352 - accuracy: 0.3493
67/98 [===================>..........] - ETA: 0s - loss: 1.9351 - accuracy: 0.3498
72/98 [=====================>........] - ETA: 0s - loss: 1.9351 - accuracy: 0.3494
76/98 [======================>.......] - ETA: 0s - loss: 1.9352 - accuracy: 0.3502
80/98 [=======================>......] - ETA: 0s - loss: 1.9348 - accuracy: 0.3504
84/98 [========================>.....] - ETA: 0s - loss: 1.9352 - accuracy: 0.3503
88/98 [=========================>....] - ETA: 0s - loss: 1.9337 - accuracy: 0.3505
92/98 [===========================>..] - ETA: 0s - loss: 1.9329 - accuracy: 0.3506
97/98 [============================>.] - ETA: 0s - loss: 1.9313 - accuracy: 0.3514
98/98 [==============================] - 2s 25ms/step - loss: 1.9312 - accuracy: 0.3513 - val_loss: 1.9123 - val_accuracy: 0.3730
Epoch 13/289

 1/98 [..............................] - ETA: 3s - loss: 1.8897 - accuracy: 0.3711
 5/98 [>.............................] - ETA: 1s - loss: 1.9067 - accuracy: 0.3676
 9/98 [=>............................] - ETA: 1s - loss: 1.9086 - accuracy: 0.3598
13/98 [==>...........................] - ETA: 1s - loss: 1.9153 - accuracy: 0.3534
17/98 [====>.........................] - ETA: 1s - loss: 1.9118 - accuracy: 0.3573
21/98 [=====>........................] - ETA: 1s - loss: 1.9137 - accuracy: 0.3570
26/98 [======>.......................] - ETA: 1s - loss: 1.9158 - accuracy: 0.3558
30/98 [========>.....................] - ETA: 1s - loss: 1.9168 - accuracy: 0.3559
34/98 [=========>....................] - ETA: 0s - loss: 1.9169 - accuracy: 0.3532
38/98 [==========>...................] - ETA: 0s - loss: 1.9147 - accuracy: 0.3540
42/98 [===========>..................] - ETA: 0s - loss: 1.9153 - accuracy: 0.3541
47/98 [=============>................] - ETA: 0s - loss: 1.9135 - accuracy: 0.3553
51/98 [==============>...............] - ETA: 0s - loss: 1.9123 - accuracy: 0.3570
56/98 [================>.............] - ETA: 0s - loss: 1.9135 - accuracy: 0.3566
60/98 [=================>............] - ETA: 0s - loss: 1.9140 - accuracy: 0.3554
64/98 [==================>...........] - ETA: 0s - loss: 1.9146 - accuracy: 0.3548
69/98 [====================>.........] - ETA: 0s - loss: 1.9137 - accuracy: 0.3542
75/98 [=====================>........] - ETA: 0s - loss: 1.9137 - accuracy: 0.3537
81/98 [=======================>......] - ETA: 0s - loss: 1.9129 - accuracy: 0.3539
87/98 [=========================>....] - ETA: 0s - loss: 1.9127 - accuracy: 0.3543
92/98 [===========================>..] - ETA: 0s - loss: 1.9119 - accuracy: 0.3546
98/98 [==============================] - ETA: 0s - loss: 1.9096 - accuracy: 0.3555
98/98 [==============================] - 2s 19ms/step - loss: 1.9096 - accuracy: 0.3555 - val_loss: 1.8919 - val_accuracy: 0.3763
Epoch 14/289

 1/98 [..............................] - ETA: 1s - loss: 1.9655 - accuracy: 0.3281
 6/98 [>.............................] - ETA: 1s - loss: 1.9007 - accuracy: 0.3480
12/98 [==>...........................] - ETA: 0s - loss: 1.8963 - accuracy: 0.3577
18/98 [====>.........................] - ETA: 0s - loss: 1.8927 - accuracy: 0.3596
24/98 [======>.......................] - ETA: 0s - loss: 1.8932 - accuracy: 0.3609
28/98 [=======>......................] - ETA: 0s - loss: 1.8907 - accuracy: 0.3624
33/98 [=========>....................] - ETA: 0s - loss: 1.8937 - accuracy: 0.3597
37/98 [==========>...................] - ETA: 0s - loss: 1.8935 - accuracy: 0.3601
41/98 [===========>..................] - ETA: 0s - loss: 1.8948 - accuracy: 0.3605
45/98 [============>.................] - ETA: 0s - loss: 1.8940 - accuracy: 0.3611
49/98 [==============>...............] - ETA: 0s - loss: 1.8949 - accuracy: 0.3603
54/98 [===============>..............] - ETA: 0s - loss: 1.8945 - accuracy: 0.3601
58/98 [================>.............] - ETA: 0s - loss: 1.8929 - accuracy: 0.3612
62/98 [=================>............] - ETA: 0s - loss: 1.8936 - accuracy: 0.3606
66/98 [===================>..........] - ETA: 0s - loss: 1.8928 - accuracy: 0.3612
70/98 [====================>.........] - ETA: 0s - loss: 1.8932 - accuracy: 0.3608
74/98 [=====================>........] - ETA: 0s - loss: 1.8927 - accuracy: 0.3605
78/98 [======================>.......] - ETA: 0s - loss: 1.8917 - accuracy: 0.3609
82/98 [========================>.....] - ETA: 0s - loss: 1.8924 - accuracy: 0.3608
86/98 [=========================>....] - ETA: 0s - loss: 1.8916 - accuracy: 0.3613
91/98 [==========================>...] - ETA: 0s - loss: 1.8910 - accuracy: 0.3616
95/98 [============================>.] - ETA: 0s - loss: 1.8910 - accuracy: 0.3617
98/98 [==============================] - 2s 24ms/step - loss: 1.8902 - accuracy: 0.3622 - val_loss: 1.8737 - val_accuracy: 0.3790
Epoch 15/289

 1/98 [..............................] - ETA: 3s - loss: 1.8300 - accuracy: 0.3945
 5/98 [>.............................] - ETA: 1s - loss: 1.8855 - accuracy: 0.3680
 9/98 [=>............................] - ETA: 1s - loss: 1.8771 - accuracy: 0.3683
14/98 [===>..........................] - ETA: 1s - loss: 1.8787 - accuracy: 0.3647
18/98 [====>.........................] - ETA: 1s - loss: 1.8738 - accuracy: 0.3653
22/98 [=====>........................] - ETA: 1s - loss: 1.8747 - accuracy: 0.3635
26/98 [======>.......................] - ETA: 1s - loss: 1.8733 - accuracy: 0.3646
30/98 [========>.....................] - ETA: 1s - loss: 1.8717 - accuracy: 0.3648
34/98 [=========>....................] - ETA: 0s - loss: 1.8731 - accuracy: 0.3647
39/98 [==========>...................] - ETA: 0s - loss: 1.8735 - accuracy: 0.3643
43/98 [============>.................] - ETA: 0s - loss: 1.8734 - accuracy: 0.3638
47/98 [=============>................] - ETA: 0s - loss: 1.8714 - accuracy: 0.3658
51/98 [==============>...............] - ETA: 0s - loss: 1.8704 - accuracy: 0.3652
56/98 [================>.............] - ETA: 0s - loss: 1.8696 - accuracy: 0.3646
60/98 [=================>............] - ETA: 0s - loss: 1.8712 - accuracy: 0.3636
64/98 [==================>...........] - ETA: 0s - loss: 1.8714 - accuracy: 0.3639
69/98 [====================>.........] - ETA: 0s - loss: 1.8717 - accuracy: 0.3638
73/98 [=====================>........] - ETA: 0s - loss: 1.8724 - accuracy: 0.3624
77/98 [======================>.......] - ETA: 0s - loss: 1.8725 - accuracy: 0.3623
81/98 [=======================>......] - ETA: 0s - loss: 1.8710 - accuracy: 0.3638
85/98 [=========================>....] - ETA: 0s - loss: 1.8704 - accuracy: 0.3646
89/98 [==========================>...] - ETA: 0s - loss: 1.8710 - accuracy: 0.3647
93/98 [===========================>..] - ETA: 0s - loss: 1.8714 - accuracy: 0.3648
97/98 [============================>.] - ETA: 0s - loss: 1.8715 - accuracy: 0.3649
98/98 [==============================] - 2s 25ms/step - loss: 1.8718 - accuracy: 0.3647 - val_loss: 1.8576 - val_accuracy: 0.3852
Epoch 16/289

 1/98 [..............................] - ETA: 1s - loss: 1.8589 - accuracy: 0.3809
 5/98 [>.............................] - ETA: 1s - loss: 1.8704 - accuracy: 0.3637
 9/98 [=>............................] - ETA: 1s - loss: 1.8638 - accuracy: 0.3720
13/98 [==>...........................] - ETA: 1s - loss: 1.8635 - accuracy: 0.3685
17/98 [====>.........................] - ETA: 1s - loss: 1.8512 - accuracy: 0.3705
21/98 [=====>........................] - ETA: 1s - loss: 1.8485 - accuracy: 0.3730
26/98 [======>.......................] - ETA: 1s - loss: 1.8531 - accuracy: 0.3673
30/98 [========>.....................] - ETA: 1s - loss: 1.8555 - accuracy: 0.3651
34/98 [=========>....................] - ETA: 0s - loss: 1.8573 - accuracy: 0.3645
38/98 [==========>...................] - ETA: 0s - loss: 1.8560 - accuracy: 0.3662
43/98 [============>.................] - ETA: 0s - loss: 1.8527 - accuracy: 0.3683
47/98 [=============>................] - ETA: 0s - loss: 1.8536 - accuracy: 0.3696
51/98 [==============>...............] - ETA: 0s - loss: 1.8544 - accuracy: 0.3705
55/98 [===============>..............] - ETA: 0s - loss: 1.8547 - accuracy: 0.3700
59/98 [=================>............] - ETA: 0s - loss: 1.8553 - accuracy: 0.3703
64/98 [==================>...........] - ETA: 0s - loss: 1.8557 - accuracy: 0.3702
68/98 [===================>..........] - ETA: 0s - loss: 1.8550 - accuracy: 0.3701
72/98 [=====================>........] - ETA: 0s - loss: 1.8559 - accuracy: 0.3693
76/98 [======================>.......] - ETA: 0s - loss: 1.8551 - accuracy: 0.3696
81/98 [=======================>......] - ETA: 0s - loss: 1.8558 - accuracy: 0.3691
85/98 [=========================>....] - ETA: 0s - loss: 1.8566 - accuracy: 0.3681
89/98 [==========================>...] - ETA: 0s - loss: 1.8564 - accuracy: 0.3680
93/98 [===========================>..] - ETA: 0s - loss: 1.8568 - accuracy: 0.3680
98/98 [==============================] - ETA: 0s - loss: 1.8570 - accuracy: 0.3671
98/98 [==============================] - 2s 25ms/step - loss: 1.8570 - accuracy: 0.3671 - val_loss: 1.8428 - val_accuracy: 0.3866
Epoch 17/289

 1/98 [..............................] - ETA: 3s - loss: 1.8627 - accuracy: 0.3594
 5/98 [>.............................] - ETA: 1s - loss: 1.8489 - accuracy: 0.3758
 9/98 [=>............................] - ETA: 1s - loss: 1.8386 - accuracy: 0.3787
13/98 [==>...........................] - ETA: 1s - loss: 1.8428 - accuracy: 0.3768
18/98 [====>.........................] - ETA: 1s - loss: 1.8413 - accuracy: 0.3766
22/98 [=====>........................] - ETA: 1s - loss: 1.8475 - accuracy: 0.3687
26/98 [======>.......................] - ETA: 1s - loss: 1.8483 - accuracy: 0.3691
30/98 [========>.....................] - ETA: 1s - loss: 1.8491 - accuracy: 0.3692
34/98 [=========>....................] - ETA: 0s - loss: 1.8491 - accuracy: 0.3697
38/98 [==========>...................] - ETA: 0s - loss: 1.8475 - accuracy: 0.3702
43/98 [============>.................] - ETA: 0s - loss: 1.8486 - accuracy: 0.3698
47/98 [=============>................] - ETA: 0s - loss: 1.8481 - accuracy: 0.3706
51/98 [==============>...............] - ETA: 0s - loss: 1.8468 - accuracy: 0.3711
55/98 [===============>..............] - ETA: 0s - loss: 1.8460 - accuracy: 0.3716
60/98 [=================>............] - ETA: 0s - loss: 1.8464 - accuracy: 0.3706
65/98 [==================>...........] - ETA: 0s - loss: 1.8468 - accuracy: 0.3706
69/98 [====================>.........] - ETA: 0s - loss: 1.8469 - accuracy: 0.3711
73/98 [=====================>........] - ETA: 0s - loss: 1.8473 - accuracy: 0.3707
78/98 [======================>.......] - ETA: 0s - loss: 1.8473 - accuracy: 0.3710
82/98 [========================>.....] - ETA: 0s - loss: 1.8473 - accuracy: 0.3715
86/98 [=========================>....] - ETA: 0s - loss: 1.8470 - accuracy: 0.3723
90/98 [==========================>...] - ETA: 0s - loss: 1.8456 - accuracy: 0.3724
95/98 [============================>.] - ETA: 0s - loss: 1.8448 - accuracy: 0.3729
98/98 [==============================] - 2s 25ms/step - loss: 1.8452 - accuracy: 0.3732 - val_loss: 1.8301 - val_accuracy: 0.3915
Epoch 18/289

 1/98 [..............................] - ETA: 3s - loss: 1.8106 - accuracy: 0.3828
 6/98 [>.............................] - ETA: 1s - loss: 1.8386 - accuracy: 0.3665
10/98 [==>...........................] - ETA: 1s - loss: 1.8338 - accuracy: 0.3693
14/98 [===>..........................] - ETA: 1s - loss: 1.8271 - accuracy: 0.3771
18/98 [====>.........................] - ETA: 1s - loss: 1.8335 - accuracy: 0.3736
22/98 [=====>........................] - ETA: 1s - loss: 1.8316 - accuracy: 0.3743
26/98 [======>.......................] - ETA: 1s - loss: 1.8350 - accuracy: 0.3716
30/98 [========>.....................] - ETA: 0s - loss: 1.8317 - accuracy: 0.3747
34/98 [=========>....................] - ETA: 0s - loss: 1.8338 - accuracy: 0.3747
38/98 [==========>...................] - ETA: 0s - loss: 1.8335 - accuracy: 0.3760
42/98 [===========>..................] - ETA: 0s - loss: 1.8315 - accuracy: 0.3770
46/98 [=============>................] - ETA: 0s - loss: 1.8323 - accuracy: 0.3777
50/98 [==============>...............] - ETA: 0s - loss: 1.8317 - accuracy: 0.3782
55/98 [===============>..............] - ETA: 0s - loss: 1.8314 - accuracy: 0.3777
59/98 [=================>............] - ETA: 0s - loss: 1.8323 - accuracy: 0.3774
63/98 [==================>...........] - ETA: 0s - loss: 1.8340 - accuracy: 0.3770
67/98 [===================>..........] - ETA: 0s - loss: 1.8333 - accuracy: 0.3774
71/98 [====================>.........] - ETA: 0s - loss: 1.8315 - accuracy: 0.3789
75/98 [=====================>........] - ETA: 0s - loss: 1.8327 - accuracy: 0.3786
80/98 [=======================>......] - ETA: 0s - loss: 1.8330 - accuracy: 0.3790
84/98 [========================>.....] - ETA: 0s - loss: 1.8334 - accuracy: 0.3786
88/98 [=========================>....] - ETA: 0s - loss: 1.8332 - accuracy: 0.3790
93/98 [===========================>..] - ETA: 0s - loss: 1.8334 - accuracy: 0.3784
96/98 [============================>.] - ETA: 0s - loss: 1.8334 - accuracy: 0.3779
98/98 [==============================] - 2s 25ms/step - loss: 1.8328 - accuracy: 0.3780 - val_loss: 1.8183 - val_accuracy: 0.3930
Epoch 19/289

