2024-07-26 09:58:28.497049: I tensorflow/core/platform/cpu_feature_guard.cc:193] This TensorFlow binary is optimized with oneAPI Deep Neural Network Library (oneDNN) to use the following CPU instructions in performance-critical operations:  AVX AVX2
To enable them in other operations, rebuild TensorFlow with the appropriate compiler flags.
2024-07-26 09:58:28.954562: I tensorflow/core/common_runtime/gpu/gpu_device.cc:1616] Created device /job:localhost/replica:0/task:0/device:GPU:0 with 6656 MB memory:  -> device: 0, name: NVIDIA GeForce RTX 4060 Ti, pci bus id: 0000:01:00.0, compute capability: 8.9
1 Physical GPUs, 1 Logical GPUs
Model: "sequential"
_________________________________________________________________
 Layer (type)                Output Shape              Param #   
=================================================================
 conv2d (Conv2D)             (None, 32, 32, 32)        896       
                                                                 
 max_pooling2d (MaxPooling2D  (None, 16, 16, 32)       0         
 )                                                               
                                                                 
 dropout (Dropout)           (None, 16, 16, 32)        0         
                                                                 
 flatten (Flatten)           (None, 8192)              0         
                                                                 
 dense (Dense)               (None, 10)                81930     
                                                                 
=================================================================
Total params: 82,826
Trainable params: 82,826
Non-trainable params: 0
_________________________________________________________________
Taxa de aprendizado:  1e-05 Num de épocas:  289 Tamanho do lote:  512 Dropout:  0.17
Epoch 1/289
2024-07-26 09:58:29.963421: I tensorflow/stream_executor/cuda/cuda_dnn.cc:384] Loaded cuDNN version 8100
2024-07-26 09:58:30.594788: W tensorflow/stream_executor/gpu/redzone_allocator.cc:314] INTERNAL: ptxas exited with non-zero error code -1, output: 
Relying on driver to perform ptx compilation. 
Modify $PATH to customize ptxas location.
This message will be only logged once.
2024-07-26 09:58:31.159121: I tensorflow/stream_executor/cuda/cuda_blas.cc:1614] TensorFloat-32 will be used for the matrix multiplication. This will only be logged once.

 1/98 [..............................] - ETA: 3:28 - loss: 2.4096 - accuracy: 0.1016
 8/98 [=>............................] - ETA: 0s - loss: 2.4068 - accuracy: 0.1028  
15/98 [===>..........................] - ETA: 0s - loss: 2.3992 - accuracy: 0.0996
21/98 [=====>........................] - ETA: 0s - loss: 2.3880 - accuracy: 0.0986
27/98 [=======>......................] - ETA: 0s - loss: 2.3787 - accuracy: 0.0999
33/98 [=========>....................] - ETA: 0s - loss: 2.3697 - accuracy: 0.1004
40/98 [===========>..................] - ETA: 0s - loss: 2.3624 - accuracy: 0.1003
46/98 [=============>................] - ETA: 0s - loss: 2.3554 - accuracy: 0.1008
53/98 [===============>..............] - ETA: 0s - loss: 2.3491 - accuracy: 0.1016
59/98 [=================>............] - ETA: 0s - loss: 2.3450 - accuracy: 0.1025
64/98 [==================>...........] - ETA: 0s - loss: 2.3419 - accuracy: 0.1020
69/98 [====================>.........] - ETA: 0s - loss: 2.3386 - accuracy: 0.1029
75/98 [=====================>........] - ETA: 0s - loss: 2.3350 - accuracy: 0.1037
80/98 [=======================>......] - ETA: 0s - loss: 2.3329 - accuracy: 0.1037
86/98 [=========================>....] - ETA: 0s - loss: 2.3297 - accuracy: 0.1055
93/98 [===========================>..] - ETA: 0s - loss: 2.3266 - accuracy: 0.1064
98/98 [==============================] - 4s 16ms/step - loss: 2.3245 - accuracy: 0.1079 - val_loss: 2.2758 - val_accuracy: 0.1450
Epoch 2/289

 1/98 [..............................] - ETA: 1s - loss: 2.2896 - accuracy: 0.1309
 7/98 [=>............................] - ETA: 1s - loss: 2.2853 - accuracy: 0.1306
14/98 [===>..........................] - ETA: 0s - loss: 2.2836 - accuracy: 0.1293
20/98 [=====>........................] - ETA: 0s - loss: 2.2816 - accuracy: 0.1318
27/98 [=======>......................] - ETA: 0s - loss: 2.2805 - accuracy: 0.1364
34/98 [=========>....................] - ETA: 0s - loss: 2.2792 - accuracy: 0.1367
41/98 [===========>..................] - ETA: 0s - loss: 2.2778 - accuracy: 0.1369
48/98 [=============>................] - ETA: 0s - loss: 2.2764 - accuracy: 0.1377
55/98 [===============>..............] - ETA: 0s - loss: 2.2751 - accuracy: 0.1395
62/98 [=================>............] - ETA: 0s - loss: 2.2733 - accuracy: 0.1412
69/98 [====================>.........] - ETA: 0s - loss: 2.2720 - accuracy: 0.1424
76/98 [======================>.......] - ETA: 0s - loss: 2.2708 - accuracy: 0.1422
83/98 [========================>.....] - ETA: 0s - loss: 2.2700 - accuracy: 0.1427
89/98 [==========================>...] - ETA: 0s - loss: 2.2680 - accuracy: 0.1446
96/98 [============================>.] - ETA: 0s - loss: 2.2667 - accuracy: 0.1457
98/98 [==============================] - 1s 13ms/step - loss: 2.2666 - accuracy: 0.1456 - val_loss: 2.2404 - val_accuracy: 0.1985
Epoch 3/289

 1/98 [..............................] - ETA: 1s - loss: 2.2436 - accuracy: 0.1719
 7/98 [=>............................] - ETA: 0s - loss: 2.2502 - accuracy: 0.1652
13/98 [==>...........................] - ETA: 0s - loss: 2.2481 - accuracy: 0.1662
19/98 [====>.........................] - ETA: 0s - loss: 2.2476 - accuracy: 0.1640
26/98 [======>.......................] - ETA: 0s - loss: 2.2454 - accuracy: 0.1660
33/98 [=========>....................] - ETA: 0s - loss: 2.2442 - accuracy: 0.1687
40/98 [===========>..................] - ETA: 0s - loss: 2.2419 - accuracy: 0.1696
47/98 [=============>................] - ETA: 0s - loss: 2.2417 - accuracy: 0.1687
54/98 [===============>..............] - ETA: 0s - loss: 2.2403 - accuracy: 0.1716
61/98 [=================>............] - ETA: 0s - loss: 2.2391 - accuracy: 0.1722
68/98 [===================>..........] - ETA: 0s - loss: 2.2371 - accuracy: 0.1748
74/98 [=====================>........] - ETA: 0s - loss: 2.2355 - accuracy: 0.1760
80/98 [=======================>......] - ETA: 0s - loss: 2.2345 - accuracy: 0.1765
87/98 [=========================>....] - ETA: 0s - loss: 2.2330 - accuracy: 0.1771
93/98 [===========================>..] - ETA: 0s - loss: 2.2322 - accuracy: 0.1776
98/98 [==============================] - 1s 14ms/step - loss: 2.2319 - accuracy: 0.1778 - val_loss: 2.2074 - val_accuracy: 0.2382
Epoch 4/289

 1/98 [..............................] - ETA: 1s - loss: 2.2191 - accuracy: 0.1973
 7/98 [=>............................] - ETA: 0s - loss: 2.2124 - accuracy: 0.1953
13/98 [==>...........................] - ETA: 0s - loss: 2.2089 - accuracy: 0.1968
20/98 [=====>........................] - ETA: 0s - loss: 2.2123 - accuracy: 0.1939
27/98 [=======>......................] - ETA: 0s - loss: 2.2118 - accuracy: 0.1942
33/98 [=========>....................] - ETA: 0s - loss: 2.2101 - accuracy: 0.1951
39/98 [==========>...................] - ETA: 0s - loss: 2.2094 - accuracy: 0.1940
46/98 [=============>................] - ETA: 0s - loss: 2.2081 - accuracy: 0.1938
53/98 [===============>..............] - ETA: 0s - loss: 2.2071 - accuracy: 0.1953
60/98 [=================>............] - ETA: 0s - loss: 2.2059 - accuracy: 0.1973
67/98 [===================>..........] - ETA: 0s - loss: 2.2051 - accuracy: 0.1978
74/98 [=====================>........] - ETA: 0s - loss: 2.2042 - accuracy: 0.1985
81/98 [=======================>......] - ETA: 0s - loss: 2.2032 - accuracy: 0.1996
88/98 [=========================>....] - ETA: 0s - loss: 2.2016 - accuracy: 0.2013
94/98 [===========================>..] - ETA: 0s - loss: 2.2002 - accuracy: 0.2029
98/98 [==============================] - 1s 14ms/step - loss: 2.1997 - accuracy: 0.2034 - val_loss: 2.1761 - val_accuracy: 0.2588
Epoch 5/289

 1/98 [..............................] - ETA: 1s - loss: 2.1972 - accuracy: 0.1875
 6/98 [>.............................] - ETA: 1s - loss: 2.1859 - accuracy: 0.2132
13/98 [==>...........................] - ETA: 0s - loss: 2.1860 - accuracy: 0.2114
20/98 [=====>........................] - ETA: 0s - loss: 2.1840 - accuracy: 0.2117
26/98 [======>.......................] - ETA: 0s - loss: 2.1808 - accuracy: 0.2145
32/98 [========>.....................] - ETA: 0s - loss: 2.1780 - accuracy: 0.2159
39/98 [==========>...................] - ETA: 0s - loss: 2.1770 - accuracy: 0.2164
46/98 [=============>................] - ETA: 0s - loss: 2.1754 - accuracy: 0.2189
53/98 [===============>..............] - ETA: 0s - loss: 2.1745 - accuracy: 0.2200
59/98 [=================>............] - ETA: 0s - loss: 2.1740 - accuracy: 0.2193
66/98 [===================>..........] - ETA: 0s - loss: 2.1729 - accuracy: 0.2203
73/98 [=====================>........] - ETA: 0s - loss: 2.1725 - accuracy: 0.2206
80/98 [=======================>......] - ETA: 0s - loss: 2.1709 - accuracy: 0.2218
87/98 [=========================>....] - ETA: 0s - loss: 2.1705 - accuracy: 0.2229
93/98 [===========================>..] - ETA: 0s - loss: 2.1689 - accuracy: 0.2240
98/98 [==============================] - 1s 14ms/step - loss: 2.1685 - accuracy: 0.2241 - val_loss: 2.1462 - val_accuracy: 0.2664
Epoch 6/289

 1/98 [..............................] - ETA: 1s - loss: 2.1537 - accuracy: 0.2461
 8/98 [=>............................] - ETA: 0s - loss: 2.1534 - accuracy: 0.2373
15/98 [===>..........................] - ETA: 0s - loss: 2.1547 - accuracy: 0.2350
21/98 [=====>........................] - ETA: 0s - loss: 2.1542 - accuracy: 0.2336
28/98 [=======>......................] - ETA: 0s - loss: 2.1533 - accuracy: 0.2334
34/98 [=========>....................] - ETA: 0s - loss: 2.1520 - accuracy: 0.2356
41/98 [===========>..................] - ETA: 0s - loss: 2.1498 - accuracy: 0.2351
48/98 [=============>................] - ETA: 0s - loss: 2.1491 - accuracy: 0.2351
55/98 [===============>..............] - ETA: 0s - loss: 2.1474 - accuracy: 0.2363
62/98 [=================>............] - ETA: 0s - loss: 2.1461 - accuracy: 0.2365
69/98 [====================>.........] - ETA: 0s - loss: 2.1438 - accuracy: 0.2377
75/98 [=====================>........] - ETA: 0s - loss: 2.1436 - accuracy: 0.2381
82/98 [========================>.....] - ETA: 0s - loss: 2.1426 - accuracy: 0.2389
89/98 [==========================>...] - ETA: 0s - loss: 2.1415 - accuracy: 0.2388
95/98 [============================>.] - ETA: 0s - loss: 2.1402 - accuracy: 0.2400
98/98 [==============================] - 1s 13ms/step - loss: 2.1398 - accuracy: 0.2399 - val_loss: 2.1177 - val_accuracy: 0.2768
Epoch 7/289

 1/98 [..............................] - ETA: 1s - loss: 2.1311 - accuracy: 0.2285
 8/98 [=>............................] - ETA: 0s - loss: 2.1270 - accuracy: 0.2458
15/98 [===>..........................] - ETA: 0s - loss: 2.1228 - accuracy: 0.2491
22/98 [=====>........................] - ETA: 0s - loss: 2.1217 - accuracy: 0.2480
29/98 [=======>......................] - ETA: 0s - loss: 2.1201 - accuracy: 0.2473
35/98 [=========>....................] - ETA: 0s - loss: 2.1178 - accuracy: 0.2492
41/98 [===========>..................] - ETA: 0s - loss: 2.1179 - accuracy: 0.2495
48/98 [=============>................] - ETA: 0s - loss: 2.1177 - accuracy: 0.2503
54/98 [===============>..............] - ETA: 0s - loss: 2.1177 - accuracy: 0.2511
62/98 [=================>............] - ETA: 0s - loss: 2.1180 - accuracy: 0.2512
69/98 [====================>.........] - ETA: 0s - loss: 2.1178 - accuracy: 0.2509
75/98 [=====================>........] - ETA: 0s - loss: 2.1165 - accuracy: 0.2524
83/98 [========================>.....] - ETA: 0s - loss: 2.1149 - accuracy: 0.2548
89/98 [==========================>...] - ETA: 0s - loss: 2.1142 - accuracy: 0.2550
96/98 [============================>.] - ETA: 0s - loss: 2.1135 - accuracy: 0.2558
98/98 [==============================] - 1s 13ms/step - loss: 2.1133 - accuracy: 0.2557 - val_loss: 2.0916 - val_accuracy: 0.2870
Epoch 8/289

 1/98 [..............................] - ETA: 1s - loss: 2.1103 - accuracy: 0.2402
 6/98 [>.............................] - ETA: 1s - loss: 2.1048 - accuracy: 0.2526
11/98 [==>...........................] - ETA: 1s - loss: 2.1016 - accuracy: 0.2578
16/98 [===>..........................] - ETA: 1s - loss: 2.0988 - accuracy: 0.2587
22/98 [=====>........................] - ETA: 0s - loss: 2.0966 - accuracy: 0.2608
27/98 [=======>......................] - ETA: 0s - loss: 2.0939 - accuracy: 0.2632
33/98 [=========>....................] - ETA: 0s - loss: 2.0956 - accuracy: 0.2609
39/98 [==========>...................] - ETA: 0s - loss: 2.0951 - accuracy: 0.2618
46/98 [=============>................] - ETA: 0s - loss: 2.0941 - accuracy: 0.2611
53/98 [===============>..............] - ETA: 0s - loss: 2.0932 - accuracy: 0.2618
59/98 [=================>............] - ETA: 0s - loss: 2.0925 - accuracy: 0.2622
65/98 [==================>...........] - ETA: 0s - loss: 2.0915 - accuracy: 0.2627
71/98 [====================>.........] - ETA: 0s - loss: 2.0906 - accuracy: 0.2627
78/98 [======================>.......] - ETA: 0s - loss: 2.0906 - accuracy: 0.2618
85/98 [=========================>....] - ETA: 0s - loss: 2.0898 - accuracy: 0.2630
92/98 [===========================>..] - ETA: 0s - loss: 2.0890 - accuracy: 0.2633
98/98 [==============================] - 1s 15ms/step - loss: 2.0877 - accuracy: 0.2645 - val_loss: 2.0680 - val_accuracy: 0.3024
Epoch 9/289

 1/98 [..............................] - ETA: 1s - loss: 2.0786 - accuracy: 0.2598
 7/98 [=>............................] - ETA: 0s - loss: 2.0887 - accuracy: 0.2676
14/98 [===>..........................] - ETA: 0s - loss: 2.0777 - accuracy: 0.2690
21/98 [=====>........................] - ETA: 0s - loss: 2.0748 - accuracy: 0.2733
28/98 [=======>......................] - ETA: 0s - loss: 2.0743 - accuracy: 0.2734
35/98 [=========>....................] - ETA: 0s - loss: 2.0727 - accuracy: 0.2733
43/98 [============>.................] - ETA: 0s - loss: 2.0715 - accuracy: 0.2765
50/98 [==============>...............] - ETA: 0s - loss: 2.0692 - accuracy: 0.2782
57/98 [================>.............] - ETA: 0s - loss: 2.0680 - accuracy: 0.2790
63/98 [==================>...........] - ETA: 0s - loss: 2.0669 - accuracy: 0.2783
70/98 [====================>.........] - ETA: 0s - loss: 2.0666 - accuracy: 0.2779
76/98 [======================>.......] - ETA: 0s - loss: 2.0667 - accuracy: 0.2783
83/98 [========================>.....] - ETA: 0s - loss: 2.0659 - accuracy: 0.2781
89/98 [==========================>...] - ETA: 0s - loss: 2.0658 - accuracy: 0.2782
97/98 [============================>.] - ETA: 0s - loss: 2.0647 - accuracy: 0.2790
98/98 [==============================] - 1s 13ms/step - loss: 2.0645 - accuracy: 0.2789 - val_loss: 2.0456 - val_accuracy: 0.3103
Epoch 10/289

 1/98 [..............................] - ETA: 1s - loss: 2.0534 - accuracy: 0.2910
 7/98 [=>............................] - ETA: 0s - loss: 2.0411 - accuracy: 0.2952
14/98 [===>..........................] - ETA: 0s - loss: 2.0470 - accuracy: 0.2916
20/98 [=====>........................] - ETA: 0s - loss: 2.0491 - accuracy: 0.2898
27/98 [=======>......................] - ETA: 0s - loss: 2.0499 - accuracy: 0.2893
34/98 [=========>....................] - ETA: 0s - loss: 2.0511 - accuracy: 0.2880
41/98 [===========>..................] - ETA: 0s - loss: 2.0523 - accuracy: 0.2884
48/98 [=============>................] - ETA: 0s - loss: 2.0500 - accuracy: 0.2897
54/98 [===============>..............] - ETA: 0s - loss: 2.0485 - accuracy: 0.2897
61/98 [=================>............] - ETA: 0s - loss: 2.0478 - accuracy: 0.2901
66/98 [===================>..........] - ETA: 0s - loss: 2.0475 - accuracy: 0.2891
73/98 [=====================>........] - ETA: 0s - loss: 2.0465 - accuracy: 0.2877
79/98 [=======================>......] - ETA: 0s - loss: 2.0462 - accuracy: 0.2878
86/98 [=========================>....] - ETA: 0s - loss: 2.0466 - accuracy: 0.2862
93/98 [===========================>..] - ETA: 0s - loss: 2.0456 - accuracy: 0.2862
98/98 [==============================] - 1s 13ms/step - loss: 2.0455 - accuracy: 0.2860 - val_loss: 2.0247 - val_accuracy: 0.3146
Epoch 11/289

 1/98 [..............................] - ETA: 1s - loss: 2.0290 - accuracy: 0.2891
 7/98 [=>............................] - ETA: 0s - loss: 2.0174 - accuracy: 0.2972
13/98 [==>...........................] - ETA: 0s - loss: 2.0237 - accuracy: 0.2949
20/98 [=====>........................] - ETA: 0s - loss: 2.0256 - accuracy: 0.2941
27/98 [=======>......................] - ETA: 0s - loss: 2.0275 - accuracy: 0.2930
34/98 [=========>....................] - ETA: 0s - loss: 2.0305 - accuracy: 0.2911
41/98 [===========>..................] - ETA: 0s - loss: 2.0283 - accuracy: 0.2917
48/98 [=============>................] - ETA: 0s - loss: 2.0278 - accuracy: 0.2921
55/98 [===============>..............] - ETA: 0s - loss: 2.0278 - accuracy: 0.2913
62/98 [=================>............] - ETA: 0s - loss: 2.0262 - accuracy: 0.2936
69/98 [====================>.........] - ETA: 0s - loss: 2.0260 - accuracy: 0.2942
76/98 [======================>.......] - ETA: 0s - loss: 2.0249 - accuracy: 0.2946
83/98 [========================>.....] - ETA: 0s - loss: 2.0249 - accuracy: 0.2949
90/98 [==========================>...] - ETA: 0s - loss: 2.0236 - accuracy: 0.2956
96/98 [============================>.] - ETA: 0s - loss: 2.0238 - accuracy: 0.2955
98/98 [==============================] - 1s 13ms/step - loss: 2.0239 - accuracy: 0.2956 - val_loss: 2.0053 - val_accuracy: 0.3258
Epoch 12/289

 1/98 [..............................] - ETA: 3s - loss: 2.0214 - accuracy: 0.3086
 8/98 [=>............................] - ETA: 0s - loss: 2.0189 - accuracy: 0.3099
15/98 [===>..........................] - ETA: 0s - loss: 2.0076 - accuracy: 0.3112
22/98 [=====>........................] - ETA: 0s - loss: 2.0136 - accuracy: 0.3042
28/98 [=======>......................] - ETA: 0s - loss: 2.0117 - accuracy: 0.3029
35/98 [=========>....................] - ETA: 0s - loss: 2.0140 - accuracy: 0.3012
43/98 [============>.................] - ETA: 0s - loss: 2.0156 - accuracy: 0.3005
50/98 [==============>...............] - ETA: 0s - loss: 2.0123 - accuracy: 0.3026
57/98 [================>.............] - ETA: 0s - loss: 2.0116 - accuracy: 0.3028
65/98 [==================>...........] - ETA: 0s - loss: 2.0111 - accuracy: 0.3027
72/98 [=====================>........] - ETA: 0s - loss: 2.0105 - accuracy: 0.3023
79/98 [=======================>......] - ETA: 0s - loss: 2.0100 - accuracy: 0.3021
84/98 [========================>.....] - ETA: 0s - loss: 2.0090 - accuracy: 0.3027
90/98 [==========================>...] - ETA: 0s - loss: 2.0076 - accuracy: 0.3030
96/98 [============================>.] - ETA: 0s - loss: 2.0063 - accuracy: 0.3038
98/98 [==============================] - 1s 13ms/step - loss: 2.0058 - accuracy: 0.3042 - val_loss: 1.9870 - val_accuracy: 0.3271
Epoch 13/289

 1/98 [..............................] - ETA: 3s - loss: 1.9801 - accuracy: 0.2969
 8/98 [=>............................] - ETA: 0s - loss: 1.9778 - accuracy: 0.3157
15/98 [===>..........................] - ETA: 0s - loss: 1.9882 - accuracy: 0.3105
22/98 [=====>........................] - ETA: 0s - loss: 1.9910 - accuracy: 0.3089
29/98 [=======>......................] - ETA: 0s - loss: 1.9884 - accuracy: 0.3128
35/98 [=========>....................] - ETA: 0s - loss: 1.9890 - accuracy: 0.3126
42/98 [===========>..................] - ETA: 0s - loss: 1.9912 - accuracy: 0.3109
49/98 [==============>...............] - ETA: 0s - loss: 1.9921 - accuracy: 0.3110
56/98 [================>.............] - ETA: 0s - loss: 1.9913 - accuracy: 0.3112
63/98 [==================>...........] - ETA: 0s - loss: 1.9909 - accuracy: 0.3124
70/98 [====================>.........] - ETA: 0s - loss: 1.9907 - accuracy: 0.3122
77/98 [======================>.......] - ETA: 0s - loss: 1.9898 - accuracy: 0.3119
84/98 [========================>.....] - ETA: 0s - loss: 1.9893 - accuracy: 0.3116
91/98 [==========================>...] - ETA: 0s - loss: 1.9889 - accuracy: 0.3110
98/98 [==============================] - ETA: 0s - loss: 1.9883 - accuracy: 0.3111
98/98 [==============================] - 1s 13ms/step - loss: 1.9883 - accuracy: 0.3111 - val_loss: 1.9695 - val_accuracy: 0.3353
Epoch 14/289

 1/98 [..............................] - ETA: 3s - loss: 2.0023 - accuracy: 0.3066
 9/98 [=>............................] - ETA: 0s - loss: 1.9767 - accuracy: 0.3181
16/98 [===>..........................] - ETA: 0s - loss: 1.9777 - accuracy: 0.3126
22/98 [=====>........................] - ETA: 0s - loss: 1.9763 - accuracy: 0.3110
29/98 [=======>......................] - ETA: 0s - loss: 1.9759 - accuracy: 0.3116
34/98 [=========>....................] - ETA: 0s - loss: 1.9750 - accuracy: 0.3121
40/98 [===========>..................] - ETA: 0s - loss: 1.9749 - accuracy: 0.3110
47/98 [=============>................] - ETA: 0s - loss: 1.9739 - accuracy: 0.3107
54/98 [===============>..............] - ETA: 0s - loss: 1.9734 - accuracy: 0.3113
62/98 [=================>............] - ETA: 0s - loss: 1.9737 - accuracy: 0.3115
69/98 [====================>.........] - ETA: 0s - loss: 1.9741 - accuracy: 0.3124
76/98 [======================>.......] - ETA: 0s - loss: 1.9737 - accuracy: 0.3123
82/98 [========================>.....] - ETA: 0s - loss: 1.9717 - accuracy: 0.3136
90/98 [==========================>...] - ETA: 0s - loss: 1.9712 - accuracy: 0.3141
97/98 [============================>.] - ETA: 0s - loss: 1.9710 - accuracy: 0.3146
98/98 [==============================] - 1s 13ms/step - loss: 1.9708 - accuracy: 0.3149 - val_loss: 1.9536 - val_accuracy: 0.3415
Epoch 15/289

 1/98 [..............................] - ETA: 3s - loss: 1.9772 - accuracy: 0.3320
 8/98 [=>............................] - ETA: 0s - loss: 1.9673 - accuracy: 0.3186
15/98 [===>..........................] - ETA: 0s - loss: 1.9696 - accuracy: 0.3154
22/98 [=====>........................] - ETA: 0s - loss: 1.9657 - accuracy: 0.3175
29/98 [=======>......................] - ETA: 0s - loss: 1.9638 - accuracy: 0.3192
36/98 [==========>...................] - ETA: 0s - loss: 1.9608 - accuracy: 0.3220
44/98 [============>.................] - ETA: 0s - loss: 1.9617 - accuracy: 0.3211
51/98 [==============>...............] - ETA: 0s - loss: 1.9623 - accuracy: 0.3205
58/98 [================>.............] - ETA: 0s - loss: 1.9607 - accuracy: 0.3220
65/98 [==================>...........] - ETA: 0s - loss: 1.9598 - accuracy: 0.3214
72/98 [=====================>........] - ETA: 0s - loss: 1.9584 - accuracy: 0.3221
79/98 [=======================>......] - ETA: 0s - loss: 1.9567 - accuracy: 0.3224
84/98 [========================>.....] - ETA: 0s - loss: 1.9579 - accuracy: 0.3220
90/98 [==========================>...] - ETA: 0s - loss: 1.9578 - accuracy: 0.3226
96/98 [============================>.] - ETA: 0s - loss: 1.9573 - accuracy: 0.3227
98/98 [==============================] - 1s 13ms/step - loss: 1.9570 - accuracy: 0.3232 - val_loss: 1.9393 - val_accuracy: 0.3455
Epoch 16/289

 1/98 [..............................] - ETA: 3s - loss: 1.9580 - accuracy: 0.3164
 8/98 [=>............................] - ETA: 0s - loss: 1.9415 - accuracy: 0.3254
15/98 [===>..........................] - ETA: 0s - loss: 1.9410 - accuracy: 0.3257
21/98 [=====>........................] - ETA: 0s - loss: 1.9397 - accuracy: 0.3316
28/98 [=======>......................] - ETA: 0s - loss: 1.9428 - accuracy: 0.3305
35/98 [=========>....................] - ETA: 0s - loss: 1.9431 - accuracy: 0.3289
42/98 [===========>..................] - ETA: 0s - loss: 1.9434 - accuracy: 0.3287
49/98 [==============>...............] - ETA: 0s - loss: 1.9452 - accuracy: 0.3269
56/98 [================>.............] - ETA: 0s - loss: 1.9439 - accuracy: 0.3281
62/98 [=================>............] - ETA: 0s - loss: 1.9423 - accuracy: 0.3283
69/98 [====================>.........] - ETA: 0s - loss: 1.9431 - accuracy: 0.3282
76/98 [======================>.......] - ETA: 0s - loss: 1.9423 - accuracy: 0.3271
81/98 [=======================>......] - ETA: 0s - loss: 1.9420 - accuracy: 0.3271
87/98 [=========================>....] - ETA: 0s - loss: 1.9416 - accuracy: 0.3270
94/98 [===========================>..] - ETA: 0s - loss: 1.9423 - accuracy: 0.3261
98/98 [==============================] - 1s 13ms/step - loss: 1.9425 - accuracy: 0.3259 - val_loss: 1.9249 - val_accuracy: 0.3503
Epoch 17/289

 1/98 [..............................] - ETA: 1s - loss: 1.9657 - accuracy: 0.3184
 7/98 [=>............................] - ETA: 0s - loss: 1.9484 - accuracy: 0.3290
14/98 [===>..........................] - ETA: 0s - loss: 1.9374 - accuracy: 0.3341
20/98 [=====>........................] - ETA: 0s - loss: 1.9364 - accuracy: 0.3315
26/98 [======>.......................] - ETA: 0s - loss: 1.9369 - accuracy: 0.3322
33/98 [=========>....................] - ETA: 0s - loss: 1.9369 - accuracy: 0.3316
39/98 [==========>...................] - ETA: 0s - loss: 1.9339 - accuracy: 0.3331
46/98 [=============>................] - ETA: 0s - loss: 1.9343 - accuracy: 0.3329
52/98 [==============>...............] - ETA: 0s - loss: 1.9329 - accuracy: 0.3330
59/98 [=================>............] - ETA: 0s - loss: 1.9313 - accuracy: 0.3332
67/98 [===================>..........] - ETA: 0s - loss: 1.9302 - accuracy: 0.3335
74/98 [=====================>........] - ETA: 0s - loss: 1.9293 - accuracy: 0.3348
81/98 [=======================>......] - ETA: 0s - loss: 1.9301 - accuracy: 0.3339
89/98 [==========================>...] - ETA: 0s - loss: 1.9308 - accuracy: 0.3319
95/98 [============================>.] - ETA: 0s - loss: 1.9308 - accuracy: 0.3321
98/98 [==============================] - 1s 13ms/step - loss: 1.9297 - accuracy: 0.3327 - val_loss: 1.9119 - val_accuracy: 0.3525
Epoch 18/289

 1/98 [..............................] - ETA: 1s - loss: 1.9474 - accuracy: 0.3242
 7/98 [=>............................] - ETA: 0s - loss: 1.9130 - accuracy: 0.3284
14/98 [===>..........................] - ETA: 0s - loss: 1.9224 - accuracy: 0.3311
21/98 [=====>........................] - ETA: 0s - loss: 1.9236 - accuracy: 0.3290
27/98 [=======>......................] - ETA: 0s - loss: 1.9240 - accuracy: 0.3315
34/98 [=========>....................] - ETA: 0s - loss: 1.9238 - accuracy: 0.3338
40/98 [===========>..................] - ETA: 0s - loss: 1.9271 - accuracy: 0.3323
47/98 [=============>................] - ETA: 0s - loss: 1.9264 - accuracy: 0.3332
54/98 [===============>..............] - ETA: 0s - loss: 1.9247 - accuracy: 0.3336
62/98 [=================>............] - ETA: 0s - loss: 1.9215 - accuracy: 0.3353
69/98 [====================>.........] - ETA: 0s - loss: 1.9199 - accuracy: 0.3361
76/98 [======================>.......] - ETA: 0s - loss: 1.9214 - accuracy: 0.3361
83/98 [========================>.....] - ETA: 0s - loss: 1.9201 - accuracy: 0.3354
90/98 [==========================>...] - ETA: 0s - loss: 1.9183 - accuracy: 0.3366
97/98 [============================>.] - ETA: 0s - loss: 1.9180 - accuracy: 0.3364
98/98 [==============================] - 1s 13ms/step - loss: 1.9182 - accuracy: 0.3364 - val_loss: 1.9012 - val_accuracy: 0.3590
Epoch 19/289

 1/98 [..............................] - ETA: 1s - loss: 1.9563 - accuracy: 0.3184
 8/98 [=>............................] - ETA: 0s - loss: 1.9299 - accuracy: 0.3337
13/98 [==>...........................] - ETA: 0s - loss: 1.9285 - accuracy: 0.3338
19/98 [====>.........................] - ETA: 0s - loss: 1.9218 - accuracy: 0.3356
24/98 [======>.......................] - ETA: 0s - loss: 1.9178 - accuracy: 0.3406
30/98 [========>.....................] - ETA: 0s - loss: 1.9192 - accuracy: 0.3415
37/98 [==========>...................] - ETA: 0s - loss: 1.9112 - accuracy: 0.3441
43/98 [============>.................] - ETA: 0s - loss: 1.9091 - accuracy: 0.3436
50/98 [==============>...............] - ETA: 0s - loss: 1.9092 - accuracy: 0.3439
57/98 [================>.............] - ETA: 0s - loss: 1.9088 - accuracy: 0.3429
63/98 [==================>...........] - ETA: 0s - loss: 1.9089 - accuracy: 0.3427
70/98 [====================>.........] - ETA: 0s - loss: 1.9067 - accuracy: 0.3440
76/98 [======================>.......] - ETA: 0s - loss: 1.9078 - accuracy: 0.3428
83/98 [========================>.....] - ETA: 0s - loss: 1.9074 - accuracy: 0.3421
90/98 [==========================>...] - ETA: 0s - loss: 1.9075 - accuracy: 0.3419
97/98 [============================>.] - ETA: 0s - loss: 1.9070 - accuracy: 0.3429
98/98 [==============================] - 1s 14ms/step - loss: 1.9067 - accuracy: 0.3431 - val_loss: 1.8893 - val_accuracy: 0.3584
Epoch 20/289

 1/98 [..............................] - ETA: 1s - loss: 1.8829 - accuracy: 0.3828
 7/98 [=>............................] - ETA: 0s - loss: 1.8950 - accuracy: 0.3532
14/98 [===>..........................] - ETA: 0s - loss: 1.8953 - accuracy: 0.3567
21/98 [=====>........................] - ETA: 0s - loss: 1.8940 - accuracy: 0.3535
27/98 [=======>......................] - ETA: 0s - loss: 1.8960 - accuracy: 0.3510
34/98 [=========>....................] - ETA: 0s - loss: 1.8973 - accuracy: 0.3470
40/98 [===========>..................] - ETA: 0s - loss: 1.8983 - accuracy: 0.3446
47/98 [=============>................] - ETA: 0s - loss: 1.8976 - accuracy: 0.3437
54/98 [===============>..............] - ETA: 0s - loss: 1.8975 - accuracy: 0.3427
60/98 [=================>............] - ETA: 0s - loss: 1.8974 - accuracy: 0.3431
67/98 [===================>..........] - ETA: 0s - loss: 1.8981 - accuracy: 0.3429
73/98 [=====================>........] - ETA: 0s - loss: 1.8991 - accuracy: 0.3435
80/98 [=======================>......] - ETA: 0s - loss: 1.8973 - accuracy: 0.3441
88/98 [=========================>....] - ETA: 0s - loss: 1.8980 - accuracy: 0.3438
95/98 [============================>.] - ETA: 0s - loss: 1.8955 - accuracy: 0.3452
98/98 [==============================] - 1s 13ms/step - loss: 1.8951 - accuracy: 0.3456 - val_loss: 1.8785 - val_accuracy: 0.3637
Epoch 21/289

 1/98 [..............................] - ETA: 3s - loss: 1.9454 - accuracy: 0.3379
 8/98 [=>............................] - ETA: 0s - loss: 1.9187 - accuracy: 0.3335
15/98 [===>..........................] - ETA: 0s - loss: 1.9010 - accuracy: 0.3391
22/98 [=====>........................] - ETA: 0s - loss: 1.8977 - accuracy: 0.3404
28/98 [=======>......................] - ETA: 0s - loss: 1.8944 - accuracy: 0.3444
35/98 [=========>....................] - ETA: 0s - loss: 1.8944 - accuracy: 0.3460
42/98 [===========>..................] - ETA: 0s - loss: 1.8934 - accuracy: 0.3464
50/98 [==============>...............] - ETA: 0s - loss: 1.8906 - accuracy: 0.3483
56/98 [================>.............] - ETA: 0s - loss: 1.8902 - accuracy: 0.3481
61/98 [=================>............] - ETA: 0s - loss: 1.8888 - accuracy: 0.3481
68/98 [===================>..........] - ETA: 0s - loss: 1.8890 - accuracy: 0.3477
74/98 [=====================>........] - ETA: 0s - loss: 1.8873 - accuracy: 0.3488
81/98 [=======================>......] - ETA: 0s - loss: 1.8855 - accuracy: 0.3494
88/98 [=========================>....] - ETA: 0s - loss: 1.8858 - accuracy: 0.3500
95/98 [============================>.] - ETA: 0s - loss: 1.8850 - accuracy: 0.3508
98/98 [==============================] - 1s 13ms/step - loss: 1.8848 - accuracy: 0.3509 - val_loss: 1.8684 - val_accuracy: 0.3683
Epoch 22/289

 1/98 [..............................] - ETA: 1s - loss: 1.8761 - accuracy: 0.3720
 7/98 [=>............................] - ETA: 0s - loss: 1.8690 - accuracy: 0.3659
14/98 [===>..........................] - ETA: 0s - loss: 1.8790 - accuracy: 0.3548
21/98 [=====>........................] - ETA: 0s - loss: 1.8784 - accuracy: 0.3533
28/98 [=======>......................] - ETA: 0s - loss: 1.8764 - accuracy: 0.3535
35/98 [=========>....................] - ETA: 0s - loss: 1.8750 - accuracy: 0.3528
41/98 [===========>..................] - ETA: 0s - loss: 1.8768 - accuracy: 0.3534
47/98 [=============>................] - ETA: 0s - loss: 1.8756 - accuracy: 0.3518
54/98 [===============>..............] - ETA: 0s - loss: 1.8768 - accuracy: 0.3533
62/98 [=================>............] - ETA: 0s - loss: 1.8782 - accuracy: 0.3524
68/98 [===================>..........] - ETA: 0s - loss: 1.8788 - accuracy: 0.3527
75/98 [=====================>........] - ETA: 0s - loss: 1.8778 - accuracy: 0.3521
81/98 [=======================>......] - ETA: 0s - loss: 1.8770 - accuracy: 0.3521
87/98 [=========================>....] - ETA: 0s - loss: 1.8767 - accuracy: 0.3522
94/98 [===========================>..] - ETA: 0s - loss: 1.8754 - accuracy: 0.3526
98/98 [==============================] - 1s 13ms/step - loss: 1.8744 - accuracy: 0.3532 - val_loss: 1.8596 - val_accuracy: 0.3717
Epoch 23/289

 1/98 [..............................] - ETA: 1s - loss: 1.8696 - accuracy: 0.3516
 7/98 [=>............................] - ETA: 0s - loss: 1.8745 - accuracy: 0.3569
14/98 [===>..........................] - ETA: 0s - loss: 1.8709 - accuracy: 0.3567
22/98 [=====>........................] - ETA: 0s - loss: 1.8714 - accuracy: 0.3552
29/98 [=======>......................] - ETA: 0s - loss: 1.8718 - accuracy: 0.3530
35/98 [=========>....................] - ETA: 0s - loss: 1.8694 - accuracy: 0.3542
41/98 [===========>..................] - ETA: 0s - loss: 1.8666 - accuracy: 0.3557
48/98 [=============>................] - ETA: 0s - loss: 1.8679 - accuracy: 0.3552
54/98 [===============>..............] - ETA: 0s - loss: 1.8646 - accuracy: 0.3564
61/98 [=================>............] - ETA: 0s - loss: 1.8649 - accuracy: 0.3557
68/98 [===================>..........] - ETA: 0s - loss: 1.8657 - accuracy: 0.3548
75/98 [=====================>........] - ETA: 0s - loss: 1.8651 - accuracy: 0.3538
82/98 [========================>.....] - ETA: 0s - loss: 1.8658 - accuracy: 0.3542
89/98 [==========================>...] - ETA: 0s - loss: 1.8665 - accuracy: 0.3542
96/98 [============================>.] - ETA: 0s - loss: 1.8666 - accuracy: 0.3548
98/98 [==============================] - 1s 13ms/step - loss: 1.8663 - accuracy: 0.3552 - val_loss: 1.8514 - val_accuracy: 0.3712
Epoch 24/289

 1/98 [..............................] - ETA: 3s - loss: 1.8190 - accuracy: 0.4180
 8/98 [=>............................] - ETA: 0s - loss: 1.8543 - accuracy: 0.3657
15/98 [===>..........................] - ETA: 0s - loss: 1.8606 - accuracy: 0.3632
22/98 [=====>........................] - ETA: 0s - loss: 1.8635 - accuracy: 0.3607
29/98 [=======>......................] - ETA: 0s - loss: 1.8644 - accuracy: 0.3602
36/98 [==========>...................] - ETA: 0s - loss: 1.8627 - accuracy: 0.3591
44/98 [============>.................] - ETA: 0s - loss: 1.8598 - accuracy: 0.3589
51/98 [==============>...............] - ETA: 0s - loss: 1.8624 - accuracy: 0.3576
58/98 [================>.............] - ETA: 0s - loss: 1.8643 - accuracy: 0.3565
65/98 [==================>...........] - ETA: 0s - loss: 1.8634 - accuracy: 0.3569
72/98 [=====================>........] - ETA: 0s - loss: 1.8617 - accuracy: 0.3581
80/98 [=======================>......] - ETA: 0s - loss: 1.8601 - accuracy: 0.3595
87/98 [=========================>....] - ETA: 0s - loss: 1.8602 - accuracy: 0.3597
94/98 [===========================>..] - ETA: 0s - loss: 1.8584 - accuracy: 0.3604
98/98 [==============================] - 1s 13ms/step - loss: 1.8591 - accuracy: 0.3599 - val_loss: 1.8439 - val_accuracy: 0.3727
Epoch 25/289

 1/98 [..............................] - ETA: 1s - loss: 1.8554 - accuracy: 0.3594
 7/98 [=>............................] - ETA: 0s - loss: 1.8558 - accuracy: 0.3627
14/98 [===>..........................] - ETA: 0s - loss: 1.8591 - accuracy: 0.3613
21/98 [=====>........................] - ETA: 0s - loss: 1.8592 - accuracy: 0.3600
29/98 [=======>......................] - ETA: 0s - loss: 1.8565 - accuracy: 0.3625
36/98 [==========>...................] - ETA: 0s - loss: 1.8578 - accuracy: 0.3620
43/98 [============>.................] - ETA: 0s - loss: 1.8562 - accuracy: 0.3630
50/98 [==============>...............] - ETA: 0s - loss: 1.8529 - accuracy: 0.3633
57/98 [================>.............] - ETA: 0s - loss: 1.8521 - accuracy: 0.3629
64/98 [==================>...........] - ETA: 0s - loss: 1.8519 - accuracy: 0.3631
72/98 [=====================>........] - ETA: 0s - loss: 1.8515 - accuracy: 0.3639
79/98 [=======================>......] - ETA: 0s - loss: 1.8520 - accuracy: 0.3625
86/98 [=========================>....] - ETA: 0s - loss: 1.8528 - accuracy: 0.3616
92/98 [===========================>..] - ETA: 0s - loss: 1.8519 - accuracy: 0.3620
98/98 [==============================] - 1s 13ms/step - loss: 1.8515 - accuracy: 0.3624 - val_loss: 1.8362 - val_accuracy: 0.3776
Epoch 26/289

 1/98 [..............................] - ETA: 1s - loss: 1.7894 - accuracy: 0.3926
 8/98 [=>............................] - ETA: 0s - loss: 1.8596 - accuracy: 0.3533
14/98 [===>..........................] - ETA: 0s - loss: 1.8530 - accuracy: 0.3573
21/98 [=====>........................] - ETA: 0s - loss: 1.8437 - accuracy: 0.3625
28/98 [=======>......................] - ETA: 0s - loss: 1.8439 - accuracy: 0.3624
36/98 [==========>...................] - ETA: 0s - loss: 1.8388 - accuracy: 0.3658
43/98 [============>.................] - ETA: 0s - loss: 1.8384 - accuracy: 0.3663
50/98 [==============>...............] - ETA: 0s - loss: 1.8382 - accuracy: 0.3681
57/98 [================>.............] - ETA: 0s - loss: 1.8421 - accuracy: 0.3653
63/98 [==================>...........] - ETA: 0s - loss: 1.8410 - accuracy: 0.3659
70/98 [====================>.........] - ETA: 0s - loss: 1.8421 - accuracy: 0.3663
77/98 [======================>.......] - ETA: 0s - loss: 1.8421 - accuracy: 0.3669
85/98 [=========================>....] - ETA: 0s - loss: 1.8441 - accuracy: 0.3658
91/98 [==========================>...] - ETA: 0s - loss: 1.8453 - accuracy: 0.3658
98/98 [==============================] - ETA: 0s - loss: 1.8445 - accuracy: 0.3657
98/98 [==============================] - 1s 13ms/step - loss: 1.8445 - accuracy: 0.3657 - val_loss: 1.8300 - val_accuracy: 0.3777
Epoch 27/289

 1/98 [..............................] - ETA: 1s - loss: 1.8783 - accuracy: 0.3203
 7/98 [=>............................] - ETA: 0s - loss: 1.8429 - accuracy: 0.3683
14/98 [===>..........................] - ETA: 0s - loss: 1.8425 - accuracy: 0.3666
21/98 [=====>........................] - ETA: 0s - loss: 1.8436 - accuracy: 0.3640
27/98 [=======>......................] - ETA: 0s - loss: 1.8453 - accuracy: 0.3640
33/98 [=========>....................] - ETA: 0s - loss: 1.8456 - accuracy: 0.3645
40/98 [===========>..................] - ETA: 0s - loss: 1.8451 - accuracy: 0.3643
47/98 [=============>................] - ETA: 0s - loss: 1.8408 - accuracy: 0.3661
54/98 [===============>..............] - ETA: 0s - loss: 1.8402 - accuracy: 0.3664
61/98 [=================>............] - ETA: 0s - loss: 1.8371 - accuracy: 0.3683
69/98 [====================>.........] - ETA: 0s - loss: 1.8360 - accuracy: 0.3679
76/98 [======================>.......] - ETA: 0s - loss: 1.8368 - accuracy: 0.3667
83/98 [========================>.....] - ETA: 0s - loss: 1.8399 - accuracy: 0.3664
90/98 [==========================>...] - ETA: 0s - loss: 1.8400 - accuracy: 0.3661
97/98 [============================>.] - ETA: 0s - loss: 1.8390 - accuracy: 0.3663
