2024-06-26 14:32:50.911567: I tensorflow/core/platform/cpu_feature_guard.cc:193] This TensorFlow binary is optimized with oneAPI Deep Neural Network Library (oneDNN) to use the following CPU instructions in performance-critical operations:  AVX AVX2
To enable them in other operations, rebuild TensorFlow with the appropriate compiler flags.
2024-06-26 14:32:51.632966: I tensorflow/core/common_runtime/gpu/gpu_device.cc:1616] Created device /job:localhost/replica:0/task:0/device:GPU:0 with 6656 MB memory:  -> device: 0, name: NVIDIA GeForce RTX 4060 Ti, pci bus id: 0000:01:00.0, compute capability: 8.9
1 Physical GPUs, 1 Logical GPUs
Model: "sequential"
_________________________________________________________________
 Layer (type)                Output Shape              Param #   
=================================================================
 conv2d (Conv2D)             (None, 32, 32, 32)        896       
                                                                 
 max_pooling2d (MaxPooling2D  (None, 16, 16, 32)       0         
 )                                                               
                                                                 
 batch_normalization (BatchN  (None, 16, 16, 32)       128       
 ormalization)                                                   
                                                                 
 conv2d_1 (Conv2D)           (None, 16, 16, 128)       102528    
                                                                 
 dropout (Dropout)           (None, 16, 16, 128)       0         
                                                                 
 flatten (Flatten)           (None, 32768)             0         
                                                                 
 dense (Dense)               (None, 10)                327690    
                                                                 
=================================================================
Total params: 431,242
Trainable params: 431,178
Non-trainable params: 64
_________________________________________________________________
Taxa de aprendizado:  1e-05 Num de épocas:  221 Tamanho do lote:  512 Dropout:  0.4426
Epoch 1/221
2024-06-26 14:32:53.125275: I tensorflow/stream_executor/cuda/cuda_dnn.cc:384] Loaded cuDNN version 8100
2024-06-26 14:32:54.231598: W tensorflow/stream_executor/gpu/redzone_allocator.cc:314] INTERNAL: ptxas exited with non-zero error code -1, output: 
Relying on driver to perform ptx compilation. 
Modify $PATH to customize ptxas location.
This message will be only logged once.
2024-06-26 14:32:55.496871: I tensorflow/stream_executor/cuda/cuda_blas.cc:1614] TensorFloat-32 will be used for the matrix multiplication. This will only be logged once.

 1/98 [..............................] - ETA: 6:59 - loss: 2.4249 - accuracy: 0.1230
 3/98 [..............................] - ETA: 3s - loss: 2.3733 - accuracy: 0.1335  
 5/98 [>.............................] - ETA: 3s - loss: 2.3685 - accuracy: 0.1301
 7/98 [=>............................] - ETA: 3s - loss: 2.3769 - accuracy: 0.1303
 9/98 [=>............................] - ETA: 3s - loss: 2.3711 - accuracy: 0.1287
11/98 [==>...........................] - ETA: 2s - loss: 2.3648 - accuracy: 0.1312
13/98 [==>...........................] - ETA: 2s - loss: 2.3579 - accuracy: 0.1324
15/98 [===>..........................] - ETA: 2s - loss: 2.3545 - accuracy: 0.1318
17/98 [====>.........................] - ETA: 2s - loss: 2.3463 - accuracy: 0.1338
19/98 [====>.........................] - ETA: 2s - loss: 2.3411 - accuracy: 0.1367
21/98 [=====>........................] - ETA: 2s - loss: 2.3349 - accuracy: 0.1398
23/98 [======>.......................] - ETA: 2s - loss: 2.3292 - accuracy: 0.1418
25/98 [======>.......................] - ETA: 2s - loss: 2.3206 - accuracy: 0.1458
27/98 [=======>......................] - ETA: 2s - loss: 2.3126 - accuracy: 0.1477
29/98 [=======>......................] - ETA: 2s - loss: 2.3090 - accuracy: 0.1492
31/98 [========>.....................] - ETA: 2s - loss: 2.3020 - accuracy: 0.1516
33/98 [=========>....................] - ETA: 2s - loss: 2.2967 - accuracy: 0.1545
35/98 [=========>....................] - ETA: 2s - loss: 2.2910 - accuracy: 0.1569
37/98 [==========>...................] - ETA: 2s - loss: 2.2858 - accuracy: 0.1599
39/98 [==========>...................] - ETA: 2s - loss: 2.2804 - accuracy: 0.1619
41/98 [===========>..................] - ETA: 2s - loss: 2.2760 - accuracy: 0.1643
43/98 [============>.................] - ETA: 2s - loss: 2.2701 - accuracy: 0.1675
45/98 [============>.................] - ETA: 2s - loss: 2.2662 - accuracy: 0.1682
47/98 [=============>................] - ETA: 1s - loss: 2.2607 - accuracy: 0.1710
49/98 [==============>...............] - ETA: 1s - loss: 2.2548 - accuracy: 0.1741
51/98 [==============>...............] - ETA: 1s - loss: 2.2487 - accuracy: 0.1775
53/98 [===============>..............] - ETA: 1s - loss: 2.2425 - accuracy: 0.1801
55/98 [===============>..............] - ETA: 1s - loss: 2.2381 - accuracy: 0.1825
57/98 [================>.............] - ETA: 1s - loss: 2.2324 - accuracy: 0.1847
59/98 [=================>............] - ETA: 1s - loss: 2.2280 - accuracy: 0.1867
61/98 [=================>............] - ETA: 1s - loss: 2.2233 - accuracy: 0.1885
63/98 [==================>...........] - ETA: 1s - loss: 2.2182 - accuracy: 0.1906
65/98 [==================>...........] - ETA: 1s - loss: 2.2139 - accuracy: 0.1925
67/98 [===================>..........] - ETA: 1s - loss: 2.2093 - accuracy: 0.1948
69/98 [====================>.........] - ETA: 1s - loss: 2.2048 - accuracy: 0.1965
71/98 [====================>.........] - ETA: 1s - loss: 2.2013 - accuracy: 0.1977
73/98 [=====================>........] - ETA: 1s - loss: 2.1965 - accuracy: 0.1997
75/98 [=====================>........] - ETA: 1s - loss: 2.1923 - accuracy: 0.2018
77/98 [======================>.......] - ETA: 1s - loss: 2.1882 - accuracy: 0.2037
79/98 [=======================>......] - ETA: 0s - loss: 2.1843 - accuracy: 0.2056
81/98 [=======================>......] - ETA: 0s - loss: 2.1815 - accuracy: 0.2067
83/98 [========================>.....] - ETA: 0s - loss: 2.1779 - accuracy: 0.2083
85/98 [=========================>....] - ETA: 0s - loss: 2.1747 - accuracy: 0.2096
87/98 [=========================>....] - ETA: 0s - loss: 2.1718 - accuracy: 0.2109
89/98 [==========================>...] - ETA: 0s - loss: 2.1678 - accuracy: 0.2131
91/98 [==========================>...] - ETA: 0s - loss: 2.1640 - accuracy: 0.2148
93/98 [===========================>..] - ETA: 0s - loss: 2.1604 - accuracy: 0.2160
95/98 [============================>.] - ETA: 0s - loss: 2.1564 - accuracy: 0.2174
97/98 [============================>.] - ETA: 0s - loss: 2.1531 - accuracy: 0.2190
98/98 [==============================] - 10s 59ms/step - loss: 2.1515 - accuracy: 0.2197 - val_loss: 2.2228 - val_accuracy: 0.2583
Epoch 2/221

 1/98 [..............................] - ETA: 6s - loss: 2.0268 - accuracy: 0.3066
 3/98 [..............................] - ETA: 4s - loss: 1.9676 - accuracy: 0.2969
 5/98 [>.............................] - ETA: 3s - loss: 1.9630 - accuracy: 0.2977
 7/98 [=>............................] - ETA: 4s - loss: 1.9640 - accuracy: 0.3022
 9/98 [=>............................] - ETA: 3s - loss: 1.9677 - accuracy: 0.3069
11/98 [==>...........................] - ETA: 3s - loss: 1.9647 - accuracy: 0.3094
13/98 [==>...........................] - ETA: 3s - loss: 1.9637 - accuracy: 0.3102
15/98 [===>..........................] - ETA: 3s - loss: 1.9625 - accuracy: 0.3092
17/98 [====>.........................] - ETA: 3s - loss: 1.9596 - accuracy: 0.3080
19/98 [====>.........................] - ETA: 3s - loss: 1.9570 - accuracy: 0.3117
21/98 [=====>........................] - ETA: 3s - loss: 1.9552 - accuracy: 0.3117
23/98 [======>.......................] - ETA: 3s - loss: 1.9524 - accuracy: 0.3093
25/98 [======>.......................] - ETA: 3s - loss: 1.9500 - accuracy: 0.3092
27/98 [=======>......................] - ETA: 3s - loss: 1.9474 - accuracy: 0.3102
29/98 [=======>......................] - ETA: 3s - loss: 1.9446 - accuracy: 0.3109
31/98 [========>.....................] - ETA: 2s - loss: 1.9449 - accuracy: 0.3111
33/98 [=========>....................] - ETA: 2s - loss: 1.9435 - accuracy: 0.3106
35/98 [=========>....................] - ETA: 2s - loss: 1.9417 - accuracy: 0.3112
37/98 [==========>...................] - ETA: 2s - loss: 1.9393 - accuracy: 0.3136
39/98 [==========>...................] - ETA: 2s - loss: 1.9401 - accuracy: 0.3126
41/98 [===========>..................] - ETA: 2s - loss: 1.9401 - accuracy: 0.3125
43/98 [============>.................] - ETA: 2s - loss: 1.9383 - accuracy: 0.3125
45/98 [============>.................] - ETA: 2s - loss: 1.9360 - accuracy: 0.3134
47/98 [=============>................] - ETA: 2s - loss: 1.9341 - accuracy: 0.3154
49/98 [==============>...............] - ETA: 2s - loss: 1.9318 - accuracy: 0.3159
51/98 [==============>...............] - ETA: 2s - loss: 1.9302 - accuracy: 0.3177
53/98 [===============>..............] - ETA: 1s - loss: 1.9303 - accuracy: 0.3172
55/98 [===============>..............] - ETA: 1s - loss: 1.9294 - accuracy: 0.3175
57/98 [================>.............] - ETA: 1s - loss: 1.9266 - accuracy: 0.3184
59/98 [=================>............] - ETA: 1s - loss: 1.9243 - accuracy: 0.3194
61/98 [=================>............] - ETA: 1s - loss: 1.9224 - accuracy: 0.3206
63/98 [==================>...........] - ETA: 1s - loss: 1.9223 - accuracy: 0.3202
65/98 [==================>...........] - ETA: 1s - loss: 1.9198 - accuracy: 0.3210
67/98 [===================>..........] - ETA: 1s - loss: 1.9197 - accuracy: 0.3208
69/98 [====================>.........] - ETA: 1s - loss: 1.9182 - accuracy: 0.3212
71/98 [====================>.........] - ETA: 1s - loss: 1.9167 - accuracy: 0.3217
73/98 [=====================>........] - ETA: 1s - loss: 1.9143 - accuracy: 0.3226
75/98 [=====================>........] - ETA: 0s - loss: 1.9141 - accuracy: 0.3228
77/98 [======================>.......] - ETA: 0s - loss: 1.9121 - accuracy: 0.3243
79/98 [=======================>......] - ETA: 0s - loss: 1.9098 - accuracy: 0.3248
81/98 [=======================>......] - ETA: 0s - loss: 1.9087 - accuracy: 0.3254
83/98 [========================>.....] - ETA: 0s - loss: 1.9069 - accuracy: 0.3265
85/98 [=========================>....] - ETA: 0s - loss: 1.9048 - accuracy: 0.3273
87/98 [=========================>....] - ETA: 0s - loss: 1.9041 - accuracy: 0.3273
89/98 [==========================>...] - ETA: 0s - loss: 1.9020 - accuracy: 0.3281
91/98 [==========================>...] - ETA: 0s - loss: 1.9004 - accuracy: 0.3284
93/98 [===========================>..] - ETA: 0s - loss: 1.8994 - accuracy: 0.3291
95/98 [============================>.] - ETA: 0s - loss: 1.8979 - accuracy: 0.3297
97/98 [============================>.] - ETA: 0s - loss: 1.8956 - accuracy: 0.3304
98/98 [==============================] - 5s 49ms/step - loss: 1.8949 - accuracy: 0.3306 - val_loss: 2.1126 - val_accuracy: 0.3426
Epoch 3/221

 1/98 [..............................] - ETA: 6s - loss: 1.8375 - accuracy: 0.3457
 3/98 [..............................] - ETA: 3s - loss: 1.8254 - accuracy: 0.3464
 5/98 [>.............................] - ETA: 4s - loss: 1.8118 - accuracy: 0.3551
 7/98 [=>............................] - ETA: 3s - loss: 1.8154 - accuracy: 0.3544
 9/98 [=>............................] - ETA: 3s - loss: 1.8095 - accuracy: 0.3539
11/98 [==>...........................] - ETA: 3s - loss: 1.8066 - accuracy: 0.3556
13/98 [==>...........................] - ETA: 3s - loss: 1.8071 - accuracy: 0.3571
15/98 [===>..........................] - ETA: 3s - loss: 1.8053 - accuracy: 0.3600
17/98 [====>.........................] - ETA: 3s - loss: 1.8092 - accuracy: 0.3604
19/98 [====>.........................] - ETA: 3s - loss: 1.8080 - accuracy: 0.3619
21/98 [=====>........................] - ETA: 3s - loss: 1.8090 - accuracy: 0.3614
23/98 [======>.......................] - ETA: 3s - loss: 1.8069 - accuracy: 0.3634
25/98 [======>.......................] - ETA: 3s - loss: 1.8045 - accuracy: 0.3645
27/98 [=======>......................] - ETA: 3s - loss: 1.7996 - accuracy: 0.3660
29/98 [=======>......................] - ETA: 3s - loss: 1.7981 - accuracy: 0.3661
31/98 [========>.....................] - ETA: 2s - loss: 1.7986 - accuracy: 0.3656
33/98 [=========>....................] - ETA: 2s - loss: 1.7974 - accuracy: 0.3657
34/98 [=========>....................] - ETA: 2s - loss: 1.7977 - accuracy: 0.3657
36/98 [==========>...................] - ETA: 2s - loss: 1.7959 - accuracy: 0.3670
38/98 [==========>...................] - ETA: 2s - loss: 1.7949 - accuracy: 0.3671
40/98 [===========>..................] - ETA: 2s - loss: 1.7930 - accuracy: 0.3680
42/98 [===========>..................] - ETA: 2s - loss: 1.7915 - accuracy: 0.3681
44/98 [============>.................] - ETA: 2s - loss: 1.7910 - accuracy: 0.3692
46/98 [=============>................] - ETA: 2s - loss: 1.7882 - accuracy: 0.3704
48/98 [=============>................] - ETA: 2s - loss: 1.7886 - accuracy: 0.3698
50/98 [==============>...............] - ETA: 2s - loss: 1.7905 - accuracy: 0.3695
52/98 [==============>...............] - ETA: 2s - loss: 1.7895 - accuracy: 0.3703
54/98 [===============>..............] - ETA: 1s - loss: 1.7899 - accuracy: 0.3708
56/98 [================>.............] - ETA: 1s - loss: 1.7869 - accuracy: 0.3719
58/98 [================>.............] - ETA: 1s - loss: 1.7858 - accuracy: 0.3721
60/98 [=================>............] - ETA: 1s - loss: 1.7857 - accuracy: 0.3724
62/98 [=================>............] - ETA: 1s - loss: 1.7833 - accuracy: 0.3729
64/98 [==================>...........] - ETA: 1s - loss: 1.7809 - accuracy: 0.3742
66/98 [===================>..........] - ETA: 1s - loss: 1.7797 - accuracy: 0.3745
68/98 [===================>..........] - ETA: 1s - loss: 1.7786 - accuracy: 0.3750
70/98 [====================>.........] - ETA: 1s - loss: 1.7784 - accuracy: 0.3750
72/98 [=====================>........] - ETA: 1s - loss: 1.7773 - accuracy: 0.3761
74/98 [=====================>........] - ETA: 1s - loss: 1.7757 - accuracy: 0.3769
76/98 [======================>.......] - ETA: 0s - loss: 1.7747 - accuracy: 0.3776
78/98 [======================>.......] - ETA: 0s - loss: 1.7735 - accuracy: 0.3781
80/98 [=======================>......] - ETA: 0s - loss: 1.7727 - accuracy: 0.3779
82/98 [========================>.....] - ETA: 0s - loss: 1.7728 - accuracy: 0.3776
84/98 [========================>.....] - ETA: 0s - loss: 1.7722 - accuracy: 0.3777
86/98 [=========================>....] - ETA: 0s - loss: 1.7707 - accuracy: 0.3779
88/98 [=========================>....] - ETA: 0s - loss: 1.7698 - accuracy: 0.3783
90/98 [==========================>...] - ETA: 0s - loss: 1.7690 - accuracy: 0.3784
92/98 [===========================>..] - ETA: 0s - loss: 1.7679 - accuracy: 0.3789
94/98 [===========================>..] - ETA: 0s - loss: 1.7674 - accuracy: 0.3794
96/98 [============================>.] - ETA: 0s - loss: 1.7664 - accuracy: 0.3797
98/98 [==============================] - ETA: 0s - loss: 1.7658 - accuracy: 0.3795
98/98 [==============================] - 5s 52ms/step - loss: 1.7658 - accuracy: 0.3795 - val_loss: 1.9731 - val_accuracy: 0.3930
Epoch 4/221

 1/98 [..............................] - ETA: 6s - loss: 1.7080 - accuracy: 0.4160
 3/98 [..............................] - ETA: 4s - loss: 1.6982 - accuracy: 0.4180
 5/98 [>.............................] - ETA: 4s - loss: 1.6991 - accuracy: 0.4141
 7/98 [=>............................] - ETA: 4s - loss: 1.7062 - accuracy: 0.4099
 9/98 [=>............................] - ETA: 3s - loss: 1.7186 - accuracy: 0.4015
11/98 [==>...........................] - ETA: 3s - loss: 1.7197 - accuracy: 0.3984
13/98 [==>...........................] - ETA: 3s - loss: 1.7175 - accuracy: 0.4002
15/98 [===>..........................] - ETA: 3s - loss: 1.7157 - accuracy: 0.4031
17/98 [====>.........................] - ETA: 3s - loss: 1.7129 - accuracy: 0.4041
19/98 [====>.........................] - ETA: 3s - loss: 1.7158 - accuracy: 0.3999
21/98 [=====>........................] - ETA: 3s - loss: 1.7134 - accuracy: 0.4005
23/98 [======>.......................] - ETA: 3s - loss: 1.7094 - accuracy: 0.4020
25/98 [======>.......................] - ETA: 3s - loss: 1.7035 - accuracy: 0.4034
27/98 [=======>......................] - ETA: 3s - loss: 1.7005 - accuracy: 0.4035
29/98 [=======>......................] - ETA: 3s - loss: 1.7015 - accuracy: 0.4036
31/98 [========>.....................] - ETA: 2s - loss: 1.7032 - accuracy: 0.4030
33/98 [=========>....................] - ETA: 2s - loss: 1.7019 - accuracy: 0.4037
35/98 [=========>....................] - ETA: 2s - loss: 1.7003 - accuracy: 0.4047
37/98 [==========>...................] - ETA: 2s - loss: 1.6977 - accuracy: 0.4052
39/98 [==========>...................] - ETA: 2s - loss: 1.6983 - accuracy: 0.4047
41/98 [===========>..................] - ETA: 2s - loss: 1.6976 - accuracy: 0.4043
43/98 [============>.................] - ETA: 2s - loss: 1.6961 - accuracy: 0.4053
45/98 [============>.................] - ETA: 2s - loss: 1.6949 - accuracy: 0.4056
47/98 [=============>................] - ETA: 2s - loss: 1.6953 - accuracy: 0.4048
49/98 [==============>...............] - ETA: 2s - loss: 1.6933 - accuracy: 0.4049
51/98 [==============>...............] - ETA: 1s - loss: 1.6921 - accuracy: 0.4050
53/98 [===============>..............] - ETA: 1s - loss: 1.6918 - accuracy: 0.4051
55/98 [===============>..............] - ETA: 1s - loss: 1.6915 - accuracy: 0.4054
57/98 [================>.............] - ETA: 1s - loss: 1.6911 - accuracy: 0.4058
59/98 [=================>............] - ETA: 1s - loss: 1.6899 - accuracy: 0.4060
61/98 [=================>............] - ETA: 1s - loss: 1.6879 - accuracy: 0.4063
63/98 [==================>...........] - ETA: 1s - loss: 1.6870 - accuracy: 0.4068
65/98 [==================>...........] - ETA: 1s - loss: 1.6861 - accuracy: 0.4069
67/98 [===================>..........] - ETA: 1s - loss: 1.6861 - accuracy: 0.4074
69/98 [====================>.........] - ETA: 1s - loss: 1.6846 - accuracy: 0.4079
71/98 [====================>.........] - ETA: 1s - loss: 1.6831 - accuracy: 0.4081
73/98 [=====================>........] - ETA: 0s - loss: 1.6819 - accuracy: 0.4087
74/98 [=====================>........] - ETA: 0s - loss: 1.6819 - accuracy: 0.4088
76/98 [======================>.......] - ETA: 0s - loss: 1.6807 - accuracy: 0.4095
78/98 [======================>.......] - ETA: 0s - loss: 1.6806 - accuracy: 0.4098
80/98 [=======================>......] - ETA: 0s - loss: 1.6801 - accuracy: 0.4097
82/98 [========================>.....] - ETA: 0s - loss: 1.6797 - accuracy: 0.4101
84/98 [========================>.....] - ETA: 0s - loss: 1.6799 - accuracy: 0.4103
86/98 [=========================>....] - ETA: 0s - loss: 1.6795 - accuracy: 0.4106
88/98 [=========================>....] - ETA: 0s - loss: 1.6799 - accuracy: 0.4100
90/98 [==========================>...] - ETA: 0s - loss: 1.6795 - accuracy: 0.4101
92/98 [===========================>..] - ETA: 0s - loss: 1.6780 - accuracy: 0.4108
94/98 [===========================>..] - ETA: 0s - loss: 1.6787 - accuracy: 0.4100
96/98 [============================>.] - ETA: 0s - loss: 1.6778 - accuracy: 0.4104
98/98 [==============================] - ETA: 0s - loss: 1.6770 - accuracy: 0.4106
98/98 [==============================] - 5s 49ms/step - loss: 1.6770 - accuracy: 0.4106 - val_loss: 1.8164 - val_accuracy: 0.4220
Epoch 5/221

 1/98 [..............................] - ETA: 6s - loss: 1.5542 - accuracy: 0.4512
 3/98 [..............................] - ETA: 4s - loss: 1.6172 - accuracy: 0.4329
 5/98 [>.............................] - ETA: 3s - loss: 1.6162 - accuracy: 0.4308
 7/98 [=>............................] - ETA: 3s - loss: 1.6128 - accuracy: 0.4287
 9/98 [=>............................] - ETA: 3s - loss: 1.6206 - accuracy: 0.4242
11/98 [==>...........................] - ETA: 3s - loss: 1.6230 - accuracy: 0.4243
13/98 [==>...........................] - ETA: 3s - loss: 1.6193 - accuracy: 0.4272
15/98 [===>..........................] - ETA: 3s - loss: 1.6116 - accuracy: 0.4323
17/98 [====>.........................] - ETA: 3s - loss: 1.6203 - accuracy: 0.4289
19/98 [====>.........................] - ETA: 3s - loss: 1.6219 - accuracy: 0.4306
21/98 [=====>........................] - ETA: 3s - loss: 1.6240 - accuracy: 0.4311
23/98 [======>.......................] - ETA: 3s - loss: 1.6270 - accuracy: 0.4289
25/98 [======>.......................] - ETA: 3s - loss: 1.6298 - accuracy: 0.4274
27/98 [=======>......................] - ETA: 3s - loss: 1.6270 - accuracy: 0.4278
29/98 [=======>......................] - ETA: 3s - loss: 1.6312 - accuracy: 0.4270
31/98 [========>.....................] - ETA: 2s - loss: 1.6310 - accuracy: 0.4276
33/98 [=========>....................] - ETA: 2s - loss: 1.6306 - accuracy: 0.4273
35/98 [=========>....................] - ETA: 2s - loss: 1.6277 - accuracy: 0.4289
37/98 [==========>...................] - ETA: 2s - loss: 1.6261 - accuracy: 0.4288
39/98 [==========>...................] - ETA: 2s - loss: 1.6254 - accuracy: 0.4286
41/98 [===========>..................] - ETA: 2s - loss: 1.6263 - accuracy: 0.4283
43/98 [============>.................] - ETA: 2s - loss: 1.6274 - accuracy: 0.4277
45/98 [============>.................] - ETA: 2s - loss: 1.6259 - accuracy: 0.4276
47/98 [=============>................] - ETA: 2s - loss: 1.6259 - accuracy: 0.4280
49/98 [==============>...............] - ETA: 2s - loss: 1.6238 - accuracy: 0.4285
51/98 [==============>...............] - ETA: 2s - loss: 1.6229 - accuracy: 0.4288
53/98 [===============>..............] - ETA: 1s - loss: 1.6211 - accuracy: 0.4291
55/98 [===============>..............] - ETA: 1s - loss: 1.6215 - accuracy: 0.4292
57/98 [================>.............] - ETA: 1s - loss: 1.6197 - accuracy: 0.4294
59/98 [=================>............] - ETA: 1s - loss: 1.6205 - accuracy: 0.4295
61/98 [=================>............] - ETA: 1s - loss: 1.6193 - accuracy: 0.4307
63/98 [==================>...........] - ETA: 1s - loss: 1.6173 - accuracy: 0.4309
65/98 [==================>...........] - ETA: 1s - loss: 1.6176 - accuracy: 0.4310
67/98 [===================>..........] - ETA: 1s - loss: 1.6179 - accuracy: 0.4311
69/98 [====================>.........] - ETA: 1s - loss: 1.6167 - accuracy: 0.4315
71/98 [====================>.........] - ETA: 1s - loss: 1.6165 - accuracy: 0.4311
73/98 [=====================>........] - ETA: 1s - loss: 1.6167 - accuracy: 0.4313
75/98 [=====================>........] - ETA: 1s - loss: 1.6155 - accuracy: 0.4316
77/98 [======================>.......] - ETA: 0s - loss: 1.6158 - accuracy: 0.4319
79/98 [=======================>......] - ETA: 0s - loss: 1.6147 - accuracy: 0.4323
81/98 [=======================>......] - ETA: 0s - loss: 1.6139 - accuracy: 0.4320
83/98 [========================>.....] - ETA: 0s - loss: 1.6138 - accuracy: 0.4319
85/98 [=========================>....] - ETA: 0s - loss: 1.6137 - accuracy: 0.4322
87/98 [=========================>....] - ETA: 0s - loss: 1.6133 - accuracy: 0.4320
89/98 [==========================>...] - ETA: 0s - loss: 1.6136 - accuracy: 0.4326
91/98 [==========================>...] - ETA: 0s - loss: 1.6132 - accuracy: 0.4332
93/98 [===========================>..] - ETA: 0s - loss: 1.6136 - accuracy: 0.4331
95/98 [============================>.] - ETA: 0s - loss: 1.6136 - accuracy: 0.4335
97/98 [============================>.] - ETA: 0s - loss: 1.6137 - accuracy: 0.4334
98/98 [==============================] - 5s 52ms/step - loss: 1.6138 - accuracy: 0.4333 - val_loss: 1.6679 - val_accuracy: 0.4512
Epoch 6/221

 1/98 [..............................] - ETA: 6s - loss: 1.5927 - accuracy: 0.4590
 3/98 [..............................] - ETA: 4s - loss: 1.5581 - accuracy: 0.4603
 5/98 [>.............................] - ETA: 4s - loss: 1.5715 - accuracy: 0.4555
 7/98 [=>............................] - ETA: 4s - loss: 1.5748 - accuracy: 0.4503
 9/98 [=>............................] - ETA: 4s - loss: 1.5819 - accuracy: 0.4414
11/98 [==>...........................] - ETA: 3s - loss: 1.5918 - accuracy: 0.4398
13/98 [==>...........................] - ETA: 3s - loss: 1.5861 - accuracy: 0.4432
15/98 [===>..........................] - ETA: 3s - loss: 1.5877 - accuracy: 0.4431
17/98 [====>.........................] - ETA: 3s - loss: 1.5887 - accuracy: 0.4429
19/98 [====>.........................] - ETA: 3s - loss: 1.5872 - accuracy: 0.4413
21/98 [=====>........................] - ETA: 3s - loss: 1.5891 - accuracy: 0.4422
23/98 [======>.......................] - ETA: 2s - loss: 1.5868 - accuracy: 0.4429
25/98 [======>.......................] - ETA: 2s - loss: 1.5856 - accuracy: 0.4425
27/98 [=======>......................] - ETA: 2s - loss: 1.5828 - accuracy: 0.4432
29/98 [=======>......................] - ETA: 2s - loss: 1.5851 - accuracy: 0.4422
31/98 [========>.....................] - ETA: 2s - loss: 1.5814 - accuracy: 0.4428
33/98 [=========>....................] - ETA: 2s - loss: 1.5796 - accuracy: 0.4451
35/98 [=========>....................] - ETA: 2s - loss: 1.5781 - accuracy: 0.4458
37/98 [==========>...................] - ETA: 2s - loss: 1.5793 - accuracy: 0.4456
39/98 [==========>...................] - ETA: 2s - loss: 1.5813 - accuracy: 0.4453
41/98 [===========>..................] - ETA: 2s - loss: 1.5783 - accuracy: 0.4464
43/98 [============>.................] - ETA: 2s - loss: 1.5773 - accuracy: 0.4471
45/98 [============>.................] - ETA: 1s - loss: 1.5773 - accuracy: 0.4469
47/98 [=============>................] - ETA: 1s - loss: 1.5756 - accuracy: 0.4473
49/98 [==============>...............] - ETA: 1s - loss: 1.5752 - accuracy: 0.4474
51/98 [==============>...............] - ETA: 1s - loss: 1.5740 - accuracy: 0.4471
53/98 [===============>..............] - ETA: 1s - loss: 1.5733 - accuracy: 0.4472
55/98 [===============>..............] - ETA: 1s - loss: 1.5707 - accuracy: 0.4482
57/98 [================>.............] - ETA: 1s - loss: 1.5686 - accuracy: 0.4488
59/98 [=================>............] - ETA: 1s - loss: 1.5679 - accuracy: 0.4487
61/98 [=================>............] - ETA: 1s - loss: 1.5665 - accuracy: 0.4493
63/98 [==================>...........] - ETA: 1s - loss: 1.5659 - accuracy: 0.4494
65/98 [==================>...........] - ETA: 1s - loss: 1.5653 - accuracy: 0.4495
67/98 [===================>..........] - ETA: 1s - loss: 1.5648 - accuracy: 0.4496
69/98 [====================>.........] - ETA: 1s - loss: 1.5639 - accuracy: 0.4498
71/98 [====================>.........] - ETA: 1s - loss: 1.5640 - accuracy: 0.4501
73/98 [=====================>........] - ETA: 0s - loss: 1.5624 - accuracy: 0.4503
75/98 [=====================>........] - ETA: 0s - loss: 1.5631 - accuracy: 0.4500
77/98 [======================>.......] - ETA: 0s - loss: 1.5642 - accuracy: 0.4494
79/98 [=======================>......] - ETA: 0s - loss: 1.5643 - accuracy: 0.4491
81/98 [=======================>......] - ETA: 0s - loss: 1.5635 - accuracy: 0.4493
83/98 [========================>.....] - ETA: 0s - loss: 1.5632 - accuracy: 0.4493
85/98 [=========================>....] - ETA: 0s - loss: 1.5624 - accuracy: 0.4503
87/98 [=========================>....] - ETA: 0s - loss: 1.5618 - accuracy: 0.4505
89/98 [==========================>...] - ETA: 0s - loss: 1.5621 - accuracy: 0.4501
91/98 [==========================>...] - ETA: 0s - loss: 1.5606 - accuracy: 0.4506
93/98 [===========================>..] - ETA: 0s - loss: 1.5603 - accuracy: 0.4506
95/98 [============================>.] - ETA: 0s - loss: 1.5606 - accuracy: 0.4506
97/98 [============================>.] - ETA: 0s - loss: 1.5603 - accuracy: 0.4508
98/98 [==============================] - 5s 49ms/step - loss: 1.5595 - accuracy: 0.4511 - val_loss: 1.5517 - val_accuracy: 0.4771
Epoch 7/221

 1/98 [..............................] - ETA: 6s - loss: 1.5510 - accuracy: 0.4590
 3/98 [..............................] - ETA: 3s - loss: 1.5145 - accuracy: 0.4785
 5/98 [>.............................] - ETA: 3s - loss: 1.5189 - accuracy: 0.4762
 7/98 [=>............................] - ETA: 4s - loss: 1.5267 - accuracy: 0.4665
 9/98 [=>............................] - ETA: 3s - loss: 1.5233 - accuracy: 0.4648
11/98 [==>...........................] - ETA: 3s - loss: 1.5283 - accuracy: 0.4600
13/98 [==>...........................] - ETA: 3s - loss: 1.5220 - accuracy: 0.4614
15/98 [===>..........................] - ETA: 3s - loss: 1.5226 - accuracy: 0.4604
17/98 [====>.........................] - ETA: 3s - loss: 1.5207 - accuracy: 0.4602
19/98 [====>.........................] - ETA: 3s - loss: 1.5181 - accuracy: 0.4622
21/98 [=====>........................] - ETA: 3s - loss: 1.5190 - accuracy: 0.4622
23/98 [======>.......................] - ETA: 3s - loss: 1.5189 - accuracy: 0.4629
25/98 [======>.......................] - ETA: 3s - loss: 1.5212 - accuracy: 0.4627
27/98 [=======>......................] - ETA: 3s - loss: 1.5189 - accuracy: 0.4645
29/98 [=======>......................] - ETA: 3s - loss: 1.5172 - accuracy: 0.4644
31/98 [========>.....................] - ETA: 2s - loss: 1.5157 - accuracy: 0.4654
33/98 [=========>....................] - ETA: 2s - loss: 1.5170 - accuracy: 0.4648
35/98 [=========>....................] - ETA: 2s - loss: 1.5180 - accuracy: 0.4654
37/98 [==========>...................] - ETA: 2s - loss: 1.5177 - accuracy: 0.4638
39/98 [==========>...................] - ETA: 2s - loss: 1.5138 - accuracy: 0.4652
41/98 [===========>..................] - ETA: 2s - loss: 1.5140 - accuracy: 0.4646
43/98 [============>.................] - ETA: 2s - loss: 1.5155 - accuracy: 0.4647
45/98 [============>.................] - ETA: 2s - loss: 1.5149 - accuracy: 0.4646
47/98 [=============>................] - ETA: 2s - loss: 1.5145 - accuracy: 0.4648
49/98 [==============>...............] - ETA: 2s - loss: 1.5147 - accuracy: 0.4647
51/98 [==============>...............] - ETA: 2s - loss: 1.5149 - accuracy: 0.4652
53/98 [===============>..............] - ETA: 2s - loss: 1.5138 - accuracy: 0.4652
55/98 [===============>..............] - ETA: 1s - loss: 1.5136 - accuracy: 0.4655
57/98 [================>.............] - ETA: 1s - loss: 1.5156 - accuracy: 0.4652
59/98 [=================>............] - ETA: 1s - loss: 1.5158 - accuracy: 0.4648
61/98 [=================>............] - ETA: 1s - loss: 1.5153 - accuracy: 0.4645
63/98 [==================>...........] - ETA: 1s - loss: 1.5144 - accuracy: 0.4647
65/98 [==================>...........] - ETA: 1s - loss: 1.5157 - accuracy: 0.4642
67/98 [===================>..........] - ETA: 1s - loss: 1.5145 - accuracy: 0.4645
69/98 [====================>.........] - ETA: 1s - loss: 1.5143 - accuracy: 0.4647
71/98 [====================>.........] - ETA: 1s - loss: 1.5163 - accuracy: 0.4641
73/98 [=====================>........] - ETA: 1s - loss: 1.5163 - accuracy: 0.4648
75/98 [=====================>........] - ETA: 1s - loss: 1.5149 - accuracy: 0.4650
77/98 [======================>.......] - ETA: 0s - loss: 1.5143 - accuracy: 0.4656
79/98 [=======================>......] - ETA: 0s - loss: 1.5150 - accuracy: 0.4655
81/98 [=======================>......] - ETA: 0s - loss: 1.5149 - accuracy: 0.4652
83/98 [========================>.....] - ETA: 0s - loss: 1.5150 - accuracy: 0.4654
85/98 [=========================>....] - ETA: 0s - loss: 1.5142 - accuracy: 0.4653
87/98 [=========================>....] - ETA: 0s - loss: 1.5135 - accuracy: 0.4659
89/98 [==========================>...] - ETA: 0s - loss: 1.5124 - accuracy: 0.4662
91/98 [==========================>...] - ETA: 0s - loss: 1.5124 - accuracy: 0.4660
93/98 [===========================>..] - ETA: 0s - loss: 1.5114 - accuracy: 0.4666
95/98 [============================>.] - ETA: 0s - loss: 1.5111 - accuracy: 0.4666
97/98 [============================>.] - ETA: 0s - loss: 1.5104 - accuracy: 0.4661
98/98 [==============================] - 5s 51ms/step - loss: 1.5109 - accuracy: 0.4657 - val_loss: 1.4795 - val_accuracy: 0.4970
Epoch 8/221

 1/98 [..............................] - ETA: 5s - loss: 1.4978 - accuracy: 0.4863
 3/98 [..............................] - ETA: 2s - loss: 1.4892 - accuracy: 0.4941
 5/98 [>.............................] - ETA: 2s - loss: 1.4996 - accuracy: 0.4871
 7/98 [=>............................] - ETA: 3s - loss: 1.5058 - accuracy: 0.4824
 9/98 [=>............................] - ETA: 2s - loss: 1.4900 - accuracy: 0.4848
11/98 [==>...........................] - ETA: 2s - loss: 1.4993 - accuracy: 0.4792
13/98 [==>...........................] - ETA: 2s - loss: 1.4955 - accuracy: 0.4827
15/98 [===>..........................] - ETA: 2s - loss: 1.4948 - accuracy: 0.4816
17/98 [====>.........................] - ETA: 2s - loss: 1.4963 - accuracy: 0.4797
19/98 [====>.........................] - ETA: 2s - loss: 1.4981 - accuracy: 0.4791
21/98 [=====>........................] - ETA: 2s - loss: 1.4985 - accuracy: 0.4758
23/98 [======>.......................] - ETA: 2s - loss: 1.4928 - accuracy: 0.4780
25/98 [======>.......................] - ETA: 2s - loss: 1.4930 - accuracy: 0.4777
27/98 [=======>......................] - ETA: 2s - loss: 1.4964 - accuracy: 0.4775
29/98 [=======>......................] - ETA: 2s - loss: 1.4973 - accuracy: 0.4773
31/98 [========>.....................] - ETA: 2s - loss: 1.4993 - accuracy: 0.4757
33/98 [=========>....................] - ETA: 2s - loss: 1.4952 - accuracy: 0.4791
35/98 [=========>....................] - ETA: 2s - loss: 1.4930 - accuracy: 0.4791
37/98 [==========>...................] - ETA: 2s - loss: 1.4907 - accuracy: 0.4802
39/98 [==========>...................] - ETA: 2s - loss: 1.4882 - accuracy: 0.4806
41/98 [===========>..................] - ETA: 2s - loss: 1.4870 - accuracy: 0.4804
43/98 [============>.................] - ETA: 2s - loss: 1.4855 - accuracy: 0.4808
45/98 [============>.................] - ETA: 2s - loss: 1.4836 - accuracy: 0.4821
47/98 [=============>................] - ETA: 2s - loss: 1.4850 - accuracy: 0.4816
49/98 [==============>...............] - ETA: 1s - loss: 1.4847 - accuracy: 0.4811
51/98 [==============>...............] - ETA: 1s - loss: 1.4834 - accuracy: 0.4814
53/98 [===============>..............] - ETA: 1s - loss: 1.4834 - accuracy: 0.4811
55/98 [===============>..............] - ETA: 1s - loss: 1.4843 - accuracy: 0.4812
57/98 [================>.............] - ETA: 1s - loss: 1.4850 - accuracy: 0.4806
58/98 [================>.............] - ETA: 1s - loss: 1.4852 - accuracy: 0.4803
60/98 [=================>............] - ETA: 1s - loss: 1.4850 - accuracy: 0.4808
62/98 [=================>............] - ETA: 1s - loss: 1.4839 - accuracy: 0.4810
64/98 [==================>...........] - ETA: 1s - loss: 1.4829 - accuracy: 0.4807
66/98 [===================>..........] - ETA: 1s - loss: 1.4828 - accuracy: 0.4805
68/98 [===================>..........] - ETA: 1s - loss: 1.4823 - accuracy: 0.4798
70/98 [====================>.........] - ETA: 1s - loss: 1.4816 - accuracy: 0.4799
72/98 [=====================>........] - ETA: 1s - loss: 1.4815 - accuracy: 0.4795
74/98 [=====================>........] - ETA: 1s - loss: 1.4823 - accuracy: 0.4797
76/98 [======================>.......] - ETA: 0s - loss: 1.4819 - accuracy: 0.4797
78/98 [======================>.......] - ETA: 0s - loss: 1.4812 - accuracy: 0.4798
80/98 [=======================>......] - ETA: 0s - loss: 1.4817 - accuracy: 0.4798
82/98 [========================>.....] - ETA: 0s - loss: 1.4810 - accuracy: 0.4805
84/98 [========================>.....] - ETA: 0s - loss: 1.4808 - accuracy: 0.4806
86/98 [=========================>....] - ETA: 0s - loss: 1.4794 - accuracy: 0.4808
88/98 [=========================>....] - ETA: 0s - loss: 1.4772 - accuracy: 0.4812
90/98 [==========================>...] - ETA: 0s - loss: 1.4774 - accuracy: 0.4809
92/98 [===========================>..] - ETA: 0s - loss: 1.4773 - accuracy: 0.4810
94/98 [===========================>..] - ETA: 0s - loss: 1.4768 - accuracy: 0.4809
96/98 [============================>.] - ETA: 0s - loss: 1.4760 - accuracy: 0.4815
98/98 [==============================] - ETA: 0s - loss: 1.4755 - accuracy: 0.4818
98/98 [==============================] - 5s 51ms/step - loss: 1.4755 - accuracy: 0.4818 - val_loss: 1.4338 - val_accuracy: 0.5060
Epoch 9/221

 1/98 [..............................] - ETA: 6s - loss: 1.5108 - accuracy: 0.4688
 3/98 [..............................] - ETA: 4s - loss: 1.4859 - accuracy: 0.4837
 5/98 [>.............................] - ETA: 4s - loss: 1.4695 - accuracy: 0.4848
 7/98 [=>............................] - ETA: 4s - loss: 1.4748 - accuracy: 0.4860
 9/98 [=>............................] - ETA: 4s - loss: 1.4724 - accuracy: 0.4911
11/98 [==>...........................] - ETA: 3s - loss: 1.4692 - accuracy: 0.4911
13/98 [==>...........................] - ETA: 3s - loss: 1.4627 - accuracy: 0.4905
15/98 [===>..........................] - ETA: 3s - loss: 1.4670 - accuracy: 0.4887
17/98 [====>.........................] - ETA: 3s - loss: 1.4676 - accuracy: 0.4871
19/98 [====>.........................] - ETA: 3s - loss: 1.4599 - accuracy: 0.4880
21/98 [=====>........................] - ETA: 3s - loss: 1.4566 - accuracy: 0.4887
23/98 [======>.......................] - ETA: 3s - loss: 1.4545 - accuracy: 0.4910
25/98 [======>.......................] - ETA: 3s - loss: 1.4552 - accuracy: 0.4899
27/98 [=======>......................] - ETA: 3s - loss: 1.4551 - accuracy: 0.4884
29/98 [=======>......................] - ETA: 3s - loss: 1.4530 - accuracy: 0.4888
31/98 [========>.....................] - ETA: 3s - loss: 1.4527 - accuracy: 0.4890
33/98 [=========>....................] - ETA: 2s - loss: 1.4524 - accuracy: 0.4891
35/98 [=========>....................] - ETA: 2s - loss: 1.4507 - accuracy: 0.4905
37/98 [==========>...................] - ETA: 2s - loss: 1.4492 - accuracy: 0.4925
39/98 [==========>...................] - ETA: 2s - loss: 1.4489 - accuracy: 0.4926
41/98 [===========>..................] - ETA: 2s - loss: 1.4465 - accuracy: 0.4935
43/98 [============>.................] - ETA: 2s - loss: 1.4484 - accuracy: 0.4927
45/98 [============>.................] - ETA: 2s - loss: 1.4490 - accuracy: 0.4926
47/98 [=============>................] - ETA: 2s - loss: 1.4475 - accuracy: 0.4936
49/98 [==============>...............] - ETA: 2s - loss: 1.4476 - accuracy: 0.4937
51/98 [==============>...............] - ETA: 2s - loss: 1.4496 - accuracy: 0.4935
53/98 [===============>..............] - ETA: 2s - loss: 1.4483 - accuracy: 0.4940
55/98 [===============>..............] - ETA: 1s - loss: 1.4458 - accuracy: 0.4950
57/98 [================>.............] - ETA: 1s - loss: 1.4466 - accuracy: 0.4948
59/98 [=================>............] - ETA: 1s - loss: 1.4468 - accuracy: 0.4950
61/98 [=================>............] - ETA: 1s - loss: 1.4465 - accuracy: 0.4954
63/98 [==================>...........] - ETA: 1s - loss: 1.4460 - accuracy: 0.4962
65/98 [==================>...........] - ETA: 1s - loss: 1.4455 - accuracy: 0.4958
67/98 [===================>..........] - ETA: 1s - loss: 1.4446 - accuracy: 0.4957
69/98 [====================>.........] - ETA: 1s - loss: 1.4448 - accuracy: 0.4950
71/98 [====================>.........] - ETA: 1s - loss: 1.4440 - accuracy: 0.4945
73/98 [=====================>........] - ETA: 1s - loss: 1.4443 - accuracy: 0.4943
75/98 [=====================>........] - ETA: 1s - loss: 1.4435 - accuracy: 0.4943
77/98 [======================>.......] - ETA: 0s - loss: 1.4433 - accuracy: 0.4945
