2024-06-26 13:17:04.689098: I tensorflow/core/platform/cpu_feature_guard.cc:193] This TensorFlow binary is optimized with oneAPI Deep Neural Network Library (oneDNN) to use the following CPU instructions in performance-critical operations:  AVX AVX2
To enable them in other operations, rebuild TensorFlow with the appropriate compiler flags.
2024-06-26 13:17:05.253115: I tensorflow/core/common_runtime/gpu/gpu_device.cc:1616] Created device /job:localhost/replica:0/task:0/device:GPU:0 with 6656 MB memory:  -> device: 0, name: NVIDIA GeForce RTX 4060 Ti, pci bus id: 0000:01:00.0, compute capability: 8.9
1 Physical GPUs, 1 Logical GPUs
Model: "sequential"
_________________________________________________________________
 Layer (type)                Output Shape              Param #   
=================================================================
 conv2d (Conv2D)             (None, 32, 32, 32)        896       
                                                                 
 max_pooling2d (MaxPooling2D  (None, 16, 16, 32)       0         
 )                                                               
                                                                 
 batch_normalization (BatchN  (None, 16, 16, 32)       128       
 ormalization)                                                   
                                                                 
 conv2d_1 (Conv2D)           (None, 16, 16, 128)       102528    
                                                                 
 dropout (Dropout)           (None, 16, 16, 128)       0         
                                                                 
 flatten (Flatten)           (None, 32768)             0         
                                                                 
 dense (Dense)               (None, 10)                327690    
                                                                 
=================================================================
Total params: 431,242
Trainable params: 431,178
Non-trainable params: 64
_________________________________________________________________
Taxa de aprendizado:  1e-05 Num de épocas:  221 Tamanho do lote:  512 Dropout:  0.4426
Epoch 1/221
2024-06-26 13:17:06.760480: I tensorflow/stream_executor/cuda/cuda_dnn.cc:384] Loaded cuDNN version 8100
2024-06-26 13:17:07.891491: W tensorflow/stream_executor/gpu/redzone_allocator.cc:314] INTERNAL: ptxas exited with non-zero error code -1, output: 
Relying on driver to perform ptx compilation. 
Modify $PATH to customize ptxas location.
This message will be only logged once.
2024-06-26 13:17:09.124018: I tensorflow/stream_executor/cuda/cuda_blas.cc:1614] TensorFloat-32 will be used for the matrix multiplication. This will only be logged once.

 1/98 [..............................] - ETA: 7:09 - loss: 2.4788 - accuracy: 0.0625
 3/98 [..............................] - ETA: 4s - loss: 2.4691 - accuracy: 0.0736  
 5/98 [>.............................] - ETA: 4s - loss: 2.4437 - accuracy: 0.0824
 7/98 [=>............................] - ETA: 4s - loss: 2.4259 - accuracy: 0.0921
 9/98 [=>............................] - ETA: 4s - loss: 2.4077 - accuracy: 0.0994
11/98 [==>...........................] - ETA: 3s - loss: 2.3923 - accuracy: 0.1067
13/98 [==>...........................] - ETA: 3s - loss: 2.3845 - accuracy: 0.1077
15/98 [===>..........................] - ETA: 3s - loss: 2.3759 - accuracy: 0.1113
17/98 [====>.........................] - ETA: 3s - loss: 2.3664 - accuracy: 0.1145
19/98 [====>.........................] - ETA: 3s - loss: 2.3557 - accuracy: 0.1182
21/98 [=====>........................] - ETA: 3s - loss: 2.3477 - accuracy: 0.1240
23/98 [======>.......................] - ETA: 3s - loss: 2.3414 - accuracy: 0.1272
25/98 [======>.......................] - ETA: 3s - loss: 2.3321 - accuracy: 0.1313
27/98 [=======>......................] - ETA: 2s - loss: 2.3259 - accuracy: 0.1329
29/98 [=======>......................] - ETA: 2s - loss: 2.3199 - accuracy: 0.1364
31/98 [========>.....................] - ETA: 2s - loss: 2.3123 - accuracy: 0.1393
33/98 [=========>....................] - ETA: 2s - loss: 2.3044 - accuracy: 0.1428
35/98 [=========>....................] - ETA: 2s - loss: 2.2970 - accuracy: 0.1455
37/98 [==========>...................] - ETA: 2s - loss: 2.2901 - accuracy: 0.1473
39/98 [==========>...................] - ETA: 2s - loss: 2.2833 - accuracy: 0.1502
41/98 [===========>..................] - ETA: 2s - loss: 2.2774 - accuracy: 0.1530
43/98 [============>.................] - ETA: 2s - loss: 2.2716 - accuracy: 0.1562
45/98 [============>.................] - ETA: 2s - loss: 2.2672 - accuracy: 0.1579
47/98 [=============>................] - ETA: 1s - loss: 2.2612 - accuracy: 0.1612
49/98 [==============>...............] - ETA: 2s - loss: 2.2568 - accuracy: 0.1635
51/98 [==============>...............] - ETA: 2s - loss: 2.2505 - accuracy: 0.1665
53/98 [===============>..............] - ETA: 2s - loss: 2.2440 - accuracy: 0.1690
55/98 [===============>..............] - ETA: 2s - loss: 2.2392 - accuracy: 0.1710
57/98 [================>.............] - ETA: 1s - loss: 2.2337 - accuracy: 0.1731
59/98 [=================>............] - ETA: 1s - loss: 2.2279 - accuracy: 0.1755
61/98 [=================>............] - ETA: 1s - loss: 2.2225 - accuracy: 0.1782
63/98 [==================>...........] - ETA: 1s - loss: 2.2179 - accuracy: 0.1799
65/98 [==================>...........] - ETA: 1s - loss: 2.2128 - accuracy: 0.1819
67/98 [===================>..........] - ETA: 1s - loss: 2.2080 - accuracy: 0.1847
69/98 [====================>.........] - ETA: 1s - loss: 2.2039 - accuracy: 0.1862
71/98 [====================>.........] - ETA: 1s - loss: 2.1996 - accuracy: 0.1883
73/98 [=====================>........] - ETA: 1s - loss: 2.1947 - accuracy: 0.1909
75/98 [=====================>........] - ETA: 1s - loss: 2.1897 - accuracy: 0.1933
77/98 [======================>.......] - ETA: 0s - loss: 2.1865 - accuracy: 0.1943
79/98 [=======================>......] - ETA: 0s - loss: 2.1825 - accuracy: 0.1963
81/98 [=======================>......] - ETA: 0s - loss: 2.1778 - accuracy: 0.1984
83/98 [========================>.....] - ETA: 0s - loss: 2.1739 - accuracy: 0.1998
85/98 [=========================>....] - ETA: 0s - loss: 2.1698 - accuracy: 0.2018
87/98 [=========================>....] - ETA: 0s - loss: 2.1657 - accuracy: 0.2034
89/98 [==========================>...] - ETA: 0s - loss: 2.1623 - accuracy: 0.2050
91/98 [==========================>...] - ETA: 0s - loss: 2.1583 - accuracy: 0.2067
93/98 [===========================>..] - ETA: 0s - loss: 2.1538 - accuracy: 0.2083
95/98 [============================>.] - ETA: 0s - loss: 2.1498 - accuracy: 0.2102
97/98 [============================>.] - ETA: 0s - loss: 2.1460 - accuracy: 0.2119
98/98 [==============================] - 10s 59ms/step - loss: 2.1438 - accuracy: 0.2130 - val_loss: 2.2348 - val_accuracy: 0.2440
Epoch 2/221

 1/98 [..............................] - ETA: 6s - loss: 1.9745 - accuracy: 0.3086
 3/98 [..............................] - ETA: 4s - loss: 1.9649 - accuracy: 0.2995
 5/98 [>.............................] - ETA: 4s - loss: 1.9559 - accuracy: 0.3004
 7/98 [=>............................] - ETA: 4s - loss: 1.9537 - accuracy: 0.3019
 9/98 [=>............................] - ETA: 4s - loss: 1.9454 - accuracy: 0.3075
11/98 [==>...........................] - ETA: 3s - loss: 1.9442 - accuracy: 0.3034
13/98 [==>...........................] - ETA: 3s - loss: 1.9388 - accuracy: 0.3045
15/98 [===>..........................] - ETA: 3s - loss: 1.9345 - accuracy: 0.3078
17/98 [====>.........................] - ETA: 3s - loss: 1.9363 - accuracy: 0.3071
19/98 [====>.........................] - ETA: 3s - loss: 1.9364 - accuracy: 0.3068
21/98 [=====>........................] - ETA: 3s - loss: 1.9370 - accuracy: 0.3065
23/98 [======>.......................] - ETA: 3s - loss: 1.9388 - accuracy: 0.3037
25/98 [======>.......................] - ETA: 3s - loss: 1.9386 - accuracy: 0.3046
27/98 [=======>......................] - ETA: 3s - loss: 1.9365 - accuracy: 0.3056
29/98 [=======>......................] - ETA: 3s - loss: 1.9320 - accuracy: 0.3083
31/98 [========>.....................] - ETA: 2s - loss: 1.9307 - accuracy: 0.3087
33/98 [=========>....................] - ETA: 2s - loss: 1.9285 - accuracy: 0.3094
35/98 [=========>....................] - ETA: 2s - loss: 1.9264 - accuracy: 0.3093
37/98 [==========>...................] - ETA: 2s - loss: 1.9229 - accuracy: 0.3111
39/98 [==========>...................] - ETA: 2s - loss: 1.9188 - accuracy: 0.3127
41/98 [===========>..................] - ETA: 2s - loss: 1.9155 - accuracy: 0.3144
43/98 [============>.................] - ETA: 2s - loss: 1.9145 - accuracy: 0.3154
45/98 [============>.................] - ETA: 2s - loss: 1.9134 - accuracy: 0.3161
47/98 [=============>................] - ETA: 2s - loss: 1.9109 - accuracy: 0.3169
49/98 [==============>...............] - ETA: 2s - loss: 1.9078 - accuracy: 0.3184
51/98 [==============>...............] - ETA: 2s - loss: 1.9069 - accuracy: 0.3192
53/98 [===============>..............] - ETA: 1s - loss: 1.9051 - accuracy: 0.3202
55/98 [===============>..............] - ETA: 1s - loss: 1.9036 - accuracy: 0.3197
57/98 [================>.............] - ETA: 1s - loss: 1.9027 - accuracy: 0.3202
59/98 [=================>............] - ETA: 1s - loss: 1.9011 - accuracy: 0.3203
61/98 [=================>............] - ETA: 1s - loss: 1.9005 - accuracy: 0.3207
63/98 [==================>...........] - ETA: 1s - loss: 1.8973 - accuracy: 0.3217
65/98 [==================>...........] - ETA: 1s - loss: 1.8968 - accuracy: 0.3225
67/98 [===================>..........] - ETA: 1s - loss: 1.8948 - accuracy: 0.3234
69/98 [====================>.........] - ETA: 1s - loss: 1.8945 - accuracy: 0.3233
71/98 [====================>.........] - ETA: 1s - loss: 1.8931 - accuracy: 0.3238
73/98 [=====================>........] - ETA: 1s - loss: 1.8918 - accuracy: 0.3242
75/98 [=====================>........] - ETA: 1s - loss: 1.8906 - accuracy: 0.3244
77/98 [======================>.......] - ETA: 0s - loss: 1.8887 - accuracy: 0.3252
79/98 [=======================>......] - ETA: 0s - loss: 1.8863 - accuracy: 0.3258
81/98 [=======================>......] - ETA: 0s - loss: 1.8849 - accuracy: 0.3263
83/98 [========================>.....] - ETA: 0s - loss: 1.8829 - accuracy: 0.3268
85/98 [=========================>....] - ETA: 0s - loss: 1.8810 - accuracy: 0.3283
87/98 [=========================>....] - ETA: 0s - loss: 1.8801 - accuracy: 0.3283
89/98 [==========================>...] - ETA: 0s - loss: 1.8787 - accuracy: 0.3283
91/98 [==========================>...] - ETA: 0s - loss: 1.8770 - accuracy: 0.3285
93/98 [===========================>..] - ETA: 0s - loss: 1.8766 - accuracy: 0.3288
95/98 [============================>.] - ETA: 0s - loss: 1.8751 - accuracy: 0.3292
97/98 [============================>.] - ETA: 0s - loss: 1.8735 - accuracy: 0.3299
98/98 [==============================] - 5s 51ms/step - loss: 1.8730 - accuracy: 0.3303 - val_loss: 2.1286 - val_accuracy: 0.3583
Epoch 3/221

 1/98 [..............................] - ETA: 6s - loss: 1.8623 - accuracy: 0.3555
 3/98 [..............................] - ETA: 4s - loss: 1.7885 - accuracy: 0.3717
 5/98 [>.............................] - ETA: 4s - loss: 1.7811 - accuracy: 0.3641
 7/98 [=>............................] - ETA: 4s - loss: 1.7861 - accuracy: 0.3647
 9/98 [=>............................] - ETA: 3s - loss: 1.7864 - accuracy: 0.3650
11/98 [==>...........................] - ETA: 3s - loss: 1.7903 - accuracy: 0.3626
13/98 [==>...........................] - ETA: 3s - loss: 1.7912 - accuracy: 0.3609
15/98 [===>..........................] - ETA: 3s - loss: 1.7851 - accuracy: 0.3635
17/98 [====>.........................] - ETA: 3s - loss: 1.7846 - accuracy: 0.3648
19/98 [====>.........................] - ETA: 3s - loss: 1.7860 - accuracy: 0.3650
21/98 [=====>........................] - ETA: 3s - loss: 1.7882 - accuracy: 0.3654
23/98 [======>.......................] - ETA: 3s - loss: 1.7921 - accuracy: 0.3625
25/98 [======>.......................] - ETA: 3s - loss: 1.7913 - accuracy: 0.3642
27/98 [=======>......................] - ETA: 3s - loss: 1.7903 - accuracy: 0.3662
29/98 [=======>......................] - ETA: 3s - loss: 1.7907 - accuracy: 0.3658
31/98 [========>.....................] - ETA: 3s - loss: 1.7902 - accuracy: 0.3661
33/98 [=========>....................] - ETA: 2s - loss: 1.7885 - accuracy: 0.3670
35/98 [=========>....................] - ETA: 2s - loss: 1.7872 - accuracy: 0.3672
37/98 [==========>...................] - ETA: 2s - loss: 1.7893 - accuracy: 0.3667
39/98 [==========>...................] - ETA: 2s - loss: 1.7880 - accuracy: 0.3661
41/98 [===========>..................] - ETA: 2s - loss: 1.7866 - accuracy: 0.3667
43/98 [============>.................] - ETA: 2s - loss: 1.7851 - accuracy: 0.3677
45/98 [============>.................] - ETA: 2s - loss: 1.7833 - accuracy: 0.3681
47/98 [=============>................] - ETA: 2s - loss: 1.7821 - accuracy: 0.3684
49/98 [==============>...............] - ETA: 2s - loss: 1.7809 - accuracy: 0.3689
51/98 [==============>...............] - ETA: 2s - loss: 1.7793 - accuracy: 0.3699
53/98 [===============>..............] - ETA: 2s - loss: 1.7790 - accuracy: 0.3695
55/98 [===============>..............] - ETA: 1s - loss: 1.7767 - accuracy: 0.3703
57/98 [================>.............] - ETA: 1s - loss: 1.7776 - accuracy: 0.3699
59/98 [=================>............] - ETA: 1s - loss: 1.7769 - accuracy: 0.3705
61/98 [=================>............] - ETA: 1s - loss: 1.7750 - accuracy: 0.3705
63/98 [==================>...........] - ETA: 1s - loss: 1.7741 - accuracy: 0.3704
65/98 [==================>...........] - ETA: 1s - loss: 1.7720 - accuracy: 0.3710
67/98 [===================>..........] - ETA: 1s - loss: 1.7710 - accuracy: 0.3709
69/98 [====================>.........] - ETA: 1s - loss: 1.7693 - accuracy: 0.3716
71/98 [====================>.........] - ETA: 1s - loss: 1.7678 - accuracy: 0.3720
73/98 [=====================>........] - ETA: 1s - loss: 1.7661 - accuracy: 0.3724
75/98 [=====================>........] - ETA: 1s - loss: 1.7646 - accuracy: 0.3730
77/98 [======================>.......] - ETA: 0s - loss: 1.7634 - accuracy: 0.3734
79/98 [=======================>......] - ETA: 0s - loss: 1.7617 - accuracy: 0.3741
81/98 [=======================>......] - ETA: 0s - loss: 1.7613 - accuracy: 0.3740
83/98 [========================>.....] - ETA: 0s - loss: 1.7606 - accuracy: 0.3736
85/98 [=========================>....] - ETA: 0s - loss: 1.7593 - accuracy: 0.3737
87/98 [=========================>....] - ETA: 0s - loss: 1.7582 - accuracy: 0.3745
89/98 [==========================>...] - ETA: 0s - loss: 1.7580 - accuracy: 0.3744
91/98 [==========================>...] - ETA: 0s - loss: 1.7571 - accuracy: 0.3747
93/98 [===========================>..] - ETA: 0s - loss: 1.7557 - accuracy: 0.3751
95/98 [============================>.] - ETA: 0s - loss: 1.7550 - accuracy: 0.3750
97/98 [============================>.] - ETA: 0s - loss: 1.7537 - accuracy: 0.3757
98/98 [==============================] - 5s 53ms/step - loss: 1.7537 - accuracy: 0.3754 - val_loss: 1.9875 - val_accuracy: 0.4023
Epoch 4/221

 1/98 [..............................] - ETA: 6s - loss: 1.6769 - accuracy: 0.4141
 3/98 [..............................] - ETA: 3s - loss: 1.7050 - accuracy: 0.3991
 5/98 [>.............................] - ETA: 4s - loss: 1.7148 - accuracy: 0.3938
 7/98 [=>............................] - ETA: 3s - loss: 1.7200 - accuracy: 0.3943
 9/98 [=>............................] - ETA: 3s - loss: 1.7062 - accuracy: 0.3976
11/98 [==>...........................] - ETA: 3s - loss: 1.7040 - accuracy: 0.3954
13/98 [==>...........................] - ETA: 3s - loss: 1.7035 - accuracy: 0.3974
15/98 [===>..........................] - ETA: 3s - loss: 1.6973 - accuracy: 0.3970
17/98 [====>.........................] - ETA: 3s - loss: 1.6987 - accuracy: 0.3950
19/98 [====>.........................] - ETA: 3s - loss: 1.6977 - accuracy: 0.3953
21/98 [=====>........................] - ETA: 3s - loss: 1.6968 - accuracy: 0.3957
23/98 [======>.......................] - ETA: 3s - loss: 1.6971 - accuracy: 0.3966
25/98 [======>.......................] - ETA: 3s - loss: 1.7002 - accuracy: 0.3944
27/98 [=======>......................] - ETA: 3s - loss: 1.6966 - accuracy: 0.3956
29/98 [=======>......................] - ETA: 3s - loss: 1.6947 - accuracy: 0.3978
31/98 [========>.....................] - ETA: 2s - loss: 1.6939 - accuracy: 0.3990
33/98 [=========>....................] - ETA: 2s - loss: 1.6924 - accuracy: 0.3989
35/98 [=========>....................] - ETA: 2s - loss: 1.6943 - accuracy: 0.3995
37/98 [==========>...................] - ETA: 2s - loss: 1.6945 - accuracy: 0.3984
39/98 [==========>...................] - ETA: 2s - loss: 1.6918 - accuracy: 0.3993
41/98 [===========>..................] - ETA: 2s - loss: 1.6926 - accuracy: 0.3990
43/98 [============>.................] - ETA: 2s - loss: 1.6930 - accuracy: 0.3994
45/98 [============>.................] - ETA: 2s - loss: 1.6916 - accuracy: 0.3999
47/98 [=============>................] - ETA: 2s - loss: 1.6890 - accuracy: 0.4005
49/98 [==============>...............] - ETA: 2s - loss: 1.6883 - accuracy: 0.4000
51/98 [==============>...............] - ETA: 2s - loss: 1.6856 - accuracy: 0.4009
53/98 [===============>..............] - ETA: 1s - loss: 1.6838 - accuracy: 0.4016
55/98 [===============>..............] - ETA: 1s - loss: 1.6829 - accuracy: 0.4020
57/98 [================>.............] - ETA: 1s - loss: 1.6823 - accuracy: 0.4019
59/98 [=================>............] - ETA: 1s - loss: 1.6826 - accuracy: 0.4015
61/98 [=================>............] - ETA: 1s - loss: 1.6827 - accuracy: 0.4018
63/98 [==================>...........] - ETA: 1s - loss: 1.6818 - accuracy: 0.4017
65/98 [==================>...........] - ETA: 1s - loss: 1.6793 - accuracy: 0.4023
67/98 [===================>..........] - ETA: 1s - loss: 1.6780 - accuracy: 0.4026
69/98 [====================>.........] - ETA: 1s - loss: 1.6786 - accuracy: 0.4025
71/98 [====================>.........] - ETA: 1s - loss: 1.6779 - accuracy: 0.4025
73/98 [=====================>........] - ETA: 1s - loss: 1.6763 - accuracy: 0.4028
75/98 [=====================>........] - ETA: 0s - loss: 1.6754 - accuracy: 0.4034
77/98 [======================>.......] - ETA: 0s - loss: 1.6746 - accuracy: 0.4037
79/98 [=======================>......] - ETA: 0s - loss: 1.6743 - accuracy: 0.4046
81/98 [=======================>......] - ETA: 0s - loss: 1.6736 - accuracy: 0.4050
83/98 [========================>.....] - ETA: 0s - loss: 1.6726 - accuracy: 0.4051
85/98 [=========================>....] - ETA: 0s - loss: 1.6717 - accuracy: 0.4057
87/98 [=========================>....] - ETA: 0s - loss: 1.6710 - accuracy: 0.4061
89/98 [==========================>...] - ETA: 0s - loss: 1.6704 - accuracy: 0.4067
91/98 [==========================>...] - ETA: 0s - loss: 1.6696 - accuracy: 0.4072
93/98 [===========================>..] - ETA: 0s - loss: 1.6682 - accuracy: 0.4074
95/98 [============================>.] - ETA: 0s - loss: 1.6681 - accuracy: 0.4074
97/98 [============================>.] - ETA: 0s - loss: 1.6678 - accuracy: 0.4079
98/98 [==============================] - 5s 50ms/step - loss: 1.6676 - accuracy: 0.4082 - val_loss: 1.8256 - val_accuracy: 0.4309
Epoch 5/221

 1/98 [..............................] - ETA: 5s - loss: 1.7337 - accuracy: 0.3965
 3/98 [..............................] - ETA: 4s - loss: 1.6631 - accuracy: 0.4010
 5/98 [>.............................] - ETA: 4s - loss: 1.6387 - accuracy: 0.4168
 7/98 [=>............................] - ETA: 4s - loss: 1.6423 - accuracy: 0.4129
 9/98 [=>............................] - ETA: 3s - loss: 1.6328 - accuracy: 0.4156
11/98 [==>...........................] - ETA: 3s - loss: 1.6282 - accuracy: 0.4174
13/98 [==>...........................] - ETA: 3s - loss: 1.6270 - accuracy: 0.4186
15/98 [===>..........................] - ETA: 3s - loss: 1.6327 - accuracy: 0.4163
17/98 [====>.........................] - ETA: 3s - loss: 1.6326 - accuracy: 0.4169
19/98 [====>.........................] - ETA: 3s - loss: 1.6308 - accuracy: 0.4172
21/98 [=====>........................] - ETA: 3s - loss: 1.6322 - accuracy: 0.4158
23/98 [======>.......................] - ETA: 3s - loss: 1.6289 - accuracy: 0.4176
25/98 [======>.......................] - ETA: 3s - loss: 1.6266 - accuracy: 0.4191
27/98 [=======>......................] - ETA: 3s - loss: 1.6314 - accuracy: 0.4178
29/98 [=======>......................] - ETA: 3s - loss: 1.6295 - accuracy: 0.4201
31/98 [========>.....................] - ETA: 3s - loss: 1.6284 - accuracy: 0.4212
33/98 [=========>....................] - ETA: 2s - loss: 1.6288 - accuracy: 0.4212
35/98 [=========>....................] - ETA: 2s - loss: 1.6285 - accuracy: 0.4228
37/98 [==========>...................] - ETA: 2s - loss: 1.6292 - accuracy: 0.4227
39/98 [==========>...................] - ETA: 2s - loss: 1.6307 - accuracy: 0.4220
41/98 [===========>..................] - ETA: 2s - loss: 1.6293 - accuracy: 0.4226
43/98 [============>.................] - ETA: 2s - loss: 1.6284 - accuracy: 0.4234
45/98 [============>.................] - ETA: 2s - loss: 1.6265 - accuracy: 0.4242
47/98 [=============>................] - ETA: 2s - loss: 1.6249 - accuracy: 0.4246
49/98 [==============>...............] - ETA: 2s - loss: 1.6214 - accuracy: 0.4252
51/98 [==============>...............] - ETA: 2s - loss: 1.6224 - accuracy: 0.4253
53/98 [===============>..............] - ETA: 2s - loss: 1.6227 - accuracy: 0.4255
55/98 [===============>..............] - ETA: 1s - loss: 1.6219 - accuracy: 0.4259
57/98 [================>.............] - ETA: 1s - loss: 1.6208 - accuracy: 0.4267
59/98 [=================>............] - ETA: 1s - loss: 1.6204 - accuracy: 0.4265
61/98 [=================>............] - ETA: 1s - loss: 1.6211 - accuracy: 0.4258
63/98 [==================>...........] - ETA: 1s - loss: 1.6200 - accuracy: 0.4261
65/98 [==================>...........] - ETA: 1s - loss: 1.6192 - accuracy: 0.4264
67/98 [===================>..........] - ETA: 1s - loss: 1.6183 - accuracy: 0.4266
69/98 [====================>.........] - ETA: 1s - loss: 1.6170 - accuracy: 0.4269
71/98 [====================>.........] - ETA: 1s - loss: 1.6177 - accuracy: 0.4261
73/98 [=====================>........] - ETA: 1s - loss: 1.6186 - accuracy: 0.4257
75/98 [=====================>........] - ETA: 1s - loss: 1.6179 - accuracy: 0.4254
77/98 [======================>.......] - ETA: 0s - loss: 1.6154 - accuracy: 0.4260
79/98 [=======================>......] - ETA: 0s - loss: 1.6152 - accuracy: 0.4262
81/98 [=======================>......] - ETA: 0s - loss: 1.6137 - accuracy: 0.4270
83/98 [========================>.....] - ETA: 0s - loss: 1.6137 - accuracy: 0.4266
85/98 [=========================>....] - ETA: 0s - loss: 1.6139 - accuracy: 0.4264
87/98 [=========================>....] - ETA: 0s - loss: 1.6128 - accuracy: 0.4272
89/98 [==========================>...] - ETA: 0s - loss: 1.6124 - accuracy: 0.4271
91/98 [==========================>...] - ETA: 0s - loss: 1.6117 - accuracy: 0.4274
93/98 [===========================>..] - ETA: 0s - loss: 1.6110 - accuracy: 0.4273
95/98 [============================>.] - ETA: 0s - loss: 1.6118 - accuracy: 0.4268
97/98 [============================>.] - ETA: 0s - loss: 1.6112 - accuracy: 0.4272
98/98 [==============================] - 5s 53ms/step - loss: 1.6101 - accuracy: 0.4279 - val_loss: 1.6733 - val_accuracy: 0.4567
Epoch 6/221

 1/98 [..............................] - ETA: 6s - loss: 1.5368 - accuracy: 0.4688
 3/98 [..............................] - ETA: 3s - loss: 1.5698 - accuracy: 0.4492
 5/98 [>.............................] - ETA: 3s - loss: 1.5707 - accuracy: 0.4492
 7/98 [=>............................] - ETA: 4s - loss: 1.5746 - accuracy: 0.4509
 9/98 [=>............................] - ETA: 4s - loss: 1.5864 - accuracy: 0.4455
11/98 [==>...........................] - ETA: 3s - loss: 1.5835 - accuracy: 0.4425
13/98 [==>...........................] - ETA: 3s - loss: 1.5832 - accuracy: 0.4449
15/98 [===>..........................] - ETA: 3s - loss: 1.5800 - accuracy: 0.4445
17/98 [====>.........................] - ETA: 3s - loss: 1.5754 - accuracy: 0.4443
19/98 [====>.........................] - ETA: 3s - loss: 1.5751 - accuracy: 0.4432
21/98 [=====>........................] - ETA: 3s - loss: 1.5746 - accuracy: 0.4426
23/98 [======>.......................] - ETA: 3s - loss: 1.5755 - accuracy: 0.4422
25/98 [======>.......................] - ETA: 3s - loss: 1.5700 - accuracy: 0.4445
27/98 [=======>......................] - ETA: 3s - loss: 1.5697 - accuracy: 0.4452
29/98 [=======>......................] - ETA: 3s - loss: 1.5677 - accuracy: 0.4451
31/98 [========>.....................] - ETA: 2s - loss: 1.5669 - accuracy: 0.4455
33/98 [=========>....................] - ETA: 2s - loss: 1.5671 - accuracy: 0.4448
35/98 [=========>....................] - ETA: 2s - loss: 1.5677 - accuracy: 0.4448
37/98 [==========>...................] - ETA: 2s - loss: 1.5677 - accuracy: 0.4446
39/98 [==========>...................] - ETA: 2s - loss: 1.5687 - accuracy: 0.4443
41/98 [===========>..................] - ETA: 2s - loss: 1.5671 - accuracy: 0.4446
43/98 [============>.................] - ETA: 2s - loss: 1.5664 - accuracy: 0.4450
45/98 [============>.................] - ETA: 2s - loss: 1.5661 - accuracy: 0.4464
47/98 [=============>................] - ETA: 2s - loss: 1.5643 - accuracy: 0.4469
49/98 [==============>...............] - ETA: 2s - loss: 1.5640 - accuracy: 0.4471
51/98 [==============>...............] - ETA: 1s - loss: 1.5645 - accuracy: 0.4466
53/98 [===============>..............] - ETA: 1s - loss: 1.5652 - accuracy: 0.4465
55/98 [===============>..............] - ETA: 1s - loss: 1.5651 - accuracy: 0.4465
57/98 [================>.............] - ETA: 1s - loss: 1.5644 - accuracy: 0.4466
59/98 [=================>............] - ETA: 1s - loss: 1.5635 - accuracy: 0.4465
61/98 [=================>............] - ETA: 1s - loss: 1.5623 - accuracy: 0.4468
63/98 [==================>...........] - ETA: 1s - loss: 1.5627 - accuracy: 0.4472
65/98 [==================>...........] - ETA: 1s - loss: 1.5629 - accuracy: 0.4476
67/98 [===================>..........] - ETA: 1s - loss: 1.5608 - accuracy: 0.4489
69/98 [====================>.........] - ETA: 1s - loss: 1.5607 - accuracy: 0.4488
71/98 [====================>.........] - ETA: 1s - loss: 1.5622 - accuracy: 0.4478
73/98 [=====================>........] - ETA: 0s - loss: 1.5624 - accuracy: 0.4477
75/98 [=====================>........] - ETA: 0s - loss: 1.5615 - accuracy: 0.4479
77/98 [======================>.......] - ETA: 0s - loss: 1.5619 - accuracy: 0.4470
79/98 [=======================>......] - ETA: 0s - loss: 1.5617 - accuracy: 0.4465
81/98 [=======================>......] - ETA: 0s - loss: 1.5609 - accuracy: 0.4469
83/98 [========================>.....] - ETA: 0s - loss: 1.5607 - accuracy: 0.4467
85/98 [=========================>....] - ETA: 0s - loss: 1.5587 - accuracy: 0.4471
87/98 [=========================>....] - ETA: 0s - loss: 1.5592 - accuracy: 0.4471
89/98 [==========================>...] - ETA: 0s - loss: 1.5585 - accuracy: 0.4471
91/98 [==========================>...] - ETA: 0s - loss: 1.5590 - accuracy: 0.4471
93/98 [===========================>..] - ETA: 0s - loss: 1.5590 - accuracy: 0.4466
95/98 [============================>.] - ETA: 0s - loss: 1.5591 - accuracy: 0.4470
97/98 [============================>.] - ETA: 0s - loss: 1.5583 - accuracy: 0.4471
98/98 [==============================] - 5s 49ms/step - loss: 1.5579 - accuracy: 0.4473 - val_loss: 1.5572 - val_accuracy: 0.4729
Epoch 7/221

 1/98 [..............................] - ETA: 6s - loss: 1.6137 - accuracy: 0.4141
 3/98 [..............................] - ETA: 3s - loss: 1.5700 - accuracy: 0.4412
 5/98 [>.............................] - ETA: 3s - loss: 1.5569 - accuracy: 0.4442
 7/98 [=>............................] - ETA: 3s - loss: 1.5550 - accuracy: 0.4454
 9/98 [=>............................] - ETA: 3s - loss: 1.5495 - accuracy: 0.4452
11/98 [==>...........................] - ETA: 3s - loss: 1.5483 - accuracy: 0.4465
13/98 [==>...........................] - ETA: 3s - loss: 1.5523 - accuracy: 0.4452
15/98 [===>..........................] - ETA: 3s - loss: 1.5414 - accuracy: 0.4487
17/98 [====>.........................] - ETA: 3s - loss: 1.5433 - accuracy: 0.4493
19/98 [====>.........................] - ETA: 3s - loss: 1.5390 - accuracy: 0.4530
21/98 [=====>........................] - ETA: 3s - loss: 1.5355 - accuracy: 0.4542
23/98 [======>.......................] - ETA: 3s - loss: 1.5371 - accuracy: 0.4528
25/98 [======>.......................] - ETA: 3s - loss: 1.5375 - accuracy: 0.4522
27/98 [=======>......................] - ETA: 3s - loss: 1.5373 - accuracy: 0.4522
29/98 [=======>......................] - ETA: 3s - loss: 1.5358 - accuracy: 0.4515
31/98 [========>.....................] - ETA: 2s - loss: 1.5319 - accuracy: 0.4539
33/98 [=========>....................] - ETA: 2s - loss: 1.5287 - accuracy: 0.4558
35/98 [=========>....................] - ETA: 2s - loss: 1.5309 - accuracy: 0.4550
37/98 [==========>...................] - ETA: 2s - loss: 1.5336 - accuracy: 0.4531
39/98 [==========>...................] - ETA: 2s - loss: 1.5353 - accuracy: 0.4526
41/98 [===========>..................] - ETA: 2s - loss: 1.5339 - accuracy: 0.4531
43/98 [============>.................] - ETA: 2s - loss: 1.5341 - accuracy: 0.4524
45/98 [============>.................] - ETA: 2s - loss: 1.5322 - accuracy: 0.4531
47/98 [=============>................] - ETA: 2s - loss: 1.5322 - accuracy: 0.4531
49/98 [==============>...............] - ETA: 2s - loss: 1.5350 - accuracy: 0.4527
51/98 [==============>...............] - ETA: 2s - loss: 1.5341 - accuracy: 0.4530
53/98 [===============>..............] - ETA: 2s - loss: 1.5334 - accuracy: 0.4529
55/98 [===============>..............] - ETA: 1s - loss: 1.5348 - accuracy: 0.4524
57/98 [================>.............] - ETA: 1s - loss: 1.5335 - accuracy: 0.4526
59/98 [=================>............] - ETA: 1s - loss: 1.5328 - accuracy: 0.4541
61/98 [=================>............] - ETA: 1s - loss: 1.5309 - accuracy: 0.4548
63/98 [==================>...........] - ETA: 1s - loss: 1.5303 - accuracy: 0.4555
65/98 [==================>...........] - ETA: 1s - loss: 1.5286 - accuracy: 0.4557
67/98 [===================>..........] - ETA: 1s - loss: 1.5289 - accuracy: 0.4559
69/98 [====================>.........] - ETA: 1s - loss: 1.5269 - accuracy: 0.4564
71/98 [====================>.........] - ETA: 1s - loss: 1.5275 - accuracy: 0.4561
73/98 [=====================>........] - ETA: 1s - loss: 1.5274 - accuracy: 0.4561
75/98 [=====================>........] - ETA: 1s - loss: 1.5258 - accuracy: 0.4569
77/98 [======================>.......] - ETA: 0s - loss: 1.5241 - accuracy: 0.4572
79/98 [=======================>......] - ETA: 0s - loss: 1.5233 - accuracy: 0.4576
81/98 [=======================>......] - ETA: 0s - loss: 1.5227 - accuracy: 0.4570
83/98 [========================>.....] - ETA: 0s - loss: 1.5224 - accuracy: 0.4567
85/98 [=========================>....] - ETA: 0s - loss: 1.5219 - accuracy: 0.4573
87/98 [=========================>....] - ETA: 0s - loss: 1.5208 - accuracy: 0.4576
89/98 [==========================>...] - ETA: 0s - loss: 1.5193 - accuracy: 0.4583
91/98 [==========================>...] - ETA: 0s - loss: 1.5200 - accuracy: 0.4580
93/98 [===========================>..] - ETA: 0s - loss: 1.5193 - accuracy: 0.4583
95/98 [============================>.] - ETA: 0s - loss: 1.5198 - accuracy: 0.4587
97/98 [============================>.] - ETA: 0s - loss: 1.5205 - accuracy: 0.4585
98/98 [==============================] - 5s 53ms/step - loss: 1.5200 - accuracy: 0.4587 - val_loss: 1.4812 - val_accuracy: 0.4899
Epoch 8/221

 1/98 [..............................] - ETA: 7s - loss: 1.4562 - accuracy: 0.5156
 3/98 [..............................] - ETA: 3s - loss: 1.5369 - accuracy: 0.4648
 5/98 [>.............................] - ETA: 3s - loss: 1.5220 - accuracy: 0.4641
 7/98 [=>............................] - ETA: 4s - loss: 1.5115 - accuracy: 0.4671
 9/98 [=>............................] - ETA: 3s - loss: 1.5107 - accuracy: 0.4696
11/98 [==>...........................] - ETA: 3s - loss: 1.4917 - accuracy: 0.4755
13/98 [==>...........................] - ETA: 3s - loss: 1.4920 - accuracy: 0.4722
15/98 [===>..........................] - ETA: 3s - loss: 1.4886 - accuracy: 0.4758
17/98 [====>.........................] - ETA: 3s - loss: 1.4838 - accuracy: 0.4764
19/98 [====>.........................] - ETA: 3s - loss: 1.4861 - accuracy: 0.4752
21/98 [=====>........................] - ETA: 3s - loss: 1.4835 - accuracy: 0.4772
23/98 [======>.......................] - ETA: 2s - loss: 1.4842 - accuracy: 0.4766
25/98 [======>.......................] - ETA: 2s - loss: 1.4836 - accuracy: 0.4770
27/98 [=======>......................] - ETA: 2s - loss: 1.4824 - accuracy: 0.4763
29/98 [=======>......................] - ETA: 2s - loss: 1.4818 - accuracy: 0.4764
31/98 [========>.....................] - ETA: 2s - loss: 1.4838 - accuracy: 0.4749
33/98 [=========>....................] - ETA: 2s - loss: 1.4830 - accuracy: 0.4763
35/98 [=========>....................] - ETA: 2s - loss: 1.4834 - accuracy: 0.4754
37/98 [==========>...................] - ETA: 2s - loss: 1.4847 - accuracy: 0.4741
39/98 [==========>...................] - ETA: 2s - loss: 1.4845 - accuracy: 0.4741
41/98 [===========>..................] - ETA: 2s - loss: 1.4846 - accuracy: 0.4745
44/98 [============>.................] - ETA: 1s - loss: 1.4868 - accuracy: 0.4736
46/98 [=============>................] - ETA: 1s - loss: 1.4868 - accuracy: 0.4741
48/98 [=============>................] - ETA: 1s - loss: 1.4877 - accuracy: 0.4740
50/98 [==============>...............] - ETA: 1s - loss: 1.4889 - accuracy: 0.4732
52/98 [==============>...............] - ETA: 1s - loss: 1.4906 - accuracy: 0.4728
54/98 [===============>..............] - ETA: 1s - loss: 1.4898 - accuracy: 0.4720
56/98 [================>.............] - ETA: 1s - loss: 1.4912 - accuracy: 0.4709
58/98 [================>.............] - ETA: 1s - loss: 1.4902 - accuracy: 0.4712
60/98 [=================>............] - ETA: 1s - loss: 1.4916 - accuracy: 0.4702
62/98 [=================>............] - ETA: 1s - loss: 1.4913 - accuracy: 0.4703
64/98 [==================>...........] - ETA: 1s - loss: 1.4918 - accuracy: 0.4697
66/98 [===================>..........] - ETA: 1s - loss: 1.4910 - accuracy: 0.4696
68/98 [===================>..........] - ETA: 1s - loss: 1.4904 - accuracy: 0.4700
70/98 [====================>.........] - ETA: 1s - loss: 1.4901 - accuracy: 0.4698
72/98 [=====================>........] - ETA: 1s - loss: 1.4893 - accuracy: 0.4700
74/98 [=====================>........] - ETA: 0s - loss: 1.4887 - accuracy: 0.4699
76/98 [======================>.......] - ETA: 0s - loss: 1.4889 - accuracy: 0.4693
78/98 [======================>.......] - ETA: 0s - loss: 1.4877 - accuracy: 0.4697
80/98 [=======================>......] - ETA: 0s - loss: 1.4871 - accuracy: 0.4701
82/98 [========================>.....] - ETA: 0s - loss: 1.4875 - accuracy: 0.4701
84/98 [========================>.....] - ETA: 0s - loss: 1.4864 - accuracy: 0.4709
86/98 [=========================>....] - ETA: 0s - loss: 1.4857 - accuracy: 0.4713
88/98 [=========================>....] - ETA: 0s - loss: 1.4846 - accuracy: 0.4717
90/98 [==========================>...] - ETA: 0s - loss: 1.4840 - accuracy: 0.4722
92/98 [===========================>..] - ETA: 0s - loss: 1.4835 - accuracy: 0.4728
94/98 [===========================>..] - ETA: 0s - loss: 1.4847 - accuracy: 0.4718
96/98 [============================>.] - ETA: 0s - loss: 1.4853 - accuracy: 0.4716
98/98 [==============================] - ETA: 0s - loss: 1.4850 - accuracy: 0.4715
98/98 [==============================] - 5s 50ms/step - loss: 1.4850 - accuracy: 0.4715 - val_loss: 1.4359 - val_accuracy: 0.5026
Epoch 9/221

 1/98 [..............................] - ETA: 6s - loss: 1.4811 - accuracy: 0.4824
 3/98 [..............................] - ETA: 3s - loss: 1.4447 - accuracy: 0.4987
 5/98 [>.............................] - ETA: 4s - loss: 1.4638 - accuracy: 0.4910
 7/98 [=>............................] - ETA: 4s - loss: 1.4639 - accuracy: 0.4888
 9/98 [=>............................] - ETA: 4s - loss: 1.4608 - accuracy: 0.4865
11/98 [==>...........................] - ETA: 3s - loss: 1.4677 - accuracy: 0.4815
13/98 [==>...........................] - ETA: 3s - loss: 1.4699 - accuracy: 0.4791
15/98 [===>..........................] - ETA: 3s - loss: 1.4716 - accuracy: 0.4783
17/98 [====>.........................] - ETA: 3s - loss: 1.4682 - accuracy: 0.4771
19/98 [====>.........................] - ETA: 3s - loss: 1.4700 - accuracy: 0.4757
21/98 [=====>........................] - ETA: 3s - loss: 1.4690 - accuracy: 0.4763
23/98 [======>.......................] - ETA: 3s - loss: 1.4669 - accuracy: 0.4780
25/98 [======>.......................] - ETA: 3s - loss: 1.4661 - accuracy: 0.4773
27/98 [=======>......................] - ETA: 3s - loss: 1.4664 - accuracy: 0.4764
29/98 [=======>......................] - ETA: 3s - loss: 1.4652 - accuracy: 0.4775
31/98 [========>.....................] - ETA: 2s - loss: 1.4643 - accuracy: 0.4781
33/98 [=========>....................] - ETA: 2s - loss: 1.4619 - accuracy: 0.4793
35/98 [=========>....................] - ETA: 2s - loss: 1.4606 - accuracy: 0.4794
37/98 [==========>...................] - ETA: 2s - loss: 1.4616 - accuracy: 0.4793
39/98 [==========>...................] - ETA: 2s - loss: 1.4628 - accuracy: 0.4789
41/98 [===========>..................] - ETA: 2s - loss: 1.4611 - accuracy: 0.4802
43/98 [============>.................] - ETA: 2s - loss: 1.4611 - accuracy: 0.4798
44/98 [============>.................] - ETA: 2s - loss: 1.4604 - accuracy: 0.4802
46/98 [=============>................] - ETA: 2s - loss: 1.4607 - accuracy: 0.4808
48/98 [=============>................] - ETA: 2s - loss: 1.4587 - accuracy: 0.4824
50/98 [==============>...............] - ETA: 2s - loss: 1.4579 - accuracy: 0.4827
52/98 [==============>...............] - ETA: 2s - loss: 1.4596 - accuracy: 0.4818
54/98 [===============>..............] - ETA: 1s - loss: 1.4602 - accuracy: 0.4815
56/98 [================>.............] - ETA: 1s - loss: 1.4594 - accuracy: 0.4813
58/98 [================>.............] - ETA: 1s - loss: 1.4587 - accuracy: 0.4815
60/98 [=================>............] - ETA: 1s - loss: 1.4595 - accuracy: 0.4810
62/98 [=================>............] - ETA: 1s - loss: 1.4597 - accuracy: 0.4818
64/98 [==================>...........] - ETA: 1s - loss: 1.4604 - accuracy: 0.4817
66/98 [===================>..........] - ETA: 1s - loss: 1.4612 - accuracy: 0.4814
68/98 [===================>..........] - ETA: 1s - loss: 1.4607 - accuracy: 0.4818
70/98 [====================>.........] - ETA: 1s - loss: 1.4591 - accuracy: 0.4823
72/98 [=====================>........] - ETA: 1s - loss: 1.4580 - accuracy: 0.4827
74/98 [=====================>........] - ETA: 1s - loss: 1.4591 - accuracy: 0.4825
75/98 [=====================>........] - ETA: 1s - loss: 1.4591 - accuracy: 0.4823
77/98 [======================>.......] - ETA: 0s - loss: 1.4588 - accuracy: 0.4823
79/98 [=======================>......] - ETA: 0s - loss: 1.4582 - accuracy: 0.4829
81/98 [=======================>......] - ETA: 0s - loss: 1.4575 - accuracy: 0.4833
