2024-06-26 17:07:48.612069: I tensorflow/core/platform/cpu_feature_guard.cc:193] This TensorFlow binary is optimized with oneAPI Deep Neural Network Library (oneDNN) to use the following CPU instructions in performance-critical operations:  AVX AVX2
To enable them in other operations, rebuild TensorFlow with the appropriate compiler flags.
2024-06-26 17:07:49.314961: I tensorflow/core/common_runtime/gpu/gpu_device.cc:1616] Created device /job:localhost/replica:0/task:0/device:GPU:0 with 6656 MB memory:  -> device: 0, name: NVIDIA GeForce RTX 4060 Ti, pci bus id: 0000:01:00.0, compute capability: 8.9
1 Physical GPUs, 1 Logical GPUs
Model: "sequential"
_________________________________________________________________
 Layer (type)                Output Shape              Param #   
=================================================================
 conv2d (Conv2D)             (None, 32, 32, 32)        896       
                                                                 
 max_pooling2d (MaxPooling2D  (None, 16, 16, 32)       0         
 )                                                               
                                                                 
 batch_normalization (BatchN  (None, 16, 16, 32)       128       
 ormalization)                                                   
                                                                 
 conv2d_1 (Conv2D)           (None, 16, 16, 128)       102528    
                                                                 
 dropout (Dropout)           (None, 16, 16, 128)       0         
                                                                 
 flatten (Flatten)           (None, 32768)             0         
                                                                 
 dense (Dense)               (None, 10)                327690    
                                                                 
=================================================================
Total params: 431,242
Trainable params: 431,178
Non-trainable params: 64
_________________________________________________________________
Taxa de aprendizado:  1e-05 Num de épocas:  221 Tamanho do lote:  512 Dropout:  0.4426
Epoch 1/221
2024-06-26 17:07:50.662214: I tensorflow/stream_executor/cuda/cuda_dnn.cc:384] Loaded cuDNN version 8100
2024-06-26 17:07:51.801894: W tensorflow/stream_executor/gpu/redzone_allocator.cc:314] INTERNAL: ptxas exited with non-zero error code -1, output: 
Relying on driver to perform ptx compilation. 
Modify $PATH to customize ptxas location.
This message will be only logged once.
2024-06-26 17:07:53.066347: I tensorflow/stream_executor/cuda/cuda_blas.cc:1614] TensorFloat-32 will be used for the matrix multiplication. This will only be logged once.

 1/98 [..............................] - ETA: 6:57 - loss: 2.4493 - accuracy: 0.1016
 3/98 [..............................] - ETA: 4s - loss: 2.4110 - accuracy: 0.1042  
 5/98 [>.............................] - ETA: 4s - loss: 2.4008 - accuracy: 0.1098
 7/98 [=>............................] - ETA: 4s - loss: 2.3850 - accuracy: 0.1144
 9/98 [=>............................] - ETA: 4s - loss: 2.3784 - accuracy: 0.1170
11/98 [==>...........................] - ETA: 3s - loss: 2.3664 - accuracy: 0.1236
13/98 [==>...........................] - ETA: 3s - loss: 2.3566 - accuracy: 0.1279
15/98 [===>..........................] - ETA: 3s - loss: 2.3476 - accuracy: 0.1312
17/98 [====>.........................] - ETA: 3s - loss: 2.3446 - accuracy: 0.1328
19/98 [====>.........................] - ETA: 3s - loss: 2.3373 - accuracy: 0.1348
21/98 [=====>........................] - ETA: 3s - loss: 2.3294 - accuracy: 0.1373
23/98 [======>.......................] - ETA: 3s - loss: 2.3203 - accuracy: 0.1417
25/98 [======>.......................] - ETA: 3s - loss: 2.3113 - accuracy: 0.1458
27/98 [=======>......................] - ETA: 3s - loss: 2.3024 - accuracy: 0.1498
29/98 [=======>......................] - ETA: 3s - loss: 2.2945 - accuracy: 0.1528
31/98 [========>.....................] - ETA: 3s - loss: 2.2870 - accuracy: 0.1564
33/98 [=========>....................] - ETA: 2s - loss: 2.2807 - accuracy: 0.1586
35/98 [=========>....................] - ETA: 2s - loss: 2.2736 - accuracy: 0.1617
37/98 [==========>...................] - ETA: 2s - loss: 2.2665 - accuracy: 0.1648
39/98 [==========>...................] - ETA: 2s - loss: 2.2598 - accuracy: 0.1675
41/98 [===========>..................] - ETA: 2s - loss: 2.2533 - accuracy: 0.1709
43/98 [============>.................] - ETA: 2s - loss: 2.2489 - accuracy: 0.1729
45/98 [============>.................] - ETA: 2s - loss: 2.2422 - accuracy: 0.1753
47/98 [=============>................] - ETA: 2s - loss: 2.2356 - accuracy: 0.1785
49/98 [==============>...............] - ETA: 2s - loss: 2.2296 - accuracy: 0.1806
51/98 [==============>...............] - ETA: 2s - loss: 2.2238 - accuracy: 0.1836
53/98 [===============>..............] - ETA: 2s - loss: 2.2186 - accuracy: 0.1858
55/98 [===============>..............] - ETA: 1s - loss: 2.2126 - accuracy: 0.1890
57/98 [================>.............] - ETA: 1s - loss: 2.2079 - accuracy: 0.1909
59/98 [=================>............] - ETA: 1s - loss: 2.2030 - accuracy: 0.1932
61/98 [=================>............] - ETA: 1s - loss: 2.1973 - accuracy: 0.1956
63/98 [==================>...........] - ETA: 1s - loss: 2.1927 - accuracy: 0.1978
65/98 [==================>...........] - ETA: 1s - loss: 2.1879 - accuracy: 0.2002
67/98 [===================>..........] - ETA: 1s - loss: 2.1834 - accuracy: 0.2023
69/98 [====================>.........] - ETA: 1s - loss: 2.1797 - accuracy: 0.2037
71/98 [====================>.........] - ETA: 1s - loss: 2.1756 - accuracy: 0.2056
72/98 [=====================>........] - ETA: 1s - loss: 2.1742 - accuracy: 0.2064
74/98 [=====================>........] - ETA: 1s - loss: 2.1706 - accuracy: 0.2079
76/98 [======================>.......] - ETA: 1s - loss: 2.1666 - accuracy: 0.2091
78/98 [======================>.......] - ETA: 1s - loss: 2.1632 - accuracy: 0.2104
80/98 [=======================>......] - ETA: 0s - loss: 2.1600 - accuracy: 0.2118
82/98 [========================>.....] - ETA: 0s - loss: 2.1557 - accuracy: 0.2132
84/98 [========================>.....] - ETA: 0s - loss: 2.1504 - accuracy: 0.2157
86/98 [=========================>....] - ETA: 0s - loss: 2.1466 - accuracy: 0.2172
88/98 [=========================>....] - ETA: 0s - loss: 2.1435 - accuracy: 0.2184
90/98 [==========================>...] - ETA: 0s - loss: 2.1386 - accuracy: 0.2205
92/98 [===========================>..] - ETA: 0s - loss: 2.1345 - accuracy: 0.2220
94/98 [===========================>..] - ETA: 0s - loss: 2.1308 - accuracy: 0.2235
96/98 [============================>.] - ETA: 0s - loss: 2.1277 - accuracy: 0.2250
98/98 [==============================] - ETA: 0s - loss: 2.1240 - accuracy: 0.2262
98/98 [==============================] - 10s 61ms/step - loss: 2.1240 - accuracy: 0.2262 - val_loss: 2.2192 - val_accuracy: 0.2524
Epoch 2/221

 1/98 [..............................] - ETA: 6s - loss: 1.9511 - accuracy: 0.3047
 3/98 [..............................] - ETA: 3s - loss: 1.9354 - accuracy: 0.3132
 5/98 [>.............................] - ETA: 3s - loss: 1.9317 - accuracy: 0.3148
 7/98 [=>............................] - ETA: 4s - loss: 1.9364 - accuracy: 0.3164
 9/98 [=>............................] - ETA: 4s - loss: 1.9373 - accuracy: 0.3151
11/98 [==>...........................] - ETA: 3s - loss: 1.9332 - accuracy: 0.3118
13/98 [==>...........................] - ETA: 3s - loss: 1.9323 - accuracy: 0.3101
15/98 [===>..........................] - ETA: 3s - loss: 1.9336 - accuracy: 0.3081
17/98 [====>.........................] - ETA: 3s - loss: 1.9344 - accuracy: 0.3076
19/98 [====>.........................] - ETA: 3s - loss: 1.9345 - accuracy: 0.3071
21/98 [=====>........................] - ETA: 3s - loss: 1.9294 - accuracy: 0.3094
23/98 [======>.......................] - ETA: 3s - loss: 1.9302 - accuracy: 0.3089
25/98 [======>.......................] - ETA: 3s - loss: 1.9277 - accuracy: 0.3110
27/98 [=======>......................] - ETA: 3s - loss: 1.9270 - accuracy: 0.3103
29/98 [=======>......................] - ETA: 3s - loss: 1.9242 - accuracy: 0.3118
31/98 [========>.....................] - ETA: 3s - loss: 1.9208 - accuracy: 0.3139
33/98 [=========>....................] - ETA: 2s - loss: 1.9215 - accuracy: 0.3134
35/98 [=========>....................] - ETA: 2s - loss: 1.9183 - accuracy: 0.3150
37/98 [==========>...................] - ETA: 2s - loss: 1.9157 - accuracy: 0.3155
39/98 [==========>...................] - ETA: 2s - loss: 1.9139 - accuracy: 0.3167
41/98 [===========>..................] - ETA: 2s - loss: 1.9120 - accuracy: 0.3171
43/98 [============>.................] - ETA: 2s - loss: 1.9098 - accuracy: 0.3176
45/98 [============>.................] - ETA: 2s - loss: 1.9077 - accuracy: 0.3187
47/98 [=============>................] - ETA: 2s - loss: 1.9055 - accuracy: 0.3195
49/98 [==============>...............] - ETA: 2s - loss: 1.9036 - accuracy: 0.3200
51/98 [==============>...............] - ETA: 2s - loss: 1.9005 - accuracy: 0.3213
53/98 [===============>..............] - ETA: 2s - loss: 1.8979 - accuracy: 0.3233
55/98 [===============>..............] - ETA: 1s - loss: 1.8976 - accuracy: 0.3229
57/98 [================>.............] - ETA: 1s - loss: 1.8977 - accuracy: 0.3222
59/98 [=================>............] - ETA: 1s - loss: 1.8955 - accuracy: 0.3238
61/98 [=================>............] - ETA: 1s - loss: 1.8935 - accuracy: 0.3241
63/98 [==================>...........] - ETA: 1s - loss: 1.8929 - accuracy: 0.3246
65/98 [==================>...........] - ETA: 1s - loss: 1.8910 - accuracy: 0.3248
67/98 [===================>..........] - ETA: 1s - loss: 1.8894 - accuracy: 0.3257
69/98 [====================>.........] - ETA: 1s - loss: 1.8874 - accuracy: 0.3262
71/98 [====================>.........] - ETA: 1s - loss: 1.8855 - accuracy: 0.3270
73/98 [=====================>........] - ETA: 1s - loss: 1.8833 - accuracy: 0.3278
75/98 [=====================>........] - ETA: 1s - loss: 1.8817 - accuracy: 0.3280
77/98 [======================>.......] - ETA: 0s - loss: 1.8809 - accuracy: 0.3283
79/98 [=======================>......] - ETA: 0s - loss: 1.8788 - accuracy: 0.3286
81/98 [=======================>......] - ETA: 0s - loss: 1.8771 - accuracy: 0.3292
83/98 [========================>.....] - ETA: 0s - loss: 1.8760 - accuracy: 0.3298
85/98 [=========================>....] - ETA: 0s - loss: 1.8763 - accuracy: 0.3297
87/98 [=========================>....] - ETA: 0s - loss: 1.8750 - accuracy: 0.3302
89/98 [==========================>...] - ETA: 0s - loss: 1.8733 - accuracy: 0.3306
91/98 [==========================>...] - ETA: 0s - loss: 1.8719 - accuracy: 0.3315
93/98 [===========================>..] - ETA: 0s - loss: 1.8701 - accuracy: 0.3321
95/98 [============================>.] - ETA: 0s - loss: 1.8694 - accuracy: 0.3320
97/98 [============================>.] - ETA: 0s - loss: 1.8675 - accuracy: 0.3327
98/98 [==============================] - 5s 54ms/step - loss: 1.8669 - accuracy: 0.3330 - val_loss: 2.1039 - val_accuracy: 0.3595
Epoch 3/221

 1/98 [..............................] - ETA: 6s - loss: 1.7513 - accuracy: 0.3926
 3/98 [..............................] - ETA: 3s - loss: 1.7849 - accuracy: 0.3854
 5/98 [>.............................] - ETA: 3s - loss: 1.7779 - accuracy: 0.3770
 7/98 [=>............................] - ETA: 4s - loss: 1.7844 - accuracy: 0.3736
 9/98 [=>............................] - ETA: 3s - loss: 1.7765 - accuracy: 0.3767
11/98 [==>...........................] - ETA: 3s - loss: 1.7799 - accuracy: 0.3739
13/98 [==>...........................] - ETA: 3s - loss: 1.7829 - accuracy: 0.3702
15/98 [===>..........................] - ETA: 3s - loss: 1.7809 - accuracy: 0.3712
17/98 [====>.........................] - ETA: 3s - loss: 1.7734 - accuracy: 0.3740
19/98 [====>.........................] - ETA: 3s - loss: 1.7715 - accuracy: 0.3752
21/98 [=====>........................] - ETA: 3s - loss: 1.7720 - accuracy: 0.3756
23/98 [======>.......................] - ETA: 3s - loss: 1.7724 - accuracy: 0.3752
25/98 [======>.......................] - ETA: 3s - loss: 1.7732 - accuracy: 0.3741
27/98 [=======>......................] - ETA: 3s - loss: 1.7718 - accuracy: 0.3747
29/98 [=======>......................] - ETA: 3s - loss: 1.7715 - accuracy: 0.3741
31/98 [========>.....................] - ETA: 3s - loss: 1.7713 - accuracy: 0.3749
33/98 [=========>....................] - ETA: 2s - loss: 1.7746 - accuracy: 0.3730
35/98 [=========>....................] - ETA: 2s - loss: 1.7744 - accuracy: 0.3733
37/98 [==========>...................] - ETA: 2s - loss: 1.7748 - accuracy: 0.3733
39/98 [==========>...................] - ETA: 2s - loss: 1.7719 - accuracy: 0.3746
41/98 [===========>..................] - ETA: 2s - loss: 1.7720 - accuracy: 0.3752
43/98 [============>.................] - ETA: 2s - loss: 1.7714 - accuracy: 0.3757
45/98 [============>.................] - ETA: 2s - loss: 1.7718 - accuracy: 0.3751
47/98 [=============>................] - ETA: 2s - loss: 1.7701 - accuracy: 0.3755
49/98 [==============>...............] - ETA: 2s - loss: 1.7698 - accuracy: 0.3767
51/98 [==============>...............] - ETA: 1s - loss: 1.7686 - accuracy: 0.3765
53/98 [===============>..............] - ETA: 1s - loss: 1.7673 - accuracy: 0.3768
55/98 [===============>..............] - ETA: 1s - loss: 1.7655 - accuracy: 0.3778
57/98 [================>.............] - ETA: 1s - loss: 1.7647 - accuracy: 0.3775
59/98 [=================>............] - ETA: 1s - loss: 1.7627 - accuracy: 0.3782
61/98 [=================>............] - ETA: 1s - loss: 1.7619 - accuracy: 0.3783
63/98 [==================>...........] - ETA: 1s - loss: 1.7615 - accuracy: 0.3784
65/98 [==================>...........] - ETA: 1s - loss: 1.7599 - accuracy: 0.3791
67/98 [===================>..........] - ETA: 1s - loss: 1.7585 - accuracy: 0.3801
69/98 [====================>.........] - ETA: 1s - loss: 1.7580 - accuracy: 0.3803
71/98 [====================>.........] - ETA: 1s - loss: 1.7573 - accuracy: 0.3797
73/98 [=====================>........] - ETA: 1s - loss: 1.7568 - accuracy: 0.3796
75/98 [=====================>........] - ETA: 0s - loss: 1.7558 - accuracy: 0.3798
77/98 [======================>.......] - ETA: 0s - loss: 1.7557 - accuracy: 0.3797
79/98 [=======================>......] - ETA: 0s - loss: 1.7549 - accuracy: 0.3799
81/98 [=======================>......] - ETA: 0s - loss: 1.7542 - accuracy: 0.3798
83/98 [========================>.....] - ETA: 0s - loss: 1.7535 - accuracy: 0.3800
85/98 [=========================>....] - ETA: 0s - loss: 1.7524 - accuracy: 0.3804
87/98 [=========================>....] - ETA: 0s - loss: 1.7519 - accuracy: 0.3804
89/98 [==========================>...] - ETA: 0s - loss: 1.7505 - accuracy: 0.3807
91/98 [==========================>...] - ETA: 0s - loss: 1.7488 - accuracy: 0.3813
93/98 [===========================>..] - ETA: 0s - loss: 1.7487 - accuracy: 0.3815
95/98 [============================>.] - ETA: 0s - loss: 1.7486 - accuracy: 0.3814
96/98 [============================>.] - ETA: 0s - loss: 1.7479 - accuracy: 0.3817
98/98 [==============================] - ETA: 0s - loss: 1.7464 - accuracy: 0.3823
98/98 [==============================] - 5s 50ms/step - loss: 1.7464 - accuracy: 0.3823 - val_loss: 1.9584 - val_accuracy: 0.4078
Epoch 4/221

 1/98 [..............................] - ETA: 6s - loss: 1.7297 - accuracy: 0.3945
 3/98 [..............................] - ETA: 4s - loss: 1.7205 - accuracy: 0.3867
 5/98 [>.............................] - ETA: 4s - loss: 1.7296 - accuracy: 0.3852
 7/98 [=>............................] - ETA: 4s - loss: 1.7093 - accuracy: 0.3951
 9/98 [=>............................] - ETA: 3s - loss: 1.6980 - accuracy: 0.3950
11/98 [==>...........................] - ETA: 3s - loss: 1.6916 - accuracy: 0.3981
13/98 [==>...........................] - ETA: 3s - loss: 1.6887 - accuracy: 0.3969
15/98 [===>..........................] - ETA: 3s - loss: 1.6844 - accuracy: 0.3986
17/98 [====>.........................] - ETA: 3s - loss: 1.6823 - accuracy: 0.3992
19/98 [====>.........................] - ETA: 3s - loss: 1.6831 - accuracy: 0.3993
21/98 [=====>........................] - ETA: 3s - loss: 1.6825 - accuracy: 0.3990
23/98 [======>.......................] - ETA: 3s - loss: 1.6832 - accuracy: 0.3989
25/98 [======>.......................] - ETA: 3s - loss: 1.6871 - accuracy: 0.3985
27/98 [=======>......................] - ETA: 3s - loss: 1.6892 - accuracy: 0.3977
29/98 [=======>......................] - ETA: 3s - loss: 1.6877 - accuracy: 0.3981
31/98 [========>.....................] - ETA: 3s - loss: 1.6896 - accuracy: 0.3984
33/98 [=========>....................] - ETA: 2s - loss: 1.6897 - accuracy: 0.3986
35/98 [=========>....................] - ETA: 2s - loss: 1.6888 - accuracy: 0.3992
37/98 [==========>...................] - ETA: 2s - loss: 1.6872 - accuracy: 0.3997
39/98 [==========>...................] - ETA: 2s - loss: 1.6868 - accuracy: 0.4006
41/98 [===========>..................] - ETA: 2s - loss: 1.6864 - accuracy: 0.4010
43/98 [============>.................] - ETA: 2s - loss: 1.6845 - accuracy: 0.4019
45/98 [============>.................] - ETA: 2s - loss: 1.6830 - accuracy: 0.4026
47/98 [=============>................] - ETA: 2s - loss: 1.6814 - accuracy: 0.4042
49/98 [==============>...............] - ETA: 2s - loss: 1.6800 - accuracy: 0.4048
51/98 [==============>...............] - ETA: 2s - loss: 1.6805 - accuracy: 0.4043
53/98 [===============>..............] - ETA: 2s - loss: 1.6782 - accuracy: 0.4059
55/98 [===============>..............] - ETA: 1s - loss: 1.6773 - accuracy: 0.4062
57/98 [================>.............] - ETA: 1s - loss: 1.6775 - accuracy: 0.4056
59/98 [=================>............] - ETA: 1s - loss: 1.6763 - accuracy: 0.4057
61/98 [=================>............] - ETA: 1s - loss: 1.6746 - accuracy: 0.4071
63/98 [==================>...........] - ETA: 1s - loss: 1.6737 - accuracy: 0.4073
65/98 [==================>...........] - ETA: 1s - loss: 1.6740 - accuracy: 0.4077
67/98 [===================>..........] - ETA: 1s - loss: 1.6746 - accuracy: 0.4075
69/98 [====================>.........] - ETA: 1s - loss: 1.6737 - accuracy: 0.4080
71/98 [====================>.........] - ETA: 1s - loss: 1.6722 - accuracy: 0.4087
73/98 [=====================>........] - ETA: 1s - loss: 1.6725 - accuracy: 0.4081
75/98 [=====================>........] - ETA: 1s - loss: 1.6723 - accuracy: 0.4084
77/98 [======================>.......] - ETA: 0s - loss: 1.6720 - accuracy: 0.4082
79/98 [=======================>......] - ETA: 0s - loss: 1.6715 - accuracy: 0.4078
81/98 [=======================>......] - ETA: 0s - loss: 1.6710 - accuracy: 0.4077
83/98 [========================>.....] - ETA: 0s - loss: 1.6708 - accuracy: 0.4084
85/98 [=========================>....] - ETA: 0s - loss: 1.6696 - accuracy: 0.4087
87/98 [=========================>....] - ETA: 0s - loss: 1.6691 - accuracy: 0.4091
89/98 [==========================>...] - ETA: 0s - loss: 1.6692 - accuracy: 0.4093
91/98 [==========================>...] - ETA: 0s - loss: 1.6679 - accuracy: 0.4099
93/98 [===========================>..] - ETA: 0s - loss: 1.6678 - accuracy: 0.4102
95/98 [============================>.] - ETA: 0s - loss: 1.6676 - accuracy: 0.4100
97/98 [============================>.] - ETA: 0s - loss: 1.6679 - accuracy: 0.4097
98/98 [==============================] - 5s 53ms/step - loss: 1.6668 - accuracy: 0.4099 - val_loss: 1.7987 - val_accuracy: 0.4406
Epoch 5/221

 1/98 [..............................] - ETA: 4s - loss: 1.5643 - accuracy: 0.4137
 3/98 [..............................] - ETA: 4s - loss: 1.6158 - accuracy: 0.4272
 5/98 [>.............................] - ETA: 4s - loss: 1.6244 - accuracy: 0.4291
 7/98 [=>............................] - ETA: 4s - loss: 1.6272 - accuracy: 0.4287
 9/98 [=>............................] - ETA: 4s - loss: 1.6226 - accuracy: 0.4303
11/98 [==>...........................] - ETA: 3s - loss: 1.6309 - accuracy: 0.4238
13/98 [==>...........................] - ETA: 3s - loss: 1.6325 - accuracy: 0.4238
15/98 [===>..........................] - ETA: 3s - loss: 1.6325 - accuracy: 0.4242
17/98 [====>.........................] - ETA: 3s - loss: 1.6294 - accuracy: 0.4258
19/98 [====>.........................] - ETA: 3s - loss: 1.6303 - accuracy: 0.4251
21/98 [=====>........................] - ETA: 3s - loss: 1.6319 - accuracy: 0.4245
23/98 [======>.......................] - ETA: 2s - loss: 1.6285 - accuracy: 0.4257
25/98 [======>.......................] - ETA: 2s - loss: 1.6236 - accuracy: 0.4274
27/98 [=======>......................] - ETA: 2s - loss: 1.6192 - accuracy: 0.4280
29/98 [=======>......................] - ETA: 2s - loss: 1.6159 - accuracy: 0.4286
31/98 [========>.....................] - ETA: 2s - loss: 1.6142 - accuracy: 0.4284
33/98 [=========>....................] - ETA: 2s - loss: 1.6151 - accuracy: 0.4288
35/98 [=========>....................] - ETA: 2s - loss: 1.6148 - accuracy: 0.4305
37/98 [==========>...................] - ETA: 2s - loss: 1.6144 - accuracy: 0.4296
39/98 [==========>...................] - ETA: 2s - loss: 1.6133 - accuracy: 0.4296
41/98 [===========>..................] - ETA: 2s - loss: 1.6143 - accuracy: 0.4284
43/98 [============>.................] - ETA: 2s - loss: 1.6146 - accuracy: 0.4280
45/98 [============>.................] - ETA: 2s - loss: 1.6152 - accuracy: 0.4281
47/98 [=============>................] - ETA: 1s - loss: 1.6145 - accuracy: 0.4286
49/98 [==============>...............] - ETA: 1s - loss: 1.6131 - accuracy: 0.4289
51/98 [==============>...............] - ETA: 1s - loss: 1.6117 - accuracy: 0.4303
52/98 [==============>...............] - ETA: 1s - loss: 1.6138 - accuracy: 0.4296
54/98 [===============>..............] - ETA: 1s - loss: 1.6147 - accuracy: 0.4293
56/98 [================>.............] - ETA: 1s - loss: 1.6127 - accuracy: 0.4300
58/98 [================>.............] - ETA: 1s - loss: 1.6130 - accuracy: 0.4299
60/98 [=================>............] - ETA: 1s - loss: 1.6107 - accuracy: 0.4308
62/98 [=================>............] - ETA: 1s - loss: 1.6090 - accuracy: 0.4315
64/98 [==================>...........] - ETA: 1s - loss: 1.6097 - accuracy: 0.4311
66/98 [===================>..........] - ETA: 1s - loss: 1.6096 - accuracy: 0.4315
68/98 [===================>..........] - ETA: 1s - loss: 1.6098 - accuracy: 0.4312
70/98 [====================>.........] - ETA: 1s - loss: 1.6091 - accuracy: 0.4315
72/98 [=====================>........] - ETA: 1s - loss: 1.6082 - accuracy: 0.4323
74/98 [=====================>........] - ETA: 0s - loss: 1.6084 - accuracy: 0.4320
76/98 [======================>.......] - ETA: 0s - loss: 1.6084 - accuracy: 0.4319
78/98 [======================>.......] - ETA: 0s - loss: 1.6081 - accuracy: 0.4323
80/98 [=======================>......] - ETA: 0s - loss: 1.6086 - accuracy: 0.4322
82/98 [========================>.....] - ETA: 0s - loss: 1.6083 - accuracy: 0.4322
84/98 [========================>.....] - ETA: 0s - loss: 1.6072 - accuracy: 0.4322
86/98 [=========================>....] - ETA: 0s - loss: 1.6066 - accuracy: 0.4322
88/98 [=========================>....] - ETA: 0s - loss: 1.6070 - accuracy: 0.4319
90/98 [==========================>...] - ETA: 0s - loss: 1.6065 - accuracy: 0.4324
92/98 [===========================>..] - ETA: 0s - loss: 1.6072 - accuracy: 0.4323
94/98 [===========================>..] - ETA: 0s - loss: 1.6076 - accuracy: 0.4322
96/98 [============================>.] - ETA: 0s - loss: 1.6074 - accuracy: 0.4324
98/98 [==============================] - ETA: 0s - loss: 1.6060 - accuracy: 0.4331
98/98 [==============================] - 5s 51ms/step - loss: 1.6060 - accuracy: 0.4331 - val_loss: 1.6507 - val_accuracy: 0.4585
Epoch 6/221

 1/98 [..............................] - ETA: 6s - loss: 1.5269 - accuracy: 0.4551
 3/98 [..............................] - ETA: 4s - loss: 1.5714 - accuracy: 0.4395
 5/98 [>.............................] - ETA: 4s - loss: 1.5803 - accuracy: 0.4375
 7/98 [=>............................] - ETA: 4s - loss: 1.5710 - accuracy: 0.4453
 9/98 [=>............................] - ETA: 3s - loss: 1.5657 - accuracy: 0.4462
11/98 [==>...........................] - ETA: 3s - loss: 1.5636 - accuracy: 0.4476
13/98 [==>...........................] - ETA: 3s - loss: 1.5674 - accuracy: 0.4479
15/98 [===>..........................] - ETA: 3s - loss: 1.5649 - accuracy: 0.4452
17/98 [====>.........................] - ETA: 3s - loss: 1.5657 - accuracy: 0.4447
19/98 [====>.........................] - ETA: 3s - loss: 1.5663 - accuracy: 0.4443
21/98 [=====>........................] - ETA: 3s - loss: 1.5695 - accuracy: 0.4428
23/98 [======>.......................] - ETA: 3s - loss: 1.5702 - accuracy: 0.4421
25/98 [======>.......................] - ETA: 3s - loss: 1.5725 - accuracy: 0.4433
27/98 [=======>......................] - ETA: 3s - loss: 1.5758 - accuracy: 0.4404
29/98 [=======>......................] - ETA: 3s - loss: 1.5722 - accuracy: 0.4425
31/98 [========>.....................] - ETA: 3s - loss: 1.5718 - accuracy: 0.4432
33/98 [=========>....................] - ETA: 2s - loss: 1.5679 - accuracy: 0.4446
35/98 [=========>....................] - ETA: 2s - loss: 1.5705 - accuracy: 0.4419
37/98 [==========>...................] - ETA: 2s - loss: 1.5669 - accuracy: 0.4434
39/98 [==========>...................] - ETA: 2s - loss: 1.5635 - accuracy: 0.4451
41/98 [===========>..................] - ETA: 2s - loss: 1.5667 - accuracy: 0.4441
43/98 [============>.................] - ETA: 2s - loss: 1.5672 - accuracy: 0.4447
45/98 [============>.................] - ETA: 2s - loss: 1.5681 - accuracy: 0.4438
47/98 [=============>................] - ETA: 2s - loss: 1.5663 - accuracy: 0.4448
49/98 [==============>...............] - ETA: 2s - loss: 1.5666 - accuracy: 0.4444
51/98 [==============>...............] - ETA: 2s - loss: 1.5657 - accuracy: 0.4456
53/98 [===============>..............] - ETA: 2s - loss: 1.5661 - accuracy: 0.4459
54/98 [===============>..............] - ETA: 1s - loss: 1.5660 - accuracy: 0.4463
56/98 [================>.............] - ETA: 1s - loss: 1.5653 - accuracy: 0.4464
58/98 [================>.............] - ETA: 1s - loss: 1.5649 - accuracy: 0.4463
60/98 [=================>............] - ETA: 1s - loss: 1.5642 - accuracy: 0.4459
62/98 [=================>............] - ETA: 1s - loss: 1.5644 - accuracy: 0.4451
64/98 [==================>...........] - ETA: 1s - loss: 1.5633 - accuracy: 0.4454
66/98 [===================>..........] - ETA: 1s - loss: 1.5623 - accuracy: 0.4457
68/98 [===================>..........] - ETA: 1s - loss: 1.5618 - accuracy: 0.4464
70/98 [====================>.........] - ETA: 1s - loss: 1.5624 - accuracy: 0.4462
72/98 [=====================>........] - ETA: 1s - loss: 1.5621 - accuracy: 0.4465
74/98 [=====================>........] - ETA: 1s - loss: 1.5619 - accuracy: 0.4466
75/98 [=====================>........] - ETA: 1s - loss: 1.5625 - accuracy: 0.4461
77/98 [======================>.......] - ETA: 0s - loss: 1.5629 - accuracy: 0.4462
79/98 [=======================>......] - ETA: 0s - loss: 1.5634 - accuracy: 0.4461
81/98 [=======================>......] - ETA: 0s - loss: 1.5628 - accuracy: 0.4463
83/98 [========================>.....] - ETA: 0s - loss: 1.5620 - accuracy: 0.4466
85/98 [=========================>....] - ETA: 0s - loss: 1.5619 - accuracy: 0.4466
87/98 [=========================>....] - ETA: 0s - loss: 1.5609 - accuracy: 0.4468
89/98 [==========================>...] - ETA: 0s - loss: 1.5614 - accuracy: 0.4467
91/98 [==========================>...] - ETA: 0s - loss: 1.5604 - accuracy: 0.4470
93/98 [===========================>..] - ETA: 0s - loss: 1.5603 - accuracy: 0.4470
95/98 [============================>.] - ETA: 0s - loss: 1.5595 - accuracy: 0.4473
97/98 [============================>.] - ETA: 0s - loss: 1.5601 - accuracy: 0.4468
98/98 [==============================] - 5s 53ms/step - loss: 1.5601 - accuracy: 0.4468 - val_loss: 1.5391 - val_accuracy: 0.4831
Epoch 7/221

 1/98 [..............................] - ETA: 4s - loss: 1.5299 - accuracy: 0.4492
 3/98 [..............................] - ETA: 2s - loss: 1.5396 - accuracy: 0.4395
 5/98 [>.............................] - ETA: 3s - loss: 1.5556 - accuracy: 0.4375
 7/98 [=>............................] - ETA: 3s - loss: 1.5456 - accuracy: 0.4484
 9/98 [=>............................] - ETA: 3s - loss: 1.5448 - accuracy: 0.4501
11/98 [==>...........................] - ETA: 2s - loss: 1.5445 - accuracy: 0.4519
13/98 [==>...........................] - ETA: 2s - loss: 1.5424 - accuracy: 0.4528
15/98 [===>..........................] - ETA: 2s - loss: 1.5407 - accuracy: 0.4549
17/98 [====>.........................] - ETA: 2s - loss: 1.5390 - accuracy: 0.4553
19/98 [====>.........................] - ETA: 2s - loss: 1.5393 - accuracy: 0.4556
21/98 [=====>........................] - ETA: 2s - loss: 1.5434 - accuracy: 0.4540
23/98 [======>.......................] - ETA: 2s - loss: 1.5442 - accuracy: 0.4533
25/98 [======>.......................] - ETA: 2s - loss: 1.5428 - accuracy: 0.4546
27/98 [=======>......................] - ETA: 2s - loss: 1.5424 - accuracy: 0.4551
29/98 [=======>......................] - ETA: 2s - loss: 1.5423 - accuracy: 0.4543
31/98 [========>.....................] - ETA: 2s - loss: 1.5407 - accuracy: 0.4539
33/98 [=========>....................] - ETA: 2s - loss: 1.5382 - accuracy: 0.4561
35/98 [=========>....................] - ETA: 2s - loss: 1.5369 - accuracy: 0.4572
37/98 [==========>...................] - ETA: 2s - loss: 1.5335 - accuracy: 0.4584
39/98 [==========>...................] - ETA: 2s - loss: 1.5311 - accuracy: 0.4588
41/98 [===========>..................] - ETA: 2s - loss: 1.5304 - accuracy: 0.4586
43/98 [============>.................] - ETA: 2s - loss: 1.5307 - accuracy: 0.4580
45/98 [============>.................] - ETA: 2s - loss: 1.5300 - accuracy: 0.4585
47/98 [=============>................] - ETA: 2s - loss: 1.5300 - accuracy: 0.4576
49/98 [==============>...............] - ETA: 2s - loss: 1.5309 - accuracy: 0.4577
51/98 [==============>...............] - ETA: 1s - loss: 1.5316 - accuracy: 0.4584
53/98 [===============>..............] - ETA: 1s - loss: 1.5306 - accuracy: 0.4589
55/98 [===============>..............] - ETA: 1s - loss: 1.5276 - accuracy: 0.4600
57/98 [================>.............] - ETA: 1s - loss: 1.5270 - accuracy: 0.4606
59/98 [=================>............] - ETA: 1s - loss: 1.5273 - accuracy: 0.4608
61/98 [=================>............] - ETA: 1s - loss: 1.5279 - accuracy: 0.4609
63/98 [==================>...........] - ETA: 1s - loss: 1.5289 - accuracy: 0.4602
65/98 [==================>...........] - ETA: 1s - loss: 1.5293 - accuracy: 0.4599
67/98 [===================>..........] - ETA: 1s - loss: 1.5291 - accuracy: 0.4599
69/98 [====================>.........] - ETA: 1s - loss: 1.5285 - accuracy: 0.4604
71/98 [====================>.........] - ETA: 1s - loss: 1.5285 - accuracy: 0.4602
73/98 [=====================>........] - ETA: 1s - loss: 1.5283 - accuracy: 0.4605
75/98 [=====================>........] - ETA: 0s - loss: 1.5256 - accuracy: 0.4614
77/98 [======================>.......] - ETA: 0s - loss: 1.5257 - accuracy: 0.4616
79/98 [=======================>......] - ETA: 0s - loss: 1.5260 - accuracy: 0.4614
81/98 [=======================>......] - ETA: 0s - loss: 1.5251 - accuracy: 0.4617
83/98 [========================>.....] - ETA: 0s - loss: 1.5249 - accuracy: 0.4615
85/98 [=========================>....] - ETA: 0s - loss: 1.5254 - accuracy: 0.4611
87/98 [=========================>....] - ETA: 0s - loss: 1.5232 - accuracy: 0.4622
89/98 [==========================>...] - ETA: 0s - loss: 1.5222 - accuracy: 0.4628
91/98 [==========================>...] - ETA: 0s - loss: 1.5207 - accuracy: 0.4633
93/98 [===========================>..] - ETA: 0s - loss: 1.5201 - accuracy: 0.4633
95/98 [============================>.] - ETA: 0s - loss: 1.5192 - accuracy: 0.4637
97/98 [============================>.] - ETA: 0s - loss: 1.5186 - accuracy: 0.4642
98/98 [==============================] - 5s 52ms/step - loss: 1.5187 - accuracy: 0.4639 - val_loss: 1.4677 - val_accuracy: 0.5012
Epoch 8/221

 1/98 [..............................] - ETA: 6s - loss: 1.5232 - accuracy: 0.4492
 3/98 [..............................] - ETA: 4s - loss: 1.5309 - accuracy: 0.4557
 5/98 [>.............................] - ETA: 4s - loss: 1.5216 - accuracy: 0.4602
 7/98 [=>............................] - ETA: 4s - loss: 1.5226 - accuracy: 0.4581
 9/98 [=>............................] - ETA: 4s - loss: 1.5018 - accuracy: 0.4659
10/98 [==>...........................] - ETA: 4s - loss: 1.5035 - accuracy: 0.4643
12/98 [==>...........................] - ETA: 3s - loss: 1.5062 - accuracy: 0.4635
14/98 [===>..........................] - ETA: 3s - loss: 1.5073 - accuracy: 0.4637
16/98 [===>..........................] - ETA: 3s - loss: 1.5059 - accuracy: 0.4655
18/98 [====>.........................] - ETA: 3s - loss: 1.5002 - accuracy: 0.4684
20/98 [=====>........................] - ETA: 3s - loss: 1.4985 - accuracy: 0.4690
22/98 [=====>........................] - ETA: 3s - loss: 1.5001 - accuracy: 0.4683
24/98 [======>.......................] - ETA: 3s - loss: 1.4994 - accuracy: 0.4695
26/98 [======>.......................] - ETA: 3s - loss: 1.5023 - accuracy: 0.4685
28/98 [=======>......................] - ETA: 3s - loss: 1.4992 - accuracy: 0.4713
30/98 [========>.....................] - ETA: 3s - loss: 1.4993 - accuracy: 0.4716
32/98 [========>.....................] - ETA: 2s - loss: 1.4964 - accuracy: 0.4730
34/98 [=========>....................] - ETA: 2s - loss: 1.4951 - accuracy: 0.4739
36/98 [==========>...................] - ETA: 2s - loss: 1.4980 - accuracy: 0.4734
38/98 [==========>...................] - ETA: 2s - loss: 1.4945 - accuracy: 0.4749
40/98 [===========>..................] - ETA: 2s - loss: 1.4936 - accuracy: 0.4733
42/98 [===========>..................] - ETA: 2s - loss: 1.4933 - accuracy: 0.4730
44/98 [============>.................] - ETA: 2s - loss: 1.4938 - accuracy: 0.4730
46/98 [=============>................] - ETA: 2s - loss: 1.4940 - accuracy: 0.4736
48/98 [=============>................] - ETA: 2s - loss: 1.4906 - accuracy: 0.4745
50/98 [==============>...............] - ETA: 2s - loss: 1.4889 - accuracy: 0.4753
52/98 [==============>...............] - ETA: 2s - loss: 1.4869 - accuracy: 0.4757
54/98 [===============>..............] - ETA: 1s - loss: 1.4870 - accuracy: 0.4761
56/98 [================>.............] - ETA: 1s - loss: 1.4877 - accuracy: 0.4762
58/98 [================>.............] - ETA: 1s - loss: 1.4877 - accuracy: 0.4762
60/98 [=================>............] - ETA: 1s - loss: 1.4866 - accuracy: 0.4765
62/98 [=================>............] - ETA: 1s - loss: 1.4868 - accuracy: 0.4766
64/98 [==================>...........] - ETA: 1s - loss: 1.4877 - accuracy: 0.4755
66/98 [===================>..........] - ETA: 1s - loss: 1.4880 - accuracy: 0.4757
68/98 [===================>..........] - ETA: 1s - loss: 1.4878 - accuracy: 0.4756
70/98 [====================>.........] - ETA: 1s - loss: 1.4900 - accuracy: 0.4743
72/98 [=====================>........] - ETA: 1s - loss: 1.4906 - accuracy: 0.4740
74/98 [=====================>........] - ETA: 1s - loss: 1.4904 - accuracy: 0.4736
76/98 [======================>.......] - ETA: 0s - loss: 1.4904 - accuracy: 0.4738
77/98 [======================>.......] - ETA: 0s - loss: 1.4902 - accuracy: 0.4740
79/98 [=======================>......] - ETA: 0s - loss: 1.4894 - accuracy: 0.4742
81/98 [=======================>......] - ETA: 0s - loss: 1.4889 - accuracy: 0.4740
83/98 [========================>.....] - ETA: 0s - loss: 1.4880 - accuracy: 0.4743
85/98 [=========================>....] - ETA: 0s - loss: 1.4869 - accuracy: 0.4746
87/98 [=========================>....] - ETA: 0s - loss: 1.4860 - accuracy: 0.4749
89/98 [==========================>...] - ETA: 0s - loss: 1.4854 - accuracy: 0.4753
91/98 [==========================>...] - ETA: 0s - loss: 1.4842 - accuracy: 0.4760
93/98 [===========================>..] - ETA: 0s - loss: 1.4836 - accuracy: 0.4763
95/98 [============================>.] - ETA: 0s - loss: 1.4816 - accuracy: 0.4770
97/98 [============================>.] - ETA: 0s - loss: 1.4810 - accuracy: 0.4769
98/98 [==============================] - 5s 51ms/step - loss: 1.4811 - accuracy: 0.4768 - val_loss: 1.4204 - val_accuracy: 0.5095
Epoch 9/221

 1/98 [..............................] - ETA: 6s - loss: 1.5128 - accuracy: 0.4570
 3/98 [..............................] - ETA: 4s - loss: 1.4746 - accuracy: 0.4727
 5/98 [>.............................] - ETA: 4s - loss: 1.4629 - accuracy: 0.4848
 7/98 [=>............................] - ETA: 4s - loss: 1.4580 - accuracy: 0.4847
 9/98 [=>............................] - ETA: 3s - loss: 1.4535 - accuracy: 0.4872
11/98 [==>...........................] - ETA: 3s - loss: 1.4601 - accuracy: 0.4810
13/98 [==>...........................] - ETA: 3s - loss: 1.4630 - accuracy: 0.4820
15/98 [===>..........................] - ETA: 3s - loss: 1.4627 - accuracy: 0.4819
17/98 [====>.........................] - ETA: 3s - loss: 1.4669 - accuracy: 0.4823
19/98 [====>.........................] - ETA: 3s - loss: 1.4690 - accuracy: 0.4806
21/98 [=====>........................] - ETA: 3s - loss: 1.4689 - accuracy: 0.4807
23/98 [======>.......................] - ETA: 3s - loss: 1.4683 - accuracy: 0.4806
25/98 [======>.......................] - ETA: 3s - loss: 1.4657 - accuracy: 0.4811
27/98 [=======>......................] - ETA: 3s - loss: 1.4613 - accuracy: 0.4846
29/98 [=======>......................] - ETA: 3s - loss: 1.4654 - accuracy: 0.4837
31/98 [========>.....................] - ETA: 3s - loss: 1.4647 - accuracy: 0.4844
33/98 [=========>....................] - ETA: 2s - loss: 1.4648 - accuracy: 0.4860
35/98 [=========>....................] - ETA: 2s - loss: 1.4641 - accuracy: 0.4855
37/98 [==========>...................] - ETA: 2s - loss: 1.4630 - accuracy: 0.4856
39/98 [==========>...................] - ETA: 2s - loss: 1.4588 - accuracy: 0.4867
41/98 [===========>..................] - ETA: 2s - loss: 1.4588 - accuracy: 0.4862
43/98 [============>.................] - ETA: 2s - loss: 1.4604 - accuracy: 0.4851
45/98 [============>.................] - ETA: 2s - loss: 1.4583 - accuracy: 0.4865
47/98 [=============>................] - ETA: 2s - loss: 1.4568 - accuracy: 0.4871
49/98 [==============>...............] - ETA: 2s - loss: 1.4572 - accuracy: 0.4874
51/98 [==============>...............] - ETA: 2s - loss: 1.4598 - accuracy: 0.4865
53/98 [===============>..............] - ETA: 2s - loss: 1.4580 - accuracy: 0.4870
55/98 [===============>..............] - ETA: 1s - loss: 1.4565 - accuracy: 0.4876
57/98 [================>.............] - ETA: 1s - loss: 1.4558 - accuracy: 0.4875
59/98 [=================>............] - ETA: 1s - loss: 1.4536 - accuracy: 0.4877
61/98 [=================>............] - ETA: 1s - loss: 1.4540 - accuracy: 0.4871
63/98 [==================>...........] - ETA: 1s - loss: 1.4548 - accuracy: 0.4869
65/98 [==================>...........] - ETA: 1s - loss: 1.4545 - accuracy: 0.4870
67/98 [===================>..........] - ETA: 1s - loss: 1.4534 - accuracy: 0.4873
69/98 [====================>.........] - ETA: 1s - loss: 1.4532 - accuracy: 0.4874
71/98 [====================>.........] - ETA: 1s - loss: 1.4513 - accuracy: 0.4875
73/98 [=====================>........] - ETA: 1s - loss: 1.4526 - accuracy: 0.4873
