2024-06-26 12:09:53.823251: I tensorflow/core/platform/cpu_feature_guard.cc:193] This TensorFlow binary is optimized with oneAPI Deep Neural Network Library (oneDNN) to use the following CPU instructions in performance-critical operations:  AVX AVX2
To enable them in other operations, rebuild TensorFlow with the appropriate compiler flags.
2024-06-26 12:09:54.538400: I tensorflow/core/common_runtime/gpu/gpu_device.cc:1616] Created device /job:localhost/replica:0/task:0/device:GPU:0 with 6656 MB memory:  -> device: 0, name: NVIDIA GeForce RTX 4060 Ti, pci bus id: 0000:01:00.0, compute capability: 8.9
1 Physical GPUs, 1 Logical GPUs
Model: "sequential"
_________________________________________________________________
 Layer (type)                Output Shape              Param #   
=================================================================
 conv2d (Conv2D)             (None, 32, 32, 32)        896       
                                                                 
 max_pooling2d (MaxPooling2D  (None, 16, 16, 32)       0         
 )                                                               
                                                                 
 batch_normalization (BatchN  (None, 16, 16, 32)       128       
 ormalization)                                                   
                                                                 
 conv2d_1 (Conv2D)           (None, 16, 16, 128)       102528    
                                                                 
 dropout (Dropout)           (None, 16, 16, 128)       0         
                                                                 
 flatten (Flatten)           (None, 32768)             0         
                                                                 
 dense (Dense)               (None, 10)                327690    
                                                                 
=================================================================
Total params: 431,242
Trainable params: 431,178
Non-trainable params: 64
_________________________________________________________________
Taxa de aprendizado:  1e-05 Num de épocas:  221 Tamanho do lote:  512 Dropout:  0.4426
Epoch 1/221
2024-06-26 12:09:56.031942: I tensorflow/stream_executor/cuda/cuda_dnn.cc:384] Loaded cuDNN version 8100
2024-06-26 12:09:56.988129: W tensorflow/stream_executor/gpu/redzone_allocator.cc:314] INTERNAL: ptxas exited with non-zero error code -1, output: 
Relying on driver to perform ptx compilation. 
Modify $PATH to customize ptxas location.
This message will be only logged once.
2024-06-26 12:09:58.218085: I tensorflow/stream_executor/cuda/cuda_blas.cc:1614] TensorFloat-32 will be used for the matrix multiplication. This will only be logged once.

 1/98 [..............................] - ETA: 6:49 - loss: 2.4626 - accuracy: 0.0859
 3/98 [..............................] - ETA: 3s - loss: 2.4380 - accuracy: 0.0885  
 5/98 [>.............................] - ETA: 3s - loss: 2.4209 - accuracy: 0.0902
 7/98 [=>............................] - ETA: 3s - loss: 2.4024 - accuracy: 0.1016
 9/98 [=>............................] - ETA: 3s - loss: 2.3949 - accuracy: 0.1013
11/98 [==>...........................] - ETA: 3s - loss: 2.3859 - accuracy: 0.1037
13/98 [==>...........................] - ETA: 3s - loss: 2.3760 - accuracy: 0.1073
14/98 [===>..........................] - ETA: 3s - loss: 2.3693 - accuracy: 0.1101
16/98 [===>..........................] - ETA: 3s - loss: 2.3615 - accuracy: 0.1127
18/98 [====>.........................] - ETA: 3s - loss: 2.3532 - accuracy: 0.1163
20/98 [=====>........................] - ETA: 3s - loss: 2.3445 - accuracy: 0.1199
22/98 [=====>........................] - ETA: 3s - loss: 2.3372 - accuracy: 0.1231
24/98 [======>.......................] - ETA: 3s - loss: 2.3291 - accuracy: 0.1270
26/98 [======>.......................] - ETA: 3s - loss: 2.3231 - accuracy: 0.1297
28/98 [=======>......................] - ETA: 3s - loss: 2.3164 - accuracy: 0.1327
30/98 [========>.....................] - ETA: 2s - loss: 2.3110 - accuracy: 0.1348
32/98 [========>.....................] - ETA: 2s - loss: 2.3047 - accuracy: 0.1388
34/98 [=========>....................] - ETA: 2s - loss: 2.2988 - accuracy: 0.1417
36/98 [==========>...................] - ETA: 2s - loss: 2.2908 - accuracy: 0.1453
38/98 [==========>...................] - ETA: 2s - loss: 2.2856 - accuracy: 0.1484
40/98 [===========>..................] - ETA: 2s - loss: 2.2799 - accuracy: 0.1509
42/98 [===========>..................] - ETA: 2s - loss: 2.2742 - accuracy: 0.1543
44/98 [============>.................] - ETA: 2s - loss: 2.2683 - accuracy: 0.1574
46/98 [=============>................] - ETA: 2s - loss: 2.2632 - accuracy: 0.1596
48/98 [=============>................] - ETA: 2s - loss: 2.2570 - accuracy: 0.1627
50/98 [==============>...............] - ETA: 2s - loss: 2.2516 - accuracy: 0.1648
52/98 [==============>...............] - ETA: 2s - loss: 2.2453 - accuracy: 0.1682
54/98 [===============>..............] - ETA: 2s - loss: 2.2401 - accuracy: 0.1709
56/98 [================>.............] - ETA: 2s - loss: 2.2362 - accuracy: 0.1725
58/98 [================>.............] - ETA: 2s - loss: 2.2317 - accuracy: 0.1758
60/98 [=================>............] - ETA: 2s - loss: 2.2276 - accuracy: 0.1779
62/98 [=================>............] - ETA: 1s - loss: 2.2236 - accuracy: 0.1801
64/98 [==================>...........] - ETA: 1s - loss: 2.2191 - accuracy: 0.1819
66/98 [===================>..........] - ETA: 1s - loss: 2.2146 - accuracy: 0.1842
68/98 [===================>..........] - ETA: 1s - loss: 2.2100 - accuracy: 0.1868
70/98 [====================>.........] - ETA: 1s - loss: 2.2054 - accuracy: 0.1893
72/98 [=====================>........] - ETA: 1s - loss: 2.2010 - accuracy: 0.1913
74/98 [=====================>........] - ETA: 1s - loss: 2.1970 - accuracy: 0.1934
76/98 [======================>.......] - ETA: 1s - loss: 2.1924 - accuracy: 0.1955
78/98 [======================>.......] - ETA: 1s - loss: 2.1876 - accuracy: 0.1979
80/98 [=======================>......] - ETA: 0s - loss: 2.1830 - accuracy: 0.2001
82/98 [========================>.....] - ETA: 0s - loss: 2.1791 - accuracy: 0.2024
84/98 [========================>.....] - ETA: 0s - loss: 2.1757 - accuracy: 0.2039
86/98 [=========================>....] - ETA: 0s - loss: 2.1718 - accuracy: 0.2057
88/98 [=========================>....] - ETA: 0s - loss: 2.1678 - accuracy: 0.2075
90/98 [==========================>...] - ETA: 0s - loss: 2.1644 - accuracy: 0.2087
92/98 [===========================>..] - ETA: 0s - loss: 2.1607 - accuracy: 0.2102
94/98 [===========================>..] - ETA: 0s - loss: 2.1578 - accuracy: 0.2115
96/98 [============================>.] - ETA: 0s - loss: 2.1542 - accuracy: 0.2136
98/98 [==============================] - ETA: 0s - loss: 2.1507 - accuracy: 0.2154
98/98 [==============================] - 10s 60ms/step - loss: 2.1507 - accuracy: 0.2154 - val_loss: 2.2206 - val_accuracy: 0.2371
Epoch 2/221

 1/98 [..............................] - ETA: 4s - loss: 2.0324 - accuracy: 0.2617
 3/98 [..............................] - ETA: 2s - loss: 1.9924 - accuracy: 0.2715
 5/98 [>.............................] - ETA: 3s - loss: 1.9832 - accuracy: 0.2855
 7/98 [=>............................] - ETA: 3s - loss: 1.9713 - accuracy: 0.2910
 9/98 [=>............................] - ETA: 3s - loss: 1.9768 - accuracy: 0.2901
11/98 [==>...........................] - ETA: 3s - loss: 1.9744 - accuracy: 0.2923
13/98 [==>...........................] - ETA: 3s - loss: 1.9711 - accuracy: 0.2942
15/98 [===>..........................] - ETA: 3s - loss: 1.9688 - accuracy: 0.2936
17/98 [====>.........................] - ETA: 3s - loss: 1.9669 - accuracy: 0.2937
19/98 [====>.........................] - ETA: 3s - loss: 1.9620 - accuracy: 0.2967
21/98 [=====>........................] - ETA: 3s - loss: 1.9581 - accuracy: 0.3002
23/98 [======>.......................] - ETA: 3s - loss: 1.9560 - accuracy: 0.3032
25/98 [======>.......................] - ETA: 3s - loss: 1.9546 - accuracy: 0.3037
27/98 [=======>......................] - ETA: 3s - loss: 1.9514 - accuracy: 0.3049
29/98 [=======>......................] - ETA: 2s - loss: 1.9485 - accuracy: 0.3059
31/98 [========>.....................] - ETA: 2s - loss: 1.9501 - accuracy: 0.3046
33/98 [=========>....................] - ETA: 2s - loss: 1.9480 - accuracy: 0.3057
35/98 [=========>....................] - ETA: 2s - loss: 1.9448 - accuracy: 0.3071
37/98 [==========>...................] - ETA: 2s - loss: 1.9438 - accuracy: 0.3078
39/98 [==========>...................] - ETA: 2s - loss: 1.9427 - accuracy: 0.3084
41/98 [===========>..................] - ETA: 2s - loss: 1.9396 - accuracy: 0.3088
43/98 [============>.................] - ETA: 2s - loss: 1.9387 - accuracy: 0.3093
45/98 [============>.................] - ETA: 2s - loss: 1.9358 - accuracy: 0.3105
47/98 [=============>................] - ETA: 2s - loss: 1.9338 - accuracy: 0.3121
49/98 [==============>...............] - ETA: 2s - loss: 1.9325 - accuracy: 0.3131
51/98 [==============>...............] - ETA: 2s - loss: 1.9304 - accuracy: 0.3138
53/98 [===============>..............] - ETA: 1s - loss: 1.9282 - accuracy: 0.3145
55/98 [===============>..............] - ETA: 1s - loss: 1.9278 - accuracy: 0.3150
57/98 [================>.............] - ETA: 1s - loss: 1.9269 - accuracy: 0.3148
59/98 [=================>............] - ETA: 1s - loss: 1.9261 - accuracy: 0.3151
61/98 [=================>............] - ETA: 1s - loss: 1.9247 - accuracy: 0.3150
63/98 [==================>...........] - ETA: 1s - loss: 1.9228 - accuracy: 0.3157
65/98 [==================>...........] - ETA: 1s - loss: 1.9207 - accuracy: 0.3159
67/98 [===================>..........] - ETA: 1s - loss: 1.9191 - accuracy: 0.3166
69/98 [====================>.........] - ETA: 1s - loss: 1.9175 - accuracy: 0.3173
71/98 [====================>.........] - ETA: 1s - loss: 1.9152 - accuracy: 0.3187
73/98 [=====================>........] - ETA: 1s - loss: 1.9143 - accuracy: 0.3187
75/98 [=====================>........] - ETA: 0s - loss: 1.9132 - accuracy: 0.3190
77/98 [======================>.......] - ETA: 0s - loss: 1.9112 - accuracy: 0.3200
79/98 [=======================>......] - ETA: 0s - loss: 1.9090 - accuracy: 0.3209
81/98 [=======================>......] - ETA: 0s - loss: 1.9079 - accuracy: 0.3218
83/98 [========================>.....] - ETA: 0s - loss: 1.9061 - accuracy: 0.3228
85/98 [=========================>....] - ETA: 0s - loss: 1.9042 - accuracy: 0.3233
87/98 [=========================>....] - ETA: 0s - loss: 1.9025 - accuracy: 0.3243
89/98 [==========================>...] - ETA: 0s - loss: 1.9007 - accuracy: 0.3249
91/98 [==========================>...] - ETA: 0s - loss: 1.8987 - accuracy: 0.3254
93/98 [===========================>..] - ETA: 0s - loss: 1.8975 - accuracy: 0.3264
95/98 [============================>.] - ETA: 0s - loss: 1.8950 - accuracy: 0.3274
97/98 [============================>.] - ETA: 0s - loss: 1.8934 - accuracy: 0.3281
98/98 [==============================] - 5s 52ms/step - loss: 1.8927 - accuracy: 0.3283 - val_loss: 2.1140 - val_accuracy: 0.3287
Epoch 3/221

 1/98 [..............................] - ETA: 6s - loss: 1.8343 - accuracy: 0.3535
 3/98 [..............................] - ETA: 3s - loss: 1.8426 - accuracy: 0.3574
 5/98 [>.............................] - ETA: 4s - loss: 1.8269 - accuracy: 0.3570
 7/98 [=>............................] - ETA: 4s - loss: 1.8128 - accuracy: 0.3599
 9/98 [=>............................] - ETA: 3s - loss: 1.8138 - accuracy: 0.3559
11/98 [==>...........................] - ETA: 3s - loss: 1.8116 - accuracy: 0.3551
13/98 [==>...........................] - ETA: 3s - loss: 1.8098 - accuracy: 0.3582
15/98 [===>..........................] - ETA: 3s - loss: 1.8067 - accuracy: 0.3633
17/98 [====>.........................] - ETA: 3s - loss: 1.8037 - accuracy: 0.3635
19/98 [====>.........................] - ETA: 3s - loss: 1.8015 - accuracy: 0.3660
21/98 [=====>........................] - ETA: 3s - loss: 1.7966 - accuracy: 0.3665
23/98 [======>.......................] - ETA: 3s - loss: 1.7940 - accuracy: 0.3683
25/98 [======>.......................] - ETA: 3s - loss: 1.7924 - accuracy: 0.3688
27/98 [=======>......................] - ETA: 3s - loss: 1.7930 - accuracy: 0.3684
29/98 [=======>......................] - ETA: 3s - loss: 1.7929 - accuracy: 0.3679
31/98 [========>.....................] - ETA: 2s - loss: 1.7923 - accuracy: 0.3688
33/98 [=========>....................] - ETA: 2s - loss: 1.7928 - accuracy: 0.3688
35/98 [=========>....................] - ETA: 2s - loss: 1.7926 - accuracy: 0.3692
37/98 [==========>...................] - ETA: 2s - loss: 1.7925 - accuracy: 0.3681
39/98 [==========>...................] - ETA: 2s - loss: 1.7914 - accuracy: 0.3684
41/98 [===========>..................] - ETA: 2s - loss: 1.7912 - accuracy: 0.3680
43/98 [============>.................] - ETA: 2s - loss: 1.7901 - accuracy: 0.3686
45/98 [============>.................] - ETA: 2s - loss: 1.7893 - accuracy: 0.3685
47/98 [=============>................] - ETA: 2s - loss: 1.7886 - accuracy: 0.3686
49/98 [==============>...............] - ETA: 2s - loss: 1.7884 - accuracy: 0.3689
51/98 [==============>...............] - ETA: 2s - loss: 1.7867 - accuracy: 0.3703
53/98 [===============>..............] - ETA: 1s - loss: 1.7844 - accuracy: 0.3711
55/98 [===============>..............] - ETA: 1s - loss: 1.7847 - accuracy: 0.3712
57/98 [================>.............] - ETA: 1s - loss: 1.7828 - accuracy: 0.3724
59/98 [=================>............] - ETA: 1s - loss: 1.7808 - accuracy: 0.3732
61/98 [=================>............] - ETA: 1s - loss: 1.7802 - accuracy: 0.3735
63/98 [==================>...........] - ETA: 1s - loss: 1.7797 - accuracy: 0.3733
65/98 [==================>...........] - ETA: 1s - loss: 1.7773 - accuracy: 0.3749
67/98 [===================>..........] - ETA: 1s - loss: 1.7755 - accuracy: 0.3746
69/98 [====================>.........] - ETA: 1s - loss: 1.7755 - accuracy: 0.3740
71/98 [====================>.........] - ETA: 1s - loss: 1.7742 - accuracy: 0.3748
73/98 [=====================>........] - ETA: 1s - loss: 1.7730 - accuracy: 0.3750
75/98 [=====================>........] - ETA: 1s - loss: 1.7716 - accuracy: 0.3752
77/98 [======================>.......] - ETA: 0s - loss: 1.7707 - accuracy: 0.3760
79/98 [=======================>......] - ETA: 0s - loss: 1.7696 - accuracy: 0.3766
81/98 [=======================>......] - ETA: 0s - loss: 1.7693 - accuracy: 0.3770
83/98 [========================>.....] - ETA: 0s - loss: 1.7696 - accuracy: 0.3764
85/98 [=========================>....] - ETA: 0s - loss: 1.7695 - accuracy: 0.3761
87/98 [=========================>....] - ETA: 0s - loss: 1.7691 - accuracy: 0.3761
89/98 [==========================>...] - ETA: 0s - loss: 1.7665 - accuracy: 0.3774
91/98 [==========================>...] - ETA: 0s - loss: 1.7659 - accuracy: 0.3774
93/98 [===========================>..] - ETA: 0s - loss: 1.7633 - accuracy: 0.3783
95/98 [============================>.] - ETA: 0s - loss: 1.7626 - accuracy: 0.3787
97/98 [============================>.] - ETA: 0s - loss: 1.7618 - accuracy: 0.3790
98/98 [==============================] - 5s 49ms/step - loss: 1.7609 - accuracy: 0.3792 - val_loss: 1.9830 - val_accuracy: 0.3781
Epoch 4/221

 1/98 [..............................] - ETA: 6s - loss: 1.6795 - accuracy: 0.3887
 3/98 [..............................] - ETA: 3s - loss: 1.7123 - accuracy: 0.3809
 5/98 [>.............................] - ETA: 4s - loss: 1.7040 - accuracy: 0.3891
 7/98 [=>............................] - ETA: 4s - loss: 1.6970 - accuracy: 0.3954
 9/98 [=>............................] - ETA: 3s - loss: 1.6946 - accuracy: 0.4006
11/98 [==>...........................] - ETA: 3s - loss: 1.6989 - accuracy: 0.3975
13/98 [==>...........................] - ETA: 3s - loss: 1.6990 - accuracy: 0.3971
15/98 [===>..........................] - ETA: 3s - loss: 1.6966 - accuracy: 0.3963
17/98 [====>.........................] - ETA: 3s - loss: 1.6944 - accuracy: 0.3994
19/98 [====>.........................] - ETA: 3s - loss: 1.6959 - accuracy: 0.3980
21/98 [=====>........................] - ETA: 3s - loss: 1.6966 - accuracy: 0.3995
23/98 [======>.......................] - ETA: 3s - loss: 1.6918 - accuracy: 0.4007
25/98 [======>.......................] - ETA: 3s - loss: 1.6912 - accuracy: 0.4003
27/98 [=======>......................] - ETA: 3s - loss: 1.6894 - accuracy: 0.4012
29/98 [=======>......................] - ETA: 3s - loss: 1.6920 - accuracy: 0.3995
31/98 [========>.....................] - ETA: 2s - loss: 1.6948 - accuracy: 0.3990
33/98 [=========>....................] - ETA: 2s - loss: 1.6962 - accuracy: 0.3979
35/98 [=========>....................] - ETA: 2s - loss: 1.6975 - accuracy: 0.3973
37/98 [==========>...................] - ETA: 2s - loss: 1.6934 - accuracy: 0.3988
39/98 [==========>...................] - ETA: 2s - loss: 1.6920 - accuracy: 0.4000
41/98 [===========>..................] - ETA: 2s - loss: 1.6922 - accuracy: 0.4003
43/98 [============>.................] - ETA: 2s - loss: 1.6932 - accuracy: 0.4002
45/98 [============>.................] - ETA: 2s - loss: 1.6927 - accuracy: 0.4006
47/98 [=============>................] - ETA: 2s - loss: 1.6921 - accuracy: 0.4007
49/98 [==============>...............] - ETA: 2s - loss: 1.6902 - accuracy: 0.4019
51/98 [==============>...............] - ETA: 2s - loss: 1.6908 - accuracy: 0.4020
53/98 [===============>..............] - ETA: 1s - loss: 1.6897 - accuracy: 0.4029
55/98 [===============>..............] - ETA: 1s - loss: 1.6883 - accuracy: 0.4038
57/98 [================>.............] - ETA: 1s - loss: 1.6855 - accuracy: 0.4051
59/98 [=================>............] - ETA: 1s - loss: 1.6859 - accuracy: 0.4050
61/98 [=================>............] - ETA: 1s - loss: 1.6859 - accuracy: 0.4045
63/98 [==================>...........] - ETA: 1s - loss: 1.6841 - accuracy: 0.4048
65/98 [==================>...........] - ETA: 1s - loss: 1.6847 - accuracy: 0.4048
67/98 [===================>..........] - ETA: 1s - loss: 1.6838 - accuracy: 0.4049
69/98 [====================>.........] - ETA: 1s - loss: 1.6826 - accuracy: 0.4052
71/98 [====================>.........] - ETA: 1s - loss: 1.6822 - accuracy: 0.4056
73/98 [=====================>........] - ETA: 1s - loss: 1.6804 - accuracy: 0.4070
75/98 [=====================>........] - ETA: 1s - loss: 1.6784 - accuracy: 0.4075
77/98 [======================>.......] - ETA: 0s - loss: 1.6784 - accuracy: 0.4078
79/98 [=======================>......] - ETA: 0s - loss: 1.6773 - accuracy: 0.4084
81/98 [=======================>......] - ETA: 0s - loss: 1.6771 - accuracy: 0.4083
83/98 [========================>.....] - ETA: 0s - loss: 1.6766 - accuracy: 0.4082
85/98 [=========================>....] - ETA: 0s - loss: 1.6755 - accuracy: 0.4086
87/98 [=========================>....] - ETA: 0s - loss: 1.6750 - accuracy: 0.4085
89/98 [==========================>...] - ETA: 0s - loss: 1.6755 - accuracy: 0.4085
91/98 [==========================>...] - ETA: 0s - loss: 1.6754 - accuracy: 0.4087
93/98 [===========================>..] - ETA: 0s - loss: 1.6745 - accuracy: 0.4091
95/98 [============================>.] - ETA: 0s - loss: 1.6733 - accuracy: 0.4095
97/98 [============================>.] - ETA: 0s - loss: 1.6727 - accuracy: 0.4095
98/98 [==============================] - 5s 52ms/step - loss: 1.6722 - accuracy: 0.4095 - val_loss: 1.8325 - val_accuracy: 0.4214
Epoch 5/221

 1/98 [..............................] - ETA: 6s - loss: 1.6383 - accuracy: 0.4043
 3/98 [..............................] - ETA: 4s - loss: 1.6459 - accuracy: 0.4049
 5/98 [>.............................] - ETA: 3s - loss: 1.6250 - accuracy: 0.4211
 7/98 [=>............................] - ETA: 4s - loss: 1.6303 - accuracy: 0.4233
 9/98 [=>............................] - ETA: 3s - loss: 1.6300 - accuracy: 0.4245
11/98 [==>...........................] - ETA: 3s - loss: 1.6361 - accuracy: 0.4196
13/98 [==>...........................] - ETA: 3s - loss: 1.6375 - accuracy: 0.4213
15/98 [===>..........................] - ETA: 3s - loss: 1.6324 - accuracy: 0.4224
17/98 [====>.........................] - ETA: 3s - loss: 1.6367 - accuracy: 0.4196
19/98 [====>.........................] - ETA: 3s - loss: 1.6316 - accuracy: 0.4202
21/98 [=====>........................] - ETA: 3s - loss: 1.6332 - accuracy: 0.4191
23/98 [======>.......................] - ETA: 3s - loss: 1.6270 - accuracy: 0.4203
25/98 [======>.......................] - ETA: 3s - loss: 1.6264 - accuracy: 0.4226
27/98 [=======>......................] - ETA: 3s - loss: 1.6250 - accuracy: 0.4227
29/98 [=======>......................] - ETA: 3s - loss: 1.6236 - accuracy: 0.4223
31/98 [========>.....................] - ETA: 2s - loss: 1.6222 - accuracy: 0.4226
33/98 [=========>....................] - ETA: 2s - loss: 1.6242 - accuracy: 0.4223
35/98 [=========>....................] - ETA: 2s - loss: 1.6222 - accuracy: 0.4230
37/98 [==========>...................] - ETA: 2s - loss: 1.6195 - accuracy: 0.4235
39/98 [==========>...................] - ETA: 2s - loss: 1.6189 - accuracy: 0.4237
41/98 [===========>..................] - ETA: 2s - loss: 1.6176 - accuracy: 0.4253
43/98 [============>.................] - ETA: 2s - loss: 1.6180 - accuracy: 0.4253
45/98 [============>.................] - ETA: 2s - loss: 1.6171 - accuracy: 0.4259
47/98 [=============>................] - ETA: 2s - loss: 1.6188 - accuracy: 0.4249
49/98 [==============>...............] - ETA: 2s - loss: 1.6198 - accuracy: 0.4248
51/98 [==============>...............] - ETA: 2s - loss: 1.6168 - accuracy: 0.4264
53/98 [===============>..............] - ETA: 1s - loss: 1.6165 - accuracy: 0.4263
55/98 [===============>..............] - ETA: 1s - loss: 1.6154 - accuracy: 0.4258
57/98 [================>.............] - ETA: 1s - loss: 1.6141 - accuracy: 0.4263
59/98 [=================>............] - ETA: 1s - loss: 1.6143 - accuracy: 0.4258
61/98 [=================>............] - ETA: 1s - loss: 1.6140 - accuracy: 0.4253
63/98 [==================>...........] - ETA: 1s - loss: 1.6119 - accuracy: 0.4259
65/98 [==================>...........] - ETA: 1s - loss: 1.6125 - accuracy: 0.4257
67/98 [===================>..........] - ETA: 1s - loss: 1.6119 - accuracy: 0.4263
69/98 [====================>.........] - ETA: 1s - loss: 1.6124 - accuracy: 0.4261
71/98 [====================>.........] - ETA: 1s - loss: 1.6128 - accuracy: 0.4262
73/98 [=====================>........] - ETA: 1s - loss: 1.6133 - accuracy: 0.4258
75/98 [=====================>........] - ETA: 0s - loss: 1.6119 - accuracy: 0.4267
77/98 [======================>.......] - ETA: 0s - loss: 1.6100 - accuracy: 0.4276
79/98 [=======================>......] - ETA: 0s - loss: 1.6098 - accuracy: 0.4274
81/98 [=======================>......] - ETA: 0s - loss: 1.6089 - accuracy: 0.4277
84/98 [========================>.....] - ETA: 0s - loss: 1.6093 - accuracy: 0.4277
86/98 [=========================>....] - ETA: 0s - loss: 1.6084 - accuracy: 0.4283
88/98 [=========================>....] - ETA: 0s - loss: 1.6074 - accuracy: 0.4292
90/98 [==========================>...] - ETA: 0s - loss: 1.6074 - accuracy: 0.4289
92/98 [===========================>..] - ETA: 0s - loss: 1.6060 - accuracy: 0.4296
94/98 [===========================>..] - ETA: 0s - loss: 1.6059 - accuracy: 0.4297
96/98 [============================>.] - ETA: 0s - loss: 1.6060 - accuracy: 0.4297
98/98 [==============================] - ETA: 0s - loss: 1.6061 - accuracy: 0.4299
98/98 [==============================] - 5s 48ms/step - loss: 1.6061 - accuracy: 0.4299 - val_loss: 1.6819 - val_accuracy: 0.4578
Epoch 6/221

 1/98 [..............................] - ETA: 6s - loss: 1.5999 - accuracy: 0.4277
 3/98 [..............................] - ETA: 4s - loss: 1.5920 - accuracy: 0.4342
 5/98 [>.............................] - ETA: 4s - loss: 1.5972 - accuracy: 0.4449
 7/98 [=>............................] - ETA: 4s - loss: 1.5898 - accuracy: 0.4395
 9/98 [=>............................] - ETA: 4s - loss: 1.5932 - accuracy: 0.4373
11/98 [==>...........................] - ETA: 3s - loss: 1.5804 - accuracy: 0.4411
13/98 [==>...........................] - ETA: 3s - loss: 1.5875 - accuracy: 0.4387
15/98 [===>..........................] - ETA: 3s - loss: 1.5823 - accuracy: 0.4428
17/98 [====>.........................] - ETA: 3s - loss: 1.5800 - accuracy: 0.4447
19/98 [====>.........................] - ETA: 3s - loss: 1.5707 - accuracy: 0.4491
21/98 [=====>........................] - ETA: 3s - loss: 1.5667 - accuracy: 0.4522
23/98 [======>.......................] - ETA: 3s - loss: 1.5695 - accuracy: 0.4518
25/98 [======>.......................] - ETA: 3s - loss: 1.5730 - accuracy: 0.4509
27/98 [=======>......................] - ETA: 3s - loss: 1.5683 - accuracy: 0.4517
29/98 [=======>......................] - ETA: 2s - loss: 1.5702 - accuracy: 0.4509
31/98 [========>.....................] - ETA: 2s - loss: 1.5669 - accuracy: 0.4505
33/98 [=========>....................] - ETA: 2s - loss: 1.5685 - accuracy: 0.4502
35/98 [=========>....................] - ETA: 2s - loss: 1.5699 - accuracy: 0.4485
37/98 [==========>...................] - ETA: 2s - loss: 1.5705 - accuracy: 0.4479
39/98 [==========>...................] - ETA: 2s - loss: 1.5682 - accuracy: 0.4483
41/98 [===========>..................] - ETA: 2s - loss: 1.5681 - accuracy: 0.4470
43/98 [============>.................] - ETA: 2s - loss: 1.5654 - accuracy: 0.4482
45/98 [============>.................] - ETA: 2s - loss: 1.5658 - accuracy: 0.4479
47/98 [=============>................] - ETA: 2s - loss: 1.5655 - accuracy: 0.4468
49/98 [==============>...............] - ETA: 2s - loss: 1.5667 - accuracy: 0.4461
51/98 [==============>...............] - ETA: 2s - loss: 1.5652 - accuracy: 0.4469
53/98 [===============>..............] - ETA: 1s - loss: 1.5646 - accuracy: 0.4468
55/98 [===============>..............] - ETA: 1s - loss: 1.5647 - accuracy: 0.4458
57/98 [================>.............] - ETA: 1s - loss: 1.5639 - accuracy: 0.4463
59/98 [=================>............] - ETA: 1s - loss: 1.5635 - accuracy: 0.4466
61/98 [=================>............] - ETA: 1s - loss: 1.5612 - accuracy: 0.4478
63/98 [==================>...........] - ETA: 1s - loss: 1.5601 - accuracy: 0.4478
65/98 [==================>...........] - ETA: 1s - loss: 1.5597 - accuracy: 0.4473
67/98 [===================>..........] - ETA: 1s - loss: 1.5591 - accuracy: 0.4477
69/98 [====================>.........] - ETA: 1s - loss: 1.5577 - accuracy: 0.4479
71/98 [====================>.........] - ETA: 1s - loss: 1.5557 - accuracy: 0.4488
73/98 [=====================>........] - ETA: 1s - loss: 1.5546 - accuracy: 0.4488
75/98 [=====================>........] - ETA: 1s - loss: 1.5543 - accuracy: 0.4484
77/98 [======================>.......] - ETA: 0s - loss: 1.5536 - accuracy: 0.4486
79/98 [=======================>......] - ETA: 0s - loss: 1.5528 - accuracy: 0.4484
81/98 [=======================>......] - ETA: 0s - loss: 1.5519 - accuracy: 0.4488
83/98 [========================>.....] - ETA: 0s - loss: 1.5529 - accuracy: 0.4485
85/98 [=========================>....] - ETA: 0s - loss: 1.5513 - accuracy: 0.4491
87/98 [=========================>....] - ETA: 0s - loss: 1.5516 - accuracy: 0.4485
89/98 [==========================>...] - ETA: 0s - loss: 1.5520 - accuracy: 0.4484
91/98 [==========================>...] - ETA: 0s - loss: 1.5513 - accuracy: 0.4488
93/98 [===========================>..] - ETA: 0s - loss: 1.5512 - accuracy: 0.4496
95/98 [============================>.] - ETA: 0s - loss: 1.5513 - accuracy: 0.4495
97/98 [============================>.] - ETA: 0s - loss: 1.5501 - accuracy: 0.4501
98/98 [==============================] - 5s 52ms/step - loss: 1.5503 - accuracy: 0.4501 - val_loss: 1.5599 - val_accuracy: 0.4801
Epoch 7/221

 1/98 [..............................] - ETA: 4s - loss: 1.5222 - accuracy: 0.4590
 3/98 [..............................] - ETA: 4s - loss: 1.5202 - accuracy: 0.4661
 5/98 [>.............................] - ETA: 4s - loss: 1.5302 - accuracy: 0.4656
 7/98 [=>............................] - ETA: 4s - loss: 1.5227 - accuracy: 0.4654
 9/98 [=>............................] - ETA: 3s - loss: 1.5147 - accuracy: 0.4692
11/98 [==>...........................] - ETA: 3s - loss: 1.5135 - accuracy: 0.4684
13/98 [==>...........................] - ETA: 3s - loss: 1.5162 - accuracy: 0.4713
15/98 [===>..........................] - ETA: 3s - loss: 1.5115 - accuracy: 0.4710
17/98 [====>.........................] - ETA: 3s - loss: 1.5123 - accuracy: 0.4697
19/98 [====>.........................] - ETA: 3s - loss: 1.5147 - accuracy: 0.4672
21/98 [=====>........................] - ETA: 3s - loss: 1.5138 - accuracy: 0.4677
23/98 [======>.......................] - ETA: 3s - loss: 1.5108 - accuracy: 0.4688
25/98 [======>.......................] - ETA: 3s - loss: 1.5126 - accuracy: 0.4684
27/98 [=======>......................] - ETA: 3s - loss: 1.5083 - accuracy: 0.4695
29/98 [=======>......................] - ETA: 2s - loss: 1.5126 - accuracy: 0.4669
31/98 [========>.....................] - ETA: 2s - loss: 1.5129 - accuracy: 0.4664
33/98 [=========>....................] - ETA: 2s - loss: 1.5154 - accuracy: 0.4651
35/98 [=========>....................] - ETA: 2s - loss: 1.5183 - accuracy: 0.4646
37/98 [==========>...................] - ETA: 2s - loss: 1.5175 - accuracy: 0.4652
39/98 [==========>...................] - ETA: 2s - loss: 1.5176 - accuracy: 0.4643
41/98 [===========>..................] - ETA: 2s - loss: 1.5153 - accuracy: 0.4655
43/98 [============>.................] - ETA: 2s - loss: 1.5159 - accuracy: 0.4653
45/98 [============>.................] - ETA: 2s - loss: 1.5152 - accuracy: 0.4647
47/98 [=============>................] - ETA: 1s - loss: 1.5159 - accuracy: 0.4645
49/98 [==============>...............] - ETA: 1s - loss: 1.5173 - accuracy: 0.4646
51/98 [==============>...............] - ETA: 1s - loss: 1.5191 - accuracy: 0.4638
53/98 [===============>..............] - ETA: 1s - loss: 1.5180 - accuracy: 0.4635
55/98 [===============>..............] - ETA: 1s - loss: 1.5178 - accuracy: 0.4634
57/98 [================>.............] - ETA: 1s - loss: 1.5162 - accuracy: 0.4638
59/98 [=================>............] - ETA: 1s - loss: 1.5169 - accuracy: 0.4637
61/98 [=================>............] - ETA: 1s - loss: 1.5151 - accuracy: 0.4648
63/98 [==================>...........] - ETA: 1s - loss: 1.5148 - accuracy: 0.4646
65/98 [==================>...........] - ETA: 1s - loss: 1.5146 - accuracy: 0.4647
67/98 [===================>..........] - ETA: 1s - loss: 1.5144 - accuracy: 0.4645
69/98 [====================>.........] - ETA: 1s - loss: 1.5146 - accuracy: 0.4643
71/98 [====================>.........] - ETA: 1s - loss: 1.5140 - accuracy: 0.4645
73/98 [=====================>........] - ETA: 0s - loss: 1.5134 - accuracy: 0.4653
75/98 [=====================>........] - ETA: 0s - loss: 1.5128 - accuracy: 0.4653
77/98 [======================>.......] - ETA: 0s - loss: 1.5128 - accuracy: 0.4655
79/98 [=======================>......] - ETA: 0s - loss: 1.5110 - accuracy: 0.4664
81/98 [=======================>......] - ETA: 0s - loss: 1.5105 - accuracy: 0.4668
83/98 [========================>.....] - ETA: 0s - loss: 1.5110 - accuracy: 0.4665
85/98 [=========================>....] - ETA: 0s - loss: 1.5108 - accuracy: 0.4665
87/98 [=========================>....] - ETA: 0s - loss: 1.5100 - accuracy: 0.4662
89/98 [==========================>...] - ETA: 0s - loss: 1.5096 - accuracy: 0.4662
91/98 [==========================>...] - ETA: 0s - loss: 1.5092 - accuracy: 0.4666
93/98 [===========================>..] - ETA: 0s - loss: 1.5090 - accuracy: 0.4664
95/98 [============================>.] - ETA: 0s - loss: 1.5089 - accuracy: 0.4666
97/98 [============================>.] - ETA: 0s - loss: 1.5092 - accuracy: 0.4659
98/98 [==============================] - 5s 48ms/step - loss: 1.5083 - accuracy: 0.4662 - val_loss: 1.4789 - val_accuracy: 0.4976
Epoch 8/221

 1/98 [..............................] - ETA: 6s - loss: 1.4599 - accuracy: 0.4570
 3/98 [..............................] - ETA: 3s - loss: 1.4515 - accuracy: 0.4798
 5/98 [>.............................] - ETA: 3s - loss: 1.4561 - accuracy: 0.4832
 7/98 [=>............................] - ETA: 4s - loss: 1.4513 - accuracy: 0.4866
 9/98 [=>............................] - ETA: 3s - loss: 1.4521 - accuracy: 0.4842
11/98 [==>...........................] - ETA: 3s - loss: 1.4636 - accuracy: 0.4801
13/98 [==>...........................] - ETA: 3s - loss: 1.4677 - accuracy: 0.4818
15/98 [===>..........................] - ETA: 3s - loss: 1.4707 - accuracy: 0.4810
17/98 [====>.........................] - ETA: 3s - loss: 1.4729 - accuracy: 0.4800
19/98 [====>.........................] - ETA: 3s - loss: 1.4675 - accuracy: 0.4833
21/98 [=====>........................] - ETA: 3s - loss: 1.4716 - accuracy: 0.4810
23/98 [======>.......................] - ETA: 3s - loss: 1.4706 - accuracy: 0.4804
25/98 [======>.......................] - ETA: 3s - loss: 1.4704 - accuracy: 0.4805
27/98 [=======>......................] - ETA: 3s - loss: 1.4754 - accuracy: 0.4798
29/98 [=======>......................] - ETA: 2s - loss: 1.4774 - accuracy: 0.4793
31/98 [========>.....................] - ETA: 2s - loss: 1.4742 - accuracy: 0.4788
33/98 [=========>....................] - ETA: 2s - loss: 1.4747 - accuracy: 0.4782
35/98 [=========>....................] - ETA: 2s - loss: 1.4740 - accuracy: 0.4773
37/98 [==========>...................] - ETA: 2s - loss: 1.4743 - accuracy: 0.4782
39/98 [==========>...................] - ETA: 2s - loss: 1.4761 - accuracy: 0.4771
41/98 [===========>..................] - ETA: 2s - loss: 1.4772 - accuracy: 0.4772
43/98 [============>.................] - ETA: 2s - loss: 1.4779 - accuracy: 0.4776
45/98 [============>.................] - ETA: 2s - loss: 1.4793 - accuracy: 0.4775
47/98 [=============>................] - ETA: 2s - loss: 1.4770 - accuracy: 0.4788
49/98 [==============>...............] - ETA: 2s - loss: 1.4770 - accuracy: 0.4789
51/98 [==============>...............] - ETA: 2s - loss: 1.4774 - accuracy: 0.4789
53/98 [===============>..............] - ETA: 1s - loss: 1.4759 - accuracy: 0.4798
55/98 [===============>..............] - ETA: 1s - loss: 1.4765 - accuracy: 0.4795
57/98 [================>.............] - ETA: 1s - loss: 1.4757 - accuracy: 0.4797
58/98 [================>.............] - ETA: 1s - loss: 1.4748 - accuracy: 0.4797
60/98 [=================>............] - ETA: 1s - loss: 1.4753 - accuracy: 0.4788
62/98 [=================>............] - ETA: 1s - loss: 1.4754 - accuracy: 0.4781
64/98 [==================>...........] - ETA: 1s - loss: 1.4750 - accuracy: 0.4780
66/98 [===================>..........] - ETA: 1s - loss: 1.4749 - accuracy: 0.4783
68/98 [===================>..........] - ETA: 1s - loss: 1.4755 - accuracy: 0.4780
70/98 [====================>.........] - ETA: 1s - loss: 1.4753 - accuracy: 0.4779
72/98 [=====================>........] - ETA: 1s - loss: 1.4748 - accuracy: 0.4786
74/98 [=====================>........] - ETA: 1s - loss: 1.4733 - accuracy: 0.4793
76/98 [======================>.......] - ETA: 0s - loss: 1.4730 - accuracy: 0.4794
78/98 [======================>.......] - ETA: 0s - loss: 1.4723 - accuracy: 0.4797
80/98 [=======================>......] - ETA: 0s - loss: 1.4722 - accuracy: 0.4799
82/98 [========================>.....] - ETA: 0s - loss: 1.4708 - accuracy: 0.4805
84/98 [========================>.....] - ETA: 0s - loss: 1.4705 - accuracy: 0.4803
86/98 [=========================>....] - ETA: 0s - loss: 1.4692 - accuracy: 0.4801
88/98 [=========================>....] - ETA: 0s - loss: 1.4689 - accuracy: 0.4804
90/98 [==========================>...] - ETA: 0s - loss: 1.4685 - accuracy: 0.4808
92/98 [===========================>..] - ETA: 0s - loss: 1.4688 - accuracy: 0.4808
94/98 [===========================>..] - ETA: 0s - loss: 1.4688 - accuracy: 0.4804
96/98 [============================>.] - ETA: 0s - loss: 1.4677 - accuracy: 0.4811
98/98 [==============================] - ETA: 0s - loss: 1.4679 - accuracy: 0.4812
98/98 [==============================] - 5s 52ms/step - loss: 1.4679 - accuracy: 0.4812 - val_loss: 1.4240 - val_accuracy: 0.5099
Epoch 9/221

 1/98 [..............................] - ETA: 6s - loss: 1.4634 - accuracy: 0.4688
 3/98 [..............................] - ETA: 2s - loss: 1.4427 - accuracy: 0.4915
 5/98 [>.............................] - ETA: 2s - loss: 1.4351 - accuracy: 0.4941
 7/98 [=>............................] - ETA: 2s - loss: 1.4484 - accuracy: 0.4912
 9/98 [=>............................] - ETA: 2s - loss: 1.4444 - accuracy: 0.4889
11/98 [==>...........................] - ETA: 2s - loss: 1.4534 - accuracy: 0.4864
13/98 [==>...........................] - ETA: 2s - loss: 1.4572 - accuracy: 0.4829
15/98 [===>..........................] - ETA: 2s - loss: 1.4531 - accuracy: 0.4837
17/98 [====>.........................] - ETA: 2s - loss: 1.4520 - accuracy: 0.4832
19/98 [====>.........................] - ETA: 2s - loss: 1.4513 - accuracy: 0.4827
21/98 [=====>........................] - ETA: 2s - loss: 1.4470 - accuracy: 0.4835
23/98 [======>.......................] - ETA: 2s - loss: 1.4448 - accuracy: 0.4849
25/98 [======>.......................] - ETA: 2s - loss: 1.4458 - accuracy: 0.4852
27/98 [=======>......................] - ETA: 2s - loss: 1.4430 - accuracy: 0.4853
29/98 [=======>......................] - ETA: 2s - loss: 1.4417 - accuracy: 0.4868
31/98 [========>.....................] - ETA: 2s - loss: 1.4423 - accuracy: 0.4857
33/98 [=========>....................] - ETA: 2s - loss: 1.4390 - accuracy: 0.4883
35/98 [=========>....................] - ETA: 2s - loss: 1.4395 - accuracy: 0.4881
37/98 [==========>...................] - ETA: 2s - loss: 1.4382 - accuracy: 0.4888
39/98 [==========>...................] - ETA: 2s - loss: 1.4402 - accuracy: 0.4894
41/98 [===========>..................] - ETA: 1s - loss: 1.4403 - accuracy: 0.4891
43/98 [============>.................] - ETA: 1s - loss: 1.4400 - accuracy: 0.4899
45/98 [============>.................] - ETA: 1s - loss: 1.4389 - accuracy: 0.4910
47/98 [=============>................] - ETA: 1s - loss: 1.4380 - accuracy: 0.4904
49/98 [==============>...............] - ETA: 1s - loss: 1.4367 - accuracy: 0.4904
51/98 [==============>...............] - ETA: 1s - loss: 1.4371 - accuracy: 0.4897
53/98 [===============>..............] - ETA: 1s - loss: 1.4374 - accuracy: 0.4896
55/98 [===============>..............] - ETA: 1s - loss: 1.4376 - accuracy: 0.4894
57/98 [================>.............] - ETA: 1s - loss: 1.4385 - accuracy: 0.4895
59/98 [=================>............] - ETA: 1s - loss: 1.4366 - accuracy: 0.4899
61/98 [=================>............] - ETA: 1s - loss: 1.4387 - accuracy: 0.4896
63/98 [==================>...........] - ETA: 1s - loss: 1.4397 - accuracy: 0.4894
65/98 [==================>...........] - ETA: 1s - loss: 1.4392 - accuracy: 0.4901
67/98 [===================>..........] - ETA: 1s - loss: 1.4395 - accuracy: 0.4901
69/98 [====================>.........] - ETA: 1s - loss: 1.4403 - accuracy: 0.4898
71/98 [====================>.........] - ETA: 1s - loss: 1.4392 - accuracy: 0.4900
73/98 [=====================>........] - ETA: 0s - loss: 1.4381 - accuracy: 0.4910
75/98 [=====================>........] - ETA: 0s - loss: 1.4376 - accuracy: 0.4913
77/98 [======================>.......] - ETA: 0s - loss: 1.4374 - accuracy: 0.4909
79/98 [=======================>......] - ETA: 0s - loss: 1.4363 - accuracy: 0.4908
