2024-06-26 15:56:13.717906: I tensorflow/core/platform/cpu_feature_guard.cc:193] This TensorFlow binary is optimized with oneAPI Deep Neural Network Library (oneDNN) to use the following CPU instructions in performance-critical operations:  AVX AVX2
To enable them in other operations, rebuild TensorFlow with the appropriate compiler flags.
2024-06-26 15:56:14.450972: I tensorflow/core/common_runtime/gpu/gpu_device.cc:1616] Created device /job:localhost/replica:0/task:0/device:GPU:0 with 6656 MB memory:  -> device: 0, name: NVIDIA GeForce RTX 4060 Ti, pci bus id: 0000:01:00.0, compute capability: 8.9
1 Physical GPUs, 1 Logical GPUs
Model: "sequential"
_________________________________________________________________
 Layer (type)                Output Shape              Param #   
=================================================================
 conv2d (Conv2D)             (None, 32, 32, 32)        896       
                                                                 
 max_pooling2d (MaxPooling2D  (None, 16, 16, 32)       0         
 )                                                               
                                                                 
 batch_normalization (BatchN  (None, 16, 16, 32)       128       
 ormalization)                                                   
                                                                 
 conv2d_1 (Conv2D)           (None, 16, 16, 128)       102528    
                                                                 
 dropout (Dropout)           (None, 16, 16, 128)       0         
                                                                 
 flatten (Flatten)           (None, 32768)             0         
                                                                 
 dense (Dense)               (None, 10)                327690    
                                                                 
=================================================================
Total params: 431,242
Trainable params: 431,178
Non-trainable params: 64
_________________________________________________________________
Taxa de aprendizado:  1e-05 Num de épocas:  221 Tamanho do lote:  512 Dropout:  0.4426
Epoch 1/221
2024-06-26 15:56:15.905301: I tensorflow/stream_executor/cuda/cuda_dnn.cc:384] Loaded cuDNN version 8100
2024-06-26 15:56:16.868178: W tensorflow/stream_executor/gpu/redzone_allocator.cc:314] INTERNAL: ptxas exited with non-zero error code -1, output: 
Relying on driver to perform ptx compilation. 
Modify $PATH to customize ptxas location.
This message will be only logged once.
2024-06-26 15:56:18.104781: I tensorflow/stream_executor/cuda/cuda_blas.cc:1614] TensorFloat-32 will be used for the matrix multiplication. This will only be logged once.

 1/98 [..............................] - ETA: 6:46 - loss: 2.3862 - accuracy: 0.1172
 3/98 [..............................] - ETA: 4s - loss: 2.3742 - accuracy: 0.1126  
 5/98 [>.............................] - ETA: 17s - loss: 2.3707 - accuracy: 0.1170
 7/98 [=>............................] - ETA: 12s - loss: 2.3603 - accuracy: 0.1221
 9/98 [=>............................] - ETA: 10s - loss: 2.3501 - accuracy: 0.1252
11/98 [==>...........................] - ETA: 8s - loss: 2.3405 - accuracy: 0.1294 
13/98 [==>...........................] - ETA: 7s - loss: 2.3336 - accuracy: 0.1323
15/98 [===>..........................] - ETA: 7s - loss: 2.3238 - accuracy: 0.1359
17/98 [====>.........................] - ETA: 6s - loss: 2.3158 - accuracy: 0.1411
19/98 [====>.........................] - ETA: 5s - loss: 2.3092 - accuracy: 0.1428
21/98 [=====>........................] - ETA: 5s - loss: 2.3045 - accuracy: 0.1435
23/98 [======>.......................] - ETA: 5s - loss: 2.2952 - accuracy: 0.1479
25/98 [======>.......................] - ETA: 4s - loss: 2.2901 - accuracy: 0.1515
27/98 [=======>......................] - ETA: 4s - loss: 2.2815 - accuracy: 0.1565
29/98 [=======>......................] - ETA: 4s - loss: 2.2763 - accuracy: 0.1591
31/98 [========>.....................] - ETA: 4s - loss: 2.2708 - accuracy: 0.1617
33/98 [=========>....................] - ETA: 4s - loss: 2.2657 - accuracy: 0.1647
35/98 [=========>....................] - ETA: 3s - loss: 2.2604 - accuracy: 0.1663
37/98 [==========>...................] - ETA: 3s - loss: 2.2559 - accuracy: 0.1675
39/98 [==========>...................] - ETA: 3s - loss: 2.2526 - accuracy: 0.1701
41/98 [===========>..................] - ETA: 3s - loss: 2.2477 - accuracy: 0.1719
43/98 [============>.................] - ETA: 3s - loss: 2.2434 - accuracy: 0.1740
45/98 [============>.................] - ETA: 3s - loss: 2.2386 - accuracy: 0.1756
47/98 [=============>................] - ETA: 2s - loss: 2.2322 - accuracy: 0.1795
49/98 [==============>...............] - ETA: 2s - loss: 2.2268 - accuracy: 0.1828
51/98 [==============>...............] - ETA: 2s - loss: 2.2214 - accuracy: 0.1858
53/98 [===============>..............] - ETA: 2s - loss: 2.2166 - accuracy: 0.1882
55/98 [===============>..............] - ETA: 2s - loss: 2.2119 - accuracy: 0.1898
57/98 [================>.............] - ETA: 2s - loss: 2.2092 - accuracy: 0.1913
59/98 [=================>............] - ETA: 2s - loss: 2.2054 - accuracy: 0.1930
61/98 [=================>............] - ETA: 1s - loss: 2.2015 - accuracy: 0.1945
63/98 [==================>...........] - ETA: 1s - loss: 2.1971 - accuracy: 0.1961
65/98 [==================>...........] - ETA: 1s - loss: 2.1940 - accuracy: 0.1975
67/98 [===================>..........] - ETA: 1s - loss: 2.1900 - accuracy: 0.1993
69/98 [====================>.........] - ETA: 1s - loss: 2.1871 - accuracy: 0.2008
71/98 [====================>.........] - ETA: 1s - loss: 2.1832 - accuracy: 0.2028
73/98 [=====================>........] - ETA: 1s - loss: 2.1796 - accuracy: 0.2044
75/98 [=====================>........] - ETA: 1s - loss: 2.1759 - accuracy: 0.2065
77/98 [======================>.......] - ETA: 1s - loss: 2.1731 - accuracy: 0.2076
79/98 [=======================>......] - ETA: 0s - loss: 2.1696 - accuracy: 0.2093
81/98 [=======================>......] - ETA: 0s - loss: 2.1670 - accuracy: 0.2105
83/98 [========================>.....] - ETA: 0s - loss: 2.1641 - accuracy: 0.2120
85/98 [=========================>....] - ETA: 0s - loss: 2.1607 - accuracy: 0.2136
87/98 [=========================>....] - ETA: 0s - loss: 2.1573 - accuracy: 0.2154
89/98 [==========================>...] - ETA: 0s - loss: 2.1547 - accuracy: 0.2164
91/98 [==========================>...] - ETA: 0s - loss: 2.1512 - accuracy: 0.2181
93/98 [===========================>..] - ETA: 0s - loss: 2.1485 - accuracy: 0.2190
95/98 [============================>.] - ETA: 0s - loss: 2.1462 - accuracy: 0.2200
97/98 [============================>.] - ETA: 0s - loss: 2.1433 - accuracy: 0.2212
98/98 [==============================] - 10s 61ms/step - loss: 2.1416 - accuracy: 0.2221 - val_loss: 2.2063 - val_accuracy: 0.2201
Epoch 2/221

 1/98 [..............................] - ETA: 6s - loss: 2.0055 - accuracy: 0.2578
 3/98 [..............................] - ETA: 3s - loss: 2.0026 - accuracy: 0.2728
 5/98 [>.............................] - ETA: 4s - loss: 1.9940 - accuracy: 0.2801
 7/98 [=>............................] - ETA: 4s - loss: 1.9922 - accuracy: 0.2824
 9/98 [=>............................] - ETA: 3s - loss: 1.9837 - accuracy: 0.2873
11/98 [==>...........................] - ETA: 3s - loss: 1.9820 - accuracy: 0.2869
13/98 [==>...........................] - ETA: 3s - loss: 1.9809 - accuracy: 0.2880
15/98 [===>..........................] - ETA: 3s - loss: 1.9796 - accuracy: 0.2898
17/98 [====>.........................] - ETA: 3s - loss: 1.9771 - accuracy: 0.2934
19/98 [====>.........................] - ETA: 3s - loss: 1.9721 - accuracy: 0.2958
21/98 [=====>........................] - ETA: 3s - loss: 1.9704 - accuracy: 0.2972
23/98 [======>.......................] - ETA: 3s - loss: 1.9692 - accuracy: 0.2981
25/98 [======>.......................] - ETA: 3s - loss: 1.9659 - accuracy: 0.2990
27/98 [=======>......................] - ETA: 3s - loss: 1.9641 - accuracy: 0.2989
29/98 [=======>......................] - ETA: 3s - loss: 1.9651 - accuracy: 0.2994
31/98 [========>.....................] - ETA: 2s - loss: 1.9676 - accuracy: 0.2997
33/98 [=========>....................] - ETA: 2s - loss: 1.9666 - accuracy: 0.2998
35/98 [=========>....................] - ETA: 2s - loss: 1.9670 - accuracy: 0.3013
37/98 [==========>...................] - ETA: 2s - loss: 1.9659 - accuracy: 0.3026
39/98 [==========>...................] - ETA: 2s - loss: 1.9637 - accuracy: 0.3043
41/98 [===========>..................] - ETA: 2s - loss: 1.9626 - accuracy: 0.3052
43/98 [============>.................] - ETA: 2s - loss: 1.9616 - accuracy: 0.3049
45/98 [============>.................] - ETA: 2s - loss: 1.9608 - accuracy: 0.3055
47/98 [=============>................] - ETA: 2s - loss: 1.9590 - accuracy: 0.3055
49/98 [==============>...............] - ETA: 2s - loss: 1.9588 - accuracy: 0.3047
51/98 [==============>...............] - ETA: 2s - loss: 1.9577 - accuracy: 0.3050
53/98 [===============>..............] - ETA: 1s - loss: 1.9550 - accuracy: 0.3069
55/98 [===============>..............] - ETA: 1s - loss: 1.9532 - accuracy: 0.3075
57/98 [================>.............] - ETA: 1s - loss: 1.9519 - accuracy: 0.3077
59/98 [=================>............] - ETA: 1s - loss: 1.9510 - accuracy: 0.3081
61/98 [=================>............] - ETA: 1s - loss: 1.9491 - accuracy: 0.3088
63/98 [==================>...........] - ETA: 1s - loss: 1.9489 - accuracy: 0.3081
65/98 [==================>...........] - ETA: 1s - loss: 1.9467 - accuracy: 0.3091
67/98 [===================>..........] - ETA: 1s - loss: 1.9461 - accuracy: 0.3090
69/98 [====================>.........] - ETA: 1s - loss: 1.9447 - accuracy: 0.3093
71/98 [====================>.........] - ETA: 1s - loss: 1.9428 - accuracy: 0.3102
73/98 [=====================>........] - ETA: 1s - loss: 1.9421 - accuracy: 0.3103
75/98 [=====================>........] - ETA: 1s - loss: 1.9399 - accuracy: 0.3108
77/98 [======================>.......] - ETA: 0s - loss: 1.9378 - accuracy: 0.3114
79/98 [=======================>......] - ETA: 0s - loss: 1.9360 - accuracy: 0.3124
81/98 [=======================>......] - ETA: 0s - loss: 1.9338 - accuracy: 0.3134
83/98 [========================>.....] - ETA: 0s - loss: 1.9326 - accuracy: 0.3138
85/98 [=========================>....] - ETA: 0s - loss: 1.9304 - accuracy: 0.3147
87/98 [=========================>....] - ETA: 0s - loss: 1.9293 - accuracy: 0.3149
89/98 [==========================>...] - ETA: 0s - loss: 1.9278 - accuracy: 0.3160
91/98 [==========================>...] - ETA: 0s - loss: 1.9259 - accuracy: 0.3167
93/98 [===========================>..] - ETA: 0s - loss: 1.9243 - accuracy: 0.3178
95/98 [============================>.] - ETA: 0s - loss: 1.9234 - accuracy: 0.3181
97/98 [============================>.] - ETA: 0s - loss: 1.9229 - accuracy: 0.3188
98/98 [==============================] - 5s 52ms/step - loss: 1.9220 - accuracy: 0.3188 - val_loss: 2.0876 - val_accuracy: 0.3467
Epoch 3/221

 1/98 [..............................] - ETA: 6s - loss: 1.8458 - accuracy: 0.3711
 3/98 [..............................] - ETA: 4s - loss: 1.8733 - accuracy: 0.3483
 5/98 [>.............................] - ETA: 3s - loss: 1.8650 - accuracy: 0.3512
 7/98 [=>............................] - ETA: 4s - loss: 1.8715 - accuracy: 0.3507
 9/98 [=>............................] - ETA: 3s - loss: 1.8633 - accuracy: 0.3518
11/98 [==>...........................] - ETA: 3s - loss: 1.8634 - accuracy: 0.3503
13/98 [==>...........................] - ETA: 3s - loss: 1.8613 - accuracy: 0.3528
15/98 [===>..........................] - ETA: 3s - loss: 1.8588 - accuracy: 0.3504
17/98 [====>.........................] - ETA: 3s - loss: 1.8553 - accuracy: 0.3526
19/98 [====>.........................] - ETA: 3s - loss: 1.8516 - accuracy: 0.3519
21/98 [=====>........................] - ETA: 3s - loss: 1.8503 - accuracy: 0.3525
23/98 [======>.......................] - ETA: 3s - loss: 1.8463 - accuracy: 0.3546
25/98 [======>.......................] - ETA: 3s - loss: 1.8444 - accuracy: 0.3542
27/98 [=======>......................] - ETA: 3s - loss: 1.8456 - accuracy: 0.3542
29/98 [=======>......................] - ETA: 2s - loss: 1.8461 - accuracy: 0.3524
31/98 [========>.....................] - ETA: 2s - loss: 1.8432 - accuracy: 0.3537
33/98 [=========>....................] - ETA: 2s - loss: 1.8428 - accuracy: 0.3536
35/98 [=========>....................] - ETA: 2s - loss: 1.8419 - accuracy: 0.3531
37/98 [==========>...................] - ETA: 2s - loss: 1.8402 - accuracy: 0.3537
39/98 [==========>...................] - ETA: 2s - loss: 1.8376 - accuracy: 0.3552
41/98 [===========>..................] - ETA: 2s - loss: 1.8370 - accuracy: 0.3563
43/98 [============>.................] - ETA: 2s - loss: 1.8348 - accuracy: 0.3561
45/98 [============>.................] - ETA: 2s - loss: 1.8357 - accuracy: 0.3549
47/98 [=============>................] - ETA: 2s - loss: 1.8366 - accuracy: 0.3545
49/98 [==============>...............] - ETA: 2s - loss: 1.8342 - accuracy: 0.3555
51/98 [==============>...............] - ETA: 2s - loss: 1.8312 - accuracy: 0.3564
53/98 [===============>..............] - ETA: 1s - loss: 1.8304 - accuracy: 0.3565
55/98 [===============>..............] - ETA: 1s - loss: 1.8290 - accuracy: 0.3570
57/98 [================>.............] - ETA: 1s - loss: 1.8285 - accuracy: 0.3574
59/98 [=================>............] - ETA: 1s - loss: 1.8281 - accuracy: 0.3573
61/98 [=================>............] - ETA: 1s - loss: 1.8269 - accuracy: 0.3571
63/98 [==================>...........] - ETA: 1s - loss: 1.8258 - accuracy: 0.3574
65/98 [==================>...........] - ETA: 1s - loss: 1.8249 - accuracy: 0.3580
67/98 [===================>..........] - ETA: 1s - loss: 1.8236 - accuracy: 0.3588
69/98 [====================>.........] - ETA: 1s - loss: 1.8231 - accuracy: 0.3588
71/98 [====================>.........] - ETA: 1s - loss: 1.8205 - accuracy: 0.3598
73/98 [=====================>........] - ETA: 1s - loss: 1.8194 - accuracy: 0.3598
75/98 [=====================>........] - ETA: 0s - loss: 1.8172 - accuracy: 0.3608
77/98 [======================>.......] - ETA: 0s - loss: 1.8158 - accuracy: 0.3614
79/98 [=======================>......] - ETA: 0s - loss: 1.8146 - accuracy: 0.3619
81/98 [=======================>......] - ETA: 0s - loss: 1.8134 - accuracy: 0.3619
83/98 [========================>.....] - ETA: 0s - loss: 1.8125 - accuracy: 0.3626
85/98 [=========================>....] - ETA: 0s - loss: 1.8112 - accuracy: 0.3628
87/98 [=========================>....] - ETA: 0s - loss: 1.8108 - accuracy: 0.3628
89/98 [==========================>...] - ETA: 0s - loss: 1.8095 - accuracy: 0.3630
91/98 [==========================>...] - ETA: 0s - loss: 1.8088 - accuracy: 0.3632
93/98 [===========================>..] - ETA: 0s - loss: 1.8075 - accuracy: 0.3635
95/98 [============================>.] - ETA: 0s - loss: 1.8069 - accuracy: 0.3635
97/98 [============================>.] - ETA: 0s - loss: 1.8064 - accuracy: 0.3633
98/98 [==============================] - 5s 48ms/step - loss: 1.8059 - accuracy: 0.3633 - val_loss: 1.9453 - val_accuracy: 0.3917
Epoch 4/221

 1/98 [..............................] - ETA: 6s - loss: 1.7725 - accuracy: 0.3730
 3/98 [..............................] - ETA: 3s - loss: 1.7715 - accuracy: 0.3900
 5/98 [>.............................] - ETA: 3s - loss: 1.7729 - accuracy: 0.3762
 7/98 [=>............................] - ETA: 4s - loss: 1.7660 - accuracy: 0.3767
 9/98 [=>............................] - ETA: 3s - loss: 1.7669 - accuracy: 0.3813
11/98 [==>...........................] - ETA: 3s - loss: 1.7616 - accuracy: 0.3860
13/98 [==>...........................] - ETA: 3s - loss: 1.7575 - accuracy: 0.3852
15/98 [===>..........................] - ETA: 3s - loss: 1.7557 - accuracy: 0.3855
17/98 [====>.........................] - ETA: 3s - loss: 1.7535 - accuracy: 0.3855
19/98 [====>.........................] - ETA: 3s - loss: 1.7529 - accuracy: 0.3863
21/98 [=====>........................] - ETA: 3s - loss: 1.7527 - accuracy: 0.3856
23/98 [======>.......................] - ETA: 3s - loss: 1.7511 - accuracy: 0.3857
25/98 [======>.......................] - ETA: 3s - loss: 1.7512 - accuracy: 0.3852
27/98 [=======>......................] - ETA: 3s - loss: 1.7487 - accuracy: 0.3856
29/98 [=======>......................] - ETA: 3s - loss: 1.7449 - accuracy: 0.3881
31/98 [========>.....................] - ETA: 2s - loss: 1.7435 - accuracy: 0.3887
33/98 [=========>....................] - ETA: 2s - loss: 1.7443 - accuracy: 0.3881
35/98 [=========>....................] - ETA: 2s - loss: 1.7460 - accuracy: 0.3872
37/98 [==========>...................] - ETA: 2s - loss: 1.7438 - accuracy: 0.3880
39/98 [==========>...................] - ETA: 2s - loss: 1.7433 - accuracy: 0.3886
41/98 [===========>..................] - ETA: 2s - loss: 1.7417 - accuracy: 0.3887
43/98 [============>.................] - ETA: 2s - loss: 1.7397 - accuracy: 0.3889
45/98 [============>.................] - ETA: 2s - loss: 1.7386 - accuracy: 0.3881
47/98 [=============>................] - ETA: 2s - loss: 1.7372 - accuracy: 0.3888
49/98 [==============>...............] - ETA: 2s - loss: 1.7373 - accuracy: 0.3884
51/98 [==============>...............] - ETA: 2s - loss: 1.7351 - accuracy: 0.3889
53/98 [===============>..............] - ETA: 1s - loss: 1.7331 - accuracy: 0.3897
55/98 [===============>..............] - ETA: 1s - loss: 1.7337 - accuracy: 0.3894
57/98 [================>.............] - ETA: 1s - loss: 1.7342 - accuracy: 0.3889
59/98 [=================>............] - ETA: 1s - loss: 1.7343 - accuracy: 0.3894
61/98 [=================>............] - ETA: 1s - loss: 1.7334 - accuracy: 0.3896
63/98 [==================>...........] - ETA: 1s - loss: 1.7348 - accuracy: 0.3883
65/98 [==================>...........] - ETA: 1s - loss: 1.7334 - accuracy: 0.3880
67/98 [===================>..........] - ETA: 1s - loss: 1.7330 - accuracy: 0.3881
69/98 [====================>.........] - ETA: 1s - loss: 1.7316 - accuracy: 0.3890
71/98 [====================>.........] - ETA: 1s - loss: 1.7303 - accuracy: 0.3893
73/98 [=====================>........] - ETA: 1s - loss: 1.7293 - accuracy: 0.3894
75/98 [=====================>........] - ETA: 1s - loss: 1.7286 - accuracy: 0.3897
77/98 [======================>.......] - ETA: 0s - loss: 1.7283 - accuracy: 0.3904
79/98 [=======================>......] - ETA: 0s - loss: 1.7280 - accuracy: 0.3903
81/98 [=======================>......] - ETA: 0s - loss: 1.7282 - accuracy: 0.3907
83/98 [========================>.....] - ETA: 0s - loss: 1.7274 - accuracy: 0.3907
85/98 [=========================>....] - ETA: 0s - loss: 1.7262 - accuracy: 0.3913
87/98 [=========================>....] - ETA: 0s - loss: 1.7249 - accuracy: 0.3919
89/98 [==========================>...] - ETA: 0s - loss: 1.7242 - accuracy: 0.3924
91/98 [==========================>...] - ETA: 0s - loss: 1.7231 - accuracy: 0.3927
93/98 [===========================>..] - ETA: 0s - loss: 1.7215 - accuracy: 0.3936
95/98 [============================>.] - ETA: 0s - loss: 1.7194 - accuracy: 0.3946
97/98 [============================>.] - ETA: 0s - loss: 1.7189 - accuracy: 0.3944
98/98 [==============================] - 5s 52ms/step - loss: 1.7182 - accuracy: 0.3947 - val_loss: 1.7973 - val_accuracy: 0.4226
Epoch 5/221

 1/98 [..............................] - ETA: 6s - loss: 1.7352 - accuracy: 0.3809
 3/98 [..............................] - ETA: 3s - loss: 1.6836 - accuracy: 0.3997
 5/98 [>.............................] - ETA: 3s - loss: 1.6589 - accuracy: 0.4133
 7/98 [=>............................] - ETA: 4s - loss: 1.6670 - accuracy: 0.4102
 9/98 [=>............................] - ETA: 3s - loss: 1.6605 - accuracy: 0.4097
10/98 [==>...........................] - ETA: 3s - loss: 1.6661 - accuracy: 0.4064
12/98 [==>...........................] - ETA: 3s - loss: 1.6667 - accuracy: 0.4053
14/98 [===>..........................] - ETA: 3s - loss: 1.6663 - accuracy: 0.4072
16/98 [===>..........................] - ETA: 3s - loss: 1.6675 - accuracy: 0.4094
18/98 [====>.........................] - ETA: 3s - loss: 1.6645 - accuracy: 0.4098
20/98 [=====>........................] - ETA: 3s - loss: 1.6650 - accuracy: 0.4093
22/98 [=====>........................] - ETA: 3s - loss: 1.6637 - accuracy: 0.4105
24/98 [======>.......................] - ETA: 3s - loss: 1.6605 - accuracy: 0.4114
26/98 [======>.......................] - ETA: 3s - loss: 1.6618 - accuracy: 0.4115
28/98 [=======>......................] - ETA: 3s - loss: 1.6634 - accuracy: 0.4110
30/98 [========>.....................] - ETA: 2s - loss: 1.6620 - accuracy: 0.4123
32/98 [========>.....................] - ETA: 2s - loss: 1.6619 - accuracy: 0.4135
34/98 [=========>....................] - ETA: 2s - loss: 1.6663 - accuracy: 0.4123
36/98 [==========>...................] - ETA: 2s - loss: 1.6654 - accuracy: 0.4129
38/98 [==========>...................] - ETA: 2s - loss: 1.6660 - accuracy: 0.4117
40/98 [===========>..................] - ETA: 2s - loss: 1.6643 - accuracy: 0.4129
42/98 [===========>..................] - ETA: 2s - loss: 1.6644 - accuracy: 0.4121
44/98 [============>.................] - ETA: 2s - loss: 1.6621 - accuracy: 0.4131
46/98 [=============>................] - ETA: 2s - loss: 1.6600 - accuracy: 0.4140
48/98 [=============>................] - ETA: 2s - loss: 1.6614 - accuracy: 0.4133
50/98 [==============>...............] - ETA: 1s - loss: 1.6606 - accuracy: 0.4133
52/98 [==============>...............] - ETA: 1s - loss: 1.6614 - accuracy: 0.4133
54/98 [===============>..............] - ETA: 1s - loss: 1.6606 - accuracy: 0.4132
56/98 [================>.............] - ETA: 1s - loss: 1.6600 - accuracy: 0.4136
58/98 [================>.............] - ETA: 1s - loss: 1.6610 - accuracy: 0.4133
60/98 [=================>............] - ETA: 1s - loss: 1.6608 - accuracy: 0.4136
62/98 [=================>............] - ETA: 1s - loss: 1.6609 - accuracy: 0.4135
64/98 [==================>...........] - ETA: 1s - loss: 1.6604 - accuracy: 0.4138
66/98 [===================>..........] - ETA: 1s - loss: 1.6592 - accuracy: 0.4141
68/98 [===================>..........] - ETA: 1s - loss: 1.6579 - accuracy: 0.4146
70/98 [====================>.........] - ETA: 1s - loss: 1.6565 - accuracy: 0.4147
72/98 [=====================>........] - ETA: 1s - loss: 1.6551 - accuracy: 0.4155
74/98 [=====================>........] - ETA: 0s - loss: 1.6552 - accuracy: 0.4160
76/98 [======================>.......] - ETA: 0s - loss: 1.6549 - accuracy: 0.4162
78/98 [======================>.......] - ETA: 0s - loss: 1.6555 - accuracy: 0.4164
80/98 [=======================>......] - ETA: 0s - loss: 1.6553 - accuracy: 0.4165
82/98 [========================>.....] - ETA: 0s - loss: 1.6539 - accuracy: 0.4169
84/98 [========================>.....] - ETA: 0s - loss: 1.6546 - accuracy: 0.4166
86/98 [=========================>....] - ETA: 0s - loss: 1.6540 - accuracy: 0.4172
88/98 [=========================>....] - ETA: 0s - loss: 1.6533 - accuracy: 0.4175
90/98 [==========================>...] - ETA: 0s - loss: 1.6528 - accuracy: 0.4176
92/98 [===========================>..] - ETA: 0s - loss: 1.6521 - accuracy: 0.4180
94/98 [===========================>..] - ETA: 0s - loss: 1.6516 - accuracy: 0.4183
96/98 [============================>.] - ETA: 0s - loss: 1.6519 - accuracy: 0.4181
98/98 [==============================] - ETA: 0s - loss: 1.6514 - accuracy: 0.4182
98/98 [==============================] - 5s 48ms/step - loss: 1.6514 - accuracy: 0.4182 - val_loss: 1.6698 - val_accuracy: 0.4505
Epoch 6/221

 1/98 [..............................] - ETA: 4s - loss: 1.6451 - accuracy: 0.4121
 3/98 [..............................] - ETA: 4s - loss: 1.6143 - accuracy: 0.4232
 5/98 [>.............................] - ETA: 3s - loss: 1.6076 - accuracy: 0.4273
 7/98 [=>............................] - ETA: 4s - loss: 1.6136 - accuracy: 0.4233
 9/98 [=>............................] - ETA: 4s - loss: 1.6176 - accuracy: 0.4247
11/98 [==>...........................] - ETA: 3s - loss: 1.6207 - accuracy: 0.4238
13/98 [==>...........................] - ETA: 3s - loss: 1.6184 - accuracy: 0.4268
15/98 [===>..........................] - ETA: 3s - loss: 1.6200 - accuracy: 0.4247
17/98 [====>.........................] - ETA: 3s - loss: 1.6193 - accuracy: 0.4239
19/98 [====>.........................] - ETA: 3s - loss: 1.6161 - accuracy: 0.4263
21/98 [=====>........................] - ETA: 3s - loss: 1.6105 - accuracy: 0.4293
23/98 [======>.......................] - ETA: 3s - loss: 1.6115 - accuracy: 0.4284
25/98 [======>.......................] - ETA: 3s - loss: 1.6131 - accuracy: 0.4259
27/98 [=======>......................] - ETA: 3s - loss: 1.6119 - accuracy: 0.4270
29/98 [=======>......................] - ETA: 3s - loss: 1.6152 - accuracy: 0.4263
31/98 [========>.....................] - ETA: 2s - loss: 1.6142 - accuracy: 0.4262
33/98 [=========>....................] - ETA: 2s - loss: 1.6135 - accuracy: 0.4274
35/98 [=========>....................] - ETA: 2s - loss: 1.6164 - accuracy: 0.4273
37/98 [==========>...................] - ETA: 2s - loss: 1.6133 - accuracy: 0.4286
39/98 [==========>...................] - ETA: 2s - loss: 1.6116 - accuracy: 0.4293
41/98 [===========>..................] - ETA: 2s - loss: 1.6093 - accuracy: 0.4299
43/98 [============>.................] - ETA: 2s - loss: 1.6082 - accuracy: 0.4306
45/98 [============>.................] - ETA: 2s - loss: 1.6064 - accuracy: 0.4316
47/98 [=============>................] - ETA: 2s - loss: 1.6071 - accuracy: 0.4325
49/98 [==============>...............] - ETA: 2s - loss: 1.6081 - accuracy: 0.4320
51/98 [==============>...............] - ETA: 2s - loss: 1.6077 - accuracy: 0.4314
53/98 [===============>..............] - ETA: 1s - loss: 1.6070 - accuracy: 0.4314
55/98 [===============>..............] - ETA: 1s - loss: 1.6069 - accuracy: 0.4322
57/98 [================>.............] - ETA: 1s - loss: 1.6055 - accuracy: 0.4334
59/98 [=================>............] - ETA: 1s - loss: 1.6052 - accuracy: 0.4336
61/98 [=================>............] - ETA: 1s - loss: 1.6047 - accuracy: 0.4341
63/98 [==================>...........] - ETA: 1s - loss: 1.6050 - accuracy: 0.4339
65/98 [==================>...........] - ETA: 1s - loss: 1.6041 - accuracy: 0.4345
67/98 [===================>..........] - ETA: 1s - loss: 1.6028 - accuracy: 0.4355
69/98 [====================>.........] - ETA: 1s - loss: 1.6018 - accuracy: 0.4357
71/98 [====================>.........] - ETA: 1s - loss: 1.6010 - accuracy: 0.4357
73/98 [=====================>........] - ETA: 1s - loss: 1.6015 - accuracy: 0.4362
75/98 [=====================>........] - ETA: 1s - loss: 1.6012 - accuracy: 0.4362
77/98 [======================>.......] - ETA: 0s - loss: 1.6005 - accuracy: 0.4363
79/98 [=======================>......] - ETA: 0s - loss: 1.6004 - accuracy: 0.4361
81/98 [=======================>......] - ETA: 0s - loss: 1.5993 - accuracy: 0.4367
83/98 [========================>.....] - ETA: 0s - loss: 1.5996 - accuracy: 0.4365
85/98 [=========================>....] - ETA: 0s - loss: 1.5988 - accuracy: 0.4366
87/98 [=========================>....] - ETA: 0s - loss: 1.5988 - accuracy: 0.4369
89/98 [==========================>...] - ETA: 0s - loss: 1.5984 - accuracy: 0.4371
91/98 [==========================>...] - ETA: 0s - loss: 1.5985 - accuracy: 0.4367
93/98 [===========================>..] - ETA: 0s - loss: 1.5978 - accuracy: 0.4366
95/98 [============================>.] - ETA: 0s - loss: 1.5988 - accuracy: 0.4366
97/98 [============================>.] - ETA: 0s - loss: 1.5984 - accuracy: 0.4368
98/98 [==============================] - 5s 52ms/step - loss: 1.5986 - accuracy: 0.4369 - val_loss: 1.5764 - val_accuracy: 0.4675
Epoch 7/221

 1/98 [..............................] - ETA: 6s - loss: 1.5048 - accuracy: 0.4824
 3/98 [..............................] - ETA: 3s - loss: 1.5533 - accuracy: 0.4746
 5/98 [>.............................] - ETA: 4s - loss: 1.5517 - accuracy: 0.4730
 7/98 [=>............................] - ETA: 3s - loss: 1.5673 - accuracy: 0.4657
 9/98 [=>............................] - ETA: 3s - loss: 1.5600 - accuracy: 0.4679
11/98 [==>...........................] - ETA: 3s - loss: 1.5581 - accuracy: 0.4666
13/98 [==>...........................] - ETA: 3s - loss: 1.5527 - accuracy: 0.4647
15/98 [===>..........................] - ETA: 3s - loss: 1.5521 - accuracy: 0.4634
17/98 [====>.........................] - ETA: 3s - loss: 1.5553 - accuracy: 0.4620
19/98 [====>.........................] - ETA: 3s - loss: 1.5598 - accuracy: 0.4596
21/98 [=====>........................] - ETA: 3s - loss: 1.5578 - accuracy: 0.4640
23/98 [======>.......................] - ETA: 3s - loss: 1.5563 - accuracy: 0.4640
25/98 [======>.......................] - ETA: 2s - loss: 1.5560 - accuracy: 0.4627
27/98 [=======>......................] - ETA: 2s - loss: 1.5557 - accuracy: 0.4615
30/98 [========>.....................] - ETA: 2s - loss: 1.5577 - accuracy: 0.4596
32/98 [========>.....................] - ETA: 2s - loss: 1.5577 - accuracy: 0.4598
34/98 [=========>....................] - ETA: 2s - loss: 1.5554 - accuracy: 0.4600
36/98 [==========>...................] - ETA: 2s - loss: 1.5577 - accuracy: 0.4585
38/98 [==========>...................] - ETA: 2s - loss: 1.5569 - accuracy: 0.4580
40/98 [===========>..................] - ETA: 2s - loss: 1.5565 - accuracy: 0.4575
42/98 [===========>..................] - ETA: 2s - loss: 1.5541 - accuracy: 0.4576
44/98 [============>.................] - ETA: 1s - loss: 1.5532 - accuracy: 0.4577
46/98 [=============>................] - ETA: 1s - loss: 1.5539 - accuracy: 0.4574
48/98 [=============>................] - ETA: 1s - loss: 1.5548 - accuracy: 0.4567
50/98 [==============>...............] - ETA: 1s - loss: 1.5552 - accuracy: 0.4562
52/98 [==============>...............] - ETA: 1s - loss: 1.5550 - accuracy: 0.4562
54/98 [===============>..............] - ETA: 1s - loss: 1.5545 - accuracy: 0.4562
56/98 [================>.............] - ETA: 1s - loss: 1.5552 - accuracy: 0.4565
58/98 [================>.............] - ETA: 1s - loss: 1.5552 - accuracy: 0.4565
60/98 [=================>............] - ETA: 1s - loss: 1.5565 - accuracy: 0.4558
62/98 [=================>............] - ETA: 1s - loss: 1.5554 - accuracy: 0.4563
64/98 [==================>...........] - ETA: 1s - loss: 1.5547 - accuracy: 0.4562
66/98 [===================>..........] - ETA: 1s - loss: 1.5535 - accuracy: 0.4561
68/98 [===================>..........] - ETA: 1s - loss: 1.5536 - accuracy: 0.4559
70/98 [====================>.........] - ETA: 1s - loss: 1.5542 - accuracy: 0.4555
72/98 [=====================>........] - ETA: 1s - loss: 1.5543 - accuracy: 0.4551
74/98 [=====================>........] - ETA: 0s - loss: 1.5543 - accuracy: 0.4551
76/98 [======================>.......] - ETA: 0s - loss: 1.5539 - accuracy: 0.4555
78/98 [======================>.......] - ETA: 0s - loss: 1.5556 - accuracy: 0.4553
80/98 [=======================>......] - ETA: 0s - loss: 1.5548 - accuracy: 0.4554
82/98 [========================>.....] - ETA: 0s - loss: 1.5551 - accuracy: 0.4551
84/98 [========================>.....] - ETA: 0s - loss: 1.5547 - accuracy: 0.4554
86/98 [=========================>....] - ETA: 0s - loss: 1.5555 - accuracy: 0.4547
88/98 [=========================>....] - ETA: 0s - loss: 1.5541 - accuracy: 0.4552
90/98 [==========================>...] - ETA: 0s - loss: 1.5539 - accuracy: 0.4551
92/98 [===========================>..] - ETA: 0s - loss: 1.5540 - accuracy: 0.4547
94/98 [===========================>..] - ETA: 0s - loss: 1.5537 - accuracy: 0.4550
96/98 [============================>.] - ETA: 0s - loss: 1.5532 - accuracy: 0.4554
98/98 [==============================] - ETA: 0s - loss: 1.5526 - accuracy: 0.4554
98/98 [==============================] - 5s 48ms/step - loss: 1.5526 - accuracy: 0.4554 - val_loss: 1.5113 - val_accuracy: 0.4827
Epoch 8/221

 1/98 [..............................] - ETA: 4s - loss: 1.5623 - accuracy: 0.4297
 3/98 [..............................] - ETA: 4s - loss: 1.5396 - accuracy: 0.4486
 5/98 [>.............................] - ETA: 4s - loss: 1.5349 - accuracy: 0.4547
 7/98 [=>............................] - ETA: 4s - loss: 1.5398 - accuracy: 0.4579
 9/98 [=>............................] - ETA: 4s - loss: 1.5422 - accuracy: 0.4612
11/98 [==>...........................] - ETA: 3s - loss: 1.5403 - accuracy: 0.4610
12/98 [==>...........................] - ETA: 3s - loss: 1.5347 - accuracy: 0.4638
14/98 [===>..........................] - ETA: 3s - loss: 1.5332 - accuracy: 0.4638
16/98 [===>..........................] - ETA: 3s - loss: 1.5265 - accuracy: 0.4657
18/98 [====>.........................] - ETA: 3s - loss: 1.5245 - accuracy: 0.4671
20/98 [=====>........................] - ETA: 3s - loss: 1.5236 - accuracy: 0.4665
22/98 [=====>........................] - ETA: 3s - loss: 1.5217 - accuracy: 0.4671
24/98 [======>.......................] - ETA: 3s - loss: 1.5242 - accuracy: 0.4666
26/98 [======>.......................] - ETA: 3s - loss: 1.5226 - accuracy: 0.4683
28/98 [=======>......................] - ETA: 3s - loss: 1.5226 - accuracy: 0.4687
30/98 [========>.....................] - ETA: 2s - loss: 1.5247 - accuracy: 0.4681
32/98 [========>.....................] - ETA: 2s - loss: 1.5256 - accuracy: 0.4680
34/98 [=========>....................] - ETA: 2s - loss: 1.5261 - accuracy: 0.4680
36/98 [==========>...................] - ETA: 2s - loss: 1.5233 - accuracy: 0.4682
38/98 [==========>...................] - ETA: 2s - loss: 1.5223 - accuracy: 0.4678
40/98 [===========>..................] - ETA: 2s - loss: 1.5224 - accuracy: 0.4673
42/98 [===========>..................] - ETA: 2s - loss: 1.5216 - accuracy: 0.4681
44/98 [============>.................] - ETA: 2s - loss: 1.5208 - accuracy: 0.4688
46/98 [=============>................] - ETA: 2s - loss: 1.5198 - accuracy: 0.4693
48/98 [=============>................] - ETA: 2s - loss: 1.5221 - accuracy: 0.4684
50/98 [==============>...............] - ETA: 2s - loss: 1.5205 - accuracy: 0.4684
52/98 [==============>...............] - ETA: 2s - loss: 1.5192 - accuracy: 0.4687
54/98 [===============>..............] - ETA: 1s - loss: 1.5185 - accuracy: 0.4684
56/98 [================>.............] - ETA: 1s - loss: 1.5187 - accuracy: 0.4680
58/98 [================>.............] - ETA: 1s - loss: 1.5159 - accuracy: 0.4696
60/98 [=================>............] - ETA: 1s - loss: 1.5152 - accuracy: 0.4696
62/98 [=================>............] - ETA: 1s - loss: 1.5150 - accuracy: 0.4699
64/98 [==================>...........] - ETA: 1s - loss: 1.5134 - accuracy: 0.4708
66/98 [===================>..........] - ETA: 1s - loss: 1.5129 - accuracy: 0.4717
68/98 [===================>..........] - ETA: 1s - loss: 1.5147 - accuracy: 0.4711
70/98 [====================>.........] - ETA: 1s - loss: 1.5159 - accuracy: 0.4707
72/98 [=====================>........] - ETA: 1s - loss: 1.5163 - accuracy: 0.4708
74/98 [=====================>........] - ETA: 1s - loss: 1.5158 - accuracy: 0.4709
76/98 [======================>.......] - ETA: 0s - loss: 1.5162 - accuracy: 0.4707
78/98 [======================>.......] - ETA: 0s - loss: 1.5144 - accuracy: 0.4711
80/98 [=======================>......] - ETA: 0s - loss: 1.5144 - accuracy: 0.4707
82/98 [========================>.....] - ETA: 0s - loss: 1.5147 - accuracy: 0.4704
84/98 [========================>.....] - ETA: 0s - loss: 1.5139 - accuracy: 0.4703
86/98 [=========================>....] - ETA: 0s - loss: 1.5142 - accuracy: 0.4702
88/98 [=========================>....] - ETA: 0s - loss: 1.5137 - accuracy: 0.4703
90/98 [==========================>...] - ETA: 0s - loss: 1.5140 - accuracy: 0.4702
92/98 [===========================>..] - ETA: 0s - loss: 1.5126 - accuracy: 0.4708
94/98 [===========================>..] - ETA: 0s - loss: 1.5129 - accuracy: 0.4705
96/98 [============================>.] - ETA: 0s - loss: 1.5124 - accuracy: 0.4706
98/98 [==============================] - ETA: 0s - loss: 1.5118 - accuracy: 0.4710
98/98 [==============================] - 5s 52ms/step - loss: 1.5118 - accuracy: 0.4710 - val_loss: 1.4645 - val_accuracy: 0.4950
Epoch 9/221

 1/98 [..............................] - ETA: 4s - loss: 1.4806 - accuracy: 0.4844
 3/98 [..............................] - ETA: 3s - loss: 1.5023 - accuracy: 0.4733
 5/98 [>.............................] - ETA: 3s - loss: 1.4987 - accuracy: 0.4645
 7/98 [=>............................] - ETA: 3s - loss: 1.5043 - accuracy: 0.4676
 9/98 [=>............................] - ETA: 2s - loss: 1.5093 - accuracy: 0.4707
11/98 [==>...........................] - ETA: 3s - loss: 1.5067 - accuracy: 0.4746
13/98 [==>...........................] - ETA: 2s - loss: 1.4996 - accuracy: 0.4785
15/98 [===>..........................] - ETA: 2s - loss: 1.4976 - accuracy: 0.4792
17/98 [====>.........................] - ETA: 2s - loss: 1.5007 - accuracy: 0.4752
19/98 [====>.........................] - ETA: 2s - loss: 1.4961 - accuracy: 0.4772
21/98 [=====>........................] - ETA: 2s - loss: 1.4943 - accuracy: 0.4767
23/98 [======>.......................] - ETA: 2s - loss: 1.4914 - accuracy: 0.4772
25/98 [======>.......................] - ETA: 2s - loss: 1.4902 - accuracy: 0.4773
27/98 [=======>......................] - ETA: 2s - loss: 1.4941 - accuracy: 0.4760
29/98 [=======>......................] - ETA: 2s - loss: 1.4932 - accuracy: 0.4764
31/98 [========>.....................] - ETA: 2s - loss: 1.4894 - accuracy: 0.4783
33/98 [=========>....................] - ETA: 2s - loss: 1.4902 - accuracy: 0.4782
35/98 [=========>....................] - ETA: 2s - loss: 1.4891 - accuracy: 0.4780
37/98 [==========>...................] - ETA: 2s - loss: 1.4881 - accuracy: 0.4788
39/98 [==========>...................] - ETA: 2s - loss: 1.4874 - accuracy: 0.4792
41/98 [===========>..................] - ETA: 2s - loss: 1.4901 - accuracy: 0.4785
43/98 [============>.................] - ETA: 2s - loss: 1.4897 - accuracy: 0.4785
45/98 [============>.................] - ETA: 2s - loss: 1.4885 - accuracy: 0.4794
47/98 [=============>................] - ETA: 1s - loss: 1.4876 - accuracy: 0.4791
49/98 [==============>...............] - ETA: 1s - loss: 1.4852 - accuracy: 0.4798
51/98 [==============>...............] - ETA: 1s - loss: 1.4858 - accuracy: 0.4795
53/98 [===============>..............] - ETA: 1s - loss: 1.4846 - accuracy: 0.4798
55/98 [===============>..............] - ETA: 1s - loss: 1.4831 - accuracy: 0.4804
57/98 [================>.............] - ETA: 1s - loss: 1.4832 - accuracy: 0.4805
59/98 [=================>............] - ETA: 1s - loss: 1.4828 - accuracy: 0.4800
61/98 [=================>............] - ETA: 1s - loss: 1.4838 - accuracy: 0.4797
63/98 [==================>...........] - ETA: 1s - loss: 1.4830 - accuracy: 0.4798
65/98 [==================>...........] - ETA: 1s - loss: 1.4829 - accuracy: 0.4796
67/98 [===================>..........] - ETA: 1s - loss: 1.4808 - accuracy: 0.4804
69/98 [====================>.........] - ETA: 1s - loss: 1.4796 - accuracy: 0.4807
71/98 [====================>.........] - ETA: 1s - loss: 1.4789 - accuracy: 0.4804
73/98 [=====================>........] - ETA: 1s - loss: 1.4793 - accuracy: 0.4800
75/98 [=====================>........] - ETA: 0s - loss: 1.4788 - accuracy: 0.4801
77/98 [======================>.......] - ETA: 0s - loss: 1.4791 - accuracy: 0.4800
79/98 [=======================>......] - ETA: 0s - loss: 1.4800 - accuracy: 0.4801
