2024-06-26 16:13:22.067291: I tensorflow/core/platform/cpu_feature_guard.cc:193] This TensorFlow binary is optimized with oneAPI Deep Neural Network Library (oneDNN) to use the following CPU instructions in performance-critical operations:  AVX AVX2
To enable them in other operations, rebuild TensorFlow with the appropriate compiler flags.
2024-06-26 16:13:22.685266: I tensorflow/core/common_runtime/gpu/gpu_device.cc:1616] Created device /job:localhost/replica:0/task:0/device:GPU:0 with 6656 MB memory:  -> device: 0, name: NVIDIA GeForce RTX 4060 Ti, pci bus id: 0000:01:00.0, compute capability: 8.9
1 Physical GPUs, 1 Logical GPUs
Model: "sequential"
_________________________________________________________________
 Layer (type)                Output Shape              Param #   
=================================================================
 conv2d (Conv2D)             (None, 32, 32, 32)        896       
                                                                 
 max_pooling2d (MaxPooling2D  (None, 16, 16, 32)       0         
 )                                                               
                                                                 
 batch_normalization (BatchN  (None, 16, 16, 32)       128       
 ormalization)                                                   
                                                                 
 dropout (Dropout)           (None, 16, 16, 32)        0         
                                                                 
 flatten (Flatten)           (None, 8192)              0         
                                                                 
 dense (Dense)               (None, 10)                81930     
                                                                 
=================================================================
Total params: 82,954
Trainable params: 82,890
Non-trainable params: 64
_________________________________________________________________
Taxa de aprendizado:  0.0001 Num de épocas:  59 Tamanho do lote:  512 Dropout:  0.07236
Epoch 1/59
2024-06-26 16:13:24.043122: I tensorflow/stream_executor/cuda/cuda_dnn.cc:384] Loaded cuDNN version 8100
2024-06-26 16:13:24.884582: W tensorflow/stream_executor/gpu/redzone_allocator.cc:314] INTERNAL: ptxas exited with non-zero error code -1, output: 
Relying on driver to perform ptx compilation. 
Modify $PATH to customize ptxas location.
This message will be only logged once.
2024-06-26 16:13:25.683030: I tensorflow/stream_executor/cuda/cuda_blas.cc:1614] TensorFloat-32 will be used for the matrix multiplication. This will only be logged once.

 1/98 [..............................] - ETA: 4:42 - loss: 2.6943 - accuracy: 0.1074
 5/98 [>.............................] - ETA: 2s - loss: 2.5707 - accuracy: 0.1263  
11/98 [==>...........................] - ETA: 1s - loss: 2.4403 - accuracy: 0.1556
14/98 [===>..........................] - ETA: 1s - loss: 2.3873 - accuracy: 0.1680
18/98 [====>.........................] - ETA: 1s - loss: 2.3316 - accuracy: 0.1829
22/98 [=====>........................] - ETA: 1s - loss: 2.2892 - accuracy: 0.1932
26/98 [======>.......................] - ETA: 1s - loss: 2.2504 - accuracy: 0.2084
30/98 [========>.....................] - ETA: 1s - loss: 2.2178 - accuracy: 0.2184
35/98 [=========>....................] - ETA: 0s - loss: 2.1872 - accuracy: 0.2290
40/98 [===========>..................] - ETA: 0s - loss: 2.1611 - accuracy: 0.2368
45/98 [============>.................] - ETA: 0s - loss: 2.1333 - accuracy: 0.2461
50/98 [==============>...............] - ETA: 0s - loss: 2.1091 - accuracy: 0.2543
56/98 [================>.............] - ETA: 0s - loss: 2.0831 - accuracy: 0.2636
61/98 [=================>............] - ETA: 0s - loss: 2.0626 - accuracy: 0.2709
67/98 [===================>..........] - ETA: 0s - loss: 2.0390 - accuracy: 0.2788
73/98 [=====================>........] - ETA: 0s - loss: 2.0190 - accuracy: 0.2869
78/98 [======================>.......] - ETA: 0s - loss: 2.0036 - accuracy: 0.2916
84/98 [========================>.....] - ETA: 0s - loss: 1.9872 - accuracy: 0.2981
89/98 [==========================>...] - ETA: 0s - loss: 1.9734 - accuracy: 0.3030
94/98 [===========================>..] - ETA: 0s - loss: 1.9586 - accuracy: 0.3083
98/98 [==============================] - 5s 21ms/step - loss: 1.9492 - accuracy: 0.3116 - val_loss: 2.1119 - val_accuracy: 0.3090
Epoch 2/59

 1/98 [..............................] - ETA: 3s - loss: 1.6570 - accuracy: 0.4121
 6/98 [>.............................] - ETA: 1s - loss: 1.6760 - accuracy: 0.3968
11/98 [==>...........................] - ETA: 1s - loss: 1.6715 - accuracy: 0.4032
17/98 [====>.........................] - ETA: 0s - loss: 1.6567 - accuracy: 0.4106
22/98 [=====>........................] - ETA: 0s - loss: 1.6554 - accuracy: 0.4126
27/98 [=======>......................] - ETA: 0s - loss: 1.6490 - accuracy: 0.4173
32/98 [========>.....................] - ETA: 0s - loss: 1.6477 - accuracy: 0.4197
38/98 [==========>...................] - ETA: 0s - loss: 1.6362 - accuracy: 0.4228
43/98 [============>.................] - ETA: 0s - loss: 1.6289 - accuracy: 0.4245
49/98 [==============>...............] - ETA: 0s - loss: 1.6192 - accuracy: 0.4278
55/98 [===============>..............] - ETA: 0s - loss: 1.6160 - accuracy: 0.4289
59/98 [=================>............] - ETA: 0s - loss: 1.6138 - accuracy: 0.4295
64/98 [==================>...........] - ETA: 0s - loss: 1.6069 - accuracy: 0.4315
70/98 [====================>.........] - ETA: 0s - loss: 1.6008 - accuracy: 0.4348
75/98 [=====================>........] - ETA: 0s - loss: 1.5939 - accuracy: 0.4379
80/98 [=======================>......] - ETA: 0s - loss: 1.5887 - accuracy: 0.4402
85/98 [=========================>....] - ETA: 0s - loss: 1.5848 - accuracy: 0.4423
90/98 [==========================>...] - ETA: 0s - loss: 1.5777 - accuracy: 0.4448
95/98 [============================>.] - ETA: 0s - loss: 1.5739 - accuracy: 0.4459
98/98 [==============================] - 2s 17ms/step - loss: 1.5726 - accuracy: 0.4468 - val_loss: 1.9639 - val_accuracy: 0.4051
Epoch 3/59

 1/98 [..............................] - ETA: 1s - loss: 1.4354 - accuracy: 0.5098
 6/98 [>.............................] - ETA: 1s - loss: 1.4371 - accuracy: 0.5010
10/98 [==>...........................] - ETA: 1s - loss: 1.4543 - accuracy: 0.4949
15/98 [===>..........................] - ETA: 1s - loss: 1.4534 - accuracy: 0.4928
20/98 [=====>........................] - ETA: 0s - loss: 1.4615 - accuracy: 0.4877
26/98 [======>.......................] - ETA: 0s - loss: 1.4566 - accuracy: 0.4903
31/98 [========>.....................] - ETA: 0s - loss: 1.4531 - accuracy: 0.4914
36/98 [==========>...................] - ETA: 0s - loss: 1.4522 - accuracy: 0.4910
42/98 [===========>..................] - ETA: 0s - loss: 1.4502 - accuracy: 0.4921
48/98 [=============>................] - ETA: 0s - loss: 1.4485 - accuracy: 0.4924
53/98 [===============>..............] - ETA: 0s - loss: 1.4446 - accuracy: 0.4944
59/98 [=================>............] - ETA: 0s - loss: 1.4420 - accuracy: 0.4943
64/98 [==================>...........] - ETA: 0s - loss: 1.4395 - accuracy: 0.4956
69/98 [====================>.........] - ETA: 0s - loss: 1.4373 - accuracy: 0.4960
74/98 [=====================>........] - ETA: 0s - loss: 1.4380 - accuracy: 0.4956
80/98 [=======================>......] - ETA: 0s - loss: 1.4338 - accuracy: 0.4976
84/98 [========================>.....] - ETA: 0s - loss: 1.4335 - accuracy: 0.4977
89/98 [==========================>...] - ETA: 0s - loss: 1.4310 - accuracy: 0.4993
94/98 [===========================>..] - ETA: 0s - loss: 1.4292 - accuracy: 0.4991
98/98 [==============================] - 2s 17ms/step - loss: 1.4262 - accuracy: 0.5009 - val_loss: 1.7935 - val_accuracy: 0.4495
Epoch 4/59

 1/98 [..............................] - ETA: 2s - loss: 1.3594 - accuracy: 0.5215
 6/98 [>.............................] - ETA: 1s - loss: 1.3413 - accuracy: 0.5352
12/98 [==>...........................] - ETA: 0s - loss: 1.3612 - accuracy: 0.5270
18/98 [====>.........................] - ETA: 0s - loss: 1.3678 - accuracy: 0.5278
23/98 [======>.......................] - ETA: 0s - loss: 1.3586 - accuracy: 0.5279
28/98 [=======>......................] - ETA: 0s - loss: 1.3530 - accuracy: 0.5270
34/98 [=========>....................] - ETA: 0s - loss: 1.3498 - accuracy: 0.5279
40/98 [===========>..................] - ETA: 0s - loss: 1.3434 - accuracy: 0.5301
46/98 [=============>................] - ETA: 0s - loss: 1.3407 - accuracy: 0.5310
52/98 [==============>...............] - ETA: 0s - loss: 1.3438 - accuracy: 0.5298
58/98 [================>.............] - ETA: 0s - loss: 1.3423 - accuracy: 0.5305
64/98 [==================>...........] - ETA: 0s - loss: 1.3394 - accuracy: 0.5327
70/98 [====================>.........] - ETA: 0s - loss: 1.3372 - accuracy: 0.5341
75/98 [=====================>........] - ETA: 0s - loss: 1.3346 - accuracy: 0.5356
81/98 [=======================>......] - ETA: 0s - loss: 1.3344 - accuracy: 0.5346
86/98 [=========================>....] - ETA: 0s - loss: 1.3342 - accuracy: 0.5350
91/98 [==========================>...] - ETA: 0s - loss: 1.3324 - accuracy: 0.5363
97/98 [============================>.] - ETA: 0s - loss: 1.3315 - accuracy: 0.5368
98/98 [==============================] - 2s 16ms/step - loss: 1.3318 - accuracy: 0.5369 - val_loss: 1.6051 - val_accuracy: 0.4855
Epoch 5/59

 1/98 [..............................] - ETA: 1s - loss: 1.3541 - accuracy: 0.5098
 6/98 [>.............................] - ETA: 1s - loss: 1.2992 - accuracy: 0.5420
11/98 [==>...........................] - ETA: 1s - loss: 1.2841 - accuracy: 0.5481
17/98 [====>.........................] - ETA: 0s - loss: 1.2906 - accuracy: 0.5458
21/98 [=====>........................] - ETA: 0s - loss: 1.2891 - accuracy: 0.5479
26/98 [======>.......................] - ETA: 0s - loss: 1.2892 - accuracy: 0.5487
32/98 [========>.....................] - ETA: 0s - loss: 1.2877 - accuracy: 0.5504
37/98 [==========>...................] - ETA: 0s - loss: 1.2831 - accuracy: 0.5527
41/98 [===========>..................] - ETA: 0s - loss: 1.2797 - accuracy: 0.5537
47/98 [=============>................] - ETA: 0s - loss: 1.2778 - accuracy: 0.5540
52/98 [==============>...............] - ETA: 0s - loss: 1.2764 - accuracy: 0.5557
57/98 [================>.............] - ETA: 0s - loss: 1.2712 - accuracy: 0.5572
63/98 [==================>...........] - ETA: 0s - loss: 1.2715 - accuracy: 0.5575
68/98 [===================>..........] - ETA: 0s - loss: 1.2718 - accuracy: 0.5580
73/98 [=====================>........] - ETA: 0s - loss: 1.2723 - accuracy: 0.5576
77/98 [======================>.......] - ETA: 0s - loss: 1.2722 - accuracy: 0.5581
82/98 [========================>.....] - ETA: 0s - loss: 1.2712 - accuracy: 0.5586
88/98 [=========================>....] - ETA: 0s - loss: 1.2709 - accuracy: 0.5586
92/98 [===========================>..] - ETA: 0s - loss: 1.2687 - accuracy: 0.5597
97/98 [============================>.] - ETA: 0s - loss: 1.2679 - accuracy: 0.5600
98/98 [==============================] - 2s 17ms/step - loss: 1.2683 - accuracy: 0.5598 - val_loss: 1.4422 - val_accuracy: 0.5249
Epoch 6/59

 1/98 [..............................] - ETA: 1s - loss: 1.1888 - accuracy: 0.5762
 6/98 [>.............................] - ETA: 1s - loss: 1.2452 - accuracy: 0.5563
11/98 [==>...........................] - ETA: 1s - loss: 1.2321 - accuracy: 0.5637
17/98 [====>.........................] - ETA: 0s - loss: 1.2294 - accuracy: 0.5659
22/98 [=====>........................] - ETA: 0s - loss: 1.2223 - accuracy: 0.5724
28/98 [=======>......................] - ETA: 0s - loss: 1.2201 - accuracy: 0.5750
34/98 [=========>....................] - ETA: 0s - loss: 1.2223 - accuracy: 0.5729
40/98 [===========>..................] - ETA: 0s - loss: 1.2164 - accuracy: 0.5762
44/98 [============>.................] - ETA: 0s - loss: 1.2161 - accuracy: 0.5768
49/98 [==============>...............] - ETA: 0s - loss: 1.2160 - accuracy: 0.5767
55/98 [===============>..............] - ETA: 0s - loss: 1.2155 - accuracy: 0.5777
61/98 [=================>............] - ETA: 0s - loss: 1.2162 - accuracy: 0.5780
67/98 [===================>..........] - ETA: 0s - loss: 1.2166 - accuracy: 0.5768
73/98 [=====================>........] - ETA: 0s - loss: 1.2160 - accuracy: 0.5768
78/98 [======================>.......] - ETA: 0s - loss: 1.2159 - accuracy: 0.5772
83/98 [========================>.....] - ETA: 0s - loss: 1.2145 - accuracy: 0.5776
89/98 [==========================>...] - ETA: 0s - loss: 1.2147 - accuracy: 0.5784
94/98 [===========================>..] - ETA: 0s - loss: 1.2142 - accuracy: 0.5781
98/98 [==============================] - 2s 17ms/step - loss: 1.2153 - accuracy: 0.5774 - val_loss: 1.3105 - val_accuracy: 0.5591
Epoch 7/59

 1/98 [..............................] - ETA: 2s - loss: 1.1613 - accuracy: 0.6055
 6/98 [>.............................] - ETA: 1s - loss: 1.1880 - accuracy: 0.5889
11/98 [==>...........................] - ETA: 0s - loss: 1.1679 - accuracy: 0.5932
17/98 [====>.........................] - ETA: 0s - loss: 1.1709 - accuracy: 0.5944
23/98 [======>.......................] - ETA: 0s - loss: 1.1775 - accuracy: 0.5927
27/98 [=======>......................] - ETA: 0s - loss: 1.1758 - accuracy: 0.5927
32/98 [========>.....................] - ETA: 0s - loss: 1.1769 - accuracy: 0.5924
37/98 [==========>...................] - ETA: 0s - loss: 1.1771 - accuracy: 0.5917
41/98 [===========>..................] - ETA: 0s - loss: 1.1780 - accuracy: 0.5902
47/98 [=============>................] - ETA: 0s - loss: 1.1768 - accuracy: 0.5905
52/98 [==============>...............] - ETA: 0s - loss: 1.1774 - accuracy: 0.5900
56/98 [================>.............] - ETA: 0s - loss: 1.1786 - accuracy: 0.5905
60/98 [=================>............] - ETA: 0s - loss: 1.1785 - accuracy: 0.5901
66/98 [===================>..........] - ETA: 0s - loss: 1.1740 - accuracy: 0.5928
72/98 [=====================>........] - ETA: 0s - loss: 1.1760 - accuracy: 0.5914
77/98 [======================>.......] - ETA: 0s - loss: 1.1756 - accuracy: 0.5913
83/98 [========================>.....] - ETA: 0s - loss: 1.1755 - accuracy: 0.5913
89/98 [==========================>...] - ETA: 0s - loss: 1.1763 - accuracy: 0.5914
95/98 [============================>.] - ETA: 0s - loss: 1.1761 - accuracy: 0.5910
98/98 [==============================] - 2s 17ms/step - loss: 1.1763 - accuracy: 0.5911 - val_loss: 1.2385 - val_accuracy: 0.5743
Epoch 8/59

 1/98 [..............................] - ETA: 2s - loss: 1.1930 - accuracy: 0.5898
 6/98 [>.............................] - ETA: 1s - loss: 1.1508 - accuracy: 0.6045
11/98 [==>...........................] - ETA: 1s - loss: 1.1582 - accuracy: 0.5986
16/98 [===>..........................] - ETA: 0s - loss: 1.1538 - accuracy: 0.6018
21/98 [=====>........................] - ETA: 0s - loss: 1.1527 - accuracy: 0.6014
26/98 [======>.......................] - ETA: 0s - loss: 1.1543 - accuracy: 0.6022
31/98 [========>.....................] - ETA: 0s - loss: 1.1532 - accuracy: 0.6013
36/98 [==========>...................] - ETA: 0s - loss: 1.1522 - accuracy: 0.6020
41/98 [===========>..................] - ETA: 0s - loss: 1.1524 - accuracy: 0.6024
46/98 [=============>................] - ETA: 0s - loss: 1.1511 - accuracy: 0.6020
52/98 [==============>...............] - ETA: 0s - loss: 1.1524 - accuracy: 0.6027
57/98 [================>.............] - ETA: 0s - loss: 1.1483 - accuracy: 0.6037
63/98 [==================>...........] - ETA: 0s - loss: 1.1472 - accuracy: 0.6042
69/98 [====================>.........] - ETA: 0s - loss: 1.1433 - accuracy: 0.6043
75/98 [=====================>........] - ETA: 0s - loss: 1.1437 - accuracy: 0.6040
79/98 [=======================>......] - ETA: 0s - loss: 1.1438 - accuracy: 0.6044
84/98 [========================>.....] - ETA: 0s - loss: 1.1435 - accuracy: 0.6044
89/98 [==========================>...] - ETA: 0s - loss: 1.1419 - accuracy: 0.6051
95/98 [============================>.] - ETA: 0s - loss: 1.1419 - accuracy: 0.6049
98/98 [==============================] - 2s 16ms/step - loss: 1.1429 - accuracy: 0.6048 - val_loss: 1.1839 - val_accuracy: 0.5860
Epoch 9/59

 1/98 [..............................] - ETA: 3s - loss: 1.1398 - accuracy: 0.6035
 6/98 [>.............................] - ETA: 1s - loss: 1.1059 - accuracy: 0.6156
10/98 [==>...........................] - ETA: 1s - loss: 1.1005 - accuracy: 0.6178
15/98 [===>..........................] - ETA: 1s - loss: 1.1002 - accuracy: 0.6193
21/98 [=====>........................] - ETA: 0s - loss: 1.1105 - accuracy: 0.6134
27/98 [=======>......................] - ETA: 0s - loss: 1.1130 - accuracy: 0.6130
33/98 [=========>....................] - ETA: 0s - loss: 1.1060 - accuracy: 0.6140
39/98 [==========>...................] - ETA: 0s - loss: 1.1125 - accuracy: 0.6119
45/98 [============>.................] - ETA: 0s - loss: 1.1125 - accuracy: 0.6135
50/98 [==============>...............] - ETA: 0s - loss: 1.1150 - accuracy: 0.6123
56/98 [================>.............] - ETA: 0s - loss: 1.1157 - accuracy: 0.6126
62/98 [=================>............] - ETA: 0s - loss: 1.1149 - accuracy: 0.6141
68/98 [===================>..........] - ETA: 0s - loss: 1.1133 - accuracy: 0.6145
74/98 [=====================>........] - ETA: 0s - loss: 1.1108 - accuracy: 0.6154
80/98 [=======================>......] - ETA: 0s - loss: 1.1131 - accuracy: 0.6147
86/98 [=========================>....] - ETA: 0s - loss: 1.1147 - accuracy: 0.6139
91/98 [==========================>...] - ETA: 0s - loss: 1.1154 - accuracy: 0.6142
96/98 [============================>.] - ETA: 0s - loss: 1.1142 - accuracy: 0.6146
98/98 [==============================] - 2s 16ms/step - loss: 1.1139 - accuracy: 0.6147 - val_loss: 1.1774 - val_accuracy: 0.5903
Epoch 10/59

 1/98 [..............................] - ETA: 3s - loss: 1.0909 - accuracy: 0.6055
 5/98 [>.............................] - ETA: 1s - loss: 1.1104 - accuracy: 0.6152
11/98 [==>...........................] - ETA: 0s - loss: 1.0987 - accuracy: 0.6181
16/98 [===>..........................] - ETA: 0s - loss: 1.0967 - accuracy: 0.6180
21/98 [=====>........................] - ETA: 0s - loss: 1.0942 - accuracy: 0.6216
27/98 [=======>......................] - ETA: 0s - loss: 1.0979 - accuracy: 0.6209
34/98 [=========>....................] - ETA: 0s - loss: 1.0977 - accuracy: 0.6208
38/98 [==========>...................] - ETA: 0s - loss: 1.1030 - accuracy: 0.6178
44/98 [============>.................] - ETA: 0s - loss: 1.1025 - accuracy: 0.6186
50/98 [==============>...............] - ETA: 0s - loss: 1.1004 - accuracy: 0.6188
57/98 [================>.............] - ETA: 0s - loss: 1.0987 - accuracy: 0.6194
61/98 [=================>............] - ETA: 0s - loss: 1.0991 - accuracy: 0.6197
66/98 [===================>..........] - ETA: 0s - loss: 1.0974 - accuracy: 0.6199
70/98 [====================>.........] - ETA: 0s - loss: 1.0988 - accuracy: 0.6200
76/98 [======================>.......] - ETA: 0s - loss: 1.0970 - accuracy: 0.6208
81/98 [=======================>......] - ETA: 0s - loss: 1.0935 - accuracy: 0.6230
86/98 [=========================>....] - ETA: 0s - loss: 1.0933 - accuracy: 0.6228
92/98 [===========================>..] - ETA: 0s - loss: 1.0905 - accuracy: 0.6236
97/98 [============================>.] - ETA: 0s - loss: 1.0886 - accuracy: 0.6246
98/98 [==============================] - 2s 16ms/step - loss: 1.0892 - accuracy: 0.6243 - val_loss: 1.1446 - val_accuracy: 0.6017
Epoch 11/59

 1/98 [..............................] - ETA: 3s - loss: 1.0212 - accuracy: 0.6367
 6/98 [>.............................] - ETA: 1s - loss: 1.0463 - accuracy: 0.6374
12/98 [==>...........................] - ETA: 0s - loss: 1.0711 - accuracy: 0.6307
16/98 [===>..........................] - ETA: 0s - loss: 1.0693 - accuracy: 0.6312
21/98 [=====>........................] - ETA: 0s - loss: 1.0637 - accuracy: 0.6346
28/98 [=======>......................] - ETA: 0s - loss: 1.0600 - accuracy: 0.6355
33/98 [=========>....................] - ETA: 0s - loss: 1.0677 - accuracy: 0.6348
38/98 [==========>...................] - ETA: 0s - loss: 1.0678 - accuracy: 0.6337
43/98 [============>.................] - ETA: 0s - loss: 1.0669 - accuracy: 0.6329
49/98 [==============>...............] - ETA: 0s - loss: 1.0665 - accuracy: 0.6333
54/98 [===============>..............] - ETA: 0s - loss: 1.0666 - accuracy: 0.6325
59/98 [=================>............] - ETA: 0s - loss: 1.0652 - accuracy: 0.6325
66/98 [===================>..........] - ETA: 0s - loss: 1.0628 - accuracy: 0.6334
72/98 [=====================>........] - ETA: 0s - loss: 1.0655 - accuracy: 0.6325
78/98 [======================>.......] - ETA: 0s - loss: 1.0656 - accuracy: 0.6325
83/98 [========================>.....] - ETA: 0s - loss: 1.0671 - accuracy: 0.6317
88/98 [=========================>....] - ETA: 0s - loss: 1.0682 - accuracy: 0.6312
94/98 [===========================>..] - ETA: 0s - loss: 1.0689 - accuracy: 0.6317
98/98 [==============================] - 2s 16ms/step - loss: 1.0687 - accuracy: 0.6317 - val_loss: 1.1352 - val_accuracy: 0.6026
Epoch 12/59

 1/98 [..............................] - ETA: 2s - loss: 1.1053 - accuracy: 0.6191
 6/98 [>.............................] - ETA: 1s - loss: 1.0595 - accuracy: 0.6298
11/98 [==>...........................] - ETA: 0s - loss: 1.0690 - accuracy: 0.6270
16/98 [===>..........................] - ETA: 0s - loss: 1.0568 - accuracy: 0.6331
21/98 [=====>........................] - ETA: 0s - loss: 1.0395 - accuracy: 0.6420
27/98 [=======>......................] - ETA: 0s - loss: 1.0416 - accuracy: 0.6409
32/98 [========>.....................] - ETA: 0s - loss: 1.0397 - accuracy: 0.6417
38/98 [==========>...................] - ETA: 0s - loss: 1.0442 - accuracy: 0.6409
43/98 [============>.................] - ETA: 0s - loss: 1.0456 - accuracy: 0.6397
49/98 [==============>...............] - ETA: 0s - loss: 1.0457 - accuracy: 0.6397
54/98 [===============>..............] - ETA: 0s - loss: 1.0456 - accuracy: 0.6390
59/98 [=================>............] - ETA: 0s - loss: 1.0446 - accuracy: 0.6399
65/98 [==================>...........] - ETA: 0s - loss: 1.0466 - accuracy: 0.6387
69/98 [====================>.........] - ETA: 0s - loss: 1.0486 - accuracy: 0.6379
74/98 [=====================>........] - ETA: 0s - loss: 1.0481 - accuracy: 0.6376
79/98 [=======================>......] - ETA: 0s - loss: 1.0496 - accuracy: 0.6376
84/98 [========================>.....] - ETA: 0s - loss: 1.0482 - accuracy: 0.6382
89/98 [==========================>...] - ETA: 0s - loss: 1.0488 - accuracy: 0.6379
94/98 [===========================>..] - ETA: 0s - loss: 1.0492 - accuracy: 0.6382
98/98 [==============================] - 2s 17ms/step - loss: 1.0488 - accuracy: 0.6383 - val_loss: 1.1196 - val_accuracy: 0.6123
Epoch 13/59

 1/98 [..............................] - ETA: 1s - loss: 0.9555 - accuracy: 0.6914
 5/98 [>.............................] - ETA: 1s - loss: 1.0308 - accuracy: 0.6457
 9/98 [=>............................] - ETA: 1s - loss: 1.0333 - accuracy: 0.6408
13/98 [==>...........................] - ETA: 1s - loss: 1.0266 - accuracy: 0.6463
19/98 [====>.........................] - ETA: 0s - loss: 1.0227 - accuracy: 0.6501
25/98 [======>.......................] - ETA: 0s - loss: 1.0280 - accuracy: 0.6486
31/98 [========>.....................] - ETA: 0s - loss: 1.0274 - accuracy: 0.6471
37/98 [==========>...................] - ETA: 0s - loss: 1.0272 - accuracy: 0.6463
43/98 [============>.................] - ETA: 0s - loss: 1.0280 - accuracy: 0.6460
49/98 [==============>...............] - ETA: 0s - loss: 1.0279 - accuracy: 0.6452
55/98 [===============>..............] - ETA: 0s - loss: 1.0299 - accuracy: 0.6454
61/98 [=================>............] - ETA: 0s - loss: 1.0317 - accuracy: 0.6446
66/98 [===================>..........] - ETA: 0s - loss: 1.0292 - accuracy: 0.6454
73/98 [=====================>........] - ETA: 0s - loss: 1.0301 - accuracy: 0.6459
79/98 [=======================>......] - ETA: 0s - loss: 1.0290 - accuracy: 0.6459
84/98 [========================>.....] - ETA: 0s - loss: 1.0298 - accuracy: 0.6459
90/98 [==========================>...] - ETA: 0s - loss: 1.0299 - accuracy: 0.6450
95/98 [============================>.] - ETA: 0s - loss: 1.0323 - accuracy: 0.6444
98/98 [==============================] - 2s 16ms/step - loss: 1.0318 - accuracy: 0.6445 - val_loss: 1.1145 - val_accuracy: 0.6106
Epoch 14/59

 1/98 [..............................] - ETA: 2s - loss: 1.0456 - accuracy: 0.6367
 6/98 [>.............................] - ETA: 1s - loss: 1.0242 - accuracy: 0.6546
11/98 [==>...........................] - ETA: 1s - loss: 1.0234 - accuracy: 0.6477
16/98 [===>..........................] - ETA: 0s - loss: 1.0248 - accuracy: 0.6476
21/98 [=====>........................] - ETA: 0s - loss: 1.0174 - accuracy: 0.6508
26/98 [======>.......................] - ETA: 0s - loss: 1.0157 - accuracy: 0.6513
31/98 [========>.....................] - ETA: 0s - loss: 1.0102 - accuracy: 0.6514
36/98 [==========>...................] - ETA: 0s - loss: 1.0101 - accuracy: 0.6513
42/98 [===========>..................] - ETA: 0s - loss: 1.0105 - accuracy: 0.6523
47/98 [=============>................] - ETA: 0s - loss: 1.0106 - accuracy: 0.6525
52/98 [==============>...............] - ETA: 0s - loss: 1.0105 - accuracy: 0.6522
58/98 [================>.............] - ETA: 0s - loss: 1.0116 - accuracy: 0.6503
64/98 [==================>...........] - ETA: 0s - loss: 1.0103 - accuracy: 0.6509
69/98 [====================>.........] - ETA: 0s - loss: 1.0133 - accuracy: 0.6502
74/98 [=====================>........] - ETA: 0s - loss: 1.0124 - accuracy: 0.6502
80/98 [=======================>......] - ETA: 0s - loss: 1.0133 - accuracy: 0.6495
85/98 [=========================>....] - ETA: 0s - loss: 1.0133 - accuracy: 0.6498
90/98 [==========================>...] - ETA: 0s - loss: 1.0147 - accuracy: 0.6494
95/98 [============================>.] - ETA: 0s - loss: 1.0144 - accuracy: 0.6495
98/98 [==============================] - 2s 17ms/step - loss: 1.0141 - accuracy: 0.6498 - val_loss: 1.1031 - val_accuracy: 0.6152
Epoch 15/59

 1/98 [..............................] - ETA: 3s - loss: 0.9779 - accuracy: 0.6250
 6/98 [>.............................] - ETA: 0s - loss: 0.9890 - accuracy: 0.6520
12/98 [==>...........................] - ETA: 0s - loss: 0.9921 - accuracy: 0.6519
18/98 [====>.........................] - ETA: 0s - loss: 0.9924 - accuracy: 0.6512
23/98 [======>.......................] - ETA: 0s - loss: 0.9912 - accuracy: 0.6529
29/98 [=======>......................] - ETA: 0s - loss: 0.9893 - accuracy: 0.6538
34/98 [=========>....................] - ETA: 0s - loss: 0.9958 - accuracy: 0.6528
40/98 [===========>..................] - ETA: 0s - loss: 0.9947 - accuracy: 0.6539
46/98 [=============>................] - ETA: 0s - loss: 0.9957 - accuracy: 0.6539
52/98 [==============>...............] - ETA: 0s - loss: 0.9962 - accuracy: 0.6527
57/98 [================>.............] - ETA: 0s - loss: 0.9974 - accuracy: 0.6528
62/98 [=================>............] - ETA: 0s - loss: 0.9973 - accuracy: 0.6539
67/98 [===================>..........] - ETA: 0s - loss: 1.0010 - accuracy: 0.6528
71/98 [====================>.........] - ETA: 0s - loss: 1.0007 - accuracy: 0.6529
76/98 [======================>.......] - ETA: 0s - loss: 0.9991 - accuracy: 0.6531
81/98 [=======================>......] - ETA: 0s - loss: 0.9983 - accuracy: 0.6535
87/98 [=========================>....] - ETA: 0s - loss: 0.9968 - accuracy: 0.6545
92/98 [===========================>..] - ETA: 0s - loss: 0.9990 - accuracy: 0.6534
98/98 [==============================] - ETA: 0s - loss: 0.9994 - accuracy: 0.6536
98/98 [==============================] - 2s 17ms/step - loss: 0.9994 - accuracy: 0.6536 - val_loss: 1.0873 - val_accuracy: 0.6242
Epoch 16/59

 1/98 [..............................] - ETA: 3s - loss: 1.0164 - accuracy: 0.6562
 6/98 [>.............................] - ETA: 1s - loss: 0.9754 - accuracy: 0.6631
11/98 [==>...........................] - ETA: 1s - loss: 0.9747 - accuracy: 0.6593
17/98 [====>.........................] - ETA: 1s - loss: 0.9799 - accuracy: 0.6591
22/98 [=====>........................] - ETA: 1s - loss: 0.9889 - accuracy: 0.6581
27/98 [=======>......................] - ETA: 0s - loss: 0.9883 - accuracy: 0.6589
32/98 [========>.....................] - ETA: 0s - loss: 0.9871 - accuracy: 0.6600
38/98 [==========>...................] - ETA: 0s - loss: 0.9901 - accuracy: 0.6595
44/98 [============>.................] - ETA: 0s - loss: 0.9887 - accuracy: 0.6603
49/98 [==============>...............] - ETA: 0s - loss: 0.9858 - accuracy: 0.6610
54/98 [===============>..............] - ETA: 0s - loss: 0.9843 - accuracy: 0.6620
59/98 [=================>............] - ETA: 0s - loss: 0.9832 - accuracy: 0.6615
64/98 [==================>...........] - ETA: 0s - loss: 0.9824 - accuracy: 0.6623
70/98 [====================>.........] - ETA: 0s - loss: 0.9823 - accuracy: 0.6625
76/98 [======================>.......] - ETA: 0s - loss: 0.9835 - accuracy: 0.6617
82/98 [========================>.....] - ETA: 0s - loss: 0.9859 - accuracy: 0.6618
88/98 [=========================>....] - ETA: 0s - loss: 0.9858 - accuracy: 0.6613
93/98 [===========================>..] - ETA: 0s - loss: 0.9854 - accuracy: 0.6611
98/98 [==============================] - ETA: 0s - loss: 0.9857 - accuracy: 0.6607
98/98 [==============================] - 2s 17ms/step - loss: 0.9857 - accuracy: 0.6607 - val_loss: 1.0873 - val_accuracy: 0.6240
Epoch 17/59

 1/98 [..............................] - ETA: 3s - loss: 0.9648 - accuracy: 0.6699
 6/98 [>.............................] - ETA: 1s - loss: 0.9463 - accuracy: 0.6829
11/98 [==>...........................] - ETA: 1s - loss: 0.9563 - accuracy: 0.6731
17/98 [====>.........................] - ETA: 0s - loss: 0.9673 - accuracy: 0.6679
22/98 [=====>........................] - ETA: 0s - loss: 0.9678 - accuracy: 0.6687
28/98 [=======>......................] - ETA: 0s - loss: 0.9756 - accuracy: 0.6645
34/98 [=========>....................] - ETA: 0s - loss: 0.9765 - accuracy: 0.6629
40/98 [===========>..................] - ETA: 0s - loss: 0.9761 - accuracy: 0.6630
45/98 [============>.................] - ETA: 0s - loss: 0.9733 - accuracy: 0.6651
51/98 [==============>...............] - ETA: 0s - loss: 0.9736 - accuracy: 0.6657
57/98 [================>.............] - ETA: 0s - loss: 0.9756 - accuracy: 0.6643
63/98 [==================>...........] - ETA: 0s - loss: 0.9753 - accuracy: 0.6636
68/98 [===================>..........] - ETA: 0s - loss: 0.9750 - accuracy: 0.6642
74/98 [=====================>........] - ETA: 0s - loss: 0.9714 - accuracy: 0.6655
80/98 [=======================>......] - ETA: 0s - loss: 0.9726 - accuracy: 0.6650
85/98 [=========================>....] - ETA: 0s - loss: 0.9731 - accuracy: 0.6644
91/98 [==========================>...] - ETA: 0s - loss: 0.9725 - accuracy: 0.6643
97/98 [============================>.] - ETA: 0s - loss: 0.9720 - accuracy: 0.6650
98/98 [==============================] - 2s 17ms/step - loss: 0.9722 - accuracy: 0.6649 - val_loss: 1.0825 - val_accuracy: 0.6275
Epoch 18/59

 1/98 [..............................] - ETA: 4s - loss: 0.9202 - accuracy: 0.6719
 7/98 [=>............................] - ETA: 0s - loss: 0.9428 - accuracy: 0.6772
12/98 [==>...........................] - ETA: 0s - loss: 0.9544 - accuracy: 0.6729
18/98 [====>.........................] - ETA: 0s - loss: 0.9445 - accuracy: 0.6758
24/98 [======>.......................] - ETA: 0s - loss: 0.9489 - accuracy: 0.6742
30/98 [========>.....................] - ETA: 0s - loss: 0.9469 - accuracy: 0.6754
36/98 [==========>...................] - ETA: 0s - loss: 0.9432 - accuracy: 0.6774
41/98 [===========>..................] - ETA: 0s - loss: 0.9456 - accuracy: 0.6756
47/98 [=============>................] - ETA: 0s - loss: 0.9479 - accuracy: 0.6743
53/98 [===============>..............] - ETA: 0s - loss: 0.9472 - accuracy: 0.6759
59/98 [=================>............] - ETA: 0s - loss: 0.9469 - accuracy: 0.6760
64/98 [==================>...........] - ETA: 0s - loss: 0.9495 - accuracy: 0.6746
70/98 [====================>.........] - ETA: 0s - loss: 0.9494 - accuracy: 0.6742
76/98 [======================>.......] - ETA: 0s - loss: 0.9505 - accuracy: 0.6731
82/98 [========================>.....] - ETA: 0s - loss: 0.9518 - accuracy: 0.6728
87/98 [=========================>....] - ETA: 0s - loss: 0.9530 - accuracy: 0.6723
92/98 [===========================>..] - ETA: 0s - loss: 0.9562 - accuracy: 0.6712
98/98 [==============================] - ETA: 0s - loss: 0.9585 - accuracy: 0.6699
98/98 [==============================] - 2s 17ms/step - loss: 0.9585 - accuracy: 0.6699 - val_loss: 1.0705 - val_accuracy: 0.6309
Epoch 19/59

 1/98 [..............................] - ETA: 1s - loss: 0.9105 - accuracy: 0.7109
 5/98 [>.............................] - ETA: 1s - loss: 0.9207 - accuracy: 0.6828
10/98 [==>...........................] - ETA: 1s - loss: 0.9343 - accuracy: 0.6840
16/98 [===>..........................] - ETA: 1s - loss: 0.9226 - accuracy: 0.6859
21/98 [=====>........................] - ETA: 0s - loss: 0.9315 - accuracy: 0.6815
27/98 [=======>......................] - ETA: 0s - loss: 0.9345 - accuracy: 0.6803
32/98 [========>.....................] - ETA: 0s - loss: 0.9380 - accuracy: 0.6801
38/98 [==========>...................] - ETA: 0s - loss: 0.9402 - accuracy: 0.6777
44/98 [============>.................] - ETA: 0s - loss: 0.9459 - accuracy: 0.6762
49/98 [==============>...............] - ETA: 0s - loss: 0.9479 - accuracy: 0.6749
54/98 [===============>..............] - ETA: 0s - loss: 0.9478 - accuracy: 0.6745
59/98 [=================>............] - ETA: 0s - loss: 0.9467 - accuracy: 0.6751
65/98 [==================>...........] - ETA: 0s - loss: 0.9454 - accuracy: 0.6760
70/98 [====================>.........] - ETA: 0s - loss: 0.9455 - accuracy: 0.6760
75/98 [=====================>........] - ETA: 0s - loss: 0.9452 - accuracy: 0.6758
80/98 [=======================>......] - ETA: 0s - loss: 0.9474 - accuracy: 0.6750
85/98 [=========================>....] - ETA: 0s - loss: 0.9470 - accuracy: 0.6749
91/98 [==========================>...] - ETA: 0s - loss: 0.9475 - accuracy: 0.6749
96/98 [============================>.] - ETA: 0s - loss: 0.9476 - accuracy: 0.6746
98/98 [==============================] - 2s 17ms/step - loss: 0.9478 - accuracy: 0.6748 - val_loss: 1.0710 - val_accuracy: 0.6324
Epoch 20/59

 1/98 [..............................] - ETA: 4s - loss: 0.9242 - accuracy: 0.6855
 7/98 [=>............................] - ETA: 0s - loss: 0.9423 - accuracy: 0.6775
12/98 [==>...........................] - ETA: 0s - loss: 0.9381 - accuracy: 0.6799
17/98 [====>.........................] - ETA: 0s - loss: 0.9346 - accuracy: 0.6791
23/98 [======>.......................] - ETA: 0s - loss: 0.9304 - accuracy: 0.6816
28/98 [=======>......................] - ETA: 0s - loss: 0.9287 - accuracy: 0.6816
34/98 [=========>....................] - ETA: 0s - loss: 0.9277 - accuracy: 0.6814
40/98 [===========>..................] - ETA: 0s - loss: 0.9329 - accuracy: 0.6784
45/98 [============>.................] - ETA: 0s - loss: 0.9312 - accuracy: 0.6800
51/98 [==============>...............] - ETA: 0s - loss: 0.9307 - accuracy: 0.6800
56/98 [================>.............] - ETA: 0s - loss: 0.9318 - accuracy: 0.6802
61/98 [=================>............] - ETA: 0s - loss: 0.9354 - accuracy: 0.6786
67/98 [===================>..........] - ETA: 0s - loss: 0.9359 - accuracy: 0.6778
72/98 [=====================>........] - ETA: 0s - loss: 0.9356 - accuracy: 0.6787
78/98 [======================>.......] - ETA: 0s - loss: 0.9354 - accuracy: 0.6790
84/98 [========================>.....] - ETA: 0s - loss: 0.9370 - accuracy: 0.6787
90/98 [==========================>...] - ETA: 0s - loss: 0.9373 - accuracy: 0.6787
95/98 [============================>.] - ETA: 0s - loss: 0.9371 - accuracy: 0.6787
98/98 [==============================] - 2s 16ms/step - loss: 0.9379 - accuracy: 0.6785 - val_loss: 1.0595 - val_accuracy: 0.6327
Epoch 21/59

 1/98 [..............................] - ETA: 1s - loss: 0.8717 - accuracy: 0.7109
 6/98 [>.............................] - ETA: 1s - loss: 0.9189 - accuracy: 0.6901
11/98 [==>...........................] - ETA: 1s - loss: 0.9143 - accuracy: 0.6839
16/98 [===>..........................] - ETA: 1s - loss: 0.9151 - accuracy: 0.6859
22/98 [=====>........................] - ETA: 0s - loss: 0.9205 - accuracy: 0.6839
27/98 [=======>......................] - ETA: 0s - loss: 0.9208 - accuracy: 0.6841
33/98 [=========>....................] - ETA: 0s - loss: 0.9175 - accuracy: 0.6850
39/98 [==========>...................] - ETA: 0s - loss: 0.9195 - accuracy: 0.6854
45/98 [============>.................] - ETA: 0s - loss: 0.9205 - accuracy: 0.6856
51/98 [==============>...............] - ETA: 0s - loss: 0.9225 - accuracy: 0.6852
56/98 [================>.............] - ETA: 0s - loss: 0.9221 - accuracy: 0.6855
62/98 [=================>............] - ETA: 0s - loss: 0.9208 - accuracy: 0.6857
67/98 [===================>..........] - ETA: 0s - loss: 0.9217 - accuracy: 0.6856
73/98 [=====================>........] - ETA: 0s - loss: 0.9232 - accuracy: 0.6850
78/98 [======================>.......] - ETA: 0s - loss: 0.9239 - accuracy: 0.6842
84/98 [========================>.....] - ETA: 0s - loss: 0.9259 - accuracy: 0.6833
89/98 [==========================>...] - ETA: 0s - loss: 0.9261 - accuracy: 0.6826
94/98 [===========================>..] - ETA: 0s - loss: 0.9257 - accuracy: 0.6828
98/98 [==============================] - 2s 17ms/step - loss: 0.9254 - accuracy: 0.6830 - val_loss: 1.0518 - val_accuracy: 0.6372
Epoch 22/59

 1/98 [..............................] - ETA: 1s - loss: 0.8491 - accuracy: 0.7129
 6/98 [>.............................] - ETA: 1s - loss: 0.9002 - accuracy: 0.6911
12/98 [==>...........................] - ETA: 0s - loss: 0.8992 - accuracy: 0.6934
18/98 [====>.........................] - ETA: 0s - loss: 0.9055 - accuracy: 0.6914
23/98 [======>.......................] - ETA: 0s - loss: 0.9166 - accuracy: 0.6876
29/98 [=======>......................] - ETA: 0s - loss: 0.9226 - accuracy: 0.6835
34/98 [=========>....................] - ETA: 0s - loss: 0.9187 - accuracy: 0.6854
40/98 [===========>..................] - ETA: 0s - loss: 0.9144 - accuracy: 0.6857
45/98 [============>.................] - ETA: 0s - loss: 0.9097 - accuracy: 0.6873
50/98 [==============>...............] - ETA: 0s - loss: 0.9121 - accuracy: 0.6872
55/98 [===============>..............] - ETA: 0s - loss: 0.9132 - accuracy: 0.6860
60/98 [=================>............] - ETA: 0s - loss: 0.9104 - accuracy: 0.6875
65/98 [==================>...........] - ETA: 0s - loss: 0.9115 - accuracy: 0.6870
71/98 [====================>.........] - ETA: 0s - loss: 0.9128 - accuracy: 0.6865
76/98 [======================>.......] - ETA: 0s - loss: 0.9145 - accuracy: 0.6858
82/98 [========================>.....] - ETA: 0s - loss: 0.9154 - accuracy: 0.6853
87/98 [=========================>....] - ETA: 0s - loss: 0.9149 - accuracy: 0.6857
92/98 [===========================>..] - ETA: 0s - loss: 0.9153 - accuracy: 0.6853
98/98 [==============================] - ETA: 0s - loss: 0.9169 - accuracy: 0.6843
98/98 [==============================] - 2s 17ms/step - loss: 0.9169 - accuracy: 0.6843 - val_loss: 1.0586 - val_accuracy: 0.6377
Epoch 23/59

 1/98 [..............................] - ETA: 4s - loss: 0.8848 - accuracy: 0.6953
