2024-06-26 17:23:48.634729: I tensorflow/core/platform/cpu_feature_guard.cc:193] This TensorFlow binary is optimized with oneAPI Deep Neural Network Library (oneDNN) to use the following CPU instructions in performance-critical operations:  AVX AVX2
To enable them in other operations, rebuild TensorFlow with the appropriate compiler flags.
2024-06-26 17:23:49.235933: I tensorflow/core/common_runtime/gpu/gpu_device.cc:1616] Created device /job:localhost/replica:0/task:0/device:GPU:0 with 6656 MB memory:  -> device: 0, name: NVIDIA GeForce RTX 4060 Ti, pci bus id: 0000:01:00.0, compute capability: 8.9
1 Physical GPUs, 1 Logical GPUs
Model: "sequential"
_________________________________________________________________
 Layer (type)                Output Shape              Param #   
=================================================================
 conv2d (Conv2D)             (None, 32, 32, 32)        896       
                                                                 
 max_pooling2d (MaxPooling2D  (None, 16, 16, 32)       0         
 )                                                               
                                                                 
 batch_normalization (BatchN  (None, 16, 16, 32)       128       
 ormalization)                                                   
                                                                 
 dropout (Dropout)           (None, 16, 16, 32)        0         
                                                                 
 flatten (Flatten)           (None, 8192)              0         
                                                                 
 dense (Dense)               (None, 10)                81930     
                                                                 
=================================================================
Total params: 82,954
Trainable params: 82,890
Non-trainable params: 64
_________________________________________________________________
Taxa de aprendizado:  0.0001 Num de épocas:  59 Tamanho do lote:  512 Dropout:  0.07236
Epoch 1/59
2024-06-26 17:23:50.536562: I tensorflow/stream_executor/cuda/cuda_dnn.cc:384] Loaded cuDNN version 8100
2024-06-26 17:23:51.392261: W tensorflow/stream_executor/gpu/redzone_allocator.cc:314] INTERNAL: ptxas exited with non-zero error code -1, output: 
Relying on driver to perform ptx compilation. 
Modify $PATH to customize ptxas location.
This message will be only logged once.
2024-06-26 17:23:52.175414: I tensorflow/stream_executor/cuda/cuda_blas.cc:1614] TensorFloat-32 will be used for the matrix multiplication. This will only be logged once.

 1/98 [..............................] - ETA: 4:34 - loss: 2.8561 - accuracy: 0.0840
 6/98 [>.............................] - ETA: 1s - loss: 2.6462 - accuracy: 0.1126  
12/98 [==>...........................] - ETA: 1s - loss: 2.4860 - accuracy: 0.1541
17/98 [====>.........................] - ETA: 0s - loss: 2.3972 - accuracy: 0.1770
23/98 [======>.......................] - ETA: 0s - loss: 2.3065 - accuracy: 0.2039
28/98 [=======>......................] - ETA: 0s - loss: 2.2488 - accuracy: 0.2181
34/98 [=========>....................] - ETA: 0s - loss: 2.1907 - accuracy: 0.2359
40/98 [===========>..................] - ETA: 0s - loss: 2.1426 - accuracy: 0.2502
47/98 [=============>................] - ETA: 0s - loss: 2.1040 - accuracy: 0.2626
52/98 [==============>...............] - ETA: 0s - loss: 2.0763 - accuracy: 0.2718
54/98 [===============>..............] - ETA: 0s - loss: 2.0681 - accuracy: 0.2747
60/98 [=================>............] - ETA: 0s - loss: 2.0394 - accuracy: 0.2837
65/98 [==================>...........] - ETA: 0s - loss: 2.0172 - accuracy: 0.2906
71/98 [====================>.........] - ETA: 0s - loss: 1.9947 - accuracy: 0.2981
77/98 [======================>.......] - ETA: 0s - loss: 1.9753 - accuracy: 0.3047
82/98 [========================>.....] - ETA: 0s - loss: 1.9595 - accuracy: 0.3103
87/98 [=========================>....] - ETA: 0s - loss: 1.9448 - accuracy: 0.3156
92/98 [===========================>..] - ETA: 0s - loss: 1.9314 - accuracy: 0.3206
98/98 [==============================] - ETA: 0s - loss: 1.9158 - accuracy: 0.3256
98/98 [==============================] - 5s 21ms/step - loss: 1.9158 - accuracy: 0.3256 - val_loss: 2.1222 - val_accuracy: 0.3231
Epoch 2/59

 1/98 [..............................] - ETA: 3s - loss: 1.6947 - accuracy: 0.4121
 6/98 [>.............................] - ETA: 1s - loss: 1.6472 - accuracy: 0.4173
11/98 [==>...........................] - ETA: 1s - loss: 1.6334 - accuracy: 0.4233
17/98 [====>.........................] - ETA: 0s - loss: 1.6241 - accuracy: 0.4308
22/98 [=====>........................] - ETA: 0s - loss: 1.6134 - accuracy: 0.4335
28/98 [=======>......................] - ETA: 0s - loss: 1.6152 - accuracy: 0.4328
34/98 [=========>....................] - ETA: 0s - loss: 1.6106 - accuracy: 0.4357
39/98 [==========>...................] - ETA: 0s - loss: 1.6083 - accuracy: 0.4373
45/98 [============>.................] - ETA: 0s - loss: 1.6052 - accuracy: 0.4375
50/98 [==============>...............] - ETA: 0s - loss: 1.6019 - accuracy: 0.4389
55/98 [===============>..............] - ETA: 0s - loss: 1.5948 - accuracy: 0.4407
60/98 [=================>............] - ETA: 0s - loss: 1.5898 - accuracy: 0.4417
65/98 [==================>...........] - ETA: 0s - loss: 1.5848 - accuracy: 0.4436
71/98 [====================>.........] - ETA: 0s - loss: 1.5805 - accuracy: 0.4451
76/98 [======================>.......] - ETA: 0s - loss: 1.5725 - accuracy: 0.4473
82/98 [========================>.....] - ETA: 0s - loss: 1.5661 - accuracy: 0.4493
87/98 [=========================>....] - ETA: 0s - loss: 1.5620 - accuracy: 0.4505
93/98 [===========================>..] - ETA: 0s - loss: 1.5574 - accuracy: 0.4523
98/98 [==============================] - 2s 17ms/step - loss: 1.5536 - accuracy: 0.4544 - val_loss: 1.9808 - val_accuracy: 0.4093
Epoch 3/59

 1/98 [..............................] - ETA: 3s - loss: 1.4841 - accuracy: 0.4766
 6/98 [>.............................] - ETA: 1s - loss: 1.4633 - accuracy: 0.4889
12/98 [==>...........................] - ETA: 0s - loss: 1.4557 - accuracy: 0.4906
18/98 [====>.........................] - ETA: 0s - loss: 1.4426 - accuracy: 0.4959
23/98 [======>.......................] - ETA: 0s - loss: 1.4390 - accuracy: 0.4966
29/98 [=======>......................] - ETA: 0s - loss: 1.4388 - accuracy: 0.4980
34/98 [=========>....................] - ETA: 0s - loss: 1.4355 - accuracy: 0.5002
40/98 [===========>..................] - ETA: 0s - loss: 1.4344 - accuracy: 0.5005
45/98 [============>.................] - ETA: 0s - loss: 1.4318 - accuracy: 0.5010
50/98 [==============>...............] - ETA: 0s - loss: 1.4273 - accuracy: 0.5026
56/98 [================>.............] - ETA: 0s - loss: 1.4247 - accuracy: 0.5024
62/98 [=================>............] - ETA: 0s - loss: 1.4207 - accuracy: 0.5040
67/98 [===================>..........] - ETA: 0s - loss: 1.4184 - accuracy: 0.5041
71/98 [====================>.........] - ETA: 0s - loss: 1.4195 - accuracy: 0.5038
76/98 [======================>.......] - ETA: 0s - loss: 1.4166 - accuracy: 0.5044
82/98 [========================>.....] - ETA: 0s - loss: 1.4148 - accuracy: 0.5045
87/98 [=========================>....] - ETA: 0s - loss: 1.4144 - accuracy: 0.5054
92/98 [===========================>..] - ETA: 0s - loss: 1.4123 - accuracy: 0.5052
97/98 [============================>.] - ETA: 0s - loss: 1.4110 - accuracy: 0.5058
98/98 [==============================] - 2s 17ms/step - loss: 1.4104 - accuracy: 0.5061 - val_loss: 1.8049 - val_accuracy: 0.4571
Epoch 4/59

 1/98 [..............................] - ETA: 3s - loss: 1.3554 - accuracy: 0.5059
 7/98 [=>............................] - ETA: 0s - loss: 1.3253 - accuracy: 0.5382
13/98 [==>...........................] - ETA: 0s - loss: 1.3300 - accuracy: 0.5395
19/98 [====>.........................] - ETA: 0s - loss: 1.3266 - accuracy: 0.5395
24/98 [======>.......................] - ETA: 0s - loss: 1.3307 - accuracy: 0.5383
29/98 [=======>......................] - ETA: 0s - loss: 1.3332 - accuracy: 0.5354
35/98 [=========>....................] - ETA: 0s - loss: 1.3300 - accuracy: 0.5363
41/98 [===========>..................] - ETA: 0s - loss: 1.3273 - accuracy: 0.5367
47/98 [=============>................] - ETA: 0s - loss: 1.3262 - accuracy: 0.5381
53/98 [===============>..............] - ETA: 0s - loss: 1.3245 - accuracy: 0.5394
59/98 [=================>............] - ETA: 0s - loss: 1.3235 - accuracy: 0.5392
65/98 [==================>...........] - ETA: 0s - loss: 1.3214 - accuracy: 0.5390
71/98 [====================>.........] - ETA: 0s - loss: 1.3195 - accuracy: 0.5400
77/98 [======================>.......] - ETA: 0s - loss: 1.3155 - accuracy: 0.5410
82/98 [========================>.....] - ETA: 0s - loss: 1.3130 - accuracy: 0.5420
87/98 [=========================>....] - ETA: 0s - loss: 1.3146 - accuracy: 0.5417
93/98 [===========================>..] - ETA: 0s - loss: 1.3147 - accuracy: 0.5420
98/98 [==============================] - 2s 16ms/step - loss: 1.3126 - accuracy: 0.5432 - val_loss: 1.6144 - val_accuracy: 0.5007
Epoch 5/59

 1/98 [..............................] - ETA: 1s - loss: 1.2204 - accuracy: 0.6012
 5/98 [>.............................] - ETA: 1s - loss: 1.2507 - accuracy: 0.5646
10/98 [==>...........................] - ETA: 1s - loss: 1.2588 - accuracy: 0.5576
16/98 [===>..........................] - ETA: 1s - loss: 1.2655 - accuracy: 0.5529
22/98 [=====>........................] - ETA: 0s - loss: 1.2696 - accuracy: 0.5502
28/98 [=======>......................] - ETA: 0s - loss: 1.2613 - accuracy: 0.5538
34/98 [=========>....................] - ETA: 0s - loss: 1.2653 - accuracy: 0.5541
40/98 [===========>..................] - ETA: 0s - loss: 1.2637 - accuracy: 0.5576
46/98 [=============>................] - ETA: 0s - loss: 1.2597 - accuracy: 0.5598
52/98 [==============>...............] - ETA: 0s - loss: 1.2572 - accuracy: 0.5608
58/98 [================>.............] - ETA: 0s - loss: 1.2549 - accuracy: 0.5627
64/98 [==================>...........] - ETA: 0s - loss: 1.2541 - accuracy: 0.5641
68/98 [===================>..........] - ETA: 0s - loss: 1.2533 - accuracy: 0.5632
73/98 [=====================>........] - ETA: 0s - loss: 1.2508 - accuracy: 0.5635
78/98 [======================>.......] - ETA: 0s - loss: 1.2488 - accuracy: 0.5644
82/98 [========================>.....] - ETA: 0s - loss: 1.2489 - accuracy: 0.5646
88/98 [=========================>....] - ETA: 0s - loss: 1.2463 - accuracy: 0.5658
93/98 [===========================>..] - ETA: 0s - loss: 1.2438 - accuracy: 0.5662
98/98 [==============================] - 2s 17ms/step - loss: 1.2434 - accuracy: 0.5668 - val_loss: 1.4403 - val_accuracy: 0.5257
Epoch 6/59

 1/98 [..............................] - ETA: 2s - loss: 1.1852 - accuracy: 0.5996
 6/98 [>.............................] - ETA: 1s - loss: 1.2211 - accuracy: 0.5693
11/98 [==>...........................] - ETA: 1s - loss: 1.2064 - accuracy: 0.5795
17/98 [====>.........................] - ETA: 0s - loss: 1.2077 - accuracy: 0.5797
23/98 [======>.......................] - ETA: 0s - loss: 1.2056 - accuracy: 0.5797
29/98 [=======>......................] - ETA: 0s - loss: 1.2016 - accuracy: 0.5821
35/98 [=========>....................] - ETA: 0s - loss: 1.1973 - accuracy: 0.5839
41/98 [===========>..................] - ETA: 0s - loss: 1.1951 - accuracy: 0.5858
47/98 [=============>................] - ETA: 0s - loss: 1.1960 - accuracy: 0.5850
53/98 [===============>..............] - ETA: 0s - loss: 1.1945 - accuracy: 0.5848
59/98 [=================>............] - ETA: 0s - loss: 1.1939 - accuracy: 0.5855
64/98 [==================>...........] - ETA: 0s - loss: 1.1940 - accuracy: 0.5851
69/98 [====================>.........] - ETA: 0s - loss: 1.1927 - accuracy: 0.5849
74/98 [=====================>........] - ETA: 0s - loss: 1.1937 - accuracy: 0.5841
79/98 [=======================>......] - ETA: 0s - loss: 1.1929 - accuracy: 0.5844
84/98 [========================>.....] - ETA: 0s - loss: 1.1935 - accuracy: 0.5844
89/98 [==========================>...] - ETA: 0s - loss: 1.1907 - accuracy: 0.5848
95/98 [============================>.] - ETA: 0s - loss: 1.1922 - accuracy: 0.5845
98/98 [==============================] - 2s 16ms/step - loss: 1.1912 - accuracy: 0.5850 - val_loss: 1.3216 - val_accuracy: 0.5383
Epoch 7/59

 1/98 [..............................] - ETA: 1s - loss: 1.1751 - accuracy: 0.5938
 6/98 [>.............................] - ETA: 1s - loss: 1.1744 - accuracy: 0.5889
12/98 [==>...........................] - ETA: 0s - loss: 1.1546 - accuracy: 0.5952
17/98 [====>.........................] - ETA: 0s - loss: 1.1568 - accuracy: 0.5964
22/98 [=====>........................] - ETA: 0s - loss: 1.1523 - accuracy: 0.5975
27/98 [=======>......................] - ETA: 0s - loss: 1.1535 - accuracy: 0.5992
34/98 [=========>....................] - ETA: 0s - loss: 1.1582 - accuracy: 0.5987
39/98 [==========>...................] - ETA: 0s - loss: 1.1587 - accuracy: 0.5979
45/98 [============>.................] - ETA: 0s - loss: 1.1596 - accuracy: 0.5984
51/98 [==============>...............] - ETA: 0s - loss: 1.1572 - accuracy: 0.5990
55/98 [===============>..............] - ETA: 0s - loss: 1.1559 - accuracy: 0.6000
60/98 [=================>............] - ETA: 0s - loss: 1.1558 - accuracy: 0.5998
65/98 [==================>...........] - ETA: 0s - loss: 1.1526 - accuracy: 0.6007
71/98 [====================>.........] - ETA: 0s - loss: 1.1522 - accuracy: 0.6013
77/98 [======================>.......] - ETA: 0s - loss: 1.1501 - accuracy: 0.6013
83/98 [========================>.....] - ETA: 0s - loss: 1.1487 - accuracy: 0.6014
88/98 [=========================>....] - ETA: 0s - loss: 1.1460 - accuracy: 0.6025
94/98 [===========================>..] - ETA: 0s - loss: 1.1447 - accuracy: 0.6035
98/98 [==============================] - 2s 17ms/step - loss: 1.1451 - accuracy: 0.6029 - val_loss: 1.2064 - val_accuracy: 0.5861
Epoch 8/59

 1/98 [..............................] - ETA: 3s - loss: 1.1689 - accuracy: 0.6074
 7/98 [=>............................] - ETA: 0s - loss: 1.1042 - accuracy: 0.6183
12/98 [==>...........................] - ETA: 0s - loss: 1.1218 - accuracy: 0.6107
17/98 [====>.........................] - ETA: 0s - loss: 1.1077 - accuracy: 0.6133
22/98 [=====>........................] - ETA: 0s - loss: 1.1092 - accuracy: 0.6127
27/98 [=======>......................] - ETA: 0s - loss: 1.1053 - accuracy: 0.6139
33/98 [=========>....................] - ETA: 0s - loss: 1.1080 - accuracy: 0.6120
39/98 [==========>...................] - ETA: 0s - loss: 1.1031 - accuracy: 0.6147
44/98 [============>.................] - ETA: 0s - loss: 1.1075 - accuracy: 0.6138
50/98 [==============>...............] - ETA: 0s - loss: 1.1117 - accuracy: 0.6127
55/98 [===============>..............] - ETA: 0s - loss: 1.1112 - accuracy: 0.6121
61/98 [=================>............] - ETA: 0s - loss: 1.1120 - accuracy: 0.6118
67/98 [===================>..........] - ETA: 0s - loss: 1.1144 - accuracy: 0.6119
72/98 [=====================>........] - ETA: 0s - loss: 1.1140 - accuracy: 0.6114
78/98 [======================>.......] - ETA: 0s - loss: 1.1139 - accuracy: 0.6114
84/98 [========================>.....] - ETA: 0s - loss: 1.1129 - accuracy: 0.6128
89/98 [==========================>...] - ETA: 0s - loss: 1.1112 - accuracy: 0.6141
95/98 [============================>.] - ETA: 0s - loss: 1.1092 - accuracy: 0.6149
98/98 [==============================] - 2s 17ms/step - loss: 1.1103 - accuracy: 0.6147 - val_loss: 1.1701 - val_accuracy: 0.5913
Epoch 9/59

 1/98 [..............................] - ETA: 1s - loss: 1.1946 - accuracy: 0.5859
 6/98 [>.............................] - ETA: 1s - loss: 1.1060 - accuracy: 0.6191
12/98 [==>...........................] - ETA: 0s - loss: 1.0739 - accuracy: 0.6330
17/98 [====>.........................] - ETA: 0s - loss: 1.0692 - accuracy: 0.6346
23/98 [======>.......................] - ETA: 0s - loss: 1.0688 - accuracy: 0.6332
27/98 [=======>......................] - ETA: 0s - loss: 1.0695 - accuracy: 0.6337
32/98 [========>.....................] - ETA: 0s - loss: 1.0746 - accuracy: 0.6313
37/98 [==========>...................] - ETA: 0s - loss: 1.0754 - accuracy: 0.6313
43/98 [============>.................] - ETA: 0s - loss: 1.0762 - accuracy: 0.6304
48/98 [=============>................] - ETA: 0s - loss: 1.0776 - accuracy: 0.6295
53/98 [===============>..............] - ETA: 0s - loss: 1.0748 - accuracy: 0.6286
59/98 [=================>............] - ETA: 0s - loss: 1.0769 - accuracy: 0.6272
64/98 [==================>...........] - ETA: 0s - loss: 1.0807 - accuracy: 0.6259
70/98 [====================>.........] - ETA: 0s - loss: 1.0812 - accuracy: 0.6265
75/98 [=====================>........] - ETA: 0s - loss: 1.0796 - accuracy: 0.6274
81/98 [=======================>......] - ETA: 0s - loss: 1.0794 - accuracy: 0.6277
87/98 [=========================>....] - ETA: 0s - loss: 1.0792 - accuracy: 0.6276
92/98 [===========================>..] - ETA: 0s - loss: 1.0794 - accuracy: 0.6276
97/98 [============================>.] - ETA: 0s - loss: 1.0801 - accuracy: 0.6271
98/98 [==============================] - 2s 17ms/step - loss: 1.0801 - accuracy: 0.6270 - val_loss: 1.1433 - val_accuracy: 0.6040
Epoch 10/59

 1/98 [..............................] - ETA: 3s - loss: 1.0038 - accuracy: 0.6465
 7/98 [=>............................] - ETA: 0s - loss: 1.0566 - accuracy: 0.6381
12/98 [==>...........................] - ETA: 0s - loss: 1.0460 - accuracy: 0.6449
18/98 [====>.........................] - ETA: 0s - loss: 1.0478 - accuracy: 0.6398
24/98 [======>.......................] - ETA: 0s - loss: 1.0494 - accuracy: 0.6410
29/98 [=======>......................] - ETA: 0s - loss: 1.0466 - accuracy: 0.6414
34/98 [=========>....................] - ETA: 0s - loss: 1.0416 - accuracy: 0.6422
40/98 [===========>..................] - ETA: 0s - loss: 1.0409 - accuracy: 0.6427
45/98 [============>.................] - ETA: 0s - loss: 1.0429 - accuracy: 0.6428
51/98 [==============>...............] - ETA: 0s - loss: 1.0431 - accuracy: 0.6414
57/98 [================>.............] - ETA: 0s - loss: 1.0445 - accuracy: 0.6402
62/98 [=================>............] - ETA: 0s - loss: 1.0474 - accuracy: 0.6383
68/98 [===================>..........] - ETA: 0s - loss: 1.0486 - accuracy: 0.6380
73/98 [=====================>........] - ETA: 0s - loss: 1.0508 - accuracy: 0.6367
79/98 [=======================>......] - ETA: 0s - loss: 1.0515 - accuracy: 0.6371
85/98 [=========================>....] - ETA: 0s - loss: 1.0523 - accuracy: 0.6371
90/98 [==========================>...] - ETA: 0s - loss: 1.0524 - accuracy: 0.6374
97/98 [============================>.] - ETA: 0s - loss: 1.0529 - accuracy: 0.6373
98/98 [==============================] - 2s 16ms/step - loss: 1.0531 - accuracy: 0.6373 - val_loss: 1.1262 - val_accuracy: 0.6031
Epoch 11/59

 1/98 [..............................] - ETA: 3s - loss: 1.0240 - accuracy: 0.6641
 6/98 [>.............................] - ETA: 1s - loss: 1.0393 - accuracy: 0.6543
11/98 [==>...........................] - ETA: 1s - loss: 1.0379 - accuracy: 0.6452
17/98 [====>.........................] - ETA: 0s - loss: 1.0331 - accuracy: 0.6484
22/98 [=====>........................] - ETA: 0s - loss: 1.0374 - accuracy: 0.6457
27/98 [=======>......................] - ETA: 0s - loss: 1.0370 - accuracy: 0.6447
32/98 [========>.....................] - ETA: 0s - loss: 1.0344 - accuracy: 0.6453
38/98 [==========>...................] - ETA: 0s - loss: 1.0328 - accuracy: 0.6448
44/98 [============>.................] - ETA: 0s - loss: 1.0347 - accuracy: 0.6430
49/98 [==============>...............] - ETA: 0s - loss: 1.0330 - accuracy: 0.6436
55/98 [===============>..............] - ETA: 0s - loss: 1.0329 - accuracy: 0.6445
61/98 [=================>............] - ETA: 0s - loss: 1.0340 - accuracy: 0.6431
66/98 [===================>..........] - ETA: 0s - loss: 1.0361 - accuracy: 0.6425
72/98 [=====================>........] - ETA: 0s - loss: 1.0360 - accuracy: 0.6429
78/98 [======================>.......] - ETA: 0s - loss: 1.0328 - accuracy: 0.6439
84/98 [========================>.....] - ETA: 0s - loss: 1.0329 - accuracy: 0.6444
89/98 [==========================>...] - ETA: 0s - loss: 1.0330 - accuracy: 0.6436
95/98 [============================>.] - ETA: 0s - loss: 1.0334 - accuracy: 0.6431
98/98 [==============================] - 2s 16ms/step - loss: 1.0322 - accuracy: 0.6436 - val_loss: 1.1104 - val_accuracy: 0.6144
Epoch 12/59

 1/98 [..............................] - ETA: 3s - loss: 1.0052 - accuracy: 0.6680
 7/98 [=>............................] - ETA: 0s - loss: 0.9934 - accuracy: 0.6602
12/98 [==>...........................] - ETA: 0s - loss: 1.0136 - accuracy: 0.6502
18/98 [====>.........................] - ETA: 0s - loss: 1.0080 - accuracy: 0.6541
22/98 [=====>........................] - ETA: 0s - loss: 1.0039 - accuracy: 0.6574
28/98 [=======>......................] - ETA: 0s - loss: 1.0087 - accuracy: 0.6552
33/98 [=========>....................] - ETA: 0s - loss: 1.0112 - accuracy: 0.6536
38/98 [==========>...................] - ETA: 0s - loss: 1.0116 - accuracy: 0.6531
44/98 [============>.................] - ETA: 0s - loss: 1.0090 - accuracy: 0.6535
50/98 [==============>...............] - ETA: 0s - loss: 1.0095 - accuracy: 0.6530
56/98 [================>.............] - ETA: 0s - loss: 1.0104 - accuracy: 0.6532
63/98 [==================>...........] - ETA: 0s - loss: 1.0102 - accuracy: 0.6538
68/98 [===================>..........] - ETA: 0s - loss: 1.0101 - accuracy: 0.6531
74/98 [=====================>........] - ETA: 0s - loss: 1.0088 - accuracy: 0.6538
79/98 [=======================>......] - ETA: 0s - loss: 1.0085 - accuracy: 0.6545
85/98 [=========================>....] - ETA: 0s - loss: 1.0089 - accuracy: 0.6537
90/98 [==========================>...] - ETA: 0s - loss: 1.0099 - accuracy: 0.6529
96/98 [============================>.] - ETA: 0s - loss: 1.0102 - accuracy: 0.6530
98/98 [==============================] - 2s 17ms/step - loss: 1.0102 - accuracy: 0.6527 - val_loss: 1.0980 - val_accuracy: 0.6160
Epoch 13/59

 1/98 [..............................] - ETA: 3s - loss: 0.9948 - accuracy: 0.6855
 7/98 [=>............................] - ETA: 1s - loss: 0.9838 - accuracy: 0.6694
13/98 [==>...........................] - ETA: 0s - loss: 0.9879 - accuracy: 0.6659
19/98 [====>.........................] - ETA: 0s - loss: 0.9881 - accuracy: 0.6652
25/98 [======>.......................] - ETA: 0s - loss: 0.9899 - accuracy: 0.6632
29/98 [=======>......................] - ETA: 0s - loss: 0.9924 - accuracy: 0.6623
35/98 [=========>....................] - ETA: 0s - loss: 0.9932 - accuracy: 0.6640
41/98 [===========>..................] - ETA: 0s - loss: 0.9918 - accuracy: 0.6633
47/98 [=============>................] - ETA: 0s - loss: 0.9909 - accuracy: 0.6628
53/98 [===============>..............] - ETA: 0s - loss: 0.9870 - accuracy: 0.6629
59/98 [=================>............] - ETA: 0s - loss: 0.9899 - accuracy: 0.6609
64/98 [==================>...........] - ETA: 0s - loss: 0.9895 - accuracy: 0.6606
69/98 [====================>.........] - ETA: 0s - loss: 0.9904 - accuracy: 0.6596
75/98 [=====================>........] - ETA: 0s - loss: 0.9909 - accuracy: 0.6593
81/98 [=======================>......] - ETA: 0s - loss: 0.9916 - accuracy: 0.6593
86/98 [=========================>....] - ETA: 0s - loss: 0.9913 - accuracy: 0.6596
91/98 [==========================>...] - ETA: 0s - loss: 0.9903 - accuracy: 0.6603
97/98 [============================>.] - ETA: 0s - loss: 0.9904 - accuracy: 0.6596
98/98 [==============================] - 2s 16ms/step - loss: 0.9906 - accuracy: 0.6594 - val_loss: 1.0895 - val_accuracy: 0.6196
Epoch 14/59

 1/98 [..............................] - ETA: 3s - loss: 1.0000 - accuracy: 0.6582
 6/98 [>.............................] - ETA: 1s - loss: 0.9667 - accuracy: 0.6758
12/98 [==>...........................] - ETA: 0s - loss: 0.9627 - accuracy: 0.6746
17/98 [====>.........................] - ETA: 0s - loss: 0.9621 - accuracy: 0.6734
23/98 [======>.......................] - ETA: 0s - loss: 0.9678 - accuracy: 0.6741
29/98 [=======>......................] - ETA: 0s - loss: 0.9753 - accuracy: 0.6702
35/98 [=========>....................] - ETA: 0s - loss: 0.9743 - accuracy: 0.6693
41/98 [===========>..................] - ETA: 0s - loss: 0.9746 - accuracy: 0.6692
47/98 [=============>................] - ETA: 0s - loss: 0.9738 - accuracy: 0.6689
52/98 [==============>...............] - ETA: 0s - loss: 0.9767 - accuracy: 0.6685
58/98 [================>.............] - ETA: 0s - loss: 0.9750 - accuracy: 0.6694
64/98 [==================>...........] - ETA: 0s - loss: 0.9736 - accuracy: 0.6692
70/98 [====================>.........] - ETA: 0s - loss: 0.9751 - accuracy: 0.6674
75/98 [=====================>........] - ETA: 0s - loss: 0.9745 - accuracy: 0.6675
80/98 [=======================>......] - ETA: 0s - loss: 0.9735 - accuracy: 0.6684
86/98 [=========================>....] - ETA: 0s - loss: 0.9741 - accuracy: 0.6679
92/98 [===========================>..] - ETA: 0s - loss: 0.9746 - accuracy: 0.6670
96/98 [============================>.] - ETA: 0s - loss: 0.9753 - accuracy: 0.6667
98/98 [==============================] - 2s 17ms/step - loss: 0.9758 - accuracy: 0.6664 - val_loss: 1.0750 - val_accuracy: 0.6255
Epoch 15/59

 1/98 [..............................] - ETA: 1s - loss: 0.9358 - accuracy: 0.6777
 6/98 [>.............................] - ETA: 1s - loss: 0.9520 - accuracy: 0.6644
12/98 [==>...........................] - ETA: 0s - loss: 0.9539 - accuracy: 0.6716
17/98 [====>.........................] - ETA: 0s - loss: 0.9532 - accuracy: 0.6746
23/98 [======>.......................] - ETA: 0s - loss: 0.9565 - accuracy: 0.6727
29/98 [=======>......................] - ETA: 0s - loss: 0.9540 - accuracy: 0.6750
34/98 [=========>....................] - ETA: 0s - loss: 0.9516 - accuracy: 0.6747
40/98 [===========>..................] - ETA: 0s - loss: 0.9548 - accuracy: 0.6731
46/98 [=============>................] - ETA: 0s - loss: 0.9550 - accuracy: 0.6746
52/98 [==============>...............] - ETA: 0s - loss: 0.9513 - accuracy: 0.6762
58/98 [================>.............] - ETA: 0s - loss: 0.9522 - accuracy: 0.6765
63/98 [==================>...........] - ETA: 0s - loss: 0.9537 - accuracy: 0.6752
69/98 [====================>.........] - ETA: 0s - loss: 0.9552 - accuracy: 0.6748
75/98 [=====================>........] - ETA: 0s - loss: 0.9543 - accuracy: 0.6750
81/98 [=======================>......] - ETA: 0s - loss: 0.9557 - accuracy: 0.6745
87/98 [=========================>....] - ETA: 0s - loss: 0.9546 - accuracy: 0.6751
92/98 [===========================>..] - ETA: 0s - loss: 0.9569 - accuracy: 0.6741
97/98 [============================>.] - ETA: 0s - loss: 0.9571 - accuracy: 0.6738
98/98 [==============================] - 2s 17ms/step - loss: 0.9581 - accuracy: 0.6732 - val_loss: 1.0682 - val_accuracy: 0.6289
Epoch 16/59

 1/98 [..............................] - ETA: 3s - loss: 1.0606 - accuracy: 0.6504
 7/98 [=>............................] - ETA: 0s - loss: 0.9531 - accuracy: 0.6744
12/98 [==>...........................] - ETA: 0s - loss: 0.9412 - accuracy: 0.6777
18/98 [====>.........................] - ETA: 0s - loss: 0.9436 - accuracy: 0.6812
21/98 [=====>........................] - ETA: 1s - loss: 0.9435 - accuracy: 0.6827
26/98 [======>.......................] - ETA: 1s - loss: 0.9391 - accuracy: 0.6815
30/98 [========>.....................] - ETA: 0s - loss: 0.9393 - accuracy: 0.6822
36/98 [==========>...................] - ETA: 0s - loss: 0.9468 - accuracy: 0.6781
42/98 [===========>..................] - ETA: 0s - loss: 0.9451 - accuracy: 0.6790
48/98 [=============>................] - ETA: 0s - loss: 0.9447 - accuracy: 0.6775
52/98 [==============>...............] - ETA: 0s - loss: 0.9438 - accuracy: 0.6782
58/98 [================>.............] - ETA: 0s - loss: 0.9447 - accuracy: 0.6780
63/98 [==================>...........] - ETA: 0s - loss: 0.9451 - accuracy: 0.6772
69/98 [====================>.........] - ETA: 0s - loss: 0.9449 - accuracy: 0.6771
74/98 [=====================>........] - ETA: 0s - loss: 0.9445 - accuracy: 0.6769
80/98 [=======================>......] - ETA: 0s - loss: 0.9442 - accuracy: 0.6771
85/98 [=========================>....] - ETA: 0s - loss: 0.9434 - accuracy: 0.6776
91/98 [==========================>...] - ETA: 0s - loss: 0.9436 - accuracy: 0.6783
97/98 [============================>.] - ETA: 0s - loss: 0.9438 - accuracy: 0.6779
98/98 [==============================] - 2s 18ms/step - loss: 0.9437 - accuracy: 0.6775 - val_loss: 1.0816 - val_accuracy: 0.6190
Epoch 17/59

 1/98 [..............................] - ETA: 2s - loss: 0.9370 - accuracy: 0.6680
 7/98 [=>............................] - ETA: 0s - loss: 0.9466 - accuracy: 0.6844
13/98 [==>...........................] - ETA: 0s - loss: 0.9397 - accuracy: 0.6824
19/98 [====>.........................] - ETA: 0s - loss: 0.9413 - accuracy: 0.6803
25/98 [======>.......................] - ETA: 0s - loss: 0.9415 - accuracy: 0.6798
30/98 [========>.....................] - ETA: 0s - loss: 0.9360 - accuracy: 0.6812
35/98 [=========>....................] - ETA: 0s - loss: 0.9325 - accuracy: 0.6828
41/98 [===========>..................] - ETA: 0s - loss: 0.9318 - accuracy: 0.6824
45/98 [============>.................] - ETA: 0s - loss: 0.9329 - accuracy: 0.6816
50/98 [==============>...............] - ETA: 0s - loss: 0.9332 - accuracy: 0.6821
56/98 [================>.............] - ETA: 0s - loss: 0.9341 - accuracy: 0.6816
61/98 [=================>............] - ETA: 0s - loss: 0.9356 - accuracy: 0.6803
67/98 [===================>..........] - ETA: 0s - loss: 0.9325 - accuracy: 0.6816
71/98 [====================>.........] - ETA: 0s - loss: 0.9335 - accuracy: 0.6816
77/98 [======================>.......] - ETA: 0s - loss: 0.9310 - accuracy: 0.6823
82/98 [========================>.....] - ETA: 0s - loss: 0.9314 - accuracy: 0.6821
88/98 [=========================>....] - ETA: 0s - loss: 0.9315 - accuracy: 0.6822
94/98 [===========================>..] - ETA: 0s - loss: 0.9321 - accuracy: 0.6815
98/98 [==============================] - 2s 16ms/step - loss: 0.9323 - accuracy: 0.6812 - val_loss: 1.0563 - val_accuracy: 0.6301
Epoch 18/59

 1/98 [..............................] - ETA: 2s - loss: 0.9780 - accuracy: 0.6680
 5/98 [>.............................] - ETA: 1s - loss: 0.9424 - accuracy: 0.6770
11/98 [==>...........................] - ETA: 1s - loss: 0.9220 - accuracy: 0.6824
17/98 [====>.........................] - ETA: 0s - loss: 0.9188 - accuracy: 0.6851
23/98 [======>.......................] - ETA: 0s - loss: 0.9172 - accuracy: 0.6871
28/98 [=======>......................] - ETA: 0s - loss: 0.9165 - accuracy: 0.6858
34/98 [=========>....................] - ETA: 0s - loss: 0.9105 - accuracy: 0.6889
40/98 [===========>..................] - ETA: 0s - loss: 0.9169 - accuracy: 0.6878
45/98 [============>.................] - ETA: 0s - loss: 0.9168 - accuracy: 0.6883
51/98 [==============>...............] - ETA: 0s - loss: 0.9165 - accuracy: 0.6885
57/98 [================>.............] - ETA: 0s - loss: 0.9154 - accuracy: 0.6883
63/98 [==================>...........] - ETA: 0s - loss: 0.9180 - accuracy: 0.6877
69/98 [====================>.........] - ETA: 0s - loss: 0.9170 - accuracy: 0.6879
74/98 [=====================>........] - ETA: 0s - loss: 0.9180 - accuracy: 0.6874
80/98 [=======================>......] - ETA: 0s - loss: 0.9194 - accuracy: 0.6872
85/98 [=========================>....] - ETA: 0s - loss: 0.9181 - accuracy: 0.6872
91/98 [==========================>...] - ETA: 0s - loss: 0.9183 - accuracy: 0.6869
96/98 [============================>.] - ETA: 0s - loss: 0.9188 - accuracy: 0.6863
98/98 [==============================] - 2s 17ms/step - loss: 0.9196 - accuracy: 0.6864 - val_loss: 1.0493 - val_accuracy: 0.6369
Epoch 19/59

 1/98 [..............................] - ETA: 1s - loss: 0.9356 - accuracy: 0.6777
 6/98 [>.............................] - ETA: 1s - loss: 0.8987 - accuracy: 0.6960
11/98 [==>...........................] - ETA: 1s - loss: 0.9092 - accuracy: 0.6891
16/98 [===>..........................] - ETA: 1s - loss: 0.9182 - accuracy: 0.6862
21/98 [=====>........................] - ETA: 0s - loss: 0.9139 - accuracy: 0.6882
27/98 [=======>......................] - ETA: 0s - loss: 0.9125 - accuracy: 0.6914
33/98 [=========>....................] - ETA: 0s - loss: 0.9127 - accuracy: 0.6907
39/98 [==========>...................] - ETA: 0s - loss: 0.9115 - accuracy: 0.6910
45/98 [============>.................] - ETA: 0s - loss: 0.9118 - accuracy: 0.6915
51/98 [==============>...............] - ETA: 0s - loss: 0.9075 - accuracy: 0.6937
56/98 [================>.............] - ETA: 0s - loss: 0.9063 - accuracy: 0.6933
61/98 [=================>............] - ETA: 0s - loss: 0.9082 - accuracy: 0.6931
67/98 [===================>..........] - ETA: 0s - loss: 0.9088 - accuracy: 0.6925
71/98 [====================>.........] - ETA: 0s - loss: 0.9084 - accuracy: 0.6921
76/98 [======================>.......] - ETA: 0s - loss: 0.9077 - accuracy: 0.6927
81/98 [=======================>......] - ETA: 0s - loss: 0.9071 - accuracy: 0.6927
87/98 [=========================>....] - ETA: 0s - loss: 0.9077 - accuracy: 0.6925
92/98 [===========================>..] - ETA: 0s - loss: 0.9096 - accuracy: 0.6913
98/98 [==============================] - ETA: 0s - loss: 0.9092 - accuracy: 0.6914
98/98 [==============================] - 2s 17ms/step - loss: 0.9092 - accuracy: 0.6914 - val_loss: 1.0435 - val_accuracy: 0.6379
Epoch 20/59

 1/98 [..............................] - ETA: 3s - loss: 0.8655 - accuracy: 0.7109
 7/98 [=>............................] - ETA: 0s - loss: 0.8859 - accuracy: 0.7009
13/98 [==>...........................] - ETA: 0s - loss: 0.8637 - accuracy: 0.7073
19/98 [====>.........................] - ETA: 0s - loss: 0.8807 - accuracy: 0.7026
25/98 [======>.......................] - ETA: 0s - loss: 0.8824 - accuracy: 0.7027
30/98 [========>.....................] - ETA: 0s - loss: 0.8869 - accuracy: 0.7003
36/98 [==========>...................] - ETA: 0s - loss: 0.8901 - accuracy: 0.6988
41/98 [===========>..................] - ETA: 0s - loss: 0.8921 - accuracy: 0.6983
47/98 [=============>................] - ETA: 0s - loss: 0.8911 - accuracy: 0.6982
53/98 [===============>..............] - ETA: 0s - loss: 0.8970 - accuracy: 0.6964
59/98 [=================>............] - ETA: 0s - loss: 0.8941 - accuracy: 0.6974
64/98 [==================>...........] - ETA: 0s - loss: 0.8961 - accuracy: 0.6962
69/98 [====================>.........] - ETA: 0s - loss: 0.8963 - accuracy: 0.6952
74/98 [=====================>........] - ETA: 0s - loss: 0.8977 - accuracy: 0.6943
79/98 [=======================>......] - ETA: 0s - loss: 0.8981 - accuracy: 0.6938
84/98 [========================>.....] - ETA: 0s - loss: 0.8992 - accuracy: 0.6941
89/98 [==========================>...] - ETA: 0s - loss: 0.9010 - accuracy: 0.6929
96/98 [============================>.] - ETA: 0s - loss: 0.8987 - accuracy: 0.6934
98/98 [==============================] - 2s 16ms/step - loss: 0.8986 - accuracy: 0.6934 - val_loss: 1.0534 - val_accuracy: 0.6334
Epoch 21/59

 1/98 [..............................] - ETA: 1s - loss: 0.9054 - accuracy: 0.6964
 5/98 [>.............................] - ETA: 1s - loss: 0.8920 - accuracy: 0.7039
10/98 [==>...........................] - ETA: 1s - loss: 0.8850 - accuracy: 0.7025
16/98 [===>..........................] - ETA: 1s - loss: 0.8833 - accuracy: 0.7040
22/98 [=====>........................] - ETA: 0s - loss: 0.8765 - accuracy: 0.7056
27/98 [=======>......................] - ETA: 0s - loss: 0.8782 - accuracy: 0.7058
33/98 [=========>....................] - ETA: 0s - loss: 0.8786 - accuracy: 0.7048
38/98 [==========>...................] - ETA: 0s - loss: 0.8850 - accuracy: 0.7013
43/98 [============>.................] - ETA: 0s - loss: 0.8902 - accuracy: 0.6999
48/98 [=============>................] - ETA: 0s - loss: 0.8859 - accuracy: 0.7012
53/98 [===============>..............] - ETA: 0s - loss: 0.8856 - accuracy: 0.7009
58/98 [================>.............] - ETA: 0s - loss: 0.8844 - accuracy: 0.7013
63/98 [==================>...........] - ETA: 0s - loss: 0.8861 - accuracy: 0.7008
69/98 [====================>.........] - ETA: 0s - loss: 0.8845 - accuracy: 0.7007
75/98 [=====================>........] - ETA: 0s - loss: 0.8834 - accuracy: 0.7004
80/98 [=======================>......] - ETA: 0s - loss: 0.8835 - accuracy: 0.7006
85/98 [=========================>....] - ETA: 0s - loss: 0.8846 - accuracy: 0.6998
91/98 [==========================>...] - ETA: 0s - loss: 0.8850 - accuracy: 0.6994
97/98 [============================>.] - ETA: 0s - loss: 0.8860 - accuracy: 0.6990
98/98 [==============================] - 2s 17ms/step - loss: 0.8869 - accuracy: 0.6985 - val_loss: 1.0452 - val_accuracy: 0.6358
Epoch 22/59

 1/98 [..............................] - ETA: 1s - loss: 0.8033 - accuracy: 0.7324
 6/98 [>.............................] - ETA: 1s - loss: 0.8558 - accuracy: 0.7126
11/98 [==>...........................] - ETA: 1s - loss: 0.8576 - accuracy: 0.7134
16/98 [===>..........................] - ETA: 1s - loss: 0.8627 - accuracy: 0.7119
21/98 [=====>........................] - ETA: 0s - loss: 0.8650 - accuracy: 0.7085
26/98 [======>.......................] - ETA: 0s - loss: 0.8686 - accuracy: 0.7048
32/98 [========>.....................] - ETA: 0s - loss: 0.8654 - accuracy: 0.7058
38/98 [==========>...................] - ETA: 0s - loss: 0.8714 - accuracy: 0.7030
44/98 [============>.................] - ETA: 0s - loss: 0.8709 - accuracy: 0.7021
49/98 [==============>...............] - ETA: 0s - loss: 0.8726 - accuracy: 0.7015
54/98 [===============>..............] - ETA: 0s - loss: 0.8712 - accuracy: 0.7018
60/98 [=================>............] - ETA: 0s - loss: 0.8733 - accuracy: 0.7007
65/98 [==================>...........] - ETA: 0s - loss: 0.8717 - accuracy: 0.7024
71/98 [====================>.........] - ETA: 0s - loss: 0.8715 - accuracy: 0.7028
77/98 [======================>.......] - ETA: 0s - loss: 0.8743 - accuracy: 0.7016
83/98 [========================>.....] - ETA: 0s - loss: 0.8744 - accuracy: 0.7011
88/98 [=========================>....] - ETA: 0s - loss: 0.8766 - accuracy: 0.7010
94/98 [===========================>..] - ETA: 0s - loss: 0.8760 - accuracy: 0.7013
98/98 [==============================] - 2s 17ms/step - loss: 0.8775 - accuracy: 0.7009 - val_loss: 1.0366 - val_accuracy: 0.6423
Epoch 23/59

 1/98 [..............................] - ETA: 3s - loss: 0.8730 - accuracy: 0.7148
 5/98 [>.............................] - ETA: 1s - loss: 0.8649 - accuracy: 0.7070
11/98 [==>...........................] - ETA: 1s - loss: 0.8714 - accuracy: 0.7056
15/98 [===>..........................] - ETA: 1s - loss: 0.8763 - accuracy: 0.7034
21/98 [=====>........................] - ETA: 0s - loss: 0.8746 - accuracy: 0.7030
26/98 [======>.......................] - ETA: 0s - loss: 0.8759 - accuracy: 0.7016
32/98 [========>.....................] - ETA: 0s - loss: 0.8739 - accuracy: 0.7031
37/98 [==========>...................] - ETA: 0s - loss: 0.8720 - accuracy: 0.7031
43/98 [============>.................] - ETA: 0s - loss: 0.8719 - accuracy: 0.7026
47/98 [=============>................] - ETA: 0s - loss: 0.8730 - accuracy: 0.7016
53/98 [===============>..............] - ETA: 0s - loss: 0.8710 - accuracy: 0.7028
