2024-06-26 14:50:05.755111: I tensorflow/core/platform/cpu_feature_guard.cc:193] This TensorFlow binary is optimized with oneAPI Deep Neural Network Library (oneDNN) to use the following CPU instructions in performance-critical operations:  AVX AVX2
To enable them in other operations, rebuild TensorFlow with the appropriate compiler flags.
2024-06-26 14:50:06.297932: I tensorflow/core/common_runtime/gpu/gpu_device.cc:1616] Created device /job:localhost/replica:0/task:0/device:GPU:0 with 6656 MB memory:  -> device: 0, name: NVIDIA GeForce RTX 4060 Ti, pci bus id: 0000:01:00.0, compute capability: 8.9
1 Physical GPUs, 1 Logical GPUs
Model: "sequential"
_________________________________________________________________
 Layer (type)                Output Shape              Param #   
=================================================================
 conv2d (Conv2D)             (None, 32, 32, 32)        896       
                                                                 
 max_pooling2d (MaxPooling2D  (None, 16, 16, 32)       0         
 )                                                               
                                                                 
 batch_normalization (BatchN  (None, 16, 16, 32)       128       
 ormalization)                                                   
                                                                 
 dropout (Dropout)           (None, 16, 16, 32)        0         
                                                                 
 flatten (Flatten)           (None, 8192)              0         
                                                                 
 dense (Dense)               (None, 10)                81930     
                                                                 
=================================================================
Total params: 82,954
Trainable params: 82,890
Non-trainable params: 64
_________________________________________________________________
Taxa de aprendizado:  0.0001 Num de épocas:  59 Tamanho do lote:  512 Dropout:  0.07236
Epoch 1/59
2024-06-26 14:50:07.554759: I tensorflow/stream_executor/cuda/cuda_dnn.cc:384] Loaded cuDNN version 8100
2024-06-26 14:50:08.399956: W tensorflow/stream_executor/gpu/redzone_allocator.cc:314] INTERNAL: ptxas exited with non-zero error code -1, output: 
Relying on driver to perform ptx compilation. 
Modify $PATH to customize ptxas location.
This message will be only logged once.
2024-06-26 14:50:09.168317: I tensorflow/stream_executor/cuda/cuda_blas.cc:1614] TensorFloat-32 will be used for the matrix multiplication. This will only be logged once.

 1/98 [..............................] - ETA: 4:26 - loss: 2.8199 - accuracy: 0.1094
 6/98 [>.............................] - ETA: 1s - loss: 2.6560 - accuracy: 0.1247  
11/98 [==>...........................] - ETA: 1s - loss: 2.5331 - accuracy: 0.1456
17/98 [====>.........................] - ETA: 0s - loss: 2.4189 - accuracy: 0.1734
22/98 [=====>........................] - ETA: 0s - loss: 2.3511 - accuracy: 0.1921
28/98 [=======>......................] - ETA: 0s - loss: 2.2837 - accuracy: 0.2105
33/98 [=========>....................] - ETA: 0s - loss: 2.2403 - accuracy: 0.2239
39/98 [==========>...................] - ETA: 0s - loss: 2.1981 - accuracy: 0.2353
41/98 [===========>..................] - ETA: 0s - loss: 2.1875 - accuracy: 0.2388
45/98 [============>.................] - ETA: 0s - loss: 2.1614 - accuracy: 0.2475
51/98 [==============>...............] - ETA: 0s - loss: 2.1260 - accuracy: 0.2582
56/98 [================>.............] - ETA: 0s - loss: 2.1014 - accuracy: 0.2664
61/98 [=================>............] - ETA: 0s - loss: 2.0796 - accuracy: 0.2726
66/98 [===================>..........] - ETA: 0s - loss: 2.0591 - accuracy: 0.2790
72/98 [=====================>........] - ETA: 0s - loss: 2.0348 - accuracy: 0.2871
77/98 [======================>.......] - ETA: 0s - loss: 2.0186 - accuracy: 0.2920
83/98 [========================>.....] - ETA: 0s - loss: 1.9988 - accuracy: 0.2988
89/98 [==========================>...] - ETA: 0s - loss: 1.9826 - accuracy: 0.3042
94/98 [===========================>..] - ETA: 0s - loss: 1.9689 - accuracy: 0.3083
98/98 [==============================] - 5s 22ms/step - loss: 1.9594 - accuracy: 0.3119 - val_loss: 2.1359 - val_accuracy: 0.2398
Epoch 2/59

 1/98 [..............................] - ETA: 3s - loss: 1.7261 - accuracy: 0.3770
 7/98 [=>............................] - ETA: 0s - loss: 1.6736 - accuracy: 0.4093
13/98 [==>...........................] - ETA: 0s - loss: 1.6670 - accuracy: 0.4139
18/98 [====>.........................] - ETA: 0s - loss: 1.6514 - accuracy: 0.4200
24/98 [======>.......................] - ETA: 0s - loss: 1.6507 - accuracy: 0.4214
30/98 [========>.....................] - ETA: 0s - loss: 1.6418 - accuracy: 0.4219
35/98 [=========>....................] - ETA: 0s - loss: 1.6360 - accuracy: 0.4246
41/98 [===========>..................] - ETA: 0s - loss: 1.6298 - accuracy: 0.4266
47/98 [=============>................] - ETA: 0s - loss: 1.6272 - accuracy: 0.4264
52/98 [==============>...............] - ETA: 0s - loss: 1.6229 - accuracy: 0.4274
58/98 [================>.............] - ETA: 0s - loss: 1.6174 - accuracy: 0.4294
63/98 [==================>...........] - ETA: 0s - loss: 1.6139 - accuracy: 0.4304
68/98 [===================>..........] - ETA: 0s - loss: 1.6100 - accuracy: 0.4322
74/98 [=====================>........] - ETA: 0s - loss: 1.6046 - accuracy: 0.4340
80/98 [=======================>......] - ETA: 0s - loss: 1.5974 - accuracy: 0.4372
86/98 [=========================>....] - ETA: 0s - loss: 1.5916 - accuracy: 0.4401
91/98 [==========================>...] - ETA: 0s - loss: 1.5876 - accuracy: 0.4411
96/98 [============================>.] - ETA: 0s - loss: 1.5845 - accuracy: 0.4426
98/98 [==============================] - 2s 17ms/step - loss: 1.5832 - accuracy: 0.4433 - val_loss: 1.9901 - val_accuracy: 0.3706
Epoch 3/59

 1/98 [..............................] - ETA: 1s - loss: 1.4808 - accuracy: 0.4590
 6/98 [>.............................] - ETA: 1s - loss: 1.4590 - accuracy: 0.4935
11/98 [==>...........................] - ETA: 1s - loss: 1.4648 - accuracy: 0.4863
17/98 [====>.........................] - ETA: 0s - loss: 1.4682 - accuracy: 0.4846
22/98 [=====>........................] - ETA: 0s - loss: 1.4726 - accuracy: 0.4835
27/98 [=======>......................] - ETA: 0s - loss: 1.4756 - accuracy: 0.4844
33/98 [=========>....................] - ETA: 0s - loss: 1.4735 - accuracy: 0.4829
38/98 [==========>...................] - ETA: 0s - loss: 1.4723 - accuracy: 0.4845
43/98 [============>.................] - ETA: 0s - loss: 1.4687 - accuracy: 0.4865
48/98 [=============>................] - ETA: 0s - loss: 1.4670 - accuracy: 0.4867
54/98 [===============>..............] - ETA: 0s - loss: 1.4622 - accuracy: 0.4898
59/98 [=================>............] - ETA: 0s - loss: 1.4616 - accuracy: 0.4896
64/98 [==================>...........] - ETA: 0s - loss: 1.4579 - accuracy: 0.4902
69/98 [====================>.........] - ETA: 0s - loss: 1.4553 - accuracy: 0.4913
74/98 [=====================>........] - ETA: 0s - loss: 1.4514 - accuracy: 0.4930
80/98 [=======================>......] - ETA: 0s - loss: 1.4497 - accuracy: 0.4941
85/98 [=========================>....] - ETA: 0s - loss: 1.4464 - accuracy: 0.4954
91/98 [==========================>...] - ETA: 0s - loss: 1.4439 - accuracy: 0.4969
97/98 [============================>.] - ETA: 0s - loss: 1.4417 - accuracy: 0.4971
98/98 [==============================] - 2s 18ms/step - loss: 1.4408 - accuracy: 0.4975 - val_loss: 1.8180 - val_accuracy: 0.4315
Epoch 4/59

 1/98 [..............................] - ETA: 3s - loss: 1.3471 - accuracy: 0.5234
 7/98 [=>............................] - ETA: 0s - loss: 1.3539 - accuracy: 0.5290
12/98 [==>...........................] - ETA: 0s - loss: 1.3559 - accuracy: 0.5286
17/98 [====>.........................] - ETA: 0s - loss: 1.3560 - accuracy: 0.5263
23/98 [======>.......................] - ETA: 0s - loss: 1.3686 - accuracy: 0.5225
29/98 [=======>......................] - ETA: 0s - loss: 1.3771 - accuracy: 0.5196
34/98 [=========>....................] - ETA: 0s - loss: 1.3774 - accuracy: 0.5199
39/98 [==========>...................] - ETA: 0s - loss: 1.3757 - accuracy: 0.5197
44/98 [============>.................] - ETA: 0s - loss: 1.3739 - accuracy: 0.5204
49/98 [==============>...............] - ETA: 0s - loss: 1.3705 - accuracy: 0.5203
54/98 [===============>..............] - ETA: 0s - loss: 1.3667 - accuracy: 0.5212
59/98 [=================>............] - ETA: 0s - loss: 1.3638 - accuracy: 0.5230
64/98 [==================>...........] - ETA: 0s - loss: 1.3598 - accuracy: 0.5253
69/98 [====================>.........] - ETA: 0s - loss: 1.3588 - accuracy: 0.5268
74/98 [=====================>........] - ETA: 0s - loss: 1.3562 - accuracy: 0.5283
79/98 [=======================>......] - ETA: 0s - loss: 1.3515 - accuracy: 0.5302
85/98 [=========================>....] - ETA: 0s - loss: 1.3497 - accuracy: 0.5304
91/98 [==========================>...] - ETA: 0s - loss: 1.3479 - accuracy: 0.5306
96/98 [============================>.] - ETA: 0s - loss: 1.3465 - accuracy: 0.5319
98/98 [==============================] - 2s 18ms/step - loss: 1.3462 - accuracy: 0.5317 - val_loss: 1.6294 - val_accuracy: 0.4807
Epoch 5/59

 1/98 [..............................] - ETA: 2s - loss: 1.3153 - accuracy: 0.5410
 7/98 [=>............................] - ETA: 0s - loss: 1.2550 - accuracy: 0.5622
12/98 [==>...........................] - ETA: 0s - loss: 1.2815 - accuracy: 0.5533
17/98 [====>.........................] - ETA: 0s - loss: 1.2856 - accuracy: 0.5505
23/98 [======>.......................] - ETA: 0s - loss: 1.2900 - accuracy: 0.5495
28/98 [=======>......................] - ETA: 0s - loss: 1.2905 - accuracy: 0.5456
34/98 [=========>....................] - ETA: 0s - loss: 1.2907 - accuracy: 0.5476
40/98 [===========>..................] - ETA: 0s - loss: 1.2923 - accuracy: 0.5475
45/98 [============>.................] - ETA: 0s - loss: 1.2900 - accuracy: 0.5475
51/98 [==============>...............] - ETA: 0s - loss: 1.2905 - accuracy: 0.5475
57/98 [================>.............] - ETA: 0s - loss: 1.2882 - accuracy: 0.5500
61/98 [=================>............] - ETA: 0s - loss: 1.2866 - accuracy: 0.5511
66/98 [===================>..........] - ETA: 0s - loss: 1.2864 - accuracy: 0.5521
71/98 [====================>.........] - ETA: 0s - loss: 1.2848 - accuracy: 0.5534
76/98 [======================>.......] - ETA: 0s - loss: 1.2825 - accuracy: 0.5543
82/98 [========================>.....] - ETA: 0s - loss: 1.2821 - accuracy: 0.5543
87/98 [=========================>....] - ETA: 0s - loss: 1.2822 - accuracy: 0.5547
92/98 [===========================>..] - ETA: 0s - loss: 1.2814 - accuracy: 0.5544
97/98 [============================>.] - ETA: 0s - loss: 1.2802 - accuracy: 0.5546
98/98 [==============================] - 2s 17ms/step - loss: 1.2803 - accuracy: 0.5546 - val_loss: 1.4543 - val_accuracy: 0.5153
Epoch 6/59

 1/98 [..............................] - ETA: 4s - loss: 1.1710 - accuracy: 0.5918
 5/98 [>.............................] - ETA: 1s - loss: 1.2227 - accuracy: 0.5742
 9/98 [=>............................] - ETA: 1s - loss: 1.2279 - accuracy: 0.5762
15/98 [===>..........................] - ETA: 1s - loss: 1.2353 - accuracy: 0.5724
20/98 [=====>........................] - ETA: 0s - loss: 1.2407 - accuracy: 0.5716
26/98 [======>.......................] - ETA: 0s - loss: 1.2411 - accuracy: 0.5686
31/98 [========>.....................] - ETA: 0s - loss: 1.2392 - accuracy: 0.5690
37/98 [==========>...................] - ETA: 0s - loss: 1.2366 - accuracy: 0.5714
42/98 [===========>..................] - ETA: 0s - loss: 1.2356 - accuracy: 0.5710
48/98 [=============>................] - ETA: 0s - loss: 1.2316 - accuracy: 0.5718
54/98 [===============>..............] - ETA: 0s - loss: 1.2304 - accuracy: 0.5737
60/98 [=================>............] - ETA: 0s - loss: 1.2308 - accuracy: 0.5732
66/98 [===================>..........] - ETA: 0s - loss: 1.2296 - accuracy: 0.5734
72/98 [=====================>........] - ETA: 0s - loss: 1.2301 - accuracy: 0.5734
78/98 [======================>.......] - ETA: 0s - loss: 1.2286 - accuracy: 0.5744
83/98 [========================>.....] - ETA: 0s - loss: 1.2284 - accuracy: 0.5743
89/98 [==========================>...] - ETA: 0s - loss: 1.2285 - accuracy: 0.5746
95/98 [============================>.] - ETA: 0s - loss: 1.2258 - accuracy: 0.5755
98/98 [==============================] - 2s 17ms/step - loss: 1.2267 - accuracy: 0.5753 - val_loss: 1.3147 - val_accuracy: 0.5533
Epoch 7/59

 1/98 [..............................] - ETA: 3s - loss: 1.2338 - accuracy: 0.5645
 5/98 [>.............................] - ETA: 1s - loss: 1.1818 - accuracy: 0.5910
11/98 [==>...........................] - ETA: 1s - loss: 1.1898 - accuracy: 0.5897
17/98 [====>.........................] - ETA: 0s - loss: 1.1879 - accuracy: 0.5878
23/98 [======>.......................] - ETA: 0s - loss: 1.1869 - accuracy: 0.5856
28/98 [=======>......................] - ETA: 0s - loss: 1.1880 - accuracy: 0.5871
34/98 [=========>....................] - ETA: 0s - loss: 1.1911 - accuracy: 0.5873
40/98 [===========>..................] - ETA: 0s - loss: 1.1894 - accuracy: 0.5869
45/98 [============>.................] - ETA: 0s - loss: 1.1890 - accuracy: 0.5874
51/98 [==============>...............] - ETA: 0s - loss: 1.1924 - accuracy: 0.5861
57/98 [================>.............] - ETA: 0s - loss: 1.1925 - accuracy: 0.5852
62/98 [=================>............] - ETA: 0s - loss: 1.1913 - accuracy: 0.5863
68/98 [===================>..........] - ETA: 0s - loss: 1.1918 - accuracy: 0.5857
74/98 [=====================>........] - ETA: 0s - loss: 1.1922 - accuracy: 0.5856
80/98 [=======================>......] - ETA: 0s - loss: 1.1892 - accuracy: 0.5865
85/98 [=========================>....] - ETA: 0s - loss: 1.1887 - accuracy: 0.5866
90/98 [==========================>...] - ETA: 0s - loss: 1.1883 - accuracy: 0.5868
94/98 [===========================>..] - ETA: 0s - loss: 1.1889 - accuracy: 0.5865
98/98 [==============================] - 2s 16ms/step - loss: 1.1869 - accuracy: 0.5878 - val_loss: 1.2364 - val_accuracy: 0.5686
Epoch 8/59

 1/98 [..............................] - ETA: 3s - loss: 1.2078 - accuracy: 0.5508
 7/98 [=>............................] - ETA: 0s - loss: 1.1529 - accuracy: 0.5993
12/98 [==>...........................] - ETA: 0s - loss: 1.1590 - accuracy: 0.5978
18/98 [====>.........................] - ETA: 0s - loss: 1.1618 - accuracy: 0.5991
25/98 [======>.......................] - ETA: 0s - loss: 1.1593 - accuracy: 0.6014
31/98 [========>.....................] - ETA: 0s - loss: 1.1598 - accuracy: 0.5995
36/98 [==========>...................] - ETA: 0s - loss: 1.1567 - accuracy: 0.5996
41/98 [===========>..................] - ETA: 0s - loss: 1.1559 - accuracy: 0.6014
46/98 [=============>................] - ETA: 0s - loss: 1.1557 - accuracy: 0.6016
52/98 [==============>...............] - ETA: 0s - loss: 1.1579 - accuracy: 0.6007
58/98 [================>.............] - ETA: 0s - loss: 1.1586 - accuracy: 0.5999
64/98 [==================>...........] - ETA: 0s - loss: 1.1584 - accuracy: 0.5989
70/98 [====================>.........] - ETA: 0s - loss: 1.1558 - accuracy: 0.6000
76/98 [======================>.......] - ETA: 0s - loss: 1.1557 - accuracy: 0.6004
82/98 [========================>.....] - ETA: 0s - loss: 1.1535 - accuracy: 0.6007
87/98 [=========================>....] - ETA: 0s - loss: 1.1515 - accuracy: 0.6016
93/98 [===========================>..] - ETA: 0s - loss: 1.1509 - accuracy: 0.6019
98/98 [==============================] - ETA: 0s - loss: 1.1497 - accuracy: 0.6022
98/98 [==============================] - 2s 16ms/step - loss: 1.1497 - accuracy: 0.6022 - val_loss: 1.1993 - val_accuracy: 0.5782
Epoch 9/59

 1/98 [..............................] - ETA: 3s - loss: 1.0761 - accuracy: 0.6133
 7/98 [=>............................] - ETA: 0s - loss: 1.0982 - accuracy: 0.6256
13/98 [==>...........................] - ETA: 0s - loss: 1.1147 - accuracy: 0.6112
18/98 [====>.........................] - ETA: 0s - loss: 1.1151 - accuracy: 0.6117
24/98 [======>.......................] - ETA: 0s - loss: 1.1238 - accuracy: 0.6090
30/98 [========>.....................] - ETA: 0s - loss: 1.1172 - accuracy: 0.6137
35/98 [=========>....................] - ETA: 0s - loss: 1.1169 - accuracy: 0.6141
41/98 [===========>..................] - ETA: 0s - loss: 1.1186 - accuracy: 0.6132
47/98 [=============>................] - ETA: 0s - loss: 1.1200 - accuracy: 0.6122
53/98 [===============>..............] - ETA: 0s - loss: 1.1239 - accuracy: 0.6102
58/98 [================>.............] - ETA: 0s - loss: 1.1244 - accuracy: 0.6094
64/98 [==================>...........] - ETA: 0s - loss: 1.1254 - accuracy: 0.6106
70/98 [====================>.........] - ETA: 0s - loss: 1.1251 - accuracy: 0.6111
75/98 [=====================>........] - ETA: 0s - loss: 1.1242 - accuracy: 0.6109
80/98 [=======================>......] - ETA: 0s - loss: 1.1231 - accuracy: 0.6113
86/98 [=========================>....] - ETA: 0s - loss: 1.1219 - accuracy: 0.6121
91/98 [==========================>...] - ETA: 0s - loss: 1.1205 - accuracy: 0.6131
97/98 [============================>.] - ETA: 0s - loss: 1.1207 - accuracy: 0.6129
98/98 [==============================] - 2s 17ms/step - loss: 1.1204 - accuracy: 0.6129 - val_loss: 1.1782 - val_accuracy: 0.5860
Epoch 10/59

 1/98 [..............................] - ETA: 3s - loss: 1.0554 - accuracy: 0.6426
 6/98 [>.............................] - ETA: 1s - loss: 1.0836 - accuracy: 0.6257
11/98 [==>...........................] - ETA: 1s - loss: 1.0714 - accuracy: 0.6330
15/98 [===>..........................] - ETA: 0s - loss: 1.0784 - accuracy: 0.6301
21/98 [=====>........................] - ETA: 0s - loss: 1.0811 - accuracy: 0.6258
27/98 [=======>......................] - ETA: 0s - loss: 1.0879 - accuracy: 0.6220
33/98 [=========>....................] - ETA: 0s - loss: 1.0931 - accuracy: 0.6216
38/98 [==========>...................] - ETA: 0s - loss: 1.0918 - accuracy: 0.6216
44/98 [============>.................] - ETA: 0s - loss: 1.0926 - accuracy: 0.6229
49/98 [==============>...............] - ETA: 0s - loss: 1.0951 - accuracy: 0.6222
56/98 [================>.............] - ETA: 0s - loss: 1.0942 - accuracy: 0.6226
62/98 [=================>............] - ETA: 0s - loss: 1.0927 - accuracy: 0.6225
67/98 [===================>..........] - ETA: 0s - loss: 1.0939 - accuracy: 0.6208
73/98 [=====================>........] - ETA: 0s - loss: 1.0938 - accuracy: 0.6213
79/98 [=======================>......] - ETA: 0s - loss: 1.0950 - accuracy: 0.6214
85/98 [=========================>....] - ETA: 0s - loss: 1.0942 - accuracy: 0.6219
90/98 [==========================>...] - ETA: 0s - loss: 1.0968 - accuracy: 0.6210
96/98 [============================>.] - ETA: 0s - loss: 1.0966 - accuracy: 0.6215
98/98 [==============================] - 2s 17ms/step - loss: 1.0959 - accuracy: 0.6218 - val_loss: 1.1701 - val_accuracy: 0.5850
Epoch 11/59

 1/98 [..............................] - ETA: 3s - loss: 1.0903 - accuracy: 0.6348
 6/98 [>.............................] - ETA: 1s - loss: 1.0871 - accuracy: 0.6240
12/98 [==>...........................] - ETA: 0s - loss: 1.0817 - accuracy: 0.6260
18/98 [====>.........................] - ETA: 0s - loss: 1.0837 - accuracy: 0.6261
24/98 [======>.......................] - ETA: 0s - loss: 1.0780 - accuracy: 0.6275
30/98 [========>.....................] - ETA: 0s - loss: 1.0770 - accuracy: 0.6280
36/98 [==========>...................] - ETA: 0s - loss: 1.0793 - accuracy: 0.6286
42/98 [===========>..................] - ETA: 0s - loss: 1.0714 - accuracy: 0.6310
48/98 [=============>................] - ETA: 0s - loss: 1.0698 - accuracy: 0.6306
54/98 [===============>..............] - ETA: 0s - loss: 1.0712 - accuracy: 0.6304
60/98 [=================>............] - ETA: 0s - loss: 1.0728 - accuracy: 0.6302
66/98 [===================>..........] - ETA: 0s - loss: 1.0719 - accuracy: 0.6303
71/98 [====================>.........] - ETA: 0s - loss: 1.0727 - accuracy: 0.6303
77/98 [======================>.......] - ETA: 0s - loss: 1.0711 - accuracy: 0.6307
83/98 [========================>.....] - ETA: 0s - loss: 1.0707 - accuracy: 0.6312
89/98 [==========================>...] - ETA: 0s - loss: 1.0699 - accuracy: 0.6318
95/98 [============================>.] - ETA: 0s - loss: 1.0715 - accuracy: 0.6323
98/98 [==============================] - 2s 16ms/step - loss: 1.0714 - accuracy: 0.6321 - val_loss: 1.1465 - val_accuracy: 0.5940
Epoch 12/59

 1/98 [..............................] - ETA: 3s - loss: 0.9981 - accuracy: 0.6367
 7/98 [=>............................] - ETA: 0s - loss: 1.0436 - accuracy: 0.6353
13/98 [==>...........................] - ETA: 0s - loss: 1.0513 - accuracy: 0.6343
19/98 [====>.........................] - ETA: 0s - loss: 1.0502 - accuracy: 0.6376
23/98 [======>.......................] - ETA: 0s - loss: 1.0465 - accuracy: 0.6365
29/98 [=======>......................] - ETA: 0s - loss: 1.0480 - accuracy: 0.6354
34/98 [=========>....................] - ETA: 0s - loss: 1.0449 - accuracy: 0.6377
40/98 [===========>..................] - ETA: 0s - loss: 1.0449 - accuracy: 0.6403
46/98 [=============>................] - ETA: 0s - loss: 1.0435 - accuracy: 0.6413
51/98 [==============>...............] - ETA: 0s - loss: 1.0466 - accuracy: 0.6400
58/98 [================>.............] - ETA: 0s - loss: 1.0485 - accuracy: 0.6398
63/98 [==================>...........] - ETA: 0s - loss: 1.0512 - accuracy: 0.6393
69/98 [====================>.........] - ETA: 0s - loss: 1.0508 - accuracy: 0.6388
75/98 [=====================>........] - ETA: 0s - loss: 1.0505 - accuracy: 0.6390
80/98 [=======================>......] - ETA: 0s - loss: 1.0500 - accuracy: 0.6390
85/98 [=========================>....] - ETA: 0s - loss: 1.0505 - accuracy: 0.6393
91/98 [==========================>...] - ETA: 0s - loss: 1.0496 - accuracy: 0.6393
96/98 [============================>.] - ETA: 0s - loss: 1.0512 - accuracy: 0.6388
98/98 [==============================] - 2s 17ms/step - loss: 1.0518 - accuracy: 0.6389 - val_loss: 1.1460 - val_accuracy: 0.5963
Epoch 13/59

 1/98 [..............................] - ETA: 3s - loss: 1.0106 - accuracy: 0.6484
 6/98 [>.............................] - ETA: 1s - loss: 1.0241 - accuracy: 0.6488
12/98 [==>...........................] - ETA: 0s - loss: 1.0194 - accuracy: 0.6483
17/98 [====>.........................] - ETA: 0s - loss: 1.0268 - accuracy: 0.6443
23/98 [======>.......................] - ETA: 0s - loss: 1.0332 - accuracy: 0.6450
27/98 [=======>......................] - ETA: 0s - loss: 1.0344 - accuracy: 0.6445
33/98 [=========>....................] - ETA: 0s - loss: 1.0403 - accuracy: 0.6414
39/98 [==========>...................] - ETA: 0s - loss: 1.0405 - accuracy: 0.6404
45/98 [============>.................] - ETA: 0s - loss: 1.0386 - accuracy: 0.6416
51/98 [==============>...............] - ETA: 0s - loss: 1.0371 - accuracy: 0.6419
56/98 [================>.............] - ETA: 0s - loss: 1.0356 - accuracy: 0.6427
61/98 [=================>............] - ETA: 0s - loss: 1.0327 - accuracy: 0.6443
67/98 [===================>..........] - ETA: 0s - loss: 1.0331 - accuracy: 0.6444
72/98 [=====================>........] - ETA: 0s - loss: 1.0328 - accuracy: 0.6444
78/98 [======================>.......] - ETA: 0s - loss: 1.0299 - accuracy: 0.6458
84/98 [========================>.....] - ETA: 0s - loss: 1.0316 - accuracy: 0.6453
90/98 [==========================>...] - ETA: 0s - loss: 1.0323 - accuracy: 0.6451
96/98 [============================>.] - ETA: 0s - loss: 1.0305 - accuracy: 0.6462
98/98 [==============================] - 2s 17ms/step - loss: 1.0322 - accuracy: 0.6454 - val_loss: 1.1233 - val_accuracy: 0.6035
Epoch 14/59

 1/98 [..............................] - ETA: 3s - loss: 1.0164 - accuracy: 0.6680
 6/98 [>.............................] - ETA: 0s - loss: 0.9977 - accuracy: 0.6579
12/98 [==>...........................] - ETA: 0s - loss: 0.9970 - accuracy: 0.6642
17/98 [====>.........................] - ETA: 0s - loss: 0.9940 - accuracy: 0.6635
23/98 [======>.......................] - ETA: 0s - loss: 1.0095 - accuracy: 0.6592
28/98 [=======>......................] - ETA: 0s - loss: 1.0123 - accuracy: 0.6566
34/98 [=========>....................] - ETA: 0s - loss: 1.0125 - accuracy: 0.6533
40/98 [===========>..................] - ETA: 0s - loss: 1.0109 - accuracy: 0.6546
46/98 [=============>................] - ETA: 0s - loss: 1.0110 - accuracy: 0.6546
52/98 [==============>...............] - ETA: 0s - loss: 1.0124 - accuracy: 0.6523
57/98 [================>.............] - ETA: 0s - loss: 1.0125 - accuracy: 0.6517
63/98 [==================>...........] - ETA: 0s - loss: 1.0110 - accuracy: 0.6532
69/98 [====================>.........] - ETA: 0s - loss: 1.0140 - accuracy: 0.6521
75/98 [=====================>........] - ETA: 0s - loss: 1.0140 - accuracy: 0.6516
81/98 [=======================>......] - ETA: 0s - loss: 1.0132 - accuracy: 0.6511
87/98 [=========================>....] - ETA: 0s - loss: 1.0142 - accuracy: 0.6506
93/98 [===========================>..] - ETA: 0s - loss: 1.0144 - accuracy: 0.6506
98/98 [==============================] - ETA: 0s - loss: 1.0135 - accuracy: 0.6508
98/98 [==============================] - 2s 16ms/step - loss: 1.0135 - accuracy: 0.6508 - val_loss: 1.1172 - val_accuracy: 0.6050
Epoch 15/59

 1/98 [..............................] - ETA: 3s - loss: 1.0181 - accuracy: 0.6367
 6/98 [>.............................] - ETA: 1s - loss: 0.9808 - accuracy: 0.6608
11/98 [==>...........................] - ETA: 1s - loss: 0.9816 - accuracy: 0.6596
17/98 [====>.........................] - ETA: 0s - loss: 0.9853 - accuracy: 0.6596
23/98 [======>.......................] - ETA: 0s - loss: 0.9826 - accuracy: 0.6591
29/98 [=======>......................] - ETA: 0s - loss: 0.9855 - accuracy: 0.6611
34/98 [=========>....................] - ETA: 0s - loss: 0.9892 - accuracy: 0.6610
40/98 [===========>..................] - ETA: 0s - loss: 0.9904 - accuracy: 0.6598
47/98 [=============>................] - ETA: 0s - loss: 0.9879 - accuracy: 0.6603
53/98 [===============>..............] - ETA: 0s - loss: 0.9869 - accuracy: 0.6605
59/98 [=================>............] - ETA: 0s - loss: 0.9870 - accuracy: 0.6602
65/98 [==================>...........] - ETA: 0s - loss: 0.9877 - accuracy: 0.6603
71/98 [====================>.........] - ETA: 0s - loss: 0.9907 - accuracy: 0.6596
78/98 [======================>.......] - ETA: 0s - loss: 0.9933 - accuracy: 0.6589
83/98 [========================>.....] - ETA: 0s - loss: 0.9953 - accuracy: 0.6581
88/98 [=========================>....] - ETA: 0s - loss: 0.9968 - accuracy: 0.6576
94/98 [===========================>..] - ETA: 0s - loss: 0.9961 - accuracy: 0.6577
98/98 [==============================] - 2s 16ms/step - loss: 0.9959 - accuracy: 0.6581 - val_loss: 1.1065 - val_accuracy: 0.6124
Epoch 16/59

 1/98 [..............................] - ETA: 3s - loss: 1.0116 - accuracy: 0.6523
 7/98 [=>............................] - ETA: 0s - loss: 0.9656 - accuracy: 0.6722
13/98 [==>...........................] - ETA: 0s - loss: 0.9774 - accuracy: 0.6681
18/98 [====>.........................] - ETA: 0s - loss: 0.9719 - accuracy: 0.6689
23/98 [======>.......................] - ETA: 0s - loss: 0.9733 - accuracy: 0.6677
28/98 [=======>......................] - ETA: 0s - loss: 0.9730 - accuracy: 0.6664
33/98 [=========>....................] - ETA: 0s - loss: 0.9717 - accuracy: 0.6664
39/98 [==========>...................] - ETA: 0s - loss: 0.9740 - accuracy: 0.6676
45/98 [============>.................] - ETA: 0s - loss: 0.9677 - accuracy: 0.6704
51/98 [==============>...............] - ETA: 0s - loss: 0.9691 - accuracy: 0.6686
56/98 [================>.............] - ETA: 0s - loss: 0.9685 - accuracy: 0.6692
62/98 [=================>............] - ETA: 0s - loss: 0.9727 - accuracy: 0.6679
67/98 [===================>..........] - ETA: 0s - loss: 0.9753 - accuracy: 0.6676
72/98 [=====================>........] - ETA: 0s - loss: 0.9769 - accuracy: 0.6668
78/98 [======================>.......] - ETA: 0s - loss: 0.9766 - accuracy: 0.6669
83/98 [========================>.....] - ETA: 0s - loss: 0.9775 - accuracy: 0.6668
89/98 [==========================>...] - ETA: 0s - loss: 0.9794 - accuracy: 0.6662
95/98 [============================>.] - ETA: 0s - loss: 0.9802 - accuracy: 0.6653
98/98 [==============================] - 2s 17ms/step - loss: 0.9812 - accuracy: 0.6647 - val_loss: 1.0967 - val_accuracy: 0.6133
Epoch 17/59

 1/98 [..............................] - ETA: 3s - loss: 0.9751 - accuracy: 0.6602
 7/98 [=>............................] - ETA: 0s - loss: 0.9817 - accuracy: 0.6551
13/98 [==>...........................] - ETA: 0s - loss: 0.9783 - accuracy: 0.6624
19/98 [====>.........................] - ETA: 0s - loss: 0.9610 - accuracy: 0.6687
24/98 [======>.......................] - ETA: 0s - loss: 0.9646 - accuracy: 0.6681
30/98 [========>.....................] - ETA: 0s - loss: 0.9649 - accuracy: 0.6686
36/98 [==========>...................] - ETA: 0s - loss: 0.9668 - accuracy: 0.6692
42/98 [===========>..................] - ETA: 0s - loss: 0.9649 - accuracy: 0.6695
47/98 [=============>................] - ETA: 0s - loss: 0.9667 - accuracy: 0.6699
53/98 [===============>..............] - ETA: 0s - loss: 0.9654 - accuracy: 0.6703
58/98 [================>.............] - ETA: 0s - loss: 0.9665 - accuracy: 0.6693
63/98 [==================>...........] - ETA: 0s - loss: 0.9659 - accuracy: 0.6692
68/98 [===================>..........] - ETA: 0s - loss: 0.9673 - accuracy: 0.6683
74/98 [=====================>........] - ETA: 0s - loss: 0.9679 - accuracy: 0.6685
80/98 [=======================>......] - ETA: 0s - loss: 0.9671 - accuracy: 0.6683
85/98 [=========================>....] - ETA: 0s - loss: 0.9649 - accuracy: 0.6688
91/98 [==========================>...] - ETA: 0s - loss: 0.9658 - accuracy: 0.6687
97/98 [============================>.] - ETA: 0s - loss: 0.9667 - accuracy: 0.6681
98/98 [==============================] - 2s 16ms/step - loss: 0.9665 - accuracy: 0.6684 - val_loss: 1.0901 - val_accuracy: 0.6169
Epoch 18/59

 1/98 [..............................] - ETA: 2s - loss: 0.9889 - accuracy: 0.6758
 5/98 [>.............................] - ETA: 1s - loss: 0.9521 - accuracy: 0.6793
10/98 [==>...........................] - ETA: 1s - loss: 0.9462 - accuracy: 0.6791
16/98 [===>..........................] - ETA: 0s - loss: 0.9409 - accuracy: 0.6820
22/98 [=====>........................] - ETA: 0s - loss: 0.9484 - accuracy: 0.6769
28/98 [=======>......................] - ETA: 0s - loss: 0.9487 - accuracy: 0.6777
34/98 [=========>....................] - ETA: 0s - loss: 0.9482 - accuracy: 0.6770
40/98 [===========>..................] - ETA: 0s - loss: 0.9526 - accuracy: 0.6749
46/98 [=============>................] - ETA: 0s - loss: 0.9531 - accuracy: 0.6758
52/98 [==============>...............] - ETA: 0s - loss: 0.9482 - accuracy: 0.6766
58/98 [================>.............] - ETA: 0s - loss: 0.9504 - accuracy: 0.6766
63/98 [==================>...........] - ETA: 0s - loss: 0.9514 - accuracy: 0.6761
69/98 [====================>.........] - ETA: 0s - loss: 0.9494 - accuracy: 0.6763
74/98 [=====================>........] - ETA: 0s - loss: 0.9523 - accuracy: 0.6753
80/98 [=======================>......] - ETA: 0s - loss: 0.9539 - accuracy: 0.6743
86/98 [=========================>....] - ETA: 0s - loss: 0.9536 - accuracy: 0.6748
92/98 [===========================>..] - ETA: 0s - loss: 0.9523 - accuracy: 0.6744
97/98 [============================>.] - ETA: 0s - loss: 0.9541 - accuracy: 0.6736
98/98 [==============================] - 2s 16ms/step - loss: 0.9541 - accuracy: 0.6734 - val_loss: 1.0828 - val_accuracy: 0.6204
Epoch 19/59

 1/98 [..............................] - ETA: 1s - loss: 0.9602 - accuracy: 0.6484
 6/98 [>.............................] - ETA: 1s - loss: 0.9458 - accuracy: 0.6729
12/98 [==>...........................] - ETA: 0s - loss: 0.9423 - accuracy: 0.6722
18/98 [====>.........................] - ETA: 0s - loss: 0.9317 - accuracy: 0.6773
24/98 [======>.......................] - ETA: 0s - loss: 0.9327 - accuracy: 0.6788
29/98 [=======>......................] - ETA: 0s - loss: 0.9308 - accuracy: 0.6794
34/98 [=========>....................] - ETA: 0s - loss: 0.9315 - accuracy: 0.6796
40/98 [===========>..................] - ETA: 0s - loss: 0.9334 - accuracy: 0.6802
46/98 [=============>................] - ETA: 0s - loss: 0.9371 - accuracy: 0.6791
51/98 [==============>...............] - ETA: 0s - loss: 0.9343 - accuracy: 0.6803
57/98 [================>.............] - ETA: 0s - loss: 0.9353 - accuracy: 0.6811
63/98 [==================>...........] - ETA: 0s - loss: 0.9376 - accuracy: 0.6801
69/98 [====================>.........] - ETA: 0s - loss: 0.9381 - accuracy: 0.6799
75/98 [=====================>........] - ETA: 0s - loss: 0.9410 - accuracy: 0.6787
80/98 [=======================>......] - ETA: 0s - loss: 0.9422 - accuracy: 0.6774
86/98 [=========================>....] - ETA: 0s - loss: 0.9420 - accuracy: 0.6773
92/98 [===========================>..] - ETA: 0s - loss: 0.9419 - accuracy: 0.6774
97/98 [============================>.] - ETA: 0s - loss: 0.9405 - accuracy: 0.6781
98/98 [==============================] - 2s 17ms/step - loss: 0.9410 - accuracy: 0.6780 - val_loss: 1.0793 - val_accuracy: 0.6225
Epoch 20/59

 1/98 [..............................] - ETA: 3s - loss: 0.8689 - accuracy: 0.6836
 6/98 [>.............................] - ETA: 1s - loss: 0.9247 - accuracy: 0.6732
11/98 [==>...........................] - ETA: 0s - loss: 0.9311 - accuracy: 0.6786
16/98 [===>..........................] - ETA: 0s - loss: 0.9235 - accuracy: 0.6835
22/98 [=====>........................] - ETA: 0s - loss: 0.9246 - accuracy: 0.6839
28/98 [=======>......................] - ETA: 0s - loss: 0.9274 - accuracy: 0.6850
34/98 [=========>....................] - ETA: 0s - loss: 0.9292 - accuracy: 0.6838
39/98 [==========>...................] - ETA: 0s - loss: 0.9293 - accuracy: 0.6833
45/98 [============>.................] - ETA: 0s - loss: 0.9291 - accuracy: 0.6832
50/98 [==============>...............] - ETA: 0s - loss: 0.9272 - accuracy: 0.6848
55/98 [===============>..............] - ETA: 0s - loss: 0.9263 - accuracy: 0.6843
61/98 [=================>............] - ETA: 0s - loss: 0.9269 - accuracy: 0.6829
66/98 [===================>..........] - ETA: 0s - loss: 0.9262 - accuracy: 0.6829
71/98 [====================>.........] - ETA: 0s - loss: 0.9280 - accuracy: 0.6821
76/98 [======================>.......] - ETA: 0s - loss: 0.9283 - accuracy: 0.6814
81/98 [=======================>......] - ETA: 0s - loss: 0.9276 - accuracy: 0.6821
85/98 [=========================>....] - ETA: 0s - loss: 0.9298 - accuracy: 0.6816
91/98 [==========================>...] - ETA: 0s - loss: 0.9303 - accuracy: 0.6816
95/98 [============================>.] - ETA: 0s - loss: 0.9293 - accuracy: 0.6822
98/98 [==============================] - 2s 17ms/step - loss: 0.9288 - accuracy: 0.6822 - val_loss: 1.0803 - val_accuracy: 0.6191
Epoch 21/59

 1/98 [..............................] - ETA: 3s - loss: 0.8812 - accuracy: 0.7090
 7/98 [=>............................] - ETA: 0s - loss: 0.9063 - accuracy: 0.6844
13/98 [==>...........................] - ETA: 0s - loss: 0.8948 - accuracy: 0.6923
19/98 [====>.........................] - ETA: 0s - loss: 0.8989 - accuracy: 0.6914
24/98 [======>.......................] - ETA: 0s - loss: 0.9054 - accuracy: 0.6879
30/98 [========>.....................] - ETA: 0s - loss: 0.9063 - accuracy: 0.6871
35/98 [=========>....................] - ETA: 0s - loss: 0.9054 - accuracy: 0.6884
41/98 [===========>..................] - ETA: 0s - loss: 0.9069 - accuracy: 0.6880
46/98 [=============>................] - ETA: 0s - loss: 0.9072 - accuracy: 0.6886
52/98 [==============>...............] - ETA: 0s - loss: 0.9080 - accuracy: 0.6893
58/98 [================>.............] - ETA: 0s - loss: 0.9106 - accuracy: 0.6881
64/98 [==================>...........] - ETA: 0s - loss: 0.9126 - accuracy: 0.6871
69/98 [====================>.........] - ETA: 0s - loss: 0.9152 - accuracy: 0.6860
74/98 [=====================>........] - ETA: 0s - loss: 0.9164 - accuracy: 0.6852
80/98 [=======================>......] - ETA: 0s - loss: 0.9159 - accuracy: 0.6856
84/98 [========================>.....] - ETA: 0s - loss: 0.9171 - accuracy: 0.6851
89/98 [==========================>...] - ETA: 0s - loss: 0.9182 - accuracy: 0.6852
94/98 [===========================>..] - ETA: 0s - loss: 0.9166 - accuracy: 0.6857
98/98 [==============================] - 2s 16ms/step - loss: 0.9171 - accuracy: 0.6850 - val_loss: 1.0722 - val_accuracy: 0.6262
Epoch 22/59

 1/98 [..............................] - ETA: 3s - loss: 0.8891 - accuracy: 0.6895
 7/98 [=>............................] - ETA: 0s - loss: 0.8780 - accuracy: 0.7023
13/98 [==>...........................] - ETA: 0s - loss: 0.8880 - accuracy: 0.6982
19/98 [====>.........................] - ETA: 0s - loss: 0.8910 - accuracy: 0.6976
24/98 [======>.......................] - ETA: 0s - loss: 0.8931 - accuracy: 0.6950
29/98 [=======>......................] - ETA: 0s - loss: 0.8934 - accuracy: 0.6949
35/98 [=========>....................] - ETA: 0s - loss: 0.8941 - accuracy: 0.6925
40/98 [===========>..................] - ETA: 0s - loss: 0.8954 - accuracy: 0.6921
46/98 [=============>................] - ETA: 0s - loss: 0.8953 - accuracy: 0.6923
52/98 [==============>...............] - ETA: 0s - loss: 0.8944 - accuracy: 0.6928
57/98 [================>.............] - ETA: 0s - loss: 0.8934 - accuracy: 0.6934
63/98 [==================>...........] - ETA: 0s - loss: 0.8974 - accuracy: 0.6921
69/98 [====================>.........] - ETA: 0s - loss: 0.9004 - accuracy: 0.6900
74/98 [=====================>........] - ETA: 0s - loss: 0.9008 - accuracy: 0.6908
78/98 [======================>.......] - ETA: 0s - loss: 0.9016 - accuracy: 0.6905
82/98 [========================>.....] - ETA: 0s - loss: 0.9022 - accuracy: 0.6905
88/98 [=========================>....] - ETA: 0s - loss: 0.9032 - accuracy: 0.6899
93/98 [===========================>..] - ETA: 0s - loss: 0.9042 - accuracy: 0.6897
98/98 [==============================] - 2s 16ms/step - loss: 0.9060 - accuracy: 0.6894 - val_loss: 1.0574 - val_accuracy: 0.6315
Epoch 23/59

 1/98 [..............................] - ETA: 1s - loss: 0.8823 - accuracy: 0.6953
 6/98 [>.............................] - ETA: 1s - loss: 0.8849 - accuracy: 0.7018
12/98 [==>...........................] - ETA: 0s - loss: 0.8772 - accuracy: 0.7035
18/98 [====>.........................] - ETA: 0s - loss: 0.8837 - accuracy: 0.7018
23/98 [======>.......................] - ETA: 0s - loss: 0.8849 - accuracy: 0.7001
29/98 [=======>......................] - ETA: 0s - loss: 0.8913 - accuracy: 0.6985
34/98 [=========>....................] - ETA: 0s - loss: 0.8900 - accuracy: 0.6993
40/98 [===========>..................] - ETA: 0s - loss: 0.8965 - accuracy: 0.6970
45/98 [============>.................] - ETA: 0s - loss: 0.8956 - accuracy: 0.6968
50/98 [==============>...............] - ETA: 0s - loss: 0.8943 - accuracy: 0.6970
56/98 [================>.............] - ETA: 0s - loss: 0.8942 - accuracy: 0.6971
61/98 [=================>............] - ETA: 0s - loss: 0.8918 - accuracy: 0.6976
67/98 [===================>..........] - ETA: 0s - loss: 0.8935 - accuracy: 0.6969
