2024-06-26 13:34:35.938946: I tensorflow/core/platform/cpu_feature_guard.cc:193] This TensorFlow binary is optimized with oneAPI Deep Neural Network Library (oneDNN) to use the following CPU instructions in performance-critical operations:  AVX AVX2
To enable them in other operations, rebuild TensorFlow with the appropriate compiler flags.
2024-06-26 13:34:36.621843: I tensorflow/core/common_runtime/gpu/gpu_device.cc:1616] Created device /job:localhost/replica:0/task:0/device:GPU:0 with 6656 MB memory:  -> device: 0, name: NVIDIA GeForce RTX 4060 Ti, pci bus id: 0000:01:00.0, compute capability: 8.9
1 Physical GPUs, 1 Logical GPUs
Model: "sequential"
_________________________________________________________________
 Layer (type)                Output Shape              Param #   
=================================================================
 conv2d (Conv2D)             (None, 32, 32, 32)        896       
                                                                 
 max_pooling2d (MaxPooling2D  (None, 16, 16, 32)       0         
 )                                                               
                                                                 
 batch_normalization (BatchN  (None, 16, 16, 32)       128       
 ormalization)                                                   
                                                                 
 dropout (Dropout)           (None, 16, 16, 32)        0         
                                                                 
 flatten (Flatten)           (None, 8192)              0         
                                                                 
 dense (Dense)               (None, 10)                81930     
                                                                 
=================================================================
Total params: 82,954
Trainable params: 82,890
Non-trainable params: 64
_________________________________________________________________
Taxa de aprendizado:  0.0001 Num de épocas:  59 Tamanho do lote:  512 Dropout:  0.07236
Epoch 1/59
2024-06-26 13:34:38.214370: I tensorflow/stream_executor/cuda/cuda_dnn.cc:384] Loaded cuDNN version 8100
2024-06-26 13:34:39.140519: W tensorflow/stream_executor/gpu/redzone_allocator.cc:314] INTERNAL: ptxas exited with non-zero error code -1, output: 
Relying on driver to perform ptx compilation. 
Modify $PATH to customize ptxas location.
This message will be only logged once.
2024-06-26 13:34:40.216112: I tensorflow/stream_executor/cuda/cuda_blas.cc:1614] TensorFloat-32 will be used for the matrix multiplication. This will only be logged once.

 1/98 [..............................] - ETA: 5:39 - loss: 2.5968 - accuracy: 0.1660
 7/98 [=>............................] - ETA: 0s - loss: 2.4462 - accuracy: 0.1582  
11/98 [==>...........................] - ETA: 1s - loss: 2.3653 - accuracy: 0.1841
15/98 [===>..........................] - ETA: 1s - loss: 2.2997 - accuracy: 0.2003
19/98 [====>.........................] - ETA: 1s - loss: 2.2500 - accuracy: 0.2121
24/98 [======>.......................] - ETA: 1s - loss: 2.2021 - accuracy: 0.2255
29/98 [=======>......................] - ETA: 0s - loss: 2.1536 - accuracy: 0.2404
33/98 [=========>....................] - ETA: 0s - loss: 2.1246 - accuracy: 0.2495
37/98 [==========>...................] - ETA: 0s - loss: 2.1001 - accuracy: 0.2569
41/98 [===========>..................] - ETA: 0s - loss: 2.0745 - accuracy: 0.2660
45/98 [============>.................] - ETA: 0s - loss: 2.0531 - accuracy: 0.2740
49/98 [==============>...............] - ETA: 0s - loss: 2.0375 - accuracy: 0.2791
52/98 [==============>...............] - ETA: 0s - loss: 2.0232 - accuracy: 0.2835
56/98 [================>.............] - ETA: 0s - loss: 2.0063 - accuracy: 0.2888
60/98 [=================>............] - ETA: 0s - loss: 1.9891 - accuracy: 0.2952
64/98 [==================>...........] - ETA: 0s - loss: 1.9751 - accuracy: 0.3002
68/98 [===================>..........] - ETA: 0s - loss: 1.9595 - accuracy: 0.3064
71/98 [====================>.........] - ETA: 0s - loss: 1.9482 - accuracy: 0.3104
75/98 [=====================>........] - ETA: 0s - loss: 1.9356 - accuracy: 0.3149
80/98 [=======================>......] - ETA: 0s - loss: 1.9216 - accuracy: 0.3195
83/98 [========================>.....] - ETA: 0s - loss: 1.9127 - accuracy: 0.3229
88/98 [=========================>....] - ETA: 0s - loss: 1.8983 - accuracy: 0.3278
93/98 [===========================>..] - ETA: 0s - loss: 1.8830 - accuracy: 0.3331
96/98 [============================>.] - ETA: 0s - loss: 1.8748 - accuracy: 0.3356
98/98 [==============================] - 6s 25ms/step - loss: 1.8708 - accuracy: 0.3371 - val_loss: 2.1379 - val_accuracy: 0.3394
Epoch 2/59

 1/98 [..............................] - ETA: 3s - loss: 1.6233 - accuracy: 0.4414
 6/98 [>.............................] - ETA: 1s - loss: 1.5897 - accuracy: 0.4421
10/98 [==>...........................] - ETA: 1s - loss: 1.6053 - accuracy: 0.4400
14/98 [===>..........................] - ETA: 1s - loss: 1.6024 - accuracy: 0.4392
18/98 [====>.........................] - ETA: 1s - loss: 1.6007 - accuracy: 0.4376
22/98 [=====>........................] - ETA: 1s - loss: 1.6011 - accuracy: 0.4378
26/98 [======>.......................] - ETA: 1s - loss: 1.5914 - accuracy: 0.4394
29/98 [=======>......................] - ETA: 1s - loss: 1.5877 - accuracy: 0.4403
34/98 [=========>....................] - ETA: 0s - loss: 1.5849 - accuracy: 0.4416
38/98 [==========>...................] - ETA: 0s - loss: 1.5791 - accuracy: 0.4428
42/98 [===========>..................] - ETA: 0s - loss: 1.5811 - accuracy: 0.4414
46/98 [=============>................] - ETA: 0s - loss: 1.5774 - accuracy: 0.4428
50/98 [==============>...............] - ETA: 0s - loss: 1.5751 - accuracy: 0.4435
54/98 [===============>..............] - ETA: 0s - loss: 1.5732 - accuracy: 0.4444
59/98 [=================>............] - ETA: 0s - loss: 1.5671 - accuracy: 0.4466
65/98 [==================>...........] - ETA: 0s - loss: 1.5638 - accuracy: 0.4473
71/98 [====================>.........] - ETA: 0s - loss: 1.5574 - accuracy: 0.4496
77/98 [======================>.......] - ETA: 0s - loss: 1.5531 - accuracy: 0.4516
83/98 [========================>.....] - ETA: 0s - loss: 1.5496 - accuracy: 0.4518
89/98 [==========================>...] - ETA: 0s - loss: 1.5461 - accuracy: 0.4529
94/98 [===========================>..] - ETA: 0s - loss: 1.5417 - accuracy: 0.4547
98/98 [==============================] - 2s 21ms/step - loss: 1.5388 - accuracy: 0.4563 - val_loss: 1.9970 - val_accuracy: 0.4415
Epoch 3/59

 1/98 [..............................] - ETA: 3s - loss: 1.4422 - accuracy: 0.4941
 5/98 [>.............................] - ETA: 1s - loss: 1.4579 - accuracy: 0.4812
 9/98 [=>............................] - ETA: 1s - loss: 1.4535 - accuracy: 0.4928
13/98 [==>...........................] - ETA: 1s - loss: 1.4505 - accuracy: 0.4938
17/98 [====>.........................] - ETA: 1s - loss: 1.4521 - accuracy: 0.4917
21/98 [=====>........................] - ETA: 1s - loss: 1.4374 - accuracy: 0.4951
25/98 [======>.......................] - ETA: 1s - loss: 1.4262 - accuracy: 0.4988
29/98 [=======>......................] - ETA: 1s - loss: 1.4265 - accuracy: 0.4995
33/98 [=========>....................] - ETA: 1s - loss: 1.4316 - accuracy: 0.4975
37/98 [==========>...................] - ETA: 0s - loss: 1.4307 - accuracy: 0.4984
42/98 [===========>..................] - ETA: 0s - loss: 1.4315 - accuracy: 0.4982
48/98 [=============>................] - ETA: 0s - loss: 1.4286 - accuracy: 0.4987
54/98 [===============>..............] - ETA: 0s - loss: 1.4220 - accuracy: 0.5025
60/98 [=================>............] - ETA: 0s - loss: 1.4196 - accuracy: 0.5036
66/98 [===================>..........] - ETA: 0s - loss: 1.4188 - accuracy: 0.5033
72/98 [=====================>........] - ETA: 0s - loss: 1.4182 - accuracy: 0.5025
77/98 [======================>.......] - ETA: 0s - loss: 1.4151 - accuracy: 0.5032
83/98 [========================>.....] - ETA: 0s - loss: 1.4152 - accuracy: 0.5034
89/98 [==========================>...] - ETA: 0s - loss: 1.4135 - accuracy: 0.5039
94/98 [===========================>..] - ETA: 0s - loss: 1.4110 - accuracy: 0.5053
98/98 [==============================] - 2s 21ms/step - loss: 1.4097 - accuracy: 0.5061 - val_loss: 1.8155 - val_accuracy: 0.4841
Epoch 4/59

 1/98 [..............................] - ETA: 3s - loss: 1.3914 - accuracy: 0.4980
 5/98 [>.............................] - ETA: 1s - loss: 1.3597 - accuracy: 0.5312
 9/98 [=>............................] - ETA: 1s - loss: 1.3562 - accuracy: 0.5252
14/98 [===>..........................] - ETA: 1s - loss: 1.3470 - accuracy: 0.5272
18/98 [====>.........................] - ETA: 1s - loss: 1.3478 - accuracy: 0.5289
22/98 [=====>........................] - ETA: 1s - loss: 1.3442 - accuracy: 0.5290
27/98 [=======>......................] - ETA: 1s - loss: 1.3429 - accuracy: 0.5303
31/98 [========>.....................] - ETA: 1s - loss: 1.3424 - accuracy: 0.5299
37/98 [==========>...................] - ETA: 0s - loss: 1.3392 - accuracy: 0.5326
42/98 [===========>..................] - ETA: 0s - loss: 1.3397 - accuracy: 0.5316
49/98 [==============>...............] - ETA: 0s - loss: 1.3389 - accuracy: 0.5320
55/98 [===============>..............] - ETA: 0s - loss: 1.3380 - accuracy: 0.5322
60/98 [=================>............] - ETA: 0s - loss: 1.3386 - accuracy: 0.5321
66/98 [===================>..........] - ETA: 0s - loss: 1.3379 - accuracy: 0.5317
71/98 [====================>.........] - ETA: 0s - loss: 1.3373 - accuracy: 0.5310
76/98 [======================>.......] - ETA: 0s - loss: 1.3357 - accuracy: 0.5314
82/98 [========================>.....] - ETA: 0s - loss: 1.3354 - accuracy: 0.5315
87/98 [=========================>....] - ETA: 0s - loss: 1.3328 - accuracy: 0.5327
91/98 [==========================>...] - ETA: 0s - loss: 1.3319 - accuracy: 0.5328
97/98 [============================>.] - ETA: 0s - loss: 1.3307 - accuracy: 0.5333
98/98 [==============================] - 2s 21ms/step - loss: 1.3306 - accuracy: 0.5334 - val_loss: 1.6101 - val_accuracy: 0.5108
Epoch 5/59

 1/98 [..............................] - ETA: 2s - loss: 1.2763 - accuracy: 0.5684
 5/98 [>.............................] - ETA: 1s - loss: 1.2944 - accuracy: 0.5473
 9/98 [=>............................] - ETA: 1s - loss: 1.2971 - accuracy: 0.5460
14/98 [===>..........................] - ETA: 1s - loss: 1.2894 - accuracy: 0.5488
18/98 [====>.........................] - ETA: 1s - loss: 1.2860 - accuracy: 0.5523
22/98 [=====>........................] - ETA: 1s - loss: 1.2833 - accuracy: 0.5541
26/98 [======>.......................] - ETA: 1s - loss: 1.2859 - accuracy: 0.5508
32/98 [========>.....................] - ETA: 0s - loss: 1.2850 - accuracy: 0.5508
38/98 [==========>...................] - ETA: 0s - loss: 1.2833 - accuracy: 0.5510
44/98 [============>.................] - ETA: 0s - loss: 1.2793 - accuracy: 0.5528
49/98 [==============>...............] - ETA: 0s - loss: 1.2783 - accuracy: 0.5535
54/98 [===============>..............] - ETA: 0s - loss: 1.2773 - accuracy: 0.5541
60/98 [=================>............] - ETA: 0s - loss: 1.2770 - accuracy: 0.5533
65/98 [==================>...........] - ETA: 0s - loss: 1.2764 - accuracy: 0.5540
71/98 [====================>.........] - ETA: 0s - loss: 1.2767 - accuracy: 0.5540
77/98 [======================>.......] - ETA: 0s - loss: 1.2765 - accuracy: 0.5535
82/98 [========================>.....] - ETA: 0s - loss: 1.2747 - accuracy: 0.5544
88/98 [=========================>....] - ETA: 0s - loss: 1.2728 - accuracy: 0.5551
94/98 [===========================>..] - ETA: 0s - loss: 1.2730 - accuracy: 0.5543
98/98 [==============================] - 2s 21ms/step - loss: 1.2721 - accuracy: 0.5545 - val_loss: 1.4314 - val_accuracy: 0.5387
Epoch 6/59

 1/98 [..............................] - ETA: 1s - loss: 1.1983 - accuracy: 0.5977
 4/98 [>.............................] - ETA: 1s - loss: 1.2266 - accuracy: 0.5757
 8/98 [=>............................] - ETA: 1s - loss: 1.2330 - accuracy: 0.5642
14/98 [===>..........................] - ETA: 1s - loss: 1.2301 - accuracy: 0.5618
18/98 [====>.........................] - ETA: 1s - loss: 1.2306 - accuracy: 0.5626
23/98 [======>.......................] - ETA: 1s - loss: 1.2342 - accuracy: 0.5649
28/98 [=======>......................] - ETA: 0s - loss: 1.2326 - accuracy: 0.5686
34/98 [=========>....................] - ETA: 0s - loss: 1.2328 - accuracy: 0.5680
39/98 [==========>...................] - ETA: 0s - loss: 1.2387 - accuracy: 0.5655
45/98 [============>.................] - ETA: 0s - loss: 1.2341 - accuracy: 0.5659
50/98 [==============>...............] - ETA: 0s - loss: 1.2279 - accuracy: 0.5688
56/98 [================>.............] - ETA: 0s - loss: 1.2248 - accuracy: 0.5703
62/98 [=================>............] - ETA: 0s - loss: 1.2241 - accuracy: 0.5705
68/98 [===================>..........] - ETA: 0s - loss: 1.2234 - accuracy: 0.5706
73/98 [=====================>........] - ETA: 0s - loss: 1.2198 - accuracy: 0.5723
78/98 [======================>.......] - ETA: 0s - loss: 1.2228 - accuracy: 0.5714
82/98 [========================>.....] - ETA: 0s - loss: 1.2211 - accuracy: 0.5721
86/98 [=========================>....] - ETA: 0s - loss: 1.2225 - accuracy: 0.5718
90/98 [==========================>...] - ETA: 0s - loss: 1.2221 - accuracy: 0.5721
94/98 [===========================>..] - ETA: 0s - loss: 1.2213 - accuracy: 0.5723
98/98 [==============================] - ETA: 0s - loss: 1.2219 - accuracy: 0.5718
98/98 [==============================] - 2s 21ms/step - loss: 1.2219 - accuracy: 0.5718 - val_loss: 1.3013 - val_accuracy: 0.5608
Epoch 7/59

 1/98 [..............................] - ETA: 1s - loss: 1.1752 - accuracy: 0.5664
 5/98 [>.............................] - ETA: 1s - loss: 1.2081 - accuracy: 0.5763
 9/98 [=>............................] - ETA: 1s - loss: 1.1839 - accuracy: 0.5819
15/98 [===>..........................] - ETA: 1s - loss: 1.1887 - accuracy: 0.5854
22/98 [=====>........................] - ETA: 0s - loss: 1.1921 - accuracy: 0.5839
27/98 [=======>......................] - ETA: 0s - loss: 1.1864 - accuracy: 0.5873
32/98 [========>.....................] - ETA: 0s - loss: 1.1838 - accuracy: 0.5869
37/98 [==========>...................] - ETA: 0s - loss: 1.1837 - accuracy: 0.5866
42/98 [===========>..................] - ETA: 0s - loss: 1.1844 - accuracy: 0.5876
48/98 [=============>................] - ETA: 0s - loss: 1.1847 - accuracy: 0.5882
53/98 [===============>..............] - ETA: 0s - loss: 1.1853 - accuracy: 0.5882
59/98 [=================>............] - ETA: 0s - loss: 1.1849 - accuracy: 0.5875
66/98 [===================>..........] - ETA: 0s - loss: 1.1848 - accuracy: 0.5880
70/98 [====================>.........] - ETA: 0s - loss: 1.1857 - accuracy: 0.5877
74/98 [=====================>........] - ETA: 0s - loss: 1.1871 - accuracy: 0.5875
78/98 [======================>.......] - ETA: 0s - loss: 1.1873 - accuracy: 0.5874
83/98 [========================>.....] - ETA: 0s - loss: 1.1876 - accuracy: 0.5878
87/98 [=========================>....] - ETA: 0s - loss: 1.1860 - accuracy: 0.5881
91/98 [==========================>...] - ETA: 0s - loss: 1.1850 - accuracy: 0.5888
96/98 [============================>.] - ETA: 0s - loss: 1.1833 - accuracy: 0.5898
98/98 [==============================] - 2s 20ms/step - loss: 1.1834 - accuracy: 0.5895 - val_loss: 1.2396 - val_accuracy: 0.5690
Epoch 8/59

 1/98 [..............................] - ETA: 1s - loss: 1.2078 - accuracy: 0.5879
 5/98 [>.............................] - ETA: 1s - loss: 1.1469 - accuracy: 0.6082
10/98 [==>...........................] - ETA: 1s - loss: 1.1388 - accuracy: 0.6117
16/98 [===>..........................] - ETA: 0s - loss: 1.1325 - accuracy: 0.6102
22/98 [=====>........................] - ETA: 0s - loss: 1.1450 - accuracy: 0.6048
28/98 [=======>......................] - ETA: 0s - loss: 1.1517 - accuracy: 0.5992
35/98 [=========>....................] - ETA: 0s - loss: 1.1508 - accuracy: 0.5984
41/98 [===========>..................] - ETA: 0s - loss: 1.1508 - accuracy: 0.5991
46/98 [=============>................] - ETA: 0s - loss: 1.1487 - accuracy: 0.5997
51/98 [==============>...............] - ETA: 0s - loss: 1.1496 - accuracy: 0.5985
57/98 [================>.............] - ETA: 0s - loss: 1.1499 - accuracy: 0.5973
63/98 [==================>...........] - ETA: 0s - loss: 1.1486 - accuracy: 0.5985
67/98 [===================>..........] - ETA: 0s - loss: 1.1479 - accuracy: 0.5992
71/98 [====================>.........] - ETA: 0s - loss: 1.1476 - accuracy: 0.5995
75/98 [=====================>........] - ETA: 0s - loss: 1.1478 - accuracy: 0.5999
80/98 [=======================>......] - ETA: 0s - loss: 1.1459 - accuracy: 0.6006
84/98 [========================>.....] - ETA: 0s - loss: 1.1466 - accuracy: 0.5998
87/98 [=========================>....] - ETA: 0s - loss: 1.1473 - accuracy: 0.5994
91/98 [==========================>...] - ETA: 0s - loss: 1.1459 - accuracy: 0.6002
95/98 [============================>.] - ETA: 0s - loss: 1.1466 - accuracy: 0.5997
98/98 [==============================] - 2s 20ms/step - loss: 1.1466 - accuracy: 0.5997 - val_loss: 1.1942 - val_accuracy: 0.5854
Epoch 9/59

 1/98 [..............................] - ETA: 2s - loss: 1.1841 - accuracy: 0.6094
 6/98 [>.............................] - ETA: 1s - loss: 1.1028 - accuracy: 0.6201
12/98 [==>...........................] - ETA: 0s - loss: 1.1123 - accuracy: 0.6152
17/98 [====>.........................] - ETA: 0s - loss: 1.1222 - accuracy: 0.6111
22/98 [=====>........................] - ETA: 0s - loss: 1.1241 - accuracy: 0.6100
26/98 [======>.......................] - ETA: 0s - loss: 1.1220 - accuracy: 0.6114
32/98 [========>.....................] - ETA: 0s - loss: 1.1219 - accuracy: 0.6122
38/98 [==========>...................] - ETA: 0s - loss: 1.1174 - accuracy: 0.6133
44/98 [============>.................] - ETA: 0s - loss: 1.1169 - accuracy: 0.6145
49/98 [==============>...............] - ETA: 0s - loss: 1.1187 - accuracy: 0.6130
53/98 [===============>..............] - ETA: 0s - loss: 1.1166 - accuracy: 0.6135
57/98 [================>.............] - ETA: 0s - loss: 1.1147 - accuracy: 0.6140
62/98 [=================>............] - ETA: 0s - loss: 1.1167 - accuracy: 0.6128
66/98 [===================>..........] - ETA: 0s - loss: 1.1178 - accuracy: 0.6134
70/98 [====================>.........] - ETA: 0s - loss: 1.1185 - accuracy: 0.6130
75/98 [=====================>........] - ETA: 0s - loss: 1.1184 - accuracy: 0.6132
79/98 [=======================>......] - ETA: 0s - loss: 1.1167 - accuracy: 0.6136
83/98 [========================>.....] - ETA: 0s - loss: 1.1177 - accuracy: 0.6133
87/98 [=========================>....] - ETA: 0s - loss: 1.1179 - accuracy: 0.6134
91/98 [==========================>...] - ETA: 0s - loss: 1.1177 - accuracy: 0.6133
95/98 [============================>.] - ETA: 0s - loss: 1.1169 - accuracy: 0.6129
98/98 [==============================] - 2s 20ms/step - loss: 1.1167 - accuracy: 0.6130 - val_loss: 1.1772 - val_accuracy: 0.5881
Epoch 10/59

 1/98 [..............................] - ETA: 3s - loss: 1.0861 - accuracy: 0.6250
 7/98 [=>............................] - ETA: 1s - loss: 1.1122 - accuracy: 0.6116
12/98 [==>...........................] - ETA: 0s - loss: 1.0997 - accuracy: 0.6146
18/98 [====>.........................] - ETA: 0s - loss: 1.0981 - accuracy: 0.6164
24/98 [======>.......................] - ETA: 0s - loss: 1.0998 - accuracy: 0.6163
30/98 [========>.....................] - ETA: 0s - loss: 1.0990 - accuracy: 0.6168
36/98 [==========>...................] - ETA: 0s - loss: 1.1016 - accuracy: 0.6175
41/98 [===========>..................] - ETA: 0s - loss: 1.1025 - accuracy: 0.6179
45/98 [============>.................] - ETA: 0s - loss: 1.1006 - accuracy: 0.6201
49/98 [==============>...............] - ETA: 0s - loss: 1.1002 - accuracy: 0.6196
53/98 [===============>..............] - ETA: 0s - loss: 1.0972 - accuracy: 0.6212
57/98 [================>.............] - ETA: 0s - loss: 1.0951 - accuracy: 0.6212
61/98 [=================>............] - ETA: 0s - loss: 1.0934 - accuracy: 0.6222
64/98 [==================>...........] - ETA: 0s - loss: 1.0913 - accuracy: 0.6230
69/98 [====================>.........] - ETA: 0s - loss: 1.0892 - accuracy: 0.6233
74/98 [=====================>........] - ETA: 0s - loss: 1.0888 - accuracy: 0.6239
78/98 [======================>.......] - ETA: 0s - loss: 1.0888 - accuracy: 0.6231
82/98 [========================>.....] - ETA: 0s - loss: 1.0881 - accuracy: 0.6236
86/98 [=========================>....] - ETA: 0s - loss: 1.0880 - accuracy: 0.6231
90/98 [==========================>...] - ETA: 0s - loss: 1.0884 - accuracy: 0.6234
94/98 [===========================>..] - ETA: 0s - loss: 1.0887 - accuracy: 0.6228
98/98 [==============================] - ETA: 0s - loss: 1.0896 - accuracy: 0.6230
98/98 [==============================] - 2s 20ms/step - loss: 1.0896 - accuracy: 0.6230 - val_loss: 1.1508 - val_accuracy: 0.5989
Epoch 11/59

 1/98 [..............................] - ETA: 2s - loss: 1.0877 - accuracy: 0.6367
 7/98 [=>............................] - ETA: 0s - loss: 1.0558 - accuracy: 0.6435
13/98 [==>...........................] - ETA: 0s - loss: 1.0473 - accuracy: 0.6427
18/98 [====>.........................] - ETA: 0s - loss: 1.0566 - accuracy: 0.6346
24/98 [======>.......................] - ETA: 0s - loss: 1.0589 - accuracy: 0.6343
30/98 [========>.....................] - ETA: 0s - loss: 1.0608 - accuracy: 0.6334
34/98 [=========>....................] - ETA: 0s - loss: 1.0633 - accuracy: 0.6308
38/98 [==========>...................] - ETA: 0s - loss: 1.0688 - accuracy: 0.6296
43/98 [============>.................] - ETA: 0s - loss: 1.0687 - accuracy: 0.6287
47/98 [=============>................] - ETA: 0s - loss: 1.0664 - accuracy: 0.6301
51/98 [==============>...............] - ETA: 0s - loss: 1.0675 - accuracy: 0.6296
56/98 [================>.............] - ETA: 0s - loss: 1.0674 - accuracy: 0.6297
60/98 [=================>............] - ETA: 0s - loss: 1.0671 - accuracy: 0.6295
64/98 [==================>...........] - ETA: 0s - loss: 1.0668 - accuracy: 0.6295
68/98 [===================>..........] - ETA: 0s - loss: 1.0657 - accuracy: 0.6306
72/98 [=====================>........] - ETA: 0s - loss: 1.0663 - accuracy: 0.6298
76/98 [======================>.......] - ETA: 0s - loss: 1.0668 - accuracy: 0.6293
80/98 [=======================>......] - ETA: 0s - loss: 1.0673 - accuracy: 0.6289
84/98 [========================>.....] - ETA: 0s - loss: 1.0665 - accuracy: 0.6294
89/98 [==========================>...] - ETA: 0s - loss: 1.0675 - accuracy: 0.6287
93/98 [===========================>..] - ETA: 0s - loss: 1.0666 - accuracy: 0.6290
98/98 [==============================] - ETA: 0s - loss: 1.0661 - accuracy: 0.6295
98/98 [==============================] - 2s 20ms/step - loss: 1.0661 - accuracy: 0.6295 - val_loss: 1.1440 - val_accuracy: 0.5994
Epoch 12/59

 1/98 [..............................] - ETA: 2s - loss: 1.0076 - accuracy: 0.6445
 7/98 [=>............................] - ETA: 0s - loss: 1.0451 - accuracy: 0.6381
13/98 [==>...........................] - ETA: 0s - loss: 1.0462 - accuracy: 0.6418
19/98 [====>.........................] - ETA: 0s - loss: 1.0428 - accuracy: 0.6411
24/98 [======>.......................] - ETA: 0s - loss: 1.0467 - accuracy: 0.6374
28/98 [=======>......................] - ETA: 0s - loss: 1.0434 - accuracy: 0.6390
32/98 [========>.....................] - ETA: 0s - loss: 1.0417 - accuracy: 0.6394
36/98 [==========>...................] - ETA: 0s - loss: 1.0433 - accuracy: 0.6384
40/98 [===========>..................] - ETA: 0s - loss: 1.0460 - accuracy: 0.6365
44/98 [============>.................] - ETA: 0s - loss: 1.0444 - accuracy: 0.6363
49/98 [==============>...............] - ETA: 0s - loss: 1.0434 - accuracy: 0.6375
53/98 [===============>..............] - ETA: 0s - loss: 1.0410 - accuracy: 0.6387
56/98 [================>.............] - ETA: 0s - loss: 1.0410 - accuracy: 0.6386
61/98 [=================>............] - ETA: 0s - loss: 1.0424 - accuracy: 0.6372
66/98 [===================>..........] - ETA: 0s - loss: 1.0428 - accuracy: 0.6371
70/98 [====================>.........] - ETA: 0s - loss: 1.0434 - accuracy: 0.6369
75/98 [=====================>........] - ETA: 0s - loss: 1.0432 - accuracy: 0.6374
79/98 [=======================>......] - ETA: 0s - loss: 1.0421 - accuracy: 0.6376
83/98 [========================>.....] - ETA: 0s - loss: 1.0428 - accuracy: 0.6379
87/98 [=========================>....] - ETA: 0s - loss: 1.0432 - accuracy: 0.6381
91/98 [==========================>...] - ETA: 0s - loss: 1.0431 - accuracy: 0.6382
95/98 [============================>.] - ETA: 0s - loss: 1.0443 - accuracy: 0.6378
98/98 [==============================] - 2s 20ms/step - loss: 1.0439 - accuracy: 0.6376 - val_loss: 1.1366 - val_accuracy: 0.6054
Epoch 13/59

 1/98 [..............................] - ETA: 2s - loss: 0.9308 - accuracy: 0.6699
 7/98 [=>............................] - ETA: 0s - loss: 1.0145 - accuracy: 0.6568
12/98 [==>...........................] - ETA: 0s - loss: 1.0294 - accuracy: 0.6486
18/98 [====>.........................] - ETA: 0s - loss: 1.0266 - accuracy: 0.6481
24/98 [======>.......................] - ETA: 0s - loss: 1.0260 - accuracy: 0.6455
28/98 [=======>......................] - ETA: 0s - loss: 1.0188 - accuracy: 0.6464
32/98 [========>.....................] - ETA: 0s - loss: 1.0183 - accuracy: 0.6465
36/98 [==========>...................] - ETA: 0s - loss: 1.0183 - accuracy: 0.6483
40/98 [===========>..................] - ETA: 0s - loss: 1.0203 - accuracy: 0.6461
44/98 [============>.................] - ETA: 0s - loss: 1.0208 - accuracy: 0.6464
48/98 [=============>................] - ETA: 0s - loss: 1.0186 - accuracy: 0.6470
52/98 [==============>...............] - ETA: 0s - loss: 1.0173 - accuracy: 0.6480
56/98 [================>.............] - ETA: 0s - loss: 1.0196 - accuracy: 0.6467
61/98 [=================>............] - ETA: 0s - loss: 1.0210 - accuracy: 0.6469
65/98 [==================>...........] - ETA: 0s - loss: 1.0204 - accuracy: 0.6472
69/98 [====================>.........] - ETA: 0s - loss: 1.0208 - accuracy: 0.6473
73/98 [=====================>........] - ETA: 0s - loss: 1.0225 - accuracy: 0.6464
77/98 [======================>.......] - ETA: 0s - loss: 1.0213 - accuracy: 0.6464
81/98 [=======================>......] - ETA: 0s - loss: 1.0216 - accuracy: 0.6458
85/98 [=========================>....] - ETA: 0s - loss: 1.0220 - accuracy: 0.6452
89/98 [==========================>...] - ETA: 0s - loss: 1.0228 - accuracy: 0.6448
93/98 [===========================>..] - ETA: 0s - loss: 1.0232 - accuracy: 0.6448
97/98 [============================>.] - ETA: 0s - loss: 1.0240 - accuracy: 0.6443
98/98 [==============================] - 2s 20ms/step - loss: 1.0242 - accuracy: 0.6441 - val_loss: 1.1301 - val_accuracy: 0.6087
Epoch 14/59

 1/98 [..............................] - ETA: 2s - loss: 0.9725 - accuracy: 0.6523
 7/98 [=>............................] - ETA: 0s - loss: 1.0186 - accuracy: 0.6496
12/98 [==>...........................] - ETA: 0s - loss: 1.0104 - accuracy: 0.6512
18/98 [====>.........................] - ETA: 0s - loss: 1.0084 - accuracy: 0.6510
22/98 [=====>........................] - ETA: 0s - loss: 1.0038 - accuracy: 0.6509
27/98 [=======>......................] - ETA: 0s - loss: 1.0002 - accuracy: 0.6532
31/98 [========>.....................] - ETA: 0s - loss: 1.0031 - accuracy: 0.6522
35/98 [=========>....................] - ETA: 0s - loss: 1.0061 - accuracy: 0.6514
39/98 [==========>...................] - ETA: 0s - loss: 1.0072 - accuracy: 0.6525
43/98 [============>.................] - ETA: 0s - loss: 1.0093 - accuracy: 0.6512
48/98 [=============>................] - ETA: 0s - loss: 1.0072 - accuracy: 0.6517
52/98 [==============>...............] - ETA: 0s - loss: 1.0043 - accuracy: 0.6528
56/98 [================>.............] - ETA: 0s - loss: 1.0014 - accuracy: 0.6539
61/98 [=================>............] - ETA: 0s - loss: 1.0034 - accuracy: 0.6537
65/98 [==================>...........] - ETA: 0s - loss: 1.0056 - accuracy: 0.6530
69/98 [====================>.........] - ETA: 0s - loss: 1.0054 - accuracy: 0.6531
73/98 [=====================>........] - ETA: 0s - loss: 1.0039 - accuracy: 0.6539
78/98 [======================>.......] - ETA: 0s - loss: 1.0034 - accuracy: 0.6541
82/98 [========================>.....] - ETA: 0s - loss: 1.0032 - accuracy: 0.6546
87/98 [=========================>....] - ETA: 0s - loss: 1.0039 - accuracy: 0.6545
91/98 [==========================>...] - ETA: 0s - loss: 1.0031 - accuracy: 0.6546
96/98 [============================>.] - ETA: 0s - loss: 1.0041 - accuracy: 0.6541
98/98 [==============================] - 2s 20ms/step - loss: 1.0039 - accuracy: 0.6543 - val_loss: 1.1131 - val_accuracy: 0.6135
Epoch 15/59

 1/98 [..............................] - ETA: 2s - loss: 1.0536 - accuracy: 0.6602
 6/98 [>.............................] - ETA: 0s - loss: 0.9725 - accuracy: 0.6702
11/98 [==>...........................] - ETA: 0s - loss: 1.0018 - accuracy: 0.6587
16/98 [===>..........................] - ETA: 0s - loss: 1.0123 - accuracy: 0.6531
20/98 [=====>........................] - ETA: 0s - loss: 1.0059 - accuracy: 0.6541
24/98 [======>.......................] - ETA: 0s - loss: 0.9946 - accuracy: 0.6574
29/98 [=======>......................] - ETA: 0s - loss: 0.9909 - accuracy: 0.6589
33/98 [=========>....................] - ETA: 0s - loss: 0.9846 - accuracy: 0.6622
38/98 [==========>...................] - ETA: 0s - loss: 0.9853 - accuracy: 0.6594
43/98 [============>.................] - ETA: 0s - loss: 0.9839 - accuracy: 0.6590
47/98 [=============>................] - ETA: 0s - loss: 0.9845 - accuracy: 0.6590
52/98 [==============>...............] - ETA: 0s - loss: 0.9882 - accuracy: 0.6588
56/98 [================>.............] - ETA: 0s - loss: 0.9851 - accuracy: 0.6592
60/98 [=================>............] - ETA: 0s - loss: 0.9846 - accuracy: 0.6587
64/98 [==================>...........] - ETA: 0s - loss: 0.9838 - accuracy: 0.6592
69/98 [====================>.........] - ETA: 0s - loss: 0.9845 - accuracy: 0.6596
73/98 [=====================>........] - ETA: 0s - loss: 0.9861 - accuracy: 0.6594
77/98 [======================>.......] - ETA: 0s - loss: 0.9843 - accuracy: 0.6606
81/98 [=======================>......] - ETA: 0s - loss: 0.9840 - accuracy: 0.6606
86/98 [=========================>....] - ETA: 0s - loss: 0.9855 - accuracy: 0.6605
90/98 [==========================>...] - ETA: 0s - loss: 0.9850 - accuracy: 0.6603
94/98 [===========================>..] - ETA: 0s - loss: 0.9853 - accuracy: 0.6603
98/98 [==============================] - ETA: 0s - loss: 0.9860 - accuracy: 0.6607
98/98 [==============================] - 2s 20ms/step - loss: 0.9860 - accuracy: 0.6607 - val_loss: 1.1067 - val_accuracy: 0.6168
Epoch 16/59

 1/98 [..............................] - ETA: 1s - loss: 0.8850 - accuracy: 0.6875
 6/98 [>.............................] - ETA: 1s - loss: 0.9313 - accuracy: 0.6768
12/98 [==>...........................] - ETA: 0s - loss: 0.9554 - accuracy: 0.6709
15/98 [===>..........................] - ETA: 1s - loss: 0.9554 - accuracy: 0.6699
19/98 [====>.........................] - ETA: 1s - loss: 0.9615 - accuracy: 0.6660
23/98 [======>.......................] - ETA: 1s - loss: 0.9575 - accuracy: 0.6683
27/98 [=======>......................] - ETA: 0s - loss: 0.9604 - accuracy: 0.6679
31/98 [========>.....................] - ETA: 1s - loss: 0.9602 - accuracy: 0.6668
36/98 [==========>...................] - ETA: 0s - loss: 0.9634 - accuracy: 0.6646
41/98 [===========>..................] - ETA: 0s - loss: 0.9653 - accuracy: 0.6636
44/98 [============>.................] - ETA: 0s - loss: 0.9655 - accuracy: 0.6632
49/98 [==============>...............] - ETA: 0s - loss: 0.9691 - accuracy: 0.6623
53/98 [===============>..............] - ETA: 0s - loss: 0.9692 - accuracy: 0.6625
57/98 [================>.............] - ETA: 0s - loss: 0.9685 - accuracy: 0.6627
61/98 [=================>............] - ETA: 0s - loss: 0.9690 - accuracy: 0.6627
66/98 [===================>..........] - ETA: 0s - loss: 0.9670 - accuracy: 0.6632
70/98 [====================>.........] - ETA: 0s - loss: 0.9679 - accuracy: 0.6629
74/98 [=====================>........] - ETA: 0s - loss: 0.9693 - accuracy: 0.6630
78/98 [======================>.......] - ETA: 0s - loss: 0.9694 - accuracy: 0.6632
83/98 [========================>.....] - ETA: 0s - loss: 0.9698 - accuracy: 0.6629
87/98 [=========================>....] - ETA: 0s - loss: 0.9715 - accuracy: 0.6625
92/98 [===========================>..] - ETA: 0s - loss: 0.9734 - accuracy: 0.6621
96/98 [============================>.] - ETA: 0s - loss: 0.9720 - accuracy: 0.6631
98/98 [==============================] - 2s 20ms/step - loss: 0.9722 - accuracy: 0.6630 - val_loss: 1.0869 - val_accuracy: 0.6234
Epoch 17/59

 1/98 [..............................] - ETA: 2s - loss: 1.0218 - accuracy: 0.6582
 6/98 [>.............................] - ETA: 1s - loss: 0.9539 - accuracy: 0.6673
10/98 [==>...........................] - ETA: 1s - loss: 0.9646 - accuracy: 0.6604
15/98 [===>..........................] - ETA: 1s - loss: 0.9634 - accuracy: 0.6628
19/98 [====>.........................] - ETA: 1s - loss: 0.9626 - accuracy: 0.6657
23/98 [======>.......................] - ETA: 1s - loss: 0.9665 - accuracy: 0.6628
27/98 [=======>......................] - ETA: 1s - loss: 0.9645 - accuracy: 0.6644
32/98 [========>.....................] - ETA: 0s - loss: 0.9639 - accuracy: 0.6658
36/98 [==========>...................] - ETA: 0s - loss: 0.9652 - accuracy: 0.6650
40/98 [===========>..................] - ETA: 0s - loss: 0.9631 - accuracy: 0.6664
44/98 [============>.................] - ETA: 0s - loss: 0.9655 - accuracy: 0.6658
49/98 [==============>...............] - ETA: 0s - loss: 0.9674 - accuracy: 0.6651
53/98 [===============>..............] - ETA: 0s - loss: 0.9642 - accuracy: 0.6661
57/98 [================>.............] - ETA: 0s - loss: 0.9627 - accuracy: 0.6672
62/98 [=================>............] - ETA: 0s - loss: 0.9619 - accuracy: 0.6680
66/98 [===================>..........] - ETA: 0s - loss: 0.9611 - accuracy: 0.6688
70/98 [====================>.........] - ETA: 0s - loss: 0.9605 - accuracy: 0.6693
74/98 [=====================>........] - ETA: 0s - loss: 0.9581 - accuracy: 0.6706
78/98 [======================>.......] - ETA: 0s - loss: 0.9575 - accuracy: 0.6706
82/98 [========================>.....] - ETA: 0s - loss: 0.9564 - accuracy: 0.6705
86/98 [=========================>....] - ETA: 0s - loss: 0.9577 - accuracy: 0.6694
90/98 [==========================>...] - ETA: 0s - loss: 0.9579 - accuracy: 0.6693
94/98 [===========================>..] - ETA: 0s - loss: 0.9564 - accuracy: 0.6699
98/98 [==============================] - ETA: 0s - loss: 0.9555 - accuracy: 0.6705
98/98 [==============================] - 2s 20ms/step - loss: 0.9555 - accuracy: 0.6705 - val_loss: 1.0972 - val_accuracy: 0.6177
Epoch 18/59

 1/98 [..............................] - ETA: 1s - loss: 0.8843 - accuracy: 0.7070
 5/98 [>.............................] - ETA: 1s - loss: 0.9377 - accuracy: 0.6812
 9/98 [=>............................] - ETA: 1s - loss: 0.9312 - accuracy: 0.6777
13/98 [==>...........................] - ETA: 1s - loss: 0.9250 - accuracy: 0.6822
17/98 [====>.........................] - ETA: 1s - loss: 0.9329 - accuracy: 0.6799
21/98 [=====>........................] - ETA: 1s - loss: 0.9374 - accuracy: 0.6765
26/98 [======>.......................] - ETA: 1s - loss: 0.9386 - accuracy: 0.6751
30/98 [========>.....................] - ETA: 1s - loss: 0.9384 - accuracy: 0.6749
34/98 [=========>....................] - ETA: 0s - loss: 0.9374 - accuracy: 0.6755
39/98 [==========>...................] - ETA: 0s - loss: 0.9365 - accuracy: 0.6758
43/98 [============>.................] - ETA: 0s - loss: 0.9367 - accuracy: 0.6757
47/98 [=============>................] - ETA: 0s - loss: 0.9390 - accuracy: 0.6750
51/98 [==============>...............] - ETA: 0s - loss: 0.9402 - accuracy: 0.6748
55/98 [===============>..............] - ETA: 0s - loss: 0.9415 - accuracy: 0.6741
59/98 [=================>............] - ETA: 0s - loss: 0.9374 - accuracy: 0.6760
64/98 [==================>...........] - ETA: 0s - loss: 0.9391 - accuracy: 0.6760
69/98 [====================>.........] - ETA: 0s - loss: 0.9397 - accuracy: 0.6756
73/98 [=====================>........] - ETA: 0s - loss: 0.9407 - accuracy: 0.6746
77/98 [======================>.......] - ETA: 0s - loss: 0.9397 - accuracy: 0.6752
82/98 [========================>.....] - ETA: 0s - loss: 0.9434 - accuracy: 0.6733
86/98 [=========================>....] - ETA: 0s - loss: 0.9445 - accuracy: 0.6727
90/98 [==========================>...] - ETA: 0s - loss: 0.9446 - accuracy: 0.6735
94/98 [===========================>..] - ETA: 0s - loss: 0.9457 - accuracy: 0.6732
98/98 [==============================] - 2s 20ms/step - loss: 0.9437 - accuracy: 0.6734 - val_loss: 1.0722 - val_accuracy: 0.6291
Epoch 19/59

 1/98 [..............................] - ETA: 1s - loss: 0.9298 - accuracy: 0.6836
 5/98 [>.............................] - ETA: 1s - loss: 0.9038 - accuracy: 0.6918
 9/98 [=>............................] - ETA: 1s - loss: 0.9020 - accuracy: 0.6871
12/98 [==>...........................] - ETA: 1s - loss: 0.8988 - accuracy: 0.6875
16/98 [===>..........................] - ETA: 1s - loss: 0.8969 - accuracy: 0.6903
20/98 [=====>........................] - ETA: 1s - loss: 0.9061 - accuracy: 0.6885
24/98 [======>.......................] - ETA: 1s - loss: 0.9108 - accuracy: 0.6847
28/98 [=======>......................] - ETA: 1s - loss: 0.9092 - accuracy: 0.6850
33/98 [=========>....................] - ETA: 1s - loss: 0.9162 - accuracy: 0.6823
37/98 [==========>...................] - ETA: 0s - loss: 0.9228 - accuracy: 0.6802
42/98 [===========>..................] - ETA: 0s - loss: 0.9193 - accuracy: 0.6815
46/98 [=============>................] - ETA: 0s - loss: 0.9211 - accuracy: 0.6804
50/98 [==============>...............] - ETA: 0s - loss: 0.9247 - accuracy: 0.6793
54/98 [===============>..............] - ETA: 0s - loss: 0.9216 - accuracy: 0.6803
58/98 [================>.............] - ETA: 0s - loss: 0.9225 - accuracy: 0.6805
63/98 [==================>...........] - ETA: 0s - loss: 0.9199 - accuracy: 0.6817
67/98 [===================>..........] - ETA: 0s - loss: 0.9186 - accuracy: 0.6823
72/98 [=====================>........] - ETA: 0s - loss: 0.9211 - accuracy: 0.6818
76/98 [======================>.......] - ETA: 0s - loss: 0.9223 - accuracy: 0.6811
82/98 [========================>.....] - ETA: 0s - loss: 0.9248 - accuracy: 0.6804
87/98 [=========================>....] - ETA: 0s - loss: 0.9262 - accuracy: 0.6798
91/98 [==========================>...] - ETA: 0s - loss: 0.9277 - accuracy: 0.6799
95/98 [============================>.] - ETA: 0s - loss: 0.9295 - accuracy: 0.6793
98/98 [==============================] - 2s 20ms/step - loss: 0.9296 - accuracy: 0.6795 - val_loss: 1.0676 - val_accuracy: 0.6339
Epoch 20/59

 1/98 [..............................] - ETA: 2s - loss: 0.8362 - accuracy: 0.7305
 5/98 [>.............................] - ETA: 1s - loss: 0.8537 - accuracy: 0.7141
10/98 [==>...........................] - ETA: 1s - loss: 0.8787 - accuracy: 0.7014
14/98 [===>..........................] - ETA: 1s - loss: 0.8875 - accuracy: 0.6988
