2024-06-26 12:27:30.601982: I tensorflow/core/platform/cpu_feature_guard.cc:193] This TensorFlow binary is optimized with oneAPI Deep Neural Network Library (oneDNN) to use the following CPU instructions in performance-critical operations:  AVX AVX2
To enable them in other operations, rebuild TensorFlow with the appropriate compiler flags.
2024-06-26 12:27:31.139694: I tensorflow/core/common_runtime/gpu/gpu_device.cc:1616] Created device /job:localhost/replica:0/task:0/device:GPU:0 with 6656 MB memory:  -> device: 0, name: NVIDIA GeForce RTX 4060 Ti, pci bus id: 0000:01:00.0, compute capability: 8.9
1 Physical GPUs, 1 Logical GPUs
Model: "sequential"
_________________________________________________________________
 Layer (type)                Output Shape              Param #   
=================================================================
 conv2d (Conv2D)             (None, 32, 32, 32)        896       
                                                                 
 max_pooling2d (MaxPooling2D  (None, 16, 16, 32)       0         
 )                                                               
                                                                 
 batch_normalization (BatchN  (None, 16, 16, 32)       128       
 ormalization)                                                   
                                                                 
 dropout (Dropout)           (None, 16, 16, 32)        0         
                                                                 
 flatten (Flatten)           (None, 8192)              0         
                                                                 
 dense (Dense)               (None, 10)                81930     
                                                                 
=================================================================
Total params: 82,954
Trainable params: 82,890
Non-trainable params: 64
_________________________________________________________________
Taxa de aprendizado:  0.0001 Num de épocas:  59 Tamanho do lote:  512 Dropout:  0.07236
Epoch 1/59
2024-06-26 12:27:32.482449: I tensorflow/stream_executor/cuda/cuda_dnn.cc:384] Loaded cuDNN version 8100
2024-06-26 12:27:33.405308: W tensorflow/stream_executor/gpu/redzone_allocator.cc:314] INTERNAL: ptxas exited with non-zero error code -1, output: 
Relying on driver to perform ptx compilation. 
Modify $PATH to customize ptxas location.
This message will be only logged once.
2024-06-26 12:27:34.266927: I tensorflow/stream_executor/cuda/cuda_blas.cc:1614] TensorFloat-32 will be used for the matrix multiplication. This will only be logged once.

 1/98 [..............................] - ETA: 4:54 - loss: 2.7831 - accuracy: 0.0938
 6/98 [>.............................] - ETA: 1s - loss: 2.5788 - accuracy: 0.1146  
11/98 [==>...........................] - ETA: 1s - loss: 2.4550 - accuracy: 0.1456
17/98 [====>.........................] - ETA: 0s - loss: 2.3513 - accuracy: 0.1687
22/98 [=====>........................] - ETA: 0s - loss: 2.2786 - accuracy: 0.1938
27/98 [=======>......................] - ETA: 0s - loss: 2.2276 - accuracy: 0.2113
32/98 [========>.....................] - ETA: 0s - loss: 2.1823 - accuracy: 0.2267
37/98 [==========>...................] - ETA: 0s - loss: 2.1450 - accuracy: 0.2413
43/98 [============>.................] - ETA: 0s - loss: 2.1118 - accuracy: 0.2529
48/98 [=============>................] - ETA: 0s - loss: 2.0869 - accuracy: 0.2619
53/98 [===============>..............] - ETA: 0s - loss: 2.0602 - accuracy: 0.2727
59/98 [=================>............] - ETA: 0s - loss: 2.0324 - accuracy: 0.2831
64/98 [==================>...........] - ETA: 0s - loss: 2.0104 - accuracy: 0.2906
69/98 [====================>.........] - ETA: 0s - loss: 1.9926 - accuracy: 0.2967
74/98 [=====================>........] - ETA: 0s - loss: 1.9718 - accuracy: 0.3034
79/98 [=======================>......] - ETA: 0s - loss: 1.9538 - accuracy: 0.3096
85/98 [=========================>....] - ETA: 0s - loss: 1.9352 - accuracy: 0.3162
90/98 [==========================>...] - ETA: 0s - loss: 1.9205 - accuracy: 0.3214
95/98 [============================>.] - ETA: 0s - loss: 1.9071 - accuracy: 0.3264
98/98 [==============================] - 5s 23ms/step - loss: 1.8995 - accuracy: 0.3289 - val_loss: 2.1335 - val_accuracy: 0.2780
Epoch 2/59

 1/98 [..............................] - ETA: 1s - loss: 1.6952 - accuracy: 0.3691
 6/98 [>.............................] - ETA: 1s - loss: 1.6426 - accuracy: 0.4261
10/98 [==>...........................] - ETA: 1s - loss: 1.6163 - accuracy: 0.4328
15/98 [===>..........................] - ETA: 1s - loss: 1.6037 - accuracy: 0.4345
20/98 [=====>........................] - ETA: 0s - loss: 1.5991 - accuracy: 0.4355
25/98 [======>.......................] - ETA: 0s - loss: 1.5931 - accuracy: 0.4387
30/98 [========>.....................] - ETA: 0s - loss: 1.5914 - accuracy: 0.4367
35/98 [=========>....................] - ETA: 0s - loss: 1.5871 - accuracy: 0.4382
41/98 [===========>..................] - ETA: 0s - loss: 1.5775 - accuracy: 0.4422
45/98 [============>.................] - ETA: 0s - loss: 1.5753 - accuracy: 0.4417
51/98 [==============>...............] - ETA: 0s - loss: 1.5687 - accuracy: 0.4456
56/98 [================>.............] - ETA: 0s - loss: 1.5635 - accuracy: 0.4473
61/98 [=================>............] - ETA: 0s - loss: 1.5597 - accuracy: 0.4485
66/98 [===================>..........] - ETA: 0s - loss: 1.5548 - accuracy: 0.4511
72/98 [=====================>........] - ETA: 0s - loss: 1.5511 - accuracy: 0.4525
76/98 [======================>.......] - ETA: 0s - loss: 1.5463 - accuracy: 0.4537
82/98 [========================>.....] - ETA: 0s - loss: 1.5447 - accuracy: 0.4555
86/98 [=========================>....] - ETA: 0s - loss: 1.5403 - accuracy: 0.4572
91/98 [==========================>...] - ETA: 0s - loss: 1.5348 - accuracy: 0.4590
96/98 [============================>.] - ETA: 0s - loss: 1.5315 - accuracy: 0.4604
98/98 [==============================] - 2s 19ms/step - loss: 1.5298 - accuracy: 0.4607 - val_loss: 1.9912 - val_accuracy: 0.4043
Epoch 3/59

 1/98 [..............................] - ETA: 3s - loss: 1.3371 - accuracy: 0.5254
 6/98 [>.............................] - ETA: 1s - loss: 1.3779 - accuracy: 0.5192
11/98 [==>...........................] - ETA: 1s - loss: 1.3904 - accuracy: 0.5154
16/98 [===>..........................] - ETA: 1s - loss: 1.4115 - accuracy: 0.5092
22/98 [=====>........................] - ETA: 0s - loss: 1.4111 - accuracy: 0.5097
27/98 [=======>......................] - ETA: 0s - loss: 1.4047 - accuracy: 0.5100
32/98 [========>.....................] - ETA: 0s - loss: 1.4036 - accuracy: 0.5104
38/98 [==========>...................] - ETA: 0s - loss: 1.4014 - accuracy: 0.5107
43/98 [============>.................] - ETA: 0s - loss: 1.4032 - accuracy: 0.5103
48/98 [=============>................] - ETA: 0s - loss: 1.4073 - accuracy: 0.5090
53/98 [===============>..............] - ETA: 0s - loss: 1.4031 - accuracy: 0.5112
59/98 [=================>............] - ETA: 0s - loss: 1.4038 - accuracy: 0.5106
64/98 [==================>...........] - ETA: 0s - loss: 1.4012 - accuracy: 0.5111
69/98 [====================>.........] - ETA: 0s - loss: 1.3962 - accuracy: 0.5133
74/98 [=====================>........] - ETA: 0s - loss: 1.3943 - accuracy: 0.5135
79/98 [=======================>......] - ETA: 0s - loss: 1.3909 - accuracy: 0.5143
84/98 [========================>.....] - ETA: 0s - loss: 1.3912 - accuracy: 0.5131
89/98 [==========================>...] - ETA: 0s - loss: 1.3901 - accuracy: 0.5140
94/98 [===========================>..] - ETA: 0s - loss: 1.3877 - accuracy: 0.5155
98/98 [==============================] - 2s 19ms/step - loss: 1.3870 - accuracy: 0.5156 - val_loss: 1.8156 - val_accuracy: 0.4645
Epoch 4/59

 1/98 [..............................] - ETA: 3s - loss: 1.3121 - accuracy: 0.5605
 5/98 [>.............................] - ETA: 1s - loss: 1.3229 - accuracy: 0.5332
11/98 [==>...........................] - ETA: 1s - loss: 1.3151 - accuracy: 0.5407
16/98 [===>..........................] - ETA: 1s - loss: 1.3065 - accuracy: 0.5410
21/98 [=====>........................] - ETA: 0s - loss: 1.3068 - accuracy: 0.5410
26/98 [======>.......................] - ETA: 0s - loss: 1.3038 - accuracy: 0.5436
31/98 [========>.....................] - ETA: 0s - loss: 1.3012 - accuracy: 0.5450
36/98 [==========>...................] - ETA: 0s - loss: 1.3018 - accuracy: 0.5444
41/98 [===========>..................] - ETA: 0s - loss: 1.3015 - accuracy: 0.5441
47/98 [=============>................] - ETA: 0s - loss: 1.3072 - accuracy: 0.5412
52/98 [==============>...............] - ETA: 0s - loss: 1.3060 - accuracy: 0.5426
57/98 [================>.............] - ETA: 0s - loss: 1.3053 - accuracy: 0.5435
62/98 [=================>............] - ETA: 0s - loss: 1.3052 - accuracy: 0.5429
67/98 [===================>..........] - ETA: 0s - loss: 1.3075 - accuracy: 0.5424
73/98 [=====================>........] - ETA: 0s - loss: 1.3035 - accuracy: 0.5436
78/98 [======================>.......] - ETA: 0s - loss: 1.3040 - accuracy: 0.5436
83/98 [========================>.....] - ETA: 0s - loss: 1.3018 - accuracy: 0.5450
88/98 [=========================>....] - ETA: 0s - loss: 1.3022 - accuracy: 0.5456
93/98 [===========================>..] - ETA: 0s - loss: 1.2999 - accuracy: 0.5470
98/98 [==============================] - 2s 19ms/step - loss: 1.2994 - accuracy: 0.5470 - val_loss: 1.6132 - val_accuracy: 0.5084
Epoch 5/59

 1/98 [..............................] - ETA: 3s - loss: 1.3052 - accuracy: 0.5391
 5/98 [>.............................] - ETA: 1s - loss: 1.2579 - accuracy: 0.5566
11/98 [==>...........................] - ETA: 1s - loss: 1.2603 - accuracy: 0.5600
14/98 [===>..........................] - ETA: 1s - loss: 1.2562 - accuracy: 0.5631
19/98 [====>.........................] - ETA: 1s - loss: 1.2518 - accuracy: 0.5650
24/98 [======>.......................] - ETA: 0s - loss: 1.2521 - accuracy: 0.5666
29/98 [=======>......................] - ETA: 0s - loss: 1.2501 - accuracy: 0.5660
34/98 [=========>....................] - ETA: 0s - loss: 1.2487 - accuracy: 0.5657
39/98 [==========>...................] - ETA: 0s - loss: 1.2498 - accuracy: 0.5655
44/98 [============>.................] - ETA: 0s - loss: 1.2484 - accuracy: 0.5658
50/98 [==============>...............] - ETA: 0s - loss: 1.2500 - accuracy: 0.5660
55/98 [===============>..............] - ETA: 0s - loss: 1.2501 - accuracy: 0.5659
60/98 [=================>............] - ETA: 0s - loss: 1.2481 - accuracy: 0.5664
65/98 [==================>...........] - ETA: 0s - loss: 1.2450 - accuracy: 0.5681
70/98 [====================>.........] - ETA: 0s - loss: 1.2442 - accuracy: 0.5686
75/98 [=====================>........] - ETA: 0s - loss: 1.2439 - accuracy: 0.5682
80/98 [=======================>......] - ETA: 0s - loss: 1.2433 - accuracy: 0.5680
86/98 [=========================>....] - ETA: 0s - loss: 1.2421 - accuracy: 0.5685
90/98 [==========================>...] - ETA: 0s - loss: 1.2398 - accuracy: 0.5690
95/98 [============================>.] - ETA: 0s - loss: 1.2389 - accuracy: 0.5693
98/98 [==============================] - 2s 20ms/step - loss: 1.2389 - accuracy: 0.5688 - val_loss: 1.4244 - val_accuracy: 0.5469
Epoch 6/59

 1/98 [..............................] - ETA: 1s - loss: 1.1384 - accuracy: 0.6035
 5/98 [>.............................] - ETA: 1s - loss: 1.1604 - accuracy: 0.6059
11/98 [==>...........................] - ETA: 1s - loss: 1.1973 - accuracy: 0.5866
16/98 [===>..........................] - ETA: 1s - loss: 1.2019 - accuracy: 0.5840
21/98 [=====>........................] - ETA: 0s - loss: 1.2080 - accuracy: 0.5809
26/98 [======>.......................] - ETA: 0s - loss: 1.2087 - accuracy: 0.5817
31/98 [========>.....................] - ETA: 0s - loss: 1.2046 - accuracy: 0.5826
37/98 [==========>...................] - ETA: 0s - loss: 1.2062 - accuracy: 0.5835
42/98 [===========>..................] - ETA: 0s - loss: 1.2041 - accuracy: 0.5847
47/98 [=============>................] - ETA: 0s - loss: 1.2013 - accuracy: 0.5856
52/98 [==============>...............] - ETA: 0s - loss: 1.2002 - accuracy: 0.5853
57/98 [================>.............] - ETA: 0s - loss: 1.2004 - accuracy: 0.5844
62/98 [=================>............] - ETA: 0s - loss: 1.1988 - accuracy: 0.5845
68/98 [===================>..........] - ETA: 0s - loss: 1.2003 - accuracy: 0.5835
73/98 [=====================>........] - ETA: 0s - loss: 1.1986 - accuracy: 0.5836
78/98 [======================>.......] - ETA: 0s - loss: 1.1985 - accuracy: 0.5842
83/98 [========================>.....] - ETA: 0s - loss: 1.1957 - accuracy: 0.5848
88/98 [=========================>....] - ETA: 0s - loss: 1.1958 - accuracy: 0.5839
94/98 [===========================>..] - ETA: 0s - loss: 1.1955 - accuracy: 0.5837
98/98 [==============================] - 2s 19ms/step - loss: 1.1948 - accuracy: 0.5840 - val_loss: 1.2890 - val_accuracy: 0.5681
Epoch 7/59

 1/98 [..............................] - ETA: 1s - loss: 1.1611 - accuracy: 0.5938
 5/98 [>.............................] - ETA: 1s - loss: 1.1480 - accuracy: 0.6012
11/98 [==>...........................] - ETA: 1s - loss: 1.1526 - accuracy: 0.5977
16/98 [===>..........................] - ETA: 1s - loss: 1.1614 - accuracy: 0.5975
21/98 [=====>........................] - ETA: 0s - loss: 1.1651 - accuracy: 0.5971
27/98 [=======>......................] - ETA: 0s - loss: 1.1624 - accuracy: 0.5984
32/98 [========>.....................] - ETA: 0s - loss: 1.1627 - accuracy: 0.5990
37/98 [==========>...................] - ETA: 0s - loss: 1.1641 - accuracy: 0.5972
42/98 [===========>..................] - ETA: 0s - loss: 1.1623 - accuracy: 0.5973
47/98 [=============>................] - ETA: 0s - loss: 1.1579 - accuracy: 0.5989
52/98 [==============>...............] - ETA: 0s - loss: 1.1568 - accuracy: 0.5987
58/98 [================>.............] - ETA: 0s - loss: 1.1552 - accuracy: 0.5985
63/98 [==================>...........] - ETA: 0s - loss: 1.1525 - accuracy: 0.5989
68/98 [===================>..........] - ETA: 0s - loss: 1.1513 - accuracy: 0.5996
73/98 [=====================>........] - ETA: 0s - loss: 1.1521 - accuracy: 0.5997
78/98 [======================>.......] - ETA: 0s - loss: 1.1528 - accuracy: 0.5993
84/98 [========================>.....] - ETA: 0s - loss: 1.1521 - accuracy: 0.5996
89/98 [==========================>...] - ETA: 0s - loss: 1.1529 - accuracy: 0.5992
94/98 [===========================>..] - ETA: 0s - loss: 1.1533 - accuracy: 0.5990
98/98 [==============================] - 2s 19ms/step - loss: 1.1527 - accuracy: 0.5994 - val_loss: 1.2180 - val_accuracy: 0.5819
Epoch 8/59

 1/98 [..............................] - ETA: 3s - loss: 1.1414 - accuracy: 0.6172
 6/98 [>.............................] - ETA: 1s - loss: 1.1082 - accuracy: 0.6172
11/98 [==>...........................] - ETA: 1s - loss: 1.1197 - accuracy: 0.6122
16/98 [===>..........................] - ETA: 1s - loss: 1.1172 - accuracy: 0.6147
21/98 [=====>........................] - ETA: 0s - loss: 1.1263 - accuracy: 0.6091
26/98 [======>.......................] - ETA: 0s - loss: 1.1239 - accuracy: 0.6109
32/98 [========>.....................] - ETA: 0s - loss: 1.1258 - accuracy: 0.6111
37/98 [==========>...................] - ETA: 0s - loss: 1.1253 - accuracy: 0.6096
42/98 [===========>..................] - ETA: 0s - loss: 1.1216 - accuracy: 0.6122
47/98 [=============>................] - ETA: 0s - loss: 1.1208 - accuracy: 0.6123
53/98 [===============>..............] - ETA: 0s - loss: 1.1189 - accuracy: 0.6135
58/98 [================>.............] - ETA: 0s - loss: 1.1209 - accuracy: 0.6126
63/98 [==================>...........] - ETA: 0s - loss: 1.1233 - accuracy: 0.6120
68/98 [===================>..........] - ETA: 0s - loss: 1.1255 - accuracy: 0.6110
73/98 [=====================>........] - ETA: 0s - loss: 1.1247 - accuracy: 0.6116
78/98 [======================>.......] - ETA: 0s - loss: 1.1247 - accuracy: 0.6112
84/98 [========================>.....] - ETA: 0s - loss: 1.1241 - accuracy: 0.6116
89/98 [==========================>...] - ETA: 0s - loss: 1.1243 - accuracy: 0.6120
94/98 [===========================>..] - ETA: 0s - loss: 1.1224 - accuracy: 0.6129
98/98 [==============================] - 2s 19ms/step - loss: 1.1214 - accuracy: 0.6129 - val_loss: 1.1785 - val_accuracy: 0.5902
Epoch 9/59

 1/98 [..............................] - ETA: 3s - loss: 0.9886 - accuracy: 0.6719
 6/98 [>.............................] - ETA: 1s - loss: 1.0498 - accuracy: 0.6416
11/98 [==>...........................] - ETA: 1s - loss: 1.0774 - accuracy: 0.6294
17/98 [====>.........................] - ETA: 0s - loss: 1.0930 - accuracy: 0.6189
22/98 [=====>........................] - ETA: 0s - loss: 1.0983 - accuracy: 0.6163
28/98 [=======>......................] - ETA: 0s - loss: 1.1022 - accuracy: 0.6165
33/98 [=========>....................] - ETA: 0s - loss: 1.0958 - accuracy: 0.6182
39/98 [==========>...................] - ETA: 0s - loss: 1.0981 - accuracy: 0.6181
45/98 [============>.................] - ETA: 0s - loss: 1.0974 - accuracy: 0.6204
50/98 [==============>...............] - ETA: 0s - loss: 1.0959 - accuracy: 0.6209
56/98 [================>.............] - ETA: 0s - loss: 1.0968 - accuracy: 0.6207
60/98 [=================>............] - ETA: 0s - loss: 1.0986 - accuracy: 0.6206
65/98 [==================>...........] - ETA: 0s - loss: 1.0971 - accuracy: 0.6219
71/98 [====================>.........] - ETA: 0s - loss: 1.0952 - accuracy: 0.6223
77/98 [======================>.......] - ETA: 0s - loss: 1.0950 - accuracy: 0.6220
82/98 [========================>.....] - ETA: 0s - loss: 1.0957 - accuracy: 0.6217
88/98 [=========================>....] - ETA: 0s - loss: 1.0928 - accuracy: 0.6230
93/98 [===========================>..] - ETA: 0s - loss: 1.0938 - accuracy: 0.6226
98/98 [==============================] - ETA: 0s - loss: 1.0928 - accuracy: 0.6231
98/98 [==============================] - 2s 19ms/step - loss: 1.0928 - accuracy: 0.6231 - val_loss: 1.1510 - val_accuracy: 0.5988
Epoch 10/59

 1/98 [..............................] - ETA: 3s - loss: 1.1413 - accuracy: 0.5957
 6/98 [>.............................] - ETA: 1s - loss: 1.0612 - accuracy: 0.6302
11/98 [==>...........................] - ETA: 1s - loss: 1.0721 - accuracy: 0.6298
16/98 [===>..........................] - ETA: 1s - loss: 1.0725 - accuracy: 0.6295
21/98 [=====>........................] - ETA: 0s - loss: 1.0759 - accuracy: 0.6323
27/98 [=======>......................] - ETA: 0s - loss: 1.0713 - accuracy: 0.6310
32/98 [========>.....................] - ETA: 0s - loss: 1.0700 - accuracy: 0.6292
37/98 [==========>...................] - ETA: 0s - loss: 1.0697 - accuracy: 0.6277
42/98 [===========>..................] - ETA: 0s - loss: 1.0701 - accuracy: 0.6283
47/98 [=============>................] - ETA: 0s - loss: 1.0664 - accuracy: 0.6307
53/98 [===============>..............] - ETA: 0s - loss: 1.0668 - accuracy: 0.6312
58/98 [================>.............] - ETA: 0s - loss: 1.0700 - accuracy: 0.6300
63/98 [==================>...........] - ETA: 0s - loss: 1.0714 - accuracy: 0.6300
68/98 [===================>..........] - ETA: 0s - loss: 1.0711 - accuracy: 0.6307
73/98 [=====================>........] - ETA: 0s - loss: 1.0694 - accuracy: 0.6309
78/98 [======================>.......] - ETA: 0s - loss: 1.0687 - accuracy: 0.6316
84/98 [========================>.....] - ETA: 0s - loss: 1.0687 - accuracy: 0.6315
89/98 [==========================>...] - ETA: 0s - loss: 1.0697 - accuracy: 0.6315
94/98 [===========================>..] - ETA: 0s - loss: 1.0690 - accuracy: 0.6315
98/98 [==============================] - 2s 19ms/step - loss: 1.0679 - accuracy: 0.6319 - val_loss: 1.1440 - val_accuracy: 0.5943
Epoch 11/59

 1/98 [..............................] - ETA: 3s - loss: 1.0896 - accuracy: 0.6172
 6/98 [>.............................] - ETA: 1s - loss: 1.0349 - accuracy: 0.6442
11/98 [==>...........................] - ETA: 1s - loss: 1.0382 - accuracy: 0.6447
16/98 [===>..........................] - ETA: 1s - loss: 1.0341 - accuracy: 0.6445
22/98 [=====>........................] - ETA: 0s - loss: 1.0402 - accuracy: 0.6426
27/98 [=======>......................] - ETA: 0s - loss: 1.0403 - accuracy: 0.6412
32/98 [========>.....................] - ETA: 0s - loss: 1.0420 - accuracy: 0.6410
37/98 [==========>...................] - ETA: 0s - loss: 1.0436 - accuracy: 0.6397
43/98 [============>.................] - ETA: 0s - loss: 1.0462 - accuracy: 0.6386
48/98 [=============>................] - ETA: 0s - loss: 1.0469 - accuracy: 0.6378
53/98 [===============>..............] - ETA: 0s - loss: 1.0439 - accuracy: 0.6396
58/98 [================>.............] - ETA: 0s - loss: 1.0441 - accuracy: 0.6394
64/98 [==================>...........] - ETA: 0s - loss: 1.0436 - accuracy: 0.6396
69/98 [====================>.........] - ETA: 0s - loss: 1.0425 - accuracy: 0.6403
74/98 [=====================>........] - ETA: 0s - loss: 1.0438 - accuracy: 0.6395
79/98 [=======================>......] - ETA: 0s - loss: 1.0440 - accuracy: 0.6398
85/98 [=========================>....] - ETA: 0s - loss: 1.0435 - accuracy: 0.6396
90/98 [==========================>...] - ETA: 0s - loss: 1.0437 - accuracy: 0.6395
95/98 [============================>.] - ETA: 0s - loss: 1.0451 - accuracy: 0.6387
98/98 [==============================] - 2s 19ms/step - loss: 1.0455 - accuracy: 0.6383 - val_loss: 1.1265 - val_accuracy: 0.6049
Epoch 12/59

 1/98 [..............................] - ETA: 3s - loss: 1.0874 - accuracy: 0.6309
 6/98 [>.............................] - ETA: 1s - loss: 1.0028 - accuracy: 0.6663
11/98 [==>...........................] - ETA: 1s - loss: 1.0101 - accuracy: 0.6589
17/98 [====>.........................] - ETA: 0s - loss: 1.0203 - accuracy: 0.6502
22/98 [=====>........................] - ETA: 0s - loss: 1.0260 - accuracy: 0.6479
27/98 [=======>......................] - ETA: 0s - loss: 1.0215 - accuracy: 0.6478
32/98 [========>.....................] - ETA: 0s - loss: 1.0177 - accuracy: 0.6494
38/98 [==========>...................] - ETA: 0s - loss: 1.0255 - accuracy: 0.6465
42/98 [===========>..................] - ETA: 0s - loss: 1.0229 - accuracy: 0.6476
47/98 [=============>................] - ETA: 0s - loss: 1.0235 - accuracy: 0.6471
53/98 [===============>..............] - ETA: 0s - loss: 1.0230 - accuracy: 0.6477
58/98 [================>.............] - ETA: 0s - loss: 1.0228 - accuracy: 0.6474
63/98 [==================>...........] - ETA: 0s - loss: 1.0215 - accuracy: 0.6487
68/98 [===================>..........] - ETA: 0s - loss: 1.0219 - accuracy: 0.6481
73/98 [=====================>........] - ETA: 0s - loss: 1.0238 - accuracy: 0.6472
79/98 [=======================>......] - ETA: 0s - loss: 1.0241 - accuracy: 0.6471
83/98 [========================>.....] - ETA: 0s - loss: 1.0247 - accuracy: 0.6472
89/98 [==========================>...] - ETA: 0s - loss: 1.0270 - accuracy: 0.6465
94/98 [===========================>..] - ETA: 0s - loss: 1.0255 - accuracy: 0.6466
98/98 [==============================] - 2s 19ms/step - loss: 1.0252 - accuracy: 0.6466 - val_loss: 1.1123 - val_accuracy: 0.6107
Epoch 13/59

 1/98 [..............................] - ETA: 3s - loss: 0.9847 - accuracy: 0.6621
 6/98 [>.............................] - ETA: 1s - loss: 1.0303 - accuracy: 0.6429
12/98 [==>...........................] - ETA: 0s - loss: 1.0215 - accuracy: 0.6481
17/98 [====>.........................] - ETA: 0s - loss: 1.0087 - accuracy: 0.6542
22/98 [=====>........................] - ETA: 0s - loss: 1.0085 - accuracy: 0.6530
28/98 [=======>......................] - ETA: 0s - loss: 1.0114 - accuracy: 0.6532
33/98 [=========>....................] - ETA: 0s - loss: 1.0095 - accuracy: 0.6522
38/98 [==========>...................] - ETA: 0s - loss: 1.0113 - accuracy: 0.6515
43/98 [============>.................] - ETA: 0s - loss: 1.0088 - accuracy: 0.6532
48/98 [=============>................] - ETA: 0s - loss: 1.0069 - accuracy: 0.6538
54/98 [===============>..............] - ETA: 0s - loss: 1.0055 - accuracy: 0.6547
58/98 [================>.............] - ETA: 0s - loss: 1.0058 - accuracy: 0.6543
63/98 [==================>...........] - ETA: 0s - loss: 1.0065 - accuracy: 0.6549
67/98 [===================>..........] - ETA: 0s - loss: 1.0104 - accuracy: 0.6536
72/98 [=====================>........] - ETA: 0s - loss: 1.0093 - accuracy: 0.6527
77/98 [======================>.......] - ETA: 0s - loss: 1.0083 - accuracy: 0.6533
83/98 [========================>.....] - ETA: 0s - loss: 1.0072 - accuracy: 0.6538
88/98 [=========================>....] - ETA: 0s - loss: 1.0077 - accuracy: 0.6534
93/98 [===========================>..] - ETA: 0s - loss: 1.0069 - accuracy: 0.6535
98/98 [==============================] - ETA: 0s - loss: 1.0057 - accuracy: 0.6541
98/98 [==============================] - 2s 19ms/step - loss: 1.0057 - accuracy: 0.6541 - val_loss: 1.1009 - val_accuracy: 0.6162
Epoch 14/59

 1/98 [..............................] - ETA: 1s - loss: 1.0215 - accuracy: 0.6523
 5/98 [>.............................] - ETA: 1s - loss: 0.9724 - accuracy: 0.6684
11/98 [==>...........................] - ETA: 1s - loss: 0.9862 - accuracy: 0.6628
16/98 [===>..........................] - ETA: 1s - loss: 0.9810 - accuracy: 0.6643
21/98 [=====>........................] - ETA: 0s - loss: 0.9887 - accuracy: 0.6617
26/98 [======>.......................] - ETA: 0s - loss: 0.9857 - accuracy: 0.6625
31/98 [========>.....................] - ETA: 0s - loss: 0.9863 - accuracy: 0.6620
36/98 [==========>...................] - ETA: 0s - loss: 0.9877 - accuracy: 0.6600
41/98 [===========>..................] - ETA: 0s - loss: 0.9892 - accuracy: 0.6600
46/98 [=============>................] - ETA: 0s - loss: 0.9927 - accuracy: 0.6593
51/98 [==============>...............] - ETA: 0s - loss: 0.9928 - accuracy: 0.6589
56/98 [================>.............] - ETA: 0s - loss: 0.9944 - accuracy: 0.6582
61/98 [=================>............] - ETA: 0s - loss: 0.9931 - accuracy: 0.6583
66/98 [===================>..........] - ETA: 0s - loss: 0.9923 - accuracy: 0.6582
71/98 [====================>.........] - ETA: 0s - loss: 0.9941 - accuracy: 0.6575
76/98 [======================>.......] - ETA: 0s - loss: 0.9916 - accuracy: 0.6588
82/98 [========================>.....] - ETA: 0s - loss: 0.9913 - accuracy: 0.6586
87/98 [=========================>....] - ETA: 0s - loss: 0.9903 - accuracy: 0.6590
92/98 [===========================>..] - ETA: 0s - loss: 0.9892 - accuracy: 0.6598
97/98 [============================>.] - ETA: 0s - loss: 0.9899 - accuracy: 0.6597
98/98 [==============================] - 2s 20ms/step - loss: 0.9892 - accuracy: 0.6598 - val_loss: 1.0906 - val_accuracy: 0.6182
Epoch 15/59

 1/98 [..............................] - ETA: 3s - loss: 1.0260 - accuracy: 0.6406
 6/98 [>.............................] - ETA: 1s - loss: 0.9782 - accuracy: 0.6628
11/98 [==>...........................] - ETA: 1s - loss: 0.9742 - accuracy: 0.6653
16/98 [===>..........................] - ETA: 1s - loss: 0.9802 - accuracy: 0.6620
21/98 [=====>........................] - ETA: 0s - loss: 0.9783 - accuracy: 0.6623
27/98 [=======>......................] - ETA: 0s - loss: 0.9778 - accuracy: 0.6641
32/98 [========>.....................] - ETA: 0s - loss: 0.9750 - accuracy: 0.6655
36/98 [==========>...................] - ETA: 0s - loss: 0.9769 - accuracy: 0.6647
42/98 [===========>..................] - ETA: 0s - loss: 0.9750 - accuracy: 0.6659
47/98 [=============>................] - ETA: 0s - loss: 0.9748 - accuracy: 0.6660
52/98 [==============>...............] - ETA: 0s - loss: 0.9735 - accuracy: 0.6667
57/98 [================>.............] - ETA: 0s - loss: 0.9708 - accuracy: 0.6671
62/98 [=================>............] - ETA: 0s - loss: 0.9726 - accuracy: 0.6666
67/98 [===================>..........] - ETA: 0s - loss: 0.9698 - accuracy: 0.6671
73/98 [=====================>........] - ETA: 0s - loss: 0.9704 - accuracy: 0.6671
78/98 [======================>.......] - ETA: 0s - loss: 0.9716 - accuracy: 0.6664
83/98 [========================>.....] - ETA: 0s - loss: 0.9726 - accuracy: 0.6664
88/98 [=========================>....] - ETA: 0s - loss: 0.9721 - accuracy: 0.6666
93/98 [===========================>..] - ETA: 0s - loss: 0.9740 - accuracy: 0.6658
98/98 [==============================] - ETA: 0s - loss: 0.9747 - accuracy: 0.6654
98/98 [==============================] - 2s 19ms/step - loss: 0.9747 - accuracy: 0.6654 - val_loss: 1.0786 - val_accuracy: 0.6232
Epoch 16/59

 1/98 [..............................] - ETA: 1s - loss: 0.9519 - accuracy: 0.6680
 5/98 [>.............................] - ETA: 1s - loss: 0.9682 - accuracy: 0.6625
 9/98 [=>............................] - ETA: 1s - loss: 0.9712 - accuracy: 0.6602
14/98 [===>..........................] - ETA: 1s - loss: 0.9673 - accuracy: 0.6639
19/98 [====>.........................] - ETA: 1s - loss: 0.9543 - accuracy: 0.6679
24/98 [======>.......................] - ETA: 0s - loss: 0.9436 - accuracy: 0.6750
29/98 [=======>......................] - ETA: 0s - loss: 0.9507 - accuracy: 0.6713
32/98 [========>.....................] - ETA: 0s - loss: 0.9514 - accuracy: 0.6721
36/98 [==========>...................] - ETA: 0s - loss: 0.9509 - accuracy: 0.6719
41/98 [===========>..................] - ETA: 0s - loss: 0.9522 - accuracy: 0.6725
46/98 [=============>................] - ETA: 0s - loss: 0.9533 - accuracy: 0.6710
51/98 [==============>...............] - ETA: 0s - loss: 0.9528 - accuracy: 0.6713
56/98 [================>.............] - ETA: 0s - loss: 0.9505 - accuracy: 0.6725
61/98 [=================>............] - ETA: 0s - loss: 0.9500 - accuracy: 0.6729
66/98 [===================>..........] - ETA: 0s - loss: 0.9504 - accuracy: 0.6726
71/98 [====================>.........] - ETA: 0s - loss: 0.9498 - accuracy: 0.6727
76/98 [======================>.......] - ETA: 0s - loss: 0.9498 - accuracy: 0.6726
81/98 [=======================>......] - ETA: 0s - loss: 0.9526 - accuracy: 0.6714
86/98 [=========================>....] - ETA: 0s - loss: 0.9531 - accuracy: 0.6709
91/98 [==========================>...] - ETA: 0s - loss: 0.9568 - accuracy: 0.6695
96/98 [============================>.] - ETA: 0s - loss: 0.9579 - accuracy: 0.6689
98/98 [==============================] - 2s 20ms/step - loss: 0.9582 - accuracy: 0.6687 - val_loss: 1.0777 - val_accuracy: 0.6232
Epoch 17/59

 1/98 [..............................] - ETA: 1s - loss: 0.9133 - accuracy: 0.6680
 6/98 [>.............................] - ETA: 1s - loss: 0.9322 - accuracy: 0.6816
11/98 [==>...........................] - ETA: 1s - loss: 0.9421 - accuracy: 0.6731
16/98 [===>..........................] - ETA: 1s - loss: 0.9347 - accuracy: 0.6731
21/98 [=====>........................] - ETA: 0s - loss: 0.9358 - accuracy: 0.6740
25/98 [======>.......................] - ETA: 0s - loss: 0.9371 - accuracy: 0.6744
30/98 [========>.....................] - ETA: 0s - loss: 0.9446 - accuracy: 0.6717
36/98 [==========>...................] - ETA: 0s - loss: 0.9463 - accuracy: 0.6723
41/98 [===========>..................] - ETA: 0s - loss: 0.9465 - accuracy: 0.6728
46/98 [=============>................] - ETA: 0s - loss: 0.9451 - accuracy: 0.6733
51/98 [==============>...............] - ETA: 0s - loss: 0.9471 - accuracy: 0.6732
56/98 [================>.............] - ETA: 0s - loss: 0.9478 - accuracy: 0.6727
62/98 [=================>............] - ETA: 0s - loss: 0.9473 - accuracy: 0.6739
67/98 [===================>..........] - ETA: 0s - loss: 0.9492 - accuracy: 0.6728
72/98 [=====================>........] - ETA: 0s - loss: 0.9501 - accuracy: 0.6727
77/98 [======================>.......] - ETA: 0s - loss: 0.9479 - accuracy: 0.6730
82/98 [========================>.....] - ETA: 0s - loss: 0.9484 - accuracy: 0.6729
87/98 [=========================>....] - ETA: 0s - loss: 0.9489 - accuracy: 0.6730
93/98 [===========================>..] - ETA: 0s - loss: 0.9468 - accuracy: 0.6733
98/98 [==============================] - ETA: 0s - loss: 0.9481 - accuracy: 0.6733
98/98 [==============================] - 2s 19ms/step - loss: 0.9481 - accuracy: 0.6733 - val_loss: 1.0733 - val_accuracy: 0.6210
Epoch 18/59

 1/98 [..............................] - ETA: 3s - loss: 0.8563 - accuracy: 0.6934
 6/98 [>.............................] - ETA: 1s - loss: 0.9215 - accuracy: 0.6813
11/98 [==>...........................] - ETA: 1s - loss: 0.9202 - accuracy: 0.6841
17/98 [====>.........................] - ETA: 0s - loss: 0.9203 - accuracy: 0.6845
22/98 [=====>........................] - ETA: 0s - loss: 0.9204 - accuracy: 0.6824
27/98 [=======>......................] - ETA: 0s - loss: 0.9255 - accuracy: 0.6824
32/98 [========>.....................] - ETA: 0s - loss: 0.9267 - accuracy: 0.6833
38/98 [==========>...................] - ETA: 0s - loss: 0.9267 - accuracy: 0.6840
43/98 [============>.................] - ETA: 0s - loss: 0.9278 - accuracy: 0.6837
48/98 [=============>................] - ETA: 0s - loss: 0.9289 - accuracy: 0.6825
53/98 [===============>..............] - ETA: 0s - loss: 0.9298 - accuracy: 0.6817
58/98 [================>.............] - ETA: 0s - loss: 0.9308 - accuracy: 0.6808
64/98 [==================>...........] - ETA: 0s - loss: 0.9316 - accuracy: 0.6803
69/98 [====================>.........] - ETA: 0s - loss: 0.9318 - accuracy: 0.6802
74/98 [=====================>........] - ETA: 0s - loss: 0.9333 - accuracy: 0.6798
79/98 [=======================>......] - ETA: 0s - loss: 0.9332 - accuracy: 0.6797
84/98 [========================>.....] - ETA: 0s - loss: 0.9346 - accuracy: 0.6793
89/98 [==========================>...] - ETA: 0s - loss: 0.9362 - accuracy: 0.6786
94/98 [===========================>..] - ETA: 0s - loss: 0.9346 - accuracy: 0.6795
98/98 [==============================] - 2s 19ms/step - loss: 0.9331 - accuracy: 0.6801 - val_loss: 1.0814 - val_accuracy: 0.6241
Epoch 19/59

 1/98 [..............................] - ETA: 2s - loss: 0.9198 - accuracy: 0.6855
 6/98 [>.............................] - ETA: 1s - loss: 0.9365 - accuracy: 0.6683
12/98 [==>...........................] - ETA: 0s - loss: 0.9282 - accuracy: 0.6729
17/98 [====>.........................] - ETA: 0s - loss: 0.9319 - accuracy: 0.6751
22/98 [=====>........................] - ETA: 0s - loss: 0.9307 - accuracy: 0.6760
28/98 [=======>......................] - ETA: 0s - loss: 0.9282 - accuracy: 0.6775
33/98 [=========>....................] - ETA: 0s - loss: 0.9230 - accuracy: 0.6789
38/98 [==========>...................] - ETA: 0s - loss: 0.9231 - accuracy: 0.6791
43/98 [============>.................] - ETA: 0s - loss: 0.9268 - accuracy: 0.6774
48/98 [=============>................] - ETA: 0s - loss: 0.9230 - accuracy: 0.6794
53/98 [===============>..............] - ETA: 0s - loss: 0.9232 - accuracy: 0.6798
58/98 [================>.............] - ETA: 0s - loss: 0.9213 - accuracy: 0.6807
63/98 [==================>...........] - ETA: 0s - loss: 0.9228 - accuracy: 0.6810
68/98 [===================>..........] - ETA: 0s - loss: 0.9183 - accuracy: 0.6834
73/98 [=====================>........] - ETA: 0s - loss: 0.9205 - accuracy: 0.6828
77/98 [======================>.......] - ETA: 0s - loss: 0.9213 - accuracy: 0.6829
82/98 [========================>.....] - ETA: 0s - loss: 0.9210 - accuracy: 0.6827
87/98 [=========================>....] - ETA: 0s - loss: 0.9207 - accuracy: 0.6825
92/98 [===========================>..] - ETA: 0s - loss: 0.9196 - accuracy: 0.6832
97/98 [============================>.] - ETA: 0s - loss: 0.9203 - accuracy: 0.6831
98/98 [==============================] - 2s 18ms/step - loss: 0.9207 - accuracy: 0.6829 - val_loss: 1.0602 - val_accuracy: 0.6306
Epoch 20/59

 1/98 [..............................] - ETA: 3s - loss: 0.9870 - accuracy: 0.6426
 7/98 [=>............................] - ETA: 0s - loss: 0.9173 - accuracy: 0.6816
12/98 [==>...........................] - ETA: 0s - loss: 0.9015 - accuracy: 0.6883
18/98 [====>.........................] - ETA: 0s - loss: 0.9096 - accuracy: 0.6863
23/98 [======>.......................] - ETA: 0s - loss: 0.9181 - accuracy: 0.6833
29/98 [=======>......................] - ETA: 0s - loss: 0.9149 - accuracy: 0.6854
34/98 [=========>....................] - ETA: 0s - loss: 0.9120 - accuracy: 0.6878
40/98 [===========>..................] - ETA: 0s - loss: 0.9094 - accuracy: 0.6874
45/98 [============>.................] - ETA: 0s - loss: 0.9093 - accuracy: 0.6870
51/98 [==============>...............] - ETA: 0s - loss: 0.9073 - accuracy: 0.6874
56/98 [================>.............] - ETA: 0s - loss: 0.9072 - accuracy: 0.6878
61/98 [=================>............] - ETA: 0s - loss: 0.9068 - accuracy: 0.6877
66/98 [===================>..........] - ETA: 0s - loss: 0.9079 - accuracy: 0.6881
72/98 [=====================>........] - ETA: 0s - loss: 0.9096 - accuracy: 0.6869
77/98 [======================>.......] - ETA: 0s - loss: 0.9091 - accuracy: 0.6869
82/98 [========================>.....] - ETA: 0s - loss: 0.9088 - accuracy: 0.6869
87/98 [=========================>....] - ETA: 0s - loss: 0.9093 - accuracy: 0.6867
92/98 [===========================>..] - ETA: 0s - loss: 0.9099 - accuracy: 0.6868
98/98 [==============================] - ETA: 0s - loss: 0.9094 - accuracy: 0.6872
98/98 [==============================] - 2s 19ms/step - loss: 0.9094 - accuracy: 0.6872 - val_loss: 1.0470 - val_accuracy: 0.6390
Epoch 21/59

 1/98 [..............................] - ETA: 3s - loss: 0.8976 - accuracy: 0.7012
 6/98 [>.............................] - ETA: 1s - loss: 0.8642 - accuracy: 0.7119
11/98 [==>...........................] - ETA: 1s - loss: 0.8823 - accuracy: 0.7021
16/98 [===>..........................] - ETA: 1s - loss: 0.8830 - accuracy: 0.7017
22/98 [=====>........................] - ETA: 0s - loss: 0.8781 - accuracy: 0.7008
26/98 [======>.......................] - ETA: 0s - loss: 0.8804 - accuracy: 0.6989
32/98 [========>.....................] - ETA: 0s - loss: 0.8879 - accuracy: 0.6960
37/98 [==========>...................] - ETA: 0s - loss: 0.8901 - accuracy: 0.6947
42/98 [===========>..................] - ETA: 0s - loss: 0.8890 - accuracy: 0.6953
47/98 [=============>................] - ETA: 0s - loss: 0.8935 - accuracy: 0.6941
53/98 [===============>..............] - ETA: 0s - loss: 0.8943 - accuracy: 0.6933
58/98 [================>.............] - ETA: 0s - loss: 0.8954 - accuracy: 0.6933
63/98 [==================>...........] - ETA: 0s - loss: 0.8969 - accuracy: 0.6930
68/98 [===================>..........] - ETA: 0s - loss: 0.8976 - accuracy: 0.6924
74/98 [=====================>........] - ETA: 0s - loss: 0.8964 - accuracy: 0.6931
79/98 [=======================>......] - ETA: 0s - loss: 0.8957 - accuracy: 0.6932
84/98 [========================>.....] - ETA: 0s - loss: 0.8959 - accuracy: 0.6928
89/98 [==========================>...] - ETA: 0s - loss: 0.8973 - accuracy: 0.6920
94/98 [===========================>..] - ETA: 0s - loss: 0.8984 - accuracy: 0.6921
98/98 [==============================] - 2s 19ms/step - loss: 0.8991 - accuracy: 0.6920 - val_loss: 1.0534 - val_accuracy: 0.6309
Epoch 22/59

 1/98 [..............................] - ETA: 3s - loss: 0.8829 - accuracy: 0.6934
 6/98 [>.............................] - ETA: 1s - loss: 0.9139 - accuracy: 0.6800
12/98 [==>...........................] - ETA: 0s - loss: 0.9037 - accuracy: 0.6878
17/98 [====>.........................] - ETA: 0s - loss: 0.8939 - accuracy: 0.6911
22/98 [=====>........................] - ETA: 0s - loss: 0.8900 - accuracy: 0.6924
27/98 [=======>......................] - ETA: 0s - loss: 0.8918 - accuracy: 0.6922
