2024-06-26 17:29:23.655949: I tensorflow/core/platform/cpu_feature_guard.cc:193] This TensorFlow binary is optimized with oneAPI Deep Neural Network Library (oneDNN) to use the following CPU instructions in performance-critical operations:  AVX AVX2
To enable them in other operations, rebuild TensorFlow with the appropriate compiler flags.
2024-06-26 17:29:24.170298: I tensorflow/core/common_runtime/gpu/gpu_device.cc:1616] Created device /job:localhost/replica:0/task:0/device:GPU:0 with 6656 MB memory:  -> device: 0, name: NVIDIA GeForce RTX 4060 Ti, pci bus id: 0000:01:00.0, compute capability: 8.9
1 Physical GPUs, 1 Logical GPUs
Model: "sequential"
_________________________________________________________________
 Layer (type)                Output Shape              Param #   
=================================================================
 conv2d (Conv2D)             (None, 32, 32, 32)        896       
                                                                 
 batch_normalization (BatchN  (None, 32, 32, 32)       128       
 ormalization)                                                   
                                                                 
 dropout (Dropout)           (None, 32, 32, 32)        0         
                                                                 
 flatten (Flatten)           (None, 32768)             0         
                                                                 
 dense (Dense)               (None, 10)                327690    
                                                                 
=================================================================
Total params: 328,714
Trainable params: 328,650
Non-trainable params: 64
_________________________________________________________________
Taxa de aprendizado:  0.0001 Num de épocas:  249 Tamanho do lote:  512 Dropout:  0.249
Epoch 1/249
2024-06-26 17:29:25.501405: I tensorflow/stream_executor/cuda/cuda_dnn.cc:384] Loaded cuDNN version 8100
2024-06-26 17:29:26.358162: W tensorflow/stream_executor/gpu/redzone_allocator.cc:314] INTERNAL: ptxas exited with non-zero error code -1, output: 
Relying on driver to perform ptx compilation. 
Modify $PATH to customize ptxas location.
This message will be only logged once.
2024-06-26 17:29:27.126096: I tensorflow/stream_executor/cuda/cuda_blas.cc:1614] TensorFloat-32 will be used for the matrix multiplication. This will only be logged once.

 1/98 [..............................] - ETA: 4:38 - loss: 2.8418 - accuracy: 0.0918
 5/98 [>.............................] - ETA: 1s - loss: 2.4877 - accuracy: 0.1672  
 9/98 [=>............................] - ETA: 1s - loss: 2.3237 - accuracy: 0.2129
12/98 [==>...........................] - ETA: 1s - loss: 2.2684 - accuracy: 0.2301
15/98 [===>..........................] - ETA: 1s - loss: 2.2259 - accuracy: 0.2424
19/98 [====>.........................] - ETA: 1s - loss: 2.1798 - accuracy: 0.2583
22/98 [=====>........................] - ETA: 1s - loss: 2.1503 - accuracy: 0.2686
25/98 [======>.......................] - ETA: 1s - loss: 2.1155 - accuracy: 0.2802
29/98 [=======>......................] - ETA: 1s - loss: 2.0861 - accuracy: 0.2888
33/98 [=========>....................] - ETA: 1s - loss: 2.0618 - accuracy: 0.2972
37/98 [==========>...................] - ETA: 1s - loss: 2.0422 - accuracy: 0.3034
40/98 [===========>..................] - ETA: 1s - loss: 2.0262 - accuracy: 0.3092
43/98 [============>.................] - ETA: 1s - loss: 2.0121 - accuracy: 0.3132
46/98 [=============>................] - ETA: 0s - loss: 1.9989 - accuracy: 0.3162
50/98 [==============>...............] - ETA: 0s - loss: 1.9809 - accuracy: 0.3222
53/98 [===============>..............] - ETA: 0s - loss: 1.9710 - accuracy: 0.3254
54/98 [===============>..............] - ETA: 0s - loss: 1.9702 - accuracy: 0.3257
58/98 [================>.............] - ETA: 0s - loss: 1.9582 - accuracy: 0.3295
62/98 [=================>............] - ETA: 0s - loss: 1.9454 - accuracy: 0.3336
65/98 [==================>...........] - ETA: 0s - loss: 1.9354 - accuracy: 0.3358
68/98 [===================>..........] - ETA: 0s - loss: 1.9263 - accuracy: 0.3382
71/98 [====================>.........] - ETA: 0s - loss: 1.9214 - accuracy: 0.3396
74/98 [=====================>........] - ETA: 0s - loss: 1.9132 - accuracy: 0.3421
77/98 [======================>.......] - ETA: 0s - loss: 1.9035 - accuracy: 0.3446
80/98 [=======================>......] - ETA: 0s - loss: 1.8966 - accuracy: 0.3465
83/98 [========================>.....] - ETA: 0s - loss: 1.8896 - accuracy: 0.3487
87/98 [=========================>....] - ETA: 0s - loss: 1.8802 - accuracy: 0.3513
91/98 [==========================>...] - ETA: 0s - loss: 1.8679 - accuracy: 0.3558
95/98 [============================>.] - ETA: 0s - loss: 1.8581 - accuracy: 0.3591
98/98 [==============================] - 6s 28ms/step - loss: 1.8517 - accuracy: 0.3610 - val_loss: 2.0976 - val_accuracy: 0.3542
Epoch 2/249

 1/98 [..............................] - ETA: 3s - loss: 1.5025 - accuracy: 0.4590
 4/98 [>.............................] - ETA: 1s - loss: 1.5604 - accuracy: 0.4453
 8/98 [=>............................] - ETA: 1s - loss: 1.5566 - accuracy: 0.4548
12/98 [==>...........................] - ETA: 1s - loss: 1.5686 - accuracy: 0.4544
15/98 [===>..........................] - ETA: 1s - loss: 1.5637 - accuracy: 0.4559
18/98 [====>.........................] - ETA: 1s - loss: 1.5632 - accuracy: 0.4561
21/98 [=====>........................] - ETA: 1s - loss: 1.5657 - accuracy: 0.4532
24/98 [======>.......................] - ETA: 1s - loss: 1.5580 - accuracy: 0.4546
27/98 [=======>......................] - ETA: 1s - loss: 1.5536 - accuracy: 0.4571
31/98 [========>.....................] - ETA: 1s - loss: 1.5524 - accuracy: 0.4570
34/98 [=========>....................] - ETA: 1s - loss: 1.5549 - accuracy: 0.4582
37/98 [==========>...................] - ETA: 1s - loss: 1.5530 - accuracy: 0.4585
41/98 [===========>..................] - ETA: 1s - loss: 1.5507 - accuracy: 0.4587
44/98 [============>.................] - ETA: 1s - loss: 1.5462 - accuracy: 0.4613
47/98 [=============>................] - ETA: 0s - loss: 1.5456 - accuracy: 0.4612
51/98 [==============>...............] - ETA: 0s - loss: 1.5422 - accuracy: 0.4615
55/98 [===============>..............] - ETA: 0s - loss: 1.5407 - accuracy: 0.4612
58/98 [================>.............] - ETA: 0s - loss: 1.5384 - accuracy: 0.4623
62/98 [=================>............] - ETA: 0s - loss: 1.5359 - accuracy: 0.4635
66/98 [===================>..........] - ETA: 0s - loss: 1.5329 - accuracy: 0.4644
70/98 [====================>.........] - ETA: 0s - loss: 1.5304 - accuracy: 0.4649
73/98 [=====================>........] - ETA: 0s - loss: 1.5295 - accuracy: 0.4655
76/98 [======================>.......] - ETA: 0s - loss: 1.5279 - accuracy: 0.4662
80/98 [=======================>......] - ETA: 0s - loss: 1.5270 - accuracy: 0.4672
83/98 [========================>.....] - ETA: 0s - loss: 1.5257 - accuracy: 0.4671
86/98 [=========================>....] - ETA: 0s - loss: 1.5224 - accuracy: 0.4676
89/98 [==========================>...] - ETA: 0s - loss: 1.5197 - accuracy: 0.4687
92/98 [===========================>..] - ETA: 0s - loss: 1.5174 - accuracy: 0.4696
95/98 [============================>.] - ETA: 0s - loss: 1.5170 - accuracy: 0.4693
98/98 [==============================] - 2s 24ms/step - loss: 1.5147 - accuracy: 0.4705 - val_loss: 1.9723 - val_accuracy: 0.4318
Epoch 3/249

 1/98 [..............................] - ETA: 2s - loss: 1.3811 - accuracy: 0.5293
 4/98 [>.............................] - ETA: 1s - loss: 1.4049 - accuracy: 0.5186
 8/98 [=>............................] - ETA: 1s - loss: 1.3706 - accuracy: 0.5261
11/98 [==>...........................] - ETA: 1s - loss: 1.3703 - accuracy: 0.5208
14/98 [===>..........................] - ETA: 1s - loss: 1.3717 - accuracy: 0.5205
17/98 [====>.........................] - ETA: 1s - loss: 1.3651 - accuracy: 0.5224
21/98 [=====>........................] - ETA: 1s - loss: 1.3596 - accuracy: 0.5228
24/98 [======>.......................] - ETA: 1s - loss: 1.3589 - accuracy: 0.5239
27/98 [=======>......................] - ETA: 1s - loss: 1.3593 - accuracy: 0.5243
31/98 [========>.....................] - ETA: 1s - loss: 1.3601 - accuracy: 0.5241
35/98 [=========>....................] - ETA: 1s - loss: 1.3644 - accuracy: 0.5230
39/98 [==========>...................] - ETA: 1s - loss: 1.3677 - accuracy: 0.5230
42/98 [===========>..................] - ETA: 1s - loss: 1.3696 - accuracy: 0.5225
45/98 [============>.................] - ETA: 1s - loss: 1.3660 - accuracy: 0.5232
49/98 [==============>...............] - ETA: 0s - loss: 1.3669 - accuracy: 0.5224
52/98 [==============>...............] - ETA: 0s - loss: 1.3635 - accuracy: 0.5232
55/98 [===============>..............] - ETA: 0s - loss: 1.3621 - accuracy: 0.5236
59/98 [=================>............] - ETA: 0s - loss: 1.3598 - accuracy: 0.5234
63/98 [==================>...........] - ETA: 0s - loss: 1.3606 - accuracy: 0.5239
66/98 [===================>..........] - ETA: 0s - loss: 1.3598 - accuracy: 0.5242
70/98 [====================>.........] - ETA: 0s - loss: 1.3570 - accuracy: 0.5252
74/98 [=====================>........] - ETA: 0s - loss: 1.3586 - accuracy: 0.5233
77/98 [======================>.......] - ETA: 0s - loss: 1.3582 - accuracy: 0.5238
80/98 [=======================>......] - ETA: 0s - loss: 1.3579 - accuracy: 0.5236
84/98 [========================>.....] - ETA: 0s - loss: 1.3552 - accuracy: 0.5250
88/98 [=========================>....] - ETA: 0s - loss: 1.3544 - accuracy: 0.5256
92/98 [===========================>..] - ETA: 0s - loss: 1.3536 - accuracy: 0.5261
95/98 [============================>.] - ETA: 0s - loss: 1.3527 - accuracy: 0.5265
98/98 [==============================] - ETA: 0s - loss: 1.3551 - accuracy: 0.5255
98/98 [==============================] - 2s 25ms/step - loss: 1.3551 - accuracy: 0.5255 - val_loss: 1.7902 - val_accuracy: 0.4871
Epoch 4/249

 1/98 [..............................] - ETA: 2s - loss: 1.3095 - accuracy: 0.5410
 4/98 [>.............................] - ETA: 1s - loss: 1.2919 - accuracy: 0.5459
 7/98 [=>............................] - ETA: 1s - loss: 1.2726 - accuracy: 0.5491
10/98 [==>...........................] - ETA: 1s - loss: 1.2627 - accuracy: 0.5500
13/98 [==>...........................] - ETA: 1s - loss: 1.2550 - accuracy: 0.5554
17/98 [====>.........................] - ETA: 1s - loss: 1.2529 - accuracy: 0.5577
21/98 [=====>........................] - ETA: 1s - loss: 1.2488 - accuracy: 0.5589
24/98 [======>.......................] - ETA: 1s - loss: 1.2456 - accuracy: 0.5594
27/98 [=======>......................] - ETA: 1s - loss: 1.2473 - accuracy: 0.5603
31/98 [========>.....................] - ETA: 1s - loss: 1.2500 - accuracy: 0.5587
34/98 [=========>....................] - ETA: 1s - loss: 1.2503 - accuracy: 0.5608
37/98 [==========>...................] - ETA: 1s - loss: 1.2495 - accuracy: 0.5624
41/98 [===========>..................] - ETA: 1s - loss: 1.2529 - accuracy: 0.5611
45/98 [============>.................] - ETA: 1s - loss: 1.2565 - accuracy: 0.5590
49/98 [==============>...............] - ETA: 0s - loss: 1.2557 - accuracy: 0.5596
53/98 [===============>..............] - ETA: 0s - loss: 1.2558 - accuracy: 0.5598
56/98 [================>.............] - ETA: 0s - loss: 1.2549 - accuracy: 0.5598
59/98 [=================>............] - ETA: 0s - loss: 1.2547 - accuracy: 0.5598
63/98 [==================>...........] - ETA: 0s - loss: 1.2535 - accuracy: 0.5603
66/98 [===================>..........] - ETA: 0s - loss: 1.2529 - accuracy: 0.5607
69/98 [====================>.........] - ETA: 0s - loss: 1.2530 - accuracy: 0.5601
73/98 [=====================>........] - ETA: 0s - loss: 1.2503 - accuracy: 0.5615
77/98 [======================>.......] - ETA: 0s - loss: 1.2502 - accuracy: 0.5617
80/98 [=======================>......] - ETA: 0s - loss: 1.2505 - accuracy: 0.5625
84/98 [========================>.....] - ETA: 0s - loss: 1.2495 - accuracy: 0.5630
87/98 [=========================>....] - ETA: 0s - loss: 1.2487 - accuracy: 0.5626
91/98 [==========================>...] - ETA: 0s - loss: 1.2476 - accuracy: 0.5627
94/98 [===========================>..] - ETA: 0s - loss: 1.2473 - accuracy: 0.5627
97/98 [============================>.] - ETA: 0s - loss: 1.2460 - accuracy: 0.5630
98/98 [==============================] - 2s 24ms/step - loss: 1.2456 - accuracy: 0.5632 - val_loss: 1.6006 - val_accuracy: 0.5138
Epoch 5/249

 1/98 [..............................] - ETA: 2s - loss: 1.2178 - accuracy: 0.5536
 4/98 [>.............................] - ETA: 1s - loss: 1.2080 - accuracy: 0.5748
 7/98 [=>............................] - ETA: 1s - loss: 1.1984 - accuracy: 0.5781
10/98 [==>...........................] - ETA: 1s - loss: 1.1953 - accuracy: 0.5787
14/98 [===>..........................] - ETA: 1s - loss: 1.1856 - accuracy: 0.5830
18/98 [====>.........................] - ETA: 1s - loss: 1.1893 - accuracy: 0.5854
21/98 [=====>........................] - ETA: 1s - loss: 1.1851 - accuracy: 0.5847
24/98 [======>.......................] - ETA: 1s - loss: 1.1860 - accuracy: 0.5861
28/98 [=======>......................] - ETA: 1s - loss: 1.1850 - accuracy: 0.5850
31/98 [========>.....................] - ETA: 1s - loss: 1.1830 - accuracy: 0.5859
34/98 [=========>....................] - ETA: 1s - loss: 1.1820 - accuracy: 0.5859
37/98 [==========>...................] - ETA: 1s - loss: 1.1816 - accuracy: 0.5864
41/98 [===========>..................] - ETA: 1s - loss: 1.1824 - accuracy: 0.5858
44/98 [============>.................] - ETA: 1s - loss: 1.1797 - accuracy: 0.5860
47/98 [=============>................] - ETA: 0s - loss: 1.1786 - accuracy: 0.5859
51/98 [==============>...............] - ETA: 0s - loss: 1.1798 - accuracy: 0.5851
55/98 [===============>..............] - ETA: 0s - loss: 1.1793 - accuracy: 0.5853
58/98 [================>.............] - ETA: 0s - loss: 1.1782 - accuracy: 0.5863
61/98 [=================>............] - ETA: 0s - loss: 1.1795 - accuracy: 0.5859
65/98 [==================>...........] - ETA: 0s - loss: 1.1771 - accuracy: 0.5872
69/98 [====================>.........] - ETA: 0s - loss: 1.1738 - accuracy: 0.5882
72/98 [=====================>........] - ETA: 0s - loss: 1.1747 - accuracy: 0.5878
75/98 [=====================>........] - ETA: 0s - loss: 1.1724 - accuracy: 0.5879
79/98 [=======================>......] - ETA: 0s - loss: 1.1712 - accuracy: 0.5888
82/98 [========================>.....] - ETA: 0s - loss: 1.1714 - accuracy: 0.5889
85/98 [=========================>....] - ETA: 0s - loss: 1.1690 - accuracy: 0.5897
89/98 [==========================>...] - ETA: 0s - loss: 1.1687 - accuracy: 0.5899
92/98 [===========================>..] - ETA: 0s - loss: 1.1684 - accuracy: 0.5900
95/98 [============================>.] - ETA: 0s - loss: 1.1698 - accuracy: 0.5897
98/98 [==============================] - ETA: 0s - loss: 1.1693 - accuracy: 0.5895
98/98 [==============================] - 2s 25ms/step - loss: 1.1693 - accuracy: 0.5895 - val_loss: 1.4115 - val_accuracy: 0.5440
Epoch 6/249

 1/98 [..............................] - ETA: 2s - loss: 1.0960 - accuracy: 0.6367
 4/98 [>.............................] - ETA: 1s - loss: 1.1191 - accuracy: 0.6113
 8/98 [=>............................] - ETA: 1s - loss: 1.1031 - accuracy: 0.6223
11/98 [==>...........................] - ETA: 1s - loss: 1.0947 - accuracy: 0.6246
14/98 [===>..........................] - ETA: 1s - loss: 1.0936 - accuracy: 0.6226
18/98 [====>.........................] - ETA: 1s - loss: 1.1014 - accuracy: 0.6212
22/98 [=====>........................] - ETA: 1s - loss: 1.1102 - accuracy: 0.6159
26/98 [======>.......................] - ETA: 1s - loss: 1.1109 - accuracy: 0.6154
30/98 [========>.....................] - ETA: 1s - loss: 1.1143 - accuracy: 0.6134
33/98 [=========>....................] - ETA: 1s - loss: 1.1135 - accuracy: 0.6138
36/98 [==========>...................] - ETA: 1s - loss: 1.1167 - accuracy: 0.6124
40/98 [===========>..................] - ETA: 1s - loss: 1.1137 - accuracy: 0.6131
44/98 [============>.................] - ETA: 1s - loss: 1.1116 - accuracy: 0.6140
48/98 [=============>................] - ETA: 0s - loss: 1.1119 - accuracy: 0.6137
52/98 [==============>...............] - ETA: 0s - loss: 1.1108 - accuracy: 0.6137
55/98 [===============>..............] - ETA: 0s - loss: 1.1119 - accuracy: 0.6131
58/98 [================>.............] - ETA: 0s - loss: 1.1094 - accuracy: 0.6127
62/98 [=================>............] - ETA: 0s - loss: 1.1066 - accuracy: 0.6138
65/98 [==================>...........] - ETA: 0s - loss: 1.1055 - accuracy: 0.6141
68/98 [===================>..........] - ETA: 0s - loss: 1.1081 - accuracy: 0.6130
72/98 [=====================>........] - ETA: 0s - loss: 1.1096 - accuracy: 0.6121
76/98 [======================>.......] - ETA: 0s - loss: 1.1106 - accuracy: 0.6122
79/98 [=======================>......] - ETA: 0s - loss: 1.1122 - accuracy: 0.6120
82/98 [========================>.....] - ETA: 0s - loss: 1.1131 - accuracy: 0.6117
86/98 [=========================>....] - ETA: 0s - loss: 1.1131 - accuracy: 0.6114
90/98 [==========================>...] - ETA: 0s - loss: 1.1144 - accuracy: 0.6108
93/98 [===========================>..] - ETA: 0s - loss: 1.1151 - accuracy: 0.6108
96/98 [============================>.] - ETA: 0s - loss: 1.1151 - accuracy: 0.6105
98/98 [==============================] - 2s 24ms/step - loss: 1.1148 - accuracy: 0.6109 - val_loss: 1.2841 - val_accuracy: 0.5625
Epoch 7/249

 1/98 [..............................] - ETA: 5s - loss: 1.0522 - accuracy: 0.5918
 4/98 [>.............................] - ETA: 1s - loss: 1.0490 - accuracy: 0.6304
 8/98 [=>............................] - ETA: 1s - loss: 1.0495 - accuracy: 0.6313
11/98 [==>...........................] - ETA: 1s - loss: 1.0465 - accuracy: 0.6314
14/98 [===>..........................] - ETA: 1s - loss: 1.0547 - accuracy: 0.6335
18/98 [====>.........................] - ETA: 1s - loss: 1.0600 - accuracy: 0.6305
21/98 [=====>........................] - ETA: 1s - loss: 1.0578 - accuracy: 0.6312
25/98 [======>.......................] - ETA: 1s - loss: 1.0585 - accuracy: 0.6303
29/98 [=======>......................] - ETA: 1s - loss: 1.0608 - accuracy: 0.6297
32/98 [========>.....................] - ETA: 1s - loss: 1.0623 - accuracy: 0.6280
36/98 [==========>...................] - ETA: 1s - loss: 1.0617 - accuracy: 0.6288
40/98 [===========>..................] - ETA: 1s - loss: 1.0658 - accuracy: 0.6266
43/98 [============>.................] - ETA: 1s - loss: 1.0641 - accuracy: 0.6271
46/98 [=============>................] - ETA: 0s - loss: 1.0658 - accuracy: 0.6265
49/98 [==============>...............] - ETA: 0s - loss: 1.0622 - accuracy: 0.6278
52/98 [==============>...............] - ETA: 0s - loss: 1.0611 - accuracy: 0.6285
56/98 [================>.............] - ETA: 0s - loss: 1.0631 - accuracy: 0.6279
60/98 [=================>............] - ETA: 0s - loss: 1.0648 - accuracy: 0.6276
63/98 [==================>...........] - ETA: 0s - loss: 1.0651 - accuracy: 0.6274
66/98 [===================>..........] - ETA: 0s - loss: 1.0675 - accuracy: 0.6266
70/98 [====================>.........] - ETA: 0s - loss: 1.0679 - accuracy: 0.6269
74/98 [=====================>........] - ETA: 0s - loss: 1.0678 - accuracy: 0.6264
77/98 [======================>.......] - ETA: 0s - loss: 1.0654 - accuracy: 0.6271
80/98 [=======================>......] - ETA: 0s - loss: 1.0667 - accuracy: 0.6265
84/98 [========================>.....] - ETA: 0s - loss: 1.0671 - accuracy: 0.6265
87/98 [=========================>....] - ETA: 0s - loss: 1.0670 - accuracy: 0.6266
90/98 [==========================>...] - ETA: 0s - loss: 1.0661 - accuracy: 0.6274
94/98 [===========================>..] - ETA: 0s - loss: 1.0663 - accuracy: 0.6271
97/98 [============================>.] - ETA: 0s - loss: 1.0661 - accuracy: 0.6273
98/98 [==============================] - 2s 24ms/step - loss: 1.0664 - accuracy: 0.6272 - val_loss: 1.2114 - val_accuracy: 0.5773
Epoch 8/249

 1/98 [..............................] - ETA: 2s - loss: 0.9979 - accuracy: 0.6602
 4/98 [>.............................] - ETA: 1s - loss: 1.0278 - accuracy: 0.6479
 8/98 [=>............................] - ETA: 1s - loss: 1.0268 - accuracy: 0.6455
11/98 [==>...........................] - ETA: 1s - loss: 1.0292 - accuracy: 0.6472
14/98 [===>..........................] - ETA: 1s - loss: 1.0255 - accuracy: 0.6461
18/98 [====>.........................] - ETA: 1s - loss: 1.0118 - accuracy: 0.6501
21/98 [=====>........................] - ETA: 1s - loss: 1.0134 - accuracy: 0.6498
24/98 [======>.......................] - ETA: 1s - loss: 1.0140 - accuracy: 0.6510
27/98 [=======>......................] - ETA: 1s - loss: 1.0124 - accuracy: 0.6526
30/98 [========>.....................] - ETA: 1s - loss: 1.0127 - accuracy: 0.6507
33/98 [=========>....................] - ETA: 1s - loss: 1.0121 - accuracy: 0.6507
37/98 [==========>...................] - ETA: 1s - loss: 1.0191 - accuracy: 0.6483
40/98 [===========>..................] - ETA: 1s - loss: 1.0187 - accuracy: 0.6481
43/98 [============>.................] - ETA: 1s - loss: 1.0212 - accuracy: 0.6474
47/98 [=============>................] - ETA: 0s - loss: 1.0201 - accuracy: 0.6476
51/98 [==============>...............] - ETA: 0s - loss: 1.0184 - accuracy: 0.6478
54/98 [===============>..............] - ETA: 0s - loss: 1.0174 - accuracy: 0.6478
57/98 [================>.............] - ETA: 0s - loss: 1.0198 - accuracy: 0.6467
60/98 [=================>............] - ETA: 0s - loss: 1.0200 - accuracy: 0.6464
64/98 [==================>...........] - ETA: 0s - loss: 1.0190 - accuracy: 0.6462
67/98 [===================>..........] - ETA: 0s - loss: 1.0203 - accuracy: 0.6459
70/98 [====================>.........] - ETA: 0s - loss: 1.0203 - accuracy: 0.6454
73/98 [=====================>........] - ETA: 0s - loss: 1.0207 - accuracy: 0.6447
76/98 [======================>.......] - ETA: 0s - loss: 1.0203 - accuracy: 0.6451
80/98 [=======================>......] - ETA: 0s - loss: 1.0207 - accuracy: 0.6444
83/98 [========================>.....] - ETA: 0s - loss: 1.0206 - accuracy: 0.6445
86/98 [=========================>....] - ETA: 0s - loss: 1.0212 - accuracy: 0.6448
90/98 [==========================>...] - ETA: 0s - loss: 1.0230 - accuracy: 0.6444
94/98 [===========================>..] - ETA: 0s - loss: 1.0249 - accuracy: 0.6441
97/98 [============================>.] - ETA: 0s - loss: 1.0243 - accuracy: 0.6439
98/98 [==============================] - 2s 24ms/step - loss: 1.0243 - accuracy: 0.6438 - val_loss: 1.1741 - val_accuracy: 0.5842
Epoch 9/249

 1/98 [..............................] - ETA: 3s - loss: 0.9561 - accuracy: 0.6582
 5/98 [>.............................] - ETA: 1s - loss: 0.9742 - accuracy: 0.6559
 8/98 [=>............................] - ETA: 1s - loss: 0.9868 - accuracy: 0.6538
11/98 [==>...........................] - ETA: 1s - loss: 0.9799 - accuracy: 0.6571
15/98 [===>..........................] - ETA: 1s - loss: 0.9787 - accuracy: 0.6576
18/98 [====>.........................] - ETA: 1s - loss: 0.9786 - accuracy: 0.6576
22/98 [=====>........................] - ETA: 1s - loss: 0.9821 - accuracy: 0.6538
26/98 [======>.......................] - ETA: 1s - loss: 0.9784 - accuracy: 0.6564
29/98 [=======>......................] - ETA: 1s - loss: 0.9855 - accuracy: 0.6527
32/98 [========>.....................] - ETA: 1s - loss: 0.9879 - accuracy: 0.6513
36/98 [==========>...................] - ETA: 1s - loss: 0.9854 - accuracy: 0.6522
39/98 [==========>...................] - ETA: 1s - loss: 0.9896 - accuracy: 0.6509
42/98 [===========>..................] - ETA: 1s - loss: 0.9930 - accuracy: 0.6505
46/98 [=============>................] - ETA: 0s - loss: 0.9972 - accuracy: 0.6495
50/98 [==============>...............] - ETA: 0s - loss: 0.9936 - accuracy: 0.6501
53/98 [===============>..............] - ETA: 0s - loss: 0.9959 - accuracy: 0.6498
56/98 [================>.............] - ETA: 0s - loss: 0.9928 - accuracy: 0.6507
59/98 [=================>............] - ETA: 0s - loss: 0.9909 - accuracy: 0.6519
62/98 [=================>............] - ETA: 0s - loss: 0.9895 - accuracy: 0.6533
65/98 [==================>...........] - ETA: 0s - loss: 0.9909 - accuracy: 0.6525
69/98 [====================>.........] - ETA: 0s - loss: 0.9894 - accuracy: 0.6532
73/98 [=====================>........] - ETA: 0s - loss: 0.9886 - accuracy: 0.6538
76/98 [======================>.......] - ETA: 0s - loss: 0.9893 - accuracy: 0.6535
79/98 [=======================>......] - ETA: 0s - loss: 0.9893 - accuracy: 0.6533
82/98 [========================>.....] - ETA: 0s - loss: 0.9878 - accuracy: 0.6549
85/98 [=========================>....] - ETA: 0s - loss: 0.9887 - accuracy: 0.6548
89/98 [==========================>...] - ETA: 0s - loss: 0.9889 - accuracy: 0.6547
92/98 [===========================>..] - ETA: 0s - loss: 0.9890 - accuracy: 0.6544
95/98 [============================>.] - ETA: 0s - loss: 0.9889 - accuracy: 0.6547
98/98 [==============================] - 2s 24ms/step - loss: 0.9895 - accuracy: 0.6547 - val_loss: 1.1386 - val_accuracy: 0.6016
Epoch 10/249

 1/98 [..............................] - ETA: 3s - loss: 1.0020 - accuracy: 0.6523
 4/98 [>.............................] - ETA: 1s - loss: 0.9209 - accuracy: 0.6865
 7/98 [=>............................] - ETA: 1s - loss: 0.9252 - accuracy: 0.6805
11/98 [==>...........................] - ETA: 1s - loss: 0.9472 - accuracy: 0.6744
14/98 [===>..........................] - ETA: 1s - loss: 0.9533 - accuracy: 0.6717
17/98 [====>.........................] - ETA: 1s - loss: 0.9539 - accuracy: 0.6729
21/98 [=====>........................] - ETA: 1s - loss: 0.9506 - accuracy: 0.6736
25/98 [======>.......................] - ETA: 1s - loss: 0.9523 - accuracy: 0.6717
28/98 [=======>......................] - ETA: 1s - loss: 0.9518 - accuracy: 0.6721
31/98 [========>.....................] - ETA: 1s - loss: 0.9518 - accuracy: 0.6724
35/98 [=========>....................] - ETA: 1s - loss: 0.9480 - accuracy: 0.6732
38/98 [==========>...................] - ETA: 1s - loss: 0.9469 - accuracy: 0.6738
41/98 [===========>..................] - ETA: 1s - loss: 0.9479 - accuracy: 0.6733
44/98 [============>.................] - ETA: 1s - loss: 0.9501 - accuracy: 0.6723
47/98 [=============>................] - ETA: 0s - loss: 0.9494 - accuracy: 0.6728
50/98 [==============>...............] - ETA: 0s - loss: 0.9470 - accuracy: 0.6735
53/98 [===============>..............] - ETA: 0s - loss: 0.9469 - accuracy: 0.6731
56/98 [================>.............] - ETA: 0s - loss: 0.9469 - accuracy: 0.6733
60/98 [=================>............] - ETA: 0s - loss: 0.9488 - accuracy: 0.6730
63/98 [==================>...........] - ETA: 0s - loss: 0.9501 - accuracy: 0.6727
66/98 [===================>..........] - ETA: 0s - loss: 0.9503 - accuracy: 0.6725
70/98 [====================>.........] - ETA: 0s - loss: 0.9495 - accuracy: 0.6727
74/98 [=====================>........] - ETA: 0s - loss: 0.9508 - accuracy: 0.6720
77/98 [======================>.......] - ETA: 0s - loss: 0.9516 - accuracy: 0.6715
80/98 [=======================>......] - ETA: 0s - loss: 0.9514 - accuracy: 0.6712
84/98 [========================>.....] - ETA: 0s - loss: 0.9539 - accuracy: 0.6704
88/98 [=========================>....] - ETA: 0s - loss: 0.9529 - accuracy: 0.6700
92/98 [===========================>..] - ETA: 0s - loss: 0.9531 - accuracy: 0.6703
95/98 [============================>.] - ETA: 0s - loss: 0.9551 - accuracy: 0.6697
98/98 [==============================] - ETA: 0s - loss: 0.9535 - accuracy: 0.6698
98/98 [==============================] - 2s 24ms/step - loss: 0.9535 - accuracy: 0.6698 - val_loss: 1.1456 - val_accuracy: 0.5984
Epoch 11/249

 1/98 [..............................] - ETA: 2s - loss: 0.9999 - accuracy: 0.6641
 3/98 [..............................] - ETA: 2s - loss: 0.9404 - accuracy: 0.6738
 7/98 [=>............................] - ETA: 1s - loss: 0.9286 - accuracy: 0.6758
11/98 [==>...........................] - ETA: 1s - loss: 0.9210 - accuracy: 0.6776
14/98 [===>..........................] - ETA: 1s - loss: 0.9219 - accuracy: 0.6783
17/98 [====>.........................] - ETA: 1s - loss: 0.9165 - accuracy: 0.6814
21/98 [=====>........................] - ETA: 1s - loss: 0.9196 - accuracy: 0.6793
25/98 [======>.......................] - ETA: 1s - loss: 0.9152 - accuracy: 0.6809
29/98 [=======>......................] - ETA: 1s - loss: 0.9152 - accuracy: 0.6816
32/98 [========>.....................] - ETA: 1s - loss: 0.9192 - accuracy: 0.6812
35/98 [=========>....................] - ETA: 1s - loss: 0.9219 - accuracy: 0.6801
39/98 [==========>...................] - ETA: 1s - loss: 0.9189 - accuracy: 0.6804
42/98 [===========>..................] - ETA: 1s - loss: 0.9146 - accuracy: 0.6827
45/98 [============>.................] - ETA: 1s - loss: 0.9171 - accuracy: 0.6815
49/98 [==============>...............] - ETA: 0s - loss: 0.9177 - accuracy: 0.6806
53/98 [===============>..............] - ETA: 0s - loss: 0.9177 - accuracy: 0.6809
56/98 [================>.............] - ETA: 0s - loss: 0.9182 - accuracy: 0.6805
59/98 [=================>............] - ETA: 0s - loss: 0.9210 - accuracy: 0.6799
62/98 [=================>............] - ETA: 0s - loss: 0.9229 - accuracy: 0.6791
66/98 [===================>..........] - ETA: 0s - loss: 0.9219 - accuracy: 0.6799
69/98 [====================>.........] - ETA: 0s - loss: 0.9231 - accuracy: 0.6794
72/98 [=====================>........] - ETA: 0s - loss: 0.9230 - accuracy: 0.6794
76/98 [======================>.......] - ETA: 0s - loss: 0.9223 - accuracy: 0.6795
80/98 [=======================>......] - ETA: 0s - loss: 0.9246 - accuracy: 0.6781
84/98 [========================>.....] - ETA: 0s - loss: 0.9249 - accuracy: 0.6779
87/98 [=========================>....] - ETA: 0s - loss: 0.9250 - accuracy: 0.6777
91/98 [==========================>...] - ETA: 0s - loss: 0.9258 - accuracy: 0.6769
95/98 [============================>.] - ETA: 0s - loss: 0.9284 - accuracy: 0.6761
98/98 [==============================] - ETA: 0s - loss: 0.9282 - accuracy: 0.6763
98/98 [==============================] - 2s 25ms/step - loss: 0.9282 - accuracy: 0.6763 - val_loss: 1.1397 - val_accuracy: 0.6005
Epoch 12/249

 1/98 [..............................] - ETA: 3s - loss: 0.8401 - accuracy: 0.7051
 4/98 [>.............................] - ETA: 1s - loss: 0.8962 - accuracy: 0.7002
 7/98 [=>............................] - ETA: 1s - loss: 0.8910 - accuracy: 0.6928
11/98 [==>...........................] - ETA: 1s - loss: 0.8803 - accuracy: 0.6921
14/98 [===>..........................] - ETA: 1s - loss: 0.8926 - accuracy: 0.6892
17/98 [====>.........................] - ETA: 1s - loss: 0.9019 - accuracy: 0.6867
21/98 [=====>........................] - ETA: 1s - loss: 0.8981 - accuracy: 0.6890
24/98 [======>.......................] - ETA: 1s - loss: 0.8966 - accuracy: 0.6903
27/98 [=======>......................] - ETA: 1s - loss: 0.8939 - accuracy: 0.6914
31/98 [========>.....................] - ETA: 1s - loss: 0.8953 - accuracy: 0.6910
35/98 [=========>....................] - ETA: 1s - loss: 0.9001 - accuracy: 0.6892
39/98 [==========>...................] - ETA: 1s - loss: 0.8992 - accuracy: 0.6896
43/98 [============>.................] - ETA: 1s - loss: 0.8985 - accuracy: 0.6884
47/98 [=============>................] - ETA: 0s - loss: 0.9008 - accuracy: 0.6871
51/98 [==============>...............] - ETA: 0s - loss: 0.9028 - accuracy: 0.6867
54/98 [===============>..............] - ETA: 0s - loss: 0.9028 - accuracy: 0.6867
58/98 [================>.............] - ETA: 0s - loss: 0.9031 - accuracy: 0.6862
62/98 [=================>............] - ETA: 0s - loss: 0.9042 - accuracy: 0.6853
65/98 [==================>...........] - ETA: 0s - loss: 0.9034 - accuracy: 0.6857
68/98 [===================>..........] - ETA: 0s - loss: 0.9022 - accuracy: 0.6867
72/98 [=====================>........] - ETA: 0s - loss: 0.9033 - accuracy: 0.6861
75/98 [=====================>........] - ETA: 0s - loss: 0.9041 - accuracy: 0.6857
78/98 [======================>.......] - ETA: 0s - loss: 0.9034 - accuracy: 0.6861
82/98 [========================>.....] - ETA: 0s - loss: 0.9040 - accuracy: 0.6859
85/98 [=========================>....] - ETA: 0s - loss: 0.9036 - accuracy: 0.6860
88/98 [=========================>....] - ETA: 0s - loss: 0.9039 - accuracy: 0.6857
92/98 [===========================>..] - ETA: 0s - loss: 0.9039 - accuracy: 0.6857
95/98 [============================>.] - ETA: 0s - loss: 0.9037 - accuracy: 0.6858
98/98 [==============================] - ETA: 0s - loss: 0.9025 - accuracy: 0.6860
98/98 [==============================] - 2s 25ms/step - loss: 0.9025 - accuracy: 0.6860 - val_loss: 1.1333 - val_accuracy: 0.6041
Epoch 13/249

 1/98 [..............................] - ETA: 4s - loss: 0.9250 - accuracy: 0.6758
 4/98 [>.............................] - ETA: 1s - loss: 0.8384 - accuracy: 0.7002
 8/98 [=>............................] - ETA: 1s - loss: 0.8664 - accuracy: 0.7002
11/98 [==>...........................] - ETA: 1s - loss: 0.8543 - accuracy: 0.7015
14/98 [===>..........................] - ETA: 1s - loss: 0.8506 - accuracy: 0.7040
18/98 [====>.........................] - ETA: 1s - loss: 0.8645 - accuracy: 0.7011
22/98 [=====>........................] - ETA: 1s - loss: 0.8634 - accuracy: 0.7021
25/98 [======>.......................] - ETA: 1s - loss: 0.8696 - accuracy: 0.7011
28/98 [=======>......................] - ETA: 1s - loss: 0.8694 - accuracy: 0.7012
32/98 [========>.....................] - ETA: 1s - loss: 0.8735 - accuracy: 0.7000
36/98 [==========>...................] - ETA: 1s - loss: 0.8736 - accuracy: 0.7014
39/98 [==========>...................] - ETA: 1s - loss: 0.8730 - accuracy: 0.7002
42/98 [===========>..................] - ETA: 1s - loss: 0.8732 - accuracy: 0.7001
46/98 [=============>................] - ETA: 0s - loss: 0.8720 - accuracy: 0.6997
50/98 [==============>...............] - ETA: 0s - loss: 0.8716 - accuracy: 0.6998
53/98 [===============>..............] - ETA: 0s - loss: 0.8723 - accuracy: 0.6997
56/98 [================>.............] - ETA: 0s - loss: 0.8714 - accuracy: 0.7006
59/98 [=================>............] - ETA: 0s - loss: 0.8730 - accuracy: 0.6999
63/98 [==================>...........] - ETA: 0s - loss: 0.8726 - accuracy: 0.6995
66/98 [===================>..........] - ETA: 0s - loss: 0.8731 - accuracy: 0.6994
69/98 [====================>.........] - ETA: 0s - loss: 0.8710 - accuracy: 0.7001
73/98 [=====================>........] - ETA: 0s - loss: 0.8722 - accuracy: 0.6995
76/98 [======================>.......] - ETA: 0s - loss: 0.8738 - accuracy: 0.6985
79/98 [=======================>......] - ETA: 0s - loss: 0.8753 - accuracy: 0.6978
83/98 [========================>.....] - ETA: 0s - loss: 0.8767 - accuracy: 0.6971
86/98 [=========================>....] - ETA: 0s - loss: 0.8764 - accuracy: 0.6971
90/98 [==========================>...] - ETA: 0s - loss: 0.8762 - accuracy: 0.6968
93/98 [===========================>..] - ETA: 0s - loss: 0.8772 - accuracy: 0.6966
96/98 [============================>.] - ETA: 0s - loss: 0.8774 - accuracy: 0.6961
98/98 [==============================] - 2s 24ms/step - loss: 0.8781 - accuracy: 0.6961 - val_loss: 1.1190 - val_accuracy: 0.6111
Epoch 14/249

 1/98 [..............................] - ETA: 3s - loss: 0.8928 - accuracy: 0.7031
 4/98 [>.............................] - ETA: 1s - loss: 0.8339 - accuracy: 0.7271
 8/98 [=>............................] - ETA: 1s - loss: 0.8241 - accuracy: 0.7219
12/98 [==>...........................] - ETA: 1s - loss: 0.8255 - accuracy: 0.7174
15/98 [===>..........................] - ETA: 1s - loss: 0.8277 - accuracy: 0.7139
19/98 [====>.........................] - ETA: 1s - loss: 0.8298 - accuracy: 0.7139
23/98 [======>.......................] - ETA: 1s - loss: 0.8271 - accuracy: 0.7148
26/98 [======>.......................] - ETA: 1s - loss: 0.8269 - accuracy: 0.7146
30/98 [========>.....................] - ETA: 1s - loss: 0.8320 - accuracy: 0.7136
34/98 [=========>....................] - ETA: 1s - loss: 0.8305 - accuracy: 0.7142
38/98 [==========>...................] - ETA: 1s - loss: 0.8305 - accuracy: 0.7135
42/98 [===========>..................] - ETA: 1s - loss: 0.8297 - accuracy: 0.7148
44/98 [============>.................] - ETA: 1s - loss: 0.8294 - accuracy: 0.7156
48/98 [=============>................] - ETA: 0s - loss: 0.8305 - accuracy: 0.7151
52/98 [==============>...............] - ETA: 0s - loss: 0.8312 - accuracy: 0.7145
55/98 [===============>..............] - ETA: 0s - loss: 0.8330 - accuracy: 0.7137
58/98 [================>.............] - ETA: 0s - loss: 0.8324 - accuracy: 0.7144
61/98 [=================>............] - ETA: 0s - loss: 0.8342 - accuracy: 0.7137
65/98 [==================>...........] - ETA: 0s - loss: 0.8356 - accuracy: 0.7120
69/98 [====================>.........] - ETA: 0s - loss: 0.8394 - accuracy: 0.7109
72/98 [=====================>........] - ETA: 0s - loss: 0.8433 - accuracy: 0.7097
75/98 [=====================>........] - ETA: 0s - loss: 0.8437 - accuracy: 0.7091
79/98 [=======================>......] - ETA: 0s - loss: 0.8446 - accuracy: 0.7079
83/98 [========================>.....] - ETA: 0s - loss: 0.8476 - accuracy: 0.7066
86/98 [=========================>....] - ETA: 0s - loss: 0.8486 - accuracy: 0.7060
89/98 [==========================>...] - ETA: 0s - loss: 0.8493 - accuracy: 0.7055
93/98 [===========================>..] - ETA: 0s - loss: 0.8517 - accuracy: 0.7041
96/98 [============================>.] - ETA: 0s - loss: 0.8525 - accuracy: 0.7039
98/98 [==============================] - 2s 24ms/step - loss: 0.8527 - accuracy: 0.7040 - val_loss: 1.1305 - val_accuracy: 0.6086
Epoch 15/249

 1/98 [..............................] - ETA: 3s - loss: 0.8678 - accuracy: 0.6934
 5/98 [>.............................] - ETA: 1s - loss: 0.8006 - accuracy: 0.7215
 8/98 [=>............................] - ETA: 1s - loss: 0.8191 - accuracy: 0.7145
11/98 [==>...........................] - ETA: 1s - loss: 0.8207 - accuracy: 0.7174
15/98 [===>..........................] - ETA: 1s - loss: 0.8223 - accuracy: 0.7166
18/98 [====>.........................] - ETA: 1s - loss: 0.8237 - accuracy: 0.7168
21/98 [=====>........................] - ETA: 1s - loss: 0.8202 - accuracy: 0.7180
25/98 [======>.......................] - ETA: 1s - loss: 0.8211 - accuracy: 0.7197
28/98 [=======>......................] - ETA: 1s - loss: 0.8248 - accuracy: 0.7187
31/98 [========>.....................] - ETA: 1s - loss: 0.8293 - accuracy: 0.7179
35/98 [=========>....................] - ETA: 1s - loss: 0.8306 - accuracy: 0.7170
39/98 [==========>...................] - ETA: 1s - loss: 0.8303 - accuracy: 0.7169
42/98 [===========>..................] - ETA: 1s - loss: 0.8299 - accuracy: 0.7162
45/98 [============>.................] - ETA: 0s - loss: 0.8289 - accuracy: 0.7166
49/98 [==============>...............] - ETA: 0s - loss: 0.8290 - accuracy: 0.7158
53/98 [===============>..............] - ETA: 0s - loss: 0.8278 - accuracy: 0.7158
56/98 [================>.............] - ETA: 0s - loss: 0.8261 - accuracy: 0.7170
59/98 [=================>............] - ETA: 0s - loss: 0.8273 - accuracy: 0.7167
63/98 [==================>...........] - ETA: 0s - loss: 0.8270 - accuracy: 0.7171
67/98 [===================>..........] - ETA: 0s - loss: 0.8291 - accuracy: 0.7158
70/98 [====================>.........] - ETA: 0s - loss: 0.8305 - accuracy: 0.7151
