2024-06-26 13:40:39.683991: I tensorflow/core/platform/cpu_feature_guard.cc:193] This TensorFlow binary is optimized with oneAPI Deep Neural Network Library (oneDNN) to use the following CPU instructions in performance-critical operations:  AVX AVX2
To enable them in other operations, rebuild TensorFlow with the appropriate compiler flags.
2024-06-26 13:40:40.435859: I tensorflow/core/common_runtime/gpu/gpu_device.cc:1616] Created device /job:localhost/replica:0/task:0/device:GPU:0 with 6656 MB memory:  -> device: 0, name: NVIDIA GeForce RTX 4060 Ti, pci bus id: 0000:01:00.0, compute capability: 8.9
1 Physical GPUs, 1 Logical GPUs
Model: "sequential"
_________________________________________________________________
 Layer (type)                Output Shape              Param #   
=================================================================
 conv2d (Conv2D)             (None, 32, 32, 32)        896       
                                                                 
 batch_normalization (BatchN  (None, 32, 32, 32)       128       
 ormalization)                                                   
                                                                 
 dropout (Dropout)           (None, 32, 32, 32)        0         
                                                                 
 flatten (Flatten)           (None, 32768)             0         
                                                                 
 dense (Dense)               (None, 10)                327690    
                                                                 
=================================================================
Total params: 328,714
Trainable params: 328,650
Non-trainable params: 64
_________________________________________________________________
Taxa de aprendizado:  0.0001 Num de épocas:  249 Tamanho do lote:  512 Dropout:  0.249
Epoch 1/249
2024-06-26 13:40:41.938448: I tensorflow/stream_executor/cuda/cuda_dnn.cc:384] Loaded cuDNN version 8100
2024-06-26 13:40:43.055499: W tensorflow/stream_executor/gpu/redzone_allocator.cc:314] INTERNAL: ptxas exited with non-zero error code -1, output: 
Relying on driver to perform ptx compilation. 
Modify $PATH to customize ptxas location.
This message will be only logged once.
2024-06-26 13:40:44.117033: I tensorflow/stream_executor/cuda/cuda_blas.cc:1614] TensorFloat-32 will be used for the matrix multiplication. This will only be logged once.

 1/98 [..............................] - ETA: 5:55 - loss: 2.7477 - accuracy: 0.1055
 4/98 [>.............................] - ETA: 2s - loss: 2.4528 - accuracy: 0.1689  
 6/98 [>.............................] - ETA: 2s - loss: 2.3804 - accuracy: 0.1865
 9/98 [=>............................] - ETA: 2s - loss: 2.2809 - accuracy: 0.2135
12/98 [==>...........................] - ETA: 2s - loss: 2.2193 - accuracy: 0.2331
15/98 [===>..........................] - ETA: 2s - loss: 2.1671 - accuracy: 0.2505
18/98 [====>.........................] - ETA: 2s - loss: 2.1315 - accuracy: 0.2615
20/98 [=====>........................] - ETA: 2s - loss: 2.1063 - accuracy: 0.2692
23/98 [======>.......................] - ETA: 2s - loss: 2.0793 - accuracy: 0.2786
26/98 [======>.......................] - ETA: 1s - loss: 2.0559 - accuracy: 0.2873
29/98 [=======>......................] - ETA: 1s - loss: 2.0393 - accuracy: 0.2940
32/98 [========>.....................] - ETA: 1s - loss: 2.0247 - accuracy: 0.2991
34/98 [=========>....................] - ETA: 1s - loss: 2.0121 - accuracy: 0.3030
37/98 [==========>...................] - ETA: 1s - loss: 1.9927 - accuracy: 0.3073
40/98 [===========>..................] - ETA: 1s - loss: 1.9754 - accuracy: 0.3116
43/98 [============>.................] - ETA: 1s - loss: 1.9623 - accuracy: 0.3166
46/98 [=============>................] - ETA: 1s - loss: 1.9468 - accuracy: 0.3212
49/98 [==============>...............] - ETA: 1s - loss: 1.9363 - accuracy: 0.3249
52/98 [==============>...............] - ETA: 1s - loss: 1.9254 - accuracy: 0.3288
55/98 [===============>..............] - ETA: 1s - loss: 1.9107 - accuracy: 0.3340
58/98 [================>.............] - ETA: 1s - loss: 1.8992 - accuracy: 0.3374
61/98 [=================>............] - ETA: 0s - loss: 1.8907 - accuracy: 0.3413
64/98 [==================>...........] - ETA: 0s - loss: 1.8819 - accuracy: 0.3442
67/98 [===================>..........] - ETA: 0s - loss: 1.8728 - accuracy: 0.3470
71/98 [====================>.........] - ETA: 0s - loss: 1.8620 - accuracy: 0.3510
74/98 [=====================>........] - ETA: 0s - loss: 1.8540 - accuracy: 0.3533
77/98 [======================>.......] - ETA: 0s - loss: 1.8476 - accuracy: 0.3553
81/98 [=======================>......] - ETA: 0s - loss: 1.8359 - accuracy: 0.3594
84/98 [========================>.....] - ETA: 0s - loss: 1.8289 - accuracy: 0.3611
88/98 [=========================>....] - ETA: 0s - loss: 1.8208 - accuracy: 0.3642
91/98 [==========================>...] - ETA: 0s - loss: 1.8126 - accuracy: 0.3665
93/98 [===========================>..] - ETA: 0s - loss: 1.8084 - accuracy: 0.3679
96/98 [============================>.] - ETA: 0s - loss: 1.8030 - accuracy: 0.3700
98/98 [==============================] - 7s 34ms/step - loss: 1.8005 - accuracy: 0.3707 - val_loss: 2.1120 - val_accuracy: 0.3746
Epoch 2/249

 1/98 [..............................] - ETA: 3s - loss: 1.5625 - accuracy: 0.4355
 3/98 [..............................] - ETA: 2s - loss: 1.5591 - accuracy: 0.4408
 6/98 [>.............................] - ETA: 2s - loss: 1.5563 - accuracy: 0.4434
 9/98 [=>............................] - ETA: 2s - loss: 1.5450 - accuracy: 0.4473
12/98 [==>...........................] - ETA: 2s - loss: 1.5507 - accuracy: 0.4495
15/98 [===>..........................] - ETA: 2s - loss: 1.5424 - accuracy: 0.4518
18/98 [====>.........................] - ETA: 2s - loss: 1.5389 - accuracy: 0.4513
20/98 [=====>........................] - ETA: 2s - loss: 1.5375 - accuracy: 0.4520
23/98 [======>.......................] - ETA: 2s - loss: 1.5323 - accuracy: 0.4551
26/98 [======>.......................] - ETA: 1s - loss: 1.5254 - accuracy: 0.4571
29/98 [=======>......................] - ETA: 1s - loss: 1.5241 - accuracy: 0.4572
32/98 [========>.....................] - ETA: 1s - loss: 1.5248 - accuracy: 0.4572
35/98 [=========>....................] - ETA: 1s - loss: 1.5257 - accuracy: 0.4571
38/98 [==========>...................] - ETA: 1s - loss: 1.5227 - accuracy: 0.4581
41/98 [===========>..................] - ETA: 1s - loss: 1.5227 - accuracy: 0.4582
44/98 [============>.................] - ETA: 1s - loss: 1.5222 - accuracy: 0.4583
47/98 [=============>................] - ETA: 1s - loss: 1.5194 - accuracy: 0.4584
49/98 [==============>...............] - ETA: 1s - loss: 1.5183 - accuracy: 0.4595
52/98 [==============>...............] - ETA: 1s - loss: 1.5165 - accuracy: 0.4600
55/98 [===============>..............] - ETA: 1s - loss: 1.5135 - accuracy: 0.4615
58/98 [================>.............] - ETA: 1s - loss: 1.5084 - accuracy: 0.4639
61/98 [=================>............] - ETA: 0s - loss: 1.5076 - accuracy: 0.4645
64/98 [==================>...........] - ETA: 0s - loss: 1.5094 - accuracy: 0.4641
67/98 [===================>..........] - ETA: 0s - loss: 1.5081 - accuracy: 0.4643
70/98 [====================>.........] - ETA: 0s - loss: 1.5077 - accuracy: 0.4638
73/98 [=====================>........] - ETA: 0s - loss: 1.5056 - accuracy: 0.4656
75/98 [=====================>........] - ETA: 0s - loss: 1.5047 - accuracy: 0.4661
78/98 [======================>.......] - ETA: 0s - loss: 1.5026 - accuracy: 0.4668
81/98 [=======================>......] - ETA: 0s - loss: 1.5007 - accuracy: 0.4674
84/98 [========================>.....] - ETA: 0s - loss: 1.4994 - accuracy: 0.4681
86/98 [=========================>....] - ETA: 0s - loss: 1.4974 - accuracy: 0.4690
89/98 [==========================>...] - ETA: 0s - loss: 1.4976 - accuracy: 0.4690
92/98 [===========================>..] - ETA: 0s - loss: 1.4966 - accuracy: 0.4697
95/98 [============================>.] - ETA: 0s - loss: 1.4962 - accuracy: 0.4699
98/98 [==============================] - ETA: 0s - loss: 1.4940 - accuracy: 0.4707
98/98 [==============================] - 3s 34ms/step - loss: 1.4940 - accuracy: 0.4707 - val_loss: 1.9720 - val_accuracy: 0.4463
Epoch 3/249

 1/98 [..............................] - ETA: 4s - loss: 1.3432 - accuracy: 0.5352
 4/98 [>.............................] - ETA: 2s - loss: 1.3884 - accuracy: 0.5215
 7/98 [=>............................] - ETA: 2s - loss: 1.3861 - accuracy: 0.5223
10/98 [==>...........................] - ETA: 2s - loss: 1.3955 - accuracy: 0.5203
12/98 [==>...........................] - ETA: 2s - loss: 1.3978 - accuracy: 0.5186
14/98 [===>..........................] - ETA: 2s - loss: 1.4032 - accuracy: 0.5141
17/98 [====>.........................] - ETA: 2s - loss: 1.3987 - accuracy: 0.5142
20/98 [=====>........................] - ETA: 2s - loss: 1.3933 - accuracy: 0.5140
23/98 [======>.......................] - ETA: 1s - loss: 1.3880 - accuracy: 0.5136
25/98 [======>.......................] - ETA: 1s - loss: 1.3921 - accuracy: 0.5113
28/98 [=======>......................] - ETA: 1s - loss: 1.3927 - accuracy: 0.5105
31/98 [========>.....................] - ETA: 1s - loss: 1.3901 - accuracy: 0.5121
34/98 [=========>....................] - ETA: 1s - loss: 1.3896 - accuracy: 0.5116
36/98 [==========>...................] - ETA: 1s - loss: 1.3905 - accuracy: 0.5115
38/98 [==========>...................] - ETA: 1s - loss: 1.3854 - accuracy: 0.5137
41/98 [===========>..................] - ETA: 1s - loss: 1.3843 - accuracy: 0.5140
44/98 [============>.................] - ETA: 1s - loss: 1.3834 - accuracy: 0.5141
47/98 [=============>................] - ETA: 1s - loss: 1.3799 - accuracy: 0.5158
49/98 [==============>...............] - ETA: 1s - loss: 1.3793 - accuracy: 0.5157
51/98 [==============>...............] - ETA: 1s - loss: 1.3769 - accuracy: 0.5169
54/98 [===============>..............] - ETA: 1s - loss: 1.3756 - accuracy: 0.5166
57/98 [================>.............] - ETA: 1s - loss: 1.3742 - accuracy: 0.5169
60/98 [=================>............] - ETA: 1s - loss: 1.3716 - accuracy: 0.5181
63/98 [==================>...........] - ETA: 0s - loss: 1.3695 - accuracy: 0.5183
66/98 [===================>..........] - ETA: 0s - loss: 1.3693 - accuracy: 0.5184
69/98 [====================>.........] - ETA: 0s - loss: 1.3682 - accuracy: 0.5195
72/98 [=====================>........] - ETA: 0s - loss: 1.3711 - accuracy: 0.5188
75/98 [=====================>........] - ETA: 0s - loss: 1.3722 - accuracy: 0.5184
77/98 [======================>.......] - ETA: 0s - loss: 1.3732 - accuracy: 0.5183
80/98 [=======================>......] - ETA: 0s - loss: 1.3712 - accuracy: 0.5189
83/98 [========================>.....] - ETA: 0s - loss: 1.3703 - accuracy: 0.5188
86/98 [=========================>....] - ETA: 0s - loss: 1.3696 - accuracy: 0.5193
88/98 [=========================>....] - ETA: 0s - loss: 1.3694 - accuracy: 0.5196
91/98 [==========================>...] - ETA: 0s - loss: 1.3676 - accuracy: 0.5200
94/98 [===========================>..] - ETA: 0s - loss: 1.3682 - accuracy: 0.5196
97/98 [============================>.] - ETA: 0s - loss: 1.3675 - accuracy: 0.5197
98/98 [==============================] - 3s 33ms/step - loss: 1.3667 - accuracy: 0.5198 - val_loss: 1.8159 - val_accuracy: 0.4764
Epoch 4/249

 1/98 [..............................] - ETA: 2s - loss: 1.3606 - accuracy: 0.5137
 4/98 [>.............................] - ETA: 1s - loss: 1.2641 - accuracy: 0.5508
 7/98 [=>............................] - ETA: 1s - loss: 1.2739 - accuracy: 0.5505
10/98 [==>...........................] - ETA: 1s - loss: 1.2746 - accuracy: 0.5529
13/98 [==>...........................] - ETA: 1s - loss: 1.2723 - accuracy: 0.5515
16/98 [===>..........................] - ETA: 1s - loss: 1.2610 - accuracy: 0.5552
19/98 [====>.........................] - ETA: 1s - loss: 1.2618 - accuracy: 0.5541
22/98 [=====>........................] - ETA: 1s - loss: 1.2669 - accuracy: 0.5526
25/98 [======>.......................] - ETA: 1s - loss: 1.2711 - accuracy: 0.5510
29/98 [=======>......................] - ETA: 1s - loss: 1.2744 - accuracy: 0.5498
31/98 [========>.....................] - ETA: 1s - loss: 1.2732 - accuracy: 0.5493
34/98 [=========>....................] - ETA: 1s - loss: 1.2739 - accuracy: 0.5496
37/98 [==========>...................] - ETA: 1s - loss: 1.2724 - accuracy: 0.5493
40/98 [===========>..................] - ETA: 1s - loss: 1.2741 - accuracy: 0.5488
43/98 [============>.................] - ETA: 1s - loss: 1.2773 - accuracy: 0.5484
46/98 [=============>................] - ETA: 1s - loss: 1.2758 - accuracy: 0.5494
48/98 [=============>................] - ETA: 1s - loss: 1.2765 - accuracy: 0.5492
51/98 [==============>...............] - ETA: 1s - loss: 1.2807 - accuracy: 0.5474
54/98 [===============>..............] - ETA: 1s - loss: 1.2783 - accuracy: 0.5482
57/98 [================>.............] - ETA: 0s - loss: 1.2798 - accuracy: 0.5473
60/98 [=================>............] - ETA: 0s - loss: 1.2799 - accuracy: 0.5474
63/98 [==================>...........] - ETA: 0s - loss: 1.2799 - accuracy: 0.5478
66/98 [===================>..........] - ETA: 0s - loss: 1.2794 - accuracy: 0.5481
68/98 [===================>..........] - ETA: 0s - loss: 1.2799 - accuracy: 0.5478
71/98 [====================>.........] - ETA: 0s - loss: 1.2809 - accuracy: 0.5474
73/98 [=====================>........] - ETA: 0s - loss: 1.2798 - accuracy: 0.5476
75/98 [=====================>........] - ETA: 0s - loss: 1.2814 - accuracy: 0.5468
78/98 [======================>.......] - ETA: 0s - loss: 1.2801 - accuracy: 0.5476
81/98 [=======================>......] - ETA: 0s - loss: 1.2804 - accuracy: 0.5475
84/98 [========================>.....] - ETA: 0s - loss: 1.2792 - accuracy: 0.5479
87/98 [=========================>....] - ETA: 0s - loss: 1.2801 - accuracy: 0.5476
90/98 [==========================>...] - ETA: 0s - loss: 1.2805 - accuracy: 0.5478
92/98 [===========================>..] - ETA: 0s - loss: 1.2806 - accuracy: 0.5475
95/98 [============================>.] - ETA: 0s - loss: 1.2789 - accuracy: 0.5481
98/98 [==============================] - ETA: 0s - loss: 1.2770 - accuracy: 0.5486
98/98 [==============================] - 3s 32ms/step - loss: 1.2770 - accuracy: 0.5486 - val_loss: 1.6122 - val_accuracy: 0.4956
Epoch 5/249

 1/98 [..............................] - ETA: 4s - loss: 1.1570 - accuracy: 0.6055
 4/98 [>.............................] - ETA: 2s - loss: 1.1920 - accuracy: 0.5874
 7/98 [=>............................] - ETA: 2s - loss: 1.1968 - accuracy: 0.5792
10/98 [==>...........................] - ETA: 2s - loss: 1.1959 - accuracy: 0.5793
12/98 [==>...........................] - ETA: 2s - loss: 1.2028 - accuracy: 0.5752
15/98 [===>..........................] - ETA: 2s - loss: 1.2025 - accuracy: 0.5764
18/98 [====>.........................] - ETA: 2s - loss: 1.2059 - accuracy: 0.5734
21/98 [=====>........................] - ETA: 2s - loss: 1.2060 - accuracy: 0.5729
24/98 [======>.......................] - ETA: 1s - loss: 1.2111 - accuracy: 0.5710
26/98 [======>.......................] - ETA: 1s - loss: 1.2108 - accuracy: 0.5705
29/98 [=======>......................] - ETA: 1s - loss: 1.2121 - accuracy: 0.5712
32/98 [========>.....................] - ETA: 1s - loss: 1.2140 - accuracy: 0.5709
34/98 [=========>....................] - ETA: 1s - loss: 1.2113 - accuracy: 0.5718
37/98 [==========>...................] - ETA: 1s - loss: 1.2143 - accuracy: 0.5707
40/98 [===========>..................] - ETA: 1s - loss: 1.2127 - accuracy: 0.5720
43/98 [============>.................] - ETA: 1s - loss: 1.2108 - accuracy: 0.5735
46/98 [=============>................] - ETA: 1s - loss: 1.2058 - accuracy: 0.5754
49/98 [==============>...............] - ETA: 1s - loss: 1.2067 - accuracy: 0.5750
52/98 [==============>...............] - ETA: 1s - loss: 1.2049 - accuracy: 0.5751
55/98 [===============>..............] - ETA: 1s - loss: 1.2037 - accuracy: 0.5757
58/98 [================>.............] - ETA: 1s - loss: 1.2013 - accuracy: 0.5767
61/98 [=================>............] - ETA: 0s - loss: 1.2001 - accuracy: 0.5766
64/98 [==================>...........] - ETA: 0s - loss: 1.2010 - accuracy: 0.5762
67/98 [===================>..........] - ETA: 0s - loss: 1.1996 - accuracy: 0.5771
70/98 [====================>.........] - ETA: 0s - loss: 1.2001 - accuracy: 0.5764
72/98 [=====================>........] - ETA: 0s - loss: 1.1999 - accuracy: 0.5770
75/98 [=====================>........] - ETA: 0s - loss: 1.2004 - accuracy: 0.5764
78/98 [======================>.......] - ETA: 0s - loss: 1.2015 - accuracy: 0.5754
81/98 [=======================>......] - ETA: 0s - loss: 1.2032 - accuracy: 0.5749
84/98 [========================>.....] - ETA: 0s - loss: 1.2039 - accuracy: 0.5749
87/98 [=========================>....] - ETA: 0s - loss: 1.2036 - accuracy: 0.5752
90/98 [==========================>...] - ETA: 0s - loss: 1.2026 - accuracy: 0.5759
93/98 [===========================>..] - ETA: 0s - loss: 1.2018 - accuracy: 0.5761
95/98 [============================>.] - ETA: 0s - loss: 1.2022 - accuracy: 0.5761
98/98 [==============================] - ETA: 0s - loss: 1.2029 - accuracy: 0.5754
98/98 [==============================] - 3s 34ms/step - loss: 1.2029 - accuracy: 0.5754 - val_loss: 1.4296 - val_accuracy: 0.5314
Epoch 6/249

 1/98 [..............................] - ETA: 4s - loss: 1.1729 - accuracy: 0.5898
 3/98 [..............................] - ETA: 2s - loss: 1.1692 - accuracy: 0.5905
 6/98 [>.............................] - ETA: 2s - loss: 1.1424 - accuracy: 0.5964
 8/98 [=>............................] - ETA: 2s - loss: 1.1600 - accuracy: 0.5911
11/98 [==>...........................] - ETA: 2s - loss: 1.1507 - accuracy: 0.5911
14/98 [===>..........................] - ETA: 2s - loss: 1.1508 - accuracy: 0.5953
17/98 [====>.........................] - ETA: 2s - loss: 1.1480 - accuracy: 0.5956
20/98 [=====>........................] - ETA: 2s - loss: 1.1471 - accuracy: 0.5969
23/98 [======>.......................] - ETA: 1s - loss: 1.1479 - accuracy: 0.5969
26/98 [======>.......................] - ETA: 1s - loss: 1.1438 - accuracy: 0.5984
29/98 [=======>......................] - ETA: 1s - loss: 1.1438 - accuracy: 0.5968
32/98 [========>.....................] - ETA: 1s - loss: 1.1453 - accuracy: 0.5974
35/98 [=========>....................] - ETA: 1s - loss: 1.1491 - accuracy: 0.5967
38/98 [==========>...................] - ETA: 1s - loss: 1.1471 - accuracy: 0.5972
41/98 [===========>..................] - ETA: 1s - loss: 1.1496 - accuracy: 0.5973
44/98 [============>.................] - ETA: 1s - loss: 1.1488 - accuracy: 0.5974
47/98 [=============>................] - ETA: 1s - loss: 1.1505 - accuracy: 0.5971
49/98 [==============>...............] - ETA: 1s - loss: 1.1494 - accuracy: 0.5964
52/98 [==============>...............] - ETA: 1s - loss: 1.1520 - accuracy: 0.5959
55/98 [===============>..............] - ETA: 1s - loss: 1.1513 - accuracy: 0.5961
58/98 [================>.............] - ETA: 1s - loss: 1.1505 - accuracy: 0.5972
61/98 [=================>............] - ETA: 0s - loss: 1.1527 - accuracy: 0.5963
63/98 [==================>...........] - ETA: 0s - loss: 1.1517 - accuracy: 0.5965
66/98 [===================>..........] - ETA: 0s - loss: 1.1504 - accuracy: 0.5966
69/98 [====================>.........] - ETA: 0s - loss: 1.1508 - accuracy: 0.5963
72/98 [=====================>........] - ETA: 0s - loss: 1.1508 - accuracy: 0.5960
75/98 [=====================>........] - ETA: 0s - loss: 1.1507 - accuracy: 0.5956
78/98 [======================>.......] - ETA: 0s - loss: 1.1514 - accuracy: 0.5955
81/98 [=======================>......] - ETA: 0s - loss: 1.1506 - accuracy: 0.5958
84/98 [========================>.....] - ETA: 0s - loss: 1.1511 - accuracy: 0.5957
87/98 [=========================>....] - ETA: 0s - loss: 1.1486 - accuracy: 0.5967
90/98 [==========================>...] - ETA: 0s - loss: 1.1509 - accuracy: 0.5958
93/98 [===========================>..] - ETA: 0s - loss: 1.1505 - accuracy: 0.5962
96/98 [============================>.] - ETA: 0s - loss: 1.1499 - accuracy: 0.5964
98/98 [==============================] - ETA: 0s - loss: 1.1500 - accuracy: 0.5964
98/98 [==============================] - 3s 32ms/step - loss: 1.1500 - accuracy: 0.5964 - val_loss: 1.2853 - val_accuracy: 0.5556
Epoch 7/249

 1/98 [..............................] - ETA: 2s - loss: 1.2178 - accuracy: 0.5977
 5/98 [>.............................] - ETA: 1s - loss: 1.0975 - accuracy: 0.6212
 8/98 [=>............................] - ETA: 2s - loss: 1.1053 - accuracy: 0.6110
10/98 [==>...........................] - ETA: 2s - loss: 1.1054 - accuracy: 0.6102
13/98 [==>...........................] - ETA: 2s - loss: 1.1050 - accuracy: 0.6100
16/98 [===>..........................] - ETA: 2s - loss: 1.1016 - accuracy: 0.6090
19/98 [====>.........................] - ETA: 1s - loss: 1.0987 - accuracy: 0.6108
22/98 [=====>........................] - ETA: 1s - loss: 1.0989 - accuracy: 0.6106
25/98 [======>.......................] - ETA: 1s - loss: 1.1002 - accuracy: 0.6101
28/98 [=======>......................] - ETA: 1s - loss: 1.0980 - accuracy: 0.6119
31/98 [========>.....................] - ETA: 1s - loss: 1.0962 - accuracy: 0.6137
33/98 [=========>....................] - ETA: 1s - loss: 1.0931 - accuracy: 0.6152
36/98 [==========>...................] - ETA: 1s - loss: 1.0955 - accuracy: 0.6141
39/98 [==========>...................] - ETA: 1s - loss: 1.0946 - accuracy: 0.6143
42/98 [===========>..................] - ETA: 1s - loss: 1.0946 - accuracy: 0.6139
45/98 [============>.................] - ETA: 1s - loss: 1.0962 - accuracy: 0.6135
48/98 [=============>................] - ETA: 1s - loss: 1.0943 - accuracy: 0.6148
50/98 [==============>...............] - ETA: 1s - loss: 1.0952 - accuracy: 0.6150
53/98 [===============>..............] - ETA: 1s - loss: 1.0980 - accuracy: 0.6146
56/98 [================>.............] - ETA: 1s - loss: 1.0956 - accuracy: 0.6150
59/98 [=================>............] - ETA: 1s - loss: 1.0945 - accuracy: 0.6165
62/98 [=================>............] - ETA: 0s - loss: 1.0966 - accuracy: 0.6156
65/98 [==================>...........] - ETA: 0s - loss: 1.0976 - accuracy: 0.6152
68/98 [===================>..........] - ETA: 0s - loss: 1.0980 - accuracy: 0.6150
70/98 [====================>.........] - ETA: 0s - loss: 1.0996 - accuracy: 0.6145
73/98 [=====================>........] - ETA: 0s - loss: 1.0994 - accuracy: 0.6147
76/98 [======================>.......] - ETA: 0s - loss: 1.0983 - accuracy: 0.6156
79/98 [=======================>......] - ETA: 0s - loss: 1.0997 - accuracy: 0.6148
82/98 [========================>.....] - ETA: 0s - loss: 1.0996 - accuracy: 0.6148
84/98 [========================>.....] - ETA: 0s - loss: 1.0990 - accuracy: 0.6148
87/98 [=========================>....] - ETA: 0s - loss: 1.0972 - accuracy: 0.6153
90/98 [==========================>...] - ETA: 0s - loss: 1.0980 - accuracy: 0.6147
93/98 [===========================>..] - ETA: 0s - loss: 1.0989 - accuracy: 0.6146
96/98 [============================>.] - ETA: 0s - loss: 1.0988 - accuracy: 0.6145
98/98 [==============================] - 3s 34ms/step - loss: 1.0994 - accuracy: 0.6141 - val_loss: 1.2284 - val_accuracy: 0.5674
Epoch 8/249

 1/98 [..............................] - ETA: 3s - loss: 1.0469 - accuracy: 0.6562
 3/98 [..............................] - ETA: 2s - loss: 1.0624 - accuracy: 0.6335
 6/98 [>.............................] - ETA: 2s - loss: 1.0483 - accuracy: 0.6315
 8/98 [=>............................] - ETA: 2s - loss: 1.0651 - accuracy: 0.6223
11/98 [==>...........................] - ETA: 2s - loss: 1.0506 - accuracy: 0.6270
14/98 [===>..........................] - ETA: 2s - loss: 1.0427 - accuracy: 0.6304
17/98 [====>.........................] - ETA: 2s - loss: 1.0508 - accuracy: 0.6282
20/98 [=====>........................] - ETA: 2s - loss: 1.0485 - accuracy: 0.6295
23/98 [======>.......................] - ETA: 2s - loss: 1.0571 - accuracy: 0.6269
25/98 [======>.......................] - ETA: 1s - loss: 1.0574 - accuracy: 0.6268
28/98 [=======>......................] - ETA: 1s - loss: 1.0549 - accuracy: 0.6269
31/98 [========>.....................] - ETA: 1s - loss: 1.0564 - accuracy: 0.6286
34/98 [=========>....................] - ETA: 1s - loss: 1.0541 - accuracy: 0.6299
37/98 [==========>...................] - ETA: 1s - loss: 1.0546 - accuracy: 0.6302
40/98 [===========>..................] - ETA: 1s - loss: 1.0534 - accuracy: 0.6299
43/98 [============>.................] - ETA: 1s - loss: 1.0511 - accuracy: 0.6314
45/98 [============>.................] - ETA: 1s - loss: 1.0499 - accuracy: 0.6319
48/98 [=============>................] - ETA: 1s - loss: 1.0528 - accuracy: 0.6319
51/98 [==============>...............] - ETA: 1s - loss: 1.0537 - accuracy: 0.6309
54/98 [===============>..............] - ETA: 1s - loss: 1.0561 - accuracy: 0.6305
57/98 [================>.............] - ETA: 1s - loss: 1.0581 - accuracy: 0.6284
60/98 [=================>............] - ETA: 1s - loss: 1.0575 - accuracy: 0.6290
62/98 [=================>............] - ETA: 0s - loss: 1.0593 - accuracy: 0.6277
65/98 [==================>...........] - ETA: 0s - loss: 1.0586 - accuracy: 0.6281
67/98 [===================>..........] - ETA: 0s - loss: 1.0597 - accuracy: 0.6277
69/98 [====================>.........] - ETA: 0s - loss: 1.0596 - accuracy: 0.6276
72/98 [=====================>........] - ETA: 0s - loss: 1.0579 - accuracy: 0.6286
75/98 [=====================>........] - ETA: 0s - loss: 1.0584 - accuracy: 0.6288
78/98 [======================>.......] - ETA: 0s - loss: 1.0571 - accuracy: 0.6295
80/98 [=======================>......] - ETA: 0s - loss: 1.0576 - accuracy: 0.6293
83/98 [========================>.....] - ETA: 0s - loss: 1.0569 - accuracy: 0.6296
86/98 [=========================>....] - ETA: 0s - loss: 1.0581 - accuracy: 0.6285
89/98 [==========================>...] - ETA: 0s - loss: 1.0601 - accuracy: 0.6275
92/98 [===========================>..] - ETA: 0s - loss: 1.0614 - accuracy: 0.6272
94/98 [===========================>..] - ETA: 0s - loss: 1.0607 - accuracy: 0.6273
97/98 [============================>.] - ETA: 0s - loss: 1.0606 - accuracy: 0.6272
98/98 [==============================] - 3s 34ms/step - loss: 1.0609 - accuracy: 0.6271 - val_loss: 1.2008 - val_accuracy: 0.5780
Epoch 9/249

 1/98 [..............................] - ETA: 4s - loss: 1.0031 - accuracy: 0.6426
 4/98 [>.............................] - ETA: 2s - loss: 1.0339 - accuracy: 0.6318
 6/98 [>.............................] - ETA: 2s - loss: 1.0303 - accuracy: 0.6325
 9/98 [=>............................] - ETA: 2s - loss: 1.0330 - accuracy: 0.6315
12/98 [==>...........................] - ETA: 2s - loss: 1.0338 - accuracy: 0.6348
15/98 [===>..........................] - ETA: 2s - loss: 1.0333 - accuracy: 0.6346
17/98 [====>.........................] - ETA: 2s - loss: 1.0296 - accuracy: 0.6378
20/98 [=====>........................] - ETA: 2s - loss: 1.0313 - accuracy: 0.6387
23/98 [======>.......................] - ETA: 2s - loss: 1.0338 - accuracy: 0.6377
26/98 [======>.......................] - ETA: 1s - loss: 1.0309 - accuracy: 0.6401
29/98 [=======>......................] - ETA: 1s - loss: 1.0317 - accuracy: 0.6397
32/98 [========>.....................] - ETA: 1s - loss: 1.0298 - accuracy: 0.6412
34/98 [=========>....................] - ETA: 1s - loss: 1.0335 - accuracy: 0.6396
37/98 [==========>...................] - ETA: 1s - loss: 1.0340 - accuracy: 0.6398
40/98 [===========>..................] - ETA: 1s - loss: 1.0344 - accuracy: 0.6396
43/98 [============>.................] - ETA: 1s - loss: 1.0316 - accuracy: 0.6405
46/98 [=============>................] - ETA: 1s - loss: 1.0296 - accuracy: 0.6397
49/98 [==============>...............] - ETA: 1s - loss: 1.0282 - accuracy: 0.6398
51/98 [==============>...............] - ETA: 1s - loss: 1.0277 - accuracy: 0.6398
54/98 [===============>..............] - ETA: 1s - loss: 1.0252 - accuracy: 0.6411
57/98 [================>.............] - ETA: 1s - loss: 1.0230 - accuracy: 0.6411
60/98 [=================>............] - ETA: 1s - loss: 1.0230 - accuracy: 0.6417
63/98 [==================>...........] - ETA: 0s - loss: 1.0231 - accuracy: 0.6416
66/98 [===================>..........] - ETA: 0s - loss: 1.0225 - accuracy: 0.6418
69/98 [====================>.........] - ETA: 0s - loss: 1.0240 - accuracy: 0.6411
72/98 [=====================>........] - ETA: 0s - loss: 1.0273 - accuracy: 0.6399
75/98 [=====================>........] - ETA: 0s - loss: 1.0285 - accuracy: 0.6398
78/98 [======================>.......] - ETA: 0s - loss: 1.0284 - accuracy: 0.6396
82/98 [========================>.....] - ETA: 0s - loss: 1.0293 - accuracy: 0.6391
85/98 [=========================>....] - ETA: 0s - loss: 1.0295 - accuracy: 0.6390
88/98 [=========================>....] - ETA: 0s - loss: 1.0300 - accuracy: 0.6389
92/98 [===========================>..] - ETA: 0s - loss: 1.0305 - accuracy: 0.6391
95/98 [============================>.] - ETA: 0s - loss: 1.0308 - accuracy: 0.6386
98/98 [==============================] - ETA: 0s - loss: 1.0306 - accuracy: 0.6389
98/98 [==============================] - 3s 31ms/step - loss: 1.0306 - accuracy: 0.6389 - val_loss: 1.1939 - val_accuracy: 0.5829
Epoch 10/249

 1/98 [..............................] - ETA: 4s - loss: 0.9755 - accuracy: 0.6680
 4/98 [>.............................] - ETA: 2s - loss: 1.0236 - accuracy: 0.6460
 7/98 [=>............................] - ETA: 2s - loss: 0.9957 - accuracy: 0.6507
 9/98 [=>............................] - ETA: 2s - loss: 0.9959 - accuracy: 0.6549
12/98 [==>...........................] - ETA: 2s - loss: 1.0020 - accuracy: 0.6520
15/98 [===>..........................] - ETA: 2s - loss: 0.9904 - accuracy: 0.6564
18/98 [====>.........................] - ETA: 2s - loss: 0.9859 - accuracy: 0.6576
21/98 [=====>........................] - ETA: 2s - loss: 0.9884 - accuracy: 0.6558
24/98 [======>.......................] - ETA: 1s - loss: 0.9912 - accuracy: 0.6553
26/98 [======>.......................] - ETA: 1s - loss: 0.9906 - accuracy: 0.6559
29/98 [=======>......................] - ETA: 1s - loss: 0.9925 - accuracy: 0.6554
32/98 [========>.....................] - ETA: 1s - loss: 0.9873 - accuracy: 0.6575
35/98 [=========>....................] - ETA: 1s - loss: 0.9903 - accuracy: 0.6566
38/98 [==========>...................] - ETA: 1s - loss: 0.9925 - accuracy: 0.6568
41/98 [===========>..................] - ETA: 1s - loss: 0.9898 - accuracy: 0.6584
44/98 [============>.................] - ETA: 1s - loss: 0.9911 - accuracy: 0.6580
46/98 [=============>................] - ETA: 1s - loss: 0.9904 - accuracy: 0.6579
49/98 [==============>...............] - ETA: 1s - loss: 0.9891 - accuracy: 0.6584
52/98 [==============>...............] - ETA: 1s - loss: 0.9894 - accuracy: 0.6590
55/98 [===============>..............] - ETA: 1s - loss: 0.9913 - accuracy: 0.6583
58/98 [================>.............] - ETA: 1s - loss: 0.9928 - accuracy: 0.6586
61/98 [=================>............] - ETA: 0s - loss: 0.9920 - accuracy: 0.6587
64/98 [==================>...........] - ETA: 0s - loss: 0.9903 - accuracy: 0.6584
67/98 [===================>..........] - ETA: 0s - loss: 0.9911 - accuracy: 0.6578
69/98 [====================>.........] - ETA: 0s - loss: 0.9920 - accuracy: 0.6576
72/98 [=====================>........] - ETA: 0s - loss: 0.9931 - accuracy: 0.6571
75/98 [=====================>........] - ETA: 0s - loss: 0.9937 - accuracy: 0.6566
77/98 [======================>.......] - ETA: 0s - loss: 0.9951 - accuracy: 0.6561
80/98 [=======================>......] - ETA: 0s - loss: 0.9954 - accuracy: 0.6562
83/98 [========================>.....] - ETA: 0s - loss: 0.9957 - accuracy: 0.6561
86/98 [=========================>....] - ETA: 0s - loss: 0.9955 - accuracy: 0.6562
89/98 [==========================>...] - ETA: 0s - loss: 0.9955 - accuracy: 0.6562
92/98 [===========================>..] - ETA: 0s - loss: 0.9966 - accuracy: 0.6552
94/98 [===========================>..] - ETA: 0s - loss: 0.9974 - accuracy: 0.6548
97/98 [============================>.] - ETA: 0s - loss: 0.9980 - accuracy: 0.6543
98/98 [==============================] - 3s 34ms/step - loss: 0.9991 - accuracy: 0.6540 - val_loss: 1.1926 - val_accuracy: 0.5809
Epoch 11/249

 1/98 [..............................] - ETA: 4s - loss: 0.9451 - accuracy: 0.6738
 4/98 [>.............................] - ETA: 2s - loss: 0.9603 - accuracy: 0.6656
 7/98 [=>............................] - ETA: 2s - loss: 0.9680 - accuracy: 0.6593
10/98 [==>...........................] - ETA: 2s - loss: 0.9581 - accuracy: 0.6606
13/98 [==>...........................] - ETA: 2s - loss: 0.9552 - accuracy: 0.6611
15/98 [===>..........................] - ETA: 2s - loss: 0.9643 - accuracy: 0.6587
18/98 [====>.........................] - ETA: 2s - loss: 0.9642 - accuracy: 0.6596
21/98 [=====>........................] - ETA: 2s - loss: 0.9612 - accuracy: 0.6584
24/98 [======>.......................] - ETA: 1s - loss: 0.9654 - accuracy: 0.6558
27/98 [=======>......................] - ETA: 1s - loss: 0.9628 - accuracy: 0.6580
30/98 [========>.....................] - ETA: 1s - loss: 0.9603 - accuracy: 0.6585
33/98 [=========>....................] - ETA: 1s - loss: 0.9644 - accuracy: 0.6590
36/98 [==========>...................] - ETA: 1s - loss: 0.9603 - accuracy: 0.6605
39/98 [==========>...................] - ETA: 1s - loss: 0.9624 - accuracy: 0.6593
41/98 [===========>..................] - ETA: 1s - loss: 0.9631 - accuracy: 0.6595
44/98 [============>.................] - ETA: 1s - loss: 0.9633 - accuracy: 0.6600
47/98 [=============>................] - ETA: 1s - loss: 0.9634 - accuracy: 0.6605
50/98 [==============>...............] - ETA: 1s - loss: 0.9630 - accuracy: 0.6606
53/98 [===============>..............] - ETA: 1s - loss: 0.9634 - accuracy: 0.6607
56/98 [================>.............] - ETA: 1s - loss: 0.9625 - accuracy: 0.6606
59/98 [=================>............] - ETA: 1s - loss: 0.9639 - accuracy: 0.6608
61/98 [=================>............] - ETA: 0s - loss: 0.9665 - accuracy: 0.6602
64/98 [==================>...........] - ETA: 0s - loss: 0.9670 - accuracy: 0.6604
67/98 [===================>..........] - ETA: 0s - loss: 0.9692 - accuracy: 0.6605
70/98 [====================>.........] - ETA: 0s - loss: 0.9693 - accuracy: 0.6605
73/98 [=====================>........] - ETA: 0s - loss: 0.9704 - accuracy: 0.6606
76/98 [======================>.......] - ETA: 0s - loss: 0.9695 - accuracy: 0.6612
79/98 [=======================>......] - ETA: 0s - loss: 0.9688 - accuracy: 0.6618
82/98 [========================>.....] - ETA: 0s - loss: 0.9703 - accuracy: 0.6612
85/98 [=========================>....] - ETA: 0s - loss: 0.9698 - accuracy: 0.6618
88/98 [=========================>....] - ETA: 0s - loss: 0.9703 - accuracy: 0.6614
91/98 [==========================>...] - ETA: 0s - loss: 0.9709 - accuracy: 0.6611
93/98 [===========================>..] - ETA: 0s - loss: 0.9709 - accuracy: 0.6612
96/98 [============================>.] - ETA: 0s - loss: 0.9711 - accuracy: 0.6614
98/98 [==============================] - 3s 34ms/step - loss: 0.9718 - accuracy: 0.6609 - val_loss: 1.1830 - val_accuracy: 0.5871
Epoch 12/249

 1/98 [..............................] - ETA: 3s - loss: 0.8793 - accuracy: 0.7051
 3/98 [..............................] - ETA: 2s - loss: 0.9296 - accuracy: 0.6921
 6/98 [>.............................] - ETA: 2s - loss: 0.9207 - accuracy: 0.6940
 9/98 [=>............................] - ETA: 2s - loss: 0.9400 - accuracy: 0.6814
12/98 [==>...........................] - ETA: 2s - loss: 0.9473 - accuracy: 0.6740
15/98 [===>..........................] - ETA: 2s - loss: 0.9373 - accuracy: 0.6779
18/98 [====>.........................] - ETA: 2s - loss: 0.9332 - accuracy: 0.6789
20/98 [=====>........................] - ETA: 2s - loss: 0.9309 - accuracy: 0.6798
23/98 [======>.......................] - ETA: 2s - loss: 0.9243 - accuracy: 0.6828
26/98 [======>.......................] - ETA: 1s - loss: 0.9211 - accuracy: 0.6847
29/98 [=======>......................] - ETA: 1s - loss: 0.9215 - accuracy: 0.6857
32/98 [========>.....................] - ETA: 1s - loss: 0.9240 - accuracy: 0.6845
35/98 [=========>....................] - ETA: 1s - loss: 0.9241 - accuracy: 0.6848
39/98 [==========>...................] - ETA: 1s - loss: 0.9276 - accuracy: 0.6840
42/98 [===========>..................] - ETA: 1s - loss: 0.9284 - accuracy: 0.6832
45/98 [============>.................] - ETA: 1s - loss: 0.9303 - accuracy: 0.6822
48/98 [=============>................] - ETA: 1s - loss: 0.9294 - accuracy: 0.6823
52/98 [==============>...............] - ETA: 1s - loss: 0.9329 - accuracy: 0.6801
56/98 [================>.............] - ETA: 0s - loss: 0.9360 - accuracy: 0.6788
59/98 [=================>............] - ETA: 0s - loss: 0.9390 - accuracy: 0.6779
63/98 [==================>...........] - ETA: 0s - loss: 0.9380 - accuracy: 0.6776
67/98 [===================>..........] - ETA: 0s - loss: 0.9411 - accuracy: 0.6769
70/98 [====================>.........] - ETA: 0s - loss: 0.9417 - accuracy: 0.6762
73/98 [=====================>........] - ETA: 0s - loss: 0.9436 - accuracy: 0.6752
77/98 [======================>.......] - ETA: 0s - loss: 0.9448 - accuracy: 0.6742
79/98 [=======================>......] - ETA: 0s - loss: 0.9470 - accuracy: 0.6732
82/98 [========================>.....] - ETA: 0s - loss: 0.9463 - accuracy: 0.6728
85/98 [=========================>....] - ETA: 0s - loss: 0.9458 - accuracy: 0.6729
87/98 [=========================>....] - ETA: 0s - loss: 0.9474 - accuracy: 0.6723
90/98 [==========================>...] - ETA: 0s - loss: 0.9476 - accuracy: 0.6727
93/98 [===========================>..] - ETA: 0s - loss: 0.9474 - accuracy: 0.6732
96/98 [============================>.] - ETA: 0s - loss: 0.9459 - accuracy: 0.6738
98/98 [==============================] - 3s 31ms/step - loss: 0.9464 - accuracy: 0.6736 - val_loss: 1.1854 - val_accuracy: 0.5854
Epoch 13/249

 1/98 [..............................] - ETA: 3s - loss: 0.8921 - accuracy: 0.6953
 3/98 [..............................] - ETA: 2s - loss: 0.8938 - accuracy: 0.6947
 6/98 [>.............................] - ETA: 2s - loss: 0.9170 - accuracy: 0.6826
 9/98 [=>............................] - ETA: 2s - loss: 0.9128 - accuracy: 0.6775
12/98 [==>...........................] - ETA: 2s - loss: 0.9051 - accuracy: 0.6808
15/98 [===>..........................] - ETA: 2s - loss: 0.9096 - accuracy: 0.6792
17/98 [====>.........................] - ETA: 2s - loss: 0.9118 - accuracy: 0.6796
20/98 [=====>........................] - ETA: 2s - loss: 0.9209 - accuracy: 0.6749
23/98 [======>.......................] - ETA: 2s - loss: 0.9210 - accuracy: 0.6751
25/98 [======>.......................] - ETA: 1s - loss: 0.9175 - accuracy: 0.6770
28/98 [=======>......................] - ETA: 1s - loss: 0.9177 - accuracy: 0.6777
31/98 [========>.....................] - ETA: 1s - loss: 0.9138 - accuracy: 0.6798
34/98 [=========>....................] - ETA: 1s - loss: 0.9140 - accuracy: 0.6796
36/98 [==========>...................] - ETA: 1s - loss: 0.9155 - accuracy: 0.6802
39/98 [==========>...................] - ETA: 1s - loss: 0.9162 - accuracy: 0.6796
41/98 [===========>..................] - ETA: 1s - loss: 0.9140 - accuracy: 0.6801
44/98 [============>.................] - ETA: 1s - loss: 0.9143 - accuracy: 0.6791
