2024-06-26 16:18:59.408570: I tensorflow/core/platform/cpu_feature_guard.cc:193] This TensorFlow binary is optimized with oneAPI Deep Neural Network Library (oneDNN) to use the following CPU instructions in performance-critical operations:  AVX AVX2
To enable them in other operations, rebuild TensorFlow with the appropriate compiler flags.
2024-06-26 16:19:00.041284: I tensorflow/core/common_runtime/gpu/gpu_device.cc:1616] Created device /job:localhost/replica:0/task:0/device:GPU:0 with 6656 MB memory:  -> device: 0, name: NVIDIA GeForce RTX 4060 Ti, pci bus id: 0000:01:00.0, compute capability: 8.9
1 Physical GPUs, 1 Logical GPUs
Model: "sequential"
_________________________________________________________________
 Layer (type)                Output Shape              Param #   
=================================================================
 conv2d (Conv2D)             (None, 32, 32, 32)        896       
                                                                 
 batch_normalization (BatchN  (None, 32, 32, 32)       128       
 ormalization)                                                   
                                                                 
 dropout (Dropout)           (None, 32, 32, 32)        0         
                                                                 
 flatten (Flatten)           (None, 32768)             0         
                                                                 
 dense (Dense)               (None, 10)                327690    
                                                                 
=================================================================
Total params: 328,714
Trainable params: 328,650
Non-trainable params: 64
_________________________________________________________________
Taxa de aprendizado:  0.0001 Num de épocas:  249 Tamanho do lote:  512 Dropout:  0.249
Epoch 1/249
2024-06-26 16:19:01.530549: I tensorflow/stream_executor/cuda/cuda_dnn.cc:384] Loaded cuDNN version 8100
2024-06-26 16:19:02.365727: W tensorflow/stream_executor/gpu/redzone_allocator.cc:314] INTERNAL: ptxas exited with non-zero error code -1, output: 
Relying on driver to perform ptx compilation. 
Modify $PATH to customize ptxas location.
This message will be only logged once.
2024-06-26 16:19:03.480196: I tensorflow/stream_executor/cuda/cuda_blas.cc:1614] TensorFloat-32 will be used for the matrix multiplication. This will only be logged once.

 1/98 [..............................] - ETA: 5:27 - loss: 2.8495 - accuracy: 0.0938
 5/98 [>.............................] - ETA: 2s - loss: 2.4866 - accuracy: 0.1644  
 9/98 [=>............................] - ETA: 2s - loss: 2.3610 - accuracy: 0.1977
12/98 [==>...........................] - ETA: 1s - loss: 2.2940 - accuracy: 0.2173
15/98 [===>..........................] - ETA: 1s - loss: 2.2482 - accuracy: 0.2273
18/98 [====>.........................] - ETA: 1s - loss: 2.2137 - accuracy: 0.2382
21/98 [=====>........................] - ETA: 1s - loss: 2.1956 - accuracy: 0.2429
24/98 [======>.......................] - ETA: 1s - loss: 2.1693 - accuracy: 0.2502
27/98 [=======>......................] - ETA: 1s - loss: 2.1428 - accuracy: 0.2585
30/98 [========>.....................] - ETA: 1s - loss: 2.1213 - accuracy: 0.2667
34/98 [=========>....................] - ETA: 1s - loss: 2.1031 - accuracy: 0.2716
37/98 [==========>...................] - ETA: 1s - loss: 2.0878 - accuracy: 0.2765
41/98 [===========>..................] - ETA: 1s - loss: 2.0635 - accuracy: 0.2837
43/98 [============>.................] - ETA: 1s - loss: 2.0532 - accuracy: 0.2872
46/98 [=============>................] - ETA: 1s - loss: 2.0358 - accuracy: 0.2925
48/98 [=============>................] - ETA: 1s - loss: 2.0251 - accuracy: 0.2956
51/98 [==============>...............] - ETA: 0s - loss: 2.0121 - accuracy: 0.2994
53/98 [===============>..............] - ETA: 0s - loss: 2.0033 - accuracy: 0.3023
56/98 [================>.............] - ETA: 0s - loss: 1.9926 - accuracy: 0.3054
59/98 [=================>............] - ETA: 0s - loss: 1.9814 - accuracy: 0.3092
61/98 [=================>............] - ETA: 0s - loss: 1.9746 - accuracy: 0.3113
64/98 [==================>...........] - ETA: 0s - loss: 1.9642 - accuracy: 0.3147
66/98 [===================>..........] - ETA: 0s - loss: 1.9565 - accuracy: 0.3168
69/98 [====================>.........] - ETA: 0s - loss: 1.9469 - accuracy: 0.3203
71/98 [====================>.........] - ETA: 0s - loss: 1.9414 - accuracy: 0.3218
74/98 [=====================>........] - ETA: 0s - loss: 1.9331 - accuracy: 0.3240
76/98 [======================>.......] - ETA: 0s - loss: 1.9293 - accuracy: 0.3249
78/98 [======================>.......] - ETA: 0s - loss: 1.9230 - accuracy: 0.3271
81/98 [=======================>......] - ETA: 0s - loss: 1.9146 - accuracy: 0.3303
83/98 [========================>.....] - ETA: 0s - loss: 1.9079 - accuracy: 0.3326
85/98 [=========================>....] - ETA: 0s - loss: 1.9022 - accuracy: 0.3341
88/98 [=========================>....] - ETA: 0s - loss: 1.8958 - accuracy: 0.3366
92/98 [===========================>..] - ETA: 0s - loss: 1.8867 - accuracy: 0.3402
95/98 [============================>.] - ETA: 0s - loss: 1.8800 - accuracy: 0.3427
98/98 [==============================] - 7s 33ms/step - loss: 1.8728 - accuracy: 0.3454 - val_loss: 2.0613 - val_accuracy: 0.3639
Epoch 2/249

 1/98 [..............................] - ETA: 3s - loss: 1.5550 - accuracy: 0.4375
 4/98 [>.............................] - ETA: 2s - loss: 1.5963 - accuracy: 0.4385
 6/98 [>.............................] - ETA: 2s - loss: 1.5982 - accuracy: 0.4411
 8/98 [=>............................] - ETA: 2s - loss: 1.6070 - accuracy: 0.4368
11/98 [==>...........................] - ETA: 2s - loss: 1.6088 - accuracy: 0.4322
13/98 [==>...........................] - ETA: 2s - loss: 1.6078 - accuracy: 0.4330
15/98 [===>..........................] - ETA: 2s - loss: 1.6050 - accuracy: 0.4350
17/98 [====>.........................] - ETA: 2s - loss: 1.6052 - accuracy: 0.4346
20/98 [=====>........................] - ETA: 2s - loss: 1.6012 - accuracy: 0.4364
22/98 [=====>........................] - ETA: 2s - loss: 1.6031 - accuracy: 0.4371
25/98 [======>.......................] - ETA: 2s - loss: 1.5984 - accuracy: 0.4396
28/98 [=======>......................] - ETA: 1s - loss: 1.5905 - accuracy: 0.4427
32/98 [========>.....................] - ETA: 1s - loss: 1.5846 - accuracy: 0.4445
36/98 [==========>...................] - ETA: 1s - loss: 1.5803 - accuracy: 0.4448
40/98 [===========>..................] - ETA: 1s - loss: 1.5757 - accuracy: 0.4461
43/98 [============>.................] - ETA: 1s - loss: 1.5725 - accuracy: 0.4484
47/98 [=============>................] - ETA: 1s - loss: 1.5701 - accuracy: 0.4494
51/98 [==============>...............] - ETA: 1s - loss: 1.5747 - accuracy: 0.4488
54/98 [===============>..............] - ETA: 1s - loss: 1.5707 - accuracy: 0.4498
57/98 [================>.............] - ETA: 0s - loss: 1.5662 - accuracy: 0.4511
61/98 [=================>............] - ETA: 0s - loss: 1.5654 - accuracy: 0.4518
64/98 [==================>...........] - ETA: 0s - loss: 1.5616 - accuracy: 0.4526
68/98 [===================>..........] - ETA: 0s - loss: 1.5590 - accuracy: 0.4534
72/98 [=====================>........] - ETA: 0s - loss: 1.5551 - accuracy: 0.4545
75/98 [=====================>........] - ETA: 0s - loss: 1.5529 - accuracy: 0.4554
79/98 [=======================>......] - ETA: 0s - loss: 1.5512 - accuracy: 0.4564
81/98 [=======================>......] - ETA: 0s - loss: 1.5502 - accuracy: 0.4569
83/98 [========================>.....] - ETA: 0s - loss: 1.5487 - accuracy: 0.4573
86/98 [=========================>....] - ETA: 0s - loss: 1.5484 - accuracy: 0.4573
88/98 [=========================>....] - ETA: 0s - loss: 1.5478 - accuracy: 0.4575
90/98 [==========================>...] - ETA: 0s - loss: 1.5477 - accuracy: 0.4573
93/98 [===========================>..] - ETA: 0s - loss: 1.5468 - accuracy: 0.4578
96/98 [============================>.] - ETA: 0s - loss: 1.5470 - accuracy: 0.4581
98/98 [==============================] - ETA: 0s - loss: 1.5447 - accuracy: 0.4590
98/98 [==============================] - 3s 30ms/step - loss: 1.5447 - accuracy: 0.4590 - val_loss: 1.9204 - val_accuracy: 0.4118
Epoch 3/249

 1/98 [..............................] - ETA: 4s - loss: 1.4032 - accuracy: 0.5215
 5/98 [>.............................] - ETA: 1s - loss: 1.4153 - accuracy: 0.5129
 8/98 [=>............................] - ETA: 1s - loss: 1.4065 - accuracy: 0.5095
11/98 [==>...........................] - ETA: 1s - loss: 1.4133 - accuracy: 0.5041
15/98 [===>..........................] - ETA: 1s - loss: 1.4130 - accuracy: 0.5046
19/98 [====>.........................] - ETA: 1s - loss: 1.4093 - accuracy: 0.5074
23/98 [======>.......................] - ETA: 1s - loss: 1.4069 - accuracy: 0.5066
26/98 [======>.......................] - ETA: 1s - loss: 1.4069 - accuracy: 0.5073
30/98 [========>.....................] - ETA: 1s - loss: 1.4090 - accuracy: 0.5093
34/98 [=========>....................] - ETA: 1s - loss: 1.4146 - accuracy: 0.5071
37/98 [==========>...................] - ETA: 1s - loss: 1.4107 - accuracy: 0.5072
41/98 [===========>..................] - ETA: 1s - loss: 1.4106 - accuracy: 0.5065
43/98 [============>.................] - ETA: 1s - loss: 1.4098 - accuracy: 0.5074
46/98 [=============>................] - ETA: 0s - loss: 1.4114 - accuracy: 0.5062
48/98 [=============>................] - ETA: 0s - loss: 1.4106 - accuracy: 0.5068
51/98 [==============>...............] - ETA: 0s - loss: 1.4087 - accuracy: 0.5072
53/98 [===============>..............] - ETA: 0s - loss: 1.4073 - accuracy: 0.5080
56/98 [================>.............] - ETA: 0s - loss: 1.4074 - accuracy: 0.5070
58/98 [================>.............] - ETA: 0s - loss: 1.4088 - accuracy: 0.5062
60/98 [=================>............] - ETA: 0s - loss: 1.4095 - accuracy: 0.5058
62/98 [=================>............] - ETA: 0s - loss: 1.4098 - accuracy: 0.5047
64/98 [==================>...........] - ETA: 0s - loss: 1.4084 - accuracy: 0.5050
67/98 [===================>..........] - ETA: 0s - loss: 1.4050 - accuracy: 0.5062
69/98 [====================>.........] - ETA: 0s - loss: 1.4024 - accuracy: 0.5069
71/98 [====================>.........] - ETA: 0s - loss: 1.4023 - accuracy: 0.5076
74/98 [=====================>........] - ETA: 0s - loss: 1.4004 - accuracy: 0.5084
76/98 [======================>.......] - ETA: 0s - loss: 1.4009 - accuracy: 0.5087
78/98 [======================>.......] - ETA: 0s - loss: 1.4001 - accuracy: 0.5088
81/98 [=======================>......] - ETA: 0s - loss: 1.3995 - accuracy: 0.5085
83/98 [========================>.....] - ETA: 0s - loss: 1.3989 - accuracy: 0.5089
86/98 [=========================>....] - ETA: 0s - loss: 1.3993 - accuracy: 0.5082
89/98 [==========================>...] - ETA: 0s - loss: 1.3991 - accuracy: 0.5083
92/98 [===========================>..] - ETA: 0s - loss: 1.3978 - accuracy: 0.5087
96/98 [============================>.] - ETA: 0s - loss: 1.3945 - accuracy: 0.5095
98/98 [==============================] - 3s 29ms/step - loss: 1.3938 - accuracy: 0.5100 - val_loss: 1.7484 - val_accuracy: 0.4478
Epoch 4/249

 1/98 [..............................] - ETA: 4s - loss: 1.2949 - accuracy: 0.5371
 3/98 [..............................] - ETA: 3s - loss: 1.3189 - accuracy: 0.5358
 5/98 [>.............................] - ETA: 2s - loss: 1.3213 - accuracy: 0.5395
 7/98 [=>............................] - ETA: 2s - loss: 1.3272 - accuracy: 0.5396
 9/98 [=>............................] - ETA: 2s - loss: 1.3135 - accuracy: 0.5443
12/98 [==>...........................] - ETA: 2s - loss: 1.3090 - accuracy: 0.5452
14/98 [===>..........................] - ETA: 2s - loss: 1.3118 - accuracy: 0.5423
16/98 [===>..........................] - ETA: 2s - loss: 1.3068 - accuracy: 0.5436
19/98 [====>.........................] - ETA: 2s - loss: 1.3005 - accuracy: 0.5452
21/98 [=====>........................] - ETA: 2s - loss: 1.3045 - accuracy: 0.5434
23/98 [======>.......................] - ETA: 2s - loss: 1.3077 - accuracy: 0.5424
25/98 [======>.......................] - ETA: 2s - loss: 1.3098 - accuracy: 0.5398
28/98 [=======>......................] - ETA: 2s - loss: 1.3103 - accuracy: 0.5409
30/98 [========>.....................] - ETA: 1s - loss: 1.3082 - accuracy: 0.5408
32/98 [========>.....................] - ETA: 1s - loss: 1.3078 - accuracy: 0.5409
35/98 [=========>....................] - ETA: 1s - loss: 1.3156 - accuracy: 0.5388
37/98 [==========>...................] - ETA: 1s - loss: 1.3147 - accuracy: 0.5388
40/98 [===========>..................] - ETA: 1s - loss: 1.3134 - accuracy: 0.5383
43/98 [============>.................] - ETA: 1s - loss: 1.3122 - accuracy: 0.5381
47/98 [=============>................] - ETA: 1s - loss: 1.3109 - accuracy: 0.5381
50/98 [==============>...............] - ETA: 1s - loss: 1.3075 - accuracy: 0.5387
53/98 [===============>..............] - ETA: 1s - loss: 1.3067 - accuracy: 0.5391
57/98 [================>.............] - ETA: 1s - loss: 1.3072 - accuracy: 0.5390
61/98 [=================>............] - ETA: 0s - loss: 1.3078 - accuracy: 0.5393
65/98 [==================>...........] - ETA: 0s - loss: 1.3068 - accuracy: 0.5401
68/98 [===================>..........] - ETA: 0s - loss: 1.3072 - accuracy: 0.5405
71/98 [====================>.........] - ETA: 0s - loss: 1.3085 - accuracy: 0.5399
75/98 [=====================>........] - ETA: 0s - loss: 1.3062 - accuracy: 0.5397
78/98 [======================>.......] - ETA: 0s - loss: 1.3056 - accuracy: 0.5403
82/98 [========================>.....] - ETA: 0s - loss: 1.3042 - accuracy: 0.5405
85/98 [=========================>....] - ETA: 0s - loss: 1.3060 - accuracy: 0.5403
88/98 [=========================>....] - ETA: 0s - loss: 1.3057 - accuracy: 0.5409
92/98 [===========================>..] - ETA: 0s - loss: 1.3049 - accuracy: 0.5414
95/98 [============================>.] - ETA: 0s - loss: 1.3050 - accuracy: 0.5411
97/98 [============================>.] - ETA: 0s - loss: 1.3040 - accuracy: 0.5415
98/98 [==============================] - 3s 30ms/step - loss: 1.3044 - accuracy: 0.5414 - val_loss: 1.5692 - val_accuracy: 0.4844
Epoch 5/249

 1/98 [..............................] - ETA: 3s - loss: 1.2478 - accuracy: 0.5449
 3/98 [..............................] - ETA: 2s - loss: 1.2026 - accuracy: 0.5703
 6/98 [>.............................] - ETA: 2s - loss: 1.2238 - accuracy: 0.5638
 9/98 [=>............................] - ETA: 2s - loss: 1.2313 - accuracy: 0.5727
12/98 [==>...........................] - ETA: 2s - loss: 1.2325 - accuracy: 0.5721
16/98 [===>..........................] - ETA: 1s - loss: 1.2253 - accuracy: 0.5742
19/98 [====>.........................] - ETA: 1s - loss: 1.2271 - accuracy: 0.5703
23/98 [======>.......................] - ETA: 1s - loss: 1.2319 - accuracy: 0.5680
26/98 [======>.......................] - ETA: 1s - loss: 1.2293 - accuracy: 0.5705
29/98 [=======>......................] - ETA: 1s - loss: 1.2285 - accuracy: 0.5709
33/98 [=========>....................] - ETA: 1s - loss: 1.2277 - accuracy: 0.5708
36/98 [==========>...................] - ETA: 1s - loss: 1.2329 - accuracy: 0.5691
39/98 [==========>...................] - ETA: 1s - loss: 1.2367 - accuracy: 0.5682
43/98 [============>.................] - ETA: 1s - loss: 1.2399 - accuracy: 0.5669
46/98 [=============>................] - ETA: 1s - loss: 1.2392 - accuracy: 0.5678
50/98 [==============>...............] - ETA: 0s - loss: 1.2359 - accuracy: 0.5696
53/98 [===============>..............] - ETA: 0s - loss: 1.2358 - accuracy: 0.5704
57/98 [================>.............] - ETA: 0s - loss: 1.2365 - accuracy: 0.5694
60/98 [=================>............] - ETA: 0s - loss: 1.2388 - accuracy: 0.5684
63/98 [==================>...........] - ETA: 0s - loss: 1.2379 - accuracy: 0.5683
65/98 [==================>...........] - ETA: 0s - loss: 1.2379 - accuracy: 0.5679
68/98 [===================>..........] - ETA: 0s - loss: 1.2377 - accuracy: 0.5680
70/98 [====================>.........] - ETA: 0s - loss: 1.2373 - accuracy: 0.5673
73/98 [=====================>........] - ETA: 0s - loss: 1.2377 - accuracy: 0.5670
75/98 [=====================>........] - ETA: 0s - loss: 1.2374 - accuracy: 0.5671
78/98 [======================>.......] - ETA: 0s - loss: 1.2378 - accuracy: 0.5670
81/98 [=======================>......] - ETA: 0s - loss: 1.2345 - accuracy: 0.5683
83/98 [========================>.....] - ETA: 0s - loss: 1.2327 - accuracy: 0.5686
86/98 [=========================>....] - ETA: 0s - loss: 1.2322 - accuracy: 0.5686
88/98 [=========================>....] - ETA: 0s - loss: 1.2321 - accuracy: 0.5685
91/98 [==========================>...] - ETA: 0s - loss: 1.2322 - accuracy: 0.5685
94/98 [===========================>..] - ETA: 0s - loss: 1.2319 - accuracy: 0.5684
96/98 [============================>.] - ETA: 0s - loss: 1.2311 - accuracy: 0.5690
98/98 [==============================] - 3s 28ms/step - loss: 1.2323 - accuracy: 0.5685 - val_loss: 1.4012 - val_accuracy: 0.5270
Epoch 6/249

 1/98 [..............................] - ETA: 2s - loss: 1.1809 - accuracy: 0.5918
 4/98 [>.............................] - ETA: 1s - loss: 1.1652 - accuracy: 0.6001
 8/98 [=>............................] - ETA: 1s - loss: 1.1636 - accuracy: 0.5972
12/98 [==>...........................] - ETA: 1s - loss: 1.1670 - accuracy: 0.5952
14/98 [===>..........................] - ETA: 1s - loss: 1.1741 - accuracy: 0.5924
17/98 [====>.........................] - ETA: 1s - loss: 1.1767 - accuracy: 0.5919
19/98 [====>.........................] - ETA: 1s - loss: 1.1746 - accuracy: 0.5922
22/98 [=====>........................] - ETA: 1s - loss: 1.1753 - accuracy: 0.5914
24/98 [======>.......................] - ETA: 1s - loss: 1.1759 - accuracy: 0.5909
27/98 [=======>......................] - ETA: 1s - loss: 1.1795 - accuracy: 0.5887
30/98 [========>.....................] - ETA: 1s - loss: 1.1805 - accuracy: 0.5883
32/98 [========>.....................] - ETA: 1s - loss: 1.1793 - accuracy: 0.5886
34/98 [=========>....................] - ETA: 1s - loss: 1.1762 - accuracy: 0.5902
36/98 [==========>...................] - ETA: 1s - loss: 1.1757 - accuracy: 0.5901
38/98 [==========>...................] - ETA: 1s - loss: 1.1738 - accuracy: 0.5906
41/98 [===========>..................] - ETA: 1s - loss: 1.1727 - accuracy: 0.5922
43/98 [============>.................] - ETA: 1s - loss: 1.1722 - accuracy: 0.5925
46/98 [=============>................] - ETA: 1s - loss: 1.1735 - accuracy: 0.5924
49/98 [==============>...............] - ETA: 1s - loss: 1.1735 - accuracy: 0.5923
52/98 [==============>...............] - ETA: 1s - loss: 1.1729 - accuracy: 0.5922
54/98 [===============>..............] - ETA: 1s - loss: 1.1739 - accuracy: 0.5918
57/98 [================>.............] - ETA: 1s - loss: 1.1732 - accuracy: 0.5915
60/98 [=================>............] - ETA: 0s - loss: 1.1736 - accuracy: 0.5910
63/98 [==================>...........] - ETA: 0s - loss: 1.1743 - accuracy: 0.5907
67/98 [===================>..........] - ETA: 0s - loss: 1.1752 - accuracy: 0.5901
71/98 [====================>.........] - ETA: 0s - loss: 1.1753 - accuracy: 0.5900
74/98 [=====================>........] - ETA: 0s - loss: 1.1769 - accuracy: 0.5895
78/98 [======================>.......] - ETA: 0s - loss: 1.1760 - accuracy: 0.5899
82/98 [========================>.....] - ETA: 0s - loss: 1.1756 - accuracy: 0.5900
85/98 [=========================>....] - ETA: 0s - loss: 1.1758 - accuracy: 0.5903
89/98 [==========================>...] - ETA: 0s - loss: 1.1751 - accuracy: 0.5901
93/98 [===========================>..] - ETA: 0s - loss: 1.1739 - accuracy: 0.5905
96/98 [============================>.] - ETA: 0s - loss: 1.1739 - accuracy: 0.5912
98/98 [==============================] - 3s 29ms/step - loss: 1.1738 - accuracy: 0.5909 - val_loss: 1.2860 - val_accuracy: 0.5518
Epoch 7/249

 1/98 [..............................] - ETA: 4s - loss: 1.0650 - accuracy: 0.6328
 4/98 [>.............................] - ETA: 2s - loss: 1.1089 - accuracy: 0.6099
 6/98 [>.............................] - ETA: 2s - loss: 1.1053 - accuracy: 0.6081
 9/98 [=>............................] - ETA: 2s - loss: 1.1053 - accuracy: 0.6163
11/98 [==>...........................] - ETA: 2s - loss: 1.1116 - accuracy: 0.6101
14/98 [===>..........................] - ETA: 2s - loss: 1.1137 - accuracy: 0.6120
16/98 [===>..........................] - ETA: 2s - loss: 1.1055 - accuracy: 0.6151
19/98 [====>.........................] - ETA: 2s - loss: 1.1170 - accuracy: 0.6105
21/98 [=====>........................] - ETA: 2s - loss: 1.1189 - accuracy: 0.6091
24/98 [======>.......................] - ETA: 2s - loss: 1.1197 - accuracy: 0.6085
28/98 [=======>......................] - ETA: 1s - loss: 1.1219 - accuracy: 0.6075
31/98 [========>.....................] - ETA: 1s - loss: 1.1193 - accuracy: 0.6082
35/98 [=========>....................] - ETA: 1s - loss: 1.1182 - accuracy: 0.6092
38/98 [==========>...................] - ETA: 1s - loss: 1.1142 - accuracy: 0.6104
42/98 [===========>..................] - ETA: 1s - loss: 1.1108 - accuracy: 0.6120
46/98 [=============>................] - ETA: 1s - loss: 1.1148 - accuracy: 0.6094
49/98 [==============>...............] - ETA: 1s - loss: 1.1164 - accuracy: 0.6091
53/98 [===============>..............] - ETA: 1s - loss: 1.1191 - accuracy: 0.6082
57/98 [================>.............] - ETA: 0s - loss: 1.1164 - accuracy: 0.6094
60/98 [=================>............] - ETA: 0s - loss: 1.1151 - accuracy: 0.6105
63/98 [==================>...........] - ETA: 0s - loss: 1.1159 - accuracy: 0.6107
66/98 [===================>..........] - ETA: 0s - loss: 1.1169 - accuracy: 0.6101
70/98 [====================>.........] - ETA: 0s - loss: 1.1209 - accuracy: 0.6093
73/98 [=====================>........] - ETA: 0s - loss: 1.1224 - accuracy: 0.6093
77/98 [======================>.......] - ETA: 0s - loss: 1.1211 - accuracy: 0.6099
79/98 [=======================>......] - ETA: 0s - loss: 1.1208 - accuracy: 0.6101
82/98 [========================>.....] - ETA: 0s - loss: 1.1216 - accuracy: 0.6099
84/98 [========================>.....] - ETA: 0s - loss: 1.1212 - accuracy: 0.6100
87/98 [=========================>....] - ETA: 0s - loss: 1.1210 - accuracy: 0.6102
89/98 [==========================>...] - ETA: 0s - loss: 1.1217 - accuracy: 0.6098
91/98 [==========================>...] - ETA: 0s - loss: 1.1214 - accuracy: 0.6099
94/98 [===========================>..] - ETA: 0s - loss: 1.1240 - accuracy: 0.6086
97/98 [============================>.] - ETA: 0s - loss: 1.1242 - accuracy: 0.6083
98/98 [==============================] - 3s 29ms/step - loss: 1.1240 - accuracy: 0.6082 - val_loss: 1.2276 - val_accuracy: 0.5696
Epoch 8/249

 1/98 [..............................] - ETA: 3s - loss: 1.0620 - accuracy: 0.6406
 5/98 [>.............................] - ETA: 1s - loss: 1.0894 - accuracy: 0.6246
 8/98 [=>............................] - ETA: 1s - loss: 1.0891 - accuracy: 0.6230
12/98 [==>...........................] - ETA: 1s - loss: 1.0810 - accuracy: 0.6262
15/98 [===>..........................] - ETA: 1s - loss: 1.0859 - accuracy: 0.6221
19/98 [====>.........................] - ETA: 1s - loss: 1.0932 - accuracy: 0.6191
22/98 [=====>........................] - ETA: 1s - loss: 1.0926 - accuracy: 0.6204
26/98 [======>.......................] - ETA: 1s - loss: 1.0927 - accuracy: 0.6200
30/98 [========>.....................] - ETA: 1s - loss: 1.0879 - accuracy: 0.6214
33/98 [=========>....................] - ETA: 1s - loss: 1.0854 - accuracy: 0.6217
37/98 [==========>...................] - ETA: 1s - loss: 1.0817 - accuracy: 0.6225
39/98 [==========>...................] - ETA: 1s - loss: 1.0799 - accuracy: 0.6236
41/98 [===========>..................] - ETA: 1s - loss: 1.0799 - accuracy: 0.6238
43/98 [============>.................] - ETA: 1s - loss: 1.0795 - accuracy: 0.6238
46/98 [=============>................] - ETA: 1s - loss: 1.0771 - accuracy: 0.6252
48/98 [=============>................] - ETA: 1s - loss: 1.0762 - accuracy: 0.6248
51/98 [==============>...............] - ETA: 0s - loss: 1.0773 - accuracy: 0.6245
53/98 [===============>..............] - ETA: 0s - loss: 1.0774 - accuracy: 0.6247
55/98 [===============>..............] - ETA: 0s - loss: 1.0769 - accuracy: 0.6250
58/98 [================>.............] - ETA: 0s - loss: 1.0767 - accuracy: 0.6245
60/98 [=================>............] - ETA: 0s - loss: 1.0765 - accuracy: 0.6247
63/98 [==================>...........] - ETA: 0s - loss: 1.0809 - accuracy: 0.6231
65/98 [==================>...........] - ETA: 0s - loss: 1.0824 - accuracy: 0.6227
68/98 [===================>..........] - ETA: 0s - loss: 1.0815 - accuracy: 0.6227
70/98 [====================>.........] - ETA: 0s - loss: 1.0815 - accuracy: 0.6221
72/98 [=====================>........] - ETA: 0s - loss: 1.0803 - accuracy: 0.6228
74/98 [=====================>........] - ETA: 0s - loss: 1.0788 - accuracy: 0.6230
77/98 [======================>.......] - ETA: 0s - loss: 1.0800 - accuracy: 0.6235
79/98 [=======================>......] - ETA: 0s - loss: 1.0795 - accuracy: 0.6238
81/98 [=======================>......] - ETA: 0s - loss: 1.0792 - accuracy: 0.6238
83/98 [========================>.....] - ETA: 0s - loss: 1.0789 - accuracy: 0.6239
87/98 [=========================>....] - ETA: 0s - loss: 1.0779 - accuracy: 0.6245
90/98 [==========================>...] - ETA: 0s - loss: 1.0780 - accuracy: 0.6247
94/98 [===========================>..] - ETA: 0s - loss: 1.0785 - accuracy: 0.6245
98/98 [==============================] - ETA: 0s - loss: 1.0795 - accuracy: 0.6239
98/98 [==============================] - 3s 29ms/step - loss: 1.0795 - accuracy: 0.6239 - val_loss: 1.1890 - val_accuracy: 0.5788
Epoch 9/249

 1/98 [..............................] - ETA: 3s - loss: 1.0914 - accuracy: 0.5957
 3/98 [..............................] - ETA: 2s - loss: 1.0427 - accuracy: 0.6276
 5/98 [>.............................] - ETA: 2s - loss: 1.0542 - accuracy: 0.6281
 8/98 [=>............................] - ETA: 2s - loss: 1.0436 - accuracy: 0.6353
10/98 [==>...........................] - ETA: 2s - loss: 1.0483 - accuracy: 0.6322
13/98 [==>...........................] - ETA: 2s - loss: 1.0549 - accuracy: 0.6328
15/98 [===>..........................] - ETA: 2s - loss: 1.0504 - accuracy: 0.6355
18/98 [====>.........................] - ETA: 2s - loss: 1.0517 - accuracy: 0.6356
21/98 [=====>........................] - ETA: 2s - loss: 1.0472 - accuracy: 0.6376
23/98 [======>.......................] - ETA: 2s - loss: 1.0449 - accuracy: 0.6389
26/98 [======>.......................] - ETA: 2s - loss: 1.0496 - accuracy: 0.6360
28/98 [=======>......................] - ETA: 1s - loss: 1.0499 - accuracy: 0.6357
30/98 [========>.....................] - ETA: 1s - loss: 1.0485 - accuracy: 0.6365
33/98 [=========>....................] - ETA: 1s - loss: 1.0485 - accuracy: 0.6367
35/98 [=========>....................] - ETA: 1s - loss: 1.0435 - accuracy: 0.6383
38/98 [==========>...................] - ETA: 1s - loss: 1.0427 - accuracy: 0.6379
42/98 [===========>..................] - ETA: 1s - loss: 1.0468 - accuracy: 0.6364
46/98 [=============>................] - ETA: 1s - loss: 1.0472 - accuracy: 0.6360
49/98 [==============>...............] - ETA: 1s - loss: 1.0460 - accuracy: 0.6359
53/98 [===============>..............] - ETA: 1s - loss: 1.0449 - accuracy: 0.6363
57/98 [================>.............] - ETA: 1s - loss: 1.0442 - accuracy: 0.6367
60/98 [=================>............] - ETA: 0s - loss: 1.0412 - accuracy: 0.6371
64/98 [==================>...........] - ETA: 0s - loss: 1.0390 - accuracy: 0.6385
68/98 [===================>..........] - ETA: 0s - loss: 1.0400 - accuracy: 0.6385
71/98 [====================>.........] - ETA: 0s - loss: 1.0406 - accuracy: 0.6391
74/98 [=====================>........] - ETA: 0s - loss: 1.0417 - accuracy: 0.6383
78/98 [======================>.......] - ETA: 0s - loss: 1.0420 - accuracy: 0.6380
82/98 [========================>.....] - ETA: 0s - loss: 1.0426 - accuracy: 0.6380
86/98 [=========================>....] - ETA: 0s - loss: 1.0440 - accuracy: 0.6374
89/98 [==========================>...] - ETA: 0s - loss: 1.0435 - accuracy: 0.6374
91/98 [==========================>...] - ETA: 0s - loss: 1.0434 - accuracy: 0.6371
94/98 [===========================>..] - ETA: 0s - loss: 1.0453 - accuracy: 0.6365
97/98 [============================>.] - ETA: 0s - loss: 1.0442 - accuracy: 0.6369
98/98 [==============================] - 3s 31ms/step - loss: 1.0433 - accuracy: 0.6374 - val_loss: 1.1949 - val_accuracy: 0.5804
Epoch 10/249

 1/98 [..............................] - ETA: 3s - loss: 0.9746 - accuracy: 0.6641
 4/98 [>.............................] - ETA: 1s - loss: 1.0363 - accuracy: 0.6294
 8/98 [=>............................] - ETA: 1s - loss: 1.0163 - accuracy: 0.6416
11/98 [==>...........................] - ETA: 1s - loss: 1.0089 - accuracy: 0.6458
14/98 [===>..........................] - ETA: 1s - loss: 1.0037 - accuracy: 0.6470
18/98 [====>.........................] - ETA: 1s - loss: 1.0003 - accuracy: 0.6490
21/98 [=====>........................] - ETA: 1s - loss: 1.0012 - accuracy: 0.6483
25/98 [======>.......................] - ETA: 1s - loss: 0.9955 - accuracy: 0.6515
29/98 [=======>......................] - ETA: 1s - loss: 0.9986 - accuracy: 0.6522
33/98 [=========>....................] - ETA: 1s - loss: 0.9932 - accuracy: 0.6539
36/98 [==========>...................] - ETA: 1s - loss: 0.9937 - accuracy: 0.6546
39/98 [==========>...................] - ETA: 1s - loss: 0.9965 - accuracy: 0.6527
43/98 [============>.................] - ETA: 1s - loss: 0.9992 - accuracy: 0.6518
46/98 [=============>................] - ETA: 0s - loss: 0.9979 - accuracy: 0.6525
50/98 [==============>...............] - ETA: 0s - loss: 1.0005 - accuracy: 0.6512
53/98 [===============>..............] - ETA: 0s - loss: 0.9996 - accuracy: 0.6517
56/98 [================>.............] - ETA: 0s - loss: 1.0016 - accuracy: 0.6507
59/98 [=================>............] - ETA: 0s - loss: 1.0035 - accuracy: 0.6501
61/98 [=================>............] - ETA: 0s - loss: 1.0028 - accuracy: 0.6502
64/98 [==================>...........] - ETA: 0s - loss: 1.0044 - accuracy: 0.6499
67/98 [===================>..........] - ETA: 0s - loss: 1.0045 - accuracy: 0.6498
69/98 [====================>.........] - ETA: 0s - loss: 1.0054 - accuracy: 0.6492
71/98 [====================>.........] - ETA: 0s - loss: 1.0053 - accuracy: 0.6492
73/98 [=====================>........] - ETA: 0s - loss: 1.0063 - accuracy: 0.6487
76/98 [======================>.......] - ETA: 0s - loss: 1.0086 - accuracy: 0.6477
78/98 [======================>.......] - ETA: 0s - loss: 1.0085 - accuracy: 0.6478
80/98 [=======================>......] - ETA: 0s - loss: 1.0091 - accuracy: 0.6475
83/98 [========================>.....] - ETA: 0s - loss: 1.0093 - accuracy: 0.6476
85/98 [=========================>....] - ETA: 0s - loss: 1.0107 - accuracy: 0.6474
88/98 [=========================>....] - ETA: 0s - loss: 1.0105 - accuracy: 0.6478
90/98 [==========================>...] - ETA: 0s - loss: 1.0112 - accuracy: 0.6477
93/98 [===========================>..] - ETA: 0s - loss: 1.0125 - accuracy: 0.6470
95/98 [============================>.] - ETA: 0s - loss: 1.0137 - accuracy: 0.6467
97/98 [============================>.] - ETA: 0s - loss: 1.0140 - accuracy: 0.6467
98/98 [==============================] - 3s 28ms/step - loss: 1.0138 - accuracy: 0.6465 - val_loss: 1.1648 - val_accuracy: 0.5921
Epoch 11/249

 1/98 [..............................] - ETA: 3s - loss: 0.9046 - accuracy: 0.6816
 5/98 [>.............................] - ETA: 1s - loss: 0.9322 - accuracy: 0.6781
 8/98 [=>............................] - ETA: 1s - loss: 0.9299 - accuracy: 0.6821
11/98 [==>...........................] - ETA: 1s - loss: 0.9402 - accuracy: 0.6769
14/98 [===>..........................] - ETA: 1s - loss: 0.9411 - accuracy: 0.6768
17/98 [====>.........................] - ETA: 1s - loss: 0.9484 - accuracy: 0.6734
19/98 [====>.........................] - ETA: 1s - loss: 0.9478 - accuracy: 0.6735
21/98 [=====>........................] - ETA: 1s - loss: 0.9556 - accuracy: 0.6702
24/98 [======>.......................] - ETA: 1s - loss: 0.9546 - accuracy: 0.6697
27/98 [=======>......................] - ETA: 1s - loss: 0.9536 - accuracy: 0.6702
29/98 [=======>......................] - ETA: 1s - loss: 0.9572 - accuracy: 0.6704
32/98 [========>.....................] - ETA: 1s - loss: 0.9551 - accuracy: 0.6717
34/98 [=========>....................] - ETA: 1s - loss: 0.9542 - accuracy: 0.6725
37/98 [==========>...................] - ETA: 1s - loss: 0.9519 - accuracy: 0.6728
39/98 [==========>...................] - ETA: 1s - loss: 0.9506 - accuracy: 0.6728
41/98 [===========>..................] - ETA: 1s - loss: 0.9539 - accuracy: 0.6714
43/98 [============>.................] - ETA: 1s - loss: 0.9538 - accuracy: 0.6711
46/98 [=============>................] - ETA: 1s - loss: 0.9570 - accuracy: 0.6694
48/98 [=============>................] - ETA: 1s - loss: 0.9566 - accuracy: 0.6700
51/98 [==============>...............] - ETA: 1s - loss: 0.9586 - accuracy: 0.6687
53/98 [===============>..............] - ETA: 1s - loss: 0.9598 - accuracy: 0.6681
57/98 [================>.............] - ETA: 1s - loss: 0.9608 - accuracy: 0.6677
60/98 [=================>............] - ETA: 0s - loss: 0.9634 - accuracy: 0.6668
64/98 [==================>...........] - ETA: 0s - loss: 0.9659 - accuracy: 0.6661
67/98 [===================>..........] - ETA: 0s - loss: 0.9655 - accuracy: 0.6661
71/98 [====================>.........] - ETA: 0s - loss: 0.9679 - accuracy: 0.6656
75/98 [=====================>........] - ETA: 0s - loss: 0.9709 - accuracy: 0.6642
78/98 [======================>.......] - ETA: 0s - loss: 0.9705 - accuracy: 0.6642
82/98 [========================>.....] - ETA: 0s - loss: 0.9736 - accuracy: 0.6631
85/98 [=========================>....] - ETA: 0s - loss: 0.9767 - accuracy: 0.6624
89/98 [==========================>...] - ETA: 0s - loss: 0.9772 - accuracy: 0.6619
93/98 [===========================>..] - ETA: 0s - loss: 0.9770 - accuracy: 0.6619
96/98 [============================>.] - ETA: 0s - loss: 0.9759 - accuracy: 0.6627
98/98 [==============================] - 3s 29ms/step - loss: 0.9766 - accuracy: 0.6621 - val_loss: 1.1733 - val_accuracy: 0.5885
Epoch 12/249

 1/98 [..............................] - ETA: 3s - loss: 0.9902 - accuracy: 0.6230
 3/98 [..............................] - ETA: 2s - loss: 0.9978 - accuracy: 0.6348
 6/98 [>.............................] - ETA: 2s - loss: 0.9744 - accuracy: 0.6561
 8/98 [=>............................] - ETA: 2s - loss: 0.9672 - accuracy: 0.6556
10/98 [==>...........................] - ETA: 2s - loss: 0.9545 - accuracy: 0.6598
13/98 [==>...........................] - ETA: 2s - loss: 0.9519 - accuracy: 0.6656
16/98 [===>..........................] - ETA: 2s - loss: 0.9491 - accuracy: 0.6677
18/98 [====>.........................] - ETA: 2s - loss: 0.9510 - accuracy: 0.6689
21/98 [=====>........................] - ETA: 2s - loss: 0.9503 - accuracy: 0.6699
25/98 [======>.......................] - ETA: 1s - loss: 0.9528 - accuracy: 0.6696
29/98 [=======>......................] - ETA: 1s - loss: 0.9574 - accuracy: 0.6694
32/98 [========>.....................] - ETA: 1s - loss: 0.9561 - accuracy: 0.6696
36/98 [==========>...................] - ETA: 1s - loss: 0.9523 - accuracy: 0.6718
40/98 [===========>..................] - ETA: 1s - loss: 0.9518 - accuracy: 0.6722
43/98 [============>.................] - ETA: 1s - loss: 0.9544 - accuracy: 0.6715
47/98 [=============>................] - ETA: 1s - loss: 0.9515 - accuracy: 0.6715
51/98 [==============>...............] - ETA: 1s - loss: 0.9492 - accuracy: 0.6733
54/98 [===============>..............] - ETA: 0s - loss: 0.9491 - accuracy: 0.6729
58/98 [================>.............] - ETA: 0s - loss: 0.9486 - accuracy: 0.6735
61/98 [=================>............] - ETA: 0s - loss: 0.9512 - accuracy: 0.6723
64/98 [==================>...........] - ETA: 0s - loss: 0.9517 - accuracy: 0.6715
68/98 [===================>..........] - ETA: 0s - loss: 0.9520 - accuracy: 0.6712
71/98 [====================>.........] - ETA: 0s - loss: 0.9515 - accuracy: 0.6711
74/98 [=====================>........] - ETA: 0s - loss: 0.9519 - accuracy: 0.6705
77/98 [======================>.......] - ETA: 0s - loss: 0.9529 - accuracy: 0.6700
79/98 [=======================>......] - ETA: 0s - loss: 0.9533 - accuracy: 0.6697
82/98 [========================>.....] - ETA: 0s - loss: 0.9532 - accuracy: 0.6697
84/98 [========================>.....] - ETA: 0s - loss: 0.9532 - accuracy: 0.6696
86/98 [=========================>....] - ETA: 0s - loss: 0.9540 - accuracy: 0.6693
88/98 [=========================>....] - ETA: 0s - loss: 0.9541 - accuracy: 0.6692
90/98 [==========================>...] - ETA: 0s - loss: 0.9540 - accuracy: 0.6689
93/98 [===========================>..] - ETA: 0s - loss: 0.9533 - accuracy: 0.6695
96/98 [============================>.] - ETA: 0s - loss: 0.9541 - accuracy: 0.6688
98/98 [==============================] - ETA: 0s - loss: 0.9534 - accuracy: 0.6690
98/98 [==============================] - 3s 29ms/step - loss: 0.9534 - accuracy: 0.6690 - val_loss: 1.1731 - val_accuracy: 0.5895
Epoch 13/249

 1/98 [..............................] - ETA: 2s - loss: 0.9020 - accuracy: 0.7051
 4/98 [>.............................] - ETA: 1s - loss: 0.9187 - accuracy: 0.6851
 7/98 [=>............................] - ETA: 1s - loss: 0.9243 - accuracy: 0.6816
11/98 [==>...........................] - ETA: 1s - loss: 0.9195 - accuracy: 0.6811
14/98 [===>..........................] - ETA: 1s - loss: 0.9238 - accuracy: 0.6775
18/98 [====>.........................] - ETA: 1s - loss: 0.9171 - accuracy: 0.6817
22/98 [=====>........................] - ETA: 1s - loss: 0.9197 - accuracy: 0.6823
25/98 [======>.......................] - ETA: 1s - loss: 0.9154 - accuracy: 0.6834
29/98 [=======>......................] - ETA: 1s - loss: 0.9174 - accuracy: 0.6851
33/98 [=========>....................] - ETA: 1s - loss: 0.9119 - accuracy: 0.6868
35/98 [=========>....................] - ETA: 1s - loss: 0.9098 - accuracy: 0.6878
38/98 [==========>...................] - ETA: 1s - loss: 0.9107 - accuracy: 0.6876
40/98 [===========>..................] - ETA: 1s - loss: 0.9097 - accuracy: 0.6872
43/98 [============>.................] - ETA: 1s - loss: 0.9112 - accuracy: 0.6865
46/98 [=============>................] - ETA: 1s - loss: 0.9129 - accuracy: 0.6860
48/98 [=============>................] - ETA: 1s - loss: 0.9120 - accuracy: 0.6860
51/98 [==============>...............] - ETA: 1s - loss: 0.9154 - accuracy: 0.6850
54/98 [===============>..............] - ETA: 0s - loss: 0.9165 - accuracy: 0.6846
56/98 [================>.............] - ETA: 0s - loss: 0.9164 - accuracy: 0.6843
59/98 [=================>............] - ETA: 0s - loss: 0.9181 - accuracy: 0.6839
61/98 [=================>............] - ETA: 0s - loss: 0.9171 - accuracy: 0.6844
64/98 [==================>...........] - ETA: 0s - loss: 0.9202 - accuracy: 0.6827
67/98 [===================>..........] - ETA: 0s - loss: 0.9196 - accuracy: 0.6823
69/98 [====================>.........] - ETA: 0s - loss: 0.9206 - accuracy: 0.6822
71/98 [====================>.........] - ETA: 0s - loss: 0.9216 - accuracy: 0.6814
74/98 [=====================>........] - ETA: 0s - loss: 0.9237 - accuracy: 0.6805
