2024-06-26 14:55:54.030212: I tensorflow/core/platform/cpu_feature_guard.cc:193] This TensorFlow binary is optimized with oneAPI Deep Neural Network Library (oneDNN) to use the following CPU instructions in performance-critical operations:  AVX AVX2
To enable them in other operations, rebuild TensorFlow with the appropriate compiler flags.
2024-06-26 14:55:54.674735: I tensorflow/core/common_runtime/gpu/gpu_device.cc:1616] Created device /job:localhost/replica:0/task:0/device:GPU:0 with 6656 MB memory:  -> device: 0, name: NVIDIA GeForce RTX 4060 Ti, pci bus id: 0000:01:00.0, compute capability: 8.9
1 Physical GPUs, 1 Logical GPUs
Model: "sequential"
_________________________________________________________________
 Layer (type)                Output Shape              Param #   
=================================================================
 conv2d (Conv2D)             (None, 32, 32, 32)        896       
                                                                 
 batch_normalization (BatchN  (None, 32, 32, 32)       128       
 ormalization)                                                   
                                                                 
 dropout (Dropout)           (None, 32, 32, 32)        0         
                                                                 
 flatten (Flatten)           (None, 32768)             0         
                                                                 
 dense (Dense)               (None, 10)                327690    
                                                                 
=================================================================
Total params: 328,714
Trainable params: 328,650
Non-trainable params: 64
_________________________________________________________________
Taxa de aprendizado:  0.0001 Num de épocas:  249 Tamanho do lote:  512 Dropout:  0.249
Epoch 1/249
2024-06-26 14:55:56.181806: I tensorflow/stream_executor/cuda/cuda_dnn.cc:384] Loaded cuDNN version 8100
2024-06-26 14:55:57.308497: W tensorflow/stream_executor/gpu/redzone_allocator.cc:314] INTERNAL: ptxas exited with non-zero error code -1, output: 
Relying on driver to perform ptx compilation. 
Modify $PATH to customize ptxas location.
This message will be only logged once.
2024-06-26 14:55:58.412089: I tensorflow/stream_executor/cuda/cuda_blas.cc:1614] TensorFloat-32 will be used for the matrix multiplication. This will only be logged once.

 1/98 [..............................] - ETA: 5:56 - loss: 2.8023 - accuracy: 0.1074
 3/98 [..............................] - ETA: 2s - loss: 2.5907 - accuracy: 0.1393  
 6/98 [>.............................] - ETA: 2s - loss: 2.4382 - accuracy: 0.1787
 9/98 [=>............................] - ETA: 2s - loss: 2.3397 - accuracy: 0.2003
12/98 [==>...........................] - ETA: 2s - loss: 2.2690 - accuracy: 0.2168
14/98 [===>..........................] - ETA: 2s - loss: 2.2378 - accuracy: 0.2263
17/98 [====>.........................] - ETA: 2s - loss: 2.2041 - accuracy: 0.2359
20/98 [=====>........................] - ETA: 2s - loss: 2.1660 - accuracy: 0.2482
23/98 [======>.......................] - ETA: 2s - loss: 2.1393 - accuracy: 0.2582
26/98 [======>.......................] - ETA: 1s - loss: 2.1171 - accuracy: 0.2674
28/98 [=======>......................] - ETA: 1s - loss: 2.1046 - accuracy: 0.2723
31/98 [========>.....................] - ETA: 1s - loss: 2.0858 - accuracy: 0.2796
34/98 [=========>....................] - ETA: 1s - loss: 2.0643 - accuracy: 0.2867
37/98 [==========>...................] - ETA: 1s - loss: 2.0474 - accuracy: 0.2927
40/98 [===========>..................] - ETA: 1s - loss: 2.0352 - accuracy: 0.2966
42/98 [===========>..................] - ETA: 1s - loss: 2.0265 - accuracy: 0.3009
45/98 [============>.................] - ETA: 1s - loss: 2.0118 - accuracy: 0.3053
47/98 [=============>................] - ETA: 1s - loss: 2.0056 - accuracy: 0.3074
50/98 [==============>...............] - ETA: 1s - loss: 1.9922 - accuracy: 0.3116
53/98 [===============>..............] - ETA: 1s - loss: 1.9798 - accuracy: 0.3149
55/98 [===============>..............] - ETA: 1s - loss: 1.9723 - accuracy: 0.3167
58/98 [================>.............] - ETA: 1s - loss: 1.9623 - accuracy: 0.3203
61/98 [=================>............] - ETA: 1s - loss: 1.9524 - accuracy: 0.3239
63/98 [==================>...........] - ETA: 0s - loss: 1.9469 - accuracy: 0.3258
65/98 [==================>...........] - ETA: 0s - loss: 1.9409 - accuracy: 0.3282
68/98 [===================>..........] - ETA: 0s - loss: 1.9331 - accuracy: 0.3314
71/98 [====================>.........] - ETA: 0s - loss: 1.9269 - accuracy: 0.3333
74/98 [=====================>........] - ETA: 0s - loss: 1.9182 - accuracy: 0.3360
77/98 [======================>.......] - ETA: 0s - loss: 1.9119 - accuracy: 0.3373
79/98 [=======================>......] - ETA: 0s - loss: 1.9063 - accuracy: 0.3390
82/98 [========================>.....] - ETA: 0s - loss: 1.8981 - accuracy: 0.3416
85/98 [=========================>....] - ETA: 0s - loss: 1.8913 - accuracy: 0.3437
88/98 [=========================>....] - ETA: 0s - loss: 1.8840 - accuracy: 0.3464
91/98 [==========================>...] - ETA: 0s - loss: 1.8793 - accuracy: 0.3479
94/98 [===========================>..] - ETA: 0s - loss: 1.8720 - accuracy: 0.3501
96/98 [============================>.] - ETA: 0s - loss: 1.8663 - accuracy: 0.3515
98/98 [==============================] - 7s 36ms/step - loss: 1.8610 - accuracy: 0.3535 - val_loss: 2.1030 - val_accuracy: 0.3107
Epoch 2/249

 1/98 [..............................] - ETA: 1s - loss: 1.5097 - accuracy: 0.4688
 4/98 [>.............................] - ETA: 2s - loss: 1.5334 - accuracy: 0.4590
 6/98 [>.............................] - ETA: 2s - loss: 1.5586 - accuracy: 0.4557
 9/98 [=>............................] - ETA: 2s - loss: 1.5706 - accuracy: 0.4544
12/98 [==>...........................] - ETA: 2s - loss: 1.5773 - accuracy: 0.4563
14/98 [===>..........................] - ETA: 2s - loss: 1.5661 - accuracy: 0.4588
17/98 [====>.........................] - ETA: 2s - loss: 1.5703 - accuracy: 0.4556
20/98 [=====>........................] - ETA: 2s - loss: 1.5615 - accuracy: 0.4556
23/98 [======>.......................] - ETA: 1s - loss: 1.5632 - accuracy: 0.4547
26/98 [======>.......................] - ETA: 1s - loss: 1.5647 - accuracy: 0.4530
28/98 [=======>......................] - ETA: 1s - loss: 1.5566 - accuracy: 0.4547
31/98 [========>.....................] - ETA: 1s - loss: 1.5598 - accuracy: 0.4531
34/98 [=========>....................] - ETA: 1s - loss: 1.5564 - accuracy: 0.4554
37/98 [==========>...................] - ETA: 1s - loss: 1.5554 - accuracy: 0.4548
40/98 [===========>..................] - ETA: 1s - loss: 1.5534 - accuracy: 0.4548
43/98 [============>.................] - ETA: 1s - loss: 1.5503 - accuracy: 0.4557
46/98 [=============>................] - ETA: 1s - loss: 1.5479 - accuracy: 0.4558
48/98 [=============>................] - ETA: 1s - loss: 1.5480 - accuracy: 0.4559
51/98 [==============>...............] - ETA: 1s - loss: 1.5482 - accuracy: 0.4555
54/98 [===============>..............] - ETA: 1s - loss: 1.5458 - accuracy: 0.4560
57/98 [================>.............] - ETA: 1s - loss: 1.5421 - accuracy: 0.4569
59/98 [=================>............] - ETA: 1s - loss: 1.5415 - accuracy: 0.4566
62/98 [=================>............] - ETA: 0s - loss: 1.5400 - accuracy: 0.4564
65/98 [==================>...........] - ETA: 0s - loss: 1.5361 - accuracy: 0.4582
68/98 [===================>..........] - ETA: 0s - loss: 1.5340 - accuracy: 0.4594
70/98 [====================>.........] - ETA: 0s - loss: 1.5322 - accuracy: 0.4605
73/98 [=====================>........] - ETA: 0s - loss: 1.5322 - accuracy: 0.4606
76/98 [======================>.......] - ETA: 0s - loss: 1.5313 - accuracy: 0.4611
79/98 [=======================>......] - ETA: 0s - loss: 1.5287 - accuracy: 0.4613
82/98 [========================>.....] - ETA: 0s - loss: 1.5273 - accuracy: 0.4609
84/98 [========================>.....] - ETA: 0s - loss: 1.5249 - accuracy: 0.4615
87/98 [=========================>....] - ETA: 0s - loss: 1.5235 - accuracy: 0.4624
90/98 [==========================>...] - ETA: 0s - loss: 1.5204 - accuracy: 0.4631
93/98 [===========================>..] - ETA: 0s - loss: 1.5190 - accuracy: 0.4635
96/98 [============================>.] - ETA: 0s - loss: 1.5161 - accuracy: 0.4653
98/98 [==============================] - ETA: 0s - loss: 1.5156 - accuracy: 0.4656
98/98 [==============================] - 3s 34ms/step - loss: 1.5156 - accuracy: 0.4656 - val_loss: 1.9536 - val_accuracy: 0.3798
Epoch 3/249

 1/98 [..............................] - ETA: 3s - loss: 1.4399 - accuracy: 0.4980
 3/98 [..............................] - ETA: 2s - loss: 1.3666 - accuracy: 0.5137
 6/98 [>.............................] - ETA: 2s - loss: 1.3746 - accuracy: 0.5130
 9/98 [=>............................] - ETA: 2s - loss: 1.3807 - accuracy: 0.5137
11/98 [==>...........................] - ETA: 2s - loss: 1.3819 - accuracy: 0.5140
14/98 [===>..........................] - ETA: 2s - loss: 1.3922 - accuracy: 0.5114
17/98 [====>.........................] - ETA: 2s - loss: 1.3969 - accuracy: 0.5109
20/98 [=====>........................] - ETA: 2s - loss: 1.3973 - accuracy: 0.5098
23/98 [======>.......................] - ETA: 2s - loss: 1.3970 - accuracy: 0.5076
25/98 [======>.......................] - ETA: 2s - loss: 1.3954 - accuracy: 0.5074
28/98 [=======>......................] - ETA: 1s - loss: 1.3903 - accuracy: 0.5101
31/98 [========>.....................] - ETA: 1s - loss: 1.3869 - accuracy: 0.5112
34/98 [=========>....................] - ETA: 1s - loss: 1.3822 - accuracy: 0.5128
37/98 [==========>...................] - ETA: 1s - loss: 1.3857 - accuracy: 0.5124
39/98 [==========>...................] - ETA: 1s - loss: 1.3831 - accuracy: 0.5139
41/98 [===========>..................] - ETA: 1s - loss: 1.3833 - accuracy: 0.5139
44/98 [============>.................] - ETA: 1s - loss: 1.3777 - accuracy: 0.5165
46/98 [=============>................] - ETA: 1s - loss: 1.3768 - accuracy: 0.5167
48/98 [=============>................] - ETA: 1s - loss: 1.3768 - accuracy: 0.5164
51/98 [==============>...............] - ETA: 1s - loss: 1.3768 - accuracy: 0.5167
53/98 [===============>..............] - ETA: 1s - loss: 1.3779 - accuracy: 0.5161
56/98 [================>.............] - ETA: 1s - loss: 1.3760 - accuracy: 0.5181
59/98 [=================>............] - ETA: 1s - loss: 1.3756 - accuracy: 0.5183
62/98 [=================>............] - ETA: 0s - loss: 1.3736 - accuracy: 0.5179
65/98 [==================>...........] - ETA: 0s - loss: 1.3733 - accuracy: 0.5176
67/98 [===================>..........] - ETA: 0s - loss: 1.3723 - accuracy: 0.5182
70/98 [====================>.........] - ETA: 0s - loss: 1.3727 - accuracy: 0.5180
73/98 [=====================>........] - ETA: 0s - loss: 1.3709 - accuracy: 0.5197
76/98 [======================>.......] - ETA: 0s - loss: 1.3697 - accuracy: 0.5206
79/98 [=======================>......] - ETA: 0s - loss: 1.3691 - accuracy: 0.5207
82/98 [========================>.....] - ETA: 0s - loss: 1.3676 - accuracy: 0.5215
84/98 [========================>.....] - ETA: 0s - loss: 1.3676 - accuracy: 0.5213
87/98 [=========================>....] - ETA: 0s - loss: 1.3689 - accuracy: 0.5209
90/98 [==========================>...] - ETA: 0s - loss: 1.3700 - accuracy: 0.5204
93/98 [===========================>..] - ETA: 0s - loss: 1.3687 - accuracy: 0.5208
96/98 [============================>.] - ETA: 0s - loss: 1.3681 - accuracy: 0.5208
98/98 [==============================] - ETA: 0s - loss: 1.3669 - accuracy: 0.5210
98/98 [==============================] - 3s 34ms/step - loss: 1.3669 - accuracy: 0.5210 - val_loss: 1.7836 - val_accuracy: 0.4417
Epoch 4/249

 1/98 [..............................] - ETA: 4s - loss: 1.2753 - accuracy: 0.5605
 3/98 [..............................] - ETA: 2s - loss: 1.2758 - accuracy: 0.5605
 6/98 [>.............................] - ETA: 2s - loss: 1.2714 - accuracy: 0.5544
 9/98 [=>............................] - ETA: 2s - loss: 1.2858 - accuracy: 0.5543
12/98 [==>...........................] - ETA: 2s - loss: 1.2891 - accuracy: 0.5519
15/98 [===>..........................] - ETA: 2s - loss: 1.2785 - accuracy: 0.5562
17/98 [====>.........................] - ETA: 2s - loss: 1.2770 - accuracy: 0.5560
20/98 [=====>........................] - ETA: 2s - loss: 1.2744 - accuracy: 0.5555
23/98 [======>.......................] - ETA: 2s - loss: 1.2761 - accuracy: 0.5542
26/98 [======>.......................] - ETA: 1s - loss: 1.2814 - accuracy: 0.5539
28/98 [=======>......................] - ETA: 1s - loss: 1.2834 - accuracy: 0.5527
31/98 [========>.....................] - ETA: 1s - loss: 1.2830 - accuracy: 0.5537
34/98 [=========>....................] - ETA: 1s - loss: 1.2781 - accuracy: 0.5543
36/98 [==========>...................] - ETA: 1s - loss: 1.2804 - accuracy: 0.5519
39/98 [==========>...................] - ETA: 1s - loss: 1.2823 - accuracy: 0.5517
41/98 [===========>..................] - ETA: 1s - loss: 1.2815 - accuracy: 0.5518
44/98 [============>.................] - ETA: 1s - loss: 1.2786 - accuracy: 0.5526
46/98 [=============>................] - ETA: 1s - loss: 1.2774 - accuracy: 0.5532
49/98 [==============>...............] - ETA: 1s - loss: 1.2727 - accuracy: 0.5552
52/98 [==============>...............] - ETA: 1s - loss: 1.2715 - accuracy: 0.5553
55/98 [===============>..............] - ETA: 1s - loss: 1.2714 - accuracy: 0.5545
58/98 [================>.............] - ETA: 1s - loss: 1.2715 - accuracy: 0.5537
61/98 [=================>............] - ETA: 0s - loss: 1.2695 - accuracy: 0.5548
64/98 [==================>...........] - ETA: 0s - loss: 1.2696 - accuracy: 0.5545
67/98 [===================>..........] - ETA: 0s - loss: 1.2701 - accuracy: 0.5540
71/98 [====================>.........] - ETA: 0s - loss: 1.2709 - accuracy: 0.5544
74/98 [=====================>........] - ETA: 0s - loss: 1.2724 - accuracy: 0.5538
77/98 [======================>.......] - ETA: 0s - loss: 1.2734 - accuracy: 0.5537
81/98 [=======================>......] - ETA: 0s - loss: 1.2737 - accuracy: 0.5538
84/98 [========================>.....] - ETA: 0s - loss: 1.2742 - accuracy: 0.5532
87/98 [=========================>....] - ETA: 0s - loss: 1.2753 - accuracy: 0.5528
91/98 [==========================>...] - ETA: 0s - loss: 1.2736 - accuracy: 0.5534
94/98 [===========================>..] - ETA: 0s - loss: 1.2733 - accuracy: 0.5535
98/98 [==============================] - ETA: 0s - loss: 1.2730 - accuracy: 0.5536
98/98 [==============================] - 3s 31ms/step - loss: 1.2730 - accuracy: 0.5536 - val_loss: 1.5884 - val_accuracy: 0.4842
Epoch 5/249

 1/98 [..............................] - ETA: 4s - loss: 1.3075 - accuracy: 0.5449
 4/98 [>.............................] - ETA: 1s - loss: 1.2817 - accuracy: 0.5641
 6/98 [>.............................] - ETA: 2s - loss: 1.2563 - accuracy: 0.5729
 9/98 [=>............................] - ETA: 2s - loss: 1.2371 - accuracy: 0.5751
12/98 [==>...........................] - ETA: 2s - loss: 1.2232 - accuracy: 0.5806
14/98 [===>..........................] - ETA: 2s - loss: 1.2111 - accuracy: 0.5820
17/98 [====>.........................] - ETA: 2s - loss: 1.2056 - accuracy: 0.5834
20/98 [=====>........................] - ETA: 2s - loss: 1.2020 - accuracy: 0.5846
23/98 [======>.......................] - ETA: 1s - loss: 1.1993 - accuracy: 0.5852
25/98 [======>.......................] - ETA: 1s - loss: 1.2020 - accuracy: 0.5848
28/98 [=======>......................] - ETA: 1s - loss: 1.2031 - accuracy: 0.5840
31/98 [========>.....................] - ETA: 1s - loss: 1.2024 - accuracy: 0.5833
34/98 [=========>....................] - ETA: 1s - loss: 1.2066 - accuracy: 0.5811
37/98 [==========>...................] - ETA: 1s - loss: 1.2064 - accuracy: 0.5796
39/98 [==========>...................] - ETA: 1s - loss: 1.2046 - accuracy: 0.5805
41/98 [===========>..................] - ETA: 1s - loss: 1.2064 - accuracy: 0.5798
44/98 [============>.................] - ETA: 1s - loss: 1.2058 - accuracy: 0.5791
47/98 [=============>................] - ETA: 1s - loss: 1.2053 - accuracy: 0.5788
50/98 [==============>...............] - ETA: 1s - loss: 1.2058 - accuracy: 0.5791
53/98 [===============>..............] - ETA: 1s - loss: 1.2054 - accuracy: 0.5793
56/98 [================>.............] - ETA: 1s - loss: 1.2046 - accuracy: 0.5786
58/98 [================>.............] - ETA: 1s - loss: 1.2046 - accuracy: 0.5784
61/98 [=================>............] - ETA: 0s - loss: 1.2041 - accuracy: 0.5786
64/98 [==================>...........] - ETA: 0s - loss: 1.2043 - accuracy: 0.5777
67/98 [===================>..........] - ETA: 0s - loss: 1.2036 - accuracy: 0.5778
69/98 [====================>.........] - ETA: 0s - loss: 1.2054 - accuracy: 0.5772
72/98 [=====================>........] - ETA: 0s - loss: 1.2038 - accuracy: 0.5780
75/98 [=====================>........] - ETA: 0s - loss: 1.2056 - accuracy: 0.5778
78/98 [======================>.......] - ETA: 0s - loss: 1.2059 - accuracy: 0.5772
81/98 [=======================>......] - ETA: 0s - loss: 1.2069 - accuracy: 0.5769
84/98 [========================>.....] - ETA: 0s - loss: 1.2065 - accuracy: 0.5770
86/98 [=========================>....] - ETA: 0s - loss: 1.2064 - accuracy: 0.5768
89/98 [==========================>...] - ETA: 0s - loss: 1.2056 - accuracy: 0.5771
92/98 [===========================>..] - ETA: 0s - loss: 1.2041 - accuracy: 0.5776
95/98 [============================>.] - ETA: 0s - loss: 1.2053 - accuracy: 0.5772
98/98 [==============================] - ETA: 0s - loss: 1.2042 - accuracy: 0.5776
98/98 [==============================] - 3s 34ms/step - loss: 1.2042 - accuracy: 0.5776 - val_loss: 1.4211 - val_accuracy: 0.5245
Epoch 6/249

 1/98 [..............................] - ETA: 4s - loss: 1.1636 - accuracy: 0.5938
 4/98 [>.............................] - ETA: 1s - loss: 1.1368 - accuracy: 0.6064
 6/98 [>.............................] - ETA: 2s - loss: 1.1449 - accuracy: 0.6019
 9/98 [=>............................] - ETA: 2s - loss: 1.1365 - accuracy: 0.6070
11/98 [==>...........................] - ETA: 2s - loss: 1.1319 - accuracy: 0.6083
14/98 [===>..........................] - ETA: 2s - loss: 1.1355 - accuracy: 0.6069
17/98 [====>.........................] - ETA: 2s - loss: 1.1367 - accuracy: 0.6055
20/98 [=====>........................] - ETA: 2s - loss: 1.1477 - accuracy: 0.6036
23/98 [======>.......................] - ETA: 1s - loss: 1.1525 - accuracy: 0.5993
26/98 [======>.......................] - ETA: 1s - loss: 1.1571 - accuracy: 0.5968
28/98 [=======>......................] - ETA: 1s - loss: 1.1552 - accuracy: 0.5967
31/98 [========>.....................] - ETA: 1s - loss: 1.1562 - accuracy: 0.5963
34/98 [=========>....................] - ETA: 1s - loss: 1.1578 - accuracy: 0.5958
37/98 [==========>...................] - ETA: 1s - loss: 1.1555 - accuracy: 0.5975
40/98 [===========>..................] - ETA: 1s - loss: 1.1569 - accuracy: 0.5967
43/98 [============>.................] - ETA: 1s - loss: 1.1581 - accuracy: 0.5959
46/98 [=============>................] - ETA: 1s - loss: 1.1567 - accuracy: 0.5960
48/98 [=============>................] - ETA: 1s - loss: 1.1560 - accuracy: 0.5963
51/98 [==============>...............] - ETA: 1s - loss: 1.1543 - accuracy: 0.5974
54/98 [===============>..............] - ETA: 1s - loss: 1.1555 - accuracy: 0.5970
56/98 [================>.............] - ETA: 1s - loss: 1.1563 - accuracy: 0.5962
58/98 [================>.............] - ETA: 1s - loss: 1.1560 - accuracy: 0.5958
61/98 [=================>............] - ETA: 0s - loss: 1.1555 - accuracy: 0.5960
64/98 [==================>...........] - ETA: 0s - loss: 1.1533 - accuracy: 0.5967
67/98 [===================>..........] - ETA: 0s - loss: 1.1552 - accuracy: 0.5961
69/98 [====================>.........] - ETA: 0s - loss: 1.1556 - accuracy: 0.5959
72/98 [=====================>........] - ETA: 0s - loss: 1.1534 - accuracy: 0.5962
75/98 [=====================>........] - ETA: 0s - loss: 1.1539 - accuracy: 0.5957
78/98 [======================>.......] - ETA: 0s - loss: 1.1532 - accuracy: 0.5960
80/98 [=======================>......] - ETA: 0s - loss: 1.1544 - accuracy: 0.5951
83/98 [========================>.....] - ETA: 0s - loss: 1.1546 - accuracy: 0.5947
86/98 [=========================>....] - ETA: 0s - loss: 1.1555 - accuracy: 0.5939
89/98 [==========================>...] - ETA: 0s - loss: 1.1558 - accuracy: 0.5935
92/98 [===========================>..] - ETA: 0s - loss: 1.1572 - accuracy: 0.5928
94/98 [===========================>..] - ETA: 0s - loss: 1.1570 - accuracy: 0.5931
97/98 [============================>.] - ETA: 0s - loss: 1.1568 - accuracy: 0.5932
98/98 [==============================] - 3s 34ms/step - loss: 1.1563 - accuracy: 0.5934 - val_loss: 1.3219 - val_accuracy: 0.5327
Epoch 7/249

 1/98 [..............................] - ETA: 3s - loss: 1.0409 - accuracy: 0.6465
 3/98 [..............................] - ETA: 2s - loss: 1.0959 - accuracy: 0.6165
 6/98 [>.............................] - ETA: 2s - loss: 1.0916 - accuracy: 0.6126
 9/98 [=>............................] - ETA: 2s - loss: 1.0909 - accuracy: 0.6170
12/98 [==>...........................] - ETA: 2s - loss: 1.0974 - accuracy: 0.6136
14/98 [===>..........................] - ETA: 2s - loss: 1.1012 - accuracy: 0.6119
17/98 [====>.........................] - ETA: 2s - loss: 1.1037 - accuracy: 0.6108
20/98 [=====>........................] - ETA: 2s - loss: 1.1051 - accuracy: 0.6095
23/98 [======>.......................] - ETA: 2s - loss: 1.1039 - accuracy: 0.6101
26/98 [======>.......................] - ETA: 1s - loss: 1.1068 - accuracy: 0.6098
29/98 [=======>......................] - ETA: 1s - loss: 1.1040 - accuracy: 0.6115
31/98 [========>.....................] - ETA: 1s - loss: 1.1025 - accuracy: 0.6121
34/98 [=========>....................] - ETA: 1s - loss: 1.1052 - accuracy: 0.6115
37/98 [==========>...................] - ETA: 1s - loss: 1.1053 - accuracy: 0.6125
40/98 [===========>..................] - ETA: 1s - loss: 1.1042 - accuracy: 0.6135
43/98 [============>.................] - ETA: 1s - loss: 1.1040 - accuracy: 0.6136
46/98 [=============>................] - ETA: 1s - loss: 1.1053 - accuracy: 0.6141
49/98 [==============>...............] - ETA: 1s - loss: 1.1038 - accuracy: 0.6140
52/98 [==============>...............] - ETA: 1s - loss: 1.1058 - accuracy: 0.6134
56/98 [================>.............] - ETA: 1s - loss: 1.1056 - accuracy: 0.6138
59/98 [=================>............] - ETA: 0s - loss: 1.1051 - accuracy: 0.6135
62/98 [=================>............] - ETA: 0s - loss: 1.1079 - accuracy: 0.6123
65/98 [==================>...........] - ETA: 0s - loss: 1.1060 - accuracy: 0.6122
69/98 [====================>.........] - ETA: 0s - loss: 1.1052 - accuracy: 0.6119
72/98 [=====================>........] - ETA: 0s - loss: 1.1068 - accuracy: 0.6115
75/98 [=====================>........] - ETA: 0s - loss: 1.1072 - accuracy: 0.6111
78/98 [======================>.......] - ETA: 0s - loss: 1.1081 - accuracy: 0.6110
81/98 [=======================>......] - ETA: 0s - loss: 1.1099 - accuracy: 0.6102
83/98 [========================>.....] - ETA: 0s - loss: 1.1091 - accuracy: 0.6103
86/98 [=========================>....] - ETA: 0s - loss: 1.1088 - accuracy: 0.6105
89/98 [==========================>...] - ETA: 0s - loss: 1.1084 - accuracy: 0.6102
92/98 [===========================>..] - ETA: 0s - loss: 1.1084 - accuracy: 0.6102
94/98 [===========================>..] - ETA: 0s - loss: 1.1081 - accuracy: 0.6106
97/98 [============================>.] - ETA: 0s - loss: 1.1084 - accuracy: 0.6106
98/98 [==============================] - 3s 31ms/step - loss: 1.1081 - accuracy: 0.6105 - val_loss: 1.2351 - val_accuracy: 0.5664
Epoch 8/249

 1/98 [..............................] - ETA: 4s - loss: 1.1214 - accuracy: 0.6133
 3/98 [..............................] - ETA: 2s - loss: 1.0733 - accuracy: 0.6289
 6/98 [>.............................] - ETA: 2s - loss: 1.0590 - accuracy: 0.6315
 9/98 [=>............................] - ETA: 2s - loss: 1.0536 - accuracy: 0.6348
12/98 [==>...........................] - ETA: 2s - loss: 1.0637 - accuracy: 0.6312
15/98 [===>..........................] - ETA: 2s - loss: 1.0542 - accuracy: 0.6355
17/98 [====>.........................] - ETA: 2s - loss: 1.0510 - accuracy: 0.6366
20/98 [=====>........................] - ETA: 2s - loss: 1.0461 - accuracy: 0.6388
23/98 [======>.......................] - ETA: 2s - loss: 1.0479 - accuracy: 0.6369
26/98 [======>.......................] - ETA: 1s - loss: 1.0464 - accuracy: 0.6361
28/98 [=======>......................] - ETA: 1s - loss: 1.0494 - accuracy: 0.6346
31/98 [========>.....................] - ETA: 1s - loss: 1.0507 - accuracy: 0.6346
34/98 [=========>....................] - ETA: 1s - loss: 1.0539 - accuracy: 0.6324
37/98 [==========>...................] - ETA: 1s - loss: 1.0541 - accuracy: 0.6320
39/98 [==========>...................] - ETA: 1s - loss: 1.0555 - accuracy: 0.6316
42/98 [===========>..................] - ETA: 1s - loss: 1.0592 - accuracy: 0.6303
45/98 [============>.................] - ETA: 1s - loss: 1.0603 - accuracy: 0.6301
48/98 [=============>................] - ETA: 1s - loss: 1.0624 - accuracy: 0.6287
51/98 [==============>...............] - ETA: 1s - loss: 1.0612 - accuracy: 0.6291
54/98 [===============>..............] - ETA: 1s - loss: 1.0594 - accuracy: 0.6290
56/98 [================>.............] - ETA: 1s - loss: 1.0586 - accuracy: 0.6289
59/98 [=================>............] - ETA: 1s - loss: 1.0604 - accuracy: 0.6287
61/98 [=================>............] - ETA: 0s - loss: 1.0623 - accuracy: 0.6283
64/98 [==================>...........] - ETA: 0s - loss: 1.0632 - accuracy: 0.6281
67/98 [===================>..........] - ETA: 0s - loss: 1.0647 - accuracy: 0.6278
69/98 [====================>.........] - ETA: 0s - loss: 1.0665 - accuracy: 0.6274
72/98 [=====================>........] - ETA: 0s - loss: 1.0663 - accuracy: 0.6272
75/98 [=====================>........] - ETA: 0s - loss: 1.0664 - accuracy: 0.6274
78/98 [======================>.......] - ETA: 0s - loss: 1.0661 - accuracy: 0.6278
81/98 [=======================>......] - ETA: 0s - loss: 1.0664 - accuracy: 0.6271
83/98 [========================>.....] - ETA: 0s - loss: 1.0671 - accuracy: 0.6272
85/98 [=========================>....] - ETA: 0s - loss: 1.0678 - accuracy: 0.6267
88/98 [=========================>....] - ETA: 0s - loss: 1.0676 - accuracy: 0.6267
91/98 [==========================>...] - ETA: 0s - loss: 1.0674 - accuracy: 0.6267
94/98 [===========================>..] - ETA: 0s - loss: 1.0684 - accuracy: 0.6261
97/98 [============================>.] - ETA: 0s - loss: 1.0684 - accuracy: 0.6257
98/98 [==============================] - 3s 34ms/step - loss: 1.0690 - accuracy: 0.6257 - val_loss: 1.2280 - val_accuracy: 0.5638
Epoch 9/249

 1/98 [..............................] - ETA: 4s - loss: 1.1361 - accuracy: 0.5840
 4/98 [>.............................] - ETA: 2s - loss: 1.0699 - accuracy: 0.6226
 7/98 [=>............................] - ETA: 2s - loss: 1.0536 - accuracy: 0.6258
 9/98 [=>............................] - ETA: 2s - loss: 1.0497 - accuracy: 0.6298
11/98 [==>...........................] - ETA: 2s - loss: 1.0464 - accuracy: 0.6316
14/98 [===>..........................] - ETA: 2s - loss: 1.0470 - accuracy: 0.6303
17/98 [====>.........................] - ETA: 2s - loss: 1.0474 - accuracy: 0.6319
19/98 [====>.........................] - ETA: 2s - loss: 1.0430 - accuracy: 0.6334
22/98 [=====>........................] - ETA: 1s - loss: 1.0384 - accuracy: 0.6355
25/98 [======>.......................] - ETA: 1s - loss: 1.0320 - accuracy: 0.6403
27/98 [=======>......................] - ETA: 1s - loss: 1.0323 - accuracy: 0.6411
30/98 [========>.....................] - ETA: 1s - loss: 1.0311 - accuracy: 0.6410
33/98 [=========>....................] - ETA: 1s - loss: 1.0355 - accuracy: 0.6390
36/98 [==========>...................] - ETA: 1s - loss: 1.0369 - accuracy: 0.6388
38/98 [==========>...................] - ETA: 1s - loss: 1.0346 - accuracy: 0.6388
41/98 [===========>..................] - ETA: 1s - loss: 1.0328 - accuracy: 0.6398
44/98 [============>.................] - ETA: 1s - loss: 1.0298 - accuracy: 0.6413
47/98 [=============>................] - ETA: 1s - loss: 1.0313 - accuracy: 0.6409
50/98 [==============>...............] - ETA: 1s - loss: 1.0323 - accuracy: 0.6405
52/98 [==============>...............] - ETA: 1s - loss: 1.0332 - accuracy: 0.6401
55/98 [===============>..............] - ETA: 1s - loss: 1.0303 - accuracy: 0.6419
58/98 [================>.............] - ETA: 1s - loss: 1.0307 - accuracy: 0.6413
60/98 [=================>............] - ETA: 1s - loss: 1.0319 - accuracy: 0.6410
62/98 [=================>............] - ETA: 0s - loss: 1.0308 - accuracy: 0.6414
65/98 [==================>...........] - ETA: 0s - loss: 1.0315 - accuracy: 0.6413
68/98 [===================>..........] - ETA: 0s - loss: 1.0332 - accuracy: 0.6410
71/98 [====================>.........] - ETA: 0s - loss: 1.0345 - accuracy: 0.6406
74/98 [=====================>........] - ETA: 0s - loss: 1.0356 - accuracy: 0.6405
77/98 [======================>.......] - ETA: 0s - loss: 1.0348 - accuracy: 0.6410
79/98 [=======================>......] - ETA: 0s - loss: 1.0341 - accuracy: 0.6410
82/98 [========================>.....] - ETA: 0s - loss: 1.0336 - accuracy: 0.6405
85/98 [=========================>....] - ETA: 0s - loss: 1.0331 - accuracy: 0.6408
87/98 [=========================>....] - ETA: 0s - loss: 1.0320 - accuracy: 0.6416
90/98 [==========================>...] - ETA: 0s - loss: 1.0329 - accuracy: 0.6412
93/98 [===========================>..] - ETA: 0s - loss: 1.0314 - accuracy: 0.6420
96/98 [============================>.] - ETA: 0s - loss: 1.0320 - accuracy: 0.6418
98/98 [==============================] - 3s 33ms/step - loss: 1.0325 - accuracy: 0.6412 - val_loss: 1.2252 - val_accuracy: 0.5662
Epoch 10/249

 1/98 [..............................] - ETA: 3s - loss: 0.9628 - accuracy: 0.6641
 4/98 [>.............................] - ETA: 1s - loss: 0.9834 - accuracy: 0.6538
 7/98 [=>............................] - ETA: 1s - loss: 0.9696 - accuracy: 0.6616
10/98 [==>...........................] - ETA: 1s - loss: 0.9798 - accuracy: 0.6561
13/98 [==>...........................] - ETA: 1s - loss: 0.9887 - accuracy: 0.6534
16/98 [===>..........................] - ETA: 1s - loss: 0.9900 - accuracy: 0.6547
19/98 [====>.........................] - ETA: 1s - loss: 0.9906 - accuracy: 0.6534
22/98 [=====>........................] - ETA: 1s - loss: 0.9903 - accuracy: 0.6540
25/98 [======>.......................] - ETA: 1s - loss: 0.9933 - accuracy: 0.6534
28/98 [=======>......................] - ETA: 1s - loss: 0.9916 - accuracy: 0.6538
31/98 [========>.....................] - ETA: 1s - loss: 0.9919 - accuracy: 0.6542
34/98 [=========>....................] - ETA: 1s - loss: 0.9941 - accuracy: 0.6536
37/98 [==========>...................] - ETA: 1s - loss: 0.9924 - accuracy: 0.6538
41/98 [===========>..................] - ETA: 1s - loss: 0.9966 - accuracy: 0.6518
44/98 [============>.................] - ETA: 1s - loss: 0.9965 - accuracy: 0.6515
47/98 [=============>................] - ETA: 1s - loss: 0.9955 - accuracy: 0.6522
49/98 [==============>...............] - ETA: 1s - loss: 0.9970 - accuracy: 0.6520
52/98 [==============>...............] - ETA: 1s - loss: 0.9987 - accuracy: 0.6514
55/98 [===============>..............] - ETA: 0s - loss: 1.0005 - accuracy: 0.6515
58/98 [================>.............] - ETA: 0s - loss: 0.9987 - accuracy: 0.6516
61/98 [=================>............] - ETA: 0s - loss: 0.9989 - accuracy: 0.6515
64/98 [==================>...........] - ETA: 0s - loss: 0.9998 - accuracy: 0.6515
67/98 [===================>..........] - ETA: 0s - loss: 1.0005 - accuracy: 0.6511
70/98 [====================>.........] - ETA: 0s - loss: 1.0013 - accuracy: 0.6511
72/98 [=====================>........] - ETA: 0s - loss: 1.0027 - accuracy: 0.6506
75/98 [=====================>........] - ETA: 0s - loss: 1.0016 - accuracy: 0.6511
78/98 [======================>.......] - ETA: 0s - loss: 1.0023 - accuracy: 0.6513
81/98 [=======================>......] - ETA: 0s - loss: 1.0010 - accuracy: 0.6520
84/98 [========================>.....] - ETA: 0s - loss: 1.0012 - accuracy: 0.6513
87/98 [=========================>....] - ETA: 0s - loss: 0.9995 - accuracy: 0.6518
90/98 [==========================>...] - ETA: 0s - loss: 0.9992 - accuracy: 0.6520
93/98 [===========================>..] - ETA: 0s - loss: 0.9990 - accuracy: 0.6518
96/98 [============================>.] - ETA: 0s - loss: 0.9989 - accuracy: 0.6519
98/98 [==============================] - 3s 31ms/step - loss: 0.9987 - accuracy: 0.6521 - val_loss: 1.1998 - val_accuracy: 0.5775
Epoch 11/249

 1/98 [..............................] - ETA: 3s - loss: 0.9456 - accuracy: 0.6738
 3/98 [..............................] - ETA: 2s - loss: 0.9831 - accuracy: 0.6589
 6/98 [>.............................] - ETA: 2s - loss: 0.9819 - accuracy: 0.6589
 8/98 [=>............................] - ETA: 2s - loss: 0.9734 - accuracy: 0.6592
11/98 [==>...........................] - ETA: 2s - loss: 0.9794 - accuracy: 0.6566
14/98 [===>..........................] - ETA: 2s - loss: 0.9824 - accuracy: 0.6546
17/98 [====>.........................] - ETA: 2s - loss: 0.9741 - accuracy: 0.6602
20/98 [=====>........................] - ETA: 2s - loss: 0.9662 - accuracy: 0.6637
23/98 [======>.......................] - ETA: 2s - loss: 0.9679 - accuracy: 0.6631
25/98 [======>.......................] - ETA: 1s - loss: 0.9671 - accuracy: 0.6624
28/98 [=======>......................] - ETA: 1s - loss: 0.9699 - accuracy: 0.6624
31/98 [========>.....................] - ETA: 1s - loss: 0.9699 - accuracy: 0.6625
34/98 [=========>....................] - ETA: 1s - loss: 0.9710 - accuracy: 0.6625
36/98 [==========>...................] - ETA: 1s - loss: 0.9685 - accuracy: 0.6630
39/98 [==========>...................] - ETA: 1s - loss: 0.9709 - accuracy: 0.6617
42/98 [===========>..................] - ETA: 1s - loss: 0.9722 - accuracy: 0.6607
45/98 [============>.................] - ETA: 1s - loss: 0.9706 - accuracy: 0.6610
47/98 [=============>................] - ETA: 1s - loss: 0.9707 - accuracy: 0.6612
50/98 [==============>...............] - ETA: 1s - loss: 0.9697 - accuracy: 0.6617
53/98 [===============>..............] - ETA: 1s - loss: 0.9673 - accuracy: 0.6628
56/98 [================>.............] - ETA: 1s - loss: 0.9671 - accuracy: 0.6627
59/98 [=================>............] - ETA: 1s - loss: 0.9666 - accuracy: 0.6627
62/98 [=================>............] - ETA: 0s - loss: 0.9660 - accuracy: 0.6629
64/98 [==================>...........] - ETA: 0s - loss: 0.9670 - accuracy: 0.6621
67/98 [===================>..........] - ETA: 0s - loss: 0.9689 - accuracy: 0.6621
70/98 [====================>.........] - ETA: 0s - loss: 0.9694 - accuracy: 0.6621
73/98 [=====================>........] - ETA: 0s - loss: 0.9694 - accuracy: 0.6624
76/98 [======================>.......] - ETA: 0s - loss: 0.9695 - accuracy: 0.6618
79/98 [=======================>......] - ETA: 0s - loss: 0.9702 - accuracy: 0.6617
82/98 [========================>.....] - ETA: 0s - loss: 0.9705 - accuracy: 0.6616
84/98 [========================>.....] - ETA: 0s - loss: 0.9702 - accuracy: 0.6618
87/98 [=========================>....] - ETA: 0s - loss: 0.9714 - accuracy: 0.6613
89/98 [==========================>...] - ETA: 0s - loss: 0.9713 - accuracy: 0.6617
92/98 [===========================>..] - ETA: 0s - loss: 0.9720 - accuracy: 0.6619
95/98 [============================>.] - ETA: 0s - loss: 0.9725 - accuracy: 0.6619
98/98 [==============================] - ETA: 0s - loss: 0.9719 - accuracy: 0.6620
98/98 [==============================] - 3s 34ms/step - loss: 0.9719 - accuracy: 0.6620 - val_loss: 1.2082 - val_accuracy: 0.5746
Epoch 12/249

 1/98 [..............................] - ETA: 4s - loss: 0.9422 - accuracy: 0.6797
 4/98 [>.............................] - ETA: 2s - loss: 0.8991 - accuracy: 0.6826
 7/98 [=>............................] - ETA: 2s - loss: 0.9122 - accuracy: 0.6769
10/98 [==>...........................] - ETA: 2s - loss: 0.9177 - accuracy: 0.6770
13/98 [==>...........................] - ETA: 2s - loss: 0.9323 - accuracy: 0.6768
15/98 [===>..........................] - ETA: 2s - loss: 0.9321 - accuracy: 0.6766
18/98 [====>.........................] - ETA: 2s - loss: 0.9388 - accuracy: 0.6731
21/98 [=====>........................] - ETA: 2s - loss: 0.9342 - accuracy: 0.6754
24/98 [======>.......................] - ETA: 1s - loss: 0.9336 - accuracy: 0.6752
27/98 [=======>......................] - ETA: 1s - loss: 0.9321 - accuracy: 0.6759
29/98 [=======>......................] - ETA: 1s - loss: 0.9323 - accuracy: 0.6763
32/98 [========>.....................] - ETA: 1s - loss: 0.9324 - accuracy: 0.6747
35/98 [=========>....................] - ETA: 1s - loss: 0.9338 - accuracy: 0.6750
37/98 [==========>...................] - ETA: 1s - loss: 0.9343 - accuracy: 0.6752
40/98 [===========>..................] - ETA: 1s - loss: 0.9359 - accuracy: 0.6747
43/98 [============>.................] - ETA: 1s - loss: 0.9353 - accuracy: 0.6750
46/98 [=============>................] - ETA: 1s - loss: 0.9384 - accuracy: 0.6738
48/98 [=============>................] - ETA: 1s - loss: 0.9386 - accuracy: 0.6733
51/98 [==============>...............] - ETA: 1s - loss: 0.9379 - accuracy: 0.6737
53/98 [===============>..............] - ETA: 1s - loss: 0.9385 - accuracy: 0.6736
55/98 [===============>..............] - ETA: 1s - loss: 0.9397 - accuracy: 0.6731
58/98 [================>.............] - ETA: 1s - loss: 0.9410 - accuracy: 0.6731
61/98 [=================>............] - ETA: 0s - loss: 0.9415 - accuracy: 0.6728
64/98 [==================>...........] - ETA: 0s - loss: 0.9427 - accuracy: 0.6724
67/98 [===================>..........] - ETA: 0s - loss: 0.9423 - accuracy: 0.6728
69/98 [====================>.........] - ETA: 0s - loss: 0.9443 - accuracy: 0.6720
72/98 [=====================>........] - ETA: 0s - loss: 0.9454 - accuracy: 0.6711
75/98 [=====================>........] - ETA: 0s - loss: 0.9434 - accuracy: 0.6719
78/98 [======================>.......] - ETA: 0s - loss: 0.9428 - accuracy: 0.6723
81/98 [=======================>......] - ETA: 0s - loss: 0.9433 - accuracy: 0.6721
84/98 [========================>.....] - ETA: 0s - loss: 0.9409 - accuracy: 0.6724
86/98 [=========================>....] - ETA: 0s - loss: 0.9398 - accuracy: 0.6726
89/98 [==========================>...] - ETA: 0s - loss: 0.9416 - accuracy: 0.6718
92/98 [===========================>..] - ETA: 0s - loss: 0.9429 - accuracy: 0.6712
95/98 [============================>.] - ETA: 0s - loss: 0.9448 - accuracy: 0.6706
98/98 [==============================] - ETA: 0s - loss: 0.9447 - accuracy: 0.6705
98/98 [==============================] - 3s 33ms/step - loss: 0.9447 - accuracy: 0.6705 - val_loss: 1.1806 - val_accuracy: 0.5885
Epoch 13/249

 1/98 [..............................] - ETA: 4s - loss: 0.9365 - accuracy: 0.7109
 4/98 [>.............................] - ETA: 1s - loss: 0.8845 - accuracy: 0.7090
 8/98 [=>............................] - ETA: 1s - loss: 0.8981 - accuracy: 0.6953
11/98 [==>...........................] - ETA: 1s - loss: 0.9090 - accuracy: 0.6921
14/98 [===>..........................] - ETA: 1s - loss: 0.9174 - accuracy: 0.6861
