2024-06-26 12:36:03.693324: I tensorflow/core/platform/cpu_feature_guard.cc:193] This TensorFlow binary is optimized with oneAPI Deep Neural Network Library (oneDNN) to use the following CPU instructions in performance-critical operations:  AVX AVX2
To enable them in other operations, rebuild TensorFlow with the appropriate compiler flags.
2024-06-26 12:36:05.027226: I tensorflow/core/common_runtime/gpu/gpu_device.cc:1616] Created device /job:localhost/replica:0/task:0/device:GPU:0 with 6656 MB memory:  -> device: 0, name: NVIDIA GeForce RTX 4060 Ti, pci bus id: 0000:01:00.0, compute capability: 8.9
1 Physical GPUs, 1 Logical GPUs
Model: "sequential"
_________________________________________________________________
 Layer (type)                Output Shape              Param #   
=================================================================
 conv2d (Conv2D)             (None, 32, 32, 32)        896       
                                                                 
 batch_normalization (BatchN  (None, 32, 32, 32)       128       
 ormalization)                                                   
                                                                 
 dropout (Dropout)           (None, 32, 32, 32)        0         
                                                                 
 flatten (Flatten)           (None, 32768)             0         
                                                                 
 dense (Dense)               (None, 10)                327690    
                                                                 
=================================================================
Total params: 328,714
Trainable params: 328,650
Non-trainable params: 64
_________________________________________________________________
Taxa de aprendizado:  0.0001 Num de épocas:  249 Tamanho do lote:  512 Dropout:  0.249
Epoch 1/249
2024-06-26 12:36:06.860906: I tensorflow/stream_executor/cuda/cuda_dnn.cc:384] Loaded cuDNN version 8100
2024-06-26 12:36:08.299559: W tensorflow/stream_executor/gpu/redzone_allocator.cc:314] INTERNAL: ptxas exited with non-zero error code -1, output: 
Relying on driver to perform ptx compilation. 
Modify $PATH to customize ptxas location.
This message will be only logged once.
2024-06-26 12:36:10.236716: I tensorflow/stream_executor/cuda/cuda_blas.cc:1614] TensorFloat-32 will be used for the matrix multiplication. This will only be logged once.

 1/98 [..............................] - ETA: 8:36 - loss: 2.9386 - accuracy: 0.0801
 3/98 [..............................] - ETA: 2s - loss: 2.6467 - accuracy: 0.1257  
 5/98 [>.............................] - ETA: 3s - loss: 2.5152 - accuracy: 0.1516
 7/98 [=>............................] - ETA: 3s - loss: 2.4160 - accuracy: 0.1724
 9/98 [=>............................] - ETA: 2s - loss: 2.3474 - accuracy: 0.1866
11/98 [==>...........................] - ETA: 2s - loss: 2.2971 - accuracy: 0.2026
13/98 [==>...........................] - ETA: 2s - loss: 2.2603 - accuracy: 0.2135
15/98 [===>..........................] - ETA: 2s - loss: 2.2307 - accuracy: 0.2224
17/98 [====>.........................] - ETA: 2s - loss: 2.2026 - accuracy: 0.2356
19/98 [====>.........................] - ETA: 2s - loss: 2.1777 - accuracy: 0.2434
21/98 [=====>........................] - ETA: 2s - loss: 2.1584 - accuracy: 0.2503
23/98 [======>.......................] - ETA: 2s - loss: 2.1362 - accuracy: 0.2583
25/98 [======>.......................] - ETA: 2s - loss: 2.1156 - accuracy: 0.2655
27/98 [=======>......................] - ETA: 2s - loss: 2.0938 - accuracy: 0.2728
29/98 [=======>......................] - ETA: 2s - loss: 2.0739 - accuracy: 0.2790
31/98 [========>.....................] - ETA: 2s - loss: 2.0587 - accuracy: 0.2830
33/98 [=========>....................] - ETA: 2s - loss: 2.0454 - accuracy: 0.2869
35/98 [=========>....................] - ETA: 2s - loss: 2.0325 - accuracy: 0.2912
37/98 [==========>...................] - ETA: 2s - loss: 2.0210 - accuracy: 0.2954
39/98 [==========>...................] - ETA: 1s - loss: 2.0109 - accuracy: 0.2983
41/98 [===========>..................] - ETA: 1s - loss: 2.0016 - accuracy: 0.3017
43/98 [============>.................] - ETA: 1s - loss: 1.9926 - accuracy: 0.3040
45/98 [============>.................] - ETA: 1s - loss: 1.9822 - accuracy: 0.3087
47/98 [=============>................] - ETA: 1s - loss: 1.9735 - accuracy: 0.3125
49/98 [==============>...............] - ETA: 1s - loss: 1.9630 - accuracy: 0.3158
51/98 [==============>...............] - ETA: 1s - loss: 1.9554 - accuracy: 0.3186
53/98 [===============>..............] - ETA: 1s - loss: 1.9455 - accuracy: 0.3217
55/98 [===============>..............] - ETA: 1s - loss: 1.9367 - accuracy: 0.3247
57/98 [================>.............] - ETA: 1s - loss: 1.9277 - accuracy: 0.3277
59/98 [=================>............] - ETA: 1s - loss: 1.9177 - accuracy: 0.3308
61/98 [=================>............] - ETA: 1s - loss: 1.9095 - accuracy: 0.3330
63/98 [==================>...........] - ETA: 1s - loss: 1.9047 - accuracy: 0.3349
64/98 [==================>...........] - ETA: 1s - loss: 1.9016 - accuracy: 0.3358
66/98 [===================>..........] - ETA: 1s - loss: 1.8945 - accuracy: 0.3383
68/98 [===================>..........] - ETA: 1s - loss: 1.8869 - accuracy: 0.3409
70/98 [====================>.........] - ETA: 0s - loss: 1.8819 - accuracy: 0.3432
72/98 [=====================>........] - ETA: 0s - loss: 1.8760 - accuracy: 0.3452
74/98 [=====================>........] - ETA: 0s - loss: 1.8703 - accuracy: 0.3469
76/98 [======================>.......] - ETA: 0s - loss: 1.8641 - accuracy: 0.3485
78/98 [======================>.......] - ETA: 0s - loss: 1.8596 - accuracy: 0.3499
80/98 [=======================>......] - ETA: 0s - loss: 1.8535 - accuracy: 0.3515
82/98 [========================>.....] - ETA: 0s - loss: 1.8480 - accuracy: 0.3531
84/98 [========================>.....] - ETA: 0s - loss: 1.8419 - accuracy: 0.3547
86/98 [=========================>....] - ETA: 0s - loss: 1.8371 - accuracy: 0.3562
88/98 [=========================>....] - ETA: 0s - loss: 1.8312 - accuracy: 0.3581
90/98 [==========================>...] - ETA: 0s - loss: 1.8256 - accuracy: 0.3601
92/98 [===========================>..] - ETA: 0s - loss: 1.8202 - accuracy: 0.3622
94/98 [===========================>..] - ETA: 0s - loss: 1.8140 - accuracy: 0.3644
96/98 [============================>.] - ETA: 0s - loss: 1.8088 - accuracy: 0.3662
98/98 [==============================] - ETA: 0s - loss: 1.8034 - accuracy: 0.3676
98/98 [==============================] - 10s 46ms/step - loss: 1.8034 - accuracy: 0.3676 - val_loss: 2.0905 - val_accuracy: 0.3330
Epoch 2/249

 1/98 [..............................] - ETA: 4s - loss: 1.5010 - accuracy: 0.4844
 3/98 [..............................] - ETA: 2s - loss: 1.5266 - accuracy: 0.4746
 5/98 [>.............................] - ETA: 2s - loss: 1.5037 - accuracy: 0.4734
 7/98 [=>............................] - ETA: 3s - loss: 1.5040 - accuracy: 0.4701
 9/98 [=>............................] - ETA: 2s - loss: 1.5061 - accuracy: 0.4657
11/98 [==>...........................] - ETA: 2s - loss: 1.5054 - accuracy: 0.4632
13/98 [==>...........................] - ETA: 2s - loss: 1.5030 - accuracy: 0.4666
15/98 [===>..........................] - ETA: 2s - loss: 1.5034 - accuracy: 0.4660
17/98 [====>.........................] - ETA: 2s - loss: 1.5012 - accuracy: 0.4675
19/98 [====>.........................] - ETA: 2s - loss: 1.5015 - accuracy: 0.4656
21/98 [=====>........................] - ETA: 2s - loss: 1.5064 - accuracy: 0.4648
23/98 [======>.......................] - ETA: 2s - loss: 1.5077 - accuracy: 0.4642
25/98 [======>.......................] - ETA: 2s - loss: 1.5060 - accuracy: 0.4645
27/98 [=======>......................] - ETA: 2s - loss: 1.5044 - accuracy: 0.4655
29/98 [=======>......................] - ETA: 2s - loss: 1.5037 - accuracy: 0.4661
31/98 [========>.....................] - ETA: 2s - loss: 1.5012 - accuracy: 0.4668
33/98 [=========>....................] - ETA: 2s - loss: 1.5030 - accuracy: 0.4658
35/98 [=========>....................] - ETA: 2s - loss: 1.5029 - accuracy: 0.4655
37/98 [==========>...................] - ETA: 2s - loss: 1.4992 - accuracy: 0.4663
39/98 [==========>...................] - ETA: 1s - loss: 1.4968 - accuracy: 0.4683
41/98 [===========>..................] - ETA: 1s - loss: 1.4947 - accuracy: 0.4698
43/98 [============>.................] - ETA: 1s - loss: 1.4911 - accuracy: 0.4722
45/98 [============>.................] - ETA: 1s - loss: 1.4871 - accuracy: 0.4736
48/98 [=============>................] - ETA: 1s - loss: 1.4848 - accuracy: 0.4740
50/98 [==============>...............] - ETA: 1s - loss: 1.4829 - accuracy: 0.4738
52/98 [==============>...............] - ETA: 1s - loss: 1.4817 - accuracy: 0.4743
54/98 [===============>..............] - ETA: 1s - loss: 1.4843 - accuracy: 0.4736
56/98 [================>.............] - ETA: 1s - loss: 1.4835 - accuracy: 0.4746
58/98 [================>.............] - ETA: 1s - loss: 1.4834 - accuracy: 0.4753
60/98 [=================>............] - ETA: 1s - loss: 1.4820 - accuracy: 0.4759
62/98 [=================>............] - ETA: 1s - loss: 1.4803 - accuracy: 0.4764
64/98 [==================>...........] - ETA: 1s - loss: 1.4803 - accuracy: 0.4765
66/98 [===================>..........] - ETA: 1s - loss: 1.4768 - accuracy: 0.4776
68/98 [===================>..........] - ETA: 0s - loss: 1.4763 - accuracy: 0.4775
70/98 [====================>.........] - ETA: 0s - loss: 1.4745 - accuracy: 0.4783
72/98 [=====================>........] - ETA: 0s - loss: 1.4711 - accuracy: 0.4794
74/98 [=====================>........] - ETA: 0s - loss: 1.4711 - accuracy: 0.4791
76/98 [======================>.......] - ETA: 0s - loss: 1.4703 - accuracy: 0.4791
78/98 [======================>.......] - ETA: 0s - loss: 1.4689 - accuracy: 0.4796
80/98 [=======================>......] - ETA: 0s - loss: 1.4665 - accuracy: 0.4806
82/98 [========================>.....] - ETA: 0s - loss: 1.4672 - accuracy: 0.4809
84/98 [========================>.....] - ETA: 0s - loss: 1.4662 - accuracy: 0.4812
86/98 [=========================>....] - ETA: 0s - loss: 1.4648 - accuracy: 0.4813
88/98 [=========================>....] - ETA: 0s - loss: 1.4651 - accuracy: 0.4815
90/98 [==========================>...] - ETA: 0s - loss: 1.4630 - accuracy: 0.4820
92/98 [===========================>..] - ETA: 0s - loss: 1.4627 - accuracy: 0.4822
94/98 [===========================>..] - ETA: 0s - loss: 1.4604 - accuracy: 0.4830
96/98 [============================>.] - ETA: 0s - loss: 1.4585 - accuracy: 0.4838
98/98 [==============================] - ETA: 0s - loss: 1.4581 - accuracy: 0.4840
98/98 [==============================] - 4s 42ms/step - loss: 1.4581 - accuracy: 0.4840 - val_loss: 1.9447 - val_accuracy: 0.4241
Epoch 3/249

 1/98 [..............................] - ETA: 3s - loss: 1.2722 - accuracy: 0.5391
 3/98 [..............................] - ETA: 2s - loss: 1.3563 - accuracy: 0.5156
 5/98 [>.............................] - ETA: 3s - loss: 1.3658 - accuracy: 0.5109
 7/98 [=>............................] - ETA: 3s - loss: 1.3564 - accuracy: 0.5165
 9/98 [=>............................] - ETA: 2s - loss: 1.3504 - accuracy: 0.5202
11/98 [==>...........................] - ETA: 2s - loss: 1.3589 - accuracy: 0.5163
13/98 [==>...........................] - ETA: 2s - loss: 1.3623 - accuracy: 0.5141
15/98 [===>..........................] - ETA: 2s - loss: 1.3589 - accuracy: 0.5148
17/98 [====>.........................] - ETA: 2s - loss: 1.3523 - accuracy: 0.5190
19/98 [====>.........................] - ETA: 2s - loss: 1.3461 - accuracy: 0.5195
21/98 [=====>........................] - ETA: 2s - loss: 1.3494 - accuracy: 0.5196
23/98 [======>.......................] - ETA: 2s - loss: 1.3513 - accuracy: 0.5217
26/98 [======>.......................] - ETA: 2s - loss: 1.3413 - accuracy: 0.5252
29/98 [=======>......................] - ETA: 2s - loss: 1.3418 - accuracy: 0.5239
32/98 [========>.....................] - ETA: 1s - loss: 1.3414 - accuracy: 0.5247
35/98 [=========>....................] - ETA: 1s - loss: 1.3398 - accuracy: 0.5247
38/98 [==========>...................] - ETA: 1s - loss: 1.3403 - accuracy: 0.5245
41/98 [===========>..................] - ETA: 1s - loss: 1.3424 - accuracy: 0.5243
44/98 [============>.................] - ETA: 1s - loss: 1.3413 - accuracy: 0.5233
46/98 [=============>................] - ETA: 1s - loss: 1.3411 - accuracy: 0.5227
49/98 [==============>...............] - ETA: 1s - loss: 1.3359 - accuracy: 0.5239
52/98 [==============>...............] - ETA: 1s - loss: 1.3343 - accuracy: 0.5248
55/98 [===============>..............] - ETA: 1s - loss: 1.3355 - accuracy: 0.5245
58/98 [================>.............] - ETA: 1s - loss: 1.3318 - accuracy: 0.5251
61/98 [=================>............] - ETA: 0s - loss: 1.3332 - accuracy: 0.5257
64/98 [==================>...........] - ETA: 0s - loss: 1.3298 - accuracy: 0.5272
67/98 [===================>..........] - ETA: 0s - loss: 1.3291 - accuracy: 0.5285
70/98 [====================>.........] - ETA: 0s - loss: 1.3274 - accuracy: 0.5295
73/98 [=====================>........] - ETA: 0s - loss: 1.3279 - accuracy: 0.5293
76/98 [======================>.......] - ETA: 0s - loss: 1.3266 - accuracy: 0.5292
79/98 [=======================>......] - ETA: 0s - loss: 1.3272 - accuracy: 0.5291
82/98 [========================>.....] - ETA: 0s - loss: 1.3270 - accuracy: 0.5294
85/98 [=========================>....] - ETA: 0s - loss: 1.3266 - accuracy: 0.5293
88/98 [=========================>....] - ETA: 0s - loss: 1.3257 - accuracy: 0.5296
90/98 [==========================>...] - ETA: 0s - loss: 1.3257 - accuracy: 0.5295
92/98 [===========================>..] - ETA: 0s - loss: 1.3252 - accuracy: 0.5293
94/98 [===========================>..] - ETA: 0s - loss: 1.3246 - accuracy: 0.5298
96/98 [============================>.] - ETA: 0s - loss: 1.3230 - accuracy: 0.5307
98/98 [==============================] - ETA: 0s - loss: 1.3216 - accuracy: 0.5313
98/98 [==============================] - 3s 35ms/step - loss: 1.3216 - accuracy: 0.5313 - val_loss: 1.7751 - val_accuracy: 0.4802
Epoch 4/249

 1/98 [..............................] - ETA: 4s - loss: 1.2550 - accuracy: 0.5527
 3/98 [..............................] - ETA: 3s - loss: 1.2389 - accuracy: 0.5723
 5/98 [>.............................] - ETA: 3s - loss: 1.2442 - accuracy: 0.5723
 7/98 [=>............................] - ETA: 3s - loss: 1.2350 - accuracy: 0.5728
 9/98 [=>............................] - ETA: 2s - loss: 1.2214 - accuracy: 0.5751
11/98 [==>...........................] - ETA: 2s - loss: 1.2326 - accuracy: 0.5717
13/98 [==>...........................] - ETA: 2s - loss: 1.2349 - accuracy: 0.5704
15/98 [===>..........................] - ETA: 2s - loss: 1.2294 - accuracy: 0.5709
17/98 [====>.........................] - ETA: 2s - loss: 1.2299 - accuracy: 0.5713
19/98 [====>.........................] - ETA: 2s - loss: 1.2285 - accuracy: 0.5717
21/98 [=====>........................] - ETA: 2s - loss: 1.2296 - accuracy: 0.5709
23/98 [======>.......................] - ETA: 2s - loss: 1.2270 - accuracy: 0.5703
25/98 [======>.......................] - ETA: 2s - loss: 1.2313 - accuracy: 0.5707
27/98 [=======>......................] - ETA: 2s - loss: 1.2313 - accuracy: 0.5714
29/98 [=======>......................] - ETA: 2s - loss: 1.2319 - accuracy: 0.5710
31/98 [========>.....................] - ETA: 2s - loss: 1.2324 - accuracy: 0.5697
33/98 [=========>....................] - ETA: 2s - loss: 1.2315 - accuracy: 0.5696
35/98 [=========>....................] - ETA: 2s - loss: 1.2281 - accuracy: 0.5710
37/98 [==========>...................] - ETA: 1s - loss: 1.2299 - accuracy: 0.5700
39/98 [==========>...................] - ETA: 1s - loss: 1.2287 - accuracy: 0.5707
41/98 [===========>..................] - ETA: 1s - loss: 1.2327 - accuracy: 0.5691
43/98 [============>.................] - ETA: 1s - loss: 1.2331 - accuracy: 0.5689
45/98 [============>.................] - ETA: 1s - loss: 1.2324 - accuracy: 0.5684
47/98 [=============>................] - ETA: 1s - loss: 1.2343 - accuracy: 0.5674
49/98 [==============>...............] - ETA: 1s - loss: 1.2337 - accuracy: 0.5678
51/98 [==============>...............] - ETA: 1s - loss: 1.2349 - accuracy: 0.5668
53/98 [===============>..............] - ETA: 1s - loss: 1.2351 - accuracy: 0.5667
55/98 [===============>..............] - ETA: 1s - loss: 1.2344 - accuracy: 0.5664
57/98 [================>.............] - ETA: 1s - loss: 1.2356 - accuracy: 0.5658
59/98 [=================>............] - ETA: 1s - loss: 1.2360 - accuracy: 0.5656
61/98 [=================>............] - ETA: 1s - loss: 1.2347 - accuracy: 0.5656
63/98 [==================>...........] - ETA: 1s - loss: 1.2348 - accuracy: 0.5657
65/98 [==================>...........] - ETA: 1s - loss: 1.2353 - accuracy: 0.5655
67/98 [===================>..........] - ETA: 1s - loss: 1.2357 - accuracy: 0.5649
69/98 [====================>.........] - ETA: 0s - loss: 1.2344 - accuracy: 0.5654
71/98 [====================>.........] - ETA: 0s - loss: 1.2347 - accuracy: 0.5646
73/98 [=====================>........] - ETA: 0s - loss: 1.2337 - accuracy: 0.5652
75/98 [=====================>........] - ETA: 0s - loss: 1.2348 - accuracy: 0.5649
77/98 [======================>.......] - ETA: 0s - loss: 1.2352 - accuracy: 0.5644
79/98 [=======================>......] - ETA: 0s - loss: 1.2347 - accuracy: 0.5647
81/98 [=======================>......] - ETA: 0s - loss: 1.2355 - accuracy: 0.5643
83/98 [========================>.....] - ETA: 0s - loss: 1.2355 - accuracy: 0.5640
85/98 [=========================>....] - ETA: 0s - loss: 1.2347 - accuracy: 0.5644
87/98 [=========================>....] - ETA: 0s - loss: 1.2334 - accuracy: 0.5651
89/98 [==========================>...] - ETA: 0s - loss: 1.2330 - accuracy: 0.5652
91/98 [==========================>...] - ETA: 0s - loss: 1.2337 - accuracy: 0.5646
93/98 [===========================>..] - ETA: 0s - loss: 1.2328 - accuracy: 0.5652
95/98 [============================>.] - ETA: 0s - loss: 1.2325 - accuracy: 0.5654
97/98 [============================>.] - ETA: 0s - loss: 1.2329 - accuracy: 0.5655
98/98 [==============================] - 4s 42ms/step - loss: 1.2326 - accuracy: 0.5657 - val_loss: 1.5761 - val_accuracy: 0.5190
Epoch 5/249

 1/98 [..............................] - ETA: 4s - loss: 1.1621 - accuracy: 0.5996
 3/98 [..............................] - ETA: 2s - loss: 1.1151 - accuracy: 0.6120
 5/98 [>.............................] - ETA: 2s - loss: 1.1374 - accuracy: 0.6039
 7/98 [=>............................] - ETA: 2s - loss: 1.1344 - accuracy: 0.6060
 9/98 [=>............................] - ETA: 2s - loss: 1.1396 - accuracy: 0.6050
11/98 [==>...........................] - ETA: 2s - loss: 1.1449 - accuracy: 0.6040
13/98 [==>...........................] - ETA: 2s - loss: 1.1522 - accuracy: 0.6038
15/98 [===>..........................] - ETA: 2s - loss: 1.1553 - accuracy: 0.6020
17/98 [====>.........................] - ETA: 2s - loss: 1.1479 - accuracy: 0.6042
19/98 [====>.........................] - ETA: 2s - loss: 1.1533 - accuracy: 0.6002
21/98 [=====>........................] - ETA: 2s - loss: 1.1546 - accuracy: 0.5998
23/98 [======>.......................] - ETA: 2s - loss: 1.1597 - accuracy: 0.5975
25/98 [======>.......................] - ETA: 2s - loss: 1.1618 - accuracy: 0.5961
27/98 [=======>......................] - ETA: 2s - loss: 1.1615 - accuracy: 0.5961
29/98 [=======>......................] - ETA: 2s - loss: 1.1611 - accuracy: 0.5959
31/98 [========>.....................] - ETA: 2s - loss: 1.1627 - accuracy: 0.5950
33/98 [=========>....................] - ETA: 2s - loss: 1.1616 - accuracy: 0.5942
35/98 [=========>....................] - ETA: 2s - loss: 1.1621 - accuracy: 0.5936
37/98 [==========>...................] - ETA: 1s - loss: 1.1634 - accuracy: 0.5931
39/98 [==========>...................] - ETA: 1s - loss: 1.1626 - accuracy: 0.5935
41/98 [===========>..................] - ETA: 1s - loss: 1.1639 - accuracy: 0.5930
43/98 [============>.................] - ETA: 1s - loss: 1.1628 - accuracy: 0.5931
45/98 [============>.................] - ETA: 1s - loss: 1.1636 - accuracy: 0.5928
47/98 [=============>................] - ETA: 1s - loss: 1.1635 - accuracy: 0.5944
49/98 [==============>...............] - ETA: 1s - loss: 1.1618 - accuracy: 0.5955
51/98 [==============>...............] - ETA: 1s - loss: 1.1624 - accuracy: 0.5950
53/98 [===============>..............] - ETA: 1s - loss: 1.1610 - accuracy: 0.5951
55/98 [===============>..............] - ETA: 1s - loss: 1.1613 - accuracy: 0.5948
57/98 [================>.............] - ETA: 1s - loss: 1.1624 - accuracy: 0.5942
59/98 [=================>............] - ETA: 1s - loss: 1.1616 - accuracy: 0.5948
61/98 [=================>............] - ETA: 1s - loss: 1.1621 - accuracy: 0.5953
63/98 [==================>...........] - ETA: 1s - loss: 1.1622 - accuracy: 0.5952
65/98 [==================>...........] - ETA: 1s - loss: 1.1632 - accuracy: 0.5948
67/98 [===================>..........] - ETA: 1s - loss: 1.1633 - accuracy: 0.5944
69/98 [====================>.........] - ETA: 0s - loss: 1.1634 - accuracy: 0.5942
71/98 [====================>.........] - ETA: 0s - loss: 1.1635 - accuracy: 0.5944
73/98 [=====================>........] - ETA: 0s - loss: 1.1655 - accuracy: 0.5939
75/98 [=====================>........] - ETA: 0s - loss: 1.1639 - accuracy: 0.5940
77/98 [======================>.......] - ETA: 0s - loss: 1.1632 - accuracy: 0.5940
79/98 [=======================>......] - ETA: 0s - loss: 1.1630 - accuracy: 0.5939
81/98 [=======================>......] - ETA: 0s - loss: 1.1631 - accuracy: 0.5940
83/98 [========================>.....] - ETA: 0s - loss: 1.1641 - accuracy: 0.5933
85/98 [=========================>....] - ETA: 0s - loss: 1.1644 - accuracy: 0.5933
87/98 [=========================>....] - ETA: 0s - loss: 1.1659 - accuracy: 0.5926
89/98 [==========================>...] - ETA: 0s - loss: 1.1657 - accuracy: 0.5923
91/98 [==========================>...] - ETA: 0s - loss: 1.1662 - accuracy: 0.5921
93/98 [===========================>..] - ETA: 0s - loss: 1.1666 - accuracy: 0.5919
95/98 [============================>.] - ETA: 0s - loss: 1.1676 - accuracy: 0.5917
97/98 [============================>.] - ETA: 0s - loss: 1.1681 - accuracy: 0.5916
98/98 [==============================] - 4s 42ms/step - loss: 1.1674 - accuracy: 0.5918 - val_loss: 1.4052 - val_accuracy: 0.5390
Epoch 6/249

 1/98 [..............................] - ETA: 4s - loss: 1.0238 - accuracy: 0.6621
 3/98 [..............................] - ETA: 2s - loss: 1.0937 - accuracy: 0.6224
 5/98 [>.............................] - ETA: 2s - loss: 1.1040 - accuracy: 0.6203
 7/98 [=>............................] - ETA: 2s - loss: 1.1087 - accuracy: 0.6208
 9/98 [=>............................] - ETA: 2s - loss: 1.1137 - accuracy: 0.6133
11/98 [==>...........................] - ETA: 2s - loss: 1.1109 - accuracy: 0.6115
13/98 [==>...........................] - ETA: 2s - loss: 1.1172 - accuracy: 0.6106
15/98 [===>..........................] - ETA: 2s - loss: 1.1105 - accuracy: 0.6138
17/98 [====>.........................] - ETA: 2s - loss: 1.1195 - accuracy: 0.6111
19/98 [====>.........................] - ETA: 2s - loss: 1.1211 - accuracy: 0.6124
21/98 [=====>........................] - ETA: 2s - loss: 1.1205 - accuracy: 0.6114
23/98 [======>.......................] - ETA: 2s - loss: 1.1232 - accuracy: 0.6103
25/98 [======>.......................] - ETA: 2s - loss: 1.1225 - accuracy: 0.6099
27/98 [=======>......................] - ETA: 2s - loss: 1.1224 - accuracy: 0.6095
29/98 [=======>......................] - ETA: 2s - loss: 1.1207 - accuracy: 0.6104
31/98 [========>.....................] - ETA: 2s - loss: 1.1234 - accuracy: 0.6104
33/98 [=========>....................] - ETA: 2s - loss: 1.1216 - accuracy: 0.6106
35/98 [=========>....................] - ETA: 2s - loss: 1.1208 - accuracy: 0.6103
37/98 [==========>...................] - ETA: 1s - loss: 1.1183 - accuracy: 0.6106
39/98 [==========>...................] - ETA: 1s - loss: 1.1165 - accuracy: 0.6112
41/98 [===========>..................] - ETA: 1s - loss: 1.1136 - accuracy: 0.6119
43/98 [============>.................] - ETA: 1s - loss: 1.1148 - accuracy: 0.6110
45/98 [============>.................] - ETA: 1s - loss: 1.1126 - accuracy: 0.6117
47/98 [=============>................] - ETA: 1s - loss: 1.1143 - accuracy: 0.6115
49/98 [==============>...............] - ETA: 1s - loss: 1.1108 - accuracy: 0.6128
51/98 [==============>...............] - ETA: 1s - loss: 1.1092 - accuracy: 0.6130
53/98 [===============>..............] - ETA: 1s - loss: 1.1107 - accuracy: 0.6124
55/98 [===============>..............] - ETA: 1s - loss: 1.1095 - accuracy: 0.6127
57/98 [================>.............] - ETA: 1s - loss: 1.1091 - accuracy: 0.6122
59/98 [=================>............] - ETA: 1s - loss: 1.1109 - accuracy: 0.6117
61/98 [=================>............] - ETA: 1s - loss: 1.1105 - accuracy: 0.6116
63/98 [==================>...........] - ETA: 1s - loss: 1.1097 - accuracy: 0.6117
65/98 [==================>...........] - ETA: 1s - loss: 1.1093 - accuracy: 0.6118
67/98 [===================>..........] - ETA: 1s - loss: 1.1088 - accuracy: 0.6118
69/98 [====================>.........] - ETA: 0s - loss: 1.1081 - accuracy: 0.6119
71/98 [====================>.........] - ETA: 0s - loss: 1.1079 - accuracy: 0.6119
73/98 [=====================>........] - ETA: 0s - loss: 1.1069 - accuracy: 0.6125
75/98 [=====================>........] - ETA: 0s - loss: 1.1078 - accuracy: 0.6124
77/98 [======================>.......] - ETA: 0s - loss: 1.1085 - accuracy: 0.6123
79/98 [=======================>......] - ETA: 0s - loss: 1.1082 - accuracy: 0.6126
81/98 [=======================>......] - ETA: 0s - loss: 1.1085 - accuracy: 0.6124
83/98 [========================>.....] - ETA: 0s - loss: 1.1091 - accuracy: 0.6121
85/98 [=========================>....] - ETA: 0s - loss: 1.1090 - accuracy: 0.6120
87/98 [=========================>....] - ETA: 0s - loss: 1.1088 - accuracy: 0.6120
89/98 [==========================>...] - ETA: 0s - loss: 1.1089 - accuracy: 0.6119
91/98 [==========================>...] - ETA: 0s - loss: 1.1090 - accuracy: 0.6120
93/98 [===========================>..] - ETA: 0s - loss: 1.1093 - accuracy: 0.6117
95/98 [============================>.] - ETA: 0s - loss: 1.1101 - accuracy: 0.6111
97/98 [============================>.] - ETA: 0s - loss: 1.1094 - accuracy: 0.6114
98/98 [==============================] - 4s 42ms/step - loss: 1.1098 - accuracy: 0.6114 - val_loss: 1.2706 - val_accuracy: 0.5669
Epoch 7/249

 1/98 [..............................] - ETA: 4s - loss: 1.0641 - accuracy: 0.6133
 3/98 [..............................] - ETA: 3s - loss: 1.0682 - accuracy: 0.6257
 5/98 [>.............................] - ETA: 3s - loss: 1.0716 - accuracy: 0.6270
 7/98 [=>............................] - ETA: 3s - loss: 1.0593 - accuracy: 0.6272
 9/98 [=>............................] - ETA: 2s - loss: 1.0474 - accuracy: 0.6289
11/98 [==>...........................] - ETA: 2s - loss: 1.0537 - accuracy: 0.6294
13/98 [==>...........................] - ETA: 2s - loss: 1.0601 - accuracy: 0.6285
15/98 [===>..........................] - ETA: 2s - loss: 1.0583 - accuracy: 0.6280
19/98 [====>.........................] - ETA: 2s - loss: 1.0578 - accuracy: 0.6287
22/98 [=====>........................] - ETA: 2s - loss: 1.0598 - accuracy: 0.6282
25/98 [======>.......................] - ETA: 2s - loss: 1.0575 - accuracy: 0.6294
28/98 [=======>......................] - ETA: 1s - loss: 1.0583 - accuracy: 0.6290
31/98 [========>.....................] - ETA: 1s - loss: 1.0585 - accuracy: 0.6286
34/98 [=========>....................] - ETA: 1s - loss: 1.0546 - accuracy: 0.6297
37/98 [==========>...................] - ETA: 1s - loss: 1.0525 - accuracy: 0.6308
40/98 [===========>..................] - ETA: 1s - loss: 1.0528 - accuracy: 0.6324
43/98 [============>.................] - ETA: 1s - loss: 1.0518 - accuracy: 0.6337
46/98 [=============>................] - ETA: 1s - loss: 1.0536 - accuracy: 0.6329
49/98 [==============>...............] - ETA: 1s - loss: 1.0551 - accuracy: 0.6325
52/98 [==============>...............] - ETA: 1s - loss: 1.0499 - accuracy: 0.6341
55/98 [===============>..............] - ETA: 1s - loss: 1.0510 - accuracy: 0.6340
58/98 [================>.............] - ETA: 0s - loss: 1.0508 - accuracy: 0.6342
61/98 [=================>............] - ETA: 0s - loss: 1.0514 - accuracy: 0.6342
64/98 [==================>...........] - ETA: 0s - loss: 1.0510 - accuracy: 0.6343
67/98 [===================>..........] - ETA: 0s - loss: 1.0507 - accuracy: 0.6347
70/98 [====================>.........] - ETA: 0s - loss: 1.0511 - accuracy: 0.6346
73/98 [=====================>........] - ETA: 0s - loss: 1.0516 - accuracy: 0.6342
76/98 [======================>.......] - ETA: 0s - loss: 1.0510 - accuracy: 0.6341
79/98 [=======================>......] - ETA: 0s - loss: 1.0514 - accuracy: 0.6344
81/98 [=======================>......] - ETA: 0s - loss: 1.0513 - accuracy: 0.6338
83/98 [========================>.....] - ETA: 0s - loss: 1.0517 - accuracy: 0.6334
85/98 [=========================>....] - ETA: 0s - loss: 1.0527 - accuracy: 0.6331
87/98 [=========================>....] - ETA: 0s - loss: 1.0529 - accuracy: 0.6330
89/98 [==========================>...] - ETA: 0s - loss: 1.0517 - accuracy: 0.6333
91/98 [==========================>...] - ETA: 0s - loss: 1.0532 - accuracy: 0.6327
93/98 [===========================>..] - ETA: 0s - loss: 1.0546 - accuracy: 0.6324
95/98 [============================>.] - ETA: 0s - loss: 1.0551 - accuracy: 0.6323
97/98 [============================>.] - ETA: 0s - loss: 1.0545 - accuracy: 0.6323
98/98 [==============================] - 3s 35ms/step - loss: 1.0543 - accuracy: 0.6325 - val_loss: 1.2001 - val_accuracy: 0.5820
Epoch 8/249

 1/98 [..............................] - ETA: 4s - loss: 0.9967 - accuracy: 0.6621
 3/98 [..............................] - ETA: 2s - loss: 1.0107 - accuracy: 0.6523
 5/98 [>.............................] - ETA: 2s - loss: 1.0118 - accuracy: 0.6539
 7/98 [=>............................] - ETA: 2s - loss: 1.0123 - accuracy: 0.6546
 9/98 [=>............................] - ETA: 2s - loss: 1.0101 - accuracy: 0.6539
11/98 [==>...........................] - ETA: 2s - loss: 1.0149 - accuracy: 0.6495
13/98 [==>...........................] - ETA: 2s - loss: 1.0153 - accuracy: 0.6490
15/98 [===>..........................] - ETA: 2s - loss: 1.0174 - accuracy: 0.6460
17/98 [====>.........................] - ETA: 2s - loss: 1.0119 - accuracy: 0.6482
19/98 [====>.........................] - ETA: 2s - loss: 1.0103 - accuracy: 0.6497
21/98 [=====>........................] - ETA: 2s - loss: 1.0095 - accuracy: 0.6503
23/98 [======>.......................] - ETA: 2s - loss: 1.0087 - accuracy: 0.6504
26/98 [======>.......................] - ETA: 2s - loss: 1.0048 - accuracy: 0.6523
28/98 [=======>......................] - ETA: 2s - loss: 1.0079 - accuracy: 0.6506
30/98 [========>.....................] - ETA: 2s - loss: 1.0089 - accuracy: 0.6496
32/98 [========>.....................] - ETA: 2s - loss: 1.0094 - accuracy: 0.6492
34/98 [=========>....................] - ETA: 2s - loss: 1.0088 - accuracy: 0.6501
36/98 [==========>...................] - ETA: 2s - loss: 1.0103 - accuracy: 0.6492
38/98 [==========>...................] - ETA: 1s - loss: 1.0123 - accuracy: 0.6491
40/98 [===========>..................] - ETA: 1s - loss: 1.0116 - accuracy: 0.6493
42/98 [===========>..................] - ETA: 1s - loss: 1.0131 - accuracy: 0.6488
44/98 [============>.................] - ETA: 1s - loss: 1.0114 - accuracy: 0.6501
46/98 [=============>................] - ETA: 1s - loss: 1.0119 - accuracy: 0.6499
48/98 [=============>................] - ETA: 1s - loss: 1.0119 - accuracy: 0.6495
50/98 [==============>...............] - ETA: 1s - loss: 1.0102 - accuracy: 0.6504
52/98 [==============>...............] - ETA: 1s - loss: 1.0108 - accuracy: 0.6506
54/98 [===============>..............] - ETA: 1s - loss: 1.0130 - accuracy: 0.6500
56/98 [================>.............] - ETA: 1s - loss: 1.0146 - accuracy: 0.6487
58/98 [================>.............] - ETA: 1s - loss: 1.0136 - accuracy: 0.6482
60/98 [=================>............] - ETA: 1s - loss: 1.0139 - accuracy: 0.6480
62/98 [=================>............] - ETA: 1s - loss: 1.0139 - accuracy: 0.6481
64/98 [==================>...........] - ETA: 1s - loss: 1.0141 - accuracy: 0.6480
66/98 [===================>..........] - ETA: 1s - loss: 1.0148 - accuracy: 0.6473
68/98 [===================>..........] - ETA: 0s - loss: 1.0124 - accuracy: 0.6482
70/98 [====================>.........] - ETA: 0s - loss: 1.0117 - accuracy: 0.6485
72/98 [=====================>........] - ETA: 0s - loss: 1.0125 - accuracy: 0.6482
74/98 [=====================>........] - ETA: 0s - loss: 1.0134 - accuracy: 0.6479
76/98 [======================>.......] - ETA: 0s - loss: 1.0137 - accuracy: 0.6476
78/98 [======================>.......] - ETA: 0s - loss: 1.0127 - accuracy: 0.6481
80/98 [=======================>......] - ETA: 0s - loss: 1.0135 - accuracy: 0.6474
82/98 [========================>.....] - ETA: 0s - loss: 1.0126 - accuracy: 0.6482
84/98 [========================>.....] - ETA: 0s - loss: 1.0123 - accuracy: 0.6482
86/98 [=========================>....] - ETA: 0s - loss: 1.0119 - accuracy: 0.6485
88/98 [=========================>....] - ETA: 0s - loss: 1.0132 - accuracy: 0.6476
90/98 [==========================>...] - ETA: 0s - loss: 1.0127 - accuracy: 0.6479
92/98 [===========================>..] - ETA: 0s - loss: 1.0137 - accuracy: 0.6474
94/98 [===========================>..] - ETA: 0s - loss: 1.0131 - accuracy: 0.6477
96/98 [============================>.] - ETA: 0s - loss: 1.0131 - accuracy: 0.6478
98/98 [==============================] - ETA: 0s - loss: 1.0142 - accuracy: 0.6471
98/98 [==============================] - 4s 42ms/step - loss: 1.0142 - accuracy: 0.6471 - val_loss: 1.1758 - val_accuracy: 0.5908
Epoch 9/249

 1/98 [..............................] - ETA: 4s - loss: 1.0467 - accuracy: 0.6211
 3/98 [..............................] - ETA: 2s - loss: 0.9702 - accuracy: 0.6725
 5/98 [>.............................] - ETA: 3s - loss: 0.9536 - accuracy: 0.6758
 8/98 [=>............................] - ETA: 2s - loss: 0.9441 - accuracy: 0.6804
10/98 [==>...........................] - ETA: 2s - loss: 0.9615 - accuracy: 0.6754
12/98 [==>...........................] - ETA: 2s - loss: 0.9654 - accuracy: 0.6721
14/98 [===>..........................] - ETA: 2s - loss: 0.9666 - accuracy: 0.6685
16/98 [===>..........................] - ETA: 2s - loss: 0.9646 - accuracy: 0.6692
18/98 [====>.........................] - ETA: 2s - loss: 0.9586 - accuracy: 0.6730
20/98 [=====>........................] - ETA: 2s - loss: 0.9628 - accuracy: 0.6715
22/98 [=====>........................] - ETA: 2s - loss: 0.9674 - accuracy: 0.6690
24/98 [======>.......................] - ETA: 2s - loss: 0.9663 - accuracy: 0.6679
26/98 [======>.......................] - ETA: 2s - loss: 0.9662 - accuracy: 0.6671
28/98 [=======>......................] - ETA: 2s - loss: 0.9641 - accuracy: 0.6664
30/98 [========>.....................] - ETA: 2s - loss: 0.9662 - accuracy: 0.6657
32/98 [========>.....................] - ETA: 2s - loss: 0.9669 - accuracy: 0.6649
34/98 [=========>....................] - ETA: 2s - loss: 0.9671 - accuracy: 0.6636
36/98 [==========>...................] - ETA: 2s - loss: 0.9650 - accuracy: 0.6638
38/98 [==========>...................] - ETA: 1s - loss: 0.9692 - accuracy: 0.6630
40/98 [===========>..................] - ETA: 1s - loss: 0.9722 - accuracy: 0.6628
42/98 [===========>..................] - ETA: 1s - loss: 0.9711 - accuracy: 0.6634
44/98 [============>.................] - ETA: 1s - loss: 0.9714 - accuracy: 0.6635
46/98 [=============>................] - ETA: 1s - loss: 0.9722 - accuracy: 0.6639
48/98 [=============>................] - ETA: 1s - loss: 0.9719 - accuracy: 0.6640
50/98 [==============>...............] - ETA: 1s - loss: 0.9699 - accuracy: 0.6645
52/98 [==============>...............] - ETA: 1s - loss: 0.9689 - accuracy: 0.6646
54/98 [===============>..............] - ETA: 1s - loss: 0.9684 - accuracy: 0.6649
56/98 [================>.............] - ETA: 1s - loss: 0.9675 - accuracy: 0.6653
58/98 [================>.............] - ETA: 1s - loss: 0.9690 - accuracy: 0.6648
60/98 [=================>............] - ETA: 1s - loss: 0.9713 - accuracy: 0.6636
62/98 [=================>............] - ETA: 1s - loss: 0.9732 - accuracy: 0.6628
64/98 [==================>...........] - ETA: 1s - loss: 0.9722 - accuracy: 0.6631
66/98 [===================>..........] - ETA: 1s - loss: 0.9713 - accuracy: 0.6637
68/98 [===================>..........] - ETA: 0s - loss: 0.9708 - accuracy: 0.6644
70/98 [====================>.........] - ETA: 0s - loss: 0.9718 - accuracy: 0.6638
72/98 [=====================>........] - ETA: 0s - loss: 0.9721 - accuracy: 0.6637
74/98 [=====================>........] - ETA: 0s - loss: 0.9725 - accuracy: 0.6632
76/98 [======================>.......] - ETA: 0s - loss: 0.9732 - accuracy: 0.6624
78/98 [======================>.......] - ETA: 0s - loss: 0.9728 - accuracy: 0.6629
80/98 [=======================>......] - ETA: 0s - loss: 0.9729 - accuracy: 0.6627
82/98 [========================>.....] - ETA: 0s - loss: 0.9722 - accuracy: 0.6627
84/98 [========================>.....] - ETA: 0s - loss: 0.9732 - accuracy: 0.6628
86/98 [=========================>....] - ETA: 0s - loss: 0.9737 - accuracy: 0.6626
88/98 [=========================>....] - ETA: 0s - loss: 0.9735 - accuracy: 0.6628
90/98 [==========================>...] - ETA: 0s - loss: 0.9732 - accuracy: 0.6630
92/98 [===========================>..] - ETA: 0s - loss: 0.9737 - accuracy: 0.6624
94/98 [===========================>..] - ETA: 0s - loss: 0.9744 - accuracy: 0.6621
96/98 [============================>.] - ETA: 0s - loss: 0.9749 - accuracy: 0.6620
98/98 [==============================] - ETA: 0s - loss: 0.9754 - accuracy: 0.6619
98/98 [==============================] - 4s 42ms/step - loss: 0.9754 - accuracy: 0.6619 - val_loss: 1.1592 - val_accuracy: 0.5941
Epoch 10/249

 1/98 [..............................] - ETA: 3s - loss: 0.9252 - accuracy: 0.6992
 3/98 [..............................] - ETA: 3s - loss: 0.9126 - accuracy: 0.7012
 5/98 [>.............................] - ETA: 3s - loss: 0.9163 - accuracy: 0.6918
 7/98 [=>............................] - ETA: 3s - loss: 0.9140 - accuracy: 0.6881
 9/98 [=>............................] - ETA: 2s - loss: 0.9147 - accuracy: 0.6897
11/98 [==>...........................] - ETA: 2s - loss: 0.9227 - accuracy: 0.6863
13/98 [==>...........................] - ETA: 2s - loss: 0.9250 - accuracy: 0.6831
15/98 [===>..........................] - ETA: 2s - loss: 0.9316 - accuracy: 0.6807
17/98 [====>.........................] - ETA: 2s - loss: 0.9222 - accuracy: 0.6846
19/98 [====>.........................] - ETA: 2s - loss: 0.9191 - accuracy: 0.6866
21/98 [=====>........................] - ETA: 2s - loss: 0.9181 - accuracy: 0.6855
24/98 [======>.......................] - ETA: 2s - loss: 0.9222 - accuracy: 0.6846
26/98 [======>.......................] - ETA: 2s - loss: 0.9273 - accuracy: 0.6830
28/98 [=======>......................] - ETA: 2s - loss: 0.9265 - accuracy: 0.6837
30/98 [========>.....................] - ETA: 2s - loss: 0.9266 - accuracy: 0.6830
