2024-06-26 15:06:40.336392: I tensorflow/core/platform/cpu_feature_guard.cc:193] This TensorFlow binary is optimized with oneAPI Deep Neural Network Library (oneDNN) to use the following CPU instructions in performance-critical operations:  AVX AVX2
To enable them in other operations, rebuild TensorFlow with the appropriate compiler flags.
2024-06-26 15:06:40.995370: I tensorflow/core/common_runtime/gpu/gpu_device.cc:1616] Created device /job:localhost/replica:0/task:0/device:GPU:0 with 6656 MB memory:  -> device: 0, name: NVIDIA GeForce RTX 4060 Ti, pci bus id: 0000:01:00.0, compute capability: 8.9
1 Physical GPUs, 1 Logical GPUs
Model: "sequential"
_________________________________________________________________
 Layer (type)                Output Shape              Param #   
=================================================================
 conv2d (Conv2D)             (None, 32, 32, 32)        896       
                                                                 
 batch_normalization (BatchN  (None, 32, 32, 32)       128       
 ormalization)                                                   
                                                                 
 conv2d_1 (Conv2D)           (None, 32, 32, 128)       102528    
                                                                 
 dropout (Dropout)           (None, 32, 32, 128)       0         
                                                                 
 flatten (Flatten)           (None, 131072)            0         
                                                                 
 dense (Dense)               (None, 32)                4194336   
                                                                 
 dropout_1 (Dropout)         (None, 32)                0         
                                                                 
 dense_1 (Dense)             (None, 10)                330       
                                                                 
=================================================================
Total params: 4,298,218
Trainable params: 4,298,154
Non-trainable params: 64
_________________________________________________________________
Taxa de aprendizado:  0.0001 Num de épocas:  57 Tamanho do lote:  512 Dropout:  0.41821
Epoch 1/57
2024-06-26 15:06:42.401098: I tensorflow/stream_executor/cuda/cuda_dnn.cc:384] Loaded cuDNN version 8100
2024-06-26 15:06:43.203611: W tensorflow/stream_executor/gpu/redzone_allocator.cc:314] INTERNAL: ptxas exited with non-zero error code -1, output: 
Relying on driver to perform ptx compilation. 
Modify $PATH to customize ptxas location.
This message will be only logged once.
2024-06-26 15:06:44.469558: I tensorflow/stream_executor/cuda/cuda_blas.cc:1614] TensorFloat-32 will be used for the matrix multiplication. This will only be logged once.

 1/98 [..............................] - ETA: 8:16 - loss: 2.4679 - accuracy: 0.1035
 2/98 [..............................] - ETA: 10s - loss: 2.6903 - accuracy: 0.1094 
 3/98 [..............................] - ETA: 9s - loss: 2.6675 - accuracy: 0.1230 
 4/98 [>.............................] - ETA: 9s - loss: 2.6377 - accuracy: 0.1387
 5/98 [>.............................] - ETA: 9s - loss: 2.6182 - accuracy: 0.1492
 6/98 [>.............................] - ETA: 9s - loss: 2.5838 - accuracy: 0.1592
 7/98 [=>............................] - ETA: 9s - loss: 2.5563 - accuracy: 0.1621
 8/98 [=>............................] - ETA: 9s - loss: 2.5181 - accuracy: 0.1697
 9/98 [=>............................] - ETA: 9s - loss: 2.4919 - accuracy: 0.1740
10/98 [==>...........................] - ETA: 9s - loss: 2.4713 - accuracy: 0.1811
11/98 [==>...........................] - ETA: 8s - loss: 2.4476 - accuracy: 0.1864
12/98 [==>...........................] - ETA: 8s - loss: 2.4225 - accuracy: 0.1908
13/98 [==>...........................] - ETA: 8s - loss: 2.4029 - accuracy: 0.1949
14/98 [===>..........................] - ETA: 8s - loss: 2.3852 - accuracy: 0.1988
15/98 [===>..........................] - ETA: 8s - loss: 2.3607 - accuracy: 0.2035
16/98 [===>..........................] - ETA: 8s - loss: 2.3431 - accuracy: 0.2080
17/98 [====>.........................] - ETA: 8s - loss: 2.3212 - accuracy: 0.2132
18/98 [====>.........................] - ETA: 8s - loss: 2.3086 - accuracy: 0.2142
19/98 [====>.........................] - ETA: 8s - loss: 2.2989 - accuracy: 0.2169
20/98 [=====>........................] - ETA: 8s - loss: 2.2874 - accuracy: 0.2205
21/98 [=====>........................] - ETA: 7s - loss: 2.2732 - accuracy: 0.2250
22/98 [=====>........................] - ETA: 7s - loss: 2.2634 - accuracy: 0.2261
23/98 [======>.......................] - ETA: 7s - loss: 2.2503 - accuracy: 0.2294
24/98 [======>.......................] - ETA: 7s - loss: 2.2361 - accuracy: 0.2339
25/98 [======>.......................] - ETA: 7s - loss: 2.2202 - accuracy: 0.2393
26/98 [======>.......................] - ETA: 7s - loss: 2.2139 - accuracy: 0.2407
27/98 [=======>......................] - ETA: 7s - loss: 2.2038 - accuracy: 0.2432
28/98 [=======>......................] - ETA: 7s - loss: 2.1942 - accuracy: 0.2459
29/98 [=======>......................] - ETA: 7s - loss: 2.1826 - accuracy: 0.2493
30/98 [========>.....................] - ETA: 7s - loss: 2.1742 - accuracy: 0.2507
31/98 [========>.....................] - ETA: 6s - loss: 2.1638 - accuracy: 0.2538
32/98 [========>.....................] - ETA: 6s - loss: 2.1572 - accuracy: 0.2554
33/98 [=========>....................] - ETA: 6s - loss: 2.1500 - accuracy: 0.2578
34/98 [=========>....................] - ETA: 6s - loss: 2.1423 - accuracy: 0.2595
35/98 [=========>....................] - ETA: 6s - loss: 2.1354 - accuracy: 0.2612
36/98 [==========>...................] - ETA: 6s - loss: 2.1278 - accuracy: 0.2634
37/98 [==========>...................] - ETA: 6s - loss: 2.1170 - accuracy: 0.2674
38/98 [==========>...................] - ETA: 6s - loss: 2.1075 - accuracy: 0.2707
39/98 [==========>...................] - ETA: 6s - loss: 2.1007 - accuracy: 0.2726
40/98 [===========>..................] - ETA: 6s - loss: 2.0934 - accuracy: 0.2740
41/98 [===========>..................] - ETA: 5s - loss: 2.0847 - accuracy: 0.2772
42/98 [===========>..................] - ETA: 5s - loss: 2.0777 - accuracy: 0.2787
43/98 [============>.................] - ETA: 5s - loss: 2.0699 - accuracy: 0.2810
44/98 [============>.................] - ETA: 5s - loss: 2.0627 - accuracy: 0.2835
45/98 [============>.................] - ETA: 5s - loss: 2.0568 - accuracy: 0.2854
46/98 [=============>................] - ETA: 5s - loss: 2.0514 - accuracy: 0.2877
47/98 [=============>................] - ETA: 5s - loss: 2.0448 - accuracy: 0.2899
48/98 [=============>................] - ETA: 5s - loss: 2.0391 - accuracy: 0.2917
49/98 [==============>...............] - ETA: 5s - loss: 2.0315 - accuracy: 0.2938
50/98 [==============>...............] - ETA: 4s - loss: 2.0258 - accuracy: 0.2953
51/98 [==============>...............] - ETA: 4s - loss: 2.0208 - accuracy: 0.2968
52/98 [==============>...............] - ETA: 4s - loss: 2.0150 - accuracy: 0.2980
53/98 [===============>..............] - ETA: 4s - loss: 2.0098 - accuracy: 0.2993
54/98 [===============>..............] - ETA: 4s - loss: 2.0059 - accuracy: 0.3007
55/98 [===============>..............] - ETA: 4s - loss: 1.9993 - accuracy: 0.3031
56/98 [================>.............] - ETA: 4s - loss: 1.9931 - accuracy: 0.3051
57/98 [================>.............] - ETA: 4s - loss: 1.9871 - accuracy: 0.3072
58/98 [================>.............] - ETA: 4s - loss: 1.9826 - accuracy: 0.3087
59/98 [=================>............] - ETA: 4s - loss: 1.9776 - accuracy: 0.3099
60/98 [=================>............] - ETA: 3s - loss: 1.9737 - accuracy: 0.3114
61/98 [=================>............] - ETA: 3s - loss: 1.9695 - accuracy: 0.3129
62/98 [=================>............] - ETA: 3s - loss: 1.9653 - accuracy: 0.3143
63/98 [==================>...........] - ETA: 3s - loss: 1.9616 - accuracy: 0.3159
64/98 [==================>...........] - ETA: 3s - loss: 1.9569 - accuracy: 0.3173
65/98 [==================>...........] - ETA: 3s - loss: 1.9531 - accuracy: 0.3187
66/98 [===================>..........] - ETA: 3s - loss: 1.9487 - accuracy: 0.3199
67/98 [===================>..........] - ETA: 3s - loss: 1.9438 - accuracy: 0.3216
68/98 [===================>..........] - ETA: 3s - loss: 1.9394 - accuracy: 0.3228
69/98 [====================>.........] - ETA: 2s - loss: 1.9355 - accuracy: 0.3241
70/98 [====================>.........] - ETA: 2s - loss: 1.9316 - accuracy: 0.3254
71/98 [====================>.........] - ETA: 3s - loss: 1.9291 - accuracy: 0.3262
72/98 [=====================>........] - ETA: 3s - loss: 1.9262 - accuracy: 0.3274
73/98 [=====================>........] - ETA: 3s - loss: 1.9217 - accuracy: 0.3288
74/98 [=====================>........] - ETA: 2s - loss: 1.9175 - accuracy: 0.3301
75/98 [=====================>........] - ETA: 2s - loss: 1.9141 - accuracy: 0.3314
76/98 [======================>.......] - ETA: 2s - loss: 1.9106 - accuracy: 0.3326
77/98 [======================>.......] - ETA: 2s - loss: 1.9072 - accuracy: 0.3336
78/98 [======================>.......] - ETA: 2s - loss: 1.9035 - accuracy: 0.3349
79/98 [=======================>......] - ETA: 2s - loss: 1.9009 - accuracy: 0.3358
80/98 [=======================>......] - ETA: 2s - loss: 1.8979 - accuracy: 0.3369
81/98 [=======================>......] - ETA: 2s - loss: 1.8945 - accuracy: 0.3383
82/98 [========================>.....] - ETA: 1s - loss: 1.8912 - accuracy: 0.3393
83/98 [========================>.....] - ETA: 1s - loss: 1.8874 - accuracy: 0.3408
84/98 [========================>.....] - ETA: 1s - loss: 1.8844 - accuracy: 0.3421
85/98 [=========================>....] - ETA: 1s - loss: 1.8816 - accuracy: 0.3425
86/98 [=========================>....] - ETA: 1s - loss: 1.8778 - accuracy: 0.3437
87/98 [=========================>....] - ETA: 1s - loss: 1.8750 - accuracy: 0.3447
88/98 [=========================>....] - ETA: 1s - loss: 1.8723 - accuracy: 0.3456
89/98 [==========================>...] - ETA: 1s - loss: 1.8704 - accuracy: 0.3462
90/98 [==========================>...] - ETA: 0s - loss: 1.8670 - accuracy: 0.3474
91/98 [==========================>...] - ETA: 0s - loss: 1.8638 - accuracy: 0.3486
92/98 [===========================>..] - ETA: 0s - loss: 1.8598 - accuracy: 0.3499
93/98 [===========================>..] - ETA: 0s - loss: 1.8575 - accuracy: 0.3510
94/98 [===========================>..] - ETA: 0s - loss: 1.8553 - accuracy: 0.3516
95/98 [============================>.] - ETA: 0s - loss: 1.8522 - accuracy: 0.3528
96/98 [============================>.] - ETA: 0s - loss: 1.8504 - accuracy: 0.3534
97/98 [============================>.] - ETA: 0s - loss: 1.8472 - accuracy: 0.3543
98/98 [==============================] - ETA: 0s - loss: 1.8447 - accuracy: 0.3551
98/98 [==============================] - 18s 131ms/step - loss: 1.8447 - accuracy: 0.3551 - val_loss: 2.0355 - val_accuracy: 0.2917
Epoch 2/57

 1/98 [..............................] - ETA: 12s - loss: 1.5397 - accuracy: 0.4707
 2/98 [..............................] - ETA: 9s - loss: 1.5173 - accuracy: 0.4785 
 3/98 [..............................] - ETA: 9s - loss: 1.5051 - accuracy: 0.4811
 4/98 [>.............................] - ETA: 9s - loss: 1.5236 - accuracy: 0.4717
 5/98 [>.............................] - ETA: 9s - loss: 1.5360 - accuracy: 0.4637
 6/98 [>.............................] - ETA: 9s - loss: 1.5519 - accuracy: 0.4541
 7/98 [=>............................] - ETA: 9s - loss: 1.5506 - accuracy: 0.4517
 8/98 [=>............................] - ETA: 9s - loss: 1.5534 - accuracy: 0.4546
 9/98 [=>............................] - ETA: 9s - loss: 1.5489 - accuracy: 0.4588
10/98 [==>...........................] - ETA: 8s - loss: 1.5508 - accuracy: 0.4575
11/98 [==>...........................] - ETA: 8s - loss: 1.5517 - accuracy: 0.4584
12/98 [==>...........................] - ETA: 8s - loss: 1.5503 - accuracy: 0.4571
13/98 [==>...........................] - ETA: 8s - loss: 1.5439 - accuracy: 0.4596
14/98 [===>..........................] - ETA: 8s - loss: 1.5472 - accuracy: 0.4580
15/98 [===>..........................] - ETA: 8s - loss: 1.5481 - accuracy: 0.4583
16/98 [===>..........................] - ETA: 8s - loss: 1.5461 - accuracy: 0.4598
17/98 [====>.........................] - ETA: 8s - loss: 1.5417 - accuracy: 0.4618
18/98 [====>.........................] - ETA: 8s - loss: 1.5414 - accuracy: 0.4623
19/98 [====>.........................] - ETA: 8s - loss: 1.5398 - accuracy: 0.4635
20/98 [=====>........................] - ETA: 7s - loss: 1.5373 - accuracy: 0.4646
21/98 [=====>........................] - ETA: 7s - loss: 1.5383 - accuracy: 0.4642
22/98 [=====>........................] - ETA: 7s - loss: 1.5365 - accuracy: 0.4652
23/98 [======>.......................] - ETA: 7s - loss: 1.5374 - accuracy: 0.4641
24/98 [======>.......................] - ETA: 7s - loss: 1.5343 - accuracy: 0.4658
25/98 [======>.......................] - ETA: 7s - loss: 1.5330 - accuracy: 0.4664
26/98 [======>.......................] - ETA: 7s - loss: 1.5339 - accuracy: 0.4665
27/98 [=======>......................] - ETA: 7s - loss: 1.5310 - accuracy: 0.4676
28/98 [=======>......................] - ETA: 7s - loss: 1.5309 - accuracy: 0.4667
29/98 [=======>......................] - ETA: 7s - loss: 1.5317 - accuracy: 0.4662
30/98 [========>.....................] - ETA: 6s - loss: 1.5312 - accuracy: 0.4660
31/98 [========>.....................] - ETA: 6s - loss: 1.5306 - accuracy: 0.4656
32/98 [========>.....................] - ETA: 6s - loss: 1.5302 - accuracy: 0.4660
33/98 [=========>....................] - ETA: 6s - loss: 1.5303 - accuracy: 0.4661
34/98 [=========>....................] - ETA: 6s - loss: 1.5259 - accuracy: 0.4683
35/98 [=========>....................] - ETA: 6s - loss: 1.5242 - accuracy: 0.4684
36/98 [==========>...................] - ETA: 6s - loss: 1.5233 - accuracy: 0.4678
37/98 [==========>...................] - ETA: 6s - loss: 1.5225 - accuracy: 0.4682
38/98 [==========>...................] - ETA: 6s - loss: 1.5211 - accuracy: 0.4688
39/98 [==========>...................] - ETA: 6s - loss: 1.5197 - accuracy: 0.4697
40/98 [===========>..................] - ETA: 5s - loss: 1.5186 - accuracy: 0.4710
41/98 [===========>..................] - ETA: 5s - loss: 1.5178 - accuracy: 0.4714
42/98 [===========>..................] - ETA: 5s - loss: 1.5170 - accuracy: 0.4717
43/98 [============>.................] - ETA: 5s - loss: 1.5155 - accuracy: 0.4724
44/98 [============>.................] - ETA: 5s - loss: 1.5132 - accuracy: 0.4727
45/98 [============>.................] - ETA: 5s - loss: 1.5120 - accuracy: 0.4728
46/98 [=============>................] - ETA: 5s - loss: 1.5097 - accuracy: 0.4738
47/98 [=============>................] - ETA: 5s - loss: 1.5067 - accuracy: 0.4749
48/98 [=============>................] - ETA: 5s - loss: 1.5061 - accuracy: 0.4754
49/98 [==============>...............] - ETA: 5s - loss: 1.5039 - accuracy: 0.4766
50/98 [==============>...............] - ETA: 4s - loss: 1.5037 - accuracy: 0.4764
51/98 [==============>...............] - ETA: 4s - loss: 1.5022 - accuracy: 0.4769
52/98 [==============>...............] - ETA: 4s - loss: 1.5005 - accuracy: 0.4779
53/98 [===============>..............] - ETA: 4s - loss: 1.4993 - accuracy: 0.4785
54/98 [===============>..............] - ETA: 4s - loss: 1.4996 - accuracy: 0.4781
55/98 [===============>..............] - ETA: 4s - loss: 1.4997 - accuracy: 0.4778
56/98 [================>.............] - ETA: 4s - loss: 1.4995 - accuracy: 0.4778
57/98 [================>.............] - ETA: 4s - loss: 1.4985 - accuracy: 0.4781
58/98 [================>.............] - ETA: 4s - loss: 1.4982 - accuracy: 0.4782
59/98 [=================>............] - ETA: 3s - loss: 1.4980 - accuracy: 0.4781
60/98 [=================>............] - ETA: 3s - loss: 1.4965 - accuracy: 0.4785
61/98 [=================>............] - ETA: 3s - loss: 1.4951 - accuracy: 0.4791
62/98 [=================>............] - ETA: 3s - loss: 1.4929 - accuracy: 0.4800
63/98 [==================>...........] - ETA: 3s - loss: 1.4921 - accuracy: 0.4802
64/98 [==================>...........] - ETA: 3s - loss: 1.4928 - accuracy: 0.4796
65/98 [==================>...........] - ETA: 3s - loss: 1.4911 - accuracy: 0.4798
66/98 [===================>..........] - ETA: 3s - loss: 1.4907 - accuracy: 0.4800
67/98 [===================>..........] - ETA: 3s - loss: 1.4887 - accuracy: 0.4809
68/98 [===================>..........] - ETA: 3s - loss: 1.4882 - accuracy: 0.4815
69/98 [====================>.........] - ETA: 2s - loss: 1.4870 - accuracy: 0.4820
70/98 [====================>.........] - ETA: 2s - loss: 1.4862 - accuracy: 0.4820
71/98 [====================>.........] - ETA: 2s - loss: 1.4840 - accuracy: 0.4824
72/98 [=====================>........] - ETA: 2s - loss: 1.4836 - accuracy: 0.4828
73/98 [=====================>........] - ETA: 2s - loss: 1.4830 - accuracy: 0.4834
74/98 [=====================>........] - ETA: 2s - loss: 1.4826 - accuracy: 0.4836
75/98 [=====================>........] - ETA: 2s - loss: 1.4817 - accuracy: 0.4838
76/98 [======================>.......] - ETA: 2s - loss: 1.4797 - accuracy: 0.4848
77/98 [======================>.......] - ETA: 2s - loss: 1.4790 - accuracy: 0.4850
78/98 [======================>.......] - ETA: 2s - loss: 1.4789 - accuracy: 0.4850
79/98 [=======================>......] - ETA: 1s - loss: 1.4778 - accuracy: 0.4855
80/98 [=======================>......] - ETA: 1s - loss: 1.4759 - accuracy: 0.4866
81/98 [=======================>......] - ETA: 1s - loss: 1.4757 - accuracy: 0.4865
82/98 [========================>.....] - ETA: 1s - loss: 1.4753 - accuracy: 0.4868
83/98 [========================>.....] - ETA: 1s - loss: 1.4753 - accuracy: 0.4870
84/98 [========================>.....] - ETA: 1s - loss: 1.4747 - accuracy: 0.4872
85/98 [=========================>....] - ETA: 1s - loss: 1.4750 - accuracy: 0.4872
86/98 [=========================>....] - ETA: 1s - loss: 1.4745 - accuracy: 0.4876
87/98 [=========================>....] - ETA: 1s - loss: 1.4741 - accuracy: 0.4874
88/98 [=========================>....] - ETA: 1s - loss: 1.4742 - accuracy: 0.4872
89/98 [==========================>...] - ETA: 0s - loss: 1.4732 - accuracy: 0.4874
90/98 [==========================>...] - ETA: 0s - loss: 1.4722 - accuracy: 0.4879
91/98 [==========================>...] - ETA: 0s - loss: 1.4712 - accuracy: 0.4883
92/98 [===========================>..] - ETA: 0s - loss: 1.4702 - accuracy: 0.4883
93/98 [===========================>..] - ETA: 0s - loss: 1.4700 - accuracy: 0.4886
94/98 [===========================>..] - ETA: 0s - loss: 1.4682 - accuracy: 0.4890
95/98 [============================>.] - ETA: 0s - loss: 1.4669 - accuracy: 0.4895
96/98 [============================>.] - ETA: 0s - loss: 1.4663 - accuracy: 0.4898
97/98 [============================>.] - ETA: 0s - loss: 1.4665 - accuracy: 0.4897
98/98 [==============================] - ETA: 0s - loss: 1.4664 - accuracy: 0.4901
98/98 [==============================] - 11s 111ms/step - loss: 1.4664 - accuracy: 0.4901 - val_loss: 1.8052 - val_accuracy: 0.4388
Epoch 3/57

 1/98 [..............................] - ETA: 12s - loss: 1.3654 - accuracy: 0.5332
 2/98 [..............................] - ETA: 10s - loss: 1.3719 - accuracy: 0.5391
 3/98 [..............................] - ETA: 9s - loss: 1.3731 - accuracy: 0.5384 
 4/98 [>.............................] - ETA: 9s - loss: 1.3725 - accuracy: 0.5376
 5/98 [>.............................] - ETA: 9s - loss: 1.3515 - accuracy: 0.5414
 6/98 [>.............................] - ETA: 9s - loss: 1.3416 - accuracy: 0.5420
 7/98 [=>............................] - ETA: 9s - loss: 1.3405 - accuracy: 0.5419
 8/98 [=>............................] - ETA: 9s - loss: 1.3327 - accuracy: 0.5449
 9/98 [=>............................] - ETA: 9s - loss: 1.3323 - accuracy: 0.5467
10/98 [==>...........................] - ETA: 9s - loss: 1.3309 - accuracy: 0.5459
11/98 [==>...........................] - ETA: 8s - loss: 1.3305 - accuracy: 0.5455
12/98 [==>...........................] - ETA: 8s - loss: 1.3309 - accuracy: 0.5456
13/98 [==>...........................] - ETA: 8s - loss: 1.3293 - accuracy: 0.5460
14/98 [===>..........................] - ETA: 8s - loss: 1.3258 - accuracy: 0.5483
15/98 [===>..........................] - ETA: 8s - loss: 1.3290 - accuracy: 0.5458
16/98 [===>..........................] - ETA: 8s - loss: 1.3279 - accuracy: 0.5466
17/98 [====>.........................] - ETA: 8s - loss: 1.3266 - accuracy: 0.5474
18/98 [====>.........................] - ETA: 8s - loss: 1.3259 - accuracy: 0.5481
19/98 [====>.........................] - ETA: 8s - loss: 1.3224 - accuracy: 0.5498
20/98 [=====>........................] - ETA: 8s - loss: 1.3180 - accuracy: 0.5512
21/98 [=====>........................] - ETA: 7s - loss: 1.3156 - accuracy: 0.5521
22/98 [=====>........................] - ETA: 7s - loss: 1.3137 - accuracy: 0.5528
23/98 [======>.......................] - ETA: 7s - loss: 1.3141 - accuracy: 0.5527
24/98 [======>.......................] - ETA: 7s - loss: 1.3150 - accuracy: 0.5515
25/98 [======>.......................] - ETA: 7s - loss: 1.3169 - accuracy: 0.5513
26/98 [======>.......................] - ETA: 7s - loss: 1.3167 - accuracy: 0.5512
27/98 [=======>......................] - ETA: 7s - loss: 1.3172 - accuracy: 0.5514
28/98 [=======>......................] - ETA: 7s - loss: 1.3187 - accuracy: 0.5502
29/98 [=======>......................] - ETA: 7s - loss: 1.3203 - accuracy: 0.5498
30/98 [========>.....................] - ETA: 6s - loss: 1.3201 - accuracy: 0.5497
31/98 [========>.....................] - ETA: 6s - loss: 1.3208 - accuracy: 0.5492
32/98 [========>.....................] - ETA: 6s - loss: 1.3203 - accuracy: 0.5491
33/98 [=========>....................] - ETA: 6s - loss: 1.3199 - accuracy: 0.5492
34/98 [=========>....................] - ETA: 6s - loss: 1.3203 - accuracy: 0.5497
35/98 [=========>....................] - ETA: 6s - loss: 1.3198 - accuracy: 0.5504
36/98 [==========>...................] - ETA: 6s - loss: 1.3189 - accuracy: 0.5509
37/98 [==========>...................] - ETA: 6s - loss: 1.3192 - accuracy: 0.5507
38/98 [==========>...................] - ETA: 6s - loss: 1.3183 - accuracy: 0.5513
39/98 [==========>...................] - ETA: 6s - loss: 1.3171 - accuracy: 0.5516
40/98 [===========>..................] - ETA: 5s - loss: 1.3165 - accuracy: 0.5521
41/98 [===========>..................] - ETA: 5s - loss: 1.3167 - accuracy: 0.5521
42/98 [===========>..................] - ETA: 5s - loss: 1.3154 - accuracy: 0.5519
43/98 [============>.................] - ETA: 5s - loss: 1.3160 - accuracy: 0.5514
44/98 [============>.................] - ETA: 5s - loss: 1.3166 - accuracy: 0.5509
45/98 [============>.................] - ETA: 5s - loss: 1.3142 - accuracy: 0.5517
46/98 [=============>................] - ETA: 5s - loss: 1.3145 - accuracy: 0.5518
47/98 [=============>................] - ETA: 5s - loss: 1.3136 - accuracy: 0.5521
48/98 [=============>................] - ETA: 5s - loss: 1.3135 - accuracy: 0.5522
49/98 [==============>...............] - ETA: 5s - loss: 1.3140 - accuracy: 0.5520
50/98 [==============>...............] - ETA: 4s - loss: 1.3137 - accuracy: 0.5521
51/98 [==============>...............] - ETA: 4s - loss: 1.3137 - accuracy: 0.5524
52/98 [==============>...............] - ETA: 4s - loss: 1.3133 - accuracy: 0.5529
53/98 [===============>..............] - ETA: 4s - loss: 1.3135 - accuracy: 0.5528
54/98 [===============>..............] - ETA: 4s - loss: 1.3137 - accuracy: 0.5527
55/98 [===============>..............] - ETA: 4s - loss: 1.3143 - accuracy: 0.5520
56/98 [================>.............] - ETA: 4s - loss: 1.3156 - accuracy: 0.5511
57/98 [================>.............] - ETA: 4s - loss: 1.3164 - accuracy: 0.5510
58/98 [================>.............] - ETA: 4s - loss: 1.3170 - accuracy: 0.5508
59/98 [=================>............] - ETA: 3s - loss: 1.3174 - accuracy: 0.5508
60/98 [=================>............] - ETA: 3s - loss: 1.3172 - accuracy: 0.5509
61/98 [=================>............] - ETA: 3s - loss: 1.3174 - accuracy: 0.5504
62/98 [=================>............] - ETA: 3s - loss: 1.3184 - accuracy: 0.5501
63/98 [==================>...........] - ETA: 3s - loss: 1.3169 - accuracy: 0.5506
64/98 [==================>...........] - ETA: 3s - loss: 1.3179 - accuracy: 0.5501
65/98 [==================>...........] - ETA: 3s - loss: 1.3164 - accuracy: 0.5507
66/98 [===================>..........] - ETA: 3s - loss: 1.3159 - accuracy: 0.5510
67/98 [===================>..........] - ETA: 3s - loss: 1.3160 - accuracy: 0.5509
68/98 [===================>..........] - ETA: 3s - loss: 1.3156 - accuracy: 0.5513
69/98 [====================>.........] - ETA: 2s - loss: 1.3152 - accuracy: 0.5512
70/98 [====================>.........] - ETA: 2s - loss: 1.3143 - accuracy: 0.5517
71/98 [====================>.........] - ETA: 2s - loss: 1.3142 - accuracy: 0.5519
72/98 [=====================>........] - ETA: 2s - loss: 1.3143 - accuracy: 0.5518
73/98 [=====================>........] - ETA: 2s - loss: 1.3137 - accuracy: 0.5517
74/98 [=====================>........] - ETA: 2s - loss: 1.3139 - accuracy: 0.5513
75/98 [=====================>........] - ETA: 2s - loss: 1.3135 - accuracy: 0.5512
76/98 [======================>.......] - ETA: 2s - loss: 1.3125 - accuracy: 0.5515
77/98 [======================>.......] - ETA: 2s - loss: 1.3117 - accuracy: 0.5516
78/98 [======================>.......] - ETA: 2s - loss: 1.3118 - accuracy: 0.5515
79/98 [=======================>......] - ETA: 1s - loss: 1.3120 - accuracy: 0.5517
80/98 [=======================>......] - ETA: 1s - loss: 1.3121 - accuracy: 0.5517
81/98 [=======================>......] - ETA: 1s - loss: 1.3132 - accuracy: 0.5515
82/98 [========================>.....] - ETA: 1s - loss: 1.3137 - accuracy: 0.5513
83/98 [========================>.....] - ETA: 1s - loss: 1.3136 - accuracy: 0.5511
84/98 [========================>.....] - ETA: 1s - loss: 1.3135 - accuracy: 0.5511
85/98 [=========================>....] - ETA: 1s - loss: 1.3133 - accuracy: 0.5513
86/98 [=========================>....] - ETA: 1s - loss: 1.3139 - accuracy: 0.5509
87/98 [=========================>....] - ETA: 1s - loss: 1.3131 - accuracy: 0.5512
88/98 [=========================>....] - ETA: 1s - loss: 1.3133 - accuracy: 0.5511
89/98 [==========================>...] - ETA: 0s - loss: 1.3137 - accuracy: 0.5507
90/98 [==========================>...] - ETA: 0s - loss: 1.3138 - accuracy: 0.5507
91/98 [==========================>...] - ETA: 0s - loss: 1.3142 - accuracy: 0.5506
92/98 [===========================>..] - ETA: 0s - loss: 1.3135 - accuracy: 0.5511
93/98 [===========================>..] - ETA: 0s - loss: 1.3135 - accuracy: 0.5509
94/98 [===========================>..] - ETA: 0s - loss: 1.3125 - accuracy: 0.5511
95/98 [============================>.] - ETA: 0s - loss: 1.3123 - accuracy: 0.5512
96/98 [============================>.] - ETA: 0s - loss: 1.3120 - accuracy: 0.5515
97/98 [============================>.] - ETA: 0s - loss: 1.3115 - accuracy: 0.5516
98/98 [==============================] - ETA: 0s - loss: 1.3110 - accuracy: 0.5517
98/98 [==============================] - 11s 111ms/step - loss: 1.3110 - accuracy: 0.5517 - val_loss: 1.5835 - val_accuracy: 0.5015
Epoch 4/57

 1/98 [..............................] - ETA: 11s - loss: 1.2909 - accuracy: 0.5938
 2/98 [..............................] - ETA: 9s - loss: 1.2220 - accuracy: 0.6074 
 3/98 [..............................] - ETA: 9s - loss: 1.2141 - accuracy: 0.5983
 4/98 [>.............................] - ETA: 9s - loss: 1.2083 - accuracy: 0.5952
 5/98 [>.............................] - ETA: 9s - loss: 1.2251 - accuracy: 0.5859
 6/98 [>.............................] - ETA: 9s - loss: 1.2319 - accuracy: 0.5814
 7/98 [=>............................] - ETA: 9s - loss: 1.2237 - accuracy: 0.5851
 8/98 [=>............................] - ETA: 9s - loss: 1.2307 - accuracy: 0.5828
 9/98 [=>............................] - ETA: 9s - loss: 1.2340 - accuracy: 0.5812
10/98 [==>...........................] - ETA: 8s - loss: 1.2370 - accuracy: 0.5781
11/98 [==>...........................] - ETA: 8s - loss: 1.2354 - accuracy: 0.5781
12/98 [==>...........................] - ETA: 8s - loss: 1.2391 - accuracy: 0.5775
13/98 [==>...........................] - ETA: 8s - loss: 1.2362 - accuracy: 0.5777
14/98 [===>..........................] - ETA: 8s - loss: 1.2361 - accuracy: 0.5781
15/98 [===>..........................] - ETA: 8s - loss: 1.2320 - accuracy: 0.5793
16/98 [===>..........................] - ETA: 8s - loss: 1.2281 - accuracy: 0.5808
17/98 [====>.........................] - ETA: 8s - loss: 1.2316 - accuracy: 0.5795
18/98 [====>.........................] - ETA: 8s - loss: 1.2339 - accuracy: 0.5778
19/98 [====>.........................] - ETA: 8s - loss: 1.2333 - accuracy: 0.5780
20/98 [=====>........................] - ETA: 7s - loss: 1.2308 - accuracy: 0.5782
21/98 [=====>........................] - ETA: 7s - loss: 1.2266 - accuracy: 0.5807
22/98 [=====>........................] - ETA: 7s - loss: 1.2267 - accuracy: 0.5814
23/98 [======>.......................] - ETA: 7s - loss: 1.2236 - accuracy: 0.5822
24/98 [======>.......................] - ETA: 7s - loss: 1.2234 - accuracy: 0.5826
25/98 [======>.......................] - ETA: 7s - loss: 1.2214 - accuracy: 0.5832
26/98 [======>.......................] - ETA: 7s - loss: 1.2214 - accuracy: 0.5840
27/98 [=======>......................] - ETA: 7s - loss: 1.2201 - accuracy: 0.5841
28/98 [=======>......................] - ETA: 7s - loss: 1.2211 - accuracy: 0.5837
29/98 [=======>......................] - ETA: 7s - loss: 1.2199 - accuracy: 0.5841
30/98 [========>.....................] - ETA: 6s - loss: 1.2198 - accuracy: 0.5845
31/98 [========>.....................] - ETA: 6s - loss: 1.2195 - accuracy: 0.5848
32/98 [========>.....................] - ETA: 6s - loss: 1.2190 - accuracy: 0.5854
33/98 [=========>....................] - ETA: 6s - loss: 1.2203 - accuracy: 0.5847
34/98 [=========>....................] - ETA: 6s - loss: 1.2214 - accuracy: 0.5841
35/98 [=========>....................] - ETA: 6s - loss: 1.2215 - accuracy: 0.5846
36/98 [==========>...................] - ETA: 6s - loss: 1.2220 - accuracy: 0.5843
37/98 [==========>...................] - ETA: 6s - loss: 1.2192 - accuracy: 0.5855
38/98 [==========>...................] - ETA: 6s - loss: 1.2176 - accuracy: 0.5861
39/98 [==========>...................] - ETA: 6s - loss: 1.2159 - accuracy: 0.5867
40/98 [===========>..................] - ETA: 5s - loss: 1.2156 - accuracy: 0.5865
41/98 [===========>..................] - ETA: 5s - loss: 1.2157 - accuracy: 0.5866
42/98 [===========>..................] - ETA: 5s - loss: 1.2163 - accuracy: 0.5864
43/98 [============>.................] - ETA: 5s - loss: 1.2145 - accuracy: 0.5875
44/98 [============>.................] - ETA: 5s - loss: 1.2162 - accuracy: 0.5872
45/98 [============>.................] - ETA: 5s - loss: 1.2151 - accuracy: 0.5879
46/98 [=============>................] - ETA: 5s - loss: 1.2143 - accuracy: 0.5883
47/98 [=============>................] - ETA: 5s - loss: 1.2123 - accuracy: 0.5890
48/98 [=============>................] - ETA: 5s - loss: 1.2107 - accuracy: 0.5899
49/98 [==============>...............] - ETA: 5s - loss: 1.2109 - accuracy: 0.5898
50/98 [==============>...............] - ETA: 4s - loss: 1.2112 - accuracy: 0.5899
51/98 [==============>...............] - ETA: 4s - loss: 1.2109 - accuracy: 0.5901
52/98 [==============>...............] - ETA: 4s - loss: 1.2107 - accuracy: 0.5902
53/98 [===============>..............] - ETA: 4s - loss: 1.2104 - accuracy: 0.5905
54/98 [===============>..............] - ETA: 4s - loss: 1.2103 - accuracy: 0.5906
55/98 [===============>..............] - ETA: 4s - loss: 1.2102 - accuracy: 0.5911
56/98 [================>.............] - ETA: 4s - loss: 1.2103 - accuracy: 0.5913
57/98 [================>.............] - ETA: 4s - loss: 1.2111 - accuracy: 0.5910
58/98 [================>.............] - ETA: 4s - loss: 1.2108 - accuracy: 0.5910
59/98 [=================>............] - ETA: 3s - loss: 1.2109 - accuracy: 0.5906
60/98 [=================>............] - ETA: 3s - loss: 1.2113 - accuracy: 0.5907
61/98 [=================>............] - ETA: 3s - loss: 1.2120 - accuracy: 0.5907
62/98 [=================>............] - ETA: 3s - loss: 1.2122 - accuracy: 0.5911
63/98 [==================>...........] - ETA: 3s - loss: 1.2119 - accuracy: 0.5911
64/98 [==================>...........] - ETA: 3s - loss: 1.2115 - accuracy: 0.5913
65/98 [==================>...........] - ETA: 3s - loss: 1.2121 - accuracy: 0.5912
66/98 [===================>..........] - ETA: 3s - loss: 1.2112 - accuracy: 0.5913
67/98 [===================>..........] - ETA: 3s - loss: 1.2103 - accuracy: 0.5921
68/98 [===================>..........] - ETA: 3s - loss: 1.2095 - accuracy: 0.5927
69/98 [====================>.........] - ETA: 2s - loss: 1.2088 - accuracy: 0.5931
70/98 [====================>.........] - ETA: 2s - loss: 1.2086 - accuracy: 0.5931
71/98 [====================>.........] - ETA: 2s - loss: 1.2090 - accuracy: 0.5932
72/98 [=====================>........] - ETA: 2s - loss: 1.2070 - accuracy: 0.5940
73/98 [=====================>........] - ETA: 2s - loss: 1.2070 - accuracy: 0.5940
74/98 [=====================>........] - ETA: 2s - loss: 1.2071 - accuracy: 0.5939
75/98 [=====================>........] - ETA: 2s - loss: 1.2075 - accuracy: 0.5935
76/98 [======================>.......] - ETA: 2s - loss: 1.2068 - accuracy: 0.5940
77/98 [======================>.......] - ETA: 2s - loss: 1.2067 - accuracy: 0.5939
78/98 [======================>.......] - ETA: 2s - loss: 1.2069 - accuracy: 0.5939
79/98 [=======================>......] - ETA: 1s - loss: 1.2061 - accuracy: 0.5941
80/98 [=======================>......] - ETA: 1s - loss: 1.2059 - accuracy: 0.5941
81/98 [=======================>......] - ETA: 1s - loss: 1.2065 - accuracy: 0.5938
82/98 [========================>.....] - ETA: 1s - loss: 1.2076 - accuracy: 0.5934
83/98 [========================>.....] - ETA: 1s - loss: 1.2067 - accuracy: 0.5934
84/98 [========================>.....] - ETA: 1s - loss: 1.2078 - accuracy: 0.5930
85/98 [=========================>....] - ETA: 1s - loss: 1.2083 - accuracy: 0.5929
86/98 [=========================>....] - ETA: 1s - loss: 1.2080 - accuracy: 0.5929
87/98 [=========================>....] - ETA: 1s - loss: 1.2081 - accuracy: 0.5930
88/98 [=========================>....] - ETA: 1s - loss: 1.2072 - accuracy: 0.5935
89/98 [==========================>...] - ETA: 0s - loss: 1.2064 - accuracy: 0.5938
90/98 [==========================>...] - ETA: 0s - loss: 1.2067 - accuracy: 0.5938
91/98 [==========================>...] - ETA: 0s - loss: 1.2074 - accuracy: 0.5933
92/98 [===========================>..] - ETA: 0s - loss: 1.2067 - accuracy: 0.5938
93/98 [===========================>..] - ETA: 0s - loss: 1.2066 - accuracy: 0.5935
94/98 [===========================>..] - ETA: 0s - loss: 1.2057 - accuracy: 0.5938
95/98 [============================>.] - ETA: 0s - loss: 1.2057 - accuracy: 0.5937
96/98 [============================>.] - ETA: 0s - loss: 1.2057 - accuracy: 0.5936
97/98 [============================>.] - ETA: 0s - loss: 1.2060 - accuracy: 0.5935
98/98 [==============================] - ETA: 0s - loss: 1.2061 - accuracy: 0.5934
98/98 [==============================] - 11s 111ms/step - loss: 1.2061 - accuracy: 0.5934 - val_loss: 1.4064 - val_accuracy: 0.5408
Epoch 5/57

 1/98 [..............................] - ETA: 10s - loss: 1.1677 - accuracy: 0.6074
 2/98 [..............................] - ETA: 10s - loss: 1.1679 - accuracy: 0.5938
 3/98 [..............................] - ETA: 10s - loss: 1.1547 - accuracy: 0.5996
 4/98 [>.............................] - ETA: 8s - loss: 1.1611 - accuracy: 0.5935 
 5/98 [>.............................] - ETA: 9s - loss: 1.1505 - accuracy: 0.5982
 6/98 [>.............................] - ETA: 8s - loss: 1.1458 - accuracy: 0.6036
 7/98 [=>............................] - ETA: 9s - loss: 1.1367 - accuracy: 0.6094
 8/98 [=>............................] - ETA: 9s - loss: 1.1415 - accuracy: 0.6054
 9/98 [=>............................] - ETA: 8s - loss: 1.1414 - accuracy: 0.6079
10/98 [==>...........................] - ETA: 8s - loss: 1.1323 - accuracy: 0.6133
11/98 [==>...........................] - ETA: 8s - loss: 1.1359 - accuracy: 0.6135
12/98 [==>...........................] - ETA: 8s - loss: 1.1275 - accuracy: 0.6186
13/98 [==>...........................] - ETA: 8s - loss: 1.1290 - accuracy: 0.6191
14/98 [===>..........................] - ETA: 8s - loss: 1.1277 - accuracy: 0.6203
15/98 [===>..........................] - ETA: 8s - loss: 1.1287 - accuracy: 0.6194
16/98 [===>..........................] - ETA: 8s - loss: 1.1267 - accuracy: 0.6214
17/98 [====>.........................] - ETA: 8s - loss: 1.1318 - accuracy: 0.6198
18/98 [====>.........................] - ETA: 8s - loss: 1.1242 - accuracy: 0.6231
19/98 [====>.........................] - ETA: 8s - loss: 1.1244 - accuracy: 0.6220
20/98 [=====>........................] - ETA: 7s - loss: 1.1228 - accuracy: 0.6227
21/98 [=====>........................] - ETA: 7s - loss: 1.1211 - accuracy: 0.6232
22/98 [=====>........................] - ETA: 7s - loss: 1.1241 - accuracy: 0.6209
23/98 [======>.......................] - ETA: 7s - loss: 1.1248 - accuracy: 0.6202
24/98 [======>.......................] - ETA: 7s - loss: 1.1282 - accuracy: 0.6194
25/98 [======>.......................] - ETA: 7s - loss: 1.1287 - accuracy: 0.6187
26/98 [======>.......................] - ETA: 7s - loss: 1.1292 - accuracy: 0.6188
27/98 [=======>......................] - ETA: 7s - loss: 1.1275 - accuracy: 0.6193
28/98 [=======>......................] - ETA: 7s - loss: 1.1288 - accuracy: 0.6186
29/98 [=======>......................] - ETA: 7s - loss: 1.1302 - accuracy: 0.6174
30/98 [========>.....................] - ETA: 6s - loss: 1.1308 - accuracy: 0.6168
31/98 [========>.....................] - ETA: 6s - loss: 1.1289 - accuracy: 0.6172
32/98 [========>.....................] - ETA: 6s - loss: 1.1281 - accuracy: 0.6175
33/98 [=========>....................] - ETA: 6s - loss: 1.1293 - accuracy: 0.6174
34/98 [=========>....................] - ETA: 6s - loss: 1.1292 - accuracy: 0.6175
35/98 [=========>....................] - ETA: 6s - loss: 1.1289 - accuracy: 0.6178
36/98 [==========>...................] - ETA: 6s - loss: 1.1288 - accuracy: 0.6184
37/98 [==========>...................] - ETA: 6s - loss: 1.1272 - accuracy: 0.6186
38/98 [==========>...................] - ETA: 6s - loss: 1.1277 - accuracy: 0.6191
39/98 [==========>...................] - ETA: 6s - loss: 1.1268 - accuracy: 0.6195
40/98 [===========>..................] - ETA: 5s - loss: 1.1270 - accuracy: 0.6197
41/98 [===========>..................] - ETA: 5s - loss: 1.1281 - accuracy: 0.6191
42/98 [===========>..................] - ETA: 5s - loss: 1.1271 - accuracy: 0.6195
43/98 [============>.................] - ETA: 5s - loss: 1.1272 - accuracy: 0.6197
44/98 [============>.................] - ETA: 5s - loss: 1.1259 - accuracy: 0.6206
45/98 [============>.................] - ETA: 5s - loss: 1.1277 - accuracy: 0.6200
46/98 [=============>................] - ETA: 5s - loss: 1.1291 - accuracy: 0.6194
47/98 [=============>................] - ETA: 5s - loss: 1.1273 - accuracy: 0.6201
48/98 [=============>................] - ETA: 5s - loss: 1.1293 - accuracy: 0.6195
