2024-06-26 16:20:08.726711: I tensorflow/core/platform/cpu_feature_guard.cc:193] This TensorFlow binary is optimized with oneAPI Deep Neural Network Library (oneDNN) to use the following CPU instructions in performance-critical operations:  AVX AVX2
To enable them in other operations, rebuild TensorFlow with the appropriate compiler flags.
2024-06-26 16:20:09.710749: I tensorflow/core/common_runtime/gpu/gpu_device.cc:1616] Created device /job:localhost/replica:0/task:0/device:GPU:0 with 6656 MB memory:  -> device: 0, name: NVIDIA GeForce RTX 4060 Ti, pci bus id: 0000:01:00.0, compute capability: 8.9
1 Physical GPUs, 1 Logical GPUs
Model: "sequential"
_________________________________________________________________
 Layer (type)                Output Shape              Param #   
=================================================================
 conv2d (Conv2D)             (None, 32, 32, 32)        896       
                                                                 
 batch_normalization (BatchN  (None, 32, 32, 32)       128       
 ormalization)                                                   
                                                                 
 conv2d_1 (Conv2D)           (None, 32, 32, 128)       102528    
                                                                 
 dropout (Dropout)           (None, 32, 32, 128)       0         
                                                                 
 flatten (Flatten)           (None, 131072)            0         
                                                                 
 dense (Dense)               (None, 32)                4194336   
                                                                 
 dropout_1 (Dropout)         (None, 32)                0         
                                                                 
 dense_1 (Dense)             (None, 10)                330       
                                                                 
=================================================================
Total params: 4,298,218
Trainable params: 4,298,154
Non-trainable params: 64
_________________________________________________________________
Taxa de aprendizado:  0.0001 Num de épocas:  57 Tamanho do lote:  512 Dropout:  0.41821
Epoch 1/57
2024-06-26 16:20:11.230982: I tensorflow/stream_executor/cuda/cuda_dnn.cc:384] Loaded cuDNN version 8100
2024-06-26 16:20:12.682716: W tensorflow/stream_executor/gpu/redzone_allocator.cc:314] INTERNAL: ptxas exited with non-zero error code -1, output: 
Relying on driver to perform ptx compilation. 
Modify $PATH to customize ptxas location.
This message will be only logged once.
2024-06-26 16:20:14.423826: I tensorflow/stream_executor/cuda/cuda_blas.cc:1614] TensorFloat-32 will be used for the matrix multiplication. This will only be logged once.

 1/98 [..............................] - ETA: 11:22 - loss: 2.4706 - accuracy: 0.1270
 2/98 [..............................] - ETA: 10s - loss: 2.8272 - accuracy: 0.1143  
 3/98 [..............................] - ETA: 13s - loss: 2.7689 - accuracy: 0.1296
 4/98 [>.............................] - ETA: 14s - loss: 2.7533 - accuracy: 0.1313
 5/98 [>.............................] - ETA: 14s - loss: 2.7134 - accuracy: 0.1332
 6/98 [>.............................] - ETA: 14s - loss: 2.7009 - accuracy: 0.1374
 7/98 [=>............................] - ETA: 14s - loss: 2.6779 - accuracy: 0.1426
 8/98 [=>............................] - ETA: 14s - loss: 2.6471 - accuracy: 0.1487
 9/98 [=>............................] - ETA: 14s - loss: 2.6262 - accuracy: 0.1528
10/98 [==>...........................] - ETA: 14s - loss: 2.6079 - accuracy: 0.1561
11/98 [==>...........................] - ETA: 14s - loss: 2.5916 - accuracy: 0.1584
12/98 [==>...........................] - ETA: 14s - loss: 2.5709 - accuracy: 0.1624
13/98 [==>...........................] - ETA: 14s - loss: 2.5562 - accuracy: 0.1665
14/98 [===>..........................] - ETA: 13s - loss: 2.5320 - accuracy: 0.1724
15/98 [===>..........................] - ETA: 13s - loss: 2.5175 - accuracy: 0.1755
16/98 [===>..........................] - ETA: 13s - loss: 2.4951 - accuracy: 0.1797
17/98 [====>.........................] - ETA: 13s - loss: 2.4818 - accuracy: 0.1819
18/98 [====>.........................] - ETA: 13s - loss: 2.4696 - accuracy: 0.1853
19/98 [====>.........................] - ETA: 13s - loss: 2.4587 - accuracy: 0.1874
20/98 [=====>........................] - ETA: 13s - loss: 2.4401 - accuracy: 0.1917
21/98 [=====>........................] - ETA: 12s - loss: 2.4241 - accuracy: 0.1958
22/98 [=====>........................] - ETA: 12s - loss: 2.4170 - accuracy: 0.1978
23/98 [======>.......................] - ETA: 11s - loss: 2.4041 - accuracy: 0.2015
24/98 [======>.......................] - ETA: 11s - loss: 2.3937 - accuracy: 0.2043
25/98 [======>.......................] - ETA: 11s - loss: 2.3839 - accuracy: 0.2058
26/98 [======>.......................] - ETA: 11s - loss: 2.3750 - accuracy: 0.2082
27/98 [=======>......................] - ETA: 10s - loss: 2.3662 - accuracy: 0.2101
28/98 [=======>......................] - ETA: 10s - loss: 2.3581 - accuracy: 0.2123
29/98 [=======>......................] - ETA: 10s - loss: 2.3459 - accuracy: 0.2150
30/98 [========>.....................] - ETA: 9s - loss: 2.3352 - accuracy: 0.2176 
31/98 [========>.....................] - ETA: 9s - loss: 2.3299 - accuracy: 0.2184
32/98 [========>.....................] - ETA: 9s - loss: 2.3178 - accuracy: 0.2225
33/98 [=========>....................] - ETA: 9s - loss: 2.3099 - accuracy: 0.2238
34/98 [=========>....................] - ETA: 9s - loss: 2.3013 - accuracy: 0.2264
35/98 [=========>....................] - ETA: 9s - loss: 2.2942 - accuracy: 0.2283
36/98 [==========>...................] - ETA: 9s - loss: 2.2852 - accuracy: 0.2314
37/98 [==========>...................] - ETA: 9s - loss: 2.2784 - accuracy: 0.2334
38/98 [==========>...................] - ETA: 9s - loss: 2.2704 - accuracy: 0.2356
39/98 [==========>...................] - ETA: 8s - loss: 2.2621 - accuracy: 0.2379
40/98 [===========>..................] - ETA: 8s - loss: 2.2549 - accuracy: 0.2406
41/98 [===========>..................] - ETA: 8s - loss: 2.2474 - accuracy: 0.2429
42/98 [===========>..................] - ETA: 8s - loss: 2.2398 - accuracy: 0.2448
43/98 [============>.................] - ETA: 8s - loss: 2.2327 - accuracy: 0.2471
44/98 [============>.................] - ETA: 8s - loss: 2.2244 - accuracy: 0.2496
45/98 [============>.................] - ETA: 8s - loss: 2.2168 - accuracy: 0.2520
46/98 [=============>................] - ETA: 8s - loss: 2.2109 - accuracy: 0.2536
47/98 [=============>................] - ETA: 7s - loss: 2.2033 - accuracy: 0.2554
48/98 [=============>................] - ETA: 9s - loss: 2.1989 - accuracy: 0.2566
49/98 [==============>...............] - ETA: 9s - loss: 2.1948 - accuracy: 0.2578
50/98 [==============>...............] - ETA: 9s - loss: 2.1880 - accuracy: 0.2595
51/98 [==============>...............] - ETA: 9s - loss: 2.1835 - accuracy: 0.2603
52/98 [==============>...............] - ETA: 8s - loss: 2.1773 - accuracy: 0.2615
53/98 [===============>..............] - ETA: 8s - loss: 2.1720 - accuracy: 0.2631
54/98 [===============>..............] - ETA: 8s - loss: 2.1673 - accuracy: 0.2645
55/98 [===============>..............] - ETA: 8s - loss: 2.1641 - accuracy: 0.2656
56/98 [================>.............] - ETA: 7s - loss: 2.1583 - accuracy: 0.2673
57/98 [================>.............] - ETA: 7s - loss: 2.1537 - accuracy: 0.2687
58/98 [================>.............] - ETA: 7s - loss: 2.1493 - accuracy: 0.2699
59/98 [=================>............] - ETA: 7s - loss: 2.1438 - accuracy: 0.2715
60/98 [=================>............] - ETA: 7s - loss: 2.1388 - accuracy: 0.2730
61/98 [=================>............] - ETA: 6s - loss: 2.1336 - accuracy: 0.2745
62/98 [=================>............] - ETA: 6s - loss: 2.1292 - accuracy: 0.2757
63/98 [==================>...........] - ETA: 6s - loss: 2.1249 - accuracy: 0.2769
64/98 [==================>...........] - ETA: 6s - loss: 2.1204 - accuracy: 0.2784
65/98 [==================>...........] - ETA: 6s - loss: 2.1166 - accuracy: 0.2794
66/98 [===================>..........] - ETA: 5s - loss: 2.1126 - accuracy: 0.2803
67/98 [===================>..........] - ETA: 5s - loss: 2.1086 - accuracy: 0.2814
68/98 [===================>..........] - ETA: 5s - loss: 2.1041 - accuracy: 0.2825
69/98 [====================>.........] - ETA: 5s - loss: 2.0993 - accuracy: 0.2844
70/98 [====================>.........] - ETA: 5s - loss: 2.0939 - accuracy: 0.2860
71/98 [====================>.........] - ETA: 4s - loss: 2.0897 - accuracy: 0.2876
72/98 [=====================>........] - ETA: 4s - loss: 2.0852 - accuracy: 0.2894
73/98 [=====================>........] - ETA: 4s - loss: 2.0817 - accuracy: 0.2906
74/98 [=====================>........] - ETA: 4s - loss: 2.0775 - accuracy: 0.2920
75/98 [=====================>........] - ETA: 4s - loss: 2.0735 - accuracy: 0.2931
76/98 [======================>.......] - ETA: 3s - loss: 2.0694 - accuracy: 0.2943
77/98 [======================>.......] - ETA: 3s - loss: 2.0659 - accuracy: 0.2954
78/98 [======================>.......] - ETA: 3s - loss: 2.0623 - accuracy: 0.2963
79/98 [=======================>......] - ETA: 3s - loss: 2.0582 - accuracy: 0.2973
80/98 [=======================>......] - ETA: 3s - loss: 2.0546 - accuracy: 0.2981
81/98 [=======================>......] - ETA: 2s - loss: 2.0516 - accuracy: 0.2992
82/98 [========================>.....] - ETA: 2s - loss: 2.0469 - accuracy: 0.3007
83/98 [========================>.....] - ETA: 2s - loss: 2.0433 - accuracy: 0.3017
84/98 [========================>.....] - ETA: 2s - loss: 2.0394 - accuracy: 0.3029
85/98 [=========================>....] - ETA: 2s - loss: 2.0361 - accuracy: 0.3041
86/98 [=========================>....] - ETA: 2s - loss: 2.0321 - accuracy: 0.3053
87/98 [=========================>....] - ETA: 1s - loss: 2.0301 - accuracy: 0.3060
88/98 [=========================>....] - ETA: 1s - loss: 2.0275 - accuracy: 0.3068
89/98 [==========================>...] - ETA: 1s - loss: 2.0236 - accuracy: 0.3076
90/98 [==========================>...] - ETA: 1s - loss: 2.0204 - accuracy: 0.3085
91/98 [==========================>...] - ETA: 1s - loss: 2.0174 - accuracy: 0.3096
92/98 [===========================>..] - ETA: 1s - loss: 2.0145 - accuracy: 0.3104
93/98 [===========================>..] - ETA: 0s - loss: 2.0111 - accuracy: 0.3116
94/98 [===========================>..] - ETA: 0s - loss: 2.0082 - accuracy: 0.3131
95/98 [============================>.] - ETA: 0s - loss: 2.0059 - accuracy: 0.3140
96/98 [============================>.] - ETA: 0s - loss: 2.0028 - accuracy: 0.3150
97/98 [============================>.] - ETA: 0s - loss: 1.9993 - accuracy: 0.3162
98/98 [==============================] - ETA: 0s - loss: 1.9961 - accuracy: 0.3171
98/98 [==============================] - 25s 188ms/step - loss: 1.9961 - accuracy: 0.3171 - val_loss: 1.9770 - val_accuracy: 0.4023
Epoch 2/57

 1/98 [..............................] - ETA: 18s - loss: 1.7115 - accuracy: 0.3867
 2/98 [..............................] - ETA: 15s - loss: 1.6694 - accuracy: 0.4141
 3/98 [..............................] - ETA: 15s - loss: 1.6580 - accuracy: 0.4128
 4/98 [>.............................] - ETA: 13s - loss: 1.6662 - accuracy: 0.4106
 5/98 [>.............................] - ETA: 12s - loss: 1.6634 - accuracy: 0.4137
 6/98 [>.............................] - ETA: 12s - loss: 1.6726 - accuracy: 0.4092
 7/98 [=>............................] - ETA: 11s - loss: 1.6743 - accuracy: 0.4118
 8/98 [=>............................] - ETA: 11s - loss: 1.6661 - accuracy: 0.4158
 9/98 [=>............................] - ETA: 10s - loss: 1.6610 - accuracy: 0.4180
10/98 [==>...........................] - ETA: 10s - loss: 1.6615 - accuracy: 0.4174
11/98 [==>...........................] - ETA: 10s - loss: 1.6530 - accuracy: 0.4217
12/98 [==>...........................] - ETA: 9s - loss: 1.6498 - accuracy: 0.4232 
13/98 [==>...........................] - ETA: 9s - loss: 1.6487 - accuracy: 0.4249
14/98 [===>..........................] - ETA: 10s - loss: 1.6491 - accuracy: 0.4249
15/98 [===>..........................] - ETA: 10s - loss: 1.6451 - accuracy: 0.4270
16/98 [===>..........................] - ETA: 10s - loss: 1.6438 - accuracy: 0.4257
17/98 [====>.........................] - ETA: 10s - loss: 1.6398 - accuracy: 0.4270
18/98 [====>.........................] - ETA: 10s - loss: 1.6410 - accuracy: 0.4272
19/98 [====>.........................] - ETA: 10s - loss: 1.6421 - accuracy: 0.4266
20/98 [=====>........................] - ETA: 10s - loss: 1.6386 - accuracy: 0.4285
21/98 [=====>........................] - ETA: 10s - loss: 1.6382 - accuracy: 0.4297
22/98 [=====>........................] - ETA: 10s - loss: 1.6366 - accuracy: 0.4297
23/98 [======>.......................] - ETA: 10s - loss: 1.6340 - accuracy: 0.4315
24/98 [======>.......................] - ETA: 10s - loss: 1.6319 - accuracy: 0.4325
25/98 [======>.......................] - ETA: 10s - loss: 1.6318 - accuracy: 0.4321
26/98 [======>.......................] - ETA: 10s - loss: 1.6284 - accuracy: 0.4341
27/98 [=======>......................] - ETA: 10s - loss: 1.6306 - accuracy: 0.4341
28/98 [=======>......................] - ETA: 10s - loss: 1.6315 - accuracy: 0.4346
29/98 [=======>......................] - ETA: 10s - loss: 1.6333 - accuracy: 0.4341
30/98 [========>.....................] - ETA: 10s - loss: 1.6299 - accuracy: 0.4356
31/98 [========>.....................] - ETA: 9s - loss: 1.6278 - accuracy: 0.4378 
32/98 [========>.....................] - ETA: 9s - loss: 1.6298 - accuracy: 0.4370
33/98 [=========>....................] - ETA: 9s - loss: 1.6268 - accuracy: 0.4381
34/98 [=========>....................] - ETA: 9s - loss: 1.6263 - accuracy: 0.4378
35/98 [=========>....................] - ETA: 9s - loss: 1.6238 - accuracy: 0.4387
36/98 [==========>...................] - ETA: 8s - loss: 1.6224 - accuracy: 0.4393
37/98 [==========>...................] - ETA: 8s - loss: 1.6233 - accuracy: 0.4389
38/98 [==========>...................] - ETA: 8s - loss: 1.6235 - accuracy: 0.4382
39/98 [==========>...................] - ETA: 8s - loss: 1.6217 - accuracy: 0.4384
40/98 [===========>..................] - ETA: 8s - loss: 1.6204 - accuracy: 0.4392
41/98 [===========>..................] - ETA: 7s - loss: 1.6186 - accuracy: 0.4400
42/98 [===========>..................] - ETA: 7s - loss: 1.6177 - accuracy: 0.4398
43/98 [============>.................] - ETA: 7s - loss: 1.6183 - accuracy: 0.4393
44/98 [============>.................] - ETA: 7s - loss: 1.6194 - accuracy: 0.4383
45/98 [============>.................] - ETA: 7s - loss: 1.6194 - accuracy: 0.4384
46/98 [=============>................] - ETA: 7s - loss: 1.6182 - accuracy: 0.4376
47/98 [=============>................] - ETA: 7s - loss: 1.6179 - accuracy: 0.4376
48/98 [=============>................] - ETA: 7s - loss: 1.6173 - accuracy: 0.4382
49/98 [==============>...............] - ETA: 7s - loss: 1.6161 - accuracy: 0.4387
50/98 [==============>...............] - ETA: 6s - loss: 1.6139 - accuracy: 0.4397
51/98 [==============>...............] - ETA: 6s - loss: 1.6135 - accuracy: 0.4397
52/98 [==============>...............] - ETA: 6s - loss: 1.6118 - accuracy: 0.4401
53/98 [===============>..............] - ETA: 6s - loss: 1.6104 - accuracy: 0.4410
54/98 [===============>..............] - ETA: 6s - loss: 1.6094 - accuracy: 0.4413
55/98 [===============>..............] - ETA: 6s - loss: 1.6089 - accuracy: 0.4413
56/98 [================>.............] - ETA: 6s - loss: 1.6055 - accuracy: 0.4422
57/98 [================>.............] - ETA: 6s - loss: 1.6059 - accuracy: 0.4417
58/98 [================>.............] - ETA: 5s - loss: 1.6064 - accuracy: 0.4415
59/98 [=================>............] - ETA: 5s - loss: 1.6047 - accuracy: 0.4422
60/98 [=================>............] - ETA: 5s - loss: 1.6028 - accuracy: 0.4427
61/98 [=================>............] - ETA: 5s - loss: 1.6023 - accuracy: 0.4427
62/98 [=================>............] - ETA: 5s - loss: 1.6016 - accuracy: 0.4428
63/98 [==================>...........] - ETA: 5s - loss: 1.6006 - accuracy: 0.4437
64/98 [==================>...........] - ETA: 4s - loss: 1.6003 - accuracy: 0.4442
65/98 [==================>...........] - ETA: 4s - loss: 1.5995 - accuracy: 0.4444
66/98 [===================>..........] - ETA: 4s - loss: 1.5989 - accuracy: 0.4448
67/98 [===================>..........] - ETA: 4s - loss: 1.5994 - accuracy: 0.4448
68/98 [===================>..........] - ETA: 4s - loss: 1.5989 - accuracy: 0.4453
69/98 [====================>.........] - ETA: 4s - loss: 1.5976 - accuracy: 0.4459
70/98 [====================>.........] - ETA: 3s - loss: 1.5964 - accuracy: 0.4467
71/98 [====================>.........] - ETA: 3s - loss: 1.5958 - accuracy: 0.4466
72/98 [=====================>........] - ETA: 3s - loss: 1.5947 - accuracy: 0.4468
73/98 [=====================>........] - ETA: 3s - loss: 1.5944 - accuracy: 0.4472
74/98 [=====================>........] - ETA: 3s - loss: 1.5943 - accuracy: 0.4472
75/98 [=====================>........] - ETA: 3s - loss: 1.5947 - accuracy: 0.4472
76/98 [======================>.......] - ETA: 3s - loss: 1.5950 - accuracy: 0.4473
77/98 [======================>.......] - ETA: 3s - loss: 1.5945 - accuracy: 0.4474
78/98 [======================>.......] - ETA: 2s - loss: 1.5930 - accuracy: 0.4477
79/98 [=======================>......] - ETA: 2s - loss: 1.5923 - accuracy: 0.4481
80/98 [=======================>......] - ETA: 2s - loss: 1.5908 - accuracy: 0.4488
81/98 [=======================>......] - ETA: 2s - loss: 1.5897 - accuracy: 0.4489
82/98 [========================>.....] - ETA: 2s - loss: 1.5897 - accuracy: 0.4486
83/98 [========================>.....] - ETA: 2s - loss: 1.5893 - accuracy: 0.4486
84/98 [========================>.....] - ETA: 2s - loss: 1.5898 - accuracy: 0.4485
85/98 [=========================>....] - ETA: 1s - loss: 1.5891 - accuracy: 0.4491
86/98 [=========================>....] - ETA: 1s - loss: 1.5892 - accuracy: 0.4491
87/98 [=========================>....] - ETA: 1s - loss: 1.5886 - accuracy: 0.4494
88/98 [=========================>....] - ETA: 1s - loss: 1.5873 - accuracy: 0.4496
89/98 [==========================>...] - ETA: 1s - loss: 1.5872 - accuracy: 0.4500
90/98 [==========================>...] - ETA: 1s - loss: 1.5859 - accuracy: 0.4505
91/98 [==========================>...] - ETA: 1s - loss: 1.5842 - accuracy: 0.4509
92/98 [===========================>..] - ETA: 0s - loss: 1.5833 - accuracy: 0.4515
93/98 [===========================>..] - ETA: 0s - loss: 1.5821 - accuracy: 0.4519
94/98 [===========================>..] - ETA: 0s - loss: 1.5815 - accuracy: 0.4520
95/98 [============================>.] - ETA: 0s - loss: 1.5803 - accuracy: 0.4524
96/98 [============================>.] - ETA: 0s - loss: 1.5790 - accuracy: 0.4528
97/98 [============================>.] - ETA: 0s - loss: 1.5792 - accuracy: 0.4529
98/98 [==============================] - ETA: 0s - loss: 1.5774 - accuracy: 0.4535
98/98 [==============================] - 15s 158ms/step - loss: 1.5774 - accuracy: 0.4535 - val_loss: 1.7310 - val_accuracy: 0.5125
Epoch 3/57

 1/98 [..............................] - ETA: 18s - loss: 1.4415 - accuracy: 0.4961
 2/98 [..............................] - ETA: 16s - loss: 1.4636 - accuracy: 0.4863
 3/98 [..............................] - ETA: 16s - loss: 1.4570 - accuracy: 0.4915
 4/98 [>.............................] - ETA: 16s - loss: 1.4456 - accuracy: 0.4990
 5/98 [>.............................] - ETA: 15s - loss: 1.4499 - accuracy: 0.4934
 6/98 [>.............................] - ETA: 14s - loss: 1.4498 - accuracy: 0.4902
 7/98 [=>............................] - ETA: 13s - loss: 1.4496 - accuracy: 0.4897
 8/98 [=>............................] - ETA: 13s - loss: 1.4533 - accuracy: 0.4917
 9/98 [=>............................] - ETA: 12s - loss: 1.4541 - accuracy: 0.4933
10/98 [==>...........................] - ETA: 11s - loss: 1.4528 - accuracy: 0.4969
11/98 [==>...........................] - ETA: 11s - loss: 1.4482 - accuracy: 0.4972
12/98 [==>...........................] - ETA: 11s - loss: 1.4545 - accuracy: 0.4938
13/98 [==>...........................] - ETA: 10s - loss: 1.4538 - accuracy: 0.4955
14/98 [===>..........................] - ETA: 10s - loss: 1.4501 - accuracy: 0.4953
15/98 [===>..........................] - ETA: 10s - loss: 1.4484 - accuracy: 0.4949
16/98 [===>..........................] - ETA: 10s - loss: 1.4417 - accuracy: 0.4977
17/98 [====>.........................] - ETA: 10s - loss: 1.4437 - accuracy: 0.4982
18/98 [====>.........................] - ETA: 10s - loss: 1.4378 - accuracy: 0.5000
19/98 [====>.........................] - ETA: 10s - loss: 1.4374 - accuracy: 0.4996
20/98 [=====>........................] - ETA: 10s - loss: 1.4372 - accuracy: 0.4991
21/98 [=====>........................] - ETA: 10s - loss: 1.4353 - accuracy: 0.5011
22/98 [=====>........................] - ETA: 10s - loss: 1.4349 - accuracy: 0.5019
23/98 [======>.......................] - ETA: 10s - loss: 1.4331 - accuracy: 0.5032
24/98 [======>.......................] - ETA: 10s - loss: 1.4323 - accuracy: 0.5036
25/98 [======>.......................] - ETA: 10s - loss: 1.4303 - accuracy: 0.5046
26/98 [======>.......................] - ETA: 10s - loss: 1.4300 - accuracy: 0.5049
27/98 [=======>......................] - ETA: 10s - loss: 1.4281 - accuracy: 0.5060
28/98 [=======>......................] - ETA: 10s - loss: 1.4294 - accuracy: 0.5055
29/98 [=======>......................] - ETA: 10s - loss: 1.4311 - accuracy: 0.5056
30/98 [========>.....................] - ETA: 10s - loss: 1.4308 - accuracy: 0.5054
31/98 [========>.....................] - ETA: 9s - loss: 1.4312 - accuracy: 0.5048 
32/98 [========>.....................] - ETA: 9s - loss: 1.4291 - accuracy: 0.5054
33/98 [=========>....................] - ETA: 9s - loss: 1.4291 - accuracy: 0.5057
34/98 [=========>....................] - ETA: 9s - loss: 1.4274 - accuracy: 0.5071
35/98 [=========>....................] - ETA: 9s - loss: 1.4278 - accuracy: 0.5073
36/98 [==========>...................] - ETA: 9s - loss: 1.4271 - accuracy: 0.5077
37/98 [==========>...................] - ETA: 8s - loss: 1.4278 - accuracy: 0.5082
38/98 [==========>...................] - ETA: 8s - loss: 1.4264 - accuracy: 0.5088
39/98 [==========>...................] - ETA: 8s - loss: 1.4234 - accuracy: 0.5098
40/98 [===========>..................] - ETA: 8s - loss: 1.4217 - accuracy: 0.5112
41/98 [===========>..................] - ETA: 8s - loss: 1.4218 - accuracy: 0.5115
42/98 [===========>..................] - ETA: 7s - loss: 1.4223 - accuracy: 0.5111
43/98 [============>.................] - ETA: 7s - loss: 1.4218 - accuracy: 0.5117
44/98 [============>.................] - ETA: 7s - loss: 1.4212 - accuracy: 0.5116
45/98 [============>.................] - ETA: 7s - loss: 1.4191 - accuracy: 0.5124
46/98 [=============>................] - ETA: 7s - loss: 1.4195 - accuracy: 0.5117
47/98 [=============>................] - ETA: 6s - loss: 1.4200 - accuracy: 0.5121
48/98 [=============>................] - ETA: 6s - loss: 1.4191 - accuracy: 0.5127
49/98 [==============>...............] - ETA: 6s - loss: 1.4184 - accuracy: 0.5128
50/98 [==============>...............] - ETA: 6s - loss: 1.4170 - accuracy: 0.5134
51/98 [==============>...............] - ETA: 6s - loss: 1.4152 - accuracy: 0.5140
52/98 [==============>...............] - ETA: 6s - loss: 1.4139 - accuracy: 0.5143
53/98 [===============>..............] - ETA: 5s - loss: 1.4132 - accuracy: 0.5146
54/98 [===============>..............] - ETA: 5s - loss: 1.4141 - accuracy: 0.5141
55/98 [===============>..............] - ETA: 5s - loss: 1.4131 - accuracy: 0.5140
56/98 [================>.............] - ETA: 5s - loss: 1.4130 - accuracy: 0.5139
57/98 [================>.............] - ETA: 5s - loss: 1.4115 - accuracy: 0.5140
58/98 [================>.............] - ETA: 5s - loss: 1.4121 - accuracy: 0.5137
59/98 [=================>............] - ETA: 4s - loss: 1.4123 - accuracy: 0.5133
60/98 [=================>............] - ETA: 4s - loss: 1.4121 - accuracy: 0.5134
61/98 [=================>............] - ETA: 4s - loss: 1.4108 - accuracy: 0.5138
62/98 [=================>............] - ETA: 4s - loss: 1.4102 - accuracy: 0.5145
63/98 [==================>...........] - ETA: 4s - loss: 1.4094 - accuracy: 0.5149
64/98 [==================>...........] - ETA: 4s - loss: 1.4091 - accuracy: 0.5146
65/98 [==================>...........] - ETA: 3s - loss: 1.4087 - accuracy: 0.5145
66/98 [===================>..........] - ETA: 3s - loss: 1.4085 - accuracy: 0.5147
67/98 [===================>..........] - ETA: 3s - loss: 1.4077 - accuracy: 0.5150
68/98 [===================>..........] - ETA: 3s - loss: 1.4067 - accuracy: 0.5153
69/98 [====================>.........] - ETA: 3s - loss: 1.4061 - accuracy: 0.5159
70/98 [====================>.........] - ETA: 3s - loss: 1.4057 - accuracy: 0.5163
71/98 [====================>.........] - ETA: 3s - loss: 1.4052 - accuracy: 0.5166
72/98 [=====================>........] - ETA: 3s - loss: 1.4048 - accuracy: 0.5165
73/98 [=====================>........] - ETA: 2s - loss: 1.4052 - accuracy: 0.5167
74/98 [=====================>........] - ETA: 2s - loss: 1.4043 - accuracy: 0.5171
75/98 [=====================>........] - ETA: 2s - loss: 1.4036 - accuracy: 0.5174
76/98 [======================>.......] - ETA: 2s - loss: 1.4033 - accuracy: 0.5172
77/98 [======================>.......] - ETA: 2s - loss: 1.4027 - accuracy: 0.5172
78/98 [======================>.......] - ETA: 2s - loss: 1.4025 - accuracy: 0.5173
79/98 [=======================>......] - ETA: 2s - loss: 1.4013 - accuracy: 0.5174
80/98 [=======================>......] - ETA: 2s - loss: 1.4008 - accuracy: 0.5176
81/98 [=======================>......] - ETA: 1s - loss: 1.3999 - accuracy: 0.5180
82/98 [========================>.....] - ETA: 1s - loss: 1.3988 - accuracy: 0.5182
83/98 [========================>.....] - ETA: 1s - loss: 1.3983 - accuracy: 0.5184
84/98 [========================>.....] - ETA: 1s - loss: 1.3981 - accuracy: 0.5184
85/98 [=========================>....] - ETA: 1s - loss: 1.3981 - accuracy: 0.5184
86/98 [=========================>....] - ETA: 1s - loss: 1.3973 - accuracy: 0.5190
87/98 [=========================>....] - ETA: 1s - loss: 1.3970 - accuracy: 0.5191
88/98 [=========================>....] - ETA: 1s - loss: 1.3964 - accuracy: 0.5197
89/98 [==========================>...] - ETA: 0s - loss: 1.3959 - accuracy: 0.5200
90/98 [==========================>...] - ETA: 0s - loss: 1.3959 - accuracy: 0.5200
91/98 [==========================>...] - ETA: 0s - loss: 1.3954 - accuracy: 0.5201
92/98 [===========================>..] - ETA: 0s - loss: 1.3952 - accuracy: 0.5201
93/98 [===========================>..] - ETA: 0s - loss: 1.3952 - accuracy: 0.5200
94/98 [===========================>..] - ETA: 0s - loss: 1.3959 - accuracy: 0.5198
95/98 [============================>.] - ETA: 0s - loss: 1.3959 - accuracy: 0.5199
96/98 [============================>.] - ETA: 0s - loss: 1.3949 - accuracy: 0.5205
97/98 [============================>.] - ETA: 0s - loss: 1.3939 - accuracy: 0.5210
98/98 [==============================] - ETA: 0s - loss: 1.3934 - accuracy: 0.5214
98/98 [==============================] - 11s 112ms/step - loss: 1.3934 - accuracy: 0.5214 - val_loss: 1.5218 - val_accuracy: 0.5449
Epoch 4/57

 1/98 [..............................] - ETA: 8s - loss: 1.2776 - accuracy: 0.5469
 2/98 [..............................] - ETA: 6s - loss: 1.3146 - accuracy: 0.5459
 3/98 [..............................] - ETA: 6s - loss: 1.2932 - accuracy: 0.5521
 4/98 [>.............................] - ETA: 7s - loss: 1.2913 - accuracy: 0.5581
 5/98 [>.............................] - ETA: 7s - loss: 1.3001 - accuracy: 0.5527
 6/98 [>.............................] - ETA: 6s - loss: 1.3039 - accuracy: 0.5550
 7/98 [=>............................] - ETA: 6s - loss: 1.3002 - accuracy: 0.5569
 8/98 [=>............................] - ETA: 6s - loss: 1.2988 - accuracy: 0.5544
 9/98 [=>............................] - ETA: 6s - loss: 1.2923 - accuracy: 0.5551
10/98 [==>...........................] - ETA: 6s - loss: 1.2928 - accuracy: 0.5555
11/98 [==>...........................] - ETA: 6s - loss: 1.2943 - accuracy: 0.5545
12/98 [==>...........................] - ETA: 6s - loss: 1.2890 - accuracy: 0.5579
13/98 [==>...........................] - ETA: 6s - loss: 1.2890 - accuracy: 0.5584
14/98 [===>..........................] - ETA: 6s - loss: 1.2873 - accuracy: 0.5607
15/98 [===>..........................] - ETA: 6s - loss: 1.2886 - accuracy: 0.5599
16/98 [===>..........................] - ETA: 6s - loss: 1.2874 - accuracy: 0.5597
17/98 [====>.........................] - ETA: 6s - loss: 1.2844 - accuracy: 0.5618
18/98 [====>.........................] - ETA: 5s - loss: 1.2823 - accuracy: 0.5616
19/98 [====>.........................] - ETA: 5s - loss: 1.2794 - accuracy: 0.5628
20/98 [=====>........................] - ETA: 5s - loss: 1.2771 - accuracy: 0.5638
21/98 [=====>........................] - ETA: 5s - loss: 1.2778 - accuracy: 0.5632
22/98 [=====>........................] - ETA: 5s - loss: 1.2797 - accuracy: 0.5628
23/98 [======>.......................] - ETA: 5s - loss: 1.2837 - accuracy: 0.5611
24/98 [======>.......................] - ETA: 5s - loss: 1.2802 - accuracy: 0.5618
25/98 [======>.......................] - ETA: 5s - loss: 1.2770 - accuracy: 0.5627
26/98 [======>.......................] - ETA: 5s - loss: 1.2787 - accuracy: 0.5614
27/98 [=======>......................] - ETA: 5s - loss: 1.2782 - accuracy: 0.5615
28/98 [=======>......................] - ETA: 5s - loss: 1.2771 - accuracy: 0.5626
29/98 [=======>......................] - ETA: 5s - loss: 1.2765 - accuracy: 0.5620
30/98 [========>.....................] - ETA: 5s - loss: 1.2752 - accuracy: 0.5629
31/98 [========>.....................] - ETA: 4s - loss: 1.2758 - accuracy: 0.5631
32/98 [========>.....................] - ETA: 4s - loss: 1.2756 - accuracy: 0.5639
33/98 [=========>....................] - ETA: 4s - loss: 1.2755 - accuracy: 0.5645
34/98 [=========>....................] - ETA: 4s - loss: 1.2792 - accuracy: 0.5635
35/98 [=========>....................] - ETA: 4s - loss: 1.2808 - accuracy: 0.5627
36/98 [==========>...................] - ETA: 4s - loss: 1.2812 - accuracy: 0.5628
37/98 [==========>...................] - ETA: 4s - loss: 1.2817 - accuracy: 0.5624
38/98 [==========>...................] - ETA: 4s - loss: 1.2798 - accuracy: 0.5629
39/98 [==========>...................] - ETA: 4s - loss: 1.2790 - accuracy: 0.5636
40/98 [===========>..................] - ETA: 4s - loss: 1.2787 - accuracy: 0.5639
41/98 [===========>..................] - ETA: 4s - loss: 1.2784 - accuracy: 0.5640
42/98 [===========>..................] - ETA: 4s - loss: 1.2780 - accuracy: 0.5643
43/98 [============>.................] - ETA: 4s - loss: 1.2774 - accuracy: 0.5647
44/98 [============>.................] - ETA: 3s - loss: 1.2770 - accuracy: 0.5651
45/98 [============>.................] - ETA: 3s - loss: 1.2768 - accuracy: 0.5653
46/98 [=============>................] - ETA: 3s - loss: 1.2762 - accuracy: 0.5654
47/98 [=============>................] - ETA: 3s - loss: 1.2776 - accuracy: 0.5649
48/98 [=============>................] - ETA: 3s - loss: 1.2782 - accuracy: 0.5648
49/98 [==============>...............] - ETA: 3s - loss: 1.2781 - accuracy: 0.5647
50/98 [==============>...............] - ETA: 3s - loss: 1.2784 - accuracy: 0.5650
51/98 [==============>...............] - ETA: 3s - loss: 1.2779 - accuracy: 0.5652
52/98 [==============>...............] - ETA: 3s - loss: 1.2791 - accuracy: 0.5649
53/98 [===============>..............] - ETA: 3s - loss: 1.2793 - accuracy: 0.5650
54/98 [===============>..............] - ETA: 3s - loss: 1.2791 - accuracy: 0.5647
55/98 [===============>..............] - ETA: 3s - loss: 1.2787 - accuracy: 0.5644
56/98 [================>.............] - ETA: 3s - loss: 1.2777 - accuracy: 0.5647
57/98 [================>.............] - ETA: 3s - loss: 1.2759 - accuracy: 0.5652
58/98 [================>.............] - ETA: 3s - loss: 1.2764 - accuracy: 0.5651
59/98 [=================>............] - ETA: 3s - loss: 1.2762 - accuracy: 0.5653
60/98 [=================>............] - ETA: 3s - loss: 1.2759 - accuracy: 0.5652
61/98 [=================>............] - ETA: 2s - loss: 1.2749 - accuracy: 0.5659
62/98 [=================>............] - ETA: 2s - loss: 1.2744 - accuracy: 0.5662
63/98 [==================>...........] - ETA: 2s - loss: 1.2737 - accuracy: 0.5662
64/98 [==================>...........] - ETA: 2s - loss: 1.2726 - accuracy: 0.5667
65/98 [==================>...........] - ETA: 2s - loss: 1.2718 - accuracy: 0.5671
66/98 [===================>..........] - ETA: 2s - loss: 1.2720 - accuracy: 0.5673
67/98 [===================>..........] - ETA: 2s - loss: 1.2719 - accuracy: 0.5676
68/98 [===================>..........] - ETA: 2s - loss: 1.2722 - accuracy: 0.5675
69/98 [====================>.........] - ETA: 2s - loss: 1.2722 - accuracy: 0.5674
70/98 [====================>.........] - ETA: 2s - loss: 1.2740 - accuracy: 0.5672
71/98 [====================>.........] - ETA: 2s - loss: 1.2743 - accuracy: 0.5671
72/98 [=====================>........] - ETA: 2s - loss: 1.2750 - accuracy: 0.5666
73/98 [=====================>........] - ETA: 2s - loss: 1.2739 - accuracy: 0.5668
74/98 [=====================>........] - ETA: 1s - loss: 1.2748 - accuracy: 0.5665
75/98 [=====================>........] - ETA: 1s - loss: 1.2742 - accuracy: 0.5668
76/98 [======================>.......] - ETA: 1s - loss: 1.2733 - accuracy: 0.5671
77/98 [======================>.......] - ETA: 1s - loss: 1.2726 - accuracy: 0.5676
78/98 [======================>.......] - ETA: 1s - loss: 1.2727 - accuracy: 0.5678
79/98 [=======================>......] - ETA: 1s - loss: 1.2723 - accuracy: 0.5679
80/98 [=======================>......] - ETA: 1s - loss: 1.2720 - accuracy: 0.5678
81/98 [=======================>......] - ETA: 1s - loss: 1.2723 - accuracy: 0.5675
82/98 [========================>.....] - ETA: 1s - loss: 1.2722 - accuracy: 0.5675
83/98 [========================>.....] - ETA: 1s - loss: 1.2708 - accuracy: 0.5679
84/98 [========================>.....] - ETA: 1s - loss: 1.2718 - accuracy: 0.5676
85/98 [=========================>....] - ETA: 1s - loss: 1.2725 - accuracy: 0.5673
86/98 [=========================>....] - ETA: 1s - loss: 1.2720 - accuracy: 0.5674
87/98 [=========================>....] - ETA: 0s - loss: 1.2720 - accuracy: 0.5671
88/98 [=========================>....] - ETA: 0s - loss: 1.2717 - accuracy: 0.5671
89/98 [==========================>...] - ETA: 0s - loss: 1.2715 - accuracy: 0.5671
90/98 [==========================>...] - ETA: 0s - loss: 1.2728 - accuracy: 0.5666
91/98 [==========================>...] - ETA: 0s - loss: 1.2724 - accuracy: 0.5667
92/98 [===========================>..] - ETA: 0s - loss: 1.2724 - accuracy: 0.5667
93/98 [===========================>..] - ETA: 0s - loss: 1.2718 - accuracy: 0.5670
94/98 [===========================>..] - ETA: 0s - loss: 1.2707 - accuracy: 0.5676
95/98 [============================>.] - ETA: 0s - loss: 1.2709 - accuracy: 0.5676
96/98 [============================>.] - ETA: 0s - loss: 1.2712 - accuracy: 0.5677
97/98 [============================>.] - ETA: 0s - loss: 1.2707 - accuracy: 0.5679
98/98 [==============================] - ETA: 0s - loss: 1.2701 - accuracy: 0.5682
98/98 [==============================] - 9s 95ms/step - loss: 1.2701 - accuracy: 0.5682 - val_loss: 1.3467 - val_accuracy: 0.5776
Epoch 5/57

 1/98 [..............................] - ETA: 12s - loss: 1.2072 - accuracy: 0.5859
 2/98 [..............................] - ETA: 9s - loss: 1.1919 - accuracy: 0.5996 
 3/98 [..............................] - ETA: 8s - loss: 1.1878 - accuracy: 0.6009
 4/98 [>.............................] - ETA: 9s - loss: 1.1832 - accuracy: 0.6001
 5/98 [>.............................] - ETA: 9s - loss: 1.1891 - accuracy: 0.5977
 6/98 [>.............................] - ETA: 8s - loss: 1.1856 - accuracy: 0.5996
 7/98 [=>............................] - ETA: 9s - loss: 1.1810 - accuracy: 0.5999
 8/98 [=>............................] - ETA: 8s - loss: 1.1753 - accuracy: 0.6038
 9/98 [=>............................] - ETA: 9s - loss: 1.1780 - accuracy: 0.6022
10/98 [==>...........................] - ETA: 9s - loss: 1.1912 - accuracy: 0.5965
11/98 [==>...........................] - ETA: 9s - loss: 1.1895 - accuracy: 0.5980
12/98 [==>...........................] - ETA: 9s - loss: 1.1868 - accuracy: 0.5970
13/98 [==>...........................] - ETA: 9s - loss: 1.1927 - accuracy: 0.5953
14/98 [===>..........................] - ETA: 9s - loss: 1.1926 - accuracy: 0.5964
15/98 [===>..........................] - ETA: 9s - loss: 1.1899 - accuracy: 0.5977
16/98 [===>..........................] - ETA: 8s - loss: 1.1891 - accuracy: 0.5997
17/98 [====>.........................] - ETA: 8s - loss: 1.1884 - accuracy: 0.6006
18/98 [====>.........................] - ETA: 8s - loss: 1.1868 - accuracy: 0.6006
19/98 [====>.........................] - ETA: 8s - loss: 1.1881 - accuracy: 0.6001
20/98 [=====>........................] - ETA: 8s - loss: 1.1864 - accuracy: 0.6010
21/98 [=====>........................] - ETA: 8s - loss: 1.1865 - accuracy: 0.6011
22/98 [=====>........................] - ETA: 8s - loss: 1.1846 - accuracy: 0.6032
23/98 [======>.......................] - ETA: 8s - loss: 1.1835 - accuracy: 0.6047
24/98 [======>.......................] - ETA: 8s - loss: 1.1861 - accuracy: 0.6043
25/98 [======>.......................] - ETA: 8s - loss: 1.1860 - accuracy: 0.6045
26/98 [======>.......................] - ETA: 8s - loss: 1.1839 - accuracy: 0.6049
27/98 [=======>......................] - ETA: 8s - loss: 1.1830 - accuracy: 0.6052
28/98 [=======>......................] - ETA: 7s - loss: 1.1828 - accuracy: 0.6048
29/98 [=======>......................] - ETA: 7s - loss: 1.1845 - accuracy: 0.6036
30/98 [========>.....................] - ETA: 7s - loss: 1.1841 - accuracy: 0.6031
31/98 [========>.....................] - ETA: 7s - loss: 1.1839 - accuracy: 0.6030
32/98 [========>.....................] - ETA: 7s - loss: 1.1817 - accuracy: 0.6030
33/98 [=========>....................] - ETA: 7s - loss: 1.1815 - accuracy: 0.6027
34/98 [=========>....................] - ETA: 7s - loss: 1.1812 - accuracy: 0.6034
35/98 [=========>....................] - ETA: 6s - loss: 1.1793 - accuracy: 0.6040
36/98 [==========>...................] - ETA: 6s - loss: 1.1803 - accuracy: 0.6041
37/98 [==========>...................] - ETA: 6s - loss: 1.1833 - accuracy: 0.6027
38/98 [==========>...................] - ETA: 6s - loss: 1.1829 - accuracy: 0.6028
39/98 [==========>...................] - ETA: 6s - loss: 1.1822 - accuracy: 0.6024
40/98 [===========>..................] - ETA: 6s - loss: 1.1826 - accuracy: 0.6022
41/98 [===========>..................] - ETA: 6s - loss: 1.1833 - accuracy: 0.6018
42/98 [===========>..................] - ETA: 6s - loss: 1.1823 - accuracy: 0.6021
43/98 [============>.................] - ETA: 5s - loss: 1.1821 - accuracy: 0.6019
44/98 [============>.................] - ETA: 5s - loss: 1.1821 - accuracy: 0.6017
45/98 [============>.................] - ETA: 5s - loss: 1.1821 - accuracy: 0.6014
46/98 [=============>................] - ETA: 5s - loss: 1.1807 - accuracy: 0.6021
47/98 [=============>................] - ETA: 5s - loss: 1.1817 - accuracy: 0.6014
