2024-06-26 13:50:29.456323: I tensorflow/core/platform/cpu_feature_guard.cc:193] This TensorFlow binary is optimized with oneAPI Deep Neural Network Library (oneDNN) to use the following CPU instructions in performance-critical operations:  AVX AVX2
To enable them in other operations, rebuild TensorFlow with the appropriate compiler flags.
2024-06-26 13:50:30.162438: I tensorflow/core/common_runtime/gpu/gpu_device.cc:1616] Created device /job:localhost/replica:0/task:0/device:GPU:0 with 6656 MB memory:  -> device: 0, name: NVIDIA GeForce RTX 4060 Ti, pci bus id: 0000:01:00.0, compute capability: 8.9
1 Physical GPUs, 1 Logical GPUs
Model: "sequential"
_________________________________________________________________
 Layer (type)                Output Shape              Param #   
=================================================================
 conv2d (Conv2D)             (None, 32, 32, 32)        896       
                                                                 
 batch_normalization (BatchN  (None, 32, 32, 32)       128       
 ormalization)                                                   
                                                                 
 conv2d_1 (Conv2D)           (None, 32, 32, 128)       102528    
                                                                 
 dropout (Dropout)           (None, 32, 32, 128)       0         
                                                                 
 flatten (Flatten)           (None, 131072)            0         
                                                                 
 dense (Dense)               (None, 32)                4194336   
                                                                 
 dropout_1 (Dropout)         (None, 32)                0         
                                                                 
 dense_1 (Dense)             (None, 10)                330       
                                                                 
=================================================================
Total params: 4,298,218
Trainable params: 4,298,154
Non-trainable params: 64
_________________________________________________________________
Taxa de aprendizado:  0.0001 Num de épocas:  57 Tamanho do lote:  512 Dropout:  0.41821
Epoch 1/57
2024-06-26 13:50:31.521025: I tensorflow/stream_executor/cuda/cuda_dnn.cc:384] Loaded cuDNN version 8100
2024-06-26 13:50:32.386403: W tensorflow/stream_executor/gpu/redzone_allocator.cc:314] INTERNAL: ptxas exited with non-zero error code -1, output: 
Relying on driver to perform ptx compilation. 
Modify $PATH to customize ptxas location.
This message will be only logged once.
2024-06-26 13:50:33.710686: I tensorflow/stream_executor/cuda/cuda_blas.cc:1614] TensorFloat-32 will be used for the matrix multiplication. This will only be logged once.

 1/98 [..............................] - ETA: 8:28 - loss: 2.4453 - accuracy: 0.1191
 2/98 [..............................] - ETA: 10s - loss: 2.5955 - accuracy: 0.1299 
 3/98 [..............................] - ETA: 9s - loss: 2.5903 - accuracy: 0.1491 
 4/98 [>.............................] - ETA: 9s - loss: 2.5644 - accuracy: 0.1582
 5/98 [>.............................] - ETA: 9s - loss: 2.5304 - accuracy: 0.1664
 6/98 [>.............................] - ETA: 9s - loss: 2.4845 - accuracy: 0.1771
 7/98 [=>............................] - ETA: 9s - loss: 2.4596 - accuracy: 0.1839
 8/98 [=>............................] - ETA: 9s - loss: 2.4438 - accuracy: 0.1892
 9/98 [=>............................] - ETA: 9s - loss: 2.4314 - accuracy: 0.1947
10/98 [==>...........................] - ETA: 9s - loss: 2.4091 - accuracy: 0.1994
11/98 [==>...........................] - ETA: 8s - loss: 2.3919 - accuracy: 0.2024
12/98 [==>...........................] - ETA: 8s - loss: 2.3731 - accuracy: 0.2048
13/98 [==>...........................] - ETA: 8s - loss: 2.3604 - accuracy: 0.2087
14/98 [===>..........................] - ETA: 8s - loss: 2.3515 - accuracy: 0.2091
15/98 [===>..........................] - ETA: 8s - loss: 2.3324 - accuracy: 0.2152
16/98 [===>..........................] - ETA: 8s - loss: 2.3251 - accuracy: 0.2173
17/98 [====>.........................] - ETA: 15s - loss: 2.3192 - accuracy: 0.2189
18/98 [====>.........................] - ETA: 15s - loss: 2.3099 - accuracy: 0.2194
19/98 [====>.........................] - ETA: 14s - loss: 2.3002 - accuracy: 0.2214
20/98 [=====>........................] - ETA: 14s - loss: 2.2883 - accuracy: 0.2242
21/98 [=====>........................] - ETA: 13s - loss: 2.2776 - accuracy: 0.2271
22/98 [=====>........................] - ETA: 13s - loss: 2.2710 - accuracy: 0.2290
23/98 [======>.......................] - ETA: 12s - loss: 2.2629 - accuracy: 0.2322
24/98 [======>.......................] - ETA: 12s - loss: 2.2561 - accuracy: 0.2327
25/98 [======>.......................] - ETA: 12s - loss: 2.2443 - accuracy: 0.2354
26/98 [======>.......................] - ETA: 11s - loss: 2.2363 - accuracy: 0.2377
27/98 [=======>......................] - ETA: 11s - loss: 2.2268 - accuracy: 0.2396
28/98 [=======>......................] - ETA: 11s - loss: 2.2181 - accuracy: 0.2435
29/98 [=======>......................] - ETA: 10s - loss: 2.2087 - accuracy: 0.2457
30/98 [========>.....................] - ETA: 10s - loss: 2.2039 - accuracy: 0.2464
31/98 [========>.....................] - ETA: 10s - loss: 2.1984 - accuracy: 0.2479
32/98 [========>.....................] - ETA: 9s - loss: 2.1925 - accuracy: 0.2496 
33/98 [=========>....................] - ETA: 9s - loss: 2.1865 - accuracy: 0.2516
34/98 [=========>....................] - ETA: 9s - loss: 2.1818 - accuracy: 0.2536
35/98 [=========>....................] - ETA: 9s - loss: 2.1767 - accuracy: 0.2548
36/98 [==========>...................] - ETA: 9s - loss: 2.1728 - accuracy: 0.2564
37/98 [==========>...................] - ETA: 8s - loss: 2.1677 - accuracy: 0.2570
38/98 [==========>...................] - ETA: 8s - loss: 2.1609 - accuracy: 0.2587
39/98 [==========>...................] - ETA: 8s - loss: 2.1570 - accuracy: 0.2599
40/98 [===========>..................] - ETA: 8s - loss: 2.1501 - accuracy: 0.2613
41/98 [===========>..................] - ETA: 8s - loss: 2.1420 - accuracy: 0.2638
42/98 [===========>..................] - ETA: 7s - loss: 2.1335 - accuracy: 0.2662
43/98 [============>.................] - ETA: 7s - loss: 2.1270 - accuracy: 0.2674
44/98 [============>.................] - ETA: 7s - loss: 2.1219 - accuracy: 0.2691
45/98 [============>.................] - ETA: 7s - loss: 2.1158 - accuracy: 0.2718
46/98 [=============>................] - ETA: 7s - loss: 2.1122 - accuracy: 0.2728
47/98 [=============>................] - ETA: 6s - loss: 2.1073 - accuracy: 0.2742
48/98 [=============>................] - ETA: 6s - loss: 2.1022 - accuracy: 0.2756
49/98 [==============>...............] - ETA: 6s - loss: 2.0962 - accuracy: 0.2774
50/98 [==============>...............] - ETA: 6s - loss: 2.0910 - accuracy: 0.2784
51/98 [==============>...............] - ETA: 6s - loss: 2.0865 - accuracy: 0.2799
52/98 [==============>...............] - ETA: 6s - loss: 2.0825 - accuracy: 0.2810
53/98 [===============>..............] - ETA: 5s - loss: 2.0779 - accuracy: 0.2825
54/98 [===============>..............] - ETA: 5s - loss: 2.0720 - accuracy: 0.2838
55/98 [===============>..............] - ETA: 5s - loss: 2.0684 - accuracy: 0.2848
56/98 [================>.............] - ETA: 5s - loss: 2.0647 - accuracy: 0.2859
57/98 [================>.............] - ETA: 5s - loss: 2.0619 - accuracy: 0.2866
58/98 [================>.............] - ETA: 5s - loss: 2.0574 - accuracy: 0.2879
59/98 [=================>............] - ETA: 4s - loss: 2.0548 - accuracy: 0.2889
60/98 [=================>............] - ETA: 4s - loss: 2.0509 - accuracy: 0.2901
61/98 [=================>............] - ETA: 4s - loss: 2.0484 - accuracy: 0.2903
62/98 [=================>............] - ETA: 4s - loss: 2.0452 - accuracy: 0.2913
63/98 [==================>...........] - ETA: 4s - loss: 2.0411 - accuracy: 0.2927
64/98 [==================>...........] - ETA: 4s - loss: 2.0357 - accuracy: 0.2947
65/98 [==================>...........] - ETA: 4s - loss: 2.0328 - accuracy: 0.2958
66/98 [===================>..........] - ETA: 3s - loss: 2.0288 - accuracy: 0.2971
67/98 [===================>..........] - ETA: 3s - loss: 2.0240 - accuracy: 0.2986
68/98 [===================>..........] - ETA: 3s - loss: 2.0209 - accuracy: 0.2998
69/98 [====================>.........] - ETA: 3s - loss: 2.0168 - accuracy: 0.3011
70/98 [====================>.........] - ETA: 3s - loss: 2.0131 - accuracy: 0.3025
71/98 [====================>.........] - ETA: 3s - loss: 2.0097 - accuracy: 0.3034
72/98 [=====================>........] - ETA: 3s - loss: 2.0067 - accuracy: 0.3047
73/98 [=====================>........] - ETA: 3s - loss: 2.0036 - accuracy: 0.3056
74/98 [=====================>........] - ETA: 2s - loss: 2.0009 - accuracy: 0.3060
75/98 [=====================>........] - ETA: 2s - loss: 1.9983 - accuracy: 0.3066
76/98 [======================>.......] - ETA: 2s - loss: 1.9955 - accuracy: 0.3073
77/98 [======================>.......] - ETA: 2s - loss: 1.9922 - accuracy: 0.3087
78/98 [======================>.......] - ETA: 2s - loss: 1.9889 - accuracy: 0.3099
79/98 [=======================>......] - ETA: 2s - loss: 1.9851 - accuracy: 0.3111
80/98 [=======================>......] - ETA: 2s - loss: 1.9826 - accuracy: 0.3122
81/98 [=======================>......] - ETA: 2s - loss: 1.9787 - accuracy: 0.3135
82/98 [========================>.....] - ETA: 1s - loss: 1.9761 - accuracy: 0.3142
83/98 [========================>.....] - ETA: 1s - loss: 1.9743 - accuracy: 0.3147
84/98 [========================>.....] - ETA: 1s - loss: 1.9720 - accuracy: 0.3157
85/98 [=========================>....] - ETA: 1s - loss: 1.9699 - accuracy: 0.3163
86/98 [=========================>....] - ETA: 1s - loss: 1.9664 - accuracy: 0.3176
87/98 [=========================>....] - ETA: 1s - loss: 1.9636 - accuracy: 0.3185
88/98 [=========================>....] - ETA: 1s - loss: 1.9611 - accuracy: 0.3194
89/98 [==========================>...] - ETA: 1s - loss: 1.9591 - accuracy: 0.3200
90/98 [==========================>...] - ETA: 0s - loss: 1.9554 - accuracy: 0.3212
91/98 [==========================>...] - ETA: 0s - loss: 1.9523 - accuracy: 0.3223
92/98 [===========================>..] - ETA: 0s - loss: 1.9498 - accuracy: 0.3231
93/98 [===========================>..] - ETA: 0s - loss: 1.9472 - accuracy: 0.3239
94/98 [===========================>..] - ETA: 0s - loss: 1.9448 - accuracy: 0.3249
95/98 [============================>.] - ETA: 0s - loss: 1.9417 - accuracy: 0.3257
96/98 [============================>.] - ETA: 0s - loss: 1.9402 - accuracy: 0.3262
97/98 [============================>.] - ETA: 0s - loss: 1.9373 - accuracy: 0.3271
98/98 [==============================] - ETA: 0s - loss: 1.9353 - accuracy: 0.3276
98/98 [==============================] - 18s 129ms/step - loss: 1.9353 - accuracy: 0.3276 - val_loss: 2.0719 - val_accuracy: 0.3632
Epoch 2/57

 1/98 [..............................] - ETA: 12s - loss: 1.6305 - accuracy: 0.4590
 2/98 [..............................] - ETA: 9s - loss: 1.6642 - accuracy: 0.4482 
 3/98 [..............................] - ETA: 9s - loss: 1.6554 - accuracy: 0.4473
 4/98 [>.............................] - ETA: 9s - loss: 1.6772 - accuracy: 0.4326
 5/98 [>.............................] - ETA: 9s - loss: 1.6732 - accuracy: 0.4277
 6/98 [>.............................] - ETA: 9s - loss: 1.6571 - accuracy: 0.4352
 7/98 [=>............................] - ETA: 9s - loss: 1.6632 - accuracy: 0.4283
 8/98 [=>............................] - ETA: 9s - loss: 1.6572 - accuracy: 0.4290
 9/98 [=>............................] - ETA: 9s - loss: 1.6479 - accuracy: 0.4308
10/98 [==>...........................] - ETA: 9s - loss: 1.6484 - accuracy: 0.4320
11/98 [==>...........................] - ETA: 8s - loss: 1.6419 - accuracy: 0.4339
12/98 [==>...........................] - ETA: 8s - loss: 1.6347 - accuracy: 0.4380
13/98 [==>...........................] - ETA: 8s - loss: 1.6344 - accuracy: 0.4364
14/98 [===>..........................] - ETA: 8s - loss: 1.6310 - accuracy: 0.4376
15/98 [===>..........................] - ETA: 8s - loss: 1.6261 - accuracy: 0.4388
16/98 [===>..........................] - ETA: 8s - loss: 1.6214 - accuracy: 0.4387
17/98 [====>.........................] - ETA: 8s - loss: 1.6209 - accuracy: 0.4393
18/98 [====>.........................] - ETA: 8s - loss: 1.6222 - accuracy: 0.4392
19/98 [====>.........................] - ETA: 8s - loss: 1.6232 - accuracy: 0.4390
20/98 [=====>........................] - ETA: 8s - loss: 1.6223 - accuracy: 0.4397
21/98 [=====>........................] - ETA: 8s - loss: 1.6192 - accuracy: 0.4421
22/98 [=====>........................] - ETA: 7s - loss: 1.6181 - accuracy: 0.4426
23/98 [======>.......................] - ETA: 7s - loss: 1.6176 - accuracy: 0.4432
24/98 [======>.......................] - ETA: 7s - loss: 1.6177 - accuracy: 0.4430
25/98 [======>.......................] - ETA: 7s - loss: 1.6158 - accuracy: 0.4430
26/98 [======>.......................] - ETA: 7s - loss: 1.6125 - accuracy: 0.4438
27/98 [=======>......................] - ETA: 7s - loss: 1.6123 - accuracy: 0.4432
28/98 [=======>......................] - ETA: 7s - loss: 1.6133 - accuracy: 0.4434
29/98 [=======>......................] - ETA: 7s - loss: 1.6108 - accuracy: 0.4443
30/98 [========>.....................] - ETA: 7s - loss: 1.6100 - accuracy: 0.4439
31/98 [========>.....................] - ETA: 6s - loss: 1.6101 - accuracy: 0.4442
32/98 [========>.....................] - ETA: 6s - loss: 1.6096 - accuracy: 0.4453
33/98 [=========>....................] - ETA: 6s - loss: 1.6107 - accuracy: 0.4447
34/98 [=========>....................] - ETA: 6s - loss: 1.6093 - accuracy: 0.4451
35/98 [=========>....................] - ETA: 6s - loss: 1.6086 - accuracy: 0.4448
36/98 [==========>...................] - ETA: 6s - loss: 1.6091 - accuracy: 0.4440
37/98 [==========>...................] - ETA: 6s - loss: 1.6079 - accuracy: 0.4448
38/98 [==========>...................] - ETA: 6s - loss: 1.6056 - accuracy: 0.4461
39/98 [==========>...................] - ETA: 6s - loss: 1.6041 - accuracy: 0.4474
40/98 [===========>..................] - ETA: 5s - loss: 1.6026 - accuracy: 0.4485
41/98 [===========>..................] - ETA: 5s - loss: 1.6028 - accuracy: 0.4481
42/98 [===========>..................] - ETA: 5s - loss: 1.6028 - accuracy: 0.4473
43/98 [============>.................] - ETA: 5s - loss: 1.6021 - accuracy: 0.4478
44/98 [============>.................] - ETA: 5s - loss: 1.6028 - accuracy: 0.4471
45/98 [============>.................] - ETA: 5s - loss: 1.6017 - accuracy: 0.4470
46/98 [=============>................] - ETA: 5s - loss: 1.6020 - accuracy: 0.4469
47/98 [=============>................] - ETA: 5s - loss: 1.6031 - accuracy: 0.4467
48/98 [=============>................] - ETA: 5s - loss: 1.6025 - accuracy: 0.4471
49/98 [==============>...............] - ETA: 4s - loss: 1.6023 - accuracy: 0.4473
50/98 [==============>...............] - ETA: 4s - loss: 1.6009 - accuracy: 0.4473
51/98 [==============>...............] - ETA: 4s - loss: 1.5995 - accuracy: 0.4476
52/98 [==============>...............] - ETA: 4s - loss: 1.5979 - accuracy: 0.4482
53/98 [===============>..............] - ETA: 4s - loss: 1.5968 - accuracy: 0.4485
54/98 [===============>..............] - ETA: 4s - loss: 1.5945 - accuracy: 0.4495
55/98 [===============>..............] - ETA: 4s - loss: 1.5949 - accuracy: 0.4494
56/98 [================>.............] - ETA: 4s - loss: 1.5951 - accuracy: 0.4497
57/98 [================>.............] - ETA: 4s - loss: 1.5942 - accuracy: 0.4502
58/98 [================>.............] - ETA: 4s - loss: 1.5941 - accuracy: 0.4506
59/98 [=================>............] - ETA: 3s - loss: 1.5936 - accuracy: 0.4509
60/98 [=================>............] - ETA: 3s - loss: 1.5935 - accuracy: 0.4510
61/98 [=================>............] - ETA: 3s - loss: 1.5928 - accuracy: 0.4511
62/98 [=================>............] - ETA: 3s - loss: 1.5937 - accuracy: 0.4503
63/98 [==================>...........] - ETA: 3s - loss: 1.5940 - accuracy: 0.4500
64/98 [==================>...........] - ETA: 3s - loss: 1.5936 - accuracy: 0.4499
65/98 [==================>...........] - ETA: 3s - loss: 1.5933 - accuracy: 0.4500
66/98 [===================>..........] - ETA: 3s - loss: 1.5932 - accuracy: 0.4504
67/98 [===================>..........] - ETA: 3s - loss: 1.5932 - accuracy: 0.4505
68/98 [===================>..........] - ETA: 3s - loss: 1.5919 - accuracy: 0.4509
69/98 [====================>.........] - ETA: 2s - loss: 1.5908 - accuracy: 0.4518
70/98 [====================>.........] - ETA: 2s - loss: 1.5890 - accuracy: 0.4521
71/98 [====================>.........] - ETA: 2s - loss: 1.5878 - accuracy: 0.4525
72/98 [=====================>........] - ETA: 2s - loss: 1.5866 - accuracy: 0.4528
73/98 [=====================>........] - ETA: 2s - loss: 1.5866 - accuracy: 0.4532
74/98 [=====================>........] - ETA: 2s - loss: 1.5858 - accuracy: 0.4537
75/98 [=====================>........] - ETA: 2s - loss: 1.5838 - accuracy: 0.4545
76/98 [======================>.......] - ETA: 2s - loss: 1.5836 - accuracy: 0.4545
77/98 [======================>.......] - ETA: 2s - loss: 1.5832 - accuracy: 0.4547
78/98 [======================>.......] - ETA: 2s - loss: 1.5820 - accuracy: 0.4553
79/98 [=======================>......] - ETA: 1s - loss: 1.5821 - accuracy: 0.4553
80/98 [=======================>......] - ETA: 1s - loss: 1.5802 - accuracy: 0.4561
81/98 [=======================>......] - ETA: 1s - loss: 1.5785 - accuracy: 0.4568
82/98 [========================>.....] - ETA: 1s - loss: 1.5785 - accuracy: 0.4570
83/98 [========================>.....] - ETA: 1s - loss: 1.5773 - accuracy: 0.4577
84/98 [========================>.....] - ETA: 1s - loss: 1.5756 - accuracy: 0.4583
85/98 [=========================>....] - ETA: 1s - loss: 1.5753 - accuracy: 0.4583
86/98 [=========================>....] - ETA: 1s - loss: 1.5741 - accuracy: 0.4583
87/98 [=========================>....] - ETA: 1s - loss: 1.5734 - accuracy: 0.4586
88/98 [=========================>....] - ETA: 1s - loss: 1.5722 - accuracy: 0.4590
89/98 [==========================>...] - ETA: 0s - loss: 1.5712 - accuracy: 0.4593
90/98 [==========================>...] - ETA: 0s - loss: 1.5695 - accuracy: 0.4598
91/98 [==========================>...] - ETA: 0s - loss: 1.5694 - accuracy: 0.4598
92/98 [===========================>..] - ETA: 0s - loss: 1.5682 - accuracy: 0.4605
93/98 [===========================>..] - ETA: 0s - loss: 1.5673 - accuracy: 0.4609
94/98 [===========================>..] - ETA: 0s - loss: 1.5663 - accuracy: 0.4611
95/98 [============================>.] - ETA: 0s - loss: 1.5649 - accuracy: 0.4618
96/98 [============================>.] - ETA: 0s - loss: 1.5646 - accuracy: 0.4618
97/98 [============================>.] - ETA: 0s - loss: 1.5646 - accuracy: 0.4617
98/98 [==============================] - ETA: 0s - loss: 1.5638 - accuracy: 0.4620
98/98 [==============================] - 11s 112ms/step - loss: 1.5638 - accuracy: 0.4620 - val_loss: 1.8841 - val_accuracy: 0.4951
Epoch 3/57

 1/98 [..............................] - ETA: 12s - loss: 1.4380 - accuracy: 0.5117
 2/98 [..............................] - ETA: 10s - loss: 1.4108 - accuracy: 0.5088
 3/98 [..............................] - ETA: 9s - loss: 1.4071 - accuracy: 0.5143 
 4/98 [>.............................] - ETA: 9s - loss: 1.3992 - accuracy: 0.5249
 5/98 [>.............................] - ETA: 9s - loss: 1.4043 - accuracy: 0.5188
 6/98 [>.............................] - ETA: 9s - loss: 1.4075 - accuracy: 0.5150
 7/98 [=>............................] - ETA: 9s - loss: 1.4186 - accuracy: 0.5081
 8/98 [=>............................] - ETA: 9s - loss: 1.4060 - accuracy: 0.5137
 9/98 [=>............................] - ETA: 9s - loss: 1.4029 - accuracy: 0.5180
10/98 [==>...........................] - ETA: 9s - loss: 1.4001 - accuracy: 0.5207
11/98 [==>...........................] - ETA: 8s - loss: 1.4000 - accuracy: 0.5222
12/98 [==>...........................] - ETA: 8s - loss: 1.4064 - accuracy: 0.5194
13/98 [==>...........................] - ETA: 8s - loss: 1.4072 - accuracy: 0.5218
14/98 [===>..........................] - ETA: 8s - loss: 1.4103 - accuracy: 0.5193
15/98 [===>..........................] - ETA: 8s - loss: 1.4146 - accuracy: 0.5189
16/98 [===>..........................] - ETA: 8s - loss: 1.4154 - accuracy: 0.5183
17/98 [====>.........................] - ETA: 8s - loss: 1.4158 - accuracy: 0.5176
18/98 [====>.........................] - ETA: 8s - loss: 1.4155 - accuracy: 0.5188
19/98 [====>.........................] - ETA: 8s - loss: 1.4144 - accuracy: 0.5203
20/98 [=====>........................] - ETA: 8s - loss: 1.4138 - accuracy: 0.5213
21/98 [=====>........................] - ETA: 7s - loss: 1.4118 - accuracy: 0.5225
22/98 [=====>........................] - ETA: 7s - loss: 1.4117 - accuracy: 0.5221
23/98 [======>.......................] - ETA: 7s - loss: 1.4130 - accuracy: 0.5217
24/98 [======>.......................] - ETA: 7s - loss: 1.4074 - accuracy: 0.5238
25/98 [======>.......................] - ETA: 7s - loss: 1.4079 - accuracy: 0.5241
26/98 [======>.......................] - ETA: 7s - loss: 1.4096 - accuracy: 0.5226
27/98 [=======>......................] - ETA: 7s - loss: 1.4112 - accuracy: 0.5218
28/98 [=======>......................] - ETA: 7s - loss: 1.4115 - accuracy: 0.5223
29/98 [=======>......................] - ETA: 7s - loss: 1.4121 - accuracy: 0.5220
30/98 [========>.....................] - ETA: 7s - loss: 1.4117 - accuracy: 0.5225
31/98 [========>.....................] - ETA: 6s - loss: 1.4100 - accuracy: 0.5242
32/98 [========>.....................] - ETA: 6s - loss: 1.4091 - accuracy: 0.5236
33/98 [=========>....................] - ETA: 6s - loss: 1.4101 - accuracy: 0.5231
34/98 [=========>....................] - ETA: 6s - loss: 1.4105 - accuracy: 0.5223
35/98 [=========>....................] - ETA: 6s - loss: 1.4106 - accuracy: 0.5228
36/98 [==========>...................] - ETA: 6s - loss: 1.4084 - accuracy: 0.5231
37/98 [==========>...................] - ETA: 6s - loss: 1.4071 - accuracy: 0.5230
38/98 [==========>...................] - ETA: 6s - loss: 1.4069 - accuracy: 0.5227
39/98 [==========>...................] - ETA: 6s - loss: 1.4050 - accuracy: 0.5234
40/98 [===========>..................] - ETA: 5s - loss: 1.4045 - accuracy: 0.5233
41/98 [===========>..................] - ETA: 5s - loss: 1.4057 - accuracy: 0.5228
42/98 [===========>..................] - ETA: 5s - loss: 1.4048 - accuracy: 0.5233
43/98 [============>.................] - ETA: 5s - loss: 1.4043 - accuracy: 0.5237
44/98 [============>.................] - ETA: 5s - loss: 1.4044 - accuracy: 0.5239
45/98 [============>.................] - ETA: 5s - loss: 1.4028 - accuracy: 0.5247
46/98 [=============>................] - ETA: 5s - loss: 1.4019 - accuracy: 0.5252
47/98 [=============>................] - ETA: 5s - loss: 1.4027 - accuracy: 0.5250
48/98 [=============>................] - ETA: 5s - loss: 1.4018 - accuracy: 0.5249
49/98 [==============>...............] - ETA: 5s - loss: 1.4011 - accuracy: 0.5252
50/98 [==============>...............] - ETA: 4s - loss: 1.4010 - accuracy: 0.5258
51/98 [==============>...............] - ETA: 4s - loss: 1.4029 - accuracy: 0.5253
52/98 [==============>...............] - ETA: 4s - loss: 1.4034 - accuracy: 0.5255
53/98 [===============>..............] - ETA: 4s - loss: 1.4023 - accuracy: 0.5259
54/98 [===============>..............] - ETA: 4s - loss: 1.4033 - accuracy: 0.5255
55/98 [===============>..............] - ETA: 4s - loss: 1.4027 - accuracy: 0.5259
56/98 [================>.............] - ETA: 4s - loss: 1.4025 - accuracy: 0.5265
57/98 [================>.............] - ETA: 4s - loss: 1.4029 - accuracy: 0.5265
58/98 [================>.............] - ETA: 4s - loss: 1.4019 - accuracy: 0.5269
59/98 [=================>............] - ETA: 4s - loss: 1.4019 - accuracy: 0.5269
60/98 [=================>............] - ETA: 3s - loss: 1.4017 - accuracy: 0.5269
61/98 [=================>............] - ETA: 3s - loss: 1.4013 - accuracy: 0.5271
62/98 [=================>............] - ETA: 3s - loss: 1.4007 - accuracy: 0.5272
63/98 [==================>...........] - ETA: 3s - loss: 1.4023 - accuracy: 0.5266
64/98 [==================>...........] - ETA: 3s - loss: 1.4023 - accuracy: 0.5267
65/98 [==================>...........] - ETA: 3s - loss: 1.4019 - accuracy: 0.5269
66/98 [===================>..........] - ETA: 3s - loss: 1.4011 - accuracy: 0.5269
67/98 [===================>..........] - ETA: 3s - loss: 1.4012 - accuracy: 0.5268
68/98 [===================>..........] - ETA: 3s - loss: 1.4010 - accuracy: 0.5266
69/98 [====================>.........] - ETA: 2s - loss: 1.4007 - accuracy: 0.5263
70/98 [====================>.........] - ETA: 2s - loss: 1.4002 - accuracy: 0.5266
71/98 [====================>.........] - ETA: 2s - loss: 1.4003 - accuracy: 0.5269
72/98 [=====================>........] - ETA: 2s - loss: 1.4001 - accuracy: 0.5273
73/98 [=====================>........] - ETA: 2s - loss: 1.3988 - accuracy: 0.5275
74/98 [=====================>........] - ETA: 2s - loss: 1.3984 - accuracy: 0.5274
75/98 [=====================>........] - ETA: 2s - loss: 1.3978 - accuracy: 0.5275
76/98 [======================>.......] - ETA: 2s - loss: 1.3967 - accuracy: 0.5281
77/98 [======================>.......] - ETA: 2s - loss: 1.3961 - accuracy: 0.5281
78/98 [======================>.......] - ETA: 2s - loss: 1.3961 - accuracy: 0.5285
79/98 [=======================>......] - ETA: 1s - loss: 1.3949 - accuracy: 0.5288
80/98 [=======================>......] - ETA: 1s - loss: 1.3951 - accuracy: 0.5289
81/98 [=======================>......] - ETA: 1s - loss: 1.3944 - accuracy: 0.5290
82/98 [========================>.....] - ETA: 1s - loss: 1.3945 - accuracy: 0.5291
83/98 [========================>.....] - ETA: 1s - loss: 1.3943 - accuracy: 0.5292
84/98 [========================>.....] - ETA: 1s - loss: 1.3937 - accuracy: 0.5296
85/98 [=========================>....] - ETA: 1s - loss: 1.3933 - accuracy: 0.5297
86/98 [=========================>....] - ETA: 1s - loss: 1.3926 - accuracy: 0.5302
87/98 [=========================>....] - ETA: 1s - loss: 1.3920 - accuracy: 0.5304
88/98 [=========================>....] - ETA: 1s - loss: 1.3909 - accuracy: 0.5310
89/98 [==========================>...] - ETA: 0s - loss: 1.3902 - accuracy: 0.5315
90/98 [==========================>...] - ETA: 0s - loss: 1.3894 - accuracy: 0.5319
91/98 [==========================>...] - ETA: 0s - loss: 1.3885 - accuracy: 0.5322
92/98 [===========================>..] - ETA: 0s - loss: 1.3885 - accuracy: 0.5323
93/98 [===========================>..] - ETA: 0s - loss: 1.3876 - accuracy: 0.5329
94/98 [===========================>..] - ETA: 0s - loss: 1.3867 - accuracy: 0.5329
95/98 [============================>.] - ETA: 0s - loss: 1.3857 - accuracy: 0.5332
96/98 [============================>.] - ETA: 0s - loss: 1.3861 - accuracy: 0.5329
97/98 [============================>.] - ETA: 0s - loss: 1.3863 - accuracy: 0.5327
98/98 [==============================] - ETA: 0s - loss: 1.3864 - accuracy: 0.5327
98/98 [==============================] - 11s 112ms/step - loss: 1.3864 - accuracy: 0.5327 - val_loss: 1.6638 - val_accuracy: 0.5565
Epoch 4/57

 1/98 [..............................] - ETA: 12s - loss: 1.2394 - accuracy: 0.5938
 2/98 [..............................] - ETA: 8s - loss: 1.2567 - accuracy: 0.5908 
 3/98 [..............................] - ETA: 9s - loss: 1.2963 - accuracy: 0.5684
 4/98 [>.............................] - ETA: 9s - loss: 1.2980 - accuracy: 0.5718
 5/98 [>.............................] - ETA: 9s - loss: 1.2949 - accuracy: 0.5734
 6/98 [>.............................] - ETA: 9s - loss: 1.2987 - accuracy: 0.5742
 7/98 [=>............................] - ETA: 9s - loss: 1.2985 - accuracy: 0.5723
 8/98 [=>............................] - ETA: 9s - loss: 1.2975 - accuracy: 0.5706
 9/98 [=>............................] - ETA: 9s - loss: 1.2969 - accuracy: 0.5710
10/98 [==>...........................] - ETA: 8s - loss: 1.3048 - accuracy: 0.5660
11/98 [==>...........................] - ETA: 8s - loss: 1.2998 - accuracy: 0.5703
12/98 [==>...........................] - ETA: 8s - loss: 1.3026 - accuracy: 0.5679
13/98 [==>...........................] - ETA: 8s - loss: 1.3057 - accuracy: 0.5684
14/98 [===>..........................] - ETA: 8s - loss: 1.3063 - accuracy: 0.5678
15/98 [===>..........................] - ETA: 8s - loss: 1.3040 - accuracy: 0.5673
16/98 [===>..........................] - ETA: 8s - loss: 1.3050 - accuracy: 0.5665
17/98 [====>.........................] - ETA: 8s - loss: 1.3029 - accuracy: 0.5661
18/98 [====>.........................] - ETA: 8s - loss: 1.3013 - accuracy: 0.5650
19/98 [====>.........................] - ETA: 8s - loss: 1.2996 - accuracy: 0.5664
20/98 [=====>........................] - ETA: 7s - loss: 1.2942 - accuracy: 0.5694
21/98 [=====>........................] - ETA: 7s - loss: 1.2927 - accuracy: 0.5698
22/98 [=====>........................] - ETA: 7s - loss: 1.2925 - accuracy: 0.5696
23/98 [======>.......................] - ETA: 7s - loss: 1.2935 - accuracy: 0.5692
24/98 [======>.......................] - ETA: 7s - loss: 1.2943 - accuracy: 0.5680
25/98 [======>.......................] - ETA: 7s - loss: 1.2963 - accuracy: 0.5669
26/98 [======>.......................] - ETA: 7s - loss: 1.2938 - accuracy: 0.5676
27/98 [=======>......................] - ETA: 7s - loss: 1.2906 - accuracy: 0.5692
28/98 [=======>......................] - ETA: 7s - loss: 1.2898 - accuracy: 0.5684
29/98 [=======>......................] - ETA: 7s - loss: 1.2886 - accuracy: 0.5681
30/98 [========>.....................] - ETA: 6s - loss: 1.2877 - accuracy: 0.5681
31/98 [========>.....................] - ETA: 6s - loss: 1.2882 - accuracy: 0.5677
32/98 [========>.....................] - ETA: 6s - loss: 1.2881 - accuracy: 0.5674
33/98 [=========>....................] - ETA: 6s - loss: 1.2882 - accuracy: 0.5679
34/98 [=========>....................] - ETA: 6s - loss: 1.2884 - accuracy: 0.5677
35/98 [=========>....................] - ETA: 6s - loss: 1.2889 - accuracy: 0.5672
36/98 [==========>...................] - ETA: 6s - loss: 1.2881 - accuracy: 0.5676
37/98 [==========>...................] - ETA: 6s - loss: 1.2867 - accuracy: 0.5686
38/98 [==========>...................] - ETA: 6s - loss: 1.2878 - accuracy: 0.5687
39/98 [==========>...................] - ETA: 6s - loss: 1.2883 - accuracy: 0.5678
40/98 [===========>..................] - ETA: 5s - loss: 1.2884 - accuracy: 0.5683
41/98 [===========>..................] - ETA: 5s - loss: 1.2896 - accuracy: 0.5673
42/98 [===========>..................] - ETA: 5s - loss: 1.2891 - accuracy: 0.5678
43/98 [============>.................] - ETA: 5s - loss: 1.2889 - accuracy: 0.5677
44/98 [============>.................] - ETA: 5s - loss: 1.2878 - accuracy: 0.5676
45/98 [============>.................] - ETA: 5s - loss: 1.2874 - accuracy: 0.5679
46/98 [=============>................] - ETA: 5s - loss: 1.2856 - accuracy: 0.5689
47/98 [=============>................] - ETA: 5s - loss: 1.2858 - accuracy: 0.5692
48/98 [=============>................] - ETA: 5s - loss: 1.2855 - accuracy: 0.5693
49/98 [==============>...............] - ETA: 5s - loss: 1.2845 - accuracy: 0.5697
50/98 [==============>...............] - ETA: 4s - loss: 1.2851 - accuracy: 0.5694
51/98 [==============>...............] - ETA: 4s - loss: 1.2852 - accuracy: 0.5691
52/98 [==============>...............] - ETA: 4s - loss: 1.2845 - accuracy: 0.5693
53/98 [===============>..............] - ETA: 4s - loss: 1.2843 - accuracy: 0.5693
54/98 [===============>..............] - ETA: 4s - loss: 1.2855 - accuracy: 0.5688
55/98 [===============>..............] - ETA: 4s - loss: 1.2853 - accuracy: 0.5688
56/98 [================>.............] - ETA: 4s - loss: 1.2845 - accuracy: 0.5688
57/98 [================>.............] - ETA: 4s - loss: 1.2852 - accuracy: 0.5683
58/98 [================>.............] - ETA: 4s - loss: 1.2855 - accuracy: 0.5679
59/98 [=================>............] - ETA: 4s - loss: 1.2862 - accuracy: 0.5679
60/98 [=================>............] - ETA: 3s - loss: 1.2860 - accuracy: 0.5682
61/98 [=================>............] - ETA: 3s - loss: 1.2863 - accuracy: 0.5679
62/98 [=================>............] - ETA: 3s - loss: 1.2864 - accuracy: 0.5683
63/98 [==================>...........] - ETA: 3s - loss: 1.2834 - accuracy: 0.5695
64/98 [==================>...........] - ETA: 3s - loss: 1.2825 - accuracy: 0.5700
65/98 [==================>...........] - ETA: 3s - loss: 1.2832 - accuracy: 0.5697
66/98 [===================>..........] - ETA: 3s - loss: 1.2836 - accuracy: 0.5693
67/98 [===================>..........] - ETA: 3s - loss: 1.2834 - accuracy: 0.5695
68/98 [===================>..........] - ETA: 3s - loss: 1.2835 - accuracy: 0.5698
69/98 [====================>.........] - ETA: 2s - loss: 1.2831 - accuracy: 0.5702
70/98 [====================>.........] - ETA: 2s - loss: 1.2818 - accuracy: 0.5707
71/98 [====================>.........] - ETA: 2s - loss: 1.2815 - accuracy: 0.5705
72/98 [=====================>........] - ETA: 2s - loss: 1.2809 - accuracy: 0.5705
73/98 [=====================>........] - ETA: 2s - loss: 1.2799 - accuracy: 0.5712
74/98 [=====================>........] - ETA: 2s - loss: 1.2797 - accuracy: 0.5713
75/98 [=====================>........] - ETA: 2s - loss: 1.2800 - accuracy: 0.5711
76/98 [======================>.......] - ETA: 2s - loss: 1.2804 - accuracy: 0.5711
77/98 [======================>.......] - ETA: 2s - loss: 1.2794 - accuracy: 0.5712
78/98 [======================>.......] - ETA: 2s - loss: 1.2787 - accuracy: 0.5714
79/98 [=======================>......] - ETA: 1s - loss: 1.2782 - accuracy: 0.5716
80/98 [=======================>......] - ETA: 1s - loss: 1.2772 - accuracy: 0.5720
81/98 [=======================>......] - ETA: 1s - loss: 1.2762 - accuracy: 0.5726
82/98 [========================>.....] - ETA: 1s - loss: 1.2756 - accuracy: 0.5727
83/98 [========================>.....] - ETA: 1s - loss: 1.2756 - accuracy: 0.5727
84/98 [========================>.....] - ETA: 1s - loss: 1.2756 - accuracy: 0.5727
85/98 [=========================>....] - ETA: 1s - loss: 1.2751 - accuracy: 0.5730
86/98 [=========================>....] - ETA: 1s - loss: 1.2750 - accuracy: 0.5733
87/98 [=========================>....] - ETA: 1s - loss: 1.2747 - accuracy: 0.5735
88/98 [=========================>....] - ETA: 1s - loss: 1.2744 - accuracy: 0.5737
89/98 [==========================>...] - ETA: 0s - loss: 1.2740 - accuracy: 0.5738
90/98 [==========================>...] - ETA: 0s - loss: 1.2736 - accuracy: 0.5740
91/98 [==========================>...] - ETA: 0s - loss: 1.2735 - accuracy: 0.5742
92/98 [===========================>..] - ETA: 0s - loss: 1.2734 - accuracy: 0.5740
93/98 [===========================>..] - ETA: 0s - loss: 1.2725 - accuracy: 0.5745
94/98 [===========================>..] - ETA: 0s - loss: 1.2725 - accuracy: 0.5745
95/98 [============================>.] - ETA: 0s - loss: 1.2725 - accuracy: 0.5744
96/98 [============================>.] - ETA: 0s - loss: 1.2722 - accuracy: 0.5743
97/98 [============================>.] - ETA: 0s - loss: 1.2715 - accuracy: 0.5745
98/98 [==============================] - ETA: 0s - loss: 1.2712 - accuracy: 0.5746
98/98 [==============================] - 11s 111ms/step - loss: 1.2712 - accuracy: 0.5746 - val_loss: 1.4549 - val_accuracy: 0.5944
Epoch 5/57

 1/98 [..............................] - ETA: 11s - loss: 1.2222 - accuracy: 0.5645
 2/98 [..............................] - ETA: 9s - loss: 1.1866 - accuracy: 0.5967 
 3/98 [..............................] - ETA: 9s - loss: 1.1878 - accuracy: 0.6029
 4/98 [>.............................] - ETA: 9s - loss: 1.1848 - accuracy: 0.6118
 5/98 [>.............................] - ETA: 9s - loss: 1.1850 - accuracy: 0.6109
 6/98 [>.............................] - ETA: 9s - loss: 1.1911 - accuracy: 0.6068
 7/98 [=>............................] - ETA: 9s - loss: 1.1895 - accuracy: 0.6066
 8/98 [=>............................] - ETA: 9s - loss: 1.1860 - accuracy: 0.6077
 9/98 [=>............................] - ETA: 9s - loss: 1.1827 - accuracy: 0.6070
10/98 [==>...........................] - ETA: 9s - loss: 1.1776 - accuracy: 0.6090
11/98 [==>...........................] - ETA: 8s - loss: 1.1838 - accuracy: 0.6074
12/98 [==>...........................] - ETA: 8s - loss: 1.1807 - accuracy: 0.6097
13/98 [==>...........................] - ETA: 8s - loss: 1.1782 - accuracy: 0.6124
14/98 [===>..........................] - ETA: 8s - loss: 1.1760 - accuracy: 0.6131
15/98 [===>..........................] - ETA: 8s - loss: 1.1726 - accuracy: 0.6152
16/98 [===>..........................] - ETA: 8s - loss: 1.1755 - accuracy: 0.6138
17/98 [====>.........................] - ETA: 8s - loss: 1.1772 - accuracy: 0.6132
18/98 [====>.........................] - ETA: 8s - loss: 1.1766 - accuracy: 0.6134
19/98 [====>.........................] - ETA: 8s - loss: 1.1768 - accuracy: 0.6144
20/98 [=====>........................] - ETA: 8s - loss: 1.1735 - accuracy: 0.6150
21/98 [=====>........................] - ETA: 7s - loss: 1.1743 - accuracy: 0.6144
22/98 [=====>........................] - ETA: 7s - loss: 1.1725 - accuracy: 0.6145
23/98 [======>.......................] - ETA: 7s - loss: 1.1747 - accuracy: 0.6140
24/98 [======>.......................] - ETA: 7s - loss: 1.1764 - accuracy: 0.6128
25/98 [======>.......................] - ETA: 7s - loss: 1.1769 - accuracy: 0.6122
26/98 [======>.......................] - ETA: 7s - loss: 1.1744 - accuracy: 0.6121
27/98 [=======>......................] - ETA: 7s - loss: 1.1726 - accuracy: 0.6136
28/98 [=======>......................] - ETA: 7s - loss: 1.1705 - accuracy: 0.6144
29/98 [=======>......................] - ETA: 7s - loss: 1.1708 - accuracy: 0.6145
30/98 [========>.....................] - ETA: 7s - loss: 1.1693 - accuracy: 0.6145
31/98 [========>.....................] - ETA: 6s - loss: 1.1693 - accuracy: 0.6153
32/98 [========>.....................] - ETA: 6s - loss: 1.1701 - accuracy: 0.6153
33/98 [=========>....................] - ETA: 6s - loss: 1.1711 - accuracy: 0.6148
34/98 [=========>....................] - ETA: 6s - loss: 1.1719 - accuracy: 0.6147
35/98 [=========>....................] - ETA: 6s - loss: 1.1709 - accuracy: 0.6151
36/98 [==========>...................] - ETA: 6s - loss: 1.1710 - accuracy: 0.6145
37/98 [==========>...................] - ETA: 6s - loss: 1.1724 - accuracy: 0.6140
38/98 [==========>...................] - ETA: 6s - loss: 1.1721 - accuracy: 0.6141
39/98 [==========>...................] - ETA: 6s - loss: 1.1734 - accuracy: 0.6129
40/98 [===========>..................] - ETA: 5s - loss: 1.1739 - accuracy: 0.6124
41/98 [===========>..................] - ETA: 5s - loss: 1.1759 - accuracy: 0.6117
42/98 [===========>..................] - ETA: 5s - loss: 1.1763 - accuracy: 0.6117
43/98 [============>.................] - ETA: 5s - loss: 1.1778 - accuracy: 0.6116
44/98 [============>.................] - ETA: 5s - loss: 1.1802 - accuracy: 0.6113
45/98 [============>.................] - ETA: 5s - loss: 1.1807 - accuracy: 0.6113
46/98 [=============>................] - ETA: 5s - loss: 1.1808 - accuracy: 0.6116
47/98 [=============>................] - ETA: 5s - loss: 1.1802 - accuracy: 0.6122
48/98 [=============>................] - ETA: 5s - loss: 1.1799 - accuracy: 0.6120
