2024-06-26 12:34:02.428619: I tensorflow/core/platform/cpu_feature_guard.cc:193] This TensorFlow binary is optimized with oneAPI Deep Neural Network Library (oneDNN) to use the following CPU instructions in performance-critical operations:  AVX AVX2
To enable them in other operations, rebuild TensorFlow with the appropriate compiler flags.
2024-06-26 12:34:02.912066: I tensorflow/core/common_runtime/gpu/gpu_device.cc:1616] Created device /job:localhost/replica:0/task:0/device:GPU:0 with 6656 MB memory:  -> device: 0, name: NVIDIA GeForce RTX 4060 Ti, pci bus id: 0000:01:00.0, compute capability: 8.9
1 Physical GPUs, 1 Logical GPUs
Model: "sequential"
_________________________________________________________________
 Layer (type)                Output Shape              Param #   
=================================================================
 conv2d (Conv2D)             (None, 32, 32, 32)        896       
                                                                 
 batch_normalization (BatchN  (None, 32, 32, 32)       128       
 ormalization)                                                   
                                                                 
 conv2d_1 (Conv2D)           (None, 32, 32, 128)       102528    
                                                                 
 dropout (Dropout)           (None, 32, 32, 128)       0         
                                                                 
 flatten (Flatten)           (None, 131072)            0         
                                                                 
 dense (Dense)               (None, 32)                4194336   
                                                                 
 dropout_1 (Dropout)         (None, 32)                0         
                                                                 
 dense_1 (Dense)             (None, 10)                330       
                                                                 
=================================================================
Total params: 4,298,218
Trainable params: 4,298,154
Non-trainable params: 64
_________________________________________________________________
Taxa de aprendizado:  0.0001 Num de épocas:  57 Tamanho do lote:  512 Dropout:  0.41821
Epoch 1/57
2024-06-26 12:34:04.450393: I tensorflow/stream_executor/cuda/cuda_dnn.cc:384] Loaded cuDNN version 8100
2024-06-26 12:34:05.381589: W tensorflow/stream_executor/gpu/redzone_allocator.cc:314] INTERNAL: ptxas exited with non-zero error code -1, output: 
Relying on driver to perform ptx compilation. 
Modify $PATH to customize ptxas location.
This message will be only logged once.
2024-06-26 12:34:06.868479: I tensorflow/stream_executor/cuda/cuda_blas.cc:1614] TensorFloat-32 will be used for the matrix multiplication. This will only be logged once.

 1/98 [..............................] - ETA: 9:57 - loss: 2.4988 - accuracy: 0.0781
 2/98 [..............................] - ETA: 10s - loss: 2.5199 - accuracy: 0.1094 
 3/98 [..............................] - ETA: 9s - loss: 2.4682 - accuracy: 0.1211 
 4/98 [>.............................] - ETA: 9s - loss: 2.4308 - accuracy: 0.1494
 5/98 [>.............................] - ETA: 9s - loss: 2.4085 - accuracy: 0.1598
 6/98 [>.............................] - ETA: 9s - loss: 2.3769 - accuracy: 0.1673
 7/98 [=>............................] - ETA: 9s - loss: 2.3507 - accuracy: 0.1763
 8/98 [=>............................] - ETA: 10s - loss: 2.3390 - accuracy: 0.1777
 9/98 [=>............................] - ETA: 10s - loss: 2.3102 - accuracy: 0.1864
10/98 [==>...........................] - ETA: 10s - loss: 2.2920 - accuracy: 0.1920
11/98 [==>...........................] - ETA: 10s - loss: 2.2748 - accuracy: 0.1967
12/98 [==>...........................] - ETA: 10s - loss: 2.2598 - accuracy: 0.2030
13/98 [==>...........................] - ETA: 10s - loss: 2.2489 - accuracy: 0.2075
14/98 [===>..........................] - ETA: 10s - loss: 2.2318 - accuracy: 0.2141
15/98 [===>..........................] - ETA: 10s - loss: 2.2184 - accuracy: 0.2208
16/98 [===>..........................] - ETA: 10s - loss: 2.2055 - accuracy: 0.2246
17/98 [====>.........................] - ETA: 10s - loss: 2.1956 - accuracy: 0.2283
18/98 [====>.........................] - ETA: 10s - loss: 2.1801 - accuracy: 0.2335
19/98 [====>.........................] - ETA: 10s - loss: 2.1724 - accuracy: 0.2367
20/98 [=====>........................] - ETA: 10s - loss: 2.1645 - accuracy: 0.2396
21/98 [=====>........................] - ETA: 10s - loss: 2.1519 - accuracy: 0.2447
22/98 [=====>........................] - ETA: 10s - loss: 2.1445 - accuracy: 0.2473
23/98 [======>.......................] - ETA: 9s - loss: 2.1389 - accuracy: 0.2485 
24/98 [======>.......................] - ETA: 9s - loss: 2.1312 - accuracy: 0.2506
25/98 [======>.......................] - ETA: 9s - loss: 2.1245 - accuracy: 0.2523
26/98 [======>.......................] - ETA: 9s - loss: 2.1148 - accuracy: 0.2560
27/98 [=======>......................] - ETA: 9s - loss: 2.1082 - accuracy: 0.2584
28/98 [=======>......................] - ETA: 8s - loss: 2.1012 - accuracy: 0.2612
29/98 [=======>......................] - ETA: 8s - loss: 2.0934 - accuracy: 0.2640
30/98 [========>.....................] - ETA: 8s - loss: 2.0847 - accuracy: 0.2667
31/98 [========>.....................] - ETA: 8s - loss: 2.0788 - accuracy: 0.2690
32/98 [========>.....................] - ETA: 8s - loss: 2.0741 - accuracy: 0.2708
33/98 [=========>....................] - ETA: 8s - loss: 2.0704 - accuracy: 0.2720
34/98 [=========>....................] - ETA: 8s - loss: 2.0650 - accuracy: 0.2739
35/98 [=========>....................] - ETA: 8s - loss: 2.0613 - accuracy: 0.2747
36/98 [==========>...................] - ETA: 7s - loss: 2.0561 - accuracy: 0.2759
37/98 [==========>...................] - ETA: 7s - loss: 2.0479 - accuracy: 0.2795
38/98 [==========>...................] - ETA: 7s - loss: 2.0404 - accuracy: 0.2820
39/98 [==========>...................] - ETA: 7s - loss: 2.0352 - accuracy: 0.2840
40/98 [===========>..................] - ETA: 7s - loss: 2.0295 - accuracy: 0.2857
41/98 [===========>..................] - ETA: 7s - loss: 2.0251 - accuracy: 0.2871
42/98 [===========>..................] - ETA: 7s - loss: 2.0216 - accuracy: 0.2885
43/98 [============>.................] - ETA: 7s - loss: 2.0187 - accuracy: 0.2895
44/98 [============>.................] - ETA: 7s - loss: 2.0146 - accuracy: 0.2911
45/98 [============>.................] - ETA: 6s - loss: 2.0097 - accuracy: 0.2931
46/98 [=============>................] - ETA: 6s - loss: 2.0052 - accuracy: 0.2947
47/98 [=============>................] - ETA: 6s - loss: 2.0017 - accuracy: 0.2956
48/98 [=============>................] - ETA: 6s - loss: 1.9967 - accuracy: 0.2976
49/98 [==============>...............] - ETA: 6s - loss: 1.9916 - accuracy: 0.2995
50/98 [==============>...............] - ETA: 6s - loss: 1.9869 - accuracy: 0.3013
51/98 [==============>...............] - ETA: 6s - loss: 1.9829 - accuracy: 0.3030
52/98 [==============>...............] - ETA: 5s - loss: 1.9780 - accuracy: 0.3048
53/98 [===============>..............] - ETA: 5s - loss: 1.9742 - accuracy: 0.3066
54/98 [===============>..............] - ETA: 5s - loss: 1.9705 - accuracy: 0.3079
55/98 [===============>..............] - ETA: 5s - loss: 1.9666 - accuracy: 0.3092
56/98 [================>.............] - ETA: 5s - loss: 1.9624 - accuracy: 0.3108
57/98 [================>.............] - ETA: 5s - loss: 1.9588 - accuracy: 0.3122
58/98 [================>.............] - ETA: 5s - loss: 1.9548 - accuracy: 0.3135
59/98 [=================>............] - ETA: 5s - loss: 1.9500 - accuracy: 0.3158
60/98 [=================>............] - ETA: 4s - loss: 1.9461 - accuracy: 0.3172
61/98 [=================>............] - ETA: 4s - loss: 1.9428 - accuracy: 0.3183
62/98 [=================>............] - ETA: 4s - loss: 1.9387 - accuracy: 0.3199
63/98 [==================>...........] - ETA: 4s - loss: 1.9355 - accuracy: 0.3211
64/98 [==================>...........] - ETA: 4s - loss: 1.9320 - accuracy: 0.3225
65/98 [==================>...........] - ETA: 4s - loss: 1.9289 - accuracy: 0.3240
66/98 [===================>..........] - ETA: 4s - loss: 1.9267 - accuracy: 0.3246
67/98 [===================>..........] - ETA: 4s - loss: 1.9234 - accuracy: 0.3257
68/98 [===================>..........] - ETA: 3s - loss: 1.9206 - accuracy: 0.3266
69/98 [====================>.........] - ETA: 3s - loss: 1.9176 - accuracy: 0.3280
70/98 [====================>.........] - ETA: 3s - loss: 1.9139 - accuracy: 0.3297
71/98 [====================>.........] - ETA: 3s - loss: 1.9102 - accuracy: 0.3312
72/98 [=====================>........] - ETA: 3s - loss: 1.9071 - accuracy: 0.3325
73/98 [=====================>........] - ETA: 3s - loss: 1.9055 - accuracy: 0.3333
74/98 [=====================>........] - ETA: 3s - loss: 1.9032 - accuracy: 0.3341
75/98 [=====================>........] - ETA: 2s - loss: 1.9006 - accuracy: 0.3348
76/98 [======================>.......] - ETA: 2s - loss: 1.8981 - accuracy: 0.3355
77/98 [======================>.......] - ETA: 2s - loss: 1.8956 - accuracy: 0.3359
78/98 [======================>.......] - ETA: 2s - loss: 1.8941 - accuracy: 0.3363
79/98 [=======================>......] - ETA: 2s - loss: 1.8916 - accuracy: 0.3369
80/98 [=======================>......] - ETA: 2s - loss: 1.8876 - accuracy: 0.3383
81/98 [=======================>......] - ETA: 2s - loss: 1.8852 - accuracy: 0.3389
82/98 [========================>.....] - ETA: 2s - loss: 1.8824 - accuracy: 0.3400
83/98 [========================>.....] - ETA: 1s - loss: 1.8793 - accuracy: 0.3411
84/98 [========================>.....] - ETA: 1s - loss: 1.8774 - accuracy: 0.3418
85/98 [=========================>....] - ETA: 1s - loss: 1.8741 - accuracy: 0.3428
86/98 [=========================>....] - ETA: 1s - loss: 1.8732 - accuracy: 0.3434
87/98 [=========================>....] - ETA: 1s - loss: 1.8707 - accuracy: 0.3445
88/98 [=========================>....] - ETA: 1s - loss: 1.8680 - accuracy: 0.3456
89/98 [==========================>...] - ETA: 1s - loss: 1.8671 - accuracy: 0.3461
90/98 [==========================>...] - ETA: 1s - loss: 1.8648 - accuracy: 0.3472
91/98 [==========================>...] - ETA: 1s - loss: 1.8625 - accuracy: 0.3479
92/98 [===========================>..] - ETA: 0s - loss: 1.8599 - accuracy: 0.3489
93/98 [===========================>..] - ETA: 0s - loss: 1.8580 - accuracy: 0.3496
94/98 [===========================>..] - ETA: 0s - loss: 1.8561 - accuracy: 0.3503
95/98 [============================>.] - ETA: 0s - loss: 1.8537 - accuracy: 0.3511
96/98 [============================>.] - ETA: 0s - loss: 1.8515 - accuracy: 0.3518
97/98 [============================>.] - ETA: 0s - loss: 1.8498 - accuracy: 0.3524
98/98 [==============================] - ETA: 0s - loss: 1.8473 - accuracy: 0.3533
98/98 [==============================] - 22s 161ms/step - loss: 1.8473 - accuracy: 0.3533 - val_loss: 2.0836 - val_accuracy: 0.3308
Epoch 2/57

 1/98 [..............................] - ETA: 15s - loss: 1.6374 - accuracy: 0.4199
 2/98 [..............................] - ETA: 15s - loss: 1.6122 - accuracy: 0.4395
 3/98 [..............................] - ETA: 14s - loss: 1.5728 - accuracy: 0.4583
 4/98 [>.............................] - ETA: 13s - loss: 1.5694 - accuracy: 0.4565
 5/98 [>.............................] - ETA: 13s - loss: 1.5762 - accuracy: 0.4531
 6/98 [>.............................] - ETA: 13s - loss: 1.5724 - accuracy: 0.4557
 7/98 [=>............................] - ETA: 12s - loss: 1.5656 - accuracy: 0.4572
 8/98 [=>............................] - ETA: 12s - loss: 1.5684 - accuracy: 0.4543
 9/98 [=>............................] - ETA: 12s - loss: 1.5668 - accuracy: 0.4560
10/98 [==>...........................] - ETA: 12s - loss: 1.5703 - accuracy: 0.4539
11/98 [==>...........................] - ETA: 12s - loss: 1.5618 - accuracy: 0.4567
12/98 [==>...........................] - ETA: 12s - loss: 1.5639 - accuracy: 0.4546
13/98 [==>...........................] - ETA: 12s - loss: 1.5643 - accuracy: 0.4549
14/98 [===>..........................] - ETA: 11s - loss: 1.5636 - accuracy: 0.4551
15/98 [===>..........................] - ETA: 11s - loss: 1.5614 - accuracy: 0.4572
16/98 [===>..........................] - ETA: 11s - loss: 1.5602 - accuracy: 0.4562
17/98 [====>.........................] - ETA: 10s - loss: 1.5630 - accuracy: 0.4563
18/98 [====>.........................] - ETA: 10s - loss: 1.5633 - accuracy: 0.4558
19/98 [====>.........................] - ETA: 10s - loss: 1.5679 - accuracy: 0.4551
20/98 [=====>........................] - ETA: 9s - loss: 1.5673 - accuracy: 0.4541 
21/98 [=====>........................] - ETA: 9s - loss: 1.5683 - accuracy: 0.4535
22/98 [=====>........................] - ETA: 9s - loss: 1.5661 - accuracy: 0.4536
23/98 [======>.......................] - ETA: 9s - loss: 1.5669 - accuracy: 0.4540
24/98 [======>.......................] - ETA: 9s - loss: 1.5683 - accuracy: 0.4550
25/98 [======>.......................] - ETA: 9s - loss: 1.5722 - accuracy: 0.4538
26/98 [======>.......................] - ETA: 9s - loss: 1.5686 - accuracy: 0.4552
27/98 [=======>......................] - ETA: 9s - loss: 1.5653 - accuracy: 0.4570
28/98 [=======>......................] - ETA: 9s - loss: 1.5642 - accuracy: 0.4578
29/98 [=======>......................] - ETA: 8s - loss: 1.5656 - accuracy: 0.4581
30/98 [========>.....................] - ETA: 8s - loss: 1.5663 - accuracy: 0.4579
31/98 [========>.....................] - ETA: 8s - loss: 1.5653 - accuracy: 0.4581
32/98 [========>.....................] - ETA: 8s - loss: 1.5663 - accuracy: 0.4582
33/98 [=========>....................] - ETA: 8s - loss: 1.5676 - accuracy: 0.4581
34/98 [=========>....................] - ETA: 8s - loss: 1.5648 - accuracy: 0.4588
35/98 [=========>....................] - ETA: 8s - loss: 1.5661 - accuracy: 0.4578
36/98 [==========>...................] - ETA: 8s - loss: 1.5666 - accuracy: 0.4575
37/98 [==========>...................] - ETA: 8s - loss: 1.5678 - accuracy: 0.4576
38/98 [==========>...................] - ETA: 7s - loss: 1.5658 - accuracy: 0.4582
39/98 [==========>...................] - ETA: 7s - loss: 1.5647 - accuracy: 0.4590
40/98 [===========>..................] - ETA: 7s - loss: 1.5669 - accuracy: 0.4576
41/98 [===========>..................] - ETA: 7s - loss: 1.5661 - accuracy: 0.4574
42/98 [===========>..................] - ETA: 7s - loss: 1.5655 - accuracy: 0.4575
43/98 [============>.................] - ETA: 7s - loss: 1.5657 - accuracy: 0.4568
44/98 [============>.................] - ETA: 6s - loss: 1.5643 - accuracy: 0.4575
45/98 [============>.................] - ETA: 6s - loss: 1.5648 - accuracy: 0.4572
46/98 [=============>................] - ETA: 6s - loss: 1.5640 - accuracy: 0.4577
47/98 [=============>................] - ETA: 6s - loss: 1.5621 - accuracy: 0.4587
48/98 [=============>................] - ETA: 6s - loss: 1.5609 - accuracy: 0.4593
49/98 [==============>...............] - ETA: 6s - loss: 1.5608 - accuracy: 0.4597
50/98 [==============>...............] - ETA: 6s - loss: 1.5601 - accuracy: 0.4600
51/98 [==============>...............] - ETA: 6s - loss: 1.5585 - accuracy: 0.4607
52/98 [==============>...............] - ETA: 5s - loss: 1.5564 - accuracy: 0.4615
53/98 [===============>..............] - ETA: 5s - loss: 1.5578 - accuracy: 0.4610
54/98 [===============>..............] - ETA: 5s - loss: 1.5587 - accuracy: 0.4611
55/98 [===============>..............] - ETA: 5s - loss: 1.5592 - accuracy: 0.4610
56/98 [================>.............] - ETA: 5s - loss: 1.5580 - accuracy: 0.4623
57/98 [================>.............] - ETA: 5s - loss: 1.5573 - accuracy: 0.4625
58/98 [================>.............] - ETA: 5s - loss: 1.5579 - accuracy: 0.4623
59/98 [=================>............] - ETA: 5s - loss: 1.5586 - accuracy: 0.4622
60/98 [=================>............] - ETA: 5s - loss: 1.5568 - accuracy: 0.4628
61/98 [=================>............] - ETA: 4s - loss: 1.5561 - accuracy: 0.4624
62/98 [=================>............] - ETA: 4s - loss: 1.5542 - accuracy: 0.4632
63/98 [==================>...........] - ETA: 4s - loss: 1.5530 - accuracy: 0.4637
64/98 [==================>...........] - ETA: 4s - loss: 1.5529 - accuracy: 0.4639
65/98 [==================>...........] - ETA: 4s - loss: 1.5526 - accuracy: 0.4642
66/98 [===================>..........] - ETA: 4s - loss: 1.5506 - accuracy: 0.4652
67/98 [===================>..........] - ETA: 4s - loss: 1.5493 - accuracy: 0.4656
68/98 [===================>..........] - ETA: 3s - loss: 1.5471 - accuracy: 0.4665
69/98 [====================>.........] - ETA: 3s - loss: 1.5463 - accuracy: 0.4671
70/98 [====================>.........] - ETA: 3s - loss: 1.5448 - accuracy: 0.4675
71/98 [====================>.........] - ETA: 3s - loss: 1.5442 - accuracy: 0.4675
72/98 [=====================>........] - ETA: 3s - loss: 1.5434 - accuracy: 0.4678
73/98 [=====================>........] - ETA: 3s - loss: 1.5427 - accuracy: 0.4680
74/98 [=====================>........] - ETA: 3s - loss: 1.5431 - accuracy: 0.4674
75/98 [=====================>........] - ETA: 2s - loss: 1.5426 - accuracy: 0.4674
76/98 [======================>.......] - ETA: 2s - loss: 1.5417 - accuracy: 0.4682
77/98 [======================>.......] - ETA: 2s - loss: 1.5399 - accuracy: 0.4686
78/98 [======================>.......] - ETA: 2s - loss: 1.5390 - accuracy: 0.4691
79/98 [=======================>......] - ETA: 2s - loss: 1.5389 - accuracy: 0.4690
80/98 [=======================>......] - ETA: 2s - loss: 1.5387 - accuracy: 0.4694
81/98 [=======================>......] - ETA: 2s - loss: 1.5372 - accuracy: 0.4701
82/98 [========================>.....] - ETA: 2s - loss: 1.5362 - accuracy: 0.4705
83/98 [========================>.....] - ETA: 1s - loss: 1.5363 - accuracy: 0.4703
84/98 [========================>.....] - ETA: 1s - loss: 1.5355 - accuracy: 0.4703
85/98 [=========================>....] - ETA: 1s - loss: 1.5343 - accuracy: 0.4709
86/98 [=========================>....] - ETA: 1s - loss: 1.5336 - accuracy: 0.4711
87/98 [=========================>....] - ETA: 1s - loss: 1.5321 - accuracy: 0.4719
88/98 [=========================>....] - ETA: 1s - loss: 1.5317 - accuracy: 0.4717
89/98 [==========================>...] - ETA: 1s - loss: 1.5303 - accuracy: 0.4723
90/98 [==========================>...] - ETA: 1s - loss: 1.5290 - accuracy: 0.4727
91/98 [==========================>...] - ETA: 0s - loss: 1.5284 - accuracy: 0.4732
92/98 [===========================>..] - ETA: 0s - loss: 1.5280 - accuracy: 0.4733
93/98 [===========================>..] - ETA: 0s - loss: 1.5278 - accuracy: 0.4737
94/98 [===========================>..] - ETA: 0s - loss: 1.5276 - accuracy: 0.4737
95/98 [============================>.] - ETA: 0s - loss: 1.5266 - accuracy: 0.4742
96/98 [============================>.] - ETA: 0s - loss: 1.5259 - accuracy: 0.4744
97/98 [============================>.] - ETA: 0s - loss: 1.5255 - accuracy: 0.4746
98/98 [==============================] - ETA: 0s - loss: 1.5256 - accuracy: 0.4744
98/98 [==============================] - 14s 141ms/step - loss: 1.5256 - accuracy: 0.4744 - val_loss: 1.8834 - val_accuracy: 0.4240
Epoch 3/57

 1/98 [..............................] - ETA: 12s - loss: 1.4528 - accuracy: 0.5137
 2/98 [..............................] - ETA: 9s - loss: 1.3856 - accuracy: 0.5371 
 3/98 [..............................] - ETA: 9s - loss: 1.3891 - accuracy: 0.5280
 4/98 [>.............................] - ETA: 9s - loss: 1.4073 - accuracy: 0.5186
 5/98 [>.............................] - ETA: 9s - loss: 1.4058 - accuracy: 0.5188
 6/98 [>.............................] - ETA: 9s - loss: 1.4085 - accuracy: 0.5160
 7/98 [=>............................] - ETA: 9s - loss: 1.4061 - accuracy: 0.5131
 8/98 [=>............................] - ETA: 9s - loss: 1.4118 - accuracy: 0.5132
 9/98 [=>............................] - ETA: 9s - loss: 1.4074 - accuracy: 0.5156
10/98 [==>...........................] - ETA: 10s - loss: 1.4046 - accuracy: 0.5141
11/98 [==>...........................] - ETA: 10s - loss: 1.4145 - accuracy: 0.5126
12/98 [==>...........................] - ETA: 10s - loss: 1.4061 - accuracy: 0.5176
13/98 [==>...........................] - ETA: 10s - loss: 1.4002 - accuracy: 0.5219
14/98 [===>..........................] - ETA: 10s - loss: 1.3934 - accuracy: 0.5251
15/98 [===>..........................] - ETA: 10s - loss: 1.3942 - accuracy: 0.5279
16/98 [===>..........................] - ETA: 10s - loss: 1.3898 - accuracy: 0.5288
17/98 [====>.........................] - ETA: 10s - loss: 1.3874 - accuracy: 0.5293
18/98 [====>.........................] - ETA: 10s - loss: 1.3873 - accuracy: 0.5295
19/98 [====>.........................] - ETA: 10s - loss: 1.3877 - accuracy: 0.5294
20/98 [=====>........................] - ETA: 10s - loss: 1.3899 - accuracy: 0.5283
21/98 [=====>........................] - ETA: 10s - loss: 1.3903 - accuracy: 0.5277
22/98 [=====>........................] - ETA: 10s - loss: 1.3883 - accuracy: 0.5289
23/98 [======>.......................] - ETA: 9s - loss: 1.3894 - accuracy: 0.5275 
24/98 [======>.......................] - ETA: 9s - loss: 1.3867 - accuracy: 0.5282
25/98 [======>.......................] - ETA: 9s - loss: 1.3873 - accuracy: 0.5277
26/98 [======>.......................] - ETA: 9s - loss: 1.3882 - accuracy: 0.5277
27/98 [=======>......................] - ETA: 9s - loss: 1.3880 - accuracy: 0.5283
28/98 [=======>......................] - ETA: 8s - loss: 1.3882 - accuracy: 0.5280
29/98 [=======>......................] - ETA: 8s - loss: 1.3895 - accuracy: 0.5277
30/98 [========>.....................] - ETA: 8s - loss: 1.3909 - accuracy: 0.5277
31/98 [========>.....................] - ETA: 8s - loss: 1.3896 - accuracy: 0.5287
32/98 [========>.....................] - ETA: 8s - loss: 1.3890 - accuracy: 0.5288
33/98 [=========>....................] - ETA: 8s - loss: 1.3881 - accuracy: 0.5293
34/98 [=========>....................] - ETA: 8s - loss: 1.3916 - accuracy: 0.5279
35/98 [=========>....................] - ETA: 7s - loss: 1.3902 - accuracy: 0.5290
36/98 [==========>...................] - ETA: 7s - loss: 1.3909 - accuracy: 0.5284
37/98 [==========>...................] - ETA: 7s - loss: 1.3895 - accuracy: 0.5293
38/98 [==========>...................] - ETA: 7s - loss: 1.3893 - accuracy: 0.5295
39/98 [==========>...................] - ETA: 7s - loss: 1.3886 - accuracy: 0.5300
40/98 [===========>..................] - ETA: 7s - loss: 1.3878 - accuracy: 0.5298
41/98 [===========>..................] - ETA: 7s - loss: 1.3869 - accuracy: 0.5298
42/98 [===========>..................] - ETA: 7s - loss: 1.3866 - accuracy: 0.5298
43/98 [============>.................] - ETA: 7s - loss: 1.3872 - accuracy: 0.5297
44/98 [============>.................] - ETA: 7s - loss: 1.3867 - accuracy: 0.5301
45/98 [============>.................] - ETA: 6s - loss: 1.3851 - accuracy: 0.5304
46/98 [=============>................] - ETA: 6s - loss: 1.3836 - accuracy: 0.5312
47/98 [=============>................] - ETA: 6s - loss: 1.3840 - accuracy: 0.5310
48/98 [=============>................] - ETA: 6s - loss: 1.3844 - accuracy: 0.5308
49/98 [==============>...............] - ETA: 6s - loss: 1.3839 - accuracy: 0.5310
50/98 [==============>...............] - ETA: 6s - loss: 1.3839 - accuracy: 0.5313
51/98 [==============>...............] - ETA: 6s - loss: 1.3827 - accuracy: 0.5318
52/98 [==============>...............] - ETA: 5s - loss: 1.3833 - accuracy: 0.5316
53/98 [===============>..............] - ETA: 5s - loss: 1.3828 - accuracy: 0.5317
54/98 [===============>..............] - ETA: 5s - loss: 1.3816 - accuracy: 0.5323
55/98 [===============>..............] - ETA: 5s - loss: 1.3826 - accuracy: 0.5315
56/98 [================>.............] - ETA: 5s - loss: 1.3819 - accuracy: 0.5317
57/98 [================>.............] - ETA: 5s - loss: 1.3812 - accuracy: 0.5319
58/98 [================>.............] - ETA: 5s - loss: 1.3811 - accuracy: 0.5319
59/98 [=================>............] - ETA: 4s - loss: 1.3819 - accuracy: 0.5315
60/98 [=================>............] - ETA: 4s - loss: 1.3803 - accuracy: 0.5325
61/98 [=================>............] - ETA: 4s - loss: 1.3802 - accuracy: 0.5326
62/98 [=================>............] - ETA: 4s - loss: 1.3793 - accuracy: 0.5328
63/98 [==================>...........] - ETA: 4s - loss: 1.3787 - accuracy: 0.5325
64/98 [==================>...........] - ETA: 4s - loss: 1.3775 - accuracy: 0.5329
65/98 [==================>...........] - ETA: 4s - loss: 1.3764 - accuracy: 0.5334
66/98 [===================>..........] - ETA: 4s - loss: 1.3751 - accuracy: 0.5340
67/98 [===================>..........] - ETA: 3s - loss: 1.3749 - accuracy: 0.5338
68/98 [===================>..........] - ETA: 3s - loss: 1.3740 - accuracy: 0.5341
69/98 [====================>.........] - ETA: 3s - loss: 1.3746 - accuracy: 0.5338
70/98 [====================>.........] - ETA: 3s - loss: 1.3742 - accuracy: 0.5340
71/98 [====================>.........] - ETA: 3s - loss: 1.3738 - accuracy: 0.5341
72/98 [=====================>........] - ETA: 3s - loss: 1.3737 - accuracy: 0.5341
73/98 [=====================>........] - ETA: 3s - loss: 1.3734 - accuracy: 0.5341
74/98 [=====================>........] - ETA: 3s - loss: 1.3735 - accuracy: 0.5345
75/98 [=====================>........] - ETA: 2s - loss: 1.3742 - accuracy: 0.5345
76/98 [======================>.......] - ETA: 2s - loss: 1.3738 - accuracy: 0.5344
77/98 [======================>.......] - ETA: 2s - loss: 1.3739 - accuracy: 0.5342
78/98 [======================>.......] - ETA: 2s - loss: 1.3733 - accuracy: 0.5346
79/98 [=======================>......] - ETA: 2s - loss: 1.3740 - accuracy: 0.5344
80/98 [=======================>......] - ETA: 2s - loss: 1.3741 - accuracy: 0.5348
81/98 [=======================>......] - ETA: 2s - loss: 1.3746 - accuracy: 0.5344
82/98 [========================>.....] - ETA: 2s - loss: 1.3748 - accuracy: 0.5340
83/98 [========================>.....] - ETA: 1s - loss: 1.3743 - accuracy: 0.5342
84/98 [========================>.....] - ETA: 1s - loss: 1.3737 - accuracy: 0.5345
85/98 [=========================>....] - ETA: 1s - loss: 1.3742 - accuracy: 0.5342
86/98 [=========================>....] - ETA: 1s - loss: 1.3738 - accuracy: 0.5345
87/98 [=========================>....] - ETA: 1s - loss: 1.3725 - accuracy: 0.5351
88/98 [=========================>....] - ETA: 1s - loss: 1.3720 - accuracy: 0.5352
89/98 [==========================>...] - ETA: 1s - loss: 1.3719 - accuracy: 0.5351
90/98 [==========================>...] - ETA: 1s - loss: 1.3725 - accuracy: 0.5351
91/98 [==========================>...] - ETA: 0s - loss: 1.3717 - accuracy: 0.5355
92/98 [===========================>..] - ETA: 0s - loss: 1.3709 - accuracy: 0.5358
93/98 [===========================>..] - ETA: 0s - loss: 1.3704 - accuracy: 0.5360
94/98 [===========================>..] - ETA: 0s - loss: 1.3702 - accuracy: 0.5360
95/98 [============================>.] - ETA: 0s - loss: 1.3691 - accuracy: 0.5366
96/98 [============================>.] - ETA: 0s - loss: 1.3695 - accuracy: 0.5368
97/98 [============================>.] - ETA: 0s - loss: 1.3694 - accuracy: 0.5369
98/98 [==============================] - ETA: 0s - loss: 1.3685 - accuracy: 0.5373
98/98 [==============================] - 14s 139ms/step - loss: 1.3685 - accuracy: 0.5373 - val_loss: 1.6657 - val_accuracy: 0.4903
Epoch 4/57

 1/98 [..............................] - ETA: 16s - loss: 1.2109 - accuracy: 0.5820
 2/98 [..............................] - ETA: 13s - loss: 1.2426 - accuracy: 0.5771
 3/98 [..............................] - ETA: 13s - loss: 1.3026 - accuracy: 0.5534
 4/98 [>.............................] - ETA: 13s - loss: 1.2885 - accuracy: 0.5630
 5/98 [>.............................] - ETA: 13s - loss: 1.2861 - accuracy: 0.5680
 6/98 [>.............................] - ETA: 13s - loss: 1.2844 - accuracy: 0.5697
 7/98 [=>............................] - ETA: 13s - loss: 1.2934 - accuracy: 0.5645
 8/98 [=>............................] - ETA: 13s - loss: 1.2909 - accuracy: 0.5652
 9/98 [=>............................] - ETA: 12s - loss: 1.2896 - accuracy: 0.5671
10/98 [==>...........................] - ETA: 11s - loss: 1.2938 - accuracy: 0.5623
11/98 [==>...........................] - ETA: 11s - loss: 1.2867 - accuracy: 0.5662
12/98 [==>...........................] - ETA: 10s - loss: 1.2852 - accuracy: 0.5665
13/98 [==>...........................] - ETA: 10s - loss: 1.2865 - accuracy: 0.5665
14/98 [===>..........................] - ETA: 10s - loss: 1.2841 - accuracy: 0.5671
15/98 [===>..........................] - ETA: 10s - loss: 1.2829 - accuracy: 0.5680
16/98 [===>..........................] - ETA: 9s - loss: 1.2826 - accuracy: 0.5671 
17/98 [====>.........................] - ETA: 9s - loss: 1.2833 - accuracy: 0.5663
18/98 [====>.........................] - ETA: 9s - loss: 1.2818 - accuracy: 0.5678
19/98 [====>.........................] - ETA: 9s - loss: 1.2816 - accuracy: 0.5685
20/98 [=====>........................] - ETA: 9s - loss: 1.2791 - accuracy: 0.5703
21/98 [=====>........................] - ETA: 9s - loss: 1.2757 - accuracy: 0.5713
22/98 [=====>........................] - ETA: 9s - loss: 1.2766 - accuracy: 0.5718
23/98 [======>.......................] - ETA: 9s - loss: 1.2760 - accuracy: 0.5719
24/98 [======>.......................] - ETA: 9s - loss: 1.2774 - accuracy: 0.5712
25/98 [======>.......................] - ETA: 9s - loss: 1.2777 - accuracy: 0.5713
26/98 [======>.......................] - ETA: 9s - loss: 1.2763 - accuracy: 0.5716
27/98 [=======>......................] - ETA: 9s - loss: 1.2756 - accuracy: 0.5717
28/98 [=======>......................] - ETA: 9s - loss: 1.2741 - accuracy: 0.5727
29/98 [=======>......................] - ETA: 8s - loss: 1.2729 - accuracy: 0.5739
30/98 [========>.....................] - ETA: 8s - loss: 1.2735 - accuracy: 0.5738
31/98 [========>.....................] - ETA: 8s - loss: 1.2737 - accuracy: 0.5738
32/98 [========>.....................] - ETA: 8s - loss: 1.2725 - accuracy: 0.5743
33/98 [=========>....................] - ETA: 8s - loss: 1.2708 - accuracy: 0.5743
34/98 [=========>....................] - ETA: 8s - loss: 1.2698 - accuracy: 0.5747
35/98 [=========>....................] - ETA: 8s - loss: 1.2697 - accuracy: 0.5747
36/98 [==========>...................] - ETA: 8s - loss: 1.2685 - accuracy: 0.5754
37/98 [==========>...................] - ETA: 7s - loss: 1.2692 - accuracy: 0.5753
38/98 [==========>...................] - ETA: 7s - loss: 1.2691 - accuracy: 0.5755
39/98 [==========>...................] - ETA: 7s - loss: 1.2676 - accuracy: 0.5761
40/98 [===========>..................] - ETA: 7s - loss: 1.2681 - accuracy: 0.5760
41/98 [===========>..................] - ETA: 7s - loss: 1.2682 - accuracy: 0.5761
42/98 [===========>..................] - ETA: 7s - loss: 1.2689 - accuracy: 0.5755
43/98 [============>.................] - ETA: 6s - loss: 1.2679 - accuracy: 0.5764
44/98 [============>.................] - ETA: 6s - loss: 1.2661 - accuracy: 0.5773
45/98 [============>.................] - ETA: 6s - loss: 1.2655 - accuracy: 0.5778
46/98 [=============>................] - ETA: 6s - loss: 1.2640 - accuracy: 0.5788
47/98 [=============>................] - ETA: 6s - loss: 1.2637 - accuracy: 0.5786
48/98 [=============>................] - ETA: 6s - loss: 1.2641 - accuracy: 0.5786
49/98 [==============>...............] - ETA: 6s - loss: 1.2632 - accuracy: 0.5786
50/98 [==============>...............] - ETA: 6s - loss: 1.2620 - accuracy: 0.5791
51/98 [==============>...............] - ETA: 6s - loss: 1.2607 - accuracy: 0.5792
52/98 [==============>...............] - ETA: 5s - loss: 1.2615 - accuracy: 0.5792
53/98 [===============>..............] - ETA: 5s - loss: 1.2616 - accuracy: 0.5795
54/98 [===============>..............] - ETA: 5s - loss: 1.2622 - accuracy: 0.5790
55/98 [===============>..............] - ETA: 5s - loss: 1.2625 - accuracy: 0.5787
56/98 [================>.............] - ETA: 5s - loss: 1.2636 - accuracy: 0.5781
57/98 [================>.............] - ETA: 5s - loss: 1.2642 - accuracy: 0.5779
58/98 [================>.............] - ETA: 5s - loss: 1.2625 - accuracy: 0.5787
59/98 [=================>............] - ETA: 5s - loss: 1.2616 - accuracy: 0.5787
60/98 [=================>............] - ETA: 4s - loss: 1.2617 - accuracy: 0.5788
61/98 [=================>............] - ETA: 4s - loss: 1.2612 - accuracy: 0.5788
62/98 [=================>............] - ETA: 4s - loss: 1.2602 - accuracy: 0.5790
63/98 [==================>...........] - ETA: 4s - loss: 1.2602 - accuracy: 0.5789
64/98 [==================>...........] - ETA: 4s - loss: 1.2602 - accuracy: 0.5790
65/98 [==================>...........] - ETA: 4s - loss: 1.2595 - accuracy: 0.5795
66/98 [===================>..........] - ETA: 4s - loss: 1.2594 - accuracy: 0.5795
67/98 [===================>..........] - ETA: 3s - loss: 1.2586 - accuracy: 0.5797
68/98 [===================>..........] - ETA: 3s - loss: 1.2585 - accuracy: 0.5796
69/98 [====================>.........] - ETA: 3s - loss: 1.2593 - accuracy: 0.5795
70/98 [====================>.........] - ETA: 3s - loss: 1.2590 - accuracy: 0.5796
71/98 [====================>.........] - ETA: 3s - loss: 1.2598 - accuracy: 0.5793
72/98 [=====================>........] - ETA: 3s - loss: 1.2600 - accuracy: 0.5792
73/98 [=====================>........] - ETA: 3s - loss: 1.2602 - accuracy: 0.5791
74/98 [=====================>........] - ETA: 3s - loss: 1.2601 - accuracy: 0.5791
75/98 [=====================>........] - ETA: 2s - loss: 1.2590 - accuracy: 0.5795
76/98 [======================>.......] - ETA: 2s - loss: 1.2583 - accuracy: 0.5798
77/98 [======================>.......] - ETA: 2s - loss: 1.2582 - accuracy: 0.5801
78/98 [======================>.......] - ETA: 2s - loss: 1.2582 - accuracy: 0.5800
79/98 [=======================>......] - ETA: 2s - loss: 1.2578 - accuracy: 0.5801
80/98 [=======================>......] - ETA: 2s - loss: 1.2577 - accuracy: 0.5803
81/98 [=======================>......] - ETA: 2s - loss: 1.2570 - accuracy: 0.5807
82/98 [========================>.....] - ETA: 2s - loss: 1.2565 - accuracy: 0.5806
83/98 [========================>.....] - ETA: 1s - loss: 1.2566 - accuracy: 0.5805
84/98 [========================>.....] - ETA: 1s - loss: 1.2569 - accuracy: 0.5805
85/98 [=========================>....] - ETA: 1s - loss: 1.2556 - accuracy: 0.5813
86/98 [=========================>....] - ETA: 1s - loss: 1.2557 - accuracy: 0.5812
87/98 [=========================>....] - ETA: 1s - loss: 1.2547 - accuracy: 0.5816
88/98 [=========================>....] - ETA: 1s - loss: 1.2542 - accuracy: 0.5818
89/98 [==========================>...] - ETA: 1s - loss: 1.2541 - accuracy: 0.5817
90/98 [==========================>...] - ETA: 1s - loss: 1.2533 - accuracy: 0.5821
91/98 [==========================>...] - ETA: 0s - loss: 1.2538 - accuracy: 0.5818
92/98 [===========================>..] - ETA: 0s - loss: 1.2526 - accuracy: 0.5822
93/98 [===========================>..] - ETA: 0s - loss: 1.2522 - accuracy: 0.5825
94/98 [===========================>..] - ETA: 0s - loss: 1.2511 - accuracy: 0.5830
95/98 [============================>.] - ETA: 0s - loss: 1.2513 - accuracy: 0.5829
96/98 [============================>.] - ETA: 0s - loss: 1.2504 - accuracy: 0.5832
97/98 [============================>.] - ETA: 0s - loss: 1.2504 - accuracy: 0.5831
98/98 [==============================] - ETA: 0s - loss: 1.2505 - accuracy: 0.5830
98/98 [==============================] - 14s 140ms/step - loss: 1.2505 - accuracy: 0.5830 - val_loss: 1.4523 - val_accuracy: 0.5559
Epoch 5/57

 1/98 [..............................] - ETA: 12s - loss: 1.1599 - accuracy: 0.6270
 2/98 [..............................] - ETA: 9s - loss: 1.1713 - accuracy: 0.6211 
 3/98 [..............................] - ETA: 11s - loss: 1.1712 - accuracy: 0.6191
 4/98 [>.............................] - ETA: 11s - loss: 1.1787 - accuracy: 0.6147
 5/98 [>.............................] - ETA: 12s - loss: 1.1784 - accuracy: 0.6152
 6/98 [>.............................] - ETA: 12s - loss: 1.1820 - accuracy: 0.6139
 7/98 [=>............................] - ETA: 12s - loss: 1.1645 - accuracy: 0.6230
 8/98 [=>............................] - ETA: 12s - loss: 1.1652 - accuracy: 0.6216
 9/98 [=>............................] - ETA: 12s - loss: 1.1696 - accuracy: 0.6204
10/98 [==>...........................] - ETA: 12s - loss: 1.1659 - accuracy: 0.6197
11/98 [==>...........................] - ETA: 12s - loss: 1.1677 - accuracy: 0.6174
12/98 [==>...........................] - ETA: 12s - loss: 1.1667 - accuracy: 0.6169
13/98 [==>...........................] - ETA: 12s - loss: 1.1652 - accuracy: 0.6176
14/98 [===>..........................] - ETA: 11s - loss: 1.1657 - accuracy: 0.6166
15/98 [===>..........................] - ETA: 11s - loss: 1.1662 - accuracy: 0.6171
16/98 [===>..........................] - ETA: 11s - loss: 1.1678 - accuracy: 0.6158
17/98 [====>.........................] - ETA: 11s - loss: 1.1701 - accuracy: 0.6147
18/98 [====>.........................] - ETA: 11s - loss: 1.1684 - accuracy: 0.6146
19/98 [====>.........................] - ETA: 10s - loss: 1.1684 - accuracy: 0.6139
20/98 [=====>........................] - ETA: 10s - loss: 1.1707 - accuracy: 0.6135
21/98 [=====>........................] - ETA: 10s - loss: 1.1691 - accuracy: 0.6137
22/98 [=====>........................] - ETA: 10s - loss: 1.1697 - accuracy: 0.6127
23/98 [======>.......................] - ETA: 9s - loss: 1.1676 - accuracy: 0.6128 
24/98 [======>.......................] - ETA: 9s - loss: 1.1715 - accuracy: 0.6125
25/98 [======>.......................] - ETA: 9s - loss: 1.1720 - accuracy: 0.6131
26/98 [======>.......................] - ETA: 9s - loss: 1.1707 - accuracy: 0.6131
27/98 [=======>......................] - ETA: 9s - loss: 1.1687 - accuracy: 0.6135
28/98 [=======>......................] - ETA: 8s - loss: 1.1690 - accuracy: 0.6134
29/98 [=======>......................] - ETA: 8s - loss: 1.1679 - accuracy: 0.6137
30/98 [========>.....................] - ETA: 8s - loss: 1.1695 - accuracy: 0.6124
31/98 [========>.....................] - ETA: 8s - loss: 1.1694 - accuracy: 0.6126
32/98 [========>.....................] - ETA: 8s - loss: 1.1653 - accuracy: 0.6144
33/98 [=========>....................] - ETA: 8s - loss: 1.1656 - accuracy: 0.6142
34/98 [=========>....................] - ETA: 8s - loss: 1.1656 - accuracy: 0.6141
35/98 [=========>....................] - ETA: 8s - loss: 1.1678 - accuracy: 0.6136
36/98 [==========>...................] - ETA: 8s - loss: 1.1682 - accuracy: 0.6131
37/98 [==========>...................] - ETA: 8s - loss: 1.1677 - accuracy: 0.6135
38/98 [==========>...................] - ETA: 7s - loss: 1.1680 - accuracy: 0.6135
39/98 [==========>...................] - ETA: 7s - loss: 1.1678 - accuracy: 0.6134
40/98 [===========>..................] - ETA: 7s - loss: 1.1677 - accuracy: 0.6133
41/98 [===========>..................] - ETA: 7s - loss: 1.1670 - accuracy: 0.6137
42/98 [===========>..................] - ETA: 7s - loss: 1.1666 - accuracy: 0.6137
43/98 [============>.................] - ETA: 7s - loss: 1.1666 - accuracy: 0.6138
44/98 [============>.................] - ETA: 7s - loss: 1.1666 - accuracy: 0.6143
45/98 [============>.................] - ETA: 6s - loss: 1.1663 - accuracy: 0.6146
46/98 [=============>................] - ETA: 6s - loss: 1.1659 - accuracy: 0.6146
47/98 [=============>................] - ETA: 6s - loss: 1.1646 - accuracy: 0.6153
