2024-06-26 17:30:54.399325: I tensorflow/core/platform/cpu_feature_guard.cc:193] This TensorFlow binary is optimized with oneAPI Deep Neural Network Library (oneDNN) to use the following CPU instructions in performance-critical operations:  AVX AVX2
To enable them in other operations, rebuild TensorFlow with the appropriate compiler flags.
2024-06-26 17:30:54.904617: I tensorflow/core/common_runtime/gpu/gpu_device.cc:1616] Created device /job:localhost/replica:0/task:0/device:GPU:0 with 6656 MB memory:  -> device: 0, name: NVIDIA GeForce RTX 4060 Ti, pci bus id: 0000:01:00.0, compute capability: 8.9
1 Physical GPUs, 1 Logical GPUs
Model: "sequential"
_________________________________________________________________
 Layer (type)                Output Shape              Param #   
=================================================================
 conv2d (Conv2D)             (None, 32, 32, 32)        896       
                                                                 
 batch_normalization (BatchN  (None, 32, 32, 32)       128       
 ormalization)                                                   
                                                                 
 conv2d_1 (Conv2D)           (None, 32, 32, 128)       102528    
                                                                 
 dropout (Dropout)           (None, 32, 32, 128)       0         
                                                                 
 flatten (Flatten)           (None, 131072)            0         
                                                                 
 dense (Dense)               (None, 32)                4194336   
                                                                 
 dropout_1 (Dropout)         (None, 32)                0         
                                                                 
 dense_1 (Dense)             (None, 10)                330       
                                                                 
=================================================================
Total params: 4,298,218
Trainable params: 4,298,154
Non-trainable params: 64
_________________________________________________________________
Taxa de aprendizado:  0.0001 Num de épocas:  57 Tamanho do lote:  512 Dropout:  0.41821
Epoch 1/57
2024-06-26 17:30:56.279900: I tensorflow/stream_executor/cuda/cuda_dnn.cc:384] Loaded cuDNN version 8100
2024-06-26 17:30:57.127425: W tensorflow/stream_executor/gpu/redzone_allocator.cc:314] INTERNAL: ptxas exited with non-zero error code -1, output: 
Relying on driver to perform ptx compilation. 
Modify $PATH to customize ptxas location.
This message will be only logged once.
2024-06-26 17:30:58.424702: I tensorflow/stream_executor/cuda/cuda_blas.cc:1614] TensorFloat-32 will be used for the matrix multiplication. This will only be logged once.

 1/98 [..............................] - ETA: 8:21 - loss: 2.5346 - accuracy: 0.1055
 2/98 [..............................] - ETA: 10s - loss: 2.7189 - accuracy: 0.1406 
 3/98 [..............................] - ETA: 9s - loss: 2.6875 - accuracy: 0.1445 
 4/98 [>.............................] - ETA: 9s - loss: 2.6363 - accuracy: 0.1553
 5/98 [>.............................] - ETA: 9s - loss: 2.6081 - accuracy: 0.1555
 6/98 [>.............................] - ETA: 9s - loss: 2.5607 - accuracy: 0.1654
 7/98 [=>............................] - ETA: 9s - loss: 2.5268 - accuracy: 0.1660
 8/98 [=>............................] - ETA: 9s - loss: 2.4944 - accuracy: 0.1738
 9/98 [=>............................] - ETA: 9s - loss: 2.4733 - accuracy: 0.1790
10/98 [==>...........................] - ETA: 9s - loss: 2.4513 - accuracy: 0.1793
11/98 [==>...........................] - ETA: 8s - loss: 2.4313 - accuracy: 0.1825
12/98 [==>...........................] - ETA: 8s - loss: 2.4176 - accuracy: 0.1870
13/98 [==>...........................] - ETA: 8s - loss: 2.4015 - accuracy: 0.1931
14/98 [===>..........................] - ETA: 8s - loss: 2.3807 - accuracy: 0.1996
15/98 [===>..........................] - ETA: 8s - loss: 2.3730 - accuracy: 0.2018
16/98 [===>..........................] - ETA: 8s - loss: 2.3552 - accuracy: 0.2072
17/98 [====>.........................] - ETA: 8s - loss: 2.3382 - accuracy: 0.2121
18/98 [====>.........................] - ETA: 8s - loss: 2.3240 - accuracy: 0.2165
19/98 [====>.........................] - ETA: 8s - loss: 2.3056 - accuracy: 0.2216
20/98 [=====>........................] - ETA: 8s - loss: 2.2919 - accuracy: 0.2253
21/98 [=====>........................] - ETA: 7s - loss: 2.2831 - accuracy: 0.2283
22/98 [=====>........................] - ETA: 7s - loss: 2.2719 - accuracy: 0.2329
23/98 [======>.......................] - ETA: 7s - loss: 2.2603 - accuracy: 0.2367
24/98 [======>.......................] - ETA: 7s - loss: 2.2501 - accuracy: 0.2387
25/98 [======>.......................] - ETA: 7s - loss: 2.2376 - accuracy: 0.2421
26/98 [======>.......................] - ETA: 7s - loss: 2.2252 - accuracy: 0.2461
27/98 [=======>......................] - ETA: 7s - loss: 2.2162 - accuracy: 0.2486
28/98 [=======>......................] - ETA: 7s - loss: 2.2052 - accuracy: 0.2514
29/98 [=======>......................] - ETA: 7s - loss: 2.1965 - accuracy: 0.2534
30/98 [========>.....................] - ETA: 7s - loss: 2.1893 - accuracy: 0.2555
31/98 [========>.....................] - ETA: 6s - loss: 2.1817 - accuracy: 0.2574
32/98 [========>.....................] - ETA: 6s - loss: 2.1746 - accuracy: 0.2590
33/98 [=========>....................] - ETA: 6s - loss: 2.1690 - accuracy: 0.2608
34/98 [=========>....................] - ETA: 6s - loss: 2.1627 - accuracy: 0.2630
35/98 [=========>....................] - ETA: 6s - loss: 2.1547 - accuracy: 0.2655
36/98 [==========>...................] - ETA: 6s - loss: 2.1523 - accuracy: 0.2665
37/98 [==========>...................] - ETA: 6s - loss: 2.1455 - accuracy: 0.2682
38/98 [==========>...................] - ETA: 6s - loss: 2.1380 - accuracy: 0.2705
39/98 [==========>...................] - ETA: 6s - loss: 2.1329 - accuracy: 0.2718
40/98 [===========>..................] - ETA: 5s - loss: 2.1251 - accuracy: 0.2734
41/98 [===========>..................] - ETA: 5s - loss: 2.1194 - accuracy: 0.2746
42/98 [===========>..................] - ETA: 5s - loss: 2.1125 - accuracy: 0.2770
43/98 [============>.................] - ETA: 5s - loss: 2.1081 - accuracy: 0.2781
44/98 [============>.................] - ETA: 5s - loss: 2.1009 - accuracy: 0.2799
45/98 [============>.................] - ETA: 5s - loss: 2.0944 - accuracy: 0.2814
46/98 [=============>................] - ETA: 5s - loss: 2.0889 - accuracy: 0.2830
47/98 [=============>................] - ETA: 5s - loss: 2.0843 - accuracy: 0.2843
48/98 [=============>................] - ETA: 5s - loss: 2.0794 - accuracy: 0.2862
49/98 [==============>...............] - ETA: 5s - loss: 2.0758 - accuracy: 0.2871
50/98 [==============>...............] - ETA: 4s - loss: 2.0699 - accuracy: 0.2887
51/98 [==============>...............] - ETA: 4s - loss: 2.0660 - accuracy: 0.2904
52/98 [==============>...............] - ETA: 4s - loss: 2.0615 - accuracy: 0.2921
53/98 [===============>..............] - ETA: 4s - loss: 2.0569 - accuracy: 0.2940
54/98 [===============>..............] - ETA: 4s - loss: 2.0519 - accuracy: 0.2953
55/98 [===============>..............] - ETA: 4s - loss: 2.0488 - accuracy: 0.2960
56/98 [================>.............] - ETA: 4s - loss: 2.0438 - accuracy: 0.2980
57/98 [================>.............] - ETA: 5s - loss: 2.0402 - accuracy: 0.2992
58/98 [================>.............] - ETA: 5s - loss: 2.0368 - accuracy: 0.3001
59/98 [=================>............] - ETA: 5s - loss: 2.0339 - accuracy: 0.3008
60/98 [=================>............] - ETA: 4s - loss: 2.0302 - accuracy: 0.3023
61/98 [=================>............] - ETA: 4s - loss: 2.0260 - accuracy: 0.3038
62/98 [=================>............] - ETA: 4s - loss: 2.0222 - accuracy: 0.3051
63/98 [==================>...........] - ETA: 4s - loss: 2.0183 - accuracy: 0.3061
64/98 [==================>...........] - ETA: 4s - loss: 2.0152 - accuracy: 0.3076
65/98 [==================>...........] - ETA: 4s - loss: 2.0105 - accuracy: 0.3089
66/98 [===================>..........] - ETA: 4s - loss: 2.0070 - accuracy: 0.3099
67/98 [===================>..........] - ETA: 3s - loss: 2.0026 - accuracy: 0.3112
68/98 [===================>..........] - ETA: 3s - loss: 1.9984 - accuracy: 0.3124
69/98 [====================>.........] - ETA: 3s - loss: 1.9942 - accuracy: 0.3135
70/98 [====================>.........] - ETA: 3s - loss: 1.9902 - accuracy: 0.3146
71/98 [====================>.........] - ETA: 3s - loss: 1.9876 - accuracy: 0.3152
72/98 [=====================>........] - ETA: 3s - loss: 1.9845 - accuracy: 0.3163
73/98 [=====================>........] - ETA: 3s - loss: 1.9816 - accuracy: 0.3170
74/98 [=====================>........] - ETA: 2s - loss: 1.9792 - accuracy: 0.3178
75/98 [=====================>........] - ETA: 2s - loss: 1.9751 - accuracy: 0.3193
76/98 [======================>.......] - ETA: 2s - loss: 1.9713 - accuracy: 0.3203
77/98 [======================>.......] - ETA: 2s - loss: 1.9684 - accuracy: 0.3211
78/98 [======================>.......] - ETA: 2s - loss: 1.9670 - accuracy: 0.3217
79/98 [=======================>......] - ETA: 2s - loss: 1.9653 - accuracy: 0.3219
80/98 [=======================>......] - ETA: 2s - loss: 1.9623 - accuracy: 0.3230
81/98 [=======================>......] - ETA: 2s - loss: 1.9597 - accuracy: 0.3239
82/98 [========================>.....] - ETA: 1s - loss: 1.9563 - accuracy: 0.3251
83/98 [========================>.....] - ETA: 1s - loss: 1.9536 - accuracy: 0.3262
84/98 [========================>.....] - ETA: 1s - loss: 1.9512 - accuracy: 0.3270
85/98 [=========================>....] - ETA: 1s - loss: 1.9478 - accuracy: 0.3280
86/98 [=========================>....] - ETA: 1s - loss: 1.9444 - accuracy: 0.3293
87/98 [=========================>....] - ETA: 1s - loss: 1.9414 - accuracy: 0.3302
88/98 [=========================>....] - ETA: 1s - loss: 1.9382 - accuracy: 0.3314
89/98 [==========================>...] - ETA: 1s - loss: 1.9344 - accuracy: 0.3329
90/98 [==========================>...] - ETA: 0s - loss: 1.9322 - accuracy: 0.3337
91/98 [==========================>...] - ETA: 0s - loss: 1.9289 - accuracy: 0.3349
92/98 [===========================>..] - ETA: 0s - loss: 1.9256 - accuracy: 0.3360
93/98 [===========================>..] - ETA: 0s - loss: 1.9224 - accuracy: 0.3370
94/98 [===========================>..] - ETA: 0s - loss: 1.9196 - accuracy: 0.3380
95/98 [============================>.] - ETA: 0s - loss: 1.9166 - accuracy: 0.3390
96/98 [============================>.] - ETA: 0s - loss: 1.9132 - accuracy: 0.3403
97/98 [============================>.] - ETA: 0s - loss: 1.9110 - accuracy: 0.3409
98/98 [==============================] - ETA: 0s - loss: 1.9086 - accuracy: 0.3418
98/98 [==============================] - 18s 130ms/step - loss: 1.9086 - accuracy: 0.3418 - val_loss: 2.0109 - val_accuracy: 0.4089
Epoch 2/57

 1/98 [..............................] - ETA: 12s - loss: 1.6312 - accuracy: 0.4277
 2/98 [..............................] - ETA: 10s - loss: 1.6319 - accuracy: 0.4287
 3/98 [..............................] - ETA: 10s - loss: 1.6207 - accuracy: 0.4362
 4/98 [>.............................] - ETA: 9s - loss: 1.6038 - accuracy: 0.4453 
 5/98 [>.............................] - ETA: 9s - loss: 1.5901 - accuracy: 0.4512
 6/98 [>.............................] - ETA: 9s - loss: 1.5793 - accuracy: 0.4528
 7/98 [=>............................] - ETA: 9s - loss: 1.5756 - accuracy: 0.4537
 8/98 [=>............................] - ETA: 9s - loss: 1.5827 - accuracy: 0.4534
 9/98 [=>............................] - ETA: 9s - loss: 1.5880 - accuracy: 0.4538
10/98 [==>...........................] - ETA: 9s - loss: 1.5838 - accuracy: 0.4551
11/98 [==>...........................] - ETA: 8s - loss: 1.5781 - accuracy: 0.4576
12/98 [==>...........................] - ETA: 8s - loss: 1.5762 - accuracy: 0.4591
13/98 [==>...........................] - ETA: 8s - loss: 1.5691 - accuracy: 0.4609
14/98 [===>..........................] - ETA: 8s - loss: 1.5694 - accuracy: 0.4598
15/98 [===>..........................] - ETA: 8s - loss: 1.5651 - accuracy: 0.4602
16/98 [===>..........................] - ETA: 8s - loss: 1.5602 - accuracy: 0.4617
17/98 [====>.........................] - ETA: 8s - loss: 1.5644 - accuracy: 0.4593
18/98 [====>.........................] - ETA: 8s - loss: 1.5622 - accuracy: 0.4604
19/98 [====>.........................] - ETA: 8s - loss: 1.5592 - accuracy: 0.4611
20/98 [=====>........................] - ETA: 8s - loss: 1.5564 - accuracy: 0.4613
21/98 [=====>........................] - ETA: 8s - loss: 1.5583 - accuracy: 0.4600
22/98 [=====>........................] - ETA: 7s - loss: 1.5623 - accuracy: 0.4593
23/98 [======>.......................] - ETA: 7s - loss: 1.5616 - accuracy: 0.4600
24/98 [======>.......................] - ETA: 7s - loss: 1.5635 - accuracy: 0.4590
25/98 [======>.......................] - ETA: 7s - loss: 1.5625 - accuracy: 0.4596
26/98 [======>.......................] - ETA: 7s - loss: 1.5609 - accuracy: 0.4603
27/98 [=======>......................] - ETA: 7s - loss: 1.5594 - accuracy: 0.4607
28/98 [=======>......................] - ETA: 7s - loss: 1.5599 - accuracy: 0.4607
29/98 [=======>......................] - ETA: 7s - loss: 1.5573 - accuracy: 0.4617
30/98 [========>.....................] - ETA: 7s - loss: 1.5569 - accuracy: 0.4613
31/98 [========>.....................] - ETA: 6s - loss: 1.5591 - accuracy: 0.4618
32/98 [========>.....................] - ETA: 6s - loss: 1.5576 - accuracy: 0.4626
33/98 [=========>....................] - ETA: 6s - loss: 1.5545 - accuracy: 0.4644
34/98 [=========>....................] - ETA: 6s - loss: 1.5510 - accuracy: 0.4664
35/98 [=========>....................] - ETA: 6s - loss: 1.5501 - accuracy: 0.4664
36/98 [==========>...................] - ETA: 6s - loss: 1.5484 - accuracy: 0.4669
37/98 [==========>...................] - ETA: 6s - loss: 1.5492 - accuracy: 0.4666
38/98 [==========>...................] - ETA: 6s - loss: 1.5491 - accuracy: 0.4662
39/98 [==========>...................] - ETA: 6s - loss: 1.5486 - accuracy: 0.4666
40/98 [===========>..................] - ETA: 6s - loss: 1.5470 - accuracy: 0.4670
41/98 [===========>..................] - ETA: 5s - loss: 1.5461 - accuracy: 0.4668
42/98 [===========>..................] - ETA: 5s - loss: 1.5453 - accuracy: 0.4671
43/98 [============>.................] - ETA: 5s - loss: 1.5450 - accuracy: 0.4674
44/98 [============>.................] - ETA: 5s - loss: 1.5447 - accuracy: 0.4677
45/98 [============>.................] - ETA: 5s - loss: 1.5464 - accuracy: 0.4668
46/98 [=============>................] - ETA: 5s - loss: 1.5452 - accuracy: 0.4677
47/98 [=============>................] - ETA: 5s - loss: 1.5426 - accuracy: 0.4688
48/98 [=============>................] - ETA: 5s - loss: 1.5412 - accuracy: 0.4692
49/98 [==============>...............] - ETA: 5s - loss: 1.5407 - accuracy: 0.4695
50/98 [==============>...............] - ETA: 4s - loss: 1.5412 - accuracy: 0.4691
51/98 [==============>...............] - ETA: 4s - loss: 1.5398 - accuracy: 0.4693
52/98 [==============>...............] - ETA: 4s - loss: 1.5383 - accuracy: 0.4701
53/98 [===============>..............] - ETA: 4s - loss: 1.5385 - accuracy: 0.4697
54/98 [===============>..............] - ETA: 4s - loss: 1.5388 - accuracy: 0.4699
55/98 [===============>..............] - ETA: 4s - loss: 1.5390 - accuracy: 0.4699
56/98 [================>.............] - ETA: 4s - loss: 1.5389 - accuracy: 0.4698
57/98 [================>.............] - ETA: 4s - loss: 1.5379 - accuracy: 0.4701
58/98 [================>.............] - ETA: 4s - loss: 1.5367 - accuracy: 0.4705
59/98 [=================>............] - ETA: 4s - loss: 1.5359 - accuracy: 0.4709
60/98 [=================>............] - ETA: 3s - loss: 1.5351 - accuracy: 0.4708
61/98 [=================>............] - ETA: 3s - loss: 1.5339 - accuracy: 0.4714
62/98 [=================>............] - ETA: 3s - loss: 1.5341 - accuracy: 0.4714
63/98 [==================>...........] - ETA: 3s - loss: 1.5342 - accuracy: 0.4712
64/98 [==================>...........] - ETA: 3s - loss: 1.5316 - accuracy: 0.4719
65/98 [==================>...........] - ETA: 3s - loss: 1.5312 - accuracy: 0.4722
66/98 [===================>..........] - ETA: 3s - loss: 1.5308 - accuracy: 0.4721
67/98 [===================>..........] - ETA: 3s - loss: 1.5296 - accuracy: 0.4724
68/98 [===================>..........] - ETA: 3s - loss: 1.5294 - accuracy: 0.4726
69/98 [====================>.........] - ETA: 2s - loss: 1.5277 - accuracy: 0.4730
70/98 [====================>.........] - ETA: 2s - loss: 1.5283 - accuracy: 0.4729
71/98 [====================>.........] - ETA: 2s - loss: 1.5285 - accuracy: 0.4727
72/98 [=====================>........] - ETA: 2s - loss: 1.5279 - accuracy: 0.4735
73/98 [=====================>........] - ETA: 2s - loss: 1.5272 - accuracy: 0.4737
74/98 [=====================>........] - ETA: 2s - loss: 1.5266 - accuracy: 0.4738
75/98 [=====================>........] - ETA: 2s - loss: 1.5244 - accuracy: 0.4749
76/98 [======================>.......] - ETA: 2s - loss: 1.5234 - accuracy: 0.4753
77/98 [======================>.......] - ETA: 2s - loss: 1.5234 - accuracy: 0.4753
78/98 [======================>.......] - ETA: 2s - loss: 1.5244 - accuracy: 0.4750
79/98 [=======================>......] - ETA: 1s - loss: 1.5232 - accuracy: 0.4755
80/98 [=======================>......] - ETA: 1s - loss: 1.5226 - accuracy: 0.4760
81/98 [=======================>......] - ETA: 1s - loss: 1.5223 - accuracy: 0.4759
82/98 [========================>.....] - ETA: 1s - loss: 1.5218 - accuracy: 0.4760
83/98 [========================>.....] - ETA: 1s - loss: 1.5204 - accuracy: 0.4764
84/98 [========================>.....] - ETA: 1s - loss: 1.5189 - accuracy: 0.4769
85/98 [=========================>....] - ETA: 1s - loss: 1.5184 - accuracy: 0.4772
86/98 [=========================>....] - ETA: 1s - loss: 1.5183 - accuracy: 0.4773
87/98 [=========================>....] - ETA: 1s - loss: 1.5179 - accuracy: 0.4779
88/98 [=========================>....] - ETA: 1s - loss: 1.5176 - accuracy: 0.4780
89/98 [==========================>...] - ETA: 0s - loss: 1.5163 - accuracy: 0.4782
90/98 [==========================>...] - ETA: 0s - loss: 1.5151 - accuracy: 0.4789
91/98 [==========================>...] - ETA: 0s - loss: 1.5142 - accuracy: 0.4792
92/98 [===========================>..] - ETA: 0s - loss: 1.5138 - accuracy: 0.4792
93/98 [===========================>..] - ETA: 0s - loss: 1.5123 - accuracy: 0.4798
94/98 [===========================>..] - ETA: 0s - loss: 1.5122 - accuracy: 0.4798
95/98 [============================>.] - ETA: 0s - loss: 1.5112 - accuracy: 0.4801
96/98 [============================>.] - ETA: 0s - loss: 1.5108 - accuracy: 0.4801
97/98 [============================>.] - ETA: 0s - loss: 1.5096 - accuracy: 0.4805
98/98 [==============================] - ETA: 0s - loss: 1.5088 - accuracy: 0.4808
98/98 [==============================] - 11s 112ms/step - loss: 1.5088 - accuracy: 0.4808 - val_loss: 1.8123 - val_accuracy: 0.4934
Epoch 3/57

 1/98 [..............................] - ETA: 11s - loss: 1.3658 - accuracy: 0.5508
 2/98 [..............................] - ETA: 10s - loss: 1.3721 - accuracy: 0.5264
 3/98 [..............................] - ETA: 9s - loss: 1.3761 - accuracy: 0.5195 
 4/98 [>.............................] - ETA: 9s - loss: 1.3657 - accuracy: 0.5225
 5/98 [>.............................] - ETA: 9s - loss: 1.3516 - accuracy: 0.5297
 6/98 [>.............................] - ETA: 9s - loss: 1.3693 - accuracy: 0.5251
 7/98 [=>............................] - ETA: 9s - loss: 1.3751 - accuracy: 0.5201
 8/98 [=>............................] - ETA: 9s - loss: 1.3737 - accuracy: 0.5183
 9/98 [=>............................] - ETA: 9s - loss: 1.3786 - accuracy: 0.5171
10/98 [==>...........................] - ETA: 9s - loss: 1.3784 - accuracy: 0.5168
11/98 [==>...........................] - ETA: 8s - loss: 1.3865 - accuracy: 0.5154
12/98 [==>...........................] - ETA: 8s - loss: 1.3838 - accuracy: 0.5169
13/98 [==>...........................] - ETA: 8s - loss: 1.3918 - accuracy: 0.5144
14/98 [===>..........................] - ETA: 8s - loss: 1.3890 - accuracy: 0.5155
15/98 [===>..........................] - ETA: 8s - loss: 1.3834 - accuracy: 0.5174
16/98 [===>..........................] - ETA: 8s - loss: 1.3905 - accuracy: 0.5151
17/98 [====>.........................] - ETA: 8s - loss: 1.3892 - accuracy: 0.5149
18/98 [====>.........................] - ETA: 8s - loss: 1.3870 - accuracy: 0.5171
19/98 [====>.........................] - ETA: 8s - loss: 1.3850 - accuracy: 0.5186
20/98 [=====>........................] - ETA: 8s - loss: 1.3822 - accuracy: 0.5194
21/98 [=====>........................] - ETA: 8s - loss: 1.3793 - accuracy: 0.5209
22/98 [=====>........................] - ETA: 7s - loss: 1.3766 - accuracy: 0.5219
23/98 [======>.......................] - ETA: 7s - loss: 1.3759 - accuracy: 0.5231
24/98 [======>.......................] - ETA: 7s - loss: 1.3727 - accuracy: 0.5238
25/98 [======>.......................] - ETA: 7s - loss: 1.3725 - accuracy: 0.5239
26/98 [======>.......................] - ETA: 7s - loss: 1.3711 - accuracy: 0.5246
27/98 [=======>......................] - ETA: 7s - loss: 1.3703 - accuracy: 0.5255
28/98 [=======>......................] - ETA: 7s - loss: 1.3665 - accuracy: 0.5272
29/98 [=======>......................] - ETA: 7s - loss: 1.3656 - accuracy: 0.5279
30/98 [========>.....................] - ETA: 7s - loss: 1.3653 - accuracy: 0.5275
31/98 [========>.....................] - ETA: 6s - loss: 1.3645 - accuracy: 0.5280
32/98 [========>.....................] - ETA: 6s - loss: 1.3631 - accuracy: 0.5295
33/98 [=========>....................] - ETA: 6s - loss: 1.3625 - accuracy: 0.5302
34/98 [=========>....................] - ETA: 6s - loss: 1.3617 - accuracy: 0.5308
35/98 [=========>....................] - ETA: 6s - loss: 1.3622 - accuracy: 0.5303
36/98 [==========>...................] - ETA: 6s - loss: 1.3625 - accuracy: 0.5299
37/98 [==========>...................] - ETA: 6s - loss: 1.3618 - accuracy: 0.5306
38/98 [==========>...................] - ETA: 6s - loss: 1.3610 - accuracy: 0.5308
39/98 [==========>...................] - ETA: 6s - loss: 1.3628 - accuracy: 0.5302
40/98 [===========>..................] - ETA: 6s - loss: 1.3622 - accuracy: 0.5305
41/98 [===========>..................] - ETA: 5s - loss: 1.3625 - accuracy: 0.5304
42/98 [===========>..................] - ETA: 5s - loss: 1.3618 - accuracy: 0.5310
43/98 [============>.................] - ETA: 5s - loss: 1.3607 - accuracy: 0.5313
44/98 [============>.................] - ETA: 5s - loss: 1.3604 - accuracy: 0.5313
45/98 [============>.................] - ETA: 5s - loss: 1.3581 - accuracy: 0.5321
46/98 [=============>................] - ETA: 5s - loss: 1.3580 - accuracy: 0.5323
47/98 [=============>................] - ETA: 5s - loss: 1.3584 - accuracy: 0.5322
48/98 [=============>................] - ETA: 5s - loss: 1.3574 - accuracy: 0.5326
49/98 [==============>...............] - ETA: 5s - loss: 1.3577 - accuracy: 0.5327
50/98 [==============>...............] - ETA: 4s - loss: 1.3574 - accuracy: 0.5329
51/98 [==============>...............] - ETA: 4s - loss: 1.3569 - accuracy: 0.5330
52/98 [==============>...............] - ETA: 4s - loss: 1.3568 - accuracy: 0.5334
53/98 [===============>..............] - ETA: 4s - loss: 1.3560 - accuracy: 0.5342
54/98 [===============>..............] - ETA: 4s - loss: 1.3577 - accuracy: 0.5336
55/98 [===============>..............] - ETA: 4s - loss: 1.3577 - accuracy: 0.5338
56/98 [================>.............] - ETA: 4s - loss: 1.3578 - accuracy: 0.5343
57/98 [================>.............] - ETA: 4s - loss: 1.3572 - accuracy: 0.5347
58/98 [================>.............] - ETA: 4s - loss: 1.3565 - accuracy: 0.5349
59/98 [=================>............] - ETA: 4s - loss: 1.3574 - accuracy: 0.5348
60/98 [=================>............] - ETA: 3s - loss: 1.3568 - accuracy: 0.5346
61/98 [=================>............] - ETA: 3s - loss: 1.3559 - accuracy: 0.5351
62/98 [=================>............] - ETA: 3s - loss: 1.3567 - accuracy: 0.5348
63/98 [==================>...........] - ETA: 3s - loss: 1.3560 - accuracy: 0.5353
64/98 [==================>...........] - ETA: 3s - loss: 1.3556 - accuracy: 0.5358
65/98 [==================>...........] - ETA: 3s - loss: 1.3560 - accuracy: 0.5359
66/98 [===================>..........] - ETA: 3s - loss: 1.3553 - accuracy: 0.5365
67/98 [===================>..........] - ETA: 3s - loss: 1.3556 - accuracy: 0.5366
68/98 [===================>..........] - ETA: 3s - loss: 1.3548 - accuracy: 0.5369
69/98 [====================>.........] - ETA: 2s - loss: 1.3552 - accuracy: 0.5369
70/98 [====================>.........] - ETA: 2s - loss: 1.3540 - accuracy: 0.5375
71/98 [====================>.........] - ETA: 2s - loss: 1.3534 - accuracy: 0.5379
72/98 [=====================>........] - ETA: 2s - loss: 1.3526 - accuracy: 0.5382
73/98 [=====================>........] - ETA: 2s - loss: 1.3527 - accuracy: 0.5380
74/98 [=====================>........] - ETA: 2s - loss: 1.3523 - accuracy: 0.5382
75/98 [=====================>........] - ETA: 2s - loss: 1.3502 - accuracy: 0.5389
76/98 [======================>.......] - ETA: 2s - loss: 1.3500 - accuracy: 0.5390
77/98 [======================>.......] - ETA: 2s - loss: 1.3495 - accuracy: 0.5391
78/98 [======================>.......] - ETA: 2s - loss: 1.3493 - accuracy: 0.5391
79/98 [=======================>......] - ETA: 1s - loss: 1.3490 - accuracy: 0.5396
80/98 [=======================>......] - ETA: 1s - loss: 1.3487 - accuracy: 0.5397
81/98 [=======================>......] - ETA: 1s - loss: 1.3478 - accuracy: 0.5401
82/98 [========================>.....] - ETA: 1s - loss: 1.3476 - accuracy: 0.5402
83/98 [========================>.....] - ETA: 1s - loss: 1.3472 - accuracy: 0.5403
84/98 [========================>.....] - ETA: 1s - loss: 1.3464 - accuracy: 0.5407
85/98 [=========================>....] - ETA: 1s - loss: 1.3459 - accuracy: 0.5409
86/98 [=========================>....] - ETA: 1s - loss: 1.3466 - accuracy: 0.5404
87/98 [=========================>....] - ETA: 1s - loss: 1.3469 - accuracy: 0.5407
88/98 [=========================>....] - ETA: 1s - loss: 1.3463 - accuracy: 0.5409
89/98 [==========================>...] - ETA: 0s - loss: 1.3460 - accuracy: 0.5412
90/98 [==========================>...] - ETA: 0s - loss: 1.3454 - accuracy: 0.5417
91/98 [==========================>...] - ETA: 0s - loss: 1.3454 - accuracy: 0.5419
92/98 [===========================>..] - ETA: 0s - loss: 1.3444 - accuracy: 0.5425
93/98 [===========================>..] - ETA: 0s - loss: 1.3437 - accuracy: 0.5427
94/98 [===========================>..] - ETA: 0s - loss: 1.3440 - accuracy: 0.5429
95/98 [============================>.] - ETA: 0s - loss: 1.3431 - accuracy: 0.5431
96/98 [============================>.] - ETA: 0s - loss: 1.3433 - accuracy: 0.5433
97/98 [============================>.] - ETA: 0s - loss: 1.3425 - accuracy: 0.5433
98/98 [==============================] - ETA: 0s - loss: 1.3420 - accuracy: 0.5436
98/98 [==============================] - 11s 112ms/step - loss: 1.3420 - accuracy: 0.5436 - val_loss: 1.5923 - val_accuracy: 0.5429
Epoch 4/57

 1/98 [..............................] - ETA: 10s - loss: 1.2195 - accuracy: 0.5801
 2/98 [..............................] - ETA: 10s - loss: 1.2197 - accuracy: 0.5947
 3/98 [..............................] - ETA: 10s - loss: 1.2270 - accuracy: 0.5872
 4/98 [>.............................] - ETA: 9s - loss: 1.2359 - accuracy: 0.5874 
 5/98 [>.............................] - ETA: 9s - loss: 1.2296 - accuracy: 0.5879
 6/98 [>.............................] - ETA: 9s - loss: 1.2197 - accuracy: 0.5918
 7/98 [=>............................] - ETA: 9s - loss: 1.2149 - accuracy: 0.5929
 8/98 [=>............................] - ETA: 9s - loss: 1.2187 - accuracy: 0.5918
 9/98 [=>............................] - ETA: 9s - loss: 1.2108 - accuracy: 0.5953
10/98 [==>...........................] - ETA: 9s - loss: 1.2129 - accuracy: 0.5967
11/98 [==>...........................] - ETA: 9s - loss: 1.2137 - accuracy: 0.5961
12/98 [==>...........................] - ETA: 9s - loss: 1.2133 - accuracy: 0.5946
13/98 [==>...........................] - ETA: 8s - loss: 1.2166 - accuracy: 0.5919
14/98 [===>..........................] - ETA: 8s - loss: 1.2182 - accuracy: 0.5907
15/98 [===>..........................] - ETA: 8s - loss: 1.2235 - accuracy: 0.5895
16/98 [===>..........................] - ETA: 8s - loss: 1.2201 - accuracy: 0.5914
17/98 [====>.........................] - ETA: 8s - loss: 1.2158 - accuracy: 0.5932
18/98 [====>.........................] - ETA: 8s - loss: 1.2174 - accuracy: 0.5924
19/98 [====>.........................] - ETA: 8s - loss: 1.2200 - accuracy: 0.5899
20/98 [=====>........................] - ETA: 8s - loss: 1.2183 - accuracy: 0.5905
21/98 [=====>........................] - ETA: 8s - loss: 1.2179 - accuracy: 0.5911
22/98 [=====>........................] - ETA: 7s - loss: 1.2166 - accuracy: 0.5916
23/98 [======>.......................] - ETA: 7s - loss: 1.2182 - accuracy: 0.5912
24/98 [======>.......................] - ETA: 7s - loss: 1.2226 - accuracy: 0.5890
25/98 [======>.......................] - ETA: 7s - loss: 1.2241 - accuracy: 0.5880
26/98 [======>.......................] - ETA: 7s - loss: 1.2238 - accuracy: 0.5886
27/98 [=======>......................] - ETA: 7s - loss: 1.2236 - accuracy: 0.5893
28/98 [=======>......................] - ETA: 7s - loss: 1.2230 - accuracy: 0.5898
29/98 [=======>......................] - ETA: 7s - loss: 1.2225 - accuracy: 0.5900
30/98 [========>.....................] - ETA: 7s - loss: 1.2220 - accuracy: 0.5903
31/98 [========>.....................] - ETA: 6s - loss: 1.2236 - accuracy: 0.5902
32/98 [========>.....................] - ETA: 6s - loss: 1.2231 - accuracy: 0.5902
33/98 [=========>....................] - ETA: 6s - loss: 1.2237 - accuracy: 0.5898
34/98 [=========>....................] - ETA: 6s - loss: 1.2225 - accuracy: 0.5904
35/98 [=========>....................] - ETA: 6s - loss: 1.2223 - accuracy: 0.5909
36/98 [==========>...................] - ETA: 6s - loss: 1.2211 - accuracy: 0.5911
37/98 [==========>...................] - ETA: 6s - loss: 1.2225 - accuracy: 0.5904
38/98 [==========>...................] - ETA: 6s - loss: 1.2232 - accuracy: 0.5901
39/98 [==========>...................] - ETA: 6s - loss: 1.2242 - accuracy: 0.5893
40/98 [===========>..................] - ETA: 5s - loss: 1.2238 - accuracy: 0.5898
41/98 [===========>..................] - ETA: 5s - loss: 1.2253 - accuracy: 0.5890
42/98 [===========>..................] - ETA: 5s - loss: 1.2252 - accuracy: 0.5894
43/98 [============>.................] - ETA: 5s - loss: 1.2255 - accuracy: 0.5896
44/98 [============>.................] - ETA: 5s - loss: 1.2256 - accuracy: 0.5899
45/98 [============>.................] - ETA: 5s - loss: 1.2254 - accuracy: 0.5896
46/98 [=============>................] - ETA: 5s - loss: 1.2250 - accuracy: 0.5904
47/98 [=============>................] - ETA: 5s - loss: 1.2255 - accuracy: 0.5907
48/98 [=============>................] - ETA: 5s - loss: 1.2276 - accuracy: 0.5900
49/98 [==============>...............] - ETA: 5s - loss: 1.2273 - accuracy: 0.5898
50/98 [==============>...............] - ETA: 4s - loss: 1.2266 - accuracy: 0.5902
51/98 [==============>...............] - ETA: 4s - loss: 1.2257 - accuracy: 0.5905
52/98 [==============>...............] - ETA: 4s - loss: 1.2260 - accuracy: 0.5906
53/98 [===============>..............] - ETA: 4s - loss: 1.2259 - accuracy: 0.5907
54/98 [===============>..............] - ETA: 4s - loss: 1.2256 - accuracy: 0.5908
55/98 [===============>..............] - ETA: 4s - loss: 1.2271 - accuracy: 0.5899
56/98 [================>.............] - ETA: 4s - loss: 1.2271 - accuracy: 0.5901
57/98 [================>.............] - ETA: 4s - loss: 1.2273 - accuracy: 0.5900
58/98 [================>.............] - ETA: 4s - loss: 1.2271 - accuracy: 0.5900
59/98 [=================>............] - ETA: 4s - loss: 1.2270 - accuracy: 0.5899
60/98 [=================>............] - ETA: 3s - loss: 1.2262 - accuracy: 0.5898
61/98 [=================>............] - ETA: 3s - loss: 1.2260 - accuracy: 0.5902
62/98 [=================>............] - ETA: 3s - loss: 1.2263 - accuracy: 0.5899
63/98 [==================>...........] - ETA: 3s - loss: 1.2262 - accuracy: 0.5898
64/98 [==================>...........] - ETA: 3s - loss: 1.2272 - accuracy: 0.5895
65/98 [==================>...........] - ETA: 3s - loss: 1.2268 - accuracy: 0.5901
66/98 [===================>..........] - ETA: 3s - loss: 1.2265 - accuracy: 0.5903
67/98 [===================>..........] - ETA: 3s - loss: 1.2259 - accuracy: 0.5905
68/98 [===================>..........] - ETA: 3s - loss: 1.2264 - accuracy: 0.5908
69/98 [====================>.........] - ETA: 3s - loss: 1.2266 - accuracy: 0.5904
70/98 [====================>.........] - ETA: 2s - loss: 1.2269 - accuracy: 0.5900
71/98 [====================>.........] - ETA: 2s - loss: 1.2270 - accuracy: 0.5901
72/98 [=====================>........] - ETA: 2s - loss: 1.2272 - accuracy: 0.5900
73/98 [=====================>........] - ETA: 2s - loss: 1.2272 - accuracy: 0.5900
74/98 [=====================>........] - ETA: 2s - loss: 1.2255 - accuracy: 0.5906
75/98 [=====================>........] - ETA: 2s - loss: 1.2258 - accuracy: 0.5904
76/98 [======================>.......] - ETA: 2s - loss: 1.2252 - accuracy: 0.5906
77/98 [======================>.......] - ETA: 2s - loss: 1.2248 - accuracy: 0.5908
78/98 [======================>.......] - ETA: 2s - loss: 1.2243 - accuracy: 0.5907
79/98 [=======================>......] - ETA: 1s - loss: 1.2244 - accuracy: 0.5911
80/98 [=======================>......] - ETA: 1s - loss: 1.2238 - accuracy: 0.5911
81/98 [=======================>......] - ETA: 1s - loss: 1.2236 - accuracy: 0.5914
82/98 [========================>.....] - ETA: 1s - loss: 1.2234 - accuracy: 0.5914
83/98 [========================>.....] - ETA: 1s - loss: 1.2232 - accuracy: 0.5915
84/98 [========================>.....] - ETA: 1s - loss: 1.2226 - accuracy: 0.5916
85/98 [=========================>....] - ETA: 1s - loss: 1.2222 - accuracy: 0.5918
86/98 [=========================>....] - ETA: 1s - loss: 1.2217 - accuracy: 0.5919
87/98 [=========================>....] - ETA: 1s - loss: 1.2230 - accuracy: 0.5913
88/98 [=========================>....] - ETA: 1s - loss: 1.2233 - accuracy: 0.5912
89/98 [==========================>...] - ETA: 0s - loss: 1.2229 - accuracy: 0.5910
90/98 [==========================>...] - ETA: 0s - loss: 1.2228 - accuracy: 0.5911
91/98 [==========================>...] - ETA: 0s - loss: 1.2224 - accuracy: 0.5915
92/98 [===========================>..] - ETA: 0s - loss: 1.2223 - accuracy: 0.5912
93/98 [===========================>..] - ETA: 0s - loss: 1.2222 - accuracy: 0.5913
94/98 [===========================>..] - ETA: 0s - loss: 1.2215 - accuracy: 0.5916
95/98 [============================>.] - ETA: 0s - loss: 1.2214 - accuracy: 0.5918
96/98 [============================>.] - ETA: 0s - loss: 1.2216 - accuracy: 0.5918
97/98 [============================>.] - ETA: 0s - loss: 1.2218 - accuracy: 0.5917
98/98 [==============================] - ETA: 0s - loss: 1.2212 - accuracy: 0.5919
98/98 [==============================] - 11s 112ms/step - loss: 1.2212 - accuracy: 0.5919 - val_loss: 1.3872 - val_accuracy: 0.5865
Epoch 5/57

 1/98 [..............................] - ETA: 9s - loss: 1.1269 - accuracy: 0.6339
 2/98 [..............................] - ETA: 9s - loss: 1.1464 - accuracy: 0.6120
 3/98 [..............................] - ETA: 9s - loss: 1.1347 - accuracy: 0.6176
 4/98 [>.............................] - ETA: 9s - loss: 1.1441 - accuracy: 0.6207
 5/98 [>.............................] - ETA: 9s - loss: 1.1570 - accuracy: 0.6195
 6/98 [>.............................] - ETA: 9s - loss: 1.1633 - accuracy: 0.6160
 7/98 [=>............................] - ETA: 9s - loss: 1.1506 - accuracy: 0.6185
 8/98 [=>............................] - ETA: 9s - loss: 1.1634 - accuracy: 0.6140
 9/98 [=>............................] - ETA: 9s - loss: 1.1591 - accuracy: 0.6133
10/98 [==>...........................] - ETA: 9s - loss: 1.1558 - accuracy: 0.6135
11/98 [==>...........................] - ETA: 8s - loss: 1.1596 - accuracy: 0.6113
12/98 [==>...........................] - ETA: 8s - loss: 1.1553 - accuracy: 0.6128
13/98 [==>...........................] - ETA: 8s - loss: 1.1517 - accuracy: 0.6139
14/98 [===>..........................] - ETA: 8s - loss: 1.1559 - accuracy: 0.6123
15/98 [===>..........................] - ETA: 8s - loss: 1.1546 - accuracy: 0.6133
16/98 [===>..........................] - ETA: 8s - loss: 1.1524 - accuracy: 0.6144
17/98 [====>.........................] - ETA: 8s - loss: 1.1509 - accuracy: 0.6156
18/98 [====>.........................] - ETA: 8s - loss: 1.1459 - accuracy: 0.6183
19/98 [====>.........................] - ETA: 8s - loss: 1.1444 - accuracy: 0.6178
20/98 [=====>........................] - ETA: 8s - loss: 1.1462 - accuracy: 0.6175
21/98 [=====>........................] - ETA: 7s - loss: 1.1483 - accuracy: 0.6171
22/98 [=====>........................] - ETA: 7s - loss: 1.1478 - accuracy: 0.6172
23/98 [======>.......................] - ETA: 7s - loss: 1.1483 - accuracy: 0.6173
24/98 [======>.......................] - ETA: 7s - loss: 1.1484 - accuracy: 0.6162
25/98 [======>.......................] - ETA: 7s - loss: 1.1489 - accuracy: 0.6159
26/98 [======>.......................] - ETA: 7s - loss: 1.1469 - accuracy: 0.6162
27/98 [=======>......................] - ETA: 7s - loss: 1.1473 - accuracy: 0.6164
28/98 [=======>......................] - ETA: 7s - loss: 1.1440 - accuracy: 0.6182
29/98 [=======>......................] - ETA: 7s - loss: 1.1400 - accuracy: 0.6197
30/98 [========>.....................] - ETA: 7s - loss: 1.1401 - accuracy: 0.6194
31/98 [========>.....................] - ETA: 6s - loss: 1.1404 - accuracy: 0.6195
32/98 [========>.....................] - ETA: 6s - loss: 1.1396 - accuracy: 0.6201
33/98 [=========>....................] - ETA: 6s - loss: 1.1399 - accuracy: 0.6198
34/98 [=========>....................] - ETA: 6s - loss: 1.1418 - accuracy: 0.6190
35/98 [=========>....................] - ETA: 6s - loss: 1.1394 - accuracy: 0.6200
36/98 [==========>...................] - ETA: 6s - loss: 1.1382 - accuracy: 0.6202
37/98 [==========>...................] - ETA: 6s - loss: 1.1363 - accuracy: 0.6216
38/98 [==========>...................] - ETA: 6s - loss: 1.1367 - accuracy: 0.6218
39/98 [==========>...................] - ETA: 6s - loss: 1.1379 - accuracy: 0.6208
40/98 [===========>..................] - ETA: 5s - loss: 1.1389 - accuracy: 0.6207
41/98 [===========>..................] - ETA: 5s - loss: 1.1373 - accuracy: 0.6211
42/98 [===========>..................] - ETA: 5s - loss: 1.1387 - accuracy: 0.6204
43/98 [============>.................] - ETA: 5s - loss: 1.1372 - accuracy: 0.6208
44/98 [============>.................] - ETA: 5s - loss: 1.1377 - accuracy: 0.6208
45/98 [============>.................] - ETA: 5s - loss: 1.1364 - accuracy: 0.6213
46/98 [=============>................] - ETA: 5s - loss: 1.1356 - accuracy: 0.6212
47/98 [=============>................] - ETA: 5s - loss: 1.1344 - accuracy: 0.6221
48/98 [=============>................] - ETA: 5s - loss: 1.1364 - accuracy: 0.6215
