2024-06-26 14:05:44.420152: I tensorflow/core/platform/cpu_feature_guard.cc:193] This TensorFlow binary is optimized with oneAPI Deep Neural Network Library (oneDNN) to use the following CPU instructions in performance-critical operations:  AVX AVX2
To enable them in other operations, rebuild TensorFlow with the appropriate compiler flags.
2024-06-26 14:05:44.966473: I tensorflow/core/common_runtime/gpu/gpu_device.cc:1616] Created device /job:localhost/replica:0/task:0/device:GPU:0 with 6656 MB memory:  -> device: 0, name: NVIDIA GeForce RTX 4060 Ti, pci bus id: 0000:01:00.0, compute capability: 8.9
1 Physical GPUs, 1 Logical GPUs
Model: "sequential"
_________________________________________________________________
 Layer (type)                Output Shape              Param #   
=================================================================
 conv2d (Conv2D)             (None, 32, 32, 32)        896       
                                                                 
 max_pooling2d (MaxPooling2D  (None, 16, 16, 32)       0         
 )                                                               
                                                                 
 batch_normalization (BatchN  (None, 16, 16, 32)       128       
 ormalization)                                                   
                                                                 
 dropout (Dropout)           (None, 16, 16, 32)        0         
                                                                 
 flatten (Flatten)           (None, 8192)              0         
                                                                 
 dense (Dense)               (None, 10)                81930     
                                                                 
=================================================================
Total params: 82,954
Trainable params: 82,890
Non-trainable params: 64
_________________________________________________________________
Taxa de aprendizado:  0.0001 Num de épocas:  144 Tamanho do lote:  512 Dropout:  0.46313
Epoch 1/144
2024-06-26 14:05:46.296491: I tensorflow/stream_executor/cuda/cuda_dnn.cc:384] Loaded cuDNN version 8100
2024-06-26 14:05:47.103547: W tensorflow/stream_executor/gpu/redzone_allocator.cc:314] INTERNAL: ptxas exited with non-zero error code -1, output: 
Relying on driver to perform ptx compilation. 
Modify $PATH to customize ptxas location.
This message will be only logged once.
2024-06-26 14:05:47.858718: I tensorflow/stream_executor/cuda/cuda_blas.cc:1614] TensorFloat-32 will be used for the matrix multiplication. This will only be logged once.

 1/98 [..............................] - ETA: 4:29 - loss: 2.9433 - accuracy: 0.0996
 7/98 [=>............................] - ETA: 0s - loss: 2.7152 - accuracy: 0.1364  
13/98 [==>...........................] - ETA: 0s - loss: 2.6360 - accuracy: 0.1532
19/98 [====>.........................] - ETA: 0s - loss: 2.5533 - accuracy: 0.1712
25/98 [======>.......................] - ETA: 0s - loss: 2.4785 - accuracy: 0.1877
30/98 [========>.....................] - ETA: 0s - loss: 2.4352 - accuracy: 0.1978
36/98 [==========>...................] - ETA: 0s - loss: 2.3865 - accuracy: 0.2071
41/98 [===========>..................] - ETA: 0s - loss: 2.3541 - accuracy: 0.2147
47/98 [=============>................] - ETA: 0s - loss: 2.3242 - accuracy: 0.2212
49/98 [==============>...............] - ETA: 0s - loss: 2.3163 - accuracy: 0.2231
55/98 [===============>..............] - ETA: 0s - loss: 2.2859 - accuracy: 0.2320
61/98 [=================>............] - ETA: 0s - loss: 2.2622 - accuracy: 0.2385
67/98 [===================>..........] - ETA: 0s - loss: 2.2376 - accuracy: 0.2448
73/98 [=====================>........] - ETA: 0s - loss: 2.2174 - accuracy: 0.2497
79/98 [=======================>......] - ETA: 0s - loss: 2.2015 - accuracy: 0.2540
84/98 [========================>.....] - ETA: 0s - loss: 2.1857 - accuracy: 0.2591
89/98 [==========================>...] - ETA: 0s - loss: 2.1731 - accuracy: 0.2630
93/98 [===========================>..] - ETA: 0s - loss: 2.1596 - accuracy: 0.2669
98/98 [==============================] - ETA: 0s - loss: 2.1469 - accuracy: 0.2706
98/98 [==============================] - 5s 21ms/step - loss: 2.1469 - accuracy: 0.2706 - val_loss: 2.1521 - val_accuracy: 0.3192
Epoch 2/144

 1/98 [..............................] - ETA: 1s - loss: 1.8406 - accuracy: 0.3379
 6/98 [>.............................] - ETA: 1s - loss: 1.8630 - accuracy: 0.3496
12/98 [==>...........................] - ETA: 0s - loss: 1.8671 - accuracy: 0.3507
17/98 [====>.........................] - ETA: 0s - loss: 1.8666 - accuracy: 0.3551
22/98 [=====>........................] - ETA: 0s - loss: 1.8670 - accuracy: 0.3539
28/98 [=======>......................] - ETA: 0s - loss: 1.8648 - accuracy: 0.3531
32/98 [========>.....................] - ETA: 0s - loss: 1.8581 - accuracy: 0.3539
38/98 [==========>...................] - ETA: 0s - loss: 1.8537 - accuracy: 0.3544
44/98 [============>.................] - ETA: 0s - loss: 1.8515 - accuracy: 0.3563
50/98 [==============>...............] - ETA: 0s - loss: 1.8485 - accuracy: 0.3572
56/98 [================>.............] - ETA: 0s - loss: 1.8432 - accuracy: 0.3588
62/98 [=================>............] - ETA: 0s - loss: 1.8402 - accuracy: 0.3594
68/98 [===================>..........] - ETA: 0s - loss: 1.8355 - accuracy: 0.3605
74/98 [=====================>........] - ETA: 0s - loss: 1.8299 - accuracy: 0.3624
79/98 [=======================>......] - ETA: 0s - loss: 1.8251 - accuracy: 0.3634
85/98 [=========================>....] - ETA: 0s - loss: 1.8220 - accuracy: 0.3646
91/98 [==========================>...] - ETA: 0s - loss: 1.8169 - accuracy: 0.3661
97/98 [============================>.] - ETA: 0s - loss: 1.8107 - accuracy: 0.3684
98/98 [==============================] - 2s 17ms/step - loss: 1.8099 - accuracy: 0.3686 - val_loss: 2.0360 - val_accuracy: 0.4247
Epoch 3/144

 1/98 [..............................] - ETA: 4s - loss: 1.7252 - accuracy: 0.3848
 7/98 [=>............................] - ETA: 0s - loss: 1.6842 - accuracy: 0.4001
13/98 [==>...........................] - ETA: 0s - loss: 1.6977 - accuracy: 0.3999
17/98 [====>.........................] - ETA: 0s - loss: 1.6928 - accuracy: 0.4031
22/98 [=====>........................] - ETA: 0s - loss: 1.6941 - accuracy: 0.4052
27/98 [=======>......................] - ETA: 0s - loss: 1.6922 - accuracy: 0.4051
32/98 [========>.....................] - ETA: 0s - loss: 1.6921 - accuracy: 0.4042
37/98 [==========>...................] - ETA: 0s - loss: 1.6878 - accuracy: 0.4056
43/98 [============>.................] - ETA: 0s - loss: 1.6858 - accuracy: 0.4067
49/98 [==============>...............] - ETA: 0s - loss: 1.6864 - accuracy: 0.4062
55/98 [===============>..............] - ETA: 0s - loss: 1.6854 - accuracy: 0.4065
61/98 [=================>............] - ETA: 0s - loss: 1.6807 - accuracy: 0.4079
66/98 [===================>..........] - ETA: 0s - loss: 1.6787 - accuracy: 0.4089
71/98 [====================>.........] - ETA: 0s - loss: 1.6781 - accuracy: 0.4096
76/98 [======================>.......] - ETA: 0s - loss: 1.6740 - accuracy: 0.4119
81/98 [=======================>......] - ETA: 0s - loss: 1.6706 - accuracy: 0.4137
86/98 [=========================>....] - ETA: 0s - loss: 1.6702 - accuracy: 0.4151
92/98 [===========================>..] - ETA: 0s - loss: 1.6695 - accuracy: 0.4147
97/98 [============================>.] - ETA: 0s - loss: 1.6667 - accuracy: 0.4157
98/98 [==============================] - 2s 17ms/step - loss: 1.6654 - accuracy: 0.4161 - val_loss: 1.8830 - val_accuracy: 0.4517
Epoch 4/144

 1/98 [..............................] - ETA: 1s - loss: 1.6124 - accuracy: 0.4648
 5/98 [>.............................] - ETA: 1s - loss: 1.6284 - accuracy: 0.4301
12/98 [==>...........................] - ETA: 0s - loss: 1.6207 - accuracy: 0.4321
16/98 [===>..........................] - ETA: 1s - loss: 1.6114 - accuracy: 0.4410
22/98 [=====>........................] - ETA: 0s - loss: 1.6070 - accuracy: 0.4383
27/98 [=======>......................] - ETA: 0s - loss: 1.6018 - accuracy: 0.4382
34/98 [=========>....................] - ETA: 0s - loss: 1.5874 - accuracy: 0.4437
39/98 [==========>...................] - ETA: 0s - loss: 1.5850 - accuracy: 0.4431
45/98 [============>.................] - ETA: 0s - loss: 1.5797 - accuracy: 0.4448
50/98 [==============>...............] - ETA: 0s - loss: 1.5802 - accuracy: 0.4451
57/98 [================>.............] - ETA: 0s - loss: 1.5785 - accuracy: 0.4458
63/98 [==================>...........] - ETA: 0s - loss: 1.5771 - accuracy: 0.4461
69/98 [====================>.........] - ETA: 0s - loss: 1.5790 - accuracy: 0.4456
74/98 [=====================>........] - ETA: 0s - loss: 1.5792 - accuracy: 0.4461
80/98 [=======================>......] - ETA: 0s - loss: 1.5743 - accuracy: 0.4477
85/98 [=========================>....] - ETA: 0s - loss: 1.5723 - accuracy: 0.4482
91/98 [==========================>...] - ETA: 0s - loss: 1.5697 - accuracy: 0.4497
96/98 [============================>.] - ETA: 0s - loss: 1.5680 - accuracy: 0.4498
98/98 [==============================] - 2s 17ms/step - loss: 1.5675 - accuracy: 0.4500 - val_loss: 1.7071 - val_accuracy: 0.4690
Epoch 5/144

 1/98 [..............................] - ETA: 4s - loss: 1.5342 - accuracy: 0.4395
 7/98 [=>............................] - ETA: 0s - loss: 1.5369 - accuracy: 0.4590
12/98 [==>...........................] - ETA: 0s - loss: 1.5329 - accuracy: 0.4647
18/98 [====>.........................] - ETA: 0s - loss: 1.5215 - accuracy: 0.4655
23/98 [======>.......................] - ETA: 0s - loss: 1.5194 - accuracy: 0.4643
29/98 [=======>......................] - ETA: 0s - loss: 1.5191 - accuracy: 0.4650
34/98 [=========>....................] - ETA: 0s - loss: 1.5128 - accuracy: 0.4670
39/98 [==========>...................] - ETA: 0s - loss: 1.5094 - accuracy: 0.4669
44/98 [============>.................] - ETA: 0s - loss: 1.5071 - accuracy: 0.4675
50/98 [==============>...............] - ETA: 0s - loss: 1.5025 - accuracy: 0.4684
56/98 [================>.............] - ETA: 0s - loss: 1.5021 - accuracy: 0.4699
62/98 [=================>............] - ETA: 0s - loss: 1.5009 - accuracy: 0.4705
67/98 [===================>..........] - ETA: 0s - loss: 1.4973 - accuracy: 0.4720
71/98 [====================>.........] - ETA: 0s - loss: 1.4968 - accuracy: 0.4717
76/98 [======================>.......] - ETA: 0s - loss: 1.4947 - accuracy: 0.4727
80/98 [=======================>......] - ETA: 0s - loss: 1.4946 - accuracy: 0.4732
85/98 [=========================>....] - ETA: 0s - loss: 1.4915 - accuracy: 0.4744
90/98 [==========================>...] - ETA: 0s - loss: 1.4911 - accuracy: 0.4739
95/98 [============================>.] - ETA: 0s - loss: 1.4881 - accuracy: 0.4750
98/98 [==============================] - 2s 18ms/step - loss: 1.4881 - accuracy: 0.4748 - val_loss: 1.5220 - val_accuracy: 0.5048
Epoch 6/144

 1/98 [..............................] - ETA: 3s - loss: 1.4943 - accuracy: 0.4551
 5/98 [>.............................] - ETA: 1s - loss: 1.4585 - accuracy: 0.4785
10/98 [==>...........................] - ETA: 1s - loss: 1.4579 - accuracy: 0.4863
15/98 [===>..........................] - ETA: 1s - loss: 1.4581 - accuracy: 0.4876
20/98 [=====>........................] - ETA: 0s - loss: 1.4458 - accuracy: 0.4922
25/98 [======>.......................] - ETA: 0s - loss: 1.4525 - accuracy: 0.4889
31/98 [========>.....................] - ETA: 0s - loss: 1.4479 - accuracy: 0.4909
36/98 [==========>...................] - ETA: 0s - loss: 1.4470 - accuracy: 0.4909
42/98 [===========>..................] - ETA: 0s - loss: 1.4471 - accuracy: 0.4914
47/98 [=============>................] - ETA: 0s - loss: 1.4483 - accuracy: 0.4908
52/98 [==============>...............] - ETA: 0s - loss: 1.4449 - accuracy: 0.4924
58/98 [================>.............] - ETA: 0s - loss: 1.4402 - accuracy: 0.4950
63/98 [==================>...........] - ETA: 0s - loss: 1.4390 - accuracy: 0.4945
68/98 [===================>..........] - ETA: 0s - loss: 1.4350 - accuracy: 0.4964
74/98 [=====================>........] - ETA: 0s - loss: 1.4318 - accuracy: 0.4977
80/98 [=======================>......] - ETA: 0s - loss: 1.4288 - accuracy: 0.4979
85/98 [=========================>....] - ETA: 0s - loss: 1.4281 - accuracy: 0.4981
91/98 [==========================>...] - ETA: 0s - loss: 1.4285 - accuracy: 0.4982
96/98 [============================>.] - ETA: 0s - loss: 1.4254 - accuracy: 0.4994
98/98 [==============================] - 2s 17ms/step - loss: 1.4259 - accuracy: 0.4992 - val_loss: 1.3870 - val_accuracy: 0.5331
Epoch 7/144

 1/98 [..............................] - ETA: 2s - loss: 1.2985 - accuracy: 0.5684
 6/98 [>.............................] - ETA: 1s - loss: 1.3677 - accuracy: 0.5321
12/98 [==>...........................] - ETA: 0s - loss: 1.3630 - accuracy: 0.5236
18/98 [====>.........................] - ETA: 0s - loss: 1.3716 - accuracy: 0.5235
24/98 [======>.......................] - ETA: 0s - loss: 1.3762 - accuracy: 0.5192
29/98 [=======>......................] - ETA: 0s - loss: 1.3759 - accuracy: 0.5184
36/98 [==========>...................] - ETA: 0s - loss: 1.3768 - accuracy: 0.5169
41/98 [===========>..................] - ETA: 0s - loss: 1.3756 - accuracy: 0.5164
47/98 [=============>................] - ETA: 0s - loss: 1.3771 - accuracy: 0.5159
52/98 [==============>...............] - ETA: 0s - loss: 1.3753 - accuracy: 0.5162
58/98 [================>.............] - ETA: 0s - loss: 1.3762 - accuracy: 0.5152
64/98 [==================>...........] - ETA: 0s - loss: 1.3730 - accuracy: 0.5155
69/98 [====================>.........] - ETA: 0s - loss: 1.3733 - accuracy: 0.5156
74/98 [=====================>........] - ETA: 0s - loss: 1.3713 - accuracy: 0.5168
79/98 [=======================>......] - ETA: 0s - loss: 1.3694 - accuracy: 0.5171
84/98 [========================>.....] - ETA: 0s - loss: 1.3715 - accuracy: 0.5168
90/98 [==========================>...] - ETA: 0s - loss: 1.3695 - accuracy: 0.5175
95/98 [============================>.] - ETA: 0s - loss: 1.3696 - accuracy: 0.5176
98/98 [==============================] - 2s 16ms/step - loss: 1.3686 - accuracy: 0.5180 - val_loss: 1.2987 - val_accuracy: 0.5498
Epoch 8/144

 1/98 [..............................] - ETA: 2s - loss: 1.2871 - accuracy: 0.5723
 7/98 [=>............................] - ETA: 0s - loss: 1.3192 - accuracy: 0.5299
12/98 [==>...........................] - ETA: 0s - loss: 1.3345 - accuracy: 0.5272
17/98 [====>.........................] - ETA: 0s - loss: 1.3420 - accuracy: 0.5249
23/98 [======>.......................] - ETA: 0s - loss: 1.3482 - accuracy: 0.5235
28/98 [=======>......................] - ETA: 0s - loss: 1.3395 - accuracy: 0.5282
35/98 [=========>....................] - ETA: 0s - loss: 1.3350 - accuracy: 0.5288
41/98 [===========>..................] - ETA: 0s - loss: 1.3358 - accuracy: 0.5299
46/98 [=============>................] - ETA: 0s - loss: 1.3354 - accuracy: 0.5298
52/98 [==============>...............] - ETA: 0s - loss: 1.3353 - accuracy: 0.5299
58/98 [================>.............] - ETA: 0s - loss: 1.3313 - accuracy: 0.5311
64/98 [==================>...........] - ETA: 0s - loss: 1.3289 - accuracy: 0.5327
70/98 [====================>.........] - ETA: 0s - loss: 1.3265 - accuracy: 0.5323
76/98 [======================>.......] - ETA: 0s - loss: 1.3270 - accuracy: 0.5320
82/98 [========================>.....] - ETA: 0s - loss: 1.3261 - accuracy: 0.5320
87/98 [=========================>....] - ETA: 0s - loss: 1.3265 - accuracy: 0.5325
93/98 [===========================>..] - ETA: 0s - loss: 1.3248 - accuracy: 0.5334
98/98 [==============================] - 2s 16ms/step - loss: 1.3255 - accuracy: 0.5340 - val_loss: 1.2518 - val_accuracy: 0.5647
Epoch 9/144

 1/98 [..............................] - ETA: 2s - loss: 1.2791 - accuracy: 0.5312
 6/98 [>.............................] - ETA: 1s - loss: 1.2787 - accuracy: 0.5459
12/98 [==>...........................] - ETA: 0s - loss: 1.2996 - accuracy: 0.5409
17/98 [====>.........................] - ETA: 0s - loss: 1.2933 - accuracy: 0.5434
22/98 [=====>........................] - ETA: 0s - loss: 1.2840 - accuracy: 0.5450
27/98 [=======>......................] - ETA: 0s - loss: 1.2878 - accuracy: 0.5435
33/98 [=========>....................] - ETA: 0s - loss: 1.2888 - accuracy: 0.5425
39/98 [==========>...................] - ETA: 0s - loss: 1.2849 - accuracy: 0.5446
44/98 [============>.................] - ETA: 0s - loss: 1.2842 - accuracy: 0.5444
49/98 [==============>...............] - ETA: 0s - loss: 1.2844 - accuracy: 0.5443
54/98 [===============>..............] - ETA: 0s - loss: 1.2849 - accuracy: 0.5447
60/98 [=================>............] - ETA: 0s - loss: 1.2866 - accuracy: 0.5452
65/98 [==================>...........] - ETA: 0s - loss: 1.2874 - accuracy: 0.5459
71/98 [====================>.........] - ETA: 0s - loss: 1.2854 - accuracy: 0.5463
76/98 [======================>.......] - ETA: 0s - loss: 1.2854 - accuracy: 0.5463
81/98 [=======================>......] - ETA: 0s - loss: 1.2849 - accuracy: 0.5462
86/98 [=========================>....] - ETA: 0s - loss: 1.2858 - accuracy: 0.5458
92/98 [===========================>..] - ETA: 0s - loss: 1.2856 - accuracy: 0.5467
97/98 [============================>.] - ETA: 0s - loss: 1.2856 - accuracy: 0.5472
98/98 [==============================] - 2s 17ms/step - loss: 1.2856 - accuracy: 0.5471 - val_loss: 1.2231 - val_accuracy: 0.5742
Epoch 10/144

 1/98 [..............................] - ETA: 3s - loss: 1.2739 - accuracy: 0.5684
 7/98 [=>............................] - ETA: 0s - loss: 1.2787 - accuracy: 0.5513
12/98 [==>...........................] - ETA: 0s - loss: 1.2597 - accuracy: 0.5565
18/98 [====>.........................] - ETA: 0s - loss: 1.2567 - accuracy: 0.5589
24/98 [======>.......................] - ETA: 0s - loss: 1.2488 - accuracy: 0.5611
30/98 [========>.....................] - ETA: 0s - loss: 1.2561 - accuracy: 0.5585
36/98 [==========>...................] - ETA: 0s - loss: 1.2495 - accuracy: 0.5608
41/98 [===========>..................] - ETA: 0s - loss: 1.2475 - accuracy: 0.5612
48/98 [=============>................] - ETA: 0s - loss: 1.2526 - accuracy: 0.5599
53/98 [===============>..............] - ETA: 0s - loss: 1.2536 - accuracy: 0.5594
59/98 [=================>............] - ETA: 0s - loss: 1.2527 - accuracy: 0.5593
64/98 [==================>...........] - ETA: 0s - loss: 1.2481 - accuracy: 0.5603
69/98 [====================>.........] - ETA: 0s - loss: 1.2484 - accuracy: 0.5609
75/98 [=====================>........] - ETA: 0s - loss: 1.2527 - accuracy: 0.5595
81/98 [=======================>......] - ETA: 0s - loss: 1.2535 - accuracy: 0.5592
87/98 [=========================>....] - ETA: 0s - loss: 1.2536 - accuracy: 0.5590
92/98 [===========================>..] - ETA: 0s - loss: 1.2533 - accuracy: 0.5589
97/98 [============================>.] - ETA: 0s - loss: 1.2549 - accuracy: 0.5585
98/98 [==============================] - 2s 17ms/step - loss: 1.2551 - accuracy: 0.5582 - val_loss: 1.1988 - val_accuracy: 0.5788
Epoch 11/144

 1/98 [..............................] - ETA: 1s - loss: 1.3096 - accuracy: 0.5547
 6/98 [>.............................] - ETA: 1s - loss: 1.2667 - accuracy: 0.5556
11/98 [==>...........................] - ETA: 1s - loss: 1.2543 - accuracy: 0.5630
17/98 [====>.........................] - ETA: 0s - loss: 1.2352 - accuracy: 0.5667
23/98 [======>.......................] - ETA: 0s - loss: 1.2289 - accuracy: 0.5697
29/98 [=======>......................] - ETA: 0s - loss: 1.2290 - accuracy: 0.5720
35/98 [=========>....................] - ETA: 0s - loss: 1.2262 - accuracy: 0.5741
41/98 [===========>..................] - ETA: 0s - loss: 1.2276 - accuracy: 0.5727
46/98 [=============>................] - ETA: 0s - loss: 1.2286 - accuracy: 0.5718
52/98 [==============>...............] - ETA: 0s - loss: 1.2260 - accuracy: 0.5714
56/98 [================>.............] - ETA: 0s - loss: 1.2255 - accuracy: 0.5717
60/98 [=================>............] - ETA: 0s - loss: 1.2250 - accuracy: 0.5718
65/98 [==================>...........] - ETA: 0s - loss: 1.2281 - accuracy: 0.5709
71/98 [====================>.........] - ETA: 0s - loss: 1.2257 - accuracy: 0.5712
77/98 [======================>.......] - ETA: 0s - loss: 1.2255 - accuracy: 0.5715
83/98 [========================>.....] - ETA: 0s - loss: 1.2246 - accuracy: 0.5719
88/98 [=========================>....] - ETA: 0s - loss: 1.2270 - accuracy: 0.5711
95/98 [============================>.] - ETA: 0s - loss: 1.2249 - accuracy: 0.5714
98/98 [==============================] - 2s 17ms/step - loss: 1.2243 - accuracy: 0.5715 - val_loss: 1.1767 - val_accuracy: 0.5918
Epoch 12/144

 1/98 [..............................] - ETA: 3s - loss: 1.1481 - accuracy: 0.6055
 6/98 [>.............................] - ETA: 1s - loss: 1.1714 - accuracy: 0.5964
12/98 [==>...........................] - ETA: 0s - loss: 1.1579 - accuracy: 0.5964
17/98 [====>.........................] - ETA: 0s - loss: 1.1735 - accuracy: 0.5924
23/98 [======>.......................] - ETA: 0s - loss: 1.1813 - accuracy: 0.5906
29/98 [=======>......................] - ETA: 0s - loss: 1.1837 - accuracy: 0.5918
35/98 [=========>....................] - ETA: 0s - loss: 1.1871 - accuracy: 0.5900
41/98 [===========>..................] - ETA: 0s - loss: 1.1874 - accuracy: 0.5881
46/98 [=============>................] - ETA: 0s - loss: 1.1915 - accuracy: 0.5870
51/98 [==============>...............] - ETA: 0s - loss: 1.1937 - accuracy: 0.5854
56/98 [================>.............] - ETA: 0s - loss: 1.1937 - accuracy: 0.5857
61/98 [=================>............] - ETA: 0s - loss: 1.1958 - accuracy: 0.5841
67/98 [===================>..........] - ETA: 0s - loss: 1.1962 - accuracy: 0.5839
72/98 [=====================>........] - ETA: 0s - loss: 1.1964 - accuracy: 0.5831
78/98 [======================>.......] - ETA: 0s - loss: 1.1978 - accuracy: 0.5819
84/98 [========================>.....] - ETA: 0s - loss: 1.1982 - accuracy: 0.5809
89/98 [==========================>...] - ETA: 0s - loss: 1.1960 - accuracy: 0.5818
95/98 [============================>.] - ETA: 0s - loss: 1.1954 - accuracy: 0.5822
98/98 [==============================] - 2s 17ms/step - loss: 1.1966 - accuracy: 0.5816 - val_loss: 1.1598 - val_accuracy: 0.5976
Epoch 13/144

 1/98 [..............................] - ETA: 3s - loss: 1.2567 - accuracy: 0.5566
 7/98 [=>............................] - ETA: 0s - loss: 1.1676 - accuracy: 0.5890
13/98 [==>...........................] - ETA: 0s - loss: 1.1745 - accuracy: 0.5871
18/98 [====>.........................] - ETA: 0s - loss: 1.1693 - accuracy: 0.5871
24/98 [======>.......................] - ETA: 0s - loss: 1.1758 - accuracy: 0.5856
29/98 [=======>......................] - ETA: 0s - loss: 1.1707 - accuracy: 0.5879
35/98 [=========>....................] - ETA: 0s - loss: 1.1721 - accuracy: 0.5887
40/98 [===========>..................] - ETA: 0s - loss: 1.1737 - accuracy: 0.5873
46/98 [=============>................] - ETA: 0s - loss: 1.1749 - accuracy: 0.5876
52/98 [==============>...............] - ETA: 0s - loss: 1.1726 - accuracy: 0.5881
58/98 [================>.............] - ETA: 0s - loss: 1.1742 - accuracy: 0.5869
64/98 [==================>...........] - ETA: 0s - loss: 1.1745 - accuracy: 0.5868
70/98 [====================>.........] - ETA: 0s - loss: 1.1738 - accuracy: 0.5870
75/98 [=====================>........] - ETA: 0s - loss: 1.1738 - accuracy: 0.5876
81/98 [=======================>......] - ETA: 0s - loss: 1.1732 - accuracy: 0.5888
87/98 [=========================>....] - ETA: 0s - loss: 1.1748 - accuracy: 0.5885
93/98 [===========================>..] - ETA: 0s - loss: 1.1748 - accuracy: 0.5886
98/98 [==============================] - 2s 16ms/step - loss: 1.1721 - accuracy: 0.5899 - val_loss: 1.1561 - val_accuracy: 0.6026
Epoch 14/144

 1/98 [..............................] - ETA: 3s - loss: 1.1322 - accuracy: 0.6309
 7/98 [=>............................] - ETA: 0s - loss: 1.1619 - accuracy: 0.5921
13/98 [==>...........................] - ETA: 0s - loss: 1.1648 - accuracy: 0.5873
18/98 [====>.........................] - ETA: 0s - loss: 1.1797 - accuracy: 0.5841
24/98 [======>.......................] - ETA: 0s - loss: 1.1748 - accuracy: 0.5863
30/98 [========>.....................] - ETA: 0s - loss: 1.1625 - accuracy: 0.5912
35/98 [=========>....................] - ETA: 0s - loss: 1.1606 - accuracy: 0.5929
40/98 [===========>..................] - ETA: 0s - loss: 1.1586 - accuracy: 0.5951
46/98 [=============>................] - ETA: 0s - loss: 1.1595 - accuracy: 0.5938
51/98 [==============>...............] - ETA: 0s - loss: 1.1587 - accuracy: 0.5943
57/98 [================>.............] - ETA: 0s - loss: 1.1565 - accuracy: 0.5949
63/98 [==================>...........] - ETA: 0s - loss: 1.1572 - accuracy: 0.5949
68/98 [===================>..........] - ETA: 0s - loss: 1.1583 - accuracy: 0.5952
74/98 [=====================>........] - ETA: 0s - loss: 1.1571 - accuracy: 0.5956
79/98 [=======================>......] - ETA: 0s - loss: 1.1583 - accuracy: 0.5947
85/98 [=========================>....] - ETA: 0s - loss: 1.1583 - accuracy: 0.5950
91/98 [==========================>...] - ETA: 0s - loss: 1.1563 - accuracy: 0.5953
97/98 [============================>.] - ETA: 0s - loss: 1.1573 - accuracy: 0.5947
98/98 [==============================] - 2s 16ms/step - loss: 1.1572 - accuracy: 0.5946 - val_loss: 1.1384 - val_accuracy: 0.6081
Epoch 15/144

 1/98 [..............................] - ETA: 3s - loss: 1.2408 - accuracy: 0.5781
 6/98 [>.............................] - ETA: 1s - loss: 1.1539 - accuracy: 0.6029
11/98 [==>...........................] - ETA: 1s - loss: 1.1316 - accuracy: 0.6103
16/98 [===>..........................] - ETA: 1s - loss: 1.1288 - accuracy: 0.6071
22/98 [=====>........................] - ETA: 0s - loss: 1.1341 - accuracy: 0.6032
27/98 [=======>......................] - ETA: 0s - loss: 1.1277 - accuracy: 0.6075
32/98 [========>.....................] - ETA: 0s - loss: 1.1216 - accuracy: 0.6076
38/98 [==========>...................] - ETA: 0s - loss: 1.1208 - accuracy: 0.6084
43/98 [============>.................] - ETA: 0s - loss: 1.1263 - accuracy: 0.6068
48/98 [=============>................] - ETA: 0s - loss: 1.1291 - accuracy: 0.6058
53/98 [===============>..............] - ETA: 0s - loss: 1.1306 - accuracy: 0.6060
57/98 [================>.............] - ETA: 0s - loss: 1.1322 - accuracy: 0.6063
63/98 [==================>...........] - ETA: 0s - loss: 1.1310 - accuracy: 0.6068
68/98 [===================>..........] - ETA: 0s - loss: 1.1315 - accuracy: 0.6069
73/98 [=====================>........] - ETA: 0s - loss: 1.1311 - accuracy: 0.6070
79/98 [=======================>......] - ETA: 0s - loss: 1.1338 - accuracy: 0.6059
85/98 [=========================>....] - ETA: 0s - loss: 1.1336 - accuracy: 0.6055
90/98 [==========================>...] - ETA: 0s - loss: 1.1326 - accuracy: 0.6056
96/98 [============================>.] - ETA: 0s - loss: 1.1323 - accuracy: 0.6056
98/98 [==============================] - 2s 17ms/step - loss: 1.1322 - accuracy: 0.6052 - val_loss: 1.1210 - val_accuracy: 0.6144
Epoch 16/144

 1/98 [..............................] - ETA: 3s - loss: 1.1211 - accuracy: 0.6074
 7/98 [=>............................] - ETA: 0s - loss: 1.1086 - accuracy: 0.6130
13/98 [==>...........................] - ETA: 0s - loss: 1.0983 - accuracy: 0.6206
19/98 [====>.........................] - ETA: 0s - loss: 1.1119 - accuracy: 0.6141
20/98 [=====>........................] - ETA: 1s - loss: 1.1142 - accuracy: 0.6123
26/98 [======>.......................] - ETA: 0s - loss: 1.1178 - accuracy: 0.6123
32/98 [========>.....................] - ETA: 0s - loss: 1.1160 - accuracy: 0.6110
37/98 [==========>...................] - ETA: 0s - loss: 1.1212 - accuracy: 0.6102
42/98 [===========>..................] - ETA: 0s - loss: 1.1180 - accuracy: 0.6107
47/98 [=============>................] - ETA: 0s - loss: 1.1238 - accuracy: 0.6094
52/98 [==============>...............] - ETA: 0s - loss: 1.1202 - accuracy: 0.6118
57/98 [================>.............] - ETA: 0s - loss: 1.1185 - accuracy: 0.6132
63/98 [==================>...........] - ETA: 0s - loss: 1.1183 - accuracy: 0.6133
68/98 [===================>..........] - ETA: 0s - loss: 1.1190 - accuracy: 0.6134
74/98 [=====================>........] - ETA: 0s - loss: 1.1202 - accuracy: 0.6130
80/98 [=======================>......] - ETA: 0s - loss: 1.1168 - accuracy: 0.6141
85/98 [=========================>....] - ETA: 0s - loss: 1.1161 - accuracy: 0.6145
91/98 [==========================>...] - ETA: 0s - loss: 1.1183 - accuracy: 0.6135
97/98 [============================>.] - ETA: 0s - loss: 1.1191 - accuracy: 0.6128
98/98 [==============================] - 2s 17ms/step - loss: 1.1194 - accuracy: 0.6125 - val_loss: 1.1134 - val_accuracy: 0.6156
Epoch 17/144

 1/98 [..............................] - ETA: 1s - loss: 1.0557 - accuracy: 0.6406
 6/98 [>.............................] - ETA: 1s - loss: 1.1122 - accuracy: 0.6178
11/98 [==>...........................] - ETA: 1s - loss: 1.1160 - accuracy: 0.6119
16/98 [===>..........................] - ETA: 1s - loss: 1.1075 - accuracy: 0.6110
21/98 [=====>........................] - ETA: 0s - loss: 1.1125 - accuracy: 0.6106
26/98 [======>.......................] - ETA: 0s - loss: 1.1072 - accuracy: 0.6114
31/98 [========>.....................] - ETA: 0s - loss: 1.1067 - accuracy: 0.6125
37/98 [==========>...................] - ETA: 0s - loss: 1.1079 - accuracy: 0.6120
42/98 [===========>..................] - ETA: 0s - loss: 1.1061 - accuracy: 0.6115
48/98 [=============>................] - ETA: 0s - loss: 1.1062 - accuracy: 0.6119
54/98 [===============>..............] - ETA: 0s - loss: 1.1030 - accuracy: 0.6134
60/98 [=================>............] - ETA: 0s - loss: 1.0984 - accuracy: 0.6146
65/98 [==================>...........] - ETA: 0s - loss: 1.0982 - accuracy: 0.6146
70/98 [====================>.........] - ETA: 0s - loss: 1.0996 - accuracy: 0.6137
76/98 [======================>.......] - ETA: 0s - loss: 1.0981 - accuracy: 0.6138
82/98 [========================>.....] - ETA: 0s - loss: 1.0986 - accuracy: 0.6146
88/98 [=========================>....] - ETA: 0s - loss: 1.0974 - accuracy: 0.6153
93/98 [===========================>..] - ETA: 0s - loss: 1.1002 - accuracy: 0.6139
98/98 [==============================] - 2s 17ms/step - loss: 1.0993 - accuracy: 0.6140 - val_loss: 1.1173 - val_accuracy: 0.6120
Epoch 18/144

 1/98 [..............................] - ETA: 3s - loss: 1.1475 - accuracy: 0.6113
 7/98 [=>............................] - ETA: 0s - loss: 1.1095 - accuracy: 0.6161
13/98 [==>...........................] - ETA: 0s - loss: 1.0923 - accuracy: 0.6178
18/98 [====>.........................] - ETA: 0s - loss: 1.0898 - accuracy: 0.6215
24/98 [======>.......................] - ETA: 0s - loss: 1.0923 - accuracy: 0.6225
29/98 [=======>......................] - ETA: 0s - loss: 1.0917 - accuracy: 0.6208
34/98 [=========>....................] - ETA: 0s - loss: 1.0883 - accuracy: 0.6216
39/98 [==========>...................] - ETA: 0s - loss: 1.0912 - accuracy: 0.6223
44/98 [============>.................] - ETA: 0s - loss: 1.0941 - accuracy: 0.6214
49/98 [==============>...............] - ETA: 0s - loss: 1.0931 - accuracy: 0.6207
54/98 [===============>..............] - ETA: 0s - loss: 1.0911 - accuracy: 0.6209
59/98 [=================>............] - ETA: 0s - loss: 1.0904 - accuracy: 0.6212
65/98 [==================>...........] - ETA: 0s - loss: 1.0923 - accuracy: 0.6212
71/98 [====================>.........] - ETA: 0s - loss: 1.0895 - accuracy: 0.6224
76/98 [======================>.......] - ETA: 0s - loss: 1.0888 - accuracy: 0.6222
82/98 [========================>.....] - ETA: 0s - loss: 1.0867 - accuracy: 0.6223
87/98 [=========================>....] - ETA: 0s - loss: 1.0858 - accuracy: 0.6220
93/98 [===========================>..] - ETA: 0s - loss: 1.0855 - accuracy: 0.6222
98/98 [==============================] - ETA: 0s - loss: 1.0861 - accuracy: 0.6216
98/98 [==============================] - 2s 17ms/step - loss: 1.0861 - accuracy: 0.6216 - val_loss: 1.0954 - val_accuracy: 0.6207
Epoch 19/144

 1/98 [..............................] - ETA: 3s - loss: 1.0816 - accuracy: 0.6191
 5/98 [>.............................] - ETA: 1s - loss: 1.0766 - accuracy: 0.6277
 9/98 [=>............................] - ETA: 1s - loss: 1.0761 - accuracy: 0.6241
15/98 [===>..........................] - ETA: 1s - loss: 1.0832 - accuracy: 0.6219
20/98 [=====>........................] - ETA: 0s - loss: 1.0747 - accuracy: 0.6263
27/98 [=======>......................] - ETA: 0s - loss: 1.0770 - accuracy: 0.6259
32/98 [========>.....................] - ETA: 0s - loss: 1.0755 - accuracy: 0.6257
38/98 [==========>...................] - ETA: 0s - loss: 1.0754 - accuracy: 0.6255
43/98 [============>.................] - ETA: 0s - loss: 1.0742 - accuracy: 0.6264
48/98 [=============>................] - ETA: 0s - loss: 1.0707 - accuracy: 0.6271
54/98 [===============>..............] - ETA: 0s - loss: 1.0729 - accuracy: 0.6271
60/98 [=================>............] - ETA: 0s - loss: 1.0714 - accuracy: 0.6280
66/98 [===================>..........] - ETA: 0s - loss: 1.0703 - accuracy: 0.6279
71/98 [====================>.........] - ETA: 0s - loss: 1.0730 - accuracy: 0.6272
77/98 [======================>.......] - ETA: 0s - loss: 1.0728 - accuracy: 0.6275
83/98 [========================>.....] - ETA: 0s - loss: 1.0705 - accuracy: 0.6282
87/98 [=========================>....] - ETA: 0s - loss: 1.0703 - accuracy: 0.6284
93/98 [===========================>..] - ETA: 0s - loss: 1.0711 - accuracy: 0.6275
98/98 [==============================] - 2s 17ms/step - loss: 1.0724 - accuracy: 0.6268 - val_loss: 1.0933 - val_accuracy: 0.6217
Epoch 20/144

 1/98 [..............................] - ETA: 2s - loss: 1.1170 - accuracy: 0.6016
 5/98 [>.............................] - ETA: 1s - loss: 1.0635 - accuracy: 0.6324
11/98 [==>...........................] - ETA: 1s - loss: 1.0599 - accuracy: 0.6330
17/98 [====>.........................] - ETA: 0s - loss: 1.0583 - accuracy: 0.6361
22/98 [=====>........................] - ETA: 0s - loss: 1.0631 - accuracy: 0.6344
28/98 [=======>......................] - ETA: 0s - loss: 1.0623 - accuracy: 0.6348
33/98 [=========>....................] - ETA: 0s - loss: 1.0551 - accuracy: 0.6367
38/98 [==========>...................] - ETA: 0s - loss: 1.0597 - accuracy: 0.6338
44/98 [============>.................] - ETA: 0s - loss: 1.0572 - accuracy: 0.6335
49/98 [==============>...............] - ETA: 0s - loss: 1.0622 - accuracy: 0.6319
55/98 [===============>..............] - ETA: 0s - loss: 1.0634 - accuracy: 0.6317
61/98 [=================>............] - ETA: 0s - loss: 1.0637 - accuracy: 0.6325
67/98 [===================>..........] - ETA: 0s - loss: 1.0614 - accuracy: 0.6327
73/98 [=====================>........] - ETA: 0s - loss: 1.0615 - accuracy: 0.6324
79/98 [=======================>......] - ETA: 0s - loss: 1.0636 - accuracy: 0.6313
84/98 [========================>.....] - ETA: 0s - loss: 1.0638 - accuracy: 0.6311
90/98 [==========================>...] - ETA: 0s - loss: 1.0646 - accuracy: 0.6304
96/98 [============================>.] - ETA: 0s - loss: 1.0626 - accuracy: 0.6308
98/98 [==============================] - 2s 16ms/step - loss: 1.0622 - accuracy: 0.6308 - val_loss: 1.0908 - val_accuracy: 0.6211
Epoch 21/144

 1/98 [..............................] - ETA: 3s - loss: 1.0677 - accuracy: 0.6270
 6/98 [>.............................] - ETA: 1s - loss: 1.0449 - accuracy: 0.6279
11/98 [==>...........................] - ETA: 1s - loss: 1.0582 - accuracy: 0.6298
17/98 [====>.........................] - ETA: 0s - loss: 1.0643 - accuracy: 0.6286
23/98 [======>.......................] - ETA: 0s - loss: 1.0655 - accuracy: 0.6281
29/98 [=======>......................] - ETA: 0s - loss: 1.0578 - accuracy: 0.6302
34/98 [=========>....................] - ETA: 0s - loss: 1.0581 - accuracy: 0.6302
40/98 [===========>..................] - ETA: 0s - loss: 1.0537 - accuracy: 0.6316
46/98 [=============>................] - ETA: 0s - loss: 1.0489 - accuracy: 0.6332
52/98 [==============>...............] - ETA: 0s - loss: 1.0493 - accuracy: 0.6316
58/98 [================>.............] - ETA: 0s - loss: 1.0489 - accuracy: 0.6325
63/98 [==================>...........] - ETA: 0s - loss: 1.0439 - accuracy: 0.6347
68/98 [===================>..........] - ETA: 0s - loss: 1.0442 - accuracy: 0.6342
74/98 [=====================>........] - ETA: 0s - loss: 1.0454 - accuracy: 0.6342
80/98 [=======================>......] - ETA: 0s - loss: 1.0457 - accuracy: 0.6349
85/98 [=========================>....] - ETA: 0s - loss: 1.0466 - accuracy: 0.6344
91/98 [==========================>...] - ETA: 0s - loss: 1.0495 - accuracy: 0.6342
96/98 [============================>.] - ETA: 0s - loss: 1.0504 - accuracy: 0.6340
98/98 [==============================] - 2s 17ms/step - loss: 1.0496 - accuracy: 0.6345 - val_loss: 1.0749 - val_accuracy: 0.6299
Epoch 22/144

 1/98 [..............................] - ETA: 3s - loss: 1.0389 - accuracy: 0.6289
 5/98 [>.............................] - ETA: 1s - loss: 1.0443 - accuracy: 0.6414
11/98 [==>...........................] - ETA: 1s - loss: 1.0580 - accuracy: 0.6348
16/98 [===>..........................] - ETA: 1s - loss: 1.0512 - accuracy: 0.6339
22/98 [=====>........................] - ETA: 0s - loss: 1.0543 - accuracy: 0.6337
28/98 [=======>......................] - ETA: 0s - loss: 1.0528 - accuracy: 0.6353
34/98 [=========>....................] - ETA: 0s - loss: 1.0490 - accuracy: 0.6369
40/98 [===========>..................] - ETA: 0s - loss: 1.0421 - accuracy: 0.6388
46/98 [=============>................] - ETA: 0s - loss: 1.0382 - accuracy: 0.6387
51/98 [==============>...............] - ETA: 0s - loss: 1.0405 - accuracy: 0.6374
57/98 [================>.............] - ETA: 0s - loss: 1.0411 - accuracy: 0.6370
63/98 [==================>...........] - ETA: 0s - loss: 1.0423 - accuracy: 0.6366
68/98 [===================>..........] - ETA: 0s - loss: 1.0385 - accuracy: 0.6389
73/98 [=====================>........] - ETA: 0s - loss: 1.0422 - accuracy: 0.6383
79/98 [=======================>......] - ETA: 0s - loss: 1.0407 - accuracy: 0.6386
84/98 [========================>.....] - ETA: 0s - loss: 1.0410 - accuracy: 0.6377
90/98 [==========================>...] - ETA: 0s - loss: 1.0399 - accuracy: 0.6384
94/98 [===========================>..] - ETA: 0s - loss: 1.0391 - accuracy: 0.6387
98/98 [==============================] - 2s 17ms/step - loss: 1.0404 - accuracy: 0.6391 - val_loss: 1.0669 - val_accuracy: 0.6305
Epoch 23/144

 1/98 [..............................] - ETA: 3s - loss: 1.0632 - accuracy: 0.6562
 6/98 [>.............................] - ETA: 1s - loss: 1.0502 - accuracy: 0.6497
11/98 [==>...........................] - ETA: 1s - loss: 1.0574 - accuracy: 0.6360
16/98 [===>..........................] - ETA: 0s - loss: 1.0350 - accuracy: 0.6418
22/98 [=====>........................] - ETA: 0s - loss: 1.0394 - accuracy: 0.6423
26/98 [======>.......................] - ETA: 0s - loss: 1.0441 - accuracy: 0.6397
31/98 [========>.....................] - ETA: 0s - loss: 1.0384 - accuracy: 0.6424
35/98 [=========>....................] - ETA: 0s - loss: 1.0346 - accuracy: 0.6435
39/98 [==========>...................] - ETA: 0s - loss: 1.0301 - accuracy: 0.6454
44/98 [============>.................] - ETA: 0s - loss: 1.0316 - accuracy: 0.6437
