2024-06-26 16:36:03.464255: I tensorflow/core/platform/cpu_feature_guard.cc:193] This TensorFlow binary is optimized with oneAPI Deep Neural Network Library (oneDNN) to use the following CPU instructions in performance-critical operations:  AVX AVX2
To enable them in other operations, rebuild TensorFlow with the appropriate compiler flags.
2024-06-26 16:36:03.986628: I tensorflow/core/common_runtime/gpu/gpu_device.cc:1616] Created device /job:localhost/replica:0/task:0/device:GPU:0 with 6656 MB memory:  -> device: 0, name: NVIDIA GeForce RTX 4060 Ti, pci bus id: 0000:01:00.0, compute capability: 8.9
1 Physical GPUs, 1 Logical GPUs
Model: "sequential"
_________________________________________________________________
 Layer (type)                Output Shape              Param #   
=================================================================
 conv2d (Conv2D)             (None, 32, 32, 32)        896       
                                                                 
 max_pooling2d (MaxPooling2D  (None, 16, 16, 32)       0         
 )                                                               
                                                                 
 batch_normalization (BatchN  (None, 16, 16, 32)       128       
 ormalization)                                                   
                                                                 
 dropout (Dropout)           (None, 16, 16, 32)        0         
                                                                 
 flatten (Flatten)           (None, 8192)              0         
                                                                 
 dense (Dense)               (None, 10)                81930     
                                                                 
=================================================================
Total params: 82,954
Trainable params: 82,890
Non-trainable params: 64
_________________________________________________________________
Taxa de aprendizado:  0.0001 Num de épocas:  144 Tamanho do lote:  512 Dropout:  0.46313
Epoch 1/144
2024-06-26 16:36:05.248855: I tensorflow/stream_executor/cuda/cuda_dnn.cc:384] Loaded cuDNN version 8100
2024-06-26 16:36:06.084072: W tensorflow/stream_executor/gpu/redzone_allocator.cc:314] INTERNAL: ptxas exited with non-zero error code -1, output: 
Relying on driver to perform ptx compilation. 
Modify $PATH to customize ptxas location.
This message will be only logged once.
2024-06-26 16:36:06.884281: I tensorflow/stream_executor/cuda/cuda_blas.cc:1614] TensorFloat-32 will be used for the matrix multiplication. This will only be logged once.

 1/98 [..............................] - ETA: 4:31 - loss: 3.0048 - accuracy: 0.0840
 5/98 [>.............................] - ETA: 1s - loss: 2.8470 - accuracy: 0.1141  
10/98 [==>...........................] - ETA: 1s - loss: 2.7592 - accuracy: 0.1274
15/98 [===>..........................] - ETA: 1s - loss: 2.6833 - accuracy: 0.1401
20/98 [=====>........................] - ETA: 1s - loss: 2.6194 - accuracy: 0.1524
25/98 [======>.......................] - ETA: 0s - loss: 2.5775 - accuracy: 0.1637
31/98 [========>.....................] - ETA: 0s - loss: 2.5366 - accuracy: 0.1734
36/98 [==========>...................] - ETA: 0s - loss: 2.5036 - accuracy: 0.1825
41/98 [===========>..................] - ETA: 0s - loss: 2.4733 - accuracy: 0.1887
46/98 [=============>................] - ETA: 0s - loss: 2.4482 - accuracy: 0.1965
52/98 [==============>...............] - ETA: 0s - loss: 2.4245 - accuracy: 0.2029
57/98 [================>.............] - ETA: 0s - loss: 2.4036 - accuracy: 0.2083
63/98 [==================>...........] - ETA: 0s - loss: 2.3773 - accuracy: 0.2147
69/98 [====================>.........] - ETA: 0s - loss: 2.3570 - accuracy: 0.2184
74/98 [=====================>........] - ETA: 0s - loss: 2.3427 - accuracy: 0.2221
79/98 [=======================>......] - ETA: 0s - loss: 2.3293 - accuracy: 0.2257
84/98 [========================>.....] - ETA: 0s - loss: 2.3146 - accuracy: 0.2300
89/98 [==========================>...] - ETA: 0s - loss: 2.2983 - accuracy: 0.2349
93/98 [===========================>..] - ETA: 0s - loss: 2.2871 - accuracy: 0.2377
98/98 [==============================] - ETA: 0s - loss: 2.2743 - accuracy: 0.2418
98/98 [==============================] - 5s 21ms/step - loss: 2.2743 - accuracy: 0.2418 - val_loss: 2.1249 - val_accuracy: 0.2792
Epoch 2/144

 1/98 [..............................] - ETA: 3s - loss: 2.0088 - accuracy: 0.2754
 6/98 [>.............................] - ETA: 1s - loss: 1.9619 - accuracy: 0.3128
11/98 [==>...........................] - ETA: 1s - loss: 1.9831 - accuracy: 0.3098
17/98 [====>.........................] - ETA: 0s - loss: 2.0024 - accuracy: 0.3112
22/98 [=====>........................] - ETA: 0s - loss: 1.9950 - accuracy: 0.3120
28/98 [=======>......................] - ETA: 0s - loss: 1.9838 - accuracy: 0.3162
34/98 [=========>....................] - ETA: 0s - loss: 1.9760 - accuracy: 0.3182
39/98 [==========>...................] - ETA: 0s - loss: 1.9683 - accuracy: 0.3245
44/98 [============>.................] - ETA: 0s - loss: 1.9654 - accuracy: 0.3247
50/98 [==============>...............] - ETA: 0s - loss: 1.9580 - accuracy: 0.3280
55/98 [===============>..............] - ETA: 0s - loss: 1.9514 - accuracy: 0.3307
60/98 [=================>............] - ETA: 0s - loss: 1.9454 - accuracy: 0.3324
65/98 [==================>...........] - ETA: 0s - loss: 1.9412 - accuracy: 0.3347
71/98 [====================>.........] - ETA: 0s - loss: 1.9312 - accuracy: 0.3369
76/98 [======================>.......] - ETA: 0s - loss: 1.9289 - accuracy: 0.3378
81/98 [=======================>......] - ETA: 0s - loss: 1.9219 - accuracy: 0.3404
86/98 [=========================>....] - ETA: 0s - loss: 1.9120 - accuracy: 0.3431
91/98 [==========================>...] - ETA: 0s - loss: 1.9042 - accuracy: 0.3459
96/98 [============================>.] - ETA: 0s - loss: 1.8994 - accuracy: 0.3473
98/98 [==============================] - 2s 17ms/step - loss: 1.8983 - accuracy: 0.3477 - val_loss: 1.9931 - val_accuracy: 0.3831
Epoch 3/144

 1/98 [..............................] - ETA: 3s - loss: 1.6687 - accuracy: 0.4434
 6/98 [>.............................] - ETA: 1s - loss: 1.7489 - accuracy: 0.4023
11/98 [==>...........................] - ETA: 1s - loss: 1.7571 - accuracy: 0.3967
17/98 [====>.........................] - ETA: 0s - loss: 1.7490 - accuracy: 0.3928
23/98 [======>.......................] - ETA: 0s - loss: 1.7393 - accuracy: 0.3955
29/98 [=======>......................] - ETA: 0s - loss: 1.7437 - accuracy: 0.3950
34/98 [=========>....................] - ETA: 0s - loss: 1.7455 - accuracy: 0.3942
40/98 [===========>..................] - ETA: 0s - loss: 1.7409 - accuracy: 0.3940
45/98 [============>.................] - ETA: 0s - loss: 1.7378 - accuracy: 0.3956
51/98 [==============>...............] - ETA: 0s - loss: 1.7327 - accuracy: 0.3964
56/98 [================>.............] - ETA: 0s - loss: 1.7314 - accuracy: 0.3969
61/98 [=================>............] - ETA: 0s - loss: 1.7310 - accuracy: 0.3973
66/98 [===================>..........] - ETA: 0s - loss: 1.7275 - accuracy: 0.3982
72/98 [=====================>........] - ETA: 0s - loss: 1.7204 - accuracy: 0.4002
77/98 [======================>.......] - ETA: 0s - loss: 1.7170 - accuracy: 0.4013
83/98 [========================>.....] - ETA: 0s - loss: 1.7138 - accuracy: 0.4023
87/98 [=========================>....] - ETA: 0s - loss: 1.7103 - accuracy: 0.4039
92/98 [===========================>..] - ETA: 0s - loss: 1.7067 - accuracy: 0.4055
98/98 [==============================] - ETA: 0s - loss: 1.7037 - accuracy: 0.4070
98/98 [==============================] - 2s 17ms/step - loss: 1.7037 - accuracy: 0.4070 - val_loss: 1.8501 - val_accuracy: 0.4287
Epoch 4/144

 1/98 [..............................] - ETA: 1s - loss: 1.6852 - accuracy: 0.4180
 6/98 [>.............................] - ETA: 1s - loss: 1.6037 - accuracy: 0.4404
12/98 [==>...........................] - ETA: 1s - loss: 1.6187 - accuracy: 0.4342
17/98 [====>.........................] - ETA: 1s - loss: 1.6149 - accuracy: 0.4330
22/98 [=====>........................] - ETA: 0s - loss: 1.6133 - accuracy: 0.4301
28/98 [=======>......................] - ETA: 0s - loss: 1.6045 - accuracy: 0.4339
34/98 [=========>....................] - ETA: 0s - loss: 1.6054 - accuracy: 0.4351
40/98 [===========>..................] - ETA: 0s - loss: 1.6024 - accuracy: 0.4354
45/98 [============>.................] - ETA: 0s - loss: 1.6006 - accuracy: 0.4372
51/98 [==============>...............] - ETA: 0s - loss: 1.5992 - accuracy: 0.4380
57/98 [================>.............] - ETA: 0s - loss: 1.5958 - accuracy: 0.4403
62/98 [=================>............] - ETA: 0s - loss: 1.5951 - accuracy: 0.4416
67/98 [===================>..........] - ETA: 0s - loss: 1.5927 - accuracy: 0.4426
72/98 [=====================>........] - ETA: 0s - loss: 1.5917 - accuracy: 0.4427
78/98 [======================>.......] - ETA: 0s - loss: 1.5895 - accuracy: 0.4437
84/98 [========================>.....] - ETA: 0s - loss: 1.5882 - accuracy: 0.4447
89/98 [==========================>...] - ETA: 0s - loss: 1.5851 - accuracy: 0.4460
94/98 [===========================>..] - ETA: 0s - loss: 1.5794 - accuracy: 0.4481
98/98 [==============================] - 2s 17ms/step - loss: 1.5768 - accuracy: 0.4489 - val_loss: 1.6720 - val_accuracy: 0.4658
Epoch 5/144

 1/98 [..............................] - ETA: 1s - loss: 1.4085 - accuracy: 0.5000
 6/98 [>.............................] - ETA: 1s - loss: 1.4862 - accuracy: 0.4753
12/98 [==>...........................] - ETA: 0s - loss: 1.4966 - accuracy: 0.4839
18/98 [====>.........................] - ETA: 0s - loss: 1.4982 - accuracy: 0.4792
24/98 [======>.......................] - ETA: 0s - loss: 1.4989 - accuracy: 0.4779
29/98 [=======>......................] - ETA: 0s - loss: 1.4979 - accuracy: 0.4790
35/98 [=========>....................] - ETA: 0s - loss: 1.5027 - accuracy: 0.4790
40/98 [===========>..................] - ETA: 0s - loss: 1.5032 - accuracy: 0.4788
45/98 [============>.................] - ETA: 0s - loss: 1.5005 - accuracy: 0.4793
51/98 [==============>...............] - ETA: 0s - loss: 1.5008 - accuracy: 0.4783
56/98 [================>.............] - ETA: 0s - loss: 1.5047 - accuracy: 0.4773
62/98 [=================>............] - ETA: 0s - loss: 1.5032 - accuracy: 0.4779
67/98 [===================>..........] - ETA: 0s - loss: 1.5019 - accuracy: 0.4791
73/98 [=====================>........] - ETA: 0s - loss: 1.4989 - accuracy: 0.4794
79/98 [=======================>......] - ETA: 0s - loss: 1.4958 - accuracy: 0.4794
85/98 [=========================>....] - ETA: 0s - loss: 1.4947 - accuracy: 0.4796
90/98 [==========================>...] - ETA: 0s - loss: 1.4942 - accuracy: 0.4797
96/98 [============================>.] - ETA: 0s - loss: 1.4921 - accuracy: 0.4802
98/98 [==============================] - 2s 17ms/step - loss: 1.4919 - accuracy: 0.4804 - val_loss: 1.5173 - val_accuracy: 0.4975
Epoch 6/144

 1/98 [..............................] - ETA: 3s - loss: 1.4479 - accuracy: 0.4785
 6/98 [>.............................] - ETA: 1s - loss: 1.4445 - accuracy: 0.4909
11/98 [==>...........................] - ETA: 1s - loss: 1.4309 - accuracy: 0.4995
16/98 [===>..........................] - ETA: 1s - loss: 1.4371 - accuracy: 0.4983
22/98 [=====>........................] - ETA: 0s - loss: 1.4263 - accuracy: 0.4994
27/98 [=======>......................] - ETA: 0s - loss: 1.4324 - accuracy: 0.4981
33/98 [=========>....................] - ETA: 0s - loss: 1.4355 - accuracy: 0.4977
38/98 [==========>...................] - ETA: 0s - loss: 1.4380 - accuracy: 0.4975
44/98 [============>.................] - ETA: 0s - loss: 1.4370 - accuracy: 0.4980
50/98 [==============>...............] - ETA: 0s - loss: 1.4332 - accuracy: 0.4996
55/98 [===============>..............] - ETA: 0s - loss: 1.4312 - accuracy: 0.5010
61/98 [=================>............] - ETA: 0s - loss: 1.4308 - accuracy: 0.5004
66/98 [===================>..........] - ETA: 0s - loss: 1.4282 - accuracy: 0.5009
72/98 [=====================>........] - ETA: 0s - loss: 1.4299 - accuracy: 0.5006
77/98 [======================>.......] - ETA: 0s - loss: 1.4292 - accuracy: 0.5013
82/98 [========================>.....] - ETA: 0s - loss: 1.4271 - accuracy: 0.5011
88/98 [=========================>....] - ETA: 0s - loss: 1.4240 - accuracy: 0.5025
93/98 [===========================>..] - ETA: 0s - loss: 1.4242 - accuracy: 0.5018
98/98 [==============================] - ETA: 0s - loss: 1.4249 - accuracy: 0.5021
98/98 [==============================] - 2s 17ms/step - loss: 1.4249 - accuracy: 0.5021 - val_loss: 1.3867 - val_accuracy: 0.5333
Epoch 7/144

 1/98 [..............................] - ETA: 3s - loss: 1.4178 - accuracy: 0.4941
 6/98 [>.............................] - ETA: 1s - loss: 1.3874 - accuracy: 0.5007
12/98 [==>...........................] - ETA: 0s - loss: 1.3768 - accuracy: 0.5143
17/98 [====>.........................] - ETA: 0s - loss: 1.3791 - accuracy: 0.5167
23/98 [======>.......................] - ETA: 0s - loss: 1.3699 - accuracy: 0.5213
29/98 [=======>......................] - ETA: 0s - loss: 1.3672 - accuracy: 0.5208
34/98 [=========>....................] - ETA: 0s - loss: 1.3623 - accuracy: 0.5209
39/98 [==========>...................] - ETA: 0s - loss: 1.3689 - accuracy: 0.5188
45/98 [============>.................] - ETA: 0s - loss: 1.3650 - accuracy: 0.5198
50/98 [==============>...............] - ETA: 0s - loss: 1.3687 - accuracy: 0.5186
56/98 [================>.............] - ETA: 0s - loss: 1.3706 - accuracy: 0.5189
62/98 [=================>............] - ETA: 0s - loss: 1.3747 - accuracy: 0.5172
68/98 [===================>..........] - ETA: 0s - loss: 1.3771 - accuracy: 0.5163
73/98 [=====================>........] - ETA: 0s - loss: 1.3758 - accuracy: 0.5172
79/98 [=======================>......] - ETA: 0s - loss: 1.3749 - accuracy: 0.5179
85/98 [=========================>....] - ETA: 0s - loss: 1.3749 - accuracy: 0.5176
90/98 [==========================>...] - ETA: 0s - loss: 1.3732 - accuracy: 0.5179
95/98 [============================>.] - ETA: 0s - loss: 1.3748 - accuracy: 0.5175
98/98 [==============================] - 2s 17ms/step - loss: 1.3747 - accuracy: 0.5175 - val_loss: 1.2854 - val_accuracy: 0.5619
Epoch 8/144

 1/98 [..............................] - ETA: 3s - loss: 1.4132 - accuracy: 0.5059
 6/98 [>.............................] - ETA: 1s - loss: 1.3898 - accuracy: 0.5192
11/98 [==>...........................] - ETA: 1s - loss: 1.3738 - accuracy: 0.5233
17/98 [====>.........................] - ETA: 0s - loss: 1.3617 - accuracy: 0.5290
22/98 [=====>........................] - ETA: 0s - loss: 1.3671 - accuracy: 0.5266
27/98 [=======>......................] - ETA: 0s - loss: 1.3566 - accuracy: 0.5285
33/98 [=========>....................] - ETA: 0s - loss: 1.3563 - accuracy: 0.5266
38/98 [==========>...................] - ETA: 0s - loss: 1.3496 - accuracy: 0.5296
44/98 [============>.................] - ETA: 0s - loss: 1.3438 - accuracy: 0.5295
49/98 [==============>...............] - ETA: 0s - loss: 1.3402 - accuracy: 0.5301
55/98 [===============>..............] - ETA: 0s - loss: 1.3364 - accuracy: 0.5313
61/98 [=================>............] - ETA: 0s - loss: 1.3370 - accuracy: 0.5308
67/98 [===================>..........] - ETA: 0s - loss: 1.3365 - accuracy: 0.5307
73/98 [=====================>........] - ETA: 0s - loss: 1.3336 - accuracy: 0.5311
78/98 [======================>.......] - ETA: 0s - loss: 1.3332 - accuracy: 0.5315
84/98 [========================>.....] - ETA: 0s - loss: 1.3312 - accuracy: 0.5323
89/98 [==========================>...] - ETA: 0s - loss: 1.3298 - accuracy: 0.5329
94/98 [===========================>..] - ETA: 0s - loss: 1.3287 - accuracy: 0.5337
98/98 [==============================] - 2s 17ms/step - loss: 1.3283 - accuracy: 0.5344 - val_loss: 1.2444 - val_accuracy: 0.5714
Epoch 9/144

 1/98 [..............................] - ETA: 1s - loss: 1.2778 - accuracy: 0.5312
 6/98 [>.............................] - ETA: 1s - loss: 1.3257 - accuracy: 0.5277
12/98 [==>...........................] - ETA: 0s - loss: 1.3085 - accuracy: 0.5417
17/98 [====>.........................] - ETA: 0s - loss: 1.3109 - accuracy: 0.5426
23/98 [======>.......................] - ETA: 0s - loss: 1.3037 - accuracy: 0.5457
29/98 [=======>......................] - ETA: 0s - loss: 1.3053 - accuracy: 0.5429
35/98 [=========>....................] - ETA: 0s - loss: 1.3077 - accuracy: 0.5419
41/98 [===========>..................] - ETA: 0s - loss: 1.3087 - accuracy: 0.5423
47/98 [=============>................] - ETA: 0s - loss: 1.3079 - accuracy: 0.5437
53/98 [===============>..............] - ETA: 0s - loss: 1.3032 - accuracy: 0.5448
59/98 [=================>............] - ETA: 0s - loss: 1.2999 - accuracy: 0.5469
65/98 [==================>...........] - ETA: 0s - loss: 1.2997 - accuracy: 0.5467
71/98 [====================>.........] - ETA: 0s - loss: 1.2975 - accuracy: 0.5471
77/98 [======================>.......] - ETA: 0s - loss: 1.2957 - accuracy: 0.5476
82/98 [========================>.....] - ETA: 0s - loss: 1.2957 - accuracy: 0.5470
88/98 [=========================>....] - ETA: 0s - loss: 1.2940 - accuracy: 0.5476
94/98 [===========================>..] - ETA: 0s - loss: 1.2923 - accuracy: 0.5474
98/98 [==============================] - 2s 16ms/step - loss: 1.2920 - accuracy: 0.5470 - val_loss: 1.2062 - val_accuracy: 0.5874
Epoch 10/144

 1/98 [..............................] - ETA: 1s - loss: 1.1896 - accuracy: 0.6035
 6/98 [>.............................] - ETA: 1s - loss: 1.2735 - accuracy: 0.5540
11/98 [==>...........................] - ETA: 1s - loss: 1.2698 - accuracy: 0.5561
17/98 [====>.........................] - ETA: 0s - loss: 1.2745 - accuracy: 0.5556
22/98 [=====>........................] - ETA: 0s - loss: 1.2744 - accuracy: 0.5552
28/98 [=======>......................] - ETA: 0s - loss: 1.2751 - accuracy: 0.5559
34/98 [=========>....................] - ETA: 0s - loss: 1.2711 - accuracy: 0.5556
40/98 [===========>..................] - ETA: 0s - loss: 1.2715 - accuracy: 0.5569
45/98 [============>.................] - ETA: 0s - loss: 1.2712 - accuracy: 0.5568
50/98 [==============>...............] - ETA: 0s - loss: 1.2681 - accuracy: 0.5561
55/98 [===============>..............] - ETA: 0s - loss: 1.2662 - accuracy: 0.5561
61/98 [=================>............] - ETA: 0s - loss: 1.2646 - accuracy: 0.5564
67/98 [===================>..........] - ETA: 0s - loss: 1.2636 - accuracy: 0.5570
72/98 [=====================>........] - ETA: 0s - loss: 1.2648 - accuracy: 0.5563
78/98 [======================>.......] - ETA: 0s - loss: 1.2631 - accuracy: 0.5574
83/98 [========================>.....] - ETA: 0s - loss: 1.2594 - accuracy: 0.5584
89/98 [==========================>...] - ETA: 0s - loss: 1.2593 - accuracy: 0.5576
95/98 [============================>.] - ETA: 0s - loss: 1.2610 - accuracy: 0.5573
98/98 [==============================] - 2s 16ms/step - loss: 1.2609 - accuracy: 0.5573 - val_loss: 1.1889 - val_accuracy: 0.5875
Epoch 11/144

 1/98 [..............................] - ETA: 3s - loss: 1.3331 - accuracy: 0.5547
 7/98 [=>............................] - ETA: 0s - loss: 1.2794 - accuracy: 0.5508
12/98 [==>...........................] - ETA: 0s - loss: 1.2633 - accuracy: 0.5602
18/98 [====>.........................] - ETA: 0s - loss: 1.2555 - accuracy: 0.5586
23/98 [======>.......................] - ETA: 0s - loss: 1.2401 - accuracy: 0.5647
29/98 [=======>......................] - ETA: 0s - loss: 1.2361 - accuracy: 0.5675
36/98 [==========>...................] - ETA: 0s - loss: 1.2317 - accuracy: 0.5696
41/98 [===========>..................] - ETA: 0s - loss: 1.2292 - accuracy: 0.5713
47/98 [=============>................] - ETA: 0s - loss: 1.2358 - accuracy: 0.5692
53/98 [===============>..............] - ETA: 0s - loss: 1.2351 - accuracy: 0.5700
59/98 [=================>............] - ETA: 0s - loss: 1.2375 - accuracy: 0.5696
65/98 [==================>...........] - ETA: 0s - loss: 1.2376 - accuracy: 0.5704
71/98 [====================>.........] - ETA: 0s - loss: 1.2316 - accuracy: 0.5717
76/98 [======================>.......] - ETA: 0s - loss: 1.2310 - accuracy: 0.5708
82/98 [========================>.....] - ETA: 0s - loss: 1.2294 - accuracy: 0.5720
88/98 [=========================>....] - ETA: 0s - loss: 1.2285 - accuracy: 0.5723
93/98 [===========================>..] - ETA: 0s - loss: 1.2305 - accuracy: 0.5717
98/98 [==============================] - 2s 16ms/step - loss: 1.2310 - accuracy: 0.5713 - val_loss: 1.1772 - val_accuracy: 0.5900
Epoch 12/144

 1/98 [..............................] - ETA: 1s - loss: 1.1964 - accuracy: 0.5547
 6/98 [>.............................] - ETA: 0s - loss: 1.1973 - accuracy: 0.5822
11/98 [==>...........................] - ETA: 0s - loss: 1.2097 - accuracy: 0.5759
17/98 [====>.........................] - ETA: 0s - loss: 1.2156 - accuracy: 0.5729
23/98 [======>.......................] - ETA: 0s - loss: 1.2154 - accuracy: 0.5706
29/98 [=======>......................] - ETA: 0s - loss: 1.2142 - accuracy: 0.5719
35/98 [=========>....................] - ETA: 0s - loss: 1.2127 - accuracy: 0.5717
41/98 [===========>..................] - ETA: 0s - loss: 1.2115 - accuracy: 0.5726
46/98 [=============>................] - ETA: 0s - loss: 1.2109 - accuracy: 0.5736
51/98 [==============>...............] - ETA: 0s - loss: 1.2108 - accuracy: 0.5745
56/98 [================>.............] - ETA: 0s - loss: 1.2087 - accuracy: 0.5750
61/98 [=================>............] - ETA: 0s - loss: 1.2059 - accuracy: 0.5766
67/98 [===================>..........] - ETA: 0s - loss: 1.2043 - accuracy: 0.5776
72/98 [=====================>........] - ETA: 0s - loss: 1.2059 - accuracy: 0.5775
77/98 [======================>.......] - ETA: 0s - loss: 1.2067 - accuracy: 0.5776
83/98 [========================>.....] - ETA: 0s - loss: 1.2068 - accuracy: 0.5779
88/98 [=========================>....] - ETA: 0s - loss: 1.2062 - accuracy: 0.5792
94/98 [===========================>..] - ETA: 0s - loss: 1.2042 - accuracy: 0.5796
98/98 [==============================] - 2s 17ms/step - loss: 1.2061 - accuracy: 0.5791 - val_loss: 1.1553 - val_accuracy: 0.6012
Epoch 13/144

 1/98 [..............................] - ETA: 1s - loss: 1.1150 - accuracy: 0.6055
 6/98 [>.............................] - ETA: 1s - loss: 1.1565 - accuracy: 0.5951
11/98 [==>...........................] - ETA: 1s - loss: 1.1631 - accuracy: 0.5941
17/98 [====>.........................] - ETA: 0s - loss: 1.1681 - accuracy: 0.5934
22/98 [=====>........................] - ETA: 0s - loss: 1.1781 - accuracy: 0.5898
27/98 [=======>......................] - ETA: 0s - loss: 1.1793 - accuracy: 0.5910
33/98 [=========>....................] - ETA: 0s - loss: 1.1796 - accuracy: 0.5894
38/98 [==========>...................] - ETA: 0s - loss: 1.1796 - accuracy: 0.5897
44/98 [============>.................] - ETA: 0s - loss: 1.1773 - accuracy: 0.5902
50/98 [==============>...............] - ETA: 0s - loss: 1.1781 - accuracy: 0.5883
56/98 [================>.............] - ETA: 0s - loss: 1.1827 - accuracy: 0.5868
62/98 [=================>............] - ETA: 0s - loss: 1.1815 - accuracy: 0.5871
67/98 [===================>..........] - ETA: 0s - loss: 1.1823 - accuracy: 0.5870
73/98 [=====================>........] - ETA: 0s - loss: 1.1829 - accuracy: 0.5860
78/98 [======================>.......] - ETA: 0s - loss: 1.1795 - accuracy: 0.5878
84/98 [========================>.....] - ETA: 0s - loss: 1.1822 - accuracy: 0.5872
90/98 [==========================>...] - ETA: 0s - loss: 1.1838 - accuracy: 0.5868
96/98 [============================>.] - ETA: 0s - loss: 1.1853 - accuracy: 0.5868
98/98 [==============================] - 2s 17ms/step - loss: 1.1849 - accuracy: 0.5873 - val_loss: 1.1388 - val_accuracy: 0.6052
Epoch 14/144

 1/98 [..............................] - ETA: 1s - loss: 1.1123 - accuracy: 0.6094
 6/98 [>.............................] - ETA: 1s - loss: 1.1610 - accuracy: 0.5863
11/98 [==>...........................] - ETA: 1s - loss: 1.1605 - accuracy: 0.5927
16/98 [===>..........................] - ETA: 0s - loss: 1.1623 - accuracy: 0.5952
21/98 [=====>........................] - ETA: 0s - loss: 1.1664 - accuracy: 0.5937
27/98 [=======>......................] - ETA: 0s - loss: 1.1632 - accuracy: 0.5927
32/98 [========>.....................] - ETA: 0s - loss: 1.1666 - accuracy: 0.5909
38/98 [==========>...................] - ETA: 0s - loss: 1.1656 - accuracy: 0.5916
44/98 [============>.................] - ETA: 0s - loss: 1.1641 - accuracy: 0.5917
50/98 [==============>...............] - ETA: 0s - loss: 1.1616 - accuracy: 0.5930
56/98 [================>.............] - ETA: 0s - loss: 1.1626 - accuracy: 0.5936
61/98 [=================>............] - ETA: 0s - loss: 1.1605 - accuracy: 0.5937
66/98 [===================>..........] - ETA: 0s - loss: 1.1581 - accuracy: 0.5951
71/98 [====================>.........] - ETA: 0s - loss: 1.1575 - accuracy: 0.5950
76/98 [======================>.......] - ETA: 0s - loss: 1.1615 - accuracy: 0.5931
82/98 [========================>.....] - ETA: 0s - loss: 1.1626 - accuracy: 0.5925
88/98 [=========================>....] - ETA: 0s - loss: 1.1641 - accuracy: 0.5913
93/98 [===========================>..] - ETA: 0s - loss: 1.1643 - accuracy: 0.5913
98/98 [==============================] - ETA: 0s - loss: 1.1638 - accuracy: 0.5915
98/98 [==============================] - 2s 16ms/step - loss: 1.1638 - accuracy: 0.5915 - val_loss: 1.1279 - val_accuracy: 0.6071
Epoch 15/144

 1/98 [..............................] - ETA: 3s - loss: 1.2102 - accuracy: 0.5762
 6/98 [>.............................] - ETA: 1s - loss: 1.1816 - accuracy: 0.5928
11/98 [==>...........................] - ETA: 1s - loss: 1.1729 - accuracy: 0.5922
16/98 [===>..........................] - ETA: 1s - loss: 1.1605 - accuracy: 0.5936
22/98 [=====>........................] - ETA: 0s - loss: 1.1529 - accuracy: 0.5958
27/98 [=======>......................] - ETA: 0s - loss: 1.1581 - accuracy: 0.5930
33/98 [=========>....................] - ETA: 0s - loss: 1.1568 - accuracy: 0.5932
39/98 [==========>...................] - ETA: 0s - loss: 1.1540 - accuracy: 0.5954
44/98 [============>.................] - ETA: 0s - loss: 1.1522 - accuracy: 0.5960
50/98 [==============>...............] - ETA: 0s - loss: 1.1497 - accuracy: 0.5975
55/98 [===============>..............] - ETA: 0s - loss: 1.1444 - accuracy: 0.5996
61/98 [=================>............] - ETA: 0s - loss: 1.1436 - accuracy: 0.5998
67/98 [===================>..........] - ETA: 0s - loss: 1.1463 - accuracy: 0.5993
72/98 [=====================>........] - ETA: 0s - loss: 1.1472 - accuracy: 0.5984
77/98 [======================>.......] - ETA: 0s - loss: 1.1485 - accuracy: 0.5982
83/98 [========================>.....] - ETA: 0s - loss: 1.1464 - accuracy: 0.5988
89/98 [==========================>...] - ETA: 0s - loss: 1.1462 - accuracy: 0.5990
94/98 [===========================>..] - ETA: 0s - loss: 1.1467 - accuracy: 0.5996
98/98 [==============================] - 2s 17ms/step - loss: 1.1462 - accuracy: 0.5997 - val_loss: 1.1231 - val_accuracy: 0.6088
Epoch 16/144

 1/98 [..............................] - ETA: 3s - loss: 1.1908 - accuracy: 0.5938
 7/98 [=>............................] - ETA: 0s - loss: 1.1219 - accuracy: 0.6105
13/98 [==>...........................] - ETA: 0s - loss: 1.1130 - accuracy: 0.6151
19/98 [====>.........................] - ETA: 0s - loss: 1.1118 - accuracy: 0.6126
21/98 [=====>........................] - ETA: 1s - loss: 1.1156 - accuracy: 0.6099
26/98 [======>.......................] - ETA: 0s - loss: 1.1203 - accuracy: 0.6066
32/98 [========>.....................] - ETA: 0s - loss: 1.1193 - accuracy: 0.6091
37/98 [==========>...................] - ETA: 0s - loss: 1.1259 - accuracy: 0.6074
43/98 [============>.................] - ETA: 0s - loss: 1.1282 - accuracy: 0.6059
48/98 [=============>................] - ETA: 0s - loss: 1.1275 - accuracy: 0.6069
53/98 [===============>..............] - ETA: 0s - loss: 1.1322 - accuracy: 0.6053
58/98 [================>.............] - ETA: 0s - loss: 1.1311 - accuracy: 0.6048
63/98 [==================>...........] - ETA: 0s - loss: 1.1296 - accuracy: 0.6057
69/98 [====================>.........] - ETA: 0s - loss: 1.1284 - accuracy: 0.6069
74/98 [=====================>........] - ETA: 0s - loss: 1.1291 - accuracy: 0.6078
79/98 [=======================>......] - ETA: 0s - loss: 1.1297 - accuracy: 0.6075
85/98 [=========================>....] - ETA: 0s - loss: 1.1280 - accuracy: 0.6078
91/98 [==========================>...] - ETA: 0s - loss: 1.1286 - accuracy: 0.6072
96/98 [============================>.] - ETA: 0s - loss: 1.1288 - accuracy: 0.6071
98/98 [==============================] - 2s 17ms/step - loss: 1.1288 - accuracy: 0.6075 - val_loss: 1.1163 - val_accuracy: 0.6135
Epoch 17/144

 1/98 [..............................] - ETA: 1s - loss: 1.0973 - accuracy: 0.6387
 6/98 [>.............................] - ETA: 1s - loss: 1.1189 - accuracy: 0.6133
11/98 [==>...........................] - ETA: 1s - loss: 1.1099 - accuracy: 0.6179
17/98 [====>.........................] - ETA: 0s - loss: 1.1050 - accuracy: 0.6165
22/98 [=====>........................] - ETA: 0s - loss: 1.1058 - accuracy: 0.6178
28/98 [=======>......................] - ETA: 0s - loss: 1.1099 - accuracy: 0.6167
34/98 [=========>....................] - ETA: 0s - loss: 1.1084 - accuracy: 0.6158
38/98 [==========>...................] - ETA: 0s - loss: 1.1096 - accuracy: 0.6152
44/98 [============>.................] - ETA: 0s - loss: 1.1143 - accuracy: 0.6133
49/98 [==============>...............] - ETA: 0s - loss: 1.1138 - accuracy: 0.6143
56/98 [================>.............] - ETA: 0s - loss: 1.1099 - accuracy: 0.6136
61/98 [=================>............] - ETA: 0s - loss: 1.1087 - accuracy: 0.6149
66/98 [===================>..........] - ETA: 0s - loss: 1.1095 - accuracy: 0.6139
71/98 [====================>.........] - ETA: 0s - loss: 1.1132 - accuracy: 0.6120
77/98 [======================>.......] - ETA: 0s - loss: 1.1143 - accuracy: 0.6116
83/98 [========================>.....] - ETA: 0s - loss: 1.1134 - accuracy: 0.6118
89/98 [==========================>...] - ETA: 0s - loss: 1.1127 - accuracy: 0.6114
95/98 [============================>.] - ETA: 0s - loss: 1.1120 - accuracy: 0.6117
98/98 [==============================] - 2s 17ms/step - loss: 1.1109 - accuracy: 0.6122 - val_loss: 1.1116 - val_accuracy: 0.6143
Epoch 18/144

 1/98 [..............................] - ETA: 3s - loss: 1.1241 - accuracy: 0.5801
 6/98 [>.............................] - ETA: 1s - loss: 1.1027 - accuracy: 0.6198
12/98 [==>...........................] - ETA: 0s - loss: 1.1064 - accuracy: 0.6133
18/98 [====>.........................] - ETA: 0s - loss: 1.1090 - accuracy: 0.6137
23/98 [======>.......................] - ETA: 0s - loss: 1.1113 - accuracy: 0.6110
29/98 [=======>......................] - ETA: 0s - loss: 1.1095 - accuracy: 0.6129
35/98 [=========>....................] - ETA: 0s - loss: 1.1110 - accuracy: 0.6122
41/98 [===========>..................] - ETA: 0s - loss: 1.1065 - accuracy: 0.6136
46/98 [=============>................] - ETA: 0s - loss: 1.1011 - accuracy: 0.6163
52/98 [==============>...............] - ETA: 0s - loss: 1.1010 - accuracy: 0.6145
58/98 [================>.............] - ETA: 0s - loss: 1.1030 - accuracy: 0.6146
63/98 [==================>...........] - ETA: 0s - loss: 1.1052 - accuracy: 0.6136
68/98 [===================>..........] - ETA: 0s - loss: 1.1040 - accuracy: 0.6139
74/98 [=====================>........] - ETA: 0s - loss: 1.1061 - accuracy: 0.6127
80/98 [=======================>......] - ETA: 0s - loss: 1.1050 - accuracy: 0.6127
86/98 [=========================>....] - ETA: 0s - loss: 1.1065 - accuracy: 0.6129
91/98 [==========================>...] - ETA: 0s - loss: 1.1054 - accuracy: 0.6130
97/98 [============================>.] - ETA: 0s - loss: 1.1048 - accuracy: 0.6133
98/98 [==============================] - 2s 16ms/step - loss: 1.1046 - accuracy: 0.6132 - val_loss: 1.0888 - val_accuracy: 0.6212
Epoch 19/144

 1/98 [..............................] - ETA: 2s - loss: 1.1183 - accuracy: 0.5957
 5/98 [>.............................] - ETA: 1s - loss: 1.0915 - accuracy: 0.6152
10/98 [==>...........................] - ETA: 1s - loss: 1.0834 - accuracy: 0.6180
15/98 [===>..........................] - ETA: 1s - loss: 1.0855 - accuracy: 0.6232
20/98 [=====>........................] - ETA: 0s - loss: 1.0781 - accuracy: 0.6253
26/98 [======>.......................] - ETA: 0s - loss: 1.0775 - accuracy: 0.6242
32/98 [========>.....................] - ETA: 0s - loss: 1.0815 - accuracy: 0.6252
37/98 [==========>...................] - ETA: 0s - loss: 1.0809 - accuracy: 0.6234
42/98 [===========>..................] - ETA: 0s - loss: 1.0798 - accuracy: 0.6250
46/98 [=============>................] - ETA: 0s - loss: 1.0782 - accuracy: 0.6252
51/98 [==============>...............] - ETA: 0s - loss: 1.0767 - accuracy: 0.6252
56/98 [================>.............] - ETA: 0s - loss: 1.0797 - accuracy: 0.6237
61/98 [=================>............] - ETA: 0s - loss: 1.0790 - accuracy: 0.6249
66/98 [===================>..........] - ETA: 0s - loss: 1.0804 - accuracy: 0.6242
70/98 [====================>.........] - ETA: 0s - loss: 1.0820 - accuracy: 0.6229
75/98 [=====================>........] - ETA: 0s - loss: 1.0851 - accuracy: 0.6217
81/98 [=======================>......] - ETA: 0s - loss: 1.0861 - accuracy: 0.6213
86/98 [=========================>....] - ETA: 0s - loss: 1.0870 - accuracy: 0.6212
92/98 [===========================>..] - ETA: 0s - loss: 1.0876 - accuracy: 0.6207
98/98 [==============================] - ETA: 0s - loss: 1.0868 - accuracy: 0.6202
98/98 [==============================] - 2s 17ms/step - loss: 1.0868 - accuracy: 0.6202 - val_loss: 1.0834 - val_accuracy: 0.6246
Epoch 20/144

 1/98 [..............................] - ETA: 1s - loss: 1.0989 - accuracy: 0.6094
 6/98 [>.............................] - ETA: 1s - loss: 1.0720 - accuracy: 0.6315
11/98 [==>...........................] - ETA: 1s - loss: 1.0735 - accuracy: 0.6296
17/98 [====>.........................] - ETA: 0s - loss: 1.0612 - accuracy: 0.6307
22/98 [=====>........................] - ETA: 0s - loss: 1.0675 - accuracy: 0.6290
27/98 [=======>......................] - ETA: 0s - loss: 1.0616 - accuracy: 0.6301
33/98 [=========>....................] - ETA: 0s - loss: 1.0639 - accuracy: 0.6285
38/98 [==========>...................] - ETA: 0s - loss: 1.0645 - accuracy: 0.6274
44/98 [============>.................] - ETA: 0s - loss: 1.0708 - accuracy: 0.6250
50/98 [==============>...............] - ETA: 0s - loss: 1.0717 - accuracy: 0.6245
56/98 [================>.............] - ETA: 0s - loss: 1.0697 - accuracy: 0.6255
61/98 [=================>............] - ETA: 0s - loss: 1.0676 - accuracy: 0.6264
67/98 [===================>..........] - ETA: 0s - loss: 1.0687 - accuracy: 0.6272
73/98 [=====================>........] - ETA: 0s - loss: 1.0685 - accuracy: 0.6280
78/98 [======================>.......] - ETA: 0s - loss: 1.0693 - accuracy: 0.6279
83/98 [========================>.....] - ETA: 0s - loss: 1.0716 - accuracy: 0.6267
88/98 [=========================>....] - ETA: 0s - loss: 1.0723 - accuracy: 0.6263
93/98 [===========================>..] - ETA: 0s - loss: 1.0729 - accuracy: 0.6261
98/98 [==============================] - 2s 17ms/step - loss: 1.0756 - accuracy: 0.6248 - val_loss: 1.0809 - val_accuracy: 0.6228
Epoch 21/144

 1/98 [..............................] - ETA: 2s - loss: 1.0779 - accuracy: 0.6270
 7/98 [=>............................] - ETA: 0s - loss: 1.0711 - accuracy: 0.6261
12/98 [==>...........................] - ETA: 0s - loss: 1.0710 - accuracy: 0.6235
18/98 [====>.........................] - ETA: 0s - loss: 1.0662 - accuracy: 0.6259
24/98 [======>.......................] - ETA: 0s - loss: 1.0629 - accuracy: 0.6304
31/98 [========>.....................] - ETA: 0s - loss: 1.0582 - accuracy: 0.6315
36/98 [==========>...................] - ETA: 0s - loss: 1.0616 - accuracy: 0.6319
40/98 [===========>..................] - ETA: 0s - loss: 1.0598 - accuracy: 0.6323
46/98 [=============>................] - ETA: 0s - loss: 1.0608 - accuracy: 0.6317
51/98 [==============>...............] - ETA: 0s - loss: 1.0619 - accuracy: 0.6306
57/98 [================>.............] - ETA: 0s - loss: 1.0636 - accuracy: 0.6302
63/98 [==================>...........] - ETA: 0s - loss: 1.0664 - accuracy: 0.6292
69/98 [====================>.........] - ETA: 0s - loss: 1.0665 - accuracy: 0.6289
75/98 [=====================>........] - ETA: 0s - loss: 1.0681 - accuracy: 0.6282
81/98 [=======================>......] - ETA: 0s - loss: 1.0688 - accuracy: 0.6285
86/98 [=========================>....] - ETA: 0s - loss: 1.0692 - accuracy: 0.6278
92/98 [===========================>..] - ETA: 0s - loss: 1.0685 - accuracy: 0.6280
97/98 [============================>.] - ETA: 0s - loss: 1.0676 - accuracy: 0.6285
98/98 [==============================] - 2s 16ms/step - loss: 1.0670 - accuracy: 0.6287 - val_loss: 1.0707 - val_accuracy: 0.6313
Epoch 22/144

 1/98 [..............................] - ETA: 2s - loss: 1.1093 - accuracy: 0.5957
 6/98 [>.............................] - ETA: 1s - loss: 1.0464 - accuracy: 0.6377
12/98 [==>...........................] - ETA: 0s - loss: 1.0636 - accuracy: 0.6250
18/98 [====>.........................] - ETA: 0s - loss: 1.0527 - accuracy: 0.6349
23/98 [======>.......................] - ETA: 0s - loss: 1.0554 - accuracy: 0.6371
29/98 [=======>......................] - ETA: 0s - loss: 1.0563 - accuracy: 0.6350
34/98 [=========>....................] - ETA: 0s - loss: 1.0583 - accuracy: 0.6342
40/98 [===========>..................] - ETA: 0s - loss: 1.0535 - accuracy: 0.6357
45/98 [============>.................] - ETA: 0s - loss: 1.0540 - accuracy: 0.6355
51/98 [==============>...............] - ETA: 0s - loss: 1.0536 - accuracy: 0.6363
57/98 [================>.............] - ETA: 0s - loss: 1.0552 - accuracy: 0.6361
63/98 [==================>...........] - ETA: 0s - loss: 1.0562 - accuracy: 0.6353
69/98 [====================>.........] - ETA: 0s - loss: 1.0552 - accuracy: 0.6354
75/98 [=====================>........] - ETA: 0s - loss: 1.0538 - accuracy: 0.6352
82/98 [========================>.....] - ETA: 0s - loss: 1.0525 - accuracy: 0.6358
87/98 [=========================>....] - ETA: 0s - loss: 1.0532 - accuracy: 0.6352
93/98 [===========================>..] - ETA: 0s - loss: 1.0560 - accuracy: 0.6349
98/98 [==============================] - 2s 16ms/step - loss: 1.0577 - accuracy: 0.6341 - val_loss: 1.0666 - val_accuracy: 0.6340
Epoch 23/144

 1/98 [..............................] - ETA: 3s - loss: 1.0256 - accuracy: 0.6406
 6/98 [>.............................] - ETA: 1s - loss: 1.0558 - accuracy: 0.6377
12/98 [==>...........................] - ETA: 0s - loss: 1.0449 - accuracy: 0.6431
18/98 [====>.........................] - ETA: 0s - loss: 1.0434 - accuracy: 0.6429
24/98 [======>.......................] - ETA: 0s - loss: 1.0389 - accuracy: 0.6424
29/98 [=======>......................] - ETA: 0s - loss: 1.0405 - accuracy: 0.6414
35/98 [=========>....................] - ETA: 0s - loss: 1.0443 - accuracy: 0.6392
40/98 [===========>..................] - ETA: 0s - loss: 1.0446 - accuracy: 0.6389
46/98 [=============>................] - ETA: 0s - loss: 1.0438 - accuracy: 0.6394
51/98 [==============>...............] - ETA: 0s - loss: 1.0456 - accuracy: 0.6383
