2024-06-26 12:49:38.346315: I tensorflow/core/platform/cpu_feature_guard.cc:193] This TensorFlow binary is optimized with oneAPI Deep Neural Network Library (oneDNN) to use the following CPU instructions in performance-critical operations:  AVX AVX2
To enable them in other operations, rebuild TensorFlow with the appropriate compiler flags.
2024-06-26 12:49:38.934044: I tensorflow/core/common_runtime/gpu/gpu_device.cc:1616] Created device /job:localhost/replica:0/task:0/device:GPU:0 with 6656 MB memory:  -> device: 0, name: NVIDIA GeForce RTX 4060 Ti, pci bus id: 0000:01:00.0, compute capability: 8.9
1 Physical GPUs, 1 Logical GPUs
Model: "sequential"
_________________________________________________________________
 Layer (type)                Output Shape              Param #   
=================================================================
 conv2d (Conv2D)             (None, 32, 32, 32)        896       
                                                                 
 max_pooling2d (MaxPooling2D  (None, 16, 16, 32)       0         
 )                                                               
                                                                 
 batch_normalization (BatchN  (None, 16, 16, 32)       128       
 ormalization)                                                   
                                                                 
 dropout (Dropout)           (None, 16, 16, 32)        0         
                                                                 
 flatten (Flatten)           (None, 8192)              0         
                                                                 
 dense (Dense)               (None, 10)                81930     
                                                                 
=================================================================
Total params: 82,954
Trainable params: 82,890
Non-trainable params: 64
_________________________________________________________________
Taxa de aprendizado:  0.0001 Num de épocas:  144 Tamanho do lote:  512 Dropout:  0.46313
Epoch 1/144
2024-06-26 12:49:40.308578: I tensorflow/stream_executor/cuda/cuda_dnn.cc:384] Loaded cuDNN version 8100
2024-06-26 12:49:41.178176: W tensorflow/stream_executor/gpu/redzone_allocator.cc:314] INTERNAL: ptxas exited with non-zero error code -1, output: 
Relying on driver to perform ptx compilation. 
Modify $PATH to customize ptxas location.
This message will be only logged once.
2024-06-26 12:49:41.943130: I tensorflow/stream_executor/cuda/cuda_blas.cc:1614] TensorFloat-32 will be used for the matrix multiplication. This will only be logged once.

 1/98 [..............................] - ETA: 4:42 - loss: 2.9343 - accuracy: 0.0898
 7/98 [=>............................] - ETA: 0s - loss: 2.8072 - accuracy: 0.1161  
12/98 [==>...........................] - ETA: 0s - loss: 2.6972 - accuracy: 0.1343
18/98 [====>.........................] - ETA: 0s - loss: 2.6032 - accuracy: 0.1508
24/98 [======>.......................] - ETA: 0s - loss: 2.5352 - accuracy: 0.1672
30/98 [========>.....................] - ETA: 0s - loss: 2.4777 - accuracy: 0.1796
36/98 [==========>...................] - ETA: 0s - loss: 2.4378 - accuracy: 0.1905
42/98 [===========>..................] - ETA: 0s - loss: 2.3996 - accuracy: 0.2010
48/98 [=============>................] - ETA: 0s - loss: 2.3660 - accuracy: 0.2091
53/98 [===============>..............] - ETA: 0s - loss: 2.3448 - accuracy: 0.2150
59/98 [=================>............] - ETA: 0s - loss: 2.3138 - accuracy: 0.2242
64/98 [==================>...........] - ETA: 0s - loss: 2.2959 - accuracy: 0.2290
69/98 [====================>.........] - ETA: 0s - loss: 2.2759 - accuracy: 0.2342
75/98 [=====================>........] - ETA: 0s - loss: 2.2520 - accuracy: 0.2408
80/98 [=======================>......] - ETA: 0s - loss: 2.2364 - accuracy: 0.2453
86/98 [=========================>....] - ETA: 0s - loss: 2.2172 - accuracy: 0.2512
92/98 [===========================>..] - ETA: 0s - loss: 2.1978 - accuracy: 0.2569
98/98 [==============================] - ETA: 0s - loss: 2.1805 - accuracy: 0.2615
98/98 [==============================] - 5s 21ms/step - loss: 2.1805 - accuracy: 0.2615 - val_loss: 2.1449 - val_accuracy: 0.2624
Epoch 2/144

 1/98 [..............................] - ETA: 3s - loss: 1.7862 - accuracy: 0.3809
 7/98 [=>............................] - ETA: 0s - loss: 1.8793 - accuracy: 0.3412
12/98 [==>...........................] - ETA: 0s - loss: 1.8672 - accuracy: 0.3439
18/98 [====>.........................] - ETA: 0s - loss: 1.8586 - accuracy: 0.3469
23/98 [======>.......................] - ETA: 0s - loss: 1.8524 - accuracy: 0.3514
29/98 [=======>......................] - ETA: 0s - loss: 1.8491 - accuracy: 0.3530
34/98 [=========>....................] - ETA: 0s - loss: 1.8426 - accuracy: 0.3544
40/98 [===========>..................] - ETA: 0s - loss: 1.8385 - accuracy: 0.3587
46/98 [=============>................] - ETA: 0s - loss: 1.8312 - accuracy: 0.3604
52/98 [==============>...............] - ETA: 0s - loss: 1.8258 - accuracy: 0.3622
58/98 [================>.............] - ETA: 0s - loss: 1.8175 - accuracy: 0.3650
64/98 [==================>...........] - ETA: 0s - loss: 1.8098 - accuracy: 0.3675
70/98 [====================>.........] - ETA: 0s - loss: 1.8045 - accuracy: 0.3689
76/98 [======================>.......] - ETA: 0s - loss: 1.8018 - accuracy: 0.3697
82/98 [========================>.....] - ETA: 0s - loss: 1.7941 - accuracy: 0.3717
87/98 [=========================>....] - ETA: 0s - loss: 1.7896 - accuracy: 0.3737
93/98 [===========================>..] - ETA: 0s - loss: 1.7844 - accuracy: 0.3756
97/98 [============================>.] - ETA: 0s - loss: 1.7779 - accuracy: 0.3775
98/98 [==============================] - 2s 17ms/step - loss: 1.7758 - accuracy: 0.3780 - val_loss: 2.0171 - val_accuracy: 0.3889
Epoch 3/144

 1/98 [..............................] - ETA: 4s - loss: 1.7357 - accuracy: 0.3965
 6/98 [>.............................] - ETA: 1s - loss: 1.6715 - accuracy: 0.4092
12/98 [==>...........................] - ETA: 0s - loss: 1.6783 - accuracy: 0.4067
17/98 [====>.........................] - ETA: 0s - loss: 1.6854 - accuracy: 0.4088
23/98 [======>.......................] - ETA: 0s - loss: 1.6795 - accuracy: 0.4098
27/98 [=======>......................] - ETA: 0s - loss: 1.6700 - accuracy: 0.4140
33/98 [=========>....................] - ETA: 0s - loss: 1.6682 - accuracy: 0.4154
39/98 [==========>...................] - ETA: 0s - loss: 1.6640 - accuracy: 0.4162
45/98 [============>.................] - ETA: 0s - loss: 1.6588 - accuracy: 0.4183
49/98 [==============>...............] - ETA: 0s - loss: 1.6555 - accuracy: 0.4190
54/98 [===============>..............] - ETA: 0s - loss: 1.6504 - accuracy: 0.4210
60/98 [=================>............] - ETA: 0s - loss: 1.6456 - accuracy: 0.4216
66/98 [===================>..........] - ETA: 0s - loss: 1.6433 - accuracy: 0.4224
72/98 [=====================>........] - ETA: 0s - loss: 1.6389 - accuracy: 0.4237
78/98 [======================>.......] - ETA: 0s - loss: 1.6353 - accuracy: 0.4247
82/98 [========================>.....] - ETA: 0s - loss: 1.6315 - accuracy: 0.4257
88/98 [=========================>....] - ETA: 0s - loss: 1.6299 - accuracy: 0.4264
93/98 [===========================>..] - ETA: 0s - loss: 1.6248 - accuracy: 0.4282
98/98 [==============================] - 2s 17ms/step - loss: 1.6216 - accuracy: 0.4291 - val_loss: 1.8656 - val_accuracy: 0.4405
Epoch 4/144

 1/98 [..............................] - ETA: 3s - loss: 1.5366 - accuracy: 0.4688
 6/98 [>.............................] - ETA: 1s - loss: 1.5315 - accuracy: 0.4515
10/98 [==>...........................] - ETA: 1s - loss: 1.5361 - accuracy: 0.4492
16/98 [===>..........................] - ETA: 0s - loss: 1.5471 - accuracy: 0.4511
21/98 [=====>........................] - ETA: 0s - loss: 1.5412 - accuracy: 0.4545
27/98 [=======>......................] - ETA: 0s - loss: 1.5328 - accuracy: 0.4572
33/98 [=========>....................] - ETA: 0s - loss: 1.5402 - accuracy: 0.4566
39/98 [==========>...................] - ETA: 0s - loss: 1.5365 - accuracy: 0.4578
45/98 [============>.................] - ETA: 0s - loss: 1.5396 - accuracy: 0.4570
51/98 [==============>...............] - ETA: 0s - loss: 1.5357 - accuracy: 0.4594
57/98 [================>.............] - ETA: 0s - loss: 1.5336 - accuracy: 0.4606
63/98 [==================>...........] - ETA: 0s - loss: 1.5331 - accuracy: 0.4614
68/98 [===================>..........] - ETA: 0s - loss: 1.5298 - accuracy: 0.4611
73/98 [=====================>........] - ETA: 0s - loss: 1.5293 - accuracy: 0.4609
78/98 [======================>.......] - ETA: 0s - loss: 1.5296 - accuracy: 0.4609
84/98 [========================>.....] - ETA: 0s - loss: 1.5257 - accuracy: 0.4627
90/98 [==========================>...] - ETA: 0s - loss: 1.5232 - accuracy: 0.4636
95/98 [============================>.] - ETA: 0s - loss: 1.5199 - accuracy: 0.4641
98/98 [==============================] - 2s 16ms/step - loss: 1.5179 - accuracy: 0.4655 - val_loss: 1.6838 - val_accuracy: 0.4829
Epoch 5/144

 1/98 [..............................] - ETA: 1s - loss: 1.3990 - accuracy: 0.4902
 6/98 [>.............................] - ETA: 1s - loss: 1.4823 - accuracy: 0.4831
11/98 [==>...........................] - ETA: 1s - loss: 1.4728 - accuracy: 0.4831
16/98 [===>..........................] - ETA: 0s - loss: 1.4751 - accuracy: 0.4830
22/98 [=====>........................] - ETA: 0s - loss: 1.4764 - accuracy: 0.4843
28/98 [=======>......................] - ETA: 0s - loss: 1.4725 - accuracy: 0.4879
34/98 [=========>....................] - ETA: 0s - loss: 1.4708 - accuracy: 0.4871
39/98 [==========>...................] - ETA: 0s - loss: 1.4646 - accuracy: 0.4881
45/98 [============>.................] - ETA: 0s - loss: 1.4590 - accuracy: 0.4895
51/98 [==============>...............] - ETA: 0s - loss: 1.4551 - accuracy: 0.4912
57/98 [================>.............] - ETA: 0s - loss: 1.4559 - accuracy: 0.4901
63/98 [==================>...........] - ETA: 0s - loss: 1.4548 - accuracy: 0.4902
68/98 [===================>..........] - ETA: 0s - loss: 1.4504 - accuracy: 0.4918
74/98 [=====================>........] - ETA: 0s - loss: 1.4475 - accuracy: 0.4928
79/98 [=======================>......] - ETA: 0s - loss: 1.4464 - accuracy: 0.4939
84/98 [========================>.....] - ETA: 0s - loss: 1.4419 - accuracy: 0.4957
89/98 [==========================>...] - ETA: 0s - loss: 1.4401 - accuracy: 0.4960
95/98 [============================>.] - ETA: 0s - loss: 1.4378 - accuracy: 0.4969
98/98 [==============================] - 2s 17ms/step - loss: 1.4366 - accuracy: 0.4976 - val_loss: 1.5073 - val_accuracy: 0.5165
Epoch 6/144

 1/98 [..............................] - ETA: 3s - loss: 1.3445 - accuracy: 0.5273
 5/98 [>.............................] - ETA: 1s - loss: 1.3873 - accuracy: 0.5203
10/98 [==>...........................] - ETA: 1s - loss: 1.3886 - accuracy: 0.5096
16/98 [===>..........................] - ETA: 0s - loss: 1.3977 - accuracy: 0.5054
21/98 [=====>........................] - ETA: 0s - loss: 1.4009 - accuracy: 0.5032
27/98 [=======>......................] - ETA: 0s - loss: 1.3946 - accuracy: 0.5039
32/98 [========>.....................] - ETA: 0s - loss: 1.3898 - accuracy: 0.5060
38/98 [==========>...................] - ETA: 0s - loss: 1.3873 - accuracy: 0.5071
44/98 [============>.................] - ETA: 0s - loss: 1.3877 - accuracy: 0.5082
49/98 [==============>...............] - ETA: 0s - loss: 1.3855 - accuracy: 0.5102
54/98 [===============>..............] - ETA: 0s - loss: 1.3856 - accuracy: 0.5108
60/98 [=================>............] - ETA: 0s - loss: 1.3841 - accuracy: 0.5110
65/98 [==================>...........] - ETA: 0s - loss: 1.3871 - accuracy: 0.5104
71/98 [====================>.........] - ETA: 0s - loss: 1.3883 - accuracy: 0.5109
76/98 [======================>.......] - ETA: 0s - loss: 1.3887 - accuracy: 0.5104
81/98 [=======================>......] - ETA: 0s - loss: 1.3891 - accuracy: 0.5109
86/98 [=========================>....] - ETA: 0s - loss: 1.3878 - accuracy: 0.5116
92/98 [===========================>..] - ETA: 0s - loss: 1.3851 - accuracy: 0.5121
98/98 [==============================] - ETA: 0s - loss: 1.3855 - accuracy: 0.5128
98/98 [==============================] - 2s 17ms/step - loss: 1.3855 - accuracy: 0.5128 - val_loss: 1.3573 - val_accuracy: 0.5498
Epoch 7/144

 1/98 [..............................] - ETA: 3s - loss: 1.2801 - accuracy: 0.5449
 6/98 [>.............................] - ETA: 1s - loss: 1.3403 - accuracy: 0.5293
11/98 [==>...........................] - ETA: 1s - loss: 1.3523 - accuracy: 0.5236
17/98 [====>.........................] - ETA: 0s - loss: 1.3396 - accuracy: 0.5257
22/98 [=====>........................] - ETA: 0s - loss: 1.3506 - accuracy: 0.5225
28/98 [=======>......................] - ETA: 0s - loss: 1.3488 - accuracy: 0.5229
34/98 [=========>....................] - ETA: 0s - loss: 1.3382 - accuracy: 0.5284
40/98 [===========>..................] - ETA: 0s - loss: 1.3447 - accuracy: 0.5256
46/98 [=============>................] - ETA: 0s - loss: 1.3467 - accuracy: 0.5257
52/98 [==============>...............] - ETA: 0s - loss: 1.3436 - accuracy: 0.5253
57/98 [================>.............] - ETA: 0s - loss: 1.3424 - accuracy: 0.5258
63/98 [==================>...........] - ETA: 0s - loss: 1.3418 - accuracy: 0.5268
69/98 [====================>.........] - ETA: 0s - loss: 1.3419 - accuracy: 0.5265
74/98 [=====================>........] - ETA: 0s - loss: 1.3405 - accuracy: 0.5272
80/98 [=======================>......] - ETA: 0s - loss: 1.3397 - accuracy: 0.5272
85/98 [=========================>....] - ETA: 0s - loss: 1.3390 - accuracy: 0.5280
91/98 [==========================>...] - ETA: 0s - loss: 1.3389 - accuracy: 0.5277
97/98 [============================>.] - ETA: 0s - loss: 1.3371 - accuracy: 0.5284
98/98 [==============================] - 2s 16ms/step - loss: 1.3367 - accuracy: 0.5284 - val_loss: 1.2729 - val_accuracy: 0.5611
Epoch 8/144

 1/98 [..............................] - ETA: 3s - loss: 1.3602 - accuracy: 0.5117
 7/98 [=>............................] - ETA: 0s - loss: 1.3011 - accuracy: 0.5460
13/98 [==>...........................] - ETA: 0s - loss: 1.3146 - accuracy: 0.5359
19/98 [====>.........................] - ETA: 0s - loss: 1.3099 - accuracy: 0.5363
25/98 [======>.......................] - ETA: 0s - loss: 1.3098 - accuracy: 0.5368
31/98 [========>.....................] - ETA: 0s - loss: 1.3107 - accuracy: 0.5399
36/98 [==========>...................] - ETA: 0s - loss: 1.3114 - accuracy: 0.5370
42/98 [===========>..................] - ETA: 0s - loss: 1.3142 - accuracy: 0.5369
47/98 [=============>................] - ETA: 0s - loss: 1.3140 - accuracy: 0.5370
53/98 [===============>..............] - ETA: 0s - loss: 1.3095 - accuracy: 0.5382
59/98 [=================>............] - ETA: 0s - loss: 1.3076 - accuracy: 0.5398
64/98 [==================>...........] - ETA: 0s - loss: 1.3090 - accuracy: 0.5400
70/98 [====================>.........] - ETA: 0s - loss: 1.3054 - accuracy: 0.5405
76/98 [======================>.......] - ETA: 0s - loss: 1.3019 - accuracy: 0.5414
82/98 [========================>.....] - ETA: 0s - loss: 1.3008 - accuracy: 0.5424
88/98 [=========================>....] - ETA: 0s - loss: 1.2997 - accuracy: 0.5429
94/98 [===========================>..] - ETA: 0s - loss: 1.2989 - accuracy: 0.5434
98/98 [==============================] - 2s 16ms/step - loss: 1.2972 - accuracy: 0.5439 - val_loss: 1.2232 - val_accuracy: 0.5733
Epoch 9/144

 1/98 [..............................] - ETA: 2s - loss: 1.2264 - accuracy: 0.5742
 7/98 [=>............................] - ETA: 0s - loss: 1.2486 - accuracy: 0.5704
12/98 [==>...........................] - ETA: 0s - loss: 1.2584 - accuracy: 0.5612
17/98 [====>.........................] - ETA: 0s - loss: 1.2700 - accuracy: 0.5538
22/98 [=====>........................] - ETA: 0s - loss: 1.2660 - accuracy: 0.5543
28/98 [=======>......................] - ETA: 0s - loss: 1.2621 - accuracy: 0.5571
33/98 [=========>....................] - ETA: 0s - loss: 1.2575 - accuracy: 0.5597
39/98 [==========>...................] - ETA: 0s - loss: 1.2562 - accuracy: 0.5606
45/98 [============>.................] - ETA: 0s - loss: 1.2565 - accuracy: 0.5587
51/98 [==============>...............] - ETA: 0s - loss: 1.2587 - accuracy: 0.5568
56/98 [================>.............] - ETA: 0s - loss: 1.2601 - accuracy: 0.5557
61/98 [=================>............] - ETA: 0s - loss: 1.2638 - accuracy: 0.5535
67/98 [===================>..........] - ETA: 0s - loss: 1.2634 - accuracy: 0.5540
73/98 [=====================>........] - ETA: 0s - loss: 1.2626 - accuracy: 0.5542
78/98 [======================>.......] - ETA: 0s - loss: 1.2601 - accuracy: 0.5552
84/98 [========================>.....] - ETA: 0s - loss: 1.2606 - accuracy: 0.5553
89/98 [==========================>...] - ETA: 0s - loss: 1.2603 - accuracy: 0.5558
95/98 [============================>.] - ETA: 0s - loss: 1.2595 - accuracy: 0.5560
98/98 [==============================] - 2s 17ms/step - loss: 1.2596 - accuracy: 0.5560 - val_loss: 1.1940 - val_accuracy: 0.5820
Epoch 10/144

 1/98 [..............................] - ETA: 1s - loss: 1.1137 - accuracy: 0.6133
 6/98 [>.............................] - ETA: 1s - loss: 1.2372 - accuracy: 0.5742
12/98 [==>...........................] - ETA: 0s - loss: 1.2357 - accuracy: 0.5708
17/98 [====>.........................] - ETA: 0s - loss: 1.2285 - accuracy: 0.5700
22/98 [=====>........................] - ETA: 0s - loss: 1.2323 - accuracy: 0.5672
27/98 [=======>......................] - ETA: 0s - loss: 1.2352 - accuracy: 0.5662
33/98 [=========>....................] - ETA: 0s - loss: 1.2356 - accuracy: 0.5658
39/98 [==========>...................] - ETA: 0s - loss: 1.2325 - accuracy: 0.5679
45/98 [============>.................] - ETA: 0s - loss: 1.2338 - accuracy: 0.5675
51/98 [==============>...............] - ETA: 0s - loss: 1.2375 - accuracy: 0.5672
56/98 [================>.............] - ETA: 0s - loss: 1.2383 - accuracy: 0.5671
62/98 [=================>............] - ETA: 0s - loss: 1.2361 - accuracy: 0.5682
68/98 [===================>..........] - ETA: 0s - loss: 1.2385 - accuracy: 0.5673
74/98 [=====================>........] - ETA: 0s - loss: 1.2367 - accuracy: 0.5679
80/98 [=======================>......] - ETA: 0s - loss: 1.2357 - accuracy: 0.5676
85/98 [=========================>....] - ETA: 0s - loss: 1.2363 - accuracy: 0.5676
91/98 [==========================>...] - ETA: 0s - loss: 1.2348 - accuracy: 0.5675
96/98 [============================>.] - ETA: 0s - loss: 1.2334 - accuracy: 0.5683
98/98 [==============================] - 2s 17ms/step - loss: 1.2341 - accuracy: 0.5680 - val_loss: 1.1803 - val_accuracy: 0.5845
Epoch 11/144

 1/98 [..............................] - ETA: 4s - loss: 1.1824 - accuracy: 0.5938
 7/98 [=>............................] - ETA: 0s - loss: 1.1936 - accuracy: 0.5843
13/98 [==>...........................] - ETA: 0s - loss: 1.1908 - accuracy: 0.5871
19/98 [====>.........................] - ETA: 0s - loss: 1.1876 - accuracy: 0.5863
24/98 [======>.......................] - ETA: 0s - loss: 1.1936 - accuracy: 0.5838
30/98 [========>.....................] - ETA: 0s - loss: 1.1955 - accuracy: 0.5819
36/98 [==========>...................] - ETA: 0s - loss: 1.1990 - accuracy: 0.5807
43/98 [============>.................] - ETA: 0s - loss: 1.1972 - accuracy: 0.5804
49/98 [==============>...............] - ETA: 0s - loss: 1.1958 - accuracy: 0.5806
55/98 [===============>..............] - ETA: 0s - loss: 1.1990 - accuracy: 0.5795
60/98 [=================>............] - ETA: 0s - loss: 1.1986 - accuracy: 0.5794
66/98 [===================>..........] - ETA: 0s - loss: 1.1986 - accuracy: 0.5802
72/98 [=====================>........] - ETA: 0s - loss: 1.2015 - accuracy: 0.5794
78/98 [======================>.......] - ETA: 0s - loss: 1.2022 - accuracy: 0.5787
83/98 [========================>.....] - ETA: 0s - loss: 1.2022 - accuracy: 0.5787
89/98 [==========================>...] - ETA: 0s - loss: 1.2039 - accuracy: 0.5777
94/98 [===========================>..] - ETA: 0s - loss: 1.2029 - accuracy: 0.5778
98/98 [==============================] - 2s 16ms/step - loss: 1.2032 - accuracy: 0.5775 - val_loss: 1.1626 - val_accuracy: 0.5938
Epoch 12/144

 1/98 [..............................] - ETA: 1s - loss: 1.2290 - accuracy: 0.5918
 6/98 [>.............................] - ETA: 1s - loss: 1.2269 - accuracy: 0.5771
12/98 [==>...........................] - ETA: 0s - loss: 1.2070 - accuracy: 0.5848
16/98 [===>..........................] - ETA: 1s - loss: 1.1948 - accuracy: 0.5890
22/98 [=====>........................] - ETA: 0s - loss: 1.1877 - accuracy: 0.5906
27/98 [=======>......................] - ETA: 0s - loss: 1.1886 - accuracy: 0.5879
32/98 [========>.....................] - ETA: 0s - loss: 1.1918 - accuracy: 0.5856
38/98 [==========>...................] - ETA: 0s - loss: 1.1911 - accuracy: 0.5854
45/98 [============>.................] - ETA: 0s - loss: 1.1933 - accuracy: 0.5862
50/98 [==============>...............] - ETA: 0s - loss: 1.1915 - accuracy: 0.5859
56/98 [================>.............] - ETA: 0s - loss: 1.1904 - accuracy: 0.5854
62/98 [=================>............] - ETA: 0s - loss: 1.1913 - accuracy: 0.5837
67/98 [===================>..........] - ETA: 0s - loss: 1.1910 - accuracy: 0.5835
73/98 [=====================>........] - ETA: 0s - loss: 1.1872 - accuracy: 0.5853
79/98 [=======================>......] - ETA: 0s - loss: 1.1860 - accuracy: 0.5856
85/98 [=========================>....] - ETA: 0s - loss: 1.1871 - accuracy: 0.5858
91/98 [==========================>...] - ETA: 0s - loss: 1.1868 - accuracy: 0.5856
96/98 [============================>.] - ETA: 0s - loss: 1.1847 - accuracy: 0.5866
98/98 [==============================] - 2s 16ms/step - loss: 1.1844 - accuracy: 0.5868 - val_loss: 1.1444 - val_accuracy: 0.5992
Epoch 13/144

 1/98 [..............................] - ETA: 4s - loss: 1.2088 - accuracy: 0.5801
 7/98 [=>............................] - ETA: 0s - loss: 1.1368 - accuracy: 0.6055
13/98 [==>...........................] - ETA: 0s - loss: 1.1417 - accuracy: 0.6007
19/98 [====>.........................] - ETA: 0s - loss: 1.1566 - accuracy: 0.5981
25/98 [======>.......................] - ETA: 0s - loss: 1.1616 - accuracy: 0.5979
31/98 [========>.....................] - ETA: 0s - loss: 1.1649 - accuracy: 0.5977
36/98 [==========>...................] - ETA: 0s - loss: 1.1589 - accuracy: 0.6000
42/98 [===========>..................] - ETA: 0s - loss: 1.1607 - accuracy: 0.5987
48/98 [=============>................] - ETA: 0s - loss: 1.1609 - accuracy: 0.5979
54/98 [===============>..............] - ETA: 0s - loss: 1.1620 - accuracy: 0.5968
60/98 [=================>............] - ETA: 0s - loss: 1.1595 - accuracy: 0.5980
65/98 [==================>...........] - ETA: 0s - loss: 1.1614 - accuracy: 0.5971
70/98 [====================>.........] - ETA: 0s - loss: 1.1611 - accuracy: 0.5970
75/98 [=====================>........] - ETA: 0s - loss: 1.1608 - accuracy: 0.5968
81/98 [=======================>......] - ETA: 0s - loss: 1.1599 - accuracy: 0.5963
87/98 [=========================>....] - ETA: 0s - loss: 1.1587 - accuracy: 0.5965
92/98 [===========================>..] - ETA: 0s - loss: 1.1585 - accuracy: 0.5969
97/98 [============================>.] - ETA: 0s - loss: 1.1596 - accuracy: 0.5965
98/98 [==============================] - 2s 16ms/step - loss: 1.1596 - accuracy: 0.5964 - val_loss: 1.1319 - val_accuracy: 0.6041
Epoch 14/144

 1/98 [..............................] - ETA: 2s - loss: 1.2329 - accuracy: 0.5781
 7/98 [=>............................] - ETA: 0s - loss: 1.1590 - accuracy: 0.5904
12/98 [==>...........................] - ETA: 0s - loss: 1.1501 - accuracy: 0.5988
18/98 [====>.........................] - ETA: 0s - loss: 1.1519 - accuracy: 0.5967
24/98 [======>.......................] - ETA: 0s - loss: 1.1449 - accuracy: 0.5987
30/98 [========>.....................] - ETA: 0s - loss: 1.1390 - accuracy: 0.6005
36/98 [==========>...................] - ETA: 0s - loss: 1.1394 - accuracy: 0.6009
42/98 [===========>..................] - ETA: 0s - loss: 1.1374 - accuracy: 0.6011
48/98 [=============>................] - ETA: 0s - loss: 1.1383 - accuracy: 0.6005
54/98 [===============>..............] - ETA: 0s - loss: 1.1367 - accuracy: 0.6033
59/98 [=================>............] - ETA: 0s - loss: 1.1417 - accuracy: 0.6021
66/98 [===================>..........] - ETA: 0s - loss: 1.1433 - accuracy: 0.6019
71/98 [====================>.........] - ETA: 0s - loss: 1.1409 - accuracy: 0.6033
76/98 [======================>.......] - ETA: 0s - loss: 1.1433 - accuracy: 0.6026
82/98 [========================>.....] - ETA: 0s - loss: 1.1417 - accuracy: 0.6026
87/98 [=========================>....] - ETA: 0s - loss: 1.1414 - accuracy: 0.6020
93/98 [===========================>..] - ETA: 0s - loss: 1.1409 - accuracy: 0.6018
98/98 [==============================] - 2s 16ms/step - loss: 1.1404 - accuracy: 0.6013 - val_loss: 1.1248 - val_accuracy: 0.6023
Epoch 15/144

 1/98 [..............................] - ETA: 3s - loss: 1.1144 - accuracy: 0.5957
 5/98 [>.............................] - ETA: 1s - loss: 1.1126 - accuracy: 0.6078
10/98 [==>...........................] - ETA: 1s - loss: 1.1330 - accuracy: 0.6084
16/98 [===>..........................] - ETA: 0s - loss: 1.1452 - accuracy: 0.6030
21/98 [=====>........................] - ETA: 0s - loss: 1.1453 - accuracy: 0.6037
27/98 [=======>......................] - ETA: 0s - loss: 1.1381 - accuracy: 0.6032
33/98 [=========>....................] - ETA: 0s - loss: 1.1302 - accuracy: 0.6060
39/98 [==========>...................] - ETA: 0s - loss: 1.1339 - accuracy: 0.6052
43/98 [============>.................] - ETA: 0s - loss: 1.1311 - accuracy: 0.6057
49/98 [==============>...............] - ETA: 0s - loss: 1.1311 - accuracy: 0.6057
54/98 [===============>..............] - ETA: 0s - loss: 1.1304 - accuracy: 0.6067
60/98 [=================>............] - ETA: 0s - loss: 1.1283 - accuracy: 0.6069
66/98 [===================>..........] - ETA: 0s - loss: 1.1288 - accuracy: 0.6071
71/98 [====================>.........] - ETA: 0s - loss: 1.1297 - accuracy: 0.6065
77/98 [======================>.......] - ETA: 0s - loss: 1.1265 - accuracy: 0.6068
83/98 [========================>.....] - ETA: 0s - loss: 1.1257 - accuracy: 0.6072
88/98 [=========================>....] - ETA: 0s - loss: 1.1248 - accuracy: 0.6074
93/98 [===========================>..] - ETA: 0s - loss: 1.1229 - accuracy: 0.6086
98/98 [==============================] - 2s 17ms/step - loss: 1.1242 - accuracy: 0.6080 - val_loss: 1.1147 - val_accuracy: 0.6108
Epoch 16/144

 1/98 [..............................] - ETA: 3s - loss: 1.1107 - accuracy: 0.6250
 6/98 [>.............................] - ETA: 1s - loss: 1.0930 - accuracy: 0.6149
12/98 [==>...........................] - ETA: 0s - loss: 1.1099 - accuracy: 0.6068
18/98 [====>.........................] - ETA: 1s - loss: 1.1056 - accuracy: 0.6094
23/98 [======>.......................] - ETA: 1s - loss: 1.0993 - accuracy: 0.6117
29/98 [=======>......................] - ETA: 0s - loss: 1.1088 - accuracy: 0.6103
34/98 [=========>....................] - ETA: 0s - loss: 1.1112 - accuracy: 0.6116
40/98 [===========>..................] - ETA: 0s - loss: 1.1064 - accuracy: 0.6144
46/98 [=============>................] - ETA: 0s - loss: 1.1123 - accuracy: 0.6121
52/98 [==============>...............] - ETA: 0s - loss: 1.1099 - accuracy: 0.6119
58/98 [================>.............] - ETA: 0s - loss: 1.1082 - accuracy: 0.6120
63/98 [==================>...........] - ETA: 0s - loss: 1.1089 - accuracy: 0.6118
68/98 [===================>..........] - ETA: 0s - loss: 1.1121 - accuracy: 0.6098
74/98 [=====================>........] - ETA: 0s - loss: 1.1112 - accuracy: 0.6099
79/98 [=======================>......] - ETA: 0s - loss: 1.1121 - accuracy: 0.6093
85/98 [=========================>....] - ETA: 0s - loss: 1.1111 - accuracy: 0.6102
91/98 [==========================>...] - ETA: 0s - loss: 1.1113 - accuracy: 0.6104
96/98 [============================>.] - ETA: 0s - loss: 1.1102 - accuracy: 0.6110
98/98 [==============================] - 2s 17ms/step - loss: 1.1106 - accuracy: 0.6111 - val_loss: 1.1002 - val_accuracy: 0.6169
Epoch 17/144

 1/98 [..............................] - ETA: 1s - loss: 1.0888 - accuracy: 0.6211
 6/98 [>.............................] - ETA: 1s - loss: 1.0917 - accuracy: 0.6172
12/98 [==>...........................] - ETA: 0s - loss: 1.1018 - accuracy: 0.6149
18/98 [====>.........................] - ETA: 0s - loss: 1.1074 - accuracy: 0.6132
24/98 [======>.......................] - ETA: 0s - loss: 1.1069 - accuracy: 0.6119
29/98 [=======>......................] - ETA: 0s - loss: 1.1034 - accuracy: 0.6142
35/98 [=========>....................] - ETA: 0s - loss: 1.0989 - accuracy: 0.6142
41/98 [===========>..................] - ETA: 0s - loss: 1.0922 - accuracy: 0.6167
46/98 [=============>................] - ETA: 0s - loss: 1.0927 - accuracy: 0.6156
52/98 [==============>...............] - ETA: 0s - loss: 1.0956 - accuracy: 0.6156
58/98 [================>.............] - ETA: 0s - loss: 1.0935 - accuracy: 0.6165
64/98 [==================>...........] - ETA: 0s - loss: 1.0928 - accuracy: 0.6185
70/98 [====================>.........] - ETA: 0s - loss: 1.0918 - accuracy: 0.6180
76/98 [======================>.......] - ETA: 0s - loss: 1.0929 - accuracy: 0.6183
82/98 [========================>.....] - ETA: 0s - loss: 1.0957 - accuracy: 0.6172
88/98 [=========================>....] - ETA: 0s - loss: 1.0957 - accuracy: 0.6172
93/98 [===========================>..] - ETA: 0s - loss: 1.0937 - accuracy: 0.6177
98/98 [==============================] - 2s 16ms/step - loss: 1.0938 - accuracy: 0.6176 - val_loss: 1.0980 - val_accuracy: 0.6182
Epoch 18/144

 1/98 [..............................] - ETA: 2s - loss: 1.0483 - accuracy: 0.6289
 6/98 [>.............................] - ETA: 1s - loss: 1.0939 - accuracy: 0.6230
11/98 [==>...........................] - ETA: 1s - loss: 1.0855 - accuracy: 0.6225
17/98 [====>.........................] - ETA: 0s - loss: 1.0801 - accuracy: 0.6255
23/98 [======>.......................] - ETA: 0s - loss: 1.0771 - accuracy: 0.6242
28/98 [=======>......................] - ETA: 0s - loss: 1.0807 - accuracy: 0.6230
34/98 [=========>....................] - ETA: 0s - loss: 1.0804 - accuracy: 0.6228
40/98 [===========>..................] - ETA: 0s - loss: 1.0786 - accuracy: 0.6234
45/98 [============>.................] - ETA: 0s - loss: 1.0756 - accuracy: 0.6252
51/98 [==============>...............] - ETA: 0s - loss: 1.0766 - accuracy: 0.6253
56/98 [================>.............] - ETA: 0s - loss: 1.0790 - accuracy: 0.6241
63/98 [==================>...........] - ETA: 0s - loss: 1.0825 - accuracy: 0.6230
68/98 [===================>..........] - ETA: 0s - loss: 1.0833 - accuracy: 0.6231
74/98 [=====================>........] - ETA: 0s - loss: 1.0842 - accuracy: 0.6237
79/98 [=======================>......] - ETA: 0s - loss: 1.0820 - accuracy: 0.6235
85/98 [=========================>....] - ETA: 0s - loss: 1.0820 - accuracy: 0.6236
90/98 [==========================>...] - ETA: 0s - loss: 1.0820 - accuracy: 0.6237
96/98 [============================>.] - ETA: 0s - loss: 1.0824 - accuracy: 0.6232
98/98 [==============================] - 2s 17ms/step - loss: 1.0828 - accuracy: 0.6231 - val_loss: 1.0943 - val_accuracy: 0.6180
Epoch 19/144

 1/98 [..............................] - ETA: 2s - loss: 0.9603 - accuracy: 0.6582
 6/98 [>.............................] - ETA: 1s - loss: 1.0349 - accuracy: 0.6510
12/98 [==>...........................] - ETA: 0s - loss: 1.0633 - accuracy: 0.6364
18/98 [====>.........................] - ETA: 0s - loss: 1.0583 - accuracy: 0.6341
23/98 [======>.......................] - ETA: 0s - loss: 1.0622 - accuracy: 0.6305
29/98 [=======>......................] - ETA: 0s - loss: 1.0626 - accuracy: 0.6311
35/98 [=========>....................] - ETA: 0s - loss: 1.0658 - accuracy: 0.6298
41/98 [===========>..................] - ETA: 0s - loss: 1.0713 - accuracy: 0.6270
46/98 [=============>................] - ETA: 0s - loss: 1.0736 - accuracy: 0.6268
52/98 [==============>...............] - ETA: 0s - loss: 1.0717 - accuracy: 0.6276
58/98 [================>.............] - ETA: 0s - loss: 1.0740 - accuracy: 0.6272
64/98 [==================>...........] - ETA: 0s - loss: 1.0776 - accuracy: 0.6260
69/98 [====================>.........] - ETA: 0s - loss: 1.0781 - accuracy: 0.6255
75/98 [=====================>........] - ETA: 0s - loss: 1.0748 - accuracy: 0.6269
81/98 [=======================>......] - ETA: 0s - loss: 1.0755 - accuracy: 0.6257
86/98 [=========================>....] - ETA: 0s - loss: 1.0759 - accuracy: 0.6257
91/98 [==========================>...] - ETA: 0s - loss: 1.0770 - accuracy: 0.6257
97/98 [============================>.] - ETA: 0s - loss: 1.0731 - accuracy: 0.6272
98/98 [==============================] - 2s 16ms/step - loss: 1.0732 - accuracy: 0.6272 - val_loss: 1.0776 - val_accuracy: 0.6231
Epoch 20/144

 1/98 [..............................] - ETA: 1s - loss: 1.0147 - accuracy: 0.6406
 6/98 [>.............................] - ETA: 1s - loss: 1.0517 - accuracy: 0.6432
11/98 [==>...........................] - ETA: 1s - loss: 1.0484 - accuracy: 0.6387
17/98 [====>.........................] - ETA: 0s - loss: 1.0517 - accuracy: 0.6358
22/98 [=====>........................] - ETA: 0s - loss: 1.0603 - accuracy: 0.6328
28/98 [=======>......................] - ETA: 0s - loss: 1.0564 - accuracy: 0.6348
33/98 [=========>....................] - ETA: 0s - loss: 1.0577 - accuracy: 0.6349
38/98 [==========>...................] - ETA: 0s - loss: 1.0575 - accuracy: 0.6341
43/98 [============>.................] - ETA: 0s - loss: 1.0584 - accuracy: 0.6332
49/98 [==============>...............] - ETA: 0s - loss: 1.0586 - accuracy: 0.6319
55/98 [===============>..............] - ETA: 0s - loss: 1.0603 - accuracy: 0.6309
61/98 [=================>............] - ETA: 0s - loss: 1.0612 - accuracy: 0.6303
66/98 [===================>..........] - ETA: 0s - loss: 1.0613 - accuracy: 0.6306
72/98 [=====================>........] - ETA: 0s - loss: 1.0582 - accuracy: 0.6314
76/98 [======================>.......] - ETA: 0s - loss: 1.0589 - accuracy: 0.6316
82/98 [========================>.....] - ETA: 0s - loss: 1.0584 - accuracy: 0.6319
87/98 [=========================>....] - ETA: 0s - loss: 1.0580 - accuracy: 0.6319
93/98 [===========================>..] - ETA: 0s - loss: 1.0582 - accuracy: 0.6317
98/98 [==============================] - ETA: 0s - loss: 1.0575 - accuracy: 0.6313
98/98 [==============================] - 2s 17ms/step - loss: 1.0575 - accuracy: 0.6313 - val_loss: 1.0676 - val_accuracy: 0.6292
Epoch 21/144

 1/98 [..............................] - ETA: 1s - loss: 1.0834 - accuracy: 0.6094
 6/98 [>.............................] - ETA: 1s - loss: 1.0365 - accuracy: 0.6377
12/98 [==>...........................] - ETA: 0s - loss: 1.0513 - accuracy: 0.6385
18/98 [====>.........................] - ETA: 0s - loss: 1.0453 - accuracy: 0.6383
24/98 [======>.......................] - ETA: 0s - loss: 1.0416 - accuracy: 0.6414
30/98 [========>.....................] - ETA: 0s - loss: 1.0375 - accuracy: 0.6433
36/98 [==========>...................] - ETA: 0s - loss: 1.0369 - accuracy: 0.6428
42/98 [===========>..................] - ETA: 0s - loss: 1.0356 - accuracy: 0.6427
48/98 [=============>................] - ETA: 0s - loss: 1.0414 - accuracy: 0.6419
54/98 [===============>..............] - ETA: 0s - loss: 1.0411 - accuracy: 0.6417
60/98 [=================>............] - ETA: 0s - loss: 1.0409 - accuracy: 0.6426
66/98 [===================>..........] - ETA: 0s - loss: 1.0430 - accuracy: 0.6423
71/98 [====================>.........] - ETA: 0s - loss: 1.0446 - accuracy: 0.6415
77/98 [======================>.......] - ETA: 0s - loss: 1.0475 - accuracy: 0.6398
83/98 [========================>.....] - ETA: 0s - loss: 1.0469 - accuracy: 0.6394
89/98 [==========================>...] - ETA: 0s - loss: 1.0459 - accuracy: 0.6393
94/98 [===========================>..] - ETA: 0s - loss: 1.0460 - accuracy: 0.6383
98/98 [==============================] - 2s 16ms/step - loss: 1.0469 - accuracy: 0.6379 - val_loss: 1.0610 - val_accuracy: 0.6287
Epoch 22/144

 1/98 [..............................] - ETA: 3s - loss: 1.0477 - accuracy: 0.6387
 6/98 [>.............................] - ETA: 1s - loss: 1.0552 - accuracy: 0.6374
12/98 [==>...........................] - ETA: 0s - loss: 1.0376 - accuracy: 0.6383
18/98 [====>.........................] - ETA: 0s - loss: 1.0377 - accuracy: 0.6400
24/98 [======>.......................] - ETA: 0s - loss: 1.0429 - accuracy: 0.6364
30/98 [========>.....................] - ETA: 0s - loss: 1.0421 - accuracy: 0.6365
35/98 [=========>....................] - ETA: 0s - loss: 1.0455 - accuracy: 0.6352
41/98 [===========>..................] - ETA: 0s - loss: 1.0484 - accuracy: 0.6346
47/98 [=============>................] - ETA: 0s - loss: 1.0467 - accuracy: 0.6349
53/98 [===============>..............] - ETA: 0s - loss: 1.0454 - accuracy: 0.6338
59/98 [=================>............] - ETA: 0s - loss: 1.0453 - accuracy: 0.6334
65/98 [==================>...........] - ETA: 0s - loss: 1.0432 - accuracy: 0.6346
70/98 [====================>.........] - ETA: 0s - loss: 1.0421 - accuracy: 0.6356
76/98 [======================>.......] - ETA: 0s - loss: 1.0421 - accuracy: 0.6354
82/98 [========================>.....] - ETA: 0s - loss: 1.0408 - accuracy: 0.6363
88/98 [=========================>....] - ETA: 0s - loss: 1.0415 - accuracy: 0.6365
94/98 [===========================>..] - ETA: 0s - loss: 1.0411 - accuracy: 0.6366
98/98 [==============================] - 2s 16ms/step - loss: 1.0397 - accuracy: 0.6366 - val_loss: 1.0580 - val_accuracy: 0.6294
Epoch 23/144

 1/98 [..............................] - ETA: 1s - loss: 1.0401 - accuracy: 0.6641
 6/98 [>.............................] - ETA: 1s - loss: 1.0282 - accuracy: 0.6419
12/98 [==>...........................] - ETA: 0s - loss: 1.0293 - accuracy: 0.6479
18/98 [====>.........................] - ETA: 0s - loss: 1.0171 - accuracy: 0.6485
24/98 [======>.......................] - ETA: 0s - loss: 1.0204 - accuracy: 0.6479
29/98 [=======>......................] - ETA: 0s - loss: 1.0216 - accuracy: 0.6478
35/98 [=========>....................] - ETA: 0s - loss: 1.0229 - accuracy: 0.6475
41/98 [===========>..................] - ETA: 0s - loss: 1.0260 - accuracy: 0.6459
47/98 [=============>................] - ETA: 0s - loss: 1.0248 - accuracy: 0.6460
52/98 [==============>...............] - ETA: 0s - loss: 1.0249 - accuracy: 0.6464
58/98 [================>.............] - ETA: 0s - loss: 1.0221 - accuracy: 0.6474
64/98 [==================>...........] - ETA: 0s - loss: 1.0219 - accuracy: 0.6476
69/98 [====================>.........] - ETA: 0s - loss: 1.0228 - accuracy: 0.6468
75/98 [=====================>........] - ETA: 0s - loss: 1.0230 - accuracy: 0.6463
80/98 [=======================>......] - ETA: 0s - loss: 1.0239 - accuracy: 0.6459
85/98 [=========================>....] - ETA: 0s - loss: 1.0265 - accuracy: 0.6454
91/98 [==========================>...] - ETA: 0s - loss: 1.0284 - accuracy: 0.6443
96/98 [============================>.] - ETA: 0s - loss: 1.0278 - accuracy: 0.6442
98/98 [==============================] - 2s 17ms/step - loss: 1.0287 - accuracy: 0.6437 - val_loss: 1.0516 - val_accuracy: 0.6336
Epoch 24/144

