2024-06-26 17:45:28.139139: I tensorflow/core/platform/cpu_feature_guard.cc:193] This TensorFlow binary is optimized with oneAPI Deep Neural Network Library (oneDNN) to use the following CPU instructions in performance-critical operations:  AVX AVX2
To enable them in other operations, rebuild TensorFlow with the appropriate compiler flags.
2024-06-26 17:45:28.576942: I tensorflow/core/common_runtime/gpu/gpu_device.cc:1616] Created device /job:localhost/replica:0/task:0/device:GPU:0 with 6656 MB memory:  -> device: 0, name: NVIDIA GeForce RTX 4060 Ti, pci bus id: 0000:01:00.0, compute capability: 8.9
1 Physical GPUs, 1 Logical GPUs
Model: "sequential"
_________________________________________________________________
 Layer (type)                Output Shape              Param #   
=================================================================
 conv2d (Conv2D)             (None, 32, 32, 32)        896       
                                                                 
 max_pooling2d (MaxPooling2D  (None, 16, 16, 32)       0         
 )                                                               
                                                                 
 batch_normalization (BatchN  (None, 16, 16, 32)       128       
 ormalization)                                                   
                                                                 
 dropout (Dropout)           (None, 16, 16, 32)        0         
                                                                 
 flatten (Flatten)           (None, 8192)              0         
                                                                 
 dense (Dense)               (None, 10)                81930     
                                                                 
=================================================================
Total params: 82,954
Trainable params: 82,890
Non-trainable params: 64
_________________________________________________________________
Taxa de aprendizado:  0.0001 Num de épocas:  144 Tamanho do lote:  512 Dropout:  0.46313
Epoch 1/144
2024-06-26 17:45:29.669273: I tensorflow/stream_executor/cuda/cuda_dnn.cc:384] Loaded cuDNN version 8100
2024-06-26 17:45:30.296853: W tensorflow/stream_executor/gpu/redzone_allocator.cc:314] INTERNAL: ptxas exited with non-zero error code -1, output: 
Relying on driver to perform ptx compilation. 
Modify $PATH to customize ptxas location.
This message will be only logged once.
2024-06-26 17:45:30.855094: I tensorflow/stream_executor/cuda/cuda_blas.cc:1614] TensorFloat-32 will be used for the matrix multiplication. This will only be logged once.

 1/98 [..............................] - ETA: 3:29 - loss: 3.1550 - accuracy: 0.0840
 6/98 [>.............................] - ETA: 1s - loss: 2.9841 - accuracy: 0.1113  
12/98 [==>...........................] - ETA: 0s - loss: 2.8297 - accuracy: 0.1330
19/98 [====>.........................] - ETA: 0s - loss: 2.7036 - accuracy: 0.1553
25/98 [======>.......................] - ETA: 0s - loss: 2.6299 - accuracy: 0.1734
31/98 [========>.....................] - ETA: 0s - loss: 2.5679 - accuracy: 0.1886
37/98 [==========>...................] - ETA: 0s - loss: 2.5217 - accuracy: 0.1982
44/98 [============>.................] - ETA: 0s - loss: 2.4757 - accuracy: 0.2083
50/98 [==============>...............] - ETA: 0s - loss: 2.4435 - accuracy: 0.2155
54/98 [===============>..............] - ETA: 0s - loss: 2.4252 - accuracy: 0.2204
61/98 [=================>............] - ETA: 0s - loss: 2.3839 - accuracy: 0.2283
67/98 [===================>..........] - ETA: 0s - loss: 2.3562 - accuracy: 0.2346
73/98 [=====================>........] - ETA: 0s - loss: 2.3327 - accuracy: 0.2404
79/98 [=======================>......] - ETA: 0s - loss: 2.3126 - accuracy: 0.2461
85/98 [=========================>....] - ETA: 0s - loss: 2.2947 - accuracy: 0.2508
91/98 [==========================>...] - ETA: 0s - loss: 2.2738 - accuracy: 0.2558
97/98 [============================>.] - ETA: 0s - loss: 2.2556 - accuracy: 0.2602
98/98 [==============================] - 4s 17ms/step - loss: 2.2529 - accuracy: 0.2611 - val_loss: 2.1306 - val_accuracy: 0.3108
Epoch 2/144

 1/98 [..............................] - ETA: 3s - loss: 2.0202 - accuracy: 0.3398
 8/98 [=>............................] - ETA: 0s - loss: 1.9569 - accuracy: 0.3411
14/98 [===>..........................] - ETA: 0s - loss: 1.9635 - accuracy: 0.3390
21/98 [=====>........................] - ETA: 0s - loss: 1.9255 - accuracy: 0.3474
28/98 [=======>......................] - ETA: 0s - loss: 1.9263 - accuracy: 0.3489
34/98 [=========>....................] - ETA: 0s - loss: 1.9215 - accuracy: 0.3504
40/98 [===========>..................] - ETA: 0s - loss: 1.9137 - accuracy: 0.3533
46/98 [=============>................] - ETA: 0s - loss: 1.9051 - accuracy: 0.3546
53/98 [===============>..............] - ETA: 0s - loss: 1.8988 - accuracy: 0.3561
60/98 [=================>............] - ETA: 0s - loss: 1.8905 - accuracy: 0.3584
65/98 [==================>...........] - ETA: 0s - loss: 1.8833 - accuracy: 0.3604
71/98 [====================>.........] - ETA: 0s - loss: 1.8763 - accuracy: 0.3620
78/98 [======================>.......] - ETA: 0s - loss: 1.8706 - accuracy: 0.3633
84/98 [========================>.....] - ETA: 0s - loss: 1.8642 - accuracy: 0.3652
91/98 [==========================>...] - ETA: 0s - loss: 1.8593 - accuracy: 0.3666
98/98 [==============================] - ETA: 0s - loss: 1.8531 - accuracy: 0.3682
98/98 [==============================] - 1s 14ms/step - loss: 1.8531 - accuracy: 0.3682 - val_loss: 2.0116 - val_accuracy: 0.3907
Epoch 3/144

 1/98 [..............................] - ETA: 3s - loss: 1.5768 - accuracy: 0.4180
 8/98 [=>............................] - ETA: 0s - loss: 1.6853 - accuracy: 0.4089
14/98 [===>..........................] - ETA: 0s - loss: 1.7066 - accuracy: 0.4044
21/98 [=====>........................] - ETA: 0s - loss: 1.7134 - accuracy: 0.4046
27/98 [=======>......................] - ETA: 0s - loss: 1.7114 - accuracy: 0.4048
34/98 [=========>....................] - ETA: 0s - loss: 1.7135 - accuracy: 0.4068
41/98 [===========>..................] - ETA: 0s - loss: 1.7117 - accuracy: 0.4071
48/98 [=============>................] - ETA: 0s - loss: 1.7082 - accuracy: 0.4091
54/98 [===============>..............] - ETA: 0s - loss: 1.7034 - accuracy: 0.4107
61/98 [=================>............] - ETA: 0s - loss: 1.6983 - accuracy: 0.4129
67/98 [===================>..........] - ETA: 0s - loss: 1.6950 - accuracy: 0.4138
74/98 [=====================>........] - ETA: 0s - loss: 1.6906 - accuracy: 0.4162
80/98 [=======================>......] - ETA: 0s - loss: 1.6853 - accuracy: 0.4187
86/98 [=========================>....] - ETA: 0s - loss: 1.6840 - accuracy: 0.4194
93/98 [===========================>..] - ETA: 0s - loss: 1.6794 - accuracy: 0.4209
98/98 [==============================] - 1s 14ms/step - loss: 1.6753 - accuracy: 0.4225 - val_loss: 1.8537 - val_accuracy: 0.4358
Epoch 4/144

 1/98 [..............................] - ETA: 1s - loss: 1.5780 - accuracy: 0.4453
 7/98 [=>............................] - ETA: 0s - loss: 1.5753 - accuracy: 0.4450
13/98 [==>...........................] - ETA: 0s - loss: 1.5730 - accuracy: 0.4477
20/98 [=====>........................] - ETA: 0s - loss: 1.5815 - accuracy: 0.4455
26/98 [======>.......................] - ETA: 0s - loss: 1.5767 - accuracy: 0.4469
33/98 [=========>....................] - ETA: 0s - loss: 1.5775 - accuracy: 0.4498
39/98 [==========>...................] - ETA: 0s - loss: 1.5797 - accuracy: 0.4491
46/98 [=============>................] - ETA: 0s - loss: 1.5790 - accuracy: 0.4513
52/98 [==============>...............] - ETA: 0s - loss: 1.5751 - accuracy: 0.4538
58/98 [================>.............] - ETA: 0s - loss: 1.5686 - accuracy: 0.4570
64/98 [==================>...........] - ETA: 0s - loss: 1.5655 - accuracy: 0.4576
70/98 [====================>.........] - ETA: 0s - loss: 1.5653 - accuracy: 0.4575
77/98 [======================>.......] - ETA: 0s - loss: 1.5633 - accuracy: 0.4584
83/98 [========================>.....] - ETA: 0s - loss: 1.5643 - accuracy: 0.4582
89/98 [==========================>...] - ETA: 0s - loss: 1.5601 - accuracy: 0.4593
96/98 [============================>.] - ETA: 0s - loss: 1.5600 - accuracy: 0.4596
98/98 [==============================] - 1s 14ms/step - loss: 1.5584 - accuracy: 0.4603 - val_loss: 1.6619 - val_accuracy: 0.4897
Epoch 5/144

 1/98 [..............................] - ETA: 1s - loss: 1.4335 - accuracy: 0.4673
 7/98 [=>............................] - ETA: 0s - loss: 1.5188 - accuracy: 0.4668
13/98 [==>...........................] - ETA: 0s - loss: 1.5015 - accuracy: 0.4801
19/98 [====>.........................] - ETA: 0s - loss: 1.4953 - accuracy: 0.4844
25/98 [======>.......................] - ETA: 0s - loss: 1.5035 - accuracy: 0.4786
32/98 [========>.....................] - ETA: 0s - loss: 1.4967 - accuracy: 0.4777
39/98 [==========>...................] - ETA: 0s - loss: 1.4943 - accuracy: 0.4789
45/98 [============>.................] - ETA: 0s - loss: 1.4880 - accuracy: 0.4811
52/98 [==============>...............] - ETA: 0s - loss: 1.4829 - accuracy: 0.4832
59/98 [=================>............] - ETA: 0s - loss: 1.4797 - accuracy: 0.4839
65/98 [==================>...........] - ETA: 0s - loss: 1.4790 - accuracy: 0.4840
71/98 [====================>.........] - ETA: 0s - loss: 1.4790 - accuracy: 0.4842
77/98 [======================>.......] - ETA: 0s - loss: 1.4747 - accuracy: 0.4853
84/98 [========================>.....] - ETA: 0s - loss: 1.4736 - accuracy: 0.4869
90/98 [==========================>...] - ETA: 0s - loss: 1.4718 - accuracy: 0.4871
97/98 [============================>.] - ETA: 0s - loss: 1.4707 - accuracy: 0.4872
98/98 [==============================] - 1s 14ms/step - loss: 1.4703 - accuracy: 0.4875 - val_loss: 1.5032 - val_accuracy: 0.5089
Epoch 6/144

 1/98 [..............................] - ETA: 1s - loss: 1.3816 - accuracy: 0.5059
 6/98 [>.............................] - ETA: 1s - loss: 1.4155 - accuracy: 0.4935
12/98 [==>...........................] - ETA: 0s - loss: 1.4059 - accuracy: 0.4993
19/98 [====>.........................] - ETA: 0s - loss: 1.4138 - accuracy: 0.5006
25/98 [======>.......................] - ETA: 0s - loss: 1.4132 - accuracy: 0.5014
32/98 [========>.....................] - ETA: 0s - loss: 1.4133 - accuracy: 0.5038
38/98 [==========>...................] - ETA: 0s - loss: 1.4084 - accuracy: 0.5062
45/98 [============>.................] - ETA: 0s - loss: 1.4089 - accuracy: 0.5054
52/98 [==============>...............] - ETA: 0s - loss: 1.4076 - accuracy: 0.5060
58/98 [================>.............] - ETA: 0s - loss: 1.4049 - accuracy: 0.5060
64/98 [==================>...........] - ETA: 0s - loss: 1.4045 - accuracy: 0.5075
70/98 [====================>.........] - ETA: 0s - loss: 1.4037 - accuracy: 0.5080
76/98 [======================>.......] - ETA: 0s - loss: 1.4029 - accuracy: 0.5085
81/98 [=======================>......] - ETA: 0s - loss: 1.4039 - accuracy: 0.5083
86/98 [=========================>....] - ETA: 0s - loss: 1.4053 - accuracy: 0.5082
93/98 [===========================>..] - ETA: 0s - loss: 1.4036 - accuracy: 0.5089
98/98 [==============================] - 1s 15ms/step - loss: 1.4031 - accuracy: 0.5088 - val_loss: 1.3491 - val_accuracy: 0.5569
Epoch 7/144

 1/98 [..............................] - ETA: 1s - loss: 1.2908 - accuracy: 0.5391
 7/98 [=>............................] - ETA: 0s - loss: 1.3677 - accuracy: 0.5126
13/98 [==>...........................] - ETA: 0s - loss: 1.3717 - accuracy: 0.5116
19/98 [====>.........................] - ETA: 0s - loss: 1.3735 - accuracy: 0.5127
26/98 [======>.......................] - ETA: 0s - loss: 1.3743 - accuracy: 0.5138
32/98 [========>.....................] - ETA: 0s - loss: 1.3659 - accuracy: 0.5192
38/98 [==========>...................] - ETA: 0s - loss: 1.3608 - accuracy: 0.5211
44/98 [============>.................] - ETA: 0s - loss: 1.3562 - accuracy: 0.5235
51/98 [==============>...............] - ETA: 0s - loss: 1.3544 - accuracy: 0.5241
58/98 [================>.............] - ETA: 0s - loss: 1.3529 - accuracy: 0.5247
64/98 [==================>...........] - ETA: 0s - loss: 1.3540 - accuracy: 0.5242
70/98 [====================>.........] - ETA: 0s - loss: 1.3519 - accuracy: 0.5249
76/98 [======================>.......] - ETA: 0s - loss: 1.3480 - accuracy: 0.5259
82/98 [========================>.....] - ETA: 0s - loss: 1.3474 - accuracy: 0.5262
89/98 [==========================>...] - ETA: 0s - loss: 1.3474 - accuracy: 0.5270
96/98 [============================>.] - ETA: 0s - loss: 1.3467 - accuracy: 0.5266
98/98 [==============================] - 1s 15ms/step - loss: 1.3460 - accuracy: 0.5275 - val_loss: 1.2552 - val_accuracy: 0.5760
Epoch 8/144

 1/98 [..............................] - ETA: 1s - loss: 1.2773 - accuracy: 0.5430
 7/98 [=>............................] - ETA: 0s - loss: 1.3075 - accuracy: 0.5491
13/98 [==>...........................] - ETA: 0s - loss: 1.3021 - accuracy: 0.5482
19/98 [====>.........................] - ETA: 0s - loss: 1.3041 - accuracy: 0.5467
26/98 [======>.......................] - ETA: 0s - loss: 1.3099 - accuracy: 0.5448
33/98 [=========>....................] - ETA: 0s - loss: 1.3064 - accuracy: 0.5465
40/98 [===========>..................] - ETA: 0s - loss: 1.3041 - accuracy: 0.5458
47/98 [=============>................] - ETA: 0s - loss: 1.3092 - accuracy: 0.5453
53/98 [===============>..............] - ETA: 0s - loss: 1.3076 - accuracy: 0.5451
60/98 [=================>............] - ETA: 0s - loss: 1.3047 - accuracy: 0.5459
67/98 [===================>..........] - ETA: 0s - loss: 1.3026 - accuracy: 0.5459
74/98 [=====================>........] - ETA: 0s - loss: 1.3018 - accuracy: 0.5464
80/98 [=======================>......] - ETA: 0s - loss: 1.2996 - accuracy: 0.5465
86/98 [=========================>....] - ETA: 0s - loss: 1.3002 - accuracy: 0.5469
91/98 [==========================>...] - ETA: 0s - loss: 1.3002 - accuracy: 0.5468
96/98 [============================>.] - ETA: 0s - loss: 1.2979 - accuracy: 0.5480
98/98 [==============================] - 1s 14ms/step - loss: 1.2987 - accuracy: 0.5476 - val_loss: 1.2189 - val_accuracy: 0.5785
Epoch 9/144

 1/98 [..............................] - ETA: 1s - loss: 1.3645 - accuracy: 0.5254
 6/98 [>.............................] - ETA: 1s - loss: 1.2502 - accuracy: 0.5632
12/98 [==>...........................] - ETA: 0s - loss: 1.2576 - accuracy: 0.5633
19/98 [====>.........................] - ETA: 0s - loss: 1.2598 - accuracy: 0.5637
25/98 [======>.......................] - ETA: 0s - loss: 1.2610 - accuracy: 0.5595
31/98 [========>.....................] - ETA: 0s - loss: 1.2608 - accuracy: 0.5586
38/98 [==========>...................] - ETA: 0s - loss: 1.2655 - accuracy: 0.5570
44/98 [============>.................] - ETA: 0s - loss: 1.2634 - accuracy: 0.5577
51/98 [==============>...............] - ETA: 0s - loss: 1.2557 - accuracy: 0.5591
57/98 [================>.............] - ETA: 0s - loss: 1.2587 - accuracy: 0.5578
63/98 [==================>...........] - ETA: 0s - loss: 1.2578 - accuracy: 0.5578
70/98 [====================>.........] - ETA: 0s - loss: 1.2545 - accuracy: 0.5589
77/98 [======================>.......] - ETA: 0s - loss: 1.2564 - accuracy: 0.5582
82/98 [========================>.....] - ETA: 0s - loss: 1.2572 - accuracy: 0.5585
89/98 [==========================>...] - ETA: 0s - loss: 1.2560 - accuracy: 0.5590
95/98 [============================>.] - ETA: 0s - loss: 1.2556 - accuracy: 0.5592
98/98 [==============================] - 1s 14ms/step - loss: 1.2555 - accuracy: 0.5593 - val_loss: 1.1739 - val_accuracy: 0.5957
Epoch 10/144

 1/98 [..............................] - ETA: 1s - loss: 1.2137 - accuracy: 0.5801
 7/98 [=>............................] - ETA: 0s - loss: 1.2251 - accuracy: 0.5645
12/98 [==>...........................] - ETA: 0s - loss: 1.2229 - accuracy: 0.5682
18/98 [====>.........................] - ETA: 0s - loss: 1.2301 - accuracy: 0.5660
24/98 [======>.......................] - ETA: 0s - loss: 1.2356 - accuracy: 0.5702
30/98 [========>.....................] - ETA: 0s - loss: 1.2352 - accuracy: 0.5686
37/98 [==========>...................] - ETA: 0s - loss: 1.2362 - accuracy: 0.5688
44/98 [============>.................] - ETA: 0s - loss: 1.2303 - accuracy: 0.5717
51/98 [==============>...............] - ETA: 0s - loss: 1.2308 - accuracy: 0.5709
58/98 [================>.............] - ETA: 0s - loss: 1.2282 - accuracy: 0.5713
65/98 [==================>...........] - ETA: 0s - loss: 1.2258 - accuracy: 0.5721
71/98 [====================>.........] - ETA: 0s - loss: 1.2282 - accuracy: 0.5712
78/98 [======================>.......] - ETA: 0s - loss: 1.2237 - accuracy: 0.5722
84/98 [========================>.....] - ETA: 0s - loss: 1.2242 - accuracy: 0.5719
90/98 [==========================>...] - ETA: 0s - loss: 1.2242 - accuracy: 0.5725
97/98 [============================>.] - ETA: 0s - loss: 1.2269 - accuracy: 0.5714
98/98 [==============================] - 1s 14ms/step - loss: 1.2271 - accuracy: 0.5713 - val_loss: 1.1619 - val_accuracy: 0.5993
Epoch 11/144

 1/98 [..............................] - ETA: 3s - loss: 1.2767 - accuracy: 0.5859
 8/98 [=>............................] - ETA: 0s - loss: 1.2148 - accuracy: 0.5754
14/98 [===>..........................] - ETA: 0s - loss: 1.2010 - accuracy: 0.5844
20/98 [=====>........................] - ETA: 0s - loss: 1.1988 - accuracy: 0.5849
26/98 [======>.......................] - ETA: 0s - loss: 1.1934 - accuracy: 0.5870
33/98 [=========>....................] - ETA: 0s - loss: 1.1921 - accuracy: 0.5852
40/98 [===========>..................] - ETA: 0s - loss: 1.1913 - accuracy: 0.5850
47/98 [=============>................] - ETA: 0s - loss: 1.1914 - accuracy: 0.5854
54/98 [===============>..............] - ETA: 0s - loss: 1.1889 - accuracy: 0.5862
60/98 [=================>............] - ETA: 0s - loss: 1.1933 - accuracy: 0.5847
67/98 [===================>..........] - ETA: 0s - loss: 1.1935 - accuracy: 0.5834
74/98 [=====================>........] - ETA: 0s - loss: 1.1924 - accuracy: 0.5835
80/98 [=======================>......] - ETA: 0s - loss: 1.1920 - accuracy: 0.5835
87/98 [=========================>....] - ETA: 0s - loss: 1.1942 - accuracy: 0.5823
93/98 [===========================>..] - ETA: 0s - loss: 1.1937 - accuracy: 0.5827
98/98 [==============================] - 1s 14ms/step - loss: 1.1946 - accuracy: 0.5830 - val_loss: 1.1379 - val_accuracy: 0.6065
Epoch 12/144

 1/98 [..............................] - ETA: 1s - loss: 1.1378 - accuracy: 0.5840
 7/98 [=>............................] - ETA: 0s - loss: 1.1825 - accuracy: 0.5968
14/98 [===>..........................] - ETA: 0s - loss: 1.1796 - accuracy: 0.5925
20/98 [=====>........................] - ETA: 0s - loss: 1.1814 - accuracy: 0.5882
26/98 [======>.......................] - ETA: 0s - loss: 1.1749 - accuracy: 0.5871
32/98 [========>.....................] - ETA: 0s - loss: 1.1754 - accuracy: 0.5876
38/98 [==========>...................] - ETA: 0s - loss: 1.1742 - accuracy: 0.5886
44/98 [============>.................] - ETA: 0s - loss: 1.1769 - accuracy: 0.5888
51/98 [==============>...............] - ETA: 0s - loss: 1.1799 - accuracy: 0.5876
58/98 [================>.............] - ETA: 0s - loss: 1.1785 - accuracy: 0.5879
65/98 [==================>...........] - ETA: 0s - loss: 1.1744 - accuracy: 0.5894
72/98 [=====================>........] - ETA: 0s - loss: 1.1720 - accuracy: 0.5900
78/98 [======================>.......] - ETA: 0s - loss: 1.1687 - accuracy: 0.5918
85/98 [=========================>....] - ETA: 0s - loss: 1.1682 - accuracy: 0.5910
91/98 [==========================>...] - ETA: 0s - loss: 1.1675 - accuracy: 0.5918
97/98 [============================>.] - ETA: 0s - loss: 1.1681 - accuracy: 0.5917
98/98 [==============================] - 1s 14ms/step - loss: 1.1683 - accuracy: 0.5916 - val_loss: 1.1220 - val_accuracy: 0.6099
Epoch 13/144

 1/98 [..............................] - ETA: 1s - loss: 1.1589 - accuracy: 0.5918
 6/98 [>.............................] - ETA: 1s - loss: 1.1574 - accuracy: 0.5967
13/98 [==>...........................] - ETA: 0s - loss: 1.1658 - accuracy: 0.5892
19/98 [====>.........................] - ETA: 0s - loss: 1.1630 - accuracy: 0.5924
25/98 [======>.......................] - ETA: 0s - loss: 1.1582 - accuracy: 0.5953
31/98 [========>.....................] - ETA: 0s - loss: 1.1594 - accuracy: 0.5936
38/98 [==========>...................] - ETA: 0s - loss: 1.1563 - accuracy: 0.5937
44/98 [============>.................] - ETA: 0s - loss: 1.1577 - accuracy: 0.5917
51/98 [==============>...............] - ETA: 0s - loss: 1.1538 - accuracy: 0.5941
58/98 [================>.............] - ETA: 0s - loss: 1.1487 - accuracy: 0.5959
65/98 [==================>...........] - ETA: 0s - loss: 1.1484 - accuracy: 0.5966
72/98 [=====================>........] - ETA: 0s - loss: 1.1469 - accuracy: 0.5977
79/98 [=======================>......] - ETA: 0s - loss: 1.1478 - accuracy: 0.5971
86/98 [=========================>....] - ETA: 0s - loss: 1.1481 - accuracy: 0.5976
92/98 [===========================>..] - ETA: 0s - loss: 1.1467 - accuracy: 0.5984
98/98 [==============================] - ETA: 0s - loss: 1.1455 - accuracy: 0.5991
98/98 [==============================] - 1s 14ms/step - loss: 1.1455 - accuracy: 0.5991 - val_loss: 1.1082 - val_accuracy: 0.6185
Epoch 14/144

 1/98 [..............................] - ETA: 1s - loss: 1.0921 - accuracy: 0.6016
 7/98 [=>............................] - ETA: 0s - loss: 1.1120 - accuracy: 0.6041
13/98 [==>...........................] - ETA: 0s - loss: 1.1156 - accuracy: 0.6049
20/98 [=====>........................] - ETA: 0s - loss: 1.1140 - accuracy: 0.6055
26/98 [======>.......................] - ETA: 0s - loss: 1.1202 - accuracy: 0.6026
33/98 [=========>....................] - ETA: 0s - loss: 1.1253 - accuracy: 0.6023
40/98 [===========>..................] - ETA: 0s - loss: 1.1252 - accuracy: 0.6022
46/98 [=============>................] - ETA: 0s - loss: 1.1223 - accuracy: 0.6055
53/98 [===============>..............] - ETA: 0s - loss: 1.1225 - accuracy: 0.6052
60/98 [=================>............] - ETA: 0s - loss: 1.1206 - accuracy: 0.6057
67/98 [===================>..........] - ETA: 0s - loss: 1.1204 - accuracy: 0.6054
73/98 [=====================>........] - ETA: 0s - loss: 1.1227 - accuracy: 0.6050
79/98 [=======================>......] - ETA: 0s - loss: 1.1220 - accuracy: 0.6051
86/98 [=========================>....] - ETA: 0s - loss: 1.1231 - accuracy: 0.6055
93/98 [===========================>..] - ETA: 0s - loss: 1.1247 - accuracy: 0.6055
98/98 [==============================] - 1s 14ms/step - loss: 1.1249 - accuracy: 0.6052 - val_loss: 1.1101 - val_accuracy: 0.6146
Epoch 15/144

 1/98 [..............................] - ETA: 3s - loss: 1.1547 - accuracy: 0.5957
 8/98 [=>............................] - ETA: 0s - loss: 1.0753 - accuracy: 0.6227
15/98 [===>..........................] - ETA: 0s - loss: 1.0944 - accuracy: 0.6179
22/98 [=====>........................] - ETA: 0s - loss: 1.1015 - accuracy: 0.6129
29/98 [=======>......................] - ETA: 0s - loss: 1.1099 - accuracy: 0.6108
35/98 [=========>....................] - ETA: 0s - loss: 1.1159 - accuracy: 0.6093
41/98 [===========>..................] - ETA: 0s - loss: 1.1148 - accuracy: 0.6101
47/98 [=============>................] - ETA: 0s - loss: 1.1136 - accuracy: 0.6104
53/98 [===============>..............] - ETA: 0s - loss: 1.1172 - accuracy: 0.6086
60/98 [=================>............] - ETA: 0s - loss: 1.1155 - accuracy: 0.6103
66/98 [===================>..........] - ETA: 0s - loss: 1.1136 - accuracy: 0.6107
72/98 [=====================>........] - ETA: 0s - loss: 1.1124 - accuracy: 0.6118
78/98 [======================>.......] - ETA: 0s - loss: 1.1138 - accuracy: 0.6111
85/98 [=========================>....] - ETA: 0s - loss: 1.1129 - accuracy: 0.6115
92/98 [===========================>..] - ETA: 0s - loss: 1.1110 - accuracy: 0.6126
98/98 [==============================] - 1s 14ms/step - loss: 1.1104 - accuracy: 0.6132 - val_loss: 1.0947 - val_accuracy: 0.6228
Epoch 16/144

 1/98 [..............................] - ETA: 1s - loss: 1.2011 - accuracy: 0.5684
 6/98 [>.............................] - ETA: 1s - loss: 1.0802 - accuracy: 0.6224
13/98 [==>...........................] - ETA: 0s - loss: 1.0798 - accuracy: 0.6280
20/98 [=====>........................] - ETA: 0s - loss: 1.0860 - accuracy: 0.6275
26/98 [======>.......................] - ETA: 0s - loss: 1.0932 - accuracy: 0.6227
33/98 [=========>....................] - ETA: 0s - loss: 1.0954 - accuracy: 0.6217
40/98 [===========>..................] - ETA: 0s - loss: 1.0945 - accuracy: 0.6219
42/98 [===========>..................] - ETA: 0s - loss: 1.0941 - accuracy: 0.6220
48/98 [=============>................] - ETA: 0s - loss: 1.0938 - accuracy: 0.6220
54/98 [===============>..............] - ETA: 0s - loss: 1.0964 - accuracy: 0.6204
60/98 [=================>............] - ETA: 0s - loss: 1.0957 - accuracy: 0.6210
67/98 [===================>..........] - ETA: 0s - loss: 1.0964 - accuracy: 0.6209
73/98 [=====================>........] - ETA: 0s - loss: 1.0970 - accuracy: 0.6201
80/98 [=======================>......] - ETA: 0s - loss: 1.0966 - accuracy: 0.6203
86/98 [=========================>....] - ETA: 0s - loss: 1.0970 - accuracy: 0.6196
92/98 [===========================>..] - ETA: 0s - loss: 1.0961 - accuracy: 0.6200
98/98 [==============================] - ETA: 0s - loss: 1.0959 - accuracy: 0.6199
98/98 [==============================] - 1s 14ms/step - loss: 1.0959 - accuracy: 0.6199 - val_loss: 1.0762 - val_accuracy: 0.6324
Epoch 17/144

 1/98 [..............................] - ETA: 1s - loss: 1.0359 - accuracy: 0.6621
 6/98 [>.............................] - ETA: 1s - loss: 1.0751 - accuracy: 0.6283
13/98 [==>...........................] - ETA: 0s - loss: 1.0587 - accuracy: 0.6301
20/98 [=====>........................] - ETA: 0s - loss: 1.0672 - accuracy: 0.6270
27/98 [=======>......................] - ETA: 0s - loss: 1.0732 - accuracy: 0.6236
33/98 [=========>....................] - ETA: 0s - loss: 1.0775 - accuracy: 0.6231
40/98 [===========>..................] - ETA: 0s - loss: 1.0769 - accuracy: 0.6218
46/98 [=============>................] - ETA: 0s - loss: 1.0762 - accuracy: 0.6217
53/98 [===============>..............] - ETA: 0s - loss: 1.0734 - accuracy: 0.6232
59/98 [=================>............] - ETA: 0s - loss: 1.0772 - accuracy: 0.6221
66/98 [===================>..........] - ETA: 0s - loss: 1.0777 - accuracy: 0.6222
72/98 [=====================>........] - ETA: 0s - loss: 1.0753 - accuracy: 0.6236
79/98 [=======================>......] - ETA: 0s - loss: 1.0758 - accuracy: 0.6241
85/98 [=========================>....] - ETA: 0s - loss: 1.0778 - accuracy: 0.6231
92/98 [===========================>..] - ETA: 0s - loss: 1.0771 - accuracy: 0.6241
98/98 [==============================] - ETA: 0s - loss: 1.0782 - accuracy: 0.6237
98/98 [==============================] - 1s 14ms/step - loss: 1.0782 - accuracy: 0.6237 - val_loss: 1.0757 - val_accuracy: 0.6266
Epoch 18/144

 1/98 [..............................] - ETA: 1s - loss: 1.0095 - accuracy: 0.6426
 6/98 [>.............................] - ETA: 1s - loss: 1.0399 - accuracy: 0.6348
12/98 [==>...........................] - ETA: 0s - loss: 1.0547 - accuracy: 0.6286
18/98 [====>.........................] - ETA: 0s - loss: 1.0644 - accuracy: 0.6252
24/98 [======>.......................] - ETA: 0s - loss: 1.0647 - accuracy: 0.6259
29/98 [=======>......................] - ETA: 0s - loss: 1.0668 - accuracy: 0.6260
35/98 [=========>....................] - ETA: 0s - loss: 1.0702 - accuracy: 0.6265
41/98 [===========>..................] - ETA: 0s - loss: 1.0709 - accuracy: 0.6258
48/98 [=============>................] - ETA: 0s - loss: 1.0674 - accuracy: 0.6275
55/98 [===============>..............] - ETA: 0s - loss: 1.0649 - accuracy: 0.6282
61/98 [=================>............] - ETA: 0s - loss: 1.0656 - accuracy: 0.6278
68/98 [===================>..........] - ETA: 0s - loss: 1.0667 - accuracy: 0.6275
75/98 [=====================>........] - ETA: 0s - loss: 1.0666 - accuracy: 0.6277
82/98 [========================>.....] - ETA: 0s - loss: 1.0667 - accuracy: 0.6276
88/98 [=========================>....] - ETA: 0s - loss: 1.0659 - accuracy: 0.6281
95/98 [============================>.] - ETA: 0s - loss: 1.0646 - accuracy: 0.6293
98/98 [==============================] - 1s 14ms/step - loss: 1.0645 - accuracy: 0.6292 - val_loss: 1.0582 - val_accuracy: 0.6339
Epoch 19/144

 1/98 [..............................] - ETA: 1s - loss: 1.0838 - accuracy: 0.6328
 7/98 [=>............................] - ETA: 0s - loss: 1.0646 - accuracy: 0.6258
13/98 [==>...........................] - ETA: 0s - loss: 1.0551 - accuracy: 0.6322
20/98 [=====>........................] - ETA: 0s - loss: 1.0566 - accuracy: 0.6288
26/98 [======>.......................] - ETA: 0s - loss: 1.0554 - accuracy: 0.6296
32/98 [========>.....................] - ETA: 0s - loss: 1.0528 - accuracy: 0.6307
38/98 [==========>...................] - ETA: 0s - loss: 1.0564 - accuracy: 0.6310
44/98 [============>.................] - ETA: 0s - loss: 1.0505 - accuracy: 0.6329
51/98 [==============>...............] - ETA: 0s - loss: 1.0492 - accuracy: 0.6324
57/98 [================>.............] - ETA: 0s - loss: 1.0466 - accuracy: 0.6341
63/98 [==================>...........] - ETA: 0s - loss: 1.0471 - accuracy: 0.6344
69/98 [====================>.........] - ETA: 0s - loss: 1.0491 - accuracy: 0.6342
75/98 [=====================>........] - ETA: 0s - loss: 1.0490 - accuracy: 0.6342
81/98 [=======================>......] - ETA: 0s - loss: 1.0516 - accuracy: 0.6337
88/98 [=========================>....] - ETA: 0s - loss: 1.0521 - accuracy: 0.6333
94/98 [===========================>..] - ETA: 0s - loss: 1.0521 - accuracy: 0.6333
98/98 [==============================] - 1s 14ms/step - loss: 1.0532 - accuracy: 0.6330 - val_loss: 1.0572 - val_accuracy: 0.6357
Epoch 20/144

 1/98 [..............................] - ETA: 1s - loss: 0.9720 - accuracy: 0.6777
 6/98 [>.............................] - ETA: 1s - loss: 1.0163 - accuracy: 0.6436
13/98 [==>...........................] - ETA: 0s - loss: 1.0263 - accuracy: 0.6451
19/98 [====>.........................] - ETA: 0s - loss: 1.0246 - accuracy: 0.6429
26/98 [======>.......................] - ETA: 0s - loss: 1.0253 - accuracy: 0.6430
31/98 [========>.....................] - ETA: 0s - loss: 1.0231 - accuracy: 0.6435
38/98 [==========>...................] - ETA: 0s - loss: 1.0266 - accuracy: 0.6417
44/98 [============>.................] - ETA: 0s - loss: 1.0261 - accuracy: 0.6412
50/98 [==============>...............] - ETA: 0s - loss: 1.0295 - accuracy: 0.6406
56/98 [================>.............] - ETA: 0s - loss: 1.0342 - accuracy: 0.6394
62/98 [=================>............] - ETA: 0s - loss: 1.0350 - accuracy: 0.6400
69/98 [====================>.........] - ETA: 0s - loss: 1.0351 - accuracy: 0.6410
75/98 [=====================>........] - ETA: 0s - loss: 1.0370 - accuracy: 0.6405
82/98 [========================>.....] - ETA: 0s - loss: 1.0381 - accuracy: 0.6400
89/98 [==========================>...] - ETA: 0s - loss: 1.0399 - accuracy: 0.6390
95/98 [============================>.] - ETA: 0s - loss: 1.0418 - accuracy: 0.6383
98/98 [==============================] - 1s 14ms/step - loss: 1.0407 - accuracy: 0.6383 - val_loss: 1.0450 - val_accuracy: 0.6399
Epoch 21/144

 1/98 [..............................] - ETA: 1s - loss: 1.0781 - accuracy: 0.6607
 6/98 [>.............................] - ETA: 1s - loss: 1.0078 - accuracy: 0.6405
13/98 [==>...........................] - ETA: 0s - loss: 1.0235 - accuracy: 0.6417
20/98 [=====>........................] - ETA: 0s - loss: 1.0231 - accuracy: 0.6439
27/98 [=======>......................] - ETA: 0s - loss: 1.0236 - accuracy: 0.6435
33/98 [=========>....................] - ETA: 0s - loss: 1.0303 - accuracy: 0.6414
39/98 [==========>...................] - ETA: 0s - loss: 1.0340 - accuracy: 0.6396
46/98 [=============>................] - ETA: 0s - loss: 1.0374 - accuracy: 0.6389
52/98 [==============>...............] - ETA: 0s - loss: 1.0355 - accuracy: 0.6400
59/98 [=================>............] - ETA: 0s - loss: 1.0325 - accuracy: 0.6406
66/98 [===================>..........] - ETA: 0s - loss: 1.0318 - accuracy: 0.6409
73/98 [=====================>........] - ETA: 0s - loss: 1.0306 - accuracy: 0.6414
79/98 [=======================>......] - ETA: 0s - loss: 1.0310 - accuracy: 0.6413
85/98 [=========================>....] - ETA: 0s - loss: 1.0304 - accuracy: 0.6421
92/98 [===========================>..] - ETA: 0s - loss: 1.0313 - accuracy: 0.6420
98/98 [==============================] - ETA: 0s - loss: 1.0307 - accuracy: 0.6418
98/98 [==============================] - 1s 14ms/step - loss: 1.0307 - accuracy: 0.6418 - val_loss: 1.0579 - val_accuracy: 0.6331
Epoch 22/144

 1/98 [..............................] - ETA: 3s - loss: 1.0547 - accuracy: 0.6328
 7/98 [=>............................] - ETA: 0s - loss: 1.0024 - accuracy: 0.6482
14/98 [===>..........................] - ETA: 0s - loss: 1.0048 - accuracy: 0.6469
20/98 [=====>........................] - ETA: 0s - loss: 1.0121 - accuracy: 0.6443
26/98 [======>.......................] - ETA: 0s - loss: 1.0204 - accuracy: 0.6411
33/98 [=========>....................] - ETA: 0s - loss: 1.0230 - accuracy: 0.6409
39/98 [==========>...................] - ETA: 0s - loss: 1.0237 - accuracy: 0.6403
46/98 [=============>................] - ETA: 0s - loss: 1.0150 - accuracy: 0.6447
53/98 [===============>..............] - ETA: 0s - loss: 1.0173 - accuracy: 0.6453
59/98 [=================>............] - ETA: 0s - loss: 1.0190 - accuracy: 0.6446
65/98 [==================>...........] - ETA: 0s - loss: 1.0202 - accuracy: 0.6445
71/98 [====================>.........] - ETA: 0s - loss: 1.0197 - accuracy: 0.6451
78/98 [======================>.......] - ETA: 0s - loss: 1.0209 - accuracy: 0.6444
85/98 [=========================>....] - ETA: 0s - loss: 1.0224 - accuracy: 0.6436
91/98 [==========================>...] - ETA: 0s - loss: 1.0206 - accuracy: 0.6448
98/98 [==============================] - ETA: 0s - loss: 1.0193 - accuracy: 0.6454
98/98 [==============================] - 1s 14ms/step - loss: 1.0193 - accuracy: 0.6454 - val_loss: 1.0386 - val_accuracy: 0.6405
Epoch 23/144

 1/98 [..............................] - ETA: 1s - loss: 0.9753 - accuracy: 0.6699
 6/98 [>.............................] - ETA: 1s - loss: 0.9906 - accuracy: 0.6553
12/98 [==>...........................] - ETA: 0s - loss: 0.9756 - accuracy: 0.6615
18/98 [====>.........................] - ETA: 0s - loss: 0.9826 - accuracy: 0.6591
24/98 [======>.......................] - ETA: 0s - loss: 0.9943 - accuracy: 0.6549
31/98 [========>.....................] - ETA: 0s - loss: 0.9982 - accuracy: 0.6516
37/98 [==========>...................] - ETA: 0s - loss: 1.0022 - accuracy: 0.6513
43/98 [============>.................] - ETA: 0s - loss: 1.0051 - accuracy: 0.6502
50/98 [==============>...............] - ETA: 0s - loss: 1.0056 - accuracy: 0.6498
56/98 [================>.............] - ETA: 0s - loss: 1.0043 - accuracy: 0.6505
62/98 [=================>............] - ETA: 0s - loss: 1.0041 - accuracy: 0.6505
68/98 [===================>..........] - ETA: 0s - loss: 1.0055 - accuracy: 0.6501
75/98 [=====================>........] - ETA: 0s - loss: 1.0049 - accuracy: 0.6515
82/98 [========================>.....] - ETA: 0s - loss: 1.0066 - accuracy: 0.6512
88/98 [=========================>....] - ETA: 0s - loss: 1.0088 - accuracy: 0.6500
95/98 [============================>.] - ETA: 0s - loss: 1.0086 - accuracy: 0.6500
98/98 [==============================] - 1s 14ms/step - loss: 1.0085 - accuracy: 0.6499 - val_loss: 1.0419 - val_accuracy: 0.6394
Epoch 24/144

 1/98 [..............................] - ETA: 3s - loss: 0.9059 - accuracy: 0.6523
 7/98 [=>............................] - ETA: 0s - loss: 0.9822 - accuracy: 0.6423
13/98 [==>...........................] - ETA: 0s - loss: 0.9943 - accuracy: 0.6478
20/98 [=====>........................] - ETA: 0s - loss: 1.0075 - accuracy: 0.6455
27/98 [=======>......................] - ETA: 0s - loss: 1.0065 - accuracy: 0.6479
33/98 [=========>....................] - ETA: 0s - loss: 1.0096 - accuracy: 0.6478
40/98 [===========>..................] - ETA: 0s - loss: 1.0089 - accuracy: 0.6479
47/98 [=============>................] - ETA: 0s - loss: 1.0068 - accuracy: 0.6496
53/98 [===============>..............] - ETA: 0s - loss: 1.0072 - accuracy: 0.6501
59/98 [=================>............] - ETA: 0s - loss: 1.0039 - accuracy: 0.6514
65/98 [==================>...........] - ETA: 0s - loss: 1.0023 - accuracy: 0.6514
72/98 [=====================>........] - ETA: 0s - loss: 1.0048 - accuracy: 0.6497
78/98 [======================>.......] - ETA: 0s - loss: 1.0059 - accuracy: 0.6497
84/98 [========================>.....] - ETA: 0s - loss: 1.0020 - accuracy: 0.6507
90/98 [==========================>...] - ETA: 0s - loss: 1.0018 - accuracy: 0.6505
97/98 [============================>.] - ETA: 0s - loss: 1.0033 - accuracy: 0.6506
98/98 [==============================] - 1s 14ms/step - loss: 1.0028 - accuracy: 0.6507 - val_loss: 1.0317 - val_accuracy: 0.6439
Epoch 25/144

 1/98 [..............................] - ETA: 3s - loss: 0.9612 - accuracy: 0.6504
 7/98 [=>............................] - ETA: 0s - loss: 1.0253 - accuracy: 0.6412
14/98 [===>..........................] - ETA: 0s - loss: 1.0046 - accuracy: 0.6536
20/98 [=====>........................] - ETA: 0s - loss: 1.0003 - accuracy: 0.6537
26/98 [======>.......................] - ETA: 0s - loss: 1.0014 - accuracy: 0.6542
32/98 [========>.....................] - ETA: 0s - loss: 1.0008 - accuracy: 0.6537
38/98 [==========>...................] - ETA: 0s - loss: 0.9979 - accuracy: 0.6546
44/98 [============>.................] - ETA: 0s - loss: 0.9968 - accuracy: 0.6551
50/98 [==============>...............] - ETA: 0s - loss: 0.9928 - accuracy: 0.6561
57/98 [================>.............] - ETA: 0s - loss: 0.9909 - accuracy: 0.6570
63/98 [==================>...........] - ETA: 0s - loss: 0.9927 - accuracy: 0.6560
69/98 [====================>.........] - ETA: 0s - loss: 0.9930 - accuracy: 0.6564
75/98 [=====================>........] - ETA: 0s - loss: 0.9934 - accuracy: 0.6563
81/98 [=======================>......] - ETA: 0s - loss: 0.9936 - accuracy: 0.6566
88/98 [=========================>....] - ETA: 0s - loss: 0.9939 - accuracy: 0.6564
94/98 [===========================>..] - ETA: 0s - loss: 0.9929 - accuracy: 0.6561
98/98 [==============================] - 1s 15ms/step - loss: 0.9925 - accuracy: 0.6564 - val_loss: 1.0261 - val_accuracy: 0.6448
Epoch 26/144

 1/98 [..............................] - ETA: 1s - loss: 0.9256 - accuracy: 0.6680
 7/98 [=>............................] - ETA: 0s - loss: 0.9758 - accuracy: 0.6655
13/98 [==>...........................] - ETA: 0s - loss: 0.9712 - accuracy: 0.6639
20/98 [=====>........................] - ETA: 0s - loss: 0.9786 - accuracy: 0.6619
26/98 [======>.......................] - ETA: 0s - loss: 0.9785 - accuracy: 0.6601
33/98 [=========>....................] - ETA: 0s - loss: 0.9813 - accuracy: 0.6594
40/98 [===========>..................] - ETA: 0s - loss: 0.9830 - accuracy: 0.6578
46/98 [=============>................] - ETA: 0s - loss: 0.9815 - accuracy: 0.6584
