2024-06-26 15:21:37.965254: I tensorflow/core/platform/cpu_feature_guard.cc:193] This TensorFlow binary is optimized with oneAPI Deep Neural Network Library (oneDNN) to use the following CPU instructions in performance-critical operations:  AVX AVX2
To enable them in other operations, rebuild TensorFlow with the appropriate compiler flags.
2024-06-26 15:21:38.653357: I tensorflow/core/common_runtime/gpu/gpu_device.cc:1616] Created device /job:localhost/replica:0/task:0/device:GPU:0 with 6656 MB memory:  -> device: 0, name: NVIDIA GeForce RTX 4060 Ti, pci bus id: 0000:01:00.0, compute capability: 8.9
1 Physical GPUs, 1 Logical GPUs
Model: "sequential"
_________________________________________________________________
 Layer (type)                Output Shape              Param #   
=================================================================
 conv2d (Conv2D)             (None, 32, 32, 32)        896       
                                                                 
 max_pooling2d (MaxPooling2D  (None, 16, 16, 32)       0         
 )                                                               
                                                                 
 batch_normalization (BatchN  (None, 16, 16, 32)       128       
 ormalization)                                                   
                                                                 
 dropout (Dropout)           (None, 16, 16, 32)        0         
                                                                 
 flatten (Flatten)           (None, 8192)              0         
                                                                 
 dense (Dense)               (None, 10)                81930     
                                                                 
=================================================================
Total params: 82,954
Trainable params: 82,890
Non-trainable params: 64
_________________________________________________________________
Taxa de aprendizado:  0.0001 Num de épocas:  144 Tamanho do lote:  512 Dropout:  0.46313
Epoch 1/144
2024-06-26 15:21:39.901749: I tensorflow/stream_executor/cuda/cuda_dnn.cc:384] Loaded cuDNN version 8100
2024-06-26 15:21:40.828576: W tensorflow/stream_executor/gpu/redzone_allocator.cc:314] INTERNAL: ptxas exited with non-zero error code -1, output: 
Relying on driver to perform ptx compilation. 
Modify $PATH to customize ptxas location.
This message will be only logged once.
2024-06-26 15:21:41.670312: I tensorflow/stream_executor/cuda/cuda_blas.cc:1614] TensorFloat-32 will be used for the matrix multiplication. This will only be logged once.

 1/98 [..............................] - ETA: 4:42 - loss: 3.1609 - accuracy: 0.1035
 6/98 [>.............................] - ETA: 1s - loss: 2.9901 - accuracy: 0.1143  
11/98 [==>...........................] - ETA: 1s - loss: 2.8505 - accuracy: 0.1277
16/98 [===>..........................] - ETA: 0s - loss: 2.7662 - accuracy: 0.1428
23/98 [======>.......................] - ETA: 0s - loss: 2.6827 - accuracy: 0.1596
28/98 [=======>......................] - ETA: 0s - loss: 2.6324 - accuracy: 0.1687
32/98 [========>.....................] - ETA: 0s - loss: 2.5911 - accuracy: 0.1772
36/98 [==========>...................] - ETA: 0s - loss: 2.5579 - accuracy: 0.1847
40/98 [===========>..................] - ETA: 0s - loss: 2.5271 - accuracy: 0.1904
44/98 [============>.................] - ETA: 0s - loss: 2.5012 - accuracy: 0.1966
49/98 [==============>...............] - ETA: 0s - loss: 2.4700 - accuracy: 0.2042
54/98 [===============>..............] - ETA: 0s - loss: 2.4451 - accuracy: 0.2095
59/98 [=================>............] - ETA: 0s - loss: 2.4192 - accuracy: 0.2159
64/98 [==================>...........] - ETA: 0s - loss: 2.3968 - accuracy: 0.2208
69/98 [====================>.........] - ETA: 0s - loss: 2.3755 - accuracy: 0.2270
73/98 [=====================>........] - ETA: 0s - loss: 2.3613 - accuracy: 0.2300
77/98 [======================>.......] - ETA: 0s - loss: 2.3466 - accuracy: 0.2344
82/98 [========================>.....] - ETA: 0s - loss: 2.3285 - accuracy: 0.2383
87/98 [=========================>....] - ETA: 0s - loss: 2.3117 - accuracy: 0.2423
92/98 [===========================>..] - ETA: 0s - loss: 2.2954 - accuracy: 0.2463
96/98 [============================>.] - ETA: 0s - loss: 2.2832 - accuracy: 0.2493
98/98 [==============================] - 5s 22ms/step - loss: 2.2759 - accuracy: 0.2508 - val_loss: 2.1432 - val_accuracy: 0.2437
Epoch 2/144

 1/98 [..............................] - ETA: 3s - loss: 2.0075 - accuracy: 0.3301
 6/98 [>.............................] - ETA: 1s - loss: 1.9798 - accuracy: 0.3265
11/98 [==>...........................] - ETA: 0s - loss: 1.9683 - accuracy: 0.3345
16/98 [===>..........................] - ETA: 0s - loss: 1.9572 - accuracy: 0.3367
21/98 [=====>........................] - ETA: 0s - loss: 1.9557 - accuracy: 0.3375
27/98 [=======>......................] - ETA: 0s - loss: 1.9462 - accuracy: 0.3384
31/98 [========>.....................] - ETA: 0s - loss: 1.9467 - accuracy: 0.3398
36/98 [==========>...................] - ETA: 0s - loss: 1.9427 - accuracy: 0.3409
41/98 [===========>..................] - ETA: 0s - loss: 1.9324 - accuracy: 0.3415
45/98 [============>.................] - ETA: 0s - loss: 1.9245 - accuracy: 0.3439
50/98 [==============>...............] - ETA: 0s - loss: 1.9145 - accuracy: 0.3457
55/98 [===============>..............] - ETA: 0s - loss: 1.9078 - accuracy: 0.3472
59/98 [=================>............] - ETA: 0s - loss: 1.9066 - accuracy: 0.3477
64/98 [==================>...........] - ETA: 0s - loss: 1.9014 - accuracy: 0.3486
69/98 [====================>.........] - ETA: 0s - loss: 1.8955 - accuracy: 0.3508
73/98 [=====================>........] - ETA: 0s - loss: 1.8895 - accuracy: 0.3525
78/98 [======================>.......] - ETA: 0s - loss: 1.8842 - accuracy: 0.3541
82/98 [========================>.....] - ETA: 0s - loss: 1.8809 - accuracy: 0.3552
87/98 [=========================>....] - ETA: 0s - loss: 1.8765 - accuracy: 0.3562
92/98 [===========================>..] - ETA: 0s - loss: 1.8717 - accuracy: 0.3580
96/98 [============================>.] - ETA: 0s - loss: 1.8688 - accuracy: 0.3593
98/98 [==============================] - 2s 19ms/step - loss: 1.8670 - accuracy: 0.3596 - val_loss: 2.0099 - val_accuracy: 0.3597
Epoch 3/144

 1/98 [..............................] - ETA: 3s - loss: 1.8328 - accuracy: 0.3555
 7/98 [=>............................] - ETA: 0s - loss: 1.7596 - accuracy: 0.3878
13/98 [==>...........................] - ETA: 0s - loss: 1.7623 - accuracy: 0.3936
19/98 [====>.........................] - ETA: 0s - loss: 1.7495 - accuracy: 0.3961
24/98 [======>.......................] - ETA: 0s - loss: 1.7392 - accuracy: 0.4000
30/98 [========>.....................] - ETA: 0s - loss: 1.7339 - accuracy: 0.4023
35/98 [=========>....................] - ETA: 0s - loss: 1.7246 - accuracy: 0.4042
41/98 [===========>..................] - ETA: 0s - loss: 1.7222 - accuracy: 0.4055
46/98 [=============>................] - ETA: 0s - loss: 1.7206 - accuracy: 0.4064
50/98 [==============>...............] - ETA: 0s - loss: 1.7212 - accuracy: 0.4057
55/98 [===============>..............] - ETA: 0s - loss: 1.7159 - accuracy: 0.4072
59/98 [=================>............] - ETA: 0s - loss: 1.7109 - accuracy: 0.4083
63/98 [==================>...........] - ETA: 0s - loss: 1.7121 - accuracy: 0.4080
68/98 [===================>..........] - ETA: 0s - loss: 1.7114 - accuracy: 0.4077
73/98 [=====================>........] - ETA: 0s - loss: 1.7067 - accuracy: 0.4089
77/98 [======================>.......] - ETA: 0s - loss: 1.7061 - accuracy: 0.4091
82/98 [========================>.....] - ETA: 0s - loss: 1.7047 - accuracy: 0.4098
87/98 [=========================>....] - ETA: 0s - loss: 1.7011 - accuracy: 0.4120
91/98 [==========================>...] - ETA: 0s - loss: 1.6988 - accuracy: 0.4131
96/98 [============================>.] - ETA: 0s - loss: 1.6942 - accuracy: 0.4143
98/98 [==============================] - 2s 19ms/step - loss: 1.6929 - accuracy: 0.4145 - val_loss: 1.8594 - val_accuracy: 0.4138
Epoch 4/144

 1/98 [..............................] - ETA: 2s - loss: 1.6422 - accuracy: 0.3926
 6/98 [>.............................] - ETA: 1s - loss: 1.6420 - accuracy: 0.4154
11/98 [==>...........................] - ETA: 1s - loss: 1.6179 - accuracy: 0.4258
16/98 [===>..........................] - ETA: 0s - loss: 1.6182 - accuracy: 0.4283
21/98 [=====>........................] - ETA: 0s - loss: 1.6125 - accuracy: 0.4319
27/98 [=======>......................] - ETA: 0s - loss: 1.6152 - accuracy: 0.4337
32/98 [========>.....................] - ETA: 0s - loss: 1.6131 - accuracy: 0.4352
38/98 [==========>...................] - ETA: 0s - loss: 1.6078 - accuracy: 0.4370
43/98 [============>.................] - ETA: 0s - loss: 1.6054 - accuracy: 0.4389
48/98 [=============>................] - ETA: 0s - loss: 1.6053 - accuracy: 0.4389
53/98 [===============>..............] - ETA: 0s - loss: 1.6024 - accuracy: 0.4399
57/98 [================>.............] - ETA: 0s - loss: 1.6006 - accuracy: 0.4411
64/98 [==================>...........] - ETA: 0s - loss: 1.5944 - accuracy: 0.4427
68/98 [===================>..........] - ETA: 0s - loss: 1.5938 - accuracy: 0.4428
73/98 [=====================>........] - ETA: 0s - loss: 1.5925 - accuracy: 0.4440
78/98 [======================>.......] - ETA: 0s - loss: 1.5884 - accuracy: 0.4445
82/98 [========================>.....] - ETA: 0s - loss: 1.5879 - accuracy: 0.4451
86/98 [=========================>....] - ETA: 0s - loss: 1.5864 - accuracy: 0.4461
90/98 [==========================>...] - ETA: 0s - loss: 1.5872 - accuracy: 0.4461
95/98 [============================>.] - ETA: 0s - loss: 1.5824 - accuracy: 0.4480
98/98 [==============================] - 2s 19ms/step - loss: 1.5800 - accuracy: 0.4485 - val_loss: 1.6856 - val_accuracy: 0.4623
Epoch 5/144

 1/98 [..............................] - ETA: 3s - loss: 1.5656 - accuracy: 0.4258
 6/98 [>.............................] - ETA: 1s - loss: 1.5263 - accuracy: 0.4706
11/98 [==>...........................] - ETA: 1s - loss: 1.5182 - accuracy: 0.4723
15/98 [===>..........................] - ETA: 1s - loss: 1.5204 - accuracy: 0.4701
20/98 [=====>........................] - ETA: 0s - loss: 1.5197 - accuracy: 0.4730
26/98 [======>.......................] - ETA: 0s - loss: 1.5130 - accuracy: 0.4741
32/98 [========>.....................] - ETA: 0s - loss: 1.5188 - accuracy: 0.4727
38/98 [==========>...................] - ETA: 0s - loss: 1.5235 - accuracy: 0.4693
43/98 [============>.................] - ETA: 0s - loss: 1.5175 - accuracy: 0.4695
49/98 [==============>...............] - ETA: 0s - loss: 1.5145 - accuracy: 0.4698
53/98 [===============>..............] - ETA: 0s - loss: 1.5113 - accuracy: 0.4698
57/98 [================>.............] - ETA: 0s - loss: 1.5094 - accuracy: 0.4715
62/98 [=================>............] - ETA: 0s - loss: 1.5086 - accuracy: 0.4718
66/98 [===================>..........] - ETA: 0s - loss: 1.5090 - accuracy: 0.4721
71/98 [====================>.........] - ETA: 0s - loss: 1.5111 - accuracy: 0.4715
75/98 [=====================>........] - ETA: 0s - loss: 1.5082 - accuracy: 0.4725
79/98 [=======================>......] - ETA: 0s - loss: 1.5067 - accuracy: 0.4737
85/98 [=========================>....] - ETA: 0s - loss: 1.5062 - accuracy: 0.4737
89/98 [==========================>...] - ETA: 0s - loss: 1.5026 - accuracy: 0.4748
93/98 [===========================>..] - ETA: 0s - loss: 1.5025 - accuracy: 0.4753
97/98 [============================>.] - ETA: 0s - loss: 1.4997 - accuracy: 0.4763
98/98 [==============================] - 2s 19ms/step - loss: 1.4997 - accuracy: 0.4765 - val_loss: 1.5135 - val_accuracy: 0.5019
Epoch 6/144

 1/98 [..............................] - ETA: 2s - loss: 1.4820 - accuracy: 0.4844
 5/98 [>.............................] - ETA: 1s - loss: 1.4083 - accuracy: 0.4957
10/98 [==>...........................] - ETA: 1s - loss: 1.4185 - accuracy: 0.4969
14/98 [===>..........................] - ETA: 1s - loss: 1.4274 - accuracy: 0.5011
18/98 [====>.........................] - ETA: 1s - loss: 1.4316 - accuracy: 0.5010
23/98 [======>.......................] - ETA: 0s - loss: 1.4387 - accuracy: 0.4983
27/98 [=======>......................] - ETA: 0s - loss: 1.4399 - accuracy: 0.4982
32/98 [========>.....................] - ETA: 0s - loss: 1.4426 - accuracy: 0.4968
37/98 [==========>...................] - ETA: 0s - loss: 1.4467 - accuracy: 0.4942
43/98 [============>.................] - ETA: 0s - loss: 1.4408 - accuracy: 0.4951
49/98 [==============>...............] - ETA: 0s - loss: 1.4418 - accuracy: 0.4933
55/98 [===============>..............] - ETA: 0s - loss: 1.4421 - accuracy: 0.4935
60/98 [=================>............] - ETA: 0s - loss: 1.4435 - accuracy: 0.4943
65/98 [==================>...........] - ETA: 0s - loss: 1.4402 - accuracy: 0.4959
70/98 [====================>.........] - ETA: 0s - loss: 1.4371 - accuracy: 0.4969
76/98 [======================>.......] - ETA: 0s - loss: 1.4353 - accuracy: 0.4982
81/98 [=======================>......] - ETA: 0s - loss: 1.4355 - accuracy: 0.4969
87/98 [=========================>....] - ETA: 0s - loss: 1.4313 - accuracy: 0.4987
93/98 [===========================>..] - ETA: 0s - loss: 1.4312 - accuracy: 0.4986
98/98 [==============================] - ETA: 0s - loss: 1.4306 - accuracy: 0.4993
98/98 [==============================] - 2s 18ms/step - loss: 1.4306 - accuracy: 0.4993 - val_loss: 1.3779 - val_accuracy: 0.5350
Epoch 7/144

 1/98 [..............................] - ETA: 3s - loss: 1.4154 - accuracy: 0.5078
 6/98 [>.............................] - ETA: 1s - loss: 1.4106 - accuracy: 0.5117
10/98 [==>...........................] - ETA: 1s - loss: 1.4037 - accuracy: 0.5164
15/98 [===>..........................] - ETA: 1s - loss: 1.4058 - accuracy: 0.5117
20/98 [=====>........................] - ETA: 1s - loss: 1.3920 - accuracy: 0.5123
25/98 [======>.......................] - ETA: 0s - loss: 1.3834 - accuracy: 0.5158
29/98 [=======>......................] - ETA: 0s - loss: 1.3783 - accuracy: 0.5179
34/98 [=========>....................] - ETA: 0s - loss: 1.3841 - accuracy: 0.5152
39/98 [==========>...................] - ETA: 0s - loss: 1.3882 - accuracy: 0.5132
44/98 [============>.................] - ETA: 0s - loss: 1.3867 - accuracy: 0.5120
48/98 [=============>................] - ETA: 0s - loss: 1.3842 - accuracy: 0.5131
53/98 [===============>..............] - ETA: 0s - loss: 1.3850 - accuracy: 0.5136
58/98 [================>.............] - ETA: 0s - loss: 1.3838 - accuracy: 0.5142
62/98 [=================>............] - ETA: 0s - loss: 1.3821 - accuracy: 0.5147
67/98 [===================>..........] - ETA: 0s - loss: 1.3842 - accuracy: 0.5131
73/98 [=====================>........] - ETA: 0s - loss: 1.3821 - accuracy: 0.5141
79/98 [=======================>......] - ETA: 0s - loss: 1.3818 - accuracy: 0.5150
85/98 [=========================>....] - ETA: 0s - loss: 1.3816 - accuracy: 0.5147
91/98 [==========================>...] - ETA: 0s - loss: 1.3816 - accuracy: 0.5147
96/98 [============================>.] - ETA: 0s - loss: 1.3782 - accuracy: 0.5162
98/98 [==============================] - 2s 18ms/step - loss: 1.3775 - accuracy: 0.5167 - val_loss: 1.2963 - val_accuracy: 0.5517
Epoch 8/144

 1/98 [..............................] - ETA: 3s - loss: 1.4123 - accuracy: 0.4863
 6/98 [>.............................] - ETA: 1s - loss: 1.3531 - accuracy: 0.5241
11/98 [==>...........................] - ETA: 1s - loss: 1.3543 - accuracy: 0.5236
16/98 [===>..........................] - ETA: 1s - loss: 1.3477 - accuracy: 0.5237
20/98 [=====>........................] - ETA: 1s - loss: 1.3535 - accuracy: 0.5218
25/98 [======>.......................] - ETA: 0s - loss: 1.3526 - accuracy: 0.5236
30/98 [========>.....................] - ETA: 0s - loss: 1.3453 - accuracy: 0.5243
35/98 [=========>....................] - ETA: 0s - loss: 1.3431 - accuracy: 0.5262
40/98 [===========>..................] - ETA: 0s - loss: 1.3460 - accuracy: 0.5260
44/98 [============>.................] - ETA: 0s - loss: 1.3466 - accuracy: 0.5269
49/98 [==============>...............] - ETA: 0s - loss: 1.3383 - accuracy: 0.5297
54/98 [===============>..............] - ETA: 0s - loss: 1.3396 - accuracy: 0.5305
58/98 [================>.............] - ETA: 0s - loss: 1.3372 - accuracy: 0.5309
62/98 [=================>............] - ETA: 0s - loss: 1.3369 - accuracy: 0.5304
66/98 [===================>..........] - ETA: 0s - loss: 1.3371 - accuracy: 0.5303
71/98 [====================>.........] - ETA: 0s - loss: 1.3350 - accuracy: 0.5311
76/98 [======================>.......] - ETA: 0s - loss: 1.3362 - accuracy: 0.5305
81/98 [=======================>......] - ETA: 0s - loss: 1.3378 - accuracy: 0.5300
85/98 [=========================>....] - ETA: 0s - loss: 1.3390 - accuracy: 0.5295
91/98 [==========================>...] - ETA: 0s - loss: 1.3380 - accuracy: 0.5305
96/98 [============================>.] - ETA: 0s - loss: 1.3384 - accuracy: 0.5310
98/98 [==============================] - 2s 18ms/step - loss: 1.3395 - accuracy: 0.5307 - val_loss: 1.2537 - val_accuracy: 0.5636
Epoch 9/144

 1/98 [..............................] - ETA: 3s - loss: 1.2902 - accuracy: 0.5840
 6/98 [>.............................] - ETA: 1s - loss: 1.2957 - accuracy: 0.5410
11/98 [==>...........................] - ETA: 1s - loss: 1.3178 - accuracy: 0.5341
15/98 [===>..........................] - ETA: 1s - loss: 1.3191 - accuracy: 0.5350
20/98 [=====>........................] - ETA: 1s - loss: 1.3210 - accuracy: 0.5336
25/98 [======>.......................] - ETA: 0s - loss: 1.3157 - accuracy: 0.5359
29/98 [=======>......................] - ETA: 0s - loss: 1.3121 - accuracy: 0.5384
34/98 [=========>....................] - ETA: 0s - loss: 1.3147 - accuracy: 0.5385
39/98 [==========>...................] - ETA: 0s - loss: 1.3110 - accuracy: 0.5411
44/98 [============>.................] - ETA: 0s - loss: 1.3076 - accuracy: 0.5408
49/98 [==============>...............] - ETA: 0s - loss: 1.3111 - accuracy: 0.5391
54/98 [===============>..............] - ETA: 0s - loss: 1.3089 - accuracy: 0.5416
58/98 [================>.............] - ETA: 0s - loss: 1.3069 - accuracy: 0.5420
63/98 [==================>...........] - ETA: 0s - loss: 1.3049 - accuracy: 0.5428
68/98 [===================>..........] - ETA: 0s - loss: 1.3072 - accuracy: 0.5423
73/98 [=====================>........] - ETA: 0s - loss: 1.3062 - accuracy: 0.5427
77/98 [======================>.......] - ETA: 0s - loss: 1.3055 - accuracy: 0.5432
82/98 [========================>.....] - ETA: 0s - loss: 1.3025 - accuracy: 0.5446
87/98 [=========================>....] - ETA: 0s - loss: 1.3018 - accuracy: 0.5450
92/98 [===========================>..] - ETA: 0s - loss: 1.3001 - accuracy: 0.5455
96/98 [============================>.] - ETA: 0s - loss: 1.2990 - accuracy: 0.5456
98/98 [==============================] - 2s 19ms/step - loss: 1.2993 - accuracy: 0.5452 - val_loss: 1.2316 - val_accuracy: 0.5691
Epoch 10/144

 1/98 [..............................] - ETA: 3s - loss: 1.2522 - accuracy: 0.5684
 6/98 [>.............................] - ETA: 1s - loss: 1.2982 - accuracy: 0.5492
11/98 [==>...........................] - ETA: 1s - loss: 1.2881 - accuracy: 0.5545
15/98 [===>..........................] - ETA: 1s - loss: 1.2841 - accuracy: 0.5572
20/98 [=====>........................] - ETA: 1s - loss: 1.2845 - accuracy: 0.5556
24/98 [======>.......................] - ETA: 1s - loss: 1.2862 - accuracy: 0.5544
29/98 [=======>......................] - ETA: 0s - loss: 1.2880 - accuracy: 0.5541
34/98 [=========>....................] - ETA: 0s - loss: 1.2798 - accuracy: 0.5573
39/98 [==========>...................] - ETA: 0s - loss: 1.2808 - accuracy: 0.5567
43/98 [============>.................] - ETA: 0s - loss: 1.2766 - accuracy: 0.5560
48/98 [=============>................] - ETA: 0s - loss: 1.2780 - accuracy: 0.5543
53/98 [===============>..............] - ETA: 0s - loss: 1.2743 - accuracy: 0.5558
58/98 [================>.............] - ETA: 0s - loss: 1.2718 - accuracy: 0.5566
62/98 [=================>............] - ETA: 0s - loss: 1.2718 - accuracy: 0.5571
67/98 [===================>..........] - ETA: 0s - loss: 1.2710 - accuracy: 0.5579
72/98 [=====================>........] - ETA: 0s - loss: 1.2703 - accuracy: 0.5577
77/98 [======================>.......] - ETA: 0s - loss: 1.2689 - accuracy: 0.5581
81/98 [=======================>......] - ETA: 0s - loss: 1.2697 - accuracy: 0.5580
86/98 [=========================>....] - ETA: 0s - loss: 1.2723 - accuracy: 0.5578
91/98 [==========================>...] - ETA: 0s - loss: 1.2717 - accuracy: 0.5576
96/98 [============================>.] - ETA: 0s - loss: 1.2704 - accuracy: 0.5576
98/98 [==============================] - 2s 19ms/step - loss: 1.2694 - accuracy: 0.5577 - val_loss: 1.1997 - val_accuracy: 0.5815
Epoch 11/144

 1/98 [..............................] - ETA: 3s - loss: 1.2544 - accuracy: 0.5332
 6/98 [>.............................] - ETA: 1s - loss: 1.2357 - accuracy: 0.5586
12/98 [==>...........................] - ETA: 0s - loss: 1.2341 - accuracy: 0.5648
18/98 [====>.........................] - ETA: 0s - loss: 1.2236 - accuracy: 0.5703
23/98 [======>.......................] - ETA: 0s - loss: 1.2354 - accuracy: 0.5656
28/98 [=======>......................] - ETA: 0s - loss: 1.2352 - accuracy: 0.5654
33/98 [=========>....................] - ETA: 0s - loss: 1.2362 - accuracy: 0.5663
38/98 [==========>...................] - ETA: 0s - loss: 1.2390 - accuracy: 0.5657
42/98 [===========>..................] - ETA: 0s - loss: 1.2397 - accuracy: 0.5663
47/98 [=============>................] - ETA: 0s - loss: 1.2423 - accuracy: 0.5652
52/98 [==============>...............] - ETA: 0s - loss: 1.2414 - accuracy: 0.5653
57/98 [================>.............] - ETA: 0s - loss: 1.2432 - accuracy: 0.5651
62/98 [=================>............] - ETA: 0s - loss: 1.2429 - accuracy: 0.5651
66/98 [===================>..........] - ETA: 0s - loss: 1.2442 - accuracy: 0.5647
71/98 [====================>.........] - ETA: 0s - loss: 1.2442 - accuracy: 0.5641
76/98 [======================>.......] - ETA: 0s - loss: 1.2413 - accuracy: 0.5656
81/98 [=======================>......] - ETA: 0s - loss: 1.2432 - accuracy: 0.5648
86/98 [=========================>....] - ETA: 0s - loss: 1.2414 - accuracy: 0.5652
90/98 [==========================>...] - ETA: 0s - loss: 1.2392 - accuracy: 0.5657
95/98 [============================>.] - ETA: 0s - loss: 1.2389 - accuracy: 0.5662
98/98 [==============================] - 2s 19ms/step - loss: 1.2391 - accuracy: 0.5664 - val_loss: 1.1903 - val_accuracy: 0.5813
Epoch 12/144

 1/98 [..............................] - ETA: 3s - loss: 1.2364 - accuracy: 0.5801
 7/98 [=>............................] - ETA: 0s - loss: 1.2234 - accuracy: 0.5868
13/98 [==>...........................] - ETA: 0s - loss: 1.2293 - accuracy: 0.5819
19/98 [====>.........................] - ETA: 0s - loss: 1.2263 - accuracy: 0.5785
24/98 [======>.......................] - ETA: 0s - loss: 1.2299 - accuracy: 0.5747
28/98 [=======>......................] - ETA: 0s - loss: 1.2303 - accuracy: 0.5753
33/98 [=========>....................] - ETA: 0s - loss: 1.2163 - accuracy: 0.5784
38/98 [==========>...................] - ETA: 0s - loss: 1.2211 - accuracy: 0.5773
43/98 [============>.................] - ETA: 0s - loss: 1.2237 - accuracy: 0.5754
48/98 [=============>................] - ETA: 0s - loss: 1.2211 - accuracy: 0.5770
53/98 [===============>..............] - ETA: 0s - loss: 1.2244 - accuracy: 0.5760
57/98 [================>.............] - ETA: 0s - loss: 1.2240 - accuracy: 0.5762
62/98 [=================>............] - ETA: 0s - loss: 1.2214 - accuracy: 0.5767
67/98 [===================>..........] - ETA: 0s - loss: 1.2190 - accuracy: 0.5773
71/98 [====================>.........] - ETA: 0s - loss: 1.2181 - accuracy: 0.5775
76/98 [======================>.......] - ETA: 0s - loss: 1.2155 - accuracy: 0.5786
81/98 [=======================>......] - ETA: 0s - loss: 1.2157 - accuracy: 0.5788
86/98 [=========================>....] - ETA: 0s - loss: 1.2138 - accuracy: 0.5789
90/98 [==========================>...] - ETA: 0s - loss: 1.2159 - accuracy: 0.5782
95/98 [============================>.] - ETA: 0s - loss: 1.2161 - accuracy: 0.5777
98/98 [==============================] - 2s 19ms/step - loss: 1.2172 - accuracy: 0.5767 - val_loss: 1.1781 - val_accuracy: 0.5879
Epoch 13/144

 1/98 [..............................] - ETA: 1s - loss: 1.1912 - accuracy: 0.5742
 6/98 [>.............................] - ETA: 1s - loss: 1.2145 - accuracy: 0.5794
11/98 [==>...........................] - ETA: 1s - loss: 1.2040 - accuracy: 0.5795
17/98 [====>.........................] - ETA: 0s - loss: 1.2013 - accuracy: 0.5823
23/98 [======>.......................] - ETA: 0s - loss: 1.1972 - accuracy: 0.5797
29/98 [=======>......................] - ETA: 0s - loss: 1.1996 - accuracy: 0.5802
34/98 [=========>....................] - ETA: 0s - loss: 1.1993 - accuracy: 0.5796
40/98 [===========>..................] - ETA: 0s - loss: 1.2003 - accuracy: 0.5811
45/98 [============>.................] - ETA: 0s - loss: 1.1989 - accuracy: 0.5822
51/98 [==============>...............] - ETA: 0s - loss: 1.1988 - accuracy: 0.5817
56/98 [================>.............] - ETA: 0s - loss: 1.1991 - accuracy: 0.5821
60/98 [=================>............] - ETA: 0s - loss: 1.1963 - accuracy: 0.5827
65/98 [==================>...........] - ETA: 0s - loss: 1.1958 - accuracy: 0.5825
70/98 [====================>.........] - ETA: 0s - loss: 1.1960 - accuracy: 0.5822
75/98 [=====================>........] - ETA: 0s - loss: 1.1978 - accuracy: 0.5815
79/98 [=======================>......] - ETA: 0s - loss: 1.1976 - accuracy: 0.5814
84/98 [========================>.....] - ETA: 0s - loss: 1.1967 - accuracy: 0.5813
89/98 [==========================>...] - ETA: 0s - loss: 1.1953 - accuracy: 0.5823
94/98 [===========================>..] - ETA: 0s - loss: 1.1970 - accuracy: 0.5819
98/98 [==============================] - ETA: 0s - loss: 1.1973 - accuracy: 0.5812
98/98 [==============================] - 2s 20ms/step - loss: 1.1973 - accuracy: 0.5812 - val_loss: 1.1795 - val_accuracy: 0.5864
Epoch 14/144

 1/98 [..............................] - ETA: 3s - loss: 1.2239 - accuracy: 0.5605
 7/98 [=>............................] - ETA: 0s - loss: 1.1984 - accuracy: 0.5798
13/98 [==>...........................] - ETA: 0s - loss: 1.1773 - accuracy: 0.5885
18/98 [====>.........................] - ETA: 0s - loss: 1.1798 - accuracy: 0.5885
23/98 [======>.......................] - ETA: 0s - loss: 1.1750 - accuracy: 0.5882
29/98 [=======>......................] - ETA: 0s - loss: 1.1647 - accuracy: 0.5902
35/98 [=========>....................] - ETA: 0s - loss: 1.1734 - accuracy: 0.5901
41/98 [===========>..................] - ETA: 0s - loss: 1.1751 - accuracy: 0.5884
46/98 [=============>................] - ETA: 0s - loss: 1.1749 - accuracy: 0.5887
51/98 [==============>...............] - ETA: 0s - loss: 1.1747 - accuracy: 0.5883
57/98 [================>.............] - ETA: 0s - loss: 1.1737 - accuracy: 0.5898
63/98 [==================>...........] - ETA: 0s - loss: 1.1745 - accuracy: 0.5898
69/98 [====================>.........] - ETA: 0s - loss: 1.1754 - accuracy: 0.5896
75/98 [=====================>........] - ETA: 0s - loss: 1.1724 - accuracy: 0.5906
80/98 [=======================>......] - ETA: 0s - loss: 1.1717 - accuracy: 0.5912
85/98 [=========================>....] - ETA: 0s - loss: 1.1721 - accuracy: 0.5915
90/98 [==========================>...] - ETA: 0s - loss: 1.1726 - accuracy: 0.5910
95/98 [============================>.] - ETA: 0s - loss: 1.1721 - accuracy: 0.5911
98/98 [==============================] - 2s 18ms/step - loss: 1.1706 - accuracy: 0.5913 - val_loss: 1.1573 - val_accuracy: 0.5945
Epoch 15/144

 1/98 [..............................] - ETA: 3s - loss: 1.1796 - accuracy: 0.5703
 6/98 [>.............................] - ETA: 1s - loss: 1.1726 - accuracy: 0.5898
11/98 [==>...........................] - ETA: 1s - loss: 1.1641 - accuracy: 0.5929
16/98 [===>..........................] - ETA: 1s - loss: 1.1657 - accuracy: 0.5936
21/98 [=====>........................] - ETA: 0s - loss: 1.1612 - accuracy: 0.5959
26/98 [======>.......................] - ETA: 0s - loss: 1.1553 - accuracy: 0.5968
31/98 [========>.....................] - ETA: 0s - loss: 1.1619 - accuracy: 0.5950
36/98 [==========>...................] - ETA: 0s - loss: 1.1593 - accuracy: 0.5952
42/98 [===========>..................] - ETA: 0s - loss: 1.1561 - accuracy: 0.5965
47/98 [=============>................] - ETA: 0s - loss: 1.1584 - accuracy: 0.5949
53/98 [===============>..............] - ETA: 0s - loss: 1.1561 - accuracy: 0.5947
59/98 [=================>............] - ETA: 0s - loss: 1.1583 - accuracy: 0.5951
64/98 [==================>...........] - ETA: 0s - loss: 1.1573 - accuracy: 0.5957
70/98 [====================>.........] - ETA: 0s - loss: 1.1590 - accuracy: 0.5953
75/98 [=====================>........] - ETA: 0s - loss: 1.1579 - accuracy: 0.5962
81/98 [=======================>......] - ETA: 0s - loss: 1.1580 - accuracy: 0.5957
87/98 [=========================>....] - ETA: 0s - loss: 1.1592 - accuracy: 0.5953
93/98 [===========================>..] - ETA: 0s - loss: 1.1578 - accuracy: 0.5956
98/98 [==============================] - 2s 18ms/step - loss: 1.1551 - accuracy: 0.5964 - val_loss: 1.1588 - val_accuracy: 0.5923
Epoch 16/144

 1/98 [..............................] - ETA: 3s - loss: 1.1303 - accuracy: 0.6152
 5/98 [>.............................] - ETA: 1s - loss: 1.1210 - accuracy: 0.6187
10/98 [==>...........................] - ETA: 1s - loss: 1.1422 - accuracy: 0.6014
15/98 [===>..........................] - ETA: 1s - loss: 1.1480 - accuracy: 0.6020
20/98 [=====>........................] - ETA: 1s - loss: 1.1396 - accuracy: 0.6042
25/98 [======>.......................] - ETA: 0s - loss: 1.1402 - accuracy: 0.6052
30/98 [========>.....................] - ETA: 0s - loss: 1.1346 - accuracy: 0.6057
33/98 [=========>....................] - ETA: 0s - loss: 1.1324 - accuracy: 0.6069
38/98 [==========>...................] - ETA: 0s - loss: 1.1369 - accuracy: 0.6040
42/98 [===========>..................] - ETA: 0s - loss: 1.1321 - accuracy: 0.6054
47/98 [=============>................] - ETA: 0s - loss: 1.1323 - accuracy: 0.6046
52/98 [==============>...............] - ETA: 0s - loss: 1.1344 - accuracy: 0.6036
58/98 [================>.............] - ETA: 0s - loss: 1.1343 - accuracy: 0.6032
63/98 [==================>...........] - ETA: 0s - loss: 1.1344 - accuracy: 0.6032
69/98 [====================>.........] - ETA: 0s - loss: 1.1347 - accuracy: 0.6030
75/98 [=====================>........] - ETA: 0s - loss: 1.1362 - accuracy: 0.6015
79/98 [=======================>......] - ETA: 0s - loss: 1.1386 - accuracy: 0.6013
84/98 [========================>.....] - ETA: 0s - loss: 1.1410 - accuracy: 0.6012
90/98 [==========================>...] - ETA: 0s - loss: 1.1398 - accuracy: 0.6015
95/98 [============================>.] - ETA: 0s - loss: 1.1408 - accuracy: 0.6010
98/98 [==============================] - 2s 19ms/step - loss: 1.1404 - accuracy: 0.6009 - val_loss: 1.1351 - val_accuracy: 0.6005
Epoch 17/144

 1/98 [..............................] - ETA: 3s - loss: 1.1048 - accuracy: 0.5977
 6/98 [>.............................] - ETA: 1s - loss: 1.0927 - accuracy: 0.6204
10/98 [==>...........................] - ETA: 1s - loss: 1.1110 - accuracy: 0.6088
15/98 [===>..........................] - ETA: 1s - loss: 1.1105 - accuracy: 0.6096
20/98 [=====>........................] - ETA: 1s - loss: 1.1147 - accuracy: 0.6109
25/98 [======>.......................] - ETA: 0s - loss: 1.1172 - accuracy: 0.6091
29/98 [=======>......................] - ETA: 0s - loss: 1.1161 - accuracy: 0.6097
33/98 [=========>....................] - ETA: 0s - loss: 1.1194 - accuracy: 0.6101
38/98 [==========>...................] - ETA: 0s - loss: 1.1200 - accuracy: 0.6108
43/98 [============>.................] - ETA: 0s - loss: 1.1211 - accuracy: 0.6098
47/98 [=============>................] - ETA: 0s - loss: 1.1204 - accuracy: 0.6093
52/98 [==============>...............] - ETA: 0s - loss: 1.1182 - accuracy: 0.6105
57/98 [================>.............] - ETA: 0s - loss: 1.1174 - accuracy: 0.6097
62/98 [=================>............] - ETA: 0s - loss: 1.1182 - accuracy: 0.6097
66/98 [===================>..........] - ETA: 0s - loss: 1.1193 - accuracy: 0.6094
72/98 [=====================>........] - ETA: 0s - loss: 1.1204 - accuracy: 0.6087
77/98 [======================>.......] - ETA: 0s - loss: 1.1238 - accuracy: 0.6079
83/98 [========================>.....] - ETA: 0s - loss: 1.1233 - accuracy: 0.6081
89/98 [==========================>...] - ETA: 0s - loss: 1.1230 - accuracy: 0.6078
94/98 [===========================>..] - ETA: 0s - loss: 1.1229 - accuracy: 0.6083
98/98 [==============================] - 2s 18ms/step - loss: 1.1234 - accuracy: 0.6077 - val_loss: 1.1181 - val_accuracy: 0.6107
Epoch 18/144

 1/98 [..............................] - ETA: 1s - loss: 1.0054 - accuracy: 0.6621
 5/98 [>.............................] - ETA: 1s - loss: 1.0656 - accuracy: 0.6227
10/98 [==>...........................] - ETA: 1s - loss: 1.0778 - accuracy: 0.6242
15/98 [===>..........................] - ETA: 1s - loss: 1.0924 - accuracy: 0.6195
20/98 [=====>........................] - ETA: 1s - loss: 1.0933 - accuracy: 0.6206
25/98 [======>.......................] - ETA: 0s - loss: 1.0984 - accuracy: 0.6191
30/98 [========>.....................] - ETA: 0s - loss: 1.1059 - accuracy: 0.6148
35/98 [=========>....................] - ETA: 0s - loss: 1.1092 - accuracy: 0.6127
40/98 [===========>..................] - ETA: 0s - loss: 1.1123 - accuracy: 0.6112
45/98 [============>.................] - ETA: 0s - loss: 1.1119 - accuracy: 0.6125
49/98 [==============>...............] - ETA: 0s - loss: 1.1114 - accuracy: 0.6129
54/98 [===============>..............] - ETA: 0s - loss: 1.1097 - accuracy: 0.6140
59/98 [=================>............] - ETA: 0s - loss: 1.1089 - accuracy: 0.6147
63/98 [==================>...........] - ETA: 0s - loss: 1.1076 - accuracy: 0.6148
68/98 [===================>..........] - ETA: 0s - loss: 1.1048 - accuracy: 0.6165
73/98 [=====================>........] - ETA: 0s - loss: 1.1039 - accuracy: 0.6164
78/98 [======================>.......] - ETA: 0s - loss: 1.1043 - accuracy: 0.6167
83/98 [========================>.....] - ETA: 0s - loss: 1.1078 - accuracy: 0.6159
88/98 [=========================>....] - ETA: 0s - loss: 1.1065 - accuracy: 0.6156
93/98 [===========================>..] - ETA: 0s - loss: 1.1056 - accuracy: 0.6161
98/98 [==============================] - 2s 18ms/step - loss: 1.1068 - accuracy: 0.6158 - val_loss: 1.1094 - val_accuracy: 0.6108
Epoch 19/144

 1/98 [..............................] - ETA: 3s - loss: 1.0964 - accuracy: 0.6309
 6/98 [>.............................] - ETA: 1s - loss: 1.0904 - accuracy: 0.6224
11/98 [==>...........................] - ETA: 1s - loss: 1.0857 - accuracy: 0.6252
16/98 [===>..........................] - ETA: 1s - loss: 1.0852 - accuracy: 0.6251
21/98 [=====>........................] - ETA: 0s - loss: 1.0878 - accuracy: 0.6251
25/98 [======>.......................] - ETA: 0s - loss: 1.0824 - accuracy: 0.6270
29/98 [=======>......................] - ETA: 0s - loss: 1.0832 - accuracy: 0.6257
34/98 [=========>....................] - ETA: 0s - loss: 1.0841 - accuracy: 0.6252
39/98 [==========>...................] - ETA: 0s - loss: 1.0862 - accuracy: 0.6243
44/98 [============>.................] - ETA: 0s - loss: 1.0859 - accuracy: 0.6235
48/98 [=============>................] - ETA: 0s - loss: 1.0848 - accuracy: 0.6236
53/98 [===============>..............] - ETA: 0s - loss: 1.0850 - accuracy: 0.6228
58/98 [================>.............] - ETA: 0s - loss: 1.0878 - accuracy: 0.6218
62/98 [=================>............] - ETA: 0s - loss: 1.0877 - accuracy: 0.6219
67/98 [===================>..........] - ETA: 0s - loss: 1.0884 - accuracy: 0.6215
72/98 [=====================>........] - ETA: 0s - loss: 1.0903 - accuracy: 0.6208
77/98 [======================>.......] - ETA: 0s - loss: 1.0915 - accuracy: 0.6206
82/98 [========================>.....] - ETA: 0s - loss: 1.0939 - accuracy: 0.6196
86/98 [=========================>....] - ETA: 0s - loss: 1.0948 - accuracy: 0.6194
91/98 [==========================>...] - ETA: 0s - loss: 1.0962 - accuracy: 0.6181
96/98 [============================>.] - ETA: 0s - loss: 1.0955 - accuracy: 0.6185
98/98 [==============================] - 2s 18ms/step - loss: 1.0953 - accuracy: 0.6182 - val_loss: 1.1176 - val_accuracy: 0.6094
Epoch 20/144

 1/98 [..............................] - ETA: 3s - loss: 1.1542 - accuracy: 0.5742
 7/98 [=>............................] - ETA: 0s - loss: 1.0985 - accuracy: 0.6085
13/98 [==>...........................] - ETA: 0s - loss: 1.0899 - accuracy: 0.6163
18/98 [====>.........................] - ETA: 0s - loss: 1.0786 - accuracy: 0.6187
23/98 [======>.......................] - ETA: 0s - loss: 1.0858 - accuracy: 0.6208
28/98 [=======>......................] - ETA: 0s - loss: 1.0891 - accuracy: 0.6204
33/98 [=========>....................] - ETA: 0s - loss: 1.0852 - accuracy: 0.6212
38/98 [==========>...................] - ETA: 0s - loss: 1.0821 - accuracy: 0.6210
43/98 [============>.................] - ETA: 0s - loss: 1.0861 - accuracy: 0.6198
48/98 [=============>................] - ETA: 0s - loss: 1.0852 - accuracy: 0.6203
52/98 [==============>...............] - ETA: 0s - loss: 1.0852 - accuracy: 0.6205
57/98 [================>.............] - ETA: 0s - loss: 1.0855 - accuracy: 0.6206
61/98 [=================>............] - ETA: 0s - loss: 1.0839 - accuracy: 0.6221
66/98 [===================>..........] - ETA: 0s - loss: 1.0850 - accuracy: 0.6228
71/98 [====================>.........] - ETA: 0s - loss: 1.0856 - accuracy: 0.6228
76/98 [======================>.......] - ETA: 0s - loss: 1.0867 - accuracy: 0.6231
81/98 [=======================>......] - ETA: 0s - loss: 1.0868 - accuracy: 0.6229
85/98 [=========================>....] - ETA: 0s - loss: 1.0855 - accuracy: 0.6233
90/98 [==========================>...] - ETA: 0s - loss: 1.0830 - accuracy: 0.6240
94/98 [===========================>..] - ETA: 0s - loss: 1.0816 - accuracy: 0.6245
98/98 [==============================] - 2s 19ms/step - loss: 1.0822 - accuracy: 0.6243 - val_loss: 1.1126 - val_accuracy: 0.6113
Epoch 21/144

 1/98 [..............................] - ETA: 1s - loss: 1.0092 - accuracy: 0.6465
 5/98 [>.............................] - ETA: 1s - loss: 1.0307 - accuracy: 0.6387
11/98 [==>...........................] - ETA: 0s - loss: 1.0593 - accuracy: 0.6284
17/98 [====>.........................] - ETA: 0s - loss: 1.0644 - accuracy: 0.6293
23/98 [======>.......................] - ETA: 0s - loss: 1.0645 - accuracy: 0.6315
28/98 [=======>......................] - ETA: 0s - loss: 1.0687 - accuracy: 0.6303
34/98 [=========>....................] - ETA: 0s - loss: 1.0606 - accuracy: 0.6353
39/98 [==========>...................] - ETA: 0s - loss: 1.0676 - accuracy: 0.6321
45/98 [============>.................] - ETA: 0s - loss: 1.0674 - accuracy: 0.6313
51/98 [==============>...............] - ETA: 0s - loss: 1.0670 - accuracy: 0.6301
57/98 [================>.............] - ETA: 0s - loss: 1.0696 - accuracy: 0.6282
62/98 [=================>............] - ETA: 0s - loss: 1.0701 - accuracy: 0.6272
