2024-06-25 13:21:13.784868: I tensorflow/core/platform/cpu_feature_guard.cc:193] This TensorFlow binary is optimized with oneAPI Deep Neural Network Library (oneDNN) to use the following CPU instructions in performance-critical operations:  AVX AVX2
To enable them in other operations, rebuild TensorFlow with the appropriate compiler flags.
2024-06-25 13:21:14.387531: I tensorflow/core/common_runtime/gpu/gpu_device.cc:1616] Created device /job:localhost/replica:0/task:0/device:GPU:0 with 6656 MB memory:  -> device: 0, name: NVIDIA GeForce RTX 4060 Ti, pci bus id: 0000:01:00.0, compute capability: 8.9
1 Physical GPUs, 1 Logical GPUs
Model: "sequential"
_________________________________________________________________
 Layer (type)                Output Shape              Param #   
=================================================================
 conv2d (Conv2D)             (None, 32, 32, 32)        896       
                                                                 
 max_pooling2d (MaxPooling2D  (None, 16, 16, 32)       0         
 )                                                               
                                                                 
 batch_normalization (BatchN  (None, 16, 16, 32)       128       
 ormalization)                                                   
                                                                 
 conv2d_1 (Conv2D)           (None, 16, 16, 32)        82976     
                                                                 
 batch_normalization_1 (Batc  (None, 16, 16, 32)       128       
 hNormalization)                                                 
                                                                 
 conv2d_2 (Conv2D)           (None, 16, 16, 32)        25632     
                                                                 
 dropout (Dropout)           (None, 16, 16, 32)        0         
                                                                 
 flatten (Flatten)           (None, 8192)              0         
                                                                 
 dense (Dense)               (None, 10)                81930     
                                                                 
=================================================================
Total params: 191,690
Trainable params: 191,562
Non-trainable params: 128
_________________________________________________________________
Taxa de aprendizado:  1 Num de épocas:  288 Tamanho do lote:  512 Dropout:  0.16129
Epoch 1/288
2024-06-25 13:21:15.975530: I tensorflow/stream_executor/cuda/cuda_dnn.cc:384] Loaded cuDNN version 8100
2024-06-25 13:21:16.837395: W tensorflow/stream_executor/gpu/redzone_allocator.cc:314] INTERNAL: ptxas exited with non-zero error code -1, output: 
Relying on driver to perform ptx compilation. 
Modify $PATH to customize ptxas location.
This message will be only logged once.
2024-06-25 13:21:17.998749: I tensorflow/stream_executor/cuda/cuda_blas.cc:1614] TensorFloat-32 will be used for the matrix multiplication. This will only be logged once.

 1/98 [..............................] - ETA: 6:29 - loss: 2.7456 - accuracy: 0.0918
 3/98 [..............................] - ETA: 4s - loss: 253211.2656 - accuracy: 0.0957
 5/98 [>.............................] - ETA: 4s - loss: 154269.4688 - accuracy: 0.0891
 7/98 [=>............................] - ETA: 3s - loss: 110193.2734 - accuracy: 0.0915
 9/98 [=>............................] - ETA: 3s - loss: 85731.5469 - accuracy: 0.0916 
11/98 [==>...........................] - ETA: 3s - loss: 70178.1094 - accuracy: 0.0918
13/98 [==>...........................] - ETA: 3s - loss: 59396.5039 - accuracy: 0.0938
15/98 [===>..........................] - ETA: 3s - loss: 51481.4023 - accuracy: 0.0954
17/98 [====>.........................] - ETA: 3s - loss: 45430.1484 - accuracy: 0.0958
19/98 [====>.........................] - ETA: 3s - loss: 40666.0938 - accuracy: 0.0946
21/98 [=====>........................] - ETA: 3s - loss: 36793.5078 - accuracy: 0.0965
23/98 [======>.......................] - ETA: 2s - loss: 33594.8633 - accuracy: 0.0963
25/98 [======>.......................] - ETA: 2s - loss: 30907.4746 - accuracy: 0.0972
27/98 [=======>......................] - ETA: 2s - loss: 28618.2129 - accuracy: 0.0988
29/98 [=======>......................] - ETA: 2s - loss: 26644.7070 - accuracy: 0.0986
31/98 [========>.....................] - ETA: 2s - loss: 24927.0918 - accuracy: 0.0987
33/98 [=========>....................] - ETA: 2s - loss: 23416.5547 - accuracy: 0.0983
36/98 [==========>...................] - ETA: 2s - loss: 21466.1758 - accuracy: 0.0984
37/98 [==========>...................] - ETA: 3s - loss: 21083.2422 - accuracy: 0.0985
40/98 [===========>..................] - ETA: 2s - loss: 19505.5547 - accuracy: 0.0975
43/98 [============>.................] - ETA: 2s - loss: 18133.9004 - accuracy: 0.0977
45/98 [============>.................] - ETA: 2s - loss: 17324.0430 - accuracy: 0.0979
48/98 [=============>................] - ETA: 2s - loss: 16233.8428 - accuracy: 0.0987
51/98 [==============>...............] - ETA: 2s - loss: 15272.5684 - accuracy: 0.0981
54/98 [===============>..............] - ETA: 1s - loss: 14418.8877 - accuracy: 0.0979
56/98 [================>.............] - ETA: 1s - loss: 13900.8301 - accuracy: 0.0976
58/98 [================>.............] - ETA: 1s - loss: 13418.7129 - accuracy: 0.0974
60/98 [=================>............] - ETA: 1s - loss: 12968.9229 - accuracy: 0.0974
62/98 [=================>............] - ETA: 1s - loss: 12548.3135 - accuracy: 0.0978
64/98 [==================>...........] - ETA: 1s - loss: 12154.1348 - accuracy: 0.0977
66/98 [===================>..........] - ETA: 1s - loss: 11783.9697 - accuracy: 0.0974
68/98 [===================>..........] - ETA: 1s - loss: 11435.6895 - accuracy: 0.0978
70/98 [====================>.........] - ETA: 1s - loss: 11107.4092 - accuracy: 0.0982
72/98 [=====================>........] - ETA: 1s - loss: 10797.4551 - accuracy: 0.0979
74/98 [=====================>........] - ETA: 0s - loss: 10504.3330 - accuracy: 0.0976
76/98 [======================>.......] - ETA: 0s - loss: 10226.7080 - accuracy: 0.0974
78/98 [======================>.......] - ETA: 0s - loss: 9963.3838 - accuracy: 0.0974 
80/98 [=======================>......] - ETA: 0s - loss: 9765.1064 - accuracy: 0.0975
81/98 [=======================>......] - ETA: 0s - loss: 9644.0645 - accuracy: 0.0974
83/98 [========================>.....] - ETA: 0s - loss: 9410.7666 - accuracy: 0.0974
85/98 [=========================>....] - ETA: 0s - loss: 9189.7168 - accuracy: 0.0976
87/98 [=========================>....] - ETA: 0s - loss: 8977.6748 - accuracy: 0.0979
89/98 [==========================>...] - ETA: 0s - loss: 8775.4180 - accuracy: 0.0975
91/98 [==========================>...] - ETA: 0s - loss: 8581.8721 - accuracy: 0.0974
93/98 [===========================>..] - ETA: 0s - loss: 8396.7129 - accuracy: 0.0974
96/98 [============================>.] - ETA: 0s - loss: 8133.5557 - accuracy: 0.0973
98/98 [==============================] - 9s 53ms/step - loss: 7967.0278 - accuracy: 0.0976 - val_loss: 66029592.0000 - val_accuracy: 0.0999
Epoch 2/288

 1/98 [..............................] - ETA: 6s - loss: 2.3082 - accuracy: 0.0938
 3/98 [..............................] - ETA: 3s - loss: 2.3048 - accuracy: 0.0938
 5/98 [>.............................] - ETA: 3s - loss: 2.3078 - accuracy: 0.1012
 7/98 [=>............................] - ETA: 3s - loss: 2.3112 - accuracy: 0.0960
 9/98 [=>............................] - ETA: 3s - loss: 2.3125 - accuracy: 0.0977
11/98 [==>...........................] - ETA: 3s - loss: 2.3137 - accuracy: 0.1010
14/98 [===>..........................] - ETA: 2s - loss: 2.3142 - accuracy: 0.1010
17/98 [====>.........................] - ETA: 2s - loss: 2.3149 - accuracy: 0.1010
20/98 [=====>........................] - ETA: 2s - loss: 2.3145 - accuracy: 0.1017
22/98 [=====>........................] - ETA: 2s - loss: 2.3152 - accuracy: 0.1012
25/98 [======>.......................] - ETA: 2s - loss: 2.3147 - accuracy: 0.0994
28/98 [=======>......................] - ETA: 2s - loss: 2.3155 - accuracy: 0.0996
31/98 [========>.....................] - ETA: 2s - loss: 2.3155 - accuracy: 0.0997
34/98 [=========>....................] - ETA: 1s - loss: 2.3159 - accuracy: 0.0991
36/98 [==========>...................] - ETA: 1s - loss: 2.3153 - accuracy: 0.0988
39/98 [==========>...................] - ETA: 1s - loss: 2.3152 - accuracy: 0.0993
42/98 [===========>..................] - ETA: 1s - loss: 2.3148 - accuracy: 0.0989
45/98 [============>.................] - ETA: 1s - loss: 2.3144 - accuracy: 0.0992
48/98 [=============>................] - ETA: 1s - loss: 2.3147 - accuracy: 0.0988
50/98 [==============>...............] - ETA: 1s - loss: 2.3146 - accuracy: 0.0985
52/98 [==============>...............] - ETA: 1s - loss: 2.3149 - accuracy: 0.0989
54/98 [===============>..............] - ETA: 1s - loss: 2.3151 - accuracy: 0.0986
56/98 [================>.............] - ETA: 1s - loss: 2.3151 - accuracy: 0.0984
58/98 [================>.............] - ETA: 1s - loss: 2.3161 - accuracy: 0.0980
60/98 [=================>............] - ETA: 1s - loss: 2.3159 - accuracy: 0.0975
62/98 [=================>............] - ETA: 1s - loss: 2.3160 - accuracy: 0.0974
64/98 [==================>...........] - ETA: 1s - loss: 2.3160 - accuracy: 0.0977
66/98 [===================>..........] - ETA: 1s - loss: 2.3161 - accuracy: 0.0974
68/98 [===================>..........] - ETA: 0s - loss: 2.3161 - accuracy: 0.0973
70/98 [====================>.........] - ETA: 0s - loss: 2.3157 - accuracy: 0.0976
72/98 [=====================>........] - ETA: 0s - loss: 2.3156 - accuracy: 0.0977
74/98 [=====================>........] - ETA: 0s - loss: 2.3158 - accuracy: 0.0978
76/98 [======================>.......] - ETA: 0s - loss: 2.3156 - accuracy: 0.0980
78/98 [======================>.......] - ETA: 0s - loss: 2.3155 - accuracy: 0.0983
80/98 [=======================>......] - ETA: 0s - loss: 2.3157 - accuracy: 0.0987
82/98 [========================>.....] - ETA: 0s - loss: 2.3154 - accuracy: 0.0985
84/98 [========================>.....] - ETA: 0s - loss: 2.3152 - accuracy: 0.0985
86/98 [=========================>....] - ETA: 0s - loss: 2.3153 - accuracy: 0.0985
88/98 [=========================>....] - ETA: 0s - loss: 2.3152 - accuracy: 0.0986
91/98 [==========================>...] - ETA: 0s - loss: 2.3152 - accuracy: 0.0987
94/98 [===========================>..] - ETA: 0s - loss: 2.3151 - accuracy: 0.0990
95/98 [============================>.] - ETA: 0s - loss: 2.3151 - accuracy: 0.0990
98/98 [==============================] - ETA: 0s - loss: 2.3151 - accuracy: 0.0987
98/98 [==============================] - 4s 40ms/step - loss: 2.3151 - accuracy: 0.0987 - val_loss: 1107107.2500 - val_accuracy: 0.1348
Epoch 3/288

 1/98 [..............................] - ETA: 4s - loss: 2.3154 - accuracy: 0.1055
 4/98 [>.............................] - ETA: 2s - loss: 2.3159 - accuracy: 0.1045
 7/98 [=>............................] - ETA: 2s - loss: 2.3145 - accuracy: 0.1004
10/98 [==>...........................] - ETA: 2s - loss: 2.3156 - accuracy: 0.1027
13/98 [==>...........................] - ETA: 2s - loss: 2.3159 - accuracy: 0.1011
15/98 [===>..........................] - ETA: 2s - loss: 2.3155 - accuracy: 0.0992
17/98 [====>.........................] - ETA: 2s - loss: 2.3153 - accuracy: 0.0983
20/98 [=====>........................] - ETA: 1s - loss: 2.3154 - accuracy: 0.0989
23/98 [======>.......................] - ETA: 1s - loss: 2.3186 - accuracy: 0.0992
26/98 [======>.......................] - ETA: 1s - loss: 2.3177 - accuracy: 0.0989
30/98 [========>.....................] - ETA: 1s - loss: 2.3208 - accuracy: 0.0984
34/98 [=========>....................] - ETA: 1s - loss: 2.3220 - accuracy: 0.0981
38/98 [==========>...................] - ETA: 1s - loss: 2.3218 - accuracy: 0.0995
42/98 [===========>..................] - ETA: 1s - loss: 2.3213 - accuracy: 0.1004
46/98 [=============>................] - ETA: 1s - loss: 2.3220 - accuracy: 0.1002
50/98 [==============>...............] - ETA: 1s - loss: 2.3220 - accuracy: 0.1000
54/98 [===============>..............] - ETA: 0s - loss: 2.3218 - accuracy: 0.1013
57/98 [================>.............] - ETA: 0s - loss: 2.3220 - accuracy: 0.1006
60/98 [=================>............] - ETA: 0s - loss: 2.3221 - accuracy: 0.1005
64/98 [==================>...........] - ETA: 0s - loss: 2.3214 - accuracy: 0.1010
68/98 [===================>..........] - ETA: 0s - loss: 2.3214 - accuracy: 0.1008
71/98 [====================>.........] - ETA: 0s - loss: 2.3214 - accuracy: 0.1002
74/98 [=====================>........] - ETA: 0s - loss: 2.3218 - accuracy: 0.1000
77/98 [======================>.......] - ETA: 0s - loss: 2.3222 - accuracy: 0.0994
81/98 [=======================>......] - ETA: 0s - loss: 2.3223 - accuracy: 0.0992
84/98 [========================>.....] - ETA: 0s - loss: 2.3222 - accuracy: 0.0992
87/98 [=========================>....] - ETA: 0s - loss: 2.3218 - accuracy: 0.0993
90/98 [==========================>...] - ETA: 0s - loss: 2.3217 - accuracy: 0.0994
94/98 [===========================>..] - ETA: 0s - loss: 2.3214 - accuracy: 0.0994
98/98 [==============================] - ETA: 0s - loss: 2.3213 - accuracy: 0.0994
98/98 [==============================] - 3s 26ms/step - loss: 2.3213 - accuracy: 0.0994 - val_loss: 1914.5704 - val_accuracy: 0.0974
Epoch 4/288

 1/98 [..............................] - ETA: 3s - loss: 2.3043 - accuracy: 0.1172
 4/98 [>.............................] - ETA: 1s - loss: 2.3227 - accuracy: 0.0996
 8/98 [=>............................] - ETA: 1s - loss: 2.3229 - accuracy: 0.0989
12/98 [==>...........................] - ETA: 1s - loss: 2.3202 - accuracy: 0.1001
15/98 [===>..........................] - ETA: 1s - loss: 2.3199 - accuracy: 0.0970
18/98 [====>.........................] - ETA: 1s - loss: 2.3188 - accuracy: 0.0993
22/98 [=====>........................] - ETA: 1s - loss: 2.3196 - accuracy: 0.0995
26/98 [======>.......................] - ETA: 1s - loss: 2.3198 - accuracy: 0.0973
30/98 [========>.....................] - ETA: 1s - loss: 2.3205 - accuracy: 0.0976
34/98 [=========>....................] - ETA: 1s - loss: 2.3200 - accuracy: 0.0986
37/98 [==========>...................] - ETA: 1s - loss: 2.3203 - accuracy: 0.0982
40/98 [===========>..................] - ETA: 1s - loss: 2.3206 - accuracy: 0.0979
43/98 [============>.................] - ETA: 1s - loss: 2.3208 - accuracy: 0.0988
46/98 [=============>................] - ETA: 1s - loss: 2.3211 - accuracy: 0.0992
49/98 [==============>...............] - ETA: 0s - loss: 2.3213 - accuracy: 0.0987
52/98 [==============>...............] - ETA: 0s - loss: 2.3210 - accuracy: 0.0991
55/98 [===============>..............] - ETA: 0s - loss: 2.3215 - accuracy: 0.0987
58/98 [================>.............] - ETA: 0s - loss: 2.3214 - accuracy: 0.0985
61/98 [=================>............] - ETA: 0s - loss: 2.3210 - accuracy: 0.0987
64/98 [==================>...........] - ETA: 0s - loss: 2.3205 - accuracy: 0.0985
67/98 [===================>..........] - ETA: 0s - loss: 2.3202 - accuracy: 0.0990
71/98 [====================>.........] - ETA: 0s - loss: 2.3195 - accuracy: 0.0991
74/98 [=====================>........] - ETA: 0s - loss: 2.3195 - accuracy: 0.0987
77/98 [======================>.......] - ETA: 0s - loss: 2.3200 - accuracy: 0.0982
80/98 [=======================>......] - ETA: 0s - loss: 2.3201 - accuracy: 0.0983
83/98 [========================>.....] - ETA: 0s - loss: 2.3202 - accuracy: 0.0987
86/98 [=========================>....] - ETA: 0s - loss: 2.3205 - accuracy: 0.0986
89/98 [==========================>...] - ETA: 0s - loss: 2.3209 - accuracy: 0.0985
92/98 [===========================>..] - ETA: 0s - loss: 2.3204 - accuracy: 0.0987
95/98 [============================>.] - ETA: 0s - loss: 2.3207 - accuracy: 0.0988
98/98 [==============================] - ETA: 0s - loss: 2.3205 - accuracy: 0.0991
98/98 [==============================] - 3s 26ms/step - loss: 2.3205 - accuracy: 0.0991 - val_loss: 3.6670 - val_accuracy: 0.1000
Epoch 5/288

 1/98 [..............................] - ETA: 3s - loss: 2.3280 - accuracy: 0.0996
 4/98 [>.............................] - ETA: 1s - loss: 2.3250 - accuracy: 0.0947
 7/98 [=>............................] - ETA: 1s - loss: 2.3234 - accuracy: 0.0910
10/98 [==>...........................] - ETA: 1s - loss: 2.3203 - accuracy: 0.0967
13/98 [==>...........................] - ETA: 1s - loss: 2.3174 - accuracy: 0.1016
16/98 [===>..........................] - ETA: 1s - loss: 2.3182 - accuracy: 0.1006
19/98 [====>.........................] - ETA: 1s - loss: 2.3193 - accuracy: 0.1028
23/98 [======>.......................] - ETA: 1s - loss: 2.3174 - accuracy: 0.1031
26/98 [======>.......................] - ETA: 1s - loss: 2.3179 - accuracy: 0.1025
30/98 [========>.....................] - ETA: 1s - loss: 2.3176 - accuracy: 0.1019
33/98 [=========>....................] - ETA: 1s - loss: 2.3172 - accuracy: 0.1013
36/98 [==========>...................] - ETA: 1s - loss: 2.3177 - accuracy: 0.1013
39/98 [==========>...................] - ETA: 1s - loss: 2.3179 - accuracy: 0.1012
42/98 [===========>..................] - ETA: 1s - loss: 2.3177 - accuracy: 0.1005
45/98 [============>.................] - ETA: 1s - loss: 2.3181 - accuracy: 0.0999
48/98 [=============>................] - ETA: 1s - loss: 2.3180 - accuracy: 0.1002
51/98 [==============>...............] - ETA: 0s - loss: 2.3189 - accuracy: 0.0999
54/98 [===============>..............] - ETA: 0s - loss: 2.3193 - accuracy: 0.0996
57/98 [================>.............] - ETA: 0s - loss: 2.3191 - accuracy: 0.0998
60/98 [=================>............] - ETA: 0s - loss: 2.3189 - accuracy: 0.0996
63/98 [==================>...........] - ETA: 0s - loss: 2.3186 - accuracy: 0.1002
66/98 [===================>..........] - ETA: 0s - loss: 2.3186 - accuracy: 0.1005
69/98 [====================>.........] - ETA: 0s - loss: 2.3184 - accuracy: 0.1005
72/98 [=====================>........] - ETA: 0s - loss: 2.3184 - accuracy: 0.1004
75/98 [=====================>........] - ETA: 0s - loss: 2.3187 - accuracy: 0.1004
78/98 [======================>.......] - ETA: 0s - loss: 2.3184 - accuracy: 0.1003
81/98 [=======================>......] - ETA: 0s - loss: 2.3182 - accuracy: 0.1002
84/98 [========================>.....] - ETA: 0s - loss: 2.3184 - accuracy: 0.1000
87/98 [=========================>....] - ETA: 0s - loss: 2.3182 - accuracy: 0.1001
90/98 [==========================>...] - ETA: 0s - loss: 2.3181 - accuracy: 0.1005
92/98 [===========================>..] - ETA: 0s - loss: 2.3180 - accuracy: 0.1007
95/98 [============================>.] - ETA: 0s - loss: 2.3180 - accuracy: 0.1005
98/98 [==============================] - ETA: 0s - loss: 2.3177 - accuracy: 0.1006
98/98 [==============================] - 3s 26ms/step - loss: 2.3177 - accuracy: 0.1006 - val_loss: 2.3098 - val_accuracy: 0.1000
Epoch 6/288

 1/98 [..............................] - ETA: 3s - loss: 2.3053 - accuracy: 0.1074
 4/98 [>.............................] - ETA: 1s - loss: 2.3059 - accuracy: 0.1074
 7/98 [=>............................] - ETA: 1s - loss: 2.3063 - accuracy: 0.1030
10/98 [==>...........................] - ETA: 1s - loss: 2.3068 - accuracy: 0.1008
14/98 [===>..........................] - ETA: 1s - loss: 2.3086 - accuracy: 0.0999
17/98 [====>.........................] - ETA: 1s - loss: 2.3088 - accuracy: 0.1023
20/98 [=====>........................] - ETA: 1s - loss: 2.3110 - accuracy: 0.0994
23/98 [======>.......................] - ETA: 1s - loss: 2.3131 - accuracy: 0.0984
26/98 [======>.......................] - ETA: 1s - loss: 2.3135 - accuracy: 0.0980
29/98 [=======>......................] - ETA: 1s - loss: 2.3138 - accuracy: 0.0989
32/98 [========>.....................] - ETA: 1s - loss: 2.3132 - accuracy: 0.0993
34/98 [=========>....................] - ETA: 1s - loss: 2.3138 - accuracy: 0.0985
37/98 [==========>...................] - ETA: 1s - loss: 2.3137 - accuracy: 0.0982
41/98 [===========>..................] - ETA: 1s - loss: 2.3147 - accuracy: 0.0976
44/98 [============>.................] - ETA: 1s - loss: 2.3152 - accuracy: 0.0989
47/98 [=============>................] - ETA: 1s - loss: 2.3152 - accuracy: 0.0988
50/98 [==============>...............] - ETA: 0s - loss: 2.3165 - accuracy: 0.0986
53/98 [===============>..............] - ETA: 0s - loss: 2.3182 - accuracy: 0.0978
55/98 [===============>..............] - ETA: 0s - loss: 2.3185 - accuracy: 0.0979
58/98 [================>.............] - ETA: 0s - loss: 2.3188 - accuracy: 0.0979
60/98 [=================>............] - ETA: 0s - loss: 2.3192 - accuracy: 0.0978
62/98 [=================>............] - ETA: 0s - loss: 2.3192 - accuracy: 0.0979
64/98 [==================>...........] - ETA: 0s - loss: 2.3195 - accuracy: 0.0984
67/98 [===================>..........] - ETA: 0s - loss: 2.3198 - accuracy: 0.0982
70/98 [====================>.........] - ETA: 0s - loss: 2.3203 - accuracy: 0.0981
73/98 [=====================>........] - ETA: 0s - loss: 2.3207 - accuracy: 0.0980
76/98 [======================>.......] - ETA: 0s - loss: 2.3206 - accuracy: 0.0979
78/98 [======================>.......] - ETA: 0s - loss: 2.3210 - accuracy: 0.0980
81/98 [=======================>......] - ETA: 0s - loss: 2.3210 - accuracy: 0.0980
84/98 [========================>.....] - ETA: 0s - loss: 2.3209 - accuracy: 0.0983
86/98 [=========================>....] - ETA: 0s - loss: 2.3207 - accuracy: 0.0984
89/98 [==========================>...] - ETA: 0s - loss: 2.3206 - accuracy: 0.0985
92/98 [===========================>..] - ETA: 0s - loss: 2.3206 - accuracy: 0.0982
95/98 [============================>.] - ETA: 0s - loss: 2.3204 - accuracy: 0.0984
98/98 [==============================] - ETA: 0s - loss: 2.3208 - accuracy: 0.0983
98/98 [==============================] - 3s 29ms/step - loss: 2.3208 - accuracy: 0.0983 - val_loss: 2.3147 - val_accuracy: 0.1000
Epoch 7/288

 1/98 [..............................] - ETA: 4s - loss: 2.3083 - accuracy: 0.0938
 3/98 [..............................] - ETA: 2s - loss: 2.3303 - accuracy: 0.0905
 5/98 [>.............................] - ETA: 2s - loss: 2.3306 - accuracy: 0.0879
 8/98 [=>............................] - ETA: 2s - loss: 2.3315 - accuracy: 0.0901
11/98 [==>...........................] - ETA: 2s - loss: 2.3263 - accuracy: 0.0957
13/98 [==>...........................] - ETA: 2s - loss: 2.3260 - accuracy: 0.0965
15/98 [===>..........................] - ETA: 2s - loss: 2.3251 - accuracy: 0.0973
18/98 [====>.........................] - ETA: 2s - loss: 2.3243 - accuracy: 0.0968
20/98 [=====>........................] - ETA: 2s - loss: 2.3235 - accuracy: 0.0972
23/98 [======>.......................] - ETA: 2s - loss: 2.3227 - accuracy: 0.0954
26/98 [======>.......................] - ETA: 1s - loss: 2.3229 - accuracy: 0.0967
29/98 [=======>......................] - ETA: 1s - loss: 2.3221 - accuracy: 0.0959
32/98 [========>.....................] - ETA: 1s - loss: 2.3213 - accuracy: 0.0961
34/98 [=========>....................] - ETA: 1s - loss: 2.3216 - accuracy: 0.0956
37/98 [==========>...................] - ETA: 1s - loss: 2.3212 - accuracy: 0.0967
40/98 [===========>..................] - ETA: 1s - loss: 2.3217 - accuracy: 0.0973
43/98 [============>.................] - ETA: 1s - loss: 2.3233 - accuracy: 0.0980
45/98 [============>.................] - ETA: 1s - loss: 2.3234 - accuracy: 0.0982
48/98 [=============>................] - ETA: 1s - loss: 2.3231 - accuracy: 0.0989
50/98 [==============>...............] - ETA: 1s - loss: 2.3234 - accuracy: 0.0983
53/98 [===============>..............] - ETA: 1s - loss: 2.3237 - accuracy: 0.0982
56/98 [================>.............] - ETA: 1s - loss: 2.3238 - accuracy: 0.0987
58/98 [================>.............] - ETA: 1s - loss: 2.3239 - accuracy: 0.0985
61/98 [=================>............] - ETA: 0s - loss: 2.3237 - accuracy: 0.0982
64/98 [==================>...........] - ETA: 0s - loss: 2.3235 - accuracy: 0.0979
67/98 [===================>..........] - ETA: 0s - loss: 2.3241 - accuracy: 0.0985
69/98 [====================>.........] - ETA: 0s - loss: 2.3238 - accuracy: 0.0980
72/98 [=====================>........] - ETA: 0s - loss: 4.2487 - accuracy: 0.0979
75/98 [=====================>........] - ETA: 0s - loss: 4.1777 - accuracy: 0.0981
78/98 [======================>.......] - ETA: 0s - loss: 7.0668 - accuracy: 0.0979
81/98 [=======================>......] - ETA: 0s - loss: 6.8918 - accuracy: 0.0978
83/98 [========================>.....] - ETA: 0s - loss: 6.7818 - accuracy: 0.0978
86/98 [=========================>....] - ETA: 0s - loss: 6.6262 - accuracy: 0.0978
89/98 [==========================>...] - ETA: 0s - loss: 6.4972 - accuracy: 0.0981
92/98 [===========================>..] - ETA: 0s - loss: 6.3610 - accuracy: 0.0981
95/98 [============================>.] - ETA: 0s - loss: 6.2329 - accuracy: 0.0983
98/98 [==============================] - ETA: 0s - loss: 6.1127 - accuracy: 0.0984
98/98 [==============================] - 3s 34ms/step - loss: 6.1127 - accuracy: 0.0984 - val_loss: 2270.5537 - val_accuracy: 0.0999
Epoch 8/288

 1/98 [..............................] - ETA: 4s - loss: 2.3151 - accuracy: 0.0879
 4/98 [>.............................] - ETA: 2s - loss: 2.3343 - accuracy: 0.0791
 7/98 [=>............................] - ETA: 2s - loss: 2.3339 - accuracy: 0.0848
10/98 [==>...........................] - ETA: 2s - loss: 2.3303 - accuracy: 0.0854
13/98 [==>...........................] - ETA: 2s - loss: 2.3286 - accuracy: 0.0883
15/98 [===>..........................] - ETA: 2s - loss: 2.3283 - accuracy: 0.0900
17/98 [====>.........................] - ETA: 2s - loss: 2.3271 - accuracy: 0.0910
19/98 [====>.........................] - ETA: 2s - loss: 2.3252 - accuracy: 0.0924
21/98 [=====>........................] - ETA: 2s - loss: 2.3257 - accuracy: 0.0944
24/98 [======>.......................] - ETA: 2s - loss: 2.3246 - accuracy: 0.0946
26/98 [======>.......................] - ETA: 2s - loss: 2.3233 - accuracy: 0.0968
29/98 [=======>......................] - ETA: 2s - loss: 2.3241 - accuracy: 0.0969
31/98 [========>.....................] - ETA: 2s - loss: 2.3237 - accuracy: 0.0973
33/98 [=========>....................] - ETA: 2s - loss: 2.3233 - accuracy: 0.0981
35/98 [=========>....................] - ETA: 2s - loss: 2.3231 - accuracy: 0.0992
37/98 [==========>...................] - ETA: 2s - loss: 2.3229 - accuracy: 0.0992
39/98 [==========>...................] - ETA: 2s - loss: 2.3236 - accuracy: 0.0989
41/98 [===========>..................] - ETA: 2s - loss: 2.3234 - accuracy: 0.0993
43/98 [============>.................] - ETA: 1s - loss: 2.3248 - accuracy: 0.0995
45/98 [============>.................] - ETA: 1s - loss: 2.3250 - accuracy: 0.0990
47/98 [=============>................] - ETA: 1s - loss: 2.3253 - accuracy: 0.0992
49/98 [==============>...............] - ETA: 1s - loss: 2.3258 - accuracy: 0.0989
51/98 [==============>...............] - ETA: 1s - loss: 2.3259 - accuracy: 0.0992
53/98 [===============>..............] - ETA: 1s - loss: 2.3258 - accuracy: 0.0993
55/98 [===============>..............] - ETA: 1s - loss: 2.3258 - accuracy: 0.0987
57/98 [================>.............] - ETA: 1s - loss: 2.3263 - accuracy: 0.0986
59/98 [=================>............] - ETA: 1s - loss: 2.3262 - accuracy: 0.0987
61/98 [=================>............] - ETA: 1s - loss: 2.3268 - accuracy: 0.0989
63/98 [==================>...........] - ETA: 1s - loss: 2.3270 - accuracy: 0.0993
65/98 [==================>...........] - ETA: 1s - loss: 2.3272 - accuracy: 0.0994
67/98 [===================>..........] - ETA: 1s - loss: 2.3273 - accuracy: 0.0995
69/98 [====================>.........] - ETA: 1s - loss: 2.3275 - accuracy: 0.0999
71/98 [====================>.........] - ETA: 1s - loss: 2.3279 - accuracy: 0.1001
73/98 [=====================>........] - ETA: 0s - loss: 2.3277 - accuracy: 0.1003
75/98 [=====================>........] - ETA: 0s - loss: 2.3283 - accuracy: 0.0997
77/98 [======================>.......] - ETA: 0s - loss: 2.3281 - accuracy: 0.0994
79/98 [=======================>......] - ETA: 0s - loss: 2.3278 - accuracy: 0.0997
81/98 [=======================>......] - ETA: 0s - loss: 2.3277 - accuracy: 0.0995
83/98 [========================>.....] - ETA: 0s - loss: 2.3273 - accuracy: 0.0996
85/98 [=========================>....] - ETA: 0s - loss: 2.3271 - accuracy: 0.0994
87/98 [=========================>....] - ETA: 0s - loss: 2.3268 - accuracy: 0.0994
89/98 [==========================>...] - ETA: 0s - loss: 2.3267 - accuracy: 0.0997
91/98 [==========================>...] - ETA: 0s - loss: 2.3267 - accuracy: 0.0995
93/98 [===========================>..] - ETA: 0s - loss: 2.3266 - accuracy: 0.0997
95/98 [============================>.] - ETA: 0s - loss: 2.3264 - accuracy: 0.1000
97/98 [============================>.] - ETA: 0s - loss: 2.3261 - accuracy: 0.0999
98/98 [==============================] - 5s 51ms/step - loss: 2.3260 - accuracy: 0.0996 - val_loss: 2.3172 - val_accuracy: 0.1000
Epoch 9/288

 1/98 [..............................] - ETA: 6s - loss: 2.3199 - accuracy: 0.0957
 3/98 [..............................] - ETA: 3s - loss: 2.3135 - accuracy: 0.0996
 5/98 [>.............................] - ETA: 3s - loss: 2.3177 - accuracy: 0.0980
 7/98 [=>............................] - ETA: 3s - loss: 2.3186 - accuracy: 0.0993
 9/98 [=>............................] - ETA: 3s - loss: 2.3168 - accuracy: 0.1031
11/98 [==>...........................] - ETA: 3s - loss: 2.3167 - accuracy: 0.1062
13/98 [==>...........................] - ETA: 3s - loss: 2.3183 - accuracy: 0.1028
15/98 [===>..........................] - ETA: 3s - loss: 2.3176 - accuracy: 0.1029
16/98 [===>..........................] - ETA: 3s - loss: 2.3176 - accuracy: 0.1029
18/98 [====>.........................] - ETA: 3s - loss: 2.3190 - accuracy: 0.1031
20/98 [=====>........................] - ETA: 3s - loss: 2.3197 - accuracy: 0.1024
22/98 [=====>........................] - ETA: 3s - loss: 2.3206 - accuracy: 0.1010
24/98 [======>.......................] - ETA: 3s - loss: 2.3205 - accuracy: 0.1007
26/98 [======>.......................] - ETA: 3s - loss: 2.3197 - accuracy: 0.1005
28/98 [=======>......................] - ETA: 2s - loss: 2.3193 - accuracy: 0.1000
30/98 [========>.....................] - ETA: 2s - loss: 2.3193 - accuracy: 0.1004
32/98 [========>.....................] - ETA: 2s - loss: 2.3194 - accuracy: 0.1010
34/98 [=========>....................] - ETA: 2s - loss: 2.3194 - accuracy: 0.1006
36/98 [==========>...................] - ETA: 2s - loss: 2.3196 - accuracy: 0.1005
38/98 [==========>...................] - ETA: 2s - loss: 2.3202 - accuracy: 0.1007
40/98 [===========>..................] - ETA: 2s - loss: 2.3203 - accuracy: 0.1003
42/98 [===========>..................] - ETA: 2s - loss: 2.3200 - accuracy: 0.0999
44/98 [============>.................] - ETA: 2s - loss: 2.3206 - accuracy: 0.0998
46/98 [=============>................] - ETA: 2s - loss: 2.3208 - accuracy: 0.0997
48/98 [=============>................] - ETA: 2s - loss: 2.3213 - accuracy: 0.0999
50/98 [==============>...............] - ETA: 2s - loss: 2.3212 - accuracy: 0.0998
52/98 [==============>...............] - ETA: 1s - loss: 2.3213 - accuracy: 0.0998
54/98 [===============>..............] - ETA: 1s - loss: 2.3220 - accuracy: 0.0995
56/98 [================>.............] - ETA: 1s - loss: 2.3218 - accuracy: 0.0995
58/98 [================>.............] - ETA: 1s - loss: 2.3222 - accuracy: 0.0993
60/98 [=================>............] - ETA: 1s - loss: 2.3221 - accuracy: 0.0990
62/98 [=================>............] - ETA: 1s - loss: 2.3224 - accuracy: 0.0995
64/98 [==================>...........] - ETA: 1s - loss: 2.3222 - accuracy: 0.0994
66/98 [===================>..........] - ETA: 1s - loss: 2.3218 - accuracy: 0.0997
68/98 [===================>..........] - ETA: 1s - loss: 2.3217 - accuracy: 0.0996
70/98 [====================>.........] - ETA: 1s - loss: 2.3218 - accuracy: 0.0997
72/98 [=====================>........] - ETA: 1s - loss: 2.3216 - accuracy: 0.1000
74/98 [=====================>........] - ETA: 1s - loss: 2.3220 - accuracy: 0.1001
76/98 [======================>.......] - ETA: 0s - loss: 2.3218 - accuracy: 0.1001
78/98 [======================>.......] - ETA: 0s - loss: 2.3219 - accuracy: 0.1002
80/98 [=======================>......] - ETA: 0s - loss: 2.3216 - accuracy: 0.1002
82/98 [========================>.....] - ETA: 0s - loss: 2.3217 - accuracy: 0.1001
84/98 [========================>.....] - ETA: 0s - loss: 2.3220 - accuracy: 0.1001
86/98 [=========================>....] - ETA: 0s - loss: 2.3219 - accuracy: 0.1001
88/98 [=========================>....] - ETA: 0s - loss: 2.3223 - accuracy: 0.1000
90/98 [==========================>...] - ETA: 0s - loss: 2.3222 - accuracy: 0.0999
92/98 [===========================>..] - ETA: 0s - loss: 2.3223 - accuracy: 0.0999
94/98 [===========================>..] - ETA: 0s - loss: 2.3225 - accuracy: 0.0997
96/98 [============================>.] - ETA: 0s - loss: 2.3225 - accuracy: 0.1000
98/98 [==============================] - ETA: 0s - loss: 2.3233 - accuracy: 0.1002
98/98 [==============================] - 5s 54ms/step - loss: 2.3233 - accuracy: 0.1002 - val_loss: 2.3177 - val_accuracy: 0.1000
Epoch 10/288

 1/98 [..............................] - ETA: 6s - loss: 2.3282 - accuracy: 0.1055
 3/98 [..............................] - ETA: 3s - loss: 2.3201 - accuracy: 0.1068
 5/98 [>.............................] - ETA: 3s - loss: 2.3398 - accuracy: 0.1008
 7/98 [=>............................] - ETA: 3s - loss: 2.3332 - accuracy: 0.1018
 9/98 [=>............................] - ETA: 3s - loss: 2.3344 - accuracy: 0.0992
11/98 [==>...........................] - ETA: 3s - loss: 2.3338 - accuracy: 0.0994
13/98 [==>...........................] - ETA: 3s - loss: 2.3326 - accuracy: 0.0974
15/98 [===>..........................] - ETA: 3s - loss: 2.3323 - accuracy: 0.0962
17/98 [====>.........................] - ETA: 3s - loss: 2.3322 - accuracy: 0.0960
19/98 [====>.........................] - ETA: 3s - loss: 2.3308 - accuracy: 0.0983
21/98 [=====>........................] - ETA: 3s - loss: 2.3289 - accuracy: 0.0994
23/98 [======>.......................] - ETA: 3s - loss: 2.3279 - accuracy: 0.0987
25/98 [======>.......................] - ETA: 3s - loss: 2.3268 - accuracy: 0.1000
27/98 [=======>......................] - ETA: 2s - loss: 2.3259 - accuracy: 0.1003
29/98 [=======>......................] - ETA: 2s - loss: 2.3262 - accuracy: 0.1006
31/98 [========>.....................] - ETA: 2s - loss: 2.3271 - accuracy: 0.0999
33/98 [=========>....................] - ETA: 2s - loss: 2.3263 - accuracy: 0.1006
35/98 [=========>....................] - ETA: 2s - loss: 2.3261 - accuracy: 0.1000
37/98 [==========>...................] - ETA: 2s - loss: 2.3263 - accuracy: 0.0998
39/98 [==========>...................] - ETA: 2s - loss: 2.3265 - accuracy: 0.0988
41/98 [===========>..................] - ETA: 2s - loss: 2.3266 - accuracy: 0.0974
43/98 [============>.................] - ETA: 2s - loss: 2.3260 - accuracy: 0.0979
45/98 [============>.................] - ETA: 2s - loss: 2.3252 - accuracy: 0.0984
47/98 [=============>................] - ETA: 2s - loss: 2.3259 - accuracy: 0.0987
49/98 [==============>...............] - ETA: 2s - loss: 2.3257 - accuracy: 0.0983
51/98 [==============>...............] - ETA: 1s - loss: 2.3262 - accuracy: 0.0980
52/98 [==============>...............] - ETA: 1s - loss: 2.3261 - accuracy: 0.0982
54/98 [===============>..............] - ETA: 1s - loss: 2.3264 - accuracy: 0.0981
56/98 [================>.............] - ETA: 1s - loss: 2.3263 - accuracy: 0.0979
58/98 [================>.............] - ETA: 1s - loss: 2.3266 - accuracy: 0.0980
60/98 [=================>............] - ETA: 1s - loss: 2.3266 - accuracy: 0.0979
62/98 [=================>............] - ETA: 1s - loss: 2.3262 - accuracy: 0.0983
64/98 [==================>...........] - ETA: 1s - loss: 2.3266 - accuracy: 0.0982
66/98 [===================>..........] - ETA: 1s - loss: 2.3266 - accuracy: 0.0984
68/98 [===================>..........] - ETA: 1s - loss: 2.3268 - accuracy: 0.0983
70/98 [====================>.........] - ETA: 1s - loss: 2.3269 - accuracy: 0.0985
72/98 [=====================>........] - ETA: 1s - loss: 2.3272 - accuracy: 0.0984
74/98 [=====================>........] - ETA: 1s - loss: 2.3275 - accuracy: 0.0985
76/98 [======================>.......] - ETA: 0s - loss: 2.3272 - accuracy: 0.0992
78/98 [======================>.......] - ETA: 0s - loss: 2.3270 - accuracy: 0.0993
80/98 [=======================>......] - ETA: 0s - loss: 2.3269 - accuracy: 0.0991
82/98 [========================>.....] - ETA: 0s - loss: 2.3264 - accuracy: 0.0996
84/98 [========================>.....] - ETA: 0s - loss: 2.3261 - accuracy: 0.0998
86/98 [=========================>....] - ETA: 0s - loss: 2.3257 - accuracy: 0.0999
88/98 [=========================>....] - ETA: 0s - loss: 2.3257 - accuracy: 0.0996
90/98 [==========================>...] - ETA: 0s - loss: 2.3257 - accuracy: 0.0994
92/98 [===========================>..] - ETA: 0s - loss: 2.3256 - accuracy: 0.0993
94/98 [===========================>..] - ETA: 0s - loss: 2.3261 - accuracy: 0.0992
96/98 [============================>.] - ETA: 0s - loss: 2.3260 - accuracy: 0.0993
98/98 [==============================] - ETA: 0s - loss: 2.3265 - accuracy: 0.0990
98/98 [==============================] - 5s 54ms/step - loss: 2.3265 - accuracy: 0.0990 - val_loss: 2.3216 - val_accuracy: 0.1000
Epoch 11/288

 1/98 [..............................] - ETA: 6s - loss: 2.3294 - accuracy: 0.0898
 3/98 [..............................] - ETA: 3s - loss: 2.3179 - accuracy: 0.0996
 5/98 [>.............................] - ETA: 3s - loss: 2.3273 - accuracy: 0.0957
 7/98 [=>............................] - ETA: 3s - loss: 2.3249 - accuracy: 0.0935
 9/98 [=>............................] - ETA: 3s - loss: 2.3257 - accuracy: 0.0940
11/98 [==>...........................] - ETA: 3s - loss: 2.3233 - accuracy: 0.0975
13/98 [==>...........................] - ETA: 3s - loss: 2.3220 - accuracy: 0.0986
15/98 [===>..........................] - ETA: 3s - loss: 2.3226 - accuracy: 0.1003
17/98 [====>.........................] - ETA: 3s - loss: 2.3219 - accuracy: 0.1010
19/98 [====>.........................] - ETA: 3s - loss: 2.3242 - accuracy: 0.1003
21/98 [=====>........................] - ETA: 3s - loss: 2.3230 - accuracy: 0.1016
23/98 [======>.......................] - ETA: 3s - loss: 2.3230 - accuracy: 0.1008
25/98 [======>.......................] - ETA: 3s - loss: 2.3230 - accuracy: 0.1004
27/98 [=======>......................] - ETA: 2s - loss: 2.3226 - accuracy: 0.1001
29/98 [=======>......................] - ETA: 2s - loss: 2.3220 - accuracy: 0.0999
31/98 [========>.....................] - ETA: 2s - loss: 2.3220 - accuracy: 0.0998
33/98 [=========>....................] - ETA: 2s - loss: 2.3219 - accuracy: 0.0993
35/98 [=========>....................] - ETA: 2s - loss: 2.3220 - accuracy: 0.0989
37/98 [==========>...................] - ETA: 2s - loss: 2.3220 - accuracy: 0.0991
39/98 [==========>...................] - ETA: 2s - loss: 2.3215 - accuracy: 0.0987
41/98 [===========>..................] - ETA: 2s - loss: 2.3217 - accuracy: 0.0982
43/98 [============>.................] - ETA: 2s - loss: 2.3217 - accuracy: 0.0985
45/98 [============>.................] - ETA: 2s - loss: 2.3213 - accuracy: 0.0988
