2024-06-25 11:43:04.596635: I tensorflow/core/platform/cpu_feature_guard.cc:193] This TensorFlow binary is optimized with oneAPI Deep Neural Network Library (oneDNN) to use the following CPU instructions in performance-critical operations:  AVX AVX2
To enable them in other operations, rebuild TensorFlow with the appropriate compiler flags.
2024-06-25 11:43:05.468173: I tensorflow/core/common_runtime/gpu/gpu_device.cc:1616] Created device /job:localhost/replica:0/task:0/device:GPU:0 with 6656 MB memory:  -> device: 0, name: NVIDIA GeForce RTX 4060 Ti, pci bus id: 0000:01:00.0, compute capability: 8.9
1 Physical GPUs, 1 Logical GPUs
Model: "sequential"
_________________________________________________________________
 Layer (type)                Output Shape              Param #   
=================================================================
 conv2d (Conv2D)             (None, 32, 32, 32)        896       
                                                                 
 max_pooling2d (MaxPooling2D  (None, 16, 16, 32)       0         
 )                                                               
                                                                 
 batch_normalization (BatchN  (None, 16, 16, 32)       128       
 ormalization)                                                   
                                                                 
 conv2d_1 (Conv2D)           (None, 16, 16, 32)        82976     
                                                                 
 batch_normalization_1 (Batc  (None, 16, 16, 32)       128       
 hNormalization)                                                 
                                                                 
 conv2d_2 (Conv2D)           (None, 16, 16, 32)        25632     
                                                                 
 dropout (Dropout)           (None, 16, 16, 32)        0         
                                                                 
 flatten (Flatten)           (None, 8192)              0         
                                                                 
 dense (Dense)               (None, 10)                81930     
                                                                 
=================================================================
Total params: 191,690
Trainable params: 191,562
Non-trainable params: 128
_________________________________________________________________
Taxa de aprendizado:  1 Num de épocas:  288 Tamanho do lote:  512 Dropout:  0.16129
Epoch 1/288
2024-06-25 11:43:07.292117: I tensorflow/stream_executor/cuda/cuda_dnn.cc:384] Loaded cuDNN version 8100
2024-06-25 11:43:08.361607: W tensorflow/stream_executor/gpu/redzone_allocator.cc:314] INTERNAL: ptxas exited with non-zero error code -1, output: 
Relying on driver to perform ptx compilation. 
Modify $PATH to customize ptxas location.
This message will be only logged once.
2024-06-25 11:43:09.422721: I tensorflow/stream_executor/cuda/cuda_blas.cc:1614] TensorFloat-32 will be used for the matrix multiplication. This will only be logged once.

 1/98 [..............................] - ETA: 7:04 - loss: 2.6871 - accuracy: 0.1055
 3/98 [..............................] - ETA: 2s - loss: 48601.1875 - accuracy: 0.1126
 5/98 [>.............................] - ETA: 3s - loss: 31283.3594 - accuracy: 0.1031
 7/98 [=>............................] - ETA: 3s - loss: 22346.0488 - accuracy: 0.1066
 9/98 [=>............................] - ETA: 2s - loss: 17385.4160 - accuracy: 0.1046
11/98 [==>...........................] - ETA: 2s - loss: 14224.9785 - accuracy: 0.1040
13/98 [==>...........................] - ETA: 2s - loss: 12093.0068 - accuracy: 0.1053
15/98 [===>..........................] - ETA: 2s - loss: 10481.7236 - accuracy: 0.1025
17/98 [====>.........................] - ETA: 2s - loss: 9258.2090 - accuracy: 0.1009 
19/98 [====>.........................] - ETA: 2s - loss: 8283.9580 - accuracy: 0.1012
21/98 [=====>........................] - ETA: 2s - loss: 7495.2959 - accuracy: 0.1003
24/98 [======>.......................] - ETA: 2s - loss: 6558.9785 - accuracy: 0.0994
27/98 [=======>......................] - ETA: 2s - loss: 5830.4722 - accuracy: 0.0999
30/98 [========>.....................] - ETA: 2s - loss: 5247.6582 - accuracy: 0.1007
34/98 [=========>....................] - ETA: 1s - loss: 4630.5645 - accuracy: 0.1009
37/98 [==========>...................] - ETA: 1s - loss: 4255.3062 - accuracy: 0.1010
41/98 [===========>..................] - ETA: 1s - loss: 3840.3816 - accuracy: 0.1003
45/98 [============>.................] - ETA: 1s - loss: 3499.2222 - accuracy: 0.0998
49/98 [==============>...............] - ETA: 1s - loss: 3213.7625 - accuracy: 0.0995
53/98 [===============>..............] - ETA: 1s - loss: 2971.3896 - accuracy: 0.0989
57/98 [================>.............] - ETA: 1s - loss: 2763.0342 - accuracy: 0.0995
60/98 [=================>............] - ETA: 0s - loss: 2624.9995 - accuracy: 0.0988
63/98 [==================>...........] - ETA: 0s - loss: 2500.1101 - accuracy: 0.0989
66/98 [===================>..........] - ETA: 0s - loss: 2386.5740 - accuracy: 0.0984
69/98 [====================>.........] - ETA: 0s - loss: 2282.9106 - accuracy: 0.0990
72/98 [=====================>........] - ETA: 0s - loss: 2187.8855 - accuracy: 0.0989
76/98 [======================>.......] - ETA: 0s - loss: 2072.8552 - accuracy: 0.0992
79/98 [=======================>......] - ETA: 0s - loss: 1994.2271 - accuracy: 0.0999
82/98 [========================>.....] - ETA: 0s - loss: 1929.4308 - accuracy: 0.0996
85/98 [=========================>....] - ETA: 0s - loss: 1861.1387 - accuracy: 0.0996
88/98 [=========================>....] - ETA: 0s - loss: 1797.5212 - accuracy: 0.0998
91/98 [==========================>...] - ETA: 0s - loss: 1738.1141 - accuracy: 0.1001
95/98 [============================>.] - ETA: 0s - loss: 1664.7628 - accuracy: 0.1000
98/98 [==============================] - 8s 34ms/step - loss: 1613.6921 - accuracy: 0.0997 - val_loss: 5644289.0000 - val_accuracy: 0.0909
Epoch 2/288

 1/98 [..............................] - ETA: 3s - loss: 2.3113 - accuracy: 0.1094
 4/98 [>.............................] - ETA: 1s - loss: 2.3134 - accuracy: 0.0957
 8/98 [=>............................] - ETA: 1s - loss: 2.3119 - accuracy: 0.0984
12/98 [==>...........................] - ETA: 1s - loss: 2.3136 - accuracy: 0.0993
15/98 [===>..........................] - ETA: 1s - loss: 2.3131 - accuracy: 0.1012
18/98 [====>.........................] - ETA: 1s - loss: 2.3144 - accuracy: 0.0996
21/98 [=====>........................] - ETA: 1s - loss: 2.3151 - accuracy: 0.0995
25/98 [======>.......................] - ETA: 1s - loss: 2.3158 - accuracy: 0.0991
28/98 [=======>......................] - ETA: 1s - loss: 2.3155 - accuracy: 0.1001
32/98 [========>.....................] - ETA: 1s - loss: 2.3155 - accuracy: 0.0986
36/98 [==========>...................] - ETA: 1s - loss: 2.3150 - accuracy: 0.0990
40/98 [===========>..................] - ETA: 1s - loss: 2.3155 - accuracy: 0.0997
43/98 [============>.................] - ETA: 1s - loss: 2.3162 - accuracy: 0.0994
47/98 [=============>................] - ETA: 0s - loss: 2.3158 - accuracy: 0.1001
50/98 [==============>...............] - ETA: 0s - loss: 2.3161 - accuracy: 0.1000
54/98 [===============>..............] - ETA: 0s - loss: 2.3168 - accuracy: 0.1001
57/98 [================>.............] - ETA: 0s - loss: 2.3166 - accuracy: 0.1001
60/98 [=================>............] - ETA: 0s - loss: 2.3165 - accuracy: 0.1001
63/98 [==================>...........] - ETA: 0s - loss: 2.3164 - accuracy: 0.1000
67/98 [===================>..........] - ETA: 0s - loss: 2.3164 - accuracy: 0.0996
71/98 [====================>.........] - ETA: 0s - loss: 2.3159 - accuracy: 0.1000
75/98 [=====================>........] - ETA: 0s - loss: 2.3155 - accuracy: 0.1001
79/98 [=======================>......] - ETA: 0s - loss: 2.3155 - accuracy: 0.0999
83/98 [========================>.....] - ETA: 0s - loss: 2.3154 - accuracy: 0.1006
85/98 [=========================>....] - ETA: 0s - loss: 2.3152 - accuracy: 0.1005
88/98 [=========================>....] - ETA: 0s - loss: 2.3156 - accuracy: 0.1002
92/98 [===========================>..] - ETA: 0s - loss: 2.3159 - accuracy: 0.0999
95/98 [============================>.] - ETA: 0s - loss: 2.3160 - accuracy: 0.0995
98/98 [==============================] - ETA: 0s - loss: 2.3161 - accuracy: 0.0996
98/98 [==============================] - 3s 26ms/step - loss: 2.3161 - accuracy: 0.0996 - val_loss: 15153.9795 - val_accuracy: 0.1070
Epoch 3/288

 1/98 [..............................] - ETA: 4s - loss: 2.3160 - accuracy: 0.1094
 4/98 [>.............................] - ETA: 2s - loss: 2.3234 - accuracy: 0.1084
 7/98 [=>............................] - ETA: 2s - loss: 2.3239 - accuracy: 0.1041
10/98 [==>...........................] - ETA: 2s - loss: 2.3260 - accuracy: 0.1080
13/98 [==>...........................] - ETA: 2s - loss: 2.3216 - accuracy: 0.1080
15/98 [===>..........................] - ETA: 2s - loss: 2.3216 - accuracy: 0.1068
17/98 [====>.........................] - ETA: 2s - loss: 2.3204 - accuracy: 0.1056
20/98 [=====>........................] - ETA: 2s - loss: 2.3204 - accuracy: 0.1069
22/98 [=====>........................] - ETA: 2s - loss: 2.3209 - accuracy: 0.1063
25/98 [======>.......................] - ETA: 2s - loss: 2.3219 - accuracy: 0.1048
28/98 [=======>......................] - ETA: 1s - loss: 2.3223 - accuracy: 0.1032
30/98 [========>.....................] - ETA: 1s - loss: 2.3223 - accuracy: 0.1025
33/98 [=========>....................] - ETA: 1s - loss: 2.3228 - accuracy: 0.1022
36/98 [==========>...................] - ETA: 1s - loss: 2.3222 - accuracy: 0.1012
39/98 [==========>...................] - ETA: 1s - loss: 2.3214 - accuracy: 0.1019
42/98 [===========>..................] - ETA: 1s - loss: 2.3214 - accuracy: 0.1018
45/98 [============>.................] - ETA: 1s - loss: 2.3210 - accuracy: 0.1019
49/98 [==============>...............] - ETA: 1s - loss: 2.3209 - accuracy: 0.1018
52/98 [==============>...............] - ETA: 1s - loss: 2.3204 - accuracy: 0.1018
56/98 [================>.............] - ETA: 1s - loss: 2.3198 - accuracy: 0.1014
59/98 [=================>............] - ETA: 0s - loss: 2.3198 - accuracy: 0.1005
62/98 [=================>............] - ETA: 0s - loss: 2.3198 - accuracy: 0.1006
65/98 [==================>...........] - ETA: 0s - loss: 2.3195 - accuracy: 0.1008
68/98 [===================>..........] - ETA: 0s - loss: 2.3195 - accuracy: 0.1010
71/98 [====================>.........] - ETA: 0s - loss: 2.3195 - accuracy: 0.1013
74/98 [=====================>........] - ETA: 0s - loss: 2.3194 - accuracy: 0.1011
77/98 [======================>.......] - ETA: 0s - loss: 2.3195 - accuracy: 0.1003
80/98 [=======================>......] - ETA: 0s - loss: 2.3195 - accuracy: 0.0998
83/98 [========================>.....] - ETA: 0s - loss: 2.3195 - accuracy: 0.0995
86/98 [=========================>....] - ETA: 0s - loss: 2.3192 - accuracy: 0.0998
89/98 [==========================>...] - ETA: 0s - loss: 2.3190 - accuracy: 0.0998
92/98 [===========================>..] - ETA: 0s - loss: 2.3187 - accuracy: 0.0998
95/98 [============================>.] - ETA: 0s - loss: 2.3187 - accuracy: 0.0998
97/98 [============================>.] - ETA: 0s - loss: 2.3187 - accuracy: 0.1001
98/98 [==============================] - 3s 31ms/step - loss: 2.3188 - accuracy: 0.1002 - val_loss: 25.0615 - val_accuracy: 0.1020
Epoch 4/288

 1/98 [..............................] - ETA: 3s - loss: 2.3296 - accuracy: 0.0820
 3/98 [..............................] - ETA: 2s - loss: 2.3205 - accuracy: 0.0957
 6/98 [>.............................] - ETA: 2s - loss: 2.3203 - accuracy: 0.0993
 9/98 [=>............................] - ETA: 2s - loss: 2.3189 - accuracy: 0.0953
11/98 [==>...........................] - ETA: 2s - loss: 2.3202 - accuracy: 0.0964
13/98 [==>...........................] - ETA: 2s - loss: 2.3186 - accuracy: 0.0963
16/98 [===>..........................] - ETA: 2s - loss: 2.3185 - accuracy: 0.0963
19/98 [====>.........................] - ETA: 2s - loss: 2.3176 - accuracy: 0.0979
22/98 [=====>........................] - ETA: 2s - loss: 2.3188 - accuracy: 0.0993
25/98 [======>.......................] - ETA: 1s - loss: 2.3193 - accuracy: 0.0993
28/98 [=======>......................] - ETA: 1s - loss: 2.3196 - accuracy: 0.0997
30/98 [========>.....................] - ETA: 1s - loss: 2.3190 - accuracy: 0.1010
33/98 [=========>....................] - ETA: 1s - loss: 2.3211 - accuracy: 0.1007
36/98 [==========>...................] - ETA: 1s - loss: 2.3234 - accuracy: 0.0999
39/98 [==========>...................] - ETA: 1s - loss: 2.3238 - accuracy: 0.0996
42/98 [===========>..................] - ETA: 1s - loss: 2.3235 - accuracy: 0.0995
44/98 [============>.................] - ETA: 1s - loss: 2.3230 - accuracy: 0.0998
47/98 [=============>................] - ETA: 1s - loss: 2.3228 - accuracy: 0.0997
50/98 [==============>...............] - ETA: 1s - loss: 2.3221 - accuracy: 0.0992
52/98 [==============>...............] - ETA: 1s - loss: 2.3221 - accuracy: 0.0989
55/98 [===============>..............] - ETA: 1s - loss: 2.3217 - accuracy: 0.0987
58/98 [================>.............] - ETA: 1s - loss: 2.3213 - accuracy: 0.0986
61/98 [=================>............] - ETA: 0s - loss: 2.3214 - accuracy: 0.0985
63/98 [==================>...........] - ETA: 0s - loss: 2.3212 - accuracy: 0.0986
66/98 [===================>..........] - ETA: 0s - loss: 2.3212 - accuracy: 0.0988
69/98 [====================>.........] - ETA: 0s - loss: 2.3212 - accuracy: 0.0990
72/98 [=====================>........] - ETA: 0s - loss: 2.3212 - accuracy: 0.0988
75/98 [=====================>........] - ETA: 0s - loss: 2.3210 - accuracy: 0.0989
78/98 [======================>.......] - ETA: 0s - loss: 2.3208 - accuracy: 0.0985
81/98 [=======================>......] - ETA: 0s - loss: 2.3209 - accuracy: 0.0986
84/98 [========================>.....] - ETA: 0s - loss: 2.3207 - accuracy: 0.0988
86/98 [=========================>....] - ETA: 0s - loss: 2.3206 - accuracy: 0.0987
88/98 [=========================>....] - ETA: 0s - loss: 2.3203 - accuracy: 0.0987
91/98 [==========================>...] - ETA: 0s - loss: 2.3200 - accuracy: 0.0985
94/98 [===========================>..] - ETA: 0s - loss: 2.3197 - accuracy: 0.0982
97/98 [============================>.] - ETA: 0s - loss: 2.3193 - accuracy: 0.0983
98/98 [==============================] - 4s 38ms/step - loss: 2.3191 - accuracy: 0.0984 - val_loss: 2.3673 - val_accuracy: 0.1000
Epoch 5/288

 1/98 [..............................] - ETA: 6s - loss: 2.3178 - accuracy: 0.1055
 3/98 [..............................] - ETA: 3s - loss: 2.3181 - accuracy: 0.1048
 5/98 [>.............................] - ETA: 3s - loss: 2.3151 - accuracy: 0.1000
 7/98 [=>............................] - ETA: 3s - loss: 2.3144 - accuracy: 0.1027
 9/98 [=>............................] - ETA: 3s - loss: 2.3148 - accuracy: 0.1020
11/98 [==>...........................] - ETA: 3s - loss: 2.3141 - accuracy: 0.1037
13/98 [==>...........................] - ETA: 3s - loss: 2.3156 - accuracy: 0.1020
15/98 [===>..........................] - ETA: 3s - loss: 2.3167 - accuracy: 0.1007
17/98 [====>.........................] - ETA: 3s - loss: 2.3164 - accuracy: 0.1018
19/98 [====>.........................] - ETA: 3s - loss: 2.3171 - accuracy: 0.1018
21/98 [=====>........................] - ETA: 3s - loss: 2.3176 - accuracy: 0.1005
23/98 [======>.......................] - ETA: 2s - loss: 2.3176 - accuracy: 0.0998
25/98 [======>.......................] - ETA: 2s - loss: 2.3187 - accuracy: 0.0987
27/98 [=======>......................] - ETA: 2s - loss: 2.3179 - accuracy: 0.0992
29/98 [=======>......................] - ETA: 2s - loss: 2.3195 - accuracy: 0.1003
31/98 [========>.....................] - ETA: 2s - loss: 2.3193 - accuracy: 0.0996
33/98 [=========>....................] - ETA: 2s - loss: 2.3199 - accuracy: 0.0992
35/98 [=========>....................] - ETA: 2s - loss: 2.3198 - accuracy: 0.0984
37/98 [==========>...................] - ETA: 2s - loss: 2.3196 - accuracy: 0.0991
39/98 [==========>...................] - ETA: 2s - loss: 2.3204 - accuracy: 0.0989
41/98 [===========>..................] - ETA: 2s - loss: 2.3199 - accuracy: 0.0993
43/98 [============>.................] - ETA: 2s - loss: 2.3205 - accuracy: 0.0995
45/98 [============>.................] - ETA: 2s - loss: 2.3199 - accuracy: 0.0997
47/98 [=============>................] - ETA: 2s - loss: 2.3204 - accuracy: 0.0997
49/98 [==============>...............] - ETA: 1s - loss: 2.3206 - accuracy: 0.0987
51/98 [==============>...............] - ETA: 1s - loss: 2.3208 - accuracy: 0.0993
53/98 [===============>..............] - ETA: 1s - loss: 2.3212 - accuracy: 0.0997
55/98 [===============>..............] - ETA: 1s - loss: 2.3209 - accuracy: 0.0998
57/98 [================>.............] - ETA: 1s - loss: 2.3219 - accuracy: 0.0994
59/98 [=================>............] - ETA: 1s - loss: 2.3218 - accuracy: 0.0993
61/98 [=================>............] - ETA: 1s - loss: 2.3214 - accuracy: 0.0999
63/98 [==================>...........] - ETA: 1s - loss: 2.3217 - accuracy: 0.0999
65/98 [==================>...........] - ETA: 1s - loss: 2.3213 - accuracy: 0.0997
67/98 [===================>..........] - ETA: 1s - loss: 2.3214 - accuracy: 0.0998
69/98 [====================>.........] - ETA: 1s - loss: 2.3211 - accuracy: 0.0999
71/98 [====================>.........] - ETA: 1s - loss: 2.3212 - accuracy: 0.0994
73/98 [=====================>........] - ETA: 0s - loss: 2.3214 - accuracy: 0.0993
75/98 [=====================>........] - ETA: 0s - loss: 2.3211 - accuracy: 0.0993
77/98 [======================>.......] - ETA: 0s - loss: 2.3215 - accuracy: 0.0996
79/98 [=======================>......] - ETA: 0s - loss: 2.3216 - accuracy: 0.0992
81/98 [=======================>......] - ETA: 0s - loss: 2.3219 - accuracy: 0.0995
83/98 [========================>.....] - ETA: 0s - loss: 2.3218 - accuracy: 0.0994
85/98 [=========================>....] - ETA: 0s - loss: 2.3218 - accuracy: 0.0993
87/98 [=========================>....] - ETA: 0s - loss: 2.3222 - accuracy: 0.0991
89/98 [==========================>...] - ETA: 0s - loss: 2.3219 - accuracy: 0.0992
91/98 [==========================>...] - ETA: 0s - loss: 2.3221 - accuracy: 0.0993
93/98 [===========================>..] - ETA: 0s - loss: 2.3220 - accuracy: 0.0992
95/98 [============================>.] - ETA: 0s - loss: 2.3219 - accuracy: 0.0992
97/98 [============================>.] - ETA: 0s - loss: 2.3220 - accuracy: 0.0988
98/98 [==============================] - 5s 50ms/step - loss: 2.3219 - accuracy: 0.0988 - val_loss: 2.3222 - val_accuracy: 0.1000
Epoch 6/288

 1/98 [..............................] - ETA: 6s - loss: 2.3283 - accuracy: 0.0918
 3/98 [..............................] - ETA: 3s - loss: 2.3374 - accuracy: 0.0931
 5/98 [>.............................] - ETA: 3s - loss: 2.3313 - accuracy: 0.0922
 7/98 [=>............................] - ETA: 3s - loss: 2.3324 - accuracy: 0.0924
 9/98 [=>............................] - ETA: 3s - loss: 2.3302 - accuracy: 0.0940
11/98 [==>...........................] - ETA: 3s - loss: 2.3304 - accuracy: 0.0959
13/98 [==>...........................] - ETA: 3s - loss: 2.3305 - accuracy: 0.0972
15/98 [===>..........................] - ETA: 3s - loss: 2.3289 - accuracy: 0.0977
17/98 [====>.........................] - ETA: 3s - loss: 2.3288 - accuracy: 0.0990
19/98 [====>.........................] - ETA: 3s - loss: 2.3285 - accuracy: 0.0997
21/98 [=====>........................] - ETA: 3s - loss: 2.3272 - accuracy: 0.1000
23/98 [======>.......................] - ETA: 2s - loss: 2.3267 - accuracy: 0.0997
25/98 [======>.......................] - ETA: 2s - loss: 2.3252 - accuracy: 0.0999
27/98 [=======>......................] - ETA: 2s - loss: 2.3244 - accuracy: 0.0995
29/98 [=======>......................] - ETA: 2s - loss: 2.3239 - accuracy: 0.0996
31/98 [========>.....................] - ETA: 2s - loss: 2.3229 - accuracy: 0.1009
33/98 [=========>....................] - ETA: 2s - loss: 2.3233 - accuracy: 0.1001
35/98 [=========>....................] - ETA: 2s - loss: 2.3237 - accuracy: 0.1001
37/98 [==========>...................] - ETA: 2s - loss: 2.3241 - accuracy: 0.0993
39/98 [==========>...................] - ETA: 2s - loss: 2.3247 - accuracy: 0.0993
41/98 [===========>..................] - ETA: 2s - loss: 2.3243 - accuracy: 0.0995
43/98 [============>.................] - ETA: 2s - loss: 2.3249 - accuracy: 0.1000
45/98 [============>.................] - ETA: 2s - loss: 2.3243 - accuracy: 0.0999
47/98 [=============>................] - ETA: 1s - loss: 2.3246 - accuracy: 0.0994
49/98 [==============>...............] - ETA: 1s - loss: 2.3239 - accuracy: 0.0993
51/98 [==============>...............] - ETA: 1s - loss: 2.3239 - accuracy: 0.0990
53/98 [===============>..............] - ETA: 1s - loss: 2.3239 - accuracy: 0.0989
55/98 [===============>..............] - ETA: 1s - loss: 2.3233 - accuracy: 0.0991
57/98 [================>.............] - ETA: 1s - loss: 2.3230 - accuracy: 0.0991
59/98 [=================>............] - ETA: 1s - loss: 2.3229 - accuracy: 0.0989
61/98 [=================>............] - ETA: 1s - loss: 2.3229 - accuracy: 0.0989
63/98 [==================>...........] - ETA: 1s - loss: 2.3228 - accuracy: 0.0988
65/98 [==================>...........] - ETA: 1s - loss: 2.3226 - accuracy: 0.0983
67/98 [===================>..........] - ETA: 1s - loss: 2.3221 - accuracy: 0.0982
69/98 [====================>.........] - ETA: 1s - loss: 2.3220 - accuracy: 0.0979
71/98 [====================>.........] - ETA: 1s - loss: 2.3220 - accuracy: 0.0976
73/98 [=====================>........] - ETA: 0s - loss: 2.3220 - accuracy: 0.0975
75/98 [=====================>........] - ETA: 0s - loss: 2.3217 - accuracy: 0.0976
77/98 [======================>.......] - ETA: 0s - loss: 2.3216 - accuracy: 0.0982
79/98 [=======================>......] - ETA: 0s - loss: 2.3215 - accuracy: 0.0980
81/98 [=======================>......] - ETA: 0s - loss: 2.3215 - accuracy: 0.0982
83/98 [========================>.....] - ETA: 0s - loss: 2.3215 - accuracy: 0.0980
85/98 [=========================>....] - ETA: 0s - loss: 2.3213 - accuracy: 0.0978
87/98 [=========================>....] - ETA: 0s - loss: 2.3213 - accuracy: 0.0983
89/98 [==========================>...] - ETA: 0s - loss: 2.3213 - accuracy: 0.0984
91/98 [==========================>...] - ETA: 0s - loss: 2.3213 - accuracy: 0.0985
93/98 [===========================>..] - ETA: 0s - loss: 2.3214 - accuracy: 0.0985
95/98 [============================>.] - ETA: 0s - loss: 2.3215 - accuracy: 0.0982
97/98 [============================>.] - ETA: 0s - loss: 2.3212 - accuracy: 0.0983
98/98 [==============================] - 5s 50ms/step - loss: 2.3213 - accuracy: 0.0983 - val_loss: 2.3119 - val_accuracy: 0.1000
Epoch 7/288

 1/98 [..............................] - ETA: 4s - loss: 2.3013 - accuracy: 0.1211
 3/98 [..............................] - ETA: 3s - loss: 2.3082 - accuracy: 0.1055
 5/98 [>.............................] - ETA: 3s - loss: 2.3065 - accuracy: 0.0945
 7/98 [=>............................] - ETA: 3s - loss: 2.3079 - accuracy: 0.0985
 9/98 [=>............................] - ETA: 3s - loss: 2.3106 - accuracy: 0.0998
11/98 [==>...........................] - ETA: 3s - loss: 2.3118 - accuracy: 0.0973
13/98 [==>...........................] - ETA: 3s - loss: 2.3134 - accuracy: 0.0956
15/98 [===>..........................] - ETA: 3s - loss: 2.3159 - accuracy: 0.0945
17/98 [====>.........................] - ETA: 3s - loss: 2.3162 - accuracy: 0.0966
19/98 [====>.........................] - ETA: 3s - loss: 2.3162 - accuracy: 0.0977
21/98 [=====>........................] - ETA: 3s - loss: 2.3174 - accuracy: 0.0981
23/98 [======>.......................] - ETA: 2s - loss: 2.3171 - accuracy: 0.0981
25/98 [======>.......................] - ETA: 2s - loss: 2.3175 - accuracy: 0.0984
27/98 [=======>......................] - ETA: 2s - loss: 2.3170 - accuracy: 0.0982
29/98 [=======>......................] - ETA: 2s - loss: 2.3173 - accuracy: 0.0984
31/98 [========>.....................] - ETA: 2s - loss: 2.3176 - accuracy: 0.0986
33/98 [=========>....................] - ETA: 2s - loss: 2.3181 - accuracy: 0.0990
35/98 [=========>....................] - ETA: 2s - loss: 2.3180 - accuracy: 0.0993
37/98 [==========>...................] - ETA: 2s - loss: 2.3188 - accuracy: 0.0987
39/98 [==========>...................] - ETA: 2s - loss: 2.3190 - accuracy: 0.0981
41/98 [===========>..................] - ETA: 2s - loss: 2.3192 - accuracy: 0.0978
43/98 [============>.................] - ETA: 2s - loss: 2.3194 - accuracy: 0.0977
45/98 [============>.................] - ETA: 2s - loss: 2.3192 - accuracy: 0.0981
47/98 [=============>................] - ETA: 1s - loss: 2.3198 - accuracy: 0.0987
49/98 [==============>...............] - ETA: 1s - loss: 2.3200 - accuracy: 0.0989
51/98 [==============>...............] - ETA: 1s - loss: 2.3214 - accuracy: 0.0988
53/98 [===============>..............] - ETA: 1s - loss: 2.3222 - accuracy: 0.0989
55/98 [===============>..............] - ETA: 1s - loss: 2.3224 - accuracy: 0.0988
57/98 [================>.............] - ETA: 1s - loss: 2.3236 - accuracy: 0.0989
59/98 [=================>............] - ETA: 1s - loss: 2.3238 - accuracy: 0.0985
61/98 [=================>............] - ETA: 1s - loss: 2.3236 - accuracy: 0.0983
63/98 [==================>...........] - ETA: 1s - loss: 2.3236 - accuracy: 0.0983
65/98 [==================>...........] - ETA: 1s - loss: 2.3237 - accuracy: 0.0981
67/98 [===================>..........] - ETA: 1s - loss: 2.3246 - accuracy: 0.0979
69/98 [====================>.........] - ETA: 1s - loss: 2.3246 - accuracy: 0.0977
71/98 [====================>.........] - ETA: 1s - loss: 2.3246 - accuracy: 0.0982
73/98 [=====================>........] - ETA: 0s - loss: 2.3252 - accuracy: 0.0981
75/98 [=====================>........] - ETA: 0s - loss: 2.3253 - accuracy: 0.0982
77/98 [======================>.......] - ETA: 0s - loss: 2.3254 - accuracy: 0.0983
79/98 [=======================>......] - ETA: 0s - loss: 2.3254 - accuracy: 0.0985
81/98 [=======================>......] - ETA: 0s - loss: 2.3253 - accuracy: 0.0986
83/98 [========================>.....] - ETA: 0s - loss: 2.3253 - accuracy: 0.0987
85/98 [=========================>....] - ETA: 0s - loss: 2.3256 - accuracy: 0.0987
87/98 [=========================>....] - ETA: 0s - loss: 2.3253 - accuracy: 0.0988
89/98 [==========================>...] - ETA: 0s - loss: 2.3253 - accuracy: 0.0989
91/98 [==========================>...] - ETA: 0s - loss: 2.3253 - accuracy: 0.0989
93/98 [===========================>..] - ETA: 0s - loss: 2.3249 - accuracy: 0.0991
95/98 [============================>.] - ETA: 0s - loss: 2.3247 - accuracy: 0.0989
97/98 [============================>.] - ETA: 0s - loss: 2.3245 - accuracy: 0.0989
98/98 [==============================] - 5s 50ms/step - loss: 2.3243 - accuracy: 0.0987 - val_loss: 2.3138 - val_accuracy: 0.1000
Epoch 8/288

 1/98 [..............................] - ETA: 6s - loss: 2.3093 - accuracy: 0.1035
 3/98 [..............................] - ETA: 3s - loss: 2.3130 - accuracy: 0.1009
 5/98 [>.............................] - ETA: 3s - loss: 2.3156 - accuracy: 0.0988
 7/98 [=>............................] - ETA: 3s - loss: 2.3138 - accuracy: 0.0974
 9/98 [=>............................] - ETA: 3s - loss: 2.3161 - accuracy: 0.0987
11/98 [==>...........................] - ETA: 3s - loss: 2.3166 - accuracy: 0.0975
13/98 [==>...........................] - ETA: 3s - loss: 2.3164 - accuracy: 0.0986
15/98 [===>..........................] - ETA: 3s - loss: 2.3168 - accuracy: 0.0977
17/98 [====>.........................] - ETA: 3s - loss: 2.3167 - accuracy: 0.0982
19/98 [====>.........................] - ETA: 3s - loss: 2.3179 - accuracy: 0.0970
21/98 [=====>........................] - ETA: 2s - loss: 2.3170 - accuracy: 0.0961
23/98 [======>.......................] - ETA: 2s - loss: 2.3175 - accuracy: 0.0955
25/98 [======>.......................] - ETA: 2s - loss: 2.3166 - accuracy: 0.0971
27/98 [=======>......................] - ETA: 2s - loss: 2.3168 - accuracy: 0.0980
29/98 [=======>......................] - ETA: 2s - loss: 2.3183 - accuracy: 0.0979
31/98 [========>.....................] - ETA: 2s - loss: 2.3186 - accuracy: 0.0982
33/98 [=========>....................] - ETA: 2s - loss: 2.3195 - accuracy: 0.0978
35/98 [=========>....................] - ETA: 2s - loss: 2.3195 - accuracy: 0.0988
37/98 [==========>...................] - ETA: 2s - loss: 2.3199 - accuracy: 0.0988
39/98 [==========>...................] - ETA: 2s - loss: 2.3196 - accuracy: 0.0996
41/98 [===========>..................] - ETA: 2s - loss: 2.3194 - accuracy: 0.1004
43/98 [============>.................] - ETA: 2s - loss: 2.3191 - accuracy: 0.1008
45/98 [============>.................] - ETA: 2s - loss: 2.3198 - accuracy: 0.0998
47/98 [=============>................] - ETA: 1s - loss: 2.3195 - accuracy: 0.0998
49/98 [==============>...............] - ETA: 1s - loss: 2.3198 - accuracy: 0.1000
51/98 [==============>...............] - ETA: 1s - loss: 2.3196 - accuracy: 0.0999
53/98 [===============>..............] - ETA: 1s - loss: 2.3195 - accuracy: 0.1003
55/98 [===============>..............] - ETA: 1s - loss: 2.3195 - accuracy: 0.0997
57/98 [================>.............] - ETA: 1s - loss: 2.3190 - accuracy: 0.0997
59/98 [=================>............] - ETA: 1s - loss: 2.3192 - accuracy: 0.0999
61/98 [=================>............] - ETA: 1s - loss: 2.3193 - accuracy: 0.0997
63/98 [==================>...........] - ETA: 1s - loss: 2.3197 - accuracy: 0.0993
65/98 [==================>...........] - ETA: 1s - loss: 2.3196 - accuracy: 0.0992
67/98 [===================>..........] - ETA: 1s - loss: 2.3200 - accuracy: 0.0989
69/98 [====================>.........] - ETA: 1s - loss: 2.3206 - accuracy: 0.0991
71/98 [====================>.........] - ETA: 1s - loss: 2.3210 - accuracy: 0.0989
73/98 [=====================>........] - ETA: 0s - loss: 2.3214 - accuracy: 0.0986
75/98 [=====================>........] - ETA: 0s - loss: 2.3213 - accuracy: 0.0987
77/98 [======================>.......] - ETA: 0s - loss: 2.3218 - accuracy: 0.0988
79/98 [=======================>......] - ETA: 0s - loss: 2.3215 - accuracy: 0.0989
81/98 [=======================>......] - ETA: 0s - loss: 2.3218 - accuracy: 0.0986
83/98 [========================>.....] - ETA: 0s - loss: 2.3217 - accuracy: 0.0992
85/98 [=========================>....] - ETA: 0s - loss: 2.3218 - accuracy: 0.0992
87/98 [=========================>....] - ETA: 0s - loss: 2.3216 - accuracy: 0.0996
89/98 [==========================>...] - ETA: 0s - loss: 2.3214 - accuracy: 0.0995
91/98 [==========================>...] - ETA: 0s - loss: 2.3213 - accuracy: 0.0999
93/98 [===========================>..] - ETA: 0s - loss: 2.3212 - accuracy: 0.1000
95/98 [============================>.] - ETA: 0s - loss: 2.3210 - accuracy: 0.1000
97/98 [============================>.] - ETA: 0s - loss: 2.3208 - accuracy: 0.1000
98/98 [==============================] - 5s 51ms/step - loss: 2.3207 - accuracy: 0.0998 - val_loss: 2.3110 - val_accuracy: 0.1000
Epoch 9/288

 1/98 [..............................] - ETA: 6s - loss: 2.3124 - accuracy: 0.0840
 3/98 [..............................] - ETA: 3s - loss: 2.3086 - accuracy: 0.1003
 5/98 [>.............................] - ETA: 3s - loss: 2.3134 - accuracy: 0.0961
 7/98 [=>............................] - ETA: 3s - loss: 2.3127 - accuracy: 0.0977
 9/98 [=>............................] - ETA: 3s - loss: 2.3144 - accuracy: 0.0987
11/98 [==>...........................] - ETA: 3s - loss: 2.3143 - accuracy: 0.0999
13/98 [==>...........................] - ETA: 3s - loss: 2.3145 - accuracy: 0.0992
15/98 [===>..........................] - ETA: 3s - loss: 2.3139 - accuracy: 0.1043
17/98 [====>.........................] - ETA: 3s - loss: 2.3162 - accuracy: 0.1023
19/98 [====>.........................] - ETA: 3s - loss: 2.3166 - accuracy: 0.1026
21/98 [=====>........................] - ETA: 3s - loss: 2.3180 - accuracy: 0.1009
23/98 [======>.......................] - ETA: 2s - loss: 2.3186 - accuracy: 0.1002
25/98 [======>.......................] - ETA: 2s - loss: 2.3184 - accuracy: 0.1010
27/98 [=======>......................] - ETA: 2s - loss: 2.3195 - accuracy: 0.1010
29/98 [=======>......................] - ETA: 2s - loss: 2.3194 - accuracy: 0.1005
31/98 [========>.....................] - ETA: 2s - loss: 2.3198 - accuracy: 0.1005
33/98 [=========>....................] - ETA: 2s - loss: 2.3194 - accuracy: 0.1002
35/98 [=========>....................] - ETA: 2s - loss: 2.3186 - accuracy: 0.1011
37/98 [==========>...................] - ETA: 2s - loss: 2.3191 - accuracy: 0.1006
39/98 [==========>...................] - ETA: 2s - loss: 2.3186 - accuracy: 0.1014
41/98 [===========>..................] - ETA: 2s - loss: 2.3189 - accuracy: 0.1017
43/98 [============>.................] - ETA: 2s - loss: 2.3189 - accuracy: 0.1014
45/98 [============>.................] - ETA: 2s - loss: 2.3188 - accuracy: 0.1017
47/98 [=============>................] - ETA: 2s - loss: 2.3188 - accuracy: 0.1020
49/98 [==============>...............] - ETA: 1s - loss: 2.3184 - accuracy: 0.1019
51/98 [==============>...............] - ETA: 1s - loss: 2.3191 - accuracy: 0.1017
53/98 [===============>..............] - ETA: 1s - loss: 2.3190 - accuracy: 0.1013
55/98 [===============>..............] - ETA: 1s - loss: 2.3190 - accuracy: 0.1008
57/98 [================>.............] - ETA: 1s - loss: 2.3196 - accuracy: 0.1014
59/98 [=================>............] - ETA: 1s - loss: 2.3200 - accuracy: 0.1020
61/98 [=================>............] - ETA: 1s - loss: 2.3207 - accuracy: 0.1015
63/98 [==================>...........] - ETA: 1s - loss: 2.3208 - accuracy: 0.1014
65/98 [==================>...........] - ETA: 1s - loss: 2.3212 - accuracy: 0.1012
67/98 [===================>..........] - ETA: 1s - loss: 2.3207 - accuracy: 0.1013
69/98 [====================>.........] - ETA: 1s - loss: 2.3201 - accuracy: 0.1015
71/98 [====================>.........] - ETA: 1s - loss: 2.3201 - accuracy: 0.1014
73/98 [=====================>........] - ETA: 0s - loss: 2.3197 - accuracy: 0.1017
75/98 [=====================>........] - ETA: 0s - loss: 2.3199 - accuracy: 0.1018
77/98 [======================>.......] - ETA: 0s - loss: 2.3197 - accuracy: 0.1019
79/98 [=======================>......] - ETA: 0s - loss: 2.3196 - accuracy: 0.1019
81/98 [=======================>......] - ETA: 0s - loss: 2.3199 - accuracy: 0.1020
83/98 [========================>.....] - ETA: 0s - loss: 2.3197 - accuracy: 0.1017
85/98 [=========================>....] - ETA: 0s - loss: 2.3196 - accuracy: 0.1015
87/98 [=========================>....] - ETA: 0s - loss: 2.3195 - accuracy: 0.1012
89/98 [==========================>...] - ETA: 0s - loss: 2.3196 - accuracy: 0.1009
91/98 [==========================>...] - ETA: 0s - loss: 2.3196 - accuracy: 0.1008
93/98 [===========================>..] - ETA: 0s - loss: 2.3196 - accuracy: 0.1006
95/98 [============================>.] - ETA: 0s - loss: 2.3197 - accuracy: 0.1005
97/98 [============================>.] - ETA: 0s - loss: 2.3194 - accuracy: 0.1006
98/98 [==============================] - 5s 51ms/step - loss: 2.3194 - accuracy: 0.1004 - val_loss: 2.3137 - val_accuracy: 0.1000
Epoch 10/288

 1/98 [..............................] - ETA: 6s - loss: 2.3080 - accuracy: 0.0762
 3/98 [..............................] - ETA: 3s - loss: 2.3121 - accuracy: 0.0977
 5/98 [>.............................] - ETA: 3s - loss: 2.3098 - accuracy: 0.0973
 7/98 [=>............................] - ETA: 3s - loss: 2.3113 - accuracy: 0.0971
 9/98 [=>............................] - ETA: 3s - loss: 2.3150 - accuracy: 0.0987
11/98 [==>...........................] - ETA: 3s - loss: 2.3129 - accuracy: 0.1030
13/98 [==>...........................] - ETA: 3s - loss: 2.3155 - accuracy: 0.1007
15/98 [===>..........................] - ETA: 3s - loss: 2.3156 - accuracy: 0.1007
17/98 [====>.........................] - ETA: 3s - loss: 2.3170 - accuracy: 0.1021
19/98 [====>.........................] - ETA: 3s - loss: 2.3176 - accuracy: 0.1005
21/98 [=====>........................] - ETA: 3s - loss: 2.3178 - accuracy: 0.1000
23/98 [======>.......................] - ETA: 2s - loss: 2.3193 - accuracy: 0.0995
25/98 [======>.......................] - ETA: 2s - loss: 2.3200 - accuracy: 0.0998
27/98 [=======>......................] - ETA: 2s - loss: 2.3202 - accuracy: 0.1001
29/98 [=======>......................] - ETA: 2s - loss: 2.3198 - accuracy: 0.1004
31/98 [========>.....................] - ETA: 2s - loss: 2.3189 - accuracy: 0.1005
33/98 [=========>....................] - ETA: 2s - loss: 2.3186 - accuracy: 0.1008
35/98 [=========>....................] - ETA: 2s - loss: 2.3187 - accuracy: 0.1006
37/98 [==========>...................] - ETA: 2s - loss: 2.3184 - accuracy: 0.1000
39/98 [==========>...................] - ETA: 2s - loss: 2.3178 - accuracy: 0.1000
41/98 [===========>..................] - ETA: 2s - loss: 2.3181 - accuracy: 0.0998
43/98 [============>.................] - ETA: 2s - loss: 2.3176 - accuracy: 0.0995
45/98 [============>.................] - ETA: 2s - loss: 2.3175 - accuracy: 0.1000
47/98 [=============>................] - ETA: 2s - loss: 2.3172 - accuracy: 0.0996
49/98 [==============>...............] - ETA: 1s - loss: 2.3176 - accuracy: 0.0991
51/98 [==============>...............] - ETA: 1s - loss: 2.3174 - accuracy: 0.0988
53/98 [===============>..............] - ETA: 1s - loss: 2.3174 - accuracy: 0.0995
55/98 [===============>..............] - ETA: 1s - loss: 2.3175 - accuracy: 0.0995
57/98 [================>.............] - ETA: 1s - loss: 2.3178 - accuracy: 0.0991
59/98 [=================>............] - ETA: 1s - loss: 2.3178 - accuracy: 0.0994
61/98 [=================>............] - ETA: 1s - loss: 2.3178 - accuracy: 0.1002
63/98 [==================>...........] - ETA: 1s - loss: 2.3178 - accuracy: 0.1004
65/98 [==================>...........] - ETA: 1s - loss: 2.3179 - accuracy: 0.1003
67/98 [===================>..........] - ETA: 1s - loss: 2.3180 - accuracy: 0.1000
69/98 [====================>.........] - ETA: 1s - loss: 2.3178 - accuracy: 0.1001
71/98 [====================>.........] - ETA: 1s - loss: 2.3179 - accuracy: 0.1002
73/98 [=====================>........] - ETA: 0s - loss: 2.3179 - accuracy: 0.1003
75/98 [=====================>........] - ETA: 0s - loss: 2.3180 - accuracy: 0.0999
77/98 [======================>.......] - ETA: 0s - loss: 2.3178 - accuracy: 0.0998
79/98 [=======================>......] - ETA: 0s - loss: 2.3180 - accuracy: 0.0999
81/98 [=======================>......] - ETA: 0s - loss: 2.3181 - accuracy: 0.1001
83/98 [========================>.....] - ETA: 0s - loss: 2.3182 - accuracy: 0.1000
85/98 [=========================>....] - ETA: 0s - loss: 2.3181 - accuracy: 0.0999
87/98 [=========================>....] - ETA: 0s - loss: 2.3181 - accuracy: 0.0996
89/98 [==========================>...] - ETA: 0s - loss: 2.3183 - accuracy: 0.0992
91/98 [==========================>...] - ETA: 0s - loss: 2.3182 - accuracy: 0.0989
93/98 [===========================>..] - ETA: 0s - loss: 2.3183 - accuracy: 0.0990
95/98 [============================>.] - ETA: 0s - loss: 2.3181 - accuracy: 0.0994
97/98 [============================>.] - ETA: 0s - loss: 2.3180 - accuracy: 0.0995
98/98 [==============================] - 5s 51ms/step - loss: 2.3180 - accuracy: 0.0993 - val_loss: 2.3090 - val_accuracy: 0.1000
