2024-06-25 14:49:36.657671: I tensorflow/core/platform/cpu_feature_guard.cc:193] This TensorFlow binary is optimized with oneAPI Deep Neural Network Library (oneDNN) to use the following CPU instructions in performance-critical operations:  AVX AVX2
To enable them in other operations, rebuild TensorFlow with the appropriate compiler flags.
2024-06-25 14:49:37.422859: I tensorflow/core/common_runtime/gpu/gpu_device.cc:1616] Created device /job:localhost/replica:0/task:0/device:GPU:0 with 6656 MB memory:  -> device: 0, name: NVIDIA GeForce RTX 4060 Ti, pci bus id: 0000:01:00.0, compute capability: 8.9
1 Physical GPUs, 1 Logical GPUs
Model: "sequential"
_________________________________________________________________
 Layer (type)                Output Shape              Param #   
=================================================================
 conv2d (Conv2D)             (None, 32, 32, 32)        896       
                                                                 
 max_pooling2d (MaxPooling2D  (None, 16, 16, 32)       0         
 )                                                               
                                                                 
 batch_normalization (BatchN  (None, 16, 16, 32)       128       
 ormalization)                                                   
                                                                 
 conv2d_1 (Conv2D)           (None, 16, 16, 32)        82976     
                                                                 
 batch_normalization_1 (Batc  (None, 16, 16, 32)       128       
 hNormalization)                                                 
                                                                 
 conv2d_2 (Conv2D)           (None, 16, 16, 32)        25632     
                                                                 
 dropout (Dropout)           (None, 16, 16, 32)        0         
                                                                 
 flatten (Flatten)           (None, 8192)              0         
                                                                 
 dense (Dense)               (None, 10)                81930     
                                                                 
=================================================================
Total params: 191,690
Trainable params: 191,562
Non-trainable params: 128
_________________________________________________________________
Taxa de aprendizado:  1 Num de épocas:  288 Tamanho do lote:  512 Dropout:  0.16129
Epoch 1/288
2024-06-25 14:49:39.031742: I tensorflow/stream_executor/cuda/cuda_dnn.cc:384] Loaded cuDNN version 8100
2024-06-25 14:49:39.886913: W tensorflow/stream_executor/gpu/redzone_allocator.cc:314] INTERNAL: ptxas exited with non-zero error code -1, output: 
Relying on driver to perform ptx compilation. 
Modify $PATH to customize ptxas location.
This message will be only logged once.
2024-06-25 14:49:41.059368: I tensorflow/stream_executor/cuda/cuda_blas.cc:1614] TensorFloat-32 will be used for the matrix multiplication. This will only be logged once.

 1/98 [..............................] - ETA: 6:22 - loss: 2.7093 - accuracy: 0.0918
 4/98 [>.............................] - ETA: 2s - loss: 109541.7656 - accuracy: 0.0962
 7/98 [=>............................] - ETA: 2s - loss: 62601.9453 - accuracy: 0.0918 
 9/98 [=>............................] - ETA: 2s - loss: 48747.4336 - accuracy: 0.0979
11/98 [==>...........................] - ETA: 2s - loss: 39894.3594 - accuracy: 0.0975
13/98 [==>...........................] - ETA: 2s - loss: 33762.8320 - accuracy: 0.0969
15/98 [===>..........................] - ETA: 2s - loss: 29302.9121 - accuracy: 0.0936
17/98 [====>.........................] - ETA: 5s - loss: 26733.3867 - accuracy: 0.0972
19/98 [====>.........................] - ETA: 5s - loss: 23980.1445 - accuracy: 0.0982
21/98 [=====>........................] - ETA: 5s - loss: 21661.5098 - accuracy: 0.0980
23/98 [======>.......................] - ETA: 4s - loss: 19754.1816 - accuracy: 0.0975
25/98 [======>.......................] - ETA: 4s - loss: 18152.5117 - accuracy: 0.0976
27/98 [=======>......................] - ETA: 4s - loss: 16790.7207 - accuracy: 0.0981
29/98 [=======>......................] - ETA: 4s - loss: 15619.0225 - accuracy: 0.0970
31/98 [========>.....................] - ETA: 3s - loss: 14600.2041 - accuracy: 0.0968
34/98 [=========>....................] - ETA: 3s - loss: 13299.0029 - accuracy: 0.0971
37/98 [==========>...................] - ETA: 3s - loss: 12210.7822 - accuracy: 0.0970
39/98 [==========>...................] - ETA: 3s - loss: 11579.1426 - accuracy: 0.0964
42/98 [===========>..................] - ETA: 2s - loss: 10745.4043 - accuracy: 0.0964
45/98 [============>.................] - ETA: 2s - loss: 10023.6865 - accuracy: 0.0967
48/98 [=============>................] - ETA: 2s - loss: 9392.8330 - accuracy: 0.0969 
51/98 [==============>...............] - ETA: 2s - loss: 8836.7012 - accuracy: 0.0973
53/98 [===============>..............] - ETA: 2s - loss: 8501.1523 - accuracy: 0.0971
56/98 [================>.............] - ETA: 1s - loss: 8043.0454 - accuracy: 0.0968
59/98 [=================>............] - ETA: 1s - loss: 7631.7988 - accuracy: 0.0965
62/98 [=================>............] - ETA: 1s - loss: 7260.5718 - accuracy: 0.0966
65/98 [==================>...........] - ETA: 1s - loss: 6923.7944 - accuracy: 0.0968
67/98 [===================>..........] - ETA: 1s - loss: 6716.1177 - accuracy: 0.0968
69/98 [====================>.........] - ETA: 1s - loss: 6520.5400 - accuracy: 0.0970
71/98 [====================>.........] - ETA: 1s - loss: 6336.0352 - accuracy: 0.0977
73/98 [=====================>........] - ETA: 1s - loss: 6161.6875 - accuracy: 0.0976
75/98 [=====================>........] - ETA: 0s - loss: 5996.6812 - accuracy: 0.0974
77/98 [======================>.......] - ETA: 0s - loss: 5840.2852 - accuracy: 0.0970
79/98 [=======================>......] - ETA: 0s - loss: 5691.8433 - accuracy: 0.0972
81/98 [=======================>......] - ETA: 0s - loss: 5550.7622 - accuracy: 0.0974
83/98 [========================>.....] - ETA: 0s - loss: 5416.5088 - accuracy: 0.0971
85/98 [=========================>....] - ETA: 0s - loss: 5288.5986 - accuracy: 0.0970
87/98 [=========================>....] - ETA: 0s - loss: 5166.5933 - accuracy: 0.0971
89/98 [==========================>...] - ETA: 0s - loss: 5050.0918 - accuracy: 0.0971
91/98 [==========================>...] - ETA: 0s - loss: 4938.7314 - accuracy: 0.0975
93/98 [===========================>..] - ETA: 0s - loss: 4832.1782 - accuracy: 0.0975
95/98 [============================>.] - ETA: 0s - loss: 4730.1279 - accuracy: 0.0977
97/98 [============================>.] - ETA: 0s - loss: 4632.3008 - accuracy: 0.0975
98/98 [==============================] - 9s 52ms/step - loss: 4584.8901 - accuracy: 0.0975 - val_loss: 2.3341 - val_accuracy: 0.1000
Epoch 2/288

 1/98 [..............................] - ETA: 5s - loss: 2.3379 - accuracy: 0.1152
 3/98 [..............................] - ETA: 3s - loss: 2.3216 - accuracy: 0.1126
 5/98 [>.............................] - ETA: 3s - loss: 2.3192 - accuracy: 0.1082
 7/98 [=>............................] - ETA: 3s - loss: 2.3188 - accuracy: 0.1030
 9/98 [=>............................] - ETA: 3s - loss: 2.3194 - accuracy: 0.0961
11/98 [==>...........................] - ETA: 3s - loss: 2.3176 - accuracy: 0.0966
13/98 [==>...........................] - ETA: 3s - loss: 2.3169 - accuracy: 0.0987
15/98 [===>..........................] - ETA: 3s - loss: 2.3165 - accuracy: 0.1001
17/98 [====>.........................] - ETA: 3s - loss: 2.4962 - accuracy: 0.0983
19/98 [====>.........................] - ETA: 3s - loss: 2.4759 - accuracy: 0.0998
21/98 [=====>........................] - ETA: 3s - loss: 2.4616 - accuracy: 0.0992
23/98 [======>.......................] - ETA: 3s - loss: 2.4487 - accuracy: 0.0991
25/98 [======>.......................] - ETA: 2s - loss: 2.4380 - accuracy: 0.0994
27/98 [=======>......................] - ETA: 2s - loss: 2.4296 - accuracy: 0.0987
30/98 [========>.....................] - ETA: 2s - loss: 2.4179 - accuracy: 0.0999
33/98 [=========>....................] - ETA: 2s - loss: 2.4099 - accuracy: 0.0992
35/98 [=========>....................] - ETA: 2s - loss: 2.4049 - accuracy: 0.0990
38/98 [==========>...................] - ETA: 2s - loss: 2.3986 - accuracy: 0.0990
40/98 [===========>..................] - ETA: 2s - loss: 2.3938 - accuracy: 0.0995
42/98 [===========>..................] - ETA: 1s - loss: 2.3903 - accuracy: 0.0992
45/98 [============>.................] - ETA: 1s - loss: 2.3855 - accuracy: 0.0996
48/98 [=============>................] - ETA: 1s - loss: 2.3816 - accuracy: 0.0995
51/98 [==============>...............] - ETA: 1s - loss: 2.3774 - accuracy: 0.0997
53/98 [===============>..............] - ETA: 1s - loss: 2.3751 - accuracy: 0.0993
55/98 [===============>..............] - ETA: 1s - loss: 2.3728 - accuracy: 0.0999
58/98 [================>.............] - ETA: 1s - loss: 2.3699 - accuracy: 0.1003
60/98 [=================>............] - ETA: 1s - loss: 2.3679 - accuracy: 0.1004
63/98 [==================>...........] - ETA: 1s - loss: 2.3652 - accuracy: 0.1004
65/98 [==================>...........] - ETA: 1s - loss: 2.3634 - accuracy: 0.1003
67/98 [===================>..........] - ETA: 1s - loss: 2.3620 - accuracy: 0.1006
69/98 [====================>.........] - ETA: 0s - loss: 2.3606 - accuracy: 0.1007
71/98 [====================>.........] - ETA: 0s - loss: 2.3592 - accuracy: 0.1008
73/98 [=====================>........] - ETA: 0s - loss: 2.3579 - accuracy: 0.1008
75/98 [=====================>........] - ETA: 0s - loss: 2.3567 - accuracy: 0.1009
77/98 [======================>.......] - ETA: 0s - loss: 2.3553 - accuracy: 0.1010
79/98 [=======================>......] - ETA: 0s - loss: 2.3542 - accuracy: 0.1010
81/98 [=======================>......] - ETA: 0s - loss: 2.3534 - accuracy: 0.1006
83/98 [========================>.....] - ETA: 0s - loss: 2.3525 - accuracy: 0.1002
85/98 [=========================>....] - ETA: 0s - loss: 2.3518 - accuracy: 0.0998
87/98 [=========================>....] - ETA: 0s - loss: 2.3508 - accuracy: 0.1000
89/98 [==========================>...] - ETA: 0s - loss: 2.3499 - accuracy: 0.1003
91/98 [==========================>...] - ETA: 0s - loss: 2.3496 - accuracy: 0.1003
93/98 [===========================>..] - ETA: 0s - loss: 2.3488 - accuracy: 0.1003
95/98 [============================>.] - ETA: 0s - loss: 2.3482 - accuracy: 0.1002
96/98 [============================>.] - ETA: 0s - loss: 2.3479 - accuracy: 0.1000
98/98 [==============================] - ETA: 0s - loss: 2.3473 - accuracy: 0.1000
98/98 [==============================] - 4s 42ms/step - loss: 2.3473 - accuracy: 0.1000 - val_loss: 2.3192 - val_accuracy: 0.1000
Epoch 3/288

 1/98 [..............................] - ETA: 6s - loss: 2.3150 - accuracy: 0.1035
 3/98 [..............................] - ETA: 3s - loss: 2.3153 - accuracy: 0.0996
 5/98 [>.............................] - ETA: 3s - loss: 2.3199 - accuracy: 0.0965
 7/98 [=>............................] - ETA: 3s - loss: 2.3180 - accuracy: 0.0991
 9/98 [=>............................] - ETA: 3s - loss: 2.3183 - accuracy: 0.0977
11/98 [==>...........................] - ETA: 3s - loss: 2.3199 - accuracy: 0.0987
13/98 [==>...........................] - ETA: 3s - loss: 2.3194 - accuracy: 0.0999
15/98 [===>..........................] - ETA: 3s - loss: 2.3198 - accuracy: 0.0977
17/98 [====>.........................] - ETA: 3s - loss: 2.3203 - accuracy: 0.0973
19/98 [====>.........................] - ETA: 3s - loss: 2.3203 - accuracy: 0.0972
21/98 [=====>........................] - ETA: 3s - loss: 2.3193 - accuracy: 0.0979
23/98 [======>.......................] - ETA: 2s - loss: 2.3191 - accuracy: 0.0986
25/98 [======>.......................] - ETA: 2s - loss: 2.3187 - accuracy: 0.0992
27/98 [=======>......................] - ETA: 2s - loss: 2.3190 - accuracy: 0.0983
29/98 [=======>......................] - ETA: 2s - loss: 2.3194 - accuracy: 0.0987
31/98 [========>.....................] - ETA: 2s - loss: 2.3195 - accuracy: 0.0992
33/98 [=========>....................] - ETA: 2s - loss: 2.3198 - accuracy: 0.0993
35/98 [=========>....................] - ETA: 2s - loss: 2.3198 - accuracy: 0.0988
37/98 [==========>...................] - ETA: 2s - loss: 2.3194 - accuracy: 0.0991
40/98 [===========>..................] - ETA: 2s - loss: 2.3195 - accuracy: 0.0992
43/98 [============>.................] - ETA: 2s - loss: 2.3189 - accuracy: 0.0992
46/98 [=============>................] - ETA: 1s - loss: 2.3194 - accuracy: 0.0985
49/98 [==============>...............] - ETA: 1s - loss: 2.3198 - accuracy: 0.0981
51/98 [==============>...............] - ETA: 1s - loss: 2.3195 - accuracy: 0.0985
54/98 [===============>..............] - ETA: 1s - loss: 2.3200 - accuracy: 0.0987
57/98 [================>.............] - ETA: 1s - loss: 2.3196 - accuracy: 0.0975
60/98 [=================>............] - ETA: 1s - loss: 2.3198 - accuracy: 0.0970
63/98 [==================>...........] - ETA: 1s - loss: 2.3195 - accuracy: 0.0968
66/98 [===================>..........] - ETA: 1s - loss: 2.3199 - accuracy: 0.0966
69/98 [====================>.........] - ETA: 0s - loss: 2.3199 - accuracy: 0.0968
71/98 [====================>.........] - ETA: 0s - loss: 2.3200 - accuracy: 0.0964
74/98 [=====================>........] - ETA: 0s - loss: 2.3199 - accuracy: 0.0962
76/98 [======================>.......] - ETA: 0s - loss: 2.3197 - accuracy: 0.0962
78/98 [======================>.......] - ETA: 0s - loss: 2.3194 - accuracy: 0.0964
80/98 [=======================>......] - ETA: 0s - loss: 2.3193 - accuracy: 0.0963
82/98 [========================>.....] - ETA: 0s - loss: 2.3195 - accuracy: 0.0959
84/98 [========================>.....] - ETA: 0s - loss: 2.3192 - accuracy: 0.0964
86/98 [=========================>....] - ETA: 0s - loss: 2.3192 - accuracy: 0.0966
89/98 [==========================>...] - ETA: 0s - loss: 2.3189 - accuracy: 0.0971
91/98 [==========================>...] - ETA: 0s - loss: 2.3191 - accuracy: 0.0970
93/98 [===========================>..] - ETA: 0s - loss: 2.3189 - accuracy: 0.0974
95/98 [============================>.] - ETA: 0s - loss: 2.3188 - accuracy: 0.0973
96/98 [============================>.] - ETA: 0s - loss: 2.3189 - accuracy: 0.0976
98/98 [==============================] - ETA: 0s - loss: 2.3191 - accuracy: 0.0975
98/98 [==============================] - 4s 42ms/step - loss: 2.3191 - accuracy: 0.0975 - val_loss: 2.3119 - val_accuracy: 0.1000
Epoch 4/288

 1/98 [..............................] - ETA: 3s - loss: 2.3165 - accuracy: 0.0918
 3/98 [..............................] - ETA: 2s - loss: 2.3173 - accuracy: 0.0944
 6/98 [>.............................] - ETA: 2s - loss: 2.3193 - accuracy: 0.0882
 9/98 [=>............................] - ETA: 2s - loss: 2.3202 - accuracy: 0.0938
12/98 [==>...........................] - ETA: 2s - loss: 2.3197 - accuracy: 0.0954
14/98 [===>..........................] - ETA: 2s - loss: 2.3193 - accuracy: 0.0951
16/98 [===>..........................] - ETA: 2s - loss: 2.3179 - accuracy: 0.0975
18/98 [====>.........................] - ETA: 2s - loss: 2.3188 - accuracy: 0.0977
20/98 [=====>........................] - ETA: 2s - loss: 2.3180 - accuracy: 0.0978
22/98 [=====>........................] - ETA: 2s - loss: 2.3185 - accuracy: 0.0981
24/98 [======>.......................] - ETA: 2s - loss: 2.3179 - accuracy: 0.0977
26/98 [======>.......................] - ETA: 2s - loss: 2.3177 - accuracy: 0.0982
28/98 [=======>......................] - ETA: 2s - loss: 2.3182 - accuracy: 0.0973
30/98 [========>.....................] - ETA: 2s - loss: 2.3176 - accuracy: 0.0981
32/98 [========>.....................] - ETA: 2s - loss: 2.3177 - accuracy: 0.0983
34/98 [=========>....................] - ETA: 2s - loss: 2.3176 - accuracy: 0.0985
36/98 [==========>...................] - ETA: 2s - loss: 2.3177 - accuracy: 0.0984
38/98 [==========>...................] - ETA: 2s - loss: 2.3170 - accuracy: 0.0990
40/98 [===========>..................] - ETA: 2s - loss: 2.3169 - accuracy: 0.0984
42/98 [===========>..................] - ETA: 2s - loss: 2.3163 - accuracy: 0.0988
44/98 [============>.................] - ETA: 1s - loss: 2.3160 - accuracy: 0.0989
46/98 [=============>................] - ETA: 1s - loss: 2.3159 - accuracy: 0.0990
48/98 [=============>................] - ETA: 1s - loss: 2.3157 - accuracy: 0.0986
50/98 [==============>...............] - ETA: 1s - loss: 2.3157 - accuracy: 0.0986
52/98 [==============>...............] - ETA: 1s - loss: 2.3154 - accuracy: 0.0988
55/98 [===============>..............] - ETA: 1s - loss: 2.3154 - accuracy: 0.0982
58/98 [================>.............] - ETA: 1s - loss: 2.3150 - accuracy: 0.0985
60/98 [=================>............] - ETA: 1s - loss: 2.3151 - accuracy: 0.0985
63/98 [==================>...........] - ETA: 1s - loss: 2.3146 - accuracy: 0.0980
66/98 [===================>..........] - ETA: 1s - loss: 2.3148 - accuracy: 0.0976
69/98 [====================>.........] - ETA: 0s - loss: 2.3149 - accuracy: 0.0977
72/98 [=====================>........] - ETA: 0s - loss: 2.3148 - accuracy: 0.0977
74/98 [=====================>........] - ETA: 0s - loss: 2.3150 - accuracy: 0.0977
77/98 [======================>.......] - ETA: 0s - loss: 2.3150 - accuracy: 0.0978
80/98 [=======================>......] - ETA: 0s - loss: 2.3150 - accuracy: 0.0979
83/98 [========================>.....] - ETA: 0s - loss: 2.3152 - accuracy: 0.0980
85/98 [=========================>....] - ETA: 0s - loss: 2.3154 - accuracy: 0.0982
88/98 [=========================>....] - ETA: 0s - loss: 2.3155 - accuracy: 0.0981
90/98 [==========================>...] - ETA: 0s - loss: 2.3156 - accuracy: 0.0980
92/98 [===========================>..] - ETA: 0s - loss: 2.3157 - accuracy: 0.0982
94/98 [===========================>..] - ETA: 0s - loss: 2.3160 - accuracy: 0.0978
96/98 [============================>.] - ETA: 0s - loss: 2.3163 - accuracy: 0.0979
98/98 [==============================] - ETA: 0s - loss: 2.3163 - accuracy: 0.0980
98/98 [==============================] - 4s 43ms/step - loss: 2.3163 - accuracy: 0.0980 - val_loss: 2.3159 - val_accuracy: 0.1000
Epoch 5/288

 1/98 [..............................] - ETA: 4s - loss: 2.3070 - accuracy: 0.1230
 4/98 [>.............................] - ETA: 2s - loss: 2.3177 - accuracy: 0.1050
 7/98 [=>............................] - ETA: 2s - loss: 2.3177 - accuracy: 0.1057
 9/98 [=>............................] - ETA: 2s - loss: 2.3190 - accuracy: 0.1057
11/98 [==>...........................] - ETA: 2s - loss: 2.3176 - accuracy: 0.1062
14/98 [===>..........................] - ETA: 2s - loss: 2.3186 - accuracy: 0.1073
16/98 [===>..........................] - ETA: 2s - loss: 2.3195 - accuracy: 0.1063
19/98 [====>.........................] - ETA: 2s - loss: 2.3192 - accuracy: 0.1056
22/98 [=====>........................] - ETA: 2s - loss: 2.3177 - accuracy: 0.1047
24/98 [======>.......................] - ETA: 2s - loss: 2.3173 - accuracy: 0.1056
26/98 [======>.......................] - ETA: 2s - loss: 2.3167 - accuracy: 0.1055
28/98 [=======>......................] - ETA: 2s - loss: 2.3161 - accuracy: 0.1050
30/98 [========>.....................] - ETA: 2s - loss: 2.3164 - accuracy: 0.1046
32/98 [========>.....................] - ETA: 2s - loss: 2.3168 - accuracy: 0.1044
34/98 [=========>....................] - ETA: 2s - loss: 2.3163 - accuracy: 0.1050
36/98 [==========>...................] - ETA: 1s - loss: 2.3168 - accuracy: 0.1048
38/98 [==========>...................] - ETA: 1s - loss: 2.3171 - accuracy: 0.1038
40/98 [===========>..................] - ETA: 1s - loss: 2.3175 - accuracy: 0.1035
42/98 [===========>..................] - ETA: 1s - loss: 2.3177 - accuracy: 0.1026
44/98 [============>.................] - ETA: 1s - loss: 2.3175 - accuracy: 0.1025
46/98 [=============>................] - ETA: 1s - loss: 2.3171 - accuracy: 0.1027
48/98 [=============>................] - ETA: 1s - loss: 2.3170 - accuracy: 0.1025
50/98 [==============>...............] - ETA: 1s - loss: 2.3167 - accuracy: 0.1021
52/98 [==============>...............] - ETA: 1s - loss: 2.3163 - accuracy: 0.1024
54/98 [===============>..............] - ETA: 1s - loss: 2.3164 - accuracy: 0.1021
56/98 [================>.............] - ETA: 1s - loss: 2.3164 - accuracy: 0.1019
58/98 [================>.............] - ETA: 1s - loss: 2.3170 - accuracy: 0.1019
60/98 [=================>............] - ETA: 1s - loss: 2.3170 - accuracy: 0.1016
62/98 [=================>............] - ETA: 1s - loss: 2.3166 - accuracy: 0.1018
65/98 [==================>...........] - ETA: 1s - loss: 2.3168 - accuracy: 0.1014
68/98 [===================>..........] - ETA: 1s - loss: 2.3168 - accuracy: 0.1014
71/98 [====================>.........] - ETA: 0s - loss: 2.3168 - accuracy: 0.1013
73/98 [=====================>........] - ETA: 0s - loss: 2.3171 - accuracy: 0.1013
76/98 [======================>.......] - ETA: 0s - loss: 2.3169 - accuracy: 0.1016
79/98 [=======================>......] - ETA: 0s - loss: 2.3170 - accuracy: 0.1018
82/98 [========================>.....] - ETA: 0s - loss: 2.3171 - accuracy: 0.1017
85/98 [=========================>....] - ETA: 0s - loss: 2.3169 - accuracy: 0.1012
87/98 [=========================>....] - ETA: 0s - loss: 2.3168 - accuracy: 0.1013
90/98 [==========================>...] - ETA: 0s - loss: 2.3166 - accuracy: 0.1009
93/98 [===========================>..] - ETA: 0s - loss: 2.3165 - accuracy: 0.1008
95/98 [============================>.] - ETA: 0s - loss: 2.3165 - accuracy: 0.1006
98/98 [==============================] - ETA: 0s - loss: 2.3165 - accuracy: 0.1006
98/98 [==============================] - 4s 42ms/step - loss: 2.3165 - accuracy: 0.1006 - val_loss: 2.3162 - val_accuracy: 0.1000
Epoch 6/288

 1/98 [..............................] - ETA: 4s - loss: 2.2970 - accuracy: 0.0918
 4/98 [>.............................] - ETA: 2s - loss: 2.3240 - accuracy: 0.0938
 7/98 [=>............................] - ETA: 2s - loss: 2.3223 - accuracy: 0.0943
10/98 [==>...........................] - ETA: 2s - loss: 2.3204 - accuracy: 0.0965
13/98 [==>...........................] - ETA: 2s - loss: 2.3195 - accuracy: 0.0965
15/98 [===>..........................] - ETA: 2s - loss: 2.3188 - accuracy: 0.0956
18/98 [====>.........................] - ETA: 2s - loss: 2.3184 - accuracy: 0.0978
21/98 [=====>........................] - ETA: 2s - loss: 2.3183 - accuracy: 0.0980
24/98 [======>.......................] - ETA: 1s - loss: 2.3171 - accuracy: 0.0993
27/98 [=======>......................] - ETA: 1s - loss: 2.3177 - accuracy: 0.0993
29/98 [=======>......................] - ETA: 1s - loss: 2.3186 - accuracy: 0.0988
32/98 [========>.....................] - ETA: 1s - loss: 2.3198 - accuracy: 0.0978
34/98 [=========>....................] - ETA: 1s - loss: 2.3198 - accuracy: 0.0988
37/98 [==========>...................] - ETA: 1s - loss: 2.3193 - accuracy: 0.1000
39/98 [==========>...................] - ETA: 1s - loss: 2.3195 - accuracy: 0.1004
41/98 [===========>..................] - ETA: 1s - loss: 2.3200 - accuracy: 0.1005
43/98 [============>.................] - ETA: 1s - loss: 2.3207 - accuracy: 0.0999
45/98 [============>.................] - ETA: 1s - loss: 2.3210 - accuracy: 0.1001
47/98 [=============>................] - ETA: 1s - loss: 2.3202 - accuracy: 0.1001
49/98 [==============>...............] - ETA: 1s - loss: 2.3198 - accuracy: 0.1006
51/98 [==============>...............] - ETA: 1s - loss: 2.3199 - accuracy: 0.0999
53/98 [===============>..............] - ETA: 1s - loss: 2.3198 - accuracy: 0.0998
55/98 [===============>..............] - ETA: 1s - loss: 2.3195 - accuracy: 0.0997
57/98 [================>.............] - ETA: 1s - loss: 2.3198 - accuracy: 0.0991
59/98 [=================>............] - ETA: 1s - loss: 2.3195 - accuracy: 0.0990
61/98 [=================>............] - ETA: 1s - loss: 2.3195 - accuracy: 0.0988
63/98 [==================>...........] - ETA: 1s - loss: 2.3194 - accuracy: 0.0989
65/98 [==================>...........] - ETA: 1s - loss: 2.3194 - accuracy: 0.0987
67/98 [===================>..........] - ETA: 1s - loss: 2.3191 - accuracy: 0.0986
69/98 [====================>.........] - ETA: 0s - loss: 2.3189 - accuracy: 0.0987
71/98 [====================>.........] - ETA: 0s - loss: 2.3193 - accuracy: 0.0986
73/98 [=====================>........] - ETA: 0s - loss: 2.3193 - accuracy: 0.0983
75/98 [=====================>........] - ETA: 0s - loss: 2.3192 - accuracy: 0.0981
78/98 [======================>.......] - ETA: 0s - loss: 2.3195 - accuracy: 0.0980
81/98 [=======================>......] - ETA: 0s - loss: 2.3194 - accuracy: 0.0983
84/98 [========================>.....] - ETA: 0s - loss: 2.3201 - accuracy: 0.0983
87/98 [=========================>....] - ETA: 0s - loss: 2.3202 - accuracy: 0.0985
90/98 [==========================>...] - ETA: 0s - loss: 2.3202 - accuracy: 0.0985
92/98 [===========================>..] - ETA: 0s - loss: 2.3202 - accuracy: 0.0987
94/98 [===========================>..] - ETA: 0s - loss: 2.3202 - accuracy: 0.0986
97/98 [============================>.] - ETA: 0s - loss: 2.3200 - accuracy: 0.0985
98/98 [==============================] - 4s 40ms/step - loss: 2.3200 - accuracy: 0.0984 - val_loss: 2.3159 - val_accuracy: 0.1000
Epoch 7/288

 1/98 [..............................] - ETA: 6s - loss: 2.3070 - accuracy: 0.1152
 3/98 [..............................] - ETA: 2s - loss: 2.3077 - accuracy: 0.1118
 5/98 [>.............................] - ETA: 3s - loss: 2.3072 - accuracy: 0.1044
 7/98 [=>............................] - ETA: 3s - loss: 2.3105 - accuracy: 0.0989
 9/98 [=>............................] - ETA: 3s - loss: 2.3111 - accuracy: 0.0993
11/98 [==>...........................] - ETA: 3s - loss: 2.3118 - accuracy: 0.0973
13/98 [==>...........................] - ETA: 3s - loss: 2.3130 - accuracy: 0.0994
15/98 [===>..........................] - ETA: 3s - loss: 2.3144 - accuracy: 0.0977
18/98 [====>.........................] - ETA: 2s - loss: 2.3174 - accuracy: 0.0956
20/98 [=====>........................] - ETA: 2s - loss: 2.3201 - accuracy: 0.0939
23/98 [======>.......................] - ETA: 2s - loss: 2.3227 - accuracy: 0.0949
26/98 [======>.......................] - ETA: 2s - loss: 2.3252 - accuracy: 0.0955
29/98 [=======>......................] - ETA: 2s - loss: 2.3262 - accuracy: 0.0963
32/98 [========>.....................] - ETA: 2s - loss: 2.3267 - accuracy: 0.0965
35/98 [=========>....................] - ETA: 1s - loss: 2.3270 - accuracy: 0.0967
38/98 [==========>...................] - ETA: 1s - loss: 2.3274 - accuracy: 0.0971
41/98 [===========>..................] - ETA: 1s - loss: 2.3278 - accuracy: 0.0979
43/98 [============>.................] - ETA: 1s - loss: 2.3281 - accuracy: 0.0977
46/98 [=============>................] - ETA: 1s - loss: 2.3277 - accuracy: 0.0987
49/98 [==============>...............] - ETA: 1s - loss: 2.3274 - accuracy: 0.0993
52/98 [==============>...............] - ETA: 1s - loss: 2.3269 - accuracy: 0.0985
55/98 [===============>..............] - ETA: 1s - loss: 2.3272 - accuracy: 0.0991
58/98 [================>.............] - ETA: 1s - loss: 2.3271 - accuracy: 0.0992
61/98 [=================>............] - ETA: 1s - loss: 2.3278 - accuracy: 0.0985
64/98 [==================>...........] - ETA: 0s - loss: 2.3273 - accuracy: 0.0991
67/98 [===================>..........] - ETA: 0s - loss: 2.3275 - accuracy: 0.0987
70/98 [====================>.........] - ETA: 0s - loss: 2.3275 - accuracy: 0.0990
73/98 [=====================>........] - ETA: 0s - loss: 2.3269 - accuracy: 0.0990
76/98 [======================>.......] - ETA: 0s - loss: 2.3262 - accuracy: 0.0992
78/98 [======================>.......] - ETA: 0s - loss: 2.3259 - accuracy: 0.0990
81/98 [=======================>......] - ETA: 0s - loss: 2.3254 - accuracy: 0.0989
84/98 [========================>.....] - ETA: 0s - loss: 2.3250 - accuracy: 0.0988
87/98 [=========================>....] - ETA: 0s - loss: 2.3246 - accuracy: 0.0990
89/98 [==========================>...] - ETA: 0s - loss: 2.3246 - accuracy: 0.0994
92/98 [===========================>..] - ETA: 0s - loss: 2.3242 - accuracy: 0.0997
95/98 [============================>.] - ETA: 0s - loss: 2.3241 - accuracy: 0.0997
98/98 [==============================] - ETA: 0s - loss: 2.3239 - accuracy: 0.0997
98/98 [==============================] - 3s 32ms/step - loss: 2.3239 - accuracy: 0.0997 - val_loss: 2.3150 - val_accuracy: 0.1000
Epoch 8/288

 1/98 [..............................] - ETA: 4s - loss: 2.3151 - accuracy: 0.1113
 4/98 [>.............................] - ETA: 1s - loss: 2.3157 - accuracy: 0.0981
 8/98 [=>............................] - ETA: 1s - loss: 2.3165 - accuracy: 0.0989
11/98 [==>...........................] - ETA: 1s - loss: 2.3166 - accuracy: 0.0985
14/98 [===>..........................] - ETA: 1s - loss: 2.3138 - accuracy: 0.1011
18/98 [====>.........................] - ETA: 1s - loss: 2.3149 - accuracy: 0.1004
22/98 [=====>........................] - ETA: 1s - loss: 2.3156 - accuracy: 0.1001
25/98 [======>.......................] - ETA: 1s - loss: 2.3169 - accuracy: 0.0989
28/98 [=======>......................] - ETA: 1s - loss: 2.3167 - accuracy: 0.0992
31/98 [========>.....................] - ETA: 1s - loss: 2.3164 - accuracy: 0.1001
34/98 [=========>....................] - ETA: 1s - loss: 2.3166 - accuracy: 0.1005
37/98 [==========>...................] - ETA: 1s - loss: 2.3169 - accuracy: 0.1009
40/98 [===========>..................] - ETA: 1s - loss: 2.3169 - accuracy: 0.1001
43/98 [============>.................] - ETA: 1s - loss: 2.3167 - accuracy: 0.1007
47/98 [=============>................] - ETA: 0s - loss: 2.3165 - accuracy: 0.1004
51/98 [==============>...............] - ETA: 0s - loss: 2.3165 - accuracy: 0.1008
55/98 [===============>..............] - ETA: 0s - loss: 2.3167 - accuracy: 0.0999
59/98 [=================>............] - ETA: 0s - loss: 2.3167 - accuracy: 0.1004
63/98 [==================>...........] - ETA: 0s - loss: 2.3166 - accuracy: 0.1003
67/98 [===================>..........] - ETA: 0s - loss: 2.3172 - accuracy: 0.1004
70/98 [====================>.........] - ETA: 0s - loss: 2.3171 - accuracy: 0.1007
73/98 [=====================>........] - ETA: 0s - loss: 2.3179 - accuracy: 0.1003
76/98 [======================>.......] - ETA: 0s - loss: 2.3181 - accuracy: 0.0999
79/98 [=======================>......] - ETA: 0s - loss: 2.3180 - accuracy: 0.0995
82/98 [========================>.....] - ETA: 0s - loss: 2.3183 - accuracy: 0.0996
85/98 [=========================>....] - ETA: 0s - loss: 2.3181 - accuracy: 0.0998
89/98 [==========================>...] - ETA: 0s - loss: 2.3183 - accuracy: 0.0992
93/98 [===========================>..] - ETA: 0s - loss: 2.3182 - accuracy: 0.0991
97/98 [============================>.] - ETA: 0s - loss: 2.3182 - accuracy: 0.0990
98/98 [==============================] - 3s 27ms/step - loss: 2.3181 - accuracy: 0.0993 - val_loss: 2.3226 - val_accuracy: 0.1000
Epoch 9/288

 1/98 [..............................] - ETA: 3s - loss: 2.3139 - accuracy: 0.1270
 4/98 [>.............................] - ETA: 1s - loss: 2.3322 - accuracy: 0.1060
 7/98 [=>............................] - ETA: 1s - loss: 2.3244 - accuracy: 0.1071
10/98 [==>...........................] - ETA: 1s - loss: 2.3253 - accuracy: 0.1066
13/98 [==>...........................] - ETA: 1s - loss: 2.3243 - accuracy: 0.1026
16/98 [===>..........................] - ETA: 1s - loss: 2.3246 - accuracy: 0.0997
19/98 [====>.........................] - ETA: 1s - loss: 2.3231 - accuracy: 0.1005
22/98 [=====>........................] - ETA: 1s - loss: 2.3215 - accuracy: 0.1010
25/98 [======>.......................] - ETA: 1s - loss: 2.3210 - accuracy: 0.1024
28/98 [=======>......................] - ETA: 1s - loss: 2.3213 - accuracy: 0.1002
31/98 [========>.....................] - ETA: 1s - loss: 2.3214 - accuracy: 0.0994
34/98 [=========>....................] - ETA: 1s - loss: 2.3216 - accuracy: 0.0993
37/98 [==========>...................] - ETA: 1s - loss: 2.3217 - accuracy: 0.1001
40/98 [===========>..................] - ETA: 1s - loss: 2.3219 - accuracy: 0.0995
43/98 [============>.................] - ETA: 1s - loss: 2.3222 - accuracy: 0.0992
46/98 [=============>................] - ETA: 1s - loss: 2.3220 - accuracy: 0.0986
49/98 [==============>...............] - ETA: 0s - loss: 2.3214 - accuracy: 0.0993
52/98 [==============>...............] - ETA: 0s - loss: 2.3212 - accuracy: 0.0998
55/98 [===============>..............] - ETA: 0s - loss: 2.3210 - accuracy: 0.0998
58/98 [================>.............] - ETA: 0s - loss: 2.3206 - accuracy: 0.0995
61/98 [=================>............] - ETA: 0s - loss: 2.3206 - accuracy: 0.0995
64/98 [==================>...........] - ETA: 0s - loss: 2.3207 - accuracy: 0.1001
67/98 [===================>..........] - ETA: 0s - loss: 2.3208 - accuracy: 0.1003
70/98 [====================>.........] - ETA: 0s - loss: 2.3211 - accuracy: 0.1006
73/98 [=====================>........] - ETA: 0s - loss: 2.3210 - accuracy: 0.1003
77/98 [======================>.......] - ETA: 0s - loss: 2.3208 - accuracy: 0.1010
80/98 [=======================>......] - ETA: 0s - loss: 2.3210 - accuracy: 0.1010
83/98 [========================>.....] - ETA: 0s - loss: 2.3211 - accuracy: 0.1015
86/98 [=========================>....] - ETA: 0s - loss: 2.3211 - accuracy: 0.1012
89/98 [==========================>...] - ETA: 0s - loss: 2.3209 - accuracy: 0.1014
92/98 [===========================>..] - ETA: 0s - loss: 2.3207 - accuracy: 0.1008
95/98 [============================>.] - ETA: 0s - loss: 2.3203 - accuracy: 0.1007
98/98 [==============================] - ETA: 0s - loss: 2.3201 - accuracy: 0.1001
98/98 [==============================] - 3s 26ms/step - loss: 2.3201 - accuracy: 0.1001 - val_loss: 2.3141 - val_accuracy: 0.1000
Epoch 10/288

 1/98 [..............................] - ETA: 3s - loss: 2.3157 - accuracy: 0.0879
 4/98 [>.............................] - ETA: 1s - loss: 2.3227 - accuracy: 0.0923
 7/98 [=>............................] - ETA: 1s - loss: 2.3211 - accuracy: 0.0979
10/98 [==>...........................] - ETA: 1s - loss: 2.3195 - accuracy: 0.1006
13/98 [==>...........................] - ETA: 1s - loss: 2.3182 - accuracy: 0.0992
16/98 [===>..........................] - ETA: 1s - loss: 2.3174 - accuracy: 0.0992
19/98 [====>.........................] - ETA: 1s - loss: 2.3171 - accuracy: 0.0999
22/98 [=====>........................] - ETA: 1s - loss: 2.3170 - accuracy: 0.0989
25/98 [======>.......................] - ETA: 1s - loss: 2.3168 - accuracy: 0.0988
28/98 [=======>......................] - ETA: 1s - loss: 2.3178 - accuracy: 0.0983
31/98 [========>.....................] - ETA: 1s - loss: 2.3179 - accuracy: 0.0995
34/98 [=========>....................] - ETA: 1s - loss: 2.3177 - accuracy: 0.1004
37/98 [==========>...................] - ETA: 1s - loss: 2.3179 - accuracy: 0.0999
40/98 [===========>..................] - ETA: 1s - loss: 2.3176 - accuracy: 0.1005
43/98 [============>.................] - ETA: 1s - loss: 2.3173 - accuracy: 0.1002
46/98 [=============>................] - ETA: 1s - loss: 2.3172 - accuracy: 0.0996
49/98 [==============>...............] - ETA: 0s - loss: 2.3171 - accuracy: 0.0995
52/98 [==============>...............] - ETA: 0s - loss: 2.3171 - accuracy: 0.0988
55/98 [===============>..............] - ETA: 0s - loss: 2.3170 - accuracy: 0.0999
58/98 [================>.............] - ETA: 0s - loss: 2.3167 - accuracy: 0.0998
61/98 [=================>............] - ETA: 0s - loss: 2.3170 - accuracy: 0.0993
64/98 [==================>...........] - ETA: 0s - loss: 2.3171 - accuracy: 0.0991
68/98 [===================>..........] - ETA: 0s - loss: 2.3173 - accuracy: 0.0989
71/98 [====================>.........] - ETA: 0s - loss: 2.3172 - accuracy: 0.0991
74/98 [=====================>........] - ETA: 0s - loss: 2.3174 - accuracy: 0.0995
77/98 [======================>.......] - ETA: 0s - loss: 2.3174 - accuracy: 0.0994
80/98 [=======================>......] - ETA: 0s - loss: 2.3170 - accuracy: 0.0996
83/98 [========================>.....] - ETA: 0s - loss: 2.3166 - accuracy: 0.0999
86/98 [=========================>....] - ETA: 0s - loss: 2.3165 - accuracy: 0.0995
89/98 [==========================>...] - ETA: 0s - loss: 2.3164 - accuracy: 0.0993
92/98 [===========================>..] - ETA: 0s - loss: 2.3167 - accuracy: 0.0991
95/98 [============================>.] - ETA: 0s - loss: 2.3168 - accuracy: 0.0991
98/98 [==============================] - ETA: 0s - loss: 2.3168 - accuracy: 0.0992
98/98 [==============================] - 3s 28ms/step - loss: 2.3168 - accuracy: 0.0992 - val_loss: 2.3252 - val_accuracy: 0.1000
Epoch 11/288

 1/98 [..............................] - ETA: 4s - loss: 2.3281 - accuracy: 0.0957
 5/98 [>.............................] - ETA: 1s - loss: 2.3217 - accuracy: 0.0998
 9/98 [=>............................] - ETA: 1s - loss: 2.3231 - accuracy: 0.0966
12/98 [==>...........................] - ETA: 1s - loss: 2.3228 - accuracy: 0.0977
16/98 [===>..........................] - ETA: 1s - loss: 2.3232 - accuracy: 0.0974
20/98 [=====>........................] - ETA: 1s - loss: 2.3233 - accuracy: 0.0986
23/98 [======>.......................] - ETA: 1s - loss: 2.3222 - accuracy: 0.0984
26/98 [======>.......................] - ETA: 1s - loss: 2.3230 - accuracy: 0.0996
29/98 [=======>......................] - ETA: 1s - loss: 2.3242 - accuracy: 0.1000
32/98 [========>.....................] - ETA: 1s - loss: 2.3238 - accuracy: 0.1011
34/98 [=========>....................] - ETA: 1s - loss: 2.3245 - accuracy: 0.1006
37/98 [==========>...................] - ETA: 1s - loss: 2.3240 - accuracy: 0.0994
40/98 [===========>..................] - ETA: 1s - loss: 2.3232 - accuracy: 0.0996
42/98 [===========>..................] - ETA: 1s - loss: 2.3227 - accuracy: 0.0994
45/98 [============>.................] - ETA: 1s - loss: 2.3227 - accuracy: 0.0993
47/98 [=============>................] - ETA: 1s - loss: 2.3222 - accuracy: 0.0995
50/98 [==============>...............] - ETA: 1s - loss: 2.3221 - accuracy: 0.0992
53/98 [===============>..............] - ETA: 1s - loss: 2.3215 - accuracy: 0.0998
55/98 [===============>..............] - ETA: 1s - loss: 2.3211 - accuracy: 0.1004
57/98 [================>.............] - ETA: 0s - loss: 2.3212 - accuracy: 0.1004
60/98 [=================>............] - ETA: 0s - loss: 2.3208 - accuracy: 0.1006
62/98 [=================>............] - ETA: 0s - loss: 2.3216 - accuracy: 0.1002
65/98 [==================>...........] - ETA: 0s - loss: 2.3218 - accuracy: 0.0995
68/98 [===================>..........] - ETA: 0s - loss: 2.3222 - accuracy: 0.0991
71/98 [====================>.........] - ETA: 0s - loss: 2.3226 - accuracy: 0.0995
73/98 [=====================>........] - ETA: 0s - loss: 2.3226 - accuracy: 0.0997
76/98 [======================>.......] - ETA: 0s - loss: 2.3230 - accuracy: 0.0996
79/98 [=======================>......] - ETA: 0s - loss: 2.3230 - accuracy: 0.0998
81/98 [=======================>......] - ETA: 0s - loss: 2.3231 - accuracy: 0.0999
84/98 [========================>.....] - ETA: 0s - loss: 2.3234 - accuracy: 0.0998
87/98 [=========================>....] - ETA: 0s - loss: 2.3233 - accuracy: 0.0997
90/98 [==========================>...] - ETA: 0s - loss: 2.3237 - accuracy: 0.0994
92/98 [===========================>..] - ETA: 0s - loss: 2.3237 - accuracy: 0.0996
95/98 [============================>.] - ETA: 0s - loss: 2.3239 - accuracy: 0.0994
