2024-06-25 12:35:06.685237: I tensorflow/core/platform/cpu_feature_guard.cc:193] This TensorFlow binary is optimized with oneAPI Deep Neural Network Library (oneDNN) to use the following CPU instructions in performance-critical operations:  AVX AVX2
To enable them in other operations, rebuild TensorFlow with the appropriate compiler flags.
2024-06-25 12:35:07.591766: I tensorflow/core/common_runtime/gpu/gpu_device.cc:1616] Created device /job:localhost/replica:0/task:0/device:GPU:0 with 6656 MB memory:  -> device: 0, name: NVIDIA GeForce RTX 4060 Ti, pci bus id: 0000:01:00.0, compute capability: 8.9
1 Physical GPUs, 1 Logical GPUs
Model: "sequential"
_________________________________________________________________
 Layer (type)                Output Shape              Param #   
=================================================================
 conv2d (Conv2D)             (None, 32, 32, 32)        896       
                                                                 
 max_pooling2d (MaxPooling2D  (None, 16, 16, 32)       0         
 )                                                               
                                                                 
 batch_normalization (BatchN  (None, 16, 16, 32)       128       
 ormalization)                                                   
                                                                 
 conv2d_1 (Conv2D)           (None, 16, 16, 32)        82976     
                                                                 
 batch_normalization_1 (Batc  (None, 16, 16, 32)       128       
 hNormalization)                                                 
                                                                 
 conv2d_2 (Conv2D)           (None, 16, 16, 32)        25632     
                                                                 
 dropout (Dropout)           (None, 16, 16, 32)        0         
                                                                 
 flatten (Flatten)           (None, 8192)              0         
                                                                 
 dense (Dense)               (None, 10)                81930     
                                                                 
=================================================================
Total params: 191,690
Trainable params: 191,562
Non-trainable params: 128
_________________________________________________________________
Taxa de aprendizado:  1 Num de épocas:  288 Tamanho do lote:  512 Dropout:  0.16129
Epoch 1/288
2024-06-25 12:35:09.364336: I tensorflow/stream_executor/cuda/cuda_dnn.cc:384] Loaded cuDNN version 8100
2024-06-25 12:35:10.713617: W tensorflow/stream_executor/gpu/redzone_allocator.cc:314] INTERNAL: ptxas exited with non-zero error code -1, output: 
Relying on driver to perform ptx compilation. 
Modify $PATH to customize ptxas location.
This message will be only logged once.
2024-06-25 12:35:12.264854: I tensorflow/stream_executor/cuda/cuda_blas.cc:1614] TensorFloat-32 will be used for the matrix multiplication. This will only be logged once.

 1/98 [..............................] - ETA: 8:37 - loss: 2.7045 - accuracy: 0.1016
 3/98 [..............................] - ETA: 3s - loss: 142570.4844 - accuracy: 0.0938
 5/98 [>.............................] - ETA: 3s - loss: 85915.5859 - accuracy: 0.0984 
 7/98 [=>............................] - ETA: 3s - loss: 61388.6875 - accuracy: 0.0977
 9/98 [=>............................] - ETA: 3s - loss: 47770.0820 - accuracy: 0.0964
11/98 [==>...........................] - ETA: 3s - loss: 39085.1836 - accuracy: 0.0968
13/98 [==>...........................] - ETA: 3s - loss: 33072.5156 - accuracy: 0.0993
15/98 [===>..........................] - ETA: 3s - loss: 28663.2070 - accuracy: 0.0993
17/98 [====>.........................] - ETA: 3s - loss: 25291.3613 - accuracy: 0.0995
19/98 [====>.........................] - ETA: 3s - loss: 22629.3711 - accuracy: 0.1001
21/98 [=====>........................] - ETA: 3s - loss: 20474.4199 - accuracy: 0.0989
23/98 [======>.......................] - ETA: 3s - loss: 18694.2480 - accuracy: 0.0988
25/98 [======>.......................] - ETA: 3s - loss: 17198.9043 - accuracy: 0.0980
27/98 [=======>......................] - ETA: 3s - loss: 15925.0918 - accuracy: 0.0977
29/98 [=======>......................] - ETA: 2s - loss: 14826.9717 - accuracy: 0.0979
31/98 [========>.....................] - ETA: 2s - loss: 13870.5439 - accuracy: 0.0976
33/98 [=========>....................] - ETA: 2s - loss: 13030.0469 - accuracy: 0.0969
35/98 [=========>....................] - ETA: 2s - loss: 12285.6084 - accuracy: 0.0972
37/98 [==========>...................] - ETA: 2s - loss: 11621.6475 - accuracy: 0.0966
39/98 [==========>...................] - ETA: 2s - loss: 11025.7852 - accuracy: 0.0974
41/98 [===========>..................] - ETA: 2s - loss: 10488.0547 - accuracy: 0.0975
43/98 [============>.................] - ETA: 2s - loss: 10006.0322 - accuracy: 0.0967
45/98 [============>.................] - ETA: 2s - loss: 9561.4229 - accuracy: 0.0971 
47/98 [=============>................] - ETA: 2s - loss: 9154.8145 - accuracy: 0.0974
48/98 [=============>................] - ETA: 2s - loss: 9028.7803 - accuracy: 0.0973
50/98 [==============>...............] - ETA: 2s - loss: 8665.2217 - accuracy: 0.0974
52/98 [==============>...............] - ETA: 2s - loss: 8329.8164 - accuracy: 0.0972
54/98 [===============>..............] - ETA: 2s - loss: 8021.5142 - accuracy: 0.0977
56/98 [================>.............] - ETA: 2s - loss: 7733.3452 - accuracy: 0.0975
58/98 [================>.............] - ETA: 2s - loss: 7465.1685 - accuracy: 0.0981
60/98 [=================>............] - ETA: 2s - loss: 7214.9731 - accuracy: 0.0983
62/98 [=================>............] - ETA: 1s - loss: 6981.0098 - accuracy: 0.0987
64/98 [==================>...........] - ETA: 1s - loss: 6761.7476 - accuracy: 0.0992
66/98 [===================>..........] - ETA: 1s - loss: 6555.8438 - accuracy: 0.0996
68/98 [===================>..........] - ETA: 1s - loss: 6362.1133 - accuracy: 0.1001
70/98 [====================>.........] - ETA: 1s - loss: 6179.5078 - accuracy: 0.1003
72/98 [=====================>........] - ETA: 1s - loss: 6007.0957 - accuracy: 0.1003
74/98 [=====================>........] - ETA: 1s - loss: 5844.0469 - accuracy: 0.1007
76/98 [======================>.......] - ETA: 1s - loss: 5689.6187 - accuracy: 0.1008
78/98 [======================>.......] - ETA: 0s - loss: 5543.1450 - accuracy: 0.1007
80/98 [=======================>......] - ETA: 0s - loss: 5404.0264 - accuracy: 0.1006
82/98 [========================>.....] - ETA: 0s - loss: 5271.7227 - accuracy: 0.1009
84/98 [========================>.....] - ETA: 0s - loss: 5145.7446 - accuracy: 0.1009
86/98 [=========================>....] - ETA: 0s - loss: 5025.6499 - accuracy: 0.1006
88/98 [=========================>....] - ETA: 0s - loss: 4911.0356 - accuracy: 0.1006
90/98 [==========================>...] - ETA: 0s - loss: 4801.5347 - accuracy: 0.1006
92/98 [===========================>..] - ETA: 0s - loss: 4696.8125 - accuracy: 0.1003
94/98 [===========================>..] - ETA: 0s - loss: 4596.5630 - accuracy: 0.1001
96/98 [============================>.] - ETA: 0s - loss: 4500.5054 - accuracy: 0.1001
98/98 [==============================] - ETA: 0s - loss: 4408.3823 - accuracy: 0.1002
98/98 [==============================] - 11s 60ms/step - loss: 4408.3823 - accuracy: 0.1002 - val_loss: 107.1653 - val_accuracy: 0.1028
Epoch 2/288

 1/98 [..............................] - ETA: 6s - loss: 2.3114 - accuracy: 0.1094
 3/98 [..............................] - ETA: 3s - loss: 2.3142 - accuracy: 0.0983
 5/98 [>.............................] - ETA: 3s - loss: 2.3133 - accuracy: 0.0973
 7/98 [=>............................] - ETA: 3s - loss: 2.3136 - accuracy: 0.0999
 9/98 [=>............................] - ETA: 3s - loss: 2.3144 - accuracy: 0.1016
11/98 [==>...........................] - ETA: 3s - loss: 2.3142 - accuracy: 0.1005
13/98 [==>...........................] - ETA: 3s - loss: 2.3138 - accuracy: 0.1004
15/98 [===>..........................] - ETA: 3s - loss: 2.3142 - accuracy: 0.1012
17/98 [====>.........................] - ETA: 3s - loss: 2.3147 - accuracy: 0.0997
19/98 [====>.........................] - ETA: 3s - loss: 2.3146 - accuracy: 0.0998
21/98 [=====>........................] - ETA: 3s - loss: 2.3149 - accuracy: 0.0991
23/98 [======>.......................] - ETA: 3s - loss: 2.3140 - accuracy: 0.0994
25/98 [======>.......................] - ETA: 3s - loss: 2.3137 - accuracy: 0.1001
27/98 [=======>......................] - ETA: 2s - loss: 2.3132 - accuracy: 0.1008
29/98 [=======>......................] - ETA: 2s - loss: 2.3133 - accuracy: 0.1002
31/98 [========>.....................] - ETA: 2s - loss: 2.3132 - accuracy: 0.1011
33/98 [=========>....................] - ETA: 2s - loss: 2.3134 - accuracy: 0.1009
35/98 [=========>....................] - ETA: 2s - loss: 2.3134 - accuracy: 0.0999
37/98 [==========>...................] - ETA: 2s - loss: 2.3134 - accuracy: 0.0998
39/98 [==========>...................] - ETA: 2s - loss: 2.3137 - accuracy: 0.1000
41/98 [===========>..................] - ETA: 2s - loss: 2.3137 - accuracy: 0.1003
43/98 [============>.................] - ETA: 2s - loss: 2.3138 - accuracy: 0.1004
45/98 [============>.................] - ETA: 2s - loss: 2.3138 - accuracy: 0.1005
47/98 [=============>................] - ETA: 2s - loss: 2.3143 - accuracy: 0.0998
49/98 [==============>...............] - ETA: 2s - loss: 2.3143 - accuracy: 0.0996
51/98 [==============>...............] - ETA: 1s - loss: 2.3146 - accuracy: 0.0991
53/98 [===============>..............] - ETA: 1s - loss: 2.3144 - accuracy: 0.0999
55/98 [===============>..............] - ETA: 1s - loss: 2.3149 - accuracy: 0.0999
57/98 [================>.............] - ETA: 1s - loss: 2.3147 - accuracy: 0.0999
59/98 [=================>............] - ETA: 1s - loss: 2.3154 - accuracy: 0.0999
61/98 [=================>............] - ETA: 1s - loss: 2.3155 - accuracy: 0.1001
62/98 [=================>............] - ETA: 1s - loss: 2.3153 - accuracy: 0.1003
64/98 [==================>...........] - ETA: 1s - loss: 2.3152 - accuracy: 0.1004
66/98 [===================>..........] - ETA: 1s - loss: 2.3154 - accuracy: 0.1000
68/98 [===================>..........] - ETA: 1s - loss: 2.3156 - accuracy: 0.0997
70/98 [====================>.........] - ETA: 1s - loss: 2.3156 - accuracy: 0.1002
72/98 [=====================>........] - ETA: 1s - loss: 2.3157 - accuracy: 0.1002
74/98 [=====================>........] - ETA: 1s - loss: 2.3157 - accuracy: 0.0999
76/98 [======================>.......] - ETA: 0s - loss: 2.3156 - accuracy: 0.1002
78/98 [======================>.......] - ETA: 0s - loss: 2.3158 - accuracy: 0.1000
80/98 [=======================>......] - ETA: 0s - loss: 2.3155 - accuracy: 0.1002
82/98 [========================>.....] - ETA: 0s - loss: 2.3158 - accuracy: 0.1000
84/98 [========================>.....] - ETA: 0s - loss: 2.3159 - accuracy: 0.1001
86/98 [=========================>....] - ETA: 0s - loss: 2.3160 - accuracy: 0.1001
88/98 [=========================>....] - ETA: 0s - loss: 2.3159 - accuracy: 0.1001
90/98 [==========================>...] - ETA: 0s - loss: 2.3160 - accuracy: 0.0999
92/98 [===========================>..] - ETA: 0s - loss: 2.3160 - accuracy: 0.0997
94/98 [===========================>..] - ETA: 0s - loss: 2.3160 - accuracy: 0.0997
96/98 [============================>.] - ETA: 0s - loss: 2.3161 - accuracy: 0.0995
98/98 [==============================] - ETA: 0s - loss: 2.3161 - accuracy: 0.0998
98/98 [==============================] - 5s 53ms/step - loss: 2.3161 - accuracy: 0.0998 - val_loss: 2.3139 - val_accuracy: 0.1000
Epoch 3/288

 1/98 [..............................] - ETA: 4s - loss: 2.3181 - accuracy: 0.0840
 3/98 [..............................] - ETA: 3s - loss: 2.3231 - accuracy: 0.0820
 5/98 [>.............................] - ETA: 3s - loss: 2.3206 - accuracy: 0.0898
 7/98 [=>............................] - ETA: 3s - loss: 2.3189 - accuracy: 0.0904
 9/98 [=>............................] - ETA: 3s - loss: 2.3194 - accuracy: 0.0948
11/98 [==>...........................] - ETA: 3s - loss: 2.3187 - accuracy: 0.0964
13/98 [==>...........................] - ETA: 3s - loss: 2.3168 - accuracy: 0.0996
15/98 [===>..........................] - ETA: 3s - loss: 2.3178 - accuracy: 0.0988
17/98 [====>.........................] - ETA: 3s - loss: 2.3193 - accuracy: 0.0982
19/98 [====>.........................] - ETA: 3s - loss: 2.3213 - accuracy: 0.0965
21/98 [=====>........................] - ETA: 3s - loss: 2.3203 - accuracy: 0.0961
23/98 [======>.......................] - ETA: 3s - loss: 2.3213 - accuracy: 0.0956
25/98 [======>.......................] - ETA: 3s - loss: 2.3211 - accuracy: 0.0947
27/98 [=======>......................] - ETA: 2s - loss: 2.3202 - accuracy: 0.0959
29/98 [=======>......................] - ETA: 2s - loss: 2.3216 - accuracy: 0.0954
31/98 [========>.....................] - ETA: 2s - loss: 2.3214 - accuracy: 0.0956
33/98 [=========>....................] - ETA: 2s - loss: 2.3216 - accuracy: 0.0963
35/98 [=========>....................] - ETA: 2s - loss: 2.3213 - accuracy: 0.0967
37/98 [==========>...................] - ETA: 2s - loss: 2.3207 - accuracy: 0.0973
39/98 [==========>...................] - ETA: 2s - loss: 2.3209 - accuracy: 0.0978
41/98 [===========>..................] - ETA: 2s - loss: 2.3213 - accuracy: 0.0976
43/98 [============>.................] - ETA: 2s - loss: 2.3209 - accuracy: 0.0976
45/98 [============>.................] - ETA: 2s - loss: 2.3208 - accuracy: 0.0982
47/98 [=============>................] - ETA: 2s - loss: 2.3208 - accuracy: 0.0985
49/98 [==============>...............] - ETA: 2s - loss: 2.3206 - accuracy: 0.0987
51/98 [==============>...............] - ETA: 1s - loss: 2.3205 - accuracy: 0.0991
53/98 [===============>..............] - ETA: 1s - loss: 2.3203 - accuracy: 0.0991
55/98 [===============>..............] - ETA: 1s - loss: 2.3201 - accuracy: 0.0992
57/98 [================>.............] - ETA: 1s - loss: 2.3203 - accuracy: 0.0989
59/98 [=================>............] - ETA: 1s - loss: 2.3199 - accuracy: 0.0991
61/98 [=================>............] - ETA: 1s - loss: 2.3204 - accuracy: 0.0996
63/98 [==================>...........] - ETA: 1s - loss: 2.3203 - accuracy: 0.0998
65/98 [==================>...........] - ETA: 1s - loss: 2.3203 - accuracy: 0.0997
67/98 [===================>..........] - ETA: 1s - loss: 2.3204 - accuracy: 0.0997
69/98 [====================>.........] - ETA: 1s - loss: 2.3204 - accuracy: 0.0998
71/98 [====================>.........] - ETA: 1s - loss: 2.3207 - accuracy: 0.0997
73/98 [=====================>........] - ETA: 1s - loss: 2.3210 - accuracy: 0.0998
75/98 [=====================>........] - ETA: 0s - loss: 2.3208 - accuracy: 0.0998
77/98 [======================>.......] - ETA: 0s - loss: 2.3205 - accuracy: 0.0999
79/98 [=======================>......] - ETA: 0s - loss: 2.3209 - accuracy: 0.0998
81/98 [=======================>......] - ETA: 0s - loss: 2.3208 - accuracy: 0.0998
83/98 [========================>.....] - ETA: 0s - loss: 2.3210 - accuracy: 0.0999
85/98 [=========================>....] - ETA: 0s - loss: 2.3209 - accuracy: 0.0999
87/98 [=========================>....] - ETA: 0s - loss: 2.3206 - accuracy: 0.1001
89/98 [==========================>...] - ETA: 0s - loss: 2.3206 - accuracy: 0.1003
91/98 [==========================>...] - ETA: 0s - loss: 2.3208 - accuracy: 0.1001
93/98 [===========================>..] - ETA: 0s - loss: 2.3207 - accuracy: 0.1000
95/98 [============================>.] - ETA: 0s - loss: 2.3207 - accuracy: 0.1000
97/98 [============================>.] - ETA: 0s - loss: 2.3204 - accuracy: 0.1002
98/98 [==============================] - 5s 52ms/step - loss: 2.3205 - accuracy: 0.1002 - val_loss: 2.3295 - val_accuracy: 0.1000
Epoch 4/288

 1/98 [..............................] - ETA: 4s - loss: 2.3194 - accuracy: 0.1016
 3/98 [..............................] - ETA: 4s - loss: 2.3121 - accuracy: 0.1035
 5/98 [>.............................] - ETA: 3s - loss: 2.3125 - accuracy: 0.1016
 7/98 [=>............................] - ETA: 4s - loss: 2.3166 - accuracy: 0.0993
 9/98 [=>............................] - ETA: 3s - loss: 2.3159 - accuracy: 0.0961
11/98 [==>...........................] - ETA: 3s - loss: 2.3165 - accuracy: 0.0948
13/98 [==>...........................] - ETA: 3s - loss: 2.3162 - accuracy: 0.0954
15/98 [===>..........................] - ETA: 3s - loss: 2.3154 - accuracy: 0.0970
17/98 [====>.........................] - ETA: 3s - loss: 2.3167 - accuracy: 0.0963
19/98 [====>.........................] - ETA: 3s - loss: 2.3164 - accuracy: 0.0972
21/98 [=====>........................] - ETA: 3s - loss: 2.3163 - accuracy: 0.0955
23/98 [======>.......................] - ETA: 3s - loss: 2.3155 - accuracy: 0.0968
25/98 [======>.......................] - ETA: 3s - loss: 2.3152 - accuracy: 0.0979
27/98 [=======>......................] - ETA: 2s - loss: 2.3146 - accuracy: 0.0984
29/98 [=======>......................] - ETA: 2s - loss: 2.3149 - accuracy: 0.0982
31/98 [========>.....................] - ETA: 2s - loss: 2.3143 - accuracy: 0.0990
33/98 [=========>....................] - ETA: 2s - loss: 2.3143 - accuracy: 0.0991
35/98 [=========>....................] - ETA: 2s - loss: 2.3144 - accuracy: 0.0983
37/98 [==========>...................] - ETA: 2s - loss: 2.3140 - accuracy: 0.0993
39/98 [==========>...................] - ETA: 2s - loss: 2.3142 - accuracy: 0.0994
41/98 [===========>..................] - ETA: 2s - loss: 2.3144 - accuracy: 0.0984
43/98 [============>.................] - ETA: 2s - loss: 2.3140 - accuracy: 0.0992
45/98 [============>.................] - ETA: 2s - loss: 2.3144 - accuracy: 0.0988
47/98 [=============>................] - ETA: 2s - loss: 2.3141 - accuracy: 0.0988
49/98 [==============>...............] - ETA: 2s - loss: 2.3142 - accuracy: 0.0982
51/98 [==============>...............] - ETA: 1s - loss: 2.3142 - accuracy: 0.0982
53/98 [===============>..............] - ETA: 1s - loss: 2.3144 - accuracy: 0.0976
55/98 [===============>..............] - ETA: 1s - loss: 2.3150 - accuracy: 0.0980
57/98 [================>.............] - ETA: 1s - loss: 2.3154 - accuracy: 0.0979
59/98 [=================>............] - ETA: 1s - loss: 2.3154 - accuracy: 0.0979
61/98 [=================>............] - ETA: 1s - loss: 2.3161 - accuracy: 0.0974
63/98 [==================>...........] - ETA: 1s - loss: 2.3160 - accuracy: 0.0979
65/98 [==================>...........] - ETA: 1s - loss: 2.3172 - accuracy: 0.0979
67/98 [===================>..........] - ETA: 1s - loss: 2.3175 - accuracy: 0.0979
69/98 [====================>.........] - ETA: 1s - loss: 2.3178 - accuracy: 0.0979
71/98 [====================>.........] - ETA: 1s - loss: 2.3179 - accuracy: 0.0978
73/98 [=====================>........] - ETA: 1s - loss: 2.3179 - accuracy: 0.0977
75/98 [=====================>........] - ETA: 0s - loss: 2.3182 - accuracy: 0.0978
77/98 [======================>.......] - ETA: 0s - loss: 2.3180 - accuracy: 0.0977
79/98 [=======================>......] - ETA: 0s - loss: 2.3184 - accuracy: 0.0977
81/98 [=======================>......] - ETA: 0s - loss: 2.3184 - accuracy: 0.0975
83/98 [========================>.....] - ETA: 0s - loss: 2.3188 - accuracy: 0.0975
85/98 [=========================>....] - ETA: 0s - loss: 2.3190 - accuracy: 0.0976
87/98 [=========================>....] - ETA: 0s - loss: 2.3190 - accuracy: 0.0978
89/98 [==========================>...] - ETA: 0s - loss: 2.3190 - accuracy: 0.0979
91/98 [==========================>...] - ETA: 0s - loss: 2.3191 - accuracy: 0.0979
93/98 [===========================>..] - ETA: 0s - loss: 2.3192 - accuracy: 0.0980
95/98 [============================>.] - ETA: 0s - loss: 2.3191 - accuracy: 0.0980
97/98 [============================>.] - ETA: 0s - loss: 2.3191 - accuracy: 0.0981
98/98 [==============================] - 5s 53ms/step - loss: 2.3191 - accuracy: 0.0981 - val_loss: 2.3257 - val_accuracy: 0.1000
Epoch 5/288

 1/98 [..............................] - ETA: 6s - loss: 2.3220 - accuracy: 0.0996
 3/98 [..............................] - ETA: 3s - loss: 2.3228 - accuracy: 0.1055
 5/98 [>.............................] - ETA: 3s - loss: 2.3195 - accuracy: 0.1023
 7/98 [=>............................] - ETA: 3s - loss: 2.3244 - accuracy: 0.0968
 9/98 [=>............................] - ETA: 3s - loss: 2.3222 - accuracy: 0.0938
11/98 [==>...........................] - ETA: 3s - loss: 2.3235 - accuracy: 0.0950
13/98 [==>...........................] - ETA: 3s - loss: 2.3279 - accuracy: 0.0930
15/98 [===>..........................] - ETA: 3s - loss: 2.3261 - accuracy: 0.0923
17/98 [====>.........................] - ETA: 3s - loss: 2.3270 - accuracy: 0.0923
19/98 [====>.........................] - ETA: 3s - loss: 2.3255 - accuracy: 0.0927
21/98 [=====>........................] - ETA: 3s - loss: 2.3249 - accuracy: 0.0942
23/98 [======>.......................] - ETA: 3s - loss: 2.3254 - accuracy: 0.0943
25/98 [======>.......................] - ETA: 3s - loss: 2.3246 - accuracy: 0.0946
27/98 [=======>......................] - ETA: 2s - loss: 2.3240 - accuracy: 0.0967
29/98 [=======>......................] - ETA: 2s - loss: 2.3233 - accuracy: 0.0973
31/98 [========>.....................] - ETA: 2s - loss: 2.3231 - accuracy: 0.0966
33/98 [=========>....................] - ETA: 2s - loss: 2.3224 - accuracy: 0.0968
35/98 [=========>....................] - ETA: 2s - loss: 2.3226 - accuracy: 0.0965
37/98 [==========>...................] - ETA: 2s - loss: 2.3225 - accuracy: 0.0965
39/98 [==========>...................] - ETA: 2s - loss: 2.3225 - accuracy: 0.0963
41/98 [===========>..................] - ETA: 2s - loss: 2.3228 - accuracy: 0.0971
43/98 [============>.................] - ETA: 2s - loss: 2.3226 - accuracy: 0.0969
45/98 [============>.................] - ETA: 2s - loss: 2.3227 - accuracy: 0.0971
47/98 [=============>................] - ETA: 2s - loss: 2.3228 - accuracy: 0.0966
49/98 [==============>...............] - ETA: 1s - loss: 2.3228 - accuracy: 0.0964
51/98 [==============>...............] - ETA: 1s - loss: 2.3228 - accuracy: 0.0964
53/98 [===============>..............] - ETA: 1s - loss: 2.3227 - accuracy: 0.0966
55/98 [===============>..............] - ETA: 1s - loss: 2.3223 - accuracy: 0.0975
57/98 [================>.............] - ETA: 1s - loss: 2.3218 - accuracy: 0.0980
59/98 [=================>............] - ETA: 1s - loss: 2.3218 - accuracy: 0.0975
61/98 [=================>............] - ETA: 1s - loss: 2.3216 - accuracy: 0.0970
63/98 [==================>...........] - ETA: 1s - loss: 2.3217 - accuracy: 0.0969
65/98 [==================>...........] - ETA: 1s - loss: 2.3214 - accuracy: 0.0969
67/98 [===================>..........] - ETA: 1s - loss: 2.3211 - accuracy: 0.0974
69/98 [====================>.........] - ETA: 1s - loss: 2.3213 - accuracy: 0.0975
71/98 [====================>.........] - ETA: 1s - loss: 2.3210 - accuracy: 0.0980
73/98 [=====================>........] - ETA: 0s - loss: 2.3208 - accuracy: 0.0981
75/98 [=====================>........] - ETA: 0s - loss: 2.3212 - accuracy: 0.0978
77/98 [======================>.......] - ETA: 0s - loss: 2.3212 - accuracy: 0.0979
79/98 [=======================>......] - ETA: 0s - loss: 2.3216 - accuracy: 0.0979
81/98 [=======================>......] - ETA: 0s - loss: 2.3213 - accuracy: 0.0985
83/98 [========================>.....] - ETA: 0s - loss: 2.3214 - accuracy: 0.0986
85/98 [=========================>....] - ETA: 0s - loss: 2.3216 - accuracy: 0.0983
87/98 [=========================>....] - ETA: 0s - loss: 2.3216 - accuracy: 0.0983
89/98 [==========================>...] - ETA: 0s - loss: 2.3216 - accuracy: 0.0984
91/98 [==========================>...] - ETA: 0s - loss: 2.3218 - accuracy: 0.0984
94/98 [===========================>..] - ETA: 0s - loss: 2.3220 - accuracy: 0.0987
96/98 [============================>.] - ETA: 0s - loss: 2.3221 - accuracy: 0.0985
98/98 [==============================] - ETA: 0s - loss: 2.3222 - accuracy: 0.0984
98/98 [==============================] - 5s 47ms/step - loss: 2.3222 - accuracy: 0.0984 - val_loss: 2.3348 - val_accuracy: 0.1000
Epoch 6/288

 1/98 [..............................] - ETA: 4s - loss: 2.3560 - accuracy: 0.0996
 3/98 [..............................] - ETA: 4s - loss: 2.3269 - accuracy: 0.1035
 5/98 [>.............................] - ETA: 3s - loss: 2.3216 - accuracy: 0.1051
 7/98 [=>............................] - ETA: 3s - loss: 2.3209 - accuracy: 0.1024
 9/98 [=>............................] - ETA: 3s - loss: 2.3177 - accuracy: 0.1003
11/98 [==>...........................] - ETA: 3s - loss: 2.3179 - accuracy: 0.0994
13/98 [==>...........................] - ETA: 3s - loss: 2.3170 - accuracy: 0.0987
15/98 [===>..........................] - ETA: 3s - loss: 2.3164 - accuracy: 0.0990
17/98 [====>.........................] - ETA: 3s - loss: 2.3162 - accuracy: 0.0991
19/98 [====>.........................] - ETA: 3s - loss: 2.3165 - accuracy: 0.0981
21/98 [=====>........................] - ETA: 3s - loss: 2.3163 - accuracy: 0.0977
23/98 [======>.......................] - ETA: 3s - loss: 2.3177 - accuracy: 0.0978
25/98 [======>.......................] - ETA: 3s - loss: 2.3193 - accuracy: 0.0977
27/98 [=======>......................] - ETA: 3s - loss: 2.3208 - accuracy: 0.0971
29/98 [=======>......................] - ETA: 2s - loss: 2.3212 - accuracy: 0.0974
31/98 [========>.....................] - ETA: 2s - loss: 2.3231 - accuracy: 0.0978
33/98 [=========>....................] - ETA: 2s - loss: 2.3232 - accuracy: 0.0976
35/98 [=========>....................] - ETA: 2s - loss: 2.3240 - accuracy: 0.0978
37/98 [==========>...................] - ETA: 2s - loss: 2.3242 - accuracy: 0.0976
39/98 [==========>...................] - ETA: 2s - loss: 2.3245 - accuracy: 0.0971
41/98 [===========>..................] - ETA: 2s - loss: 2.3245 - accuracy: 0.0975
43/98 [============>.................] - ETA: 2s - loss: 2.3245 - accuracy: 0.0973
45/98 [============>.................] - ETA: 2s - loss: 2.3244 - accuracy: 0.0974
47/98 [=============>................] - ETA: 2s - loss: 2.3241 - accuracy: 0.0976
49/98 [==============>...............] - ETA: 2s - loss: 2.3239 - accuracy: 0.0976
51/98 [==============>...............] - ETA: 1s - loss: 2.3237 - accuracy: 0.0974
53/98 [===============>..............] - ETA: 1s - loss: 2.3235 - accuracy: 0.0978
55/98 [===============>..............] - ETA: 1s - loss: 2.3236 - accuracy: 0.0982
57/98 [================>.............] - ETA: 1s - loss: 2.3234 - accuracy: 0.0986
59/98 [=================>............] - ETA: 1s - loss: 2.3236 - accuracy: 0.0988
61/98 [=================>............] - ETA: 1s - loss: 2.3236 - accuracy: 0.0989
63/98 [==================>...........] - ETA: 1s - loss: 2.3237 - accuracy: 0.0991
65/98 [==================>...........] - ETA: 1s - loss: 2.3237 - accuracy: 0.0998
67/98 [===================>..........] - ETA: 1s - loss: 2.3241 - accuracy: 0.0998
69/98 [====================>.........] - ETA: 1s - loss: 2.3242 - accuracy: 0.0996
71/98 [====================>.........] - ETA: 1s - loss: 2.3245 - accuracy: 0.0993
73/98 [=====================>........] - ETA: 1s - loss: 2.3242 - accuracy: 0.0999
75/98 [=====================>........] - ETA: 0s - loss: 2.3245 - accuracy: 0.0994
77/98 [======================>.......] - ETA: 0s - loss: 2.3248 - accuracy: 0.0992
79/98 [=======================>......] - ETA: 0s - loss: 2.3246 - accuracy: 0.0991
81/98 [=======================>......] - ETA: 0s - loss: 2.3249 - accuracy: 0.0989
83/98 [========================>.....] - ETA: 0s - loss: 2.3248 - accuracy: 0.0987
85/98 [=========================>....] - ETA: 0s - loss: 2.3248 - accuracy: 0.0991
87/98 [=========================>....] - ETA: 0s - loss: 2.3250 - accuracy: 0.0990
89/98 [==========================>...] - ETA: 0s - loss: 2.3251 - accuracy: 0.0987
91/98 [==========================>...] - ETA: 0s - loss: 2.3247 - accuracy: 0.0992
93/98 [===========================>..] - ETA: 0s - loss: 2.3252 - accuracy: 0.0992
95/98 [============================>.] - ETA: 0s - loss: 2.3249 - accuracy: 0.0992
97/98 [============================>.] - ETA: 0s - loss: 2.3251 - accuracy: 0.0995
98/98 [==============================] - 5s 53ms/step - loss: 2.3253 - accuracy: 0.0998 - val_loss: 2.3312 - val_accuracy: 0.1000
Epoch 7/288

 1/98 [..............................] - ETA: 6s - loss: 2.3122 - accuracy: 0.1191
 3/98 [..............................] - ETA: 3s - loss: 2.3144 - accuracy: 0.1022
 5/98 [>.............................] - ETA: 4s - loss: 2.3233 - accuracy: 0.0992
 7/98 [=>............................] - ETA: 3s - loss: 2.3239 - accuracy: 0.0960
 9/98 [=>............................] - ETA: 3s - loss: 2.3217 - accuracy: 0.0987
11/98 [==>...........................] - ETA: 3s - loss: 2.3217 - accuracy: 0.0994
13/98 [==>...........................] - ETA: 3s - loss: 2.3211 - accuracy: 0.0990
15/98 [===>..........................] - ETA: 3s - loss: 2.3199 - accuracy: 0.1013
17/98 [====>.........................] - ETA: 3s - loss: 2.3205 - accuracy: 0.1004
19/98 [====>.........................] - ETA: 3s - loss: 2.3197 - accuracy: 0.1012
21/98 [=====>........................] - ETA: 3s - loss: 2.3203 - accuracy: 0.1013
23/98 [======>.......................] - ETA: 3s - loss: 2.3206 - accuracy: 0.1020
25/98 [======>.......................] - ETA: 3s - loss: 2.3198 - accuracy: 0.1026
27/98 [=======>......................] - ETA: 3s - loss: 2.3193 - accuracy: 0.1021
29/98 [=======>......................] - ETA: 2s - loss: 2.3189 - accuracy: 0.1021
31/98 [========>.....................] - ETA: 2s - loss: 2.3187 - accuracy: 0.1010
33/98 [=========>....................] - ETA: 2s - loss: 2.3185 - accuracy: 0.1011
35/98 [=========>....................] - ETA: 2s - loss: 2.3186 - accuracy: 0.1012
37/98 [==========>...................] - ETA: 2s - loss: 2.3186 - accuracy: 0.0998
39/98 [==========>...................] - ETA: 2s - loss: 2.3193 - accuracy: 0.1006
41/98 [===========>..................] - ETA: 2s - loss: 2.3201 - accuracy: 0.1006
43/98 [============>.................] - ETA: 2s - loss: 2.3206 - accuracy: 0.1013
45/98 [============>.................] - ETA: 2s - loss: 2.3216 - accuracy: 0.1009
47/98 [=============>................] - ETA: 2s - loss: 2.3218 - accuracy: 0.1004
49/98 [==============>...............] - ETA: 2s - loss: 2.3215 - accuracy: 0.1008
51/98 [==============>...............] - ETA: 1s - loss: 2.3219 - accuracy: 0.1003
53/98 [===============>..............] - ETA: 1s - loss: 2.3222 - accuracy: 0.1005
55/98 [===============>..............] - ETA: 1s - loss: 2.3222 - accuracy: 0.1013
57/98 [================>.............] - ETA: 1s - loss: 2.3224 - accuracy: 0.1014
59/98 [=================>............] - ETA: 1s - loss: 2.3225 - accuracy: 0.1010
61/98 [=================>............] - ETA: 1s - loss: 2.3230 - accuracy: 0.1012
63/98 [==================>...........] - ETA: 1s - loss: 2.3228 - accuracy: 0.1010
65/98 [==================>...........] - ETA: 1s - loss: 2.3230 - accuracy: 0.1014
67/98 [===================>..........] - ETA: 1s - loss: 2.3230 - accuracy: 0.1012
69/98 [====================>.........] - ETA: 1s - loss: 2.3233 - accuracy: 0.1014
71/98 [====================>.........] - ETA: 1s - loss: 2.3232 - accuracy: 0.1013
73/98 [=====================>........] - ETA: 1s - loss: 2.3233 - accuracy: 0.1013
75/98 [=====================>........] - ETA: 0s - loss: 2.3234 - accuracy: 0.1012
77/98 [======================>.......] - ETA: 0s - loss: 2.3237 - accuracy: 0.1014
79/98 [=======================>......] - ETA: 0s - loss: 2.3235 - accuracy: 0.1013
81/98 [=======================>......] - ETA: 0s - loss: 2.3235 - accuracy: 0.1017
83/98 [========================>.....] - ETA: 0s - loss: 2.3235 - accuracy: 0.1014
85/98 [=========================>....] - ETA: 0s - loss: 2.3231 - accuracy: 0.1015
87/98 [=========================>....] - ETA: 0s - loss: 2.3236 - accuracy: 0.1015
89/98 [==========================>...] - ETA: 0s - loss: 2.3234 - accuracy: 0.1014
91/98 [==========================>...] - ETA: 0s - loss: 2.3237 - accuracy: 0.1011
93/98 [===========================>..] - ETA: 0s - loss: 2.3240 - accuracy: 0.1007
95/98 [============================>.] - ETA: 0s - loss: 2.3238 - accuracy: 0.1009
97/98 [============================>.] - ETA: 0s - loss: 2.3238 - accuracy: 0.1008
98/98 [==============================] - 5s 53ms/step - loss: 2.3238 - accuracy: 0.1009 - val_loss: 2.3213 - val_accuracy: 0.1000
Epoch 8/288

 1/98 [..............................] - ETA: 4s - loss: 2.3145 - accuracy: 0.1055
 3/98 [..............................] - ETA: 4s - loss: 2.3142 - accuracy: 0.1003
 5/98 [>.............................] - ETA: 4s - loss: 2.3269 - accuracy: 0.0984
 7/98 [=>............................] - ETA: 4s - loss: 2.3251 - accuracy: 0.0993
 9/98 [=>............................] - ETA: 3s - loss: 2.3220 - accuracy: 0.0992
11/98 [==>...........................] - ETA: 3s - loss: 2.3253 - accuracy: 0.0971
13/98 [==>...........................] - ETA: 3s - loss: 2.3245 - accuracy: 0.0975
15/98 [===>..........................] - ETA: 3s - loss: 2.3246 - accuracy: 0.0993
17/98 [====>.........................] - ETA: 3s - loss: 2.3252 - accuracy: 0.0991
19/98 [====>.........................] - ETA: 3s - loss: 2.3242 - accuracy: 0.0989
21/98 [=====>........................] - ETA: 3s - loss: 2.3235 - accuracy: 0.0995
23/98 [======>.......................] - ETA: 3s - loss: 2.3233 - accuracy: 0.0998
25/98 [======>.......................] - ETA: 3s - loss: 2.3226 - accuracy: 0.1010
27/98 [=======>......................] - ETA: 2s - loss: 2.3240 - accuracy: 0.1002
29/98 [=======>......................] - ETA: 2s - loss: 2.3233 - accuracy: 0.1003
31/98 [========>.....................] - ETA: 2s - loss: 2.3235 - accuracy: 0.1005
33/98 [=========>....................] - ETA: 2s - loss: 2.3236 - accuracy: 0.0998
35/98 [=========>....................] - ETA: 2s - loss: 2.3231 - accuracy: 0.1000
37/98 [==========>...................] - ETA: 2s - loss: 2.3230 - accuracy: 0.1010
39/98 [==========>...................] - ETA: 2s - loss: 2.3228 - accuracy: 0.1012
41/98 [===========>..................] - ETA: 2s - loss: 2.3229 - accuracy: 0.1005
43/98 [============>.................] - ETA: 2s - loss: 2.3220 - accuracy: 0.1013
45/98 [============>.................] - ETA: 2s - loss: 2.3215 - accuracy: 0.1021
47/98 [=============>................] - ETA: 2s - loss: 2.3216 - accuracy: 0.1015
49/98 [==============>...............] - ETA: 2s - loss: 2.3213 - accuracy: 0.1017
51/98 [==============>...............] - ETA: 1s - loss: 2.3209 - accuracy: 0.1016
53/98 [===============>..............] - ETA: 1s - loss: 2.3206 - accuracy: 0.1016
55/98 [===============>..............] - ETA: 1s - loss: 2.3205 - accuracy: 0.1017
57/98 [================>.............] - ETA: 1s - loss: 2.3206 - accuracy: 0.1019
59/98 [=================>............] - ETA: 1s - loss: 2.3202 - accuracy: 0.1023
61/98 [=================>............] - ETA: 1s - loss: 2.3200 - accuracy: 0.1019
63/98 [==================>...........] - ETA: 1s - loss: 2.3198 - accuracy: 0.1019
65/98 [==================>...........] - ETA: 1s - loss: 2.3195 - accuracy: 0.1015
67/98 [===================>..........] - ETA: 1s - loss: 2.3194 - accuracy: 0.1012
69/98 [====================>.........] - ETA: 1s - loss: 2.3191 - accuracy: 0.1010
71/98 [====================>.........] - ETA: 1s - loss: 2.3194 - accuracy: 0.1006
73/98 [=====================>........] - ETA: 1s - loss: 2.3192 - accuracy: 0.1005
75/98 [=====================>........] - ETA: 0s - loss: 2.3188 - accuracy: 0.1009
77/98 [======================>.......] - ETA: 0s - loss: 2.3191 - accuracy: 0.1010
79/98 [=======================>......] - ETA: 0s - loss: 2.3189 - accuracy: 0.1013
81/98 [=======================>......] - ETA: 0s - loss: 2.3192 - accuracy: 0.1011
83/98 [========================>.....] - ETA: 0s - loss: 2.3191 - accuracy: 0.1008
85/98 [=========================>....] - ETA: 0s - loss: 2.3191 - accuracy: 0.1014
87/98 [=========================>....] - ETA: 0s - loss: 2.3193 - accuracy: 0.1015
89/98 [==========================>...] - ETA: 0s - loss: 2.3193 - accuracy: 0.1012
91/98 [==========================>...] - ETA: 0s - loss: 2.3202 - accuracy: 0.1012
93/98 [===========================>..] - ETA: 0s - loss: 2.3208 - accuracy: 0.1010
95/98 [============================>.] - ETA: 0s - loss: 2.3210 - accuracy: 0.1013
97/98 [============================>.] - ETA: 0s - loss: 2.3213 - accuracy: 0.1014
98/98 [==============================] - 5s 52ms/step - loss: 2.3214 - accuracy: 0.1014 - val_loss: 2.3220 - val_accuracy: 0.1000
Epoch 9/288

 1/98 [..............................] - ETA: 6s - loss: 2.3290 - accuracy: 0.0879
 3/98 [..............................] - ETA: 4s - loss: 2.3309 - accuracy: 0.0892
 5/98 [>.............................] - ETA: 4s - loss: 2.3254 - accuracy: 0.0965
 7/98 [=>............................] - ETA: 3s - loss: 2.3240 - accuracy: 0.1007
 9/98 [=>............................] - ETA: 3s - loss: 2.3234 - accuracy: 0.1031
11/98 [==>...........................] - ETA: 3s - loss: 2.3210 - accuracy: 0.1046
13/98 [==>...........................] - ETA: 3s - loss: 2.3222 - accuracy: 0.1044
15/98 [===>..........................] - ETA: 3s - loss: 2.3210 - accuracy: 0.1027
17/98 [====>.........................] - ETA: 3s - loss: 2.3199 - accuracy: 0.1026
19/98 [====>.........................] - ETA: 3s - loss: 2.3199 - accuracy: 0.1022
21/98 [=====>........................] - ETA: 3s - loss: 2.3204 - accuracy: 0.1012
23/98 [======>.......................] - ETA: 3s - loss: 2.3210 - accuracy: 0.0999
26/98 [======>.......................] - ETA: 2s - loss: 2.3210 - accuracy: 0.1003
28/98 [=======>......................] - ETA: 2s - loss: 2.3205 - accuracy: 0.1007
30/98 [========>.....................] - ETA: 2s - loss: 2.3199 - accuracy: 0.1009
32/98 [========>.....................] - ETA: 2s - loss: 2.3191 - accuracy: 0.1011
34/98 [=========>....................] - ETA: 2s - loss: 2.3189 - accuracy: 0.1012
36/98 [==========>...................] - ETA: 2s - loss: 2.3187 - accuracy: 0.1010
38/98 [==========>...................] - ETA: 2s - loss: 2.3185 - accuracy: 0.1005
40/98 [===========>..................] - ETA: 2s - loss: 2.3183 - accuracy: 0.1002
42/98 [===========>..................] - ETA: 2s - loss: 2.3185 - accuracy: 0.0997
44/98 [============>.................] - ETA: 2s - loss: 2.3184 - accuracy: 0.0999
46/98 [=============>................] - ETA: 1s - loss: 2.3186 - accuracy: 0.0999
48/98 [=============>................] - ETA: 1s - loss: 2.3187 - accuracy: 0.0992
50/98 [==============>...............] - ETA: 1s - loss: 2.3182 - accuracy: 0.0992
52/98 [==============>...............] - ETA: 1s - loss: 2.3181 - accuracy: 0.0997
54/98 [===============>..............] - ETA: 1s - loss: 2.3182 - accuracy: 0.1000
56/98 [================>.............] - ETA: 1s - loss: 2.3185 - accuracy: 0.0997
58/98 [================>.............] - ETA: 1s - loss: 2.3184 - accuracy: 0.0996
60/98 [=================>............] - ETA: 1s - loss: 2.3185 - accuracy: 0.0993
62/98 [=================>............] - ETA: 1s - loss: 2.3185 - accuracy: 0.0996
64/98 [==================>...........] - ETA: 1s - loss: 2.3186 - accuracy: 0.0993
66/98 [===================>..........] - ETA: 1s - loss: 2.3186 - accuracy: 0.0994
68/98 [===================>..........] - ETA: 1s - loss: 2.3188 - accuracy: 0.0996
