2024-06-25 14:04:13.212426: I tensorflow/core/platform/cpu_feature_guard.cc:193] This TensorFlow binary is optimized with oneAPI Deep Neural Network Library (oneDNN) to use the following CPU instructions in performance-critical operations:  AVX AVX2
To enable them in other operations, rebuild TensorFlow with the appropriate compiler flags.
2024-06-25 14:04:14.178431: I tensorflow/core/common_runtime/gpu/gpu_device.cc:1616] Created device /job:localhost/replica:0/task:0/device:GPU:0 with 6656 MB memory:  -> device: 0, name: NVIDIA GeForce RTX 4060 Ti, pci bus id: 0000:01:00.0, compute capability: 8.9
1 Physical GPUs, 1 Logical GPUs
Model: "sequential"
_________________________________________________________________
 Layer (type)                Output Shape              Param #   
=================================================================
 conv2d (Conv2D)             (None, 32, 32, 32)        896       
                                                                 
 max_pooling2d (MaxPooling2D  (None, 16, 16, 32)       0         
 )                                                               
                                                                 
 batch_normalization (BatchN  (None, 16, 16, 32)       128       
 ormalization)                                                   
                                                                 
 conv2d_1 (Conv2D)           (None, 16, 16, 32)        82976     
                                                                 
 batch_normalization_1 (Batc  (None, 16, 16, 32)       128       
 hNormalization)                                                 
                                                                 
 conv2d_2 (Conv2D)           (None, 16, 16, 32)        25632     
                                                                 
 dropout (Dropout)           (None, 16, 16, 32)        0         
                                                                 
 flatten (Flatten)           (None, 8192)              0         
                                                                 
 dense (Dense)               (None, 10)                81930     
                                                                 
=================================================================
Total params: 191,690
Trainable params: 191,562
Non-trainable params: 128
_________________________________________________________________
Taxa de aprendizado:  1 Num de épocas:  288 Tamanho do lote:  512 Dropout:  0.16129
Epoch 1/288
2024-06-25 14:04:15.969432: I tensorflow/stream_executor/cuda/cuda_dnn.cc:384] Loaded cuDNN version 8100
2024-06-25 14:04:17.331783: W tensorflow/stream_executor/gpu/redzone_allocator.cc:314] INTERNAL: ptxas exited with non-zero error code -1, output: 
Relying on driver to perform ptx compilation. 
Modify $PATH to customize ptxas location.
This message will be only logged once.
2024-06-25 14:04:18.959449: I tensorflow/stream_executor/cuda/cuda_blas.cc:1614] TensorFloat-32 will be used for the matrix multiplication. This will only be logged once.

 1/98 [..............................] - ETA: 8:51 - loss: 2.7089 - accuracy: 0.1055
 3/98 [..............................] - ETA: 4s - loss: 72943.2266 - accuracy: 0.0951
 5/98 [>.............................] - ETA: 4s - loss: 43893.3086 - accuracy: 0.1004
 7/98 [=>............................] - ETA: 3s - loss: 31577.9688 - accuracy: 0.1041
 9/98 [=>............................] - ETA: 3s - loss: 24582.4062 - accuracy: 0.1026
11/98 [==>...........................] - ETA: 3s - loss: 20113.4453 - accuracy: 0.1005
13/98 [==>...........................] - ETA: 3s - loss: 17020.1523 - accuracy: 0.0981
15/98 [===>..........................] - ETA: 3s - loss: 14752.9434 - accuracy: 0.0986
17/98 [====>.........................] - ETA: 3s - loss: 13017.6406 - accuracy: 0.0964
19/98 [====>.........................] - ETA: 3s - loss: 11647.6680 - accuracy: 0.0965
21/98 [=====>........................] - ETA: 3s - loss: 10540.7891 - accuracy: 0.0963
23/98 [======>.......................] - ETA: 3s - loss: 9624.5400 - accuracy: 0.0959 
25/98 [======>.......................] - ETA: 3s - loss: 8855.3574 - accuracy: 0.0967
27/98 [=======>......................] - ETA: 3s - loss: 8199.5889 - accuracy: 0.0977
29/98 [=======>......................] - ETA: 2s - loss: 7634.2754 - accuracy: 0.0964
31/98 [========>.....................] - ETA: 2s - loss: 7141.8955 - accuracy: 0.0966
33/98 [=========>....................] - ETA: 2s - loss: 6709.2305 - accuracy: 0.0956
35/98 [=========>....................] - ETA: 2s - loss: 6325.9795 - accuracy: 0.0959
37/98 [==========>...................] - ETA: 2s - loss: 5984.1650 - accuracy: 0.0968
39/98 [==========>...................] - ETA: 2s - loss: 5677.4082 - accuracy: 0.0976
41/98 [===========>..................] - ETA: 2s - loss: 5400.5771 - accuracy: 0.0971
43/98 [============>.................] - ETA: 2s - loss: 5149.4956 - accuracy: 0.0977
45/98 [============>.................] - ETA: 2s - loss: 4920.7324 - accuracy: 0.0986
47/98 [=============>................] - ETA: 2s - loss: 4711.4390 - accuracy: 0.0980
49/98 [==============>...............] - ETA: 2s - loss: 4519.2314 - accuracy: 0.0986
51/98 [==============>...............] - ETA: 1s - loss: 4348.1050 - accuracy: 0.0986
53/98 [===============>..............] - ETA: 1s - loss: 4184.1133 - accuracy: 0.0988
55/98 [===============>..............] - ETA: 1s - loss: 4032.3262 - accuracy: 0.0984
57/98 [================>.............] - ETA: 1s - loss: 3890.9221 - accuracy: 0.0981
59/98 [=================>............] - ETA: 1s - loss: 3759.1052 - accuracy: 0.0982
60/98 [=================>............] - ETA: 1s - loss: 3696.4919 - accuracy: 0.0983
61/98 [=================>............] - ETA: 1s - loss: 3656.5239 - accuracy: 0.0983
63/98 [==================>...........] - ETA: 1s - loss: 3539.8809 - accuracy: 0.0986
65/98 [==================>...........] - ETA: 1s - loss: 3451.5015 - accuracy: 0.0986
67/98 [===================>..........] - ETA: 1s - loss: 3348.0098 - accuracy: 0.0985
69/98 [====================>.........] - ETA: 1s - loss: 3250.5474 - accuracy: 0.0986
71/98 [====================>.........] - ETA: 1s - loss: 3171.3018 - accuracy: 0.0988
73/98 [=====================>........] - ETA: 1s - loss: 3084.0696 - accuracy: 0.0991
75/98 [=====================>........] - ETA: 1s - loss: 3001.5110 - accuracy: 0.0993
77/98 [======================>.......] - ETA: 1s - loss: 2923.2607 - accuracy: 0.0995
79/98 [=======================>......] - ETA: 0s - loss: 2848.9912 - accuracy: 0.0995
81/98 [=======================>......] - ETA: 0s - loss: 2778.4246 - accuracy: 0.0997
83/98 [========================>.....] - ETA: 0s - loss: 2711.9009 - accuracy: 0.0996
85/98 [=========================>....] - ETA: 0s - loss: 2647.8870 - accuracy: 0.0998
87/98 [=========================>....] - ETA: 0s - loss: 2586.8279 - accuracy: 0.0998
89/98 [==========================>...] - ETA: 0s - loss: 2528.5237 - accuracy: 0.0998
91/98 [==========================>...] - ETA: 0s - loss: 2472.7922 - accuracy: 0.0996
93/98 [===========================>..] - ETA: 0s - loss: 2419.4666 - accuracy: 0.0996
95/98 [============================>.] - ETA: 0s - loss: 2368.4155 - accuracy: 0.0997
97/98 [============================>.] - ETA: 0s - loss: 2319.4824 - accuracy: 0.0997
98/98 [==============================] - 12s 64ms/step - loss: 2295.8132 - accuracy: 0.0996 - val_loss: 50932196.0000 - val_accuracy: 0.0912
Epoch 2/288

 1/98 [..............................] - ETA: 6s - loss: 68.7533 - accuracy: 0.0996
 3/98 [..............................] - ETA: 3s - loss: 29.6359 - accuracy: 0.0872
 5/98 [>.............................] - ETA: 3s - loss: 23.8094 - accuracy: 0.0918
 7/98 [=>............................] - ETA: 3s - loss: 17.6705 - accuracy: 0.0865
 9/98 [=>............................] - ETA: 3s - loss: 14.2586 - accuracy: 0.0892
11/98 [==>...........................] - ETA: 3s - loss: 12.0872 - accuracy: 0.0925
13/98 [==>...........................] - ETA: 3s - loss: 10.5854 - accuracy: 0.0951
15/98 [===>..........................] - ETA: 3s - loss: 9.5054 - accuracy: 0.0926 
17/98 [====>.........................] - ETA: 3s - loss: 8.6604 - accuracy: 0.0940
19/98 [====>.........................] - ETA: 3s - loss: 7.9916 - accuracy: 0.0968
21/98 [=====>........................] - ETA: 3s - loss: 7.4511 - accuracy: 0.0993
23/98 [======>.......................] - ETA: 3s - loss: 7.0055 - accuracy: 0.0977
25/98 [======>.......................] - ETA: 3s - loss: 6.6299 - accuracy: 0.0985
27/98 [=======>......................] - ETA: 2s - loss: 6.3106 - accuracy: 0.0977
29/98 [=======>......................] - ETA: 2s - loss: 6.0345 - accuracy: 0.0995
31/98 [========>.....................] - ETA: 2s - loss: 5.7944 - accuracy: 0.0996
33/98 [=========>....................] - ETA: 2s - loss: 5.5838 - accuracy: 0.0987
35/98 [=========>....................] - ETA: 2s - loss: 5.3973 - accuracy: 0.0978
37/98 [==========>...................] - ETA: 2s - loss: 5.2308 - accuracy: 0.0977
39/98 [==========>...................] - ETA: 2s - loss: 5.0810 - accuracy: 0.0976
41/98 [===========>..................] - ETA: 2s - loss: 4.9464 - accuracy: 0.0973
43/98 [============>.................] - ETA: 2s - loss: 4.8243 - accuracy: 0.0972
45/98 [============>.................] - ETA: 2s - loss: 4.7133 - accuracy: 0.0971
47/98 [=============>................] - ETA: 2s - loss: 4.6112 - accuracy: 0.0978
49/98 [==============>...............] - ETA: 2s - loss: 4.5174 - accuracy: 0.0981
51/98 [==============>...............] - ETA: 1s - loss: 4.4311 - accuracy: 0.0980
53/98 [===============>..............] - ETA: 1s - loss: 4.3514 - accuracy: 0.0981
55/98 [===============>..............] - ETA: 1s - loss: 4.2777 - accuracy: 0.0984
57/98 [================>.............] - ETA: 1s - loss: 4.2089 - accuracy: 0.0985
59/98 [=================>............] - ETA: 1s - loss: 4.1448 - accuracy: 0.0990
61/98 [=================>............] - ETA: 1s - loss: 4.0847 - accuracy: 0.0995
63/98 [==================>...........] - ETA: 1s - loss: 4.0288 - accuracy: 0.0998
65/98 [==================>...........] - ETA: 1s - loss: 3.9764 - accuracy: 0.0994
67/98 [===================>..........] - ETA: 1s - loss: 3.9268 - accuracy: 0.0991
69/98 [====================>.........] - ETA: 1s - loss: 3.8801 - accuracy: 0.0993
71/98 [====================>.........] - ETA: 1s - loss: 3.8361 - accuracy: 0.0994
73/98 [=====================>........] - ETA: 1s - loss: 3.7943 - accuracy: 0.0996
75/98 [=====================>........] - ETA: 0s - loss: 3.7553 - accuracy: 0.0993
77/98 [======================>.......] - ETA: 0s - loss: 3.7176 - accuracy: 0.0998
79/98 [=======================>......] - ETA: 0s - loss: 3.6825 - accuracy: 0.0996
81/98 [=======================>......] - ETA: 0s - loss: 3.6487 - accuracy: 0.0996
83/98 [========================>.....] - ETA: 0s - loss: 3.6222 - accuracy: 0.0993
85/98 [=========================>....] - ETA: 0s - loss: 3.5914 - accuracy: 0.0991
87/98 [=========================>....] - ETA: 0s - loss: 3.5620 - accuracy: 0.0990
89/98 [==========================>...] - ETA: 0s - loss: 3.5339 - accuracy: 0.0991
91/98 [==========================>...] - ETA: 0s - loss: 3.5072 - accuracy: 0.0995
93/98 [===========================>..] - ETA: 0s - loss: 3.4813 - accuracy: 0.0995
95/98 [============================>.] - ETA: 0s - loss: 3.4568 - accuracy: 0.0997
96/98 [============================>.] - ETA: 0s - loss: 3.4450 - accuracy: 0.0995
98/98 [==============================] - ETA: 0s - loss: 3.4218 - accuracy: 0.0995
98/98 [==============================] - 5s 52ms/step - loss: 3.4218 - accuracy: 0.0995 - val_loss: 219.3484 - val_accuracy: 0.0921
Epoch 3/288

 1/98 [..............................] - ETA: 4s - loss: 2.3205 - accuracy: 0.0977
 3/98 [..............................] - ETA: 2s - loss: 2.3234 - accuracy: 0.0996
 5/98 [>.............................] - ETA: 2s - loss: 2.3184 - accuracy: 0.0988
 7/98 [=>............................] - ETA: 3s - loss: 2.3202 - accuracy: 0.0996
 9/98 [=>............................] - ETA: 2s - loss: 2.3191 - accuracy: 0.1044
11/98 [==>...........................] - ETA: 2s - loss: 2.3206 - accuracy: 0.1048
13/98 [==>...........................] - ETA: 2s - loss: 2.3218 - accuracy: 0.1043
15/98 [===>..........................] - ETA: 2s - loss: 2.3222 - accuracy: 0.1044
17/98 [====>.........................] - ETA: 2s - loss: 2.3224 - accuracy: 0.1040
19/98 [====>.........................] - ETA: 2s - loss: 2.3235 - accuracy: 0.1041
21/98 [=====>........................] - ETA: 2s - loss: 2.3233 - accuracy: 0.1047
23/98 [======>.......................] - ETA: 2s - loss: 2.3231 - accuracy: 0.1039
25/98 [======>.......................] - ETA: 2s - loss: 2.3224 - accuracy: 0.1048
27/98 [=======>......................] - ETA: 2s - loss: 2.3217 - accuracy: 0.1058
29/98 [=======>......................] - ETA: 2s - loss: 2.3211 - accuracy: 0.1052
31/98 [========>.....................] - ETA: 2s - loss: 2.3208 - accuracy: 0.1041
33/98 [=========>....................] - ETA: 2s - loss: 2.3197 - accuracy: 0.1048
35/98 [=========>....................] - ETA: 2s - loss: 2.3196 - accuracy: 0.1044
37/98 [==========>...................] - ETA: 1s - loss: 2.3194 - accuracy: 0.1039
39/98 [==========>...................] - ETA: 1s - loss: 2.3198 - accuracy: 0.1042
41/98 [===========>..................] - ETA: 1s - loss: 2.3197 - accuracy: 0.1037
43/98 [============>.................] - ETA: 1s - loss: 2.3201 - accuracy: 0.1035
45/98 [============>.................] - ETA: 1s - loss: 2.3200 - accuracy: 0.1032
47/98 [=============>................] - ETA: 1s - loss: 2.3196 - accuracy: 0.1032
49/98 [==============>...............] - ETA: 1s - loss: 2.3196 - accuracy: 0.1033
51/98 [==============>...............] - ETA: 1s - loss: 2.3199 - accuracy: 0.1032
53/98 [===============>..............] - ETA: 1s - loss: 2.3196 - accuracy: 0.1030
55/98 [===============>..............] - ETA: 1s - loss: 2.3200 - accuracy: 0.1027
57/98 [================>.............] - ETA: 1s - loss: 2.3199 - accuracy: 0.1023
59/98 [=================>............] - ETA: 1s - loss: 2.3203 - accuracy: 0.1024
61/98 [=================>............] - ETA: 1s - loss: 2.3206 - accuracy: 0.1025
63/98 [==================>...........] - ETA: 1s - loss: 2.3211 - accuracy: 0.1024
65/98 [==================>...........] - ETA: 1s - loss: 2.3210 - accuracy: 0.1021
67/98 [===================>..........] - ETA: 1s - loss: 2.3211 - accuracy: 0.1019
69/98 [====================>.........] - ETA: 1s - loss: 2.3211 - accuracy: 0.1015
71/98 [====================>.........] - ETA: 0s - loss: 2.3208 - accuracy: 0.1013
73/98 [=====================>........] - ETA: 0s - loss: 2.3207 - accuracy: 0.1011
75/98 [=====================>........] - ETA: 0s - loss: 2.3204 - accuracy: 0.1013
77/98 [======================>.......] - ETA: 0s - loss: 2.3202 - accuracy: 0.1013
79/98 [=======================>......] - ETA: 0s - loss: 2.3199 - accuracy: 0.1010
81/98 [=======================>......] - ETA: 0s - loss: 2.3197 - accuracy: 0.1011
83/98 [========================>.....] - ETA: 0s - loss: 2.3196 - accuracy: 0.1012
85/98 [=========================>....] - ETA: 0s - loss: 2.3194 - accuracy: 0.1012
87/98 [=========================>....] - ETA: 0s - loss: 2.3194 - accuracy: 0.1010
89/98 [==========================>...] - ETA: 0s - loss: 2.3191 - accuracy: 0.1008
91/98 [==========================>...] - ETA: 0s - loss: 2.3191 - accuracy: 0.1012
93/98 [===========================>..] - ETA: 0s - loss: 2.3191 - accuracy: 0.1014
95/98 [============================>.] - ETA: 0s - loss: 2.3190 - accuracy: 0.1012
97/98 [============================>.] - ETA: 0s - loss: 2.3189 - accuracy: 0.1008
98/98 [==============================] - 5s 49ms/step - loss: 2.3189 - accuracy: 0.1011 - val_loss: 5.9098 - val_accuracy: 0.1003
Epoch 4/288

 1/98 [..............................] - ETA: 6s - loss: 2.3238 - accuracy: 0.0977
 3/98 [..............................] - ETA: 3s - loss: 2.3117 - accuracy: 0.1061
 5/98 [>.............................] - ETA: 3s - loss: 2.3157 - accuracy: 0.1020
 7/98 [=>............................] - ETA: 3s - loss: 2.3170 - accuracy: 0.0999
 9/98 [=>............................] - ETA: 3s - loss: 2.3169 - accuracy: 0.1005
11/98 [==>...........................] - ETA: 3s - loss: 2.3171 - accuracy: 0.1007
13/98 [==>...........................] - ETA: 3s - loss: 2.3199 - accuracy: 0.0992
15/98 [===>..........................] - ETA: 3s - loss: 2.3200 - accuracy: 0.0999
17/98 [====>.........................] - ETA: 3s - loss: 2.3207 - accuracy: 0.1004
19/98 [====>.........................] - ETA: 3s - loss: 2.3215 - accuracy: 0.1017
21/98 [=====>........................] - ETA: 3s - loss: 2.3203 - accuracy: 0.1036
23/98 [======>.......................] - ETA: 3s - loss: 2.3201 - accuracy: 0.1036
25/98 [======>.......................] - ETA: 3s - loss: 2.3205 - accuracy: 0.1033
27/98 [=======>......................] - ETA: 3s - loss: 2.3205 - accuracy: 0.1026
29/98 [=======>......................] - ETA: 2s - loss: 2.3200 - accuracy: 0.1031
31/98 [========>.....................] - ETA: 2s - loss: 2.3195 - accuracy: 0.1040
33/98 [=========>....................] - ETA: 2s - loss: 2.3188 - accuracy: 0.1041
35/98 [=========>....................] - ETA: 2s - loss: 2.3183 - accuracy: 0.1041
37/98 [==========>...................] - ETA: 2s - loss: 2.3182 - accuracy: 0.1037
39/98 [==========>...................] - ETA: 2s - loss: 2.3178 - accuracy: 0.1046
41/98 [===========>..................] - ETA: 2s - loss: 2.3181 - accuracy: 0.1041
43/98 [============>.................] - ETA: 2s - loss: 2.3180 - accuracy: 0.1042
45/98 [============>.................] - ETA: 2s - loss: 2.3185 - accuracy: 0.1038
47/98 [=============>................] - ETA: 2s - loss: 2.3189 - accuracy: 0.1043
49/98 [==============>...............] - ETA: 2s - loss: 2.3192 - accuracy: 0.1037
51/98 [==============>...............] - ETA: 1s - loss: 2.3194 - accuracy: 0.1030
53/98 [===============>..............] - ETA: 1s - loss: 2.3195 - accuracy: 0.1030
55/98 [===============>..............] - ETA: 1s - loss: 2.3195 - accuracy: 0.1033
57/98 [================>.............] - ETA: 1s - loss: 2.3197 - accuracy: 0.1031
59/98 [=================>............] - ETA: 1s - loss: 2.3197 - accuracy: 0.1028
61/98 [=================>............] - ETA: 1s - loss: 2.3197 - accuracy: 0.1027
63/98 [==================>...........] - ETA: 1s - loss: 2.3194 - accuracy: 0.1027
65/98 [==================>...........] - ETA: 1s - loss: 2.3192 - accuracy: 0.1025
67/98 [===================>..........] - ETA: 1s - loss: 2.3190 - accuracy: 0.1022
69/98 [====================>.........] - ETA: 1s - loss: 2.3188 - accuracy: 0.1025
71/98 [====================>.........] - ETA: 1s - loss: 2.3187 - accuracy: 0.1027
73/98 [=====================>........] - ETA: 1s - loss: 2.3183 - accuracy: 0.1024
75/98 [=====================>........] - ETA: 0s - loss: 2.3182 - accuracy: 0.1018
77/98 [======================>.......] - ETA: 0s - loss: 2.3180 - accuracy: 0.1014
79/98 [=======================>......] - ETA: 0s - loss: 2.3184 - accuracy: 0.1009
81/98 [=======================>......] - ETA: 0s - loss: 2.3182 - accuracy: 0.1010
83/98 [========================>.....] - ETA: 0s - loss: 2.3182 - accuracy: 0.1008
85/98 [=========================>....] - ETA: 0s - loss: 2.3184 - accuracy: 0.1008
87/98 [=========================>....] - ETA: 0s - loss: 2.3185 - accuracy: 0.1006
89/98 [==========================>...] - ETA: 0s - loss: 2.3190 - accuracy: 0.1007
91/98 [==========================>...] - ETA: 0s - loss: 2.3191 - accuracy: 0.1005
93/98 [===========================>..] - ETA: 0s - loss: 2.3192 - accuracy: 0.1006
95/98 [============================>.] - ETA: 0s - loss: 2.3194 - accuracy: 0.1006
97/98 [============================>.] - ETA: 0s - loss: 2.3193 - accuracy: 0.1008
98/98 [==============================] - 5s 53ms/step - loss: 2.3195 - accuracy: 0.1007 - val_loss: 2.3379 - val_accuracy: 0.1000
Epoch 5/288

 1/98 [..............................] - ETA: 6s - loss: 2.3222 - accuracy: 0.1016
 3/98 [..............................] - ETA: 3s - loss: 2.3195 - accuracy: 0.0938
 5/98 [>.............................] - ETA: 3s - loss: 2.3186 - accuracy: 0.1027
 7/98 [=>............................] - ETA: 3s - loss: 2.3245 - accuracy: 0.0996
 9/98 [=>............................] - ETA: 3s - loss: 2.3227 - accuracy: 0.0979
11/98 [==>...........................] - ETA: 3s - loss: 2.3257 - accuracy: 0.0973
13/98 [==>...........................] - ETA: 3s - loss: 2.3248 - accuracy: 0.0987
15/98 [===>..........................] - ETA: 3s - loss: 2.3260 - accuracy: 0.0978
17/98 [====>.........................] - ETA: 3s - loss: 2.3246 - accuracy: 0.0982
19/98 [====>.........................] - ETA: 3s - loss: 2.3237 - accuracy: 0.0992
21/98 [=====>........................] - ETA: 3s - loss: 2.3224 - accuracy: 0.1010
23/98 [======>.......................] - ETA: 3s - loss: 2.3229 - accuracy: 0.0995
24/98 [======>.......................] - ETA: 3s - loss: 2.3225 - accuracy: 0.0995
26/98 [======>.......................] - ETA: 3s - loss: 2.3224 - accuracy: 0.0992
28/98 [=======>......................] - ETA: 2s - loss: 2.3225 - accuracy: 0.0993
30/98 [========>.....................] - ETA: 2s - loss: 2.3214 - accuracy: 0.0999
32/98 [========>.....................] - ETA: 2s - loss: 2.3213 - accuracy: 0.0989
34/98 [=========>....................] - ETA: 2s - loss: 2.3209 - accuracy: 0.0993
36/98 [==========>...................] - ETA: 2s - loss: 2.3205 - accuracy: 0.1003
38/98 [==========>...................] - ETA: 2s - loss: 2.3199 - accuracy: 0.1007
40/98 [===========>..................] - ETA: 2s - loss: 2.3197 - accuracy: 0.1002
42/98 [===========>..................] - ETA: 2s - loss: 2.3194 - accuracy: 0.1002
44/98 [============>.................] - ETA: 2s - loss: 2.3191 - accuracy: 0.1006
46/98 [=============>................] - ETA: 2s - loss: 2.3189 - accuracy: 0.1003
48/98 [=============>................] - ETA: 2s - loss: 2.3186 - accuracy: 0.1005
50/98 [==============>...............] - ETA: 2s - loss: 2.3184 - accuracy: 0.1004
52/98 [==============>...............] - ETA: 1s - loss: 2.3178 - accuracy: 0.1005
54/98 [===============>..............] - ETA: 1s - loss: 2.3182 - accuracy: 0.1000
56/98 [================>.............] - ETA: 1s - loss: 2.3185 - accuracy: 0.0994
58/98 [================>.............] - ETA: 1s - loss: 2.3188 - accuracy: 0.0988
60/98 [=================>............] - ETA: 1s - loss: 2.3186 - accuracy: 0.0990
62/98 [=================>............] - ETA: 1s - loss: 2.3184 - accuracy: 0.0991
64/98 [==================>...........] - ETA: 1s - loss: 2.3184 - accuracy: 0.0990
66/98 [===================>..........] - ETA: 1s - loss: 2.3180 - accuracy: 0.0991
68/98 [===================>..........] - ETA: 1s - loss: 2.3180 - accuracy: 0.0991
70/98 [====================>.........] - ETA: 1s - loss: 2.3177 - accuracy: 0.0993
72/98 [=====================>........] - ETA: 1s - loss: 2.3174 - accuracy: 0.0993
74/98 [=====================>........] - ETA: 1s - loss: 2.3174 - accuracy: 0.0993
76/98 [======================>.......] - ETA: 0s - loss: 2.3172 - accuracy: 0.0994
78/98 [======================>.......] - ETA: 0s - loss: 2.3171 - accuracy: 0.0997
80/98 [=======================>......] - ETA: 0s - loss: 2.3170 - accuracy: 0.0997
82/98 [========================>.....] - ETA: 0s - loss: 2.3171 - accuracy: 0.0993
84/98 [========================>.....] - ETA: 0s - loss: 2.3171 - accuracy: 0.0993
86/98 [=========================>....] - ETA: 0s - loss: 2.3171 - accuracy: 0.0995
88/98 [=========================>....] - ETA: 0s - loss: 2.3171 - accuracy: 0.0998
89/98 [==========================>...] - ETA: 0s - loss: 2.3171 - accuracy: 0.0999
91/98 [==========================>...] - ETA: 0s - loss: 2.3170 - accuracy: 0.1001
93/98 [===========================>..] - ETA: 0s - loss: 2.3172 - accuracy: 0.1000
95/98 [============================>.] - ETA: 0s - loss: 2.3173 - accuracy: 0.0999
97/98 [============================>.] - ETA: 0s - loss: 2.3174 - accuracy: 0.0994
98/98 [==============================] - 5s 53ms/step - loss: 2.3173 - accuracy: 0.0995 - val_loss: 2.3181 - val_accuracy: 0.1000
Epoch 6/288

 1/98 [..............................] - ETA: 4s - loss: 2.3198 - accuracy: 0.1131
 3/98 [..............................] - ETA: 3s - loss: 2.3283 - accuracy: 0.0853
 5/98 [>.............................] - ETA: 3s - loss: 2.3291 - accuracy: 0.0902
 7/98 [=>............................] - ETA: 3s - loss: 2.3273 - accuracy: 0.0942
 9/98 [=>............................] - ETA: 3s - loss: 2.3222 - accuracy: 0.0939
11/98 [==>...........................] - ETA: 3s - loss: 2.3216 - accuracy: 0.0962
13/98 [==>...........................] - ETA: 3s - loss: 2.3209 - accuracy: 0.0957
15/98 [===>..........................] - ETA: 3s - loss: 2.3220 - accuracy: 0.0941
17/98 [====>.........................] - ETA: 3s - loss: 2.3203 - accuracy: 0.0959
19/98 [====>.........................] - ETA: 3s - loss: 2.3191 - accuracy: 0.0969
21/98 [=====>........................] - ETA: 3s - loss: 2.3215 - accuracy: 0.0968
23/98 [======>.......................] - ETA: 3s - loss: 2.3210 - accuracy: 0.0970
25/98 [======>.......................] - ETA: 3s - loss: 2.3216 - accuracy: 0.0970
27/98 [=======>......................] - ETA: 2s - loss: 2.3223 - accuracy: 0.0966
29/98 [=======>......................] - ETA: 2s - loss: 2.3221 - accuracy: 0.0973
31/98 [========>.....................] - ETA: 2s - loss: 2.3217 - accuracy: 0.0977
33/98 [=========>....................] - ETA: 2s - loss: 2.3213 - accuracy: 0.0990
35/98 [=========>....................] - ETA: 2s - loss: 2.3211 - accuracy: 0.1000
37/98 [==========>...................] - ETA: 2s - loss: 2.3206 - accuracy: 0.1009
39/98 [==========>...................] - ETA: 2s - loss: 2.3213 - accuracy: 0.1005
41/98 [===========>..................] - ETA: 2s - loss: 2.3204 - accuracy: 0.1017
43/98 [============>.................] - ETA: 2s - loss: 2.3217 - accuracy: 0.1017
45/98 [============>.................] - ETA: 2s - loss: 2.3215 - accuracy: 0.1013
47/98 [=============>................] - ETA: 2s - loss: 2.3216 - accuracy: 0.1011
49/98 [==============>...............] - ETA: 2s - loss: 2.3219 - accuracy: 0.1016
51/98 [==============>...............] - ETA: 1s - loss: 2.3212 - accuracy: 0.1020
53/98 [===============>..............] - ETA: 1s - loss: 2.3217 - accuracy: 0.1020
55/98 [===============>..............] - ETA: 1s - loss: 2.3214 - accuracy: 0.1027
57/98 [================>.............] - ETA: 1s - loss: 2.3217 - accuracy: 0.1024
59/98 [=================>............] - ETA: 1s - loss: 2.3217 - accuracy: 0.1027
61/98 [=================>............] - ETA: 1s - loss: 2.3215 - accuracy: 0.1028
63/98 [==================>...........] - ETA: 1s - loss: 2.3217 - accuracy: 0.1027
65/98 [==================>...........] - ETA: 1s - loss: 2.3214 - accuracy: 0.1033
67/98 [===================>..........] - ETA: 1s - loss: 2.3215 - accuracy: 0.1031
69/98 [====================>.........] - ETA: 1s - loss: 2.3212 - accuracy: 0.1030
71/98 [====================>.........] - ETA: 1s - loss: 2.3207 - accuracy: 0.1033
73/98 [=====================>........] - ETA: 1s - loss: 2.3205 - accuracy: 0.1033
75/98 [=====================>........] - ETA: 0s - loss: 2.3204 - accuracy: 0.1032
77/98 [======================>.......] - ETA: 0s - loss: 2.3204 - accuracy: 0.1034
79/98 [=======================>......] - ETA: 0s - loss: 2.3205 - accuracy: 0.1030
81/98 [=======================>......] - ETA: 0s - loss: 2.3205 - accuracy: 0.1031
83/98 [========================>.....] - ETA: 0s - loss: 2.3204 - accuracy: 0.1034
85/98 [=========================>....] - ETA: 0s - loss: 2.3202 - accuracy: 0.1032
87/98 [=========================>....] - ETA: 0s - loss: 2.3203 - accuracy: 0.1032
89/98 [==========================>...] - ETA: 0s - loss: 2.3206 - accuracy: 0.1035
91/98 [==========================>...] - ETA: 0s - loss: 2.3204 - accuracy: 0.1035
93/98 [===========================>..] - ETA: 0s - loss: 2.3205 - accuracy: 0.1034
95/98 [============================>.] - ETA: 0s - loss: 2.3205 - accuracy: 0.1036
97/98 [============================>.] - ETA: 0s - loss: 2.3202 - accuracy: 0.1038
98/98 [==============================] - 5s 53ms/step - loss: 2.3201 - accuracy: 0.1037 - val_loss: 2.3178 - val_accuracy: 0.1000
Epoch 7/288

 1/98 [..............................] - ETA: 6s - loss: 2.3158 - accuracy: 0.1094
 3/98 [..............................] - ETA: 3s - loss: 2.3103 - accuracy: 0.1042
 5/98 [>.............................] - ETA: 4s - loss: 2.3184 - accuracy: 0.0941
 7/98 [=>............................] - ETA: 3s - loss: 2.3151 - accuracy: 0.0977
 9/98 [=>............................] - ETA: 3s - loss: 2.3151 - accuracy: 0.0994
11/98 [==>...........................] - ETA: 3s - loss: 2.3134 - accuracy: 0.1012
13/98 [==>...........................] - ETA: 3s - loss: 2.3127 - accuracy: 0.1025
15/98 [===>..........................] - ETA: 3s - loss: 2.3134 - accuracy: 0.1026
17/98 [====>.........................] - ETA: 3s - loss: 2.3147 - accuracy: 0.0995
19/98 [====>.........................] - ETA: 3s - loss: 2.3160 - accuracy: 0.1000
21/98 [=====>........................] - ETA: 3s - loss: 2.3156 - accuracy: 0.1004
23/98 [======>.......................] - ETA: 3s - loss: 2.3156 - accuracy: 0.1006
25/98 [======>.......................] - ETA: 3s - loss: 2.3159 - accuracy: 0.1006
27/98 [=======>......................] - ETA: 2s - loss: 2.3169 - accuracy: 0.1001
29/98 [=======>......................] - ETA: 2s - loss: 2.3169 - accuracy: 0.0987
31/98 [========>.....................] - ETA: 2s - loss: 2.3174 - accuracy: 0.0989
33/98 [=========>....................] - ETA: 2s - loss: 2.3179 - accuracy: 0.1000
35/98 [=========>....................] - ETA: 2s - loss: 2.3189 - accuracy: 0.0997
37/98 [==========>...................] - ETA: 2s - loss: 2.3184 - accuracy: 0.1003
39/98 [==========>...................] - ETA: 2s - loss: 2.3189 - accuracy: 0.1011
41/98 [===========>..................] - ETA: 2s - loss: 2.3188 - accuracy: 0.1008
43/98 [============>.................] - ETA: 2s - loss: 2.3191 - accuracy: 0.1004
45/98 [============>.................] - ETA: 2s - loss: 2.3189 - accuracy: 0.0997
47/98 [=============>................] - ETA: 2s - loss: 2.3190 - accuracy: 0.1000
49/98 [==============>...............] - ETA: 2s - loss: 2.3197 - accuracy: 0.0994
51/98 [==============>...............] - ETA: 1s - loss: 2.3197 - accuracy: 0.0994
53/98 [===============>..............] - ETA: 1s - loss: 2.3200 - accuracy: 0.0993
55/98 [===============>..............] - ETA: 1s - loss: 2.3202 - accuracy: 0.0991
57/98 [================>.............] - ETA: 1s - loss: 2.3198 - accuracy: 0.0993
59/98 [=================>............] - ETA: 1s - loss: 2.3197 - accuracy: 0.0994
61/98 [=================>............] - ETA: 1s - loss: 2.3195 - accuracy: 0.0994
63/98 [==================>...........] - ETA: 1s - loss: 2.3192 - accuracy: 0.0990
65/98 [==================>...........] - ETA: 1s - loss: 2.3194 - accuracy: 0.0992
67/98 [===================>..........] - ETA: 1s - loss: 2.3195 - accuracy: 0.0988
69/98 [====================>.........] - ETA: 1s - loss: 2.3195 - accuracy: 0.0991
71/98 [====================>.........] - ETA: 1s - loss: 2.3193 - accuracy: 0.0997
73/98 [=====================>........] - ETA: 1s - loss: 2.3192 - accuracy: 0.0999
75/98 [=====================>........] - ETA: 0s - loss: 2.3196 - accuracy: 0.0996
77/98 [======================>.......] - ETA: 0s - loss: 2.3195 - accuracy: 0.0996
79/98 [=======================>......] - ETA: 0s - loss: 2.3196 - accuracy: 0.0997
81/98 [=======================>......] - ETA: 0s - loss: 2.3201 - accuracy: 0.0996
83/98 [========================>.....] - ETA: 0s - loss: 2.3201 - accuracy: 0.1000
85/98 [=========================>....] - ETA: 0s - loss: 2.3209 - accuracy: 0.0999
87/98 [=========================>....] - ETA: 0s - loss: 2.3218 - accuracy: 0.0998
89/98 [==========================>...] - ETA: 0s - loss: 2.3221 - accuracy: 0.0999
91/98 [==========================>...] - ETA: 0s - loss: 2.3234 - accuracy: 0.1000
92/98 [===========================>..] - ETA: 0s - loss: 2.3234 - accuracy: 0.1001
94/98 [===========================>..] - ETA: 0s - loss: 2.3234 - accuracy: 0.1000
96/98 [============================>.] - ETA: 0s - loss: 2.3241 - accuracy: 0.0999
98/98 [==============================] - ETA: 0s - loss: 2.3239 - accuracy: 0.0999
98/98 [==============================] - 5s 53ms/step - loss: 2.3239 - accuracy: 0.0999 - val_loss: 2.3250 - val_accuracy: 0.1000
Epoch 8/288

 1/98 [..............................] - ETA: 6s - loss: 2.3228 - accuracy: 0.1152
 3/98 [..............................] - ETA: 3s - loss: 2.3462 - accuracy: 0.1016
 6/98 [>.............................] - ETA: 2s - loss: 2.3326 - accuracy: 0.1042
 8/98 [=>............................] - ETA: 2s - loss: 2.3329 - accuracy: 0.1047
10/98 [==>...........................] - ETA: 2s - loss: 2.3307 - accuracy: 0.1039
12/98 [==>...........................] - ETA: 2s - loss: 2.3309 - accuracy: 0.1007
14/98 [===>..........................] - ETA: 2s - loss: 2.3291 - accuracy: 0.0993
16/98 [===>..........................] - ETA: 2s - loss: 2.3283 - accuracy: 0.0983
18/98 [====>.........................] - ETA: 2s - loss: 2.3268 - accuracy: 0.0977
20/98 [=====>........................] - ETA: 2s - loss: 2.3259 - accuracy: 0.0974
22/98 [=====>........................] - ETA: 2s - loss: 2.3252 - accuracy: 0.0969
24/98 [======>.......................] - ETA: 2s - loss: 2.3240 - accuracy: 0.0979
26/98 [======>.......................] - ETA: 2s - loss: 2.3233 - accuracy: 0.0980
28/98 [=======>......................] - ETA: 2s - loss: 2.3224 - accuracy: 0.0986
30/98 [========>.....................] - ETA: 2s - loss: 2.3220 - accuracy: 0.0985
32/98 [========>.....................] - ETA: 2s - loss: 2.3219 - accuracy: 0.0978
34/98 [=========>....................] - ETA: 2s - loss: 2.3218 - accuracy: 0.0981
36/98 [==========>...................] - ETA: 2s - loss: 2.3216 - accuracy: 0.0985
38/98 [==========>...................] - ETA: 1s - loss: 2.3208 - accuracy: 0.0986
40/98 [===========>..................] - ETA: 1s - loss: 2.3219 - accuracy: 0.0979
42/98 [===========>..................] - ETA: 1s - loss: 2.3217 - accuracy: 0.0976
44/98 [============>.................] - ETA: 1s - loss: 2.3227 - accuracy: 0.0972
46/98 [=============>................] - ETA: 1s - loss: 2.3224 - accuracy: 0.0966
48/98 [=============>................] - ETA: 1s - loss: 2.3225 - accuracy: 0.0962
50/98 [==============>...............] - ETA: 1s - loss: 2.3221 - accuracy: 0.0962
52/98 [==============>...............] - ETA: 1s - loss: 2.3216 - accuracy: 0.0964
54/98 [===============>..............] - ETA: 1s - loss: 2.3214 - accuracy: 0.0960
56/98 [================>.............] - ETA: 1s - loss: 2.3211 - accuracy: 0.0961
58/98 [================>.............] - ETA: 1s - loss: 2.3211 - accuracy: 0.0964
60/98 [=================>............] - ETA: 1s - loss: 2.3207 - accuracy: 0.0963
62/98 [=================>............] - ETA: 1s - loss: 2.3206 - accuracy: 0.0958
64/98 [==================>...........] - ETA: 1s - loss: 2.3206 - accuracy: 0.0961
66/98 [===================>..........] - ETA: 1s - loss: 2.3206 - accuracy: 0.0959
68/98 [===================>..........] - ETA: 1s - loss: 2.3206 - accuracy: 0.0960
70/98 [====================>.........] - ETA: 0s - loss: 2.3203 - accuracy: 0.0961
72/98 [=====================>........] - ETA: 0s - loss: 2.3203 - accuracy: 0.0962
74/98 [=====================>........] - ETA: 0s - loss: 2.3203 - accuracy: 0.0964
76/98 [======================>.......] - ETA: 0s - loss: 2.3204 - accuracy: 0.0963
78/98 [======================>.......] - ETA: 0s - loss: 2.3201 - accuracy: 0.0965
80/98 [=======================>......] - ETA: 0s - loss: 2.3197 - accuracy: 0.0966
82/98 [========================>.....] - ETA: 0s - loss: 2.3197 - accuracy: 0.0966
84/98 [========================>.....] - ETA: 0s - loss: 2.3198 - accuracy: 0.0965
86/98 [=========================>....] - ETA: 0s - loss: 2.3198 - accuracy: 0.0963
88/98 [=========================>....] - ETA: 0s - loss: 2.3198 - accuracy: 0.0964
90/98 [==========================>...] - ETA: 0s - loss: 2.3200 - accuracy: 0.0965
92/98 [===========================>..] - ETA: 0s - loss: 2.3200 - accuracy: 0.0966
94/98 [===========================>..] - ETA: 0s - loss: 2.3201 - accuracy: 0.0968
96/98 [============================>.] - ETA: 0s - loss: 2.3201 - accuracy: 0.0967
98/98 [==============================] - ETA: 0s - loss: 2.3203 - accuracy: 0.0968
98/98 [==============================] - 5s 47ms/step - loss: 2.3203 - accuracy: 0.0968 - val_loss: 2.3250 - val_accuracy: 0.1000
Epoch 9/288

 1/98 [..............................] - ETA: 6s - loss: 2.3220 - accuracy: 0.0996
 3/98 [..............................] - ETA: 3s - loss: 2.3229 - accuracy: 0.1068
 5/98 [>.............................] - ETA: 3s - loss: 2.3209 - accuracy: 0.1086
 7/98 [=>............................] - ETA: 3s - loss: 2.3210 - accuracy: 0.1038
 9/98 [=>............................] - ETA: 3s - loss: 2.3195 - accuracy: 0.1048
11/98 [==>...........................] - ETA: 3s - loss: 2.3210 - accuracy: 0.1009
13/98 [==>...........................] - ETA: 3s - loss: 2.3196 - accuracy: 0.1029
15/98 [===>..........................] - ETA: 3s - loss: 2.3198 - accuracy: 0.1020
17/98 [====>.........................] - ETA: 3s - loss: 2.3200 - accuracy: 0.1013
19/98 [====>.........................] - ETA: 3s - loss: 2.3194 - accuracy: 0.1023
21/98 [=====>........................] - ETA: 3s - loss: 2.3183 - accuracy: 0.1022
23/98 [======>.......................] - ETA: 3s - loss: 2.3184 - accuracy: 0.1020
25/98 [======>.......................] - ETA: 3s - loss: 2.3178 - accuracy: 0.1024
27/98 [=======>......................] - ETA: 2s - loss: 2.3187 - accuracy: 0.1019
29/98 [=======>......................] - ETA: 2s - loss: 2.3185 - accuracy: 0.1022
31/98 [========>.....................] - ETA: 2s - loss: 2.3188 - accuracy: 0.1023
33/98 [=========>....................] - ETA: 2s - loss: 2.3187 - accuracy: 0.1023
35/98 [=========>....................] - ETA: 2s - loss: 2.3184 - accuracy: 0.1021
37/98 [==========>...................] - ETA: 2s - loss: 2.3181 - accuracy: 0.1015
39/98 [==========>...................] - ETA: 2s - loss: 2.3189 - accuracy: 0.1016
41/98 [===========>..................] - ETA: 2s - loss: 2.3194 - accuracy: 0.1008
43/98 [============>.................] - ETA: 2s - loss: 2.3199 - accuracy: 0.1007
44/98 [============>.................] - ETA: 2s - loss: 2.3204 - accuracy: 0.1005
46/98 [=============>................] - ETA: 2s - loss: 2.3207 - accuracy: 0.1002
48/98 [=============>................] - ETA: 2s - loss: 2.3207 - accuracy: 0.1005
50/98 [==============>...............] - ETA: 2s - loss: 2.3208 - accuracy: 0.1005
52/98 [==============>...............] - ETA: 1s - loss: 2.3205 - accuracy: 0.1011
54/98 [===============>..............] - ETA: 1s - loss: 2.3207 - accuracy: 0.1011
56/98 [================>.............] - ETA: 1s - loss: 2.3203 - accuracy: 0.1016
58/98 [================>.............] - ETA: 1s - loss: 2.3209 - accuracy: 0.1014
60/98 [=================>............] - ETA: 1s - loss: 2.3206 - accuracy: 0.1017
62/98 [=================>............] - ETA: 1s - loss: 2.3208 - accuracy: 0.1015
