2024-06-26 18:30:46.280197: I tensorflow/core/platform/cpu_feature_guard.cc:193] This TensorFlow binary is optimized with oneAPI Deep Neural Network Library (oneDNN) to use the following CPU instructions in performance-critical operations:  AVX AVX2
To enable them in other operations, rebuild TensorFlow with the appropriate compiler flags.
2024-06-26 18:30:46.731336: I tensorflow/core/common_runtime/gpu/gpu_device.cc:1616] Created device /job:localhost/replica:0/task:0/device:GPU:0 with 6656 MB memory:  -> device: 0, name: NVIDIA GeForce RTX 4060 Ti, pci bus id: 0000:01:00.0, compute capability: 8.9
1 Physical GPUs, 1 Logical GPUs
Model: "sequential"
_________________________________________________________________
 Layer (type)                Output Shape              Param #   
=================================================================
 conv2d (Conv2D)             (None, 32, 32, 32)        896       
                                                                 
 max_pooling2d (MaxPooling2D  (None, 16, 16, 32)       0         
 )                                                               
                                                                 
 batch_normalization (BatchN  (None, 16, 16, 32)       128       
 ormalization)                                                   
                                                                 
 conv2d_1 (Conv2D)           (None, 16, 16, 128)       36992     
                                                                 
 dropout (Dropout)           (None, 16, 16, 128)       0         
                                                                 
 flatten (Flatten)           (None, 32768)             0         
                                                                 
 dense (Dense)               (None, 10)                327690    
                                                                 
=================================================================
Total params: 365,706
Trainable params: 365,642
Non-trainable params: 64
_________________________________________________________________
Taxa de aprendizado:  1e-05 Num de épocas:  76 Tamanho do lote:  512 Dropout:  0.20741
Epoch 1/76
2024-06-26 18:30:47.808182: I tensorflow/stream_executor/cuda/cuda_dnn.cc:384] Loaded cuDNN version 8100
2024-06-26 18:30:48.488662: W tensorflow/stream_executor/gpu/redzone_allocator.cc:314] INTERNAL: ptxas exited with non-zero error code -1, output: 
Relying on driver to perform ptx compilation. 
Modify $PATH to customize ptxas location.
This message will be only logged once.
2024-06-26 18:30:49.131025: I tensorflow/stream_executor/cuda/cuda_blas.cc:1614] TensorFloat-32 will be used for the matrix multiplication. This will only be logged once.

 1/98 [..............................] - ETA: 3:53 - loss: 2.4158 - accuracy: 0.0957
 4/98 [>.............................] - ETA: 1s - loss: 2.3885 - accuracy: 0.1104  
 8/98 [=>............................] - ETA: 1s - loss: 2.3591 - accuracy: 0.1172
12/98 [==>...........................] - ETA: 1s - loss: 2.3354 - accuracy: 0.1247
16/98 [===>..........................] - ETA: 1s - loss: 2.3183 - accuracy: 0.1345
19/98 [====>.........................] - ETA: 1s - loss: 2.3043 - accuracy: 0.1403
23/98 [======>.......................] - ETA: 1s - loss: 2.2853 - accuracy: 0.1483
27/98 [=======>......................] - ETA: 1s - loss: 2.2705 - accuracy: 0.1537
31/98 [========>.....................] - ETA: 1s - loss: 2.2569 - accuracy: 0.1582
35/98 [=========>....................] - ETA: 1s - loss: 2.2432 - accuracy: 0.1638
38/98 [==========>...................] - ETA: 1s - loss: 2.2364 - accuracy: 0.1673
42/98 [===========>..................] - ETA: 0s - loss: 2.2249 - accuracy: 0.1731
46/98 [=============>................] - ETA: 0s - loss: 2.2143 - accuracy: 0.1786
49/98 [==============>...............] - ETA: 0s - loss: 2.2049 - accuracy: 0.1822
53/98 [===============>..............] - ETA: 0s - loss: 2.1945 - accuracy: 0.1873
57/98 [================>.............] - ETA: 0s - loss: 2.1848 - accuracy: 0.1913
61/98 [=================>............] - ETA: 0s - loss: 2.1742 - accuracy: 0.1964
65/98 [==================>...........] - ETA: 0s - loss: 2.1651 - accuracy: 0.2011
69/98 [====================>.........] - ETA: 0s - loss: 2.1566 - accuracy: 0.2048
73/98 [=====================>........] - ETA: 0s - loss: 2.1498 - accuracy: 0.2079
76/98 [======================>.......] - ETA: 0s - loss: 2.1441 - accuracy: 0.2112
80/98 [=======================>......] - ETA: 0s - loss: 2.1370 - accuracy: 0.2147
84/98 [========================>.....] - ETA: 0s - loss: 2.1291 - accuracy: 0.2187
88/98 [=========================>....] - ETA: 0s - loss: 2.1220 - accuracy: 0.2222
92/98 [===========================>..] - ETA: 0s - loss: 2.1158 - accuracy: 0.2253
96/98 [============================>.] - ETA: 0s - loss: 2.1096 - accuracy: 0.2284
98/98 [==============================] - 5s 25ms/step - loss: 2.1063 - accuracy: 0.2301 - val_loss: 2.2103 - val_accuracy: 0.2137
Epoch 2/76

 1/98 [..............................] - ETA: 3s - loss: 1.9766 - accuracy: 0.3008
 5/98 [>.............................] - ETA: 1s - loss: 1.9608 - accuracy: 0.3102
 9/98 [=>............................] - ETA: 1s - loss: 1.9447 - accuracy: 0.3073
13/98 [==>...........................] - ETA: 1s - loss: 1.9381 - accuracy: 0.3080
17/98 [====>.........................] - ETA: 1s - loss: 1.9290 - accuracy: 0.3158
20/98 [=====>........................] - ETA: 1s - loss: 1.9217 - accuracy: 0.3212
24/98 [======>.......................] - ETA: 1s - loss: 1.9166 - accuracy: 0.3232
28/98 [=======>......................] - ETA: 1s - loss: 1.9132 - accuracy: 0.3238
32/98 [========>.....................] - ETA: 1s - loss: 1.9079 - accuracy: 0.3262
35/98 [=========>....................] - ETA: 1s - loss: 1.9078 - accuracy: 0.3262
39/98 [==========>...................] - ETA: 0s - loss: 1.9082 - accuracy: 0.3249
43/98 [============>.................] - ETA: 0s - loss: 1.9037 - accuracy: 0.3277
46/98 [=============>................] - ETA: 0s - loss: 1.9021 - accuracy: 0.3282
50/98 [==============>...............] - ETA: 0s - loss: 1.8983 - accuracy: 0.3294
54/98 [===============>..............] - ETA: 0s - loss: 1.8978 - accuracy: 0.3297
58/98 [================>.............] - ETA: 0s - loss: 1.8942 - accuracy: 0.3315
61/98 [=================>............] - ETA: 0s - loss: 1.8929 - accuracy: 0.3316
65/98 [==================>...........] - ETA: 0s - loss: 1.8904 - accuracy: 0.3323
69/98 [====================>.........] - ETA: 0s - loss: 1.8865 - accuracy: 0.3341
72/98 [=====================>........] - ETA: 0s - loss: 1.8830 - accuracy: 0.3353
76/98 [======================>.......] - ETA: 0s - loss: 1.8809 - accuracy: 0.3361
80/98 [=======================>......] - ETA: 0s - loss: 1.8771 - accuracy: 0.3378
83/98 [========================>.....] - ETA: 0s - loss: 1.8742 - accuracy: 0.3389
87/98 [=========================>....] - ETA: 0s - loss: 1.8683 - accuracy: 0.3413
91/98 [==========================>...] - ETA: 0s - loss: 1.8647 - accuracy: 0.3428
95/98 [============================>.] - ETA: 0s - loss: 1.8632 - accuracy: 0.3430
98/98 [==============================] - 2s 21ms/step - loss: 1.8595 - accuracy: 0.3448 - val_loss: 2.0921 - val_accuracy: 0.3520
Epoch 3/76

 1/98 [..............................] - ETA: 3s - loss: 1.8075 - accuracy: 0.3535
 5/98 [>.............................] - ETA: 1s - loss: 1.7963 - accuracy: 0.3746
 9/98 [=>............................] - ETA: 1s - loss: 1.7777 - accuracy: 0.3841
13/98 [==>...........................] - ETA: 1s - loss: 1.7833 - accuracy: 0.3821
17/98 [====>.........................] - ETA: 1s - loss: 1.7867 - accuracy: 0.3766
21/98 [=====>........................] - ETA: 1s - loss: 1.7864 - accuracy: 0.3764
25/98 [======>.......................] - ETA: 1s - loss: 1.7780 - accuracy: 0.3791
29/98 [=======>......................] - ETA: 1s - loss: 1.7777 - accuracy: 0.3802
33/98 [=========>....................] - ETA: 1s - loss: 1.7780 - accuracy: 0.3791
37/98 [==========>...................] - ETA: 1s - loss: 1.7777 - accuracy: 0.3788
40/98 [===========>..................] - ETA: 0s - loss: 1.7755 - accuracy: 0.3799
44/98 [============>.................] - ETA: 0s - loss: 1.7731 - accuracy: 0.3805
48/98 [=============>................] - ETA: 0s - loss: 1.7696 - accuracy: 0.3819
52/98 [==============>...............] - ETA: 0s - loss: 1.7644 - accuracy: 0.3854
56/98 [================>.............] - ETA: 0s - loss: 1.7624 - accuracy: 0.3862
60/98 [=================>............] - ETA: 0s - loss: 1.7595 - accuracy: 0.3874
64/98 [==================>...........] - ETA: 0s - loss: 1.7564 - accuracy: 0.3880
68/98 [===================>..........] - ETA: 0s - loss: 1.7551 - accuracy: 0.3888
72/98 [=====================>........] - ETA: 0s - loss: 1.7533 - accuracy: 0.3894
75/98 [=====================>........] - ETA: 0s - loss: 1.7519 - accuracy: 0.3900
79/98 [=======================>......] - ETA: 0s - loss: 1.7495 - accuracy: 0.3908
83/98 [========================>.....] - ETA: 0s - loss: 1.7465 - accuracy: 0.3916
87/98 [=========================>....] - ETA: 0s - loss: 1.7452 - accuracy: 0.3922
90/98 [==========================>...] - ETA: 0s - loss: 1.7436 - accuracy: 0.3925
94/98 [===========================>..] - ETA: 0s - loss: 1.7417 - accuracy: 0.3938
98/98 [==============================] - ETA: 0s - loss: 1.7393 - accuracy: 0.3947
98/98 [==============================] - 2s 21ms/step - loss: 1.7393 - accuracy: 0.3947 - val_loss: 1.9477 - val_accuracy: 0.4011
Epoch 4/76

 1/98 [..............................] - ETA: 3s - loss: 1.7783 - accuracy: 0.3887
 5/98 [>.............................] - ETA: 1s - loss: 1.7184 - accuracy: 0.3996
 9/98 [=>............................] - ETA: 1s - loss: 1.6945 - accuracy: 0.4115
12/98 [==>...........................] - ETA: 1s - loss: 1.6907 - accuracy: 0.4131
16/98 [===>..........................] - ETA: 1s - loss: 1.6879 - accuracy: 0.4146
20/98 [=====>........................] - ETA: 1s - loss: 1.6832 - accuracy: 0.4154
24/98 [======>.......................] - ETA: 1s - loss: 1.6809 - accuracy: 0.4179
28/98 [=======>......................] - ETA: 1s - loss: 1.6838 - accuracy: 0.4140
32/98 [========>.....................] - ETA: 1s - loss: 1.6834 - accuracy: 0.4122
36/98 [==========>...................] - ETA: 1s - loss: 1.6800 - accuracy: 0.4130
40/98 [===========>..................] - ETA: 0s - loss: 1.6791 - accuracy: 0.4125
43/98 [============>.................] - ETA: 0s - loss: 1.6786 - accuracy: 0.4127
47/98 [=============>................] - ETA: 0s - loss: 1.6761 - accuracy: 0.4140
51/98 [==============>...............] - ETA: 0s - loss: 1.6718 - accuracy: 0.4151
55/98 [===============>..............] - ETA: 0s - loss: 1.6718 - accuracy: 0.4157
58/98 [================>.............] - ETA: 0s - loss: 1.6713 - accuracy: 0.4156
62/98 [=================>............] - ETA: 0s - loss: 1.6691 - accuracy: 0.4167
66/98 [===================>..........] - ETA: 0s - loss: 1.6672 - accuracy: 0.4176
70/98 [====================>.........] - ETA: 0s - loss: 1.6657 - accuracy: 0.4182
73/98 [=====================>........] - ETA: 0s - loss: 1.6641 - accuracy: 0.4192
77/98 [======================>.......] - ETA: 0s - loss: 1.6617 - accuracy: 0.4207
81/98 [=======================>......] - ETA: 0s - loss: 1.6606 - accuracy: 0.4211
85/98 [=========================>....] - ETA: 0s - loss: 1.6590 - accuracy: 0.4216
89/98 [==========================>...] - ETA: 0s - loss: 1.6579 - accuracy: 0.4215
92/98 [===========================>..] - ETA: 0s - loss: 1.6560 - accuracy: 0.4219
96/98 [============================>.] - ETA: 0s - loss: 1.6544 - accuracy: 0.4224
98/98 [==============================] - 2s 21ms/step - loss: 1.6547 - accuracy: 0.4223 - val_loss: 1.7923 - val_accuracy: 0.4303
Epoch 5/76

 1/98 [..............................] - ETA: 3s - loss: 1.5807 - accuracy: 0.4238
 5/98 [>.............................] - ETA: 1s - loss: 1.6122 - accuracy: 0.4195
 9/98 [=>............................] - ETA: 1s - loss: 1.6185 - accuracy: 0.4225
13/98 [==>...........................] - ETA: 1s - loss: 1.6133 - accuracy: 0.4333
17/98 [====>.........................] - ETA: 1s - loss: 1.6089 - accuracy: 0.4368
21/98 [=====>........................] - ETA: 1s - loss: 1.6118 - accuracy: 0.4356
25/98 [======>.......................] - ETA: 1s - loss: 1.6106 - accuracy: 0.4384
28/98 [=======>......................] - ETA: 1s - loss: 1.6102 - accuracy: 0.4391
32/98 [========>.....................] - ETA: 1s - loss: 1.6064 - accuracy: 0.4406
36/98 [==========>...................] - ETA: 1s - loss: 1.6075 - accuracy: 0.4412
39/98 [==========>...................] - ETA: 0s - loss: 1.6041 - accuracy: 0.4437
43/98 [============>.................] - ETA: 0s - loss: 1.6025 - accuracy: 0.4442
47/98 [=============>................] - ETA: 0s - loss: 1.6038 - accuracy: 0.4424
50/98 [==============>...............] - ETA: 0s - loss: 1.6029 - accuracy: 0.4428
54/98 [===============>..............] - ETA: 0s - loss: 1.6022 - accuracy: 0.4427
58/98 [================>.............] - ETA: 0s - loss: 1.5995 - accuracy: 0.4431
62/98 [=================>............] - ETA: 0s - loss: 1.6003 - accuracy: 0.4432
66/98 [===================>..........] - ETA: 0s - loss: 1.6024 - accuracy: 0.4428
70/98 [====================>.........] - ETA: 0s - loss: 1.6022 - accuracy: 0.4428
74/98 [=====================>........] - ETA: 0s - loss: 1.5998 - accuracy: 0.4439
77/98 [======================>.......] - ETA: 0s - loss: 1.5988 - accuracy: 0.4446
80/98 [=======================>......] - ETA: 0s - loss: 1.5975 - accuracy: 0.4447
84/98 [========================>.....] - ETA: 0s - loss: 1.5970 - accuracy: 0.4446
88/98 [=========================>....] - ETA: 0s - loss: 1.5958 - accuracy: 0.4447
92/98 [===========================>..] - ETA: 0s - loss: 1.5948 - accuracy: 0.4452
95/98 [============================>.] - ETA: 0s - loss: 1.5931 - accuracy: 0.4464
98/98 [==============================] - 2s 21ms/step - loss: 1.5926 - accuracy: 0.4466 - val_loss: 1.6555 - val_accuracy: 0.4577
Epoch 6/76

 1/98 [..............................] - ETA: 3s - loss: 1.6188 - accuracy: 0.4375
 5/98 [>.............................] - ETA: 1s - loss: 1.5538 - accuracy: 0.4648
 9/98 [=>............................] - ETA: 1s - loss: 1.5504 - accuracy: 0.4622
13/98 [==>...........................] - ETA: 1s - loss: 1.5610 - accuracy: 0.4616
16/98 [===>..........................] - ETA: 1s - loss: 1.5594 - accuracy: 0.4607
20/98 [=====>........................] - ETA: 1s - loss: 1.5543 - accuracy: 0.4619
24/98 [======>.......................] - ETA: 1s - loss: 1.5491 - accuracy: 0.4642
28/98 [=======>......................] - ETA: 1s - loss: 1.5483 - accuracy: 0.4652
32/98 [========>.....................] - ETA: 1s - loss: 1.5486 - accuracy: 0.4650
35/98 [=========>....................] - ETA: 1s - loss: 1.5487 - accuracy: 0.4641
39/98 [==========>...................] - ETA: 0s - loss: 1.5476 - accuracy: 0.4637
43/98 [============>.................] - ETA: 0s - loss: 1.5495 - accuracy: 0.4615
46/98 [=============>................] - ETA: 0s - loss: 1.5486 - accuracy: 0.4613
50/98 [==============>...............] - ETA: 0s - loss: 1.5515 - accuracy: 0.4592
54/98 [===============>..............] - ETA: 0s - loss: 1.5529 - accuracy: 0.4580
58/98 [================>.............] - ETA: 0s - loss: 1.5516 - accuracy: 0.4582
61/98 [=================>............] - ETA: 0s - loss: 1.5507 - accuracy: 0.4588
65/98 [==================>...........] - ETA: 0s - loss: 1.5496 - accuracy: 0.4597
69/98 [====================>.........] - ETA: 0s - loss: 1.5506 - accuracy: 0.4588
73/98 [=====================>........] - ETA: 0s - loss: 1.5504 - accuracy: 0.4595
76/98 [======================>.......] - ETA: 0s - loss: 1.5507 - accuracy: 0.4594
80/98 [=======================>......] - ETA: 0s - loss: 1.5506 - accuracy: 0.4594
84/98 [========================>.....] - ETA: 0s - loss: 1.5469 - accuracy: 0.4609
88/98 [=========================>....] - ETA: 0s - loss: 1.5460 - accuracy: 0.4609
91/98 [==========================>...] - ETA: 0s - loss: 1.5453 - accuracy: 0.4612
95/98 [============================>.] - ETA: 0s - loss: 1.5438 - accuracy: 0.4621
98/98 [==============================] - 2s 21ms/step - loss: 1.5429 - accuracy: 0.4628 - val_loss: 1.5566 - val_accuracy: 0.4732
Epoch 7/76

 1/98 [..............................] - ETA: 3s - loss: 1.4843 - accuracy: 0.4863
 5/98 [>.............................] - ETA: 1s - loss: 1.5065 - accuracy: 0.4797
 9/98 [=>............................] - ETA: 1s - loss: 1.4965 - accuracy: 0.4722
14/98 [===>..........................] - ETA: 1s - loss: 1.5069 - accuracy: 0.4693
17/98 [====>.........................] - ETA: 1s - loss: 1.5003 - accuracy: 0.4722
21/98 [=====>........................] - ETA: 1s - loss: 1.4983 - accuracy: 0.4758
25/98 [======>.......................] - ETA: 1s - loss: 1.5020 - accuracy: 0.4761
29/98 [=======>......................] - ETA: 1s - loss: 1.5052 - accuracy: 0.4748
32/98 [========>.....................] - ETA: 1s - loss: 1.5054 - accuracy: 0.4746
36/98 [==========>...................] - ETA: 1s - loss: 1.5078 - accuracy: 0.4717
40/98 [===========>..................] - ETA: 0s - loss: 1.5086 - accuracy: 0.4713
44/98 [============>.................] - ETA: 0s - loss: 1.5057 - accuracy: 0.4727
48/98 [=============>................] - ETA: 0s - loss: 1.5049 - accuracy: 0.4734
52/98 [==============>...............] - ETA: 0s - loss: 1.5042 - accuracy: 0.4733
56/98 [================>.............] - ETA: 0s - loss: 1.5052 - accuracy: 0.4734
59/98 [=================>............] - ETA: 0s - loss: 1.5046 - accuracy: 0.4730
63/98 [==================>...........] - ETA: 0s - loss: 1.5043 - accuracy: 0.4734
67/98 [===================>..........] - ETA: 0s - loss: 1.5054 - accuracy: 0.4733
71/98 [====================>.........] - ETA: 0s - loss: 1.5066 - accuracy: 0.4728
75/98 [=====================>........] - ETA: 0s - loss: 1.5055 - accuracy: 0.4740
79/98 [=======================>......] - ETA: 0s - loss: 1.5057 - accuracy: 0.4742
83/98 [========================>.....] - ETA: 0s - loss: 1.5054 - accuracy: 0.4743
87/98 [=========================>....] - ETA: 0s - loss: 1.5051 - accuracy: 0.4744
91/98 [==========================>...] - ETA: 0s - loss: 1.5062 - accuracy: 0.4740
95/98 [============================>.] - ETA: 0s - loss: 1.5061 - accuracy: 0.4741
98/98 [==============================] - 2s 21ms/step - loss: 1.5044 - accuracy: 0.4748 - val_loss: 1.4905 - val_accuracy: 0.4873
Epoch 8/76

 1/98 [..............................] - ETA: 3s - loss: 1.4625 - accuracy: 0.5039
 5/98 [>.............................] - ETA: 1s - loss: 1.4894 - accuracy: 0.4742
 9/98 [=>............................] - ETA: 1s - loss: 1.4828 - accuracy: 0.4772
13/98 [==>...........................] - ETA: 1s - loss: 1.4868 - accuracy: 0.4757
16/98 [===>..........................] - ETA: 1s - loss: 1.4882 - accuracy: 0.4772
20/98 [=====>........................] - ETA: 1s - loss: 1.4888 - accuracy: 0.4771
24/98 [======>.......................] - ETA: 1s - loss: 1.4829 - accuracy: 0.4810
28/98 [=======>......................] - ETA: 1s - loss: 1.4782 - accuracy: 0.4821
31/98 [========>.....................] - ETA: 1s - loss: 1.4776 - accuracy: 0.4841
35/98 [=========>....................] - ETA: 1s - loss: 1.4748 - accuracy: 0.4841
39/98 [==========>...................] - ETA: 0s - loss: 1.4737 - accuracy: 0.4853
43/98 [============>.................] - ETA: 0s - loss: 1.4725 - accuracy: 0.4858
46/98 [=============>................] - ETA: 0s - loss: 1.4704 - accuracy: 0.4867
49/98 [==============>...............] - ETA: 0s - loss: 1.4686 - accuracy: 0.4876
52/98 [==============>...............] - ETA: 0s - loss: 1.4690 - accuracy: 0.4889
56/98 [================>.............] - ETA: 0s - loss: 1.4720 - accuracy: 0.4877
60/98 [=================>............] - ETA: 0s - loss: 1.4734 - accuracy: 0.4874
64/98 [==================>...........] - ETA: 0s - loss: 1.4740 - accuracy: 0.4878
68/98 [===================>..........] - ETA: 0s - loss: 1.4735 - accuracy: 0.4880
72/98 [=====================>........] - ETA: 0s - loss: 1.4732 - accuracy: 0.4877
76/98 [======================>.......] - ETA: 0s - loss: 1.4734 - accuracy: 0.4877
80/98 [=======================>......] - ETA: 0s - loss: 1.4720 - accuracy: 0.4882
84/98 [========================>.....] - ETA: 0s - loss: 1.4717 - accuracy: 0.4886
87/98 [=========================>....] - ETA: 0s - loss: 1.4699 - accuracy: 0.4890
91/98 [==========================>...] - ETA: 0s - loss: 1.4691 - accuracy: 0.4893
95/98 [============================>.] - ETA: 0s - loss: 1.4684 - accuracy: 0.4889
98/98 [==============================] - ETA: 0s - loss: 1.4685 - accuracy: 0.4885
98/98 [==============================] - 2s 21ms/step - loss: 1.4685 - accuracy: 0.4885 - val_loss: 1.4469 - val_accuracy: 0.4996
Epoch 9/76

 1/98 [..............................] - ETA: 3s - loss: 1.4184 - accuracy: 0.4883
 5/98 [>.............................] - ETA: 1s - loss: 1.4501 - accuracy: 0.4832
 8/98 [=>............................] - ETA: 1s - loss: 1.4566 - accuracy: 0.4844
12/98 [==>...........................] - ETA: 1s - loss: 1.4577 - accuracy: 0.4854
16/98 [===>..........................] - ETA: 1s - loss: 1.4543 - accuracy: 0.4854
19/98 [====>.........................] - ETA: 1s - loss: 1.4505 - accuracy: 0.4883
23/98 [======>.......................] - ETA: 1s - loss: 1.4463 - accuracy: 0.4892
27/98 [=======>......................] - ETA: 1s - loss: 1.4496 - accuracy: 0.4902
31/98 [========>.....................] - ETA: 1s - loss: 1.4469 - accuracy: 0.4904
35/98 [=========>....................] - ETA: 1s - loss: 1.4465 - accuracy: 0.4913
38/98 [==========>...................] - ETA: 0s - loss: 1.4497 - accuracy: 0.4897
42/98 [===========>..................] - ETA: 0s - loss: 1.4468 - accuracy: 0.4928
46/98 [=============>................] - ETA: 0s - loss: 1.4446 - accuracy: 0.4926
50/98 [==============>...............] - ETA: 0s - loss: 1.4460 - accuracy: 0.4924
53/98 [===============>..............] - ETA: 0s - loss: 1.4459 - accuracy: 0.4922
57/98 [================>.............] - ETA: 0s - loss: 1.4449 - accuracy: 0.4926
61/98 [=================>............] - ETA: 0s - loss: 1.4461 - accuracy: 0.4928
65/98 [==================>...........] - ETA: 0s - loss: 1.4444 - accuracy: 0.4931
69/98 [====================>.........] - ETA: 0s - loss: 1.4452 - accuracy: 0.4934
73/98 [=====================>........] - ETA: 0s - loss: 1.4455 - accuracy: 0.4933
77/98 [======================>.......] - ETA: 0s - loss: 1.4452 - accuracy: 0.4938
81/98 [=======================>......] - ETA: 0s - loss: 1.4436 - accuracy: 0.4943
85/98 [=========================>....] - ETA: 0s - loss: 1.4443 - accuracy: 0.4944
88/98 [=========================>....] - ETA: 0s - loss: 1.4442 - accuracy: 0.4942
92/98 [===========================>..] - ETA: 0s - loss: 1.4439 - accuracy: 0.4944
96/98 [============================>.] - ETA: 0s - loss: 1.4415 - accuracy: 0.4963
98/98 [==============================] - 2s 21ms/step - loss: 1.4401 - accuracy: 0.4974 - val_loss: 1.4202 - val_accuracy: 0.5059
Epoch 10/76

 1/98 [..............................] - ETA: 3s - loss: 1.3799 - accuracy: 0.5215
 5/98 [>.............................] - ETA: 1s - loss: 1.3890 - accuracy: 0.5188
 8/98 [=>............................] - ETA: 1s - loss: 1.4013 - accuracy: 0.5146
12/98 [==>...........................] - ETA: 1s - loss: 1.4097 - accuracy: 0.5094
16/98 [===>..........................] - ETA: 1s - loss: 1.4205 - accuracy: 0.5062
20/98 [=====>........................] - ETA: 1s - loss: 1.4235 - accuracy: 0.5071
23/98 [======>.......................] - ETA: 1s - loss: 1.4209 - accuracy: 0.5075
27/98 [=======>......................] - ETA: 1s - loss: 1.4197 - accuracy: 0.5077
31/98 [========>.....................] - ETA: 1s - loss: 1.4226 - accuracy: 0.5076
35/98 [=========>....................] - ETA: 1s - loss: 1.4228 - accuracy: 0.5075
38/98 [==========>...................] - ETA: 1s - loss: 1.4226 - accuracy: 0.5067
42/98 [===========>..................] - ETA: 0s - loss: 1.4213 - accuracy: 0.5066
46/98 [=============>................] - ETA: 0s - loss: 1.4201 - accuracy: 0.5068
50/98 [==============>...............] - ETA: 0s - loss: 1.4187 - accuracy: 0.5064
53/98 [===============>..............] - ETA: 0s - loss: 1.4194 - accuracy: 0.5061
57/98 [================>.............] - ETA: 0s - loss: 1.4187 - accuracy: 0.5053
61/98 [=================>............] - ETA: 0s - loss: 1.4175 - accuracy: 0.5060
65/98 [==================>...........] - ETA: 0s - loss: 1.4174 - accuracy: 0.5067
68/98 [===================>..........] - ETA: 0s - loss: 1.4171 - accuracy: 0.5065
73/98 [=====================>........] - ETA: 0s - loss: 1.4175 - accuracy: 0.5062
77/98 [======================>.......] - ETA: 0s - loss: 1.4181 - accuracy: 0.5059
81/98 [=======================>......] - ETA: 0s - loss: 1.4167 - accuracy: 0.5064
85/98 [=========================>....] - ETA: 0s - loss: 1.4181 - accuracy: 0.5063
88/98 [=========================>....] - ETA: 0s - loss: 1.4183 - accuracy: 0.5061
92/98 [===========================>..] - ETA: 0s - loss: 1.4182 - accuracy: 0.5067
96/98 [============================>.] - ETA: 0s - loss: 1.4155 - accuracy: 0.5077
98/98 [==============================] - 2s 21ms/step - loss: 1.4145 - accuracy: 0.5077 - val_loss: 1.3923 - val_accuracy: 0.5179
Epoch 11/76

 1/98 [..............................] - ETA: 3s - loss: 1.3982 - accuracy: 0.5059
 5/98 [>.............................] - ETA: 1s - loss: 1.3938 - accuracy: 0.5113
 9/98 [=>............................] - ETA: 1s - loss: 1.3948 - accuracy: 0.5178
13/98 [==>...........................] - ETA: 1s - loss: 1.3977 - accuracy: 0.5168
16/98 [===>..........................] - ETA: 1s - loss: 1.3892 - accuracy: 0.5208
20/98 [=====>........................] - ETA: 1s - loss: 1.3933 - accuracy: 0.5181
24/98 [======>.......................] - ETA: 1s - loss: 1.3977 - accuracy: 0.5147
27/98 [=======>......................] - ETA: 1s - loss: 1.3971 - accuracy: 0.5156
31/98 [========>.....................] - ETA: 1s - loss: 1.3934 - accuracy: 0.5183
35/98 [=========>....................] - ETA: 1s - loss: 1.3953 - accuracy: 0.5169
39/98 [==========>...................] - ETA: 0s - loss: 1.3965 - accuracy: 0.5160
43/98 [============>.................] - ETA: 0s - loss: 1.3949 - accuracy: 0.5160
47/98 [=============>................] - ETA: 0s - loss: 1.3915 - accuracy: 0.5170
51/98 [==============>...............] - ETA: 0s - loss: 1.3916 - accuracy: 0.5170
55/98 [===============>..............] - ETA: 0s - loss: 1.3938 - accuracy: 0.5162
59/98 [=================>............] - ETA: 0s - loss: 1.3946 - accuracy: 0.5156
62/98 [=================>............] - ETA: 0s - loss: 1.3936 - accuracy: 0.5150
66/98 [===================>..........] - ETA: 0s - loss: 1.3941 - accuracy: 0.5146
70/98 [====================>.........] - ETA: 0s - loss: 1.3934 - accuracy: 0.5149
74/98 [=====================>........] - ETA: 0s - loss: 1.3924 - accuracy: 0.5150
78/98 [======================>.......] - ETA: 0s - loss: 1.3913 - accuracy: 0.5150
82/98 [========================>.....] - ETA: 0s - loss: 1.3910 - accuracy: 0.5148
86/98 [=========================>....] - ETA: 0s - loss: 1.3898 - accuracy: 0.5161
90/98 [==========================>...] - ETA: 0s - loss: 1.3894 - accuracy: 0.5162
94/98 [===========================>..] - ETA: 0s - loss: 1.3894 - accuracy: 0.5160
98/98 [==============================] - ETA: 0s - loss: 1.3902 - accuracy: 0.5156
98/98 [==============================] - 2s 21ms/step - loss: 1.3902 - accuracy: 0.5156 - val_loss: 1.3728 - val_accuracy: 0.5240
Epoch 12/76

 1/98 [..............................] - ETA: 3s - loss: 1.3277 - accuracy: 0.5234
 4/98 [>.............................] - ETA: 1s - loss: 1.3690 - accuracy: 0.5220
 8/98 [=>............................] - ETA: 1s - loss: 1.3735 - accuracy: 0.5142
12/98 [==>...........................] - ETA: 1s - loss: 1.3916 - accuracy: 0.5085
16/98 [===>..........................] - ETA: 1s - loss: 1.3842 - accuracy: 0.5132
19/98 [====>.........................] - ETA: 1s - loss: 1.3802 - accuracy: 0.5166
23/98 [======>.......................] - ETA: 1s - loss: 1.3796 - accuracy: 0.5160
27/98 [=======>......................] - ETA: 1s - loss: 1.3835 - accuracy: 0.5143
31/98 [========>.....................] - ETA: 1s - loss: 1.3861 - accuracy: 0.5146
34/98 [=========>....................] - ETA: 1s - loss: 1.3801 - accuracy: 0.5165
38/98 [==========>...................] - ETA: 1s - loss: 1.3801 - accuracy: 0.5162
42/98 [===========>..................] - ETA: 0s - loss: 1.3807 - accuracy: 0.5171
45/98 [============>.................] - ETA: 0s - loss: 1.3791 - accuracy: 0.5177
49/98 [==============>...............] - ETA: 0s - loss: 1.3793 - accuracy: 0.5165
53/98 [===============>..............] - ETA: 0s - loss: 1.3764 - accuracy: 0.5178
57/98 [================>.............] - ETA: 0s - loss: 1.3746 - accuracy: 0.5187
61/98 [=================>............] - ETA: 0s - loss: 1.3725 - accuracy: 0.5204
65/98 [==================>...........] - ETA: 0s - loss: 1.3719 - accuracy: 0.5208
68/98 [===================>..........] - ETA: 0s - loss: 1.3724 - accuracy: 0.5208
72/98 [=====================>........] - ETA: 0s - loss: 1.3705 - accuracy: 0.5223
76/98 [======================>.......] - ETA: 0s - loss: 1.3684 - accuracy: 0.5229
79/98 [=======================>......] - ETA: 0s - loss: 1.3679 - accuracy: 0.5234
83/98 [========================>.....] - ETA: 0s - loss: 1.3669 - accuracy: 0.5236
87/98 [=========================>....] - ETA: 0s - loss: 1.3667 - accuracy: 0.5244
91/98 [==========================>...] - ETA: 0s - loss: 1.3659 - accuracy: 0.5246
94/98 [===========================>..] - ETA: 0s - loss: 1.3661 - accuracy: 0.5251
98/98 [==============================] - ETA: 0s - loss: 1.3666 - accuracy: 0.5247
98/98 [==============================] - 2s 21ms/step - loss: 1.3666 - accuracy: 0.5247 - val_loss: 1.3544 - val_accuracy: 0.5286
Epoch 13/76

 1/98 [..............................] - ETA: 3s - loss: 1.3423 - accuracy: 0.5488
 5/98 [>.............................] - ETA: 1s - loss: 1.3210 - accuracy: 0.5508
 8/98 [=>............................] - ETA: 1s - loss: 1.3316 - accuracy: 0.5410
12/98 [==>...........................] - ETA: 1s - loss: 1.3472 - accuracy: 0.5324
16/98 [===>..........................] - ETA: 1s - loss: 1.3503 - accuracy: 0.5283
20/98 [=====>........................] - ETA: 1s - loss: 1.3526 - accuracy: 0.5275
24/98 [======>.......................] - ETA: 1s - loss: 1.3484 - accuracy: 0.5299
28/98 [=======>......................] - ETA: 1s - loss: 1.3503 - accuracy: 0.5292
32/98 [========>.....................] - ETA: 1s - loss: 1.3471 - accuracy: 0.5297
36/98 [==========>...................] - ETA: 1s - loss: 1.3484 - accuracy: 0.5297
39/98 [==========>...................] - ETA: 0s - loss: 1.3488 - accuracy: 0.5287
43/98 [============>.................] - ETA: 0s - loss: 1.3470 - accuracy: 0.5296
47/98 [=============>................] - ETA: 0s - loss: 1.3468 - accuracy: 0.5303
51/98 [==============>...............] - ETA: 0s - loss: 1.3453 - accuracy: 0.5308
54/98 [===============>..............] - ETA: 0s - loss: 1.3449 - accuracy: 0.5306
58/98 [================>.............] - ETA: 0s - loss: 1.3419 - accuracy: 0.5316
62/98 [=================>............] - ETA: 0s - loss: 1.3431 - accuracy: 0.5319
66/98 [===================>..........] - ETA: 0s - loss: 1.3454 - accuracy: 0.5317
69/98 [====================>.........] - ETA: 0s - loss: 1.3453 - accuracy: 0.5320
73/98 [=====================>........] - ETA: 0s - loss: 1.3481 - accuracy: 0.5307
77/98 [======================>.......] - ETA: 0s - loss: 1.3458 - accuracy: 0.5309
81/98 [=======================>......] - ETA: 0s - loss: 1.3460 - accuracy: 0.5303
85/98 [=========================>....] - ETA: 0s - loss: 1.3450 - accuracy: 0.5312
88/98 [=========================>....] - ETA: 0s - loss: 1.3452 - accuracy: 0.5315
92/98 [===========================>..] - ETA: 0s - loss: 1.3455 - accuracy: 0.5313
96/98 [============================>.] - ETA: 0s - loss: 1.3455 - accuracy: 0.5311
98/98 [==============================] - 2s 21ms/step - loss: 1.3460 - accuracy: 0.5310 - val_loss: 1.3383 - val_accuracy: 0.5338
Epoch 14/76

 1/98 [..............................] - ETA: 3s - loss: 1.3124 - accuracy: 0.5488
 5/98 [>.............................] - ETA: 1s - loss: 1.2907 - accuracy: 0.5598
 9/98 [=>............................] - ETA: 1s - loss: 1.2957 - accuracy: 0.5514
12/98 [==>...........................] - ETA: 1s - loss: 1.3124 - accuracy: 0.5443
16/98 [===>..........................] - ETA: 1s - loss: 1.3243 - accuracy: 0.5366
20/98 [=====>........................] - ETA: 1s - loss: 1.3288 - accuracy: 0.5345
24/98 [======>.......................] - ETA: 1s - loss: 1.3343 - accuracy: 0.5332
28/98 [=======>......................] - ETA: 1s - loss: 1.3379 - accuracy: 0.5310
31/98 [========>.....................] - ETA: 1s - loss: 1.3364 - accuracy: 0.5316
35/98 [=========>....................] - ETA: 1s - loss: 1.3357 - accuracy: 0.5326
39/98 [==========>...................] - ETA: 0s - loss: 1.3353 - accuracy: 0.5348
43/98 [============>.................] - ETA: 0s - loss: 1.3334 - accuracy: 0.5355
46/98 [=============>................] - ETA: 0s - loss: 1.3347 - accuracy: 0.5347
50/98 [==============>...............] - ETA: 0s - loss: 1.3353 - accuracy: 0.5357
54/98 [===============>..............] - ETA: 0s - loss: 1.3330 - accuracy: 0.5372
58/98 [================>.............] - ETA: 0s - loss: 1.3318 - accuracy: 0.5377
61/98 [=================>............] - ETA: 0s - loss: 1.3315 - accuracy: 0.5377
65/98 [==================>...........] - ETA: 0s - loss: 1.3317 - accuracy: 0.5373
69/98 [====================>.........] - ETA: 0s - loss: 1.3317 - accuracy: 0.5373
73/98 [=====================>........] - ETA: 0s - loss: 1.3302 - accuracy: 0.5378
77/98 [======================>.......] - ETA: 0s - loss: 1.3293 - accuracy: 0.5383
81/98 [=======================>......] - ETA: 0s - loss: 1.3264 - accuracy: 0.5393
85/98 [=========================>....] - ETA: 0s - loss: 1.3251 - accuracy: 0.5395
89/98 [==========================>...] - ETA: 0s - loss: 1.3256 - accuracy: 0.5389
93/98 [===========================>..] - ETA: 0s - loss: 1.3282 - accuracy: 0.5375
97/98 [============================>.] - ETA: 0s - loss: 1.3282 - accuracy: 0.5376
98/98 [==============================] - 2s 21ms/step - loss: 1.3278 - accuracy: 0.5374 - val_loss: 1.3214 - val_accuracy: 0.5421
Epoch 15/76

 1/98 [..............................] - ETA: 3s - loss: 1.3203 - accuracy: 0.5508
 5/98 [>.............................] - ETA: 1s - loss: 1.3556 - accuracy: 0.5332
 9/98 [=>............................] - ETA: 1s - loss: 1.3322 - accuracy: 0.5339
13/98 [==>...........................] - ETA: 1s - loss: 1.3370 - accuracy: 0.5288
17/98 [====>.........................] - ETA: 1s - loss: 1.3327 - accuracy: 0.5315
21/98 [=====>........................] - ETA: 1s - loss: 1.3288 - accuracy: 0.5358
25/98 [======>.......................] - ETA: 1s - loss: 1.3324 - accuracy: 0.5336
29/98 [=======>......................] - ETA: 1s - loss: 1.3272 - accuracy: 0.5362
33/98 [=========>....................] - ETA: 1s - loss: 1.3256 - accuracy: 0.5370
37/98 [==========>...................] - ETA: 1s - loss: 1.3216 - accuracy: 0.5389
41/98 [===========>..................] - ETA: 0s - loss: 1.3196 - accuracy: 0.5395
44/98 [============>.................] - ETA: 0s - loss: 1.3174 - accuracy: 0.5403
48/98 [=============>................] - ETA: 0s - loss: 1.3168 - accuracy: 0.5408
52/98 [==============>...............] - ETA: 0s - loss: 1.3146 - accuracy: 0.5424
56/98 [================>.............] - ETA: 0s - loss: 1.3144 - accuracy: 0.5424
60/98 [=================>............] - ETA: 0s - loss: 1.3141 - accuracy: 0.5420
64/98 [==================>...........] - ETA: 0s - loss: 1.3161 - accuracy: 0.5410
68/98 [===================>..........] - ETA: 0s - loss: 1.3151 - accuracy: 0.5420
72/98 [=====================>........] - ETA: 0s - loss: 1.3153 - accuracy: 0.5418
76/98 [======================>.......] - ETA: 0s - loss: 1.3149 - accuracy: 0.5414
80/98 [=======================>......] - ETA: 0s - loss: 1.3135 - accuracy: 0.5420
84/98 [========================>.....] - ETA: 0s - loss: 1.3133 - accuracy: 0.5423
87/98 [=========================>....] - ETA: 0s - loss: 1.3142 - accuracy: 0.5423
91/98 [==========================>...] - ETA: 0s - loss: 1.3134 - accuracy: 0.5424
95/98 [============================>.] - ETA: 0s - loss: 1.3118 - accuracy: 0.5431
98/98 [==============================] - 2s 21ms/step - loss: 1.3108 - accuracy: 0.5437 - val_loss: 1.3026 - val_accuracy: 0.5502
Epoch 16/76

 1/98 [..............................] - ETA: 3s - loss: 1.2681 - accuracy: 0.5723
 4/98 [>.............................] - ETA: 1s - loss: 1.2697 - accuracy: 0.5620
 8/98 [=>............................] - ETA: 1s - loss: 1.2794 - accuracy: 0.5574
12/98 [==>...........................] - ETA: 1s - loss: 1.2831 - accuracy: 0.5553
16/98 [===>..........................] - ETA: 1s - loss: 1.2834 - accuracy: 0.5508
20/98 [=====>........................] - ETA: 1s - loss: 1.2836 - accuracy: 0.5508
24/98 [======>.......................] - ETA: 1s - loss: 1.2858 - accuracy: 0.5505
28/98 [=======>......................] - ETA: 1s - loss: 1.2872 - accuracy: 0.5491
32/98 [========>.....................] - ETA: 1s - loss: 1.2882 - accuracy: 0.5497
35/98 [=========>....................] - ETA: 1s - loss: 1.2874 - accuracy: 0.5513
39/98 [==========>...................] - ETA: 0s - loss: 1.2894 - accuracy: 0.5512
43/98 [============>.................] - ETA: 0s - loss: 1.2923 - accuracy: 0.5511
47/98 [=============>................] - ETA: 0s - loss: 1.2949 - accuracy: 0.5504
51/98 [==============>...............] - ETA: 0s - loss: 1.2948 - accuracy: 0.5500
54/98 [===============>..............] - ETA: 0s - loss: 1.2950 - accuracy: 0.5495
58/98 [================>.............] - ETA: 0s - loss: 1.2946 - accuracy: 0.5497
62/98 [=================>............] - ETA: 0s - loss: 1.2932 - accuracy: 0.5503
66/98 [===================>..........] - ETA: 0s - loss: 1.2929 - accuracy: 0.5502
69/98 [====================>.........] - ETA: 0s - loss: 1.2934 - accuracy: 0.5500
73/98 [=====================>........] - ETA: 0s - loss: 1.2937 - accuracy: 0.5506
77/98 [======================>.......] - ETA: 0s - loss: 1.2941 - accuracy: 0.5513
81/98 [=======================>......] - ETA: 0s - loss: 1.2932 - accuracy: 0.5514
84/98 [========================>.....] - ETA: 0s - loss: 1.2920 - accuracy: 0.5516
88/98 [=========================>....] - ETA: 0s - loss: 1.2908 - accuracy: 0.5516
92/98 [===========================>..] - ETA: 0s - loss: 1.2899 - accuracy: 0.5522
96/98 [============================>.] - ETA: 0s - loss: 1.2906 - accuracy: 0.5520
98/98 [==============================] - 2s 21ms/step - loss: 1.2899 - accuracy: 0.5524 - val_loss: 1.2907 - val_accuracy: 0.5515
Epoch 17/76

 1/98 [..............................] - ETA: 3s - loss: 1.2530 - accuracy: 0.5586
 5/98 [>.............................] - ETA: 1s - loss: 1.2608 - accuracy: 0.5547
 9/98 [=>............................] - ETA: 1s - loss: 1.2588 - accuracy: 0.5614
13/98 [==>...........................] - ETA: 1s - loss: 1.2753 - accuracy: 0.5575
16/98 [===>..........................] - ETA: 1s - loss: 1.2714 - accuracy: 0.5585
