2024-06-26 19:41:01.810193: I tensorflow/core/platform/cpu_feature_guard.cc:193] This TensorFlow binary is optimized with oneAPI Deep Neural Network Library (oneDNN) to use the following CPU instructions in performance-critical operations:  AVX AVX2
To enable them in other operations, rebuild TensorFlow with the appropriate compiler flags.
2024-06-26 19:41:02.486352: I tensorflow/core/common_runtime/gpu/gpu_device.cc:1616] Created device /job:localhost/replica:0/task:0/device:GPU:0 with 6656 MB memory:  -> device: 0, name: NVIDIA GeForce RTX 4060 Ti, pci bus id: 0000:01:00.0, compute capability: 8.9
1 Physical GPUs, 1 Logical GPUs
Model: "sequential"
_________________________________________________________________
 Layer (type)                Output Shape              Param #   
=================================================================
 conv2d (Conv2D)             (None, 32, 32, 32)        896       
                                                                 
 max_pooling2d (MaxPooling2D  (None, 16, 16, 32)       0         
 )                                                               
                                                                 
 batch_normalization (BatchN  (None, 16, 16, 32)       128       
 ormalization)                                                   
                                                                 
 conv2d_1 (Conv2D)           (None, 16, 16, 128)       36992     
                                                                 
 dropout (Dropout)           (None, 16, 16, 128)       0         
                                                                 
 flatten (Flatten)           (None, 32768)             0         
                                                                 
 dense (Dense)               (None, 10)                327690    
                                                                 
=================================================================
Total params: 365,706
Trainable params: 365,642
Non-trainable params: 64
_________________________________________________________________
Taxa de aprendizado:  1e-05 Num de épocas:  76 Tamanho do lote:  512 Dropout:  0.20741
Epoch 1/76
2024-06-26 19:41:03.884759: I tensorflow/stream_executor/cuda/cuda_dnn.cc:384] Loaded cuDNN version 8100
2024-06-26 19:41:04.863072: W tensorflow/stream_executor/gpu/redzone_allocator.cc:314] INTERNAL: ptxas exited with non-zero error code -1, output: 
Relying on driver to perform ptx compilation. 
Modify $PATH to customize ptxas location.
This message will be only logged once.
2024-06-26 19:41:05.887636: I tensorflow/stream_executor/cuda/cuda_blas.cc:1614] TensorFloat-32 will be used for the matrix multiplication. This will only be logged once.

 1/98 [..............................] - ETA: 5:42 - loss: 2.4374 - accuracy: 0.1016
 3/98 [..............................] - ETA: 3s - loss: 2.4150 - accuracy: 0.1048  
 6/98 [>.............................] - ETA: 2s - loss: 2.3882 - accuracy: 0.1123
 8/98 [=>............................] - ETA: 2s - loss: 2.3675 - accuracy: 0.1211
 9/98 [=>............................] - ETA: 5s - loss: 2.3655 - accuracy: 0.1203
12/98 [==>...........................] - ETA: 4s - loss: 2.3455 - accuracy: 0.1268
15/98 [===>..........................] - ETA: 3s - loss: 2.3266 - accuracy: 0.1346
17/98 [====>.........................] - ETA: 3s - loss: 2.3151 - accuracy: 0.1400
20/98 [=====>........................] - ETA: 3s - loss: 2.3020 - accuracy: 0.1449
23/98 [======>.......................] - ETA: 2s - loss: 2.2900 - accuracy: 0.1498
26/98 [======>.......................] - ETA: 2s - loss: 2.2765 - accuracy: 0.1563
28/98 [=======>......................] - ETA: 2s - loss: 2.2667 - accuracy: 0.1611
30/98 [========>.....................] - ETA: 2s - loss: 2.2592 - accuracy: 0.1641
33/98 [=========>....................] - ETA: 2s - loss: 2.2480 - accuracy: 0.1692
35/98 [=========>....................] - ETA: 2s - loss: 2.2412 - accuracy: 0.1725
38/98 [==========>...................] - ETA: 2s - loss: 2.2306 - accuracy: 0.1782
41/98 [===========>..................] - ETA: 1s - loss: 2.2226 - accuracy: 0.1819
43/98 [============>.................] - ETA: 1s - loss: 2.2165 - accuracy: 0.1851
46/98 [=============>................] - ETA: 1s - loss: 2.2082 - accuracy: 0.1895
48/98 [=============>................] - ETA: 1s - loss: 2.2026 - accuracy: 0.1918
51/98 [==============>...............] - ETA: 1s - loss: 2.1939 - accuracy: 0.1954
54/98 [===============>..............] - ETA: 1s - loss: 2.1846 - accuracy: 0.1990
56/98 [================>.............] - ETA: 1s - loss: 2.1793 - accuracy: 0.2012
59/98 [=================>............] - ETA: 1s - loss: 2.1740 - accuracy: 0.2038
62/98 [=================>............] - ETA: 1s - loss: 2.1668 - accuracy: 0.2077
65/98 [==================>...........] - ETA: 1s - loss: 2.1594 - accuracy: 0.2120
67/98 [===================>..........] - ETA: 0s - loss: 2.1549 - accuracy: 0.2143
70/98 [====================>.........] - ETA: 0s - loss: 2.1480 - accuracy: 0.2173
73/98 [=====================>........] - ETA: 0s - loss: 2.1411 - accuracy: 0.2202
76/98 [======================>.......] - ETA: 0s - loss: 2.1353 - accuracy: 0.2226
78/98 [======================>.......] - ETA: 0s - loss: 2.1317 - accuracy: 0.2248
81/98 [=======================>......] - ETA: 0s - loss: 2.1256 - accuracy: 0.2275
84/98 [========================>.....] - ETA: 0s - loss: 2.1200 - accuracy: 0.2304
87/98 [=========================>....] - ETA: 0s - loss: 2.1138 - accuracy: 0.2333
90/98 [==========================>...] - ETA: 0s - loss: 2.1084 - accuracy: 0.2358
92/98 [===========================>..] - ETA: 0s - loss: 2.1053 - accuracy: 0.2374
95/98 [============================>.] - ETA: 0s - loss: 2.1005 - accuracy: 0.2398
98/98 [==============================] - ETA: 0s - loss: 2.0960 - accuracy: 0.2419
98/98 [==============================] - 8s 42ms/step - loss: 2.0960 - accuracy: 0.2419 - val_loss: 2.2109 - val_accuracy: 0.2317
Epoch 2/76

 1/98 [..............................] - ETA: 6s - loss: 1.9764 - accuracy: 0.2715
 3/98 [..............................] - ETA: 4s - loss: 1.9573 - accuracy: 0.3138
 5/98 [>.............................] - ETA: 4s - loss: 1.9296 - accuracy: 0.3195
 7/98 [=>............................] - ETA: 4s - loss: 1.9300 - accuracy: 0.3147
 9/98 [=>............................] - ETA: 3s - loss: 1.9249 - accuracy: 0.3159
11/98 [==>...........................] - ETA: 3s - loss: 1.9186 - accuracy: 0.3173
13/98 [==>...........................] - ETA: 3s - loss: 1.9201 - accuracy: 0.3164
15/98 [===>..........................] - ETA: 3s - loss: 1.9200 - accuracy: 0.3186
17/98 [====>.........................] - ETA: 3s - loss: 1.9172 - accuracy: 0.3208
19/98 [====>.........................] - ETA: 3s - loss: 1.9166 - accuracy: 0.3198
21/98 [=====>........................] - ETA: 3s - loss: 1.9138 - accuracy: 0.3217
23/98 [======>.......................] - ETA: 3s - loss: 1.9100 - accuracy: 0.3241
25/98 [======>.......................] - ETA: 3s - loss: 1.9079 - accuracy: 0.3254
27/98 [=======>......................] - ETA: 2s - loss: 1.9048 - accuracy: 0.3266
29/98 [=======>......................] - ETA: 2s - loss: 1.9025 - accuracy: 0.3278
31/98 [========>.....................] - ETA: 2s - loss: 1.9027 - accuracy: 0.3279
33/98 [=========>....................] - ETA: 2s - loss: 1.8991 - accuracy: 0.3298
35/98 [=========>....................] - ETA: 2s - loss: 1.8958 - accuracy: 0.3314
37/98 [==========>...................] - ETA: 2s - loss: 1.8958 - accuracy: 0.3316
39/98 [==========>...................] - ETA: 2s - loss: 1.8949 - accuracy: 0.3313
41/98 [===========>..................] - ETA: 2s - loss: 1.8938 - accuracy: 0.3322
43/98 [============>.................] - ETA: 2s - loss: 1.8930 - accuracy: 0.3330
45/98 [============>.................] - ETA: 2s - loss: 1.8910 - accuracy: 0.3330
47/98 [=============>................] - ETA: 2s - loss: 1.8895 - accuracy: 0.3342
49/98 [==============>...............] - ETA: 1s - loss: 1.8887 - accuracy: 0.3339
51/98 [==============>...............] - ETA: 1s - loss: 1.8867 - accuracy: 0.3350
53/98 [===============>..............] - ETA: 1s - loss: 1.8840 - accuracy: 0.3361
55/98 [===============>..............] - ETA: 1s - loss: 1.8829 - accuracy: 0.3363
57/98 [================>.............] - ETA: 1s - loss: 1.8823 - accuracy: 0.3365
59/98 [=================>............] - ETA: 1s - loss: 1.8802 - accuracy: 0.3372
61/98 [=================>............] - ETA: 1s - loss: 1.8792 - accuracy: 0.3376
63/98 [==================>...........] - ETA: 1s - loss: 1.8772 - accuracy: 0.3384
65/98 [==================>...........] - ETA: 1s - loss: 1.8756 - accuracy: 0.3389
67/98 [===================>..........] - ETA: 1s - loss: 1.8733 - accuracy: 0.3400
69/98 [====================>.........] - ETA: 1s - loss: 1.8722 - accuracy: 0.3405
71/98 [====================>.........] - ETA: 1s - loss: 1.8705 - accuracy: 0.3413
73/98 [=====================>........] - ETA: 0s - loss: 1.8689 - accuracy: 0.3423
75/98 [=====================>........] - ETA: 0s - loss: 1.8676 - accuracy: 0.3426
77/98 [======================>.......] - ETA: 0s - loss: 1.8663 - accuracy: 0.3440
79/98 [=======================>......] - ETA: 0s - loss: 1.8652 - accuracy: 0.3442
81/98 [=======================>......] - ETA: 0s - loss: 1.8642 - accuracy: 0.3449
83/98 [========================>.....] - ETA: 0s - loss: 1.8628 - accuracy: 0.3460
85/98 [=========================>....] - ETA: 0s - loss: 1.8626 - accuracy: 0.3461
87/98 [=========================>....] - ETA: 0s - loss: 1.8620 - accuracy: 0.3464
89/98 [==========================>...] - ETA: 0s - loss: 1.8604 - accuracy: 0.3471
91/98 [==========================>...] - ETA: 0s - loss: 1.8591 - accuracy: 0.3476
93/98 [===========================>..] - ETA: 0s - loss: 1.8585 - accuracy: 0.3477
95/98 [============================>.] - ETA: 0s - loss: 1.8579 - accuracy: 0.3483
97/98 [============================>.] - ETA: 0s - loss: 1.8567 - accuracy: 0.3487
98/98 [==============================] - 4s 45ms/step - loss: 1.8563 - accuracy: 0.3487 - val_loss: 2.1016 - val_accuracy: 0.3559
Epoch 3/76

 1/98 [..............................] - ETA: 6s - loss: 1.7379 - accuracy: 0.3809
 3/98 [..............................] - ETA: 4s - loss: 1.8095 - accuracy: 0.3626
 5/98 [>.............................] - ETA: 4s - loss: 1.7786 - accuracy: 0.3660
 7/98 [=>............................] - ETA: 4s - loss: 1.7902 - accuracy: 0.3638
 9/98 [=>............................] - ETA: 4s - loss: 1.7946 - accuracy: 0.3598
11/98 [==>...........................] - ETA: 3s - loss: 1.7900 - accuracy: 0.3635
13/98 [==>...........................] - ETA: 3s - loss: 1.7892 - accuracy: 0.3655
15/98 [===>..........................] - ETA: 3s - loss: 1.7861 - accuracy: 0.3669
17/98 [====>.........................] - ETA: 3s - loss: 1.7771 - accuracy: 0.3699
19/98 [====>.........................] - ETA: 3s - loss: 1.7741 - accuracy: 0.3726
21/98 [=====>........................] - ETA: 3s - loss: 1.7701 - accuracy: 0.3755
23/98 [======>.......................] - ETA: 3s - loss: 1.7697 - accuracy: 0.3753
25/98 [======>.......................] - ETA: 3s - loss: 1.7648 - accuracy: 0.3769
27/98 [=======>......................] - ETA: 2s - loss: 1.7648 - accuracy: 0.3783
29/98 [=======>......................] - ETA: 2s - loss: 1.7623 - accuracy: 0.3794
31/98 [========>.....................] - ETA: 2s - loss: 1.7644 - accuracy: 0.3793
33/98 [=========>....................] - ETA: 2s - loss: 1.7615 - accuracy: 0.3805
35/98 [=========>....................] - ETA: 2s - loss: 1.7614 - accuracy: 0.3811
37/98 [==========>...................] - ETA: 2s - loss: 1.7620 - accuracy: 0.3806
39/98 [==========>...................] - ETA: 2s - loss: 1.7603 - accuracy: 0.3824
41/98 [===========>..................] - ETA: 2s - loss: 1.7596 - accuracy: 0.3826
43/98 [============>.................] - ETA: 2s - loss: 1.7596 - accuracy: 0.3836
45/98 [============>.................] - ETA: 2s - loss: 1.7593 - accuracy: 0.3835
47/98 [=============>................] - ETA: 2s - loss: 1.7572 - accuracy: 0.3852
49/98 [==============>...............] - ETA: 1s - loss: 1.7561 - accuracy: 0.3857
51/98 [==============>...............] - ETA: 1s - loss: 1.7521 - accuracy: 0.3875
53/98 [===============>..............] - ETA: 1s - loss: 1.7514 - accuracy: 0.3880
55/98 [===============>..............] - ETA: 1s - loss: 1.7506 - accuracy: 0.3886
57/98 [================>.............] - ETA: 1s - loss: 1.7505 - accuracy: 0.3882
59/98 [=================>............] - ETA: 1s - loss: 1.7504 - accuracy: 0.3879
61/98 [=================>............] - ETA: 1s - loss: 1.7485 - accuracy: 0.3886
63/98 [==================>...........] - ETA: 1s - loss: 1.7487 - accuracy: 0.3887
65/98 [==================>...........] - ETA: 1s - loss: 1.7479 - accuracy: 0.3892
67/98 [===================>..........] - ETA: 1s - loss: 1.7467 - accuracy: 0.3899
69/98 [====================>.........] - ETA: 1s - loss: 1.7464 - accuracy: 0.3895
71/98 [====================>.........] - ETA: 1s - loss: 1.7454 - accuracy: 0.3900
73/98 [=====================>........] - ETA: 0s - loss: 1.7450 - accuracy: 0.3911
75/98 [=====================>........] - ETA: 0s - loss: 1.7452 - accuracy: 0.3910
77/98 [======================>.......] - ETA: 0s - loss: 1.7450 - accuracy: 0.3907
79/98 [=======================>......] - ETA: 0s - loss: 1.7446 - accuracy: 0.3906
81/98 [=======================>......] - ETA: 0s - loss: 1.7439 - accuracy: 0.3910
83/98 [========================>.....] - ETA: 0s - loss: 1.7423 - accuracy: 0.3921
85/98 [=========================>....] - ETA: 0s - loss: 1.7411 - accuracy: 0.3930
87/98 [=========================>....] - ETA: 0s - loss: 1.7406 - accuracy: 0.3933
89/98 [==========================>...] - ETA: 0s - loss: 1.7406 - accuracy: 0.3934
91/98 [==========================>...] - ETA: 0s - loss: 1.7402 - accuracy: 0.3935
93/98 [===========================>..] - ETA: 0s - loss: 1.7399 - accuracy: 0.3936
95/98 [============================>.] - ETA: 0s - loss: 1.7398 - accuracy: 0.3937
97/98 [============================>.] - ETA: 0s - loss: 1.7384 - accuracy: 0.3938
98/98 [==============================] - 4s 44ms/step - loss: 1.7386 - accuracy: 0.3934 - val_loss: 1.9629 - val_accuracy: 0.3983
Epoch 4/76

 1/98 [..............................] - ETA: 6s - loss: 1.6675 - accuracy: 0.4238
 3/98 [..............................] - ETA: 4s - loss: 1.6692 - accuracy: 0.4316
 5/98 [>.............................] - ETA: 4s - loss: 1.6729 - accuracy: 0.4223
 7/98 [=>............................] - ETA: 4s - loss: 1.6565 - accuracy: 0.4305
 9/98 [=>............................] - ETA: 3s - loss: 1.6687 - accuracy: 0.4253
11/98 [==>...........................] - ETA: 3s - loss: 1.6700 - accuracy: 0.4228
13/98 [==>...........................] - ETA: 3s - loss: 1.6751 - accuracy: 0.4171
15/98 [===>..........................] - ETA: 3s - loss: 1.6709 - accuracy: 0.4191
17/98 [====>.........................] - ETA: 3s - loss: 1.6662 - accuracy: 0.4193
19/98 [====>.........................] - ETA: 3s - loss: 1.6701 - accuracy: 0.4165
21/98 [=====>........................] - ETA: 3s - loss: 1.6714 - accuracy: 0.4183
23/98 [======>.......................] - ETA: 3s - loss: 1.6742 - accuracy: 0.4186
25/98 [======>.......................] - ETA: 3s - loss: 1.6780 - accuracy: 0.4181
27/98 [=======>......................] - ETA: 2s - loss: 1.6779 - accuracy: 0.4163
29/98 [=======>......................] - ETA: 2s - loss: 1.6740 - accuracy: 0.4182
31/98 [========>.....................] - ETA: 2s - loss: 1.6710 - accuracy: 0.4199
33/98 [=========>....................] - ETA: 2s - loss: 1.6700 - accuracy: 0.4207
35/98 [=========>....................] - ETA: 2s - loss: 1.6691 - accuracy: 0.4206
37/98 [==========>...................] - ETA: 2s - loss: 1.6739 - accuracy: 0.4195
39/98 [==========>...................] - ETA: 2s - loss: 1.6738 - accuracy: 0.4201
41/98 [===========>..................] - ETA: 2s - loss: 1.6746 - accuracy: 0.4208
43/98 [============>.................] - ETA: 2s - loss: 1.6745 - accuracy: 0.4209
45/98 [============>.................] - ETA: 2s - loss: 1.6739 - accuracy: 0.4211
47/98 [=============>................] - ETA: 2s - loss: 1.6744 - accuracy: 0.4200
49/98 [==============>...............] - ETA: 1s - loss: 1.6735 - accuracy: 0.4203
51/98 [==============>...............] - ETA: 1s - loss: 1.6739 - accuracy: 0.4200
53/98 [===============>..............] - ETA: 1s - loss: 1.6734 - accuracy: 0.4207
55/98 [===============>..............] - ETA: 1s - loss: 1.6711 - accuracy: 0.4215
57/98 [================>.............] - ETA: 1s - loss: 1.6707 - accuracy: 0.4213
59/98 [=================>............] - ETA: 1s - loss: 1.6712 - accuracy: 0.4215
61/98 [=================>............] - ETA: 1s - loss: 1.6718 - accuracy: 0.4207
63/98 [==================>...........] - ETA: 1s - loss: 1.6709 - accuracy: 0.4211
65/98 [==================>...........] - ETA: 1s - loss: 1.6710 - accuracy: 0.4213
67/98 [===================>..........] - ETA: 1s - loss: 1.6707 - accuracy: 0.4205
69/98 [====================>.........] - ETA: 1s - loss: 1.6697 - accuracy: 0.4213
71/98 [====================>.........] - ETA: 1s - loss: 1.6678 - accuracy: 0.4217
73/98 [=====================>........] - ETA: 0s - loss: 1.6679 - accuracy: 0.4213
75/98 [=====================>........] - ETA: 0s - loss: 1.6680 - accuracy: 0.4210
77/98 [======================>.......] - ETA: 0s - loss: 1.6673 - accuracy: 0.4218
79/98 [=======================>......] - ETA: 0s - loss: 1.6673 - accuracy: 0.4213
81/98 [=======================>......] - ETA: 0s - loss: 1.6659 - accuracy: 0.4220
83/98 [========================>.....] - ETA: 0s - loss: 1.6652 - accuracy: 0.4222
85/98 [=========================>....] - ETA: 0s - loss: 1.6651 - accuracy: 0.4222
87/98 [=========================>....] - ETA: 0s - loss: 1.6638 - accuracy: 0.4222
89/98 [==========================>...] - ETA: 0s - loss: 1.6623 - accuracy: 0.4229
91/98 [==========================>...] - ETA: 0s - loss: 1.6614 - accuracy: 0.4232
93/98 [===========================>..] - ETA: 0s - loss: 1.6611 - accuracy: 0.4235
95/98 [============================>.] - ETA: 0s - loss: 1.6613 - accuracy: 0.4236
97/98 [============================>.] - ETA: 0s - loss: 1.6600 - accuracy: 0.4238
98/98 [==============================] - 4s 44ms/step - loss: 1.6594 - accuracy: 0.4242 - val_loss: 1.8104 - val_accuracy: 0.4253
Epoch 5/76

 1/98 [..............................] - ETA: 6s - loss: 1.6561 - accuracy: 0.4453
 3/98 [..............................] - ETA: 4s - loss: 1.6296 - accuracy: 0.4427
 5/98 [>.............................] - ETA: 4s - loss: 1.6360 - accuracy: 0.4320
 7/98 [=>............................] - ETA: 4s - loss: 1.6330 - accuracy: 0.4342
 9/98 [=>............................] - ETA: 3s - loss: 1.6298 - accuracy: 0.4358
11/98 [==>...........................] - ETA: 3s - loss: 1.6292 - accuracy: 0.4327
13/98 [==>...........................] - ETA: 3s - loss: 1.6244 - accuracy: 0.4378
15/98 [===>..........................] - ETA: 3s - loss: 1.6244 - accuracy: 0.4382
17/98 [====>.........................] - ETA: 3s - loss: 1.6251 - accuracy: 0.4378
19/98 [====>.........................] - ETA: 3s - loss: 1.6220 - accuracy: 0.4383
21/98 [=====>........................] - ETA: 3s - loss: 1.6201 - accuracy: 0.4373
23/98 [======>.......................] - ETA: 3s - loss: 1.6225 - accuracy: 0.4370
25/98 [======>.......................] - ETA: 3s - loss: 1.6238 - accuracy: 0.4363
27/98 [=======>......................] - ETA: 2s - loss: 1.6236 - accuracy: 0.4374
29/98 [=======>......................] - ETA: 2s - loss: 1.6233 - accuracy: 0.4367
31/98 [========>.....................] - ETA: 2s - loss: 1.6228 - accuracy: 0.4372
33/98 [=========>....................] - ETA: 2s - loss: 1.6244 - accuracy: 0.4364
35/98 [=========>....................] - ETA: 2s - loss: 1.6246 - accuracy: 0.4364
37/98 [==========>...................] - ETA: 2s - loss: 1.6260 - accuracy: 0.4364
39/98 [==========>...................] - ETA: 2s - loss: 1.6242 - accuracy: 0.4370
41/98 [===========>..................] - ETA: 2s - loss: 1.6236 - accuracy: 0.4368
43/98 [============>.................] - ETA: 2s - loss: 1.6248 - accuracy: 0.4355
45/98 [============>.................] - ETA: 2s - loss: 1.6219 - accuracy: 0.4367
47/98 [=============>................] - ETA: 2s - loss: 1.6213 - accuracy: 0.4367
49/98 [==============>...............] - ETA: 1s - loss: 1.6207 - accuracy: 0.4366
51/98 [==============>...............] - ETA: 1s - loss: 1.6187 - accuracy: 0.4371
53/98 [===============>..............] - ETA: 1s - loss: 1.6168 - accuracy: 0.4381
55/98 [===============>..............] - ETA: 1s - loss: 1.6163 - accuracy: 0.4385
57/98 [================>.............] - ETA: 1s - loss: 1.6169 - accuracy: 0.4375
59/98 [=================>............] - ETA: 1s - loss: 1.6154 - accuracy: 0.4381
61/98 [=================>............] - ETA: 1s - loss: 1.6151 - accuracy: 0.4380
63/98 [==================>...........] - ETA: 1s - loss: 1.6143 - accuracy: 0.4379
65/98 [==================>...........] - ETA: 1s - loss: 1.6130 - accuracy: 0.4390
67/98 [===================>..........] - ETA: 1s - loss: 1.6133 - accuracy: 0.4386
69/98 [====================>.........] - ETA: 1s - loss: 1.6132 - accuracy: 0.4387
71/98 [====================>.........] - ETA: 1s - loss: 1.6115 - accuracy: 0.4389
73/98 [=====================>........] - ETA: 0s - loss: 1.6098 - accuracy: 0.4394
75/98 [=====================>........] - ETA: 0s - loss: 1.6111 - accuracy: 0.4391
77/98 [======================>.......] - ETA: 0s - loss: 1.6099 - accuracy: 0.4397
79/98 [=======================>......] - ETA: 0s - loss: 1.6095 - accuracy: 0.4398
81/98 [=======================>......] - ETA: 0s - loss: 1.6099 - accuracy: 0.4394
83/98 [========================>.....] - ETA: 0s - loss: 1.6092 - accuracy: 0.4392
85/98 [=========================>....] - ETA: 0s - loss: 1.6078 - accuracy: 0.4398
87/98 [=========================>....] - ETA: 0s - loss: 1.6066 - accuracy: 0.4401
89/98 [==========================>...] - ETA: 0s - loss: 1.6044 - accuracy: 0.4412
91/98 [==========================>...] - ETA: 0s - loss: 1.6020 - accuracy: 0.4417
93/98 [===========================>..] - ETA: 0s - loss: 1.6012 - accuracy: 0.4420
95/98 [============================>.] - ETA: 0s - loss: 1.6014 - accuracy: 0.4418
97/98 [============================>.] - ETA: 0s - loss: 1.6009 - accuracy: 0.4420
98/98 [==============================] - 4s 44ms/step - loss: 1.6002 - accuracy: 0.4423 - val_loss: 1.6693 - val_accuracy: 0.4524
Epoch 6/76

 1/98 [..............................] - ETA: 6s - loss: 1.5579 - accuracy: 0.4434
 3/98 [..............................] - ETA: 4s - loss: 1.5334 - accuracy: 0.4655
 5/98 [>.............................] - ETA: 4s - loss: 1.5559 - accuracy: 0.4570
 7/98 [=>............................] - ETA: 4s - loss: 1.5547 - accuracy: 0.4643
 9/98 [=>............................] - ETA: 4s - loss: 1.5712 - accuracy: 0.4579
11/98 [==>...........................] - ETA: 3s - loss: 1.5702 - accuracy: 0.4547
13/98 [==>...........................] - ETA: 3s - loss: 1.5639 - accuracy: 0.4570
15/98 [===>..........................] - ETA: 3s - loss: 1.5664 - accuracy: 0.4538
17/98 [====>.........................] - ETA: 3s - loss: 1.5679 - accuracy: 0.4526
19/98 [====>.........................] - ETA: 3s - loss: 1.5629 - accuracy: 0.4561
21/98 [=====>........................] - ETA: 3s - loss: 1.5595 - accuracy: 0.4581
23/98 [======>.......................] - ETA: 3s - loss: 1.5610 - accuracy: 0.4590
25/98 [======>.......................] - ETA: 3s - loss: 1.5617 - accuracy: 0.4591
27/98 [=======>......................] - ETA: 3s - loss: 1.5608 - accuracy: 0.4588
29/98 [=======>......................] - ETA: 2s - loss: 1.5600 - accuracy: 0.4591
31/98 [========>.....................] - ETA: 2s - loss: 1.5596 - accuracy: 0.4580
33/98 [=========>....................] - ETA: 2s - loss: 1.5599 - accuracy: 0.4573
35/98 [=========>....................] - ETA: 2s - loss: 1.5617 - accuracy: 0.4566
37/98 [==========>...................] - ETA: 2s - loss: 1.5577 - accuracy: 0.4581
39/98 [==========>...................] - ETA: 2s - loss: 1.5558 - accuracy: 0.4589
41/98 [===========>..................] - ETA: 2s - loss: 1.5562 - accuracy: 0.4579
43/98 [============>.................] - ETA: 2s - loss: 1.5537 - accuracy: 0.4593
45/98 [============>.................] - ETA: 2s - loss: 1.5538 - accuracy: 0.4589
47/98 [=============>................] - ETA: 2s - loss: 1.5534 - accuracy: 0.4592
49/98 [==============>...............] - ETA: 1s - loss: 1.5564 - accuracy: 0.4581
51/98 [==============>...............] - ETA: 1s - loss: 1.5554 - accuracy: 0.4580
53/98 [===============>..............] - ETA: 1s - loss: 1.5550 - accuracy: 0.4581
55/98 [===============>..............] - ETA: 1s - loss: 1.5544 - accuracy: 0.4579
57/98 [================>.............] - ETA: 1s - loss: 1.5541 - accuracy: 0.4584
59/98 [=================>............] - ETA: 1s - loss: 1.5548 - accuracy: 0.4581
61/98 [=================>............] - ETA: 1s - loss: 1.5549 - accuracy: 0.4586
63/98 [==================>...........] - ETA: 1s - loss: 1.5553 - accuracy: 0.4585
65/98 [==================>...........] - ETA: 1s - loss: 1.5547 - accuracy: 0.4592
67/98 [===================>..........] - ETA: 1s - loss: 1.5534 - accuracy: 0.4594
69/98 [====================>.........] - ETA: 1s - loss: 1.5532 - accuracy: 0.4594
71/98 [====================>.........] - ETA: 1s - loss: 1.5544 - accuracy: 0.4590
74/98 [=====================>........] - ETA: 0s - loss: 1.5542 - accuracy: 0.4588
76/98 [======================>.......] - ETA: 0s - loss: 1.5548 - accuracy: 0.4588
78/98 [======================>.......] - ETA: 0s - loss: 1.5537 - accuracy: 0.4591
80/98 [=======================>......] - ETA: 0s - loss: 1.5527 - accuracy: 0.4597
83/98 [========================>.....] - ETA: 0s - loss: 1.5525 - accuracy: 0.4591
85/98 [=========================>....] - ETA: 0s - loss: 1.5532 - accuracy: 0.4590
87/98 [=========================>....] - ETA: 0s - loss: 1.5542 - accuracy: 0.4582
89/98 [==========================>...] - ETA: 0s - loss: 1.5537 - accuracy: 0.4582
91/98 [==========================>...] - ETA: 0s - loss: 1.5536 - accuracy: 0.4580
93/98 [===========================>..] - ETA: 0s - loss: 1.5532 - accuracy: 0.4577
95/98 [============================>.] - ETA: 0s - loss: 1.5525 - accuracy: 0.4578
97/98 [============================>.] - ETA: 0s - loss: 1.5535 - accuracy: 0.4577
98/98 [==============================] - 4s 45ms/step - loss: 1.5533 - accuracy: 0.4581 - val_loss: 1.5689 - val_accuracy: 0.4688
Epoch 7/76

 1/98 [..............................] - ETA: 6s - loss: 1.6305 - accuracy: 0.4258
 3/98 [..............................] - ETA: 5s - loss: 1.5444 - accuracy: 0.4525
 5/98 [>.............................] - ETA: 4s - loss: 1.5436 - accuracy: 0.4530
 7/98 [=>............................] - ETA: 4s - loss: 1.5436 - accuracy: 0.4466
 9/98 [=>............................] - ETA: 4s - loss: 1.5369 - accuracy: 0.4533
11/98 [==>...........................] - ETA: 3s - loss: 1.5315 - accuracy: 0.4599
12/98 [==>...........................] - ETA: 3s - loss: 1.5373 - accuracy: 0.4579
14/98 [===>..........................] - ETA: 3s - loss: 1.5383 - accuracy: 0.4575
16/98 [===>..........................] - ETA: 3s - loss: 1.5390 - accuracy: 0.4595
18/98 [====>.........................] - ETA: 3s - loss: 1.5354 - accuracy: 0.4617
20/98 [=====>........................] - ETA: 3s - loss: 1.5324 - accuracy: 0.4651
22/98 [=====>........................] - ETA: 3s - loss: 1.5294 - accuracy: 0.4678
24/98 [======>.......................] - ETA: 3s - loss: 1.5303 - accuracy: 0.4690
26/98 [======>.......................] - ETA: 3s - loss: 1.5300 - accuracy: 0.4690
28/98 [=======>......................] - ETA: 2s - loss: 1.5306 - accuracy: 0.4681
30/98 [========>.....................] - ETA: 2s - loss: 1.5287 - accuracy: 0.4687
32/98 [========>.....................] - ETA: 2s - loss: 1.5297 - accuracy: 0.4688
34/98 [=========>....................] - ETA: 2s - loss: 1.5299 - accuracy: 0.4685
36/98 [==========>...................] - ETA: 2s - loss: 1.5305 - accuracy: 0.4690
38/98 [==========>...................] - ETA: 2s - loss: 1.5289 - accuracy: 0.4695
40/98 [===========>..................] - ETA: 2s - loss: 1.5273 - accuracy: 0.4706
42/98 [===========>..................] - ETA: 2s - loss: 1.5242 - accuracy: 0.4717
44/98 [============>.................] - ETA: 2s - loss: 1.5220 - accuracy: 0.4719
46/98 [=============>................] - ETA: 2s - loss: 1.5206 - accuracy: 0.4723
48/98 [=============>................] - ETA: 2s - loss: 1.5205 - accuracy: 0.4718
50/98 [==============>...............] - ETA: 1s - loss: 1.5209 - accuracy: 0.4713
52/98 [==============>...............] - ETA: 1s - loss: 1.5197 - accuracy: 0.4719
54/98 [===============>..............] - ETA: 1s - loss: 1.5183 - accuracy: 0.4719
56/98 [================>.............] - ETA: 1s - loss: 1.5195 - accuracy: 0.4721
58/98 [================>.............] - ETA: 1s - loss: 1.5194 - accuracy: 0.4727
60/98 [=================>............] - ETA: 1s - loss: 1.5204 - accuracy: 0.4732
62/98 [=================>............] - ETA: 1s - loss: 1.5199 - accuracy: 0.4726
64/98 [==================>...........] - ETA: 1s - loss: 1.5208 - accuracy: 0.4722
66/98 [===================>..........] - ETA: 1s - loss: 1.5203 - accuracy: 0.4729
68/98 [===================>..........] - ETA: 1s - loss: 1.5183 - accuracy: 0.4740
70/98 [====================>.........] - ETA: 1s - loss: 1.5181 - accuracy: 0.4736
72/98 [=====================>........] - ETA: 0s - loss: 1.5178 - accuracy: 0.4736
74/98 [=====================>........] - ETA: 0s - loss: 1.5189 - accuracy: 0.4730
76/98 [======================>.......] - ETA: 0s - loss: 1.5189 - accuracy: 0.4731
78/98 [======================>.......] - ETA: 0s - loss: 1.5182 - accuracy: 0.4734
80/98 [=======================>......] - ETA: 0s - loss: 1.5185 - accuracy: 0.4737
82/98 [========================>.....] - ETA: 0s - loss: 1.5189 - accuracy: 0.4733
84/98 [========================>.....] - ETA: 0s - loss: 1.5176 - accuracy: 0.4736
86/98 [=========================>....] - ETA: 0s - loss: 1.5177 - accuracy: 0.4737
88/98 [=========================>....] - ETA: 0s - loss: 1.5176 - accuracy: 0.4737
90/98 [==========================>...] - ETA: 0s - loss: 1.5165 - accuracy: 0.4739
92/98 [===========================>..] - ETA: 0s - loss: 1.5167 - accuracy: 0.4738
94/98 [===========================>..] - ETA: 0s - loss: 1.5160 - accuracy: 0.4740
96/98 [============================>.] - ETA: 0s - loss: 1.5151 - accuracy: 0.4742
98/98 [==============================] - ETA: 0s - loss: 1.5149 - accuracy: 0.4741
98/98 [==============================] - 4s 44ms/step - loss: 1.5149 - accuracy: 0.4741 - val_loss: 1.5042 - val_accuracy: 0.4803
Epoch 8/76

 1/98 [..............................] - ETA: 6s - loss: 1.5446 - accuracy: 0.4590
 3/98 [..............................] - ETA: 4s - loss: 1.5276 - accuracy: 0.4538
 5/98 [>.............................] - ETA: 4s - loss: 1.4978 - accuracy: 0.4688
 7/98 [=>............................] - ETA: 4s - loss: 1.4958 - accuracy: 0.4696
 9/98 [=>............................] - ETA: 3s - loss: 1.4903 - accuracy: 0.4703
11/98 [==>...........................] - ETA: 3s - loss: 1.5007 - accuracy: 0.4684
13/98 [==>...........................] - ETA: 3s - loss: 1.5063 - accuracy: 0.4688
15/98 [===>..........................] - ETA: 3s - loss: 1.4988 - accuracy: 0.4733
17/98 [====>.........................] - ETA: 3s - loss: 1.5021 - accuracy: 0.4713
19/98 [====>.........................] - ETA: 3s - loss: 1.5074 - accuracy: 0.4693
21/98 [=====>........................] - ETA: 3s - loss: 1.5050 - accuracy: 0.4698
23/98 [======>.......................] - ETA: 3s - loss: 1.5038 - accuracy: 0.4699
25/98 [======>.......................] - ETA: 3s - loss: 1.4992 - accuracy: 0.4717
27/98 [=======>......................] - ETA: 2s - loss: 1.4989 - accuracy: 0.4716
29/98 [=======>......................] - ETA: 2s - loss: 1.4995 - accuracy: 0.4725
31/98 [========>.....................] - ETA: 2s - loss: 1.4991 - accuracy: 0.4739
33/98 [=========>....................] - ETA: 2s - loss: 1.4999 - accuracy: 0.4732
35/98 [=========>....................] - ETA: 2s - loss: 1.4956 - accuracy: 0.4755
37/98 [==========>...................] - ETA: 2s - loss: 1.4964 - accuracy: 0.4753
39/98 [==========>...................] - ETA: 2s - loss: 1.4937 - accuracy: 0.4764
41/98 [===========>..................] - ETA: 2s - loss: 1.4949 - accuracy: 0.4757
43/98 [============>.................] - ETA: 2s - loss: 1.4934 - accuracy: 0.4756
45/98 [============>.................] - ETA: 2s - loss: 1.4915 - accuracy: 0.4760
47/98 [=============>................] - ETA: 2s - loss: 1.4927 - accuracy: 0.4758
49/98 [==============>...............] - ETA: 1s - loss: 1.4939 - accuracy: 0.4758
51/98 [==============>...............] - ETA: 1s - loss: 1.4922 - accuracy: 0.4775
53/98 [===============>..............] - ETA: 1s - loss: 1.4925 - accuracy: 0.4774
55/98 [===============>..............] - ETA: 1s - loss: 1.4916 - accuracy: 0.4778
57/98 [================>.............] - ETA: 1s - loss: 1.4921 - accuracy: 0.4781
58/98 [================>.............] - ETA: 1s - loss: 1.4932 - accuracy: 0.4778
60/98 [=================>............] - ETA: 1s - loss: 1.4931 - accuracy: 0.4771
62/98 [=================>............] - ETA: 1s - loss: 1.4933 - accuracy: 0.4772
64/98 [==================>...........] - ETA: 1s - loss: 1.4918 - accuracy: 0.4781
66/98 [===================>..........] - ETA: 1s - loss: 1.4923 - accuracy: 0.4783
68/98 [===================>..........] - ETA: 1s - loss: 1.4910 - accuracy: 0.4789
70/98 [====================>.........] - ETA: 1s - loss: 1.4908 - accuracy: 0.4790
72/98 [=====================>........] - ETA: 0s - loss: 1.4906 - accuracy: 0.4798
74/98 [=====================>........] - ETA: 0s - loss: 1.4891 - accuracy: 0.4800
76/98 [======================>.......] - ETA: 0s - loss: 1.4874 - accuracy: 0.4802
78/98 [======================>.......] - ETA: 0s - loss: 1.4873 - accuracy: 0.4805
80/98 [=======================>......] - ETA: 0s - loss: 1.4880 - accuracy: 0.4799
82/98 [========================>.....] - ETA: 0s - loss: 1.4877 - accuracy: 0.4799
85/98 [=========================>....] - ETA: 0s - loss: 1.4864 - accuracy: 0.4805
87/98 [=========================>....] - ETA: 0s - loss: 1.4857 - accuracy: 0.4809
89/98 [==========================>...] - ETA: 0s - loss: 1.4861 - accuracy: 0.4809
91/98 [==========================>...] - ETA: 0s - loss: 1.4857 - accuracy: 0.4806
94/98 [===========================>..] - ETA: 0s - loss: 1.4845 - accuracy: 0.4812
96/98 [============================>.] - ETA: 0s - loss: 1.4841 - accuracy: 0.4814
98/98 [==============================] - ETA: 0s - loss: 1.4837 - accuracy: 0.4817
98/98 [==============================] - 4s 45ms/step - loss: 1.4837 - accuracy: 0.4817 - val_loss: 1.4638 - val_accuracy: 0.4938
Epoch 9/76

 1/98 [..............................] - ETA: 6s - loss: 1.5767 - accuracy: 0.4746
 3/98 [..............................] - ETA: 4s - loss: 1.4995 - accuracy: 0.5000
 5/98 [>.............................] - ETA: 4s - loss: 1.4742 - accuracy: 0.4957
 7/98 [=>............................] - ETA: 4s - loss: 1.4789 - accuracy: 0.4969
 9/98 [=>............................] - ETA: 3s - loss: 1.4896 - accuracy: 0.4885
11/98 [==>...........................] - ETA: 3s - loss: 1.4957 - accuracy: 0.4821
13/98 [==>...........................] - ETA: 3s - loss: 1.4900 - accuracy: 0.4835
15/98 [===>..........................] - ETA: 3s - loss: 1.4896 - accuracy: 0.4809
17/98 [====>.........................] - ETA: 3s - loss: 1.4871 - accuracy: 0.4790
19/98 [====>.........................] - ETA: 3s - loss: 1.4858 - accuracy: 0.4799
21/98 [=====>........................] - ETA: 3s - loss: 1.4856 - accuracy: 0.4806
23/98 [======>.......................] - ETA: 3s - loss: 1.4832 - accuracy: 0.4817
25/98 [======>.......................] - ETA: 3s - loss: 1.4813 - accuracy: 0.4824
27/98 [=======>......................] - ETA: 2s - loss: 1.4826 - accuracy: 0.4821
29/98 [=======>......................] - ETA: 2s - loss: 1.4811 - accuracy: 0.4823
31/98 [========>.....................] - ETA: 2s - loss: 1.4817 - accuracy: 0.4820
33/98 [=========>....................] - ETA: 2s - loss: 1.4759 - accuracy: 0.4839
35/98 [=========>....................] - ETA: 2s - loss: 1.4723 - accuracy: 0.4860
37/98 [==========>...................] - ETA: 2s - loss: 1.4695 - accuracy: 0.4866
39/98 [==========>...................] - ETA: 2s - loss: 1.4671 - accuracy: 0.4877
41/98 [===========>..................] - ETA: 2s - loss: 1.4649 - accuracy: 0.4886
43/98 [============>.................] - ETA: 2s - loss: 1.4613 - accuracy: 0.4902
45/98 [============>.................] - ETA: 2s - loss: 1.4633 - accuracy: 0.4892
47/98 [=============>................] - ETA: 2s - loss: 1.4636 - accuracy: 0.4895
49/98 [==============>...............] - ETA: 1s - loss: 1.4634 - accuracy: 0.4898
51/98 [==============>...............] - ETA: 1s - loss: 1.4629 - accuracy: 0.4907
53/98 [===============>..............] - ETA: 1s - loss: 1.4652 - accuracy: 0.4902
55/98 [===============>..............] - ETA: 1s - loss: 1.4650 - accuracy: 0.4898
57/98 [================>.............] - ETA: 1s - loss: 1.4645 - accuracy: 0.4898
59/98 [=================>............] - ETA: 1s - loss: 1.4650 - accuracy: 0.4893
61/98 [=================>............] - ETA: 1s - loss: 1.4646 - accuracy: 0.4895
63/98 [==================>...........] - ETA: 1s - loss: 1.4646 - accuracy: 0.4898
65/98 [==================>...........] - ETA: 1s - loss: 1.4635 - accuracy: 0.4907
67/98 [===================>..........] - ETA: 1s - loss: 1.4624 - accuracy: 0.4916
69/98 [====================>.........] - ETA: 1s - loss: 1.4634 - accuracy: 0.4906
71/98 [====================>.........] - ETA: 1s - loss: 1.4632 - accuracy: 0.4910
74/98 [=====================>........] - ETA: 0s - loss: 1.4638 - accuracy: 0.4910
77/98 [======================>.......] - ETA: 0s - loss: 1.4625 - accuracy: 0.4908
79/98 [=======================>......] - ETA: 0s - loss: 1.4629 - accuracy: 0.4908
81/98 [=======================>......] - ETA: 0s - loss: 1.4618 - accuracy: 0.4911
84/98 [========================>.....] - ETA: 0s - loss: 1.4617 - accuracy: 0.4910
86/98 [=========================>....] - ETA: 0s - loss: 1.4619 - accuracy: 0.4907
88/98 [=========================>....] - ETA: 0s - loss: 1.4603 - accuracy: 0.4910
90/98 [==========================>...] - ETA: 0s - loss: 1.4594 - accuracy: 0.4915
92/98 [===========================>..] - ETA: 0s - loss: 1.4590 - accuracy: 0.4919
94/98 [===========================>..] - ETA: 0s - loss: 1.4592 - accuracy: 0.4915
96/98 [============================>.] - ETA: 0s - loss: 1.4585 - accuracy: 0.4919
98/98 [==============================] - ETA: 0s - loss: 1.4568 - accuracy: 0.4924
98/98 [==============================] - 4s 44ms/step - loss: 1.4568 - accuracy: 0.4924 - val_loss: 1.4368 - val_accuracy: 0.5001
Epoch 10/76

 1/98 [..............................] - ETA: 6s - loss: 1.4514 - accuracy: 0.4863
 3/98 [..............................] - ETA: 4s - loss: 1.4643 - accuracy: 0.4922
 5/98 [>.............................] - ETA: 4s - loss: 1.4568 - accuracy: 0.4840
 7/98 [=>............................] - ETA: 4s - loss: 1.4570 - accuracy: 0.4855
