2024-06-26 20:18:10.369708: I tensorflow/core/platform/cpu_feature_guard.cc:193] This TensorFlow binary is optimized with oneAPI Deep Neural Network Library (oneDNN) to use the following CPU instructions in performance-critical operations:  AVX AVX2
To enable them in other operations, rebuild TensorFlow with the appropriate compiler flags.
2024-06-26 20:18:11.006126: I tensorflow/core/common_runtime/gpu/gpu_device.cc:1616] Created device /job:localhost/replica:0/task:0/device:GPU:0 with 6656 MB memory:  -> device: 0, name: NVIDIA GeForce RTX 4060 Ti, pci bus id: 0000:01:00.0, compute capability: 8.9
1 Physical GPUs, 1 Logical GPUs
Model: "sequential"
_________________________________________________________________
 Layer (type)                Output Shape              Param #   
=================================================================
 conv2d (Conv2D)             (None, 32, 32, 32)        896       
                                                                 
 max_pooling2d (MaxPooling2D  (None, 16, 16, 32)       0         
 )                                                               
                                                                 
 batch_normalization (BatchN  (None, 16, 16, 32)       128       
 ormalization)                                                   
                                                                 
 conv2d_1 (Conv2D)           (None, 16, 16, 128)       36992     
                                                                 
 dropout (Dropout)           (None, 16, 16, 128)       0         
                                                                 
 flatten (Flatten)           (None, 32768)             0         
                                                                 
 dense (Dense)               (None, 10)                327690    
                                                                 
=================================================================
Total params: 365,706
Trainable params: 365,642
Non-trainable params: 64
_________________________________________________________________
Taxa de aprendizado:  1e-05 Num de épocas:  76 Tamanho do lote:  512 Dropout:  0.20741
Epoch 1/76
2024-06-26 20:18:12.471313: I tensorflow/stream_executor/cuda/cuda_dnn.cc:384] Loaded cuDNN version 8100
2024-06-26 20:18:13.479582: W tensorflow/stream_executor/gpu/redzone_allocator.cc:314] INTERNAL: ptxas exited with non-zero error code -1, output: 
Relying on driver to perform ptx compilation. 
Modify $PATH to customize ptxas location.
This message will be only logged once.
2024-06-26 20:18:14.531946: I tensorflow/stream_executor/cuda/cuda_blas.cc:1614] TensorFloat-32 will be used for the matrix multiplication. This will only be logged once.

 1/98 [..............................] - ETA: 5:53 - loss: 2.3810 - accuracy: 0.0977
 3/98 [..............................] - ETA: 2s - loss: 2.3747 - accuracy: 0.1022  
 5/98 [>.............................] - ETA: 2s - loss: 2.3648 - accuracy: 0.1137
 7/98 [=>............................] - ETA: 2s - loss: 2.3561 - accuracy: 0.1116
10/98 [==>...........................] - ETA: 2s - loss: 2.3460 - accuracy: 0.1150
12/98 [==>...........................] - ETA: 2s - loss: 2.3363 - accuracy: 0.1214
15/98 [===>..........................] - ETA: 2s - loss: 2.3219 - accuracy: 0.1260
17/98 [====>.........................] - ETA: 2s - loss: 2.3152 - accuracy: 0.1299
20/98 [=====>........................] - ETA: 2s - loss: 2.3048 - accuracy: 0.1357
23/98 [======>.......................] - ETA: 2s - loss: 2.2941 - accuracy: 0.1420
25/98 [======>.......................] - ETA: 2s - loss: 2.2895 - accuracy: 0.1443
28/98 [=======>......................] - ETA: 1s - loss: 2.2806 - accuracy: 0.1492
30/98 [========>.....................] - ETA: 1s - loss: 2.2733 - accuracy: 0.1544
33/98 [=========>....................] - ETA: 1s - loss: 2.2645 - accuracy: 0.1592
36/98 [==========>...................] - ETA: 1s - loss: 2.2549 - accuracy: 0.1653
39/98 [==========>...................] - ETA: 1s - loss: 2.2474 - accuracy: 0.1693
41/98 [===========>..................] - ETA: 1s - loss: 2.2431 - accuracy: 0.1717
44/98 [============>.................] - ETA: 1s - loss: 2.2361 - accuracy: 0.1751
47/98 [=============>................] - ETA: 1s - loss: 2.2269 - accuracy: 0.1801
49/98 [==============>...............] - ETA: 1s - loss: 2.2226 - accuracy: 0.1820
52/98 [==============>...............] - ETA: 1s - loss: 2.2154 - accuracy: 0.1862
54/98 [===============>..............] - ETA: 1s - loss: 2.2111 - accuracy: 0.1881
57/98 [================>.............] - ETA: 1s - loss: 2.2046 - accuracy: 0.1909
60/98 [=================>............] - ETA: 1s - loss: 2.1978 - accuracy: 0.1939
63/98 [==================>...........] - ETA: 0s - loss: 2.1924 - accuracy: 0.1966
65/98 [==================>...........] - ETA: 0s - loss: 2.1885 - accuracy: 0.1987
68/98 [===================>..........] - ETA: 0s - loss: 2.1827 - accuracy: 0.2011
71/98 [====================>.........] - ETA: 0s - loss: 2.1760 - accuracy: 0.2050
72/98 [=====================>........] - ETA: 0s - loss: 2.1743 - accuracy: 0.2058
75/98 [=====================>........] - ETA: 0s - loss: 2.1683 - accuracy: 0.2090
78/98 [======================>.......] - ETA: 0s - loss: 2.1629 - accuracy: 0.2119
80/98 [=======================>......] - ETA: 0s - loss: 2.1595 - accuracy: 0.2136
83/98 [========================>.....] - ETA: 0s - loss: 2.1539 - accuracy: 0.2165
85/98 [=========================>....] - ETA: 0s - loss: 2.1503 - accuracy: 0.2188
88/98 [=========================>....] - ETA: 0s - loss: 2.1445 - accuracy: 0.2219
91/98 [==========================>...] - ETA: 0s - loss: 2.1388 - accuracy: 0.2248
93/98 [===========================>..] - ETA: 0s - loss: 2.1358 - accuracy: 0.2259
96/98 [============================>.] - ETA: 0s - loss: 2.1315 - accuracy: 0.2276
98/98 [==============================] - ETA: 0s - loss: 2.1283 - accuracy: 0.2291
98/98 [==============================] - 8s 43ms/step - loss: 2.1283 - accuracy: 0.2291 - val_loss: 2.2313 - val_accuracy: 0.2427
Epoch 2/76

 1/98 [..............................] - ETA: 6s - loss: 1.9140 - accuracy: 0.3242
 3/98 [..............................] - ETA: 3s - loss: 1.9510 - accuracy: 0.2956
 5/98 [>.............................] - ETA: 3s - loss: 1.9513 - accuracy: 0.3012
 7/98 [=>............................] - ETA: 3s - loss: 1.9576 - accuracy: 0.3086
 9/98 [=>............................] - ETA: 3s - loss: 1.9652 - accuracy: 0.3086
11/98 [==>...........................] - ETA: 3s - loss: 1.9643 - accuracy: 0.3091
13/98 [==>...........................] - ETA: 3s - loss: 1.9593 - accuracy: 0.3113
15/98 [===>..........................] - ETA: 3s - loss: 1.9536 - accuracy: 0.3116
17/98 [====>.........................] - ETA: 3s - loss: 1.9489 - accuracy: 0.3148
19/98 [====>.........................] - ETA: 3s - loss: 1.9503 - accuracy: 0.3122
21/98 [=====>........................] - ETA: 3s - loss: 1.9472 - accuracy: 0.3150
23/98 [======>.......................] - ETA: 2s - loss: 1.9430 - accuracy: 0.3185
25/98 [======>.......................] - ETA: 2s - loss: 1.9393 - accuracy: 0.3222
27/98 [=======>......................] - ETA: 2s - loss: 1.9387 - accuracy: 0.3215
29/98 [=======>......................] - ETA: 2s - loss: 1.9367 - accuracy: 0.3222
31/98 [========>.....................] - ETA: 2s - loss: 1.9338 - accuracy: 0.3230
33/98 [=========>....................] - ETA: 2s - loss: 1.9323 - accuracy: 0.3232
35/98 [=========>....................] - ETA: 2s - loss: 1.9297 - accuracy: 0.3253
37/98 [==========>...................] - ETA: 2s - loss: 1.9280 - accuracy: 0.3268
39/98 [==========>...................] - ETA: 2s - loss: 1.9259 - accuracy: 0.3277
41/98 [===========>..................] - ETA: 2s - loss: 1.9250 - accuracy: 0.3270
43/98 [============>.................] - ETA: 2s - loss: 1.9241 - accuracy: 0.3276
45/98 [============>.................] - ETA: 2s - loss: 1.9236 - accuracy: 0.3270
47/98 [=============>................] - ETA: 1s - loss: 1.9228 - accuracy: 0.3262
49/98 [==============>...............] - ETA: 1s - loss: 1.9208 - accuracy: 0.3270
51/98 [==============>...............] - ETA: 1s - loss: 1.9195 - accuracy: 0.3277
53/98 [===============>..............] - ETA: 1s - loss: 1.9170 - accuracy: 0.3292
55/98 [===============>..............] - ETA: 1s - loss: 1.9164 - accuracy: 0.3282
57/98 [================>.............] - ETA: 1s - loss: 1.9135 - accuracy: 0.3302
59/98 [=================>............] - ETA: 1s - loss: 1.9126 - accuracy: 0.3312
61/98 [=================>............] - ETA: 1s - loss: 1.9102 - accuracy: 0.3322
63/98 [==================>...........] - ETA: 1s - loss: 1.9082 - accuracy: 0.3332
65/98 [==================>...........] - ETA: 1s - loss: 1.9070 - accuracy: 0.3340
67/98 [===================>..........] - ETA: 1s - loss: 1.9069 - accuracy: 0.3341
69/98 [====================>.........] - ETA: 1s - loss: 1.9056 - accuracy: 0.3341
71/98 [====================>.........] - ETA: 0s - loss: 1.9054 - accuracy: 0.3340
73/98 [=====================>........] - ETA: 0s - loss: 1.9039 - accuracy: 0.3347
75/98 [=====================>........] - ETA: 0s - loss: 1.9034 - accuracy: 0.3350
77/98 [======================>.......] - ETA: 0s - loss: 1.9024 - accuracy: 0.3352
79/98 [=======================>......] - ETA: 0s - loss: 1.9004 - accuracy: 0.3359
81/98 [=======================>......] - ETA: 0s - loss: 1.8993 - accuracy: 0.3363
83/98 [========================>.....] - ETA: 0s - loss: 1.8988 - accuracy: 0.3369
85/98 [=========================>....] - ETA: 0s - loss: 1.8979 - accuracy: 0.3371
87/98 [=========================>....] - ETA: 0s - loss: 1.8966 - accuracy: 0.3378
89/98 [==========================>...] - ETA: 0s - loss: 1.8958 - accuracy: 0.3380
92/98 [===========================>..] - ETA: 0s - loss: 1.8943 - accuracy: 0.3388
94/98 [===========================>..] - ETA: 0s - loss: 1.8924 - accuracy: 0.3394
96/98 [============================>.] - ETA: 0s - loss: 1.8912 - accuracy: 0.3398
98/98 [==============================] - ETA: 0s - loss: 1.8900 - accuracy: 0.3407
98/98 [==============================] - 4s 43ms/step - loss: 1.8900 - accuracy: 0.3407 - val_loss: 2.1342 - val_accuracy: 0.3427
Epoch 3/76

 1/98 [..............................] - ETA: 4s - loss: 1.8173 - accuracy: 0.3809
 3/98 [..............................] - ETA: 4s - loss: 1.8164 - accuracy: 0.3685
 5/98 [>.............................] - ETA: 4s - loss: 1.7936 - accuracy: 0.3766
 7/98 [=>............................] - ETA: 4s - loss: 1.7946 - accuracy: 0.3786
 9/98 [=>............................] - ETA: 4s - loss: 1.7955 - accuracy: 0.3802
11/98 [==>...........................] - ETA: 3s - loss: 1.7968 - accuracy: 0.3817
13/98 [==>...........................] - ETA: 3s - loss: 1.7984 - accuracy: 0.3783
15/98 [===>..........................] - ETA: 3s - loss: 1.7973 - accuracy: 0.3790
17/98 [====>.........................] - ETA: 3s - loss: 1.7921 - accuracy: 0.3803
19/98 [====>.........................] - ETA: 3s - loss: 1.7989 - accuracy: 0.3772
21/98 [=====>........................] - ETA: 3s - loss: 1.7970 - accuracy: 0.3782
23/98 [======>.......................] - ETA: 3s - loss: 1.7964 - accuracy: 0.3770
25/98 [======>.......................] - ETA: 2s - loss: 1.7936 - accuracy: 0.3791
27/98 [=======>......................] - ETA: 2s - loss: 1.7938 - accuracy: 0.3789
29/98 [=======>......................] - ETA: 2s - loss: 1.7942 - accuracy: 0.3792
31/98 [========>.....................] - ETA: 2s - loss: 1.7943 - accuracy: 0.3777
33/98 [=========>....................] - ETA: 2s - loss: 1.7947 - accuracy: 0.3783
35/98 [=========>....................] - ETA: 2s - loss: 1.7948 - accuracy: 0.3794
37/98 [==========>...................] - ETA: 2s - loss: 1.7941 - accuracy: 0.3792
39/98 [==========>...................] - ETA: 2s - loss: 1.7915 - accuracy: 0.3800
41/98 [===========>..................] - ETA: 2s - loss: 1.7926 - accuracy: 0.3791
43/98 [============>.................] - ETA: 2s - loss: 1.7898 - accuracy: 0.3796
45/98 [============>.................] - ETA: 2s - loss: 1.7891 - accuracy: 0.3797
47/98 [=============>................] - ETA: 1s - loss: 1.7868 - accuracy: 0.3811
49/98 [==============>...............] - ETA: 1s - loss: 1.7860 - accuracy: 0.3813
52/98 [==============>...............] - ETA: 1s - loss: 1.7846 - accuracy: 0.3811
54/98 [===============>..............] - ETA: 1s - loss: 1.7835 - accuracy: 0.3820
56/98 [================>.............] - ETA: 1s - loss: 1.7833 - accuracy: 0.3824
58/98 [================>.............] - ETA: 1s - loss: 1.7809 - accuracy: 0.3832
60/98 [=================>............] - ETA: 1s - loss: 1.7793 - accuracy: 0.3840
62/98 [=================>............] - ETA: 1s - loss: 1.7786 - accuracy: 0.3840
64/98 [==================>...........] - ETA: 1s - loss: 1.7781 - accuracy: 0.3836
66/98 [===================>..........] - ETA: 1s - loss: 1.7773 - accuracy: 0.3839
68/98 [===================>..........] - ETA: 1s - loss: 1.7771 - accuracy: 0.3839
70/98 [====================>.........] - ETA: 1s - loss: 1.7777 - accuracy: 0.3831
72/98 [=====================>........] - ETA: 0s - loss: 1.7771 - accuracy: 0.3835
74/98 [=====================>........] - ETA: 0s - loss: 1.7760 - accuracy: 0.3840
76/98 [======================>.......] - ETA: 0s - loss: 1.7748 - accuracy: 0.3845
78/98 [======================>.......] - ETA: 0s - loss: 1.7738 - accuracy: 0.3845
80/98 [=======================>......] - ETA: 0s - loss: 1.7721 - accuracy: 0.3852
83/98 [========================>.....] - ETA: 0s - loss: 1.7689 - accuracy: 0.3864
85/98 [=========================>....] - ETA: 0s - loss: 1.7679 - accuracy: 0.3867
87/98 [=========================>....] - ETA: 0s - loss: 1.7667 - accuracy: 0.3871
89/98 [==========================>...] - ETA: 0s - loss: 1.7669 - accuracy: 0.3866
91/98 [==========================>...] - ETA: 0s - loss: 1.7651 - accuracy: 0.3874
93/98 [===========================>..] - ETA: 0s - loss: 1.7647 - accuracy: 0.3875
95/98 [============================>.] - ETA: 0s - loss: 1.7639 - accuracy: 0.3879
98/98 [==============================] - ETA: 0s - loss: 1.7623 - accuracy: 0.3890
98/98 [==============================] - 4s 43ms/step - loss: 1.7623 - accuracy: 0.3890 - val_loss: 2.0011 - val_accuracy: 0.3923
Epoch 4/76

 1/98 [..............................] - ETA: 6s - loss: 1.7503 - accuracy: 0.4004
 3/98 [..............................] - ETA: 3s - loss: 1.7172 - accuracy: 0.4173
 5/98 [>.............................] - ETA: 4s - loss: 1.7152 - accuracy: 0.4117
 7/98 [=>............................] - ETA: 3s - loss: 1.7137 - accuracy: 0.4074
 9/98 [=>............................] - ETA: 3s - loss: 1.7115 - accuracy: 0.4028
11/98 [==>...........................] - ETA: 3s - loss: 1.7064 - accuracy: 0.4066
13/98 [==>...........................] - ETA: 3s - loss: 1.7044 - accuracy: 0.4079
15/98 [===>..........................] - ETA: 3s - loss: 1.7005 - accuracy: 0.4102
17/98 [====>.........................] - ETA: 3s - loss: 1.6974 - accuracy: 0.4142
19/98 [====>.........................] - ETA: 3s - loss: 1.6993 - accuracy: 0.4125
21/98 [=====>........................] - ETA: 3s - loss: 1.6978 - accuracy: 0.4142
23/98 [======>.......................] - ETA: 3s - loss: 1.6970 - accuracy: 0.4133
25/98 [======>.......................] - ETA: 2s - loss: 1.6954 - accuracy: 0.4139
27/98 [=======>......................] - ETA: 2s - loss: 1.6910 - accuracy: 0.4146
29/98 [=======>......................] - ETA: 2s - loss: 1.6896 - accuracy: 0.4149
31/98 [========>.....................] - ETA: 2s - loss: 1.6876 - accuracy: 0.4160
33/98 [=========>....................] - ETA: 2s - loss: 1.6901 - accuracy: 0.4148
35/98 [=========>....................] - ETA: 2s - loss: 1.6907 - accuracy: 0.4133
37/98 [==========>...................] - ETA: 2s - loss: 1.6888 - accuracy: 0.4144
39/98 [==========>...................] - ETA: 2s - loss: 1.6897 - accuracy: 0.4152
41/98 [===========>..................] - ETA: 2s - loss: 1.6880 - accuracy: 0.4162
43/98 [============>.................] - ETA: 2s - loss: 1.6864 - accuracy: 0.4160
45/98 [============>.................] - ETA: 2s - loss: 1.6871 - accuracy: 0.4151
47/98 [=============>................] - ETA: 1s - loss: 1.6860 - accuracy: 0.4167
49/98 [==============>...............] - ETA: 1s - loss: 1.6858 - accuracy: 0.4170
51/98 [==============>...............] - ETA: 1s - loss: 1.6846 - accuracy: 0.4178
53/98 [===============>..............] - ETA: 1s - loss: 1.6837 - accuracy: 0.4183
55/98 [===============>..............] - ETA: 1s - loss: 1.6843 - accuracy: 0.4176
57/98 [================>.............] - ETA: 1s - loss: 1.6844 - accuracy: 0.4180
59/98 [=================>............] - ETA: 1s - loss: 1.6840 - accuracy: 0.4181
61/98 [=================>............] - ETA: 1s - loss: 1.6850 - accuracy: 0.4177
63/98 [==================>...........] - ETA: 1s - loss: 1.6839 - accuracy: 0.4174
65/98 [==================>...........] - ETA: 1s - loss: 1.6829 - accuracy: 0.4178
67/98 [===================>..........] - ETA: 1s - loss: 1.6815 - accuracy: 0.4184
69/98 [====================>.........] - ETA: 1s - loss: 1.6814 - accuracy: 0.4184
71/98 [====================>.........] - ETA: 0s - loss: 1.6810 - accuracy: 0.4183
73/98 [=====================>........] - ETA: 0s - loss: 1.6800 - accuracy: 0.4187
75/98 [=====================>........] - ETA: 0s - loss: 1.6797 - accuracy: 0.4189
77/98 [======================>.......] - ETA: 0s - loss: 1.6785 - accuracy: 0.4195
79/98 [=======================>......] - ETA: 0s - loss: 1.6786 - accuracy: 0.4196
81/98 [=======================>......] - ETA: 0s - loss: 1.6770 - accuracy: 0.4208
83/98 [========================>.....] - ETA: 0s - loss: 1.6769 - accuracy: 0.4211
85/98 [=========================>....] - ETA: 0s - loss: 1.6762 - accuracy: 0.4215
87/98 [=========================>....] - ETA: 0s - loss: 1.6747 - accuracy: 0.4219
90/98 [==========================>...] - ETA: 0s - loss: 1.6746 - accuracy: 0.4211
92/98 [===========================>..] - ETA: 0s - loss: 1.6756 - accuracy: 0.4206
94/98 [===========================>..] - ETA: 0s - loss: 1.6748 - accuracy: 0.4209
96/98 [============================>.] - ETA: 0s - loss: 1.6748 - accuracy: 0.4210
98/98 [==============================] - 4s 43ms/step - loss: 1.6741 - accuracy: 0.4211 - val_loss: 1.8413 - val_accuracy: 0.4242
Epoch 5/76

 1/98 [..............................] - ETA: 6s - loss: 1.6219 - accuracy: 0.4238
 3/98 [..............................] - ETA: 3s - loss: 1.6412 - accuracy: 0.4102
 5/98 [>.............................] - ETA: 3s - loss: 1.6450 - accuracy: 0.4172
 7/98 [=>............................] - ETA: 3s - loss: 1.6393 - accuracy: 0.4244
 9/98 [=>............................] - ETA: 3s - loss: 1.6400 - accuracy: 0.4280
11/98 [==>...........................] - ETA: 3s - loss: 1.6396 - accuracy: 0.4279
13/98 [==>...........................] - ETA: 3s - loss: 1.6323 - accuracy: 0.4301
15/98 [===>..........................] - ETA: 3s - loss: 1.6348 - accuracy: 0.4293
17/98 [====>.........................] - ETA: 3s - loss: 1.6329 - accuracy: 0.4305
19/98 [====>.........................] - ETA: 3s - loss: 1.6330 - accuracy: 0.4309
21/98 [=====>........................] - ETA: 3s - loss: 1.6334 - accuracy: 0.4307
23/98 [======>.......................] - ETA: 2s - loss: 1.6312 - accuracy: 0.4309
25/98 [======>.......................] - ETA: 2s - loss: 1.6321 - accuracy: 0.4323
27/98 [=======>......................] - ETA: 2s - loss: 1.6344 - accuracy: 0.4319
29/98 [=======>......................] - ETA: 2s - loss: 1.6356 - accuracy: 0.4308
31/98 [========>.....................] - ETA: 2s - loss: 1.6356 - accuracy: 0.4303
33/98 [=========>....................] - ETA: 2s - loss: 1.6353 - accuracy: 0.4305
35/98 [=========>....................] - ETA: 2s - loss: 1.6313 - accuracy: 0.4329
37/98 [==========>...................] - ETA: 2s - loss: 1.6313 - accuracy: 0.4328
39/98 [==========>...................] - ETA: 2s - loss: 1.6304 - accuracy: 0.4339
41/98 [===========>..................] - ETA: 2s - loss: 1.6293 - accuracy: 0.4349
43/98 [============>.................] - ETA: 2s - loss: 1.6272 - accuracy: 0.4359
45/98 [============>.................] - ETA: 2s - loss: 1.6276 - accuracy: 0.4353
47/98 [=============>................] - ETA: 1s - loss: 1.6272 - accuracy: 0.4350
49/98 [==============>...............] - ETA: 1s - loss: 1.6259 - accuracy: 0.4361
51/98 [==============>...............] - ETA: 1s - loss: 1.6246 - accuracy: 0.4364
53/98 [===============>..............] - ETA: 1s - loss: 1.6230 - accuracy: 0.4372
55/98 [===============>..............] - ETA: 1s - loss: 1.6222 - accuracy: 0.4378
57/98 [================>.............] - ETA: 1s - loss: 1.6218 - accuracy: 0.4383
59/98 [=================>............] - ETA: 1s - loss: 1.6222 - accuracy: 0.4376
61/98 [=================>............] - ETA: 1s - loss: 1.6192 - accuracy: 0.4392
63/98 [==================>...........] - ETA: 1s - loss: 1.6193 - accuracy: 0.4386
65/98 [==================>...........] - ETA: 1s - loss: 1.6169 - accuracy: 0.4391
67/98 [===================>..........] - ETA: 1s - loss: 1.6162 - accuracy: 0.4392
69/98 [====================>.........] - ETA: 1s - loss: 1.6157 - accuracy: 0.4399
71/98 [====================>.........] - ETA: 0s - loss: 1.6143 - accuracy: 0.4402
73/98 [=====================>........] - ETA: 0s - loss: 1.6154 - accuracy: 0.4397
75/98 [=====================>........] - ETA: 0s - loss: 1.6162 - accuracy: 0.4394
77/98 [======================>.......] - ETA: 0s - loss: 1.6149 - accuracy: 0.4398
79/98 [=======================>......] - ETA: 0s - loss: 1.6139 - accuracy: 0.4404
81/98 [=======================>......] - ETA: 0s - loss: 1.6121 - accuracy: 0.4409
83/98 [========================>.....] - ETA: 0s - loss: 1.6123 - accuracy: 0.4405
86/98 [=========================>....] - ETA: 0s - loss: 1.6117 - accuracy: 0.4404
88/98 [=========================>....] - ETA: 0s - loss: 1.6113 - accuracy: 0.4405
90/98 [==========================>...] - ETA: 0s - loss: 1.6107 - accuracy: 0.4408
92/98 [===========================>..] - ETA: 0s - loss: 1.6096 - accuracy: 0.4412
94/98 [===========================>..] - ETA: 0s - loss: 1.6090 - accuracy: 0.4418
97/98 [============================>.] - ETA: 0s - loss: 1.6076 - accuracy: 0.4427
98/98 [==============================] - 4s 42ms/step - loss: 1.6074 - accuracy: 0.4426 - val_loss: 1.6924 - val_accuracy: 0.4539
Epoch 6/76

 1/98 [..............................] - ETA: 6s - loss: 1.5840 - accuracy: 0.4336
 3/98 [..............................] - ETA: 4s - loss: 1.5572 - accuracy: 0.4648
 5/98 [>.............................] - ETA: 4s - loss: 1.5877 - accuracy: 0.4492
 7/98 [=>............................] - ETA: 4s - loss: 1.5676 - accuracy: 0.4595
 9/98 [=>............................] - ETA: 3s - loss: 1.5545 - accuracy: 0.4651
11/98 [==>...........................] - ETA: 3s - loss: 1.5535 - accuracy: 0.4666
13/98 [==>...........................] - ETA: 3s - loss: 1.5624 - accuracy: 0.4618
16/98 [===>..........................] - ETA: 3s - loss: 1.5643 - accuracy: 0.4584
19/98 [====>.........................] - ETA: 2s - loss: 1.5613 - accuracy: 0.4595
21/98 [=====>........................] - ETA: 2s - loss: 1.5606 - accuracy: 0.4585
23/98 [======>.......................] - ETA: 2s - loss: 1.5595 - accuracy: 0.4588
25/98 [======>.......................] - ETA: 2s - loss: 1.5601 - accuracy: 0.4598
27/98 [=======>......................] - ETA: 2s - loss: 1.5623 - accuracy: 0.4585
29/98 [=======>......................] - ETA: 2s - loss: 1.5602 - accuracy: 0.4602
31/98 [========>.....................] - ETA: 2s - loss: 1.5607 - accuracy: 0.4588
33/98 [=========>....................] - ETA: 2s - loss: 1.5622 - accuracy: 0.4574
35/98 [=========>....................] - ETA: 2s - loss: 1.5614 - accuracy: 0.4587
37/98 [==========>...................] - ETA: 2s - loss: 1.5595 - accuracy: 0.4597
39/98 [==========>...................] - ETA: 2s - loss: 1.5597 - accuracy: 0.4606
41/98 [===========>..................] - ETA: 2s - loss: 1.5604 - accuracy: 0.4602
43/98 [============>.................] - ETA: 1s - loss: 1.5614 - accuracy: 0.4599
45/98 [============>.................] - ETA: 1s - loss: 1.5626 - accuracy: 0.4584
47/98 [=============>................] - ETA: 1s - loss: 1.5633 - accuracy: 0.4573
49/98 [==============>...............] - ETA: 1s - loss: 1.5616 - accuracy: 0.4571
51/98 [==============>...............] - ETA: 1s - loss: 1.5602 - accuracy: 0.4573
53/98 [===============>..............] - ETA: 1s - loss: 1.5607 - accuracy: 0.4574
55/98 [===============>..............] - ETA: 1s - loss: 1.5575 - accuracy: 0.4585
57/98 [================>.............] - ETA: 1s - loss: 1.5580 - accuracy: 0.4577
59/98 [=================>............] - ETA: 1s - loss: 1.5576 - accuracy: 0.4575
61/98 [=================>............] - ETA: 1s - loss: 1.5568 - accuracy: 0.4585
63/98 [==================>...........] - ETA: 1s - loss: 1.5563 - accuracy: 0.4586
65/98 [==================>...........] - ETA: 1s - loss: 1.5554 - accuracy: 0.4589
67/98 [===================>..........] - ETA: 1s - loss: 1.5558 - accuracy: 0.4585
69/98 [====================>.........] - ETA: 1s - loss: 1.5563 - accuracy: 0.4586
71/98 [====================>.........] - ETA: 0s - loss: 1.5556 - accuracy: 0.4588
73/98 [=====================>........] - ETA: 0s - loss: 1.5558 - accuracy: 0.4587
75/98 [=====================>........] - ETA: 0s - loss: 1.5559 - accuracy: 0.4590
77/98 [======================>.......] - ETA: 0s - loss: 1.5562 - accuracy: 0.4584
79/98 [=======================>......] - ETA: 0s - loss: 1.5565 - accuracy: 0.4584
83/98 [========================>.....] - ETA: 0s - loss: 1.5537 - accuracy: 0.4594
86/98 [=========================>....] - ETA: 0s - loss: 1.5527 - accuracy: 0.4594
89/98 [==========================>...] - ETA: 0s - loss: 1.5523 - accuracy: 0.4601
93/98 [===========================>..] - ETA: 0s - loss: 1.5532 - accuracy: 0.4594
97/98 [============================>.] - ETA: 0s - loss: 1.5530 - accuracy: 0.4596
98/98 [==============================] - 4s 37ms/step - loss: 1.5521 - accuracy: 0.4600 - val_loss: 1.5767 - val_accuracy: 0.4772
Epoch 7/76

 1/98 [..............................] - ETA: 3s - loss: 1.5540 - accuracy: 0.4727
 3/98 [..............................] - ETA: 2s - loss: 1.5309 - accuracy: 0.4759
 6/98 [>.............................] - ETA: 2s - loss: 1.5495 - accuracy: 0.4622
 9/98 [=>............................] - ETA: 2s - loss: 1.5316 - accuracy: 0.4644
12/98 [==>...........................] - ETA: 2s - loss: 1.5243 - accuracy: 0.4676
15/98 [===>..........................] - ETA: 2s - loss: 1.5260 - accuracy: 0.4688
19/98 [====>.........................] - ETA: 1s - loss: 1.5253 - accuracy: 0.4654
22/98 [=====>........................] - ETA: 1s - loss: 1.5229 - accuracy: 0.4661
25/98 [======>.......................] - ETA: 1s - loss: 1.5211 - accuracy: 0.4678
29/98 [=======>......................] - ETA: 1s - loss: 1.5219 - accuracy: 0.4661
32/98 [========>.....................] - ETA: 1s - loss: 1.5195 - accuracy: 0.4679
35/98 [=========>....................] - ETA: 1s - loss: 1.5196 - accuracy: 0.4687
38/98 [==========>...................] - ETA: 1s - loss: 1.5138 - accuracy: 0.4725
41/98 [===========>..................] - ETA: 1s - loss: 1.5171 - accuracy: 0.4726
44/98 [============>.................] - ETA: 1s - loss: 1.5180 - accuracy: 0.4725
48/98 [=============>................] - ETA: 1s - loss: 1.5183 - accuracy: 0.4738
51/98 [==============>...............] - ETA: 1s - loss: 1.5198 - accuracy: 0.4732
54/98 [===============>..............] - ETA: 0s - loss: 1.5180 - accuracy: 0.4736
57/98 [================>.............] - ETA: 0s - loss: 1.5171 - accuracy: 0.4740
61/98 [=================>............] - ETA: 0s - loss: 1.5159 - accuracy: 0.4743
64/98 [==================>...........] - ETA: 0s - loss: 1.5144 - accuracy: 0.4756
67/98 [===================>..........] - ETA: 0s - loss: 1.5135 - accuracy: 0.4758
70/98 [====================>.........] - ETA: 0s - loss: 1.5131 - accuracy: 0.4762
73/98 [=====================>........] - ETA: 0s - loss: 1.5131 - accuracy: 0.4758
76/98 [======================>.......] - ETA: 0s - loss: 1.5130 - accuracy: 0.4765
79/98 [=======================>......] - ETA: 0s - loss: 1.5133 - accuracy: 0.4755
82/98 [========================>.....] - ETA: 0s - loss: 1.5124 - accuracy: 0.4760
85/98 [=========================>....] - ETA: 0s - loss: 1.5114 - accuracy: 0.4769
88/98 [=========================>....] - ETA: 0s - loss: 1.5104 - accuracy: 0.4769
91/98 [==========================>...] - ETA: 0s - loss: 1.5088 - accuracy: 0.4777
93/98 [===========================>..] - ETA: 0s - loss: 1.5089 - accuracy: 0.4774
96/98 [============================>.] - ETA: 0s - loss: 1.5085 - accuracy: 0.4774
98/98 [==============================] - 3s 28ms/step - loss: 1.5075 - accuracy: 0.4777 - val_loss: 1.5000 - val_accuracy: 0.4906
Epoch 8/76

 1/98 [..............................] - ETA: 4s - loss: 1.5185 - accuracy: 0.4473
 4/98 [>.............................] - ETA: 2s - loss: 1.4937 - accuracy: 0.4775
 6/98 [>.............................] - ETA: 2s - loss: 1.4805 - accuracy: 0.4808
 8/98 [=>............................] - ETA: 2s - loss: 1.4874 - accuracy: 0.4792
11/98 [==>...........................] - ETA: 2s - loss: 1.4832 - accuracy: 0.4833
14/98 [===>..........................] - ETA: 2s - loss: 1.4723 - accuracy: 0.4888
17/98 [====>.........................] - ETA: 1s - loss: 1.4737 - accuracy: 0.4887
20/98 [=====>........................] - ETA: 1s - loss: 1.4785 - accuracy: 0.4870
23/98 [======>.......................] - ETA: 1s - loss: 1.4736 - accuracy: 0.4889
26/98 [======>.......................] - ETA: 1s - loss: 1.4715 - accuracy: 0.4909
29/98 [=======>......................] - ETA: 1s - loss: 1.4746 - accuracy: 0.4890
32/98 [========>.....................] - ETA: 1s - loss: 1.4712 - accuracy: 0.4905
35/98 [=========>....................] - ETA: 1s - loss: 1.4718 - accuracy: 0.4895
38/98 [==========>...................] - ETA: 1s - loss: 1.4714 - accuracy: 0.4887
41/98 [===========>..................] - ETA: 1s - loss: 1.4689 - accuracy: 0.4892
44/98 [============>.................] - ETA: 1s - loss: 1.4682 - accuracy: 0.4907
46/98 [=============>................] - ETA: 1s - loss: 1.4682 - accuracy: 0.4908
49/98 [==============>...............] - ETA: 1s - loss: 1.4693 - accuracy: 0.4906
52/98 [==============>...............] - ETA: 1s - loss: 1.4697 - accuracy: 0.4896
55/98 [===============>..............] - ETA: 0s - loss: 1.4715 - accuracy: 0.4884
58/98 [================>.............] - ETA: 0s - loss: 1.4725 - accuracy: 0.4883
61/98 [=================>............] - ETA: 0s - loss: 1.4709 - accuracy: 0.4891
63/98 [==================>...........] - ETA: 0s - loss: 1.4699 - accuracy: 0.4899
66/98 [===================>..........] - ETA: 0s - loss: 1.4697 - accuracy: 0.4899
69/98 [====================>.........] - ETA: 0s - loss: 1.4709 - accuracy: 0.4897
72/98 [=====================>........] - ETA: 0s - loss: 1.4717 - accuracy: 0.4888
75/98 [=====================>........] - ETA: 0s - loss: 1.4713 - accuracy: 0.4884
78/98 [======================>.......] - ETA: 0s - loss: 1.4707 - accuracy: 0.4890
81/98 [=======================>......] - ETA: 0s - loss: 1.4700 - accuracy: 0.4890
84/98 [========================>.....] - ETA: 0s - loss: 1.4680 - accuracy: 0.4894
87/98 [=========================>....] - ETA: 0s - loss: 1.4665 - accuracy: 0.4901
90/98 [==========================>...] - ETA: 0s - loss: 1.4640 - accuracy: 0.4913
93/98 [===========================>..] - ETA: 0s - loss: 1.4649 - accuracy: 0.4912
95/98 [============================>.] - ETA: 0s - loss: 1.4659 - accuracy: 0.4910
98/98 [==============================] - ETA: 0s - loss: 1.4660 - accuracy: 0.4911
98/98 [==============================] - 3s 28ms/step - loss: 1.4660 - accuracy: 0.4911 - val_loss: 1.4497 - val_accuracy: 0.5002
Epoch 9/76

 1/98 [..............................] - ETA: 5s - loss: 1.5127 - accuracy: 0.4883
 3/98 [..............................] - ETA: 2s - loss: 1.4550 - accuracy: 0.5026
 5/98 [>.............................] - ETA: 2s - loss: 1.4639 - accuracy: 0.4891
 7/98 [=>............................] - ETA: 2s - loss: 1.4706 - accuracy: 0.4841
 9/98 [=>............................] - ETA: 2s - loss: 1.4574 - accuracy: 0.4885
12/98 [==>...........................] - ETA: 2s - loss: 1.4549 - accuracy: 0.4922
15/98 [===>..........................] - ETA: 1s - loss: 1.4563 - accuracy: 0.4870
18/98 [====>.........................] - ETA: 1s - loss: 1.4537 - accuracy: 0.4894
21/98 [=====>........................] - ETA: 1s - loss: 1.4485 - accuracy: 0.4905
24/98 [======>.......................] - ETA: 1s - loss: 1.4427 - accuracy: 0.4944
26/98 [======>.......................] - ETA: 1s - loss: 1.4416 - accuracy: 0.4945
29/98 [=======>......................] - ETA: 1s - loss: 1.4388 - accuracy: 0.4949
32/98 [========>.....................] - ETA: 1s - loss: 1.4372 - accuracy: 0.4960
35/98 [=========>....................] - ETA: 1s - loss: 1.4400 - accuracy: 0.4975
38/98 [==========>...................] - ETA: 1s - loss: 1.4386 - accuracy: 0.4983
41/98 [===========>..................] - ETA: 1s - loss: 1.4410 - accuracy: 0.4976
44/98 [============>.................] - ETA: 1s - loss: 1.4400 - accuracy: 0.4988
47/98 [=============>................] - ETA: 1s - loss: 1.4377 - accuracy: 0.4995
50/98 [==============>...............] - ETA: 1s - loss: 1.4399 - accuracy: 0.4987
53/98 [===============>..............] - ETA: 0s - loss: 1.4387 - accuracy: 0.4998
56/98 [================>.............] - ETA: 0s - loss: 1.4393 - accuracy: 0.4995
58/98 [================>.............] - ETA: 0s - loss: 1.4384 - accuracy: 0.5001
61/98 [=================>............] - ETA: 0s - loss: 1.4382 - accuracy: 0.4994
64/98 [==================>...........] - ETA: 0s - loss: 1.4365 - accuracy: 0.5002
67/98 [===================>..........] - ETA: 0s - loss: 1.4367 - accuracy: 0.5004
69/98 [====================>.........] - ETA: 0s - loss: 1.4366 - accuracy: 0.5003
72/98 [=====================>........] - ETA: 0s - loss: 1.4360 - accuracy: 0.5002
74/98 [=====================>........] - ETA: 0s - loss: 1.4352 - accuracy: 0.5002
77/98 [======================>.......] - ETA: 0s - loss: 1.4357 - accuracy: 0.4995
79/98 [=======================>......] - ETA: 0s - loss: 1.4346 - accuracy: 0.5002
82/98 [========================>.....] - ETA: 0s - loss: 1.4334 - accuracy: 0.5011
85/98 [=========================>....] - ETA: 0s - loss: 1.4331 - accuracy: 0.5013
88/98 [=========================>....] - ETA: 0s - loss: 1.4346 - accuracy: 0.5011
91/98 [==========================>...] - ETA: 0s - loss: 1.4332 - accuracy: 0.5017
93/98 [===========================>..] - ETA: 0s - loss: 1.4318 - accuracy: 0.5030
96/98 [============================>.] - ETA: 0s - loss: 1.4318 - accuracy: 0.5034
98/98 [==============================] - 3s 28ms/step - loss: 1.4309 - accuracy: 0.5035 - val_loss: 1.4144 - val_accuracy: 0.5119
Epoch 10/76

 1/98 [..............................] - ETA: 3s - loss: 1.4279 - accuracy: 0.4844
 5/98 [>.............................] - ETA: 1s - loss: 1.4179 - accuracy: 0.4914
 8/98 [=>............................] - ETA: 1s - loss: 1.4054 - accuracy: 0.5029
11/98 [==>...........................] - ETA: 1s - loss: 1.4225 - accuracy: 0.4959
14/98 [===>..........................] - ETA: 1s - loss: 1.4163 - accuracy: 0.4990
17/98 [====>.........................] - ETA: 1s - loss: 1.4137 - accuracy: 0.5014
20/98 [=====>........................] - ETA: 1s - loss: 1.4170 - accuracy: 0.5021
23/98 [======>.......................] - ETA: 1s - loss: 1.4149 - accuracy: 0.5016
25/98 [======>.......................] - ETA: 1s - loss: 1.4127 - accuracy: 0.5028
28/98 [=======>......................] - ETA: 1s - loss: 1.4115 - accuracy: 0.5040
31/98 [========>.....................] - ETA: 1s - loss: 1.4133 - accuracy: 0.5051
34/98 [=========>....................] - ETA: 1s - loss: 1.4114 - accuracy: 0.5052
37/98 [==========>...................] - ETA: 1s - loss: 1.4130 - accuracy: 0.5049
40/98 [===========>..................] - ETA: 1s - loss: 1.4135 - accuracy: 0.5051
43/98 [============>.................] - ETA: 1s - loss: 1.4138 - accuracy: 0.5071
46/98 [=============>................] - ETA: 1s - loss: 1.4133 - accuracy: 0.5070
49/98 [==============>...............] - ETA: 1s - loss: 1.4118 - accuracy: 0.5083
51/98 [==============>...............] - ETA: 1s - loss: 1.4105 - accuracy: 0.5090
54/98 [===============>..............] - ETA: 1s - loss: 1.4091 - accuracy: 0.5103
57/98 [================>.............] - ETA: 0s - loss: 1.4123 - accuracy: 0.5089
59/98 [=================>............] - ETA: 0s - loss: 1.4123 - accuracy: 0.5095
62/98 [=================>............] - ETA: 0s - loss: 1.4114 - accuracy: 0.5095
65/98 [==================>...........] - ETA: 0s - loss: 1.4108 - accuracy: 0.5105
68/98 [===================>..........] - ETA: 0s - loss: 1.4090 - accuracy: 0.5113
70/98 [====================>.........] - ETA: 0s - loss: 1.4095 - accuracy: 0.5108
73/98 [=====================>........] - ETA: 0s - loss: 1.4105 - accuracy: 0.5103
76/98 [======================>.......] - ETA: 0s - loss: 1.4102 - accuracy: 0.5101
79/98 [=======================>......] - ETA: 0s - loss: 1.4093 - accuracy: 0.5104
82/98 [========================>.....] - ETA: 0s - loss: 1.4083 - accuracy: 0.5110
85/98 [=========================>....] - ETA: 0s - loss: 1.4070 - accuracy: 0.5119
88/98 [=========================>....] - ETA: 0s - loss: 1.4059 - accuracy: 0.5129
91/98 [==========================>...] - ETA: 0s - loss: 1.4041 - accuracy: 0.5132
94/98 [===========================>..] - ETA: 0s - loss: 1.4020 - accuracy: 0.5138
97/98 [============================>.] - ETA: 0s - loss: 1.4010 - accuracy: 0.5137
98/98 [==============================] - 3s 30ms/step - loss: 1.4006 - accuracy: 0.5138 - val_loss: 1.3885 - val_accuracy: 0.5154
Epoch 11/76

 1/98 [..............................] - ETA: 4s - loss: 1.3592 - accuracy: 0.5098
 4/98 [>.............................] - ETA: 1s - loss: 1.3727 - accuracy: 0.5039
 6/98 [>.............................] - ETA: 2s - loss: 1.3763 - accuracy: 0.5137
 9/98 [=>............................] - ETA: 2s - loss: 1.3621 - accuracy: 0.5189
12/98 [==>...........................] - ETA: 2s - loss: 1.3630 - accuracy: 0.5171
15/98 [===>..........................] - ETA: 1s - loss: 1.3711 - accuracy: 0.5171
18/98 [====>.........................] - ETA: 1s - loss: 1.3772 - accuracy: 0.5163
21/98 [=====>........................] - ETA: 1s - loss: 1.3758 - accuracy: 0.5187
24/98 [======>.......................] - ETA: 1s - loss: 1.3757 - accuracy: 0.5212
27/98 [=======>......................] - ETA: 1s - loss: 1.3755 - accuracy: 0.5225
30/98 [========>.....................] - ETA: 1s - loss: 1.3763 - accuracy: 0.5220
33/98 [=========>....................] - ETA: 1s - loss: 1.3768 - accuracy: 0.5210
36/98 [==========>...................] - ETA: 1s - loss: 1.3759 - accuracy: 0.5211
39/98 [==========>...................] - ETA: 1s - loss: 1.3781 - accuracy: 0.5208
42/98 [===========>..................] - ETA: 1s - loss: 1.3767 - accuracy: 0.5213
45/98 [============>.................] - ETA: 1s - loss: 1.3766 - accuracy: 0.5209
48/98 [=============>................] - ETA: 1s - loss: 1.3767 - accuracy: 0.5199
51/98 [==============>...............] - ETA: 1s - loss: 1.3753 - accuracy: 0.5212
