2024-06-26 19:06:19.416452: I tensorflow/core/platform/cpu_feature_guard.cc:193] This TensorFlow binary is optimized with oneAPI Deep Neural Network Library (oneDNN) to use the following CPU instructions in performance-critical operations:  AVX AVX2
To enable them in other operations, rebuild TensorFlow with the appropriate compiler flags.
2024-06-26 19:06:19.892947: I tensorflow/core/common_runtime/gpu/gpu_device.cc:1616] Created device /job:localhost/replica:0/task:0/device:GPU:0 with 6656 MB memory:  -> device: 0, name: NVIDIA GeForce RTX 4060 Ti, pci bus id: 0000:01:00.0, compute capability: 8.9
1 Physical GPUs, 1 Logical GPUs
Model: "sequential"
_________________________________________________________________
 Layer (type)                Output Shape              Param #   
=================================================================
 conv2d (Conv2D)             (None, 32, 32, 32)        896       
                                                                 
 max_pooling2d (MaxPooling2D  (None, 16, 16, 32)       0         
 )                                                               
                                                                 
 batch_normalization (BatchN  (None, 16, 16, 32)       128       
 ormalization)                                                   
                                                                 
 conv2d_1 (Conv2D)           (None, 16, 16, 128)       36992     
                                                                 
 dropout (Dropout)           (None, 16, 16, 128)       0         
                                                                 
 flatten (Flatten)           (None, 32768)             0         
                                                                 
 dense (Dense)               (None, 10)                327690    
                                                                 
=================================================================
Total params: 365,706
Trainable params: 365,642
Non-trainable params: 64
_________________________________________________________________
Taxa de aprendizado:  1e-05 Num de épocas:  76 Tamanho do lote:  512 Dropout:  0.20741
Epoch 1/76
2024-06-26 19:06:20.996091: I tensorflow/stream_executor/cuda/cuda_dnn.cc:384] Loaded cuDNN version 8100
2024-06-26 19:06:21.654302: W tensorflow/stream_executor/gpu/redzone_allocator.cc:314] INTERNAL: ptxas exited with non-zero error code -1, output: 
Relying on driver to perform ptx compilation. 
Modify $PATH to customize ptxas location.
This message will be only logged once.
2024-06-26 19:06:22.344588: I tensorflow/stream_executor/cuda/cuda_blas.cc:1614] TensorFloat-32 will be used for the matrix multiplication. This will only be logged once.

 1/98 [..............................] - ETA: 3:59 - loss: 2.4661 - accuracy: 0.1172
 5/98 [>.............................] - ETA: 1s - loss: 2.4179 - accuracy: 0.1137  
 9/98 [=>............................] - ETA: 1s - loss: 2.3872 - accuracy: 0.1144
12/98 [==>...........................] - ETA: 1s - loss: 2.3706 - accuracy: 0.1182
16/98 [===>..........................] - ETA: 1s - loss: 2.3480 - accuracy: 0.1270
20/98 [=====>........................] - ETA: 1s - loss: 2.3293 - accuracy: 0.1335
24/98 [======>.......................] - ETA: 1s - loss: 2.3070 - accuracy: 0.1439
26/98 [======>.......................] - ETA: 1s - loss: 2.2984 - accuracy: 0.1487
29/98 [=======>......................] - ETA: 1s - loss: 2.2869 - accuracy: 0.1558
33/98 [=========>....................] - ETA: 1s - loss: 2.2698 - accuracy: 0.1640
36/98 [==========>...................] - ETA: 1s - loss: 2.2575 - accuracy: 0.1689
40/98 [===========>..................] - ETA: 0s - loss: 2.2434 - accuracy: 0.1757
44/98 [============>.................] - ETA: 0s - loss: 2.2307 - accuracy: 0.1825
47/98 [=============>................] - ETA: 0s - loss: 2.2214 - accuracy: 0.1861
51/98 [==============>...............] - ETA: 0s - loss: 2.2059 - accuracy: 0.1937
55/98 [===============>..............] - ETA: 0s - loss: 2.1955 - accuracy: 0.1992
58/98 [================>.............] - ETA: 0s - loss: 2.1865 - accuracy: 0.2029
62/98 [=================>............] - ETA: 0s - loss: 2.1772 - accuracy: 0.2065
66/98 [===================>..........] - ETA: 0s - loss: 2.1684 - accuracy: 0.2104
67/98 [===================>..........] - ETA: 0s - loss: 2.1664 - accuracy: 0.2114
70/98 [====================>.........] - ETA: 0s - loss: 2.1590 - accuracy: 0.2151
74/98 [=====================>........] - ETA: 0s - loss: 2.1505 - accuracy: 0.2193
78/98 [======================>.......] - ETA: 0s - loss: 2.1427 - accuracy: 0.2229
82/98 [========================>.....] - ETA: 0s - loss: 2.1334 - accuracy: 0.2276
85/98 [=========================>....] - ETA: 0s - loss: 2.1277 - accuracy: 0.2298
89/98 [==========================>...] - ETA: 0s - loss: 2.1198 - accuracy: 0.2331
93/98 [===========================>..] - ETA: 0s - loss: 2.1123 - accuracy: 0.2367
96/98 [============================>.] - ETA: 0s - loss: 2.1066 - accuracy: 0.2387
98/98 [==============================] - 5s 25ms/step - loss: 2.1033 - accuracy: 0.2401 - val_loss: 2.2110 - val_accuracy: 0.2665
Epoch 2/76

 1/98 [..............................] - ETA: 3s - loss: 1.9017 - accuracy: 0.3477
 5/98 [>.............................] - ETA: 1s - loss: 1.9100 - accuracy: 0.3363
 9/98 [=>............................] - ETA: 1s - loss: 1.9150 - accuracy: 0.3318
13/98 [==>...........................] - ETA: 1s - loss: 1.9142 - accuracy: 0.3298
16/98 [===>..........................] - ETA: 1s - loss: 1.9098 - accuracy: 0.3329
20/98 [=====>........................] - ETA: 1s - loss: 1.9022 - accuracy: 0.3386
24/98 [======>.......................] - ETA: 1s - loss: 1.8991 - accuracy: 0.3389
28/98 [=======>......................] - ETA: 1s - loss: 1.8955 - accuracy: 0.3377
31/98 [========>.....................] - ETA: 1s - loss: 1.8945 - accuracy: 0.3379
35/98 [=========>....................] - ETA: 1s - loss: 1.8914 - accuracy: 0.3384
39/98 [==========>...................] - ETA: 0s - loss: 1.8884 - accuracy: 0.3392
42/98 [===========>..................] - ETA: 0s - loss: 1.8858 - accuracy: 0.3416
46/98 [=============>................] - ETA: 0s - loss: 1.8804 - accuracy: 0.3431
49/98 [==============>...............] - ETA: 0s - loss: 1.8787 - accuracy: 0.3439
52/98 [==============>...............] - ETA: 0s - loss: 1.8763 - accuracy: 0.3449
56/98 [================>.............] - ETA: 0s - loss: 1.8733 - accuracy: 0.3454
60/98 [=================>............] - ETA: 0s - loss: 1.8688 - accuracy: 0.3471
64/98 [==================>...........] - ETA: 0s - loss: 1.8656 - accuracy: 0.3485
67/98 [===================>..........] - ETA: 0s - loss: 1.8635 - accuracy: 0.3497
71/98 [====================>.........] - ETA: 0s - loss: 1.8610 - accuracy: 0.3510
75/98 [=====================>........] - ETA: 0s - loss: 1.8567 - accuracy: 0.3532
79/98 [=======================>......] - ETA: 0s - loss: 1.8551 - accuracy: 0.3532
83/98 [========================>.....] - ETA: 0s - loss: 1.8533 - accuracy: 0.3535
86/98 [=========================>....] - ETA: 0s - loss: 1.8520 - accuracy: 0.3536
90/98 [==========================>...] - ETA: 0s - loss: 1.8495 - accuracy: 0.3540
94/98 [===========================>..] - ETA: 0s - loss: 1.8465 - accuracy: 0.3550
98/98 [==============================] - ETA: 0s - loss: 1.8434 - accuracy: 0.3564
98/98 [==============================] - 2s 22ms/step - loss: 1.8434 - accuracy: 0.3564 - val_loss: 2.0889 - val_accuracy: 0.3545
Epoch 3/76

 1/98 [..............................] - ETA: 3s - loss: 1.8172 - accuracy: 0.4023
 5/98 [>.............................] - ETA: 1s - loss: 1.7824 - accuracy: 0.3883
 9/98 [=>............................] - ETA: 1s - loss: 1.7793 - accuracy: 0.3891
13/98 [==>...........................] - ETA: 1s - loss: 1.7690 - accuracy: 0.3951
16/98 [===>..........................] - ETA: 1s - loss: 1.7702 - accuracy: 0.3932
20/98 [=====>........................] - ETA: 1s - loss: 1.7620 - accuracy: 0.3956
24/98 [======>.......................] - ETA: 1s - loss: 1.7564 - accuracy: 0.3966
28/98 [=======>......................] - ETA: 1s - loss: 1.7560 - accuracy: 0.3953
31/98 [========>.....................] - ETA: 1s - loss: 1.7534 - accuracy: 0.3967
35/98 [=========>....................] - ETA: 1s - loss: 1.7512 - accuracy: 0.3961
39/98 [==========>...................] - ETA: 0s - loss: 1.7447 - accuracy: 0.3983
42/98 [===========>..................] - ETA: 0s - loss: 1.7422 - accuracy: 0.3986
46/98 [=============>................] - ETA: 0s - loss: 1.7441 - accuracy: 0.3978
50/98 [==============>...............] - ETA: 0s - loss: 1.7444 - accuracy: 0.3964
54/98 [===============>..............] - ETA: 0s - loss: 1.7442 - accuracy: 0.3969
58/98 [================>.............] - ETA: 0s - loss: 1.7420 - accuracy: 0.3984
61/98 [=================>............] - ETA: 0s - loss: 1.7414 - accuracy: 0.3987
65/98 [==================>...........] - ETA: 0s - loss: 1.7418 - accuracy: 0.3988
69/98 [====================>.........] - ETA: 0s - loss: 1.7392 - accuracy: 0.3996
73/98 [=====================>........] - ETA: 0s - loss: 1.7372 - accuracy: 0.4002
77/98 [======================>.......] - ETA: 0s - loss: 1.7360 - accuracy: 0.4007
81/98 [=======================>......] - ETA: 0s - loss: 1.7332 - accuracy: 0.4017
85/98 [=========================>....] - ETA: 0s - loss: 1.7329 - accuracy: 0.4010
88/98 [=========================>....] - ETA: 0s - loss: 1.7307 - accuracy: 0.4014
92/98 [===========================>..] - ETA: 0s - loss: 1.7283 - accuracy: 0.4016
96/98 [============================>.] - ETA: 0s - loss: 1.7275 - accuracy: 0.4012
98/98 [==============================] - 2s 21ms/step - loss: 1.7267 - accuracy: 0.4013 - val_loss: 1.9426 - val_accuracy: 0.4019
Epoch 4/76

 1/98 [..............................] - ETA: 3s - loss: 1.6634 - accuracy: 0.4238
 5/98 [>.............................] - ETA: 1s - loss: 1.6684 - accuracy: 0.4156
 9/98 [=>............................] - ETA: 1s - loss: 1.6549 - accuracy: 0.4266
12/98 [==>...........................] - ETA: 1s - loss: 1.6588 - accuracy: 0.4299
16/98 [===>..........................] - ETA: 1s - loss: 1.6601 - accuracy: 0.4303
20/98 [=====>........................] - ETA: 1s - loss: 1.6526 - accuracy: 0.4306
24/98 [======>.......................] - ETA: 1s - loss: 1.6580 - accuracy: 0.4271
27/98 [=======>......................] - ETA: 1s - loss: 1.6608 - accuracy: 0.4259
31/98 [========>.....................] - ETA: 1s - loss: 1.6568 - accuracy: 0.4290
35/98 [=========>....................] - ETA: 1s - loss: 1.6548 - accuracy: 0.4281
39/98 [==========>...................] - ETA: 0s - loss: 1.6545 - accuracy: 0.4293
42/98 [===========>..................] - ETA: 0s - loss: 1.6556 - accuracy: 0.4282
46/98 [=============>................] - ETA: 0s - loss: 1.6570 - accuracy: 0.4270
50/98 [==============>...............] - ETA: 0s - loss: 1.6571 - accuracy: 0.4268
53/98 [===============>..............] - ETA: 0s - loss: 1.6577 - accuracy: 0.4257
56/98 [================>.............] - ETA: 0s - loss: 1.6563 - accuracy: 0.4265
60/98 [=================>............] - ETA: 0s - loss: 1.6563 - accuracy: 0.4261
64/98 [==================>...........] - ETA: 0s - loss: 1.6545 - accuracy: 0.4263
68/98 [===================>..........] - ETA: 0s - loss: 1.6548 - accuracy: 0.4263
71/98 [====================>.........] - ETA: 0s - loss: 1.6551 - accuracy: 0.4259
75/98 [=====================>........] - ETA: 0s - loss: 1.6539 - accuracy: 0.4261
79/98 [=======================>......] - ETA: 0s - loss: 1.6517 - accuracy: 0.4268
82/98 [========================>.....] - ETA: 0s - loss: 1.6511 - accuracy: 0.4268
86/98 [=========================>....] - ETA: 0s - loss: 1.6502 - accuracy: 0.4269
90/98 [==========================>...] - ETA: 0s - loss: 1.6476 - accuracy: 0.4277
94/98 [===========================>..] - ETA: 0s - loss: 1.6464 - accuracy: 0.4277
97/98 [============================>.] - ETA: 0s - loss: 1.6461 - accuracy: 0.4280
98/98 [==============================] - 2s 22ms/step - loss: 1.6452 - accuracy: 0.4282 - val_loss: 1.7870 - val_accuracy: 0.4336
Epoch 5/76

 1/98 [..............................] - ETA: 3s - loss: 1.5899 - accuracy: 0.4355
 5/98 [>.............................] - ETA: 1s - loss: 1.5958 - accuracy: 0.4512
 9/98 [=>............................] - ETA: 1s - loss: 1.5936 - accuracy: 0.4494
13/98 [==>...........................] - ETA: 1s - loss: 1.5966 - accuracy: 0.4477
17/98 [====>.........................] - ETA: 1s - loss: 1.6011 - accuracy: 0.4470
20/98 [=====>........................] - ETA: 1s - loss: 1.5986 - accuracy: 0.4485
24/98 [======>.......................] - ETA: 1s - loss: 1.5995 - accuracy: 0.4468
27/98 [=======>......................] - ETA: 1s - loss: 1.5996 - accuracy: 0.4473
32/98 [========>.....................] - ETA: 1s - loss: 1.5980 - accuracy: 0.4471
36/98 [==========>...................] - ETA: 1s - loss: 1.5985 - accuracy: 0.4464
40/98 [===========>..................] - ETA: 0s - loss: 1.5949 - accuracy: 0.4467
44/98 [============>.................] - ETA: 0s - loss: 1.5940 - accuracy: 0.4478
47/98 [=============>................] - ETA: 0s - loss: 1.5927 - accuracy: 0.4485
51/98 [==============>...............] - ETA: 0s - loss: 1.5933 - accuracy: 0.4486
55/98 [===============>..............] - ETA: 0s - loss: 1.5928 - accuracy: 0.4485
58/98 [================>.............] - ETA: 0s - loss: 1.5929 - accuracy: 0.4488
62/98 [=================>............] - ETA: 0s - loss: 1.5924 - accuracy: 0.4491
66/98 [===================>..........] - ETA: 0s - loss: 1.5910 - accuracy: 0.4489
70/98 [====================>.........] - ETA: 0s - loss: 1.5898 - accuracy: 0.4495
73/98 [=====================>........] - ETA: 0s - loss: 1.5883 - accuracy: 0.4499
77/98 [======================>.......] - ETA: 0s - loss: 1.5863 - accuracy: 0.4505
81/98 [=======================>......] - ETA: 0s - loss: 1.5840 - accuracy: 0.4510
85/98 [=========================>....] - ETA: 0s - loss: 1.5841 - accuracy: 0.4516
89/98 [==========================>...] - ETA: 0s - loss: 1.5823 - accuracy: 0.4526
92/98 [===========================>..] - ETA: 0s - loss: 1.5828 - accuracy: 0.4522
96/98 [============================>.] - ETA: 0s - loss: 1.5824 - accuracy: 0.4519
98/98 [==============================] - 2s 22ms/step - loss: 1.5812 - accuracy: 0.4521 - val_loss: 1.6483 - val_accuracy: 0.4591
Epoch 6/76

 1/98 [..............................] - ETA: 3s - loss: 1.5438 - accuracy: 0.4785
 5/98 [>.............................] - ETA: 1s - loss: 1.5311 - accuracy: 0.4785
 9/98 [=>............................] - ETA: 1s - loss: 1.5379 - accuracy: 0.4701
12/98 [==>...........................] - ETA: 1s - loss: 1.5441 - accuracy: 0.4673
16/98 [===>..........................] - ETA: 1s - loss: 1.5472 - accuracy: 0.4634
20/98 [=====>........................] - ETA: 1s - loss: 1.5467 - accuracy: 0.4644
24/98 [======>.......................] - ETA: 1s - loss: 1.5463 - accuracy: 0.4637
27/98 [=======>......................] - ETA: 1s - loss: 1.5412 - accuracy: 0.4635
31/98 [========>.....................] - ETA: 1s - loss: 1.5385 - accuracy: 0.4645
35/98 [=========>....................] - ETA: 1s - loss: 1.5384 - accuracy: 0.4663
39/98 [==========>...................] - ETA: 0s - loss: 1.5403 - accuracy: 0.4658
43/98 [============>.................] - ETA: 0s - loss: 1.5416 - accuracy: 0.4658
47/98 [=============>................] - ETA: 0s - loss: 1.5423 - accuracy: 0.4641
51/98 [==============>...............] - ETA: 0s - loss: 1.5397 - accuracy: 0.4647
54/98 [===============>..............] - ETA: 0s - loss: 1.5383 - accuracy: 0.4657
59/98 [=================>............] - ETA: 0s - loss: 1.5365 - accuracy: 0.4665
63/98 [==================>...........] - ETA: 0s - loss: 1.5358 - accuracy: 0.4671
67/98 [===================>..........] - ETA: 0s - loss: 1.5343 - accuracy: 0.4674
71/98 [====================>.........] - ETA: 0s - loss: 1.5338 - accuracy: 0.4671
75/98 [=====================>........] - ETA: 0s - loss: 1.5345 - accuracy: 0.4672
78/98 [======================>.......] - ETA: 0s - loss: 1.5355 - accuracy: 0.4669
82/98 [========================>.....] - ETA: 0s - loss: 1.5340 - accuracy: 0.4672
86/98 [=========================>....] - ETA: 0s - loss: 1.5344 - accuracy: 0.4668
90/98 [==========================>...] - ETA: 0s - loss: 1.5323 - accuracy: 0.4679
93/98 [===========================>..] - ETA: 0s - loss: 1.5303 - accuracy: 0.4688
97/98 [============================>.] - ETA: 0s - loss: 1.5293 - accuracy: 0.4699
98/98 [==============================] - 2s 21ms/step - loss: 1.5300 - accuracy: 0.4699 - val_loss: 1.5463 - val_accuracy: 0.4800
Epoch 7/76

 1/98 [..............................] - ETA: 3s - loss: 1.4634 - accuracy: 0.4844
 5/98 [>.............................] - ETA: 1s - loss: 1.5139 - accuracy: 0.4723
 9/98 [=>............................] - ETA: 1s - loss: 1.5225 - accuracy: 0.4688
13/98 [==>...........................] - ETA: 1s - loss: 1.5208 - accuracy: 0.4716
17/98 [====>.........................] - ETA: 1s - loss: 1.5179 - accuracy: 0.4732
20/98 [=====>........................] - ETA: 1s - loss: 1.5163 - accuracy: 0.4757
24/98 [======>.......................] - ETA: 1s - loss: 1.5157 - accuracy: 0.4754
28/98 [=======>......................] - ETA: 1s - loss: 1.5138 - accuracy: 0.4757
32/98 [========>.....................] - ETA: 1s - loss: 1.5138 - accuracy: 0.4753
35/98 [=========>....................] - ETA: 1s - loss: 1.5114 - accuracy: 0.4765
39/98 [==========>...................] - ETA: 0s - loss: 1.5094 - accuracy: 0.4773
43/98 [============>.................] - ETA: 0s - loss: 1.5082 - accuracy: 0.4778
47/98 [=============>................] - ETA: 0s - loss: 1.5096 - accuracy: 0.4776
51/98 [==============>...............] - ETA: 0s - loss: 1.5079 - accuracy: 0.4782
55/98 [===============>..............] - ETA: 0s - loss: 1.5077 - accuracy: 0.4783
59/98 [=================>............] - ETA: 0s - loss: 1.5070 - accuracy: 0.4777
62/98 [=================>............] - ETA: 0s - loss: 1.5054 - accuracy: 0.4787
66/98 [===================>..........] - ETA: 0s - loss: 1.5047 - accuracy: 0.4788
70/98 [====================>.........] - ETA: 0s - loss: 1.5029 - accuracy: 0.4795
74/98 [=====================>........] - ETA: 0s - loss: 1.4995 - accuracy: 0.4814
77/98 [======================>.......] - ETA: 0s - loss: 1.4979 - accuracy: 0.4819
81/98 [=======================>......] - ETA: 0s - loss: 1.4952 - accuracy: 0.4829
85/98 [=========================>....] - ETA: 0s - loss: 1.4958 - accuracy: 0.4823
89/98 [==========================>...] - ETA: 0s - loss: 1.4936 - accuracy: 0.4833
93/98 [===========================>..] - ETA: 0s - loss: 1.4926 - accuracy: 0.4830
96/98 [============================>.] - ETA: 0s - loss: 1.4916 - accuracy: 0.4835
98/98 [==============================] - 2s 21ms/step - loss: 1.4902 - accuracy: 0.4838 - val_loss: 1.4781 - val_accuracy: 0.4949
Epoch 8/76

 1/98 [..............................] - ETA: 3s - loss: 1.3842 - accuracy: 0.5254
 5/98 [>.............................] - ETA: 1s - loss: 1.4531 - accuracy: 0.5121
 9/98 [=>............................] - ETA: 1s - loss: 1.4582 - accuracy: 0.5091
12/98 [==>...........................] - ETA: 1s - loss: 1.4477 - accuracy: 0.5114
16/98 [===>..........................] - ETA: 1s - loss: 1.4570 - accuracy: 0.5033
20/98 [=====>........................] - ETA: 1s - loss: 1.4510 - accuracy: 0.5041
24/98 [======>.......................] - ETA: 1s - loss: 1.4530 - accuracy: 0.5007
28/98 [=======>......................] - ETA: 1s - loss: 1.4562 - accuracy: 0.4989
32/98 [========>.....................] - ETA: 1s - loss: 1.4563 - accuracy: 0.4977
36/98 [==========>...................] - ETA: 1s - loss: 1.4527 - accuracy: 0.4975
39/98 [==========>...................] - ETA: 0s - loss: 1.4514 - accuracy: 0.4977
43/98 [============>.................] - ETA: 0s - loss: 1.4530 - accuracy: 0.4975
47/98 [=============>................] - ETA: 0s - loss: 1.4529 - accuracy: 0.4968
49/98 [==============>...............] - ETA: 0s - loss: 1.4514 - accuracy: 0.4979
52/98 [==============>...............] - ETA: 0s - loss: 1.4514 - accuracy: 0.4979
56/98 [================>.............] - ETA: 0s - loss: 1.4526 - accuracy: 0.4985
60/98 [=================>............] - ETA: 0s - loss: 1.4525 - accuracy: 0.4988
64/98 [==================>...........] - ETA: 0s - loss: 1.4532 - accuracy: 0.4981
68/98 [===================>..........] - ETA: 0s - loss: 1.4519 - accuracy: 0.4986
72/98 [=====================>........] - ETA: 0s - loss: 1.4511 - accuracy: 0.4985
76/98 [======================>.......] - ETA: 0s - loss: 1.4522 - accuracy: 0.4979
80/98 [=======================>......] - ETA: 0s - loss: 1.4523 - accuracy: 0.4983
84/98 [========================>.....] - ETA: 0s - loss: 1.4505 - accuracy: 0.4981
87/98 [=========================>....] - ETA: 0s - loss: 1.4504 - accuracy: 0.4983
91/98 [==========================>...] - ETA: 0s - loss: 1.4519 - accuracy: 0.4975
95/98 [============================>.] - ETA: 0s - loss: 1.4508 - accuracy: 0.4978
98/98 [==============================] - 2s 22ms/step - loss: 1.4497 - accuracy: 0.4983 - val_loss: 1.4318 - val_accuracy: 0.5084
Epoch 9/76

 1/98 [..............................] - ETA: 3s - loss: 1.4538 - accuracy: 0.5098
 5/98 [>.............................] - ETA: 1s - loss: 1.4515 - accuracy: 0.4941
 8/98 [=>............................] - ETA: 1s - loss: 1.4410 - accuracy: 0.5063
12/98 [==>...........................] - ETA: 1s - loss: 1.4284 - accuracy: 0.5127
16/98 [===>..........................] - ETA: 1s - loss: 1.4252 - accuracy: 0.5125
19/98 [====>.........................] - ETA: 1s - loss: 1.4242 - accuracy: 0.5116
23/98 [======>.......................] - ETA: 1s - loss: 1.4248 - accuracy: 0.5110
27/98 [=======>......................] - ETA: 1s - loss: 1.4274 - accuracy: 0.5122
31/98 [========>.....................] - ETA: 1s - loss: 1.4263 - accuracy: 0.5117
35/98 [=========>....................] - ETA: 1s - loss: 1.4201 - accuracy: 0.5129
38/98 [==========>...................] - ETA: 1s - loss: 1.4215 - accuracy: 0.5108
42/98 [===========>..................] - ETA: 0s - loss: 1.4235 - accuracy: 0.5110
46/98 [=============>................] - ETA: 0s - loss: 1.4199 - accuracy: 0.5116
50/98 [==============>...............] - ETA: 0s - loss: 1.4225 - accuracy: 0.5113
54/98 [===============>..............] - ETA: 0s - loss: 1.4248 - accuracy: 0.5103
58/98 [================>.............] - ETA: 0s - loss: 1.4240 - accuracy: 0.5098
62/98 [=================>............] - ETA: 0s - loss: 1.4237 - accuracy: 0.5092
66/98 [===================>..........] - ETA: 0s - loss: 1.4215 - accuracy: 0.5097
70/98 [====================>.........] - ETA: 0s - loss: 1.4211 - accuracy: 0.5091
74/98 [=====================>........] - ETA: 0s - loss: 1.4218 - accuracy: 0.5086
77/98 [======================>.......] - ETA: 0s - loss: 1.4208 - accuracy: 0.5092
81/98 [=======================>......] - ETA: 0s - loss: 1.4204 - accuracy: 0.5095
85/98 [=========================>....] - ETA: 0s - loss: 1.4206 - accuracy: 0.5092
89/98 [==========================>...] - ETA: 0s - loss: 1.4200 - accuracy: 0.5090
93/98 [===========================>..] - ETA: 0s - loss: 1.4189 - accuracy: 0.5092
97/98 [============================>.] - ETA: 0s - loss: 1.4169 - accuracy: 0.5105
98/98 [==============================] - 2s 21ms/step - loss: 1.4167 - accuracy: 0.5105 - val_loss: 1.3992 - val_accuracy: 0.5179
Epoch 10/76

 1/98 [..............................] - ETA: 3s - loss: 1.3887 - accuracy: 0.5293
 4/98 [>.............................] - ETA: 1s - loss: 1.3945 - accuracy: 0.5264
 8/98 [=>............................] - ETA: 1s - loss: 1.4043 - accuracy: 0.5190
12/98 [==>...........................] - ETA: 1s - loss: 1.4081 - accuracy: 0.5101
15/98 [===>..........................] - ETA: 1s - loss: 1.3984 - accuracy: 0.5156
19/98 [====>.........................] - ETA: 1s - loss: 1.4009 - accuracy: 0.5175
23/98 [======>.......................] - ETA: 1s - loss: 1.4021 - accuracy: 0.5172
27/98 [=======>......................] - ETA: 1s - loss: 1.4019 - accuracy: 0.5174
30/98 [========>.....................] - ETA: 1s - loss: 1.4007 - accuracy: 0.5176
34/98 [=========>....................] - ETA: 1s - loss: 1.4050 - accuracy: 0.5165
38/98 [==========>...................] - ETA: 1s - loss: 1.3983 - accuracy: 0.5197
42/98 [===========>..................] - ETA: 0s - loss: 1.3970 - accuracy: 0.5205
45/98 [============>.................] - ETA: 0s - loss: 1.3994 - accuracy: 0.5191
49/98 [==============>...............] - ETA: 0s - loss: 1.3972 - accuracy: 0.5187
53/98 [===============>..............] - ETA: 0s - loss: 1.3982 - accuracy: 0.5181
57/98 [================>.............] - ETA: 0s - loss: 1.3963 - accuracy: 0.5187
61/98 [=================>............] - ETA: 0s - loss: 1.3945 - accuracy: 0.5187
64/98 [==================>...........] - ETA: 0s - loss: 1.3923 - accuracy: 0.5196
68/98 [===================>..........] - ETA: 0s - loss: 1.3920 - accuracy: 0.5186
72/98 [=====================>........] - ETA: 0s - loss: 1.3913 - accuracy: 0.5180
76/98 [======================>.......] - ETA: 0s - loss: 1.3921 - accuracy: 0.5169
80/98 [=======================>......] - ETA: 0s - loss: 1.3914 - accuracy: 0.5172
83/98 [========================>.....] - ETA: 0s - loss: 1.3912 - accuracy: 0.5166
87/98 [=========================>....] - ETA: 0s - loss: 1.3903 - accuracy: 0.5171
91/98 [==========================>...] - ETA: 0s - loss: 1.3904 - accuracy: 0.5167
95/98 [============================>.] - ETA: 0s - loss: 1.3887 - accuracy: 0.5177
98/98 [==============================] - ETA: 0s - loss: 1.3862 - accuracy: 0.5187
98/98 [==============================] - 2s 21ms/step - loss: 1.3862 - accuracy: 0.5187 - val_loss: 1.3725 - val_accuracy: 0.5259
Epoch 11/76

 1/98 [..............................] - ETA: 3s - loss: 1.3965 - accuracy: 0.5195
 5/98 [>.............................] - ETA: 1s - loss: 1.3879 - accuracy: 0.5125
 9/98 [=>............................] - ETA: 1s - loss: 1.3561 - accuracy: 0.5326
13/98 [==>...........................] - ETA: 1s - loss: 1.3754 - accuracy: 0.5257
17/98 [====>.........................] - ETA: 1s - loss: 1.3735 - accuracy: 0.5247
20/98 [=====>........................] - ETA: 1s - loss: 1.3732 - accuracy: 0.5248
24/98 [======>.......................] - ETA: 1s - loss: 1.3763 - accuracy: 0.5227
28/98 [=======>......................] - ETA: 1s - loss: 1.3788 - accuracy: 0.5214
32/98 [========>.....................] - ETA: 1s - loss: 1.3755 - accuracy: 0.5221
36/98 [==========>...................] - ETA: 1s - loss: 1.3732 - accuracy: 0.5234
39/98 [==========>...................] - ETA: 0s - loss: 1.3711 - accuracy: 0.5232
43/98 [============>.................] - ETA: 0s - loss: 1.3657 - accuracy: 0.5239
47/98 [=============>................] - ETA: 0s - loss: 1.3667 - accuracy: 0.5239
51/98 [==============>...............] - ETA: 0s - loss: 1.3660 - accuracy: 0.5243
55/98 [===============>..............] - ETA: 0s - loss: 1.3673 - accuracy: 0.5234
59/98 [=================>............] - ETA: 0s - loss: 1.3663 - accuracy: 0.5253
63/98 [==================>...........] - ETA: 0s - loss: 1.3656 - accuracy: 0.5259
67/98 [===================>..........] - ETA: 0s - loss: 1.3662 - accuracy: 0.5254
70/98 [====================>.........] - ETA: 0s - loss: 1.3661 - accuracy: 0.5260
74/98 [=====================>........] - ETA: 0s - loss: 1.3659 - accuracy: 0.5251
78/98 [======================>.......] - ETA: 0s - loss: 1.3654 - accuracy: 0.5252
82/98 [========================>.....] - ETA: 0s - loss: 1.3631 - accuracy: 0.5266
85/98 [=========================>....] - ETA: 0s - loss: 1.3633 - accuracy: 0.5263
89/98 [==========================>...] - ETA: 0s - loss: 1.3627 - accuracy: 0.5270
93/98 [===========================>..] - ETA: 0s - loss: 1.3621 - accuracy: 0.5267
97/98 [============================>.] - ETA: 0s - loss: 1.3611 - accuracy: 0.5273
98/98 [==============================] - 2s 21ms/step - loss: 1.3603 - accuracy: 0.5274 - val_loss: 1.3494 - val_accuracy: 0.5303
Epoch 12/76

 1/98 [..............................] - ETA: 3s - loss: 1.3691 - accuracy: 0.5020
 5/98 [>.............................] - ETA: 1s - loss: 1.3651 - accuracy: 0.5145
 8/98 [=>............................] - ETA: 1s - loss: 1.3571 - accuracy: 0.5256
12/98 [==>...........................] - ETA: 1s - loss: 1.3493 - accuracy: 0.5265
16/98 [===>..........................] - ETA: 1s - loss: 1.3442 - accuracy: 0.5334
20/98 [=====>........................] - ETA: 1s - loss: 1.3436 - accuracy: 0.5329
24/98 [======>.......................] - ETA: 1s - loss: 1.3441 - accuracy: 0.5335
28/98 [=======>......................] - ETA: 1s - loss: 1.3364 - accuracy: 0.5381
31/98 [========>.....................] - ETA: 1s - loss: 1.3358 - accuracy: 0.5389
35/98 [=========>....................] - ETA: 1s - loss: 1.3320 - accuracy: 0.5401
39/98 [==========>...................] - ETA: 0s - loss: 1.3307 - accuracy: 0.5409
42/98 [===========>..................] - ETA: 0s - loss: 1.3310 - accuracy: 0.5410
46/98 [=============>................] - ETA: 0s - loss: 1.3315 - accuracy: 0.5410
50/98 [==============>...............] - ETA: 0s - loss: 1.3339 - accuracy: 0.5404
54/98 [===============>..............] - ETA: 0s - loss: 1.3341 - accuracy: 0.5388
57/98 [================>.............] - ETA: 0s - loss: 1.3340 - accuracy: 0.5385
61/98 [=================>............] - ETA: 0s - loss: 1.3328 - accuracy: 0.5391
65/98 [==================>...........] - ETA: 0s - loss: 1.3320 - accuracy: 0.5401
68/98 [===================>..........] - ETA: 0s - loss: 1.3322 - accuracy: 0.5397
71/98 [====================>.........] - ETA: 0s - loss: 1.3339 - accuracy: 0.5394
75/98 [=====================>........] - ETA: 0s - loss: 1.3342 - accuracy: 0.5393
79/98 [=======================>......] - ETA: 0s - loss: 1.3337 - accuracy: 0.5398
83/98 [========================>.....] - ETA: 0s - loss: 1.3347 - accuracy: 0.5396
86/98 [=========================>....] - ETA: 0s - loss: 1.3341 - accuracy: 0.5393
90/98 [==========================>...] - ETA: 0s - loss: 1.3345 - accuracy: 0.5392
94/98 [===========================>..] - ETA: 0s - loss: 1.3342 - accuracy: 0.5392
97/98 [============================>.] - ETA: 0s - loss: 1.3338 - accuracy: 0.5389
98/98 [==============================] - 2s 21ms/step - loss: 1.3339 - accuracy: 0.5388 - val_loss: 1.3270 - val_accuracy: 0.5391
Epoch 13/76

 1/98 [..............................] - ETA: 3s - loss: 1.2804 - accuracy: 0.5352
 5/98 [>.............................] - ETA: 1s - loss: 1.2902 - accuracy: 0.5543
 9/98 [=>............................] - ETA: 1s - loss: 1.2944 - accuracy: 0.5536
14/98 [===>..........................] - ETA: 1s - loss: 1.3091 - accuracy: 0.5469
17/98 [====>.........................] - ETA: 1s - loss: 1.3157 - accuracy: 0.5451
21/98 [=====>........................] - ETA: 1s - loss: 1.3126 - accuracy: 0.5451
25/98 [======>.......................] - ETA: 1s - loss: 1.3199 - accuracy: 0.5433
29/98 [=======>......................] - ETA: 1s - loss: 1.3171 - accuracy: 0.5435
32/98 [========>.....................] - ETA: 1s - loss: 1.3184 - accuracy: 0.5431
36/98 [==========>...................] - ETA: 1s - loss: 1.3190 - accuracy: 0.5421
40/98 [===========>..................] - ETA: 0s - loss: 1.3156 - accuracy: 0.5427
44/98 [============>.................] - ETA: 0s - loss: 1.3114 - accuracy: 0.5445
47/98 [=============>................] - ETA: 0s - loss: 1.3125 - accuracy: 0.5439
51/98 [==============>...............] - ETA: 0s - loss: 1.3139 - accuracy: 0.5444
54/98 [===============>..............] - ETA: 0s - loss: 1.3140 - accuracy: 0.5448
58/98 [================>.............] - ETA: 0s - loss: 1.3138 - accuracy: 0.5445
61/98 [=================>............] - ETA: 0s - loss: 1.3120 - accuracy: 0.5446
65/98 [==================>...........] - ETA: 0s - loss: 1.3116 - accuracy: 0.5450
69/98 [====================>.........] - ETA: 0s - loss: 1.3121 - accuracy: 0.5446
73/98 [=====================>........] - ETA: 0s - loss: 1.3130 - accuracy: 0.5441
77/98 [======================>.......] - ETA: 0s - loss: 1.3124 - accuracy: 0.5440
81/98 [=======================>......] - ETA: 0s - loss: 1.3126 - accuracy: 0.5435
85/98 [=========================>....] - ETA: 0s - loss: 1.3137 - accuracy: 0.5429
89/98 [==========================>...] - ETA: 0s - loss: 1.3136 - accuracy: 0.5430
93/98 [===========================>..] - ETA: 0s - loss: 1.3123 - accuracy: 0.5439
96/98 [============================>.] - ETA: 0s - loss: 1.3115 - accuracy: 0.5439
98/98 [==============================] - 2s 21ms/step - loss: 1.3112 - accuracy: 0.5441 - val_loss: 1.3054 - val_accuracy: 0.5454
Epoch 14/76

 1/98 [..............................] - ETA: 3s - loss: 1.2709 - accuracy: 0.5762
 5/98 [>.............................] - ETA: 1s - loss: 1.2780 - accuracy: 0.5625
 9/98 [=>............................] - ETA: 1s - loss: 1.2757 - accuracy: 0.5584
13/98 [==>...........................] - ETA: 1s - loss: 1.2838 - accuracy: 0.5534
17/98 [====>.........................] - ETA: 1s - loss: 1.2888 - accuracy: 0.5517
21/98 [=====>........................] - ETA: 1s - loss: 1.2844 - accuracy: 0.5542
25/98 [======>.......................] - ETA: 1s - loss: 1.2838 - accuracy: 0.5545
29/98 [=======>......................] - ETA: 1s - loss: 1.2854 - accuracy: 0.5553
33/98 [=========>....................] - ETA: 1s - loss: 1.2894 - accuracy: 0.5539
36/98 [==========>...................] - ETA: 1s - loss: 1.2895 - accuracy: 0.5540
40/98 [===========>..................] - ETA: 0s - loss: 1.2921 - accuracy: 0.5550
44/98 [============>.................] - ETA: 0s - loss: 1.2910 - accuracy: 0.5558
48/98 [=============>................] - ETA: 0s - loss: 1.2872 - accuracy: 0.5585
51/98 [==============>...............] - ETA: 0s - loss: 1.2861 - accuracy: 0.5580
55/98 [===============>..............] - ETA: 0s - loss: 1.2848 - accuracy: 0.5575
59/98 [=================>............] - ETA: 0s - loss: 1.2829 - accuracy: 0.5588
62/98 [=================>............] - ETA: 0s - loss: 1.2843 - accuracy: 0.5578
66/98 [===================>..........] - ETA: 0s - loss: 1.2834 - accuracy: 0.5583
70/98 [====================>.........] - ETA: 0s - loss: 1.2841 - accuracy: 0.5586
74/98 [=====================>........] - ETA: 0s - loss: 1.2850 - accuracy: 0.5573
78/98 [======================>.......] - ETA: 0s - loss: 1.2847 - accuracy: 0.5572
81/98 [=======================>......] - ETA: 0s - loss: 1.2850 - accuracy: 0.5572
85/98 [=========================>....] - ETA: 0s - loss: 1.2861 - accuracy: 0.5563
89/98 [==========================>...] - ETA: 0s - loss: 1.2863 - accuracy: 0.5560
93/98 [===========================>..] - ETA: 0s - loss: 1.2872 - accuracy: 0.5558
96/98 [============================>.] - ETA: 0s - loss: 1.2873 - accuracy: 0.5556
98/98 [==============================] - 2s 21ms/step - loss: 1.2881 - accuracy: 0.5549 - val_loss: 1.2893 - val_accuracy: 0.5508
Epoch 15/76

 1/98 [..............................] - ETA: 3s - loss: 1.3794 - accuracy: 0.4785
 5/98 [>.............................] - ETA: 1s - loss: 1.2822 - accuracy: 0.5461
 8/98 [=>............................] - ETA: 1s - loss: 1.2779 - accuracy: 0.5488
12/98 [==>...........................] - ETA: 1s - loss: 1.2754 - accuracy: 0.5557
16/98 [===>..........................] - ETA: 1s - loss: 1.2741 - accuracy: 0.5549
20/98 [=====>........................] - ETA: 1s - loss: 1.2765 - accuracy: 0.5552
23/98 [======>.......................] - ETA: 1s - loss: 1.2756 - accuracy: 0.5572
27/98 [=======>......................] - ETA: 1s - loss: 1.2774 - accuracy: 0.5570
31/98 [========>.....................] - ETA: 1s - loss: 1.2776 - accuracy: 0.5570
35/98 [=========>....................] - ETA: 1s - loss: 1.2786 - accuracy: 0.5554
38/98 [==========>...................] - ETA: 1s - loss: 1.2781 - accuracy: 0.5557
42/98 [===========>..................] - ETA: 0s - loss: 1.2807 - accuracy: 0.5549
46/98 [=============>................] - ETA: 0s - loss: 1.2791 - accuracy: 0.5555
50/98 [==============>...............] - ETA: 0s - loss: 1.2760 - accuracy: 0.5560
53/98 [===============>..............] - ETA: 0s - loss: 1.2754 - accuracy: 0.5571
57/98 [================>.............] - ETA: 0s - loss: 1.2750 - accuracy: 0.5576
61/98 [=================>............] - ETA: 0s - loss: 1.2740 - accuracy: 0.5587
65/98 [==================>...........] - ETA: 0s - loss: 1.2741 - accuracy: 0.5588
69/98 [====================>.........] - ETA: 0s - loss: 1.2743 - accuracy: 0.5591
73/98 [=====================>........] - ETA: 0s - loss: 1.2747 - accuracy: 0.5587
76/98 [======================>.......] - ETA: 0s - loss: 1.2752 - accuracy: 0.5587
80/98 [=======================>......] - ETA: 0s - loss: 1.2752 - accuracy: 0.5593
84/98 [========================>.....] - ETA: 0s - loss: 1.2723 - accuracy: 0.5598
88/98 [=========================>....] - ETA: 0s - loss: 1.2705 - accuracy: 0.5606
92/98 [===========================>..] - ETA: 0s - loss: 1.2693 - accuracy: 0.5607
95/98 [============================>.] - ETA: 0s - loss: 1.2695 - accuracy: 0.5606
98/98 [==============================] - 2s 21ms/step - loss: 1.2698 - accuracy: 0.5602 - val_loss: 1.2713 - val_accuracy: 0.5595
Epoch 16/76

 1/98 [..............................] - ETA: 3s - loss: 1.2126 - accuracy: 0.5703
 4/98 [>.............................] - ETA: 1s - loss: 1.2591 - accuracy: 0.5635
 8/98 [=>............................] - ETA: 1s - loss: 1.2576 - accuracy: 0.5657
12/98 [==>...........................] - ETA: 1s - loss: 1.2586 - accuracy: 0.5669
16/98 [===>..........................] - ETA: 1s - loss: 1.2595 - accuracy: 0.5654
19/98 [====>.........................] - ETA: 1s - loss: 1.2633 - accuracy: 0.5636
23/98 [======>.......................] - ETA: 1s - loss: 1.2639 - accuracy: 0.5647
27/98 [=======>......................] - ETA: 1s - loss: 1.2607 - accuracy: 0.5667
31/98 [========>.....................] - ETA: 1s - loss: 1.2567 - accuracy: 0.5688
35/98 [=========>....................] - ETA: 1s - loss: 1.2583 - accuracy: 0.5680
39/98 [==========>...................] - ETA: 0s - loss: 1.2583 - accuracy: 0.5679
43/98 [============>.................] - ETA: 0s - loss: 1.2563 - accuracy: 0.5678
47/98 [=============>................] - ETA: 0s - loss: 1.2540 - accuracy: 0.5671
51/98 [==============>...............] - ETA: 0s - loss: 1.2513 - accuracy: 0.5686
55/98 [===============>..............] - ETA: 0s - loss: 1.2534 - accuracy: 0.5675
59/98 [=================>............] - ETA: 0s - loss: 1.2532 - accuracy: 0.5670
63/98 [==================>...........] - ETA: 0s - loss: 1.2520 - accuracy: 0.5682
67/98 [===================>..........] - ETA: 0s - loss: 1.2512 - accuracy: 0.5682
70/98 [====================>.........] - ETA: 0s - loss: 1.2513 - accuracy: 0.5685
74/98 [=====================>........] - ETA: 0s - loss: 1.2516 - accuracy: 0.5685
78/98 [======================>.......] - ETA: 0s - loss: 1.2517 - accuracy: 0.5685
82/98 [========================>.....] - ETA: 0s - loss: 1.2532 - accuracy: 0.5681
85/98 [=========================>....] - ETA: 0s - loss: 1.2545 - accuracy: 0.5676
88/98 [=========================>....] - ETA: 0s - loss: 1.2540 - accuracy: 0.5682
91/98 [==========================>...] - ETA: 0s - loss: 1.2532 - accuracy: 0.5679
95/98 [============================>.] - ETA: 0s - loss: 1.2534 - accuracy: 0.5676
