2024-06-26 18:48:11.254600: I tensorflow/core/platform/cpu_feature_guard.cc:193] This TensorFlow binary is optimized with oneAPI Deep Neural Network Library (oneDNN) to use the following CPU instructions in performance-critical operations:  AVX AVX2
To enable them in other operations, rebuild TensorFlow with the appropriate compiler flags.
2024-06-26 18:48:11.727168: I tensorflow/core/common_runtime/gpu/gpu_device.cc:1616] Created device /job:localhost/replica:0/task:0/device:GPU:0 with 6656 MB memory:  -> device: 0, name: NVIDIA GeForce RTX 4060 Ti, pci bus id: 0000:01:00.0, compute capability: 8.9
1 Physical GPUs, 1 Logical GPUs
Model: "sequential"
_________________________________________________________________
 Layer (type)                Output Shape              Param #   
=================================================================
 conv2d (Conv2D)             (None, 32, 32, 32)        896       
                                                                 
 max_pooling2d (MaxPooling2D  (None, 16, 16, 32)       0         
 )                                                               
                                                                 
 batch_normalization (BatchN  (None, 16, 16, 32)       128       
 ormalization)                                                   
                                                                 
 conv2d_1 (Conv2D)           (None, 16, 16, 128)       36992     
                                                                 
 dropout (Dropout)           (None, 16, 16, 128)       0         
                                                                 
 flatten (Flatten)           (None, 32768)             0         
                                                                 
 dense (Dense)               (None, 10)                327690    
                                                                 
=================================================================
Total params: 365,706
Trainable params: 365,642
Non-trainable params: 64
_________________________________________________________________
Taxa de aprendizado:  1e-05 Num de épocas:  76 Tamanho do lote:  512 Dropout:  0.20741
Epoch 1/76
2024-06-26 18:48:12.805805: I tensorflow/stream_executor/cuda/cuda_dnn.cc:384] Loaded cuDNN version 8100
2024-06-26 18:48:13.469670: W tensorflow/stream_executor/gpu/redzone_allocator.cc:314] INTERNAL: ptxas exited with non-zero error code -1, output: 
Relying on driver to perform ptx compilation. 
Modify $PATH to customize ptxas location.
This message will be only logged once.
2024-06-26 18:48:14.152313: I tensorflow/stream_executor/cuda/cuda_blas.cc:1614] TensorFloat-32 will be used for the matrix multiplication. This will only be logged once.

 1/98 [..............................] - ETA: 3:56 - loss: 2.4083 - accuracy: 0.0918
 5/98 [>.............................] - ETA: 1s - loss: 2.3714 - accuracy: 0.1105  
 8/98 [=>............................] - ETA: 1s - loss: 2.3538 - accuracy: 0.1184
12/98 [==>...........................] - ETA: 1s - loss: 2.3308 - accuracy: 0.1253
16/98 [===>..........................] - ETA: 1s - loss: 2.3066 - accuracy: 0.1337
20/98 [=====>........................] - ETA: 1s - loss: 2.2864 - accuracy: 0.1438
23/98 [======>.......................] - ETA: 1s - loss: 2.2768 - accuracy: 0.1489
27/98 [=======>......................] - ETA: 1s - loss: 2.2642 - accuracy: 0.1564
31/98 [========>.....................] - ETA: 1s - loss: 2.2503 - accuracy: 0.1634
35/98 [=========>....................] - ETA: 1s - loss: 2.2364 - accuracy: 0.1700
39/98 [==========>...................] - ETA: 1s - loss: 2.2257 - accuracy: 0.1746
43/98 [============>.................] - ETA: 0s - loss: 2.2146 - accuracy: 0.1782
46/98 [=============>................] - ETA: 0s - loss: 2.2061 - accuracy: 0.1827
50/98 [==============>...............] - ETA: 0s - loss: 2.1943 - accuracy: 0.1885
54/98 [===============>..............] - ETA: 0s - loss: 2.1843 - accuracy: 0.1937
57/98 [================>.............] - ETA: 0s - loss: 2.1763 - accuracy: 0.1980
61/98 [=================>............] - ETA: 0s - loss: 2.1677 - accuracy: 0.2020
65/98 [==================>...........] - ETA: 0s - loss: 2.1597 - accuracy: 0.2059
68/98 [===================>..........] - ETA: 0s - loss: 2.1532 - accuracy: 0.2089
69/98 [====================>.........] - ETA: 0s - loss: 2.1518 - accuracy: 0.2093
73/98 [=====================>........] - ETA: 0s - loss: 2.1441 - accuracy: 0.2132
77/98 [======================>.......] - ETA: 0s - loss: 2.1381 - accuracy: 0.2163
80/98 [=======================>......] - ETA: 0s - loss: 2.1325 - accuracy: 0.2194
84/98 [========================>.....] - ETA: 0s - loss: 2.1240 - accuracy: 0.2238
88/98 [=========================>....] - ETA: 0s - loss: 2.1171 - accuracy: 0.2275
92/98 [===========================>..] - ETA: 0s - loss: 2.1086 - accuracy: 0.2317
96/98 [============================>.] - ETA: 0s - loss: 2.1016 - accuracy: 0.2351
98/98 [==============================] - 5s 25ms/step - loss: 2.0984 - accuracy: 0.2368 - val_loss: 2.2208 - val_accuracy: 0.2422
Epoch 2/76

 1/98 [..............................] - ETA: 3s - loss: 1.9603 - accuracy: 0.3027
 5/98 [>.............................] - ETA: 1s - loss: 1.9383 - accuracy: 0.3066
 9/98 [=>............................] - ETA: 1s - loss: 1.9348 - accuracy: 0.3151
12/98 [==>...........................] - ETA: 1s - loss: 1.9330 - accuracy: 0.3205
16/98 [===>..........................] - ETA: 1s - loss: 1.9283 - accuracy: 0.3235
20/98 [=====>........................] - ETA: 1s - loss: 1.9269 - accuracy: 0.3249
24/98 [======>.......................] - ETA: 1s - loss: 1.9267 - accuracy: 0.3241
28/98 [=======>......................] - ETA: 1s - loss: 1.9220 - accuracy: 0.3248
31/98 [========>.....................] - ETA: 1s - loss: 1.9208 - accuracy: 0.3251
35/98 [=========>....................] - ETA: 1s - loss: 1.9154 - accuracy: 0.3273
39/98 [==========>...................] - ETA: 0s - loss: 1.9138 - accuracy: 0.3275
42/98 [===========>..................] - ETA: 0s - loss: 1.9116 - accuracy: 0.3283
45/98 [============>.................] - ETA: 0s - loss: 1.9087 - accuracy: 0.3304
49/98 [==============>...............] - ETA: 0s - loss: 1.9066 - accuracy: 0.3308
53/98 [===============>..............] - ETA: 0s - loss: 1.9014 - accuracy: 0.3336
57/98 [================>.............] - ETA: 0s - loss: 1.8967 - accuracy: 0.3360
60/98 [=================>............] - ETA: 0s - loss: 1.8940 - accuracy: 0.3371
64/98 [==================>...........] - ETA: 0s - loss: 1.8901 - accuracy: 0.3380
68/98 [===================>..........] - ETA: 0s - loss: 1.8863 - accuracy: 0.3397
72/98 [=====================>........] - ETA: 0s - loss: 1.8825 - accuracy: 0.3411
75/98 [=====================>........] - ETA: 0s - loss: 1.8802 - accuracy: 0.3414
79/98 [=======================>......] - ETA: 0s - loss: 1.8779 - accuracy: 0.3419
83/98 [========================>.....] - ETA: 0s - loss: 1.8755 - accuracy: 0.3430
86/98 [=========================>....] - ETA: 0s - loss: 1.8724 - accuracy: 0.3440
90/98 [==========================>...] - ETA: 0s - loss: 1.8700 - accuracy: 0.3448
94/98 [===========================>..] - ETA: 0s - loss: 1.8680 - accuracy: 0.3455
98/98 [==============================] - ETA: 0s - loss: 1.8649 - accuracy: 0.3468
98/98 [==============================] - 2s 21ms/step - loss: 1.8649 - accuracy: 0.3468 - val_loss: 2.1185 - val_accuracy: 0.3463
Epoch 3/76

 1/98 [..............................] - ETA: 3s - loss: 1.8297 - accuracy: 0.3770
 5/98 [>.............................] - ETA: 1s - loss: 1.7923 - accuracy: 0.3816
 9/98 [=>............................] - ETA: 1s - loss: 1.7953 - accuracy: 0.3780
12/98 [==>...........................] - ETA: 1s - loss: 1.7862 - accuracy: 0.3813
16/98 [===>..........................] - ETA: 1s - loss: 1.7822 - accuracy: 0.3855
20/98 [=====>........................] - ETA: 1s - loss: 1.7811 - accuracy: 0.3829
24/98 [======>.......................] - ETA: 1s - loss: 1.7785 - accuracy: 0.3831
27/98 [=======>......................] - ETA: 1s - loss: 1.7776 - accuracy: 0.3829
31/98 [========>.....................] - ETA: 1s - loss: 1.7795 - accuracy: 0.3831
35/98 [=========>....................] - ETA: 1s - loss: 1.7744 - accuracy: 0.3847
39/98 [==========>...................] - ETA: 0s - loss: 1.7719 - accuracy: 0.3846
42/98 [===========>..................] - ETA: 0s - loss: 1.7732 - accuracy: 0.3838
46/98 [=============>................] - ETA: 0s - loss: 1.7696 - accuracy: 0.3851
50/98 [==============>...............] - ETA: 0s - loss: 1.7685 - accuracy: 0.3848
54/98 [===============>..............] - ETA: 0s - loss: 1.7675 - accuracy: 0.3859
57/98 [================>.............] - ETA: 0s - loss: 1.7648 - accuracy: 0.3875
61/98 [=================>............] - ETA: 0s - loss: 1.7636 - accuracy: 0.3883
65/98 [==================>...........] - ETA: 0s - loss: 1.7621 - accuracy: 0.3887
69/98 [====================>.........] - ETA: 0s - loss: 1.7598 - accuracy: 0.3900
72/98 [=====================>........] - ETA: 0s - loss: 1.7591 - accuracy: 0.3902
76/98 [======================>.......] - ETA: 0s - loss: 1.7574 - accuracy: 0.3904
80/98 [=======================>......] - ETA: 0s - loss: 1.7558 - accuracy: 0.3907
84/98 [========================>.....] - ETA: 0s - loss: 1.7552 - accuracy: 0.3911
88/98 [=========================>....] - ETA: 0s - loss: 1.7532 - accuracy: 0.3918
92/98 [===========================>..] - ETA: 0s - loss: 1.7521 - accuracy: 0.3925
96/98 [============================>.] - ETA: 0s - loss: 1.7502 - accuracy: 0.3928
98/98 [==============================] - 2s 21ms/step - loss: 1.7494 - accuracy: 0.3928 - val_loss: 1.9885 - val_accuracy: 0.3927
Epoch 4/76

 1/98 [..............................] - ETA: 3s - loss: 1.7481 - accuracy: 0.3926
 5/98 [>.............................] - ETA: 1s - loss: 1.7210 - accuracy: 0.4004
 9/98 [=>............................] - ETA: 1s - loss: 1.7208 - accuracy: 0.3976
13/98 [==>...........................] - ETA: 1s - loss: 1.7025 - accuracy: 0.4122
16/98 [===>..........................] - ETA: 1s - loss: 1.6962 - accuracy: 0.4160
20/98 [=====>........................] - ETA: 1s - loss: 1.6950 - accuracy: 0.4166
24/98 [======>.......................] - ETA: 1s - loss: 1.6900 - accuracy: 0.4161
28/98 [=======>......................] - ETA: 1s - loss: 1.6838 - accuracy: 0.4177
31/98 [========>.....................] - ETA: 1s - loss: 1.6813 - accuracy: 0.4177
35/98 [=========>....................] - ETA: 1s - loss: 1.6838 - accuracy: 0.4168
39/98 [==========>...................] - ETA: 0s - loss: 1.6825 - accuracy: 0.4169
43/98 [============>.................] - ETA: 0s - loss: 1.6801 - accuracy: 0.4176
46/98 [=============>................] - ETA: 0s - loss: 1.6789 - accuracy: 0.4183
50/98 [==============>...............] - ETA: 0s - loss: 1.6760 - accuracy: 0.4186
54/98 [===============>..............] - ETA: 0s - loss: 1.6747 - accuracy: 0.4191
58/98 [================>.............] - ETA: 0s - loss: 1.6720 - accuracy: 0.4193
61/98 [=================>............] - ETA: 0s - loss: 1.6723 - accuracy: 0.4200
65/98 [==================>...........] - ETA: 0s - loss: 1.6710 - accuracy: 0.4207
69/98 [====================>.........] - ETA: 0s - loss: 1.6731 - accuracy: 0.4196
73/98 [=====================>........] - ETA: 0s - loss: 1.6711 - accuracy: 0.4203
76/98 [======================>.......] - ETA: 0s - loss: 1.6698 - accuracy: 0.4202
80/98 [=======================>......] - ETA: 0s - loss: 1.6686 - accuracy: 0.4208
84/98 [========================>.....] - ETA: 0s - loss: 1.6664 - accuracy: 0.4221
88/98 [=========================>....] - ETA: 0s - loss: 1.6661 - accuracy: 0.4222
92/98 [===========================>..] - ETA: 0s - loss: 1.6649 - accuracy: 0.4223
96/98 [============================>.] - ETA: 0s - loss: 1.6632 - accuracy: 0.4232
98/98 [==============================] - 2s 21ms/step - loss: 1.6629 - accuracy: 0.4235 - val_loss: 1.8367 - val_accuracy: 0.4214
Epoch 5/76

 1/98 [..............................] - ETA: 3s - loss: 1.5425 - accuracy: 0.4746
 5/98 [>.............................] - ETA: 1s - loss: 1.5935 - accuracy: 0.4520
 8/98 [=>............................] - ETA: 1s - loss: 1.5967 - accuracy: 0.4500
12/98 [==>...........................] - ETA: 1s - loss: 1.6055 - accuracy: 0.4429
16/98 [===>..........................] - ETA: 1s - loss: 1.6143 - accuracy: 0.4441
20/98 [=====>........................] - ETA: 1s - loss: 1.6133 - accuracy: 0.4427
24/98 [======>.......................] - ETA: 1s - loss: 1.6093 - accuracy: 0.4457
28/98 [=======>......................] - ETA: 1s - loss: 1.6103 - accuracy: 0.4451
32/98 [========>.....................] - ETA: 1s - loss: 1.6052 - accuracy: 0.4472
36/98 [==========>...................] - ETA: 1s - loss: 1.6037 - accuracy: 0.4473
40/98 [===========>..................] - ETA: 0s - loss: 1.6086 - accuracy: 0.4438
44/98 [============>.................] - ETA: 0s - loss: 1.6058 - accuracy: 0.4434
48/98 [=============>................] - ETA: 0s - loss: 1.6062 - accuracy: 0.4439
51/98 [==============>...............] - ETA: 0s - loss: 1.6085 - accuracy: 0.4427
55/98 [===============>..............] - ETA: 0s - loss: 1.6048 - accuracy: 0.4452
59/98 [=================>............] - ETA: 0s - loss: 1.6043 - accuracy: 0.4463
62/98 [=================>............] - ETA: 0s - loss: 1.6034 - accuracy: 0.4471
66/98 [===================>..........] - ETA: 0s - loss: 1.6020 - accuracy: 0.4474
70/98 [====================>.........] - ETA: 0s - loss: 1.6005 - accuracy: 0.4478
74/98 [=====================>........] - ETA: 0s - loss: 1.5996 - accuracy: 0.4477
78/98 [======================>.......] - ETA: 0s - loss: 1.5986 - accuracy: 0.4481
81/98 [=======================>......] - ETA: 0s - loss: 1.5984 - accuracy: 0.4479
85/98 [=========================>....] - ETA: 0s - loss: 1.5985 - accuracy: 0.4474
89/98 [==========================>...] - ETA: 0s - loss: 1.5966 - accuracy: 0.4483
93/98 [===========================>..] - ETA: 0s - loss: 1.5950 - accuracy: 0.4484
98/98 [==============================] - ETA: 0s - loss: 1.5943 - accuracy: 0.4487
98/98 [==============================] - 2s 21ms/step - loss: 1.5943 - accuracy: 0.4487 - val_loss: 1.6886 - val_accuracy: 0.4518
Epoch 6/76

 1/98 [..............................] - ETA: 3s - loss: 1.6231 - accuracy: 0.4316
 5/98 [>.............................] - ETA: 1s - loss: 1.5573 - accuracy: 0.4539
 8/98 [=>............................] - ETA: 1s - loss: 1.5485 - accuracy: 0.4636
12/98 [==>...........................] - ETA: 1s - loss: 1.5511 - accuracy: 0.4668
16/98 [===>..........................] - ETA: 1s - loss: 1.5474 - accuracy: 0.4672
20/98 [=====>........................] - ETA: 1s - loss: 1.5545 - accuracy: 0.4622
23/98 [======>.......................] - ETA: 1s - loss: 1.5556 - accuracy: 0.4598
27/98 [=======>......................] - ETA: 1s - loss: 1.5535 - accuracy: 0.4617
31/98 [========>.....................] - ETA: 1s - loss: 1.5501 - accuracy: 0.4650
35/98 [=========>....................] - ETA: 1s - loss: 1.5503 - accuracy: 0.4643
38/98 [==========>...................] - ETA: 1s - loss: 1.5491 - accuracy: 0.4649
42/98 [===========>..................] - ETA: 0s - loss: 1.5466 - accuracy: 0.4669
46/98 [=============>................] - ETA: 0s - loss: 1.5480 - accuracy: 0.4664
50/98 [==============>...............] - ETA: 0s - loss: 1.5478 - accuracy: 0.4665
54/98 [===============>..............] - ETA: 0s - loss: 1.5470 - accuracy: 0.4662
58/98 [================>.............] - ETA: 0s - loss: 1.5475 - accuracy: 0.4651
62/98 [=================>............] - ETA: 0s - loss: 1.5467 - accuracy: 0.4661
66/98 [===================>..........] - ETA: 0s - loss: 1.5454 - accuracy: 0.4669
70/98 [====================>.........] - ETA: 0s - loss: 1.5461 - accuracy: 0.4658
74/98 [=====================>........] - ETA: 0s - loss: 1.5436 - accuracy: 0.4674
78/98 [======================>.......] - ETA: 0s - loss: 1.5420 - accuracy: 0.4678
82/98 [========================>.....] - ETA: 0s - loss: 1.5423 - accuracy: 0.4673
86/98 [=========================>....] - ETA: 0s - loss: 1.5416 - accuracy: 0.4679
90/98 [==========================>...] - ETA: 0s - loss: 1.5412 - accuracy: 0.4679
93/98 [===========================>..] - ETA: 0s - loss: 1.5398 - accuracy: 0.4689
97/98 [============================>.] - ETA: 0s - loss: 1.5390 - accuracy: 0.4689
98/98 [==============================] - 2s 21ms/step - loss: 1.5384 - accuracy: 0.4689 - val_loss: 1.5716 - val_accuracy: 0.4704
Epoch 7/76

 1/98 [..............................] - ETA: 3s - loss: 1.5149 - accuracy: 0.4824
 4/98 [>.............................] - ETA: 1s - loss: 1.5076 - accuracy: 0.4785
 8/98 [=>............................] - ETA: 1s - loss: 1.5038 - accuracy: 0.4788
12/98 [==>...........................] - ETA: 1s - loss: 1.4964 - accuracy: 0.4839
16/98 [===>..........................] - ETA: 1s - loss: 1.4963 - accuracy: 0.4839
19/98 [====>.........................] - ETA: 1s - loss: 1.4936 - accuracy: 0.4830
23/98 [======>.......................] - ETA: 1s - loss: 1.4928 - accuracy: 0.4855
27/98 [=======>......................] - ETA: 1s - loss: 1.4930 - accuracy: 0.4826
31/98 [========>.....................] - ETA: 1s - loss: 1.4986 - accuracy: 0.4806
34/98 [=========>....................] - ETA: 1s - loss: 1.4969 - accuracy: 0.4818
38/98 [==========>...................] - ETA: 1s - loss: 1.4977 - accuracy: 0.4810
42/98 [===========>..................] - ETA: 0s - loss: 1.4985 - accuracy: 0.4799
46/98 [=============>................] - ETA: 0s - loss: 1.4989 - accuracy: 0.4803
50/98 [==============>...............] - ETA: 0s - loss: 1.4994 - accuracy: 0.4801
53/98 [===============>..............] - ETA: 0s - loss: 1.4973 - accuracy: 0.4811
57/98 [================>.............] - ETA: 0s - loss: 1.4970 - accuracy: 0.4808
61/98 [=================>............] - ETA: 0s - loss: 1.4973 - accuracy: 0.4808
65/98 [==================>...........] - ETA: 0s - loss: 1.4961 - accuracy: 0.4816
69/98 [====================>.........] - ETA: 0s - loss: 1.4987 - accuracy: 0.4804
73/98 [=====================>........] - ETA: 0s - loss: 1.4982 - accuracy: 0.4806
77/98 [======================>.......] - ETA: 0s - loss: 1.4964 - accuracy: 0.4815
81/98 [=======================>......] - ETA: 0s - loss: 1.4959 - accuracy: 0.4819
85/98 [=========================>....] - ETA: 0s - loss: 1.4943 - accuracy: 0.4823
88/98 [=========================>....] - ETA: 0s - loss: 1.4944 - accuracy: 0.4818
92/98 [===========================>..] - ETA: 0s - loss: 1.4931 - accuracy: 0.4823
96/98 [============================>.] - ETA: 0s - loss: 1.4920 - accuracy: 0.4825
98/98 [==============================] - 2s 22ms/step - loss: 1.4911 - accuracy: 0.4828 - val_loss: 1.4912 - val_accuracy: 0.4913
Epoch 8/76

 1/98 [..............................] - ETA: 3s - loss: 1.5129 - accuracy: 0.4844
 4/98 [>.............................] - ETA: 1s - loss: 1.4710 - accuracy: 0.4858
 8/98 [=>............................] - ETA: 1s - loss: 1.4600 - accuracy: 0.4949
12/98 [==>...........................] - ETA: 1s - loss: 1.4650 - accuracy: 0.4964
16/98 [===>..........................] - ETA: 1s - loss: 1.4626 - accuracy: 0.4954
19/98 [====>.........................] - ETA: 1s - loss: 1.4693 - accuracy: 0.4894
23/98 [======>.......................] - ETA: 1s - loss: 1.4683 - accuracy: 0.4894
27/98 [=======>......................] - ETA: 1s - loss: 1.4663 - accuracy: 0.4892
31/98 [========>.....................] - ETA: 1s - loss: 1.4677 - accuracy: 0.4886
35/98 [=========>....................] - ETA: 1s - loss: 1.4697 - accuracy: 0.4894
38/98 [==========>...................] - ETA: 1s - loss: 1.4699 - accuracy: 0.4893
42/98 [===========>..................] - ETA: 0s - loss: 1.4694 - accuracy: 0.4895
46/98 [=============>................] - ETA: 0s - loss: 1.4687 - accuracy: 0.4894
49/98 [==============>...............] - ETA: 0s - loss: 1.4675 - accuracy: 0.4899
53/98 [===============>..............] - ETA: 0s - loss: 1.4648 - accuracy: 0.4908
57/98 [================>.............] - ETA: 0s - loss: 1.4631 - accuracy: 0.4918
61/98 [=================>............] - ETA: 0s - loss: 1.4623 - accuracy: 0.4929
64/98 [==================>...........] - ETA: 0s - loss: 1.4601 - accuracy: 0.4938
68/98 [===================>..........] - ETA: 0s - loss: 1.4593 - accuracy: 0.4944
72/98 [=====================>........] - ETA: 0s - loss: 1.4574 - accuracy: 0.4950
76/98 [======================>.......] - ETA: 0s - loss: 1.4565 - accuracy: 0.4949
79/98 [=======================>......] - ETA: 0s - loss: 1.4569 - accuracy: 0.4949
83/98 [========================>.....] - ETA: 0s - loss: 1.4558 - accuracy: 0.4958
87/98 [=========================>....] - ETA: 0s - loss: 1.4544 - accuracy: 0.4964
91/98 [==========================>...] - ETA: 0s - loss: 1.4544 - accuracy: 0.4961
94/98 [===========================>..] - ETA: 0s - loss: 1.4539 - accuracy: 0.4963
97/98 [============================>.] - ETA: 0s - loss: 1.4539 - accuracy: 0.4964
98/98 [==============================] - 2s 21ms/step - loss: 1.4539 - accuracy: 0.4961 - val_loss: 1.4404 - val_accuracy: 0.5051
Epoch 9/76

 1/98 [..............................] - ETA: 3s - loss: 1.3883 - accuracy: 0.5098
 5/98 [>.............................] - ETA: 1s - loss: 1.4407 - accuracy: 0.4965
 9/98 [=>............................] - ETA: 1s - loss: 1.4329 - accuracy: 0.5024
13/98 [==>...........................] - ETA: 1s - loss: 1.4311 - accuracy: 0.5025
17/98 [====>.........................] - ETA: 1s - loss: 1.4237 - accuracy: 0.5035
21/98 [=====>........................] - ETA: 1s - loss: 1.4229 - accuracy: 0.5044
25/98 [======>.......................] - ETA: 1s - loss: 1.4226 - accuracy: 0.5024
29/98 [=======>......................] - ETA: 1s - loss: 1.4244 - accuracy: 0.5041
33/98 [=========>....................] - ETA: 1s - loss: 1.4279 - accuracy: 0.5041
36/98 [==========>...................] - ETA: 1s - loss: 1.4313 - accuracy: 0.5031
40/98 [===========>..................] - ETA: 0s - loss: 1.4277 - accuracy: 0.5068
44/98 [============>.................] - ETA: 0s - loss: 1.4254 - accuracy: 0.5070
48/98 [=============>................] - ETA: 0s - loss: 1.4261 - accuracy: 0.5057
52/98 [==============>...............] - ETA: 0s - loss: 1.4247 - accuracy: 0.5067
56/98 [================>.............] - ETA: 0s - loss: 1.4244 - accuracy: 0.5068
60/98 [=================>............] - ETA: 0s - loss: 1.4237 - accuracy: 0.5063
64/98 [==================>...........] - ETA: 0s - loss: 1.4229 - accuracy: 0.5062
67/98 [===================>..........] - ETA: 0s - loss: 1.4222 - accuracy: 0.5068
71/98 [====================>.........] - ETA: 0s - loss: 1.4212 - accuracy: 0.5067
75/98 [=====================>........] - ETA: 0s - loss: 1.4221 - accuracy: 0.5065
79/98 [=======================>......] - ETA: 0s - loss: 1.4219 - accuracy: 0.5065
83/98 [========================>.....] - ETA: 0s - loss: 1.4210 - accuracy: 0.5065
87/98 [=========================>....] - ETA: 0s - loss: 1.4206 - accuracy: 0.5067
91/98 [==========================>...] - ETA: 0s - loss: 1.4193 - accuracy: 0.5070
95/98 [============================>.] - ETA: 0s - loss: 1.4195 - accuracy: 0.5067
98/98 [==============================] - ETA: 0s - loss: 1.4204 - accuracy: 0.5061
98/98 [==============================] - 2s 21ms/step - loss: 1.4204 - accuracy: 0.5061 - val_loss: 1.4064 - val_accuracy: 0.5147
Epoch 10/76

 1/98 [..............................] - ETA: 3s - loss: 1.3644 - accuracy: 0.5176
 5/98 [>.............................] - ETA: 1s - loss: 1.4085 - accuracy: 0.5102
 9/98 [=>............................] - ETA: 1s - loss: 1.4143 - accuracy: 0.5076
13/98 [==>...........................] - ETA: 1s - loss: 1.4220 - accuracy: 0.5051
16/98 [===>..........................] - ETA: 1s - loss: 1.4192 - accuracy: 0.5078
20/98 [=====>........................] - ETA: 1s - loss: 1.4139 - accuracy: 0.5102
24/98 [======>.......................] - ETA: 1s - loss: 1.4163 - accuracy: 0.5111
28/98 [=======>......................] - ETA: 1s - loss: 1.4139 - accuracy: 0.5107
31/98 [========>.....................] - ETA: 1s - loss: 1.4099 - accuracy: 0.5127
35/98 [=========>....................] - ETA: 1s - loss: 1.4060 - accuracy: 0.5137
39/98 [==========>...................] - ETA: 0s - loss: 1.4055 - accuracy: 0.5125
43/98 [============>.................] - ETA: 0s - loss: 1.4036 - accuracy: 0.5124
47/98 [=============>................] - ETA: 0s - loss: 1.4048 - accuracy: 0.5133
51/98 [==============>...............] - ETA: 0s - loss: 1.4027 - accuracy: 0.5138
55/98 [===============>..............] - ETA: 0s - loss: 1.4013 - accuracy: 0.5139
59/98 [=================>............] - ETA: 0s - loss: 1.4039 - accuracy: 0.5134
62/98 [=================>............] - ETA: 0s - loss: 1.4036 - accuracy: 0.5135
66/98 [===================>..........] - ETA: 0s - loss: 1.4036 - accuracy: 0.5139
70/98 [====================>.........] - ETA: 0s - loss: 1.4021 - accuracy: 0.5142
74/98 [=====================>........] - ETA: 0s - loss: 1.4009 - accuracy: 0.5140
78/98 [======================>.......] - ETA: 0s - loss: 1.4002 - accuracy: 0.5148
81/98 [=======================>......] - ETA: 0s - loss: 1.3985 - accuracy: 0.5157
85/98 [=========================>....] - ETA: 0s - loss: 1.3970 - accuracy: 0.5168
89/98 [==========================>...] - ETA: 0s - loss: 1.3958 - accuracy: 0.5176
93/98 [===========================>..] - ETA: 0s - loss: 1.3948 - accuracy: 0.5184
97/98 [============================>.] - ETA: 0s - loss: 1.3945 - accuracy: 0.5182
98/98 [==============================] - 2s 21ms/step - loss: 1.3945 - accuracy: 0.5179 - val_loss: 1.3790 - val_accuracy: 0.5236
Epoch 11/76

 1/98 [..............................] - ETA: 3s - loss: 1.3799 - accuracy: 0.5430
 5/98 [>.............................] - ETA: 1s - loss: 1.3627 - accuracy: 0.5230
 9/98 [=>............................] - ETA: 1s - loss: 1.3710 - accuracy: 0.5169
12/98 [==>...........................] - ETA: 1s - loss: 1.3608 - accuracy: 0.5220
16/98 [===>..........................] - ETA: 1s - loss: 1.3690 - accuracy: 0.5203
20/98 [=====>........................] - ETA: 1s - loss: 1.3644 - accuracy: 0.5248
23/98 [======>.......................] - ETA: 1s - loss: 1.3688 - accuracy: 0.5237
27/98 [=======>......................] - ETA: 1s - loss: 1.3708 - accuracy: 0.5224
31/98 [========>.....................] - ETA: 1s - loss: 1.3728 - accuracy: 0.5219
35/98 [=========>....................] - ETA: 1s - loss: 1.3749 - accuracy: 0.5208
38/98 [==========>...................] - ETA: 1s - loss: 1.3721 - accuracy: 0.5227
42/98 [===========>..................] - ETA: 0s - loss: 1.3696 - accuracy: 0.5236
46/98 [=============>................] - ETA: 0s - loss: 1.3733 - accuracy: 0.5220
50/98 [==============>...............] - ETA: 0s - loss: 1.3718 - accuracy: 0.5232
54/98 [===============>..............] - ETA: 0s - loss: 1.3686 - accuracy: 0.5235
57/98 [================>.............] - ETA: 0s - loss: 1.3701 - accuracy: 0.5231
61/98 [=================>............] - ETA: 0s - loss: 1.3691 - accuracy: 0.5231
65/98 [==================>...........] - ETA: 0s - loss: 1.3691 - accuracy: 0.5232
69/98 [====================>.........] - ETA: 0s - loss: 1.3684 - accuracy: 0.5240
72/98 [=====================>........] - ETA: 0s - loss: 1.3682 - accuracy: 0.5237
76/98 [======================>.......] - ETA: 0s - loss: 1.3690 - accuracy: 0.5242
80/98 [=======================>......] - ETA: 0s - loss: 1.3688 - accuracy: 0.5244
84/98 [========================>.....] - ETA: 0s - loss: 1.3695 - accuracy: 0.5241
88/98 [=========================>....] - ETA: 0s - loss: 1.3703 - accuracy: 0.5244
91/98 [==========================>...] - ETA: 0s - loss: 1.3696 - accuracy: 0.5247
95/98 [============================>.] - ETA: 0s - loss: 1.3676 - accuracy: 0.5253
98/98 [==============================] - 2s 21ms/step - loss: 1.3672 - accuracy: 0.5257 - val_loss: 1.3541 - val_accuracy: 0.5337
Epoch 12/76

 1/98 [..............................] - ETA: 3s - loss: 1.3773 - accuracy: 0.5371
 5/98 [>.............................] - ETA: 1s - loss: 1.3182 - accuracy: 0.5469
 9/98 [=>............................] - ETA: 1s - loss: 1.3207 - accuracy: 0.5480
12/98 [==>...........................] - ETA: 1s - loss: 1.3230 - accuracy: 0.5426
16/98 [===>..........................] - ETA: 1s - loss: 1.3286 - accuracy: 0.5404
20/98 [=====>........................] - ETA: 1s - loss: 1.3325 - accuracy: 0.5421
23/98 [======>.......................] - ETA: 1s - loss: 1.3385 - accuracy: 0.5382
27/98 [=======>......................] - ETA: 1s - loss: 1.3390 - accuracy: 0.5394
31/98 [========>.....................] - ETA: 1s - loss: 1.3385 - accuracy: 0.5389
35/98 [=========>....................] - ETA: 1s - loss: 1.3412 - accuracy: 0.5375
39/98 [==========>...................] - ETA: 0s - loss: 1.3422 - accuracy: 0.5375
43/98 [============>.................] - ETA: 0s - loss: 1.3445 - accuracy: 0.5364
47/98 [=============>................] - ETA: 0s - loss: 1.3426 - accuracy: 0.5371
51/98 [==============>...............] - ETA: 0s - loss: 1.3440 - accuracy: 0.5360
54/98 [===============>..............] - ETA: 0s - loss: 1.3446 - accuracy: 0.5362
58/98 [================>.............] - ETA: 0s - loss: 1.3454 - accuracy: 0.5358
61/98 [=================>............] - ETA: 0s - loss: 1.3468 - accuracy: 0.5345
65/98 [==================>...........] - ETA: 0s - loss: 1.3476 - accuracy: 0.5345
69/98 [====================>.........] - ETA: 0s - loss: 1.3480 - accuracy: 0.5352
73/98 [=====================>........] - ETA: 0s - loss: 1.3465 - accuracy: 0.5356
77/98 [======================>.......] - ETA: 0s - loss: 1.3466 - accuracy: 0.5353
81/98 [=======================>......] - ETA: 0s - loss: 1.3466 - accuracy: 0.5354
85/98 [=========================>....] - ETA: 0s - loss: 1.3448 - accuracy: 0.5360
89/98 [==========================>...] - ETA: 0s - loss: 1.3449 - accuracy: 0.5354
92/98 [===========================>..] - ETA: 0s - loss: 1.3459 - accuracy: 0.5347
96/98 [============================>.] - ETA: 0s - loss: 1.3443 - accuracy: 0.5352
98/98 [==============================] - 2s 21ms/step - loss: 1.3445 - accuracy: 0.5350 - val_loss: 1.3346 - val_accuracy: 0.5380
Epoch 13/76

 1/98 [..............................] - ETA: 3s - loss: 1.2809 - accuracy: 0.5684
 5/98 [>.............................] - ETA: 1s - loss: 1.3375 - accuracy: 0.5363
 9/98 [=>............................] - ETA: 1s - loss: 1.3233 - accuracy: 0.5444
12/98 [==>...........................] - ETA: 1s - loss: 1.3272 - accuracy: 0.5473
16/98 [===>..........................] - ETA: 1s - loss: 1.3255 - accuracy: 0.5459
20/98 [=====>........................] - ETA: 1s - loss: 1.3199 - accuracy: 0.5480
24/98 [======>.......................] - ETA: 1s - loss: 1.3265 - accuracy: 0.5433
27/98 [=======>......................] - ETA: 1s - loss: 1.3218 - accuracy: 0.5449
31/98 [========>.....................] - ETA: 1s - loss: 1.3229 - accuracy: 0.5445
35/98 [=========>....................] - ETA: 1s - loss: 1.3226 - accuracy: 0.5451
39/98 [==========>...................] - ETA: 0s - loss: 1.3201 - accuracy: 0.5457
42/98 [===========>..................] - ETA: 0s - loss: 1.3180 - accuracy: 0.5464
46/98 [=============>................] - ETA: 0s - loss: 1.3193 - accuracy: 0.5446
50/98 [==============>...............] - ETA: 0s - loss: 1.3189 - accuracy: 0.5447
54/98 [===============>..............] - ETA: 0s - loss: 1.3226 - accuracy: 0.5428
58/98 [================>.............] - ETA: 0s - loss: 1.3226 - accuracy: 0.5421
62/98 [=================>............] - ETA: 0s - loss: 1.3214 - accuracy: 0.5425
66/98 [===================>..........] - ETA: 0s - loss: 1.3216 - accuracy: 0.5425
70/98 [====================>.........] - ETA: 0s - loss: 1.3211 - accuracy: 0.5426
73/98 [=====================>........] - ETA: 0s - loss: 1.3219 - accuracy: 0.5424
77/98 [======================>.......] - ETA: 0s - loss: 1.3214 - accuracy: 0.5422
81/98 [=======================>......] - ETA: 0s - loss: 1.3205 - accuracy: 0.5423
85/98 [=========================>....] - ETA: 0s - loss: 1.3211 - accuracy: 0.5418
89/98 [==========================>...] - ETA: 0s - loss: 1.3226 - accuracy: 0.5409
92/98 [===========================>..] - ETA: 0s - loss: 1.3219 - accuracy: 0.5408
96/98 [============================>.] - ETA: 0s - loss: 1.3207 - accuracy: 0.5413
98/98 [==============================] - 2s 21ms/step - loss: 1.3211 - accuracy: 0.5411 - val_loss: 1.3156 - val_accuracy: 0.5453
Epoch 14/76

 1/98 [..............................] - ETA: 3s - loss: 1.3170 - accuracy: 0.5449
 4/98 [>.............................] - ETA: 1s - loss: 1.2980 - accuracy: 0.5503
 8/98 [=>............................] - ETA: 1s - loss: 1.3010 - accuracy: 0.5513
12/98 [==>...........................] - ETA: 1s - loss: 1.3007 - accuracy: 0.5483
16/98 [===>..........................] - ETA: 1s - loss: 1.3036 - accuracy: 0.5464
19/98 [====>.........................] - ETA: 1s - loss: 1.3027 - accuracy: 0.5474
23/98 [======>.......................] - ETA: 1s - loss: 1.2996 - accuracy: 0.5513
27/98 [=======>......................] - ETA: 1s - loss: 1.2976 - accuracy: 0.5536
30/98 [========>.....................] - ETA: 1s - loss: 1.3052 - accuracy: 0.5500
34/98 [=========>....................] - ETA: 1s - loss: 1.3025 - accuracy: 0.5507
38/98 [==========>...................] - ETA: 0s - loss: 1.3035 - accuracy: 0.5500
41/98 [===========>..................] - ETA: 0s - loss: 1.3001 - accuracy: 0.5525
45/98 [============>.................] - ETA: 0s - loss: 1.3000 - accuracy: 0.5523
49/98 [==============>...............] - ETA: 0s - loss: 1.2999 - accuracy: 0.5527
53/98 [===============>..............] - ETA: 0s - loss: 1.2991 - accuracy: 0.5525
57/98 [================>.............] - ETA: 0s - loss: 1.2989 - accuracy: 0.5519
61/98 [=================>............] - ETA: 0s - loss: 1.2994 - accuracy: 0.5522
64/98 [==================>...........] - ETA: 0s - loss: 1.3014 - accuracy: 0.5513
68/98 [===================>..........] - ETA: 0s - loss: 1.3003 - accuracy: 0.5515
72/98 [=====================>........] - ETA: 0s - loss: 1.3003 - accuracy: 0.5511
76/98 [======================>.......] - ETA: 0s - loss: 1.2999 - accuracy: 0.5508
79/98 [=======================>......] - ETA: 0s - loss: 1.3007 - accuracy: 0.5508
83/98 [========================>.....] - ETA: 0s - loss: 1.3011 - accuracy: 0.5504
87/98 [=========================>....] - ETA: 0s - loss: 1.3026 - accuracy: 0.5500
91/98 [==========================>...] - ETA: 0s - loss: 1.3021 - accuracy: 0.5502
94/98 [===========================>..] - ETA: 0s - loss: 1.3007 - accuracy: 0.5502
98/98 [==============================] - ETA: 0s - loss: 1.3003 - accuracy: 0.5506
98/98 [==============================] - 2s 21ms/step - loss: 1.3003 - accuracy: 0.5506 - val_loss: 1.2991 - val_accuracy: 0.5506
Epoch 15/76

 1/98 [..............................] - ETA: 3s - loss: 1.3135 - accuracy: 0.5430
 5/98 [>.............................] - ETA: 1s - loss: 1.2918 - accuracy: 0.5555
 8/98 [=>............................] - ETA: 1s - loss: 1.2852 - accuracy: 0.5564
12/98 [==>...........................] - ETA: 1s - loss: 1.2920 - accuracy: 0.5562
16/98 [===>..........................] - ETA: 1s - loss: 1.2858 - accuracy: 0.5576
20/98 [=====>........................] - ETA: 1s - loss: 1.2877 - accuracy: 0.5563
24/98 [======>.......................] - ETA: 1s - loss: 1.2850 - accuracy: 0.5559
27/98 [=======>......................] - ETA: 1s - loss: 1.2861 - accuracy: 0.5559
31/98 [========>.....................] - ETA: 1s - loss: 1.2828 - accuracy: 0.5571
35/98 [=========>....................] - ETA: 1s - loss: 1.2830 - accuracy: 0.5561
39/98 [==========>...................] - ETA: 0s - loss: 1.2847 - accuracy: 0.5550
43/98 [============>.................] - ETA: 0s - loss: 1.2857 - accuracy: 0.5532
46/98 [=============>................] - ETA: 0s - loss: 1.2870 - accuracy: 0.5524
49/98 [==============>...............] - ETA: 0s - loss: 1.2876 - accuracy: 0.5528
53/98 [===============>..............] - ETA: 0s - loss: 1.2890 - accuracy: 0.5538
57/98 [================>.............] - ETA: 0s - loss: 1.2894 - accuracy: 0.5540
61/98 [=================>............] - ETA: 0s - loss: 1.2883 - accuracy: 0.5537
64/98 [==================>...........] - ETA: 0s - loss: 1.2859 - accuracy: 0.5537
68/98 [===================>..........] - ETA: 0s - loss: 1.2845 - accuracy: 0.5540
72/98 [=====================>........] - ETA: 0s - loss: 1.2837 - accuracy: 0.5535
76/98 [======================>.......] - ETA: 0s - loss: 1.2835 - accuracy: 0.5535
80/98 [=======================>......] - ETA: 0s - loss: 1.2827 - accuracy: 0.5539
83/98 [========================>.....] - ETA: 0s - loss: 1.2821 - accuracy: 0.5539
87/98 [=========================>....] - ETA: 0s - loss: 1.2831 - accuracy: 0.5543
91/98 [==========================>...] - ETA: 0s - loss: 1.2818 - accuracy: 0.5544
95/98 [============================>.] - ETA: 0s - loss: 1.2821 - accuracy: 0.5543
98/98 [==============================] - ETA: 0s - loss: 1.2825 - accuracy: 0.5542
98/98 [==============================] - 2s 21ms/step - loss: 1.2825 - accuracy: 0.5542 - val_loss: 1.2823 - val_accuracy: 0.5552
Epoch 16/76

 1/98 [..............................] - ETA: 3s - loss: 1.2649 - accuracy: 0.5469
 5/98 [>.............................] - ETA: 1s - loss: 1.2501 - accuracy: 0.5699
 9/98 [=>............................] - ETA: 1s - loss: 1.2683 - accuracy: 0.5621
13/98 [==>...........................] - ETA: 1s - loss: 1.2621 - accuracy: 0.5610
16/98 [===>..........................] - ETA: 1s - loss: 1.2560 - accuracy: 0.5641
20/98 [=====>........................] - ETA: 1s - loss: 1.2630 - accuracy: 0.5609
24/98 [======>.......................] - ETA: 1s - loss: 1.2618 - accuracy: 0.5615
28/98 [=======>......................] - ETA: 1s - loss: 1.2645 - accuracy: 0.5610
31/98 [========>.....................] - ETA: 1s - loss: 1.2651 - accuracy: 0.5604
35/98 [=========>....................] - ETA: 1s - loss: 1.2659 - accuracy: 0.5589
39/98 [==========>...................] - ETA: 0s - loss: 1.2637 - accuracy: 0.5596
43/98 [============>.................] - ETA: 0s - loss: 1.2656 - accuracy: 0.5604
47/98 [=============>................] - ETA: 0s - loss: 1.2633 - accuracy: 0.5612
51/98 [==============>...............] - ETA: 0s - loss: 1.2619 - accuracy: 0.5622
55/98 [===============>..............] - ETA: 0s - loss: 1.2613 - accuracy: 0.5626
59/98 [=================>............] - ETA: 0s - loss: 1.2600 - accuracy: 0.5630
62/98 [=================>............] - ETA: 0s - loss: 1.2616 - accuracy: 0.5627
66/98 [===================>..........] - ETA: 0s - loss: 1.2616 - accuracy: 0.5629
70/98 [====================>.........] - ETA: 0s - loss: 1.2619 - accuracy: 0.5632
74/98 [=====================>........] - ETA: 0s - loss: 1.2623 - accuracy: 0.5625
78/98 [======================>.......] - ETA: 0s - loss: 1.2629 - accuracy: 0.5621
82/98 [========================>.....] - ETA: 0s - loss: 1.2624 - accuracy: 0.5627
85/98 [=========================>....] - ETA: 0s - loss: 1.2632 - accuracy: 0.5624
89/98 [==========================>...] - ETA: 0s - loss: 1.2633 - accuracy: 0.5632
93/98 [===========================>..] - ETA: 0s - loss: 1.2646 - accuracy: 0.5625
97/98 [============================>.] - ETA: 0s - loss: 1.2659 - accuracy: 0.5624
98/98 [==============================] - 2s 21ms/step - loss: 1.2656 - accuracy: 0.5626 - val_loss: 1.2695 - val_accuracy: 0.5587
Epoch 17/76

