2024-06-26 21:55:13.352191: I tensorflow/core/platform/cpu_feature_guard.cc:193] This TensorFlow binary is optimized with oneAPI Deep Neural Network Library (oneDNN) to use the following CPU instructions in performance-critical operations:  AVX AVX2
To enable them in other operations, rebuild TensorFlow with the appropriate compiler flags.
2024-06-26 21:55:13.863793: I tensorflow/core/common_runtime/gpu/gpu_device.cc:1616] Created device /job:localhost/replica:0/task:0/device:GPU:0 with 6656 MB memory:  -> device: 0, name: NVIDIA GeForce RTX 4060 Ti, pci bus id: 0000:01:00.0, compute capability: 8.9
1 Physical GPUs, 1 Logical GPUs
Model: "sequential"
_________________________________________________________________
 Layer (type)                Output Shape              Param #   
=================================================================
 conv2d (Conv2D)             (None, 32, 32, 32)        896       
                                                                 
 max_pooling2d (MaxPooling2D  (None, 16, 16, 32)       0         
 )                                                               
                                                                 
 batch_normalization (BatchN  (None, 16, 16, 32)       128       
 ormalization)                                                   
                                                                 
 conv2d_1 (Conv2D)           (None, 16, 16, 128)       102528    
                                                                 
 max_pooling2d_1 (MaxPooling  (None, 8, 8, 128)        0         
 2D)                                                             
                                                                 
 dropout (Dropout)           (None, 8, 8, 128)         0         
                                                                 
 flatten (Flatten)           (None, 8192)              0         
                                                                 
 dense (Dense)               (None, 10)                81930     
                                                                 
=================================================================
Total params: 185,482
Trainable params: 185,418
Non-trainable params: 64
_________________________________________________________________
Taxa de aprendizado:  1e-05 Num de épocas:  117 Tamanho do lote:  512 Dropout:  0.44283
Epoch 1/117
2024-06-26 21:55:15.033375: I tensorflow/stream_executor/cuda/cuda_dnn.cc:384] Loaded cuDNN version 8100
2024-06-26 21:55:15.727038: W tensorflow/stream_executor/gpu/redzone_allocator.cc:314] INTERNAL: ptxas exited with non-zero error code -1, output: 
Relying on driver to perform ptx compilation. 
Modify $PATH to customize ptxas location.
This message will be only logged once.
2024-06-26 21:55:16.462819: I tensorflow/stream_executor/cuda/cuda_blas.cc:1614] TensorFloat-32 will be used for the matrix multiplication. This will only be logged once.

 1/98 [..............................] - ETA: 4:28 - loss: 2.7054 - accuracy: 0.0957
 4/98 [>.............................] - ETA: 1s - loss: 2.6631 - accuracy: 0.1040  
 7/98 [=>............................] - ETA: 1s - loss: 2.6660 - accuracy: 0.0957
11/98 [==>...........................] - ETA: 1s - loss: 2.6433 - accuracy: 0.0973
15/98 [===>..........................] - ETA: 1s - loss: 2.6299 - accuracy: 0.0951
19/98 [====>.........................] - ETA: 1s - loss: 2.6132 - accuracy: 0.0939
23/98 [======>.......................] - ETA: 1s - loss: 2.5915 - accuracy: 0.0979
27/98 [=======>......................] - ETA: 1s - loss: 2.5791 - accuracy: 0.0985
30/98 [========>.....................] - ETA: 1s - loss: 2.5658 - accuracy: 0.0996
34/98 [=========>....................] - ETA: 1s - loss: 2.5503 - accuracy: 0.1026
38/98 [==========>...................] - ETA: 1s - loss: 2.5385 - accuracy: 0.1049
41/98 [===========>..................] - ETA: 1s - loss: 2.5293 - accuracy: 0.1082
45/98 [============>.................] - ETA: 1s - loss: 2.5180 - accuracy: 0.1111
49/98 [==============>...............] - ETA: 0s - loss: 2.5059 - accuracy: 0.1134
52/98 [==============>...............] - ETA: 0s - loss: 2.4978 - accuracy: 0.1157
56/98 [================>.............] - ETA: 0s - loss: 2.4892 - accuracy: 0.1177
60/98 [=================>............] - ETA: 0s - loss: 2.4811 - accuracy: 0.1199
64/98 [==================>...........] - ETA: 0s - loss: 2.4721 - accuracy: 0.1231
67/98 [===================>..........] - ETA: 0s - loss: 2.4653 - accuracy: 0.1250
70/98 [====================>.........] - ETA: 0s - loss: 2.4595 - accuracy: 0.1266
73/98 [=====================>........] - ETA: 0s - loss: 2.4524 - accuracy: 0.1292
76/98 [======================>.......] - ETA: 0s - loss: 2.4467 - accuracy: 0.1310
80/98 [=======================>......] - ETA: 0s - loss: 2.4387 - accuracy: 0.1338
84/98 [========================>.....] - ETA: 0s - loss: 2.4321 - accuracy: 0.1354
87/98 [=========================>....] - ETA: 0s - loss: 2.4270 - accuracy: 0.1364
91/98 [==========================>...] - ETA: 0s - loss: 2.4197 - accuracy: 0.1382
94/98 [===========================>..] - ETA: 0s - loss: 2.4136 - accuracy: 0.1402
97/98 [============================>.] - ETA: 0s - loss: 2.4079 - accuracy: 0.1422
98/98 [==============================] - 6s 30ms/step - loss: 2.4063 - accuracy: 0.1428 - val_loss: 2.2592 - val_accuracy: 0.1977
Epoch 2/117

 1/98 [..............................] - ETA: 3s - loss: 2.2711 - accuracy: 0.1660
 4/98 [>.............................] - ETA: 1s - loss: 2.2434 - accuracy: 0.1895
 7/98 [=>............................] - ETA: 1s - loss: 2.2415 - accuracy: 0.1908
11/98 [==>...........................] - ETA: 1s - loss: 2.2388 - accuracy: 0.1902
15/98 [===>..........................] - ETA: 1s - loss: 2.2320 - accuracy: 0.1908
19/98 [====>.........................] - ETA: 1s - loss: 2.2267 - accuracy: 0.1923
23/98 [======>.......................] - ETA: 1s - loss: 2.2206 - accuracy: 0.1953
26/98 [======>.......................] - ETA: 1s - loss: 2.2145 - accuracy: 0.1973
29/98 [=======>......................] - ETA: 1s - loss: 2.2122 - accuracy: 0.1983
32/98 [========>.....................] - ETA: 1s - loss: 2.2094 - accuracy: 0.1989
35/98 [=========>....................] - ETA: 1s - loss: 2.2060 - accuracy: 0.1999
38/98 [==========>...................] - ETA: 1s - loss: 2.2018 - accuracy: 0.2012
41/98 [===========>..................] - ETA: 1s - loss: 2.1983 - accuracy: 0.2029
44/98 [============>.................] - ETA: 1s - loss: 2.1943 - accuracy: 0.2041
47/98 [=============>................] - ETA: 1s - loss: 2.1897 - accuracy: 0.2057
51/98 [==============>...............] - ETA: 0s - loss: 2.1871 - accuracy: 0.2065
55/98 [===============>..............] - ETA: 0s - loss: 2.1844 - accuracy: 0.2073
58/98 [================>.............] - ETA: 0s - loss: 2.1824 - accuracy: 0.2069
62/98 [=================>............] - ETA: 0s - loss: 2.1788 - accuracy: 0.2087
65/98 [==================>...........] - ETA: 0s - loss: 2.1756 - accuracy: 0.2100
68/98 [===================>..........] - ETA: 0s - loss: 2.1720 - accuracy: 0.2115
72/98 [=====================>........] - ETA: 0s - loss: 2.1669 - accuracy: 0.2136
76/98 [======================>.......] - ETA: 0s - loss: 2.1627 - accuracy: 0.2161
80/98 [=======================>......] - ETA: 0s - loss: 2.1577 - accuracy: 0.2182
84/98 [========================>.....] - ETA: 0s - loss: 2.1550 - accuracy: 0.2193
88/98 [=========================>....] - ETA: 0s - loss: 2.1514 - accuracy: 0.2206
92/98 [===========================>..] - ETA: 0s - loss: 2.1486 - accuracy: 0.2215
96/98 [============================>.] - ETA: 0s - loss: 2.1467 - accuracy: 0.2228
98/98 [==============================] - 2s 24ms/step - loss: 2.1448 - accuracy: 0.2235 - val_loss: 2.1779 - val_accuracy: 0.2917
Epoch 3/117

 1/98 [..............................] - ETA: 4s - loss: 2.0819 - accuracy: 0.2480
 5/98 [>.............................] - ETA: 1s - loss: 2.0731 - accuracy: 0.2582
 9/98 [=>............................] - ETA: 1s - loss: 2.0582 - accuracy: 0.2643
12/98 [==>...........................] - ETA: 1s - loss: 2.0647 - accuracy: 0.2591
16/98 [===>..........................] - ETA: 1s - loss: 2.0663 - accuracy: 0.2582
20/98 [=====>........................] - ETA: 1s - loss: 2.0601 - accuracy: 0.2604
24/98 [======>.......................] - ETA: 1s - loss: 2.0562 - accuracy: 0.2623
28/98 [=======>......................] - ETA: 1s - loss: 2.0494 - accuracy: 0.2626
32/98 [========>.....................] - ETA: 1s - loss: 2.0458 - accuracy: 0.2652
36/98 [==========>...................] - ETA: 1s - loss: 2.0449 - accuracy: 0.2650
40/98 [===========>..................] - ETA: 1s - loss: 2.0404 - accuracy: 0.2660
44/98 [============>.................] - ETA: 1s - loss: 2.0364 - accuracy: 0.2677
48/98 [=============>................] - ETA: 0s - loss: 2.0360 - accuracy: 0.2679
52/98 [==============>...............] - ETA: 0s - loss: 2.0339 - accuracy: 0.2685
55/98 [===============>..............] - ETA: 0s - loss: 2.0333 - accuracy: 0.2684
58/98 [================>.............] - ETA: 0s - loss: 2.0322 - accuracy: 0.2680
61/98 [=================>............] - ETA: 0s - loss: 2.0316 - accuracy: 0.2691
65/98 [==================>...........] - ETA: 0s - loss: 2.0301 - accuracy: 0.2698
69/98 [====================>.........] - ETA: 0s - loss: 2.0297 - accuracy: 0.2695
72/98 [=====================>........] - ETA: 0s - loss: 2.0273 - accuracy: 0.2705
75/98 [=====================>........] - ETA: 0s - loss: 2.0257 - accuracy: 0.2711
78/98 [======================>.......] - ETA: 0s - loss: 2.0236 - accuracy: 0.2722
82/98 [========================>.....] - ETA: 0s - loss: 2.0225 - accuracy: 0.2726
86/98 [=========================>....] - ETA: 0s - loss: 2.0235 - accuracy: 0.2725
90/98 [==========================>...] - ETA: 0s - loss: 2.0232 - accuracy: 0.2727
94/98 [===========================>..] - ETA: 0s - loss: 2.0194 - accuracy: 0.2738
98/98 [==============================] - ETA: 0s - loss: 2.0185 - accuracy: 0.2739
98/98 [==============================] - 2s 24ms/step - loss: 2.0185 - accuracy: 0.2739 - val_loss: 2.0684 - val_accuracy: 0.3399
Epoch 4/117

 1/98 [..............................] - ETA: 3s - loss: 1.9394 - accuracy: 0.2988
 4/98 [>.............................] - ETA: 1s - loss: 1.9622 - accuracy: 0.2949
 7/98 [=>............................] - ETA: 1s - loss: 1.9543 - accuracy: 0.2985
11/98 [==>...........................] - ETA: 1s - loss: 1.9533 - accuracy: 0.2987
15/98 [===>..........................] - ETA: 1s - loss: 1.9535 - accuracy: 0.2940
19/98 [====>.........................] - ETA: 1s - loss: 1.9508 - accuracy: 0.2942
23/98 [======>.......................] - ETA: 1s - loss: 1.9465 - accuracy: 0.2961
27/98 [=======>......................] - ETA: 1s - loss: 1.9498 - accuracy: 0.2958
31/98 [========>.....................] - ETA: 1s - loss: 1.9507 - accuracy: 0.2979
34/98 [=========>....................] - ETA: 1s - loss: 1.9500 - accuracy: 0.2981
38/98 [==========>...................] - ETA: 1s - loss: 1.9461 - accuracy: 0.2984
42/98 [===========>..................] - ETA: 1s - loss: 1.9421 - accuracy: 0.3007
46/98 [=============>................] - ETA: 1s - loss: 1.9427 - accuracy: 0.3012
50/98 [==============>...............] - ETA: 0s - loss: 1.9437 - accuracy: 0.3008
54/98 [===============>..............] - ETA: 0s - loss: 1.9445 - accuracy: 0.3003
58/98 [================>.............] - ETA: 0s - loss: 1.9451 - accuracy: 0.3001
61/98 [=================>............] - ETA: 0s - loss: 1.9424 - accuracy: 0.3008
64/98 [==================>...........] - ETA: 0s - loss: 1.9396 - accuracy: 0.3015
67/98 [===================>..........] - ETA: 0s - loss: 1.9374 - accuracy: 0.3020
70/98 [====================>.........] - ETA: 0s - loss: 1.9362 - accuracy: 0.3024
73/98 [=====================>........] - ETA: 0s - loss: 1.9347 - accuracy: 0.3034
76/98 [======================>.......] - ETA: 0s - loss: 1.9338 - accuracy: 0.3044
79/98 [=======================>......] - ETA: 0s - loss: 1.9329 - accuracy: 0.3051
82/98 [========================>.....] - ETA: 0s - loss: 1.9318 - accuracy: 0.3051
85/98 [=========================>....] - ETA: 0s - loss: 1.9297 - accuracy: 0.3066
89/98 [==========================>...] - ETA: 0s - loss: 1.9271 - accuracy: 0.3080
92/98 [===========================>..] - ETA: 0s - loss: 1.9268 - accuracy: 0.3084
95/98 [============================>.] - ETA: 0s - loss: 1.9267 - accuracy: 0.3081
98/98 [==============================] - ETA: 0s - loss: 1.9251 - accuracy: 0.3091
98/98 [==============================] - 2s 25ms/step - loss: 1.9251 - accuracy: 0.3091 - val_loss: 1.9382 - val_accuracy: 0.3772
Epoch 5/117

 1/98 [..............................] - ETA: 3s - loss: 1.9310 - accuracy: 0.3184
 4/98 [>.............................] - ETA: 1s - loss: 1.8839 - accuracy: 0.3345
 7/98 [=>............................] - ETA: 1s - loss: 1.8827 - accuracy: 0.3329
10/98 [==>...........................] - ETA: 1s - loss: 1.8755 - accuracy: 0.3383
14/98 [===>..........................] - ETA: 1s - loss: 1.8703 - accuracy: 0.3364
17/98 [====>.........................] - ETA: 1s - loss: 1.8718 - accuracy: 0.3321
21/98 [=====>........................] - ETA: 1s - loss: 1.8691 - accuracy: 0.3325
25/98 [======>.......................] - ETA: 1s - loss: 1.8719 - accuracy: 0.3315
29/98 [=======>......................] - ETA: 1s - loss: 1.8718 - accuracy: 0.3323
32/98 [========>.....................] - ETA: 1s - loss: 1.8688 - accuracy: 0.3331
35/98 [=========>....................] - ETA: 1s - loss: 1.8697 - accuracy: 0.3321
38/98 [==========>...................] - ETA: 1s - loss: 1.8707 - accuracy: 0.3315
42/98 [===========>..................] - ETA: 1s - loss: 1.8715 - accuracy: 0.3309
46/98 [=============>................] - ETA: 1s - loss: 1.8725 - accuracy: 0.3308
50/98 [==============>...............] - ETA: 0s - loss: 1.8688 - accuracy: 0.3320
54/98 [===============>..............] - ETA: 0s - loss: 1.8685 - accuracy: 0.3312
58/98 [================>.............] - ETA: 0s - loss: 1.8675 - accuracy: 0.3313
61/98 [=================>............] - ETA: 0s - loss: 1.8678 - accuracy: 0.3309
65/98 [==================>...........] - ETA: 0s - loss: 1.8667 - accuracy: 0.3320
69/98 [====================>.........] - ETA: 0s - loss: 1.8631 - accuracy: 0.3325
73/98 [=====================>........] - ETA: 0s - loss: 1.8619 - accuracy: 0.3328
76/98 [======================>.......] - ETA: 0s - loss: 1.8601 - accuracy: 0.3335
79/98 [=======================>......] - ETA: 0s - loss: 1.8593 - accuracy: 0.3341
82/98 [========================>.....] - ETA: 0s - loss: 1.8601 - accuracy: 0.3343
85/98 [=========================>....] - ETA: 0s - loss: 1.8593 - accuracy: 0.3350
88/98 [=========================>....] - ETA: 0s - loss: 1.8575 - accuracy: 0.3359
92/98 [===========================>..] - ETA: 0s - loss: 1.8549 - accuracy: 0.3375
96/98 [============================>.] - ETA: 0s - loss: 1.8530 - accuracy: 0.3380
98/98 [==============================] - 2s 24ms/step - loss: 1.8521 - accuracy: 0.3382 - val_loss: 1.8111 - val_accuracy: 0.4057
Epoch 6/117

 1/98 [..............................] - ETA: 3s - loss: 1.7925 - accuracy: 0.3613
 4/98 [>.............................] - ETA: 1s - loss: 1.8229 - accuracy: 0.3511
 7/98 [=>............................] - ETA: 1s - loss: 1.8299 - accuracy: 0.3482
10/98 [==>...........................] - ETA: 1s - loss: 1.8252 - accuracy: 0.3455
13/98 [==>...........................] - ETA: 1s - loss: 1.8217 - accuracy: 0.3469
16/98 [===>..........................] - ETA: 1s - loss: 1.8247 - accuracy: 0.3480
19/98 [====>.........................] - ETA: 1s - loss: 1.8236 - accuracy: 0.3488
23/98 [======>.......................] - ETA: 1s - loss: 1.8160 - accuracy: 0.3516
27/98 [=======>......................] - ETA: 1s - loss: 1.8137 - accuracy: 0.3524
31/98 [========>.....................] - ETA: 1s - loss: 1.8130 - accuracy: 0.3557
35/98 [=========>....................] - ETA: 1s - loss: 1.8133 - accuracy: 0.3576
39/98 [==========>...................] - ETA: 1s - loss: 1.8114 - accuracy: 0.3568
43/98 [============>.................] - ETA: 1s - loss: 1.8097 - accuracy: 0.3567
46/98 [=============>................] - ETA: 1s - loss: 1.8100 - accuracy: 0.3551
50/98 [==============>...............] - ETA: 0s - loss: 1.8100 - accuracy: 0.3544
54/98 [===============>..............] - ETA: 0s - loss: 1.8077 - accuracy: 0.3545
58/98 [================>.............] - ETA: 0s - loss: 1.8076 - accuracy: 0.3539
61/98 [=================>............] - ETA: 0s - loss: 1.8083 - accuracy: 0.3535
64/98 [==================>...........] - ETA: 0s - loss: 1.8086 - accuracy: 0.3541
67/98 [===================>..........] - ETA: 0s - loss: 1.8082 - accuracy: 0.3536
70/98 [====================>.........] - ETA: 0s - loss: 1.8047 - accuracy: 0.3554
74/98 [=====================>........] - ETA: 0s - loss: 1.8036 - accuracy: 0.3561
78/98 [======================>.......] - ETA: 0s - loss: 1.8014 - accuracy: 0.3567
82/98 [========================>.....] - ETA: 0s - loss: 1.8012 - accuracy: 0.3568
86/98 [=========================>....] - ETA: 0s - loss: 1.8001 - accuracy: 0.3576
90/98 [==========================>...] - ETA: 0s - loss: 1.7982 - accuracy: 0.3584
93/98 [===========================>..] - ETA: 0s - loss: 1.7983 - accuracy: 0.3582
97/98 [============================>.] - ETA: 0s - loss: 1.7960 - accuracy: 0.3589
98/98 [==============================] - 2s 25ms/step - loss: 1.7961 - accuracy: 0.3589 - val_loss: 1.7096 - val_accuracy: 0.4283
Epoch 7/117

 1/98 [..............................] - ETA: 3s - loss: 1.8075 - accuracy: 0.3555
 4/98 [>.............................] - ETA: 1s - loss: 1.7488 - accuracy: 0.3716
 7/98 [=>............................] - ETA: 1s - loss: 1.7650 - accuracy: 0.3613
10/98 [==>...........................] - ETA: 1s - loss: 1.7606 - accuracy: 0.3604
14/98 [===>..........................] - ETA: 1s - loss: 1.7631 - accuracy: 0.3620
18/98 [====>.........................] - ETA: 1s - loss: 1.7621 - accuracy: 0.3672
22/98 [=====>........................] - ETA: 1s - loss: 1.7638 - accuracy: 0.3667
25/98 [======>.......................] - ETA: 1s - loss: 1.7608 - accuracy: 0.3668
29/98 [=======>......................] - ETA: 1s - loss: 1.7626 - accuracy: 0.3650
33/98 [=========>....................] - ETA: 1s - loss: 1.7573 - accuracy: 0.3668
37/98 [==========>...................] - ETA: 1s - loss: 1.7593 - accuracy: 0.3671
40/98 [===========>..................] - ETA: 1s - loss: 1.7589 - accuracy: 0.3683
43/98 [============>.................] - ETA: 1s - loss: 1.7589 - accuracy: 0.3680
47/98 [=============>................] - ETA: 1s - loss: 1.7582 - accuracy: 0.3685
51/98 [==============>...............] - ETA: 0s - loss: 1.7562 - accuracy: 0.3687
55/98 [===============>..............] - ETA: 0s - loss: 1.7539 - accuracy: 0.3698
59/98 [=================>............] - ETA: 0s - loss: 1.7528 - accuracy: 0.3709
63/98 [==================>...........] - ETA: 0s - loss: 1.7517 - accuracy: 0.3715
67/98 [===================>..........] - ETA: 0s - loss: 1.7513 - accuracy: 0.3710
71/98 [====================>.........] - ETA: 0s - loss: 1.7501 - accuracy: 0.3719
74/98 [=====================>........] - ETA: 0s - loss: 1.7492 - accuracy: 0.3724
78/98 [======================>.......] - ETA: 0s - loss: 1.7473 - accuracy: 0.3732
82/98 [========================>.....] - ETA: 0s - loss: 1.7475 - accuracy: 0.3735
86/98 [=========================>....] - ETA: 0s - loss: 1.7484 - accuracy: 0.3736
90/98 [==========================>...] - ETA: 0s - loss: 1.7479 - accuracy: 0.3745
93/98 [===========================>..] - ETA: 0s - loss: 1.7466 - accuracy: 0.3746
96/98 [============================>.] - ETA: 0s - loss: 1.7471 - accuracy: 0.3745
98/98 [==============================] - 2s 25ms/step - loss: 1.7471 - accuracy: 0.3745 - val_loss: 1.6396 - val_accuracy: 0.4422
Epoch 8/117

 1/98 [..............................] - ETA: 3s - loss: 1.6987 - accuracy: 0.3984
 4/98 [>.............................] - ETA: 1s - loss: 1.6952 - accuracy: 0.3989
 7/98 [=>............................] - ETA: 1s - loss: 1.7348 - accuracy: 0.3809
11/98 [==>...........................] - ETA: 1s - loss: 1.7304 - accuracy: 0.3810
15/98 [===>..........................] - ETA: 1s - loss: 1.7356 - accuracy: 0.3790
19/98 [====>.........................] - ETA: 1s - loss: 1.7327 - accuracy: 0.3795
23/98 [======>.......................] - ETA: 1s - loss: 1.7309 - accuracy: 0.3807
27/98 [=======>......................] - ETA: 1s - loss: 1.7315 - accuracy: 0.3820
31/98 [========>.....................] - ETA: 1s - loss: 1.7263 - accuracy: 0.3831
34/98 [=========>....................] - ETA: 1s - loss: 1.7221 - accuracy: 0.3842
38/98 [==========>...................] - ETA: 1s - loss: 1.7212 - accuracy: 0.3847
42/98 [===========>..................] - ETA: 1s - loss: 1.7226 - accuracy: 0.3837
46/98 [=============>................] - ETA: 1s - loss: 1.7208 - accuracy: 0.3853
50/98 [==============>...............] - ETA: 0s - loss: 1.7180 - accuracy: 0.3865
54/98 [===============>..............] - ETA: 0s - loss: 1.7178 - accuracy: 0.3868
58/98 [================>.............] - ETA: 0s - loss: 1.7185 - accuracy: 0.3865
61/98 [=================>............] - ETA: 0s - loss: 1.7188 - accuracy: 0.3865
64/98 [==================>...........] - ETA: 0s - loss: 1.7192 - accuracy: 0.3864
67/98 [===================>..........] - ETA: 0s - loss: 1.7183 - accuracy: 0.3860
71/98 [====================>.........] - ETA: 0s - loss: 1.7161 - accuracy: 0.3860
74/98 [=====================>........] - ETA: 0s - loss: 1.7155 - accuracy: 0.3866
76/98 [======================>.......] - ETA: 0s - loss: 1.7140 - accuracy: 0.3869
79/98 [=======================>......] - ETA: 0s - loss: 1.7148 - accuracy: 0.3867
83/98 [========================>.....] - ETA: 0s - loss: 1.7142 - accuracy: 0.3864
87/98 [=========================>....] - ETA: 0s - loss: 1.7135 - accuracy: 0.3860
91/98 [==========================>...] - ETA: 0s - loss: 1.7114 - accuracy: 0.3867
95/98 [============================>.] - ETA: 0s - loss: 1.7111 - accuracy: 0.3867
98/98 [==============================] - 2s 25ms/step - loss: 1.7111 - accuracy: 0.3871 - val_loss: 1.5930 - val_accuracy: 0.4569
Epoch 9/117

 1/98 [..............................] - ETA: 3s - loss: 1.7274 - accuracy: 0.3633
 4/98 [>.............................] - ETA: 1s - loss: 1.7097 - accuracy: 0.3989
 8/98 [=>............................] - ETA: 1s - loss: 1.7016 - accuracy: 0.3933
12/98 [==>...........................] - ETA: 1s - loss: 1.6917 - accuracy: 0.3966
15/98 [===>..........................] - ETA: 1s - loss: 1.6887 - accuracy: 0.3953
18/98 [====>.........................] - ETA: 1s - loss: 1.6868 - accuracy: 0.3959
21/98 [=====>........................] - ETA: 1s - loss: 1.6824 - accuracy: 0.3969
24/98 [======>.......................] - ETA: 1s - loss: 1.6829 - accuracy: 0.3970
28/98 [=======>......................] - ETA: 1s - loss: 1.6849 - accuracy: 0.3961
32/98 [========>.....................] - ETA: 1s - loss: 1.6835 - accuracy: 0.3966
36/98 [==========>...................] - ETA: 1s - loss: 1.6826 - accuracy: 0.3983
40/98 [===========>..................] - ETA: 1s - loss: 1.6851 - accuracy: 0.3970
43/98 [============>.................] - ETA: 1s - loss: 1.6851 - accuracy: 0.3972
47/98 [=============>................] - ETA: 1s - loss: 1.6857 - accuracy: 0.3967
51/98 [==============>...............] - ETA: 0s - loss: 1.6858 - accuracy: 0.3974
55/98 [===============>..............] - ETA: 0s - loss: 1.6852 - accuracy: 0.3978
59/98 [=================>............] - ETA: 0s - loss: 1.6833 - accuracy: 0.3983
63/98 [==================>...........] - ETA: 0s - loss: 1.6835 - accuracy: 0.3988
67/98 [===================>..........] - ETA: 0s - loss: 1.6822 - accuracy: 0.3983
71/98 [====================>.........] - ETA: 0s - loss: 1.6803 - accuracy: 0.3992
74/98 [=====================>........] - ETA: 0s - loss: 1.6802 - accuracy: 0.3997
77/98 [======================>.......] - ETA: 0s - loss: 1.6798 - accuracy: 0.3996
80/98 [=======================>......] - ETA: 0s - loss: 1.6789 - accuracy: 0.3996
83/98 [========================>.....] - ETA: 0s - loss: 1.6790 - accuracy: 0.3997
87/98 [=========================>....] - ETA: 0s - loss: 1.6801 - accuracy: 0.3989
91/98 [==========================>...] - ETA: 0s - loss: 1.6786 - accuracy: 0.3997
95/98 [============================>.] - ETA: 0s - loss: 1.6788 - accuracy: 0.3999
98/98 [==============================] - 2s 24ms/step - loss: 1.6767 - accuracy: 0.4004 - val_loss: 1.5580 - val_accuracy: 0.4683
Epoch 10/117

 1/98 [..............................] - ETA: 3s - loss: 1.6121 - accuracy: 0.4297
 5/98 [>.............................] - ETA: 1s - loss: 1.6526 - accuracy: 0.4211
 9/98 [=>............................] - ETA: 1s - loss: 1.6538 - accuracy: 0.4143
13/98 [==>...........................] - ETA: 1s - loss: 1.6657 - accuracy: 0.4106
17/98 [====>.........................] - ETA: 1s - loss: 1.6719 - accuracy: 0.4065
20/98 [=====>........................] - ETA: 1s - loss: 1.6655 - accuracy: 0.4054
23/98 [======>.......................] - ETA: 1s - loss: 1.6662 - accuracy: 0.4056
27/98 [=======>......................] - ETA: 1s - loss: 1.6630 - accuracy: 0.4088
31/98 [========>.....................] - ETA: 1s - loss: 1.6648 - accuracy: 0.4082
35/98 [=========>....................] - ETA: 1s - loss: 1.6620 - accuracy: 0.4099
38/98 [==========>...................] - ETA: 1s - loss: 1.6630 - accuracy: 0.4096
41/98 [===========>..................] - ETA: 1s - loss: 1.6619 - accuracy: 0.4100
44/98 [============>.................] - ETA: 1s - loss: 1.6604 - accuracy: 0.4108
47/98 [=============>................] - ETA: 1s - loss: 1.6608 - accuracy: 0.4101
50/98 [==============>...............] - ETA: 0s - loss: 1.6585 - accuracy: 0.4107
53/98 [===============>..............] - ETA: 0s - loss: 1.6559 - accuracy: 0.4117
57/98 [================>.............] - ETA: 0s - loss: 1.6527 - accuracy: 0.4129
61/98 [=================>............] - ETA: 0s - loss: 1.6492 - accuracy: 0.4143
65/98 [==================>...........] - ETA: 0s - loss: 1.6488 - accuracy: 0.4140
69/98 [====================>.........] - ETA: 0s - loss: 1.6471 - accuracy: 0.4149
72/98 [=====================>........] - ETA: 0s - loss: 1.6472 - accuracy: 0.4145
75/98 [=====================>........] - ETA: 0s - loss: 1.6467 - accuracy: 0.4149
78/98 [======================>.......] - ETA: 0s - loss: 1.6457 - accuracy: 0.4152
82/98 [========================>.....] - ETA: 0s - loss: 1.6456 - accuracy: 0.4148
85/98 [=========================>....] - ETA: 0s - loss: 1.6451 - accuracy: 0.4148
89/98 [==========================>...] - ETA: 0s - loss: 1.6440 - accuracy: 0.4152
93/98 [===========================>..] - ETA: 0s - loss: 1.6432 - accuracy: 0.4150
97/98 [============================>.] - ETA: 0s - loss: 1.6431 - accuracy: 0.4151
98/98 [==============================] - 2s 25ms/step - loss: 1.6428 - accuracy: 0.4153 - val_loss: 1.5301 - val_accuracy: 0.4752
Epoch 11/117

 1/98 [..............................] - ETA: 3s - loss: 1.6862 - accuracy: 0.4180
 4/98 [>.............................] - ETA: 1s - loss: 1.6534 - accuracy: 0.4214
 7/98 [=>............................] - ETA: 1s - loss: 1.6426 - accuracy: 0.4177
11/98 [==>...........................] - ETA: 1s - loss: 1.6290 - accuracy: 0.4178
15/98 [===>..........................] - ETA: 1s - loss: 1.6277 - accuracy: 0.4194
19/98 [====>.........................] - ETA: 1s - loss: 1.6254 - accuracy: 0.4205
23/98 [======>.......................] - ETA: 1s - loss: 1.6246 - accuracy: 0.4234
27/98 [=======>......................] - ETA: 1s - loss: 1.6222 - accuracy: 0.4239
30/98 [========>.....................] - ETA: 1s - loss: 1.6240 - accuracy: 0.4221
33/98 [=========>....................] - ETA: 1s - loss: 1.6271 - accuracy: 0.4205
36/98 [==========>...................] - ETA: 1s - loss: 1.6262 - accuracy: 0.4212
40/98 [===========>..................] - ETA: 1s - loss: 1.6246 - accuracy: 0.4207
43/98 [============>.................] - ETA: 1s - loss: 1.6242 - accuracy: 0.4210
47/98 [=============>................] - ETA: 1s - loss: 1.6230 - accuracy: 0.4215
51/98 [==============>...............] - ETA: 0s - loss: 1.6240 - accuracy: 0.4209
54/98 [===============>..............] - ETA: 0s - loss: 1.6249 - accuracy: 0.4205
58/98 [================>.............] - ETA: 0s - loss: 1.6270 - accuracy: 0.4191
62/98 [=================>............] - ETA: 0s - loss: 1.6244 - accuracy: 0.4198
66/98 [===================>..........] - ETA: 0s - loss: 1.6248 - accuracy: 0.4199
69/98 [====================>.........] - ETA: 0s - loss: 1.6231 - accuracy: 0.4204
72/98 [=====================>........] - ETA: 0s - loss: 1.6226 - accuracy: 0.4203
75/98 [=====================>........] - ETA: 0s - loss: 1.6236 - accuracy: 0.4192
78/98 [======================>.......] - ETA: 0s - loss: 1.6220 - accuracy: 0.4202
81/98 [=======================>......] - ETA: 0s - loss: 1.6213 - accuracy: 0.4208
85/98 [=========================>....] - ETA: 0s - loss: 1.6209 - accuracy: 0.4209
89/98 [==========================>...] - ETA: 0s - loss: 1.6206 - accuracy: 0.4204
93/98 [===========================>..] - ETA: 0s - loss: 1.6193 - accuracy: 0.4206
97/98 [============================>.] - ETA: 0s - loss: 1.6183 - accuracy: 0.4213
98/98 [==============================] - 2s 24ms/step - loss: 1.6184 - accuracy: 0.4212 - val_loss: 1.5054 - val_accuracy: 0.4837
Epoch 12/117

 1/98 [..............................] - ETA: 3s - loss: 1.5801 - accuracy: 0.4336
 4/98 [>.............................] - ETA: 1s - loss: 1.6139 - accuracy: 0.4219
 8/98 [=>............................] - ETA: 1s - loss: 1.5935 - accuracy: 0.4309
12/98 [==>...........................] - ETA: 1s - loss: 1.5934 - accuracy: 0.4325
16/98 [===>..........................] - ETA: 1s - loss: 1.6029 - accuracy: 0.4287
20/98 [=====>........................] - ETA: 1s - loss: 1.5969 - accuracy: 0.4313
23/98 [======>.......................] - ETA: 1s - loss: 1.5945 - accuracy: 0.4333
26/98 [======>.......................] - ETA: 1s - loss: 1.5960 - accuracy: 0.4335
29/98 [=======>......................] - ETA: 1s - loss: 1.6024 - accuracy: 0.4320
32/98 [========>.....................] - ETA: 1s - loss: 1.6033 - accuracy: 0.4308
36/98 [==========>...................] - ETA: 1s - loss: 1.6029 - accuracy: 0.4302
40/98 [===========>..................] - ETA: 1s - loss: 1.6001 - accuracy: 0.4318
44/98 [============>.................] - ETA: 1s - loss: 1.5987 - accuracy: 0.4325
47/98 [=============>................] - ETA: 1s - loss: 1.5953 - accuracy: 0.4336
50/98 [==============>...............] - ETA: 0s - loss: 1.5928 - accuracy: 0.4354
54/98 [===============>..............] - ETA: 0s - loss: 1.5924 - accuracy: 0.4346
58/98 [================>.............] - ETA: 0s - loss: 1.5925 - accuracy: 0.4345
62/98 [=================>............] - ETA: 0s - loss: 1.5946 - accuracy: 0.4338
66/98 [===================>..........] - ETA: 0s - loss: 1.5941 - accuracy: 0.4339
70/98 [====================>.........] - ETA: 0s - loss: 1.5919 - accuracy: 0.4351
74/98 [=====================>........] - ETA: 0s - loss: 1.5918 - accuracy: 0.4354
77/98 [======================>.......] - ETA: 0s - loss: 1.5914 - accuracy: 0.4346
81/98 [=======================>......] - ETA: 0s - loss: 1.5919 - accuracy: 0.4343
85/98 [=========================>....] - ETA: 0s - loss: 1.5918 - accuracy: 0.4347
89/98 [==========================>...] - ETA: 0s - loss: 1.5911 - accuracy: 0.4347
92/98 [===========================>..] - ETA: 0s - loss: 1.5914 - accuracy: 0.4343
96/98 [============================>.] - ETA: 0s - loss: 1.5912 - accuracy: 0.4339
98/98 [==============================] - 2s 25ms/step - loss: 1.5916 - accuracy: 0.4336 - val_loss: 1.4831 - val_accuracy: 0.4925
Epoch 13/117

 1/98 [..............................] - ETA: 3s - loss: 1.5385 - accuracy: 0.4512
 5/98 [>.............................] - ETA: 1s - loss: 1.5888 - accuracy: 0.4289
 9/98 [=>............................] - ETA: 1s - loss: 1.5747 - accuracy: 0.4338
12/98 [==>...........................] - ETA: 1s - loss: 1.5718 - accuracy: 0.4316
15/98 [===>..........................] - ETA: 1s - loss: 1.5603 - accuracy: 0.4368
18/98 [====>.........................] - ETA: 1s - loss: 1.5643 - accuracy: 0.4382
21/98 [=====>........................] - ETA: 1s - loss: 1.5656 - accuracy: 0.4384
25/98 [======>.......................] - ETA: 1s - loss: 1.5753 - accuracy: 0.4362
29/98 [=======>......................] - ETA: 1s - loss: 1.5757 - accuracy: 0.4380
33/98 [=========>....................] - ETA: 1s - loss: 1.5757 - accuracy: 0.4382
37/98 [==========>...................] - ETA: 1s - loss: 1.5770 - accuracy: 0.4377
40/98 [===========>..................] - ETA: 1s - loss: 1.5767 - accuracy: 0.4386
43/98 [============>.................] - ETA: 1s - loss: 1.5761 - accuracy: 0.4391
46/98 [=============>................] - ETA: 1s - loss: 1.5764 - accuracy: 0.4391
50/98 [==============>...............] - ETA: 0s - loss: 1.5790 - accuracy: 0.4383
53/98 [===============>..............] - ETA: 0s - loss: 1.5786 - accuracy: 0.4379
57/98 [================>.............] - ETA: 0s - loss: 1.5752 - accuracy: 0.4401
61/98 [=================>............] - ETA: 0s - loss: 1.5735 - accuracy: 0.4405
65/98 [==================>...........] - ETA: 0s - loss: 1.5723 - accuracy: 0.4409
69/98 [====================>.........] - ETA: 0s - loss: 1.5709 - accuracy: 0.4421
73/98 [=====================>........] - ETA: 0s - loss: 1.5726 - accuracy: 0.4406
77/98 [======================>.......] - ETA: 0s - loss: 1.5718 - accuracy: 0.4407
81/98 [=======================>......] - ETA: 0s - loss: 1.5702 - accuracy: 0.4404
85/98 [=========================>....] - ETA: 0s - loss: 1.5701 - accuracy: 0.4402
89/98 [==========================>...] - ETA: 0s - loss: 1.5689 - accuracy: 0.4407
93/98 [===========================>..] - ETA: 0s - loss: 1.5686 - accuracy: 0.4402
97/98 [============================>.] - ETA: 0s - loss: 1.5682 - accuracy: 0.4404
98/98 [==============================] - 2s 24ms/step - loss: 1.5679 - accuracy: 0.4405 - val_loss: 1.4642 - val_accuracy: 0.4989
Epoch 14/117

 1/98 [..............................] - ETA: 3s - loss: 1.6096 - accuracy: 0.4141
 4/98 [>.............................] - ETA: 1s - loss: 1.5995 - accuracy: 0.4321
 8/98 [=>............................] - ETA: 1s - loss: 1.5816 - accuracy: 0.4403
11/98 [==>...........................] - ETA: 1s - loss: 1.5730 - accuracy: 0.4481
14/98 [===>..........................] - ETA: 1s - loss: 1.5569 - accuracy: 0.4534
17/98 [====>.........................] - ETA: 1s - loss: 1.5511 - accuracy: 0.4547
20/98 [=====>........................] - ETA: 1s - loss: 1.5531 - accuracy: 0.4517
23/98 [======>.......................] - ETA: 1s - loss: 1.5549 - accuracy: 0.4511
27/98 [=======>......................] - ETA: 1s - loss: 1.5490 - accuracy: 0.4541
31/98 [========>.....................] - ETA: 1s - loss: 1.5533 - accuracy: 0.4509
35/98 [=========>....................] - ETA: 1s - loss: 1.5541 - accuracy: 0.4502
39/98 [==========>...................] - ETA: 1s - loss: 1.5539 - accuracy: 0.4500
43/98 [============>.................] - ETA: 1s - loss: 1.5529 - accuracy: 0.4505
46/98 [=============>................] - ETA: 1s - loss: 1.5529 - accuracy: 0.4506
50/98 [==============>...............] - ETA: 0s - loss: 1.5506 - accuracy: 0.4510
54/98 [===============>..............] - ETA: 0s - loss: 1.5486 - accuracy: 0.4504
58/98 [================>.............] - ETA: 0s - loss: 1.5469 - accuracy: 0.4508
62/98 [=================>............] - ETA: 0s - loss: 1.5489 - accuracy: 0.4498
66/98 [===================>..........] - ETA: 0s - loss: 1.5496 - accuracy: 0.4497
70/98 [====================>.........] - ETA: 0s - loss: 1.5510 - accuracy: 0.4489
74/98 [=====================>........] - ETA: 0s - loss: 1.5507 - accuracy: 0.4496
78/98 [======================>.......] - ETA: 0s - loss: 1.5494 - accuracy: 0.4500
81/98 [=======================>......] - ETA: 0s - loss: 1.5497 - accuracy: 0.4503
84/98 [========================>.....] - ETA: 0s - loss: 1.5484 - accuracy: 0.4508
87/98 [=========================>....] - ETA: 0s - loss: 1.5484 - accuracy: 0.4506
90/98 [==========================>...] - ETA: 0s - loss: 1.5477 - accuracy: 0.4502
94/98 [===========================>..] - ETA: 0s - loss: 1.5489 - accuracy: 0.4493
97/98 [============================>.] - ETA: 0s - loss: 1.5491 - accuracy: 0.4494
98/98 [==============================] - 2s 24ms/step - loss: 1.5498 - accuracy: 0.4490 - val_loss: 1.4459 - val_accuracy: 0.5068
Epoch 15/117

 1/98 [..............................] - ETA: 3s - loss: 1.6178 - accuracy: 0.4199
 4/98 [>.............................] - ETA: 1s - loss: 1.5656 - accuracy: 0.4414
 8/98 [=>............................] - ETA: 1s - loss: 1.5367 - accuracy: 0.4561
12/98 [==>...........................] - ETA: 1s - loss: 1.5415 - accuracy: 0.4508
16/98 [===>..........................] - ETA: 1s - loss: 1.5416 - accuracy: 0.4508
19/98 [====>.........................] - ETA: 1s - loss: 1.5394 - accuracy: 0.4506
22/98 [=====>........................] - ETA: 1s - loss: 1.5360 - accuracy: 0.4506
26/98 [======>.......................] - ETA: 1s - loss: 1.5339 - accuracy: 0.4556
30/98 [========>.....................] - ETA: 1s - loss: 1.5292 - accuracy: 0.4589
34/98 [=========>....................] - ETA: 1s - loss: 1.5305 - accuracy: 0.4594
38/98 [==========>...................] - ETA: 1s - loss: 1.5309 - accuracy: 0.4603
42/98 [===========>..................] - ETA: 1s - loss: 1.5330 - accuracy: 0.4581
46/98 [=============>................] - ETA: 1s - loss: 1.5346 - accuracy: 0.4556
50/98 [==============>...............] - ETA: 0s - loss: 1.5353 - accuracy: 0.4545
53/98 [===============>..............] - ETA: 0s - loss: 1.5344 - accuracy: 0.4542
56/98 [================>.............] - ETA: 0s - loss: 1.5339 - accuracy: 0.4542
59/98 [=================>............] - ETA: 0s - loss: 1.5331 - accuracy: 0.4539
62/98 [=================>............] - ETA: 0s - loss: 1.5335 - accuracy: 0.4538
66/98 [===================>..........] - ETA: 0s - loss: 1.5340 - accuracy: 0.4541
69/98 [====================>.........] - ETA: 0s - loss: 1.5327 - accuracy: 0.4547
72/98 [=====================>........] - ETA: 0s - loss: 1.5312 - accuracy: 0.4554
75/98 [=====================>........] - ETA: 0s - loss: 1.5300 - accuracy: 0.4560
78/98 [======================>.......] - ETA: 0s - loss: 1.5301 - accuracy: 0.4556
82/98 [========================>.....] - ETA: 0s - loss: 1.5309 - accuracy: 0.4555
86/98 [=========================>....] - ETA: 0s - loss: 1.5317 - accuracy: 0.4551
90/98 [==========================>...] - ETA: 0s - loss: 1.5308 - accuracy: 0.4548
94/98 [===========================>..] - ETA: 0s - loss: 1.5302 - accuracy: 0.4544
98/98 [==============================] - ETA: 0s - loss: 1.5305 - accuracy: 0.4541
98/98 [==============================] - 2s 24ms/step - loss: 1.5305 - accuracy: 0.4541 - val_loss: 1.4277 - val_accuracy: 0.5104
Epoch 16/117

 1/98 [..............................] - ETA: 3s - loss: 1.5121 - accuracy: 0.4473
 4/98 [>.............................] - ETA: 1s - loss: 1.4935 - accuracy: 0.4546
 8/98 [=>............................] - ETA: 1s - loss: 1.5033 - accuracy: 0.4602
11/98 [==>...........................] - ETA: 1s - loss: 1.5174 - accuracy: 0.4570
15/98 [===>..........................] - ETA: 1s - loss: 1.5140 - accuracy: 0.4616
