2024-06-26 21:37:22.997624: I tensorflow/core/platform/cpu_feature_guard.cc:193] This TensorFlow binary is optimized with oneAPI Deep Neural Network Library (oneDNN) to use the following CPU instructions in performance-critical operations:  AVX AVX2
To enable them in other operations, rebuild TensorFlow with the appropriate compiler flags.
2024-06-26 21:37:23.430344: I tensorflow/core/common_runtime/gpu/gpu_device.cc:1616] Created device /job:localhost/replica:0/task:0/device:GPU:0 with 6656 MB memory:  -> device: 0, name: NVIDIA GeForce RTX 4060 Ti, pci bus id: 0000:01:00.0, compute capability: 8.9
1 Physical GPUs, 1 Logical GPUs
Model: "sequential"
_________________________________________________________________
 Layer (type)                Output Shape              Param #   
=================================================================
 conv2d (Conv2D)             (None, 32, 32, 32)        896       
                                                                 
 max_pooling2d (MaxPooling2D  (None, 16, 16, 32)       0         
 )                                                               
                                                                 
 batch_normalization (BatchN  (None, 16, 16, 32)       128       
 ormalization)                                                   
                                                                 
 conv2d_1 (Conv2D)           (None, 16, 16, 128)       102528    
                                                                 
 max_pooling2d_1 (MaxPooling  (None, 8, 8, 128)        0         
 2D)                                                             
                                                                 
 dropout (Dropout)           (None, 8, 8, 128)         0         
                                                                 
 flatten (Flatten)           (None, 8192)              0         
                                                                 
 dense (Dense)               (None, 10)                81930     
                                                                 
=================================================================
Total params: 185,482
Trainable params: 185,418
Non-trainable params: 64
_________________________________________________________________
Taxa de aprendizado:  1e-05 Num de épocas:  117 Tamanho do lote:  512 Dropout:  0.44283
Epoch 1/117
2024-06-26 21:37:24.570964: I tensorflow/stream_executor/cuda/cuda_dnn.cc:384] Loaded cuDNN version 8100
2024-06-26 21:37:25.255202: W tensorflow/stream_executor/gpu/redzone_allocator.cc:314] INTERNAL: ptxas exited with non-zero error code -1, output: 
Relying on driver to perform ptx compilation. 
Modify $PATH to customize ptxas location.
This message will be only logged once.
2024-06-26 21:37:26.006193: I tensorflow/stream_executor/cuda/cuda_blas.cc:1614] TensorFloat-32 will be used for the matrix multiplication. This will only be logged once.

 1/98 [..............................] - ETA: 4:25 - loss: 2.6152 - accuracy: 0.0762
 4/98 [>.............................] - ETA: 1s - loss: 2.5362 - accuracy: 0.0879  
 7/98 [=>............................] - ETA: 1s - loss: 2.5331 - accuracy: 0.0887
10/98 [==>...........................] - ETA: 1s - loss: 2.5183 - accuracy: 0.0891
13/98 [==>...........................] - ETA: 1s - loss: 2.5059 - accuracy: 0.0895
16/98 [===>..........................] - ETA: 1s - loss: 2.5002 - accuracy: 0.0919
19/98 [====>.........................] - ETA: 1s - loss: 2.4919 - accuracy: 0.0930
23/98 [======>.......................] - ETA: 1s - loss: 2.4700 - accuracy: 0.1016
27/98 [=======>......................] - ETA: 1s - loss: 2.4595 - accuracy: 0.1038
31/98 [========>.....................] - ETA: 1s - loss: 2.4455 - accuracy: 0.1072
34/98 [=========>....................] - ETA: 1s - loss: 2.4357 - accuracy: 0.1098
38/98 [==========>...................] - ETA: 1s - loss: 2.4258 - accuracy: 0.1124
42/98 [===========>..................] - ETA: 1s - loss: 2.4141 - accuracy: 0.1162
46/98 [=============>................] - ETA: 1s - loss: 2.4055 - accuracy: 0.1174
49/98 [==============>...............] - ETA: 1s - loss: 2.4000 - accuracy: 0.1190
52/98 [==============>...............] - ETA: 1s - loss: 2.3946 - accuracy: 0.1206
55/98 [===============>..............] - ETA: 1s - loss: 2.3870 - accuracy: 0.1234
58/98 [================>.............] - ETA: 0s - loss: 2.3818 - accuracy: 0.1253
62/98 [=================>............] - ETA: 0s - loss: 2.3735 - accuracy: 0.1277
66/98 [===================>..........] - ETA: 0s - loss: 2.3663 - accuracy: 0.1301
70/98 [====================>.........] - ETA: 0s - loss: 2.3587 - accuracy: 0.1328
74/98 [=====================>........] - ETA: 0s - loss: 2.3515 - accuracy: 0.1352
77/98 [======================>.......] - ETA: 0s - loss: 2.3470 - accuracy: 0.1365
80/98 [=======================>......] - ETA: 0s - loss: 2.3422 - accuracy: 0.1385
84/98 [========================>.....] - ETA: 0s - loss: 2.3349 - accuracy: 0.1411
87/98 [=========================>....] - ETA: 0s - loss: 2.3299 - accuracy: 0.1429
91/98 [==========================>...] - ETA: 0s - loss: 2.3233 - accuracy: 0.1457
95/98 [============================>.] - ETA: 0s - loss: 2.3174 - accuracy: 0.1475
98/98 [==============================] - 6s 30ms/step - loss: 2.3133 - accuracy: 0.1489 - val_loss: 2.2643 - val_accuracy: 0.2091
Epoch 2/117

 1/98 [..............................] - ETA: 3s - loss: 2.1407 - accuracy: 0.2012
 4/98 [>.............................] - ETA: 1s - loss: 2.1597 - accuracy: 0.2100
 8/98 [=>............................] - ETA: 1s - loss: 2.1410 - accuracy: 0.2131
12/98 [==>...........................] - ETA: 1s - loss: 2.1421 - accuracy: 0.2096
16/98 [===>..........................] - ETA: 1s - loss: 2.1455 - accuracy: 0.2111
19/98 [====>.........................] - ETA: 1s - loss: 2.1445 - accuracy: 0.2118
22/98 [=====>........................] - ETA: 1s - loss: 2.1438 - accuracy: 0.2108
26/98 [======>.......................] - ETA: 1s - loss: 2.1439 - accuracy: 0.2110
29/98 [=======>......................] - ETA: 1s - loss: 2.1377 - accuracy: 0.2128
33/98 [=========>....................] - ETA: 1s - loss: 2.1336 - accuracy: 0.2152
36/98 [==========>...................] - ETA: 1s - loss: 2.1321 - accuracy: 0.2158
39/98 [==========>...................] - ETA: 1s - loss: 2.1295 - accuracy: 0.2170
42/98 [===========>..................] - ETA: 1s - loss: 2.1305 - accuracy: 0.2168
45/98 [============>.................] - ETA: 1s - loss: 2.1286 - accuracy: 0.2175
49/98 [==============>...............] - ETA: 0s - loss: 2.1241 - accuracy: 0.2185
53/98 [===============>..............] - ETA: 0s - loss: 2.1198 - accuracy: 0.2207
57/98 [================>.............] - ETA: 0s - loss: 2.1144 - accuracy: 0.2234
61/98 [=================>............] - ETA: 0s - loss: 2.1102 - accuracy: 0.2251
65/98 [==================>...........] - ETA: 0s - loss: 2.1078 - accuracy: 0.2266
68/98 [===================>..........] - ETA: 0s - loss: 2.1040 - accuracy: 0.2283
72/98 [=====================>........] - ETA: 0s - loss: 2.1018 - accuracy: 0.2298
76/98 [======================>.......] - ETA: 0s - loss: 2.1001 - accuracy: 0.2305
80/98 [=======================>......] - ETA: 0s - loss: 2.0969 - accuracy: 0.2322
84/98 [========================>.....] - ETA: 0s - loss: 2.0933 - accuracy: 0.2336
88/98 [=========================>....] - ETA: 0s - loss: 2.0908 - accuracy: 0.2344
92/98 [===========================>..] - ETA: 0s - loss: 2.0890 - accuracy: 0.2351
96/98 [============================>.] - ETA: 0s - loss: 2.0867 - accuracy: 0.2366
98/98 [==============================] - 2s 24ms/step - loss: 2.0851 - accuracy: 0.2372 - val_loss: 2.1932 - val_accuracy: 0.3059
Epoch 3/117

 1/98 [..............................] - ETA: 3s - loss: 1.9996 - accuracy: 0.2598
 4/98 [>.............................] - ETA: 1s - loss: 2.0094 - accuracy: 0.2554
 7/98 [=>............................] - ETA: 1s - loss: 2.0147 - accuracy: 0.2631
11/98 [==>...........................] - ETA: 1s - loss: 2.0116 - accuracy: 0.2646
15/98 [===>..........................] - ETA: 1s - loss: 2.0022 - accuracy: 0.2690
19/98 [====>.........................] - ETA: 1s - loss: 2.0019 - accuracy: 0.2695
23/98 [======>.......................] - ETA: 1s - loss: 2.0045 - accuracy: 0.2711
27/98 [=======>......................] - ETA: 1s - loss: 2.0013 - accuracy: 0.2708
30/98 [========>.....................] - ETA: 1s - loss: 2.0000 - accuracy: 0.2706
33/98 [=========>....................] - ETA: 1s - loss: 1.9983 - accuracy: 0.2717
36/98 [==========>...................] - ETA: 1s - loss: 1.9953 - accuracy: 0.2738
39/98 [==========>...................] - ETA: 1s - loss: 1.9915 - accuracy: 0.2747
42/98 [===========>..................] - ETA: 1s - loss: 1.9885 - accuracy: 0.2753
46/98 [=============>................] - ETA: 1s - loss: 1.9857 - accuracy: 0.2763
50/98 [==============>...............] - ETA: 0s - loss: 1.9869 - accuracy: 0.2754
54/98 [===============>..............] - ETA: 0s - loss: 1.9852 - accuracy: 0.2766
58/98 [================>.............] - ETA: 0s - loss: 1.9814 - accuracy: 0.2782
62/98 [=================>............] - ETA: 0s - loss: 1.9789 - accuracy: 0.2797
65/98 [==================>...........] - ETA: 0s - loss: 1.9789 - accuracy: 0.2795
69/98 [====================>.........] - ETA: 0s - loss: 1.9770 - accuracy: 0.2801
72/98 [=====================>........] - ETA: 0s - loss: 1.9749 - accuracy: 0.2816
75/98 [=====================>........] - ETA: 0s - loss: 1.9723 - accuracy: 0.2829
78/98 [======================>.......] - ETA: 0s - loss: 1.9705 - accuracy: 0.2832
82/98 [========================>.....] - ETA: 0s - loss: 1.9678 - accuracy: 0.2843
86/98 [=========================>....] - ETA: 0s - loss: 1.9670 - accuracy: 0.2850
90/98 [==========================>...] - ETA: 0s - loss: 1.9646 - accuracy: 0.2859
94/98 [===========================>..] - ETA: 0s - loss: 1.9629 - accuracy: 0.2870
98/98 [==============================] - ETA: 0s - loss: 1.9606 - accuracy: 0.2881
98/98 [==============================] - 2s 24ms/step - loss: 1.9606 - accuracy: 0.2881 - val_loss: 2.0897 - val_accuracy: 0.3586
Epoch 4/117

 1/98 [..............................] - ETA: 3s - loss: 1.9007 - accuracy: 0.3379
 4/98 [>.............................] - ETA: 1s - loss: 1.9224 - accuracy: 0.3037
 7/98 [=>............................] - ETA: 1s - loss: 1.9147 - accuracy: 0.3114
11/98 [==>...........................] - ETA: 1s - loss: 1.9109 - accuracy: 0.3141
15/98 [===>..........................] - ETA: 1s - loss: 1.9021 - accuracy: 0.3178
19/98 [====>.........................] - ETA: 1s - loss: 1.8980 - accuracy: 0.3170
23/98 [======>.......................] - ETA: 1s - loss: 1.8986 - accuracy: 0.3131
27/98 [=======>......................] - ETA: 1s - loss: 1.8921 - accuracy: 0.3144
30/98 [========>.....................] - ETA: 1s - loss: 1.8957 - accuracy: 0.3132
33/98 [=========>....................] - ETA: 1s - loss: 1.8932 - accuracy: 0.3143
36/98 [==========>...................] - ETA: 1s - loss: 1.8949 - accuracy: 0.3129
39/98 [==========>...................] - ETA: 1s - loss: 1.8954 - accuracy: 0.3130
43/98 [============>.................] - ETA: 1s - loss: 1.8951 - accuracy: 0.3126
47/98 [=============>................] - ETA: 0s - loss: 1.8936 - accuracy: 0.3128
51/98 [==============>...............] - ETA: 0s - loss: 1.8932 - accuracy: 0.3136
55/98 [===============>..............] - ETA: 0s - loss: 1.8923 - accuracy: 0.3132
59/98 [=================>............] - ETA: 0s - loss: 1.8914 - accuracy: 0.3138
63/98 [==================>...........] - ETA: 0s - loss: 1.8910 - accuracy: 0.3145
67/98 [===================>..........] - ETA: 0s - loss: 1.8896 - accuracy: 0.3149
70/98 [====================>.........] - ETA: 0s - loss: 1.8883 - accuracy: 0.3158
73/98 [=====================>........] - ETA: 0s - loss: 1.8877 - accuracy: 0.3159
76/98 [======================>.......] - ETA: 0s - loss: 1.8866 - accuracy: 0.3159
79/98 [=======================>......] - ETA: 0s - loss: 1.8852 - accuracy: 0.3157
82/98 [========================>.....] - ETA: 0s - loss: 1.8837 - accuracy: 0.3168
85/98 [=========================>....] - ETA: 0s - loss: 1.8824 - accuracy: 0.3174
89/98 [==========================>...] - ETA: 0s - loss: 1.8806 - accuracy: 0.3178
93/98 [===========================>..] - ETA: 0s - loss: 1.8787 - accuracy: 0.3192
97/98 [============================>.] - ETA: 0s - loss: 1.8780 - accuracy: 0.3201
98/98 [==============================] - 2s 25ms/step - loss: 1.8777 - accuracy: 0.3200 - val_loss: 1.9609 - val_accuracy: 0.3896
Epoch 5/117

 1/98 [..............................] - ETA: 3s - loss: 1.8414 - accuracy: 0.3301
 4/98 [>.............................] - ETA: 1s - loss: 1.8422 - accuracy: 0.3452
 7/98 [=>............................] - ETA: 1s - loss: 1.8401 - accuracy: 0.3440
11/98 [==>...........................] - ETA: 1s - loss: 1.8469 - accuracy: 0.3430
15/98 [===>..........................] - ETA: 1s - loss: 1.8426 - accuracy: 0.3434
19/98 [====>.........................] - ETA: 1s - loss: 1.8390 - accuracy: 0.3435
23/98 [======>.......................] - ETA: 1s - loss: 1.8357 - accuracy: 0.3460
27/98 [=======>......................] - ETA: 1s - loss: 1.8316 - accuracy: 0.3444
31/98 [========>.....................] - ETA: 1s - loss: 1.8314 - accuracy: 0.3441
34/98 [=========>....................] - ETA: 1s - loss: 1.8261 - accuracy: 0.3451
38/98 [==========>...................] - ETA: 1s - loss: 1.8277 - accuracy: 0.3439
42/98 [===========>..................] - ETA: 1s - loss: 1.8265 - accuracy: 0.3434
46/98 [=============>................] - ETA: 1s - loss: 1.8292 - accuracy: 0.3424
50/98 [==============>...............] - ETA: 0s - loss: 1.8271 - accuracy: 0.3421
53/98 [===============>..............] - ETA: 0s - loss: 1.8274 - accuracy: 0.3419
56/98 [================>.............] - ETA: 0s - loss: 1.8252 - accuracy: 0.3428
59/98 [=================>............] - ETA: 0s - loss: 1.8247 - accuracy: 0.3429
63/98 [==================>...........] - ETA: 0s - loss: 1.8230 - accuracy: 0.3443
67/98 [===================>..........] - ETA: 0s - loss: 1.8208 - accuracy: 0.3454
70/98 [====================>.........] - ETA: 0s - loss: 1.8205 - accuracy: 0.3459
74/98 [=====================>........] - ETA: 0s - loss: 1.8200 - accuracy: 0.3464
78/98 [======================>.......] - ETA: 0s - loss: 1.8197 - accuracy: 0.3465
82/98 [========================>.....] - ETA: 0s - loss: 1.8173 - accuracy: 0.3471
86/98 [=========================>....] - ETA: 0s - loss: 1.8161 - accuracy: 0.3476
90/98 [==========================>...] - ETA: 0s - loss: 1.8148 - accuracy: 0.3472
94/98 [===========================>..] - ETA: 0s - loss: 1.8148 - accuracy: 0.3479
98/98 [==============================] - ETA: 0s - loss: 1.8129 - accuracy: 0.3488
98/98 [==============================] - 2s 24ms/step - loss: 1.8129 - accuracy: 0.3488 - val_loss: 1.8280 - val_accuracy: 0.4130
Epoch 6/117

 1/98 [..............................] - ETA: 3s - loss: 1.8351 - accuracy: 0.3242
 4/98 [>.............................] - ETA: 1s - loss: 1.7866 - accuracy: 0.3535
 7/98 [=>............................] - ETA: 1s - loss: 1.7789 - accuracy: 0.3577
10/98 [==>...........................] - ETA: 1s - loss: 1.7881 - accuracy: 0.3576
14/98 [===>..........................] - ETA: 1s - loss: 1.7871 - accuracy: 0.3555
17/98 [====>.........................] - ETA: 1s - loss: 1.7820 - accuracy: 0.3566
21/98 [=====>........................] - ETA: 1s - loss: 1.7842 - accuracy: 0.3557
25/98 [======>.......................] - ETA: 1s - loss: 1.7840 - accuracy: 0.3572
29/98 [=======>......................] - ETA: 1s - loss: 1.7863 - accuracy: 0.3576
33/98 [=========>....................] - ETA: 1s - loss: 1.7861 - accuracy: 0.3574
36/98 [==========>...................] - ETA: 1s - loss: 1.7877 - accuracy: 0.3556
39/98 [==========>...................] - ETA: 1s - loss: 1.7855 - accuracy: 0.3568
42/98 [===========>..................] - ETA: 1s - loss: 1.7848 - accuracy: 0.3583
45/98 [============>.................] - ETA: 1s - loss: 1.7843 - accuracy: 0.3593
48/98 [=============>................] - ETA: 1s - loss: 1.7823 - accuracy: 0.3596
52/98 [==============>...............] - ETA: 0s - loss: 1.7793 - accuracy: 0.3601
56/98 [================>.............] - ETA: 0s - loss: 1.7774 - accuracy: 0.3611
60/98 [=================>............] - ETA: 0s - loss: 1.7736 - accuracy: 0.3633
64/98 [==================>...........] - ETA: 0s - loss: 1.7734 - accuracy: 0.3631
67/98 [===================>..........] - ETA: 0s - loss: 1.7727 - accuracy: 0.3624
71/98 [====================>.........] - ETA: 0s - loss: 1.7721 - accuracy: 0.3631
75/98 [=====================>........] - ETA: 0s - loss: 1.7708 - accuracy: 0.3635
79/98 [=======================>......] - ETA: 0s - loss: 1.7701 - accuracy: 0.3643
83/98 [========================>.....] - ETA: 0s - loss: 1.7685 - accuracy: 0.3653
86/98 [=========================>....] - ETA: 0s - loss: 1.7668 - accuracy: 0.3664
90/98 [==========================>...] - ETA: 0s - loss: 1.7653 - accuracy: 0.3669
94/98 [===========================>..] - ETA: 0s - loss: 1.7631 - accuracy: 0.3676
97/98 [============================>.] - ETA: 0s - loss: 1.7634 - accuracy: 0.3670
98/98 [==============================] - 2s 25ms/step - loss: 1.7633 - accuracy: 0.3670 - val_loss: 1.7192 - val_accuracy: 0.4267
Epoch 7/117

 1/98 [..............................] - ETA: 3s - loss: 1.7267 - accuracy: 0.3828
 5/98 [>.............................] - ETA: 1s - loss: 1.7125 - accuracy: 0.3884
 9/98 [=>............................] - ETA: 1s - loss: 1.7289 - accuracy: 0.3820
13/98 [==>...........................] - ETA: 1s - loss: 1.7419 - accuracy: 0.3779
17/98 [====>.........................] - ETA: 1s - loss: 1.7377 - accuracy: 0.3791
21/98 [=====>........................] - ETA: 1s - loss: 1.7367 - accuracy: 0.3793
25/98 [======>.......................] - ETA: 1s - loss: 1.7370 - accuracy: 0.3779
29/98 [=======>......................] - ETA: 1s - loss: 1.7372 - accuracy: 0.3787
32/98 [========>.....................] - ETA: 1s - loss: 1.7367 - accuracy: 0.3782
36/98 [==========>...................] - ETA: 1s - loss: 1.7397 - accuracy: 0.3768
40/98 [===========>..................] - ETA: 1s - loss: 1.7381 - accuracy: 0.3774
44/98 [============>.................] - ETA: 1s - loss: 1.7381 - accuracy: 0.3784
48/98 [=============>................] - ETA: 0s - loss: 1.7371 - accuracy: 0.3786
52/98 [==============>...............] - ETA: 0s - loss: 1.7353 - accuracy: 0.3787
56/98 [================>.............] - ETA: 0s - loss: 1.7344 - accuracy: 0.3790
60/98 [=================>............] - ETA: 0s - loss: 1.7323 - accuracy: 0.3797
64/98 [==================>...........] - ETA: 0s - loss: 1.7296 - accuracy: 0.3804
67/98 [===================>..........] - ETA: 0s - loss: 1.7291 - accuracy: 0.3807
70/98 [====================>.........] - ETA: 0s - loss: 1.7282 - accuracy: 0.3804
73/98 [=====================>........] - ETA: 0s - loss: 1.7274 - accuracy: 0.3809
77/98 [======================>.......] - ETA: 0s - loss: 1.7283 - accuracy: 0.3803
81/98 [=======================>......] - ETA: 0s - loss: 1.7286 - accuracy: 0.3805
84/98 [========================>.....] - ETA: 0s - loss: 1.7269 - accuracy: 0.3807
88/98 [=========================>....] - ETA: 0s - loss: 1.7273 - accuracy: 0.3805
92/98 [===========================>..] - ETA: 0s - loss: 1.7266 - accuracy: 0.3804
96/98 [============================>.] - ETA: 0s - loss: 1.7252 - accuracy: 0.3811
98/98 [==============================] - 2s 24ms/step - loss: 1.7249 - accuracy: 0.3817 - val_loss: 1.6441 - val_accuracy: 0.4401
Epoch 8/117

 1/98 [..............................] - ETA: 3s - loss: 1.7643 - accuracy: 0.3730
 4/98 [>.............................] - ETA: 1s - loss: 1.7162 - accuracy: 0.3975
 7/98 [=>............................] - ETA: 1s - loss: 1.7057 - accuracy: 0.4026
10/98 [==>...........................] - ETA: 1s - loss: 1.7045 - accuracy: 0.4006
14/98 [===>..........................] - ETA: 1s - loss: 1.6995 - accuracy: 0.3959
18/98 [====>.........................] - ETA: 1s - loss: 1.7009 - accuracy: 0.3932
22/98 [=====>........................] - ETA: 1s - loss: 1.6953 - accuracy: 0.3951
26/98 [======>.......................] - ETA: 1s - loss: 1.6978 - accuracy: 0.3912
30/98 [========>.....................] - ETA: 1s - loss: 1.6953 - accuracy: 0.3904
34/98 [=========>....................] - ETA: 1s - loss: 1.6939 - accuracy: 0.3907
37/98 [==========>...................] - ETA: 1s - loss: 1.6940 - accuracy: 0.3907
41/98 [===========>..................] - ETA: 1s - loss: 1.6923 - accuracy: 0.3909
44/98 [============>.................] - ETA: 1s - loss: 1.6922 - accuracy: 0.3902
47/98 [=============>................] - ETA: 1s - loss: 1.6924 - accuracy: 0.3910
50/98 [==============>...............] - ETA: 0s - loss: 1.6930 - accuracy: 0.3898
53/98 [===============>..............] - ETA: 0s - loss: 1.6946 - accuracy: 0.3901
57/98 [================>.............] - ETA: 0s - loss: 1.6937 - accuracy: 0.3907
61/98 [=================>............] - ETA: 0s - loss: 1.6928 - accuracy: 0.3909
64/98 [==================>...........] - ETA: 0s - loss: 1.6912 - accuracy: 0.3921
67/98 [===================>..........] - ETA: 0s - loss: 1.6921 - accuracy: 0.3920
70/98 [====================>.........] - ETA: 0s - loss: 1.6909 - accuracy: 0.3923
73/98 [=====================>........] - ETA: 0s - loss: 1.6914 - accuracy: 0.3924
77/98 [======================>.......] - ETA: 0s - loss: 1.6897 - accuracy: 0.3921
79/98 [=======================>......] - ETA: 0s - loss: 1.6897 - accuracy: 0.3920
82/98 [========================>.....] - ETA: 0s - loss: 1.6890 - accuracy: 0.3923
86/98 [=========================>....] - ETA: 0s - loss: 1.6876 - accuracy: 0.3930
90/98 [==========================>...] - ETA: 0s - loss: 1.6867 - accuracy: 0.3933
94/98 [===========================>..] - ETA: 0s - loss: 1.6875 - accuracy: 0.3924
97/98 [============================>.] - ETA: 0s - loss: 1.6864 - accuracy: 0.3929
98/98 [==============================] - 2s 25ms/step - loss: 1.6859 - accuracy: 0.3929 - val_loss: 1.5933 - val_accuracy: 0.4523
Epoch 9/117

 1/98 [..............................] - ETA: 3s - loss: 1.5807 - accuracy: 0.4531
 5/98 [>.............................] - ETA: 1s - loss: 1.6317 - accuracy: 0.4160
 9/98 [=>............................] - ETA: 1s - loss: 1.6467 - accuracy: 0.4145
13/98 [==>...........................] - ETA: 1s - loss: 1.6570 - accuracy: 0.4114
17/98 [====>.........................] - ETA: 1s - loss: 1.6593 - accuracy: 0.4059
20/98 [=====>........................] - ETA: 1s - loss: 1.6583 - accuracy: 0.4034
24/98 [======>.......................] - ETA: 1s - loss: 1.6559 - accuracy: 0.4041
28/98 [=======>......................] - ETA: 1s - loss: 1.6615 - accuracy: 0.4016
32/98 [========>.....................] - ETA: 1s - loss: 1.6670 - accuracy: 0.4016
36/98 [==========>...................] - ETA: 1s - loss: 1.6623 - accuracy: 0.4053
40/98 [===========>..................] - ETA: 1s - loss: 1.6632 - accuracy: 0.4048
44/98 [============>.................] - ETA: 1s - loss: 1.6604 - accuracy: 0.4054
47/98 [=============>................] - ETA: 1s - loss: 1.6615 - accuracy: 0.4049
51/98 [==============>...............] - ETA: 0s - loss: 1.6595 - accuracy: 0.4054
55/98 [===============>..............] - ETA: 0s - loss: 1.6590 - accuracy: 0.4062
58/98 [================>.............] - ETA: 0s - loss: 1.6590 - accuracy: 0.4065
61/98 [=================>............] - ETA: 0s - loss: 1.6578 - accuracy: 0.4057
64/98 [==================>...........] - ETA: 0s - loss: 1.6577 - accuracy: 0.4058
67/98 [===================>..........] - ETA: 0s - loss: 1.6590 - accuracy: 0.4060
71/98 [====================>.........] - ETA: 0s - loss: 1.6578 - accuracy: 0.4058
74/98 [=====================>........] - ETA: 0s - loss: 1.6575 - accuracy: 0.4058
78/98 [======================>.......] - ETA: 0s - loss: 1.6567 - accuracy: 0.4056
82/98 [========================>.....] - ETA: 0s - loss: 1.6565 - accuracy: 0.4061
85/98 [=========================>....] - ETA: 0s - loss: 1.6558 - accuracy: 0.4064
88/98 [=========================>....] - ETA: 0s - loss: 1.6546 - accuracy: 0.4069
92/98 [===========================>..] - ETA: 0s - loss: 1.6539 - accuracy: 0.4069
96/98 [============================>.] - ETA: 0s - loss: 1.6542 - accuracy: 0.4070
98/98 [==============================] - 2s 25ms/step - loss: 1.6545 - accuracy: 0.4068 - val_loss: 1.5570 - val_accuracy: 0.4622
Epoch 10/117

 1/98 [..............................] - ETA: 3s - loss: 1.6364 - accuracy: 0.3984
 4/98 [>.............................] - ETA: 1s - loss: 1.6376 - accuracy: 0.4141
 7/98 [=>............................] - ETA: 1s - loss: 1.6418 - accuracy: 0.4057
10/98 [==>...........................] - ETA: 1s - loss: 1.6414 - accuracy: 0.4076
13/98 [==>...........................] - ETA: 1s - loss: 1.6383 - accuracy: 0.4118
16/98 [===>..........................] - ETA: 1s - loss: 1.6302 - accuracy: 0.4169
19/98 [====>.........................] - ETA: 1s - loss: 1.6305 - accuracy: 0.4167
22/98 [=====>........................] - ETA: 1s - loss: 1.6278 - accuracy: 0.4181
25/98 [======>.......................] - ETA: 1s - loss: 1.6301 - accuracy: 0.4149
28/98 [=======>......................] - ETA: 1s - loss: 1.6275 - accuracy: 0.4150
32/98 [========>.....................] - ETA: 1s - loss: 1.6262 - accuracy: 0.4162
35/98 [=========>....................] - ETA: 1s - loss: 1.6273 - accuracy: 0.4156
39/98 [==========>...................] - ETA: 1s - loss: 1.6289 - accuracy: 0.4157
43/98 [============>.................] - ETA: 1s - loss: 1.6272 - accuracy: 0.4158
47/98 [=============>................] - ETA: 1s - loss: 1.6272 - accuracy: 0.4156
51/98 [==============>...............] - ETA: 0s - loss: 1.6283 - accuracy: 0.4166
55/98 [===============>..............] - ETA: 0s - loss: 1.6307 - accuracy: 0.4154
59/98 [=================>............] - ETA: 0s - loss: 1.6304 - accuracy: 0.4155
62/98 [=================>............] - ETA: 0s - loss: 1.6297 - accuracy: 0.4156
65/98 [==================>...........] - ETA: 0s - loss: 1.6280 - accuracy: 0.4162
68/98 [===================>..........] - ETA: 0s - loss: 1.6278 - accuracy: 0.4159
72/98 [=====================>........] - ETA: 0s - loss: 1.6266 - accuracy: 0.4165
76/98 [======================>.......] - ETA: 0s - loss: 1.6257 - accuracy: 0.4158
80/98 [=======================>......] - ETA: 0s - loss: 1.6257 - accuracy: 0.4161
84/98 [========================>.....] - ETA: 0s - loss: 1.6253 - accuracy: 0.4159
88/98 [=========================>....] - ETA: 0s - loss: 1.6280 - accuracy: 0.4155
92/98 [===========================>..] - ETA: 0s - loss: 1.6283 - accuracy: 0.4150
96/98 [============================>.] - ETA: 0s - loss: 1.6272 - accuracy: 0.4155
98/98 [==============================] - 2s 25ms/step - loss: 1.6267 - accuracy: 0.4161 - val_loss: 1.5284 - val_accuracy: 0.4720
Epoch 11/117

 1/98 [..............................] - ETA: 3s - loss: 1.7143 - accuracy: 0.3867
 4/98 [>.............................] - ETA: 1s - loss: 1.6396 - accuracy: 0.4022
 8/98 [=>............................] - ETA: 1s - loss: 1.6278 - accuracy: 0.4143
12/98 [==>...........................] - ETA: 1s - loss: 1.6351 - accuracy: 0.4114
16/98 [===>..........................] - ETA: 1s - loss: 1.6245 - accuracy: 0.4137
19/98 [====>.........................] - ETA: 1s - loss: 1.6166 - accuracy: 0.4146
23/98 [======>.......................] - ETA: 1s - loss: 1.6135 - accuracy: 0.4165
26/98 [======>.......................] - ETA: 1s - loss: 1.6063 - accuracy: 0.4213
29/98 [=======>......................] - ETA: 1s - loss: 1.6066 - accuracy: 0.4229
32/98 [========>.....................] - ETA: 1s - loss: 1.6065 - accuracy: 0.4226
35/98 [=========>....................] - ETA: 1s - loss: 1.6066 - accuracy: 0.4218
39/98 [==========>...................] - ETA: 1s - loss: 1.6033 - accuracy: 0.4226
43/98 [============>.................] - ETA: 1s - loss: 1.6059 - accuracy: 0.4217
47/98 [=============>................] - ETA: 1s - loss: 1.6068 - accuracy: 0.4212
51/98 [==============>...............] - ETA: 0s - loss: 1.6065 - accuracy: 0.4211
55/98 [===============>..............] - ETA: 0s - loss: 1.6047 - accuracy: 0.4215
59/98 [=================>............] - ETA: 0s - loss: 1.6045 - accuracy: 0.4220
63/98 [==================>...........] - ETA: 0s - loss: 1.6038 - accuracy: 0.4217
67/98 [===================>..........] - ETA: 0s - loss: 1.6023 - accuracy: 0.4236
71/98 [====================>.........] - ETA: 0s - loss: 1.6012 - accuracy: 0.4243
75/98 [=====================>........] - ETA: 0s - loss: 1.6003 - accuracy: 0.4245
78/98 [======================>.......] - ETA: 0s - loss: 1.6012 - accuracy: 0.4247
82/98 [========================>.....] - ETA: 0s - loss: 1.6015 - accuracy: 0.4249
86/98 [=========================>....] - ETA: 0s - loss: 1.5997 - accuracy: 0.4260
90/98 [==========================>...] - ETA: 0s - loss: 1.6009 - accuracy: 0.4256
94/98 [===========================>..] - ETA: 0s - loss: 1.6013 - accuracy: 0.4258
98/98 [==============================] - ETA: 0s - loss: 1.5996 - accuracy: 0.4264
98/98 [==============================] - 2s 25ms/step - loss: 1.5996 - accuracy: 0.4264 - val_loss: 1.5032 - val_accuracy: 0.4808
Epoch 12/117

 1/98 [..............................] - ETA: 3s - loss: 1.6621 - accuracy: 0.4062
 5/98 [>.............................] - ETA: 1s - loss: 1.5898 - accuracy: 0.4398
 8/98 [=>............................] - ETA: 1s - loss: 1.5862 - accuracy: 0.4387
12/98 [==>...........................] - ETA: 1s - loss: 1.5841 - accuracy: 0.4398
16/98 [===>..........................] - ETA: 1s - loss: 1.5934 - accuracy: 0.4340
20/98 [=====>........................] - ETA: 1s - loss: 1.5984 - accuracy: 0.4317
24/98 [======>.......................] - ETA: 1s - loss: 1.5942 - accuracy: 0.4305
28/98 [=======>......................] - ETA: 1s - loss: 1.5927 - accuracy: 0.4286
32/98 [========>.....................] - ETA: 1s - loss: 1.5882 - accuracy: 0.4320
36/98 [==========>...................] - ETA: 1s - loss: 1.5831 - accuracy: 0.4354
40/98 [===========>..................] - ETA: 1s - loss: 1.5814 - accuracy: 0.4356
44/98 [============>.................] - ETA: 1s - loss: 1.5843 - accuracy: 0.4346
47/98 [=============>................] - ETA: 0s - loss: 1.5850 - accuracy: 0.4344
50/98 [==============>...............] - ETA: 0s - loss: 1.5838 - accuracy: 0.4346
53/98 [===============>..............] - ETA: 0s - loss: 1.5811 - accuracy: 0.4352
56/98 [================>.............] - ETA: 0s - loss: 1.5812 - accuracy: 0.4340
60/98 [=================>............] - ETA: 0s - loss: 1.5807 - accuracy: 0.4345
64/98 [==================>...........] - ETA: 0s - loss: 1.5786 - accuracy: 0.4355
68/98 [===================>..........] - ETA: 0s - loss: 1.5793 - accuracy: 0.4358
72/98 [=====================>........] - ETA: 0s - loss: 1.5792 - accuracy: 0.4364
76/98 [======================>.......] - ETA: 0s - loss: 1.5785 - accuracy: 0.4360
80/98 [=======================>......] - ETA: 0s - loss: 1.5775 - accuracy: 0.4359
84/98 [========================>.....] - ETA: 0s - loss: 1.5772 - accuracy: 0.4370
87/98 [=========================>....] - ETA: 0s - loss: 1.5769 - accuracy: 0.4365
90/98 [==========================>...] - ETA: 0s - loss: 1.5765 - accuracy: 0.4367
93/98 [===========================>..] - ETA: 0s - loss: 1.5744 - accuracy: 0.4377
97/98 [============================>.] - ETA: 0s - loss: 1.5755 - accuracy: 0.4371
98/98 [==============================] - 2s 24ms/step - loss: 1.5751 - accuracy: 0.4373 - val_loss: 1.4810 - val_accuracy: 0.4879
Epoch 13/117

 1/98 [..............................] - ETA: 3s - loss: 1.5940 - accuracy: 0.4453
 4/98 [>.............................] - ETA: 1s - loss: 1.6044 - accuracy: 0.4355
 8/98 [=>............................] - ETA: 1s - loss: 1.5768 - accuracy: 0.4360
12/98 [==>...........................] - ETA: 1s - loss: 1.5731 - accuracy: 0.4355
16/98 [===>..........................] - ETA: 1s - loss: 1.5761 - accuracy: 0.4337
20/98 [=====>........................] - ETA: 1s - loss: 1.5637 - accuracy: 0.4381
23/98 [======>.......................] - ETA: 1s - loss: 1.5631 - accuracy: 0.4380
26/98 [======>.......................] - ETA: 1s - loss: 1.5630 - accuracy: 0.4380
29/98 [=======>......................] - ETA: 1s - loss: 1.5687 - accuracy: 0.4366
32/98 [========>.....................] - ETA: 1s - loss: 1.5634 - accuracy: 0.4391
36/98 [==========>...................] - ETA: 1s - loss: 1.5620 - accuracy: 0.4398
40/98 [===========>..................] - ETA: 1s - loss: 1.5611 - accuracy: 0.4402
43/98 [============>.................] - ETA: 1s - loss: 1.5614 - accuracy: 0.4405
46/98 [=============>................] - ETA: 1s - loss: 1.5606 - accuracy: 0.4415
50/98 [==============>...............] - ETA: 0s - loss: 1.5609 - accuracy: 0.4404
54/98 [===============>..............] - ETA: 0s - loss: 1.5590 - accuracy: 0.4415
58/98 [================>.............] - ETA: 0s - loss: 1.5585 - accuracy: 0.4418
62/98 [=================>............] - ETA: 0s - loss: 1.5573 - accuracy: 0.4416
66/98 [===================>..........] - ETA: 0s - loss: 1.5571 - accuracy: 0.4419
70/98 [====================>.........] - ETA: 0s - loss: 1.5570 - accuracy: 0.4423
74/98 [=====================>........] - ETA: 0s - loss: 1.5563 - accuracy: 0.4430
78/98 [======================>.......] - ETA: 0s - loss: 1.5539 - accuracy: 0.4440
81/98 [=======================>......] - ETA: 0s - loss: 1.5532 - accuracy: 0.4444
84/98 [========================>.....] - ETA: 0s - loss: 1.5521 - accuracy: 0.4449
87/98 [=========================>....] - ETA: 0s - loss: 1.5529 - accuracy: 0.4442
90/98 [==========================>...] - ETA: 0s - loss: 1.5522 - accuracy: 0.4449
94/98 [===========================>..] - ETA: 0s - loss: 1.5525 - accuracy: 0.4448
97/98 [============================>.] - ETA: 0s - loss: 1.5519 - accuracy: 0.4452
98/98 [==============================] - 2s 24ms/step - loss: 1.5521 - accuracy: 0.4450 - val_loss: 1.4617 - val_accuracy: 0.4919
Epoch 14/117

 1/98 [..............................] - ETA: 3s - loss: 1.5267 - accuracy: 0.4668
 4/98 [>.............................] - ETA: 1s - loss: 1.5823 - accuracy: 0.4380
 8/98 [=>............................] - ETA: 1s - loss: 1.5629 - accuracy: 0.4419
12/98 [==>...........................] - ETA: 1s - loss: 1.5459 - accuracy: 0.4466
16/98 [===>..........................] - ETA: 1s - loss: 1.5428 - accuracy: 0.4500
19/98 [====>.........................] - ETA: 1s - loss: 1.5399 - accuracy: 0.4517
23/98 [======>.......................] - ETA: 1s - loss: 1.5356 - accuracy: 0.4521
27/98 [=======>......................] - ETA: 1s - loss: 1.5299 - accuracy: 0.4537
31/98 [========>.....................] - ETA: 1s - loss: 1.5336 - accuracy: 0.4527
35/98 [=========>....................] - ETA: 1s - loss: 1.5338 - accuracy: 0.4525
38/98 [==========>...................] - ETA: 1s - loss: 1.5330 - accuracy: 0.4521
42/98 [===========>..................] - ETA: 1s - loss: 1.5299 - accuracy: 0.4526
46/98 [=============>................] - ETA: 1s - loss: 1.5276 - accuracy: 0.4551
49/98 [==============>...............] - ETA: 0s - loss: 1.5296 - accuracy: 0.4550
52/98 [==============>...............] - ETA: 0s - loss: 1.5304 - accuracy: 0.4539
55/98 [===============>..............] - ETA: 0s - loss: 1.5314 - accuracy: 0.4536
59/98 [=================>............] - ETA: 0s - loss: 1.5323 - accuracy: 0.4534
62/98 [=================>............] - ETA: 0s - loss: 1.5344 - accuracy: 0.4528
66/98 [===================>..........] - ETA: 0s - loss: 1.5351 - accuracy: 0.4519
70/98 [====================>.........] - ETA: 0s - loss: 1.5348 - accuracy: 0.4516
74/98 [=====================>........] - ETA: 0s - loss: 1.5336 - accuracy: 0.4521
78/98 [======================>.......] - ETA: 0s - loss: 1.5321 - accuracy: 0.4525
82/98 [========================>.....] - ETA: 0s - loss: 1.5312 - accuracy: 0.4533
86/98 [=========================>....] - ETA: 0s - loss: 1.5312 - accuracy: 0.4529
89/98 [==========================>...] - ETA: 0s - loss: 1.5306 - accuracy: 0.4531
93/98 [===========================>..] - ETA: 0s - loss: 1.5310 - accuracy: 0.4532
96/98 [============================>.] - ETA: 0s - loss: 1.5299 - accuracy: 0.4538
98/98 [==============================] - 2s 24ms/step - loss: 1.5309 - accuracy: 0.4533 - val_loss: 1.4431 - val_accuracy: 0.4997
Epoch 15/117

 1/98 [..............................] - ETA: 3s - loss: 1.5151 - accuracy: 0.4238
 4/98 [>.............................] - ETA: 1s - loss: 1.5083 - accuracy: 0.4634
 7/98 [=>............................] - ETA: 1s - loss: 1.5114 - accuracy: 0.4629
11/98 [==>...........................] - ETA: 1s - loss: 1.5240 - accuracy: 0.4618
14/98 [===>..........................] - ETA: 1s - loss: 1.5278 - accuracy: 0.4570
17/98 [====>.........................] - ETA: 1s - loss: 1.5261 - accuracy: 0.4599
20/98 [=====>........................] - ETA: 1s - loss: 1.5143 - accuracy: 0.4620
24/98 [======>.......................] - ETA: 1s - loss: 1.5090 - accuracy: 0.4641
28/98 [=======>......................] - ETA: 1s - loss: 1.5098 - accuracy: 0.4647
32/98 [========>.....................] - ETA: 1s - loss: 1.5139 - accuracy: 0.4614
36/98 [==========>...................] - ETA: 1s - loss: 1.5184 - accuracy: 0.4592
40/98 [===========>..................] - ETA: 1s - loss: 1.5209 - accuracy: 0.4593
44/98 [============>.................] - ETA: 1s - loss: 1.5226 - accuracy: 0.4586
48/98 [=============>................] - ETA: 0s - loss: 1.5208 - accuracy: 0.4590
51/98 [==============>...............] - ETA: 0s - loss: 1.5188 - accuracy: 0.4594
55/98 [===============>..............] - ETA: 0s - loss: 1.5129 - accuracy: 0.4620
58/98 [================>.............] - ETA: 0s - loss: 1.5130 - accuracy: 0.4622
61/98 [=================>............] - ETA: 0s - loss: 1.5137 - accuracy: 0.4609
64/98 [==================>...........] - ETA: 0s - loss: 1.5139 - accuracy: 0.4608
67/98 [===================>..........] - ETA: 0s - loss: 1.5128 - accuracy: 0.4612
71/98 [====================>.........] - ETA: 0s - loss: 1.5101 - accuracy: 0.4617
75/98 [=====================>........] - ETA: 0s - loss: 1.5112 - accuracy: 0.4612
79/98 [=======================>......] - ETA: 0s - loss: 1.5115 - accuracy: 0.4603
83/98 [========================>.....] - ETA: 0s - loss: 1.5117 - accuracy: 0.4599
87/98 [=========================>....] - ETA: 0s - loss: 1.5099 - accuracy: 0.4604
91/98 [==========================>...] - ETA: 0s - loss: 1.5080 - accuracy: 0.4613
94/98 [===========================>..] - ETA: 0s - loss: 1.5091 - accuracy: 0.4607
97/98 [============================>.] - ETA: 0s - loss: 1.5090 - accuracy: 0.4604
98/98 [==============================] - 2s 24ms/step - loss: 1.5091 - accuracy: 0.4602 - val_loss: 1.4249 - val_accuracy: 0.5070
Epoch 16/117

 1/98 [..............................] - ETA: 3s - loss: 1.4459 - accuracy: 0.4609
 4/98 [>.............................] - ETA: 1s - loss: 1.4952 - accuracy: 0.4629
 7/98 [=>............................] - ETA: 1s - loss: 1.4797 - accuracy: 0.4693
11/98 [==>...........................] - ETA: 1s - loss: 1.4755 - accuracy: 0.4751
14/98 [===>..........................] - ETA: 1s - loss: 1.4803 - accuracy: 0.4732
17/98 [====>.........................] - ETA: 1s - loss: 1.4917 - accuracy: 0.4652
20/98 [=====>........................] - ETA: 1s - loss: 1.4958 - accuracy: 0.4644
