2024-06-26 22:11:44.875906: I tensorflow/core/platform/cpu_feature_guard.cc:193] This TensorFlow binary is optimized with oneAPI Deep Neural Network Library (oneDNN) to use the following CPU instructions in performance-critical operations:  AVX AVX2
To enable them in other operations, rebuild TensorFlow with the appropriate compiler flags.
2024-06-26 22:11:45.327531: I tensorflow/core/common_runtime/gpu/gpu_device.cc:1616] Created device /job:localhost/replica:0/task:0/device:GPU:0 with 6656 MB memory:  -> device: 0, name: NVIDIA GeForce RTX 4060 Ti, pci bus id: 0000:01:00.0, compute capability: 8.9
1 Physical GPUs, 1 Logical GPUs
Model: "sequential"
_________________________________________________________________
 Layer (type)                Output Shape              Param #   
=================================================================
 conv2d (Conv2D)             (None, 32, 32, 32)        896       
                                                                 
 max_pooling2d (MaxPooling2D  (None, 16, 16, 32)       0         
 )                                                               
                                                                 
 batch_normalization (BatchN  (None, 16, 16, 32)       128       
 ormalization)                                                   
                                                                 
 conv2d_1 (Conv2D)           (None, 16, 16, 128)       102528    
                                                                 
 max_pooling2d_1 (MaxPooling  (None, 8, 8, 128)        0         
 2D)                                                             
                                                                 
 dropout (Dropout)           (None, 8, 8, 128)         0         
                                                                 
 flatten (Flatten)           (None, 8192)              0         
                                                                 
 dense (Dense)               (None, 10)                81930     
                                                                 
=================================================================
Total params: 185,482
Trainable params: 185,418
Non-trainable params: 64
_________________________________________________________________
Taxa de aprendizado:  1e-05 Num de épocas:  117 Tamanho do lote:  512 Dropout:  0.44283
Epoch 1/117
2024-06-26 22:11:46.452814: I tensorflow/stream_executor/cuda/cuda_dnn.cc:384] Loaded cuDNN version 8100
2024-06-26 22:11:47.129159: W tensorflow/stream_executor/gpu/redzone_allocator.cc:314] INTERNAL: ptxas exited with non-zero error code -1, output: 
Relying on driver to perform ptx compilation. 
Modify $PATH to customize ptxas location.
This message will be only logged once.
2024-06-26 22:11:47.843422: I tensorflow/stream_executor/cuda/cuda_blas.cc:1614] TensorFloat-32 will be used for the matrix multiplication. This will only be logged once.

 1/98 [..............................] - ETA: 4:20 - loss: 2.6765 - accuracy: 0.1152
 4/98 [>.............................] - ETA: 1s - loss: 2.6849 - accuracy: 0.1089  
 8/98 [=>............................] - ETA: 1s - loss: 2.6682 - accuracy: 0.1077
12/98 [==>...........................] - ETA: 1s - loss: 2.6320 - accuracy: 0.1138
15/98 [===>..........................] - ETA: 1s - loss: 2.6167 - accuracy: 0.1178
19/98 [====>.........................] - ETA: 1s - loss: 2.5886 - accuracy: 0.1214
22/98 [=====>........................] - ETA: 1s - loss: 2.5788 - accuracy: 0.1196
26/98 [======>.......................] - ETA: 1s - loss: 2.5651 - accuracy: 0.1203
29/98 [=======>......................] - ETA: 1s - loss: 2.5515 - accuracy: 0.1212
32/98 [========>.....................] - ETA: 1s - loss: 2.5408 - accuracy: 0.1223
35/98 [=========>....................] - ETA: 1s - loss: 2.5299 - accuracy: 0.1234
39/98 [==========>...................] - ETA: 1s - loss: 2.5197 - accuracy: 0.1233
42/98 [===========>..................] - ETA: 1s - loss: 2.5107 - accuracy: 0.1239
46/98 [=============>................] - ETA: 1s - loss: 2.4991 - accuracy: 0.1256
49/98 [==============>...............] - ETA: 0s - loss: 2.4906 - accuracy: 0.1266
53/98 [===============>..............] - ETA: 0s - loss: 2.4771 - accuracy: 0.1286
57/98 [================>.............] - ETA: 0s - loss: 2.4685 - accuracy: 0.1295
61/98 [=================>............] - ETA: 0s - loss: 2.4568 - accuracy: 0.1327
65/98 [==================>...........] - ETA: 0s - loss: 2.4471 - accuracy: 0.1350
68/98 [===================>..........] - ETA: 0s - loss: 2.4407 - accuracy: 0.1367
69/98 [====================>.........] - ETA: 0s - loss: 2.4396 - accuracy: 0.1370
73/98 [=====================>........] - ETA: 0s - loss: 2.4305 - accuracy: 0.1395
77/98 [======================>.......] - ETA: 0s - loss: 2.4229 - accuracy: 0.1407
81/98 [=======================>......] - ETA: 0s - loss: 2.4164 - accuracy: 0.1417
84/98 [========================>.....] - ETA: 0s - loss: 2.4109 - accuracy: 0.1433
88/98 [=========================>....] - ETA: 0s - loss: 2.4031 - accuracy: 0.1450
91/98 [==========================>...] - ETA: 0s - loss: 2.3978 - accuracy: 0.1458
94/98 [===========================>..] - ETA: 0s - loss: 2.3938 - accuracy: 0.1468
97/98 [============================>.] - ETA: 0s - loss: 2.3873 - accuracy: 0.1489
98/98 [==============================] - 6s 30ms/step - loss: 2.3858 - accuracy: 0.1492 - val_loss: 2.2644 - val_accuracy: 0.1829
Epoch 2/117

 1/98 [..............................] - ETA: 3s - loss: 2.2138 - accuracy: 0.2148
 4/98 [>.............................] - ETA: 1s - loss: 2.1820 - accuracy: 0.2183
 8/98 [=>............................] - ETA: 1s - loss: 2.1904 - accuracy: 0.2063
12/98 [==>...........................] - ETA: 1s - loss: 2.1801 - accuracy: 0.2091
16/98 [===>..........................] - ETA: 1s - loss: 2.1817 - accuracy: 0.2101
19/98 [====>.........................] - ETA: 1s - loss: 2.1861 - accuracy: 0.2081
22/98 [=====>........................] - ETA: 1s - loss: 2.1890 - accuracy: 0.2063
25/98 [======>.......................] - ETA: 1s - loss: 2.1888 - accuracy: 0.2062
28/98 [=======>......................] - ETA: 1s - loss: 2.1868 - accuracy: 0.2062
32/98 [========>.....................] - ETA: 1s - loss: 2.1859 - accuracy: 0.2071
36/98 [==========>...................] - ETA: 1s - loss: 2.1820 - accuracy: 0.2082
40/98 [===========>..................] - ETA: 1s - loss: 2.1775 - accuracy: 0.2094
44/98 [============>.................] - ETA: 1s - loss: 2.1745 - accuracy: 0.2097
48/98 [=============>................] - ETA: 0s - loss: 2.1696 - accuracy: 0.2120
51/98 [==============>...............] - ETA: 0s - loss: 2.1659 - accuracy: 0.2131
55/98 [===============>..............] - ETA: 0s - loss: 2.1623 - accuracy: 0.2148
58/98 [================>.............] - ETA: 0s - loss: 2.1596 - accuracy: 0.2158
62/98 [=================>............] - ETA: 0s - loss: 2.1569 - accuracy: 0.2165
66/98 [===================>..........] - ETA: 0s - loss: 2.1558 - accuracy: 0.2169
70/98 [====================>.........] - ETA: 0s - loss: 2.1567 - accuracy: 0.2168
73/98 [=====================>........] - ETA: 0s - loss: 2.1544 - accuracy: 0.2181
77/98 [======================>.......] - ETA: 0s - loss: 2.1520 - accuracy: 0.2195
81/98 [=======================>......] - ETA: 0s - loss: 2.1498 - accuracy: 0.2200
85/98 [=========================>....] - ETA: 0s - loss: 2.1476 - accuracy: 0.2207
89/98 [==========================>...] - ETA: 0s - loss: 2.1448 - accuracy: 0.2214
92/98 [===========================>..] - ETA: 0s - loss: 2.1428 - accuracy: 0.2223
96/98 [============================>.] - ETA: 0s - loss: 2.1415 - accuracy: 0.2234
98/98 [==============================] - 2s 25ms/step - loss: 2.1392 - accuracy: 0.2241 - val_loss: 2.1951 - val_accuracy: 0.2850
Epoch 3/117

 1/98 [..............................] - ETA: 4s - loss: 1.9708 - accuracy: 0.3086
 4/98 [>.............................] - ETA: 1s - loss: 2.0753 - accuracy: 0.2622
 7/98 [=>............................] - ETA: 1s - loss: 2.0821 - accuracy: 0.2528
10/98 [==>...........................] - ETA: 1s - loss: 2.0716 - accuracy: 0.2547
13/98 [==>...........................] - ETA: 1s - loss: 2.0673 - accuracy: 0.2578
17/98 [====>.........................] - ETA: 1s - loss: 2.0661 - accuracy: 0.2597
21/98 [=====>........................] - ETA: 1s - loss: 2.0610 - accuracy: 0.2599
25/98 [======>.......................] - ETA: 1s - loss: 2.0570 - accuracy: 0.2585
28/98 [=======>......................] - ETA: 1s - loss: 2.0568 - accuracy: 0.2579
32/98 [========>.....................] - ETA: 1s - loss: 2.0543 - accuracy: 0.2602
36/98 [==========>...................] - ETA: 1s - loss: 2.0519 - accuracy: 0.2613
40/98 [===========>..................] - ETA: 1s - loss: 2.0458 - accuracy: 0.2633
44/98 [============>.................] - ETA: 1s - loss: 2.0422 - accuracy: 0.2647
48/98 [=============>................] - ETA: 0s - loss: 2.0411 - accuracy: 0.2651
52/98 [==============>...............] - ETA: 0s - loss: 2.0393 - accuracy: 0.2653
55/98 [===============>..............] - ETA: 0s - loss: 2.0390 - accuracy: 0.2650
58/98 [================>.............] - ETA: 0s - loss: 2.0384 - accuracy: 0.2655
61/98 [=================>............] - ETA: 0s - loss: 2.0374 - accuracy: 0.2661
65/98 [==================>...........] - ETA: 0s - loss: 2.0338 - accuracy: 0.2677
68/98 [===================>..........] - ETA: 0s - loss: 2.0333 - accuracy: 0.2674
72/98 [=====================>........] - ETA: 0s - loss: 2.0317 - accuracy: 0.2683
75/98 [=====================>........] - ETA: 0s - loss: 2.0304 - accuracy: 0.2690
78/98 [======================>.......] - ETA: 0s - loss: 2.0297 - accuracy: 0.2692
81/98 [=======================>......] - ETA: 0s - loss: 2.0282 - accuracy: 0.2700
84/98 [========================>.....] - ETA: 0s - loss: 2.0271 - accuracy: 0.2697
88/98 [=========================>....] - ETA: 0s - loss: 2.0240 - accuracy: 0.2708
91/98 [==========================>...] - ETA: 0s - loss: 2.0224 - accuracy: 0.2712
95/98 [============================>.] - ETA: 0s - loss: 2.0210 - accuracy: 0.2716
98/98 [==============================] - 2s 24ms/step - loss: 2.0190 - accuracy: 0.2725 - val_loss: 2.0978 - val_accuracy: 0.3362
Epoch 4/117

 1/98 [..............................] - ETA: 3s - loss: 1.9815 - accuracy: 0.2871
 4/98 [>.............................] - ETA: 1s - loss: 1.9746 - accuracy: 0.2944
 8/98 [=>............................] - ETA: 1s - loss: 1.9739 - accuracy: 0.2898
12/98 [==>...........................] - ETA: 1s - loss: 1.9724 - accuracy: 0.2916
15/98 [===>..........................] - ETA: 1s - loss: 1.9706 - accuracy: 0.2902
18/98 [====>.........................] - ETA: 1s - loss: 1.9711 - accuracy: 0.2902
21/98 [=====>........................] - ETA: 1s - loss: 1.9699 - accuracy: 0.2894
25/98 [======>.......................] - ETA: 1s - loss: 1.9677 - accuracy: 0.2913
29/98 [=======>......................] - ETA: 1s - loss: 1.9675 - accuracy: 0.2912
33/98 [=========>....................] - ETA: 1s - loss: 1.9645 - accuracy: 0.2931
36/98 [==========>...................] - ETA: 1s - loss: 1.9597 - accuracy: 0.2952
40/98 [===========>..................] - ETA: 1s - loss: 1.9577 - accuracy: 0.2970
44/98 [============>.................] - ETA: 1s - loss: 1.9563 - accuracy: 0.2972
48/98 [=============>................] - ETA: 0s - loss: 1.9537 - accuracy: 0.2984
52/98 [==============>...............] - ETA: 0s - loss: 1.9517 - accuracy: 0.2990
56/98 [================>.............] - ETA: 0s - loss: 1.9514 - accuracy: 0.2989
60/98 [=================>............] - ETA: 0s - loss: 1.9493 - accuracy: 0.2991
63/98 [==================>...........] - ETA: 0s - loss: 1.9501 - accuracy: 0.2983
67/98 [===================>..........] - ETA: 0s - loss: 1.9482 - accuracy: 0.2992
70/98 [====================>.........] - ETA: 0s - loss: 1.9458 - accuracy: 0.3003
74/98 [=====================>........] - ETA: 0s - loss: 1.9451 - accuracy: 0.3011
78/98 [======================>.......] - ETA: 0s - loss: 1.9444 - accuracy: 0.3020
82/98 [========================>.....] - ETA: 0s - loss: 1.9421 - accuracy: 0.3028
85/98 [=========================>....] - ETA: 0s - loss: 1.9424 - accuracy: 0.3029
89/98 [==========================>...] - ETA: 0s - loss: 1.9408 - accuracy: 0.3035
92/98 [===========================>..] - ETA: 0s - loss: 1.9393 - accuracy: 0.3044
96/98 [============================>.] - ETA: 0s - loss: 1.9377 - accuracy: 0.3052
98/98 [==============================] - 2s 24ms/step - loss: 1.9368 - accuracy: 0.3059 - val_loss: 1.9785 - val_accuracy: 0.3720
Epoch 5/117

 1/98 [..............................] - ETA: 3s - loss: 1.9367 - accuracy: 0.3281
 4/98 [>.............................] - ETA: 1s - loss: 1.8999 - accuracy: 0.3232
 8/98 [=>............................] - ETA: 1s - loss: 1.8832 - accuracy: 0.3269
12/98 [==>...........................] - ETA: 1s - loss: 1.8894 - accuracy: 0.3236
15/98 [===>..........................] - ETA: 1s - loss: 1.8853 - accuracy: 0.3217
19/98 [====>.........................] - ETA: 1s - loss: 1.8930 - accuracy: 0.3169
22/98 [=====>........................] - ETA: 1s - loss: 1.8921 - accuracy: 0.3162
25/98 [======>.......................] - ETA: 1s - loss: 1.8945 - accuracy: 0.3152
28/98 [=======>......................] - ETA: 1s - loss: 1.8939 - accuracy: 0.3165
31/98 [========>.....................] - ETA: 1s - loss: 1.8934 - accuracy: 0.3170
34/98 [=========>....................] - ETA: 1s - loss: 1.8914 - accuracy: 0.3183
37/98 [==========>...................] - ETA: 1s - loss: 1.8901 - accuracy: 0.3199
40/98 [===========>..................] - ETA: 1s - loss: 1.8902 - accuracy: 0.3211
43/98 [============>.................] - ETA: 1s - loss: 1.8881 - accuracy: 0.3224
46/98 [=============>................] - ETA: 1s - loss: 1.8861 - accuracy: 0.3232
49/98 [==============>...............] - ETA: 0s - loss: 1.8831 - accuracy: 0.3251
53/98 [===============>..............] - ETA: 0s - loss: 1.8832 - accuracy: 0.3246
57/98 [================>.............] - ETA: 0s - loss: 1.8794 - accuracy: 0.3258
61/98 [=================>............] - ETA: 0s - loss: 1.8761 - accuracy: 0.3273
65/98 [==================>...........] - ETA: 0s - loss: 1.8742 - accuracy: 0.3284
68/98 [===================>..........] - ETA: 0s - loss: 1.8733 - accuracy: 0.3288
72/98 [=====================>........] - ETA: 0s - loss: 1.8738 - accuracy: 0.3287
75/98 [=====================>........] - ETA: 0s - loss: 1.8730 - accuracy: 0.3286
78/98 [======================>.......] - ETA: 0s - loss: 1.8721 - accuracy: 0.3294
81/98 [=======================>......] - ETA: 0s - loss: 1.8709 - accuracy: 0.3294
84/98 [========================>.....] - ETA: 0s - loss: 1.8700 - accuracy: 0.3305
88/98 [=========================>....] - ETA: 0s - loss: 1.8700 - accuracy: 0.3300
92/98 [===========================>..] - ETA: 0s - loss: 1.8685 - accuracy: 0.3310
96/98 [============================>.] - ETA: 0s - loss: 1.8683 - accuracy: 0.3310
98/98 [==============================] - 2s 25ms/step - loss: 1.8683 - accuracy: 0.3307 - val_loss: 1.8555 - val_accuracy: 0.3926
Epoch 6/117

 1/98 [..............................] - ETA: 3s - loss: 1.8856 - accuracy: 0.3281
 4/98 [>.............................] - ETA: 1s - loss: 1.8629 - accuracy: 0.3384
 7/98 [=>............................] - ETA: 1s - loss: 1.8425 - accuracy: 0.3390
11/98 [==>...........................] - ETA: 1s - loss: 1.8338 - accuracy: 0.3445
15/98 [===>..........................] - ETA: 1s - loss: 1.8342 - accuracy: 0.3462
19/98 [====>.........................] - ETA: 1s - loss: 1.8322 - accuracy: 0.3451
22/98 [=====>........................] - ETA: 1s - loss: 1.8341 - accuracy: 0.3454
26/98 [======>.......................] - ETA: 1s - loss: 1.8368 - accuracy: 0.3443
30/98 [========>.....................] - ETA: 1s - loss: 1.8335 - accuracy: 0.3442
34/98 [=========>....................] - ETA: 1s - loss: 1.8323 - accuracy: 0.3445
37/98 [==========>...................] - ETA: 1s - loss: 1.8323 - accuracy: 0.3443
40/98 [===========>..................] - ETA: 1s - loss: 1.8308 - accuracy: 0.3452
43/98 [============>.................] - ETA: 1s - loss: 1.8273 - accuracy: 0.3478
46/98 [=============>................] - ETA: 1s - loss: 1.8270 - accuracy: 0.3474
49/98 [==============>...............] - ETA: 0s - loss: 1.8288 - accuracy: 0.3471
53/98 [===============>..............] - ETA: 0s - loss: 1.8269 - accuracy: 0.3474
56/98 [================>.............] - ETA: 0s - loss: 1.8244 - accuracy: 0.3479
59/98 [=================>............] - ETA: 0s - loss: 1.8244 - accuracy: 0.3479
62/98 [=================>............] - ETA: 0s - loss: 1.8254 - accuracy: 0.3473
66/98 [===================>..........] - ETA: 0s - loss: 1.8236 - accuracy: 0.3476
70/98 [====================>.........] - ETA: 0s - loss: 1.8227 - accuracy: 0.3480
73/98 [=====================>........] - ETA: 0s - loss: 1.8217 - accuracy: 0.3482
76/98 [======================>.......] - ETA: 0s - loss: 1.8190 - accuracy: 0.3491
79/98 [=======================>......] - ETA: 0s - loss: 1.8184 - accuracy: 0.3501
82/98 [========================>.....] - ETA: 0s - loss: 1.8167 - accuracy: 0.3507
85/98 [=========================>....] - ETA: 0s - loss: 1.8163 - accuracy: 0.3508
89/98 [==========================>...] - ETA: 0s - loss: 1.8151 - accuracy: 0.3515
93/98 [===========================>..] - ETA: 0s - loss: 1.8134 - accuracy: 0.3520
96/98 [============================>.] - ETA: 0s - loss: 1.8121 - accuracy: 0.3522
98/98 [==============================] - 2s 24ms/step - loss: 1.8116 - accuracy: 0.3523 - val_loss: 1.7518 - val_accuracy: 0.4152
Epoch 7/117

 1/98 [..............................] - ETA: 3s - loss: 1.7489 - accuracy: 0.3730
 4/98 [>.............................] - ETA: 1s - loss: 1.7635 - accuracy: 0.3799
 7/98 [=>............................] - ETA: 1s - loss: 1.7717 - accuracy: 0.3722
11/98 [==>...........................] - ETA: 1s - loss: 1.7671 - accuracy: 0.3688
15/98 [===>..........................] - ETA: 1s - loss: 1.7591 - accuracy: 0.3716
19/98 [====>.........................] - ETA: 1s - loss: 1.7563 - accuracy: 0.3731
22/98 [=====>........................] - ETA: 1s - loss: 1.7626 - accuracy: 0.3684
26/98 [======>.......................] - ETA: 1s - loss: 1.7670 - accuracy: 0.3658
30/98 [========>.....................] - ETA: 1s - loss: 1.7679 - accuracy: 0.3661
34/98 [=========>....................] - ETA: 1s - loss: 1.7664 - accuracy: 0.3668
37/98 [==========>...................] - ETA: 1s - loss: 1.7669 - accuracy: 0.3681
40/98 [===========>..................] - ETA: 1s - loss: 1.7678 - accuracy: 0.3681
43/98 [============>.................] - ETA: 1s - loss: 1.7718 - accuracy: 0.3661
47/98 [=============>................] - ETA: 1s - loss: 1.7706 - accuracy: 0.3671
51/98 [==============>...............] - ETA: 0s - loss: 1.7693 - accuracy: 0.3682
55/98 [===============>..............] - ETA: 0s - loss: 1.7688 - accuracy: 0.3682
59/98 [=================>............] - ETA: 0s - loss: 1.7666 - accuracy: 0.3699
62/98 [=================>............] - ETA: 0s - loss: 1.7666 - accuracy: 0.3700
66/98 [===================>..........] - ETA: 0s - loss: 1.7647 - accuracy: 0.3707
70/98 [====================>.........] - ETA: 0s - loss: 1.7655 - accuracy: 0.3698
74/98 [=====================>........] - ETA: 0s - loss: 1.7653 - accuracy: 0.3697
78/98 [======================>.......] - ETA: 0s - loss: 1.7642 - accuracy: 0.3700
82/98 [========================>.....] - ETA: 0s - loss: 1.7637 - accuracy: 0.3707
85/98 [=========================>....] - ETA: 0s - loss: 1.7635 - accuracy: 0.3707
89/98 [==========================>...] - ETA: 0s - loss: 1.7623 - accuracy: 0.3715
92/98 [===========================>..] - ETA: 0s - loss: 1.7615 - accuracy: 0.3713
95/98 [============================>.] - ETA: 0s - loss: 1.7599 - accuracy: 0.3727
98/98 [==============================] - ETA: 0s - loss: 1.7590 - accuracy: 0.3736
98/98 [==============================] - 2s 25ms/step - loss: 1.7590 - accuracy: 0.3736 - val_loss: 1.6717 - val_accuracy: 0.4315
Epoch 8/117

 1/98 [..............................] - ETA: 3s - loss: 1.7005 - accuracy: 0.3730
 4/98 [>.............................] - ETA: 1s - loss: 1.7137 - accuracy: 0.3828
 8/98 [=>............................] - ETA: 1s - loss: 1.7180 - accuracy: 0.3884
12/98 [==>...........................] - ETA: 1s - loss: 1.7156 - accuracy: 0.3896
15/98 [===>..........................] - ETA: 1s - loss: 1.7199 - accuracy: 0.3888
19/98 [====>.........................] - ETA: 1s - loss: 1.7232 - accuracy: 0.3873
23/98 [======>.......................] - ETA: 1s - loss: 1.7269 - accuracy: 0.3874
26/98 [======>.......................] - ETA: 1s - loss: 1.7255 - accuracy: 0.3879
29/98 [=======>......................] - ETA: 1s - loss: 1.7269 - accuracy: 0.3870
33/98 [=========>....................] - ETA: 1s - loss: 1.7261 - accuracy: 0.3879
37/98 [==========>...................] - ETA: 1s - loss: 1.7248 - accuracy: 0.3894
41/98 [===========>..................] - ETA: 1s - loss: 1.7185 - accuracy: 0.3918
44/98 [============>.................] - ETA: 1s - loss: 1.7214 - accuracy: 0.3906
48/98 [=============>................] - ETA: 0s - loss: 1.7205 - accuracy: 0.3911
51/98 [==============>...............] - ETA: 0s - loss: 1.7209 - accuracy: 0.3907
55/98 [===============>..............] - ETA: 0s - loss: 1.7211 - accuracy: 0.3903
59/98 [=================>............] - ETA: 0s - loss: 1.7195 - accuracy: 0.3900
63/98 [==================>...........] - ETA: 0s - loss: 1.7194 - accuracy: 0.3903
67/98 [===================>..........] - ETA: 0s - loss: 1.7209 - accuracy: 0.3903
71/98 [====================>.........] - ETA: 0s - loss: 1.7201 - accuracy: 0.3899
75/98 [=====================>........] - ETA: 0s - loss: 1.7181 - accuracy: 0.3910
77/98 [======================>.......] - ETA: 0s - loss: 1.7172 - accuracy: 0.3911
81/98 [=======================>......] - ETA: 0s - loss: 1.7159 - accuracy: 0.3909
85/98 [=========================>....] - ETA: 0s - loss: 1.7144 - accuracy: 0.3907
89/98 [==========================>...] - ETA: 0s - loss: 1.7130 - accuracy: 0.3917
92/98 [===========================>..] - ETA: 0s - loss: 1.7122 - accuracy: 0.3919
96/98 [============================>.] - ETA: 0s - loss: 1.7120 - accuracy: 0.3924
98/98 [==============================] - 2s 25ms/step - loss: 1.7121 - accuracy: 0.3920 - val_loss: 1.6132 - val_accuracy: 0.4449
Epoch 9/117

 1/98 [..............................] - ETA: 4s - loss: 1.7006 - accuracy: 0.3848
 5/98 [>.............................] - ETA: 1s - loss: 1.6942 - accuracy: 0.3902
 9/98 [=>............................] - ETA: 1s - loss: 1.6892 - accuracy: 0.3902
13/98 [==>...........................] - ETA: 1s - loss: 1.6682 - accuracy: 0.4006
16/98 [===>..........................] - ETA: 1s - loss: 1.6715 - accuracy: 0.3988
19/98 [====>.........................] - ETA: 1s - loss: 1.6773 - accuracy: 0.3959
23/98 [======>.......................] - ETA: 1s - loss: 1.6751 - accuracy: 0.3972
27/98 [=======>......................] - ETA: 1s - loss: 1.6848 - accuracy: 0.3940
30/98 [========>.....................] - ETA: 1s - loss: 1.6803 - accuracy: 0.3969
33/98 [=========>....................] - ETA: 1s - loss: 1.6825 - accuracy: 0.3960
37/98 [==========>...................] - ETA: 1s - loss: 1.6838 - accuracy: 0.3957
40/98 [===========>..................] - ETA: 1s - loss: 1.6827 - accuracy: 0.3950
43/98 [============>.................] - ETA: 1s - loss: 1.6845 - accuracy: 0.3957
46/98 [=============>................] - ETA: 1s - loss: 1.6844 - accuracy: 0.3954
50/98 [==============>...............] - ETA: 0s - loss: 1.6819 - accuracy: 0.3966
54/98 [===============>..............] - ETA: 0s - loss: 1.6798 - accuracy: 0.3974
57/98 [================>.............] - ETA: 0s - loss: 1.6788 - accuracy: 0.3978
61/98 [=================>............] - ETA: 0s - loss: 1.6776 - accuracy: 0.3989
65/98 [==================>...........] - ETA: 0s - loss: 1.6783 - accuracy: 0.3990
68/98 [===================>..........] - ETA: 0s - loss: 1.6786 - accuracy: 0.3991
71/98 [====================>.........] - ETA: 0s - loss: 1.6775 - accuracy: 0.3995
74/98 [=====================>........] - ETA: 0s - loss: 1.6792 - accuracy: 0.3985
77/98 [======================>.......] - ETA: 0s - loss: 1.6785 - accuracy: 0.3983
80/98 [=======================>......] - ETA: 0s - loss: 1.6764 - accuracy: 0.3995
84/98 [========================>.....] - ETA: 0s - loss: 1.6771 - accuracy: 0.4000
88/98 [=========================>....] - ETA: 0s - loss: 1.6755 - accuracy: 0.4010
92/98 [===========================>..] - ETA: 0s - loss: 1.6749 - accuracy: 0.4013
96/98 [============================>.] - ETA: 0s - loss: 1.6745 - accuracy: 0.4016
98/98 [==============================] - 2s 24ms/step - loss: 1.6740 - accuracy: 0.4021 - val_loss: 1.5728 - val_accuracy: 0.4531
Epoch 10/117

 1/98 [..............................] - ETA: 4s - loss: 1.7165 - accuracy: 0.3867
 5/98 [>.............................] - ETA: 1s - loss: 1.6783 - accuracy: 0.3926
 8/98 [=>............................] - ETA: 1s - loss: 1.6760 - accuracy: 0.3953
11/98 [==>...........................] - ETA: 1s - loss: 1.6739 - accuracy: 0.3970
14/98 [===>..........................] - ETA: 1s - loss: 1.6684 - accuracy: 0.4004
17/98 [====>.........................] - ETA: 1s - loss: 1.6578 - accuracy: 0.4043
20/98 [=====>........................] - ETA: 1s - loss: 1.6545 - accuracy: 0.4091
24/98 [======>.......................] - ETA: 1s - loss: 1.6518 - accuracy: 0.4117
28/98 [=======>......................] - ETA: 1s - loss: 1.6520 - accuracy: 0.4104
31/98 [========>.....................] - ETA: 1s - loss: 1.6530 - accuracy: 0.4107
34/98 [=========>....................] - ETA: 1s - loss: 1.6487 - accuracy: 0.4111
37/98 [==========>...................] - ETA: 1s - loss: 1.6499 - accuracy: 0.4104
40/98 [===========>..................] - ETA: 1s - loss: 1.6500 - accuracy: 0.4108
44/98 [============>.................] - ETA: 1s - loss: 1.6492 - accuracy: 0.4113
48/98 [=============>................] - ETA: 0s - loss: 1.6495 - accuracy: 0.4114
52/98 [==============>...............] - ETA: 0s - loss: 1.6464 - accuracy: 0.4124
56/98 [================>.............] - ETA: 0s - loss: 1.6469 - accuracy: 0.4114
60/98 [=================>............] - ETA: 0s - loss: 1.6456 - accuracy: 0.4122
64/98 [==================>...........] - ETA: 0s - loss: 1.6454 - accuracy: 0.4127
68/98 [===================>..........] - ETA: 0s - loss: 1.6444 - accuracy: 0.4127
72/98 [=====================>........] - ETA: 0s - loss: 1.6468 - accuracy: 0.4125
75/98 [=====================>........] - ETA: 0s - loss: 1.6454 - accuracy: 0.4125
78/98 [======================>.......] - ETA: 0s - loss: 1.6454 - accuracy: 0.4128
82/98 [========================>.....] - ETA: 0s - loss: 1.6450 - accuracy: 0.4133
86/98 [=========================>....] - ETA: 0s - loss: 1.6441 - accuracy: 0.4138
90/98 [==========================>...] - ETA: 0s - loss: 1.6429 - accuracy: 0.4143
93/98 [===========================>..] - ETA: 0s - loss: 1.6421 - accuracy: 0.4150
96/98 [============================>.] - ETA: 0s - loss: 1.6407 - accuracy: 0.4151
98/98 [==============================] - 2s 24ms/step - loss: 1.6396 - accuracy: 0.4156 - val_loss: 1.5388 - val_accuracy: 0.4663
Epoch 11/117

 1/98 [..............................] - ETA: 4s - loss: 1.6437 - accuracy: 0.4062
 5/98 [>.............................] - ETA: 1s - loss: 1.6341 - accuracy: 0.4195
 9/98 [=>............................] - ETA: 1s - loss: 1.6304 - accuracy: 0.4199
12/98 [==>...........................] - ETA: 1s - loss: 1.6304 - accuracy: 0.4191
16/98 [===>..........................] - ETA: 1s - loss: 1.6252 - accuracy: 0.4213
19/98 [====>.........................] - ETA: 1s - loss: 1.6294 - accuracy: 0.4185
23/98 [======>.......................] - ETA: 1s - loss: 1.6228 - accuracy: 0.4203
27/98 [=======>......................] - ETA: 1s - loss: 1.6200 - accuracy: 0.4205
31/98 [========>.....................] - ETA: 1s - loss: 1.6169 - accuracy: 0.4215
35/98 [=========>....................] - ETA: 1s - loss: 1.6179 - accuracy: 0.4223
38/98 [==========>...................] - ETA: 1s - loss: 1.6175 - accuracy: 0.4225
42/98 [===========>..................] - ETA: 1s - loss: 1.6147 - accuracy: 0.4236
46/98 [=============>................] - ETA: 1s - loss: 1.6163 - accuracy: 0.4237
50/98 [==============>...............] - ETA: 0s - loss: 1.6155 - accuracy: 0.4250
54/98 [===============>..............] - ETA: 0s - loss: 1.6135 - accuracy: 0.4257
58/98 [================>.............] - ETA: 0s - loss: 1.6138 - accuracy: 0.4258
61/98 [=================>............] - ETA: 0s - loss: 1.6120 - accuracy: 0.4260
65/98 [==================>...........] - ETA: 0s - loss: 1.6115 - accuracy: 0.4262
69/98 [====================>.........] - ETA: 0s - loss: 1.6121 - accuracy: 0.4261
73/98 [=====================>........] - ETA: 0s - loss: 1.6127 - accuracy: 0.4264
76/98 [======================>.......] - ETA: 0s - loss: 1.6129 - accuracy: 0.4265
79/98 [=======================>......] - ETA: 0s - loss: 1.6124 - accuracy: 0.4261
82/98 [========================>.....] - ETA: 0s - loss: 1.6130 - accuracy: 0.4256
86/98 [=========================>....] - ETA: 0s - loss: 1.6128 - accuracy: 0.4255
89/98 [==========================>...] - ETA: 0s - loss: 1.6139 - accuracy: 0.4247
93/98 [===========================>..] - ETA: 0s - loss: 1.6118 - accuracy: 0.4255
97/98 [============================>.] - ETA: 0s - loss: 1.6106 - accuracy: 0.4260
98/98 [==============================] - 2s 24ms/step - loss: 1.6106 - accuracy: 0.4259 - val_loss: 1.5119 - val_accuracy: 0.4758
Epoch 12/117

 1/98 [..............................] - ETA: 3s - loss: 1.5574 - accuracy: 0.4492
 4/98 [>.............................] - ETA: 1s - loss: 1.5497 - accuracy: 0.4453
 7/98 [=>............................] - ETA: 1s - loss: 1.5780 - accuracy: 0.4381
11/98 [==>...........................] - ETA: 1s - loss: 1.5823 - accuracy: 0.4364
15/98 [===>..........................] - ETA: 1s - loss: 1.5868 - accuracy: 0.4352
19/98 [====>.........................] - ETA: 1s - loss: 1.5882 - accuracy: 0.4348
22/98 [=====>........................] - ETA: 1s - loss: 1.5879 - accuracy: 0.4351
26/98 [======>.......................] - ETA: 1s - loss: 1.5863 - accuracy: 0.4377
28/98 [=======>......................] - ETA: 1s - loss: 1.5871 - accuracy: 0.4364
31/98 [========>.....................] - ETA: 1s - loss: 1.5846 - accuracy: 0.4376
34/98 [=========>....................] - ETA: 1s - loss: 1.5845 - accuracy: 0.4366
38/98 [==========>...................] - ETA: 1s - loss: 1.5872 - accuracy: 0.4349
42/98 [===========>..................] - ETA: 1s - loss: 1.5842 - accuracy: 0.4367
45/98 [============>.................] - ETA: 1s - loss: 1.5837 - accuracy: 0.4368
48/98 [=============>................] - ETA: 0s - loss: 1.5834 - accuracy: 0.4364
51/98 [==============>...............] - ETA: 0s - loss: 1.5835 - accuracy: 0.4359
55/98 [===============>..............] - ETA: 0s - loss: 1.5845 - accuracy: 0.4347
59/98 [=================>............] - ETA: 0s - loss: 1.5851 - accuracy: 0.4342
63/98 [==================>...........] - ETA: 0s - loss: 1.5850 - accuracy: 0.4346
67/98 [===================>..........] - ETA: 0s - loss: 1.5840 - accuracy: 0.4357
71/98 [====================>.........] - ETA: 0s - loss: 1.5848 - accuracy: 0.4341
74/98 [=====================>........] - ETA: 0s - loss: 1.5842 - accuracy: 0.4346
78/98 [======================>.......] - ETA: 0s - loss: 1.5843 - accuracy: 0.4347
82/98 [========================>.....] - ETA: 0s - loss: 1.5858 - accuracy: 0.4337
86/98 [=========================>....] - ETA: 0s - loss: 1.5852 - accuracy: 0.4338
89/98 [==========================>...] - ETA: 0s - loss: 1.5853 - accuracy: 0.4342
92/98 [===========================>..] - ETA: 0s - loss: 1.5859 - accuracy: 0.4341
95/98 [============================>.] - ETA: 0s - loss: 1.5850 - accuracy: 0.4344
98/98 [==============================] - ETA: 0s - loss: 1.5851 - accuracy: 0.4344
98/98 [==============================] - 2s 24ms/step - loss: 1.5851 - accuracy: 0.4344 - val_loss: 1.4883 - val_accuracy: 0.4822
Epoch 13/117

 1/98 [..............................] - ETA: 3s - loss: 1.6044 - accuracy: 0.4180
 4/98 [>.............................] - ETA: 1s - loss: 1.5826 - accuracy: 0.4272
 7/98 [=>............................] - ETA: 1s - loss: 1.5999 - accuracy: 0.4291
11/98 [==>...........................] - ETA: 1s - loss: 1.5994 - accuracy: 0.4300
14/98 [===>..........................] - ETA: 1s - loss: 1.5964 - accuracy: 0.4321
17/98 [====>.........................] - ETA: 1s - loss: 1.5910 - accuracy: 0.4313
20/98 [=====>........................] - ETA: 1s - loss: 1.5861 - accuracy: 0.4318
24/98 [======>.......................] - ETA: 1s - loss: 1.5841 - accuracy: 0.4322
28/98 [=======>......................] - ETA: 1s - loss: 1.5832 - accuracy: 0.4323
32/98 [========>.....................] - ETA: 1s - loss: 1.5794 - accuracy: 0.4332
36/98 [==========>...................] - ETA: 1s - loss: 1.5765 - accuracy: 0.4348
39/98 [==========>...................] - ETA: 1s - loss: 1.5728 - accuracy: 0.4355
43/98 [============>.................] - ETA: 1s - loss: 1.5688 - accuracy: 0.4365
45/98 [============>.................] - ETA: 1s - loss: 1.5698 - accuracy: 0.4353
48/98 [=============>................] - ETA: 0s - loss: 1.5678 - accuracy: 0.4367
51/98 [==============>...............] - ETA: 0s - loss: 1.5688 - accuracy: 0.4370
54/98 [===============>..............] - ETA: 0s - loss: 1.5689 - accuracy: 0.4375
57/98 [================>.............] - ETA: 0s - loss: 1.5651 - accuracy: 0.4389
60/98 [=================>............] - ETA: 0s - loss: 1.5646 - accuracy: 0.4401
63/98 [==================>...........] - ETA: 0s - loss: 1.5676 - accuracy: 0.4388
66/98 [===================>..........] - ETA: 0s - loss: 1.5658 - accuracy: 0.4394
69/98 [====================>.........] - ETA: 0s - loss: 1.5658 - accuracy: 0.4393
72/98 [=====================>........] - ETA: 0s - loss: 1.5656 - accuracy: 0.4392
75/98 [=====================>........] - ETA: 0s - loss: 1.5658 - accuracy: 0.4396
78/98 [======================>.......] - ETA: 0s - loss: 1.5653 - accuracy: 0.4396
81/98 [=======================>......] - ETA: 0s - loss: 1.5664 - accuracy: 0.4393
84/98 [========================>.....] - ETA: 0s - loss: 1.5644 - accuracy: 0.4399
87/98 [=========================>....] - ETA: 0s - loss: 1.5634 - accuracy: 0.4408
90/98 [==========================>...] - ETA: 0s - loss: 1.5625 - accuracy: 0.4417
93/98 [===========================>..] - ETA: 0s - loss: 1.5629 - accuracy: 0.4421
96/98 [============================>.] - ETA: 0s - loss: 1.5637 - accuracy: 0.4414
98/98 [==============================] - 2s 25ms/step - loss: 1.5632 - accuracy: 0.4419 - val_loss: 1.4653 - val_accuracy: 0.4923
Epoch 14/117

 1/98 [..............................] - ETA: 3s - loss: 1.5327 - accuracy: 0.4570
 4/98 [>.............................] - ETA: 1s - loss: 1.5764 - accuracy: 0.4429
 7/98 [=>............................] - ETA: 1s - loss: 1.5627 - accuracy: 0.4475
10/98 [==>...........................] - ETA: 1s - loss: 1.5458 - accuracy: 0.4537
14/98 [===>..........................] - ETA: 1s - loss: 1.5518 - accuracy: 0.4517
18/98 [====>.........................] - ETA: 1s - loss: 1.5563 - accuracy: 0.4489
22/98 [=====>........................] - ETA: 1s - loss: 1.5514 - accuracy: 0.4490
26/98 [======>.......................] - ETA: 1s - loss: 1.5506 - accuracy: 0.4508
29/98 [=======>......................] - ETA: 1s - loss: 1.5488 - accuracy: 0.4509
33/98 [=========>....................] - ETA: 1s - loss: 1.5440 - accuracy: 0.4524
36/98 [==========>...................] - ETA: 1s - loss: 1.5439 - accuracy: 0.4524
39/98 [==========>...................] - ETA: 1s - loss: 1.5439 - accuracy: 0.4512
43/98 [============>.................] - ETA: 1s - loss: 1.5424 - accuracy: 0.4518
47/98 [=============>................] - ETA: 1s - loss: 1.5413 - accuracy: 0.4513
50/98 [==============>...............] - ETA: 0s - loss: 1.5397 - accuracy: 0.4515
54/98 [===============>..............] - ETA: 0s - loss: 1.5400 - accuracy: 0.4505
57/98 [================>.............] - ETA: 0s - loss: 1.5391 - accuracy: 0.4506
60/98 [=================>............] - ETA: 0s - loss: 1.5389 - accuracy: 0.4500
64/98 [==================>...........] - ETA: 0s - loss: 1.5393 - accuracy: 0.4499
67/98 [===================>..........] - ETA: 0s - loss: 1.5398 - accuracy: 0.4495
71/98 [====================>.........] - ETA: 0s - loss: 1.5401 - accuracy: 0.4499
74/98 [=====================>........] - ETA: 0s - loss: 1.5406 - accuracy: 0.4499
78/98 [======================>.......] - ETA: 0s - loss: 1.5395 - accuracy: 0.4502
82/98 [========================>.....] - ETA: 0s - loss: 1.5402 - accuracy: 0.4499
86/98 [=========================>....] - ETA: 0s - loss: 1.5404 - accuracy: 0.4500
90/98 [==========================>...] - ETA: 0s - loss: 1.5387 - accuracy: 0.4511
94/98 [===========================>..] - ETA: 0s - loss: 1.5400 - accuracy: 0.4509
97/98 [============================>.] - ETA: 0s - loss: 1.5397 - accuracy: 0.4509
98/98 [==============================] - 2s 25ms/step - loss: 1.5401 - accuracy: 0.4506 - val_loss: 1.4466 - val_accuracy: 0.4988
Epoch 15/117

 1/98 [..............................] - ETA: 3s - loss: 1.5350 - accuracy: 0.4531
 4/98 [>.............................] - ETA: 1s - loss: 1.5587 - accuracy: 0.4429
 7/98 [=>............................] - ETA: 1s - loss: 1.5497 - accuracy: 0.4417
10/98 [==>...........................] - ETA: 1s - loss: 1.5487 - accuracy: 0.4426
14/98 [===>..........................] - ETA: 1s - loss: 1.5490 - accuracy: 0.4475
18/98 [====>.........................] - ETA: 1s - loss: 1.5520 - accuracy: 0.4463
22/98 [=====>........................] - ETA: 1s - loss: 1.5456 - accuracy: 0.4452
26/98 [======>.......................] - ETA: 1s - loss: 1.5383 - accuracy: 0.4468
30/98 [========>.....................] - ETA: 1s - loss: 1.5378 - accuracy: 0.4470
33/98 [=========>....................] - ETA: 1s - loss: 1.5357 - accuracy: 0.4484
36/98 [==========>...................] - ETA: 1s - loss: 1.5356 - accuracy: 0.4490
39/98 [==========>...................] - ETA: 1s - loss: 1.5372 - accuracy: 0.4493
43/98 [============>.................] - ETA: 1s - loss: 1.5380 - accuracy: 0.4508
47/98 [=============>................] - ETA: 1s - loss: 1.5353 - accuracy: 0.4509
50/98 [==============>...............] - ETA: 0s - loss: 1.5343 - accuracy: 0.4515
54/98 [===============>..............] - ETA: 0s - loss: 1.5324 - accuracy: 0.4528
58/98 [================>.............] - ETA: 0s - loss: 1.5300 - accuracy: 0.4546
61/98 [=================>............] - ETA: 0s - loss: 1.5292 - accuracy: 0.4542
65/98 [==================>...........] - ETA: 0s - loss: 1.5294 - accuracy: 0.4548
69/98 [====================>.........] - ETA: 0s - loss: 1.5281 - accuracy: 0.4553
72/98 [=====================>........] - ETA: 0s - loss: 1.5262 - accuracy: 0.4561
75/98 [=====================>........] - ETA: 0s - loss: 1.5235 - accuracy: 0.4570
78/98 [======================>.......] - ETA: 0s - loss: 1.5234 - accuracy: 0.4571
82/98 [========================>.....] - ETA: 0s - loss: 1.5231 - accuracy: 0.4574
85/98 [=========================>....] - ETA: 0s - loss: 1.5225 - accuracy: 0.4577
89/98 [==========================>...] - ETA: 0s - loss: 1.5212 - accuracy: 0.4581
