2024-06-26 21:21:57.907178: I tensorflow/core/platform/cpu_feature_guard.cc:193] This TensorFlow binary is optimized with oneAPI Deep Neural Network Library (oneDNN) to use the following CPU instructions in performance-critical operations:  AVX AVX2
To enable them in other operations, rebuild TensorFlow with the appropriate compiler flags.
2024-06-26 21:21:58.353994: I tensorflow/core/common_runtime/gpu/gpu_device.cc:1616] Created device /job:localhost/replica:0/task:0/device:GPU:0 with 6656 MB memory:  -> device: 0, name: NVIDIA GeForce RTX 4060 Ti, pci bus id: 0000:01:00.0, compute capability: 8.9
1 Physical GPUs, 1 Logical GPUs
Model: "sequential"
_________________________________________________________________
 Layer (type)                Output Shape              Param #   
=================================================================
 conv2d (Conv2D)             (None, 32, 32, 32)        896       
                                                                 
 max_pooling2d (MaxPooling2D  (None, 16, 16, 32)       0         
 )                                                               
                                                                 
 batch_normalization (BatchN  (None, 16, 16, 32)       128       
 ormalization)                                                   
                                                                 
 conv2d_1 (Conv2D)           (None, 16, 16, 128)       102528    
                                                                 
 max_pooling2d_1 (MaxPooling  (None, 8, 8, 128)        0         
 2D)                                                             
                                                                 
 dropout (Dropout)           (None, 8, 8, 128)         0         
                                                                 
 flatten (Flatten)           (None, 8192)              0         
                                                                 
 dense (Dense)               (None, 10)                81930     
                                                                 
=================================================================
Total params: 185,482
Trainable params: 185,418
Non-trainable params: 64
_________________________________________________________________
Taxa de aprendizado:  1e-05 Num de épocas:  117 Tamanho do lote:  512 Dropout:  0.44283
Epoch 1/117
2024-06-26 21:21:59.488637: I tensorflow/stream_executor/cuda/cuda_dnn.cc:384] Loaded cuDNN version 8100
2024-06-26 21:22:00.168325: W tensorflow/stream_executor/gpu/redzone_allocator.cc:314] INTERNAL: ptxas exited with non-zero error code -1, output: 
Relying on driver to perform ptx compilation. 
Modify $PATH to customize ptxas location.
This message will be only logged once.
2024-06-26 21:22:00.858871: I tensorflow/stream_executor/cuda/cuda_blas.cc:1614] TensorFloat-32 will be used for the matrix multiplication. This will only be logged once.

 1/98 [..............................] - ETA: 4:17 - loss: 2.6101 - accuracy: 0.0840
 4/98 [>.............................] - ETA: 1s - loss: 2.6082 - accuracy: 0.0845  
 8/98 [=>............................] - ETA: 1s - loss: 2.5780 - accuracy: 0.0813
12/98 [==>...........................] - ETA: 1s - loss: 2.5528 - accuracy: 0.0835
15/98 [===>..........................] - ETA: 1s - loss: 2.5407 - accuracy: 0.0839
19/98 [====>.........................] - ETA: 1s - loss: 2.5247 - accuracy: 0.0895
22/98 [=====>........................] - ETA: 1s - loss: 2.5134 - accuracy: 0.0905
25/98 [======>.......................] - ETA: 1s - loss: 2.5022 - accuracy: 0.0926
29/98 [=======>......................] - ETA: 1s - loss: 2.4892 - accuracy: 0.0977
33/98 [=========>....................] - ETA: 1s - loss: 2.4784 - accuracy: 0.1002
37/98 [==========>...................] - ETA: 1s - loss: 2.4675 - accuracy: 0.1020
41/98 [===========>..................] - ETA: 1s - loss: 2.4578 - accuracy: 0.1038
45/98 [============>.................] - ETA: 1s - loss: 2.4477 - accuracy: 0.1062
48/98 [=============>................] - ETA: 0s - loss: 2.4417 - accuracy: 0.1076
50/98 [==============>...............] - ETA: 1s - loss: 2.4374 - accuracy: 0.1095
53/98 [===============>..............] - ETA: 1s - loss: 2.4311 - accuracy: 0.1109
57/98 [================>.............] - ETA: 1s - loss: 2.4233 - accuracy: 0.1137
61/98 [=================>............] - ETA: 0s - loss: 2.4157 - accuracy: 0.1154
64/98 [==================>...........] - ETA: 0s - loss: 2.4101 - accuracy: 0.1167
67/98 [===================>..........] - ETA: 0s - loss: 2.4046 - accuracy: 0.1186
70/98 [====================>.........] - ETA: 0s - loss: 2.3998 - accuracy: 0.1197
73/98 [=====================>........] - ETA: 0s - loss: 2.3939 - accuracy: 0.1224
76/98 [======================>.......] - ETA: 0s - loss: 2.3893 - accuracy: 0.1240
80/98 [=======================>......] - ETA: 0s - loss: 2.3818 - accuracy: 0.1263
84/98 [========================>.....] - ETA: 0s - loss: 2.3757 - accuracy: 0.1283
88/98 [=========================>....] - ETA: 0s - loss: 2.3686 - accuracy: 0.1309
92/98 [===========================>..] - ETA: 0s - loss: 2.3623 - accuracy: 0.1327
96/98 [============================>.] - ETA: 0s - loss: 2.3556 - accuracy: 0.1347
98/98 [==============================] - 6s 30ms/step - loss: 2.3534 - accuracy: 0.1356 - val_loss: 2.2653 - val_accuracy: 0.1802
Epoch 2/117

 1/98 [..............................] - ETA: 3s - loss: 2.1548 - accuracy: 0.2012
 4/98 [>.............................] - ETA: 1s - loss: 2.1688 - accuracy: 0.1929
 7/98 [=>............................] - ETA: 1s - loss: 2.1725 - accuracy: 0.1964
10/98 [==>...........................] - ETA: 1s - loss: 2.1778 - accuracy: 0.1943
13/98 [==>...........................] - ETA: 1s - loss: 2.1744 - accuracy: 0.1968
17/98 [====>.........................] - ETA: 1s - loss: 2.1769 - accuracy: 0.1959
21/98 [=====>........................] - ETA: 1s - loss: 2.1735 - accuracy: 0.1979
24/98 [======>.......................] - ETA: 1s - loss: 2.1734 - accuracy: 0.1989
28/98 [=======>......................] - ETA: 1s - loss: 2.1693 - accuracy: 0.1994
32/98 [========>.....................] - ETA: 1s - loss: 2.1685 - accuracy: 0.2015
36/98 [==========>...................] - ETA: 1s - loss: 2.1649 - accuracy: 0.2042
40/98 [===========>..................] - ETA: 1s - loss: 2.1614 - accuracy: 0.2058
44/98 [============>.................] - ETA: 1s - loss: 2.1587 - accuracy: 0.2069
47/98 [=============>................] - ETA: 1s - loss: 2.1553 - accuracy: 0.2072
50/98 [==============>...............] - ETA: 0s - loss: 2.1532 - accuracy: 0.2095
53/98 [===============>..............] - ETA: 0s - loss: 2.1491 - accuracy: 0.2109
56/98 [================>.............] - ETA: 0s - loss: 2.1465 - accuracy: 0.2127
59/98 [=================>............] - ETA: 0s - loss: 2.1430 - accuracy: 0.2152
63/98 [==================>...........] - ETA: 0s - loss: 2.1404 - accuracy: 0.2171
67/98 [===================>..........] - ETA: 0s - loss: 2.1380 - accuracy: 0.2185
71/98 [====================>.........] - ETA: 0s - loss: 2.1349 - accuracy: 0.2200
74/98 [=====================>........] - ETA: 0s - loss: 2.1320 - accuracy: 0.2210
78/98 [======================>.......] - ETA: 0s - loss: 2.1278 - accuracy: 0.2230
82/98 [========================>.....] - ETA: 0s - loss: 2.1257 - accuracy: 0.2237
86/98 [=========================>....] - ETA: 0s - loss: 2.1233 - accuracy: 0.2248
89/98 [==========================>...] - ETA: 0s - loss: 2.1217 - accuracy: 0.2255
92/98 [===========================>..] - ETA: 0s - loss: 2.1200 - accuracy: 0.2261
96/98 [============================>.] - ETA: 0s - loss: 2.1179 - accuracy: 0.2273
98/98 [==============================] - 2s 24ms/step - loss: 2.1161 - accuracy: 0.2282 - val_loss: 2.1973 - val_accuracy: 0.2928
Epoch 3/117

 1/98 [..............................] - ETA: 3s - loss: 2.0764 - accuracy: 0.2285
 4/98 [>.............................] - ETA: 1s - loss: 2.0453 - accuracy: 0.2549
 7/98 [=>............................] - ETA: 1s - loss: 2.0503 - accuracy: 0.2522
11/98 [==>...........................] - ETA: 1s - loss: 2.0365 - accuracy: 0.2582
15/98 [===>..........................] - ETA: 1s - loss: 2.0314 - accuracy: 0.2596
18/98 [====>.........................] - ETA: 1s - loss: 2.0332 - accuracy: 0.2586
22/98 [=====>........................] - ETA: 1s - loss: 2.0251 - accuracy: 0.2625
26/98 [======>.......................] - ETA: 1s - loss: 2.0260 - accuracy: 0.2642
30/98 [========>.....................] - ETA: 1s - loss: 2.0242 - accuracy: 0.2640
34/98 [=========>....................] - ETA: 1s - loss: 2.0225 - accuracy: 0.2665
38/98 [==========>...................] - ETA: 1s - loss: 2.0186 - accuracy: 0.2682
42/98 [===========>..................] - ETA: 1s - loss: 2.0202 - accuracy: 0.2682
45/98 [============>.................] - ETA: 1s - loss: 2.0193 - accuracy: 0.2696
48/98 [=============>................] - ETA: 0s - loss: 2.0184 - accuracy: 0.2700
52/98 [==============>...............] - ETA: 0s - loss: 2.0186 - accuracy: 0.2694
55/98 [===============>..............] - ETA: 0s - loss: 2.0189 - accuracy: 0.2698
59/98 [=================>............] - ETA: 0s - loss: 2.0166 - accuracy: 0.2702
63/98 [==================>...........] - ETA: 0s - loss: 2.0145 - accuracy: 0.2704
67/98 [===================>..........] - ETA: 0s - loss: 2.0125 - accuracy: 0.2703
71/98 [====================>.........] - ETA: 0s - loss: 2.0104 - accuracy: 0.2705
75/98 [=====================>........] - ETA: 0s - loss: 2.0078 - accuracy: 0.2719
79/98 [=======================>......] - ETA: 0s - loss: 2.0056 - accuracy: 0.2734
83/98 [========================>.....] - ETA: 0s - loss: 2.0047 - accuracy: 0.2741
87/98 [=========================>....] - ETA: 0s - loss: 2.0032 - accuracy: 0.2749
91/98 [==========================>...] - ETA: 0s - loss: 2.0006 - accuracy: 0.2756
95/98 [============================>.] - ETA: 0s - loss: 1.9986 - accuracy: 0.2765
98/98 [==============================] - 2s 25ms/step - loss: 1.9962 - accuracy: 0.2779 - val_loss: 2.0999 - val_accuracy: 0.3408
Epoch 4/117

 1/98 [..............................] - ETA: 3s - loss: 1.9696 - accuracy: 0.3027
 4/98 [>.............................] - ETA: 1s - loss: 1.9537 - accuracy: 0.2998
 7/98 [=>............................] - ETA: 1s - loss: 1.9419 - accuracy: 0.3047
10/98 [==>...........................] - ETA: 1s - loss: 1.9400 - accuracy: 0.3033
14/98 [===>..........................] - ETA: 1s - loss: 1.9452 - accuracy: 0.3006
18/98 [====>.........................] - ETA: 1s - loss: 1.9427 - accuracy: 0.3007
22/98 [=====>........................] - ETA: 1s - loss: 1.9415 - accuracy: 0.3028
26/98 [======>.......................] - ETA: 1s - loss: 1.9364 - accuracy: 0.3072
29/98 [=======>......................] - ETA: 1s - loss: 1.9358 - accuracy: 0.3086
32/98 [========>.....................] - ETA: 1s - loss: 1.9350 - accuracy: 0.3085
35/98 [=========>....................] - ETA: 1s - loss: 1.9360 - accuracy: 0.3068
38/98 [==========>...................] - ETA: 1s - loss: 1.9335 - accuracy: 0.3069
41/98 [===========>..................] - ETA: 1s - loss: 1.9318 - accuracy: 0.3074
45/98 [============>.................] - ETA: 1s - loss: 1.9283 - accuracy: 0.3089
49/98 [==============>...............] - ETA: 0s - loss: 1.9268 - accuracy: 0.3081
53/98 [===============>..............] - ETA: 0s - loss: 1.9257 - accuracy: 0.3087
56/98 [================>.............] - ETA: 0s - loss: 1.9242 - accuracy: 0.3095
59/98 [=================>............] - ETA: 0s - loss: 1.9221 - accuracy: 0.3101
63/98 [==================>...........] - ETA: 0s - loss: 1.9193 - accuracy: 0.3111
67/98 [===================>..........] - ETA: 0s - loss: 1.9198 - accuracy: 0.3107
71/98 [====================>.........] - ETA: 0s - loss: 1.9183 - accuracy: 0.3121
75/98 [=====================>........] - ETA: 0s - loss: 1.9169 - accuracy: 0.3123
78/98 [======================>.......] - ETA: 0s - loss: 1.9150 - accuracy: 0.3130
82/98 [========================>.....] - ETA: 0s - loss: 1.9133 - accuracy: 0.3136
85/98 [=========================>....] - ETA: 0s - loss: 1.9126 - accuracy: 0.3136
89/98 [==========================>...] - ETA: 0s - loss: 1.9116 - accuracy: 0.3136
93/98 [===========================>..] - ETA: 0s - loss: 1.9105 - accuracy: 0.3140
97/98 [============================>.] - ETA: 0s - loss: 1.9087 - accuracy: 0.3149
98/98 [==============================] - 2s 25ms/step - loss: 1.9084 - accuracy: 0.3154 - val_loss: 1.9771 - val_accuracy: 0.3737
Epoch 5/117

 1/98 [..............................] - ETA: 4s - loss: 1.8873 - accuracy: 0.3281
 5/98 [>.............................] - ETA: 1s - loss: 1.8722 - accuracy: 0.3316
 8/98 [=>............................] - ETA: 1s - loss: 1.8628 - accuracy: 0.3308
11/98 [==>...........................] - ETA: 1s - loss: 1.8596 - accuracy: 0.3340
14/98 [===>..........................] - ETA: 1s - loss: 1.8607 - accuracy: 0.3327
17/98 [====>.........................] - ETA: 1s - loss: 1.8635 - accuracy: 0.3320
21/98 [=====>........................] - ETA: 1s - loss: 1.8590 - accuracy: 0.3315
25/98 [======>.......................] - ETA: 1s - loss: 1.8599 - accuracy: 0.3317
29/98 [=======>......................] - ETA: 1s - loss: 1.8583 - accuracy: 0.3330
32/98 [========>.....................] - ETA: 1s - loss: 1.8577 - accuracy: 0.3323
36/98 [==========>...................] - ETA: 1s - loss: 1.8580 - accuracy: 0.3332
39/98 [==========>...................] - ETA: 1s - loss: 1.8565 - accuracy: 0.3337
42/98 [===========>..................] - ETA: 1s - loss: 1.8569 - accuracy: 0.3336
45/98 [============>.................] - ETA: 1s - loss: 1.8568 - accuracy: 0.3342
49/98 [==============>...............] - ETA: 0s - loss: 1.8573 - accuracy: 0.3347
53/98 [===============>..............] - ETA: 0s - loss: 1.8571 - accuracy: 0.3355
57/98 [================>.............] - ETA: 0s - loss: 1.8559 - accuracy: 0.3364
60/98 [=================>............] - ETA: 0s - loss: 1.8538 - accuracy: 0.3380
64/98 [==================>...........] - ETA: 0s - loss: 1.8529 - accuracy: 0.3384
68/98 [===================>..........] - ETA: 0s - loss: 1.8521 - accuracy: 0.3389
71/98 [====================>.........] - ETA: 0s - loss: 1.8525 - accuracy: 0.3384
74/98 [=====================>........] - ETA: 0s - loss: 1.8525 - accuracy: 0.3378
77/98 [======================>.......] - ETA: 0s - loss: 1.8502 - accuracy: 0.3390
81/98 [=======================>......] - ETA: 0s - loss: 1.8483 - accuracy: 0.3398
85/98 [=========================>....] - ETA: 0s - loss: 1.8474 - accuracy: 0.3397
89/98 [==========================>...] - ETA: 0s - loss: 1.8445 - accuracy: 0.3411
93/98 [===========================>..] - ETA: 0s - loss: 1.8431 - accuracy: 0.3418
96/98 [============================>.] - ETA: 0s - loss: 1.8419 - accuracy: 0.3423
98/98 [==============================] - 2s 24ms/step - loss: 1.8416 - accuracy: 0.3426 - val_loss: 1.8480 - val_accuracy: 0.3989
Epoch 6/117

 1/98 [..............................] - ETA: 3s - loss: 1.8006 - accuracy: 0.3690
 4/98 [>.............................] - ETA: 1s - loss: 1.7835 - accuracy: 0.3595
 7/98 [=>............................] - ETA: 1s - loss: 1.8072 - accuracy: 0.3536
11/98 [==>...........................] - ETA: 1s - loss: 1.8084 - accuracy: 0.3521
14/98 [===>..........................] - ETA: 1s - loss: 1.8064 - accuracy: 0.3524
17/98 [====>.........................] - ETA: 1s - loss: 1.8044 - accuracy: 0.3544
20/98 [=====>........................] - ETA: 1s - loss: 1.8038 - accuracy: 0.3540
24/98 [======>.......................] - ETA: 1s - loss: 1.8054 - accuracy: 0.3549
28/98 [=======>......................] - ETA: 1s - loss: 1.8118 - accuracy: 0.3534
31/98 [========>.....................] - ETA: 1s - loss: 1.8045 - accuracy: 0.3556
35/98 [=========>....................] - ETA: 1s - loss: 1.8012 - accuracy: 0.3567
39/98 [==========>...................] - ETA: 1s - loss: 1.8024 - accuracy: 0.3557
43/98 [============>.................] - ETA: 1s - loss: 1.7984 - accuracy: 0.3562
47/98 [=============>................] - ETA: 1s - loss: 1.7975 - accuracy: 0.3574
51/98 [==============>...............] - ETA: 0s - loss: 1.7952 - accuracy: 0.3587
55/98 [===============>..............] - ETA: 0s - loss: 1.7949 - accuracy: 0.3582
59/98 [=================>............] - ETA: 0s - loss: 1.7939 - accuracy: 0.3586
63/98 [==================>...........] - ETA: 0s - loss: 1.7911 - accuracy: 0.3601
67/98 [===================>..........] - ETA: 0s - loss: 1.7908 - accuracy: 0.3600
71/98 [====================>.........] - ETA: 0s - loss: 1.7906 - accuracy: 0.3602
75/98 [=====================>........] - ETA: 0s - loss: 1.7868 - accuracy: 0.3618
79/98 [=======================>......] - ETA: 0s - loss: 1.7855 - accuracy: 0.3626
83/98 [========================>.....] - ETA: 0s - loss: 1.7867 - accuracy: 0.3620
87/98 [=========================>....] - ETA: 0s - loss: 1.7863 - accuracy: 0.3622
91/98 [==========================>...] - ETA: 0s - loss: 1.7854 - accuracy: 0.3620
94/98 [===========================>..] - ETA: 0s - loss: 1.7850 - accuracy: 0.3619
98/98 [==============================] - ETA: 0s - loss: 1.7840 - accuracy: 0.3625
98/98 [==============================] - 2s 25ms/step - loss: 1.7840 - accuracy: 0.3625 - val_loss: 1.7352 - val_accuracy: 0.4236
Epoch 7/117

 1/98 [..............................] - ETA: 3s - loss: 1.7430 - accuracy: 0.3574
 4/98 [>.............................] - ETA: 1s - loss: 1.7496 - accuracy: 0.3696
 7/98 [=>............................] - ETA: 1s - loss: 1.7652 - accuracy: 0.3666
10/98 [==>...........................] - ETA: 1s - loss: 1.7552 - accuracy: 0.3709
14/98 [===>..........................] - ETA: 1s - loss: 1.7550 - accuracy: 0.3719
18/98 [====>.........................] - ETA: 1s - loss: 1.7524 - accuracy: 0.3736
21/98 [=====>........................] - ETA: 1s - loss: 1.7499 - accuracy: 0.3727
25/98 [======>.......................] - ETA: 1s - loss: 1.7518 - accuracy: 0.3711
28/98 [=======>......................] - ETA: 1s - loss: 1.7535 - accuracy: 0.3702
31/98 [========>.....................] - ETA: 1s - loss: 1.7524 - accuracy: 0.3709
34/98 [=========>....................] - ETA: 1s - loss: 1.7467 - accuracy: 0.3732
37/98 [==========>...................] - ETA: 1s - loss: 1.7478 - accuracy: 0.3731
40/98 [===========>..................] - ETA: 1s - loss: 1.7474 - accuracy: 0.3730
43/98 [============>.................] - ETA: 1s - loss: 1.7466 - accuracy: 0.3735
46/98 [=============>................] - ETA: 1s - loss: 1.7474 - accuracy: 0.3739
49/98 [==============>...............] - ETA: 0s - loss: 1.7460 - accuracy: 0.3746
53/98 [===============>..............] - ETA: 0s - loss: 1.7453 - accuracy: 0.3755
57/98 [================>.............] - ETA: 0s - loss: 1.7443 - accuracy: 0.3761
61/98 [=================>............] - ETA: 0s - loss: 1.7423 - accuracy: 0.3766
65/98 [==================>...........] - ETA: 0s - loss: 1.7421 - accuracy: 0.3769
69/98 [====================>.........] - ETA: 0s - loss: 1.7423 - accuracy: 0.3775
73/98 [=====================>........] - ETA: 0s - loss: 1.7419 - accuracy: 0.3775
77/98 [======================>.......] - ETA: 0s - loss: 1.7413 - accuracy: 0.3775
80/98 [=======================>......] - ETA: 0s - loss: 1.7417 - accuracy: 0.3772
84/98 [========================>.....] - ETA: 0s - loss: 1.7410 - accuracy: 0.3773
87/98 [=========================>....] - ETA: 0s - loss: 1.7392 - accuracy: 0.3782
90/98 [==========================>...] - ETA: 0s - loss: 1.7390 - accuracy: 0.3787
94/98 [===========================>..] - ETA: 0s - loss: 1.7378 - accuracy: 0.3787
97/98 [============================>.] - ETA: 0s - loss: 1.7388 - accuracy: 0.3784
98/98 [==============================] - 2s 24ms/step - loss: 1.7386 - accuracy: 0.3786 - val_loss: 1.6544 - val_accuracy: 0.4366
Epoch 8/117

 1/98 [..............................] - ETA: 3s - loss: 1.7095 - accuracy: 0.4141
 4/98 [>.............................] - ETA: 1s - loss: 1.7135 - accuracy: 0.3965
 7/98 [=>............................] - ETA: 1s - loss: 1.7169 - accuracy: 0.3901
10/98 [==>...........................] - ETA: 1s - loss: 1.7168 - accuracy: 0.3904
14/98 [===>..........................] - ETA: 1s - loss: 1.7132 - accuracy: 0.3947
18/98 [====>.........................] - ETA: 1s - loss: 1.7098 - accuracy: 0.3923
22/98 [=====>........................] - ETA: 1s - loss: 1.7099 - accuracy: 0.3917
25/98 [======>.......................] - ETA: 1s - loss: 1.7104 - accuracy: 0.3902
28/98 [=======>......................] - ETA: 1s - loss: 1.7084 - accuracy: 0.3904
31/98 [========>.....................] - ETA: 1s - loss: 1.7048 - accuracy: 0.3911
35/98 [=========>....................] - ETA: 1s - loss: 1.7038 - accuracy: 0.3917
39/98 [==========>...................] - ETA: 1s - loss: 1.7034 - accuracy: 0.3926
43/98 [============>.................] - ETA: 1s - loss: 1.7036 - accuracy: 0.3929
47/98 [=============>................] - ETA: 1s - loss: 1.7027 - accuracy: 0.3927
50/98 [==============>...............] - ETA: 0s - loss: 1.7034 - accuracy: 0.3914
53/98 [===============>..............] - ETA: 0s - loss: 1.7023 - accuracy: 0.3924
56/98 [================>.............] - ETA: 0s - loss: 1.7028 - accuracy: 0.3918
59/98 [=================>............] - ETA: 0s - loss: 1.7029 - accuracy: 0.3921
62/98 [=================>............] - ETA: 0s - loss: 1.7017 - accuracy: 0.3925
66/98 [===================>..........] - ETA: 0s - loss: 1.7000 - accuracy: 0.3929
70/98 [====================>.........] - ETA: 0s - loss: 1.6991 - accuracy: 0.3929
74/98 [=====================>........] - ETA: 0s - loss: 1.6987 - accuracy: 0.3930
76/98 [======================>.......] - ETA: 0s - loss: 1.6982 - accuracy: 0.3936
79/98 [=======================>......] - ETA: 0s - loss: 1.6971 - accuracy: 0.3938
82/98 [========================>.....] - ETA: 0s - loss: 1.6973 - accuracy: 0.3936
85/98 [=========================>....] - ETA: 0s - loss: 1.6971 - accuracy: 0.3935
89/98 [==========================>...] - ETA: 0s - loss: 1.6970 - accuracy: 0.3939
92/98 [===========================>..] - ETA: 0s - loss: 1.6962 - accuracy: 0.3937
95/98 [============================>.] - ETA: 0s - loss: 1.6961 - accuracy: 0.3940
98/98 [==============================] - 2s 25ms/step - loss: 1.6954 - accuracy: 0.3939 - val_loss: 1.6009 - val_accuracy: 0.4481
Epoch 9/117

 1/98 [..............................] - ETA: 3s - loss: 1.7087 - accuracy: 0.3965
 4/98 [>.............................] - ETA: 1s - loss: 1.6957 - accuracy: 0.3916
 7/98 [=>............................] - ETA: 1s - loss: 1.6846 - accuracy: 0.3968
11/98 [==>...........................] - ETA: 1s - loss: 1.6826 - accuracy: 0.3958
15/98 [===>..........................] - ETA: 1s - loss: 1.6761 - accuracy: 0.3953
19/98 [====>.........................] - ETA: 1s - loss: 1.6792 - accuracy: 0.3958
23/98 [======>.......................] - ETA: 1s - loss: 1.6834 - accuracy: 0.3938
27/98 [=======>......................] - ETA: 1s - loss: 1.6824 - accuracy: 0.3936
31/98 [========>.....................] - ETA: 1s - loss: 1.6759 - accuracy: 0.3955
35/98 [=========>....................] - ETA: 1s - loss: 1.6759 - accuracy: 0.3962
39/98 [==========>...................] - ETA: 1s - loss: 1.6746 - accuracy: 0.3980
43/98 [============>.................] - ETA: 1s - loss: 1.6741 - accuracy: 0.3992
47/98 [=============>................] - ETA: 1s - loss: 1.6707 - accuracy: 0.4011
51/98 [==============>...............] - ETA: 0s - loss: 1.6714 - accuracy: 0.4010
55/98 [===============>..............] - ETA: 0s - loss: 1.6681 - accuracy: 0.4018
59/98 [=================>............] - ETA: 0s - loss: 1.6711 - accuracy: 0.4019
63/98 [==================>...........] - ETA: 0s - loss: 1.6710 - accuracy: 0.4026
67/98 [===================>..........] - ETA: 0s - loss: 1.6723 - accuracy: 0.4023
71/98 [====================>.........] - ETA: 0s - loss: 1.6716 - accuracy: 0.4027
75/98 [=====================>........] - ETA: 0s - loss: 1.6718 - accuracy: 0.4027
79/98 [=======================>......] - ETA: 0s - loss: 1.6705 - accuracy: 0.4036
82/98 [========================>.....] - ETA: 0s - loss: 1.6697 - accuracy: 0.4030
85/98 [=========================>....] - ETA: 0s - loss: 1.6688 - accuracy: 0.4040
88/98 [=========================>....] - ETA: 0s - loss: 1.6665 - accuracy: 0.4050
92/98 [===========================>..] - ETA: 0s - loss: 1.6652 - accuracy: 0.4056
96/98 [============================>.] - ETA: 0s - loss: 1.6653 - accuracy: 0.4055
98/98 [==============================] - 2s 24ms/step - loss: 1.6660 - accuracy: 0.4055 - val_loss: 1.5642 - val_accuracy: 0.4558
Epoch 10/117

 1/98 [..............................] - ETA: 3s - loss: 1.6582 - accuracy: 0.4199
 4/98 [>.............................] - ETA: 1s - loss: 1.6507 - accuracy: 0.4160
 7/98 [=>............................] - ETA: 1s - loss: 1.6666 - accuracy: 0.4074
11/98 [==>...........................] - ETA: 1s - loss: 1.6582 - accuracy: 0.4093
15/98 [===>..........................] - ETA: 1s - loss: 1.6585 - accuracy: 0.4086
18/98 [====>.........................] - ETA: 1s - loss: 1.6574 - accuracy: 0.4072
21/98 [=====>........................] - ETA: 1s - loss: 1.6567 - accuracy: 0.4071
25/98 [======>.......................] - ETA: 1s - loss: 1.6524 - accuracy: 0.4079
29/98 [=======>......................] - ETA: 1s - loss: 1.6461 - accuracy: 0.4103
33/98 [=========>....................] - ETA: 1s - loss: 1.6451 - accuracy: 0.4131
37/98 [==========>...................] - ETA: 1s - loss: 1.6460 - accuracy: 0.4134
41/98 [===========>..................] - ETA: 1s - loss: 1.6433 - accuracy: 0.4148
45/98 [============>.................] - ETA: 1s - loss: 1.6447 - accuracy: 0.4145
49/98 [==============>...............] - ETA: 0s - loss: 1.6473 - accuracy: 0.4124
53/98 [===============>..............] - ETA: 0s - loss: 1.6434 - accuracy: 0.4142
56/98 [================>.............] - ETA: 0s - loss: 1.6440 - accuracy: 0.4143
59/98 [=================>............] - ETA: 0s - loss: 1.6426 - accuracy: 0.4146
62/98 [=================>............] - ETA: 0s - loss: 1.6424 - accuracy: 0.4144
65/98 [==================>...........] - ETA: 0s - loss: 1.6420 - accuracy: 0.4144
69/98 [====================>.........] - ETA: 0s - loss: 1.6404 - accuracy: 0.4145
73/98 [=====================>........] - ETA: 0s - loss: 1.6395 - accuracy: 0.4148
77/98 [======================>.......] - ETA: 0s - loss: 1.6392 - accuracy: 0.4144
81/98 [=======================>......] - ETA: 0s - loss: 1.6399 - accuracy: 0.4137
85/98 [=========================>....] - ETA: 0s - loss: 1.6388 - accuracy: 0.4146
88/98 [=========================>....] - ETA: 0s - loss: 1.6384 - accuracy: 0.4146
91/98 [==========================>...] - ETA: 0s - loss: 1.6382 - accuracy: 0.4149
94/98 [===========================>..] - ETA: 0s - loss: 1.6383 - accuracy: 0.4149
98/98 [==============================] - ETA: 0s - loss: 1.6380 - accuracy: 0.4149
98/98 [==============================] - 2s 24ms/step - loss: 1.6380 - accuracy: 0.4149 - val_loss: 1.5355 - val_accuracy: 0.4668
Epoch 11/117

 1/98 [..............................] - ETA: 3s - loss: 1.5601 - accuracy: 0.4570
 4/98 [>.............................] - ETA: 1s - loss: 1.6262 - accuracy: 0.4141
 7/98 [=>............................] - ETA: 1s - loss: 1.6200 - accuracy: 0.4143
11/98 [==>...........................] - ETA: 1s - loss: 1.6249 - accuracy: 0.4181
15/98 [===>..........................] - ETA: 1s - loss: 1.6248 - accuracy: 0.4180
19/98 [====>.........................] - ETA: 1s - loss: 1.6242 - accuracy: 0.4175
23/98 [======>.......................] - ETA: 1s - loss: 1.6184 - accuracy: 0.4198
27/98 [=======>......................] - ETA: 1s - loss: 1.6142 - accuracy: 0.4225
31/98 [========>.....................] - ETA: 1s - loss: 1.6161 - accuracy: 0.4231
35/98 [=========>....................] - ETA: 1s - loss: 1.6142 - accuracy: 0.4237
39/98 [==========>...................] - ETA: 1s - loss: 1.6128 - accuracy: 0.4247
43/98 [============>.................] - ETA: 1s - loss: 1.6107 - accuracy: 0.4255
46/98 [=============>................] - ETA: 1s - loss: 1.6086 - accuracy: 0.4262
49/98 [==============>...............] - ETA: 0s - loss: 1.6081 - accuracy: 0.4261
52/98 [==============>...............] - ETA: 0s - loss: 1.6078 - accuracy: 0.4262
56/98 [================>.............] - ETA: 0s - loss: 1.6062 - accuracy: 0.4266
60/98 [=================>............] - ETA: 0s - loss: 1.6073 - accuracy: 0.4253
64/98 [==================>...........] - ETA: 0s - loss: 1.6069 - accuracy: 0.4261
67/98 [===================>..........] - ETA: 0s - loss: 1.6056 - accuracy: 0.4265
70/98 [====================>.........] - ETA: 0s - loss: 1.6066 - accuracy: 0.4261
73/98 [=====================>........] - ETA: 0s - loss: 1.6079 - accuracy: 0.4258
77/98 [======================>.......] - ETA: 0s - loss: 1.6079 - accuracy: 0.4258
81/98 [=======================>......] - ETA: 0s - loss: 1.6098 - accuracy: 0.4252
85/98 [=========================>....] - ETA: 0s - loss: 1.6106 - accuracy: 0.4241
88/98 [=========================>....] - ETA: 0s - loss: 1.6100 - accuracy: 0.4247
92/98 [===========================>..] - ETA: 0s - loss: 1.6101 - accuracy: 0.4246
96/98 [============================>.] - ETA: 0s - loss: 1.6102 - accuracy: 0.4245
98/98 [==============================] - 2s 25ms/step - loss: 1.6095 - accuracy: 0.4251 - val_loss: 1.5113 - val_accuracy: 0.4739
Epoch 12/117

 1/98 [..............................] - ETA: 3s - loss: 1.4997 - accuracy: 0.4805
 4/98 [>.............................] - ETA: 1s - loss: 1.5771 - accuracy: 0.4512
 7/98 [=>............................] - ETA: 1s - loss: 1.5831 - accuracy: 0.4372
11/98 [==>...........................] - ETA: 1s - loss: 1.5747 - accuracy: 0.4416
15/98 [===>..........................] - ETA: 1s - loss: 1.5774 - accuracy: 0.4402
18/98 [====>.........................] - ETA: 1s - loss: 1.5803 - accuracy: 0.4389
21/98 [=====>........................] - ETA: 1s - loss: 1.5797 - accuracy: 0.4401
25/98 [======>.......................] - ETA: 1s - loss: 1.5813 - accuracy: 0.4385
29/98 [=======>......................] - ETA: 1s - loss: 1.5881 - accuracy: 0.4367
33/98 [=========>....................] - ETA: 1s - loss: 1.5886 - accuracy: 0.4365
37/98 [==========>...................] - ETA: 1s - loss: 1.5880 - accuracy: 0.4353
41/98 [===========>..................] - ETA: 1s - loss: 1.5883 - accuracy: 0.4352
45/98 [============>.................] - ETA: 1s - loss: 1.5919 - accuracy: 0.4333
49/98 [==============>...............] - ETA: 0s - loss: 1.5894 - accuracy: 0.4340
53/98 [===============>..............] - ETA: 0s - loss: 1.5883 - accuracy: 0.4346
57/98 [================>.............] - ETA: 0s - loss: 1.5924 - accuracy: 0.4327
61/98 [=================>............] - ETA: 0s - loss: 1.5925 - accuracy: 0.4324
65/98 [==================>...........] - ETA: 0s - loss: 1.5910 - accuracy: 0.4334
68/98 [===================>..........] - ETA: 0s - loss: 1.5927 - accuracy: 0.4328
72/98 [=====================>........] - ETA: 0s - loss: 1.5914 - accuracy: 0.4324
76/98 [======================>.......] - ETA: 0s - loss: 1.5899 - accuracy: 0.4328
80/98 [=======================>......] - ETA: 0s - loss: 1.5867 - accuracy: 0.4345
84/98 [========================>.....] - ETA: 0s - loss: 1.5866 - accuracy: 0.4344
88/98 [=========================>....] - ETA: 0s - loss: 1.5863 - accuracy: 0.4347
91/98 [==========================>...] - ETA: 0s - loss: 1.5856 - accuracy: 0.4352
94/98 [===========================>..] - ETA: 0s - loss: 1.5859 - accuracy: 0.4349
97/98 [============================>.] - ETA: 0s - loss: 1.5861 - accuracy: 0.4348
98/98 [==============================] - 2s 24ms/step - loss: 1.5861 - accuracy: 0.4346 - val_loss: 1.4905 - val_accuracy: 0.4826
Epoch 13/117

 1/98 [..............................] - ETA: 3s - loss: 1.6294 - accuracy: 0.4219
 4/98 [>.............................] - ETA: 1s - loss: 1.5753 - accuracy: 0.4404
 8/98 [=>............................] - ETA: 1s - loss: 1.5830 - accuracy: 0.4406
11/98 [==>...........................] - ETA: 1s - loss: 1.5824 - accuracy: 0.4415
14/98 [===>..........................] - ETA: 1s - loss: 1.5797 - accuracy: 0.4401
17/98 [====>.........................] - ETA: 1s - loss: 1.5696 - accuracy: 0.4414
21/98 [=====>........................] - ETA: 1s - loss: 1.5676 - accuracy: 0.4389
25/98 [======>.......................] - ETA: 1s - loss: 1.5659 - accuracy: 0.4403
28/98 [=======>......................] - ETA: 1s - loss: 1.5666 - accuracy: 0.4404
31/98 [========>.....................] - ETA: 1s - loss: 1.5680 - accuracy: 0.4399
34/98 [=========>....................] - ETA: 1s - loss: 1.5687 - accuracy: 0.4390
38/98 [==========>...................] - ETA: 1s - loss: 1.5674 - accuracy: 0.4394
42/98 [===========>..................] - ETA: 1s - loss: 1.5665 - accuracy: 0.4403
45/98 [============>.................] - ETA: 1s - loss: 1.5692 - accuracy: 0.4395
49/98 [==============>...............] - ETA: 0s - loss: 1.5665 - accuracy: 0.4401
53/98 [===============>..............] - ETA: 0s - loss: 1.5662 - accuracy: 0.4391
57/98 [================>.............] - ETA: 0s - loss: 1.5670 - accuracy: 0.4387
61/98 [=================>............] - ETA: 0s - loss: 1.5667 - accuracy: 0.4399
65/98 [==================>...........] - ETA: 0s - loss: 1.5662 - accuracy: 0.4393
69/98 [====================>.........] - ETA: 0s - loss: 1.5650 - accuracy: 0.4404
73/98 [=====================>........] - ETA: 0s - loss: 1.5651 - accuracy: 0.4404
77/98 [======================>.......] - ETA: 0s - loss: 1.5673 - accuracy: 0.4396
81/98 [=======================>......] - ETA: 0s - loss: 1.5660 - accuracy: 0.4402
85/98 [=========================>....] - ETA: 0s - loss: 1.5649 - accuracy: 0.4402
89/98 [==========================>...] - ETA: 0s - loss: 1.5643 - accuracy: 0.4405
93/98 [===========================>..] - ETA: 0s - loss: 1.5662 - accuracy: 0.4396
96/98 [============================>.] - ETA: 0s - loss: 1.5663 - accuracy: 0.4395
98/98 [==============================] - 2s 24ms/step - loss: 1.5659 - accuracy: 0.4396 - val_loss: 1.4721 - val_accuracy: 0.4875
Epoch 14/117

 1/98 [..............................] - ETA: 3s - loss: 1.5272 - accuracy: 0.4531
 4/98 [>.............................] - ETA: 1s - loss: 1.5428 - accuracy: 0.4424
 7/98 [=>............................] - ETA: 1s - loss: 1.5393 - accuracy: 0.4417
10/98 [==>...........................] - ETA: 1s - loss: 1.5432 - accuracy: 0.4406
14/98 [===>..........................] - ETA: 1s - loss: 1.5467 - accuracy: 0.4407
18/98 [====>.........................] - ETA: 1s - loss: 1.5513 - accuracy: 0.4413
22/98 [=====>........................] - ETA: 1s - loss: 1.5557 - accuracy: 0.4393
26/98 [======>.......................] - ETA: 1s - loss: 1.5550 - accuracy: 0.4395
30/98 [========>.....................] - ETA: 1s - loss: 1.5558 - accuracy: 0.4402
34/98 [=========>....................] - ETA: 1s - loss: 1.5527 - accuracy: 0.4408
38/98 [==========>...................] - ETA: 1s - loss: 1.5547 - accuracy: 0.4415
42/98 [===========>..................] - ETA: 1s - loss: 1.5541 - accuracy: 0.4434
46/98 [=============>................] - ETA: 1s - loss: 1.5528 - accuracy: 0.4437
50/98 [==============>...............] - ETA: 0s - loss: 1.5508 - accuracy: 0.4444
54/98 [===============>..............] - ETA: 0s - loss: 1.5509 - accuracy: 0.4443
58/98 [================>.............] - ETA: 0s - loss: 1.5491 - accuracy: 0.4455
62/98 [=================>............] - ETA: 0s - loss: 1.5493 - accuracy: 0.4458
66/98 [===================>..........] - ETA: 0s - loss: 1.5502 - accuracy: 0.4453
70/98 [====================>.........] - ETA: 0s - loss: 1.5487 - accuracy: 0.4459
73/98 [=====================>........] - ETA: 0s - loss: 1.5477 - accuracy: 0.4466
77/98 [======================>.......] - ETA: 0s - loss: 1.5490 - accuracy: 0.4460
81/98 [=======================>......] - ETA: 0s - loss: 1.5485 - accuracy: 0.4470
85/98 [=========================>....] - ETA: 0s - loss: 1.5481 - accuracy: 0.4475
88/98 [=========================>....] - ETA: 0s - loss: 1.5474 - accuracy: 0.4480
91/98 [==========================>...] - ETA: 0s - loss: 1.5483 - accuracy: 0.4475
95/98 [============================>.] - ETA: 0s - loss: 1.5490 - accuracy: 0.4468
98/98 [==============================] - 2s 25ms/step - loss: 1.5480 - accuracy: 0.4475 - val_loss: 1.4542 - val_accuracy: 0.4969
Epoch 15/117

 1/98 [..............................] - ETA: 3s - loss: 1.5343 - accuracy: 0.4590
 4/98 [>.............................] - ETA: 1s - loss: 1.5207 - accuracy: 0.4644
 7/98 [=>............................] - ETA: 1s - loss: 1.5253 - accuracy: 0.4590
11/98 [==>...........................] - ETA: 1s - loss: 1.5328 - accuracy: 0.4560
15/98 [===>..........................] - ETA: 1s - loss: 1.5316 - accuracy: 0.4566
19/98 [====>.........................] - ETA: 1s - loss: 1.5335 - accuracy: 0.4535
23/98 [======>.......................] - ETA: 1s - loss: 1.5318 - accuracy: 0.4533
27/98 [=======>......................] - ETA: 1s - loss: 1.5375 - accuracy: 0.4523
31/98 [========>.....................] - ETA: 1s - loss: 1.5346 - accuracy: 0.4538
35/98 [=========>....................] - ETA: 1s - loss: 1.5321 - accuracy: 0.4548
39/98 [==========>...................] - ETA: 1s - loss: 1.5311 - accuracy: 0.4550
43/98 [============>.................] - ETA: 1s - loss: 1.5317 - accuracy: 0.4549
47/98 [=============>................] - ETA: 1s - loss: 1.5311 - accuracy: 0.4545
50/98 [==============>...............] - ETA: 0s - loss: 1.5314 - accuracy: 0.4544
54/98 [===============>..............] - ETA: 0s - loss: 1.5329 - accuracy: 0.4539
58/98 [================>.............] - ETA: 0s - loss: 1.5314 - accuracy: 0.4529
62/98 [=================>............] - ETA: 0s - loss: 1.5332 - accuracy: 0.4523
66/98 [===================>..........] - ETA: 0s - loss: 1.5341 - accuracy: 0.4521
70/98 [====================>.........] - ETA: 0s - loss: 1.5322 - accuracy: 0.4527
73/98 [=====================>........] - ETA: 0s - loss: 1.5328 - accuracy: 0.4525
76/98 [======================>.......] - ETA: 0s - loss: 1.5319 - accuracy: 0.4531
80/98 [=======================>......] - ETA: 0s - loss: 1.5312 - accuracy: 0.4539
84/98 [========================>.....] - ETA: 0s - loss: 1.5313 - accuracy: 0.4534
88/98 [=========================>....] - ETA: 0s - loss: 1.5312 - accuracy: 0.4532
92/98 [===========================>..] - ETA: 0s - loss: 1.5306 - accuracy: 0.4533
95/98 [============================>.] - ETA: 0s - loss: 1.5303 - accuracy: 0.4535
98/98 [==============================] - 2s 24ms/step - loss: 1.5302 - accuracy: 0.4540 - val_loss: 1.4380 - val_accuracy: 0.5018
Epoch 16/117

 1/98 [..............................] - ETA: 3s - loss: 1.5186 - accuracy: 0.4707
 4/98 [>.............................] - ETA: 1s - loss: 1.5422 - accuracy: 0.4624
 8/98 [=>............................] - ETA: 1s - loss: 1.5376 - accuracy: 0.4526
11/98 [==>...........................] - ETA: 1s - loss: 1.5388 - accuracy: 0.4494
15/98 [===>..........................] - ETA: 1s - loss: 1.5284 - accuracy: 0.4548
19/98 [====>.........................] - ETA: 1s - loss: 1.5247 - accuracy: 0.4554
22/98 [=====>........................] - ETA: 1s - loss: 1.5170 - accuracy: 0.4595
26/98 [======>.......................] - ETA: 1s - loss: 1.5114 - accuracy: 0.4609
29/98 [=======>......................] - ETA: 1s - loss: 1.5116 - accuracy: 0.4613
32/98 [========>.....................] - ETA: 1s - loss: 1.5109 - accuracy: 0.4631
