2024-06-26 21:02:47.850502: I tensorflow/core/platform/cpu_feature_guard.cc:193] This TensorFlow binary is optimized with oneAPI Deep Neural Network Library (oneDNN) to use the following CPU instructions in performance-critical operations:  AVX AVX2
To enable them in other operations, rebuild TensorFlow with the appropriate compiler flags.
2024-06-26 21:02:48.335804: I tensorflow/core/common_runtime/gpu/gpu_device.cc:1616] Created device /job:localhost/replica:0/task:0/device:GPU:0 with 6656 MB memory:  -> device: 0, name: NVIDIA GeForce RTX 4060 Ti, pci bus id: 0000:01:00.0, compute capability: 8.9
1 Physical GPUs, 1 Logical GPUs
Model: "sequential"
_________________________________________________________________
 Layer (type)                Output Shape              Param #   
=================================================================
 conv2d (Conv2D)             (None, 32, 32, 32)        896       
                                                                 
 max_pooling2d (MaxPooling2D  (None, 16, 16, 32)       0         
 )                                                               
                                                                 
 batch_normalization (BatchN  (None, 16, 16, 32)       128       
 ormalization)                                                   
                                                                 
 conv2d_1 (Conv2D)           (None, 16, 16, 128)       102528    
                                                                 
 max_pooling2d_1 (MaxPooling  (None, 8, 8, 128)        0         
 2D)                                                             
                                                                 
 dropout (Dropout)           (None, 8, 8, 128)         0         
                                                                 
 flatten (Flatten)           (None, 8192)              0         
                                                                 
 dense (Dense)               (None, 10)                81930     
                                                                 
=================================================================
Total params: 185,482
Trainable params: 185,418
Non-trainable params: 64
_________________________________________________________________
Taxa de aprendizado:  1e-05 Num de épocas:  117 Tamanho do lote:  512 Dropout:  0.44283
Epoch 1/117
2024-06-26 21:02:49.438555: I tensorflow/stream_executor/cuda/cuda_dnn.cc:384] Loaded cuDNN version 8100
2024-06-26 21:02:50.120952: W tensorflow/stream_executor/gpu/redzone_allocator.cc:314] INTERNAL: ptxas exited with non-zero error code -1, output: 
Relying on driver to perform ptx compilation. 
Modify $PATH to customize ptxas location.
This message will be only logged once.
2024-06-26 21:02:50.825984: I tensorflow/stream_executor/cuda/cuda_blas.cc:1614] TensorFloat-32 will be used for the matrix multiplication. This will only be logged once.

 1/98 [..............................] - ETA: 4:20 - loss: 2.5229 - accuracy: 0.1016
 4/98 [>.............................] - ETA: 1s - loss: 2.5161 - accuracy: 0.0952  
 7/98 [=>............................] - ETA: 1s - loss: 2.5025 - accuracy: 0.0968
10/98 [==>...........................] - ETA: 1s - loss: 2.4903 - accuracy: 0.0961
14/98 [===>..........................] - ETA: 1s - loss: 2.4799 - accuracy: 0.0985
17/98 [====>.........................] - ETA: 1s - loss: 2.4721 - accuracy: 0.0998
21/98 [=====>........................] - ETA: 1s - loss: 2.4596 - accuracy: 0.1040
25/98 [======>.......................] - ETA: 1s - loss: 2.4499 - accuracy: 0.1090
29/98 [=======>......................] - ETA: 1s - loss: 2.4393 - accuracy: 0.1125
33/98 [=========>....................] - ETA: 1s - loss: 2.4307 - accuracy: 0.1150
37/98 [==========>...................] - ETA: 1s - loss: 2.4228 - accuracy: 0.1164
41/98 [===========>..................] - ETA: 1s - loss: 2.4140 - accuracy: 0.1209
45/98 [============>.................] - ETA: 1s - loss: 2.4056 - accuracy: 0.1236
48/98 [=============>................] - ETA: 0s - loss: 2.3987 - accuracy: 0.1258
52/98 [==============>...............] - ETA: 0s - loss: 2.3911 - accuracy: 0.1282
56/98 [================>.............] - ETA: 0s - loss: 2.3816 - accuracy: 0.1324
60/98 [=================>............] - ETA: 0s - loss: 2.3734 - accuracy: 0.1353
63/98 [==================>...........] - ETA: 0s - loss: 2.3677 - accuracy: 0.1375
67/98 [===================>..........] - ETA: 0s - loss: 2.3623 - accuracy: 0.1396
68/98 [===================>..........] - ETA: 0s - loss: 2.3606 - accuracy: 0.1404
71/98 [====================>.........] - ETA: 0s - loss: 2.3552 - accuracy: 0.1424
75/98 [=====================>........] - ETA: 0s - loss: 2.3488 - accuracy: 0.1440
78/98 [======================>.......] - ETA: 0s - loss: 2.3454 - accuracy: 0.1453
81/98 [=======================>......] - ETA: 0s - loss: 2.3421 - accuracy: 0.1462
84/98 [========================>.....] - ETA: 0s - loss: 2.3393 - accuracy: 0.1473
87/98 [=========================>....] - ETA: 0s - loss: 2.3355 - accuracy: 0.1484
91/98 [==========================>...] - ETA: 0s - loss: 2.3296 - accuracy: 0.1502
95/98 [============================>.] - ETA: 0s - loss: 2.3255 - accuracy: 0.1511
98/98 [==============================] - 6s 30ms/step - loss: 2.3210 - accuracy: 0.1527 - val_loss: 2.2637 - val_accuracy: 0.1928
Epoch 2/117

 1/98 [..............................] - ETA: 3s - loss: 2.1624 - accuracy: 0.2227
 4/98 [>.............................] - ETA: 1s - loss: 2.1652 - accuracy: 0.2124
 8/98 [=>............................] - ETA: 1s - loss: 2.1737 - accuracy: 0.2146
12/98 [==>...........................] - ETA: 1s - loss: 2.1770 - accuracy: 0.2132
16/98 [===>..........................] - ETA: 1s - loss: 2.1827 - accuracy: 0.2103
19/98 [====>.........................] - ETA: 1s - loss: 2.1767 - accuracy: 0.2095
23/98 [======>.......................] - ETA: 1s - loss: 2.1749 - accuracy: 0.2117
27/98 [=======>......................] - ETA: 1s - loss: 2.1692 - accuracy: 0.2130
31/98 [========>.....................] - ETA: 1s - loss: 2.1627 - accuracy: 0.2136
34/98 [=========>....................] - ETA: 1s - loss: 2.1592 - accuracy: 0.2161
38/98 [==========>...................] - ETA: 1s - loss: 2.1575 - accuracy: 0.2153
41/98 [===========>..................] - ETA: 1s - loss: 2.1547 - accuracy: 0.2169
45/98 [============>.................] - ETA: 1s - loss: 2.1538 - accuracy: 0.2178
49/98 [==============>...............] - ETA: 0s - loss: 2.1510 - accuracy: 0.2195
53/98 [===============>..............] - ETA: 0s - loss: 2.1474 - accuracy: 0.2215
57/98 [================>.............] - ETA: 0s - loss: 2.1441 - accuracy: 0.2224
60/98 [=================>............] - ETA: 0s - loss: 2.1424 - accuracy: 0.2226
63/98 [==================>...........] - ETA: 0s - loss: 2.1392 - accuracy: 0.2239
66/98 [===================>..........] - ETA: 0s - loss: 2.1363 - accuracy: 0.2253
69/98 [====================>.........] - ETA: 0s - loss: 2.1352 - accuracy: 0.2256
72/98 [=====================>........] - ETA: 0s - loss: 2.1336 - accuracy: 0.2264
75/98 [=====================>........] - ETA: 0s - loss: 2.1309 - accuracy: 0.2271
78/98 [======================>.......] - ETA: 0s - loss: 2.1282 - accuracy: 0.2285
81/98 [=======================>......] - ETA: 0s - loss: 2.1267 - accuracy: 0.2294
85/98 [=========================>....] - ETA: 0s - loss: 2.1242 - accuracy: 0.2305
89/98 [==========================>...] - ETA: 0s - loss: 2.1209 - accuracy: 0.2316
93/98 [===========================>..] - ETA: 0s - loss: 2.1193 - accuracy: 0.2319
97/98 [============================>.] - ETA: 0s - loss: 2.1167 - accuracy: 0.2330
98/98 [==============================] - 2s 25ms/step - loss: 2.1153 - accuracy: 0.2335 - val_loss: 2.1899 - val_accuracy: 0.2868
Epoch 3/117

 1/98 [..............................] - ETA: 3s - loss: 2.0062 - accuracy: 0.2676
 4/98 [>.............................] - ETA: 1s - loss: 2.0451 - accuracy: 0.2690
 8/98 [=>............................] - ETA: 1s - loss: 2.0399 - accuracy: 0.2708
12/98 [==>...........................] - ETA: 1s - loss: 2.0372 - accuracy: 0.2669
15/98 [===>..........................] - ETA: 1s - loss: 2.0400 - accuracy: 0.2663
19/98 [====>.........................] - ETA: 1s - loss: 2.0393 - accuracy: 0.2673
23/98 [======>.......................] - ETA: 1s - loss: 2.0317 - accuracy: 0.2718
27/98 [=======>......................] - ETA: 1s - loss: 2.0320 - accuracy: 0.2719
31/98 [========>.....................] - ETA: 1s - loss: 2.0313 - accuracy: 0.2722
35/98 [=========>....................] - ETA: 1s - loss: 2.0305 - accuracy: 0.2727
39/98 [==========>...................] - ETA: 1s - loss: 2.0312 - accuracy: 0.2714
43/98 [============>.................] - ETA: 1s - loss: 2.0282 - accuracy: 0.2720
47/98 [=============>................] - ETA: 1s - loss: 2.0282 - accuracy: 0.2723
50/98 [==============>...............] - ETA: 0s - loss: 2.0278 - accuracy: 0.2720
54/98 [===============>..............] - ETA: 0s - loss: 2.0262 - accuracy: 0.2728
58/98 [================>.............] - ETA: 0s - loss: 2.0245 - accuracy: 0.2731
62/98 [=================>............] - ETA: 0s - loss: 2.0241 - accuracy: 0.2727
66/98 [===================>..........] - ETA: 0s - loss: 2.0220 - accuracy: 0.2742
69/98 [====================>.........] - ETA: 0s - loss: 2.0202 - accuracy: 0.2750
73/98 [=====================>........] - ETA: 0s - loss: 2.0175 - accuracy: 0.2760
76/98 [======================>.......] - ETA: 0s - loss: 2.0155 - accuracy: 0.2766
80/98 [=======================>......] - ETA: 0s - loss: 2.0134 - accuracy: 0.2771
84/98 [========================>.....] - ETA: 0s - loss: 2.0116 - accuracy: 0.2780
88/98 [=========================>....] - ETA: 0s - loss: 2.0091 - accuracy: 0.2787
92/98 [===========================>..] - ETA: 0s - loss: 2.0073 - accuracy: 0.2797
95/98 [============================>.] - ETA: 0s - loss: 2.0065 - accuracy: 0.2797
98/98 [==============================] - ETA: 0s - loss: 2.0054 - accuracy: 0.2801
98/98 [==============================] - 2s 25ms/step - loss: 2.0054 - accuracy: 0.2801 - val_loss: 2.0901 - val_accuracy: 0.3376
Epoch 4/117

 1/98 [..............................] - ETA: 3s - loss: 2.0140 - accuracy: 0.2715
 4/98 [>.............................] - ETA: 1s - loss: 1.9648 - accuracy: 0.2988
 8/98 [=>............................] - ETA: 1s - loss: 1.9638 - accuracy: 0.2996
12/98 [==>...........................] - ETA: 1s - loss: 1.9619 - accuracy: 0.2979
16/98 [===>..........................] - ETA: 1s - loss: 1.9584 - accuracy: 0.2993
18/98 [====>.........................] - ETA: 1s - loss: 1.9513 - accuracy: 0.3033
21/98 [=====>........................] - ETA: 1s - loss: 1.9559 - accuracy: 0.3003
25/98 [======>.......................] - ETA: 1s - loss: 1.9586 - accuracy: 0.2994
28/98 [=======>......................] - ETA: 1s - loss: 1.9587 - accuracy: 0.3011
32/98 [========>.....................] - ETA: 1s - loss: 1.9571 - accuracy: 0.3011
35/98 [=========>....................] - ETA: 1s - loss: 1.9536 - accuracy: 0.3027
39/98 [==========>...................] - ETA: 1s - loss: 1.9484 - accuracy: 0.3041
43/98 [============>.................] - ETA: 1s - loss: 1.9481 - accuracy: 0.3022
47/98 [=============>................] - ETA: 1s - loss: 1.9474 - accuracy: 0.3023
51/98 [==============>...............] - ETA: 0s - loss: 1.9456 - accuracy: 0.3029
54/98 [===============>..............] - ETA: 0s - loss: 1.9432 - accuracy: 0.3034
57/98 [================>.............] - ETA: 0s - loss: 1.9416 - accuracy: 0.3033
60/98 [=================>............] - ETA: 0s - loss: 1.9392 - accuracy: 0.3042
63/98 [==================>...........] - ETA: 0s - loss: 1.9385 - accuracy: 0.3044
67/98 [===================>..........] - ETA: 0s - loss: 1.9370 - accuracy: 0.3059
70/98 [====================>.........] - ETA: 0s - loss: 1.9353 - accuracy: 0.3067
74/98 [=====================>........] - ETA: 0s - loss: 1.9331 - accuracy: 0.3079
77/98 [======================>.......] - ETA: 0s - loss: 1.9311 - accuracy: 0.3086
80/98 [=======================>......] - ETA: 0s - loss: 1.9289 - accuracy: 0.3097
83/98 [========================>.....] - ETA: 0s - loss: 1.9277 - accuracy: 0.3100
86/98 [=========================>....] - ETA: 0s - loss: 1.9279 - accuracy: 0.3102
89/98 [==========================>...] - ETA: 0s - loss: 1.9259 - accuracy: 0.3108
93/98 [===========================>..] - ETA: 0s - loss: 1.9236 - accuracy: 0.3115
97/98 [============================>.] - ETA: 0s - loss: 1.9242 - accuracy: 0.3114
98/98 [==============================] - 2s 25ms/step - loss: 1.9239 - accuracy: 0.3116 - val_loss: 1.9709 - val_accuracy: 0.3756
Epoch 5/117

 1/98 [..............................] - ETA: 3s - loss: 1.8890 - accuracy: 0.3184
 4/98 [>.............................] - ETA: 1s - loss: 1.8825 - accuracy: 0.3091
 7/98 [=>............................] - ETA: 1s - loss: 1.8866 - accuracy: 0.3114
11/98 [==>...........................] - ETA: 1s - loss: 1.8890 - accuracy: 0.3153
15/98 [===>..........................] - ETA: 1s - loss: 1.8842 - accuracy: 0.3207
19/98 [====>.........................] - ETA: 1s - loss: 1.8732 - accuracy: 0.3242
23/98 [======>.......................] - ETA: 1s - loss: 1.8736 - accuracy: 0.3243
27/98 [=======>......................] - ETA: 1s - loss: 1.8768 - accuracy: 0.3260
31/98 [========>.....................] - ETA: 1s - loss: 1.8760 - accuracy: 0.3238
35/98 [=========>....................] - ETA: 1s - loss: 1.8732 - accuracy: 0.3248
38/98 [==========>...................] - ETA: 1s - loss: 1.8739 - accuracy: 0.3245
42/98 [===========>..................] - ETA: 1s - loss: 1.8699 - accuracy: 0.3265
46/98 [=============>................] - ETA: 1s - loss: 1.8676 - accuracy: 0.3284
50/98 [==============>...............] - ETA: 0s - loss: 1.8681 - accuracy: 0.3275
54/98 [===============>..............] - ETA: 0s - loss: 1.8682 - accuracy: 0.3287
58/98 [================>.............] - ETA: 0s - loss: 1.8652 - accuracy: 0.3305
62/98 [=================>............] - ETA: 0s - loss: 1.8649 - accuracy: 0.3312
65/98 [==================>...........] - ETA: 0s - loss: 1.8646 - accuracy: 0.3316
68/98 [===================>..........] - ETA: 0s - loss: 1.8642 - accuracy: 0.3328
71/98 [====================>.........] - ETA: 0s - loss: 1.8630 - accuracy: 0.3330
74/98 [=====================>........] - ETA: 0s - loss: 1.8617 - accuracy: 0.3339
78/98 [======================>.......] - ETA: 0s - loss: 1.8590 - accuracy: 0.3344
81/98 [=======================>......] - ETA: 0s - loss: 1.8590 - accuracy: 0.3341
84/98 [========================>.....] - ETA: 0s - loss: 1.8576 - accuracy: 0.3353
87/98 [=========================>....] - ETA: 0s - loss: 1.8566 - accuracy: 0.3361
90/98 [==========================>...] - ETA: 0s - loss: 1.8555 - accuracy: 0.3368
94/98 [===========================>..] - ETA: 0s - loss: 1.8547 - accuracy: 0.3370
98/98 [==============================] - ETA: 0s - loss: 1.8537 - accuracy: 0.3381
98/98 [==============================] - 2s 24ms/step - loss: 1.8537 - accuracy: 0.3381 - val_loss: 1.8480 - val_accuracy: 0.4030
Epoch 6/117

 1/98 [..............................] - ETA: 3s - loss: 1.8362 - accuracy: 0.3496
 4/98 [>.............................] - ETA: 1s - loss: 1.8226 - accuracy: 0.3560
 8/98 [=>............................] - ETA: 1s - loss: 1.8206 - accuracy: 0.3499
11/98 [==>...........................] - ETA: 1s - loss: 1.8126 - accuracy: 0.3537
14/98 [===>..........................] - ETA: 1s - loss: 1.8132 - accuracy: 0.3532
17/98 [====>.........................] - ETA: 1s - loss: 1.8122 - accuracy: 0.3526
20/98 [=====>........................] - ETA: 1s - loss: 1.8107 - accuracy: 0.3525
24/98 [======>.......................] - ETA: 1s - loss: 1.8173 - accuracy: 0.3518
27/98 [=======>......................] - ETA: 1s - loss: 1.8157 - accuracy: 0.3531
30/98 [========>.....................] - ETA: 1s - loss: 1.8152 - accuracy: 0.3522
33/98 [=========>....................] - ETA: 1s - loss: 1.8144 - accuracy: 0.3523
36/98 [==========>...................] - ETA: 1s - loss: 1.8145 - accuracy: 0.3523
40/98 [===========>..................] - ETA: 1s - loss: 1.8150 - accuracy: 0.3525
44/98 [============>.................] - ETA: 1s - loss: 1.8132 - accuracy: 0.3544
48/98 [=============>................] - ETA: 0s - loss: 1.8142 - accuracy: 0.3543
52/98 [==============>...............] - ETA: 0s - loss: 1.8131 - accuracy: 0.3547
56/98 [================>.............] - ETA: 0s - loss: 1.8112 - accuracy: 0.3547
59/98 [=================>............] - ETA: 0s - loss: 1.8095 - accuracy: 0.3550
63/98 [==================>...........] - ETA: 0s - loss: 1.8091 - accuracy: 0.3552
67/98 [===================>..........] - ETA: 0s - loss: 1.8078 - accuracy: 0.3550
71/98 [====================>.........] - ETA: 0s - loss: 1.8073 - accuracy: 0.3548
75/98 [=====================>........] - ETA: 0s - loss: 1.8073 - accuracy: 0.3552
79/98 [=======================>......] - ETA: 0s - loss: 1.8061 - accuracy: 0.3556
83/98 [========================>.....] - ETA: 0s - loss: 1.8043 - accuracy: 0.3565
86/98 [=========================>....] - ETA: 0s - loss: 1.8039 - accuracy: 0.3566
90/98 [==========================>...] - ETA: 0s - loss: 1.8016 - accuracy: 0.3576
94/98 [===========================>..] - ETA: 0s - loss: 1.8021 - accuracy: 0.3575
97/98 [============================>.] - ETA: 0s - loss: 1.8014 - accuracy: 0.3574
98/98 [==============================] - 2s 24ms/step - loss: 1.8005 - accuracy: 0.3577 - val_loss: 1.7446 - val_accuracy: 0.4239
Epoch 7/117

 1/98 [..............................] - ETA: 4s - loss: 1.6977 - accuracy: 0.4062
 5/98 [>.............................] - ETA: 1s - loss: 1.7889 - accuracy: 0.3617
 9/98 [=>............................] - ETA: 1s - loss: 1.7893 - accuracy: 0.3607
13/98 [==>...........................] - ETA: 1s - loss: 1.7821 - accuracy: 0.3610
17/98 [====>.........................] - ETA: 1s - loss: 1.7783 - accuracy: 0.3612
21/98 [=====>........................] - ETA: 1s - loss: 1.7727 - accuracy: 0.3642
25/98 [======>.......................] - ETA: 1s - loss: 1.7737 - accuracy: 0.3659
29/98 [=======>......................] - ETA: 1s - loss: 1.7727 - accuracy: 0.3657
33/98 [=========>....................] - ETA: 1s - loss: 1.7700 - accuracy: 0.3688
36/98 [==========>...................] - ETA: 1s - loss: 1.7665 - accuracy: 0.3703
40/98 [===========>..................] - ETA: 1s - loss: 1.7664 - accuracy: 0.3710
44/98 [============>.................] - ETA: 1s - loss: 1.7651 - accuracy: 0.3718
48/98 [=============>................] - ETA: 0s - loss: 1.7631 - accuracy: 0.3725
52/98 [==============>...............] - ETA: 0s - loss: 1.7640 - accuracy: 0.3729
56/98 [================>.............] - ETA: 0s - loss: 1.7621 - accuracy: 0.3735
60/98 [=================>............] - ETA: 0s - loss: 1.7636 - accuracy: 0.3728
64/98 [==================>...........] - ETA: 0s - loss: 1.7639 - accuracy: 0.3726
67/98 [===================>..........] - ETA: 0s - loss: 1.7638 - accuracy: 0.3722
71/98 [====================>.........] - ETA: 0s - loss: 1.7613 - accuracy: 0.3732
74/98 [=====================>........] - ETA: 0s - loss: 1.7610 - accuracy: 0.3727
77/98 [======================>.......] - ETA: 0s - loss: 1.7609 - accuracy: 0.3728
80/98 [=======================>......] - ETA: 0s - loss: 1.7608 - accuracy: 0.3723
84/98 [========================>.....] - ETA: 0s - loss: 1.7616 - accuracy: 0.3718
87/98 [=========================>....] - ETA: 0s - loss: 1.7613 - accuracy: 0.3719
90/98 [==========================>...] - ETA: 0s - loss: 1.7593 - accuracy: 0.3730
93/98 [===========================>..] - ETA: 0s - loss: 1.7590 - accuracy: 0.3727
96/98 [============================>.] - ETA: 0s - loss: 1.7579 - accuracy: 0.3732
98/98 [==============================] - 2s 24ms/step - loss: 1.7577 - accuracy: 0.3728 - val_loss: 1.6694 - val_accuracy: 0.4393
Epoch 8/117

 1/98 [..............................] - ETA: 3s - loss: 1.7500 - accuracy: 0.3809
 4/98 [>.............................] - ETA: 1s - loss: 1.7325 - accuracy: 0.3848
 7/98 [=>............................] - ETA: 1s - loss: 1.7329 - accuracy: 0.3909
10/98 [==>...........................] - ETA: 1s - loss: 1.7294 - accuracy: 0.3900
14/98 [===>..........................] - ETA: 1s - loss: 1.7238 - accuracy: 0.3859
18/98 [====>.........................] - ETA: 1s - loss: 1.7250 - accuracy: 0.3825
22/98 [=====>........................] - ETA: 1s - loss: 1.7231 - accuracy: 0.3876
25/98 [======>.......................] - ETA: 1s - loss: 1.7283 - accuracy: 0.3867
28/98 [=======>......................] - ETA: 1s - loss: 1.7253 - accuracy: 0.3878
31/98 [========>.....................] - ETA: 1s - loss: 1.7244 - accuracy: 0.3879
35/98 [=========>....................] - ETA: 1s - loss: 1.7262 - accuracy: 0.3878
39/98 [==========>...................] - ETA: 1s - loss: 1.7238 - accuracy: 0.3892
43/98 [============>.................] - ETA: 1s - loss: 1.7212 - accuracy: 0.3895
46/98 [=============>................] - ETA: 1s - loss: 1.7202 - accuracy: 0.3891
50/98 [==============>...............] - ETA: 0s - loss: 1.7188 - accuracy: 0.3900
54/98 [===============>..............] - ETA: 0s - loss: 1.7170 - accuracy: 0.3896
58/98 [================>.............] - ETA: 0s - loss: 1.7162 - accuracy: 0.3908
62/98 [=================>............] - ETA: 0s - loss: 1.7177 - accuracy: 0.3894
66/98 [===================>..........] - ETA: 0s - loss: 1.7166 - accuracy: 0.3896
70/98 [====================>.........] - ETA: 0s - loss: 1.7149 - accuracy: 0.3901
74/98 [=====================>........] - ETA: 0s - loss: 1.7146 - accuracy: 0.3900
76/98 [======================>.......] - ETA: 0s - loss: 1.7150 - accuracy: 0.3898
79/98 [=======================>......] - ETA: 0s - loss: 1.7156 - accuracy: 0.3898
82/98 [========================>.....] - ETA: 0s - loss: 1.7147 - accuracy: 0.3897
86/98 [=========================>....] - ETA: 0s - loss: 1.7144 - accuracy: 0.3890
90/98 [==========================>...] - ETA: 0s - loss: 1.7151 - accuracy: 0.3883
94/98 [===========================>..] - ETA: 0s - loss: 1.7154 - accuracy: 0.3882
98/98 [==============================] - ETA: 0s - loss: 1.7158 - accuracy: 0.3880
98/98 [==============================] - 2s 25ms/step - loss: 1.7158 - accuracy: 0.3880 - val_loss: 1.6191 - val_accuracy: 0.4491
Epoch 9/117

 1/98 [..............................] - ETA: 4s - loss: 1.6302 - accuracy: 0.4277
 5/98 [>.............................] - ETA: 1s - loss: 1.7052 - accuracy: 0.3945
 9/98 [=>............................] - ETA: 1s - loss: 1.7025 - accuracy: 0.3897
12/98 [==>...........................] - ETA: 1s - loss: 1.7060 - accuracy: 0.3943
15/98 [===>..........................] - ETA: 1s - loss: 1.6987 - accuracy: 0.3959
19/98 [====>.........................] - ETA: 1s - loss: 1.6914 - accuracy: 0.3972
22/98 [=====>........................] - ETA: 1s - loss: 1.6963 - accuracy: 0.3945
26/98 [======>.......................] - ETA: 1s - loss: 1.6944 - accuracy: 0.3964
30/98 [========>.....................] - ETA: 1s - loss: 1.6938 - accuracy: 0.3963
34/98 [=========>....................] - ETA: 1s - loss: 1.6919 - accuracy: 0.3969
38/98 [==========>...................] - ETA: 1s - loss: 1.6940 - accuracy: 0.3959
41/98 [===========>..................] - ETA: 1s - loss: 1.6954 - accuracy: 0.3952
45/98 [============>.................] - ETA: 1s - loss: 1.6934 - accuracy: 0.3966
49/98 [==============>...............] - ETA: 0s - loss: 1.6919 - accuracy: 0.3966
53/98 [===============>..............] - ETA: 0s - loss: 1.6904 - accuracy: 0.3971
57/98 [================>.............] - ETA: 0s - loss: 1.6889 - accuracy: 0.3980
61/98 [=================>............] - ETA: 0s - loss: 1.6890 - accuracy: 0.3983
65/98 [==================>...........] - ETA: 0s - loss: 1.6866 - accuracy: 0.3990
69/98 [====================>.........] - ETA: 0s - loss: 1.6856 - accuracy: 0.3991
72/98 [=====================>........] - ETA: 0s - loss: 1.6841 - accuracy: 0.3997
76/98 [======================>.......] - ETA: 0s - loss: 1.6856 - accuracy: 0.3991
80/98 [=======================>......] - ETA: 0s - loss: 1.6863 - accuracy: 0.3988
83/98 [========================>.....] - ETA: 0s - loss: 1.6855 - accuracy: 0.3991
87/98 [=========================>....] - ETA: 0s - loss: 1.6843 - accuracy: 0.3993
91/98 [==========================>...] - ETA: 0s - loss: 1.6834 - accuracy: 0.4002
94/98 [===========================>..] - ETA: 0s - loss: 1.6824 - accuracy: 0.4004
97/98 [============================>.] - ETA: 0s - loss: 1.6819 - accuracy: 0.4008
98/98 [==============================] - 2s 24ms/step - loss: 1.6821 - accuracy: 0.4004 - val_loss: 1.5816 - val_accuracy: 0.4565
Epoch 10/117

 1/98 [..............................] - ETA: 3s - loss: 1.6471 - accuracy: 0.3965
 4/98 [>.............................] - ETA: 1s - loss: 1.6642 - accuracy: 0.3989
 7/98 [=>............................] - ETA: 1s - loss: 1.6629 - accuracy: 0.4021
10/98 [==>...........................] - ETA: 1s - loss: 1.6682 - accuracy: 0.4006
13/98 [==>...........................] - ETA: 1s - loss: 1.6700 - accuracy: 0.3957
16/98 [===>..........................] - ETA: 1s - loss: 1.6713 - accuracy: 0.3956
19/98 [====>.........................] - ETA: 1s - loss: 1.6693 - accuracy: 0.3962
23/98 [======>.......................] - ETA: 1s - loss: 1.6686 - accuracy: 0.4000
26/98 [======>.......................] - ETA: 1s - loss: 1.6622 - accuracy: 0.4043
29/98 [=======>......................] - ETA: 1s - loss: 1.6652 - accuracy: 0.4028
33/98 [=========>....................] - ETA: 1s - loss: 1.6666 - accuracy: 0.4041
36/98 [==========>...................] - ETA: 1s - loss: 1.6651 - accuracy: 0.4051
40/98 [===========>..................] - ETA: 1s - loss: 1.6608 - accuracy: 0.4076
44/98 [============>.................] - ETA: 1s - loss: 1.6587 - accuracy: 0.4086
48/98 [=============>................] - ETA: 0s - loss: 1.6554 - accuracy: 0.4105
51/98 [==============>...............] - ETA: 0s - loss: 1.6543 - accuracy: 0.4110
55/98 [===============>..............] - ETA: 0s - loss: 1.6549 - accuracy: 0.4108
58/98 [================>.............] - ETA: 0s - loss: 1.6546 - accuracy: 0.4105
61/98 [=================>............] - ETA: 0s - loss: 1.6535 - accuracy: 0.4101
64/98 [==================>...........] - ETA: 0s - loss: 1.6549 - accuracy: 0.4100
68/98 [===================>..........] - ETA: 0s - loss: 1.6561 - accuracy: 0.4098
72/98 [=====================>........] - ETA: 0s - loss: 1.6558 - accuracy: 0.4098
76/98 [======================>.......] - ETA: 0s - loss: 1.6541 - accuracy: 0.4109
80/98 [=======================>......] - ETA: 0s - loss: 1.6544 - accuracy: 0.4115
84/98 [========================>.....] - ETA: 0s - loss: 1.6539 - accuracy: 0.4121
88/98 [=========================>....] - ETA: 0s - loss: 1.6519 - accuracy: 0.4128
92/98 [===========================>..] - ETA: 0s - loss: 1.6510 - accuracy: 0.4132
95/98 [============================>.] - ETA: 0s - loss: 1.6500 - accuracy: 0.4132
98/98 [==============================] - ETA: 0s - loss: 1.6496 - accuracy: 0.4138
98/98 [==============================] - 2s 24ms/step - loss: 1.6496 - accuracy: 0.4138 - val_loss: 1.5515 - val_accuracy: 0.4640
Epoch 11/117

 1/98 [..............................] - ETA: 3s - loss: 1.7032 - accuracy: 0.3926
 4/98 [>.............................] - ETA: 1s - loss: 1.6510 - accuracy: 0.4131
 7/98 [=>............................] - ETA: 1s - loss: 1.6528 - accuracy: 0.4009
11/98 [==>...........................] - ETA: 1s - loss: 1.6451 - accuracy: 0.4114
15/98 [===>..........................] - ETA: 1s - loss: 1.6359 - accuracy: 0.4146
19/98 [====>.........................] - ETA: 1s - loss: 1.6302 - accuracy: 0.4184
22/98 [=====>........................] - ETA: 1s - loss: 1.6269 - accuracy: 0.4202
26/98 [======>.......................] - ETA: 1s - loss: 1.6213 - accuracy: 0.4223
30/98 [========>.....................] - ETA: 1s - loss: 1.6213 - accuracy: 0.4204
34/98 [=========>....................] - ETA: 1s - loss: 1.6226 - accuracy: 0.4211
38/98 [==========>...................] - ETA: 1s - loss: 1.6230 - accuracy: 0.4215
42/98 [===========>..................] - ETA: 1s - loss: 1.6218 - accuracy: 0.4222
46/98 [=============>................] - ETA: 1s - loss: 1.6211 - accuracy: 0.4225
50/98 [==============>...............] - ETA: 0s - loss: 1.6200 - accuracy: 0.4232
54/98 [===============>..............] - ETA: 0s - loss: 1.6190 - accuracy: 0.4234
57/98 [================>.............] - ETA: 0s - loss: 1.6205 - accuracy: 0.4234
60/98 [=================>............] - ETA: 0s - loss: 1.6229 - accuracy: 0.4224
63/98 [==================>...........] - ETA: 0s - loss: 1.6233 - accuracy: 0.4227
67/98 [===================>..........] - ETA: 0s - loss: 1.6227 - accuracy: 0.4231
71/98 [====================>.........] - ETA: 0s - loss: 1.6231 - accuracy: 0.4227
75/98 [=====================>........] - ETA: 0s - loss: 1.6212 - accuracy: 0.4227
79/98 [=======================>......] - ETA: 0s - loss: 1.6229 - accuracy: 0.4223
82/98 [========================>.....] - ETA: 0s - loss: 1.6219 - accuracy: 0.4227
86/98 [=========================>....] - ETA: 0s - loss: 1.6224 - accuracy: 0.4225
90/98 [==========================>...] - ETA: 0s - loss: 1.6220 - accuracy: 0.4226
94/98 [===========================>..] - ETA: 0s - loss: 1.6221 - accuracy: 0.4222
98/98 [==============================] - ETA: 0s - loss: 1.6224 - accuracy: 0.4218
98/98 [==============================] - 2s 24ms/step - loss: 1.6224 - accuracy: 0.4218 - val_loss: 1.5254 - val_accuracy: 0.4726
Epoch 12/117

 1/98 [..............................] - ETA: 3s - loss: 1.6094 - accuracy: 0.4180
 4/98 [>.............................] - ETA: 1s - loss: 1.6361 - accuracy: 0.4160
 7/98 [=>............................] - ETA: 1s - loss: 1.6161 - accuracy: 0.4219
10/98 [==>...........................] - ETA: 1s - loss: 1.6177 - accuracy: 0.4230
13/98 [==>...........................] - ETA: 1s - loss: 1.6234 - accuracy: 0.4198
16/98 [===>..........................] - ETA: 1s - loss: 1.6136 - accuracy: 0.4231
20/98 [=====>........................] - ETA: 1s - loss: 1.6218 - accuracy: 0.4205
24/98 [======>.......................] - ETA: 1s - loss: 1.6163 - accuracy: 0.4226
28/98 [=======>......................] - ETA: 1s - loss: 1.6153 - accuracy: 0.4236
32/98 [========>.....................] - ETA: 1s - loss: 1.6149 - accuracy: 0.4242
35/98 [=========>....................] - ETA: 1s - loss: 1.6120 - accuracy: 0.4261
38/98 [==========>...................] - ETA: 1s - loss: 1.6100 - accuracy: 0.4271
41/98 [===========>..................] - ETA: 1s - loss: 1.6107 - accuracy: 0.4268
45/98 [============>.................] - ETA: 1s - loss: 1.6087 - accuracy: 0.4284
49/98 [==============>...............] - ETA: 0s - loss: 1.6053 - accuracy: 0.4300
53/98 [===============>..............] - ETA: 0s - loss: 1.6033 - accuracy: 0.4299
57/98 [================>.............] - ETA: 0s - loss: 1.6011 - accuracy: 0.4322
61/98 [=================>............] - ETA: 0s - loss: 1.6001 - accuracy: 0.4315
64/98 [==================>...........] - ETA: 0s - loss: 1.5987 - accuracy: 0.4323
68/98 [===================>..........] - ETA: 0s - loss: 1.5979 - accuracy: 0.4316
72/98 [=====================>........] - ETA: 0s - loss: 1.5986 - accuracy: 0.4310
75/98 [=====================>........] - ETA: 0s - loss: 1.5978 - accuracy: 0.4315
79/98 [=======================>......] - ETA: 0s - loss: 1.5976 - accuracy: 0.4311
83/98 [========================>.....] - ETA: 0s - loss: 1.5972 - accuracy: 0.4310
87/98 [=========================>....] - ETA: 0s - loss: 1.5979 - accuracy: 0.4307
91/98 [==========================>...] - ETA: 0s - loss: 1.5967 - accuracy: 0.4317
95/98 [============================>.] - ETA: 0s - loss: 1.5969 - accuracy: 0.4324
98/98 [==============================] - 2s 25ms/step - loss: 1.5982 - accuracy: 0.4314 - val_loss: 1.5009 - val_accuracy: 0.4802
Epoch 13/117

 1/98 [..............................] - ETA: 3s - loss: 1.5861 - accuracy: 0.3945
 4/98 [>.............................] - ETA: 1s - loss: 1.5583 - accuracy: 0.4458
 7/98 [=>............................] - ETA: 1s - loss: 1.5741 - accuracy: 0.4403
10/98 [==>...........................] - ETA: 1s - loss: 1.5671 - accuracy: 0.4424
13/98 [==>...........................] - ETA: 1s - loss: 1.5678 - accuracy: 0.4438
17/98 [====>.........................] - ETA: 1s - loss: 1.5742 - accuracy: 0.4409
21/98 [=====>........................] - ETA: 1s - loss: 1.5808 - accuracy: 0.4369
24/98 [======>.......................] - ETA: 1s - loss: 1.5831 - accuracy: 0.4371
28/98 [=======>......................] - ETA: 1s - loss: 1.5795 - accuracy: 0.4380
32/98 [========>.....................] - ETA: 1s - loss: 1.5817 - accuracy: 0.4371
35/98 [=========>....................] - ETA: 1s - loss: 1.5803 - accuracy: 0.4384
38/98 [==========>...................] - ETA: 1s - loss: 1.5817 - accuracy: 0.4372
41/98 [===========>..................] - ETA: 1s - loss: 1.5805 - accuracy: 0.4385
44/98 [============>.................] - ETA: 1s - loss: 1.5777 - accuracy: 0.4400
48/98 [=============>................] - ETA: 0s - loss: 1.5762 - accuracy: 0.4406
51/98 [==============>...............] - ETA: 0s - loss: 1.5771 - accuracy: 0.4407
55/98 [===============>..............] - ETA: 0s - loss: 1.5795 - accuracy: 0.4392
59/98 [=================>............] - ETA: 0s - loss: 1.5787 - accuracy: 0.4398
62/98 [=================>............] - ETA: 0s - loss: 1.5781 - accuracy: 0.4403
65/98 [==================>...........] - ETA: 0s - loss: 1.5791 - accuracy: 0.4404
69/98 [====================>.........] - ETA: 0s - loss: 1.5803 - accuracy: 0.4403
73/98 [=====================>........] - ETA: 0s - loss: 1.5798 - accuracy: 0.4402
77/98 [======================>.......] - ETA: 0s - loss: 1.5800 - accuracy: 0.4396
81/98 [=======================>......] - ETA: 0s - loss: 1.5784 - accuracy: 0.4400
84/98 [========================>.....] - ETA: 0s - loss: 1.5778 - accuracy: 0.4401
87/98 [=========================>....] - ETA: 0s - loss: 1.5763 - accuracy: 0.4407
90/98 [==========================>...] - ETA: 0s - loss: 1.5751 - accuracy: 0.4411
93/98 [===========================>..] - ETA: 0s - loss: 1.5755 - accuracy: 0.4405
97/98 [============================>.] - ETA: 0s - loss: 1.5752 - accuracy: 0.4405
98/98 [==============================] - 2s 24ms/step - loss: 1.5755 - accuracy: 0.4404 - val_loss: 1.4783 - val_accuracy: 0.4911
Epoch 14/117

 1/98 [..............................] - ETA: 3s - loss: 1.5684 - accuracy: 0.4238
 4/98 [>.............................] - ETA: 1s - loss: 1.5692 - accuracy: 0.4395
 7/98 [=>............................] - ETA: 1s - loss: 1.5754 - accuracy: 0.4442
11/98 [==>...........................] - ETA: 1s - loss: 1.5721 - accuracy: 0.4441
15/98 [===>..........................] - ETA: 1s - loss: 1.5652 - accuracy: 0.4449
18/98 [====>.........................] - ETA: 1s - loss: 1.5659 - accuracy: 0.4473
21/98 [=====>........................] - ETA: 1s - loss: 1.5610 - accuracy: 0.4492
24/98 [======>.......................] - ETA: 1s - loss: 1.5593 - accuracy: 0.4491
27/98 [=======>......................] - ETA: 1s - loss: 1.5572 - accuracy: 0.4510
30/98 [========>.....................] - ETA: 1s - loss: 1.5522 - accuracy: 0.4520
33/98 [=========>....................] - ETA: 1s - loss: 1.5555 - accuracy: 0.4502
37/98 [==========>...................] - ETA: 1s - loss: 1.5556 - accuracy: 0.4506
41/98 [===========>..................] - ETA: 1s - loss: 1.5545 - accuracy: 0.4498
45/98 [============>.................] - ETA: 1s - loss: 1.5501 - accuracy: 0.4512
49/98 [==============>...............] - ETA: 0s - loss: 1.5479 - accuracy: 0.4515
52/98 [==============>...............] - ETA: 0s - loss: 1.5477 - accuracy: 0.4508
55/98 [===============>..............] - ETA: 0s - loss: 1.5482 - accuracy: 0.4505
58/98 [================>.............] - ETA: 0s - loss: 1.5502 - accuracy: 0.4504
62/98 [=================>............] - ETA: 0s - loss: 1.5505 - accuracy: 0.4499
66/98 [===================>..........] - ETA: 0s - loss: 1.5504 - accuracy: 0.4505
70/98 [====================>.........] - ETA: 0s - loss: 1.5509 - accuracy: 0.4500
73/98 [=====================>........] - ETA: 0s - loss: 1.5534 - accuracy: 0.4490
77/98 [======================>.......] - ETA: 0s - loss: 1.5531 - accuracy: 0.4488
81/98 [=======================>......] - ETA: 0s - loss: 1.5539 - accuracy: 0.4484
85/98 [=========================>....] - ETA: 0s - loss: 1.5527 - accuracy: 0.4485
89/98 [==========================>...] - ETA: 0s - loss: 1.5521 - accuracy: 0.4484
92/98 [===========================>..] - ETA: 0s - loss: 1.5513 - accuracy: 0.4487
95/98 [============================>.] - ETA: 0s - loss: 1.5509 - accuracy: 0.4489
98/98 [==============================] - 2s 24ms/step - loss: 1.5511 - accuracy: 0.4491 - val_loss: 1.4580 - val_accuracy: 0.4988
Epoch 15/117

 1/98 [..............................] - ETA: 4s - loss: 1.5764 - accuracy: 0.4434
 5/98 [>.............................] - ETA: 1s - loss: 1.5527 - accuracy: 0.4520
 9/98 [=>............................] - ETA: 1s - loss: 1.5430 - accuracy: 0.4590
13/98 [==>...........................] - ETA: 1s - loss: 1.5453 - accuracy: 0.4536
17/98 [====>.........................] - ETA: 1s - loss: 1.5437 - accuracy: 0.4535
21/98 [=====>........................] - ETA: 1s - loss: 1.5433 - accuracy: 0.4536
25/98 [======>.......................] - ETA: 1s - loss: 1.5378 - accuracy: 0.4559
29/98 [=======>......................] - ETA: 1s - loss: 1.5376 - accuracy: 0.4555
33/98 [=========>....................] - ETA: 1s - loss: 1.5366 - accuracy: 0.4554
37/98 [==========>...................] - ETA: 1s - loss: 1.5332 - accuracy: 0.4573
40/98 [===========>..................] - ETA: 1s - loss: 1.5304 - accuracy: 0.4583
43/98 [============>.................] - ETA: 1s - loss: 1.5295 - accuracy: 0.4585
46/98 [=============>................] - ETA: 1s - loss: 1.5304 - accuracy: 0.4584
49/98 [==============>...............] - ETA: 0s - loss: 1.5289 - accuracy: 0.4587
53/98 [===============>..............] - ETA: 0s - loss: 1.5288 - accuracy: 0.4587
57/98 [================>.............] - ETA: 0s - loss: 1.5273 - accuracy: 0.4594
61/98 [=================>............] - ETA: 0s - loss: 1.5268 - accuracy: 0.4592
65/98 [==================>...........] - ETA: 0s - loss: 1.5274 - accuracy: 0.4585
69/98 [====================>.........] - ETA: 0s - loss: 1.5272 - accuracy: 0.4589
72/98 [=====================>........] - ETA: 0s - loss: 1.5306 - accuracy: 0.4579
75/98 [=====================>........] - ETA: 0s - loss: 1.5304 - accuracy: 0.4579
79/98 [=======================>......] - ETA: 0s - loss: 1.5302 - accuracy: 0.4578
83/98 [========================>.....] - ETA: 0s - loss: 1.5320 - accuracy: 0.4568
86/98 [=========================>....] - ETA: 0s - loss: 1.5298 - accuracy: 0.4577
90/98 [==========================>...] - ETA: 0s - loss: 1.5300 - accuracy: 0.4575
92/98 [===========================>..] - ETA: 0s - loss: 1.5304 - accuracy: 0.4574
95/98 [============================>.] - ETA: 0s - loss: 1.5317 - accuracy: 0.4572
98/98 [==============================] - 2s 24ms/step - loss: 1.5312 - accuracy: 0.4573 - val_loss: 1.4382 - val_accuracy: 0.5051
Epoch 16/117

 1/98 [..............................] - ETA: 4s - loss: 1.4831 - accuracy: 0.4590
 5/98 [>.............................] - ETA: 1s - loss: 1.4941 - accuracy: 0.4711
 9/98 [=>............................] - ETA: 1s - loss: 1.5006 - accuracy: 0.4601
