2024-06-25 11:34:29.685093: I tensorflow/core/platform/cpu_feature_guard.cc:193] This TensorFlow binary is optimized with oneAPI Deep Neural Network Library (oneDNN) to use the following CPU instructions in performance-critical operations:  AVX AVX2
To enable them in other operations, rebuild TensorFlow with the appropriate compiler flags.
2024-06-25 11:34:30.478198: I tensorflow/core/common_runtime/gpu/gpu_device.cc:1616] Created device /job:localhost/replica:0/task:0/device:GPU:0 with 6656 MB memory:  -> device: 0, name: NVIDIA GeForce RTX 4060 Ti, pci bus id: 0000:01:00.0, compute capability: 8.9
1 Physical GPUs, 1 Logical GPUs
Model: "sequential"
_________________________________________________________________
 Layer (type)                Output Shape              Param #   
=================================================================
 conv2d (Conv2D)             (None, 32, 32, 32)        896       
                                                                 
 max_pooling2d (MaxPooling2D  (None, 16, 16, 32)       0         
 )                                                               
                                                                 
 batch_normalization (BatchN  (None, 16, 16, 32)       128       
 ormalization)                                                   
                                                                 
 dropout (Dropout)           (None, 16, 16, 32)        0         
                                                                 
 flatten (Flatten)           (None, 8192)              0         
                                                                 
 dense (Dense)               (None, 10)                81930     
                                                                 
=================================================================
Total params: 82,954
Trainable params: 82,890
Non-trainable params: 64
_________________________________________________________________
Taxa de aprendizado:  0.1 Num de épocas:  38 Tamanho do lote:  512 Dropout:  0.37518
Epoch 1/38
2024-06-25 11:34:32.117432: I tensorflow/stream_executor/cuda/cuda_dnn.cc:384] Loaded cuDNN version 8100
2024-06-25 11:34:33.390394: W tensorflow/stream_executor/gpu/redzone_allocator.cc:314] INTERNAL: ptxas exited with non-zero error code -1, output: 
Relying on driver to perform ptx compilation. 
Modify $PATH to customize ptxas location.
This message will be only logged once.
2024-06-25 11:34:34.592831: I tensorflow/stream_executor/cuda/cuda_blas.cc:1614] TensorFloat-32 will be used for the matrix multiplication. This will only be logged once.

 1/98 [..............................] - ETA: 6:39 - loss: 2.9526 - accuracy: 0.1055
 5/98 [>.............................] - ETA: 1s - loss: 45.2412 - accuracy: 0.1543 
 9/98 [=>............................] - ETA: 1s - loss: 42.4957 - accuracy: 0.1630
13/98 [==>...........................] - ETA: 1s - loss: 36.4031 - accuracy: 0.1797
17/98 [====>.........................] - ETA: 1s - loss: 31.6095 - accuracy: 0.1750
22/98 [=====>........................] - ETA: 1s - loss: 29.0384 - accuracy: 0.1607
26/98 [======>.......................] - ETA: 1s - loss: 29.4984 - accuracy: 0.1587
30/98 [========>.....................] - ETA: 1s - loss: 28.7470 - accuracy: 0.1667
34/98 [=========>....................] - ETA: 0s - loss: 27.1685 - accuracy: 0.1723
38/98 [==========>...................] - ETA: 0s - loss: 25.5340 - accuracy: 0.1736
42/98 [===========>..................] - ETA: 0s - loss: 23.7374 - accuracy: 0.1765
47/98 [=============>................] - ETA: 0s - loss: 22.2451 - accuracy: 0.1732
51/98 [==============>...............] - ETA: 0s - loss: 21.2069 - accuracy: 0.1752
55/98 [===============>..............] - ETA: 0s - loss: 20.0725 - accuracy: 0.1779
59/98 [=================>............] - ETA: 0s - loss: 19.2395 - accuracy: 0.1760
64/98 [==================>...........] - ETA: 0s - loss: 18.3032 - accuracy: 0.1797
68/98 [===================>..........] - ETA: 0s - loss: 17.5538 - accuracy: 0.1830
69/98 [====================>.........] - ETA: 0s - loss: 17.4237 - accuracy: 0.1837
73/98 [=====================>........] - ETA: 0s - loss: 16.6842 - accuracy: 0.1855
77/98 [======================>.......] - ETA: 0s - loss: 15.9792 - accuracy: 0.1889
81/98 [=======================>......] - ETA: 0s - loss: 15.3184 - accuracy: 0.1940
86/98 [=========================>....] - ETA: 0s - loss: 14.5555 - accuracy: 0.1989
90/98 [==========================>...] - ETA: 0s - loss: 14.0006 - accuracy: 0.2041
94/98 [===========================>..] - ETA: 0s - loss: 13.4875 - accuracy: 0.2110
98/98 [==============================] - 7s 27ms/step - loss: 13.0119 - accuracy: 0.2162 - val_loss: 2.3604 - val_accuracy: 0.2538
Epoch 2/38

 1/98 [..............................] - ETA: 3s - loss: 1.9561 - accuracy: 0.3223
 5/98 [>.............................] - ETA: 1s - loss: 1.8922 - accuracy: 0.3371
10/98 [==>...........................] - ETA: 1s - loss: 1.8796 - accuracy: 0.3449
14/98 [===>..........................] - ETA: 1s - loss: 1.8797 - accuracy: 0.3461
19/98 [====>.........................] - ETA: 1s - loss: 1.8634 - accuracy: 0.3536
23/98 [======>.......................] - ETA: 1s - loss: 1.8519 - accuracy: 0.3551
27/98 [=======>......................] - ETA: 1s - loss: 1.8446 - accuracy: 0.3551
32/98 [========>.....................] - ETA: 0s - loss: 1.8302 - accuracy: 0.3596
36/98 [==========>...................] - ETA: 0s - loss: 1.8164 - accuracy: 0.3643
40/98 [===========>..................] - ETA: 0s - loss: 1.8065 - accuracy: 0.3674
44/98 [============>.................] - ETA: 0s - loss: 1.7958 - accuracy: 0.3724
48/98 [=============>................] - ETA: 0s - loss: 1.7883 - accuracy: 0.3745
53/98 [===============>..............] - ETA: 0s - loss: 1.7810 - accuracy: 0.3770
57/98 [================>.............] - ETA: 0s - loss: 1.7753 - accuracy: 0.3781
61/98 [=================>............] - ETA: 0s - loss: 1.7687 - accuracy: 0.3803
65/98 [==================>...........] - ETA: 0s - loss: 1.7657 - accuracy: 0.3815
69/98 [====================>.........] - ETA: 0s - loss: 1.7601 - accuracy: 0.3828
74/98 [=====================>........] - ETA: 0s - loss: 1.7546 - accuracy: 0.3851
78/98 [======================>.......] - ETA: 0s - loss: 1.7521 - accuracy: 0.3858
82/98 [========================>.....] - ETA: 0s - loss: 1.7465 - accuracy: 0.3876
86/98 [=========================>....] - ETA: 0s - loss: 1.7431 - accuracy: 0.3886
91/98 [==========================>...] - ETA: 0s - loss: 1.7403 - accuracy: 0.3896
95/98 [============================>.] - ETA: 0s - loss: 1.7368 - accuracy: 0.3908
98/98 [==============================] - 2s 23ms/step - loss: 1.7356 - accuracy: 0.3908 - val_loss: 1.6973 - val_accuracy: 0.3988
Epoch 3/38

 1/98 [..............................] - ETA: 3s - loss: 1.6761 - accuracy: 0.4023
 5/98 [>.............................] - ETA: 1s - loss: 1.6610 - accuracy: 0.4016
 9/98 [=>............................] - ETA: 1s - loss: 1.6554 - accuracy: 0.4173
13/98 [==>...........................] - ETA: 1s - loss: 1.6633 - accuracy: 0.4178
18/98 [====>.........................] - ETA: 1s - loss: 1.6807 - accuracy: 0.4116
22/98 [=====>........................] - ETA: 1s - loss: 1.6759 - accuracy: 0.4131
26/98 [======>.......................] - ETA: 1s - loss: 1.6653 - accuracy: 0.4153
31/98 [========>.....................] - ETA: 0s - loss: 1.6688 - accuracy: 0.4148
35/98 [=========>....................] - ETA: 0s - loss: 1.6635 - accuracy: 0.4157
39/98 [==========>...................] - ETA: 0s - loss: 1.6600 - accuracy: 0.4158
43/98 [============>.................] - ETA: 0s - loss: 1.6574 - accuracy: 0.4161
47/98 [=============>................] - ETA: 0s - loss: 1.6568 - accuracy: 0.4163
52/98 [==============>...............] - ETA: 0s - loss: 1.6528 - accuracy: 0.4176
56/98 [================>.............] - ETA: 0s - loss: 1.6509 - accuracy: 0.4191
60/98 [=================>............] - ETA: 0s - loss: 1.6483 - accuracy: 0.4202
65/98 [==================>...........] - ETA: 0s - loss: 1.6451 - accuracy: 0.4209
69/98 [====================>.........] - ETA: 0s - loss: 1.6453 - accuracy: 0.4219
73/98 [=====================>........] - ETA: 0s - loss: 1.6470 - accuracy: 0.4207
77/98 [======================>.......] - ETA: 0s - loss: 1.6451 - accuracy: 0.4205
82/98 [========================>.....] - ETA: 0s - loss: 1.6451 - accuracy: 0.4205
86/98 [=========================>....] - ETA: 0s - loss: 1.6464 - accuracy: 0.4196
89/98 [==========================>...] - ETA: 0s - loss: 1.6454 - accuracy: 0.4199
93/98 [===========================>..] - ETA: 0s - loss: 1.6449 - accuracy: 0.4195
97/98 [============================>.] - ETA: 0s - loss: 1.6444 - accuracy: 0.4196
98/98 [==============================] - 2s 23ms/step - loss: 1.6442 - accuracy: 0.4200 - val_loss: 1.5950 - val_accuracy: 0.4345
Epoch 4/38

 1/98 [..............................] - ETA: 2s - loss: 1.5956 - accuracy: 0.4219
 5/98 [>.............................] - ETA: 1s - loss: 1.5968 - accuracy: 0.4367
 9/98 [=>............................] - ETA: 1s - loss: 1.6141 - accuracy: 0.4325
14/98 [===>..........................] - ETA: 1s - loss: 1.6197 - accuracy: 0.4332
18/98 [====>.........................] - ETA: 1s - loss: 1.6166 - accuracy: 0.4320
22/98 [=====>........................] - ETA: 1s - loss: 1.6130 - accuracy: 0.4330
26/98 [======>.......................] - ETA: 1s - loss: 1.6059 - accuracy: 0.4354
31/98 [========>.....................] - ETA: 0s - loss: 1.6051 - accuracy: 0.4361
35/98 [=========>....................] - ETA: 0s - loss: 1.6057 - accuracy: 0.4341
39/98 [==========>...................] - ETA: 0s - loss: 1.6016 - accuracy: 0.4345
43/98 [============>.................] - ETA: 0s - loss: 1.5991 - accuracy: 0.4351
47/98 [=============>................] - ETA: 0s - loss: 1.5942 - accuracy: 0.4363
52/98 [==============>...............] - ETA: 0s - loss: 1.5940 - accuracy: 0.4371
56/98 [================>.............] - ETA: 0s - loss: 1.5968 - accuracy: 0.4359
60/98 [=================>............] - ETA: 0s - loss: 1.5974 - accuracy: 0.4366
64/98 [==================>...........] - ETA: 0s - loss: 1.5979 - accuracy: 0.4369
69/98 [====================>.........] - ETA: 0s - loss: 1.5977 - accuracy: 0.4377
73/98 [=====================>........] - ETA: 0s - loss: 1.5988 - accuracy: 0.4377
77/98 [======================>.......] - ETA: 0s - loss: 1.5973 - accuracy: 0.4376
81/98 [=======================>......] - ETA: 0s - loss: 1.5981 - accuracy: 0.4377
86/98 [=========================>....] - ETA: 0s - loss: 1.5971 - accuracy: 0.4375
90/98 [==========================>...] - ETA: 0s - loss: 1.5976 - accuracy: 0.4377
94/98 [===========================>..] - ETA: 0s - loss: 1.5975 - accuracy: 0.4372
98/98 [==============================] - ETA: 0s - loss: 1.5981 - accuracy: 0.4371
98/98 [==============================] - 2s 23ms/step - loss: 1.5981 - accuracy: 0.4371 - val_loss: 1.5966 - val_accuracy: 0.4319
Epoch 5/38

 1/98 [..............................] - ETA: 4s - loss: 1.6139 - accuracy: 0.4395
 6/98 [>.............................] - ETA: 1s - loss: 1.5614 - accuracy: 0.4482
10/98 [==>...........................] - ETA: 1s - loss: 1.5590 - accuracy: 0.4482
15/98 [===>..........................] - ETA: 1s - loss: 1.5545 - accuracy: 0.4517
19/98 [====>.........................] - ETA: 1s - loss: 1.5626 - accuracy: 0.4451
23/98 [======>.......................] - ETA: 1s - loss: 1.5595 - accuracy: 0.4485
28/98 [=======>......................] - ETA: 0s - loss: 1.5627 - accuracy: 0.4455
32/98 [========>.....................] - ETA: 0s - loss: 1.5636 - accuracy: 0.4452
36/98 [==========>...................] - ETA: 0s - loss: 1.5631 - accuracy: 0.4450
40/98 [===========>..................] - ETA: 0s - loss: 1.5626 - accuracy: 0.4458
45/98 [============>.................] - ETA: 0s - loss: 1.5610 - accuracy: 0.4467
49/98 [==============>...............] - ETA: 0s - loss: 1.5592 - accuracy: 0.4475
53/98 [===============>..............] - ETA: 0s - loss: 1.5601 - accuracy: 0.4481
57/98 [================>.............] - ETA: 0s - loss: 1.5615 - accuracy: 0.4478
60/98 [=================>............] - ETA: 0s - loss: 1.5616 - accuracy: 0.4483
65/98 [==================>...........] - ETA: 0s - loss: 1.5609 - accuracy: 0.4480
69/98 [====================>.........] - ETA: 0s - loss: 1.5613 - accuracy: 0.4473
73/98 [=====================>........] - ETA: 0s - loss: 1.5599 - accuracy: 0.4481
77/98 [======================>.......] - ETA: 0s - loss: 1.5616 - accuracy: 0.4480
81/98 [=======================>......] - ETA: 0s - loss: 1.5597 - accuracy: 0.4486
85/98 [=========================>....] - ETA: 0s - loss: 1.5601 - accuracy: 0.4479
90/98 [==========================>...] - ETA: 0s - loss: 1.5604 - accuracy: 0.4476
94/98 [===========================>..] - ETA: 0s - loss: 1.5597 - accuracy: 0.4481
98/98 [==============================] - ETA: 0s - loss: 1.5600 - accuracy: 0.4482
98/98 [==============================] - 2s 23ms/step - loss: 1.5600 - accuracy: 0.4482 - val_loss: 1.5297 - val_accuracy: 0.4545
Epoch 6/38

 1/98 [..............................] - ETA: 3s - loss: 1.5443 - accuracy: 0.4902
 5/98 [>.............................] - ETA: 1s - loss: 1.5615 - accuracy: 0.4535
 9/98 [=>............................] - ETA: 1s - loss: 1.5433 - accuracy: 0.4533
14/98 [===>..........................] - ETA: 1s - loss: 1.5541 - accuracy: 0.4566
18/98 [====>.........................] - ETA: 1s - loss: 1.5472 - accuracy: 0.4558
22/98 [=====>........................] - ETA: 1s - loss: 1.5417 - accuracy: 0.4566
26/98 [======>.......................] - ETA: 1s - loss: 1.5392 - accuracy: 0.4558
31/98 [========>.....................] - ETA: 0s - loss: 1.5394 - accuracy: 0.4542
35/98 [=========>....................] - ETA: 0s - loss: 1.5393 - accuracy: 0.4539
39/98 [==========>...................] - ETA: 0s - loss: 1.5422 - accuracy: 0.4534
43/98 [============>.................] - ETA: 0s - loss: 1.5400 - accuracy: 0.4556
47/98 [=============>................] - ETA: 0s - loss: 1.5399 - accuracy: 0.4560
52/98 [==============>...............] - ETA: 0s - loss: 1.5378 - accuracy: 0.4563
56/98 [================>.............] - ETA: 0s - loss: 1.5353 - accuracy: 0.4570
61/98 [=================>............] - ETA: 0s - loss: 1.5351 - accuracy: 0.4567
65/98 [==================>...........] - ETA: 0s - loss: 1.5348 - accuracy: 0.4564
69/98 [====================>.........] - ETA: 0s - loss: 1.5372 - accuracy: 0.4556
73/98 [=====================>........] - ETA: 0s - loss: 1.5381 - accuracy: 0.4545
77/98 [======================>.......] - ETA: 0s - loss: 1.5395 - accuracy: 0.4540
81/98 [=======================>......] - ETA: 0s - loss: 1.5382 - accuracy: 0.4542
86/98 [=========================>....] - ETA: 0s - loss: 1.5430 - accuracy: 0.4532
90/98 [==========================>...] - ETA: 0s - loss: 1.5441 - accuracy: 0.4528
94/98 [===========================>..] - ETA: 0s - loss: 1.5459 - accuracy: 0.4523
98/98 [==============================] - ETA: 0s - loss: 1.5478 - accuracy: 0.4520
98/98 [==============================] - 2s 23ms/step - loss: 1.5478 - accuracy: 0.4520 - val_loss: 1.5795 - val_accuracy: 0.4429
Epoch 7/38

 1/98 [..............................] - ETA: 2s - loss: 1.6007 - accuracy: 0.4355
 5/98 [>.............................] - ETA: 1s - loss: 1.5522 - accuracy: 0.4539
 9/98 [=>............................] - ETA: 1s - loss: 1.5545 - accuracy: 0.4549
13/98 [==>...........................] - ETA: 1s - loss: 1.5469 - accuracy: 0.4554
17/98 [====>.........................] - ETA: 1s - loss: 1.5609 - accuracy: 0.4513
22/98 [=====>........................] - ETA: 1s - loss: 1.5622 - accuracy: 0.4525
26/98 [======>.......................] - ETA: 1s - loss: 1.5688 - accuracy: 0.4488
30/98 [========>.....................] - ETA: 1s - loss: 1.5728 - accuracy: 0.4475
34/98 [=========>....................] - ETA: 0s - loss: 1.5705 - accuracy: 0.4467
39/98 [==========>...................] - ETA: 0s - loss: 1.5666 - accuracy: 0.4477
44/98 [============>.................] - ETA: 0s - loss: 1.5651 - accuracy: 0.4481
48/98 [=============>................] - ETA: 0s - loss: 1.5611 - accuracy: 0.4499
52/98 [==============>...............] - ETA: 0s - loss: 1.5592 - accuracy: 0.4511
56/98 [================>.............] - ETA: 0s - loss: 1.5549 - accuracy: 0.4514
61/98 [=================>............] - ETA: 0s - loss: 1.5556 - accuracy: 0.4507
65/98 [==================>...........] - ETA: 0s - loss: 1.5557 - accuracy: 0.4509
69/98 [====================>.........] - ETA: 0s - loss: 1.5568 - accuracy: 0.4506
73/98 [=====================>........] - ETA: 0s - loss: 1.5554 - accuracy: 0.4501
77/98 [======================>.......] - ETA: 0s - loss: 1.5527 - accuracy: 0.4506
82/98 [========================>.....] - ETA: 0s - loss: 1.5515 - accuracy: 0.4522
86/98 [=========================>....] - ETA: 0s - loss: 1.5511 - accuracy: 0.4518
90/98 [==========================>...] - ETA: 0s - loss: 1.5524 - accuracy: 0.4516
94/98 [===========================>..] - ETA: 0s - loss: 1.5511 - accuracy: 0.4513
98/98 [==============================] - ETA: 0s - loss: 1.5509 - accuracy: 0.4514
98/98 [==============================] - 2s 23ms/step - loss: 1.5509 - accuracy: 0.4514 - val_loss: 1.5275 - val_accuracy: 0.4408
Epoch 8/38

 1/98 [..............................] - ETA: 3s - loss: 1.5112 - accuracy: 0.4609
 5/98 [>.............................] - ETA: 1s - loss: 1.5199 - accuracy: 0.4543
 9/98 [=>............................] - ETA: 1s - loss: 1.5401 - accuracy: 0.4464
13/98 [==>...........................] - ETA: 1s - loss: 1.5583 - accuracy: 0.4465
17/98 [====>.........................] - ETA: 1s - loss: 1.5581 - accuracy: 0.4490
22/98 [=====>........................] - ETA: 1s - loss: 1.5519 - accuracy: 0.4517
26/98 [======>.......................] - ETA: 1s - loss: 1.5484 - accuracy: 0.4526
30/98 [========>.....................] - ETA: 1s - loss: 1.5510 - accuracy: 0.4510
34/98 [=========>....................] - ETA: 0s - loss: 1.5537 - accuracy: 0.4499
39/98 [==========>...................] - ETA: 0s - loss: 1.5512 - accuracy: 0.4503
42/98 [===========>..................] - ETA: 0s - loss: 1.5459 - accuracy: 0.4522
46/98 [=============>................] - ETA: 0s - loss: 1.5442 - accuracy: 0.4518
51/98 [==============>...............] - ETA: 0s - loss: 1.5406 - accuracy: 0.4542
55/98 [===============>..............] - ETA: 0s - loss: 1.5401 - accuracy: 0.4542
59/98 [=================>............] - ETA: 0s - loss: 1.5382 - accuracy: 0.4555
63/98 [==================>...........] - ETA: 0s - loss: 1.5379 - accuracy: 0.4558
67/98 [===================>..........] - ETA: 0s - loss: 1.5348 - accuracy: 0.4573
72/98 [=====================>........] - ETA: 0s - loss: 1.5352 - accuracy: 0.4574
76/98 [======================>.......] - ETA: 0s - loss: 1.5344 - accuracy: 0.4581
81/98 [=======================>......] - ETA: 0s - loss: 1.5323 - accuracy: 0.4589
85/98 [=========================>....] - ETA: 0s - loss: 1.5321 - accuracy: 0.4596
89/98 [==========================>...] - ETA: 0s - loss: 1.5303 - accuracy: 0.4606
93/98 [===========================>..] - ETA: 0s - loss: 1.5290 - accuracy: 0.4609
98/98 [==============================] - ETA: 0s - loss: 1.5302 - accuracy: 0.4607
98/98 [==============================] - 2s 23ms/step - loss: 1.5302 - accuracy: 0.4607 - val_loss: 1.5039 - val_accuracy: 0.4644
Epoch 9/38

 1/98 [..............................] - ETA: 3s - loss: 1.5038 - accuracy: 0.4727
 5/98 [>.............................] - ETA: 1s - loss: 1.4955 - accuracy: 0.4684
 9/98 [=>............................] - ETA: 1s - loss: 1.4996 - accuracy: 0.4707
14/98 [===>..........................] - ETA: 1s - loss: 1.4860 - accuracy: 0.4747
18/98 [====>.........................] - ETA: 1s - loss: 1.4829 - accuracy: 0.4759
23/98 [======>.......................] - ETA: 1s - loss: 1.4825 - accuracy: 0.4773
27/98 [=======>......................] - ETA: 1s - loss: 1.4826 - accuracy: 0.4788
31/98 [========>.....................] - ETA: 0s - loss: 1.4786 - accuracy: 0.4792
35/98 [=========>....................] - ETA: 0s - loss: 1.4744 - accuracy: 0.4796
40/98 [===========>..................] - ETA: 0s - loss: 1.4756 - accuracy: 0.4802
44/98 [============>.................] - ETA: 0s - loss: 1.4743 - accuracy: 0.4798
48/98 [=============>................] - ETA: 0s - loss: 1.4722 - accuracy: 0.4802
52/98 [==============>...............] - ETA: 0s - loss: 1.4754 - accuracy: 0.4785
57/98 [================>.............] - ETA: 0s - loss: 1.4758 - accuracy: 0.4789
61/98 [=================>............] - ETA: 0s - loss: 1.4805 - accuracy: 0.4783
65/98 [==================>...........] - ETA: 0s - loss: 1.4835 - accuracy: 0.4763
70/98 [====================>.........] - ETA: 0s - loss: 1.4858 - accuracy: 0.4762
74/98 [=====================>........] - ETA: 0s - loss: 1.4882 - accuracy: 0.4755
78/98 [======================>.......] - ETA: 0s - loss: 1.4899 - accuracy: 0.4743
82/98 [========================>.....] - ETA: 0s - loss: 1.4899 - accuracy: 0.4751
87/98 [=========================>....] - ETA: 0s - loss: 1.4897 - accuracy: 0.4753
91/98 [==========================>...] - ETA: 0s - loss: 1.4884 - accuracy: 0.4759
95/98 [============================>.] - ETA: 0s - loss: 1.4901 - accuracy: 0.4755
98/98 [==============================] - 2s 23ms/step - loss: 1.4913 - accuracy: 0.4751 - val_loss: 1.6126 - val_accuracy: 0.4204
Epoch 10/38

 1/98 [..............................] - ETA: 3s - loss: 1.5062 - accuracy: 0.4746
 5/98 [>.............................] - ETA: 1s - loss: 1.5242 - accuracy: 0.4797
 9/98 [=>............................] - ETA: 1s - loss: 1.5002 - accuracy: 0.4809
13/98 [==>...........................] - ETA: 1s - loss: 1.5081 - accuracy: 0.4797
18/98 [====>.........................] - ETA: 1s - loss: 1.5056 - accuracy: 0.4767
22/98 [=====>........................] - ETA: 1s - loss: 1.5064 - accuracy: 0.4730
26/98 [======>.......................] - ETA: 1s - loss: 1.5120 - accuracy: 0.4698
30/98 [========>.....................] - ETA: 1s - loss: 1.4994 - accuracy: 0.4728
34/98 [=========>....................] - ETA: 0s - loss: 1.5025 - accuracy: 0.4729
39/98 [==========>...................] - ETA: 0s - loss: 1.5005 - accuracy: 0.4739
43/98 [============>.................] - ETA: 0s - loss: 1.4988 - accuracy: 0.4735
47/98 [=============>................] - ETA: 0s - loss: 1.4975 - accuracy: 0.4748
52/98 [==============>...............] - ETA: 0s - loss: 1.4999 - accuracy: 0.4730
56/98 [================>.............] - ETA: 0s - loss: 1.4991 - accuracy: 0.4737
60/98 [=================>............] - ETA: 0s - loss: 1.4971 - accuracy: 0.4747
64/98 [==================>...........] - ETA: 0s - loss: 1.4931 - accuracy: 0.4764
69/98 [====================>.........] - ETA: 0s - loss: 1.4920 - accuracy: 0.4762
73/98 [=====================>........] - ETA: 0s - loss: 1.4904 - accuracy: 0.4775
77/98 [======================>.......] - ETA: 0s - loss: 1.4889 - accuracy: 0.4782
81/98 [=======================>......] - ETA: 0s - loss: 1.4884 - accuracy: 0.4779
86/98 [=========================>....] - ETA: 0s - loss: 1.4856 - accuracy: 0.4784
90/98 [==========================>...] - ETA: 0s - loss: 1.4861 - accuracy: 0.4788
94/98 [===========================>..] - ETA: 0s - loss: 1.4839 - accuracy: 0.4796
98/98 [==============================] - ETA: 0s - loss: 1.4825 - accuracy: 0.4805
98/98 [==============================] - 2s 23ms/step - loss: 1.4825 - accuracy: 0.4805 - val_loss: 1.4555 - val_accuracy: 0.4796
Epoch 11/38

 1/98 [..............................] - ETA: 1s - loss: 1.3974 - accuracy: 0.5098
 5/98 [>.............................] - ETA: 1s - loss: 1.4435 - accuracy: 0.4988
 9/98 [=>............................] - ETA: 1s - loss: 1.4890 - accuracy: 0.4852
13/98 [==>...........................] - ETA: 1s - loss: 1.4734 - accuracy: 0.4820
17/98 [====>.........................] - ETA: 1s - loss: 1.4690 - accuracy: 0.4851
21/98 [=====>........................] - ETA: 1s - loss: 1.4606 - accuracy: 0.4871
25/98 [======>.......................] - ETA: 1s - loss: 1.4541 - accuracy: 0.4900
29/98 [=======>......................] - ETA: 1s - loss: 1.4555 - accuracy: 0.4914
34/98 [=========>....................] - ETA: 0s - loss: 1.4529 - accuracy: 0.4916
38/98 [==========>...................] - ETA: 0s - loss: 1.4515 - accuracy: 0.4910
42/98 [===========>..................] - ETA: 0s - loss: 1.4533 - accuracy: 0.4908
47/98 [=============>................] - ETA: 0s - loss: 1.4516 - accuracy: 0.4926
51/98 [==============>...............] - ETA: 0s - loss: 1.4513 - accuracy: 0.4924
55/98 [===============>..............] - ETA: 0s - loss: 1.4518 - accuracy: 0.4929
59/98 [=================>............] - ETA: 0s - loss: 1.4512 - accuracy: 0.4931
63/98 [==================>...........] - ETA: 0s - loss: 1.4520 - accuracy: 0.4922
68/98 [===================>..........] - ETA: 0s - loss: 1.4537 - accuracy: 0.4921
72/98 [=====================>........] - ETA: 0s - loss: 1.4541 - accuracy: 0.4924
76/98 [======================>.......] - ETA: 0s - loss: 1.4539 - accuracy: 0.4917
80/98 [=======================>......] - ETA: 0s - loss: 1.4558 - accuracy: 0.4907
85/98 [=========================>....] - ETA: 0s - loss: 1.4557 - accuracy: 0.4910
89/98 [==========================>...] - ETA: 0s - loss: 1.4575 - accuracy: 0.4905
93/98 [===========================>..] - ETA: 0s - loss: 1.4590 - accuracy: 0.4904
97/98 [============================>.] - ETA: 0s - loss: 1.4576 - accuracy: 0.4908
98/98 [==============================] - 2s 23ms/step - loss: 1.4581 - accuracy: 0.4908 - val_loss: 1.4944 - val_accuracy: 0.4935
Epoch 12/38

 1/98 [..............................] - ETA: 3s - loss: 1.5271 - accuracy: 0.4590
 6/98 [>.............................] - ETA: 1s - loss: 1.5152 - accuracy: 0.4782
10/98 [==>...........................] - ETA: 1s - loss: 1.4919 - accuracy: 0.4807
14/98 [===>..........................] - ETA: 1s - loss: 1.4787 - accuracy: 0.4819
18/98 [====>.........................] - ETA: 1s - loss: 1.4690 - accuracy: 0.4855
23/98 [======>.......................] - ETA: 1s - loss: 1.4683 - accuracy: 0.4861
27/98 [=======>......................] - ETA: 1s - loss: 1.4683 - accuracy: 0.4868
31/98 [========>.....................] - ETA: 0s - loss: 1.4670 - accuracy: 0.4868
35/98 [=========>....................] - ETA: 0s - loss: 1.4655 - accuracy: 0.4892
40/98 [===========>..................] - ETA: 0s - loss: 1.4689 - accuracy: 0.4880
44/98 [============>.................] - ETA: 0s - loss: 1.4684 - accuracy: 0.4878
49/98 [==============>...............] - ETA: 0s - loss: 1.4623 - accuracy: 0.4892
53/98 [===============>..............] - ETA: 0s - loss: 1.4539 - accuracy: 0.4927
57/98 [================>.............] - ETA: 0s - loss: 1.4526 - accuracy: 0.4934
61/98 [=================>............] - ETA: 0s - loss: 1.4491 - accuracy: 0.4948
65/98 [==================>...........] - ETA: 0s - loss: 1.4450 - accuracy: 0.4962
70/98 [====================>.........] - ETA: 0s - loss: 1.4446 - accuracy: 0.4972
74/98 [=====================>........] - ETA: 0s - loss: 1.4440 - accuracy: 0.4970
78/98 [======================>.......] - ETA: 0s - loss: 1.4438 - accuracy: 0.4969
83/98 [========================>.....] - ETA: 0s - loss: 1.4464 - accuracy: 0.4962
87/98 [=========================>....] - ETA: 0s - loss: 1.4466 - accuracy: 0.4958
91/98 [==========================>...] - ETA: 0s - loss: 1.4473 - accuracy: 0.4957
95/98 [============================>.] - ETA: 0s - loss: 1.4472 - accuracy: 0.4958
98/98 [==============================] - 2s 23ms/step - loss: 1.4469 - accuracy: 0.4960 - val_loss: 1.4254 - val_accuracy: 0.4966
Epoch 13/38

 1/98 [..............................] - ETA: 1s - loss: 1.4414 - accuracy: 0.4727
 5/98 [>.............................] - ETA: 1s - loss: 1.4151 - accuracy: 0.5031
 9/98 [=>............................] - ETA: 1s - loss: 1.4106 - accuracy: 0.5070
13/98 [==>...........................] - ETA: 1s - loss: 1.4372 - accuracy: 0.4957
17/98 [====>.........................] - ETA: 1s - loss: 1.4484 - accuracy: 0.4911
22/98 [=====>........................] - ETA: 1s - loss: 1.4460 - accuracy: 0.4961
26/98 [======>.......................] - ETA: 1s - loss: 1.4473 - accuracy: 0.4951
30/98 [========>.....................] - ETA: 1s - loss: 1.4573 - accuracy: 0.4927
35/98 [=========>....................] - ETA: 0s - loss: 1.4623 - accuracy: 0.4914
39/98 [==========>...................] - ETA: 0s - loss: 1.4616 - accuracy: 0.4915
43/98 [============>.................] - ETA: 0s - loss: 1.4629 - accuracy: 0.4906
47/98 [=============>................] - ETA: 0s - loss: 1.4593 - accuracy: 0.4910
52/98 [==============>...............] - ETA: 0s - loss: 1.4538 - accuracy: 0.4935
56/98 [================>.............] - ETA: 0s - loss: 1.4535 - accuracy: 0.4941
60/98 [=================>............] - ETA: 0s - loss: 1.4534 - accuracy: 0.4939
64/98 [==================>...........] - ETA: 0s - loss: 1.4533 - accuracy: 0.4943
68/98 [===================>..........] - ETA: 0s - loss: 1.4534 - accuracy: 0.4939
72/98 [=====================>........] - ETA: 0s - loss: 1.4509 - accuracy: 0.4945
76/98 [======================>.......] - ETA: 0s - loss: 1.4522 - accuracy: 0.4948
81/98 [=======================>......] - ETA: 0s - loss: 1.4555 - accuracy: 0.4926
85/98 [=========================>....] - ETA: 0s - loss: 1.4545 - accuracy: 0.4927
89/98 [==========================>...] - ETA: 0s - loss: 1.4537 - accuracy: 0.4930
93/98 [===========================>..] - ETA: 0s - loss: 1.4545 - accuracy: 0.4929
98/98 [==============================] - ETA: 0s - loss: 1.4539 - accuracy: 0.4936
98/98 [==============================] - 2s 24ms/step - loss: 1.4539 - accuracy: 0.4936 - val_loss: 1.3513 - val_accuracy: 0.5340
Epoch 14/38

 1/98 [..............................] - ETA: 1s - loss: 1.4131 - accuracy: 0.5117
 5/98 [>.............................] - ETA: 1s - loss: 1.4356 - accuracy: 0.4914
 9/98 [=>............................] - ETA: 1s - loss: 1.4208 - accuracy: 0.4989
13/98 [==>...........................] - ETA: 1s - loss: 1.4196 - accuracy: 0.5026
18/98 [====>.........................] - ETA: 1s - loss: 1.4286 - accuracy: 0.5017
22/98 [=====>........................] - ETA: 1s - loss: 1.4282 - accuracy: 0.5029
25/98 [======>.......................] - ETA: 1s - loss: 1.4347 - accuracy: 0.5005
30/98 [========>.....................] - ETA: 1s - loss: 1.4347 - accuracy: 0.4997
34/98 [=========>....................] - ETA: 0s - loss: 1.4350 - accuracy: 0.4987
38/98 [==========>...................] - ETA: 0s - loss: 1.4320 - accuracy: 0.4990
43/98 [============>.................] - ETA: 0s - loss: 1.4280 - accuracy: 0.5006
47/98 [=============>................] - ETA: 0s - loss: 1.4316 - accuracy: 0.5002
51/98 [==============>...............] - ETA: 0s - loss: 1.4361 - accuracy: 0.4979
56/98 [================>.............] - ETA: 0s - loss: 1.4395 - accuracy: 0.4965
60/98 [=================>............] - ETA: 0s - loss: 1.4451 - accuracy: 0.4957
64/98 [==================>...........] - ETA: 0s - loss: 1.4469 - accuracy: 0.4948
68/98 [===================>..........] - ETA: 0s - loss: 1.4462 - accuracy: 0.4953
73/98 [=====================>........] - ETA: 0s - loss: 1.4419 - accuracy: 0.4970
77/98 [======================>.......] - ETA: 0s - loss: 1.4432 - accuracy: 0.4966
81/98 [=======================>......] - ETA: 0s - loss: 1.4432 - accuracy: 0.4962
85/98 [=========================>....] - ETA: 0s - loss: 1.4451 - accuracy: 0.4956
90/98 [==========================>...] - ETA: 0s - loss: 1.4461 - accuracy: 0.4946
94/98 [===========================>..] - ETA: 0s - loss: 1.4438 - accuracy: 0.4951
98/98 [==============================] - ETA: 0s - loss: 1.4432 - accuracy: 0.4953
98/98 [==============================] - 2s 24ms/step - loss: 1.4432 - accuracy: 0.4953 - val_loss: 1.4253 - val_accuracy: 0.5074
Epoch 15/38

 1/98 [..............................] - ETA: 3s - loss: 1.4389 - accuracy: 0.4766
 5/98 [>.............................] - ETA: 1s - loss: 1.4019 - accuracy: 0.5020
 9/98 [=>............................] - ETA: 1s - loss: 1.4221 - accuracy: 0.4952
14/98 [===>..........................] - ETA: 1s - loss: 1.4312 - accuracy: 0.4980
18/98 [====>.........................] - ETA: 1s - loss: 1.4367 - accuracy: 0.4986
22/98 [=====>........................] - ETA: 1s - loss: 1.4320 - accuracy: 0.4980
26/98 [======>.......................] - ETA: 1s - loss: 1.4216 - accuracy: 0.5008
31/98 [========>.....................] - ETA: 0s - loss: 1.4267 - accuracy: 0.4986
35/98 [=========>....................] - ETA: 0s - loss: 1.4300 - accuracy: 0.4971
40/98 [===========>..................] - ETA: 0s - loss: 1.4324 - accuracy: 0.4982
44/98 [============>.................] - ETA: 0s - loss: 1.4268 - accuracy: 0.5006
48/98 [=============>................] - ETA: 0s - loss: 1.4278 - accuracy: 0.5002
52/98 [==============>...............] - ETA: 0s - loss: 1.4256 - accuracy: 0.5021
57/98 [================>.............] - ETA: 0s - loss: 1.4257 - accuracy: 0.5023
61/98 [=================>............] - ETA: 0s - loss: 1.4293 - accuracy: 0.5020
65/98 [==================>...........] - ETA: 0s - loss: 1.4278 - accuracy: 0.5022
69/98 [====================>.........] - ETA: 0s - loss: 1.4282 - accuracy: 0.5027
73/98 [=====================>........] - ETA: 0s - loss: 1.4283 - accuracy: 0.5024
77/98 [======================>.......] - ETA: 0s - loss: 1.4273 - accuracy: 0.5027
82/98 [========================>.....] - ETA: 0s - loss: 1.4282 - accuracy: 0.5028
86/98 [=========================>....] - ETA: 0s - loss: 1.4282 - accuracy: 0.5030
90/98 [==========================>...] - ETA: 0s - loss: 1.4273 - accuracy: 0.5030
95/98 [============================>.] - ETA: 0s - loss: 1.4290 - accuracy: 0.5024
98/98 [==============================] - 2s 23ms/step - loss: 1.4301 - accuracy: 0.5017 - val_loss: 1.3992 - val_accuracy: 0.5040
Epoch 16/38

 1/98 [..............................] - ETA: 3s - loss: 1.3357 - accuracy: 0.5137
 6/98 [>.............................] - ETA: 1s - loss: 1.4261 - accuracy: 0.4974
10/98 [==>...........................] - ETA: 1s - loss: 1.4148 - accuracy: 0.5061
14/98 [===>..........................] - ETA: 1s - loss: 1.4058 - accuracy: 0.5063
19/98 [====>.........................] - ETA: 1s - loss: 1.4122 - accuracy: 0.5028
23/98 [======>.......................] - ETA: 1s - loss: 1.4275 - accuracy: 0.4973
27/98 [=======>......................] - ETA: 1s - loss: 1.4293 - accuracy: 0.4965
32/98 [========>.....................] - ETA: 0s - loss: 1.4360 - accuracy: 0.4970
34/98 [=========>....................] - ETA: 1s - loss: 1.4349 - accuracy: 0.4975
38/98 [==========>...................] - ETA: 0s - loss: 1.4474 - accuracy: 0.4946
43/98 [============>.................] - ETA: 0s - loss: 1.4478 - accuracy: 0.4960
47/98 [=============>................] - ETA: 0s - loss: 1.4515 - accuracy: 0.4951
51/98 [==============>...............] - ETA: 0s - loss: 1.4568 - accuracy: 0.4928
55/98 [===============>..............] - ETA: 0s - loss: 1.4560 - accuracy: 0.4925
60/98 [=================>............] - ETA: 0s - loss: 1.4587 - accuracy: 0.4910
64/98 [==================>...........] - ETA: 0s - loss: 1.4571 - accuracy: 0.4914
68/98 [===================>..........] - ETA: 0s - loss: 1.4580 - accuracy: 0.4907
72/98 [=====================>........] - ETA: 0s - loss: 1.4638 - accuracy: 0.4896
77/98 [======================>.......] - ETA: 0s - loss: 1.4621 - accuracy: 0.4900
81/98 [=======================>......] - ETA: 0s - loss: 1.4738 - accuracy: 0.4879
85/98 [=========================>....] - ETA: 0s - loss: 1.4876 - accuracy: 0.4856
89/98 [==========================>...] - ETA: 0s - loss: 1.5332 - accuracy: 0.4799
94/98 [===========================>..] - ETA: 0s - loss: 1.7141 - accuracy: 0.4719
98/98 [==============================] - ETA: 0s - loss: 4.2211 - accuracy: 0.4597
98/98 [==============================] - 2s 23ms/step - loss: 4.2211 - accuracy: 0.4597 - val_loss: 83.4740 - val_accuracy: 0.2052
Epoch 17/38

 1/98 [..............................] - ETA: 3s - loss: 84.1120 - accuracy: 0.1797
 6/98 [>.............................] - ETA: 1s - loss: 245.6760 - accuracy: 0.1507
11/98 [==>...........................] - ETA: 1s - loss: 450.6828 - accuracy: 0.1511
16/98 [===>..........................] - ETA: 1s - loss: 492.3053 - accuracy: 0.1625
21/98 [=====>........................] - ETA: 0s - loss: 451.4549 - accuracy: 0.1794
26/98 [======>.......................] - ETA: 0s - loss: 434.0160 - accuracy: 0.1761
30/98 [========>.....................] - ETA: 0s - loss: 404.9957 - accuracy: 0.1824
35/98 [=========>....................] - ETA: 0s - loss: 380.0033 - accuracy: 0.1872
40/98 [===========>..................] - ETA: 0s - loss: 356.5040 - accuracy: 0.1874
45/98 [============>.................] - ETA: 0s - loss: 329.2285 - accuracy: 0.1902
49/98 [==============>...............] - ETA: 0s - loss: 310.2495 - accuracy: 0.1950
54/98 [===============>..............] - ETA: 0s - loss: 288.4451 - accuracy: 0.1949
59/98 [=================>............] - ETA: 0s - loss: 271.4409 - accuracy: 0.2000
64/98 [==================>...........] - ETA: 0s - loss: 255.2126 - accuracy: 0.2015
69/98 [====================>.........] - ETA: 0s - loss: 239.8042 - accuracy: 0.2089
74/98 [=====================>........] - ETA: 0s - loss: 226.0648 - accuracy: 0.2064
79/98 [=======================>......] - ETA: 0s - loss: 213.9489 - accuracy: 0.2083
84/98 [========================>.....] - ETA: 0s - loss: 203.0272 - accuracy: 0.2102
89/98 [==========================>...] - ETA: 0s - loss: 192.8193 - accuracy: 0.2119
94/98 [===========================>..] - ETA: 0s - loss: 183.7323 - accuracy: 0.2133
98/98 [==============================] - ETA: 0s - loss: 177.0095 - accuracy: 0.2139
98/98 [==============================] - 2s 21ms/step - loss: 177.0095 - accuracy: 0.2139 - val_loss: 14.1367 - val_accuracy: 0.3155
Epoch 18/38

 1/98 [..............................] - ETA: 3s - loss: 12.6917 - accuracy: 0.2852
 5/98 [>.............................] - ETA: 1s - loss: 12.8352 - accuracy: 0.3070
10/98 [==>...........................] - ETA: 1s - loss: 11.1239 - accuracy: 0.2580
15/98 [===>..........................] - ETA: 1s - loss: 11.2105 - accuracy: 0.2693
19/98 [====>.........................] - ETA: 1s - loss: 10.4737 - accuracy: 0.2713
23/98 [======>.......................] - ETA: 1s - loss: 9.9576 - accuracy: 0.2693 
28/98 [=======>......................] - ETA: 1s - loss: 9.1883 - accuracy: 0.2684
32/98 [========>.....................] - ETA: 0s - loss: 8.6375 - accuracy: 0.2643
35/98 [=========>....................] - ETA: 0s - loss: 8.4616 - accuracy: 0.2710
39/98 [==========>...................] - ETA: 0s - loss: 8.2029 - accuracy: 0.2682
43/98 [============>.................] - ETA: 0s - loss: 8.0468 - accuracy: 0.2757
48/98 [=============>................] - ETA: 0s - loss: 7.7165 - accuracy: 0.2747
52/98 [==============>...............] - ETA: 0s - loss: 7.4251 - accuracy: 0.2753
56/98 [================>.............] - ETA: 0s - loss: 7.1654 - accuracy: 0.2754
61/98 [=================>............] - ETA: 0s - loss: 6.8760 - accuracy: 0.2772
65/98 [==================>...........] - ETA: 0s - loss: 6.6601 - accuracy: 0.2742
70/98 [====================>.........] - ETA: 0s - loss: 6.4033 - accuracy: 0.2774
74/98 [=====================>........] - ETA: 0s - loss: 6.2165 - accuracy: 0.2769
78/98 [======================>.......] - ETA: 0s - loss: 6.1204 - accuracy: 0.2768
