2024-06-25 14:06:01.395017: I tensorflow/core/platform/cpu_feature_guard.cc:193] This TensorFlow binary is optimized with oneAPI Deep Neural Network Library (oneDNN) to use the following CPU instructions in performance-critical operations:  AVX AVX2
To enable them in other operations, rebuild TensorFlow with the appropriate compiler flags.
2024-06-25 14:06:02.075848: I tensorflow/core/common_runtime/gpu/gpu_device.cc:1616] Created device /job:localhost/replica:0/task:0/device:GPU:0 with 6656 MB memory:  -> device: 0, name: NVIDIA GeForce RTX 4060 Ti, pci bus id: 0000:01:00.0, compute capability: 8.9
1 Physical GPUs, 1 Logical GPUs
Model: "sequential"
_________________________________________________________________
 Layer (type)                Output Shape              Param #   
=================================================================
 conv2d (Conv2D)             (None, 32, 32, 32)        896       
                                                                 
 max_pooling2d (MaxPooling2D  (None, 16, 16, 32)       0         
 )                                                               
                                                                 
 batch_normalization (BatchN  (None, 16, 16, 32)       128       
 ormalization)                                                   
                                                                 
 dropout (Dropout)           (None, 16, 16, 32)        0         
                                                                 
 flatten (Flatten)           (None, 8192)              0         
                                                                 
 dense (Dense)               (None, 10)                81930     
                                                                 
=================================================================
Total params: 82,954
Trainable params: 82,890
Non-trainable params: 64
_________________________________________________________________
Taxa de aprendizado:  0.1 Num de épocas:  38 Tamanho do lote:  512 Dropout:  0.37518
Epoch 1/38
2024-06-25 14:06:04.041975: I tensorflow/stream_executor/cuda/cuda_dnn.cc:384] Loaded cuDNN version 8100
2024-06-25 14:06:05.244278: W tensorflow/stream_executor/gpu/redzone_allocator.cc:314] INTERNAL: ptxas exited with non-zero error code -1, output: 
Relying on driver to perform ptx compilation. 
Modify $PATH to customize ptxas location.
This message will be only logged once.
2024-06-25 14:06:06.473697: I tensorflow/stream_executor/cuda/cuda_blas.cc:1614] TensorFloat-32 will be used for the matrix multiplication. This will only be logged once.

 1/98 [..............................] - ETA: 7:15 - loss: 2.8727 - accuracy: 0.0859
 5/98 [>.............................] - ETA: 1s - loss: 49.8368 - accuracy: 0.1652 
 9/98 [=>............................] - ETA: 1s - loss: 46.2746 - accuracy: 0.1905
12/98 [==>...........................] - ETA: 1s - loss: 40.9688 - accuracy: 0.1919
16/98 [===>..........................] - ETA: 1s - loss: 35.8306 - accuracy: 0.1871
19/98 [====>.........................] - ETA: 1s - loss: 33.1164 - accuracy: 0.1806
23/98 [======>.......................] - ETA: 1s - loss: 30.2507 - accuracy: 0.1765
27/98 [=======>......................] - ETA: 1s - loss: 27.6300 - accuracy: 0.1723
31/98 [========>.....................] - ETA: 1s - loss: 25.5173 - accuracy: 0.1763
35/98 [=========>....................] - ETA: 1s - loss: 24.0885 - accuracy: 0.1735
39/98 [==========>...................] - ETA: 1s - loss: 22.4287 - accuracy: 0.1759
43/98 [============>.................] - ETA: 0s - loss: 20.8445 - accuracy: 0.1809
47/98 [=============>................] - ETA: 0s - loss: 19.8640 - accuracy: 0.1744
51/98 [==============>...............] - ETA: 0s - loss: 19.0888 - accuracy: 0.1764
55/98 [===============>..............] - ETA: 0s - loss: 18.1761 - accuracy: 0.1800
58/98 [================>.............] - ETA: 0s - loss: 17.4698 - accuracy: 0.1813
62/98 [=================>............] - ETA: 0s - loss: 16.6498 - accuracy: 0.1809
66/98 [===================>..........] - ETA: 0s - loss: 15.9072 - accuracy: 0.1846
70/98 [====================>.........] - ETA: 0s - loss: 15.1918 - accuracy: 0.1885
74/98 [=====================>........] - ETA: 0s - loss: 14.5162 - accuracy: 0.1930
78/98 [======================>.......] - ETA: 0s - loss: 13.8920 - accuracy: 0.1945
82/98 [========================>.....] - ETA: 0s - loss: 13.3154 - accuracy: 0.1993
86/98 [=========================>....] - ETA: 0s - loss: 12.7911 - accuracy: 0.2036
90/98 [==========================>...] - ETA: 0s - loss: 12.3158 - accuracy: 0.2064
94/98 [===========================>..] - ETA: 0s - loss: 11.8830 - accuracy: 0.2093
98/98 [==============================] - ETA: 0s - loss: 11.4816 - accuracy: 0.2133
98/98 [==============================] - 7s 26ms/step - loss: 11.4816 - accuracy: 0.2133 - val_loss: 2.7769 - val_accuracy: 0.2444
Epoch 2/38

 1/98 [..............................] - ETA: 3s - loss: 1.8940 - accuracy: 0.3926
 5/98 [>.............................] - ETA: 1s - loss: 1.9324 - accuracy: 0.3355
 9/98 [=>............................] - ETA: 1s - loss: 1.9207 - accuracy: 0.3422
12/98 [==>...........................] - ETA: 1s - loss: 1.9153 - accuracy: 0.3415
16/98 [===>..........................] - ETA: 1s - loss: 1.9183 - accuracy: 0.3376
20/98 [=====>........................] - ETA: 1s - loss: 1.9063 - accuracy: 0.3431
24/98 [======>.......................] - ETA: 1s - loss: 1.8988 - accuracy: 0.3429
28/98 [=======>......................] - ETA: 1s - loss: 1.8955 - accuracy: 0.3430
31/98 [========>.....................] - ETA: 1s - loss: 1.8877 - accuracy: 0.3445
35/98 [=========>....................] - ETA: 1s - loss: 1.8765 - accuracy: 0.3488
38/98 [==========>...................] - ETA: 0s - loss: 1.8693 - accuracy: 0.3513
42/98 [===========>..................] - ETA: 0s - loss: 1.8625 - accuracy: 0.3541
46/98 [=============>................] - ETA: 0s - loss: 1.8574 - accuracy: 0.3564
50/98 [==============>...............] - ETA: 0s - loss: 1.8540 - accuracy: 0.3582
54/98 [===============>..............] - ETA: 0s - loss: 1.8477 - accuracy: 0.3594
58/98 [================>.............] - ETA: 0s - loss: 1.8401 - accuracy: 0.3617
62/98 [=================>............] - ETA: 0s - loss: 1.8329 - accuracy: 0.3639
66/98 [===================>..........] - ETA: 0s - loss: 1.8248 - accuracy: 0.3657
70/98 [====================>.........] - ETA: 0s - loss: 1.8220 - accuracy: 0.3664
73/98 [=====================>........] - ETA: 0s - loss: 1.8173 - accuracy: 0.3681
77/98 [======================>.......] - ETA: 0s - loss: 1.8120 - accuracy: 0.3690
81/98 [=======================>......] - ETA: 0s - loss: 1.8043 - accuracy: 0.3712
85/98 [=========================>....] - ETA: 0s - loss: 1.7982 - accuracy: 0.3739
89/98 [==========================>...] - ETA: 0s - loss: 1.7960 - accuracy: 0.3750
93/98 [===========================>..] - ETA: 0s - loss: 1.7955 - accuracy: 0.3747
97/98 [============================>.] - ETA: 0s - loss: 1.7937 - accuracy: 0.3752
98/98 [==============================] - 3s 26ms/step - loss: 1.7927 - accuracy: 0.3756 - val_loss: 1.7618 - val_accuracy: 0.4094
Epoch 3/38

 1/98 [..............................] - ETA: 3s - loss: 1.7624 - accuracy: 0.4043
 5/98 [>.............................] - ETA: 1s - loss: 1.6473 - accuracy: 0.4270
 9/98 [=>............................] - ETA: 1s - loss: 1.6534 - accuracy: 0.4238
13/98 [==>...........................] - ETA: 1s - loss: 1.6592 - accuracy: 0.4204
17/98 [====>.........................] - ETA: 1s - loss: 1.6623 - accuracy: 0.4205
21/98 [=====>........................] - ETA: 1s - loss: 1.6746 - accuracy: 0.4155
25/98 [======>.......................] - ETA: 1s - loss: 1.6730 - accuracy: 0.4168
29/98 [=======>......................] - ETA: 1s - loss: 1.6741 - accuracy: 0.4176
33/98 [=========>....................] - ETA: 1s - loss: 1.6758 - accuracy: 0.4142
37/98 [==========>...................] - ETA: 0s - loss: 1.6744 - accuracy: 0.4134
41/98 [===========>..................] - ETA: 0s - loss: 1.6737 - accuracy: 0.4149
45/98 [============>.................] - ETA: 0s - loss: 1.6704 - accuracy: 0.4167
49/98 [==============>...............] - ETA: 0s - loss: 1.6723 - accuracy: 0.4172
54/98 [===============>..............] - ETA: 0s - loss: 1.6678 - accuracy: 0.4182
59/98 [=================>............] - ETA: 0s - loss: 1.6658 - accuracy: 0.4189
64/98 [==================>...........] - ETA: 0s - loss: 1.6673 - accuracy: 0.4184
70/98 [====================>.........] - ETA: 0s - loss: 1.6649 - accuracy: 0.4182
76/98 [======================>.......] - ETA: 0s - loss: 1.6638 - accuracy: 0.4191
82/98 [========================>.....] - ETA: 0s - loss: 1.6600 - accuracy: 0.4201
87/98 [=========================>....] - ETA: 0s - loss: 1.6586 - accuracy: 0.4200
93/98 [===========================>..] - ETA: 0s - loss: 1.6588 - accuracy: 0.4204
98/98 [==============================] - 2s 21ms/step - loss: 1.6614 - accuracy: 0.4192 - val_loss: 1.6787 - val_accuracy: 0.3999
Epoch 4/38

 1/98 [..............................] - ETA: 3s - loss: 1.6108 - accuracy: 0.4473
 5/98 [>.............................] - ETA: 1s - loss: 1.6562 - accuracy: 0.4254
 9/98 [=>............................] - ETA: 1s - loss: 1.6226 - accuracy: 0.4373
13/98 [==>...........................] - ETA: 1s - loss: 1.6314 - accuracy: 0.4295
16/98 [===>..........................] - ETA: 1s - loss: 1.6255 - accuracy: 0.4314
20/98 [=====>........................] - ETA: 1s - loss: 1.6223 - accuracy: 0.4321
24/98 [======>.......................] - ETA: 1s - loss: 1.6179 - accuracy: 0.4368
28/98 [=======>......................] - ETA: 1s - loss: 1.6155 - accuracy: 0.4381
32/98 [========>.....................] - ETA: 1s - loss: 1.6093 - accuracy: 0.4412
36/98 [==========>...................] - ETA: 0s - loss: 1.6111 - accuracy: 0.4401
40/98 [===========>..................] - ETA: 0s - loss: 1.6105 - accuracy: 0.4408
44/98 [============>.................] - ETA: 0s - loss: 1.6126 - accuracy: 0.4403
48/98 [=============>................] - ETA: 0s - loss: 1.6137 - accuracy: 0.4390
52/98 [==============>...............] - ETA: 0s - loss: 1.6119 - accuracy: 0.4381
56/98 [================>.............] - ETA: 0s - loss: 1.6110 - accuracy: 0.4382
60/98 [=================>............] - ETA: 0s - loss: 1.6108 - accuracy: 0.4394
64/98 [==================>...........] - ETA: 0s - loss: 1.6083 - accuracy: 0.4398
68/98 [===================>..........] - ETA: 0s - loss: 1.6055 - accuracy: 0.4406
71/98 [====================>.........] - ETA: 0s - loss: 1.6051 - accuracy: 0.4407
75/98 [=====================>........] - ETA: 0s - loss: 1.6042 - accuracy: 0.4409
79/98 [=======================>......] - ETA: 0s - loss: 1.6017 - accuracy: 0.4414
82/98 [========================>.....] - ETA: 0s - loss: 1.6002 - accuracy: 0.4418
86/98 [=========================>....] - ETA: 0s - loss: 1.5968 - accuracy: 0.4424
90/98 [==========================>...] - ETA: 0s - loss: 1.5945 - accuracy: 0.4427
94/98 [===========================>..] - ETA: 0s - loss: 1.5937 - accuracy: 0.4431
98/98 [==============================] - ETA: 0s - loss: 1.5903 - accuracy: 0.4443
98/98 [==============================] - 3s 26ms/step - loss: 1.5903 - accuracy: 0.4443 - val_loss: 1.6268 - val_accuracy: 0.4374
Epoch 5/38

 1/98 [..............................] - ETA: 3s - loss: 1.5567 - accuracy: 0.4727
 5/98 [>.............................] - ETA: 1s - loss: 1.5558 - accuracy: 0.4605
 8/98 [=>............................] - ETA: 1s - loss: 1.5493 - accuracy: 0.4609
14/98 [===>..........................] - ETA: 1s - loss: 1.5656 - accuracy: 0.4554
19/98 [====>.........................] - ETA: 1s - loss: 1.5603 - accuracy: 0.4598
25/98 [======>.......................] - ETA: 0s - loss: 1.5541 - accuracy: 0.4588
30/98 [========>.....................] - ETA: 0s - loss: 1.5536 - accuracy: 0.4601
36/98 [==========>...................] - ETA: 0s - loss: 1.5473 - accuracy: 0.4617
42/98 [===========>..................] - ETA: 0s - loss: 1.5449 - accuracy: 0.4606
47/98 [=============>................] - ETA: 0s - loss: 1.5416 - accuracy: 0.4619
53/98 [===============>..............] - ETA: 0s - loss: 1.5410 - accuracy: 0.4627
58/98 [================>.............] - ETA: 0s - loss: 1.5433 - accuracy: 0.4619
64/98 [==================>...........] - ETA: 0s - loss: 1.5492 - accuracy: 0.4612
70/98 [====================>.........] - ETA: 0s - loss: 1.5486 - accuracy: 0.4614
76/98 [======================>.......] - ETA: 0s - loss: 1.5448 - accuracy: 0.4622
82/98 [========================>.....] - ETA: 0s - loss: 1.5448 - accuracy: 0.4627
88/98 [=========================>....] - ETA: 0s - loss: 1.5434 - accuracy: 0.4631
94/98 [===========================>..] - ETA: 0s - loss: 1.5414 - accuracy: 0.4641
98/98 [==============================] - 2s 21ms/step - loss: 1.5404 - accuracy: 0.4643 - val_loss: 1.4588 - val_accuracy: 0.4882
Epoch 6/38

 1/98 [..............................] - ETA: 1s - loss: 1.4153 - accuracy: 0.5357
 4/98 [>.............................] - ETA: 1s - loss: 1.4373 - accuracy: 0.5043
 8/98 [=>............................] - ETA: 1s - loss: 1.4661 - accuracy: 0.4982
12/98 [==>...........................] - ETA: 1s - loss: 1.4596 - accuracy: 0.4977
16/98 [===>..........................] - ETA: 1s - loss: 1.4678 - accuracy: 0.4928
20/98 [=====>........................] - ETA: 1s - loss: 1.4712 - accuracy: 0.4910
24/98 [======>.......................] - ETA: 1s - loss: 1.4770 - accuracy: 0.4875
28/98 [=======>......................] - ETA: 1s - loss: 1.4735 - accuracy: 0.4871
31/98 [========>.....................] - ETA: 1s - loss: 1.4835 - accuracy: 0.4824
35/98 [=========>....................] - ETA: 1s - loss: 1.4815 - accuracy: 0.4835
39/98 [==========>...................] - ETA: 0s - loss: 1.4745 - accuracy: 0.4855
43/98 [============>.................] - ETA: 0s - loss: 1.4761 - accuracy: 0.4841
47/98 [=============>................] - ETA: 0s - loss: 1.4770 - accuracy: 0.4828
50/98 [==============>...............] - ETA: 0s - loss: 1.4766 - accuracy: 0.4830
54/98 [===============>..............] - ETA: 0s - loss: 1.4754 - accuracy: 0.4841
58/98 [================>.............] - ETA: 0s - loss: 1.4736 - accuracy: 0.4851
62/98 [=================>............] - ETA: 0s - loss: 1.4748 - accuracy: 0.4852
66/98 [===================>..........] - ETA: 0s - loss: 1.4711 - accuracy: 0.4860
70/98 [====================>.........] - ETA: 0s - loss: 1.4703 - accuracy: 0.4862
74/98 [=====================>........] - ETA: 0s - loss: 1.4705 - accuracy: 0.4861
78/98 [======================>.......] - ETA: 0s - loss: 1.4721 - accuracy: 0.4854
82/98 [========================>.....] - ETA: 0s - loss: 1.4722 - accuracy: 0.4848
86/98 [=========================>....] - ETA: 0s - loss: 1.4728 - accuracy: 0.4846
90/98 [==========================>...] - ETA: 0s - loss: 1.4727 - accuracy: 0.4848
94/98 [===========================>..] - ETA: 0s - loss: 1.4734 - accuracy: 0.4843
98/98 [==============================] - ETA: 0s - loss: 1.4725 - accuracy: 0.4846
98/98 [==============================] - 2s 24ms/step - loss: 1.4725 - accuracy: 0.4846 - val_loss: 1.5452 - val_accuracy: 0.4481
Epoch 7/38

 1/98 [..............................] - ETA: 3s - loss: 1.4361 - accuracy: 0.4844
 7/98 [=>............................] - ETA: 0s - loss: 1.4220 - accuracy: 0.5053
13/98 [==>...........................] - ETA: 0s - loss: 1.4227 - accuracy: 0.4997
18/98 [====>.........................] - ETA: 0s - loss: 1.4316 - accuracy: 0.4999
23/98 [======>.......................] - ETA: 0s - loss: 1.4427 - accuracy: 0.4975
29/98 [=======>......................] - ETA: 0s - loss: 1.4413 - accuracy: 0.4984
33/98 [=========>....................] - ETA: 0s - loss: 1.4347 - accuracy: 0.5008
38/98 [==========>...................] - ETA: 0s - loss: 1.4331 - accuracy: 0.5014
44/98 [============>.................] - ETA: 0s - loss: 1.4498 - accuracy: 0.4957
49/98 [==============>...............] - ETA: 0s - loss: 1.4544 - accuracy: 0.4937
55/98 [===============>..............] - ETA: 0s - loss: 1.4562 - accuracy: 0.4926
60/98 [=================>............] - ETA: 0s - loss: 1.4553 - accuracy: 0.4932
65/98 [==================>...........] - ETA: 0s - loss: 1.4560 - accuracy: 0.4927
71/98 [====================>.........] - ETA: 0s - loss: 1.4543 - accuracy: 0.4924
77/98 [======================>.......] - ETA: 0s - loss: 1.4518 - accuracy: 0.4932
83/98 [========================>.....] - ETA: 0s - loss: 1.4513 - accuracy: 0.4932
89/98 [==========================>...] - ETA: 0s - loss: 1.4521 - accuracy: 0.4926
95/98 [============================>.] - ETA: 0s - loss: 1.4540 - accuracy: 0.4916
98/98 [==============================] - 2s 17ms/step - loss: 1.4559 - accuracy: 0.4909 - val_loss: 1.5120 - val_accuracy: 0.4648
Epoch 8/38

 1/98 [..............................] - ETA: 3s - loss: 1.4461 - accuracy: 0.4961
 6/98 [>.............................] - ETA: 1s - loss: 1.4785 - accuracy: 0.4824
12/98 [==>...........................] - ETA: 0s - loss: 1.4617 - accuracy: 0.4915
17/98 [====>.........................] - ETA: 0s - loss: 1.4414 - accuracy: 0.4980
23/98 [======>.......................] - ETA: 0s - loss: 1.4284 - accuracy: 0.5006
29/98 [=======>......................] - ETA: 0s - loss: 1.4332 - accuracy: 0.4961
35/98 [=========>....................] - ETA: 0s - loss: 1.4288 - accuracy: 0.4984
41/98 [===========>..................] - ETA: 0s - loss: 1.4316 - accuracy: 0.4973
46/98 [=============>................] - ETA: 0s - loss: 1.4334 - accuracy: 0.4962
52/98 [==============>...............] - ETA: 0s - loss: 1.4371 - accuracy: 0.4961
56/98 [================>.............] - ETA: 0s - loss: 1.4377 - accuracy: 0.4955
61/98 [=================>............] - ETA: 0s - loss: 1.4416 - accuracy: 0.4947
66/98 [===================>..........] - ETA: 0s - loss: 1.4385 - accuracy: 0.4956
72/98 [=====================>........] - ETA: 0s - loss: 1.4373 - accuracy: 0.4955
78/98 [======================>.......] - ETA: 0s - loss: 1.4400 - accuracy: 0.4939
84/98 [========================>.....] - ETA: 0s - loss: 1.4441 - accuracy: 0.4932
89/98 [==========================>...] - ETA: 0s - loss: 1.4450 - accuracy: 0.4930
95/98 [============================>.] - ETA: 0s - loss: 1.4445 - accuracy: 0.4932
98/98 [==============================] - 2s 16ms/step - loss: 1.4459 - accuracy: 0.4930 - val_loss: 1.4976 - val_accuracy: 0.4843
Epoch 9/38

 1/98 [..............................] - ETA: 3s - loss: 1.3391 - accuracy: 0.5410
 7/98 [=>............................] - ETA: 0s - loss: 1.3884 - accuracy: 0.5248
13/98 [==>...........................] - ETA: 0s - loss: 1.3954 - accuracy: 0.5171
19/98 [====>.........................] - ETA: 0s - loss: 1.4021 - accuracy: 0.5108
24/98 [======>.......................] - ETA: 0s - loss: 1.4081 - accuracy: 0.5081
30/98 [========>.....................] - ETA: 0s - loss: 1.4266 - accuracy: 0.5024
36/98 [==========>...................] - ETA: 0s - loss: 1.4326 - accuracy: 0.5015
42/98 [===========>..................] - ETA: 0s - loss: 1.4342 - accuracy: 0.5004
47/98 [=============>................] - ETA: 0s - loss: 1.4426 - accuracy: 0.4975
53/98 [===============>..............] - ETA: 0s - loss: 1.4469 - accuracy: 0.4952
59/98 [=================>............] - ETA: 0s - loss: 1.4458 - accuracy: 0.4949
64/98 [==================>...........] - ETA: 0s - loss: 1.4460 - accuracy: 0.4946
69/98 [====================>.........] - ETA: 0s - loss: 1.4487 - accuracy: 0.4930
73/98 [=====================>........] - ETA: 0s - loss: 1.4499 - accuracy: 0.4930
77/98 [======================>.......] - ETA: 0s - loss: 1.4518 - accuracy: 0.4925
81/98 [=======================>......] - ETA: 0s - loss: 1.4494 - accuracy: 0.4934
84/98 [========================>.....] - ETA: 0s - loss: 1.4502 - accuracy: 0.4932
87/98 [=========================>....] - ETA: 0s - loss: 1.4507 - accuracy: 0.4929
91/98 [==========================>...] - ETA: 0s - loss: 1.4455 - accuracy: 0.4947
95/98 [============================>.] - ETA: 0s - loss: 1.4456 - accuracy: 0.4942
98/98 [==============================] - 2s 18ms/step - loss: 1.4462 - accuracy: 0.4938 - val_loss: 1.4409 - val_accuracy: 0.4829
Epoch 10/38

 1/98 [..............................] - ETA: 0s - loss: 1.3882 - accuracy: 0.4902
 5/98 [>.............................] - ETA: 1s - loss: 1.4214 - accuracy: 0.5098
 9/98 [=>............................] - ETA: 1s - loss: 1.4166 - accuracy: 0.5050
14/98 [===>..........................] - ETA: 1s - loss: 1.4236 - accuracy: 0.5018
19/98 [====>.........................] - ETA: 1s - loss: 1.4326 - accuracy: 0.4982
23/98 [======>.......................] - ETA: 1s - loss: 1.4289 - accuracy: 0.5003
29/98 [=======>......................] - ETA: 0s - loss: 1.4290 - accuracy: 0.4997
35/98 [=========>....................] - ETA: 0s - loss: 1.4359 - accuracy: 0.4962
39/98 [==========>...................] - ETA: 0s - loss: 1.4312 - accuracy: 0.4975
44/98 [============>.................] - ETA: 0s - loss: 1.4330 - accuracy: 0.4991
49/98 [==============>...............] - ETA: 0s - loss: 1.4347 - accuracy: 0.4980
54/98 [===============>..............] - ETA: 0s - loss: 1.4405 - accuracy: 0.4961
60/98 [=================>............] - ETA: 0s - loss: 1.4421 - accuracy: 0.4946
65/98 [==================>...........] - ETA: 0s - loss: 1.4414 - accuracy: 0.4953
69/98 [====================>.........] - ETA: 0s - loss: 1.4402 - accuracy: 0.4963
74/98 [=====================>........] - ETA: 0s - loss: 1.4402 - accuracy: 0.4955
79/98 [=======================>......] - ETA: 0s - loss: 1.4416 - accuracy: 0.4949
83/98 [========================>.....] - ETA: 0s - loss: 1.4417 - accuracy: 0.4949
88/98 [=========================>....] - ETA: 0s - loss: 1.4410 - accuracy: 0.4951
91/98 [==========================>...] - ETA: 0s - loss: 1.4407 - accuracy: 0.4956
95/98 [============================>.] - ETA: 0s - loss: 1.4420 - accuracy: 0.4956
98/98 [==============================] - 2s 18ms/step - loss: 1.4429 - accuracy: 0.4956 - val_loss: 1.3372 - val_accuracy: 0.5344
Epoch 11/38

 1/98 [..............................] - ETA: 3s - loss: 1.4160 - accuracy: 0.4922
 7/98 [=>............................] - ETA: 1s - loss: 1.3745 - accuracy: 0.5181
12/98 [==>...........................] - ETA: 0s - loss: 1.3888 - accuracy: 0.5137
17/98 [====>.........................] - ETA: 0s - loss: 1.4016 - accuracy: 0.5101
22/98 [=====>........................] - ETA: 0s - loss: 1.4187 - accuracy: 0.5055
27/98 [=======>......................] - ETA: 0s - loss: 1.4142 - accuracy: 0.5085
32/98 [========>.....................] - ETA: 0s - loss: 1.4081 - accuracy: 0.5103
36/98 [==========>...................] - ETA: 0s - loss: 1.4070 - accuracy: 0.5094
40/98 [===========>..................] - ETA: 0s - loss: 1.4076 - accuracy: 0.5090
44/98 [============>.................] - ETA: 0s - loss: 1.4057 - accuracy: 0.5085
49/98 [==============>...............] - ETA: 0s - loss: 1.4079 - accuracy: 0.5077
54/98 [===============>..............] - ETA: 0s - loss: 1.4102 - accuracy: 0.5071
60/98 [=================>............] - ETA: 0s - loss: 1.4175 - accuracy: 0.5053
65/98 [==================>...........] - ETA: 0s - loss: 1.4231 - accuracy: 0.5039
70/98 [====================>.........] - ETA: 0s - loss: 1.4281 - accuracy: 0.5028
74/98 [=====================>........] - ETA: 0s - loss: 1.4305 - accuracy: 0.5028
79/98 [=======================>......] - ETA: 0s - loss: 1.4322 - accuracy: 0.5016
84/98 [========================>.....] - ETA: 0s - loss: 1.4323 - accuracy: 0.5003
89/98 [==========================>...] - ETA: 0s - loss: 1.4346 - accuracy: 0.4994
94/98 [===========================>..] - ETA: 0s - loss: 1.4323 - accuracy: 0.4994
98/98 [==============================] - 2s 16ms/step - loss: 1.4330 - accuracy: 0.4991 - val_loss: 1.3188 - val_accuracy: 0.5396
Epoch 12/38

 1/98 [..............................] - ETA: 1s - loss: 1.3830 - accuracy: 0.5020
 6/98 [>.............................] - ETA: 1s - loss: 1.4041 - accuracy: 0.5081
11/98 [==>...........................] - ETA: 1s - loss: 1.4017 - accuracy: 0.5085
16/98 [===>..........................] - ETA: 1s - loss: 1.3880 - accuracy: 0.5093
20/98 [=====>........................] - ETA: 1s - loss: 1.3921 - accuracy: 0.5121
25/98 [======>.......................] - ETA: 0s - loss: 1.3958 - accuracy: 0.5109
29/98 [=======>......................] - ETA: 0s - loss: 1.4008 - accuracy: 0.5091
34/98 [=========>....................] - ETA: 0s - loss: 1.4061 - accuracy: 0.5064
38/98 [==========>...................] - ETA: 0s - loss: 1.4078 - accuracy: 0.5064
44/98 [============>.................] - ETA: 0s - loss: 1.4139 - accuracy: 0.5044
48/98 [=============>................] - ETA: 0s - loss: 1.4160 - accuracy: 0.5032
51/98 [==============>...............] - ETA: 0s - loss: 1.4185 - accuracy: 0.5023
55/98 [===============>..............] - ETA: 0s - loss: 1.4202 - accuracy: 0.5022
59/98 [=================>............] - ETA: 0s - loss: 1.4184 - accuracy: 0.5026
64/98 [==================>...........] - ETA: 0s - loss: 1.4196 - accuracy: 0.5021
69/98 [====================>.........] - ETA: 0s - loss: 1.4212 - accuracy: 0.5013
73/98 [=====================>........] - ETA: 0s - loss: 1.4198 - accuracy: 0.5017
77/98 [======================>.......] - ETA: 0s - loss: 1.4209 - accuracy: 0.5014
81/98 [=======================>......] - ETA: 0s - loss: 1.4216 - accuracy: 0.5011
85/98 [=========================>....] - ETA: 0s - loss: 1.4232 - accuracy: 0.5009
89/98 [==========================>...] - ETA: 0s - loss: 1.4262 - accuracy: 0.4995
92/98 [===========================>..] - ETA: 0s - loss: 1.4252 - accuracy: 0.4999
98/98 [==============================] - ETA: 0s - loss: 1.4250 - accuracy: 0.4993
98/98 [==============================] - 2s 19ms/step - loss: 1.4250 - accuracy: 0.4993 - val_loss: 1.3662 - val_accuracy: 0.5215
Epoch 13/38

 1/98 [..............................] - ETA: 2s - loss: 1.3604 - accuracy: 0.5293
 7/98 [=>............................] - ETA: 0s - loss: 1.4075 - accuracy: 0.5173
12/98 [==>...........................] - ETA: 0s - loss: 1.3888 - accuracy: 0.5223
18/98 [====>.........................] - ETA: 0s - loss: 1.4039 - accuracy: 0.5149
22/98 [=====>........................] - ETA: 0s - loss: 1.4003 - accuracy: 0.5142
27/98 [=======>......................] - ETA: 0s - loss: 1.4096 - accuracy: 0.5103
33/98 [=========>....................] - ETA: 0s - loss: 1.4175 - accuracy: 0.5090
37/98 [==========>...................] - ETA: 0s - loss: 1.4124 - accuracy: 0.5095
43/98 [============>.................] - ETA: 0s - loss: 1.4110 - accuracy: 0.5096
48/98 [=============>................] - ETA: 0s - loss: 1.4109 - accuracy: 0.5086
53/98 [===============>..............] - ETA: 0s - loss: 1.4127 - accuracy: 0.5076
58/98 [================>.............] - ETA: 0s - loss: 1.4144 - accuracy: 0.5072
64/98 [==================>...........] - ETA: 0s - loss: 1.4159 - accuracy: 0.5061
68/98 [===================>..........] - ETA: 0s - loss: 1.4148 - accuracy: 0.5065
72/98 [=====================>........] - ETA: 0s - loss: 1.4173 - accuracy: 0.5058
78/98 [======================>.......] - ETA: 0s - loss: 1.4168 - accuracy: 0.5060
83/98 [========================>.....] - ETA: 0s - loss: 1.4248 - accuracy: 0.5037
88/98 [=========================>....] - ETA: 0s - loss: 1.4299 - accuracy: 0.5023
94/98 [===========================>..] - ETA: 0s - loss: 1.4338 - accuracy: 0.5005
98/98 [==============================] - 2s 18ms/step - loss: 1.4362 - accuracy: 0.4994 - val_loss: 1.5096 - val_accuracy: 0.4642
Epoch 14/38

 1/98 [..............................] - ETA: 3s - loss: 1.4152 - accuracy: 0.5039
 6/98 [>.............................] - ETA: 1s - loss: 1.4288 - accuracy: 0.5033
12/98 [==>...........................] - ETA: 0s - loss: 1.4173 - accuracy: 0.5033
18/98 [====>.........................] - ETA: 0s - loss: 1.4324 - accuracy: 0.4979
23/98 [======>.......................] - ETA: 0s - loss: 1.4440 - accuracy: 0.4963
28/98 [=======>......................] - ETA: 0s - loss: 1.4566 - accuracy: 0.4914
34/98 [=========>....................] - ETA: 0s - loss: 1.4538 - accuracy: 0.4900
39/98 [==========>...................] - ETA: 0s - loss: 1.4559 - accuracy: 0.4905
44/98 [============>.................] - ETA: 0s - loss: 1.4526 - accuracy: 0.4898
50/98 [==============>...............] - ETA: 0s - loss: 1.4476 - accuracy: 0.4917
55/98 [===============>..............] - ETA: 0s - loss: 1.4522 - accuracy: 0.4908
60/98 [=================>............] - ETA: 0s - loss: 1.4581 - accuracy: 0.4899
65/98 [==================>...........] - ETA: 0s - loss: 1.4607 - accuracy: 0.4897
71/98 [====================>.........] - ETA: 0s - loss: 1.4647 - accuracy: 0.4886
77/98 [======================>.......] - ETA: 0s - loss: 1.4671 - accuracy: 0.4879
82/98 [========================>.....] - ETA: 0s - loss: 1.4653 - accuracy: 0.4883
88/98 [=========================>....] - ETA: 0s - loss: 1.4655 - accuracy: 0.4888
94/98 [===========================>..] - ETA: 0s - loss: 1.4652 - accuracy: 0.4891
98/98 [==============================] - 2s 17ms/step - loss: 1.4613 - accuracy: 0.4907 - val_loss: 1.4309 - val_accuracy: 0.4955
Epoch 15/38

 1/98 [..............................] - ETA: 3s - loss: 1.4568 - accuracy: 0.5195
 6/98 [>.............................] - ETA: 1s - loss: 1.4422 - accuracy: 0.5003
11/98 [==>...........................] - ETA: 0s - loss: 1.4259 - accuracy: 0.5000
16/98 [===>..........................] - ETA: 0s - loss: 1.4269 - accuracy: 0.5000
21/98 [=====>........................] - ETA: 0s - loss: 1.4266 - accuracy: 0.4981
27/98 [=======>......................] - ETA: 0s - loss: 1.4156 - accuracy: 0.5013
32/98 [========>.....................] - ETA: 0s - loss: 1.4167 - accuracy: 0.5028
37/98 [==========>...................] - ETA: 0s - loss: 1.4135 - accuracy: 0.5057
41/98 [===========>..................] - ETA: 0s - loss: 1.4154 - accuracy: 0.5060
46/98 [=============>................] - ETA: 0s - loss: 1.4055 - accuracy: 0.5091
52/98 [==============>...............] - ETA: 0s - loss: 1.4064 - accuracy: 0.5097
57/98 [================>.............] - ETA: 0s - loss: 1.4101 - accuracy: 0.5079
62/98 [=================>............] - ETA: 0s - loss: 1.4119 - accuracy: 0.5072
67/98 [===================>..........] - ETA: 0s - loss: 1.4114 - accuracy: 0.5069
72/98 [=====================>........] - ETA: 0s - loss: 1.4192 - accuracy: 0.5059
77/98 [======================>.......] - ETA: 0s - loss: 1.4242 - accuracy: 0.5034
82/98 [========================>.....] - ETA: 0s - loss: 1.4325 - accuracy: 0.5017
88/98 [=========================>....] - ETA: 0s - loss: 1.4399 - accuracy: 0.4993
93/98 [===========================>..] - ETA: 0s - loss: 1.4458 - accuracy: 0.4985
98/98 [==============================] - 2s 17ms/step - loss: 1.4557 - accuracy: 0.4967 - val_loss: 1.4829 - val_accuracy: 0.4730
Epoch 16/38

 1/98 [..............................] - ETA: 1s - loss: 1.3235 - accuracy: 0.5430
 6/98 [>.............................] - ETA: 1s - loss: 1.3973 - accuracy: 0.5072
11/98 [==>...........................] - ETA: 1s - loss: 1.4180 - accuracy: 0.5057
15/98 [===>..........................] - ETA: 1s - loss: 1.4513 - accuracy: 0.4984
21/98 [=====>........................] - ETA: 0s - loss: 1.4424 - accuracy: 0.5022
26/98 [======>.......................] - ETA: 0s - loss: 1.4357 - accuracy: 0.5044
31/98 [========>.....................] - ETA: 0s - loss: 1.4311 - accuracy: 0.5059
36/98 [==========>...................] - ETA: 0s - loss: 1.4412 - accuracy: 0.5042
41/98 [===========>..................] - ETA: 0s - loss: 1.4476 - accuracy: 0.5030
47/98 [=============>................] - ETA: 0s - loss: 1.4498 - accuracy: 0.5028
52/98 [==============>...............] - ETA: 0s - loss: 1.4493 - accuracy: 0.5026
58/98 [================>.............] - ETA: 0s - loss: 1.4558 - accuracy: 0.5003
63/98 [==================>...........] - ETA: 0s - loss: 1.4568 - accuracy: 0.4999
69/98 [====================>.........] - ETA: 0s - loss: 1.4593 - accuracy: 0.4993
73/98 [=====================>........] - ETA: 0s - loss: 1.4608 - accuracy: 0.4981
78/98 [======================>.......] - ETA: 0s - loss: 1.4622 - accuracy: 0.4980
82/98 [========================>.....] - ETA: 0s - loss: 1.4645 - accuracy: 0.4962
86/98 [=========================>....] - ETA: 0s - loss: 1.4668 - accuracy: 0.4956
90/98 [==========================>...] - ETA: 0s - loss: 1.4664 - accuracy: 0.4957
94/98 [===========================>..] - ETA: 0s - loss: 1.4672 - accuracy: 0.4952
98/98 [==============================] - ETA: 0s - loss: 1.4656 - accuracy: 0.4955
98/98 [==============================] - 2s 18ms/step - loss: 1.4656 - accuracy: 0.4955 - val_loss: 1.4189 - val_accuracy: 0.4999
Epoch 16: early stopping

  1/313 [..............................] - ETA: 4s - loss: 1.0530 - accuracy: 0.5000
 30/313 [=>............................] - ETA: 0s - loss: 1.4169 - accuracy: 0.4750
 57/313 [====>.........................] - ETA: 0s - loss: 1.4059 - accuracy: 0.4918
 79/313 [======>.......................] - ETA: 0s - loss: 1.4110 - accuracy: 0.4992
106/313 [=========>....................] - ETA: 0s - loss: 1.4073 - accuracy: 0.5024
138/313 [============>.................] - ETA: 0s - loss: 1.4012 - accuracy: 0.5100
169/313 [===============>..............] - ETA: 0s - loss: 1.3976 - accuracy: 0.5100
204/313 [==================>...........] - ETA: 0s - loss: 1.4035 - accuracy: 0.5069
234/313 [=====================>........] - ETA: 0s - loss: 1.4070 - accuracy: 0.5055
265/313 [========================>.....] - ETA: 0s - loss: 1.4137 - accuracy: 0.5035
299/313 [===========================>..] - ETA: 0s - loss: 1.4186 - accuracy: 0.5019
313/313 [==============================] - 1s 2ms/step - loss: 1.4189 - accuracy: 0.4999
