2024-06-25 12:32:56.910637: I tensorflow/core/platform/cpu_feature_guard.cc:193] This TensorFlow binary is optimized with oneAPI Deep Neural Network Library (oneDNN) to use the following CPU instructions in performance-critical operations:  AVX AVX2
To enable them in other operations, rebuild TensorFlow with the appropriate compiler flags.
2024-06-25 12:32:57.450516: I tensorflow/core/common_runtime/gpu/gpu_device.cc:1616] Created device /job:localhost/replica:0/task:0/device:GPU:0 with 6656 MB memory:  -> device: 0, name: NVIDIA GeForce RTX 4060 Ti, pci bus id: 0000:01:00.0, compute capability: 8.9
1 Physical GPUs, 1 Logical GPUs
Model: "sequential"
_________________________________________________________________
 Layer (type)                Output Shape              Param #   
=================================================================
 conv2d (Conv2D)             (None, 32, 32, 32)        896       
                                                                 
 max_pooling2d (MaxPooling2D  (None, 16, 16, 32)       0         
 )                                                               
                                                                 
 batch_normalization (BatchN  (None, 16, 16, 32)       128       
 ormalization)                                                   
                                                                 
 dropout (Dropout)           (None, 16, 16, 32)        0         
                                                                 
 flatten (Flatten)           (None, 8192)              0         
                                                                 
 dense (Dense)               (None, 10)                81930     
                                                                 
=================================================================
Total params: 82,954
Trainable params: 82,890
Non-trainable params: 64
_________________________________________________________________
Taxa de aprendizado:  0.1 Num de épocas:  38 Tamanho do lote:  512 Dropout:  0.37518
Epoch 1/38
2024-06-25 12:32:58.781161: I tensorflow/stream_executor/cuda/cuda_dnn.cc:384] Loaded cuDNN version 8100
2024-06-25 12:32:59.605105: W tensorflow/stream_executor/gpu/redzone_allocator.cc:314] INTERNAL: ptxas exited with non-zero error code -1, output: 
Relying on driver to perform ptx compilation. 
Modify $PATH to customize ptxas location.
This message will be only logged once.
2024-06-25 12:33:00.376898: I tensorflow/stream_executor/cuda/cuda_blas.cc:1614] TensorFloat-32 will be used for the matrix multiplication. This will only be logged once.

 1/98 [..............................] - ETA: 4:29 - loss: 2.9672 - accuracy: 0.0898
 5/98 [>.............................] - ETA: 3s - loss: 48.4777 - accuracy: 0.1418 
 9/98 [=>............................] - ETA: 2s - loss: 43.3231 - accuracy: 0.1537
14/98 [===>..........................] - ETA: 1s - loss: 34.8595 - accuracy: 0.1575
19/98 [====>.........................] - ETA: 1s - loss: 33.3827 - accuracy: 0.1454
23/98 [======>.......................] - ETA: 1s - loss: 31.8803 - accuracy: 0.1484
27/98 [=======>......................] - ETA: 1s - loss: 29.5471 - accuracy: 0.1479
32/98 [========>.....................] - ETA: 1s - loss: 26.1661 - accuracy: 0.1594
36/98 [==========>...................] - ETA: 1s - loss: 24.1597 - accuracy: 0.1564
40/98 [===========>..................] - ETA: 0s - loss: 22.8295 - accuracy: 0.1540
44/98 [============>.................] - ETA: 0s - loss: 21.5261 - accuracy: 0.1585
49/98 [==============>...............] - ETA: 0s - loss: 20.0713 - accuracy: 0.1618
54/98 [===============>..............] - ETA: 0s - loss: 18.9136 - accuracy: 0.1625
59/98 [=================>............] - ETA: 0s - loss: 18.0873 - accuracy: 0.1619
63/98 [==================>...........] - ETA: 0s - loss: 17.4174 - accuracy: 0.1684
68/98 [===================>..........] - ETA: 0s - loss: 16.4946 - accuracy: 0.1720
72/98 [=====================>........] - ETA: 0s - loss: 15.8113 - accuracy: 0.1704
76/98 [======================>.......] - ETA: 0s - loss: 15.1867 - accuracy: 0.1727
81/98 [=======================>......] - ETA: 0s - loss: 14.4325 - accuracy: 0.1776
86/98 [=========================>....] - ETA: 0s - loss: 13.7409 - accuracy: 0.1787
91/98 [==========================>...] - ETA: 0s - loss: 13.1117 - accuracy: 0.1831
95/98 [============================>.] - ETA: 0s - loss: 12.6469 - accuracy: 0.1864
98/98 [==============================] - 5s 26ms/step - loss: 12.3227 - accuracy: 0.1885 - val_loss: 2.0429 - val_accuracy: 0.2931
Epoch 2/38

 1/98 [..............................] - ETA: 1s - loss: 2.0983 - accuracy: 0.2598
 5/98 [>.............................] - ETA: 1s - loss: 2.0078 - accuracy: 0.2984
10/98 [==>...........................] - ETA: 1s - loss: 1.9961 - accuracy: 0.3012
14/98 [===>..........................] - ETA: 1s - loss: 1.9820 - accuracy: 0.3071
19/98 [====>.........................] - ETA: 1s - loss: 1.9796 - accuracy: 0.3077
24/98 [======>.......................] - ETA: 1s - loss: 1.9666 - accuracy: 0.3132
28/98 [=======>......................] - ETA: 0s - loss: 1.9575 - accuracy: 0.3124
33/98 [=========>....................] - ETA: 0s - loss: 1.9449 - accuracy: 0.3157
38/98 [==========>...................] - ETA: 0s - loss: 1.9416 - accuracy: 0.3162
42/98 [===========>..................] - ETA: 0s - loss: 1.9390 - accuracy: 0.3175
47/98 [=============>................] - ETA: 0s - loss: 1.9353 - accuracy: 0.3199
51/98 [==============>...............] - ETA: 0s - loss: 1.9326 - accuracy: 0.3214
56/98 [================>.............] - ETA: 0s - loss: 1.9278 - accuracy: 0.3252
61/98 [=================>............] - ETA: 0s - loss: 1.9204 - accuracy: 0.3281
65/98 [==================>...........] - ETA: 0s - loss: 1.9146 - accuracy: 0.3301
70/98 [====================>.........] - ETA: 0s - loss: 1.9123 - accuracy: 0.3308
75/98 [=====================>........] - ETA: 0s - loss: 1.9072 - accuracy: 0.3325
80/98 [=======================>......] - ETA: 0s - loss: 1.9020 - accuracy: 0.3345
84/98 [========================>.....] - ETA: 0s - loss: 1.8967 - accuracy: 0.3366
89/98 [==========================>...] - ETA: 0s - loss: 1.8929 - accuracy: 0.3379
93/98 [===========================>..] - ETA: 0s - loss: 1.8899 - accuracy: 0.3381
98/98 [==============================] - ETA: 0s - loss: 1.8853 - accuracy: 0.3398
98/98 [==============================] - 2s 22ms/step - loss: 1.8853 - accuracy: 0.3398 - val_loss: 1.8960 - val_accuracy: 0.3387
Epoch 3/38

 1/98 [..............................] - ETA: 2s - loss: 1.8092 - accuracy: 0.3594
 6/98 [>.............................] - ETA: 1s - loss: 1.8129 - accuracy: 0.3636
10/98 [==>...........................] - ETA: 1s - loss: 1.8053 - accuracy: 0.3637
15/98 [===>..........................] - ETA: 1s - loss: 1.8098 - accuracy: 0.3628
19/98 [====>.........................] - ETA: 1s - loss: 1.8089 - accuracy: 0.3638
23/98 [======>.......................] - ETA: 1s - loss: 1.8142 - accuracy: 0.3614
27/98 [=======>......................] - ETA: 1s - loss: 1.8144 - accuracy: 0.3614
32/98 [========>.....................] - ETA: 0s - loss: 1.8135 - accuracy: 0.3630
36/98 [==========>...................] - ETA: 0s - loss: 1.8085 - accuracy: 0.3649
41/98 [===========>..................] - ETA: 0s - loss: 1.8064 - accuracy: 0.3663
45/98 [============>.................] - ETA: 0s - loss: 1.8025 - accuracy: 0.3689
50/98 [==============>...............] - ETA: 0s - loss: 1.8011 - accuracy: 0.3690
55/98 [===============>..............] - ETA: 0s - loss: 1.7951 - accuracy: 0.3707
60/98 [=================>............] - ETA: 0s - loss: 1.7909 - accuracy: 0.3738
64/98 [==================>...........] - ETA: 0s - loss: 1.7874 - accuracy: 0.3750
69/98 [====================>.........] - ETA: 0s - loss: 1.7864 - accuracy: 0.3745
73/98 [=====================>........] - ETA: 0s - loss: 1.7857 - accuracy: 0.3754
77/98 [======================>.......] - ETA: 0s - loss: 1.7834 - accuracy: 0.3764
82/98 [========================>.....] - ETA: 0s - loss: 1.7776 - accuracy: 0.3784
87/98 [=========================>....] - ETA: 0s - loss: 1.7757 - accuracy: 0.3792
91/98 [==========================>...] - ETA: 0s - loss: 1.7735 - accuracy: 0.3802
96/98 [============================>.] - ETA: 0s - loss: 1.7717 - accuracy: 0.3812
98/98 [==============================] - 2s 22ms/step - loss: 1.7710 - accuracy: 0.3817 - val_loss: 1.7498 - val_accuracy: 0.3763
Epoch 4/38

 1/98 [..............................] - ETA: 1s - loss: 1.6933 - accuracy: 0.3965
 5/98 [>.............................] - ETA: 1s - loss: 1.7266 - accuracy: 0.4043
10/98 [==>...........................] - ETA: 1s - loss: 1.7271 - accuracy: 0.4018
15/98 [===>..........................] - ETA: 1s - loss: 1.7174 - accuracy: 0.4008
20/98 [=====>........................] - ETA: 1s - loss: 1.7182 - accuracy: 0.3992
24/98 [======>.......................] - ETA: 1s - loss: 1.7111 - accuracy: 0.4021
29/98 [=======>......................] - ETA: 0s - loss: 1.7100 - accuracy: 0.4024
34/98 [=========>....................] - ETA: 0s - loss: 1.7097 - accuracy: 0.4015
39/98 [==========>...................] - ETA: 0s - loss: 1.7096 - accuracy: 0.4016
45/98 [============>.................] - ETA: 0s - loss: 1.7087 - accuracy: 0.4012
51/98 [==============>...............] - ETA: 0s - loss: 1.7068 - accuracy: 0.4010
57/98 [================>.............] - ETA: 0s - loss: 1.7093 - accuracy: 0.4004
62/98 [=================>............] - ETA: 0s - loss: 1.7070 - accuracy: 0.4025
67/98 [===================>..........] - ETA: 0s - loss: 1.7069 - accuracy: 0.4023
72/98 [=====================>........] - ETA: 0s - loss: 1.7053 - accuracy: 0.4030
77/98 [======================>.......] - ETA: 0s - loss: 1.7040 - accuracy: 0.4034
83/98 [========================>.....] - ETA: 0s - loss: 1.7013 - accuracy: 0.4046
88/98 [=========================>....] - ETA: 0s - loss: 1.7012 - accuracy: 0.4041
94/98 [===========================>..] - ETA: 0s - loss: 1.7012 - accuracy: 0.4043
98/98 [==============================] - 2s 19ms/step - loss: 1.7008 - accuracy: 0.4043 - val_loss: 1.6579 - val_accuracy: 0.4112
Epoch 5/38

 1/98 [..............................] - ETA: 3s - loss: 1.7027 - accuracy: 0.3809
 5/98 [>.............................] - ETA: 1s - loss: 1.6751 - accuracy: 0.4164
10/98 [==>...........................] - ETA: 1s - loss: 1.6525 - accuracy: 0.4184
14/98 [===>..........................] - ETA: 1s - loss: 1.6386 - accuracy: 0.4227
19/98 [====>.........................] - ETA: 1s - loss: 1.6495 - accuracy: 0.4256
23/98 [======>.......................] - ETA: 1s - loss: 1.6502 - accuracy: 0.4244
27/98 [=======>......................] - ETA: 1s - loss: 1.6539 - accuracy: 0.4226
32/98 [========>.....................] - ETA: 0s - loss: 1.6501 - accuracy: 0.4243
36/98 [==========>...................] - ETA: 0s - loss: 1.6457 - accuracy: 0.4259
41/98 [===========>..................] - ETA: 0s - loss: 1.6433 - accuracy: 0.4270
46/98 [=============>................] - ETA: 0s - loss: 1.6415 - accuracy: 0.4274
51/98 [==============>...............] - ETA: 0s - loss: 1.6361 - accuracy: 0.4280
55/98 [===============>..............] - ETA: 0s - loss: 1.6339 - accuracy: 0.4280
60/98 [=================>............] - ETA: 0s - loss: 1.6347 - accuracy: 0.4280
65/98 [==================>...........] - ETA: 0s - loss: 1.6357 - accuracy: 0.4273
69/98 [====================>.........] - ETA: 0s - loss: 1.6331 - accuracy: 0.4280
74/98 [=====================>........] - ETA: 0s - loss: 1.6331 - accuracy: 0.4274
79/98 [=======================>......] - ETA: 0s - loss: 1.6335 - accuracy: 0.4272
84/98 [========================>.....] - ETA: 0s - loss: 1.6332 - accuracy: 0.4276
88/98 [=========================>....] - ETA: 0s - loss: 1.6317 - accuracy: 0.4282
93/98 [===========================>..] - ETA: 0s - loss: 1.6280 - accuracy: 0.4284
97/98 [============================>.] - ETA: 0s - loss: 1.6272 - accuracy: 0.4281
98/98 [==============================] - 2s 21ms/step - loss: 1.6277 - accuracy: 0.4277 - val_loss: 1.6423 - val_accuracy: 0.4253
Epoch 6/38

 1/98 [..............................] - ETA: 3s - loss: 1.5842 - accuracy: 0.4453
 6/98 [>.............................] - ETA: 1s - loss: 1.5978 - accuracy: 0.4372
10/98 [==>...........................] - ETA: 1s - loss: 1.5857 - accuracy: 0.4449
14/98 [===>..........................] - ETA: 1s - loss: 1.5872 - accuracy: 0.4489
18/98 [====>.........................] - ETA: 1s - loss: 1.5871 - accuracy: 0.4444
23/98 [======>.......................] - ETA: 1s - loss: 1.5793 - accuracy: 0.4451
28/98 [=======>......................] - ETA: 0s - loss: 1.5768 - accuracy: 0.4467
32/98 [========>.....................] - ETA: 0s - loss: 1.5734 - accuracy: 0.4478
37/98 [==========>...................] - ETA: 0s - loss: 1.5750 - accuracy: 0.4468
41/98 [===========>..................] - ETA: 0s - loss: 1.5747 - accuracy: 0.4464
46/98 [=============>................] - ETA: 0s - loss: 1.5793 - accuracy: 0.4444
51/98 [==============>...............] - ETA: 0s - loss: 1.5834 - accuracy: 0.4431
55/98 [===============>..............] - ETA: 0s - loss: 1.5790 - accuracy: 0.4446
60/98 [=================>............] - ETA: 0s - loss: 1.5800 - accuracy: 0.4439
65/98 [==================>...........] - ETA: 0s - loss: 1.5771 - accuracy: 0.4441
69/98 [====================>.........] - ETA: 0s - loss: 1.5774 - accuracy: 0.4442
74/98 [=====================>........] - ETA: 0s - loss: 1.5801 - accuracy: 0.4433
79/98 [=======================>......] - ETA: 0s - loss: 1.5757 - accuracy: 0.4454
83/98 [========================>.....] - ETA: 0s - loss: 1.5734 - accuracy: 0.4462
88/98 [=========================>....] - ETA: 0s - loss: 1.5725 - accuracy: 0.4465
92/98 [===========================>..] - ETA: 0s - loss: 1.5749 - accuracy: 0.4454
97/98 [============================>.] - ETA: 0s - loss: 1.5732 - accuracy: 0.4456
98/98 [==============================] - 2s 21ms/step - loss: 1.5724 - accuracy: 0.4461 - val_loss: 1.5346 - val_accuracy: 0.4529
Epoch 7/38

 1/98 [..............................] - ETA: 1s - loss: 1.4524 - accuracy: 0.4375
 5/98 [>.............................] - ETA: 1s - loss: 1.5122 - accuracy: 0.4445
10/98 [==>...........................] - ETA: 1s - loss: 1.5084 - accuracy: 0.4533
14/98 [===>..........................] - ETA: 1s - loss: 1.5156 - accuracy: 0.4515
19/98 [====>.........................] - ETA: 1s - loss: 1.5303 - accuracy: 0.4479
23/98 [======>.......................] - ETA: 1s - loss: 1.5309 - accuracy: 0.4496
28/98 [=======>......................] - ETA: 0s - loss: 1.5280 - accuracy: 0.4527
32/98 [========>.....................] - ETA: 0s - loss: 1.5286 - accuracy: 0.4543
37/98 [==========>...................] - ETA: 0s - loss: 1.5304 - accuracy: 0.4549
42/98 [===========>..................] - ETA: 0s - loss: 1.5365 - accuracy: 0.4528
46/98 [=============>................] - ETA: 0s - loss: 1.5380 - accuracy: 0.4517
51/98 [==============>...............] - ETA: 0s - loss: 1.5410 - accuracy: 0.4513
55/98 [===============>..............] - ETA: 0s - loss: 1.5405 - accuracy: 0.4523
60/98 [=================>............] - ETA: 0s - loss: 1.5419 - accuracy: 0.4532
65/98 [==================>...........] - ETA: 0s - loss: 1.5421 - accuracy: 0.4528
69/98 [====================>.........] - ETA: 0s - loss: 1.5430 - accuracy: 0.4528
74/98 [=====================>........] - ETA: 0s - loss: 1.5461 - accuracy: 0.4520
78/98 [======================>.......] - ETA: 0s - loss: 1.5497 - accuracy: 0.4501
83/98 [========================>.....] - ETA: 0s - loss: 1.5476 - accuracy: 0.4512
88/98 [=========================>....] - ETA: 0s - loss: 1.5448 - accuracy: 0.4531
92/98 [===========================>..] - ETA: 0s - loss: 1.5457 - accuracy: 0.4525
97/98 [============================>.] - ETA: 0s - loss: 1.5451 - accuracy: 0.4523
98/98 [==============================] - 2s 21ms/step - loss: 1.5457 - accuracy: 0.4523 - val_loss: 1.5772 - val_accuracy: 0.4426
Epoch 8/38

 1/98 [..............................] - ETA: 3s - loss: 1.6406 - accuracy: 0.4746
 5/98 [>.............................] - ETA: 1s - loss: 1.5120 - accuracy: 0.4742
10/98 [==>...........................] - ETA: 1s - loss: 1.5078 - accuracy: 0.4727
15/98 [===>..........................] - ETA: 1s - loss: 1.5039 - accuracy: 0.4692
21/98 [=====>........................] - ETA: 0s - loss: 1.5086 - accuracy: 0.4703
26/98 [======>.......................] - ETA: 0s - loss: 1.5118 - accuracy: 0.4685
32/98 [========>.....................] - ETA: 0s - loss: 1.5208 - accuracy: 0.4659
38/98 [==========>...................] - ETA: 0s - loss: 1.5282 - accuracy: 0.4640
43/98 [============>.................] - ETA: 0s - loss: 1.5271 - accuracy: 0.4637
49/98 [==============>...............] - ETA: 0s - loss: 1.5222 - accuracy: 0.4638
54/98 [===============>..............] - ETA: 0s - loss: 1.5235 - accuracy: 0.4626
59/98 [=================>............] - ETA: 0s - loss: 1.5252 - accuracy: 0.4625
64/98 [==================>...........] - ETA: 0s - loss: 1.5288 - accuracy: 0.4609
70/98 [====================>.........] - ETA: 0s - loss: 1.5323 - accuracy: 0.4595
75/98 [=====================>........] - ETA: 0s - loss: 1.5328 - accuracy: 0.4593
81/98 [=======================>......] - ETA: 0s - loss: 1.5359 - accuracy: 0.4581
87/98 [=========================>....] - ETA: 0s - loss: 1.5383 - accuracy: 0.4567
92/98 [===========================>..] - ETA: 0s - loss: 1.5382 - accuracy: 0.4568
97/98 [============================>.] - ETA: 0s - loss: 1.5381 - accuracy: 0.4566
98/98 [==============================] - 2s 19ms/step - loss: 1.5374 - accuracy: 0.4571 - val_loss: 1.5125 - val_accuracy: 0.4590
Epoch 9/38

 1/98 [..............................] - ETA: 3s - loss: 1.5787 - accuracy: 0.4766
 6/98 [>.............................] - ETA: 1s - loss: 1.5074 - accuracy: 0.4701
10/98 [==>...........................] - ETA: 1s - loss: 1.5207 - accuracy: 0.4633
15/98 [===>..........................] - ETA: 1s - loss: 1.5204 - accuracy: 0.4628
20/98 [=====>........................] - ETA: 1s - loss: 1.5170 - accuracy: 0.4614
24/98 [======>.......................] - ETA: 1s - loss: 1.5155 - accuracy: 0.4636
29/98 [=======>......................] - ETA: 0s - loss: 1.5192 - accuracy: 0.4625
33/98 [=========>....................] - ETA: 0s - loss: 1.5202 - accuracy: 0.4616
38/98 [==========>...................] - ETA: 0s - loss: 1.5221 - accuracy: 0.4610
42/98 [===========>..................] - ETA: 0s - loss: 1.5244 - accuracy: 0.4608
47/98 [=============>................] - ETA: 0s - loss: 1.5318 - accuracy: 0.4588
52/98 [==============>...............] - ETA: 0s - loss: 1.5316 - accuracy: 0.4602
56/98 [================>.............] - ETA: 0s - loss: 1.5330 - accuracy: 0.4597
61/98 [=================>............] - ETA: 0s - loss: 1.5337 - accuracy: 0.4587
65/98 [==================>...........] - ETA: 0s - loss: 1.5346 - accuracy: 0.4586
70/98 [====================>.........] - ETA: 0s - loss: 1.5351 - accuracy: 0.4582
75/98 [=====================>........] - ETA: 0s - loss: 1.5356 - accuracy: 0.4590
79/98 [=======================>......] - ETA: 0s - loss: 1.5381 - accuracy: 0.4580
84/98 [========================>.....] - ETA: 0s - loss: 1.5398 - accuracy: 0.4570
88/98 [=========================>....] - ETA: 0s - loss: 1.5404 - accuracy: 0.4567
93/98 [===========================>..] - ETA: 0s - loss: 1.5394 - accuracy: 0.4575
98/98 [==============================] - ETA: 0s - loss: 1.5390 - accuracy: 0.4575
98/98 [==============================] - 2s 21ms/step - loss: 1.5390 - accuracy: 0.4575 - val_loss: 1.5372 - val_accuracy: 0.4505
Epoch 10/38

 1/98 [..............................] - ETA: 2s - loss: 1.5877 - accuracy: 0.4199
 6/98 [>.............................] - ETA: 1s - loss: 1.5457 - accuracy: 0.4482
10/98 [==>...........................] - ETA: 1s - loss: 1.5545 - accuracy: 0.4477
15/98 [===>..........................] - ETA: 1s - loss: 1.5463 - accuracy: 0.4521
20/98 [=====>........................] - ETA: 1s - loss: 1.5572 - accuracy: 0.4533
24/98 [======>.......................] - ETA: 1s - loss: 1.5527 - accuracy: 0.4526
29/98 [=======>......................] - ETA: 0s - loss: 1.5520 - accuracy: 0.4514
33/98 [=========>....................] - ETA: 0s - loss: 1.5503 - accuracy: 0.4507
38/98 [==========>...................] - ETA: 0s - loss: 1.5412 - accuracy: 0.4550
43/98 [============>.................] - ETA: 0s - loss: 1.5399 - accuracy: 0.4566
47/98 [=============>................] - ETA: 0s - loss: 1.5388 - accuracy: 0.4573
52/98 [==============>...............] - ETA: 0s - loss: 1.5356 - accuracy: 0.4589
56/98 [================>.............] - ETA: 0s - loss: 1.5348 - accuracy: 0.4585
61/98 [=================>............] - ETA: 0s - loss: 1.5331 - accuracy: 0.4590
66/98 [===================>..........] - ETA: 0s - loss: 1.5348 - accuracy: 0.4584
70/98 [====================>.........] - ETA: 0s - loss: 1.5352 - accuracy: 0.4582
74/98 [=====================>........] - ETA: 0s - loss: 1.5345 - accuracy: 0.4581
78/98 [======================>.......] - ETA: 0s - loss: 1.5339 - accuracy: 0.4578
83/98 [========================>.....] - ETA: 0s - loss: 1.5348 - accuracy: 0.4571
87/98 [=========================>....] - ETA: 0s - loss: 1.5356 - accuracy: 0.4570
91/98 [==========================>...] - ETA: 0s - loss: 1.5369 - accuracy: 0.4560
95/98 [============================>.] - ETA: 0s - loss: 1.5377 - accuracy: 0.4553
98/98 [==============================] - 2s 21ms/step - loss: 1.5364 - accuracy: 0.4558 - val_loss: 1.5111 - val_accuracy: 0.4607
Epoch 11/38

 1/98 [..............................] - ETA: 3s - loss: 1.6523 - accuracy: 0.4141
 6/98 [>.............................] - ETA: 1s - loss: 1.4985 - accuracy: 0.4674
11/98 [==>...........................] - ETA: 1s - loss: 1.5082 - accuracy: 0.4650
16/98 [===>..........................] - ETA: 1s - loss: 1.5000 - accuracy: 0.4682
20/98 [=====>........................] - ETA: 1s - loss: 1.5053 - accuracy: 0.4656
25/98 [======>.......................] - ETA: 0s - loss: 1.5139 - accuracy: 0.4621
30/98 [========>.....................] - ETA: 0s - loss: 1.5130 - accuracy: 0.4613
35/98 [=========>....................] - ETA: 0s - loss: 1.5098 - accuracy: 0.4629
39/98 [==========>...................] - ETA: 0s - loss: 1.5110 - accuracy: 0.4622
44/98 [============>.................] - ETA: 0s - loss: 1.5096 - accuracy: 0.4624
48/98 [=============>................] - ETA: 0s - loss: 1.5099 - accuracy: 0.4621
53/98 [===============>..............] - ETA: 0s - loss: 1.5111 - accuracy: 0.4618
57/98 [================>.............] - ETA: 0s - loss: 1.5115 - accuracy: 0.4625
62/98 [=================>............] - ETA: 0s - loss: 1.5150 - accuracy: 0.4609
67/98 [===================>..........] - ETA: 0s - loss: 1.5148 - accuracy: 0.4613
72/98 [=====================>........] - ETA: 0s - loss: 1.5167 - accuracy: 0.4602
76/98 [======================>.......] - ETA: 0s - loss: 1.5170 - accuracy: 0.4606
81/98 [=======================>......] - ETA: 0s - loss: 1.5184 - accuracy: 0.4603
85/98 [=========================>....] - ETA: 0s - loss: 1.5174 - accuracy: 0.4605
90/98 [==========================>...] - ETA: 0s - loss: 1.5192 - accuracy: 0.4603
95/98 [============================>.] - ETA: 0s - loss: 1.5210 - accuracy: 0.4599
98/98 [==============================] - 2s 21ms/step - loss: 1.5205 - accuracy: 0.4594 - val_loss: 1.4907 - val_accuracy: 0.4674
Epoch 12/38

 1/98 [..............................] - ETA: 1s - loss: 1.5582 - accuracy: 0.4258
 6/98 [>.............................] - ETA: 1s - loss: 1.5765 - accuracy: 0.4340
12/98 [==>...........................] - ETA: 0s - loss: 1.5529 - accuracy: 0.4484
18/98 [====>.........................] - ETA: 0s - loss: 1.5380 - accuracy: 0.4550
24/98 [======>.......................] - ETA: 0s - loss: 1.5266 - accuracy: 0.4598
30/98 [========>.....................] - ETA: 0s - loss: 1.5220 - accuracy: 0.4607
35/98 [=========>....................] - ETA: 0s - loss: 1.5190 - accuracy: 0.4619
41/98 [===========>..................] - ETA: 0s - loss: 1.5206 - accuracy: 0.4602
46/98 [=============>................] - ETA: 0s - loss: 1.5233 - accuracy: 0.4602
52/98 [==============>...............] - ETA: 0s - loss: 1.5220 - accuracy: 0.4624
57/98 [================>.............] - ETA: 0s - loss: 1.5236 - accuracy: 0.4634
63/98 [==================>...........] - ETA: 0s - loss: 1.5254 - accuracy: 0.4630
69/98 [====================>.........] - ETA: 0s - loss: 1.5228 - accuracy: 0.4633
74/98 [=====================>........] - ETA: 0s - loss: 1.5208 - accuracy: 0.4637
80/98 [=======================>......] - ETA: 0s - loss: 1.5184 - accuracy: 0.4632
85/98 [=========================>....] - ETA: 0s - loss: 1.5169 - accuracy: 0.4634
90/98 [==========================>...] - ETA: 0s - loss: 1.5182 - accuracy: 0.4636
94/98 [===========================>..] - ETA: 0s - loss: 1.5194 - accuracy: 0.4627
98/98 [==============================] - 2s 19ms/step - loss: 1.5213 - accuracy: 0.4621 - val_loss: 1.5790 - val_accuracy: 0.4204
Epoch 13/38

 1/98 [..............................] - ETA: 3s - loss: 1.5153 - accuracy: 0.4648
 5/98 [>.............................] - ETA: 1s - loss: 1.5014 - accuracy: 0.4602
10/98 [==>...........................] - ETA: 1s - loss: 1.5469 - accuracy: 0.4492
14/98 [===>..........................] - ETA: 1s - loss: 1.5492 - accuracy: 0.4508
19/98 [====>.........................] - ETA: 1s - loss: 1.5701 - accuracy: 0.4499
23/98 [======>.......................] - ETA: 1s - loss: 1.5761 - accuracy: 0.4479
28/98 [=======>......................] - ETA: 0s - loss: 1.5811 - accuracy: 0.4469
32/98 [========>.....................] - ETA: 0s - loss: 1.5779 - accuracy: 0.4474
37/98 [==========>...................] - ETA: 0s - loss: 1.5797 - accuracy: 0.4470
42/98 [===========>..................] - ETA: 0s - loss: 1.5699 - accuracy: 0.4495
46/98 [=============>................] - ETA: 0s - loss: 1.5665 - accuracy: 0.4484
50/98 [==============>...............] - ETA: 0s - loss: 1.5644 - accuracy: 0.4482
54/98 [===============>..............] - ETA: 0s - loss: 1.5579 - accuracy: 0.4498
59/98 [=================>............] - ETA: 0s - loss: 1.5524 - accuracy: 0.4518
63/98 [==================>...........] - ETA: 0s - loss: 1.5509 - accuracy: 0.4526
68/98 [===================>..........] - ETA: 0s - loss: 1.5512 - accuracy: 0.4523
72/98 [=====================>........] - ETA: 0s - loss: 1.5509 - accuracy: 0.4524
77/98 [======================>.......] - ETA: 0s - loss: 1.5506 - accuracy: 0.4528
81/98 [=======================>......] - ETA: 0s - loss: 1.5501 - accuracy: 0.4527
86/98 [=========================>....] - ETA: 0s - loss: 1.5515 - accuracy: 0.4528
91/98 [==========================>...] - ETA: 0s - loss: 1.5523 - accuracy: 0.4530
95/98 [============================>.] - ETA: 0s - loss: 1.5532 - accuracy: 0.4521
98/98 [==============================] - 2s 21ms/step - loss: 1.5519 - accuracy: 0.4521 - val_loss: 1.5547 - val_accuracy: 0.4469
Epoch 14/38

 1/98 [..............................] - ETA: 3s - loss: 1.6137 - accuracy: 0.4258
 5/98 [>.............................] - ETA: 1s - loss: 1.5797 - accuracy: 0.4340
10/98 [==>...........................] - ETA: 1s - loss: 1.5500 - accuracy: 0.4453
14/98 [===>..........................] - ETA: 1s - loss: 1.5324 - accuracy: 0.4488
19/98 [====>.........................] - ETA: 1s - loss: 1.5134 - accuracy: 0.4542
23/98 [======>.......................] - ETA: 1s - loss: 1.5100 - accuracy: 0.4564
28/98 [=======>......................] - ETA: 0s - loss: 1.5089 - accuracy: 0.4568
32/98 [========>.....................] - ETA: 0s - loss: 1.5089 - accuracy: 0.4575
37/98 [==========>...................] - ETA: 0s - loss: 1.5090 - accuracy: 0.4588
41/98 [===========>..................] - ETA: 0s - loss: 1.5155 - accuracy: 0.4576
46/98 [=============>................] - ETA: 0s - loss: 1.5249 - accuracy: 0.4546
50/98 [==============>...............] - ETA: 0s - loss: 1.5292 - accuracy: 0.4533
55/98 [===============>..............] - ETA: 0s - loss: 1.5360 - accuracy: 0.4518
59/98 [=================>............] - ETA: 0s - loss: 1.5391 - accuracy: 0.4517
64/98 [==================>...........] - ETA: 0s - loss: 1.5409 - accuracy: 0.4517
68/98 [===================>..........] - ETA: 0s - loss: 1.5402 - accuracy: 0.4523
73/98 [=====================>........] - ETA: 0s - loss: 1.5427 - accuracy: 0.4523
77/98 [======================>.......] - ETA: 0s - loss: 1.5429 - accuracy: 0.4525
82/98 [========================>.....] - ETA: 0s - loss: 1.5443 - accuracy: 0.4520
87/98 [=========================>....] - ETA: 0s - loss: 1.5422 - accuracy: 0.4531
91/98 [==========================>...] - ETA: 0s - loss: 1.5416 - accuracy: 0.4533
96/98 [============================>.] - ETA: 0s - loss: 1.5424 - accuracy: 0.4527
98/98 [==============================] - 2s 22ms/step - loss: 1.5430 - accuracy: 0.4526 - val_loss: 1.5146 - val_accuracy: 0.4458
Epoch 15/38

 1/98 [..............................] - ETA: 3s - loss: 1.5964 - accuracy: 0.4102
 6/98 [>.............................] - ETA: 1s - loss: 1.5473 - accuracy: 0.4375
11/98 [==>...........................] - ETA: 1s - loss: 1.5257 - accuracy: 0.4506
15/98 [===>..........................] - ETA: 1s - loss: 1.5169 - accuracy: 0.4549
20/98 [=====>........................] - ETA: 1s - loss: 1.5179 - accuracy: 0.4602
24/98 [======>.......................] - ETA: 1s - loss: 1.5179 - accuracy: 0.4612
29/98 [=======>......................] - ETA: 0s - loss: 1.5144 - accuracy: 0.4647
33/98 [=========>....................] - ETA: 0s - loss: 1.5174 - accuracy: 0.4639
38/98 [==========>...................] - ETA: 0s - loss: 1.5210 - accuracy: 0.4637
42/98 [===========>..................] - ETA: 0s - loss: 1.5234 - accuracy: 0.4621
47/98 [=============>................] - ETA: 0s - loss: 1.5211 - accuracy: 0.4625
52/98 [==============>...............] - ETA: 0s - loss: 1.5242 - accuracy: 0.4615
56/98 [================>.............] - ETA: 0s - loss: 1.5272 - accuracy: 0.4598
61/98 [=================>............] - ETA: 0s - loss: 1.5284 - accuracy: 0.4584
65/98 [==================>...........] - ETA: 0s - loss: 1.5288 - accuracy: 0.4586
70/98 [====================>.........] - ETA: 0s - loss: 1.5311 - accuracy: 0.4571
75/98 [=====================>........] - ETA: 0s - loss: 1.5320 - accuracy: 0.4566
79/98 [=======================>......] - ETA: 0s - loss: 1.5321 - accuracy: 0.4568
84/98 [========================>.....] - ETA: 0s - loss: 1.5317 - accuracy: 0.4573
89/98 [==========================>...] - ETA: 0s - loss: 1.5296 - accuracy: 0.4585
93/98 [===========================>..] - ETA: 0s - loss: 1.5301 - accuracy: 0.4579
98/98 [==============================] - ETA: 0s - loss: 1.5315 - accuracy: 0.4577
98/98 [==============================] - 2s 20ms/step - loss: 1.5315 - accuracy: 0.4577 - val_loss: 1.4739 - val_accuracy: 0.4876
Epoch 16/38

 1/98 [..............................] - ETA: 3s - loss: 1.5436 - accuracy: 0.4297
 7/98 [=>............................] - ETA: 0s - loss: 1.5295 - accuracy: 0.4615
12/98 [==>...........................] - ETA: 0s - loss: 1.5371 - accuracy: 0.4531
18/98 [====>.........................] - ETA: 0s - loss: 1.5396 - accuracy: 0.4534
23/98 [======>.......................] - ETA: 0s - loss: 1.5366 - accuracy: 0.4538
29/98 [=======>......................] - ETA: 0s - loss: 1.5238 - accuracy: 0.4579
31/98 [========>.....................] - ETA: 0s - loss: 1.5218 - accuracy: 0.4588
35/98 [=========>....................] - ETA: 0s - loss: 1.5248 - accuracy: 0.4585
39/98 [==========>...................] - ETA: 0s - loss: 1.5276 - accuracy: 0.4584
44/98 [============>.................] - ETA: 0s - loss: 1.5255 - accuracy: 0.4596
49/98 [==============>...............] - ETA: 0s - loss: 1.5362 - accuracy: 0.4572
53/98 [===============>..............] - ETA: 0s - loss: 1.5382 - accuracy: 0.4568
58/98 [================>.............] - ETA: 0s - loss: 1.5366 - accuracy: 0.4572
62/98 [=================>............] - ETA: 0s - loss: 1.5339 - accuracy: 0.4590
67/98 [===================>..........] - ETA: 0s - loss: 1.5358 - accuracy: 0.4583
72/98 [=====================>........] - ETA: 0s - loss: 1.5367 - accuracy: 0.4575
76/98 [======================>.......] - ETA: 0s - loss: 1.5394 - accuracy: 0.4569
80/98 [=======================>......] - ETA: 0s - loss: 1.5411 - accuracy: 0.4563
84/98 [========================>.....] - ETA: 0s - loss: 1.5417 - accuracy: 0.4569
89/98 [==========================>...] - ETA: 0s - loss: 1.5410 - accuracy: 0.4564
94/98 [===========================>..] - ETA: 0s - loss: 1.5415 - accuracy: 0.4570
98/98 [==============================] - ETA: 0s - loss: 1.5426 - accuracy: 0.4561
98/98 [==============================] - 2s 21ms/step - loss: 1.5426 - accuracy: 0.4561 - val_loss: 1.5404 - val_accuracy: 0.4489
Epoch 17/38

 1/98 [..............................] - ETA: 3s - loss: 1.5803 - accuracy: 0.4297
 6/98 [>.............................] - ETA: 1s - loss: 1.4961 - accuracy: 0.4704
10/98 [==>...........................] - ETA: 1s - loss: 1.4833 - accuracy: 0.4766
15/98 [===>..........................] - ETA: 1s - loss: 1.4776 - accuracy: 0.4770
20/98 [=====>........................] - ETA: 1s - loss: 1.4783 - accuracy: 0.4795
25/98 [======>.......................] - ETA: 0s - loss: 1.4914 - accuracy: 0.4767
29/98 [=======>......................] - ETA: 0s - loss: 1.4996 - accuracy: 0.4739
34/98 [=========>....................] - ETA: 0s - loss: 1.5069 - accuracy: 0.4701
38/98 [==========>...................] - ETA: 0s - loss: 1.5126 - accuracy: 0.4683
43/98 [============>.................] - ETA: 0s - loss: 1.5258 - accuracy: 0.4636
47/98 [=============>................] - ETA: 0s - loss: 1.5343 - accuracy: 0.4605
52/98 [==============>...............] - ETA: 0s - loss: 1.5358 - accuracy: 0.4610
57/98 [================>.............] - ETA: 0s - loss: 1.5379 - accuracy: 0.4607
62/98 [=================>............] - ETA: 0s - loss: 1.5386 - accuracy: 0.4608
66/98 [===================>..........] - ETA: 0s - loss: 1.5402 - accuracy: 0.4592
71/98 [====================>.........] - ETA: 0s - loss: 1.5402 - accuracy: 0.4595
76/98 [======================>.......] - ETA: 0s - loss: 1.5408 - accuracy: 0.4589
81/98 [=======================>......] - ETA: 0s - loss: 1.5414 - accuracy: 0.4580
85/98 [=========================>....] - ETA: 0s - loss: 1.5424 - accuracy: 0.4574
90/98 [==========================>...] - ETA: 0s - loss: 1.5436 - accuracy: 0.4572
95/98 [============================>.] - ETA: 0s - loss: 1.5461 - accuracy: 0.4563
98/98 [==============================] - 2s 21ms/step - loss: 1.5463 - accuracy: 0.4565 - val_loss: 1.5295 - val_accuracy: 0.4530
Epoch 18/38

 1/98 [..............................] - ETA: 3s - loss: 1.5378 - accuracy: 0.4414
 5/98 [>.............................] - ETA: 1s - loss: 1.5253 - accuracy: 0.4598
10/98 [==>...........................] - ETA: 1s - loss: 1.5199 - accuracy: 0.4652
14/98 [===>..........................] - ETA: 1s - loss: 1.5432 - accuracy: 0.4568
19/98 [====>.........................] - ETA: 1s - loss: 1.5343 - accuracy: 0.4597
23/98 [======>.......................] - ETA: 1s - loss: 1.5423 - accuracy: 0.4569
28/98 [=======>......................] - ETA: 0s - loss: 1.5404 - accuracy: 0.4578
33/98 [=========>....................] - ETA: 0s - loss: 1.5528 - accuracy: 0.4543
37/98 [==========>...................] - ETA: 0s - loss: 1.5543 - accuracy: 0.4540
42/98 [===========>..................] - ETA: 0s - loss: 1.5589 - accuracy: 0.4543
46/98 [=============>................] - ETA: 0s - loss: 1.5614 - accuracy: 0.4525
51/98 [==============>...............] - ETA: 0s - loss: 1.5670 - accuracy: 0.4497
56/98 [================>.............] - ETA: 0s - loss: 1.5707 - accuracy: 0.4490
60/98 [=================>............] - ETA: 0s - loss: 1.5730 - accuracy: 0.4470
65/98 [==================>...........] - ETA: 0s - loss: 1.5714 - accuracy: 0.4468
70/98 [====================>.........] - ETA: 0s - loss: 1.5939 - accuracy: 0.4436
74/98 [=====================>........] - ETA: 0s - loss: 1.6238 - accuracy: 0.4388
79/98 [=======================>......] - ETA: 0s - loss: 2.2972 - accuracy: 0.4264
83/98 [========================>.....] - ETA: 0s - loss: 11.5990 - accuracy: 0.4139
88/98 [=========================>....] - ETA: 0s - loss: 39.9407 - accuracy: 0.4025
92/98 [===========================>..] - ETA: 0s - loss: 55.1159 - accuracy: 0.3945
97/98 [============================>.] - ETA: 0s - loss: 75.7230 - accuracy: 0.3806
98/98 [==============================] - 2s 21ms/step - loss: 78.1490 - accuracy: 0.3778 - val_loss: 1083.4066 - val_accuracy: 0.0980
Epoch 19/38

 1/98 [..............................] - ETA: 3s - loss: 429.5090 - accuracy: 0.1113
 6/98 [>.............................] - ETA: 1s - loss: 747.4713 - accuracy: 0.1211
11/98 [==>...........................] - ETA: 1s - loss: 617.3499 - accuracy: 0.1392
16/98 [===>..........................] - ETA: 1s - loss: 528.4399 - accuracy: 0.1498
21/98 [=====>........................] - ETA: 0s - loss: 515.2410 - accuracy: 0.1507
25/98 [======>.......................] - ETA: 0s - loss: 479.8745 - accuracy: 0.1569
30/98 [========>.....................] - ETA: 0s - loss: 445.0164 - accuracy: 0.1578
34/98 [=========>....................] - ETA: 0s - loss: 417.5127 - accuracy: 0.1602
39/98 [==========>...................] - ETA: 0s - loss: 384.6955 - accuracy: 0.1643
44/98 [============>.................] - ETA: 0s - loss: 352.8456 - accuracy: 0.1656
49/98 [==============>...............] - ETA: 0s - loss: 329.5678 - accuracy: 0.1688
53/98 [===============>..............] - ETA: 0s - loss: 310.8902 - accuracy: 0.1680
58/98 [================>.............] - ETA: 0s - loss: 291.8214 - accuracy: 0.1732
62/98 [=================>............] - ETA: 0s - loss: 277.8780 - accuracy: 0.1770
67/98 [===================>..........] - ETA: 0s - loss: 266.3458 - accuracy: 0.1746
72/98 [=====================>........] - ETA: 0s - loss: 255.8949 - accuracy: 0.1776
77/98 [======================>.......] - ETA: 0s - loss: 244.0433 - accuracy: 0.1801
81/98 [=======================>......] - ETA: 0s - loss: 234.3116 - accuracy: 0.1801
86/98 [=========================>....] - ETA: 0s - loss: 222.6181 - accuracy: 0.1783
91/98 [==========================>...] - ETA: 0s - loss: 212.0392 - accuracy: 0.1824
96/98 [============================>.] - ETA: 0s - loss: 202.1099 - accuracy: 0.1839
98/98 [==============================] - 2s 19ms/step - loss: 198.2891 - accuracy: 0.1827 - val_loss: 14.3606 - val_accuracy: 0.2412
Epoch 20/38

 1/98 [..............................] - ETA: 3s - loss: 11.3544 - accuracy: 0.2461
 6/98 [>.............................] - ETA: 1s - loss: 13.3833 - accuracy: 0.2178
10/98 [==>...........................] - ETA: 1s - loss: 14.0640 - accuracy: 0.2166
15/98 [===>..........................] - ETA: 1s - loss: 14.9659 - accuracy: 0.2124
19/98 [====>.........................] - ETA: 1s - loss: 14.9513 - accuracy: 0.2076
24/98 [======>.......................] - ETA: 1s - loss: 14.0241 - accuracy: 0.2079
29/98 [=======>......................] - ETA: 0s - loss: 13.4180 - accuracy: 0.2033
34/98 [=========>....................] - ETA: 0s - loss: 12.6925 - accuracy: 0.2071
38/98 [==========>...................] - ETA: 0s - loss: 12.5907 - accuracy: 0.2108
43/98 [============>.................] - ETA: 0s - loss: 12.2124 - accuracy: 0.2100
48/98 [=============>................] - ETA: 0s - loss: 11.8585 - accuracy: 0.2118
