2024-06-25 14:49:18.364183: I tensorflow/core/platform/cpu_feature_guard.cc:193] This TensorFlow binary is optimized with oneAPI Deep Neural Network Library (oneDNN) to use the following CPU instructions in performance-critical operations:  AVX AVX2
To enable them in other operations, rebuild TensorFlow with the appropriate compiler flags.
2024-06-25 14:49:19.077771: I tensorflow/core/common_runtime/gpu/gpu_device.cc:1616] Created device /job:localhost/replica:0/task:0/device:GPU:0 with 6656 MB memory:  -> device: 0, name: NVIDIA GeForce RTX 4060 Ti, pci bus id: 0000:01:00.0, compute capability: 8.9
1 Physical GPUs, 1 Logical GPUs
Model: "sequential"
_________________________________________________________________
 Layer (type)                Output Shape              Param #   
=================================================================
 conv2d (Conv2D)             (None, 32, 32, 32)        896       
                                                                 
 max_pooling2d (MaxPooling2D  (None, 16, 16, 32)       0         
 )                                                               
                                                                 
 batch_normalization (BatchN  (None, 16, 16, 32)       128       
 ormalization)                                                   
                                                                 
 dropout (Dropout)           (None, 16, 16, 32)        0         
                                                                 
 flatten (Flatten)           (None, 8192)              0         
                                                                 
 dense (Dense)               (None, 10)                81930     
                                                                 
=================================================================
Total params: 82,954
Trainable params: 82,890
Non-trainable params: 64
_________________________________________________________________
Taxa de aprendizado:  0.1 Num de épocas:  38 Tamanho do lote:  512 Dropout:  0.37518
Epoch 1/38
2024-06-25 14:49:20.368725: I tensorflow/stream_executor/cuda/cuda_dnn.cc:384] Loaded cuDNN version 8100
2024-06-25 14:49:21.558715: W tensorflow/stream_executor/gpu/redzone_allocator.cc:314] INTERNAL: ptxas exited with non-zero error code -1, output: 
Relying on driver to perform ptx compilation. 
Modify $PATH to customize ptxas location.
This message will be only logged once.
2024-06-25 14:49:22.623191: I tensorflow/stream_executor/cuda/cuda_blas.cc:1614] TensorFloat-32 will be used for the matrix multiplication. This will only be logged once.

 1/98 [..............................] - ETA: 5:42 - loss: 2.8854 - accuracy: 0.1055
 5/98 [>.............................] - ETA: 1s - loss: 44.7599 - accuracy: 0.1605 
 9/98 [=>............................] - ETA: 1s - loss: 40.3351 - accuracy: 0.1686
13/98 [==>...........................] - ETA: 1s - loss: 33.1099 - accuracy: 0.1843
17/98 [====>.........................] - ETA: 1s - loss: 29.0609 - accuracy: 0.1829
22/98 [=====>........................] - ETA: 1s - loss: 26.4305 - accuracy: 0.1718
26/98 [======>.......................] - ETA: 1s - loss: 26.1253 - accuracy: 0.1693
31/98 [========>.....................] - ETA: 0s - loss: 25.0103 - accuracy: 0.1796
35/98 [=========>....................] - ETA: 0s - loss: 23.6972 - accuracy: 0.1881
40/98 [===========>..................] - ETA: 0s - loss: 21.6741 - accuracy: 0.1900
44/98 [============>.................] - ETA: 0s - loss: 20.4238 - accuracy: 0.1896
48/98 [=============>................] - ETA: 0s - loss: 19.5455 - accuracy: 0.1873
49/98 [==============>...............] - ETA: 0s - loss: 19.3932 - accuracy: 0.1875
53/98 [===============>..............] - ETA: 0s - loss: 18.5544 - accuracy: 0.1889
58/98 [================>.............] - ETA: 0s - loss: 17.5395 - accuracy: 0.1894
62/98 [=================>............] - ETA: 0s - loss: 16.7461 - accuracy: 0.1886
67/98 [===================>..........] - ETA: 0s - loss: 15.7902 - accuracy: 0.1896
71/98 [====================>.........] - ETA: 0s - loss: 15.1190 - accuracy: 0.1899
76/98 [======================>.......] - ETA: 0s - loss: 14.3448 - accuracy: 0.1951
80/98 [=======================>......] - ETA: 0s - loss: 13.7605 - accuracy: 0.1981
85/98 [=========================>....] - ETA: 0s - loss: 13.1339 - accuracy: 0.1993
89/98 [==========================>...] - ETA: 0s - loss: 12.6781 - accuracy: 0.2001
93/98 [===========================>..] - ETA: 0s - loss: 12.2474 - accuracy: 0.2039
98/98 [==============================] - ETA: 0s - loss: 11.7338 - accuracy: 0.2082
98/98 [==============================] - 6s 26ms/step - loss: 11.7338 - accuracy: 0.2082 - val_loss: 2.0831 - val_accuracy: 0.3090
Epoch 2/38

 1/98 [..............................] - ETA: 3s - loss: 2.1828 - accuracy: 0.2949
 6/98 [>.............................] - ETA: 1s - loss: 2.0313 - accuracy: 0.3197
10/98 [==>...........................] - ETA: 1s - loss: 2.0207 - accuracy: 0.3227
15/98 [===>..........................] - ETA: 1s - loss: 1.9731 - accuracy: 0.3355
19/98 [====>.........................] - ETA: 1s - loss: 1.9470 - accuracy: 0.3422
24/98 [======>.......................] - ETA: 1s - loss: 1.9149 - accuracy: 0.3505
28/98 [=======>......................] - ETA: 0s - loss: 1.8952 - accuracy: 0.3535
33/98 [=========>....................] - ETA: 0s - loss: 1.8806 - accuracy: 0.3569
37/98 [==========>...................] - ETA: 0s - loss: 1.8663 - accuracy: 0.3609
42/98 [===========>..................] - ETA: 0s - loss: 1.8541 - accuracy: 0.3622
46/98 [=============>................] - ETA: 0s - loss: 1.8466 - accuracy: 0.3652
51/98 [==============>...............] - ETA: 0s - loss: 1.8347 - accuracy: 0.3681
55/98 [===============>..............] - ETA: 0s - loss: 1.8260 - accuracy: 0.3703
60/98 [=================>............] - ETA: 0s - loss: 1.8200 - accuracy: 0.3709
64/98 [==================>...........] - ETA: 0s - loss: 1.8188 - accuracy: 0.3718
69/98 [====================>.........] - ETA: 0s - loss: 1.8141 - accuracy: 0.3719
73/98 [=====================>........] - ETA: 0s - loss: 1.8120 - accuracy: 0.3720
78/98 [======================>.......] - ETA: 0s - loss: 1.8065 - accuracy: 0.3742
82/98 [========================>.....] - ETA: 0s - loss: 1.8027 - accuracy: 0.3752
86/98 [=========================>....] - ETA: 0s - loss: 1.8012 - accuracy: 0.3753
91/98 [==========================>...] - ETA: 0s - loss: 1.7980 - accuracy: 0.3760
95/98 [============================>.] - ETA: 0s - loss: 1.7945 - accuracy: 0.3772
98/98 [==============================] - 2s 20ms/step - loss: 1.7931 - accuracy: 0.3779 - val_loss: 1.7973 - val_accuracy: 0.3663
Epoch 3/38

 1/98 [..............................] - ETA: 3s - loss: 1.6974 - accuracy: 0.3887
 6/98 [>.............................] - ETA: 1s - loss: 1.7332 - accuracy: 0.3981
11/98 [==>...........................] - ETA: 1s - loss: 1.7218 - accuracy: 0.3968
15/98 [===>..........................] - ETA: 1s - loss: 1.7187 - accuracy: 0.3980
21/98 [=====>........................] - ETA: 0s - loss: 1.7157 - accuracy: 0.3977
27/98 [=======>......................] - ETA: 0s - loss: 1.7101 - accuracy: 0.4015
33/98 [=========>....................] - ETA: 0s - loss: 1.7146 - accuracy: 0.3981
39/98 [==========>...................] - ETA: 0s - loss: 1.7168 - accuracy: 0.4005
44/98 [============>.................] - ETA: 0s - loss: 1.7213 - accuracy: 0.3991
49/98 [==============>...............] - ETA: 0s - loss: 1.7203 - accuracy: 0.4006
54/98 [===============>..............] - ETA: 0s - loss: 1.7195 - accuracy: 0.4013
60/98 [=================>............] - ETA: 0s - loss: 1.7195 - accuracy: 0.4013
65/98 [==================>...........] - ETA: 0s - loss: 1.7218 - accuracy: 0.4007
70/98 [====================>.........] - ETA: 0s - loss: 1.7237 - accuracy: 0.4005
76/98 [======================>.......] - ETA: 0s - loss: 1.7247 - accuracy: 0.4007
81/98 [=======================>......] - ETA: 0s - loss: 1.7244 - accuracy: 0.4002
86/98 [=========================>....] - ETA: 0s - loss: 1.7236 - accuracy: 0.4009
92/98 [===========================>..] - ETA: 0s - loss: 1.7234 - accuracy: 0.4006
98/98 [==============================] - ETA: 0s - loss: 1.7210 - accuracy: 0.4013
98/98 [==============================] - 2s 16ms/step - loss: 1.7210 - accuracy: 0.4013 - val_loss: 1.7683 - val_accuracy: 0.3900
Epoch 4/38

 1/98 [..............................] - ETA: 1s - loss: 1.6886 - accuracy: 0.4062
 5/98 [>.............................] - ETA: 1s - loss: 1.6727 - accuracy: 0.4187
10/98 [==>...........................] - ETA: 1s - loss: 1.6767 - accuracy: 0.4111
15/98 [===>..........................] - ETA: 1s - loss: 1.6687 - accuracy: 0.4121
20/98 [=====>........................] - ETA: 1s - loss: 1.6620 - accuracy: 0.4180
26/98 [======>.......................] - ETA: 0s - loss: 1.6601 - accuracy: 0.4191
32/98 [========>.....................] - ETA: 0s - loss: 1.6614 - accuracy: 0.4179
37/98 [==========>...................] - ETA: 0s - loss: 1.6627 - accuracy: 0.4192
43/98 [============>.................] - ETA: 0s - loss: 1.6714 - accuracy: 0.4175
48/98 [=============>................] - ETA: 0s - loss: 1.6740 - accuracy: 0.4166
53/98 [===============>..............] - ETA: 0s - loss: 1.6739 - accuracy: 0.4169
59/98 [=================>............] - ETA: 0s - loss: 1.6747 - accuracy: 0.4171
65/98 [==================>...........] - ETA: 0s - loss: 1.6765 - accuracy: 0.4159
71/98 [====================>.........] - ETA: 0s - loss: 1.6749 - accuracy: 0.4173
76/98 [======================>.......] - ETA: 0s - loss: 1.6749 - accuracy: 0.4167
81/98 [=======================>......] - ETA: 0s - loss: 1.6735 - accuracy: 0.4170
87/98 [=========================>....] - ETA: 0s - loss: 1.6745 - accuracy: 0.4165
92/98 [===========================>..] - ETA: 0s - loss: 1.6749 - accuracy: 0.4160
98/98 [==============================] - ETA: 0s - loss: 1.6739 - accuracy: 0.4166
98/98 [==============================] - 2s 17ms/step - loss: 1.6739 - accuracy: 0.4166 - val_loss: 1.7280 - val_accuracy: 0.4019
Epoch 5/38

 1/98 [..............................] - ETA: 3s - loss: 1.6145 - accuracy: 0.4473
 5/98 [>.............................] - ETA: 1s - loss: 1.6677 - accuracy: 0.4266
10/98 [==>...........................] - ETA: 1s - loss: 1.6404 - accuracy: 0.4332
15/98 [===>..........................] - ETA: 1s - loss: 1.6463 - accuracy: 0.4309
20/98 [=====>........................] - ETA: 1s - loss: 1.6445 - accuracy: 0.4318
25/98 [======>.......................] - ETA: 0s - loss: 1.6457 - accuracy: 0.4325
31/98 [========>.....................] - ETA: 0s - loss: 1.6465 - accuracy: 0.4321
37/98 [==========>...................] - ETA: 0s - loss: 1.6465 - accuracy: 0.4323
41/98 [===========>..................] - ETA: 0s - loss: 1.6438 - accuracy: 0.4326
45/98 [============>.................] - ETA: 0s - loss: 1.6488 - accuracy: 0.4317
48/98 [=============>................] - ETA: 0s - loss: 1.6489 - accuracy: 0.4320
52/98 [==============>...............] - ETA: 0s - loss: 1.6459 - accuracy: 0.4324
56/98 [================>.............] - ETA: 0s - loss: 1.6444 - accuracy: 0.4328
59/98 [=================>............] - ETA: 0s - loss: 1.6431 - accuracy: 0.4333
62/98 [=================>............] - ETA: 0s - loss: 1.6427 - accuracy: 0.4329
66/98 [===================>..........] - ETA: 0s - loss: 1.6455 - accuracy: 0.4322
71/98 [====================>.........] - ETA: 0s - loss: 1.6475 - accuracy: 0.4305
76/98 [======================>.......] - ETA: 0s - loss: 1.6496 - accuracy: 0.4298
80/98 [=======================>......] - ETA: 0s - loss: 1.6498 - accuracy: 0.4293
85/98 [=========================>....] - ETA: 0s - loss: 1.6507 - accuracy: 0.4285
90/98 [==========================>...] - ETA: 0s - loss: 1.6495 - accuracy: 0.4287
96/98 [============================>.] - ETA: 0s - loss: 1.6501 - accuracy: 0.4290
98/98 [==============================] - 2s 19ms/step - loss: 1.6503 - accuracy: 0.4289 - val_loss: 1.6594 - val_accuracy: 0.4193
Epoch 6/38

 1/98 [..............................] - ETA: 3s - loss: 1.5987 - accuracy: 0.4375
 7/98 [=>............................] - ETA: 1s - loss: 1.6274 - accuracy: 0.4364
12/98 [==>...........................] - ETA: 0s - loss: 1.6340 - accuracy: 0.4323
17/98 [====>.........................] - ETA: 0s - loss: 1.6395 - accuracy: 0.4276
22/98 [=====>........................] - ETA: 0s - loss: 1.6471 - accuracy: 0.4262
28/98 [=======>......................] - ETA: 0s - loss: 1.6495 - accuracy: 0.4255
33/98 [=========>....................] - ETA: 0s - loss: 1.6500 - accuracy: 0.4263
38/98 [==========>...................] - ETA: 0s - loss: 1.6453 - accuracy: 0.4283
43/98 [============>.................] - ETA: 0s - loss: 1.6413 - accuracy: 0.4317
48/98 [=============>................] - ETA: 0s - loss: 1.6401 - accuracy: 0.4325
54/98 [===============>..............] - ETA: 0s - loss: 1.6414 - accuracy: 0.4325
59/98 [=================>............] - ETA: 0s - loss: 1.6380 - accuracy: 0.4330
63/98 [==================>...........] - ETA: 0s - loss: 1.6392 - accuracy: 0.4330
67/98 [===================>..........] - ETA: 0s - loss: 1.6378 - accuracy: 0.4335
72/98 [=====================>........] - ETA: 0s - loss: 1.6339 - accuracy: 0.4350
76/98 [======================>.......] - ETA: 0s - loss: 1.6339 - accuracy: 0.4349
79/98 [=======================>......] - ETA: 0s - loss: 1.6336 - accuracy: 0.4345
83/98 [========================>.....] - ETA: 0s - loss: 1.6346 - accuracy: 0.4339
86/98 [=========================>....] - ETA: 0s - loss: 1.6312 - accuracy: 0.4349
90/98 [==========================>...] - ETA: 0s - loss: 1.6294 - accuracy: 0.4352
94/98 [===========================>..] - ETA: 0s - loss: 1.6304 - accuracy: 0.4350
98/98 [==============================] - ETA: 0s - loss: 1.6306 - accuracy: 0.4355
98/98 [==============================] - 2s 18ms/step - loss: 1.6306 - accuracy: 0.4355 - val_loss: 1.9004 - val_accuracy: 0.3228
Epoch 7/38

 1/98 [..............................] - ETA: 2s - loss: 1.5917 - accuracy: 0.4141
 6/98 [>.............................] - ETA: 1s - loss: 1.6086 - accuracy: 0.4368
11/98 [==>...........................] - ETA: 1s - loss: 1.6127 - accuracy: 0.4404
16/98 [===>..........................] - ETA: 1s - loss: 1.6223 - accuracy: 0.4377
20/98 [=====>........................] - ETA: 1s - loss: 1.6174 - accuracy: 0.4368
25/98 [======>.......................] - ETA: 0s - loss: 1.6167 - accuracy: 0.4369
30/98 [========>.....................] - ETA: 0s - loss: 1.6199 - accuracy: 0.4355
34/98 [=========>....................] - ETA: 0s - loss: 1.6187 - accuracy: 0.4362
39/98 [==========>...................] - ETA: 0s - loss: 1.6208 - accuracy: 0.4350
44/98 [============>.................] - ETA: 0s - loss: 1.6224 - accuracy: 0.4334
49/98 [==============>...............] - ETA: 0s - loss: 1.6205 - accuracy: 0.4348
54/98 [===============>..............] - ETA: 0s - loss: 1.6220 - accuracy: 0.4339
59/98 [=================>............] - ETA: 0s - loss: 1.6208 - accuracy: 0.4352
64/98 [==================>...........] - ETA: 0s - loss: 1.6215 - accuracy: 0.4364
68/98 [===================>..........] - ETA: 0s - loss: 1.6205 - accuracy: 0.4365
73/98 [=====================>........] - ETA: 0s - loss: 1.6178 - accuracy: 0.4374
78/98 [======================>.......] - ETA: 0s - loss: 1.6160 - accuracy: 0.4382
83/98 [========================>.....] - ETA: 0s - loss: 1.6130 - accuracy: 0.4398
87/98 [=========================>....] - ETA: 0s - loss: 1.6117 - accuracy: 0.4398
92/98 [===========================>..] - ETA: 0s - loss: 1.6097 - accuracy: 0.4404
97/98 [============================>.] - ETA: 0s - loss: 1.6088 - accuracy: 0.4416
98/98 [==============================] - 2s 18ms/step - loss: 1.6077 - accuracy: 0.4422 - val_loss: 1.6520 - val_accuracy: 0.4198
Epoch 8/38

 1/98 [..............................] - ETA: 2s - loss: 1.7182 - accuracy: 0.3965
 5/98 [>.............................] - ETA: 1s - loss: 1.6113 - accuracy: 0.4262
11/98 [==>...........................] - ETA: 1s - loss: 1.5914 - accuracy: 0.4371
16/98 [===>..........................] - ETA: 0s - loss: 1.5837 - accuracy: 0.4456
21/98 [=====>........................] - ETA: 0s - loss: 1.5846 - accuracy: 0.4471
26/98 [======>.......................] - ETA: 0s - loss: 1.5774 - accuracy: 0.4485
31/98 [========>.....................] - ETA: 0s - loss: 1.5784 - accuracy: 0.4502
35/98 [=========>....................] - ETA: 0s - loss: 1.5780 - accuracy: 0.4514
39/98 [==========>...................] - ETA: 0s - loss: 1.5750 - accuracy: 0.4511
42/98 [===========>..................] - ETA: 0s - loss: 1.5760 - accuracy: 0.4508
47/98 [=============>................] - ETA: 0s - loss: 1.5785 - accuracy: 0.4508
51/98 [==============>...............] - ETA: 0s - loss: 1.5756 - accuracy: 0.4514
55/98 [===============>..............] - ETA: 0s - loss: 1.5732 - accuracy: 0.4527
59/98 [=================>............] - ETA: 0s - loss: 1.5730 - accuracy: 0.4529
65/98 [==================>...........] - ETA: 0s - loss: 1.5691 - accuracy: 0.4541
70/98 [====================>.........] - ETA: 0s - loss: 1.5710 - accuracy: 0.4535
73/98 [=====================>........] - ETA: 0s - loss: 1.5715 - accuracy: 0.4533
77/98 [======================>.......] - ETA: 0s - loss: 1.5741 - accuracy: 0.4530
82/98 [========================>.....] - ETA: 0s - loss: 1.5753 - accuracy: 0.4529
87/98 [=========================>....] - ETA: 0s - loss: 1.5713 - accuracy: 0.4537
93/98 [===========================>..] - ETA: 0s - loss: 1.5723 - accuracy: 0.4540
98/98 [==============================] - ETA: 0s - loss: 1.5724 - accuracy: 0.4545
98/98 [==============================] - 2s 18ms/step - loss: 1.5724 - accuracy: 0.4545 - val_loss: 1.5611 - val_accuracy: 0.4610
Epoch 9/38

 1/98 [..............................] - ETA: 1s - loss: 1.5620 - accuracy: 0.4668
 7/98 [=>............................] - ETA: 0s - loss: 1.5813 - accuracy: 0.4475
13/98 [==>...........................] - ETA: 0s - loss: 1.5718 - accuracy: 0.4527
19/98 [====>.........................] - ETA: 0s - loss: 1.5605 - accuracy: 0.4546
23/98 [======>.......................] - ETA: 0s - loss: 1.5520 - accuracy: 0.4577
29/98 [=======>......................] - ETA: 0s - loss: 1.5637 - accuracy: 0.4572
33/98 [=========>....................] - ETA: 0s - loss: 1.5687 - accuracy: 0.4558
38/98 [==========>...................] - ETA: 0s - loss: 1.5714 - accuracy: 0.4552
42/98 [===========>..................] - ETA: 0s - loss: 1.5746 - accuracy: 0.4546
47/98 [=============>................] - ETA: 0s - loss: 1.5716 - accuracy: 0.4555
53/98 [===============>..............] - ETA: 0s - loss: 1.5692 - accuracy: 0.4568
57/98 [================>.............] - ETA: 0s - loss: 1.5709 - accuracy: 0.4562
62/98 [=================>............] - ETA: 0s - loss: 1.5714 - accuracy: 0.4557
67/98 [===================>..........] - ETA: 0s - loss: 1.5700 - accuracy: 0.4563
72/98 [=====================>........] - ETA: 0s - loss: 1.5690 - accuracy: 0.4562
77/98 [======================>.......] - ETA: 0s - loss: 1.5679 - accuracy: 0.4569
83/98 [========================>.....] - ETA: 0s - loss: 1.5664 - accuracy: 0.4578
87/98 [=========================>....] - ETA: 0s - loss: 1.5659 - accuracy: 0.4584
93/98 [===========================>..] - ETA: 0s - loss: 1.5636 - accuracy: 0.4591
98/98 [==============================] - ETA: 0s - loss: 1.5635 - accuracy: 0.4585
98/98 [==============================] - 2s 18ms/step - loss: 1.5635 - accuracy: 0.4585 - val_loss: 1.8651 - val_accuracy: 0.3691
Epoch 10/38

 1/98 [..............................] - ETA: 1s - loss: 1.6192 - accuracy: 0.4609
 6/98 [>.............................] - ETA: 1s - loss: 1.5387 - accuracy: 0.4668
11/98 [==>...........................] - ETA: 1s - loss: 1.5384 - accuracy: 0.4709
16/98 [===>..........................] - ETA: 1s - loss: 1.5427 - accuracy: 0.4664
20/98 [=====>........................] - ETA: 1s - loss: 1.5382 - accuracy: 0.4666
26/98 [======>.......................] - ETA: 0s - loss: 1.5395 - accuracy: 0.4655
30/98 [========>.....................] - ETA: 0s - loss: 1.5422 - accuracy: 0.4652
34/98 [=========>....................] - ETA: 0s - loss: 1.5426 - accuracy: 0.4640
40/98 [===========>..................] - ETA: 0s - loss: 1.5369 - accuracy: 0.4668
45/98 [============>.................] - ETA: 0s - loss: 1.5344 - accuracy: 0.4662
51/98 [==============>...............] - ETA: 0s - loss: 1.5287 - accuracy: 0.4689
57/98 [================>.............] - ETA: 0s - loss: 1.5253 - accuracy: 0.4704
62/98 [=================>............] - ETA: 0s - loss: 1.5212 - accuracy: 0.4712
68/98 [===================>..........] - ETA: 0s - loss: 1.5181 - accuracy: 0.4725
73/98 [=====================>........] - ETA: 0s - loss: 1.5172 - accuracy: 0.4723
78/98 [======================>.......] - ETA: 0s - loss: 1.5174 - accuracy: 0.4726
82/98 [========================>.....] - ETA: 0s - loss: 1.5185 - accuracy: 0.4730
88/98 [=========================>....] - ETA: 0s - loss: 1.5160 - accuracy: 0.4738
93/98 [===========================>..] - ETA: 0s - loss: 1.5150 - accuracy: 0.4741
98/98 [==============================] - ETA: 0s - loss: 1.5138 - accuracy: 0.4744
98/98 [==============================] - 2s 21ms/step - loss: 1.5138 - accuracy: 0.4744 - val_loss: 1.6651 - val_accuracy: 0.4288
Epoch 11/38

 1/98 [..............................] - ETA: 3s - loss: 1.3764 - accuracy: 0.5293
 5/98 [>.............................] - ETA: 1s - loss: 1.4481 - accuracy: 0.4962
 9/98 [=>............................] - ETA: 1s - loss: 1.4388 - accuracy: 0.4917
13/98 [==>...........................] - ETA: 1s - loss: 1.4311 - accuracy: 0.4977
17/98 [====>.........................] - ETA: 1s - loss: 1.4395 - accuracy: 0.4967
21/98 [=====>........................] - ETA: 1s - loss: 1.4428 - accuracy: 0.4965
25/98 [======>.......................] - ETA: 1s - loss: 1.4531 - accuracy: 0.4932
29/98 [=======>......................] - ETA: 1s - loss: 1.4682 - accuracy: 0.4885
33/98 [=========>....................] - ETA: 1s - loss: 1.4702 - accuracy: 0.4873
37/98 [==========>...................] - ETA: 0s - loss: 1.4693 - accuracy: 0.4895
41/98 [===========>..................] - ETA: 0s - loss: 1.4718 - accuracy: 0.4890
45/98 [============>.................] - ETA: 0s - loss: 1.4739 - accuracy: 0.4875
49/98 [==============>...............] - ETA: 0s - loss: 1.4802 - accuracy: 0.4853
52/98 [==============>...............] - ETA: 0s - loss: 1.4771 - accuracy: 0.4866
56/98 [================>.............] - ETA: 0s - loss: 1.4746 - accuracy: 0.4874
60/98 [=================>............] - ETA: 0s - loss: 1.4785 - accuracy: 0.4865
63/98 [==================>...........] - ETA: 0s - loss: 1.4785 - accuracy: 0.4863
67/98 [===================>..........] - ETA: 0s - loss: 1.4789 - accuracy: 0.4853
70/98 [====================>.........] - ETA: 0s - loss: 1.4799 - accuracy: 0.4853
75/98 [=====================>........] - ETA: 0s - loss: 1.4819 - accuracy: 0.4850
79/98 [=======================>......] - ETA: 0s - loss: 1.4807 - accuracy: 0.4850
83/98 [========================>.....] - ETA: 0s - loss: 1.4797 - accuracy: 0.4854
87/98 [=========================>....] - ETA: 0s - loss: 1.4776 - accuracy: 0.4858
91/98 [==========================>...] - ETA: 0s - loss: 1.4782 - accuracy: 0.4855
95/98 [============================>.] - ETA: 0s - loss: 1.4782 - accuracy: 0.4855
98/98 [==============================] - 3s 25ms/step - loss: 1.4760 - accuracy: 0.4866 - val_loss: 1.5771 - val_accuracy: 0.4498
Epoch 12/38

 1/98 [..............................] - ETA: 3s - loss: 1.5012 - accuracy: 0.4785
 5/98 [>.............................] - ETA: 1s - loss: 1.4368 - accuracy: 0.5043
 9/98 [=>............................] - ETA: 1s - loss: 1.4206 - accuracy: 0.4983
13/98 [==>...........................] - ETA: 1s - loss: 1.4307 - accuracy: 0.4928
17/98 [====>.........................] - ETA: 1s - loss: 1.4244 - accuracy: 0.4964
21/98 [=====>........................] - ETA: 1s - loss: 1.4203 - accuracy: 0.4991
25/98 [======>.......................] - ETA: 1s - loss: 1.4193 - accuracy: 0.4991
29/98 [=======>......................] - ETA: 1s - loss: 1.4199 - accuracy: 0.5004
33/98 [=========>....................] - ETA: 1s - loss: 1.4268 - accuracy: 0.4986
37/98 [==========>...................] - ETA: 0s - loss: 1.4394 - accuracy: 0.4960
41/98 [===========>..................] - ETA: 0s - loss: 1.4683 - accuracy: 0.4916
45/98 [============>.................] - ETA: 0s - loss: 1.4842 - accuracy: 0.4882
49/98 [==============>...............] - ETA: 0s - loss: 1.4843 - accuracy: 0.4886
53/98 [===============>..............] - ETA: 0s - loss: 1.4846 - accuracy: 0.4877
57/98 [================>.............] - ETA: 0s - loss: 1.4862 - accuracy: 0.4875
61/98 [=================>............] - ETA: 0s - loss: 1.4867 - accuracy: 0.4877
65/98 [==================>...........] - ETA: 0s - loss: 1.4870 - accuracy: 0.4874
69/98 [====================>.........] - ETA: 0s - loss: 1.4847 - accuracy: 0.4873
73/98 [=====================>........] - ETA: 0s - loss: 1.4822 - accuracy: 0.4882
77/98 [======================>.......] - ETA: 0s - loss: 1.4792 - accuracy: 0.4884
81/98 [=======================>......] - ETA: 0s - loss: 1.4797 - accuracy: 0.4879
85/98 [=========================>....] - ETA: 0s - loss: 1.4783 - accuracy: 0.4883
91/98 [==========================>...] - ETA: 0s - loss: 1.4775 - accuracy: 0.4880
96/98 [============================>.] - ETA: 0s - loss: 1.4756 - accuracy: 0.4891
98/98 [==============================] - 2s 21ms/step - loss: 1.4753 - accuracy: 0.4890 - val_loss: 1.7069 - val_accuracy: 0.4247
Epoch 13/38

 1/98 [..............................] - ETA: 3s - loss: 1.3551 - accuracy: 0.5215
 7/98 [=>............................] - ETA: 0s - loss: 1.3652 - accuracy: 0.5282
13/98 [==>...........................] - ETA: 0s - loss: 1.3803 - accuracy: 0.5174
19/98 [====>.........................] - ETA: 0s - loss: 1.3939 - accuracy: 0.5134
25/98 [======>.......................] - ETA: 0s - loss: 1.4017 - accuracy: 0.5132
30/98 [========>.....................] - ETA: 0s - loss: 1.3971 - accuracy: 0.5132
35/98 [=========>....................] - ETA: 0s - loss: 1.3947 - accuracy: 0.5133
40/98 [===========>..................] - ETA: 0s - loss: 1.3969 - accuracy: 0.5138
43/98 [============>.................] - ETA: 0s - loss: 1.4023 - accuracy: 0.5120
47/98 [=============>................] - ETA: 0s - loss: 1.4005 - accuracy: 0.5136
51/98 [==============>...............] - ETA: 0s - loss: 1.4041 - accuracy: 0.5126
55/98 [===============>..............] - ETA: 0s - loss: 1.4037 - accuracy: 0.5130
59/98 [=================>............] - ETA: 0s - loss: 1.4083 - accuracy: 0.5116
63/98 [==================>...........] - ETA: 0s - loss: 1.4117 - accuracy: 0.5105
67/98 [===================>..........] - ETA: 0s - loss: 1.4137 - accuracy: 0.5088
71/98 [====================>.........] - ETA: 0s - loss: 1.4111 - accuracy: 0.5097
75/98 [=====================>........] - ETA: 0s - loss: 1.4103 - accuracy: 0.5095
79/98 [=======================>......] - ETA: 0s - loss: 1.4099 - accuracy: 0.5093
83/98 [========================>.....] - ETA: 0s - loss: 1.4085 - accuracy: 0.5102
87/98 [=========================>....] - ETA: 0s - loss: 1.4083 - accuracy: 0.5104
91/98 [==========================>...] - ETA: 0s - loss: 1.4084 - accuracy: 0.5112
95/98 [============================>.] - ETA: 0s - loss: 1.4079 - accuracy: 0.5110
98/98 [==============================] - 2s 24ms/step - loss: 1.4092 - accuracy: 0.5106 - val_loss: 1.4185 - val_accuracy: 0.5104
Epoch 14/38

 1/98 [..............................] - ETA: 3s - loss: 1.3712 - accuracy: 0.5254
 5/98 [>.............................] - ETA: 1s - loss: 1.4182 - accuracy: 0.5211
 9/98 [=>............................] - ETA: 1s - loss: 1.4387 - accuracy: 0.5104
12/98 [==>...........................] - ETA: 1s - loss: 1.4366 - accuracy: 0.5096
16/98 [===>..........................] - ETA: 1s - loss: 1.4242 - accuracy: 0.5085
20/98 [=====>........................] - ETA: 1s - loss: 1.4125 - accuracy: 0.5119
24/98 [======>.......................] - ETA: 1s - loss: 1.4083 - accuracy: 0.5103
28/98 [=======>......................] - ETA: 1s - loss: 1.4102 - accuracy: 0.5077
32/98 [========>.....................] - ETA: 1s - loss: 1.4177 - accuracy: 0.5079
36/98 [==========>...................] - ETA: 0s - loss: 1.4141 - accuracy: 0.5093
40/98 [===========>..................] - ETA: 0s - loss: 1.4074 - accuracy: 0.5120
44/98 [============>.................] - ETA: 0s - loss: 1.4090 - accuracy: 0.5115
48/98 [=============>................] - ETA: 0s - loss: 1.4063 - accuracy: 0.5128
52/98 [==============>...............] - ETA: 0s - loss: 1.4074 - accuracy: 0.5127
56/98 [================>.............] - ETA: 0s - loss: 1.4081 - accuracy: 0.5117
60/98 [=================>............] - ETA: 0s - loss: 1.4076 - accuracy: 0.5116
64/98 [==================>...........] - ETA: 0s - loss: 1.4063 - accuracy: 0.5119
68/98 [===================>..........] - ETA: 0s - loss: 1.4085 - accuracy: 0.5108
72/98 [=====================>........] - ETA: 0s - loss: 1.4099 - accuracy: 0.5101
76/98 [======================>.......] - ETA: 0s - loss: 1.4102 - accuracy: 0.5102
80/98 [=======================>......] - ETA: 0s - loss: 1.4121 - accuracy: 0.5094
84/98 [========================>.....] - ETA: 0s - loss: 1.4092 - accuracy: 0.5107
89/98 [==========================>...] - ETA: 0s - loss: 1.4102 - accuracy: 0.5103
93/98 [===========================>..] - ETA: 0s - loss: 1.4103 - accuracy: 0.5102
98/98 [==============================] - ETA: 0s - loss: 1.4164 - accuracy: 0.5085
98/98 [==============================] - 2s 21ms/step - loss: 1.4164 - accuracy: 0.5085 - val_loss: 1.4531 - val_accuracy: 0.4879
Epoch 15/38

 1/98 [..............................] - ETA: 3s - loss: 1.4855 - accuracy: 0.4668
 6/98 [>.............................] - ETA: 1s - loss: 1.4514 - accuracy: 0.5039
10/98 [==>...........................] - ETA: 1s - loss: 1.4371 - accuracy: 0.5057
14/98 [===>..........................] - ETA: 1s - loss: 1.4265 - accuracy: 0.5086
18/98 [====>.........................] - ETA: 1s - loss: 1.4247 - accuracy: 0.5080
22/98 [=====>........................] - ETA: 1s - loss: 1.4159 - accuracy: 0.5106
26/98 [======>.......................] - ETA: 1s - loss: 1.4130 - accuracy: 0.5118
30/98 [========>.....................] - ETA: 1s - loss: 1.4238 - accuracy: 0.5082
34/98 [=========>....................] - ETA: 0s - loss: 1.4339 - accuracy: 0.5040
38/98 [==========>...................] - ETA: 0s - loss: 1.4314 - accuracy: 0.5062
42/98 [===========>..................] - ETA: 0s - loss: 1.4281 - accuracy: 0.5072
45/98 [============>.................] - ETA: 0s - loss: 1.4278 - accuracy: 0.5067
48/98 [=============>................] - ETA: 0s - loss: 1.4260 - accuracy: 0.5076
51/98 [==============>...............] - ETA: 0s - loss: 1.4312 - accuracy: 0.5049
55/98 [===============>..............] - ETA: 0s - loss: 1.4311 - accuracy: 0.5046
59/98 [=================>............] - ETA: 0s - loss: 1.4338 - accuracy: 0.5042
63/98 [==================>...........] - ETA: 0s - loss: 1.4292 - accuracy: 0.5056
67/98 [===================>..........] - ETA: 0s - loss: 1.4254 - accuracy: 0.5064
71/98 [====================>.........] - ETA: 0s - loss: 1.4266 - accuracy: 0.5053
75/98 [=====================>........] - ETA: 0s - loss: 1.4256 - accuracy: 0.5055
79/98 [=======================>......] - ETA: 0s - loss: 1.4257 - accuracy: 0.5059
83/98 [========================>.....] - ETA: 0s - loss: 1.4235 - accuracy: 0.5069
86/98 [=========================>....] - ETA: 0s - loss: 1.4220 - accuracy: 0.5075
91/98 [==========================>...] - ETA: 0s - loss: 1.4220 - accuracy: 0.5069
95/98 [============================>.] - ETA: 0s - loss: 1.4222 - accuracy: 0.5068
98/98 [==============================] - 2s 25ms/step - loss: 1.4212 - accuracy: 0.5072 - val_loss: 1.5703 - val_accuracy: 0.4387
Epoch 16/38

 1/98 [..............................] - ETA: 3s - loss: 1.4720 - accuracy: 0.4980
 5/98 [>.............................] - ETA: 1s - loss: 1.3987 - accuracy: 0.5281
 9/98 [=>............................] - ETA: 1s - loss: 1.3773 - accuracy: 0.5293
13/98 [==>...........................] - ETA: 1s - loss: 1.3819 - accuracy: 0.5255
17/98 [====>.........................] - ETA: 1s - loss: 1.3929 - accuracy: 0.5224
21/98 [=====>........................] - ETA: 1s - loss: 1.3976 - accuracy: 0.5188
25/98 [======>.......................] - ETA: 1s - loss: 1.4179 - accuracy: 0.5127
29/98 [=======>......................] - ETA: 1s - loss: 1.4262 - accuracy: 0.5140
30/98 [========>.....................] - ETA: 1s - loss: 1.4276 - accuracy: 0.5130
35/98 [=========>....................] - ETA: 1s - loss: 1.4372 - accuracy: 0.5099
39/98 [==========>...................] - ETA: 0s - loss: 1.4390 - accuracy: 0.5092
43/98 [============>.................] - ETA: 0s - loss: 1.4468 - accuracy: 0.5060
47/98 [=============>................] - ETA: 0s - loss: 1.4502 - accuracy: 0.5024
51/98 [==============>...............] - ETA: 0s - loss: 1.4516 - accuracy: 0.5019
55/98 [===============>..............] - ETA: 0s - loss: 1.4456 - accuracy: 0.5035
60/98 [=================>............] - ETA: 0s - loss: 1.4443 - accuracy: 0.5033
65/98 [==================>...........] - ETA: 0s - loss: 1.4455 - accuracy: 0.5028
70/98 [====================>.........] - ETA: 0s - loss: 1.4459 - accuracy: 0.5018
76/98 [======================>.......] - ETA: 0s - loss: 1.4527 - accuracy: 0.5001
82/98 [========================>.....] - ETA: 0s - loss: 1.4498 - accuracy: 0.5000
88/98 [=========================>....] - ETA: 0s - loss: 1.4486 - accuracy: 0.5000
93/98 [===========================>..] - ETA: 0s - loss: 1.4460 - accuracy: 0.5008
98/98 [==============================] - ETA: 0s - loss: 1.4464 - accuracy: 0.5011
98/98 [==============================] - 2s 21ms/step - loss: 1.4464 - accuracy: 0.5011 - val_loss: 1.6189 - val_accuracy: 0.4588
Epoch 17/38

 1/98 [..............................] - ETA: 3s - loss: 1.6339 - accuracy: 0.4492
 5/98 [>.............................] - ETA: 1s - loss: 1.4873 - accuracy: 0.4809
 9/98 [=>............................] - ETA: 1s - loss: 1.4633 - accuracy: 0.4926
13/98 [==>...........................] - ETA: 1s - loss: 1.4566 - accuracy: 0.4946
17/98 [====>.........................] - ETA: 1s - loss: 1.4576 - accuracy: 0.4960
21/98 [=====>........................] - ETA: 1s - loss: 1.4624 - accuracy: 0.4965
25/98 [======>.......................] - ETA: 1s - loss: 1.4644 - accuracy: 0.4977
30/98 [========>.....................] - ETA: 1s - loss: 1.4726 - accuracy: 0.4944
34/98 [=========>....................] - ETA: 1s - loss: 1.4671 - accuracy: 0.4952
38/98 [==========>...................] - ETA: 0s - loss: 1.4631 - accuracy: 0.4959
42/98 [===========>..................] - ETA: 0s - loss: 1.4583 - accuracy: 0.4989
46/98 [=============>................] - ETA: 0s - loss: 1.4538 - accuracy: 0.5013
50/98 [==============>...............] - ETA: 0s - loss: 1.4555 - accuracy: 0.5007
54/98 [===============>..............] - ETA: 0s - loss: 1.4618 - accuracy: 0.5004
58/98 [================>.............] - ETA: 0s - loss: 1.4618 - accuracy: 0.4998
62/98 [=================>............] - ETA: 0s - loss: 1.4622 - accuracy: 0.4983
66/98 [===================>..........] - ETA: 0s - loss: 1.4566 - accuracy: 0.4990
70/98 [====================>.........] - ETA: 0s - loss: 1.4539 - accuracy: 0.4993
74/98 [=====================>........] - ETA: 0s - loss: 1.4521 - accuracy: 0.4992
78/98 [======================>.......] - ETA: 0s - loss: 1.4461 - accuracy: 0.5003
82/98 [========================>.....] - ETA: 0s - loss: 1.4430 - accuracy: 0.5015
86/98 [=========================>....] - ETA: 0s - loss: 1.4384 - accuracy: 0.5030
90/98 [==========================>...] - ETA: 0s - loss: 1.4370 - accuracy: 0.5032
94/98 [===========================>..] - ETA: 0s - loss: 1.4386 - accuracy: 0.5029
98/98 [==============================] - ETA: 0s - loss: 1.4373 - accuracy: 0.5029
98/98 [==============================] - 2s 25ms/step - loss: 1.4373 - accuracy: 0.5029 - val_loss: 1.3445 - val_accuracy: 0.5240
Epoch 18/38

 1/98 [..............................] - ETA: 4s - loss: 1.3421 - accuracy: 0.5449
 5/98 [>.............................] - ETA: 1s - loss: 1.3677 - accuracy: 0.5301
 9/98 [=>............................] - ETA: 1s - loss: 1.3784 - accuracy: 0.5217
13/98 [==>...........................] - ETA: 1s - loss: 1.3767 - accuracy: 0.5228
17/98 [====>.........................] - ETA: 1s - loss: 1.3912 - accuracy: 0.5209
21/98 [=====>........................] - ETA: 1s - loss: 1.3997 - accuracy: 0.5189
25/98 [======>.......................] - ETA: 1s - loss: 1.3996 - accuracy: 0.5174
29/98 [=======>......................] - ETA: 1s - loss: 1.3961 - accuracy: 0.5168
34/98 [=========>....................] - ETA: 0s - loss: 1.3950 - accuracy: 0.5181
41/98 [===========>..................] - ETA: 0s - loss: 1.3888 - accuracy: 0.5197
46/98 [=============>................] - ETA: 0s - loss: 1.3820 - accuracy: 0.5220
53/98 [===============>..............] - ETA: 0s - loss: 1.3947 - accuracy: 0.5175
58/98 [================>.............] - ETA: 0s - loss: 1.4051 - accuracy: 0.5150
63/98 [==================>...........] - ETA: 0s - loss: 1.4105 - accuracy: 0.5134
69/98 [====================>.........] - ETA: 0s - loss: 1.4187 - accuracy: 0.5102
75/98 [=====================>........] - ETA: 0s - loss: 1.4211 - accuracy: 0.5086
80/98 [=======================>......] - ETA: 0s - loss: 1.4233 - accuracy: 0.5088
87/98 [=========================>....] - ETA: 0s - loss: 1.4255 - accuracy: 0.5079
92/98 [===========================>..] - ETA: 0s - loss: 1.4246 - accuracy: 0.5081
98/98 [==============================] - ETA: 0s - loss: 1.4256 - accuracy: 0.5080
98/98 [==============================] - 2s 20ms/step - loss: 1.4256 - accuracy: 0.5080 - val_loss: 1.4582 - val_accuracy: 0.4756
Epoch 19/38

 1/98 [..............................] - ETA: 3s - loss: 1.4388 - accuracy: 0.4922
 5/98 [>.............................] - ETA: 1s - loss: 1.4110 - accuracy: 0.5051
 8/98 [=>............................] - ETA: 1s - loss: 1.3897 - accuracy: 0.5088
12/98 [==>...........................] - ETA: 1s - loss: 1.3921 - accuracy: 0.5138
16/98 [===>..........................] - ETA: 1s - loss: 1.4009 - accuracy: 0.5120
20/98 [=====>........................] - ETA: 1s - loss: 1.4076 - accuracy: 0.5091
24/98 [======>.......................] - ETA: 1s - loss: 1.4015 - accuracy: 0.5116
28/98 [=======>......................] - ETA: 1s - loss: 1.4198 - accuracy: 0.5082
32/98 [========>.....................] - ETA: 1s - loss: 1.4198 - accuracy: 0.5087
36/98 [==========>...................] - ETA: 0s - loss: 1.6004 - accuracy: 0.4941
40/98 [===========>..................] - ETA: 0s - loss: 9.2675 - accuracy: 0.4667
44/98 [============>.................] - ETA: 0s - loss: 52.3857 - accuracy: 0.4404
48/98 [=============>................] - ETA: 0s - loss: 99.8501 - accuracy: 0.4164
52/98 [==============>...............] - ETA: 0s - loss: 134.0719 - accuracy: 0.4002
56/98 [================>.............] - ETA: 0s - loss: 162.7669 - accuracy: 0.3845
60/98 [=================>............] - ETA: 0s - loss: 180.9484 - accuracy: 0.3692
64/98 [==================>...........] - ETA: 0s - loss: 193.2789 - accuracy: 0.3594
68/98 [===================>..........] - ETA: 0s - loss: 204.4939 - accuracy: 0.3492
