2024-06-25 13:20:38.864498: I tensorflow/core/platform/cpu_feature_guard.cc:193] This TensorFlow binary is optimized with oneAPI Deep Neural Network Library (oneDNN) to use the following CPU instructions in performance-critical operations:  AVX AVX2
To enable them in other operations, rebuild TensorFlow with the appropriate compiler flags.
2024-06-25 13:20:39.576547: I tensorflow/core/common_runtime/gpu/gpu_device.cc:1616] Created device /job:localhost/replica:0/task:0/device:GPU:0 with 6656 MB memory:  -> device: 0, name: NVIDIA GeForce RTX 4060 Ti, pci bus id: 0000:01:00.0, compute capability: 8.9
1 Physical GPUs, 1 Logical GPUs
Model: "sequential"
_________________________________________________________________
 Layer (type)                Output Shape              Param #   
=================================================================
 conv2d (Conv2D)             (None, 32, 32, 32)        896       
                                                                 
 max_pooling2d (MaxPooling2D  (None, 16, 16, 32)       0         
 )                                                               
                                                                 
 batch_normalization (BatchN  (None, 16, 16, 32)       128       
 ormalization)                                                   
                                                                 
 dropout (Dropout)           (None, 16, 16, 32)        0         
                                                                 
 flatten (Flatten)           (None, 8192)              0         
                                                                 
 dense (Dense)               (None, 10)                81930     
                                                                 
=================================================================
Total params: 82,954
Trainable params: 82,890
Non-trainable params: 64
_________________________________________________________________
Taxa de aprendizado:  0.1 Num de épocas:  38 Tamanho do lote:  512 Dropout:  0.37518
Epoch 1/38
2024-06-25 13:20:40.919173: I tensorflow/stream_executor/cuda/cuda_dnn.cc:384] Loaded cuDNN version 8100
2024-06-25 13:20:41.949675: W tensorflow/stream_executor/gpu/redzone_allocator.cc:314] INTERNAL: ptxas exited with non-zero error code -1, output: 
Relying on driver to perform ptx compilation. 
Modify $PATH to customize ptxas location.
This message will be only logged once.
2024-06-25 13:20:43.072423: I tensorflow/stream_executor/cuda/cuda_blas.cc:1614] TensorFloat-32 will be used for the matrix multiplication. This will only be logged once.

 1/98 [..............................] - ETA: 5:37 - loss: 3.1872 - accuracy: 0.0801
 6/98 [>.............................] - ETA: 1s - loss: 48.6432 - accuracy: 0.1608 
10/98 [==>...........................] - ETA: 1s - loss: 42.5422 - accuracy: 0.1824
15/98 [===>..........................] - ETA: 1s - loss: 35.7435 - accuracy: 0.1799
19/98 [====>.........................] - ETA: 1s - loss: 32.1773 - accuracy: 0.1728
24/98 [======>.......................] - ETA: 1s - loss: 29.9026 - accuracy: 0.1681
28/98 [=======>......................] - ETA: 0s - loss: 27.7810 - accuracy: 0.1674
33/98 [=========>....................] - ETA: 0s - loss: 25.8139 - accuracy: 0.1671
37/98 [==========>...................] - ETA: 0s - loss: 24.1574 - accuracy: 0.1669
41/98 [===========>..................] - ETA: 0s - loss: 22.9712 - accuracy: 0.1651
46/98 [=============>................] - ETA: 0s - loss: 21.8901 - accuracy: 0.1608
50/98 [==============>...............] - ETA: 0s - loss: 21.0345 - accuracy: 0.1651
55/98 [===============>..............] - ETA: 0s - loss: 19.9293 - accuracy: 0.1705
59/98 [=================>............] - ETA: 0s - loss: 19.0634 - accuracy: 0.1690
63/98 [==================>...........] - ETA: 0s - loss: 18.4198 - accuracy: 0.1702
68/98 [===================>..........] - ETA: 0s - loss: 17.5738 - accuracy: 0.1694
72/98 [=====================>........] - ETA: 0s - loss: 16.9639 - accuracy: 0.1708
77/98 [======================>.......] - ETA: 0s - loss: 16.1943 - accuracy: 0.1705
81/98 [=======================>......] - ETA: 0s - loss: 15.6180 - accuracy: 0.1717
86/98 [=========================>....] - ETA: 0s - loss: 14.9929 - accuracy: 0.1724
88/98 [=========================>....] - ETA: 0s - loss: 14.7736 - accuracy: 0.1737
92/98 [===========================>..] - ETA: 0s - loss: 14.2950 - accuracy: 0.1749
97/98 [============================>.] - ETA: 0s - loss: 13.7677 - accuracy: 0.1768
98/98 [==============================] - 6s 25ms/step - loss: 13.6612 - accuracy: 0.1777 - val_loss: 5.7452 - val_accuracy: 0.1582
Epoch 2/38

 1/98 [..............................] - ETA: 3s - loss: 3.2045 - accuracy: 0.2207
 6/98 [>.............................] - ETA: 1s - loss: 2.9264 - accuracy: 0.2220
10/98 [==>...........................] - ETA: 1s - loss: 2.7133 - accuracy: 0.2178
14/98 [===>..........................] - ETA: 1s - loss: 2.6093 - accuracy: 0.2448
19/98 [====>.........................] - ETA: 1s - loss: 2.4835 - accuracy: 0.2509
23/98 [======>.......................] - ETA: 1s - loss: 2.4139 - accuracy: 0.2541
28/98 [=======>......................] - ETA: 0s - loss: 2.3434 - accuracy: 0.2646
32/98 [========>.....................] - ETA: 0s - loss: 2.2915 - accuracy: 0.2675
37/98 [==========>...................] - ETA: 0s - loss: 2.2453 - accuracy: 0.2723
41/98 [===========>..................] - ETA: 0s - loss: 2.2129 - accuracy: 0.2778
45/98 [============>.................] - ETA: 0s - loss: 2.1863 - accuracy: 0.2806
50/98 [==============>...............] - ETA: 0s - loss: 2.1571 - accuracy: 0.2858
53/98 [===============>..............] - ETA: 0s - loss: 2.1393 - accuracy: 0.2892
58/98 [================>.............] - ETA: 0s - loss: 2.1180 - accuracy: 0.2928
62/98 [=================>............] - ETA: 0s - loss: 2.1010 - accuracy: 0.2969
67/98 [===================>..........] - ETA: 0s - loss: 2.0818 - accuracy: 0.3028
71/98 [====================>.........] - ETA: 0s - loss: 2.0693 - accuracy: 0.3049
76/98 [======================>.......] - ETA: 0s - loss: 2.0555 - accuracy: 0.3077
80/98 [=======================>......] - ETA: 0s - loss: 2.0451 - accuracy: 0.3101
85/98 [=========================>....] - ETA: 0s - loss: 2.0334 - accuracy: 0.3133
89/98 [==========================>...] - ETA: 0s - loss: 2.0251 - accuracy: 0.3151
94/98 [===========================>..] - ETA: 0s - loss: 2.0163 - accuracy: 0.3169
98/98 [==============================] - ETA: 0s - loss: 2.0103 - accuracy: 0.3178
98/98 [==============================] - 2s 22ms/step - loss: 2.0103 - accuracy: 0.3178 - val_loss: 1.8526 - val_accuracy: 0.3455
Epoch 3/38

 1/98 [..............................] - ETA: 3s - loss: 1.8596 - accuracy: 0.3691
 6/98 [>.............................] - ETA: 1s - loss: 1.8465 - accuracy: 0.3652
12/98 [==>...........................] - ETA: 0s - loss: 1.8542 - accuracy: 0.3594
17/98 [====>.........................] - ETA: 0s - loss: 1.8479 - accuracy: 0.3547
23/98 [======>.......................] - ETA: 0s - loss: 1.8334 - accuracy: 0.3577
27/98 [=======>......................] - ETA: 0s - loss: 1.8393 - accuracy: 0.3560
33/98 [=========>....................] - ETA: 0s - loss: 1.8393 - accuracy: 0.3540
39/98 [==========>...................] - ETA: 0s - loss: 1.8341 - accuracy: 0.3558
44/98 [============>.................] - ETA: 0s - loss: 1.8307 - accuracy: 0.3576
49/98 [==============>...............] - ETA: 0s - loss: 1.8289 - accuracy: 0.3584
54/98 [===============>..............] - ETA: 0s - loss: 1.8274 - accuracy: 0.3588
59/98 [=================>............] - ETA: 0s - loss: 1.8287 - accuracy: 0.3581
64/98 [==================>...........] - ETA: 0s - loss: 1.8257 - accuracy: 0.3589
70/98 [====================>.........] - ETA: 0s - loss: 1.8219 - accuracy: 0.3607
74/98 [=====================>........] - ETA: 0s - loss: 1.8206 - accuracy: 0.3610
79/98 [=======================>......] - ETA: 0s - loss: 1.8178 - accuracy: 0.3614
84/98 [========================>.....] - ETA: 0s - loss: 1.8156 - accuracy: 0.3616
88/98 [=========================>....] - ETA: 0s - loss: 1.8127 - accuracy: 0.3624
93/98 [===========================>..] - ETA: 0s - loss: 1.8090 - accuracy: 0.3638
97/98 [============================>.] - ETA: 0s - loss: 1.8080 - accuracy: 0.3640
98/98 [==============================] - 2s 20ms/step - loss: 1.8075 - accuracy: 0.3641 - val_loss: 1.8946 - val_accuracy: 0.3362
Epoch 4/38

 1/98 [..............................] - ETA: 3s - loss: 1.7402 - accuracy: 0.3789
 5/98 [>.............................] - ETA: 1s - loss: 1.7523 - accuracy: 0.3824
10/98 [==>...........................] - ETA: 1s - loss: 1.7774 - accuracy: 0.3746
14/98 [===>..........................] - ETA: 1s - loss: 1.7830 - accuracy: 0.3740
19/98 [====>.........................] - ETA: 1s - loss: 1.7818 - accuracy: 0.3762
23/98 [======>.......................] - ETA: 1s - loss: 1.7843 - accuracy: 0.3763
27/98 [=======>......................] - ETA: 1s - loss: 1.7764 - accuracy: 0.3788
31/98 [========>.....................] - ETA: 0s - loss: 1.7733 - accuracy: 0.3797
36/98 [==========>...................] - ETA: 0s - loss: 1.7772 - accuracy: 0.3775
40/98 [===========>..................] - ETA: 0s - loss: 1.7705 - accuracy: 0.3797
45/98 [============>.................] - ETA: 0s - loss: 1.7710 - accuracy: 0.3809
49/98 [==============>...............] - ETA: 0s - loss: 1.7685 - accuracy: 0.3813
54/98 [===============>..............] - ETA: 0s - loss: 1.7685 - accuracy: 0.3811
58/98 [================>.............] - ETA: 0s - loss: 1.7670 - accuracy: 0.3821
63/98 [==================>...........] - ETA: 0s - loss: 1.7623 - accuracy: 0.3838
67/98 [===================>..........] - ETA: 0s - loss: 1.7613 - accuracy: 0.3834
72/98 [=====================>........] - ETA: 0s - loss: 1.7600 - accuracy: 0.3841
75/98 [=====================>........] - ETA: 0s - loss: 1.7576 - accuracy: 0.3845
79/98 [=======================>......] - ETA: 0s - loss: 1.7582 - accuracy: 0.3839
84/98 [========================>.....] - ETA: 0s - loss: 1.7569 - accuracy: 0.3841
88/98 [=========================>....] - ETA: 0s - loss: 1.7557 - accuracy: 0.3843
92/98 [===========================>..] - ETA: 0s - loss: 1.7531 - accuracy: 0.3852
96/98 [============================>.] - ETA: 0s - loss: 1.7506 - accuracy: 0.3861
98/98 [==============================] - 2s 22ms/step - loss: 1.7508 - accuracy: 0.3859 - val_loss: 1.7023 - val_accuracy: 0.3976
Epoch 5/38

 1/98 [..............................] - ETA: 3s - loss: 1.6472 - accuracy: 0.4277
 5/98 [>.............................] - ETA: 1s - loss: 1.7006 - accuracy: 0.3973
 9/98 [=>............................] - ETA: 1s - loss: 1.7134 - accuracy: 0.3967
14/98 [===>..........................] - ETA: 1s - loss: 1.7344 - accuracy: 0.3902
18/98 [====>.........................] - ETA: 1s - loss: 1.7315 - accuracy: 0.3919
23/98 [======>.......................] - ETA: 1s - loss: 1.7301 - accuracy: 0.3944
27/98 [=======>......................] - ETA: 1s - loss: 1.7247 - accuracy: 0.3942
32/98 [========>.....................] - ETA: 0s - loss: 1.7218 - accuracy: 0.3957
37/98 [==========>...................] - ETA: 0s - loss: 1.7183 - accuracy: 0.3966
41/98 [===========>..................] - ETA: 0s - loss: 1.7195 - accuracy: 0.3962
45/98 [============>.................] - ETA: 0s - loss: 1.7200 - accuracy: 0.3970
50/98 [==============>...............] - ETA: 0s - loss: 1.7207 - accuracy: 0.3976
54/98 [===============>..............] - ETA: 0s - loss: 1.7222 - accuracy: 0.3988
59/98 [=================>............] - ETA: 0s - loss: 1.7235 - accuracy: 0.3979
63/98 [==================>...........] - ETA: 0s - loss: 1.7219 - accuracy: 0.3988
67/98 [===================>..........] - ETA: 0s - loss: 1.7224 - accuracy: 0.3986
72/98 [=====================>........] - ETA: 0s - loss: 1.7202 - accuracy: 0.3999
76/98 [======================>.......] - ETA: 0s - loss: 1.7185 - accuracy: 0.4003
81/98 [=======================>......] - ETA: 0s - loss: 1.7161 - accuracy: 0.4011
85/98 [=========================>....] - ETA: 0s - loss: 1.7166 - accuracy: 0.4008
90/98 [==========================>...] - ETA: 0s - loss: 1.7161 - accuracy: 0.4013
94/98 [===========================>..] - ETA: 0s - loss: 1.7166 - accuracy: 0.4007
98/98 [==============================] - ETA: 0s - loss: 1.7158 - accuracy: 0.4012
98/98 [==============================] - 2s 22ms/step - loss: 1.7158 - accuracy: 0.4012 - val_loss: 1.6877 - val_accuracy: 0.4084
Epoch 6/38

 1/98 [..............................] - ETA: 3s - loss: 1.6695 - accuracy: 0.4355
 5/98 [>.............................] - ETA: 1s - loss: 1.6661 - accuracy: 0.4211
10/98 [==>...........................] - ETA: 1s - loss: 1.6827 - accuracy: 0.4072
14/98 [===>..........................] - ETA: 1s - loss: 1.6748 - accuracy: 0.4110
19/98 [====>.........................] - ETA: 1s - loss: 1.6835 - accuracy: 0.4085
23/98 [======>.......................] - ETA: 1s - loss: 1.6777 - accuracy: 0.4105
27/98 [=======>......................] - ETA: 1s - loss: 1.6727 - accuracy: 0.4111
32/98 [========>.....................] - ETA: 0s - loss: 1.6779 - accuracy: 0.4105
36/98 [==========>...................] - ETA: 0s - loss: 1.6715 - accuracy: 0.4107
41/98 [===========>..................] - ETA: 0s - loss: 1.6706 - accuracy: 0.4110
45/98 [============>.................] - ETA: 0s - loss: 1.6687 - accuracy: 0.4116
50/98 [==============>...............] - ETA: 0s - loss: 1.6712 - accuracy: 0.4118
54/98 [===============>..............] - ETA: 0s - loss: 1.6718 - accuracy: 0.4128
59/98 [=================>............] - ETA: 0s - loss: 1.6714 - accuracy: 0.4136
63/98 [==================>...........] - ETA: 0s - loss: 1.6718 - accuracy: 0.4141
68/98 [===================>..........] - ETA: 0s - loss: 1.6703 - accuracy: 0.4149
73/98 [=====================>........] - ETA: 0s - loss: 1.6733 - accuracy: 0.4141
77/98 [======================>.......] - ETA: 0s - loss: 1.6725 - accuracy: 0.4143
82/98 [========================>.....] - ETA: 0s - loss: 1.6714 - accuracy: 0.4143
85/98 [=========================>....] - ETA: 0s - loss: 1.6723 - accuracy: 0.4142
89/98 [==========================>...] - ETA: 0s - loss: 1.6726 - accuracy: 0.4147
94/98 [===========================>..] - ETA: 0s - loss: 1.6726 - accuracy: 0.4146
98/98 [==============================] - ETA: 0s - loss: 1.6710 - accuracy: 0.4158
98/98 [==============================] - 2s 21ms/step - loss: 1.6710 - accuracy: 0.4158 - val_loss: 2.6455 - val_accuracy: 0.1746
Epoch 7/38

 1/98 [..............................] - ETA: 1s - loss: 1.6219 - accuracy: 0.4219
 6/98 [>.............................] - ETA: 1s - loss: 1.6465 - accuracy: 0.4167
12/98 [==>...........................] - ETA: 0s - loss: 1.6391 - accuracy: 0.4302
17/98 [====>.........................] - ETA: 0s - loss: 1.6403 - accuracy: 0.4223
23/98 [======>.......................] - ETA: 0s - loss: 1.6375 - accuracy: 0.4243
29/98 [=======>......................] - ETA: 0s - loss: 1.6376 - accuracy: 0.4243
35/98 [=========>....................] - ETA: 0s - loss: 1.6391 - accuracy: 0.4234
40/98 [===========>..................] - ETA: 0s - loss: 1.6376 - accuracy: 0.4238
45/98 [============>.................] - ETA: 0s - loss: 1.6319 - accuracy: 0.4263
49/98 [==============>...............] - ETA: 0s - loss: 1.6287 - accuracy: 0.4280
54/98 [===============>..............] - ETA: 0s - loss: 1.6236 - accuracy: 0.4299
58/98 [================>.............] - ETA: 0s - loss: 1.6197 - accuracy: 0.4307
63/98 [==================>...........] - ETA: 0s - loss: 1.6186 - accuracy: 0.4314
67/98 [===================>..........] - ETA: 0s - loss: 1.6172 - accuracy: 0.4320
72/98 [=====================>........] - ETA: 0s - loss: 1.6137 - accuracy: 0.4333
76/98 [======================>.......] - ETA: 0s - loss: 1.6145 - accuracy: 0.4335
80/98 [=======================>......] - ETA: 0s - loss: 1.6124 - accuracy: 0.4343
85/98 [=========================>....] - ETA: 0s - loss: 1.6108 - accuracy: 0.4348
89/98 [==========================>...] - ETA: 0s - loss: 1.6095 - accuracy: 0.4351
93/98 [===========================>..] - ETA: 0s - loss: 1.6083 - accuracy: 0.4355
97/98 [============================>.] - ETA: 0s - loss: 1.6076 - accuracy: 0.4360
98/98 [==============================] - 2s 21ms/step - loss: 1.6058 - accuracy: 0.4367 - val_loss: 3.7943 - val_accuracy: 0.1695
Epoch 8/38

 1/98 [..............................] - ETA: 3s - loss: 1.5399 - accuracy: 0.4551
 5/98 [>.............................] - ETA: 1s - loss: 1.5665 - accuracy: 0.4430
10/98 [==>...........................] - ETA: 1s - loss: 1.5741 - accuracy: 0.4457
14/98 [===>..........................] - ETA: 1s - loss: 1.5650 - accuracy: 0.4492
18/98 [====>.........................] - ETA: 1s - loss: 1.5592 - accuracy: 0.4515
23/98 [======>.......................] - ETA: 1s - loss: 1.5518 - accuracy: 0.4544
27/98 [=======>......................] - ETA: 1s - loss: 1.5469 - accuracy: 0.4557
32/98 [========>.....................] - ETA: 0s - loss: 1.5521 - accuracy: 0.4542
36/98 [==========>...................] - ETA: 0s - loss: 1.5521 - accuracy: 0.4546
40/98 [===========>..................] - ETA: 0s - loss: 1.5480 - accuracy: 0.4561
45/98 [============>.................] - ETA: 0s - loss: 1.5527 - accuracy: 0.4549
49/98 [==============>...............] - ETA: 0s - loss: 1.5560 - accuracy: 0.4542
54/98 [===============>..............] - ETA: 0s - loss: 1.5597 - accuracy: 0.4527
59/98 [=================>............] - ETA: 0s - loss: 1.5597 - accuracy: 0.4518
64/98 [==================>...........] - ETA: 0s - loss: 1.5578 - accuracy: 0.4529
68/98 [===================>..........] - ETA: 0s - loss: 1.5554 - accuracy: 0.4533
73/98 [=====================>........] - ETA: 0s - loss: 1.5569 - accuracy: 0.4530
77/98 [======================>.......] - ETA: 0s - loss: 1.5534 - accuracy: 0.4541
82/98 [========================>.....] - ETA: 0s - loss: 1.5502 - accuracy: 0.4555
86/98 [=========================>....] - ETA: 0s - loss: 1.5473 - accuracy: 0.4567
90/98 [==========================>...] - ETA: 0s - loss: 1.5480 - accuracy: 0.4561
95/98 [============================>.] - ETA: 0s - loss: 1.5469 - accuracy: 0.4560
98/98 [==============================] - 2s 22ms/step - loss: 1.5455 - accuracy: 0.4564 - val_loss: 1.9100 - val_accuracy: 0.3600
Epoch 9/38

 1/98 [..............................] - ETA: 3s - loss: 1.4497 - accuracy: 0.4766
 6/98 [>.............................] - ETA: 1s - loss: 1.5244 - accuracy: 0.4551
10/98 [==>...........................] - ETA: 1s - loss: 1.5178 - accuracy: 0.4574
15/98 [===>..........................] - ETA: 1s - loss: 1.5169 - accuracy: 0.4592
20/98 [=====>........................] - ETA: 1s - loss: 1.5247 - accuracy: 0.4561
24/98 [======>.......................] - ETA: 1s - loss: 1.5155 - accuracy: 0.4602
29/98 [=======>......................] - ETA: 0s - loss: 1.5179 - accuracy: 0.4628
34/98 [=========>....................] - ETA: 0s - loss: 1.5141 - accuracy: 0.4663
38/98 [==========>...................] - ETA: 0s - loss: 1.5188 - accuracy: 0.4654
43/98 [============>.................] - ETA: 0s - loss: 1.5180 - accuracy: 0.4660
47/98 [=============>................] - ETA: 0s - loss: 1.5188 - accuracy: 0.4657
51/98 [==============>...............] - ETA: 0s - loss: 1.5180 - accuracy: 0.4657
56/98 [================>.............] - ETA: 0s - loss: 1.5204 - accuracy: 0.4658
60/98 [=================>............] - ETA: 0s - loss: 1.5204 - accuracy: 0.4654
65/98 [==================>...........] - ETA: 0s - loss: 1.5200 - accuracy: 0.4660
69/98 [====================>.........] - ETA: 0s - loss: 1.5154 - accuracy: 0.4670
74/98 [=====================>........] - ETA: 0s - loss: 1.5155 - accuracy: 0.4666
78/98 [======================>.......] - ETA: 0s - loss: 1.5138 - accuracy: 0.4672
83/98 [========================>.....] - ETA: 0s - loss: 1.5139 - accuracy: 0.4681
87/98 [=========================>....] - ETA: 0s - loss: 1.5120 - accuracy: 0.4684
91/98 [==========================>...] - ETA: 0s - loss: 1.5089 - accuracy: 0.4694
96/98 [============================>.] - ETA: 0s - loss: 1.5062 - accuracy: 0.4712
98/98 [==============================] - 2s 22ms/step - loss: 1.5059 - accuracy: 0.4711 - val_loss: 1.4654 - val_accuracy: 0.4780
Epoch 10/38

 1/98 [..............................] - ETA: 3s - loss: 1.5003 - accuracy: 0.5039
 6/98 [>.............................] - ETA: 1s - loss: 1.4522 - accuracy: 0.5036
10/98 [==>...........................] - ETA: 1s - loss: 1.4589 - accuracy: 0.4992
15/98 [===>..........................] - ETA: 1s - loss: 1.4684 - accuracy: 0.4930
19/98 [====>.........................] - ETA: 1s - loss: 1.4583 - accuracy: 0.4960
24/98 [======>.......................] - ETA: 1s - loss: 1.4628 - accuracy: 0.4955
28/98 [=======>......................] - ETA: 0s - loss: 1.4721 - accuracy: 0.4914
33/98 [=========>....................] - ETA: 0s - loss: 1.4784 - accuracy: 0.4886
37/98 [==========>...................] - ETA: 0s - loss: 1.4735 - accuracy: 0.4904
42/98 [===========>..................] - ETA: 0s - loss: 1.4659 - accuracy: 0.4935
47/98 [=============>................] - ETA: 0s - loss: 1.4662 - accuracy: 0.4921
51/98 [==============>...............] - ETA: 0s - loss: 1.4643 - accuracy: 0.4925
55/98 [===============>..............] - ETA: 0s - loss: 1.4651 - accuracy: 0.4925
59/98 [=================>............] - ETA: 0s - loss: 1.4639 - accuracy: 0.4923
64/98 [==================>...........] - ETA: 0s - loss: 1.4655 - accuracy: 0.4908
68/98 [===================>..........] - ETA: 0s - loss: 1.4660 - accuracy: 0.4903
73/98 [=====================>........] - ETA: 0s - loss: 1.4675 - accuracy: 0.4896
77/98 [======================>.......] - ETA: 0s - loss: 1.4672 - accuracy: 0.4895
81/98 [=======================>......] - ETA: 0s - loss: 1.4681 - accuracy: 0.4887
86/98 [=========================>....] - ETA: 0s - loss: 1.4723 - accuracy: 0.4870
91/98 [==========================>...] - ETA: 0s - loss: 1.4720 - accuracy: 0.4874
95/98 [============================>.] - ETA: 0s - loss: 1.4721 - accuracy: 0.4876
98/98 [==============================] - 2s 20ms/step - loss: 1.4739 - accuracy: 0.4870 - val_loss: 1.5547 - val_accuracy: 0.4546
Epoch 11/38

 1/98 [..............................] - ETA: 3s - loss: 1.4362 - accuracy: 0.5059
 6/98 [>.............................] - ETA: 1s - loss: 1.5035 - accuracy: 0.4759
11/98 [==>...........................] - ETA: 1s - loss: 1.5059 - accuracy: 0.4775
17/98 [====>.........................] - ETA: 0s - loss: 1.4686 - accuracy: 0.4885
23/98 [======>.......................] - ETA: 0s - loss: 1.4623 - accuracy: 0.4918
28/98 [=======>......................] - ETA: 0s - loss: 1.4542 - accuracy: 0.4950
33/98 [=========>....................] - ETA: 0s - loss: 1.4502 - accuracy: 0.4965
38/98 [==========>...................] - ETA: 0s - loss: 1.4448 - accuracy: 0.4972
44/98 [============>.................] - ETA: 0s - loss: 1.4432 - accuracy: 0.4970
50/98 [==============>...............] - ETA: 0s - loss: 1.4450 - accuracy: 0.4957
56/98 [================>.............] - ETA: 0s - loss: 1.4468 - accuracy: 0.4953
61/98 [=================>............] - ETA: 0s - loss: 1.4460 - accuracy: 0.4948
67/98 [===================>..........] - ETA: 0s - loss: 1.4488 - accuracy: 0.4937
73/98 [=====================>........] - ETA: 0s - loss: 1.4482 - accuracy: 0.4939
79/98 [=======================>......] - ETA: 0s - loss: 1.4474 - accuracy: 0.4950
84/98 [========================>.....] - ETA: 0s - loss: 1.4481 - accuracy: 0.4948
90/98 [==========================>...] - ETA: 0s - loss: 1.4477 - accuracy: 0.4950
95/98 [============================>.] - ETA: 0s - loss: 1.4479 - accuracy: 0.4952
98/98 [==============================] - 2s 16ms/step - loss: 1.4486 - accuracy: 0.4956 - val_loss: 2.1454 - val_accuracy: 0.3549
Epoch 12/38

 1/98 [..............................] - ETA: 3s - loss: 1.4501 - accuracy: 0.5234
 7/98 [=>............................] - ETA: 0s - loss: 1.3750 - accuracy: 0.5218
12/98 [==>...........................] - ETA: 0s - loss: 1.3797 - accuracy: 0.5168
18/98 [====>.........................] - ETA: 0s - loss: 1.3832 - accuracy: 0.5152
24/98 [======>.......................] - ETA: 0s - loss: 1.3911 - accuracy: 0.5121
29/98 [=======>......................] - ETA: 0s - loss: 1.3968 - accuracy: 0.5088
35/98 [=========>....................] - ETA: 0s - loss: 1.4041 - accuracy: 0.5065
40/98 [===========>..................] - ETA: 0s - loss: 1.4067 - accuracy: 0.5063
45/98 [============>.................] - ETA: 0s - loss: 1.4083 - accuracy: 0.5060
51/98 [==============>...............] - ETA: 0s - loss: 1.4087 - accuracy: 0.5066
57/98 [================>.............] - ETA: 0s - loss: 1.4080 - accuracy: 0.5063
63/98 [==================>...........] - ETA: 0s - loss: 1.4088 - accuracy: 0.5065
69/98 [====================>.........] - ETA: 0s - loss: 1.4119 - accuracy: 0.5057
75/98 [=====================>........] - ETA: 0s - loss: 1.4112 - accuracy: 0.5060
81/98 [=======================>......] - ETA: 0s - loss: 1.4119 - accuracy: 0.5061
87/98 [=========================>....] - ETA: 0s - loss: 1.4114 - accuracy: 0.5058
93/98 [===========================>..] - ETA: 0s - loss: 1.4110 - accuracy: 0.5060
98/98 [==============================] - ETA: 0s - loss: 1.4101 - accuracy: 0.5058
98/98 [==============================] - 2s 15ms/step - loss: 1.4101 - accuracy: 0.5058 - val_loss: 1.4408 - val_accuracy: 0.5013
Epoch 13/38

 1/98 [..............................] - ETA: 2s - loss: 1.3668 - accuracy: 0.5293
 6/98 [>.............................] - ETA: 1s - loss: 1.3730 - accuracy: 0.5186
13/98 [==>...........................] - ETA: 0s - loss: 1.3783 - accuracy: 0.5199
18/98 [====>.........................] - ETA: 0s - loss: 1.3675 - accuracy: 0.5241
24/98 [======>.......................] - ETA: 0s - loss: 1.3766 - accuracy: 0.5187
30/98 [========>.....................] - ETA: 0s - loss: 1.3910 - accuracy: 0.5136
36/98 [==========>...................] - ETA: 0s - loss: 1.3891 - accuracy: 0.5125
41/98 [===========>..................] - ETA: 0s - loss: 1.3930 - accuracy: 0.5121
46/98 [=============>................] - ETA: 0s - loss: 1.3954 - accuracy: 0.5114
51/98 [==============>...............] - ETA: 0s - loss: 1.3986 - accuracy: 0.5094
55/98 [===============>..............] - ETA: 0s - loss: 1.3956 - accuracy: 0.5099
59/98 [=================>............] - ETA: 0s - loss: 1.3968 - accuracy: 0.5093
63/98 [==================>...........] - ETA: 0s - loss: 1.3973 - accuracy: 0.5090
66/98 [===================>..........] - ETA: 0s - loss: 1.3974 - accuracy: 0.5093
69/98 [====================>.........] - ETA: 0s - loss: 1.3981 - accuracy: 0.5094
72/98 [=====================>........] - ETA: 0s - loss: 1.4030 - accuracy: 0.5076
76/98 [======================>.......] - ETA: 0s - loss: 1.4032 - accuracy: 0.5065
81/98 [=======================>......] - ETA: 0s - loss: 1.4044 - accuracy: 0.5066
86/98 [=========================>....] - ETA: 0s - loss: 1.4055 - accuracy: 0.5064
90/98 [==========================>...] - ETA: 0s - loss: 1.4078 - accuracy: 0.5058
95/98 [============================>.] - ETA: 0s - loss: 1.4046 - accuracy: 0.5073
98/98 [==============================] - ETA: 0s - loss: 1.4038 - accuracy: 0.5080
98/98 [==============================] - 2s 18ms/step - loss: 1.4038 - accuracy: 0.5080 - val_loss: 1.5357 - val_accuracy: 0.4637
Epoch 14/38

 1/98 [..............................] - ETA: 1s - loss: 1.5029 - accuracy: 0.4785
 6/98 [>.............................] - ETA: 1s - loss: 1.3920 - accuracy: 0.5104
10/98 [==>...........................] - ETA: 1s - loss: 1.3814 - accuracy: 0.5190
15/98 [===>..........................] - ETA: 1s - loss: 1.3785 - accuracy: 0.5223
20/98 [=====>........................] - ETA: 0s - loss: 1.3854 - accuracy: 0.5219
25/98 [======>.......................] - ETA: 0s - loss: 1.3871 - accuracy: 0.5217
31/98 [========>.....................] - ETA: 0s - loss: 1.3944 - accuracy: 0.5173
36/98 [==========>...................] - ETA: 0s - loss: 1.3953 - accuracy: 0.5160
42/98 [===========>..................] - ETA: 0s - loss: 1.3968 - accuracy: 0.5166
48/98 [=============>................] - ETA: 0s - loss: 1.3959 - accuracy: 0.5156
52/98 [==============>...............] - ETA: 0s - loss: 1.4012 - accuracy: 0.5152
57/98 [================>.............] - ETA: 0s - loss: 1.4009 - accuracy: 0.5153
62/98 [=================>............] - ETA: 0s - loss: 1.3972 - accuracy: 0.5165
67/98 [===================>..........] - ETA: 0s - loss: 1.3987 - accuracy: 0.5158
72/98 [=====================>........] - ETA: 0s - loss: 1.3976 - accuracy: 0.5157
76/98 [======================>.......] - ETA: 0s - loss: 1.3961 - accuracy: 0.5161
79/98 [=======================>......] - ETA: 0s - loss: 1.3978 - accuracy: 0.5152
83/98 [========================>.....] - ETA: 0s - loss: 1.3977 - accuracy: 0.5141
87/98 [=========================>....] - ETA: 0s - loss: 1.3993 - accuracy: 0.5137
91/98 [==========================>...] - ETA: 0s - loss: 1.3999 - accuracy: 0.5130
94/98 [===========================>..] - ETA: 0s - loss: 1.4010 - accuracy: 0.5128
98/98 [==============================] - ETA: 0s - loss: 1.4012 - accuracy: 0.5131
98/98 [==============================] - 2s 18ms/step - loss: 1.4012 - accuracy: 0.5131 - val_loss: 1.5064 - val_accuracy: 0.4801
Epoch 15/38

 1/98 [..............................] - ETA: 2s - loss: 1.3551 - accuracy: 0.5234
 6/98 [>.............................] - ETA: 0s - loss: 1.4241 - accuracy: 0.5055
10/98 [==>...........................] - ETA: 1s - loss: 1.4055 - accuracy: 0.5094
14/98 [===>..........................] - ETA: 1s - loss: 1.4103 - accuracy: 0.5086
18/98 [====>.........................] - ETA: 1s - loss: 1.4053 - accuracy: 0.5098
23/98 [======>.......................] - ETA: 0s - loss: 1.4036 - accuracy: 0.5110
28/98 [=======>......................] - ETA: 0s - loss: 1.4132 - accuracy: 0.5063
33/98 [=========>....................] - ETA: 0s - loss: 1.4162 - accuracy: 0.5053
39/98 [==========>...................] - ETA: 0s - loss: 1.4151 - accuracy: 0.5057
44/98 [============>.................] - ETA: 0s - loss: 1.4122 - accuracy: 0.5090
49/98 [==============>...............] - ETA: 0s - loss: 1.4127 - accuracy: 0.5087
54/98 [===============>..............] - ETA: 0s - loss: 1.4129 - accuracy: 0.5092
59/98 [=================>............] - ETA: 0s - loss: 1.4170 - accuracy: 0.5076
65/98 [==================>...........] - ETA: 0s - loss: 1.4160 - accuracy: 0.5091
71/98 [====================>.........] - ETA: 0s - loss: 1.4212 - accuracy: 0.5078
76/98 [======================>.......] - ETA: 0s - loss: 1.4231 - accuracy: 0.5076
82/98 [========================>.....] - ETA: 0s - loss: 1.4218 - accuracy: 0.5068
88/98 [=========================>....] - ETA: 0s - loss: 1.4208 - accuracy: 0.5076
94/98 [===========================>..] - ETA: 0s - loss: 1.4197 - accuracy: 0.5075
98/98 [==============================] - 2s 16ms/step - loss: 1.4175 - accuracy: 0.5079 - val_loss: 1.5447 - val_accuracy: 0.4732
Epoch 16/38

 1/98 [..............................] - ETA: 1s - loss: 1.4414 - accuracy: 0.4844
 6/98 [>.............................] - ETA: 1s - loss: 1.4533 - accuracy: 0.5026
11/98 [==>...........................] - ETA: 1s - loss: 1.4366 - accuracy: 0.5108
17/98 [====>.........................] - ETA: 0s - loss: 1.4386 - accuracy: 0.5080
22/98 [=====>........................] - ETA: 0s - loss: 1.4349 - accuracy: 0.5049
28/98 [=======>......................] - ETA: 0s - loss: 1.4339 - accuracy: 0.5061
33/98 [=========>....................] - ETA: 0s - loss: 1.4343 - accuracy: 0.5036
35/98 [=========>....................] - ETA: 0s - loss: 1.4357 - accuracy: 0.5030
40/98 [===========>..................] - ETA: 0s - loss: 1.4329 - accuracy: 0.5034
45/98 [============>.................] - ETA: 0s - loss: 1.4309 - accuracy: 0.5036
50/98 [==============>...............] - ETA: 0s - loss: 1.4322 - accuracy: 0.5015
54/98 [===============>..............] - ETA: 0s - loss: 1.4296 - accuracy: 0.5029
59/98 [=================>............] - ETA: 0s - loss: 1.4237 - accuracy: 0.5047
63/98 [==================>...........] - ETA: 0s - loss: 1.4219 - accuracy: 0.5054
66/98 [===================>..........] - ETA: 0s - loss: 1.4220 - accuracy: 0.5046
70/98 [====================>.........] - ETA: 0s - loss: 1.4210 - accuracy: 0.5049
75/98 [=====================>........] - ETA: 0s - loss: 1.4219 - accuracy: 0.5045
80/98 [=======================>......] - ETA: 0s - loss: 1.4236 - accuracy: 0.5051
84/98 [========================>.....] - ETA: 0s - loss: 1.4258 - accuracy: 0.5051
88/98 [=========================>....] - ETA: 0s - loss: 1.4274 - accuracy: 0.5035
93/98 [===========================>..] - ETA: 0s - loss: 1.4264 - accuracy: 0.5036
98/98 [==============================] - ETA: 0s - loss: 1.4257 - accuracy: 0.5037
98/98 [==============================] - 2s 19ms/step - loss: 1.4257 - accuracy: 0.5037 - val_loss: 1.8692 - val_accuracy: 0.3691
Epoch 17/38

 1/98 [..............................] - ETA: 1s - loss: 1.3576 - accuracy: 0.5527
 6/98 [>.............................] - ETA: 1s - loss: 1.3824 - accuracy: 0.5225
12/98 [==>...........................] - ETA: 0s - loss: 1.3805 - accuracy: 0.5225
19/98 [====>.........................] - ETA: 0s - loss: 1.3858 - accuracy: 0.5194
25/98 [======>.......................] - ETA: 0s - loss: 1.3954 - accuracy: 0.5142
29/98 [=======>......................] - ETA: 0s - loss: 1.4077 - accuracy: 0.5102
34/98 [=========>....................] - ETA: 0s - loss: 1.4101 - accuracy: 0.5099
39/98 [==========>...................] - ETA: 0s - loss: 1.4155 - accuracy: 0.5074
44/98 [============>.................] - ETA: 0s - loss: 1.4146 - accuracy: 0.5078
50/98 [==============>...............] - ETA: 0s - loss: 1.4221 - accuracy: 0.5067
55/98 [===============>..............] - ETA: 0s - loss: 1.4206 - accuracy: 0.5079
61/98 [=================>............] - ETA: 0s - loss: 1.4220 - accuracy: 0.5079
66/98 [===================>..........] - ETA: 0s - loss: 1.4188 - accuracy: 0.5088
70/98 [====================>.........] - ETA: 0s - loss: 1.4172 - accuracy: 0.5092
76/98 [======================>.......] - ETA: 0s - loss: 1.4145 - accuracy: 0.5098
81/98 [=======================>......] - ETA: 0s - loss: 1.4123 - accuracy: 0.5106
85/98 [=========================>....] - ETA: 0s - loss: 1.4154 - accuracy: 0.5096
89/98 [==========================>...] - ETA: 0s - loss: 1.4180 - accuracy: 0.5095
94/98 [===========================>..] - ETA: 0s - loss: 1.4176 - accuracy: 0.5099
98/98 [==============================] - 2s 17ms/step - loss: 1.4196 - accuracy: 0.5098 - val_loss: 1.3805 - val_accuracy: 0.5127
Epoch 18/38

 1/98 [..............................] - ETA: 2s - loss: 1.3780 - accuracy: 0.5234
 6/98 [>.............................] - ETA: 1s - loss: 1.4504 - accuracy: 0.5062
12/98 [==>...........................] - ETA: 0s - loss: 1.4571 - accuracy: 0.4943
17/98 [====>.........................] - ETA: 0s - loss: 1.4417 - accuracy: 0.5006
22/98 [=====>........................] - ETA: 0s - loss: 1.4380 - accuracy: 0.5034
27/98 [=======>......................] - ETA: 0s - loss: 1.4362 - accuracy: 0.5026
32/98 [========>.....................] - ETA: 0s - loss: 1.4294 - accuracy: 0.5051
36/98 [==========>...................] - ETA: 0s - loss: 1.4277 - accuracy: 0.5050
42/98 [===========>..................] - ETA: 0s - loss: 1.4221 - accuracy: 0.5067
47/98 [=============>................] - ETA: 0s - loss: 1.4246 - accuracy: 0.5055
53/98 [===============>..............] - ETA: 0s - loss: 1.4323 - accuracy: 0.5028
57/98 [================>.............] - ETA: 0s - loss: 1.4376 - accuracy: 0.5026
63/98 [==================>...........] - ETA: 0s - loss: 1.4350 - accuracy: 0.5034
69/98 [====================>.........] - ETA: 0s - loss: 1.4357 - accuracy: 0.5026
74/98 [=====================>........] - ETA: 0s - loss: 1.4370 - accuracy: 0.5028
79/98 [=======================>......] - ETA: 0s - loss: 1.4431 - accuracy: 0.5010
84/98 [========================>.....] - ETA: 0s - loss: 1.4467 - accuracy: 0.4999
90/98 [==========================>...] - ETA: 0s - loss: 1.4580 - accuracy: 0.4969
95/98 [============================>.] - ETA: 0s - loss: 1.4610 - accuracy: 0.4961
98/98 [==============================] - 2s 19ms/step - loss: 1.4644 - accuracy: 0.4954 - val_loss: 1.7341 - val_accuracy: 0.4091
Epoch 19/38

 1/98 [..............................] - ETA: 3s - loss: 1.8657 - accuracy: 0.4062
 4/98 [>.............................] - ETA: 1s - loss: 1.9898 - accuracy: 0.4072
 8/98 [=>............................] - ETA: 1s - loss: 1.9764 - accuracy: 0.4370
12/98 [==>...........................] - ETA: 1s - loss: 2.0055 - accuracy: 0.4183
16/98 [===>..........................] - ETA: 1s - loss: 2.5244 - accuracy: 0.3964
19/98 [====>.........................] - ETA: 1s - loss: 6.4537 - accuracy: 0.3723
23/98 [======>.......................] - ETA: 1s - loss: 21.4625 - accuracy: 0.3492
27/98 [=======>......................] - ETA: 1s - loss: 55.4984 - accuracy: 0.3229
31/98 [========>.....................] - ETA: 1s - loss: 87.6194 - accuracy: 0.3030
35/98 [=========>....................] - ETA: 1s - loss: 128.4213 - accuracy: 0.2856
39/98 [==========>...................] - ETA: 0s - loss: 196.9485 - accuracy: 0.2723
43/98 [============>.................] - ETA: 0s - loss: 226.5732 - accuracy: 0.2649
47/98 [=============>................] - ETA: 0s - loss: 240.5393 - accuracy: 0.2621
50/98 [==============>...............] - ETA: 0s - loss: 243.1896 - accuracy: 0.2593
55/98 [===============>..............] - ETA: 0s - loss: 247.6949 - accuracy: 0.2521
60/98 [=================>............] - ETA: 0s - loss: 260.1514 - accuracy: 0.2474
63/98 [==================>...........] - ETA: 0s - loss: 260.8087 - accuracy: 0.2487
68/98 [===================>..........] - ETA: 0s - loss: 258.7766 - accuracy: 0.2510
72/98 [=====================>........] - ETA: 0s - loss: 255.4206 - accuracy: 0.2486
76/98 [======================>.......] - ETA: 0s - loss: 250.6870 - accuracy: 0.2464
80/98 [=======================>......] - ETA: 0s - loss: 247.5751 - accuracy: 0.2412
84/98 [========================>.....] - ETA: 0s - loss: 243.1606 - accuracy: 0.2433
88/98 [=========================>....] - ETA: 0s - loss: 238.2185 - accuracy: 0.2453
92/98 [===========================>..] - ETA: 0s - loss: 232.0884 - accuracy: 0.2478
96/98 [============================>.] - ETA: 0s - loss: 225.1861 - accuracy: 0.2483
98/98 [==============================] - 3s 26ms/step - loss: 221.5499 - accuracy: 0.2488 - val_loss: 108.3035 - val_accuracy: 0.2128
Epoch 20/38

 1/98 [..............................] - ETA: 2s - loss: 64.7110 - accuracy: 0.1719
 5/98 [>.............................] - ETA: 1s - loss: 67.7984 - accuracy: 0.2336
 8/98 [=>............................] - ETA: 1s - loss: 58.7645 - accuracy: 0.2451
13/98 [==>...........................] - ETA: 1s - loss: 56.9173 - accuracy: 0.2458
16/98 [===>..........................] - ETA: 1s - loss: 54.4319 - accuracy: 0.2634
21/98 [=====>........................] - ETA: 1s - loss: 50.1069 - accuracy: 0.2734
24/98 [======>.......................] - ETA: 1s - loss: 46.6772 - accuracy: 0.2743
28/98 [=======>......................] - ETA: 1s - loss: 43.3084 - accuracy: 0.2694
32/98 [========>.....................] - ETA: 1s - loss: 40.3089 - accuracy: 0.2761
36/98 [==========>...................] - ETA: 0s - loss: 37.8982 - accuracy: 0.2775
