2024-06-25 14:31:11.713812: I tensorflow/core/platform/cpu_feature_guard.cc:193] This TensorFlow binary is optimized with oneAPI Deep Neural Network Library (oneDNN) to use the following CPU instructions in performance-critical operations:  AVX AVX2
To enable them in other operations, rebuild TensorFlow with the appropriate compiler flags.
2024-06-25 14:31:12.976983: I tensorflow/core/common_runtime/gpu/gpu_device.cc:1616] Created device /job:localhost/replica:0/task:0/device:GPU:0 with 6656 MB memory:  -> device: 0, name: NVIDIA GeForce RTX 4060 Ti, pci bus id: 0000:01:00.0, compute capability: 8.9
1 Physical GPUs, 1 Logical GPUs
Model: "sequential"
_________________________________________________________________
 Layer (type)                Output Shape              Param #   
=================================================================
 conv2d (Conv2D)             (None, 32, 32, 32)        896       
                                                                 
 dropout (Dropout)           (None, 32, 32, 32)        0         
                                                                 
 flatten (Flatten)           (None, 32768)             0         
                                                                 
 dense (Dense)               (None, 10)                327690    
                                                                 
=================================================================
Total params: 328,586
Trainable params: 328,586
Non-trainable params: 0
_________________________________________________________________
Taxa de aprendizado:  0.0001 Num de épocas:  138 Tamanho do lote:  512 Dropout:  0.45961
Epoch 1/138
2024-06-25 14:31:15.096688: I tensorflow/stream_executor/cuda/cuda_dnn.cc:384] Loaded cuDNN version 8100
2024-06-25 14:31:16.551684: W tensorflow/stream_executor/gpu/redzone_allocator.cc:314] INTERNAL: ptxas exited with non-zero error code -1, output: 
Relying on driver to perform ptx compilation. 
Modify $PATH to customize ptxas location.
This message will be only logged once.
2024-06-25 14:31:17.705874: I tensorflow/stream_executor/cuda/cuda_blas.cc:1614] TensorFloat-32 will be used for the matrix multiplication. This will only be logged once.

 1/98 [..............................] - ETA: 8:00 - loss: 2.3187 - accuracy: 0.1113
 4/98 [>.............................] - ETA: 1s - loss: 2.2975 - accuracy: 0.1274  
 7/98 [=>............................] - ETA: 1s - loss: 2.2890 - accuracy: 0.1336
10/98 [==>...........................] - ETA: 1s - loss: 2.2755 - accuracy: 0.1463
13/98 [==>...........................] - ETA: 1s - loss: 2.2618 - accuracy: 0.1611
16/98 [===>..........................] - ETA: 1s - loss: 2.2490 - accuracy: 0.1721
19/98 [====>.........................] - ETA: 1s - loss: 2.2348 - accuracy: 0.1816
22/98 [=====>........................] - ETA: 1s - loss: 2.2212 - accuracy: 0.1907
25/98 [======>.......................] - ETA: 1s - loss: 2.2089 - accuracy: 0.1968
28/98 [=======>......................] - ETA: 1s - loss: 2.1968 - accuracy: 0.2019
31/98 [========>.....................] - ETA: 1s - loss: 2.1851 - accuracy: 0.2101
34/98 [=========>....................] - ETA: 1s - loss: 2.1746 - accuracy: 0.2168
37/98 [==========>...................] - ETA: 1s - loss: 2.1637 - accuracy: 0.2245
40/98 [===========>..................] - ETA: 1s - loss: 2.1525 - accuracy: 0.2305
43/98 [============>.................] - ETA: 1s - loss: 2.1425 - accuracy: 0.2350
46/98 [=============>................] - ETA: 1s - loss: 2.1331 - accuracy: 0.2393
49/98 [==============>...............] - ETA: 1s - loss: 2.1251 - accuracy: 0.2437
52/98 [==============>...............] - ETA: 1s - loss: 2.1157 - accuracy: 0.2474
56/98 [================>.............] - ETA: 0s - loss: 2.1041 - accuracy: 0.2529
59/98 [=================>............] - ETA: 0s - loss: 2.0952 - accuracy: 0.2571
63/98 [==================>...........] - ETA: 0s - loss: 2.0857 - accuracy: 0.2610
66/98 [===================>..........] - ETA: 0s - loss: 2.0788 - accuracy: 0.2642
69/98 [====================>.........] - ETA: 0s - loss: 2.0713 - accuracy: 0.2673
72/98 [=====================>........] - ETA: 0s - loss: 2.0634 - accuracy: 0.2703
76/98 [======================>.......] - ETA: 0s - loss: 2.0534 - accuracy: 0.2745
79/98 [=======================>......] - ETA: 0s - loss: 2.0471 - accuracy: 0.2774
83/98 [========================>.....] - ETA: 0s - loss: 2.0382 - accuracy: 0.2806
86/98 [=========================>....] - ETA: 0s - loss: 2.0327 - accuracy: 0.2828
90/98 [==========================>...] - ETA: 0s - loss: 2.0235 - accuracy: 0.2869
93/98 [===========================>..] - ETA: 0s - loss: 2.0182 - accuracy: 0.2887
97/98 [============================>.] - ETA: 0s - loss: 2.0094 - accuracy: 0.2926
98/98 [==============================] - 8s 33ms/step - loss: 2.0078 - accuracy: 0.2933 - val_loss: 1.8050 - val_accuracy: 0.3761
Epoch 2/138

 1/98 [..............................] - ETA: 3s - loss: 1.8618 - accuracy: 0.3945
 4/98 [>.............................] - ETA: 1s - loss: 1.8091 - accuracy: 0.3853
 7/98 [=>............................] - ETA: 1s - loss: 1.8103 - accuracy: 0.3797
10/98 [==>...........................] - ETA: 1s - loss: 1.8035 - accuracy: 0.3822
13/98 [==>...........................] - ETA: 1s - loss: 1.8059 - accuracy: 0.3758
16/98 [===>..........................] - ETA: 1s - loss: 1.8037 - accuracy: 0.3724
19/98 [====>.........................] - ETA: 1s - loss: 1.7966 - accuracy: 0.3760
22/98 [=====>........................] - ETA: 1s - loss: 1.7969 - accuracy: 0.3734
25/98 [======>.......................] - ETA: 1s - loss: 1.7948 - accuracy: 0.3735
28/98 [=======>......................] - ETA: 1s - loss: 1.7935 - accuracy: 0.3728
31/98 [========>.....................] - ETA: 1s - loss: 1.7918 - accuracy: 0.3743
35/98 [=========>....................] - ETA: 1s - loss: 1.7911 - accuracy: 0.3764
38/98 [==========>...................] - ETA: 1s - loss: 1.7890 - accuracy: 0.3769
41/98 [===========>..................] - ETA: 1s - loss: 1.7877 - accuracy: 0.3784
44/98 [============>.................] - ETA: 1s - loss: 1.7852 - accuracy: 0.3804
47/98 [=============>................] - ETA: 1s - loss: 1.7820 - accuracy: 0.3819
50/98 [==============>...............] - ETA: 0s - loss: 1.7803 - accuracy: 0.3834
53/98 [===============>..............] - ETA: 0s - loss: 1.7791 - accuracy: 0.3838
57/98 [================>.............] - ETA: 0s - loss: 1.7738 - accuracy: 0.3864
60/98 [=================>............] - ETA: 0s - loss: 1.7723 - accuracy: 0.3857
63/98 [==================>...........] - ETA: 0s - loss: 1.7714 - accuracy: 0.3859
66/98 [===================>..........] - ETA: 0s - loss: 1.7701 - accuracy: 0.3868
70/98 [====================>.........] - ETA: 0s - loss: 1.7651 - accuracy: 0.3892
74/98 [=====================>........] - ETA: 0s - loss: 1.7625 - accuracy: 0.3896
77/98 [======================>.......] - ETA: 0s - loss: 1.7609 - accuracy: 0.3896
81/98 [=======================>......] - ETA: 0s - loss: 1.7573 - accuracy: 0.3911
85/98 [=========================>....] - ETA: 0s - loss: 1.7555 - accuracy: 0.3918
90/98 [==========================>...] - ETA: 0s - loss: 1.7540 - accuracy: 0.3923
95/98 [============================>.] - ETA: 0s - loss: 1.7521 - accuracy: 0.3931
98/98 [==============================] - 2s 25ms/step - loss: 1.7513 - accuracy: 0.3930 - val_loss: 1.6869 - val_accuracy: 0.4210
Epoch 3/138

 1/98 [..............................] - ETA: 4s - loss: 1.6820 - accuracy: 0.4160
 4/98 [>.............................] - ETA: 1s - loss: 1.6644 - accuracy: 0.4282
 7/98 [=>............................] - ETA: 1s - loss: 1.6910 - accuracy: 0.4177
10/98 [==>...........................] - ETA: 1s - loss: 1.6856 - accuracy: 0.4170
13/98 [==>...........................] - ETA: 1s - loss: 1.6915 - accuracy: 0.4165
16/98 [===>..........................] - ETA: 1s - loss: 1.6938 - accuracy: 0.4119
19/98 [====>.........................] - ETA: 1s - loss: 1.6906 - accuracy: 0.4130
22/98 [=====>........................] - ETA: 1s - loss: 1.6825 - accuracy: 0.4174
25/98 [======>.......................] - ETA: 1s - loss: 1.6852 - accuracy: 0.4155
28/98 [=======>......................] - ETA: 1s - loss: 1.6854 - accuracy: 0.4158
31/98 [========>.....................] - ETA: 1s - loss: 1.6876 - accuracy: 0.4135
34/98 [=========>....................] - ETA: 1s - loss: 1.6857 - accuracy: 0.4142
37/98 [==========>...................] - ETA: 1s - loss: 1.6814 - accuracy: 0.4160
40/98 [===========>..................] - ETA: 1s - loss: 1.6813 - accuracy: 0.4163
43/98 [============>.................] - ETA: 1s - loss: 1.6792 - accuracy: 0.4176
47/98 [=============>................] - ETA: 1s - loss: 1.6754 - accuracy: 0.4193
50/98 [==============>...............] - ETA: 0s - loss: 1.6725 - accuracy: 0.4203
53/98 [===============>..............] - ETA: 0s - loss: 1.6730 - accuracy: 0.4202
57/98 [================>.............] - ETA: 0s - loss: 1.6712 - accuracy: 0.4211
60/98 [=================>............] - ETA: 0s - loss: 1.6708 - accuracy: 0.4218
63/98 [==================>...........] - ETA: 0s - loss: 1.6700 - accuracy: 0.4224
67/98 [===================>..........] - ETA: 0s - loss: 1.6692 - accuracy: 0.4225
70/98 [====================>.........] - ETA: 0s - loss: 1.6678 - accuracy: 0.4240
73/98 [=====================>........] - ETA: 0s - loss: 1.6666 - accuracy: 0.4246
76/98 [======================>.......] - ETA: 0s - loss: 1.6654 - accuracy: 0.4246
79/98 [=======================>......] - ETA: 0s - loss: 1.6661 - accuracy: 0.4246
83/98 [========================>.....] - ETA: 0s - loss: 1.6639 - accuracy: 0.4262
86/98 [=========================>....] - ETA: 0s - loss: 1.6646 - accuracy: 0.4256
89/98 [==========================>...] - ETA: 0s - loss: 1.6645 - accuracy: 0.4259
92/98 [===========================>..] - ETA: 0s - loss: 1.6638 - accuracy: 0.4258
96/98 [============================>.] - ETA: 0s - loss: 1.6624 - accuracy: 0.4265
98/98 [==============================] - 3s 29ms/step - loss: 1.6618 - accuracy: 0.4270 - val_loss: 1.6216 - val_accuracy: 0.4506
Epoch 4/138

 1/98 [..............................] - ETA: 4s - loss: 1.6653 - accuracy: 0.4141
 4/98 [>.............................] - ETA: 1s - loss: 1.6330 - accuracy: 0.4434
 8/98 [=>............................] - ETA: 1s - loss: 1.6362 - accuracy: 0.4448
11/98 [==>...........................] - ETA: 1s - loss: 1.6269 - accuracy: 0.4476
14/98 [===>..........................] - ETA: 1s - loss: 1.6149 - accuracy: 0.4487
17/98 [====>.........................] - ETA: 1s - loss: 1.6140 - accuracy: 0.4493
20/98 [=====>........................] - ETA: 1s - loss: 1.6152 - accuracy: 0.4483
24/98 [======>.......................] - ETA: 1s - loss: 1.6153 - accuracy: 0.4470
28/98 [=======>......................] - ETA: 1s - loss: 1.6114 - accuracy: 0.4461
32/98 [========>.....................] - ETA: 1s - loss: 1.6109 - accuracy: 0.4461
35/98 [=========>....................] - ETA: 1s - loss: 1.6149 - accuracy: 0.4458
38/98 [==========>...................] - ETA: 1s - loss: 1.6143 - accuracy: 0.4453
42/98 [===========>..................] - ETA: 1s - loss: 1.6141 - accuracy: 0.4451
45/98 [============>.................] - ETA: 1s - loss: 1.6152 - accuracy: 0.4449
48/98 [=============>................] - ETA: 1s - loss: 1.6148 - accuracy: 0.4455
51/98 [==============>...............] - ETA: 0s - loss: 1.6117 - accuracy: 0.4469
55/98 [===============>..............] - ETA: 0s - loss: 1.6114 - accuracy: 0.4471
59/98 [=================>............] - ETA: 0s - loss: 1.6114 - accuracy: 0.4468
63/98 [==================>...........] - ETA: 0s - loss: 1.6085 - accuracy: 0.4470
67/98 [===================>..........] - ETA: 0s - loss: 1.6068 - accuracy: 0.4475
71/98 [====================>.........] - ETA: 0s - loss: 1.6064 - accuracy: 0.4468
74/98 [=====================>........] - ETA: 0s - loss: 1.6046 - accuracy: 0.4474
78/98 [======================>.......] - ETA: 0s - loss: 1.6043 - accuracy: 0.4476
82/98 [========================>.....] - ETA: 0s - loss: 1.6047 - accuracy: 0.4475
86/98 [=========================>....] - ETA: 0s - loss: 1.6043 - accuracy: 0.4476
89/98 [==========================>...] - ETA: 0s - loss: 1.6037 - accuracy: 0.4479
92/98 [===========================>..] - ETA: 0s - loss: 1.6029 - accuracy: 0.4484
95/98 [============================>.] - ETA: 0s - loss: 1.6016 - accuracy: 0.4490
98/98 [==============================] - 3s 29ms/step - loss: 1.6013 - accuracy: 0.4487 - val_loss: 1.5678 - val_accuracy: 0.4658
Epoch 5/138

 1/98 [..............................] - ETA: 3s - loss: 1.5510 - accuracy: 0.4395
 4/98 [>.............................] - ETA: 1s - loss: 1.5664 - accuracy: 0.4590
 7/98 [=>............................] - ETA: 1s - loss: 1.5678 - accuracy: 0.4565
11/98 [==>...........................] - ETA: 1s - loss: 1.5733 - accuracy: 0.4556
14/98 [===>..........................] - ETA: 1s - loss: 1.5633 - accuracy: 0.4588
17/98 [====>.........................] - ETA: 1s - loss: 1.5614 - accuracy: 0.4584
21/98 [=====>........................] - ETA: 1s - loss: 1.5656 - accuracy: 0.4555
24/98 [======>.......................] - ETA: 1s - loss: 1.5613 - accuracy: 0.4602
27/98 [=======>......................] - ETA: 1s - loss: 1.5611 - accuracy: 0.4598
31/98 [========>.....................] - ETA: 1s - loss: 1.5596 - accuracy: 0.4623
34/98 [=========>....................] - ETA: 1s - loss: 1.5603 - accuracy: 0.4629
38/98 [==========>...................] - ETA: 1s - loss: 1.5629 - accuracy: 0.4612
42/98 [===========>..................] - ETA: 1s - loss: 1.5624 - accuracy: 0.4626
47/98 [=============>................] - ETA: 0s - loss: 1.5606 - accuracy: 0.4641
52/98 [==============>...............] - ETA: 0s - loss: 1.5584 - accuracy: 0.4645
57/98 [================>.............] - ETA: 0s - loss: 1.5591 - accuracy: 0.4648
61/98 [=================>............] - ETA: 0s - loss: 1.5589 - accuracy: 0.4645
65/98 [==================>...........] - ETA: 0s - loss: 1.5578 - accuracy: 0.4647
70/98 [====================>.........] - ETA: 0s - loss: 1.5559 - accuracy: 0.4651
75/98 [=====================>........] - ETA: 0s - loss: 1.5559 - accuracy: 0.4651
80/98 [=======================>......] - ETA: 0s - loss: 1.5535 - accuracy: 0.4657
85/98 [=========================>....] - ETA: 0s - loss: 1.5538 - accuracy: 0.4658
89/98 [==========================>...] - ETA: 0s - loss: 1.5535 - accuracy: 0.4659
93/98 [===========================>..] - ETA: 0s - loss: 1.5522 - accuracy: 0.4663
98/98 [==============================] - ETA: 0s - loss: 1.5520 - accuracy: 0.4665
98/98 [==============================] - 2s 21ms/step - loss: 1.5520 - accuracy: 0.4665 - val_loss: 1.5265 - val_accuracy: 0.4814
Epoch 6/138

 1/98 [..............................] - ETA: 3s - loss: 1.4972 - accuracy: 0.4688
 6/98 [>.............................] - ETA: 1s - loss: 1.5296 - accuracy: 0.4733
11/98 [==>...........................] - ETA: 1s - loss: 1.5214 - accuracy: 0.4748
16/98 [===>..........................] - ETA: 1s - loss: 1.5197 - accuracy: 0.4761
20/98 [=====>........................] - ETA: 1s - loss: 1.5266 - accuracy: 0.4735
25/98 [======>.......................] - ETA: 0s - loss: 1.5225 - accuracy: 0.4746
31/98 [========>.....................] - ETA: 0s - loss: 1.5252 - accuracy: 0.4743
36/98 [==========>...................] - ETA: 0s - loss: 1.5254 - accuracy: 0.4741
40/98 [===========>..................] - ETA: 0s - loss: 1.5259 - accuracy: 0.4741
45/98 [============>.................] - ETA: 0s - loss: 1.5262 - accuracy: 0.4734
51/98 [==============>...............] - ETA: 0s - loss: 1.5224 - accuracy: 0.4754
57/98 [================>.............] - ETA: 0s - loss: 1.5182 - accuracy: 0.4770
63/98 [==================>...........] - ETA: 0s - loss: 1.5158 - accuracy: 0.4771
69/98 [====================>.........] - ETA: 0s - loss: 1.5158 - accuracy: 0.4782
75/98 [=====================>........] - ETA: 0s - loss: 1.5154 - accuracy: 0.4789
80/98 [=======================>......] - ETA: 0s - loss: 1.5144 - accuracy: 0.4792
85/98 [=========================>....] - ETA: 0s - loss: 1.5115 - accuracy: 0.4801
91/98 [==========================>...] - ETA: 0s - loss: 1.5097 - accuracy: 0.4803
97/98 [============================>.] - ETA: 0s - loss: 1.5092 - accuracy: 0.4809
98/98 [==============================] - 2s 16ms/step - loss: 1.5093 - accuracy: 0.4811 - val_loss: 1.4965 - val_accuracy: 0.4868
Epoch 7/138

 1/98 [..............................] - ETA: 1s - loss: 1.4862 - accuracy: 0.4629
 7/98 [=>............................] - ETA: 0s - loss: 1.4721 - accuracy: 0.4944
13/98 [==>...........................] - ETA: 0s - loss: 1.4810 - accuracy: 0.4960
19/98 [====>.........................] - ETA: 0s - loss: 1.4781 - accuracy: 0.4956
25/98 [======>.......................] - ETA: 0s - loss: 1.4809 - accuracy: 0.4945
30/98 [========>.....................] - ETA: 0s - loss: 1.4815 - accuracy: 0.4941
36/98 [==========>...................] - ETA: 0s - loss: 1.4824 - accuracy: 0.4936
42/98 [===========>..................] - ETA: 0s - loss: 1.4837 - accuracy: 0.4931
48/98 [=============>................] - ETA: 0s - loss: 1.4810 - accuracy: 0.4937
54/98 [===============>..............] - ETA: 0s - loss: 1.4817 - accuracy: 0.4928
60/98 [=================>............] - ETA: 0s - loss: 1.4818 - accuracy: 0.4916
66/98 [===================>..........] - ETA: 0s - loss: 1.4820 - accuracy: 0.4919
72/98 [=====================>........] - ETA: 0s - loss: 1.4823 - accuracy: 0.4912
78/98 [======================>.......] - ETA: 0s - loss: 1.4802 - accuracy: 0.4913
84/98 [========================>.....] - ETA: 0s - loss: 1.4799 - accuracy: 0.4906
90/98 [==========================>...] - ETA: 0s - loss: 1.4779 - accuracy: 0.4915
97/98 [============================>.] - ETA: 0s - loss: 1.4766 - accuracy: 0.4921
98/98 [==============================] - 1s 15ms/step - loss: 1.4758 - accuracy: 0.4926 - val_loss: 1.4672 - val_accuracy: 0.4955
Epoch 8/138

 1/98 [..............................] - ETA: 1s - loss: 1.5317 - accuracy: 0.4629
 7/98 [=>............................] - ETA: 0s - loss: 1.4641 - accuracy: 0.4969
13/98 [==>...........................] - ETA: 0s - loss: 1.4723 - accuracy: 0.4929
18/98 [====>.........................] - ETA: 0s - loss: 1.4719 - accuracy: 0.4957
25/98 [======>.......................] - ETA: 0s - loss: 1.4613 - accuracy: 0.4995
30/98 [========>.....................] - ETA: 0s - loss: 1.4604 - accuracy: 0.5003
35/98 [=========>....................] - ETA: 0s - loss: 1.4575 - accuracy: 0.5008
39/98 [==========>...................] - ETA: 0s - loss: 1.4556 - accuracy: 0.5020
43/98 [============>.................] - ETA: 0s - loss: 1.4513 - accuracy: 0.5054
47/98 [=============>................] - ETA: 0s - loss: 1.4511 - accuracy: 0.5055
51/98 [==============>...............] - ETA: 0s - loss: 1.4514 - accuracy: 0.5051
54/98 [===============>..............] - ETA: 0s - loss: 1.4517 - accuracy: 0.5039
57/98 [================>.............] - ETA: 0s - loss: 1.4537 - accuracy: 0.5026
61/98 [=================>............] - ETA: 0s - loss: 1.4524 - accuracy: 0.5033
66/98 [===================>..........] - ETA: 0s - loss: 1.4508 - accuracy: 0.5036
69/98 [====================>.........] - ETA: 0s - loss: 1.4509 - accuracy: 0.5032
73/98 [=====================>........] - ETA: 0s - loss: 1.4506 - accuracy: 0.5022
78/98 [======================>.......] - ETA: 0s - loss: 1.4505 - accuracy: 0.5018
82/98 [========================>.....] - ETA: 0s - loss: 1.4502 - accuracy: 0.5027
88/98 [=========================>....] - ETA: 0s - loss: 1.4501 - accuracy: 0.5022
94/98 [===========================>..] - ETA: 0s - loss: 1.4480 - accuracy: 0.5031
98/98 [==============================] - 2s 17ms/step - loss: 1.4476 - accuracy: 0.5034 - val_loss: 1.4454 - val_accuracy: 0.5006
Epoch 9/138

 1/98 [..............................] - ETA: 2s - loss: 1.4837 - accuracy: 0.5059
 6/98 [>.............................] - ETA: 0s - loss: 1.4516 - accuracy: 0.5000
12/98 [==>...........................] - ETA: 0s - loss: 1.4352 - accuracy: 0.5067
17/98 [====>.........................] - ETA: 0s - loss: 1.4392 - accuracy: 0.5076
23/98 [======>.......................] - ETA: 0s - loss: 1.4395 - accuracy: 0.5060
29/98 [=======>......................] - ETA: 0s - loss: 1.4383 - accuracy: 0.5090
35/98 [=========>....................] - ETA: 0s - loss: 1.4368 - accuracy: 0.5086
41/98 [===========>..................] - ETA: 0s - loss: 1.4373 - accuracy: 0.5071
46/98 [=============>................] - ETA: 0s - loss: 1.4343 - accuracy: 0.5099
52/98 [==============>...............] - ETA: 0s - loss: 1.4329 - accuracy: 0.5093
58/98 [================>.............] - ETA: 0s - loss: 1.4321 - accuracy: 0.5084
63/98 [==================>...........] - ETA: 0s - loss: 1.4305 - accuracy: 0.5091
68/98 [===================>..........] - ETA: 0s - loss: 1.4284 - accuracy: 0.5099
73/98 [=====================>........] - ETA: 0s - loss: 1.4268 - accuracy: 0.5100
77/98 [======================>.......] - ETA: 0s - loss: 1.4259 - accuracy: 0.5101
81/98 [=======================>......] - ETA: 0s - loss: 1.4262 - accuracy: 0.5100
85/98 [=========================>....] - ETA: 0s - loss: 1.4249 - accuracy: 0.5105
89/98 [==========================>...] - ETA: 0s - loss: 1.4245 - accuracy: 0.5101
93/98 [===========================>..] - ETA: 0s - loss: 1.4251 - accuracy: 0.5099
97/98 [============================>.] - ETA: 0s - loss: 1.4221 - accuracy: 0.5111
98/98 [==============================] - 2s 17ms/step - loss: 1.4228 - accuracy: 0.5105 - val_loss: 1.4225 - val_accuracy: 0.5113
Epoch 10/138

 1/98 [..............................] - ETA: 3s - loss: 1.4113 - accuracy: 0.5020
 7/98 [=>............................] - ETA: 1s - loss: 1.3888 - accuracy: 0.5254
12/98 [==>...........................] - ETA: 0s - loss: 1.3996 - accuracy: 0.5238
16/98 [===>..........................] - ETA: 0s - loss: 1.4000 - accuracy: 0.5204
21/98 [=====>........................] - ETA: 0s - loss: 1.4062 - accuracy: 0.5196
26/98 [======>.......................] - ETA: 0s - loss: 1.4060 - accuracy: 0.5185
31/98 [========>.....................] - ETA: 0s - loss: 1.4091 - accuracy: 0.5170
36/98 [==========>...................] - ETA: 0s - loss: 1.4112 - accuracy: 0.5175
42/98 [===========>..................] - ETA: 0s - loss: 1.4079 - accuracy: 0.5182
48/98 [=============>................] - ETA: 0s - loss: 1.4077 - accuracy: 0.5186
52/98 [==============>...............] - ETA: 0s - loss: 1.4045 - accuracy: 0.5195
56/98 [================>.............] - ETA: 0s - loss: 1.4035 - accuracy: 0.5201
60/98 [=================>............] - ETA: 0s - loss: 1.4017 - accuracy: 0.5196
64/98 [==================>...........] - ETA: 0s - loss: 1.4004 - accuracy: 0.5197
69/98 [====================>.........] - ETA: 0s - loss: 1.4023 - accuracy: 0.5180
73/98 [=====================>........] - ETA: 0s - loss: 1.4000 - accuracy: 0.5189
78/98 [======================>.......] - ETA: 0s - loss: 1.3998 - accuracy: 0.5197
82/98 [========================>.....] - ETA: 0s - loss: 1.3989 - accuracy: 0.5195
88/98 [=========================>....] - ETA: 0s - loss: 1.4009 - accuracy: 0.5181
93/98 [===========================>..] - ETA: 0s - loss: 1.4015 - accuracy: 0.5174
98/98 [==============================] - 2s 17ms/step - loss: 1.4008 - accuracy: 0.5174 - val_loss: 1.4059 - val_accuracy: 0.5166
Epoch 11/138

 1/98 [..............................] - ETA: 3s - loss: 1.3604 - accuracy: 0.5723
 6/98 [>.............................] - ETA: 1s - loss: 1.3887 - accuracy: 0.5369
11/98 [==>...........................] - ETA: 0s - loss: 1.3772 - accuracy: 0.5339
17/98 [====>.........................] - ETA: 0s - loss: 1.3846 - accuracy: 0.5310
23/98 [======>.......................] - ETA: 0s - loss: 1.3897 - accuracy: 0.5248
29/98 [=======>......................] - ETA: 0s - loss: 1.3915 - accuracy: 0.5241
33/98 [=========>....................] - ETA: 0s - loss: 1.3919 - accuracy: 0.5234
38/98 [==========>...................] - ETA: 0s - loss: 1.3902 - accuracy: 0.5230
43/98 [============>.................] - ETA: 0s - loss: 1.3881 - accuracy: 0.5235
49/98 [==============>...............] - ETA: 0s - loss: 1.3871 - accuracy: 0.5235
53/98 [===============>..............] - ETA: 0s - loss: 1.3875 - accuracy: 0.5230
58/98 [================>.............] - ETA: 0s - loss: 1.3857 - accuracy: 0.5241
62/98 [=================>............] - ETA: 0s - loss: 1.3859 - accuracy: 0.5239
66/98 [===================>..........] - ETA: 0s - loss: 1.3847 - accuracy: 0.5242
70/98 [====================>.........] - ETA: 0s - loss: 1.3829 - accuracy: 0.5244
73/98 [=====================>........] - ETA: 0s - loss: 1.3826 - accuracy: 0.5240
77/98 [======================>.......] - ETA: 0s - loss: 1.3836 - accuracy: 0.5231
81/98 [=======================>......] - ETA: 0s - loss: 1.3819 - accuracy: 0.5245
85/98 [=========================>....] - ETA: 0s - loss: 1.3815 - accuracy: 0.5248
89/98 [==========================>...] - ETA: 0s - loss: 1.3801 - accuracy: 0.5252
91/98 [==========================>...] - ETA: 0s - loss: 1.3811 - accuracy: 0.5246
95/98 [============================>.] - ETA: 0s - loss: 1.3815 - accuracy: 0.5234
98/98 [==============================] - 2s 18ms/step - loss: 1.3817 - accuracy: 0.5231 - val_loss: 1.3922 - val_accuracy: 0.5231
Epoch 12/138

 1/98 [..............................] - ETA: 1s - loss: 1.3074 - accuracy: 0.5762
 6/98 [>.............................] - ETA: 1s - loss: 1.3829 - accuracy: 0.5260
11/98 [==>...........................] - ETA: 1s - loss: 1.3750 - accuracy: 0.5273
17/98 [====>.........................] - ETA: 0s - loss: 1.3833 - accuracy: 0.5202
22/98 [=====>........................] - ETA: 0s - loss: 1.3765 - accuracy: 0.5202
27/98 [=======>......................] - ETA: 0s - loss: 1.3773 - accuracy: 0.5211
32/98 [========>.....................] - ETA: 0s - loss: 1.3746 - accuracy: 0.5233
37/98 [==========>...................] - ETA: 0s - loss: 1.3701 - accuracy: 0.5270
42/98 [===========>..................] - ETA: 0s - loss: 1.3704 - accuracy: 0.5264
46/98 [=============>................] - ETA: 0s - loss: 1.3689 - accuracy: 0.5275
50/98 [==============>...............] - ETA: 0s - loss: 1.3687 - accuracy: 0.5270
55/98 [===============>..............] - ETA: 0s - loss: 1.3661 - accuracy: 0.5289
61/98 [=================>............] - ETA: 0s - loss: 1.3638 - accuracy: 0.5309
66/98 [===================>..........] - ETA: 0s - loss: 1.3635 - accuracy: 0.5306
71/98 [====================>.........] - ETA: 0s - loss: 1.3642 - accuracy: 0.5305
76/98 [======================>.......] - ETA: 0s - loss: 1.3620 - accuracy: 0.5317
79/98 [=======================>......] - ETA: 0s - loss: 1.3627 - accuracy: 0.5318
83/98 [========================>.....] - ETA: 0s - loss: 1.3627 - accuracy: 0.5317
88/98 [=========================>....] - ETA: 0s - loss: 1.3638 - accuracy: 0.5315
93/98 [===========================>..] - ETA: 0s - loss: 1.3634 - accuracy: 0.5314
98/98 [==============================] - 2s 18ms/step - loss: 1.3635 - accuracy: 0.5316 - val_loss: 1.3813 - val_accuracy: 0.5188
Epoch 13/138

 1/98 [..............................] - ETA: 3s - loss: 1.4244 - accuracy: 0.5293
 5/98 [>.............................] - ETA: 1s - loss: 1.3801 - accuracy: 0.5211
10/98 [==>...........................] - ETA: 1s - loss: 1.3670 - accuracy: 0.5268
15/98 [===>..........................] - ETA: 1s - loss: 1.3703 - accuracy: 0.5305
20/98 [=====>........................] - ETA: 1s - loss: 1.3742 - accuracy: 0.5271
25/98 [======>.......................] - ETA: 0s - loss: 1.3680 - accuracy: 0.5304
30/98 [========>.....................] - ETA: 0s - loss: 1.3637 - accuracy: 0.5316
35/98 [=========>....................] - ETA: 0s - loss: 1.3573 - accuracy: 0.5323
40/98 [===========>..................] - ETA: 0s - loss: 1.3596 - accuracy: 0.5338
45/98 [============>.................] - ETA: 0s - loss: 1.3605 - accuracy: 0.5332
50/98 [==============>...............] - ETA: 0s - loss: 1.3586 - accuracy: 0.5339
55/98 [===============>..............] - ETA: 0s - loss: 1.3599 - accuracy: 0.5330
60/98 [=================>............] - ETA: 0s - loss: 1.3588 - accuracy: 0.5334
65/98 [==================>...........] - ETA: 0s - loss: 1.3550 - accuracy: 0.5348
70/98 [====================>.........] - ETA: 0s - loss: 1.3540 - accuracy: 0.5354
75/98 [=====================>........] - ETA: 0s - loss: 1.3522 - accuracy: 0.5363
81/98 [=======================>......] - ETA: 0s - loss: 1.3519 - accuracy: 0.5369
86/98 [=========================>....] - ETA: 0s - loss: 1.3508 - accuracy: 0.5374
90/98 [==========================>...] - ETA: 0s - loss: 1.3507 - accuracy: 0.5365
95/98 [============================>.] - ETA: 0s - loss: 1.3508 - accuracy: 0.5364
98/98 [==============================] - 2s 18ms/step - loss: 1.3496 - accuracy: 0.5362 - val_loss: 1.3662 - val_accuracy: 0.5269
Epoch 14/138

 1/98 [..............................] - ETA: 3s - loss: 1.3198 - accuracy: 0.5586
 5/98 [>.............................] - ETA: 1s - loss: 1.3322 - accuracy: 0.5359
10/98 [==>...........................] - ETA: 1s - loss: 1.3503 - accuracy: 0.5414
15/98 [===>..........................] - ETA: 1s - loss: 1.3458 - accuracy: 0.5414
20/98 [=====>........................] - ETA: 1s - loss: 1.3439 - accuracy: 0.5418
24/98 [======>.......................] - ETA: 1s - loss: 1.3441 - accuracy: 0.5410
29/98 [=======>......................] - ETA: 0s - loss: 1.3461 - accuracy: 0.5397
33/98 [=========>....................] - ETA: 0s - loss: 1.3452 - accuracy: 0.5393
38/98 [==========>...................] - ETA: 0s - loss: 1.3438 - accuracy: 0.5395
42/98 [===========>..................] - ETA: 0s - loss: 1.3446 - accuracy: 0.5381
47/98 [=============>................] - ETA: 0s - loss: 1.3439 - accuracy: 0.5389
52/98 [==============>...............] - ETA: 0s - loss: 1.3453 - accuracy: 0.5373
57/98 [================>.............] - ETA: 0s - loss: 1.3434 - accuracy: 0.5379
62/98 [=================>............] - ETA: 0s - loss: 1.3427 - accuracy: 0.5376
67/98 [===================>..........] - ETA: 0s - loss: 1.3408 - accuracy: 0.5390
72/98 [=====================>........] - ETA: 0s - loss: 1.3391 - accuracy: 0.5398
78/98 [======================>.......] - ETA: 0s - loss: 1.3385 - accuracy: 0.5400
83/98 [========================>.....] - ETA: 0s - loss: 1.3374 - accuracy: 0.5399
88/98 [=========================>....] - ETA: 0s - loss: 1.3365 - accuracy: 0.5402
93/98 [===========================>..] - ETA: 0s - loss: 1.3349 - accuracy: 0.5410
98/98 [==============================] - ETA: 0s - loss: 1.3334 - accuracy: 0.5416
98/98 [==============================] - 2s 18ms/step - loss: 1.3334 - accuracy: 0.5416 - val_loss: 1.3536 - val_accuracy: 0.5334
Epoch 15/138

 1/98 [..............................] - ETA: 3s - loss: 1.3723 - accuracy: 0.5488
 6/98 [>.............................] - ETA: 1s - loss: 1.3127 - accuracy: 0.5501
11/98 [==>...........................] - ETA: 1s - loss: 1.3112 - accuracy: 0.5501
16/98 [===>..........................] - ETA: 1s - loss: 1.3083 - accuracy: 0.5511
22/98 [=====>........................] - ETA: 0s - loss: 1.3136 - accuracy: 0.5515
27/98 [=======>......................] - ETA: 0s - loss: 1.3126 - accuracy: 0.5503
32/98 [========>.....................] - ETA: 0s - loss: 1.3139 - accuracy: 0.5496
38/98 [==========>...................] - ETA: 0s - loss: 1.3118 - accuracy: 0.5502
43/98 [============>.................] - ETA: 0s - loss: 1.3127 - accuracy: 0.5482
48/98 [=============>................] - ETA: 0s - loss: 1.3138 - accuracy: 0.5478
53/98 [===============>..............] - ETA: 0s - loss: 1.3169 - accuracy: 0.5470
59/98 [=================>............] - ETA: 0s - loss: 1.3125 - accuracy: 0.5488
64/98 [==================>...........] - ETA: 0s - loss: 1.3140 - accuracy: 0.5482
69/98 [====================>.........] - ETA: 0s - loss: 1.3134 - accuracy: 0.5482
74/98 [=====================>........] - ETA: 0s - loss: 1.3135 - accuracy: 0.5486
79/98 [=======================>......] - ETA: 0s - loss: 1.3156 - accuracy: 0.5480
84/98 [========================>.....] - ETA: 0s - loss: 1.3160 - accuracy: 0.5481
90/98 [==========================>...] - ETA: 0s - loss: 1.3159 - accuracy: 0.5480
94/98 [===========================>..] - ETA: 0s - loss: 1.3167 - accuracy: 0.5477
98/98 [==============================] - 2s 17ms/step - loss: 1.3187 - accuracy: 0.5470 - val_loss: 1.3451 - val_accuracy: 0.5348
Epoch 16/138

 1/98 [..............................] - ETA: 3s - loss: 1.3626 - accuracy: 0.5312
 6/98 [>.............................] - ETA: 1s - loss: 1.3610 - accuracy: 0.5352
11/98 [==>...........................] - ETA: 1s - loss: 1.3334 - accuracy: 0.5426
16/98 [===>..........................] - ETA: 1s - loss: 1.3238 - accuracy: 0.5446
21/98 [=====>........................] - ETA: 0s - loss: 1.3191 - accuracy: 0.5468
26/98 [======>.......................] - ETA: 0s - loss: 1.3199 - accuracy: 0.5469
31/98 [========>.....................] - ETA: 0s - loss: 1.3144 - accuracy: 0.5474
36/98 [==========>...................] - ETA: 0s - loss: 1.3107 - accuracy: 0.5474
41/98 [===========>..................] - ETA: 0s - loss: 1.3124 - accuracy: 0.5464
46/98 [=============>................] - ETA: 0s - loss: 1.3126 - accuracy: 0.5471
51/98 [==============>...............] - ETA: 0s - loss: 1.3114 - accuracy: 0.5480
56/98 [================>.............] - ETA: 0s - loss: 1.3111 - accuracy: 0.5483
61/98 [=================>............] - ETA: 0s - loss: 1.3082 - accuracy: 0.5483
66/98 [===================>..........] - ETA: 0s - loss: 1.3084 - accuracy: 0.5488
71/98 [====================>.........] - ETA: 0s - loss: 1.3085 - accuracy: 0.5491
76/98 [======================>.......] - ETA: 0s - loss: 1.3089 - accuracy: 0.5482
82/98 [========================>.....] - ETA: 0s - loss: 1.3100 - accuracy: 0.5479
87/98 [=========================>....] - ETA: 0s - loss: 1.3091 - accuracy: 0.5485
92/98 [===========================>..] - ETA: 0s - loss: 1.3083 - accuracy: 0.5486
97/98 [============================>.] - ETA: 0s - loss: 1.3070 - accuracy: 0.5493
98/98 [==============================] - 2s 17ms/step - loss: 1.3070 - accuracy: 0.5495 - val_loss: 1.3342 - val_accuracy: 0.5391
Epoch 17/138

 1/98 [..............................] - ETA: 4s - loss: 1.2850 - accuracy: 0.5176
 6/98 [>.............................] - ETA: 1s - loss: 1.2826 - accuracy: 0.5531
11/98 [==>...........................] - ETA: 1s - loss: 1.2876 - accuracy: 0.5526
17/98 [====>.........................] - ETA: 0s - loss: 1.2897 - accuracy: 0.5538
22/98 [=====>........................] - ETA: 0s - loss: 1.2887 - accuracy: 0.5540
27/98 [=======>......................] - ETA: 0s - loss: 1.2876 - accuracy: 0.5568
32/98 [========>.....................] - ETA: 0s - loss: 1.2855 - accuracy: 0.5584
37/98 [==========>...................] - ETA: 0s - loss: 1.2895 - accuracy: 0.5572
43/98 [============>.................] - ETA: 0s - loss: 1.2905 - accuracy: 0.5571
48/98 [=============>................] - ETA: 0s - loss: 1.2914 - accuracy: 0.5563
53/98 [===============>..............] - ETA: 0s - loss: 1.2922 - accuracy: 0.5552
58/98 [================>.............] - ETA: 0s - loss: 1.2936 - accuracy: 0.5538
63/98 [==================>...........] - ETA: 0s - loss: 1.2924 - accuracy: 0.5538
68/98 [===================>..........] - ETA: 0s - loss: 1.2912 - accuracy: 0.5532
73/98 [=====================>........] - ETA: 0s - loss: 1.2908 - accuracy: 0.5540
79/98 [=======================>......] - ETA: 0s - loss: 1.2906 - accuracy: 0.5545
84/98 [========================>.....] - ETA: 0s - loss: 1.2916 - accuracy: 0.5541
89/98 [==========================>...] - ETA: 0s - loss: 1.2933 - accuracy: 0.5539
94/98 [===========================>..] - ETA: 0s - loss: 1.2927 - accuracy: 0.5544
98/98 [==============================] - 2s 17ms/step - loss: 1.2933 - accuracy: 0.5539 - val_loss: 1.3241 - val_accuracy: 0.5377
Epoch 18/138

 1/98 [..............................] - ETA: 3s - loss: 1.2777 - accuracy: 0.5449
 6/98 [>.............................] - ETA: 1s - loss: 1.2921 - accuracy: 0.5570
12/98 [==>...........................] - ETA: 0s - loss: 1.2921 - accuracy: 0.5573
17/98 [====>.........................] - ETA: 0s - loss: 1.2831 - accuracy: 0.5594
22/98 [=====>........................] - ETA: 0s - loss: 1.2845 - accuracy: 0.5570
27/98 [=======>......................] - ETA: 0s - loss: 1.2797 - accuracy: 0.5605
31/98 [========>.....................] - ETA: 0s - loss: 1.2824 - accuracy: 0.5590
36/98 [==========>...................] - ETA: 0s - loss: 1.2830 - accuracy: 0.5589
42/98 [===========>..................] - ETA: 0s - loss: 1.2780 - accuracy: 0.5613
47/98 [=============>................] - ETA: 0s - loss: 1.2787 - accuracy: 0.5612
52/98 [==============>...............] - ETA: 0s - loss: 1.2776 - accuracy: 0.5610
56/98 [================>.............] - ETA: 0s - loss: 1.2782 - accuracy: 0.5594
61/98 [=================>............] - ETA: 0s - loss: 1.2807 - accuracy: 0.5579
66/98 [===================>..........] - ETA: 0s - loss: 1.2812 - accuracy: 0.5588
71/98 [====================>.........] - ETA: 0s - loss: 1.2824 - accuracy: 0.5574
75/98 [=====================>........] - ETA: 0s - loss: 1.2827 - accuracy: 0.5568
81/98 [=======================>......] - ETA: 0s - loss: 1.2832 - accuracy: 0.5571
86/98 [=========================>....] - ETA: 0s - loss: 1.2815 - accuracy: 0.5576
91/98 [==========================>...] - ETA: 0s - loss: 1.2825 - accuracy: 0.5574
96/98 [============================>.] - ETA: 0s - loss: 1.2814 - accuracy: 0.5580
98/98 [==============================] - 2s 18ms/step - loss: 1.2822 - accuracy: 0.5577 - val_loss: 1.3216 - val_accuracy: 0.5396
Epoch 19/138

 1/98 [..............................] - ETA: 2s - loss: 1.2291 - accuracy: 0.5684
 5/98 [>.............................] - ETA: 1s - loss: 1.2614 - accuracy: 0.5672
10/98 [==>...........................] - ETA: 1s - loss: 1.2811 - accuracy: 0.5607
16/98 [===>..........................] - ETA: 1s - loss: 1.2779 - accuracy: 0.5612
21/98 [=====>........................] - ETA: 0s - loss: 1.2933 - accuracy: 0.5552
26/98 [======>.......................] - ETA: 0s - loss: 1.2938 - accuracy: 0.5554
32/98 [========>.....................] - ETA: 0s - loss: 1.2855 - accuracy: 0.5591
37/98 [==========>...................] - ETA: 0s - loss: 1.2836 - accuracy: 0.5601
42/98 [===========>..................] - ETA: 0s - loss: 1.2859 - accuracy: 0.5600
47/98 [=============>................] - ETA: 0s - loss: 1.2827 - accuracy: 0.5603
52/98 [==============>...............] - ETA: 0s - loss: 1.2787 - accuracy: 0.5617
57/98 [================>.............] - ETA: 0s - loss: 1.2789 - accuracy: 0.5613
62/98 [=================>............] - ETA: 0s - loss: 1.2760 - accuracy: 0.5618
67/98 [===================>..........] - ETA: 0s - loss: 1.2772 - accuracy: 0.5616
73/98 [=====================>........] - ETA: 0s - loss: 1.2764 - accuracy: 0.5624
78/98 [======================>.......] - ETA: 0s - loss: 1.2740 - accuracy: 0.5633
83/98 [========================>.....] - ETA: 0s - loss: 1.2733 - accuracy: 0.5634
89/98 [==========================>...] - ETA: 0s - loss: 1.2727 - accuracy: 0.5640
95/98 [============================>.] - ETA: 0s - loss: 1.2729 - accuracy: 0.5638
98/98 [==============================] - 2s 17ms/step - loss: 1.2724 - accuracy: 0.5637 - val_loss: 1.3194 - val_accuracy: 0.5460
Epoch 20/138

