2024-06-25 12:59:53.148459: I tensorflow/core/platform/cpu_feature_guard.cc:193] This TensorFlow binary is optimized with oneAPI Deep Neural Network Library (oneDNN) to use the following CPU instructions in performance-critical operations:  AVX AVX2
To enable them in other operations, rebuild TensorFlow with the appropriate compiler flags.
2024-06-25 12:59:53.603234: I tensorflow/core/common_runtime/gpu/gpu_device.cc:1616] Created device /job:localhost/replica:0/task:0/device:GPU:0 with 6656 MB memory:  -> device: 0, name: NVIDIA GeForce RTX 4060 Ti, pci bus id: 0000:01:00.0, compute capability: 8.9
1 Physical GPUs, 1 Logical GPUs
Model: "sequential"
_________________________________________________________________
 Layer (type)                Output Shape              Param #   
=================================================================
 conv2d (Conv2D)             (None, 32, 32, 32)        896       
                                                                 
 dropout (Dropout)           (None, 32, 32, 32)        0         
                                                                 
 flatten (Flatten)           (None, 32768)             0         
                                                                 
 dense (Dense)               (None, 10)                327690    
                                                                 
=================================================================
Total params: 328,586
Trainable params: 328,586
Non-trainable params: 0
_________________________________________________________________
Taxa de aprendizado:  0.0001 Num de épocas:  138 Tamanho do lote:  512 Dropout:  0.45961
Epoch 1/138
2024-06-25 12:59:54.736847: I tensorflow/stream_executor/cuda/cuda_dnn.cc:384] Loaded cuDNN version 8100
2024-06-25 12:59:55.659505: W tensorflow/stream_executor/gpu/redzone_allocator.cc:314] INTERNAL: ptxas exited with non-zero error code -1, output: 
Relying on driver to perform ptx compilation. 
Modify $PATH to customize ptxas location.
This message will be only logged once.
2024-06-25 12:59:56.429307: I tensorflow/stream_executor/cuda/cuda_blas.cc:1614] TensorFloat-32 will be used for the matrix multiplication. This will only be logged once.

 1/98 [..............................] - ETA: 4:30 - loss: 2.3494 - accuracy: 0.0957
 6/98 [>.............................] - ETA: 1s - loss: 2.3199 - accuracy: 0.1195  
11/98 [==>...........................] - ETA: 1s - loss: 2.2807 - accuracy: 0.1419
16/98 [===>..........................] - ETA: 1s - loss: 2.2501 - accuracy: 0.1553
21/98 [=====>........................] - ETA: 0s - loss: 2.2248 - accuracy: 0.1695
26/98 [======>.......................] - ETA: 0s - loss: 2.2033 - accuracy: 0.1800
30/98 [========>.....................] - ETA: 0s - loss: 2.1842 - accuracy: 0.1891
35/98 [=========>....................] - ETA: 0s - loss: 2.1638 - accuracy: 0.2021
40/98 [===========>..................] - ETA: 0s - loss: 2.1470 - accuracy: 0.2109
45/98 [============>.................] - ETA: 0s - loss: 2.1308 - accuracy: 0.2192
49/98 [==============>...............] - ETA: 0s - loss: 2.1185 - accuracy: 0.2265
53/98 [===============>..............] - ETA: 0s - loss: 2.1073 - accuracy: 0.2326
57/98 [================>.............] - ETA: 0s - loss: 2.0967 - accuracy: 0.2377
63/98 [==================>...........] - ETA: 0s - loss: 2.0821 - accuracy: 0.2443
67/98 [===================>..........] - ETA: 0s - loss: 2.0728 - accuracy: 0.2495
73/98 [=====================>........] - ETA: 0s - loss: 2.0584 - accuracy: 0.2558
79/98 [=======================>......] - ETA: 0s - loss: 2.0467 - accuracy: 0.2615
83/98 [========================>.....] - ETA: 0s - loss: 2.0389 - accuracy: 0.2651
88/98 [=========================>....] - ETA: 0s - loss: 2.0303 - accuracy: 0.2697
92/98 [===========================>..] - ETA: 0s - loss: 2.0231 - accuracy: 0.2729
97/98 [============================>.] - ETA: 0s - loss: 2.0142 - accuracy: 0.2772
98/98 [==============================] - 5s 21ms/step - loss: 2.0124 - accuracy: 0.2782 - val_loss: 1.8363 - val_accuracy: 0.3648
Epoch 2/138

 1/98 [..............................] - ETA: 2s - loss: 1.8819 - accuracy: 0.3301
 5/98 [>.............................] - ETA: 1s - loss: 1.8694 - accuracy: 0.3391
10/98 [==>...........................] - ETA: 1s - loss: 1.8486 - accuracy: 0.3502
15/98 [===>..........................] - ETA: 1s - loss: 1.8411 - accuracy: 0.3617
20/98 [=====>........................] - ETA: 1s - loss: 1.8346 - accuracy: 0.3685
26/98 [======>.......................] - ETA: 0s - loss: 1.8316 - accuracy: 0.3682
30/98 [========>.....................] - ETA: 0s - loss: 1.8300 - accuracy: 0.3676
35/98 [=========>....................] - ETA: 0s - loss: 1.8264 - accuracy: 0.3688
40/98 [===========>..................] - ETA: 0s - loss: 1.8257 - accuracy: 0.3676
45/98 [============>.................] - ETA: 0s - loss: 1.8221 - accuracy: 0.3693
50/98 [==============>...............] - ETA: 0s - loss: 1.8206 - accuracy: 0.3691
55/98 [===============>..............] - ETA: 0s - loss: 1.8150 - accuracy: 0.3705
60/98 [=================>............] - ETA: 0s - loss: 1.8126 - accuracy: 0.3707
65/98 [==================>...........] - ETA: 0s - loss: 1.8108 - accuracy: 0.3701
70/98 [====================>.........] - ETA: 0s - loss: 1.8087 - accuracy: 0.3712
75/98 [=====================>........] - ETA: 0s - loss: 1.8055 - accuracy: 0.3728
80/98 [=======================>......] - ETA: 0s - loss: 1.8037 - accuracy: 0.3732
85/98 [=========================>....] - ETA: 0s - loss: 1.8017 - accuracy: 0.3743
89/98 [==========================>...] - ETA: 0s - loss: 1.7984 - accuracy: 0.3756
94/98 [===========================>..] - ETA: 0s - loss: 1.7963 - accuracy: 0.3758
98/98 [==============================] - 2s 18ms/step - loss: 1.7940 - accuracy: 0.3759 - val_loss: 1.7303 - val_accuracy: 0.4074
Epoch 3/138

 1/98 [..............................] - ETA: 1s - loss: 1.7234 - accuracy: 0.3906
 5/98 [>.............................] - ETA: 1s - loss: 1.7421 - accuracy: 0.4000
10/98 [==>...........................] - ETA: 1s - loss: 1.7206 - accuracy: 0.4064
16/98 [===>..........................] - ETA: 1s - loss: 1.7225 - accuracy: 0.4050
21/98 [=====>........................] - ETA: 0s - loss: 1.7273 - accuracy: 0.4026
26/98 [======>.......................] - ETA: 0s - loss: 1.7279 - accuracy: 0.4030
31/98 [========>.....................] - ETA: 0s - loss: 1.7301 - accuracy: 0.4005
36/98 [==========>...................] - ETA: 0s - loss: 1.7283 - accuracy: 0.4006
40/98 [===========>..................] - ETA: 0s - loss: 1.7333 - accuracy: 0.3996
44/98 [============>.................] - ETA: 0s - loss: 1.7306 - accuracy: 0.4012
49/98 [==============>...............] - ETA: 0s - loss: 1.7303 - accuracy: 0.4009
54/98 [===============>..............] - ETA: 0s - loss: 1.7276 - accuracy: 0.4022
59/98 [=================>............] - ETA: 0s - loss: 1.7244 - accuracy: 0.4035
64/98 [==================>...........] - ETA: 0s - loss: 1.7232 - accuracy: 0.4037
70/98 [====================>.........] - ETA: 0s - loss: 1.7199 - accuracy: 0.4051
75/98 [=====================>........] - ETA: 0s - loss: 1.7172 - accuracy: 0.4063
79/98 [=======================>......] - ETA: 0s - loss: 1.7168 - accuracy: 0.4065
85/98 [=========================>....] - ETA: 0s - loss: 1.7152 - accuracy: 0.4067
90/98 [==========================>...] - ETA: 0s - loss: 1.7135 - accuracy: 0.4081
95/98 [============================>.] - ETA: 0s - loss: 1.7115 - accuracy: 0.4088
98/98 [==============================] - 2s 18ms/step - loss: 1.7100 - accuracy: 0.4091 - val_loss: 1.6633 - val_accuracy: 0.4368
Epoch 4/138

 1/98 [..............................] - ETA: 1s - loss: 1.6312 - accuracy: 0.4414
 5/98 [>.............................] - ETA: 1s - loss: 1.6489 - accuracy: 0.4281
10/98 [==>...........................] - ETA: 1s - loss: 1.6740 - accuracy: 0.4172
16/98 [===>..........................] - ETA: 1s - loss: 1.6641 - accuracy: 0.4243
21/98 [=====>........................] - ETA: 0s - loss: 1.6639 - accuracy: 0.4268
26/98 [======>.......................] - ETA: 0s - loss: 1.6639 - accuracy: 0.4266
31/98 [========>.....................] - ETA: 0s - loss: 1.6645 - accuracy: 0.4258
36/98 [==========>...................] - ETA: 0s - loss: 1.6652 - accuracy: 0.4262
42/98 [===========>..................] - ETA: 0s - loss: 1.6659 - accuracy: 0.4263
47/98 [=============>................] - ETA: 0s - loss: 1.6661 - accuracy: 0.4247
52/98 [==============>...............] - ETA: 0s - loss: 1.6653 - accuracy: 0.4270
57/98 [================>.............] - ETA: 0s - loss: 1.6624 - accuracy: 0.4282
62/98 [=================>............] - ETA: 0s - loss: 1.6629 - accuracy: 0.4283
67/98 [===================>..........] - ETA: 0s - loss: 1.6602 - accuracy: 0.4295
72/98 [=====================>........] - ETA: 0s - loss: 1.6589 - accuracy: 0.4300
77/98 [======================>.......] - ETA: 0s - loss: 1.6582 - accuracy: 0.4300
83/98 [========================>.....] - ETA: 0s - loss: 1.6575 - accuracy: 0.4313
88/98 [=========================>....] - ETA: 0s - loss: 1.6560 - accuracy: 0.4317
93/98 [===========================>..] - ETA: 0s - loss: 1.6546 - accuracy: 0.4320
98/98 [==============================] - 2s 18ms/step - loss: 1.6532 - accuracy: 0.4322 - val_loss: 1.6189 - val_accuracy: 0.4505
Epoch 5/138

 1/98 [..............................] - ETA: 3s - loss: 1.5963 - accuracy: 0.4668
 6/98 [>.............................] - ETA: 1s - loss: 1.6373 - accuracy: 0.4521
11/98 [==>...........................] - ETA: 1s - loss: 1.6353 - accuracy: 0.4451
16/98 [===>..........................] - ETA: 0s - loss: 1.6363 - accuracy: 0.4431
22/98 [=====>........................] - ETA: 0s - loss: 1.6326 - accuracy: 0.4431
27/98 [=======>......................] - ETA: 0s - loss: 1.6320 - accuracy: 0.4442
32/98 [========>.....................] - ETA: 0s - loss: 1.6307 - accuracy: 0.4437
37/98 [==========>...................] - ETA: 0s - loss: 1.6312 - accuracy: 0.4435
42/98 [===========>..................] - ETA: 0s - loss: 1.6267 - accuracy: 0.4450
47/98 [=============>................] - ETA: 0s - loss: 1.6243 - accuracy: 0.4450
53/98 [===============>..............] - ETA: 0s - loss: 1.6199 - accuracy: 0.4467
58/98 [================>.............] - ETA: 0s - loss: 1.6164 - accuracy: 0.4487
63/98 [==================>...........] - ETA: 0s - loss: 1.6144 - accuracy: 0.4497
68/98 [===================>..........] - ETA: 0s - loss: 1.6117 - accuracy: 0.4505
72/98 [=====================>........] - ETA: 0s - loss: 1.6101 - accuracy: 0.4503
77/98 [======================>.......] - ETA: 0s - loss: 1.6097 - accuracy: 0.4509
82/98 [========================>.....] - ETA: 0s - loss: 1.6082 - accuracy: 0.4506
88/98 [=========================>....] - ETA: 0s - loss: 1.6092 - accuracy: 0.4510
93/98 [===========================>..] - ETA: 0s - loss: 1.6066 - accuracy: 0.4517
98/98 [==============================] - ETA: 0s - loss: 1.6058 - accuracy: 0.4516
98/98 [==============================] - 2s 18ms/step - loss: 1.6058 - accuracy: 0.4516 - val_loss: 1.5817 - val_accuracy: 0.4587
Epoch 6/138

 1/98 [..............................] - ETA: 3s - loss: 1.6703 - accuracy: 0.4180
 7/98 [=>............................] - ETA: 0s - loss: 1.5910 - accuracy: 0.4534
12/98 [==>...........................] - ETA: 0s - loss: 1.5845 - accuracy: 0.4637
17/98 [====>.........................] - ETA: 0s - loss: 1.5808 - accuracy: 0.4674
23/98 [======>.......................] - ETA: 0s - loss: 1.5745 - accuracy: 0.4680
28/98 [=======>......................] - ETA: 0s - loss: 1.5774 - accuracy: 0.4644
33/98 [=========>....................] - ETA: 0s - loss: 1.5736 - accuracy: 0.4644
38/98 [==========>...................] - ETA: 0s - loss: 1.5708 - accuracy: 0.4658
43/98 [============>.................] - ETA: 0s - loss: 1.5662 - accuracy: 0.4686
48/98 [=============>................] - ETA: 0s - loss: 1.5693 - accuracy: 0.4669
53/98 [===============>..............] - ETA: 0s - loss: 1.5692 - accuracy: 0.4672
59/98 [=================>............] - ETA: 0s - loss: 1.5706 - accuracy: 0.4664
64/98 [==================>...........] - ETA: 0s - loss: 1.5706 - accuracy: 0.4664
69/98 [====================>.........] - ETA: 0s - loss: 1.5687 - accuracy: 0.4657
74/98 [=====================>........] - ETA: 0s - loss: 1.5696 - accuracy: 0.4646
79/98 [=======================>......] - ETA: 0s - loss: 1.5678 - accuracy: 0.4655
84/98 [========================>.....] - ETA: 0s - loss: 1.5667 - accuracy: 0.4655
89/98 [==========================>...] - ETA: 0s - loss: 1.5653 - accuracy: 0.4664
93/98 [===========================>..] - ETA: 0s - loss: 1.5640 - accuracy: 0.4665
98/98 [==============================] - ETA: 0s - loss: 1.5643 - accuracy: 0.4664
98/98 [==============================] - 2s 18ms/step - loss: 1.5643 - accuracy: 0.4664 - val_loss: 1.5479 - val_accuracy: 0.4711
Epoch 7/138

 1/98 [..............................] - ETA: 2s - loss: 1.5470 - accuracy: 0.4902
 6/98 [>.............................] - ETA: 1s - loss: 1.5322 - accuracy: 0.4743
12/98 [==>...........................] - ETA: 0s - loss: 1.5530 - accuracy: 0.4686
16/98 [===>..........................] - ETA: 1s - loss: 1.5478 - accuracy: 0.4690
21/98 [=====>........................] - ETA: 0s - loss: 1.5454 - accuracy: 0.4705
26/98 [======>.......................] - ETA: 0s - loss: 1.5489 - accuracy: 0.4692
32/98 [========>.....................] - ETA: 0s - loss: 1.5504 - accuracy: 0.4697
37/98 [==========>...................] - ETA: 0s - loss: 1.5429 - accuracy: 0.4734
41/98 [===========>..................] - ETA: 0s - loss: 1.5406 - accuracy: 0.4744
46/98 [=============>................] - ETA: 0s - loss: 1.5385 - accuracy: 0.4750
52/98 [==============>...............] - ETA: 0s - loss: 1.5403 - accuracy: 0.4747
57/98 [================>.............] - ETA: 0s - loss: 1.5393 - accuracy: 0.4745
61/98 [=================>............] - ETA: 0s - loss: 1.5381 - accuracy: 0.4749
66/98 [===================>..........] - ETA: 0s - loss: 1.5380 - accuracy: 0.4739
71/98 [====================>.........] - ETA: 0s - loss: 1.5364 - accuracy: 0.4757
76/98 [======================>.......] - ETA: 0s - loss: 1.5335 - accuracy: 0.4768
81/98 [=======================>......] - ETA: 0s - loss: 1.5344 - accuracy: 0.4769
87/98 [=========================>....] - ETA: 0s - loss: 1.5336 - accuracy: 0.4771
92/98 [===========================>..] - ETA: 0s - loss: 1.5325 - accuracy: 0.4772
97/98 [============================>.] - ETA: 0s - loss: 1.5305 - accuracy: 0.4778
98/98 [==============================] - 2s 18ms/step - loss: 1.5306 - accuracy: 0.4776 - val_loss: 1.5143 - val_accuracy: 0.4861
Epoch 8/138

 1/98 [..............................] - ETA: 2s - loss: 1.5525 - accuracy: 0.4844
 7/98 [=>............................] - ETA: 1s - loss: 1.5077 - accuracy: 0.4902
13/98 [==>...........................] - ETA: 1s - loss: 1.5106 - accuracy: 0.4883
18/98 [====>.........................] - ETA: 0s - loss: 1.5049 - accuracy: 0.4877
22/98 [=====>........................] - ETA: 0s - loss: 1.5041 - accuracy: 0.4885
27/98 [=======>......................] - ETA: 0s - loss: 1.5029 - accuracy: 0.4876
32/98 [========>.....................] - ETA: 0s - loss: 1.5004 - accuracy: 0.4895
37/98 [==========>...................] - ETA: 0s - loss: 1.5013 - accuracy: 0.4899
42/98 [===========>..................] - ETA: 0s - loss: 1.5038 - accuracy: 0.4890
48/98 [=============>................] - ETA: 0s - loss: 1.5046 - accuracy: 0.4885
53/98 [===============>..............] - ETA: 0s - loss: 1.5045 - accuracy: 0.4875
58/98 [================>.............] - ETA: 0s - loss: 1.5023 - accuracy: 0.4883
63/98 [==================>...........] - ETA: 0s - loss: 1.5032 - accuracy: 0.4889
69/98 [====================>.........] - ETA: 0s - loss: 1.5031 - accuracy: 0.4886
74/98 [=====================>........] - ETA: 0s - loss: 1.5010 - accuracy: 0.4896
79/98 [=======================>......] - ETA: 0s - loss: 1.4986 - accuracy: 0.4903
84/98 [========================>.....] - ETA: 0s - loss: 1.4986 - accuracy: 0.4908
89/98 [==========================>...] - ETA: 0s - loss: 1.4985 - accuracy: 0.4906
95/98 [============================>.] - ETA: 0s - loss: 1.4987 - accuracy: 0.4900
98/98 [==============================] - 2s 17ms/step - loss: 1.4983 - accuracy: 0.4898 - val_loss: 1.4926 - val_accuracy: 0.4900
Epoch 9/138

 1/98 [..............................] - ETA: 3s - loss: 1.4915 - accuracy: 0.4727
 6/98 [>.............................] - ETA: 1s - loss: 1.4826 - accuracy: 0.4880
11/98 [==>...........................] - ETA: 1s - loss: 1.4803 - accuracy: 0.4954
17/98 [====>.........................] - ETA: 0s - loss: 1.4929 - accuracy: 0.4929
22/98 [=====>........................] - ETA: 0s - loss: 1.4944 - accuracy: 0.4956
27/98 [=======>......................] - ETA: 0s - loss: 1.4915 - accuracy: 0.4959
32/98 [========>.....................] - ETA: 0s - loss: 1.4883 - accuracy: 0.4967
37/98 [==========>...................] - ETA: 0s - loss: 1.4830 - accuracy: 0.4993
42/98 [===========>..................] - ETA: 0s - loss: 1.4780 - accuracy: 0.5007
47/98 [=============>................] - ETA: 0s - loss: 1.4761 - accuracy: 0.4999
52/98 [==============>...............] - ETA: 0s - loss: 1.4775 - accuracy: 0.4984
58/98 [================>.............] - ETA: 0s - loss: 1.4742 - accuracy: 0.4983
63/98 [==================>...........] - ETA: 0s - loss: 1.4748 - accuracy: 0.4980
68/98 [===================>..........] - ETA: 0s - loss: 1.4755 - accuracy: 0.4979
74/98 [=====================>........] - ETA: 0s - loss: 1.4726 - accuracy: 0.4984
79/98 [=======================>......] - ETA: 0s - loss: 1.4739 - accuracy: 0.4980
84/98 [========================>.....] - ETA: 0s - loss: 1.4745 - accuracy: 0.4976
89/98 [==========================>...] - ETA: 0s - loss: 1.4722 - accuracy: 0.4991
94/98 [===========================>..] - ETA: 0s - loss: 1.4706 - accuracy: 0.4999
98/98 [==============================] - 2s 18ms/step - loss: 1.4715 - accuracy: 0.4996 - val_loss: 1.4669 - val_accuracy: 0.5006
Epoch 10/138

 1/98 [..............................] - ETA: 2s - loss: 1.4825 - accuracy: 0.5234
 6/98 [>.............................] - ETA: 0s - loss: 1.4596 - accuracy: 0.5094
11/98 [==>...........................] - ETA: 0s - loss: 1.4562 - accuracy: 0.5091
16/98 [===>..........................] - ETA: 0s - loss: 1.4527 - accuracy: 0.5044
21/98 [=====>........................] - ETA: 0s - loss: 1.4531 - accuracy: 0.5045
27/98 [=======>......................] - ETA: 0s - loss: 1.4496 - accuracy: 0.5060
32/98 [========>.....................] - ETA: 0s - loss: 1.4521 - accuracy: 0.5027
37/98 [==========>...................] - ETA: 0s - loss: 1.4520 - accuracy: 0.5022
43/98 [============>.................] - ETA: 0s - loss: 1.4525 - accuracy: 0.5030
48/98 [=============>................] - ETA: 0s - loss: 1.4483 - accuracy: 0.5058
53/98 [===============>..............] - ETA: 0s - loss: 1.4433 - accuracy: 0.5088
58/98 [================>.............] - ETA: 0s - loss: 1.4419 - accuracy: 0.5096
63/98 [==================>...........] - ETA: 0s - loss: 1.4443 - accuracy: 0.5085
68/98 [===================>..........] - ETA: 0s - loss: 1.4459 - accuracy: 0.5074
74/98 [=====================>........] - ETA: 0s - loss: 1.4484 - accuracy: 0.5067
79/98 [=======================>......] - ETA: 0s - loss: 1.4478 - accuracy: 0.5071
84/98 [========================>.....] - ETA: 0s - loss: 1.4477 - accuracy: 0.5068
90/98 [==========================>...] - ETA: 0s - loss: 1.4491 - accuracy: 0.5067
95/98 [============================>.] - ETA: 0s - loss: 1.4486 - accuracy: 0.5065
98/98 [==============================] - 2s 17ms/step - loss: 1.4484 - accuracy: 0.5061 - val_loss: 1.4536 - val_accuracy: 0.5036
Epoch 11/138

 1/98 [..............................] - ETA: 3s - loss: 1.4473 - accuracy: 0.5020
 6/98 [>.............................] - ETA: 1s - loss: 1.4354 - accuracy: 0.5098
11/98 [==>...........................] - ETA: 1s - loss: 1.4254 - accuracy: 0.5179
16/98 [===>..........................] - ETA: 1s - loss: 1.4273 - accuracy: 0.5148
21/98 [=====>........................] - ETA: 0s - loss: 1.4345 - accuracy: 0.5117
27/98 [=======>......................] - ETA: 0s - loss: 1.4307 - accuracy: 0.5147
32/98 [========>.....................] - ETA: 0s - loss: 1.4242 - accuracy: 0.5155
37/98 [==========>...................] - ETA: 0s - loss: 1.4242 - accuracy: 0.5163
43/98 [============>.................] - ETA: 0s - loss: 1.4212 - accuracy: 0.5174
48/98 [=============>................] - ETA: 0s - loss: 1.4254 - accuracy: 0.5160
53/98 [===============>..............] - ETA: 0s - loss: 1.4264 - accuracy: 0.5152
58/98 [================>.............] - ETA: 0s - loss: 1.4262 - accuracy: 0.5152
64/98 [==================>...........] - ETA: 0s - loss: 1.4263 - accuracy: 0.5152
69/98 [====================>.........] - ETA: 0s - loss: 1.4267 - accuracy: 0.5158
74/98 [=====================>........] - ETA: 0s - loss: 1.4256 - accuracy: 0.5168
80/98 [=======================>......] - ETA: 0s - loss: 1.4248 - accuracy: 0.5170
84/98 [========================>.....] - ETA: 0s - loss: 1.4242 - accuracy: 0.5170
89/98 [==========================>...] - ETA: 0s - loss: 1.4233 - accuracy: 0.5171
95/98 [============================>.] - ETA: 0s - loss: 1.4250 - accuracy: 0.5158
98/98 [==============================] - 2s 17ms/step - loss: 1.4256 - accuracy: 0.5157 - val_loss: 1.4315 - val_accuracy: 0.5118
Epoch 12/138

 1/98 [..............................] - ETA: 3s - loss: 1.3937 - accuracy: 0.5586
 6/98 [>.............................] - ETA: 1s - loss: 1.3845 - accuracy: 0.5426
11/98 [==>...........................] - ETA: 1s - loss: 1.3980 - accuracy: 0.5327
16/98 [===>..........................] - ETA: 1s - loss: 1.3993 - accuracy: 0.5276
22/98 [=====>........................] - ETA: 0s - loss: 1.4124 - accuracy: 0.5206
27/98 [=======>......................] - ETA: 0s - loss: 1.4095 - accuracy: 0.5215
32/98 [========>.....................] - ETA: 0s - loss: 1.4074 - accuracy: 0.5226
38/98 [==========>...................] - ETA: 0s - loss: 1.4070 - accuracy: 0.5223
43/98 [============>.................] - ETA: 0s - loss: 1.4068 - accuracy: 0.5220
48/98 [=============>................] - ETA: 0s - loss: 1.4062 - accuracy: 0.5224
53/98 [===============>..............] - ETA: 0s - loss: 1.4060 - accuracy: 0.5226
59/98 [=================>............] - ETA: 0s - loss: 1.4046 - accuracy: 0.5233
64/98 [==================>...........] - ETA: 0s - loss: 1.4046 - accuracy: 0.5231
69/98 [====================>.........] - ETA: 0s - loss: 1.4048 - accuracy: 0.5231
74/98 [=====================>........] - ETA: 0s - loss: 1.4081 - accuracy: 0.5212
79/98 [=======================>......] - ETA: 0s - loss: 1.4087 - accuracy: 0.5214
85/98 [=========================>....] - ETA: 0s - loss: 1.4073 - accuracy: 0.5211
89/98 [==========================>...] - ETA: 0s - loss: 1.4060 - accuracy: 0.5215
95/98 [============================>.] - ETA: 0s - loss: 1.4055 - accuracy: 0.5213
98/98 [==============================] - 2s 17ms/step - loss: 1.4055 - accuracy: 0.5210 - val_loss: 1.4148 - val_accuracy: 0.5149
Epoch 13/138

 1/98 [..............................] - ETA: 3s - loss: 1.4136 - accuracy: 0.5273
 6/98 [>.............................] - ETA: 1s - loss: 1.3980 - accuracy: 0.5234
11/98 [==>...........................] - ETA: 1s - loss: 1.3952 - accuracy: 0.5225
17/98 [====>.........................] - ETA: 0s - loss: 1.4023 - accuracy: 0.5171
22/98 [=====>........................] - ETA: 0s - loss: 1.3966 - accuracy: 0.5202
27/98 [=======>......................] - ETA: 0s - loss: 1.3986 - accuracy: 0.5193
32/98 [========>.....................] - ETA: 0s - loss: 1.3945 - accuracy: 0.5228
38/98 [==========>...................] - ETA: 0s - loss: 1.3937 - accuracy: 0.5223
43/98 [============>.................] - ETA: 0s - loss: 1.3924 - accuracy: 0.5241
48/98 [=============>................] - ETA: 0s - loss: 1.3916 - accuracy: 0.5255
53/98 [===============>..............] - ETA: 0s - loss: 1.3908 - accuracy: 0.5261
58/98 [================>.............] - ETA: 0s - loss: 1.3890 - accuracy: 0.5266
64/98 [==================>...........] - ETA: 0s - loss: 1.3898 - accuracy: 0.5256
69/98 [====================>.........] - ETA: 0s - loss: 1.3884 - accuracy: 0.5259
74/98 [=====================>........] - ETA: 0s - loss: 1.3902 - accuracy: 0.5245
79/98 [=======================>......] - ETA: 0s - loss: 1.3915 - accuracy: 0.5235
84/98 [========================>.....] - ETA: 0s - loss: 1.3906 - accuracy: 0.5237
90/98 [==========================>...] - ETA: 0s - loss: 1.3898 - accuracy: 0.5242
95/98 [============================>.] - ETA: 0s - loss: 1.3892 - accuracy: 0.5246
98/98 [==============================] - 2s 17ms/step - loss: 1.3889 - accuracy: 0.5243 - val_loss: 1.3998 - val_accuracy: 0.5181
Epoch 14/138

 1/98 [..............................] - ETA: 3s - loss: 1.3691 - accuracy: 0.5430
 6/98 [>.............................] - ETA: 1s - loss: 1.3776 - accuracy: 0.5262
11/98 [==>...........................] - ETA: 1s - loss: 1.3708 - accuracy: 0.5315
17/98 [====>.........................] - ETA: 0s - loss: 1.3677 - accuracy: 0.5362
22/98 [=====>........................] - ETA: 0s - loss: 1.3680 - accuracy: 0.5351
27/98 [=======>......................] - ETA: 0s - loss: 1.3680 - accuracy: 0.5355
33/98 [=========>....................] - ETA: 0s - loss: 1.3672 - accuracy: 0.5346
38/98 [==========>...................] - ETA: 0s - loss: 1.3696 - accuracy: 0.5339
43/98 [============>.................] - ETA: 0s - loss: 1.3697 - accuracy: 0.5335
49/98 [==============>...............] - ETA: 0s - loss: 1.3718 - accuracy: 0.5344
54/98 [===============>..............] - ETA: 0s - loss: 1.3708 - accuracy: 0.5335
59/98 [=================>............] - ETA: 0s - loss: 1.3704 - accuracy: 0.5339
64/98 [==================>...........] - ETA: 0s - loss: 1.3702 - accuracy: 0.5336
70/98 [====================>.........] - ETA: 0s - loss: 1.3718 - accuracy: 0.5338
75/98 [=====================>........] - ETA: 0s - loss: 1.3726 - accuracy: 0.5325
80/98 [=======================>......] - ETA: 0s - loss: 1.3716 - accuracy: 0.5337
85/98 [=========================>....] - ETA: 0s - loss: 1.3717 - accuracy: 0.5343
91/98 [==========================>...] - ETA: 0s - loss: 1.3719 - accuracy: 0.5333
96/98 [============================>.] - ETA: 0s - loss: 1.3721 - accuracy: 0.5327
98/98 [==============================] - 2s 17ms/step - loss: 1.3721 - accuracy: 0.5328 - val_loss: 1.3876 - val_accuracy: 0.5232
Epoch 15/138

 1/98 [..............................] - ETA: 4s - loss: 1.3540 - accuracy: 0.5488
 6/98 [>.............................] - ETA: 1s - loss: 1.3631 - accuracy: 0.5326
11/98 [==>...........................] - ETA: 1s - loss: 1.3510 - accuracy: 0.5385
15/98 [===>..........................] - ETA: 1s - loss: 1.3485 - accuracy: 0.5372
20/98 [=====>........................] - ETA: 0s - loss: 1.3535 - accuracy: 0.5335
26/98 [======>.......................] - ETA: 0s - loss: 1.3544 - accuracy: 0.5343
31/98 [========>.....................] - ETA: 0s - loss: 1.3489 - accuracy: 0.5384
36/98 [==========>...................] - ETA: 0s - loss: 1.3535 - accuracy: 0.5364
41/98 [===========>..................] - ETA: 0s - loss: 1.3580 - accuracy: 0.5351
47/98 [=============>................] - ETA: 0s - loss: 1.3576 - accuracy: 0.5344
52/98 [==============>...............] - ETA: 0s - loss: 1.3579 - accuracy: 0.5350
57/98 [================>.............] - ETA: 0s - loss: 1.3566 - accuracy: 0.5359
63/98 [==================>...........] - ETA: 0s - loss: 1.3587 - accuracy: 0.5357
67/98 [===================>..........] - ETA: 0s - loss: 1.3582 - accuracy: 0.5366
73/98 [=====================>........] - ETA: 0s - loss: 1.3597 - accuracy: 0.5365
78/98 [======================>.......] - ETA: 0s - loss: 1.3590 - accuracy: 0.5367
83/98 [========================>.....] - ETA: 0s - loss: 1.3595 - accuracy: 0.5368
88/98 [=========================>....] - ETA: 0s - loss: 1.3571 - accuracy: 0.5380
94/98 [===========================>..] - ETA: 0s - loss: 1.3573 - accuracy: 0.5379
98/98 [==============================] - 2s 17ms/step - loss: 1.3590 - accuracy: 0.5369 - val_loss: 1.3776 - val_accuracy: 0.5273
Epoch 16/138

 1/98 [..............................] - ETA: 2s - loss: 1.4177 - accuracy: 0.5039
 7/98 [=>............................] - ETA: 0s - loss: 1.3431 - accuracy: 0.5452
12/98 [==>...........................] - ETA: 0s - loss: 1.3424 - accuracy: 0.5457
17/98 [====>.........................] - ETA: 0s - loss: 1.3395 - accuracy: 0.5432
22/98 [=====>........................] - ETA: 0s - loss: 1.3297 - accuracy: 0.5445
28/98 [=======>......................] - ETA: 0s - loss: 1.3360 - accuracy: 0.5429
33/98 [=========>....................] - ETA: 0s - loss: 1.3371 - accuracy: 0.5424
38/98 [==========>...................] - ETA: 0s - loss: 1.3379 - accuracy: 0.5438
43/98 [============>.................] - ETA: 0s - loss: 1.3398 - accuracy: 0.5429
48/98 [=============>................] - ETA: 0s - loss: 1.3417 - accuracy: 0.5421
54/98 [===============>..............] - ETA: 0s - loss: 1.3445 - accuracy: 0.5414
59/98 [=================>............] - ETA: 0s - loss: 1.3459 - accuracy: 0.5408
64/98 [==================>...........] - ETA: 0s - loss: 1.3471 - accuracy: 0.5409
70/98 [====================>.........] - ETA: 0s - loss: 1.3469 - accuracy: 0.5417
75/98 [=====================>........] - ETA: 0s - loss: 1.3447 - accuracy: 0.5419
80/98 [=======================>......] - ETA: 0s - loss: 1.3445 - accuracy: 0.5424
85/98 [=========================>....] - ETA: 0s - loss: 1.3432 - accuracy: 0.5433
90/98 [==========================>...] - ETA: 0s - loss: 1.3428 - accuracy: 0.5436
96/98 [============================>.] - ETA: 0s - loss: 1.3427 - accuracy: 0.5430
98/98 [==============================] - 2s 17ms/step - loss: 1.3438 - accuracy: 0.5426 - val_loss: 1.3671 - val_accuracy: 0.5244
Epoch 17/138

 1/98 [..............................] - ETA: 3s - loss: 1.3626 - accuracy: 0.5469
 6/98 [>.............................] - ETA: 0s - loss: 1.3678 - accuracy: 0.5391
11/98 [==>...........................] - ETA: 1s - loss: 1.3433 - accuracy: 0.5476
16/98 [===>..........................] - ETA: 0s - loss: 1.3392 - accuracy: 0.5491
21/98 [=====>........................] - ETA: 0s - loss: 1.3399 - accuracy: 0.5467
26/98 [======>.......................] - ETA: 0s - loss: 1.3363 - accuracy: 0.5467
32/98 [========>.....................] - ETA: 0s - loss: 1.3349 - accuracy: 0.5447
37/98 [==========>...................] - ETA: 0s - loss: 1.3347 - accuracy: 0.5438
42/98 [===========>..................] - ETA: 0s - loss: 1.3356 - accuracy: 0.5440
48/98 [=============>................] - ETA: 0s - loss: 1.3385 - accuracy: 0.5425
53/98 [===============>..............] - ETA: 0s - loss: 1.3365 - accuracy: 0.5428
58/98 [================>.............] - ETA: 0s - loss: 1.3352 - accuracy: 0.5433
63/98 [==================>...........] - ETA: 0s - loss: 1.3324 - accuracy: 0.5438
67/98 [===================>..........] - ETA: 0s - loss: 1.3335 - accuracy: 0.5435
72/98 [=====================>........] - ETA: 0s - loss: 1.3328 - accuracy: 0.5443
76/98 [======================>.......] - ETA: 0s - loss: 1.3332 - accuracy: 0.5444
81/98 [=======================>......] - ETA: 0s - loss: 1.3343 - accuracy: 0.5442
86/98 [=========================>....] - ETA: 0s - loss: 1.3337 - accuracy: 0.5445
90/98 [==========================>...] - ETA: 0s - loss: 1.3335 - accuracy: 0.5443
95/98 [============================>.] - ETA: 0s - loss: 1.3344 - accuracy: 0.5444
98/98 [==============================] - 2s 17ms/step - loss: 1.3337 - accuracy: 0.5446 - val_loss: 1.3557 - val_accuracy: 0.5331
Epoch 18/138

 1/98 [..............................] - ETA: 3s - loss: 1.3056 - accuracy: 0.5625
 6/98 [>.............................] - ETA: 1s - loss: 1.3196 - accuracy: 0.5485
11/98 [==>...........................] - ETA: 1s - loss: 1.3197 - accuracy: 0.5563
16/98 [===>..........................] - ETA: 1s - loss: 1.3232 - accuracy: 0.5544
21/98 [=====>........................] - ETA: 0s - loss: 1.3260 - accuracy: 0.5519
26/98 [======>.......................] - ETA: 0s - loss: 1.3233 - accuracy: 0.5500
32/98 [========>.....................] - ETA: 0s - loss: 1.3218 - accuracy: 0.5502
36/98 [==========>...................] - ETA: 0s - loss: 1.3253 - accuracy: 0.5475
42/98 [===========>..................] - ETA: 0s - loss: 1.3245 - accuracy: 0.5485
46/98 [=============>................] - ETA: 0s - loss: 1.3221 - accuracy: 0.5501
51/98 [==============>...............] - ETA: 0s - loss: 1.3246 - accuracy: 0.5491
55/98 [===============>..............] - ETA: 0s - loss: 1.3239 - accuracy: 0.5484
61/98 [=================>............] - ETA: 0s - loss: 1.3229 - accuracy: 0.5482
66/98 [===================>..........] - ETA: 0s - loss: 1.3223 - accuracy: 0.5484
71/98 [====================>.........] - ETA: 0s - loss: 1.3215 - accuracy: 0.5481
76/98 [======================>.......] - ETA: 0s - loss: 1.3211 - accuracy: 0.5488
81/98 [=======================>......] - ETA: 0s - loss: 1.3220 - accuracy: 0.5478
87/98 [=========================>....] - ETA: 0s - loss: 1.3213 - accuracy: 0.5485
92/98 [===========================>..] - ETA: 0s - loss: 1.3212 - accuracy: 0.5482
97/98 [============================>.] - ETA: 0s - loss: 1.3212 - accuracy: 0.5475
98/98 [==============================] - 2s 18ms/step - loss: 1.3212 - accuracy: 0.5476 - val_loss: 1.3469 - val_accuracy: 0.5343
Epoch 19/138

 1/98 [..............................] - ETA: 3s - loss: 1.2980 - accuracy: 0.5781
 6/98 [>.............................] - ETA: 1s - loss: 1.3147 - accuracy: 0.5625
10/98 [==>...........................] - ETA: 1s - loss: 1.3198 - accuracy: 0.5564
15/98 [===>..........................] - ETA: 1s - loss: 1.3204 - accuracy: 0.5497
20/98 [=====>........................] - ETA: 0s - loss: 1.3119 - accuracy: 0.5520
25/98 [======>.......................] - ETA: 0s - loss: 1.3127 - accuracy: 0.5484
30/98 [========>.....................] - ETA: 0s - loss: 1.3128 - accuracy: 0.5490
35/98 [=========>....................] - ETA: 0s - loss: 1.3120 - accuracy: 0.5518
40/98 [===========>..................] - ETA: 0s - loss: 1.3118 - accuracy: 0.5510
45/98 [============>.................] - ETA: 0s - loss: 1.3119 - accuracy: 0.5518
50/98 [==============>...............] - ETA: 0s - loss: 1.3147 - accuracy: 0.5510
55/98 [===============>..............] - ETA: 0s - loss: 1.3128 - accuracy: 0.5525
61/98 [=================>............] - ETA: 0s - loss: 1.3137 - accuracy: 0.5518
66/98 [===================>..........] - ETA: 0s - loss: 1.3127 - accuracy: 0.5525
71/98 [====================>.........] - ETA: 0s - loss: 1.3112 - accuracy: 0.5534
75/98 [=====================>........] - ETA: 0s - loss: 1.3110 - accuracy: 0.5529
80/98 [=======================>......] - ETA: 0s - loss: 1.3102 - accuracy: 0.5530
85/98 [=========================>....] - ETA: 0s - loss: 1.3100 - accuracy: 0.5532
89/98 [==========================>...] - ETA: 0s - loss: 1.3091 - accuracy: 0.5533
94/98 [===========================>..] - ETA: 0s - loss: 1.3087 - accuracy: 0.5539
98/98 [==============================] - 2s 17ms/step - loss: 1.3090 - accuracy: 0.5530 - val_loss: 1.3405 - val_accuracy: 0.5353
Epoch 20/138

 1/98 [..............................] - ETA: 3s - loss: 1.3265 - accuracy: 0.5449
 6/98 [>.............................] - ETA: 1s - loss: 1.2765 - accuracy: 0.5589
11/98 [==>...........................] - ETA: 1s - loss: 1.2908 - accuracy: 0.5534
16/98 [===>..........................] - ETA: 1s - loss: 1.2897 - accuracy: 0.5597
21/98 [=====>........................] - ETA: 0s - loss: 1.2957 - accuracy: 0.5572
26/98 [======>.......................] - ETA: 0s - loss: 1.3035 - accuracy: 0.5529
32/98 [========>.....................] - ETA: 0s - loss: 1.3035 - accuracy: 0.5537
37/98 [==========>...................] - ETA: 0s - loss: 1.3045 - accuracy: 0.5531
42/98 [===========>..................] - ETA: 0s - loss: 1.3034 - accuracy: 0.5550
47/98 [=============>................] - ETA: 0s - loss: 1.3038 - accuracy: 0.5554
52/98 [==============>...............] - ETA: 0s - loss: 1.3052 - accuracy: 0.5550
57/98 [================>.............] - ETA: 0s - loss: 1.3039 - accuracy: 0.5548
61/98 [=================>............] - ETA: 0s - loss: 1.3029 - accuracy: 0.5548
67/98 [===================>..........] - ETA: 0s - loss: 1.3050 - accuracy: 0.5537
71/98 [====================>.........] - ETA: 0s - loss: 1.3007 - accuracy: 0.5552
77/98 [======================>.......] - ETA: 0s - loss: 1.3019 - accuracy: 0.5551
82/98 [========================>.....] - ETA: 0s - loss: 1.3026 - accuracy: 0.5552
87/98 [=========================>....] - ETA: 0s - loss: 1.3006 - accuracy: 0.5570
92/98 [===========================>..] - ETA: 0s - loss: 1.2992 - accuracy: 0.5574
98/98 [==============================] - ETA: 0s - loss: 1.2995 - accuracy: 0.5570
98/98 [==============================] - 2s 18ms/step - loss: 1.2995 - accuracy: 0.5570 - val_loss: 1.3330 - val_accuracy: 0.5369
Epoch 21/138

 1/98 [..............................] - ETA: 2s - loss: 1.2959 - accuracy: 0.5430
 7/98 [=>............................] - ETA: 0s - loss: 1.3154 - accuracy: 0.5522
12/98 [==>...........................] - ETA: 0s - loss: 1.3083 - accuracy: 0.5526
17/98 [====>.........................] - ETA: 0s - loss: 1.3003 - accuracy: 0.5558
22/98 [=====>........................] - ETA: 0s - loss: 1.3066 - accuracy: 0.5536
27/98 [=======>......................] - ETA: 0s - loss: 1.3040 - accuracy: 0.5528
33/98 [=========>....................] - ETA: 0s - loss: 1.2995 - accuracy: 0.5534
38/98 [==========>...................] - ETA: 0s - loss: 1.2990 - accuracy: 0.5524
43/98 [============>.................] - ETA: 0s - loss: 1.2924 - accuracy: 0.5549
48/98 [=============>................] - ETA: 0s - loss: 1.2930 - accuracy: 0.5553
53/98 [===============>..............] - ETA: 0s - loss: 1.2952 - accuracy: 0.5542
59/98 [=================>............] - ETA: 0s - loss: 1.2942 - accuracy: 0.5548
64/98 [==================>...........] - ETA: 0s - loss: 1.2932 - accuracy: 0.5551
69/98 [====================>.........] - ETA: 0s - loss: 1.2923 - accuracy: 0.5558
75/98 [=====================>........] - ETA: 0s - loss: 1.2916 - accuracy: 0.5570
79/98 [=======================>......] - ETA: 0s - loss: 1.2933 - accuracy: 0.5561
84/98 [========================>.....] - ETA: 0s - loss: 1.2917 - accuracy: 0.5579
89/98 [==========================>...] - ETA: 0s - loss: 1.2912 - accuracy: 0.5584
94/98 [===========================>..] - ETA: 0s - loss: 1.2903 - accuracy: 0.5585
98/98 [==============================] - 2s 17ms/step - loss: 1.2916 - accuracy: 0.5583 - val_loss: 1.3271 - val_accuracy: 0.5403
Epoch 22/138

 1/98 [..............................] - ETA: 2s - loss: 1.2273 - accuracy: 0.6101
 6/98 [>.............................] - ETA: 1s - loss: 1.2941 - accuracy: 0.5663
12/98 [==>...........................] - ETA: 0s - loss: 1.2843 - accuracy: 0.5679
17/98 [====>.........................] - ETA: 0s - loss: 1.2920 - accuracy: 0.5619
22/98 [=====>........................] - ETA: 0s - loss: 1.2941 - accuracy: 0.5563
26/98 [======>.......................] - ETA: 0s - loss: 1.2906 - accuracy: 0.5573
32/98 [========>.....................] - ETA: 0s - loss: 1.2884 - accuracy: 0.5597
37/98 [==========>...................] - ETA: 0s - loss: 1.2886 - accuracy: 0.5597
