2024-06-25 11:14:24.011212: I tensorflow/core/platform/cpu_feature_guard.cc:193] This TensorFlow binary is optimized with oneAPI Deep Neural Network Library (oneDNN) to use the following CPU instructions in performance-critical operations:  AVX AVX2
To enable them in other operations, rebuild TensorFlow with the appropriate compiler flags.
2024-06-25 11:14:25.227700: I tensorflow/core/common_runtime/gpu/gpu_device.cc:1616] Created device /job:localhost/replica:0/task:0/device:GPU:0 with 6656 MB memory:  -> device: 0, name: NVIDIA GeForce RTX 4060 Ti, pci bus id: 0000:01:00.0, compute capability: 8.9
1 Physical GPUs, 1 Logical GPUs
Model: "sequential"
_________________________________________________________________
 Layer (type)                Output Shape              Param #   
=================================================================
 conv2d (Conv2D)             (None, 32, 32, 32)        896       
                                                                 
 dropout (Dropout)           (None, 32, 32, 32)        0         
                                                                 
 flatten (Flatten)           (None, 32768)             0         
                                                                 
 dense (Dense)               (None, 10)                327690    
                                                                 
=================================================================
Total params: 328,586
Trainable params: 328,586
Non-trainable params: 0
_________________________________________________________________
Taxa de aprendizado:  0.0001 Num de épocas:  138 Tamanho do lote:  512 Dropout:  0.45961
Epoch 1/138
2024-06-25 11:14:26.900127: I tensorflow/stream_executor/cuda/cuda_dnn.cc:384] Loaded cuDNN version 8100
2024-06-25 11:14:28.393820: W tensorflow/stream_executor/gpu/redzone_allocator.cc:314] INTERNAL: ptxas exited with non-zero error code -1, output: 
Relying on driver to perform ptx compilation. 
Modify $PATH to customize ptxas location.
This message will be only logged once.
2024-06-25 11:14:30.158475: I tensorflow/stream_executor/cuda/cuda_blas.cc:1614] TensorFloat-32 will be used for the matrix multiplication. This will only be logged once.

 1/98 [..............................] - ETA: 8:17 - loss: 2.3325 - accuracy: 0.0996
 5/98 [>.............................] - ETA: 1s - loss: 2.2984 - accuracy: 0.1250  
 8/98 [=>............................] - ETA: 1s - loss: 2.2847 - accuracy: 0.1333
11/98 [==>...........................] - ETA: 1s - loss: 2.2679 - accuracy: 0.1507
14/98 [===>..........................] - ETA: 1s - loss: 2.2529 - accuracy: 0.1606
17/98 [====>.........................] - ETA: 1s - loss: 2.2381 - accuracy: 0.1707
20/98 [=====>........................] - ETA: 1s - loss: 2.2259 - accuracy: 0.1799
23/98 [======>.......................] - ETA: 1s - loss: 2.2163 - accuracy: 0.1841
26/98 [======>.......................] - ETA: 1s - loss: 2.2031 - accuracy: 0.1905
29/98 [=======>......................] - ETA: 1s - loss: 2.1913 - accuracy: 0.1969
32/98 [========>.....................] - ETA: 1s - loss: 2.1805 - accuracy: 0.2015
35/98 [=========>....................] - ETA: 1s - loss: 2.1710 - accuracy: 0.2078
38/98 [==========>...................] - ETA: 1s - loss: 2.1598 - accuracy: 0.2143
41/98 [===========>..................] - ETA: 1s - loss: 2.1512 - accuracy: 0.2194
44/98 [============>.................] - ETA: 1s - loss: 2.1421 - accuracy: 0.2234
48/98 [=============>................] - ETA: 1s - loss: 2.1315 - accuracy: 0.2291
52/98 [==============>...............] - ETA: 0s - loss: 2.1209 - accuracy: 0.2352
55/98 [===============>..............] - ETA: 0s - loss: 2.1121 - accuracy: 0.2402
58/98 [================>.............] - ETA: 0s - loss: 2.1053 - accuracy: 0.2433
61/98 [=================>............] - ETA: 0s - loss: 2.0986 - accuracy: 0.2458
65/98 [==================>...........] - ETA: 0s - loss: 2.0896 - accuracy: 0.2488
68/98 [===================>..........] - ETA: 0s - loss: 2.0840 - accuracy: 0.2512
69/98 [====================>.........] - ETA: 0s - loss: 2.0827 - accuracy: 0.2519
72/98 [=====================>........] - ETA: 0s - loss: 2.0762 - accuracy: 0.2552
75/98 [=====================>........] - ETA: 0s - loss: 2.0713 - accuracy: 0.2577
79/98 [=======================>......] - ETA: 0s - loss: 2.0648 - accuracy: 0.2601
82/98 [========================>.....] - ETA: 0s - loss: 2.0595 - accuracy: 0.2625
86/98 [=========================>....] - ETA: 0s - loss: 2.0523 - accuracy: 0.2658
89/98 [==========================>...] - ETA: 0s - loss: 2.0470 - accuracy: 0.2680
92/98 [===========================>..] - ETA: 0s - loss: 2.0435 - accuracy: 0.2694
96/98 [============================>.] - ETA: 0s - loss: 2.0374 - accuracy: 0.2723
98/98 [==============================] - 8s 31ms/step - loss: 2.0337 - accuracy: 0.2740 - val_loss: 1.8796 - val_accuracy: 0.3464
Epoch 2/138

 1/98 [..............................] - ETA: 3s - loss: 1.9193 - accuracy: 0.3027
 4/98 [>.............................] - ETA: 1s - loss: 1.9038 - accuracy: 0.3262
 7/98 [=>............................] - ETA: 1s - loss: 1.8849 - accuracy: 0.3373
10/98 [==>...........................] - ETA: 1s - loss: 1.8789 - accuracy: 0.3414
13/98 [==>...........................] - ETA: 1s - loss: 1.8763 - accuracy: 0.3421
17/98 [====>.........................] - ETA: 1s - loss: 1.8767 - accuracy: 0.3426
20/98 [=====>........................] - ETA: 1s - loss: 1.8720 - accuracy: 0.3421
23/98 [======>.......................] - ETA: 1s - loss: 1.8694 - accuracy: 0.3441
26/98 [======>.......................] - ETA: 1s - loss: 1.8640 - accuracy: 0.3479
29/98 [=======>......................] - ETA: 1s - loss: 1.8657 - accuracy: 0.3471
33/98 [=========>....................] - ETA: 1s - loss: 1.8635 - accuracy: 0.3495
36/98 [==========>...................] - ETA: 1s - loss: 1.8601 - accuracy: 0.3513
40/98 [===========>..................] - ETA: 1s - loss: 1.8540 - accuracy: 0.3529
43/98 [============>.................] - ETA: 1s - loss: 1.8517 - accuracy: 0.3534
46/98 [=============>................] - ETA: 1s - loss: 1.8466 - accuracy: 0.3551
49/98 [==============>...............] - ETA: 1s - loss: 1.8432 - accuracy: 0.3558
52/98 [==============>...............] - ETA: 0s - loss: 1.8391 - accuracy: 0.3573
56/98 [================>.............] - ETA: 0s - loss: 1.8383 - accuracy: 0.3578
59/98 [=================>............] - ETA: 0s - loss: 1.8366 - accuracy: 0.3575
63/98 [==================>...........] - ETA: 0s - loss: 1.8362 - accuracy: 0.3579
66/98 [===================>..........] - ETA: 0s - loss: 1.8347 - accuracy: 0.3581
69/98 [====================>.........] - ETA: 0s - loss: 1.8329 - accuracy: 0.3588
72/98 [=====================>........] - ETA: 0s - loss: 1.8317 - accuracy: 0.3591
76/98 [======================>.......] - ETA: 0s - loss: 1.8299 - accuracy: 0.3593
79/98 [=======================>......] - ETA: 0s - loss: 1.8288 - accuracy: 0.3597
83/98 [========================>.....] - ETA: 0s - loss: 1.8269 - accuracy: 0.3609
86/98 [=========================>....] - ETA: 0s - loss: 1.8259 - accuracy: 0.3615
89/98 [==========================>...] - ETA: 0s - loss: 1.8245 - accuracy: 0.3627
92/98 [===========================>..] - ETA: 0s - loss: 1.8240 - accuracy: 0.3628
95/98 [============================>.] - ETA: 0s - loss: 1.8231 - accuracy: 0.3634
98/98 [==============================] - 3s 29ms/step - loss: 1.8211 - accuracy: 0.3647 - val_loss: 1.7536 - val_accuracy: 0.4011
Epoch 3/138

 1/98 [..............................] - ETA: 3s - loss: 1.7881 - accuracy: 0.4023
 4/98 [>.............................] - ETA: 1s - loss: 1.7716 - accuracy: 0.3970
 7/98 [=>............................] - ETA: 1s - loss: 1.7635 - accuracy: 0.3993
10/98 [==>...........................] - ETA: 1s - loss: 1.7501 - accuracy: 0.4014
13/98 [==>...........................] - ETA: 1s - loss: 1.7560 - accuracy: 0.3956
16/98 [===>..........................] - ETA: 1s - loss: 1.7568 - accuracy: 0.3956
19/98 [====>.........................] - ETA: 1s - loss: 1.7507 - accuracy: 0.3993
22/98 [=====>........................] - ETA: 1s - loss: 1.7472 - accuracy: 0.3999
25/98 [======>.......................] - ETA: 1s - loss: 1.7463 - accuracy: 0.4004
28/98 [=======>......................] - ETA: 1s - loss: 1.7475 - accuracy: 0.3993
31/98 [========>.....................] - ETA: 1s - loss: 1.7481 - accuracy: 0.3978
34/98 [=========>....................] - ETA: 1s - loss: 1.7488 - accuracy: 0.3980
38/98 [==========>...................] - ETA: 1s - loss: 1.7474 - accuracy: 0.3985
42/98 [===========>..................] - ETA: 1s - loss: 1.7463 - accuracy: 0.3994
45/98 [============>.................] - ETA: 1s - loss: 1.7455 - accuracy: 0.3999
49/98 [==============>...............] - ETA: 0s - loss: 1.7459 - accuracy: 0.4014
52/98 [==============>...............] - ETA: 0s - loss: 1.7459 - accuracy: 0.4013
55/98 [===============>..............] - ETA: 0s - loss: 1.7455 - accuracy: 0.4019
58/98 [================>.............] - ETA: 0s - loss: 1.7441 - accuracy: 0.4026
61/98 [=================>............] - ETA: 0s - loss: 1.7417 - accuracy: 0.4028
64/98 [==================>...........] - ETA: 0s - loss: 1.7418 - accuracy: 0.4025
67/98 [===================>..........] - ETA: 0s - loss: 1.7409 - accuracy: 0.4026
70/98 [====================>.........] - ETA: 0s - loss: 1.7394 - accuracy: 0.4031
73/98 [=====================>........] - ETA: 0s - loss: 1.7387 - accuracy: 0.4031
76/98 [======================>.......] - ETA: 0s - loss: 1.7390 - accuracy: 0.4024
79/98 [=======================>......] - ETA: 0s - loss: 1.7371 - accuracy: 0.4033
83/98 [========================>.....] - ETA: 0s - loss: 1.7379 - accuracy: 0.4025
86/98 [=========================>....] - ETA: 0s - loss: 1.7368 - accuracy: 0.4025
90/98 [==========================>...] - ETA: 0s - loss: 1.7350 - accuracy: 0.4033
93/98 [===========================>..] - ETA: 0s - loss: 1.7333 - accuracy: 0.4036
96/98 [============================>.] - ETA: 0s - loss: 1.7324 - accuracy: 0.4041
98/98 [==============================] - 3s 29ms/step - loss: 1.7322 - accuracy: 0.4041 - val_loss: 1.6878 - val_accuracy: 0.4271
Epoch 4/138

 1/98 [..............................] - ETA: 3s - loss: 1.6465 - accuracy: 0.4141
 4/98 [>.............................] - ETA: 1s - loss: 1.6886 - accuracy: 0.4307
 7/98 [=>............................] - ETA: 1s - loss: 1.6967 - accuracy: 0.4263
10/98 [==>...........................] - ETA: 1s - loss: 1.7016 - accuracy: 0.4215
14/98 [===>..........................] - ETA: 1s - loss: 1.7107 - accuracy: 0.4173
17/98 [====>.........................] - ETA: 1s - loss: 1.7038 - accuracy: 0.4169
22/98 [=====>........................] - ETA: 1s - loss: 1.7008 - accuracy: 0.4159
27/98 [=======>......................] - ETA: 1s - loss: 1.6956 - accuracy: 0.4217
32/98 [========>.....................] - ETA: 1s - loss: 1.6928 - accuracy: 0.4208
37/98 [==========>...................] - ETA: 0s - loss: 1.6942 - accuracy: 0.4195
42/98 [===========>..................] - ETA: 0s - loss: 1.6878 - accuracy: 0.4206
46/98 [=============>................] - ETA: 0s - loss: 1.6877 - accuracy: 0.4200
51/98 [==============>...............] - ETA: 0s - loss: 1.6862 - accuracy: 0.4208
56/98 [================>.............] - ETA: 0s - loss: 1.6845 - accuracy: 0.4218
61/98 [=================>............] - ETA: 0s - loss: 1.6824 - accuracy: 0.4236
66/98 [===================>..........] - ETA: 0s - loss: 1.6813 - accuracy: 0.4236
71/98 [====================>.........] - ETA: 0s - loss: 1.6797 - accuracy: 0.4238
75/98 [=====================>........] - ETA: 0s - loss: 1.6797 - accuracy: 0.4231
80/98 [=======================>......] - ETA: 0s - loss: 1.6790 - accuracy: 0.4240
85/98 [=========================>....] - ETA: 0s - loss: 1.6788 - accuracy: 0.4244
90/98 [==========================>...] - ETA: 0s - loss: 1.6762 - accuracy: 0.4255
93/98 [===========================>..] - ETA: 0s - loss: 1.6758 - accuracy: 0.4261
96/98 [============================>.] - ETA: 0s - loss: 1.6749 - accuracy: 0.4266
98/98 [==============================] - 2s 24ms/step - loss: 1.6756 - accuracy: 0.4264 - val_loss: 1.6370 - val_accuracy: 0.4441
Epoch 5/138

 1/98 [..............................] - ETA: 3s - loss: 1.5960 - accuracy: 0.4570
 4/98 [>.............................] - ETA: 1s - loss: 1.6119 - accuracy: 0.4492
 7/98 [=>............................] - ETA: 1s - loss: 1.6261 - accuracy: 0.4408
10/98 [==>...........................] - ETA: 1s - loss: 1.6430 - accuracy: 0.4359
14/98 [===>..........................] - ETA: 1s - loss: 1.6408 - accuracy: 0.4347
18/98 [====>.........................] - ETA: 1s - loss: 1.6382 - accuracy: 0.4357
21/98 [=====>........................] - ETA: 1s - loss: 1.6414 - accuracy: 0.4350
25/98 [======>.......................] - ETA: 1s - loss: 1.6323 - accuracy: 0.4421
28/98 [=======>......................] - ETA: 1s - loss: 1.6342 - accuracy: 0.4415
31/98 [========>.....................] - ETA: 1s - loss: 1.6380 - accuracy: 0.4393
35/98 [=========>....................] - ETA: 1s - loss: 1.6361 - accuracy: 0.4386
39/98 [==========>...................] - ETA: 1s - loss: 1.6375 - accuracy: 0.4382
42/98 [===========>..................] - ETA: 1s - loss: 1.6386 - accuracy: 0.4370
45/98 [============>.................] - ETA: 1s - loss: 1.6377 - accuracy: 0.4385
49/98 [==============>...............] - ETA: 0s - loss: 1.6343 - accuracy: 0.4398
53/98 [===============>..............] - ETA: 0s - loss: 1.6342 - accuracy: 0.4397
56/98 [================>.............] - ETA: 0s - loss: 1.6308 - accuracy: 0.4413
59/98 [=================>............] - ETA: 0s - loss: 1.6319 - accuracy: 0.4407
62/98 [=================>............] - ETA: 0s - loss: 1.6313 - accuracy: 0.4411
66/98 [===================>..........] - ETA: 0s - loss: 1.6301 - accuracy: 0.4413
69/98 [====================>.........] - ETA: 0s - loss: 1.6297 - accuracy: 0.4413
72/98 [=====================>........] - ETA: 0s - loss: 1.6269 - accuracy: 0.4427
75/98 [=====================>........] - ETA: 0s - loss: 1.6250 - accuracy: 0.4429
78/98 [======================>.......] - ETA: 0s - loss: 1.6236 - accuracy: 0.4435
81/98 [=======================>......] - ETA: 0s - loss: 1.6227 - accuracy: 0.4441
85/98 [=========================>....] - ETA: 0s - loss: 1.6229 - accuracy: 0.4443
88/98 [=========================>....] - ETA: 0s - loss: 1.6219 - accuracy: 0.4451
91/98 [==========================>...] - ETA: 0s - loss: 1.6233 - accuracy: 0.4446
95/98 [============================>.] - ETA: 0s - loss: 1.6228 - accuracy: 0.4446
98/98 [==============================] - 3s 29ms/step - loss: 1.6230 - accuracy: 0.4449 - val_loss: 1.5977 - val_accuracy: 0.4536
Epoch 6/138

 1/98 [..............................] - ETA: 4s - loss: 1.5633 - accuracy: 0.4648
 4/98 [>.............................] - ETA: 1s - loss: 1.5730 - accuracy: 0.4600
 8/98 [=>............................] - ETA: 1s - loss: 1.6046 - accuracy: 0.4529
11/98 [==>...........................] - ETA: 1s - loss: 1.6186 - accuracy: 0.4428
14/98 [===>..........................] - ETA: 1s - loss: 1.6160 - accuracy: 0.4473
17/98 [====>.........................] - ETA: 1s - loss: 1.6080 - accuracy: 0.4484
21/98 [=====>........................] - ETA: 1s - loss: 1.6083 - accuracy: 0.4488
25/98 [======>.......................] - ETA: 1s - loss: 1.5990 - accuracy: 0.4498
28/98 [=======>......................] - ETA: 1s - loss: 1.5991 - accuracy: 0.4500
31/98 [========>.....................] - ETA: 1s - loss: 1.5956 - accuracy: 0.4514
34/98 [=========>....................] - ETA: 1s - loss: 1.5964 - accuracy: 0.4516
37/98 [==========>...................] - ETA: 1s - loss: 1.5931 - accuracy: 0.4546
40/98 [===========>..................] - ETA: 1s - loss: 1.5916 - accuracy: 0.4546
43/98 [============>.................] - ETA: 1s - loss: 1.5925 - accuracy: 0.4544
46/98 [=============>................] - ETA: 1s - loss: 1.5932 - accuracy: 0.4544
49/98 [==============>...............] - ETA: 0s - loss: 1.5895 - accuracy: 0.4555
52/98 [==============>...............] - ETA: 0s - loss: 1.5890 - accuracy: 0.4564
56/98 [================>.............] - ETA: 0s - loss: 1.5886 - accuracy: 0.4565
59/98 [=================>............] - ETA: 0s - loss: 1.5885 - accuracy: 0.4561
62/98 [=================>............] - ETA: 0s - loss: 1.5867 - accuracy: 0.4565
65/98 [==================>...........] - ETA: 0s - loss: 1.5843 - accuracy: 0.4573
68/98 [===================>..........] - ETA: 0s - loss: 1.5837 - accuracy: 0.4583
71/98 [====================>.........] - ETA: 0s - loss: 1.5838 - accuracy: 0.4585
75/98 [=====================>........] - ETA: 0s - loss: 1.5822 - accuracy: 0.4592
78/98 [======================>.......] - ETA: 0s - loss: 1.5819 - accuracy: 0.4597
81/98 [=======================>......] - ETA: 0s - loss: 1.5794 - accuracy: 0.4607
85/98 [=========================>....] - ETA: 0s - loss: 1.5786 - accuracy: 0.4611
88/98 [=========================>....] - ETA: 0s - loss: 1.5783 - accuracy: 0.4610
91/98 [==========================>...] - ETA: 0s - loss: 1.5799 - accuracy: 0.4603
94/98 [===========================>..] - ETA: 0s - loss: 1.5802 - accuracy: 0.4604
97/98 [============================>.] - ETA: 0s - loss: 1.5793 - accuracy: 0.4605
98/98 [==============================] - 3s 27ms/step - loss: 1.5792 - accuracy: 0.4603 - val_loss: 1.5608 - val_accuracy: 0.4633
Epoch 7/138

 1/98 [..............................] - ETA: 1s - loss: 1.6350 - accuracy: 0.4219
 5/98 [>.............................] - ETA: 1s - loss: 1.5765 - accuracy: 0.4570
10/98 [==>...........................] - ETA: 1s - loss: 1.5638 - accuracy: 0.4541
15/98 [===>..........................] - ETA: 1s - loss: 1.5539 - accuracy: 0.4632
20/98 [=====>........................] - ETA: 1s - loss: 1.5570 - accuracy: 0.4638
24/98 [======>.......................] - ETA: 1s - loss: 1.5610 - accuracy: 0.4626
29/98 [=======>......................] - ETA: 0s - loss: 1.5554 - accuracy: 0.4648
34/98 [=========>....................] - ETA: 0s - loss: 1.5515 - accuracy: 0.4685
38/98 [==========>...................] - ETA: 0s - loss: 1.5523 - accuracy: 0.4679
41/98 [===========>..................] - ETA: 0s - loss: 1.5521 - accuracy: 0.4681
45/98 [============>.................] - ETA: 0s - loss: 1.5526 - accuracy: 0.4668
48/98 [=============>................] - ETA: 0s - loss: 1.5520 - accuracy: 0.4680
51/98 [==============>...............] - ETA: 0s - loss: 1.5514 - accuracy: 0.4676
55/98 [===============>..............] - ETA: 0s - loss: 1.5501 - accuracy: 0.4683
58/98 [================>.............] - ETA: 0s - loss: 1.5477 - accuracy: 0.4697
62/98 [=================>............] - ETA: 0s - loss: 1.5466 - accuracy: 0.4707
65/98 [==================>...........] - ETA: 0s - loss: 1.5463 - accuracy: 0.4709
68/98 [===================>..........] - ETA: 0s - loss: 1.5448 - accuracy: 0.4718
72/98 [=====================>........] - ETA: 0s - loss: 1.5427 - accuracy: 0.4718
76/98 [======================>.......] - ETA: 0s - loss: 1.5394 - accuracy: 0.4732
79/98 [=======================>......] - ETA: 0s - loss: 1.5399 - accuracy: 0.4727
82/98 [========================>.....] - ETA: 0s - loss: 1.5393 - accuracy: 0.4730
86/98 [=========================>....] - ETA: 0s - loss: 1.5386 - accuracy: 0.4735
90/98 [==========================>...] - ETA: 0s - loss: 1.5377 - accuracy: 0.4737
94/98 [===========================>..] - ETA: 0s - loss: 1.5380 - accuracy: 0.4739
97/98 [============================>.] - ETA: 0s - loss: 1.5386 - accuracy: 0.4733
98/98 [==============================] - 3s 27ms/step - loss: 1.5387 - accuracy: 0.4733 - val_loss: 1.5252 - val_accuracy: 0.4713
Epoch 8/138

 1/98 [..............................] - ETA: 4s - loss: 1.4557 - accuracy: 0.5078
 4/98 [>.............................] - ETA: 1s - loss: 1.4899 - accuracy: 0.4883
 7/98 [=>............................] - ETA: 1s - loss: 1.4695 - accuracy: 0.5042
10/98 [==>...........................] - ETA: 1s - loss: 1.4800 - accuracy: 0.5018
13/98 [==>...........................] - ETA: 1s - loss: 1.4868 - accuracy: 0.4976
17/98 [====>.........................] - ETA: 1s - loss: 1.4872 - accuracy: 0.4971
21/98 [=====>........................] - ETA: 1s - loss: 1.4946 - accuracy: 0.4954
25/98 [======>.......................] - ETA: 1s - loss: 1.4963 - accuracy: 0.4914
28/98 [=======>......................] - ETA: 1s - loss: 1.5026 - accuracy: 0.4891
32/98 [========>.....................] - ETA: 1s - loss: 1.5031 - accuracy: 0.4894
35/98 [=========>....................] - ETA: 1s - loss: 1.5011 - accuracy: 0.4900
38/98 [==========>...................] - ETA: 1s - loss: 1.5028 - accuracy: 0.4897
41/98 [===========>..................] - ETA: 1s - loss: 1.5031 - accuracy: 0.4900
44/98 [============>.................] - ETA: 1s - loss: 1.5047 - accuracy: 0.4884
47/98 [=============>................] - ETA: 1s - loss: 1.5042 - accuracy: 0.4887
50/98 [==============>...............] - ETA: 0s - loss: 1.5054 - accuracy: 0.4882
53/98 [===============>..............] - ETA: 0s - loss: 1.5049 - accuracy: 0.4884
56/98 [================>.............] - ETA: 0s - loss: 1.5059 - accuracy: 0.4872
60/98 [=================>............] - ETA: 0s - loss: 1.5028 - accuracy: 0.4877
63/98 [==================>...........] - ETA: 0s - loss: 1.5044 - accuracy: 0.4873
67/98 [===================>..........] - ETA: 0s - loss: 1.5043 - accuracy: 0.4870
71/98 [====================>.........] - ETA: 0s - loss: 1.5038 - accuracy: 0.4872
74/98 [=====================>........] - ETA: 0s - loss: 1.5042 - accuracy: 0.4869
77/98 [======================>.......] - ETA: 0s - loss: 1.5047 - accuracy: 0.4868
80/98 [=======================>......] - ETA: 0s - loss: 1.5045 - accuracy: 0.4867
83/98 [========================>.....] - ETA: 0s - loss: 1.5044 - accuracy: 0.4865
87/98 [=========================>....] - ETA: 0s - loss: 1.5045 - accuracy: 0.4859
90/98 [==========================>...] - ETA: 0s - loss: 1.5044 - accuracy: 0.4860
94/98 [===========================>..] - ETA: 0s - loss: 1.5048 - accuracy: 0.4856
98/98 [==============================] - ETA: 0s - loss: 1.5040 - accuracy: 0.4859
98/98 [==============================] - 3s 29ms/step - loss: 1.5040 - accuracy: 0.4859 - val_loss: 1.4930 - val_accuracy: 0.4878
Epoch 9/138

 1/98 [..............................] - ETA: 3s - loss: 1.5384 - accuracy: 0.4805
 4/98 [>.............................] - ETA: 1s - loss: 1.4947 - accuracy: 0.4990
 7/98 [=>............................] - ETA: 1s - loss: 1.4999 - accuracy: 0.4886
10/98 [==>...........................] - ETA: 1s - loss: 1.4861 - accuracy: 0.4979
14/98 [===>..........................] - ETA: 1s - loss: 1.4884 - accuracy: 0.4953
17/98 [====>.........................] - ETA: 1s - loss: 1.4839 - accuracy: 0.4943
21/98 [=====>........................] - ETA: 1s - loss: 1.4837 - accuracy: 0.4966
24/98 [======>.......................] - ETA: 1s - loss: 1.4845 - accuracy: 0.4966
27/98 [=======>......................] - ETA: 1s - loss: 1.4820 - accuracy: 0.4976
31/98 [========>.....................] - ETA: 1s - loss: 1.4798 - accuracy: 0.4966
35/98 [=========>....................] - ETA: 1s - loss: 1.4758 - accuracy: 0.4986
39/98 [==========>...................] - ETA: 1s - loss: 1.4760 - accuracy: 0.4979
43/98 [============>.................] - ETA: 1s - loss: 1.4763 - accuracy: 0.4974
46/98 [=============>................] - ETA: 1s - loss: 1.4745 - accuracy: 0.4976
49/98 [==============>...............] - ETA: 0s - loss: 1.4748 - accuracy: 0.4969
52/98 [==============>...............] - ETA: 0s - loss: 1.4734 - accuracy: 0.4972
55/98 [===============>..............] - ETA: 0s - loss: 1.4728 - accuracy: 0.4983
58/98 [================>.............] - ETA: 0s - loss: 1.4728 - accuracy: 0.4990
61/98 [=================>............] - ETA: 0s - loss: 1.4744 - accuracy: 0.4981
64/98 [==================>...........] - ETA: 0s - loss: 1.4745 - accuracy: 0.4976
67/98 [===================>..........] - ETA: 0s - loss: 1.4745 - accuracy: 0.4968
70/98 [====================>.........] - ETA: 0s - loss: 1.4752 - accuracy: 0.4963
73/98 [=====================>........] - ETA: 0s - loss: 1.4748 - accuracy: 0.4962
79/98 [=======================>......] - ETA: 0s - loss: 1.4751 - accuracy: 0.4964
83/98 [========================>.....] - ETA: 0s - loss: 1.4746 - accuracy: 0.4970
88/98 [=========================>....] - ETA: 0s - loss: 1.4747 - accuracy: 0.4966
93/98 [===========================>..] - ETA: 0s - loss: 1.4748 - accuracy: 0.4968
98/98 [==============================] - ETA: 0s - loss: 1.4748 - accuracy: 0.4969
98/98 [==============================] - 2s 25ms/step - loss: 1.4748 - accuracy: 0.4969 - val_loss: 1.4718 - val_accuracy: 0.4890
Epoch 10/138

 1/98 [..............................] - ETA: 4s - loss: 1.4412 - accuracy: 0.5273
 5/98 [>.............................] - ETA: 1s - loss: 1.4629 - accuracy: 0.4988
 8/98 [=>............................] - ETA: 1s - loss: 1.4625 - accuracy: 0.5012
11/98 [==>...........................] - ETA: 1s - loss: 1.4564 - accuracy: 0.5007
15/98 [===>..........................] - ETA: 1s - loss: 1.4586 - accuracy: 0.4974
18/98 [====>.........................] - ETA: 1s - loss: 1.4577 - accuracy: 0.5005
21/98 [=====>........................] - ETA: 1s - loss: 1.4544 - accuracy: 0.5027
24/98 [======>.......................] - ETA: 1s - loss: 1.4547 - accuracy: 0.5014
28/98 [=======>......................] - ETA: 1s - loss: 1.4552 - accuracy: 0.5033
31/98 [========>.....................] - ETA: 1s - loss: 1.4550 - accuracy: 0.5021
34/98 [=========>....................] - ETA: 1s - loss: 1.4530 - accuracy: 0.5035
38/98 [==========>...................] - ETA: 1s - loss: 1.4536 - accuracy: 0.5035
41/98 [===========>..................] - ETA: 1s - loss: 1.4541 - accuracy: 0.5022
44/98 [============>.................] - ETA: 1s - loss: 1.4525 - accuracy: 0.5026
48/98 [=============>................] - ETA: 1s - loss: 1.4524 - accuracy: 0.5013
51/98 [==============>...............] - ETA: 0s - loss: 1.4510 - accuracy: 0.5018
54/98 [===============>..............] - ETA: 0s - loss: 1.4500 - accuracy: 0.5022
57/98 [================>.............] - ETA: 0s - loss: 1.4490 - accuracy: 0.5032
61/98 [=================>............] - ETA: 0s - loss: 1.4485 - accuracy: 0.5035
64/98 [==================>...........] - ETA: 0s - loss: 1.4488 - accuracy: 0.5041
67/98 [===================>..........] - ETA: 0s - loss: 1.4491 - accuracy: 0.5039
71/98 [====================>.........] - ETA: 0s - loss: 1.4475 - accuracy: 0.5046
74/98 [=====================>........] - ETA: 0s - loss: 1.4471 - accuracy: 0.5041
77/98 [======================>.......] - ETA: 0s - loss: 1.4465 - accuracy: 0.5044
80/98 [=======================>......] - ETA: 0s - loss: 1.4456 - accuracy: 0.5048
83/98 [========================>.....] - ETA: 0s - loss: 1.4454 - accuracy: 0.5050
86/98 [=========================>....] - ETA: 0s - loss: 1.4471 - accuracy: 0.5051
90/98 [==========================>...] - ETA: 0s - loss: 1.4454 - accuracy: 0.5057
93/98 [===========================>..] - ETA: 0s - loss: 1.4476 - accuracy: 0.5053
96/98 [============================>.] - ETA: 0s - loss: 1.4483 - accuracy: 0.5052
98/98 [==============================] - 3s 30ms/step - loss: 1.4487 - accuracy: 0.5051 - val_loss: 1.4488 - val_accuracy: 0.5027
Epoch 11/138

 1/98 [..............................] - ETA: 3s - loss: 1.4415 - accuracy: 0.5000
 4/98 [>.............................] - ETA: 1s - loss: 1.4244 - accuracy: 0.5122
 7/98 [=>............................] - ETA: 1s - loss: 1.4324 - accuracy: 0.5128
10/98 [==>...........................] - ETA: 1s - loss: 1.4293 - accuracy: 0.5150
13/98 [==>...........................] - ETA: 1s - loss: 1.4358 - accuracy: 0.5129
16/98 [===>..........................] - ETA: 1s - loss: 1.4366 - accuracy: 0.5122
19/98 [====>.........................] - ETA: 1s - loss: 1.4387 - accuracy: 0.5110
22/98 [=====>........................] - ETA: 1s - loss: 1.4376 - accuracy: 0.5107
25/98 [======>.......................] - ETA: 1s - loss: 1.4413 - accuracy: 0.5092
28/98 [=======>......................] - ETA: 1s - loss: 1.4402 - accuracy: 0.5091
31/98 [========>.....................] - ETA: 1s - loss: 1.4387 - accuracy: 0.5092
34/98 [=========>....................] - ETA: 1s - loss: 1.4380 - accuracy: 0.5093
37/98 [==========>...................] - ETA: 1s - loss: 1.4408 - accuracy: 0.5082
40/98 [===========>..................] - ETA: 1s - loss: 1.4395 - accuracy: 0.5093
43/98 [============>.................] - ETA: 1s - loss: 1.4387 - accuracy: 0.5095
46/98 [=============>................] - ETA: 1s - loss: 1.4380 - accuracy: 0.5093
49/98 [==============>...............] - ETA: 1s - loss: 1.4365 - accuracy: 0.5093
52/98 [==============>...............] - ETA: 0s - loss: 1.4368 - accuracy: 0.5088
55/98 [===============>..............] - ETA: 0s - loss: 1.4363 - accuracy: 0.5095
58/98 [================>.............] - ETA: 0s - loss: 1.4367 - accuracy: 0.5087
61/98 [=================>............] - ETA: 0s - loss: 1.4337 - accuracy: 0.5095
64/98 [==================>...........] - ETA: 0s - loss: 1.4316 - accuracy: 0.5100
67/98 [===================>..........] - ETA: 0s - loss: 1.4299 - accuracy: 0.5106
70/98 [====================>.........] - ETA: 0s - loss: 1.4306 - accuracy: 0.5107
73/98 [=====================>........] - ETA: 0s - loss: 1.4295 - accuracy: 0.5112
76/98 [======================>.......] - ETA: 0s - loss: 1.4278 - accuracy: 0.5123
79/98 [=======================>......] - ETA: 0s - loss: 1.4262 - accuracy: 0.5134
82/98 [========================>.....] - ETA: 0s - loss: 1.4271 - accuracy: 0.5128
85/98 [=========================>....] - ETA: 0s - loss: 1.4282 - accuracy: 0.5124
88/98 [=========================>....] - ETA: 0s - loss: 1.4276 - accuracy: 0.5127
91/98 [==========================>...] - ETA: 0s - loss: 1.4281 - accuracy: 0.5124
94/98 [===========================>..] - ETA: 0s - loss: 1.4277 - accuracy: 0.5126
97/98 [============================>.] - ETA: 0s - loss: 1.4261 - accuracy: 0.5133
98/98 [==============================] - 3s 30ms/step - loss: 1.4260 - accuracy: 0.5132 - val_loss: 1.4324 - val_accuracy: 0.5025
Epoch 12/138

 1/98 [..............................] - ETA: 3s - loss: 1.5302 - accuracy: 0.4648
 4/98 [>.............................] - ETA: 2s - loss: 1.4415 - accuracy: 0.5054
 7/98 [=>............................] - ETA: 1s - loss: 1.4481 - accuracy: 0.5000
10/98 [==>...........................] - ETA: 1s - loss: 1.4241 - accuracy: 0.5135
13/98 [==>...........................] - ETA: 1s - loss: 1.4263 - accuracy: 0.5158
16/98 [===>..........................] - ETA: 1s - loss: 1.4196 - accuracy: 0.5187
19/98 [====>.........................] - ETA: 1s - loss: 1.4124 - accuracy: 0.5207
23/98 [======>.......................] - ETA: 1s - loss: 1.4125 - accuracy: 0.5185
27/98 [=======>......................] - ETA: 1s - loss: 1.4113 - accuracy: 0.5184
31/98 [========>.....................] - ETA: 1s - loss: 1.4148 - accuracy: 0.5181
35/98 [=========>....................] - ETA: 1s - loss: 1.4102 - accuracy: 0.5195
39/98 [==========>...................] - ETA: 0s - loss: 1.4093 - accuracy: 0.5195
44/98 [============>.................] - ETA: 0s - loss: 1.4077 - accuracy: 0.5201
48/98 [=============>................] - ETA: 0s - loss: 1.4114 - accuracy: 0.5189
52/98 [==============>...............] - ETA: 0s - loss: 1.4105 - accuracy: 0.5196
56/98 [================>.............] - ETA: 0s - loss: 1.4117 - accuracy: 0.5188
60/98 [=================>............] - ETA: 0s - loss: 1.4092 - accuracy: 0.5199
64/98 [==================>...........] - ETA: 0s - loss: 1.4083 - accuracy: 0.5197
68/98 [===================>..........] - ETA: 0s - loss: 1.4083 - accuracy: 0.5192
72/98 [=====================>........] - ETA: 0s - loss: 1.4062 - accuracy: 0.5200
76/98 [======================>.......] - ETA: 0s - loss: 1.4055 - accuracy: 0.5208
80/98 [=======================>......] - ETA: 0s - loss: 1.4050 - accuracy: 0.5206
84/98 [========================>.....] - ETA: 0s - loss: 1.4047 - accuracy: 0.5207
88/98 [=========================>....] - ETA: 0s - loss: 1.4032 - accuracy: 0.5213
93/98 [===========================>..] - ETA: 0s - loss: 1.4042 - accuracy: 0.5204
96/98 [============================>.] - ETA: 0s - loss: 1.4050 - accuracy: 0.5199
98/98 [==============================] - 2s 24ms/step - loss: 1.4051 - accuracy: 0.5197 - val_loss: 1.4124 - val_accuracy: 0.5101
Epoch 13/138

 1/98 [..............................] - ETA: 3s - loss: 1.4330 - accuracy: 0.5078
 4/98 [>.............................] - ETA: 1s - loss: 1.3978 - accuracy: 0.5322
 7/98 [=>............................] - ETA: 1s - loss: 1.3976 - accuracy: 0.5310
10/98 [==>...........................] - ETA: 1s - loss: 1.3935 - accuracy: 0.5263
13/98 [==>...........................] - ETA: 1s - loss: 1.3970 - accuracy: 0.5247
16/98 [===>..........................] - ETA: 1s - loss: 1.3884 - accuracy: 0.5267
19/98 [====>.........................] - ETA: 1s - loss: 1.3891 - accuracy: 0.5276
22/98 [=====>........................] - ETA: 1s - loss: 1.3906 - accuracy: 0.5282
25/98 [======>.......................] - ETA: 1s - loss: 1.3923 - accuracy: 0.5283
28/98 [=======>......................] - ETA: 1s - loss: 1.3905 - accuracy: 0.5294
31/98 [========>.....................] - ETA: 1s - loss: 1.3877 - accuracy: 0.5292
34/98 [=========>....................] - ETA: 1s - loss: 1.3907 - accuracy: 0.5278
37/98 [==========>...................] - ETA: 1s - loss: 1.3917 - accuracy: 0.5264
40/98 [===========>..................] - ETA: 1s - loss: 1.3892 - accuracy: 0.5277
43/98 [============>.................] - ETA: 1s - loss: 1.3885 - accuracy: 0.5276
46/98 [=============>................] - ETA: 1s - loss: 1.3899 - accuracy: 0.5272
49/98 [==============>...............] - ETA: 1s - loss: 1.3908 - accuracy: 0.5265
52/98 [==============>...............] - ETA: 0s - loss: 1.3907 - accuracy: 0.5259
55/98 [===============>..............] - ETA: 0s - loss: 1.3902 - accuracy: 0.5255
58/98 [================>.............] - ETA: 0s - loss: 1.3904 - accuracy: 0.5256
61/98 [=================>............] - ETA: 0s - loss: 1.3899 - accuracy: 0.5260
64/98 [==================>...........] - ETA: 0s - loss: 1.3878 - accuracy: 0.5263
67/98 [===================>..........] - ETA: 0s - loss: 1.3882 - accuracy: 0.5266
70/98 [====================>.........] - ETA: 0s - loss: 1.3883 - accuracy: 0.5256
73/98 [=====================>........] - ETA: 0s - loss: 1.3882 - accuracy: 0.5260
76/98 [======================>.......] - ETA: 0s - loss: 1.3887 - accuracy: 0.5265
79/98 [=======================>......] - ETA: 0s - loss: 1.3877 - accuracy: 0.5263
82/98 [========================>.....] - ETA: 0s - loss: 1.3874 - accuracy: 0.5258
85/98 [=========================>....] - ETA: 0s - loss: 1.3878 - accuracy: 0.5258
88/98 [=========================>....] - ETA: 0s - loss: 1.3865 - accuracy: 0.5260
91/98 [==========================>...] - ETA: 0s - loss: 1.3873 - accuracy: 0.5260
94/98 [===========================>..] - ETA: 0s - loss: 1.3875 - accuracy: 0.5258
97/98 [============================>.] - ETA: 0s - loss: 1.3875 - accuracy: 0.5256
98/98 [==============================] - 3s 30ms/step - loss: 1.3874 - accuracy: 0.5258 - val_loss: 1.4014 - val_accuracy: 0.5128
Epoch 14/138

 1/98 [..............................] - ETA: 3s - loss: 1.3916 - accuracy: 0.5312
 4/98 [>.............................] - ETA: 1s - loss: 1.3547 - accuracy: 0.5405
 7/98 [=>............................] - ETA: 1s - loss: 1.3534 - accuracy: 0.5416
10/98 [==>...........................] - ETA: 1s - loss: 1.3598 - accuracy: 0.5314
13/98 [==>...........................] - ETA: 1s - loss: 1.3573 - accuracy: 0.5364
16/98 [===>..........................] - ETA: 1s - loss: 1.3604 - accuracy: 0.5367
19/98 [====>.........................] - ETA: 1s - loss: 1.3637 - accuracy: 0.5354
22/98 [=====>........................] - ETA: 1s - loss: 1.3627 - accuracy: 0.5353
25/98 [======>.......................] - ETA: 1s - loss: 1.3697 - accuracy: 0.5327
28/98 [=======>......................] - ETA: 1s - loss: 1.3655 - accuracy: 0.5361
31/98 [========>.....................] - ETA: 1s - loss: 1.3669 - accuracy: 0.5355
34/98 [=========>....................] - ETA: 1s - loss: 1.3695 - accuracy: 0.5346
37/98 [==========>...................] - ETA: 1s - loss: 1.3706 - accuracy: 0.5348
40/98 [===========>..................] - ETA: 1s - loss: 1.3715 - accuracy: 0.5338
43/98 [============>.................] - ETA: 1s - loss: 1.3731 - accuracy: 0.5326
46/98 [=============>................] - ETA: 1s - loss: 1.3719 - accuracy: 0.5333
49/98 [==============>...............] - ETA: 1s - loss: 1.3735 - accuracy: 0.5322
52/98 [==============>...............] - ETA: 0s - loss: 1.3730 - accuracy: 0.5318
55/98 [===============>..............] - ETA: 0s - loss: 1.3755 - accuracy: 0.5302
58/98 [================>.............] - ETA: 0s - loss: 1.3750 - accuracy: 0.5310
61/98 [=================>............] - ETA: 0s - loss: 1.3748 - accuracy: 0.5312
64/98 [==================>...........] - ETA: 0s - loss: 1.3735 - accuracy: 0.5318
67/98 [===================>..........] - ETA: 0s - loss: 1.3732 - accuracy: 0.5320
70/98 [====================>.........] - ETA: 0s - loss: 1.3752 - accuracy: 0.5308
73/98 [=====================>........] - ETA: 0s - loss: 1.3764 - accuracy: 0.5303
76/98 [======================>.......] - ETA: 0s - loss: 1.3752 - accuracy: 0.5303
79/98 [=======================>......] - ETA: 0s - loss: 1.3748 - accuracy: 0.5300
82/98 [========================>.....] - ETA: 0s - loss: 1.3748 - accuracy: 0.5298
85/98 [=========================>....] - ETA: 0s - loss: 1.3743 - accuracy: 0.5297
88/98 [=========================>....] - ETA: 0s - loss: 1.3747 - accuracy: 0.5293
91/98 [==========================>...] - ETA: 0s - loss: 1.3740 - accuracy: 0.5289
94/98 [===========================>..] - ETA: 0s - loss: 1.3723 - accuracy: 0.5295
97/98 [============================>.] - ETA: 0s - loss: 1.3703 - accuracy: 0.5302
98/98 [==============================] - 3s 28ms/step - loss: 1.3702 - accuracy: 0.5302 - val_loss: 1.3860 - val_accuracy: 0.5185
Epoch 15/138

 1/98 [..............................] - ETA: 2s - loss: 1.3193 - accuracy: 0.5723
 5/98 [>.............................] - ETA: 1s - loss: 1.3677 - accuracy: 0.5320
 9/98 [=>............................] - ETA: 1s - loss: 1.3624 - accuracy: 0.5345
13/98 [==>...........................] - ETA: 1s - loss: 1.3619 - accuracy: 0.5314
17/98 [====>.........................] - ETA: 1s - loss: 1.3650 - accuracy: 0.5302
21/98 [=====>........................] - ETA: 1s - loss: 1.3566 - accuracy: 0.5328
25/98 [======>.......................] - ETA: 0s - loss: 1.3542 - accuracy: 0.5352
30/98 [========>.....................] - ETA: 0s - loss: 1.3533 - accuracy: 0.5361
34/98 [=========>....................] - ETA: 0s - loss: 1.3535 - accuracy: 0.5351
39/98 [==========>...................] - ETA: 0s - loss: 1.3587 - accuracy: 0.5334
42/98 [===========>..................] - ETA: 0s - loss: 1.3596 - accuracy: 0.5322
45/98 [============>.................] - ETA: 0s - loss: 1.3596 - accuracy: 0.5318
48/98 [=============>................] - ETA: 0s - loss: 1.3568 - accuracy: 0.5329
51/98 [==============>...............] - ETA: 0s - loss: 1.3605 - accuracy: 0.5313
54/98 [===============>..............] - ETA: 0s - loss: 1.3603 - accuracy: 0.5313
57/98 [================>.............] - ETA: 0s - loss: 1.3579 - accuracy: 0.5314
