2024-06-25 13:44:01.293428: I tensorflow/core/platform/cpu_feature_guard.cc:193] This TensorFlow binary is optimized with oneAPI Deep Neural Network Library (oneDNN) to use the following CPU instructions in performance-critical operations:  AVX AVX2
To enable them in other operations, rebuild TensorFlow with the appropriate compiler flags.
2024-06-25 13:44:01.848910: I tensorflow/core/common_runtime/gpu/gpu_device.cc:1616] Created device /job:localhost/replica:0/task:0/device:GPU:0 with 6656 MB memory:  -> device: 0, name: NVIDIA GeForce RTX 4060 Ti, pci bus id: 0000:01:00.0, compute capability: 8.9
1 Physical GPUs, 1 Logical GPUs
Model: "sequential"
_________________________________________________________________
 Layer (type)                Output Shape              Param #   
=================================================================
 conv2d (Conv2D)             (None, 32, 32, 32)        896       
                                                                 
 dropout (Dropout)           (None, 32, 32, 32)        0         
                                                                 
 flatten (Flatten)           (None, 32768)             0         
                                                                 
 dense (Dense)               (None, 10)                327690    
                                                                 
=================================================================
Total params: 328,586
Trainable params: 328,586
Non-trainable params: 0
_________________________________________________________________
Taxa de aprendizado:  0.0001 Num de épocas:  138 Tamanho do lote:  512 Dropout:  0.45961
Epoch 1/138
2024-06-25 13:44:03.098403: I tensorflow/stream_executor/cuda/cuda_dnn.cc:384] Loaded cuDNN version 8100
2024-06-25 13:44:03.895347: W tensorflow/stream_executor/gpu/redzone_allocator.cc:314] INTERNAL: ptxas exited with non-zero error code -1, output: 
Relying on driver to perform ptx compilation. 
Modify $PATH to customize ptxas location.
This message will be only logged once.
2024-06-25 13:44:04.594585: I tensorflow/stream_executor/cuda/cuda_blas.cc:1614] TensorFloat-32 will be used for the matrix multiplication. This will only be logged once.

 1/98 [..............................] - ETA: 4:21 - loss: 2.3464 - accuracy: 0.1016
 6/98 [>.............................] - ETA: 1s - loss: 2.3069 - accuracy: 0.1169  
11/98 [==>...........................] - ETA: 1s - loss: 2.2770 - accuracy: 0.1520
16/98 [===>..........................] - ETA: 1s - loss: 2.2514 - accuracy: 0.1702
19/98 [====>.........................] - ETA: 1s - loss: 2.2419 - accuracy: 0.1731
24/98 [======>.......................] - ETA: 1s - loss: 2.2180 - accuracy: 0.1857
29/98 [=======>......................] - ETA: 0s - loss: 2.1986 - accuracy: 0.1943
34/98 [=========>....................] - ETA: 0s - loss: 2.1786 - accuracy: 0.2040
39/98 [==========>...................] - ETA: 0s - loss: 2.1616 - accuracy: 0.2128
44/98 [============>.................] - ETA: 0s - loss: 2.1450 - accuracy: 0.2208
49/98 [==============>...............] - ETA: 0s - loss: 2.1310 - accuracy: 0.2286
53/98 [===============>..............] - ETA: 0s - loss: 2.1185 - accuracy: 0.2351
58/98 [================>.............] - ETA: 0s - loss: 2.1051 - accuracy: 0.2409
63/98 [==================>...........] - ETA: 0s - loss: 2.0921 - accuracy: 0.2475
68/98 [===================>..........] - ETA: 0s - loss: 2.0804 - accuracy: 0.2532
73/98 [=====================>........] - ETA: 0s - loss: 2.0702 - accuracy: 0.2584
79/98 [=======================>......] - ETA: 0s - loss: 2.0583 - accuracy: 0.2644
83/98 [========================>.....] - ETA: 0s - loss: 2.0516 - accuracy: 0.2677
89/98 [==========================>...] - ETA: 0s - loss: 2.0411 - accuracy: 0.2729
94/98 [===========================>..] - ETA: 0s - loss: 2.0321 - accuracy: 0.2768
98/98 [==============================] - 5s 21ms/step - loss: 2.0252 - accuracy: 0.2800 - val_loss: 1.8483 - val_accuracy: 0.3737
Epoch 2/138

 1/98 [..............................] - ETA: 3s - loss: 1.8692 - accuracy: 0.3730
 6/98 [>.............................] - ETA: 1s - loss: 1.8489 - accuracy: 0.3688
11/98 [==>...........................] - ETA: 1s - loss: 1.8557 - accuracy: 0.3601
17/98 [====>.........................] - ETA: 0s - loss: 1.8523 - accuracy: 0.3590
22/98 [=====>........................] - ETA: 0s - loss: 1.8444 - accuracy: 0.3625
27/98 [=======>......................] - ETA: 0s - loss: 1.8372 - accuracy: 0.3655
32/98 [========>.....................] - ETA: 0s - loss: 1.8346 - accuracy: 0.3627
37/98 [==========>...................] - ETA: 0s - loss: 1.8323 - accuracy: 0.3636
43/98 [============>.................] - ETA: 0s - loss: 1.8261 - accuracy: 0.3650
48/98 [=============>................] - ETA: 0s - loss: 1.8247 - accuracy: 0.3647
53/98 [===============>..............] - ETA: 0s - loss: 1.8228 - accuracy: 0.3660
58/98 [================>.............] - ETA: 0s - loss: 1.8200 - accuracy: 0.3670
63/98 [==================>...........] - ETA: 0s - loss: 1.8172 - accuracy: 0.3668
68/98 [===================>..........] - ETA: 0s - loss: 1.8136 - accuracy: 0.3684
73/98 [=====================>........] - ETA: 0s - loss: 1.8102 - accuracy: 0.3689
77/98 [======================>.......] - ETA: 0s - loss: 1.8084 - accuracy: 0.3699
83/98 [========================>.....] - ETA: 0s - loss: 1.8058 - accuracy: 0.3717
88/98 [=========================>....] - ETA: 0s - loss: 1.8030 - accuracy: 0.3729
93/98 [===========================>..] - ETA: 0s - loss: 1.7991 - accuracy: 0.3744
98/98 [==============================] - ETA: 0s - loss: 1.7970 - accuracy: 0.3757
98/98 [==============================] - 2s 17ms/step - loss: 1.7970 - accuracy: 0.3757 - val_loss: 1.7415 - val_accuracy: 0.4069
Epoch 3/138

 1/98 [..............................] - ETA: 1s - loss: 1.7678 - accuracy: 0.4121
 6/98 [>.............................] - ETA: 1s - loss: 1.7612 - accuracy: 0.3929
11/98 [==>...........................] - ETA: 1s - loss: 1.7540 - accuracy: 0.3945
16/98 [===>..........................] - ETA: 1s - loss: 1.7448 - accuracy: 0.3998
21/98 [=====>........................] - ETA: 0s - loss: 1.7404 - accuracy: 0.4009
26/98 [======>.......................] - ETA: 0s - loss: 1.7427 - accuracy: 0.3978
32/98 [========>.....................] - ETA: 0s - loss: 1.7448 - accuracy: 0.3973
37/98 [==========>...................] - ETA: 0s - loss: 1.7434 - accuracy: 0.3968
42/98 [===========>..................] - ETA: 0s - loss: 1.7382 - accuracy: 0.3991
47/98 [=============>................] - ETA: 0s - loss: 1.7327 - accuracy: 0.4014
53/98 [===============>..............] - ETA: 0s - loss: 1.7319 - accuracy: 0.4010
58/98 [================>.............] - ETA: 0s - loss: 1.7272 - accuracy: 0.4031
63/98 [==================>...........] - ETA: 0s - loss: 1.7237 - accuracy: 0.4052
68/98 [===================>..........] - ETA: 0s - loss: 1.7224 - accuracy: 0.4049
73/98 [=====================>........] - ETA: 0s - loss: 1.7224 - accuracy: 0.4048
77/98 [======================>.......] - ETA: 0s - loss: 1.7211 - accuracy: 0.4054
82/98 [========================>.....] - ETA: 0s - loss: 1.7193 - accuracy: 0.4059
87/98 [=========================>....] - ETA: 0s - loss: 1.7171 - accuracy: 0.4068
93/98 [===========================>..] - ETA: 0s - loss: 1.7153 - accuracy: 0.4076
98/98 [==============================] - ETA: 0s - loss: 1.7132 - accuracy: 0.4083
98/98 [==============================] - 2s 17ms/step - loss: 1.7132 - accuracy: 0.4083 - val_loss: 1.6679 - val_accuracy: 0.4319
Epoch 4/138

 1/98 [..............................] - ETA: 3s - loss: 1.6103 - accuracy: 0.4746
 7/98 [=>............................] - ETA: 0s - loss: 1.6608 - accuracy: 0.4322
12/98 [==>...........................] - ETA: 0s - loss: 1.6794 - accuracy: 0.4211
17/98 [====>.........................] - ETA: 0s - loss: 1.6766 - accuracy: 0.4220
23/98 [======>.......................] - ETA: 0s - loss: 1.6795 - accuracy: 0.4220
28/98 [=======>......................] - ETA: 0s - loss: 1.6806 - accuracy: 0.4188
33/98 [=========>....................] - ETA: 0s - loss: 1.6788 - accuracy: 0.4188
38/98 [==========>...................] - ETA: 0s - loss: 1.6751 - accuracy: 0.4204
43/98 [============>.................] - ETA: 0s - loss: 1.6743 - accuracy: 0.4207
48/98 [=============>................] - ETA: 0s - loss: 1.6742 - accuracy: 0.4212
53/98 [===============>..............] - ETA: 0s - loss: 1.6712 - accuracy: 0.4227
58/98 [================>.............] - ETA: 0s - loss: 1.6698 - accuracy: 0.4230
63/98 [==================>...........] - ETA: 0s - loss: 1.6708 - accuracy: 0.4226
68/98 [===================>..........] - ETA: 0s - loss: 1.6691 - accuracy: 0.4243
74/98 [=====================>........] - ETA: 0s - loss: 1.6684 - accuracy: 0.4240
79/98 [=======================>......] - ETA: 0s - loss: 1.6646 - accuracy: 0.4254
84/98 [========================>.....] - ETA: 0s - loss: 1.6631 - accuracy: 0.4261
89/98 [==========================>...] - ETA: 0s - loss: 1.6617 - accuracy: 0.4262
94/98 [===========================>..] - ETA: 0s - loss: 1.6597 - accuracy: 0.4263
98/98 [==============================] - 2s 17ms/step - loss: 1.6585 - accuracy: 0.4265 - val_loss: 1.6292 - val_accuracy: 0.4386
Epoch 5/138

 1/98 [..............................] - ETA: 2s - loss: 1.6354 - accuracy: 0.4629
 7/98 [=>............................] - ETA: 0s - loss: 1.6257 - accuracy: 0.4526
12/98 [==>...........................] - ETA: 0s - loss: 1.6262 - accuracy: 0.4474
17/98 [====>.........................] - ETA: 0s - loss: 1.6190 - accuracy: 0.4439
22/98 [=====>........................] - ETA: 0s - loss: 1.6205 - accuracy: 0.4392
27/98 [=======>......................] - ETA: 0s - loss: 1.6195 - accuracy: 0.4389
33/98 [=========>....................] - ETA: 0s - loss: 1.6220 - accuracy: 0.4373
38/98 [==========>...................] - ETA: 0s - loss: 1.6216 - accuracy: 0.4377
43/98 [============>.................] - ETA: 0s - loss: 1.6208 - accuracy: 0.4393
48/98 [=============>................] - ETA: 0s - loss: 1.6229 - accuracy: 0.4380
53/98 [===============>..............] - ETA: 0s - loss: 1.6216 - accuracy: 0.4383
59/98 [=================>............] - ETA: 0s - loss: 1.6217 - accuracy: 0.4389
64/98 [==================>...........] - ETA: 0s - loss: 1.6212 - accuracy: 0.4393
69/98 [====================>.........] - ETA: 0s - loss: 1.6203 - accuracy: 0.4395
74/98 [=====================>........] - ETA: 0s - loss: 1.6203 - accuracy: 0.4392
79/98 [=======================>......] - ETA: 0s - loss: 1.6192 - accuracy: 0.4401
84/98 [========================>.....] - ETA: 0s - loss: 1.6183 - accuracy: 0.4412
89/98 [==========================>...] - ETA: 0s - loss: 1.6163 - accuracy: 0.4426
95/98 [============================>.] - ETA: 0s - loss: 1.6163 - accuracy: 0.4428
98/98 [==============================] - 2s 17ms/step - loss: 1.6164 - accuracy: 0.4425 - val_loss: 1.5903 - val_accuracy: 0.4571
Epoch 6/138

 1/98 [..............................] - ETA: 1s - loss: 1.6141 - accuracy: 0.4345
 5/98 [>.............................] - ETA: 1s - loss: 1.5865 - accuracy: 0.4576
11/98 [==>...........................] - ETA: 1s - loss: 1.5757 - accuracy: 0.4632
16/98 [===>..........................] - ETA: 1s - loss: 1.5834 - accuracy: 0.4568
21/98 [=====>........................] - ETA: 0s - loss: 1.5768 - accuracy: 0.4557
26/98 [======>.......................] - ETA: 0s - loss: 1.5791 - accuracy: 0.4562
32/98 [========>.....................] - ETA: 0s - loss: 1.5812 - accuracy: 0.4547
37/98 [==========>...................] - ETA: 0s - loss: 1.5790 - accuracy: 0.4570
42/98 [===========>..................] - ETA: 0s - loss: 1.5785 - accuracy: 0.4569
47/98 [=============>................] - ETA: 0s - loss: 1.5773 - accuracy: 0.4571
52/98 [==============>...............] - ETA: 0s - loss: 1.5767 - accuracy: 0.4577
57/98 [================>.............] - ETA: 0s - loss: 1.5763 - accuracy: 0.4570
62/98 [=================>............] - ETA: 0s - loss: 1.5778 - accuracy: 0.4570
67/98 [===================>..........] - ETA: 0s - loss: 1.5780 - accuracy: 0.4565
72/98 [=====================>........] - ETA: 0s - loss: 1.5782 - accuracy: 0.4569
78/98 [======================>.......] - ETA: 0s - loss: 1.5791 - accuracy: 0.4569
83/98 [========================>.....] - ETA: 0s - loss: 1.5804 - accuracy: 0.4564
88/98 [=========================>....] - ETA: 0s - loss: 1.5804 - accuracy: 0.4568
93/98 [===========================>..] - ETA: 0s - loss: 1.5801 - accuracy: 0.4569
98/98 [==============================] - ETA: 0s - loss: 1.5796 - accuracy: 0.4568
98/98 [==============================] - 2s 17ms/step - loss: 1.5796 - accuracy: 0.4568 - val_loss: 1.5688 - val_accuracy: 0.4611
Epoch 7/138

 1/98 [..............................] - ETA: 2s - loss: 1.5189 - accuracy: 0.4707
 6/98 [>.............................] - ETA: 1s - loss: 1.5471 - accuracy: 0.4648
11/98 [==>...........................] - ETA: 1s - loss: 1.5395 - accuracy: 0.4675
16/98 [===>..........................] - ETA: 0s - loss: 1.5393 - accuracy: 0.4708
21/98 [=====>........................] - ETA: 0s - loss: 1.5476 - accuracy: 0.4700
26/98 [======>.......................] - ETA: 0s - loss: 1.5469 - accuracy: 0.4705
32/98 [========>.....................] - ETA: 0s - loss: 1.5504 - accuracy: 0.4667
37/98 [==========>...................] - ETA: 0s - loss: 1.5527 - accuracy: 0.4665
42/98 [===========>..................] - ETA: 0s - loss: 1.5534 - accuracy: 0.4681
47/98 [=============>................] - ETA: 0s - loss: 1.5561 - accuracy: 0.4659
52/98 [==============>...............] - ETA: 0s - loss: 1.5569 - accuracy: 0.4651
57/98 [================>.............] - ETA: 0s - loss: 1.5551 - accuracy: 0.4661
63/98 [==================>...........] - ETA: 0s - loss: 1.5547 - accuracy: 0.4657
68/98 [===================>..........] - ETA: 0s - loss: 1.5537 - accuracy: 0.4659
73/98 [=====================>........] - ETA: 0s - loss: 1.5553 - accuracy: 0.4648
77/98 [======================>.......] - ETA: 0s - loss: 1.5533 - accuracy: 0.4652
82/98 [========================>.....] - ETA: 0s - loss: 1.5521 - accuracy: 0.4658
87/98 [=========================>....] - ETA: 0s - loss: 1.5506 - accuracy: 0.4664
93/98 [===========================>..] - ETA: 0s - loss: 1.5501 - accuracy: 0.4671
98/98 [==============================] - ETA: 0s - loss: 1.5491 - accuracy: 0.4672
98/98 [==============================] - 2s 17ms/step - loss: 1.5491 - accuracy: 0.4672 - val_loss: 1.5370 - val_accuracy: 0.4725
Epoch 8/138

 1/98 [..............................] - ETA: 1s - loss: 1.5434 - accuracy: 0.4805
 5/98 [>.............................] - ETA: 1s - loss: 1.5299 - accuracy: 0.4766
10/98 [==>...........................] - ETA: 1s - loss: 1.5342 - accuracy: 0.4693
15/98 [===>..........................] - ETA: 1s - loss: 1.5375 - accuracy: 0.4734
20/98 [=====>........................] - ETA: 0s - loss: 1.5253 - accuracy: 0.4803
25/98 [======>.......................] - ETA: 0s - loss: 1.5344 - accuracy: 0.4763
31/98 [========>.....................] - ETA: 0s - loss: 1.5306 - accuracy: 0.4784
36/98 [==========>...................] - ETA: 0s - loss: 1.5277 - accuracy: 0.4786
41/98 [===========>..................] - ETA: 0s - loss: 1.5274 - accuracy: 0.4782
46/98 [=============>................] - ETA: 0s - loss: 1.5272 - accuracy: 0.4770
51/98 [==============>...............] - ETA: 0s - loss: 1.5249 - accuracy: 0.4779
56/98 [================>.............] - ETA: 0s - loss: 1.5259 - accuracy: 0.4784
62/98 [=================>............] - ETA: 0s - loss: 1.5245 - accuracy: 0.4780
66/98 [===================>..........] - ETA: 0s - loss: 1.5238 - accuracy: 0.4774
72/98 [=====================>........] - ETA: 0s - loss: 1.5231 - accuracy: 0.4779
77/98 [======================>.......] - ETA: 0s - loss: 1.5229 - accuracy: 0.4770
82/98 [========================>.....] - ETA: 0s - loss: 1.5221 - accuracy: 0.4772
88/98 [=========================>....] - ETA: 0s - loss: 1.5215 - accuracy: 0.4773
93/98 [===========================>..] - ETA: 0s - loss: 1.5219 - accuracy: 0.4770
98/98 [==============================] - ETA: 0s - loss: 1.5228 - accuracy: 0.4768
98/98 [==============================] - 2s 17ms/step - loss: 1.5228 - accuracy: 0.4768 - val_loss: 1.5119 - val_accuracy: 0.4775
Epoch 9/138

 1/98 [..............................] - ETA: 3s - loss: 1.5072 - accuracy: 0.4824
 6/98 [>.............................] - ETA: 1s - loss: 1.5244 - accuracy: 0.4785
11/98 [==>...........................] - ETA: 1s - loss: 1.5105 - accuracy: 0.4837
16/98 [===>..........................] - ETA: 1s - loss: 1.5118 - accuracy: 0.4806
21/98 [=====>........................] - ETA: 0s - loss: 1.5067 - accuracy: 0.4815
27/98 [=======>......................] - ETA: 0s - loss: 1.5052 - accuracy: 0.4809
32/98 [========>.....................] - ETA: 0s - loss: 1.5102 - accuracy: 0.4796
37/98 [==========>...................] - ETA: 0s - loss: 1.5065 - accuracy: 0.4817
43/98 [============>.................] - ETA: 0s - loss: 1.5082 - accuracy: 0.4801
48/98 [=============>................] - ETA: 0s - loss: 1.5057 - accuracy: 0.4808
53/98 [===============>..............] - ETA: 0s - loss: 1.5036 - accuracy: 0.4827
58/98 [================>.............] - ETA: 0s - loss: 1.5051 - accuracy: 0.4823
63/98 [==================>...........] - ETA: 0s - loss: 1.5036 - accuracy: 0.4832
69/98 [====================>.........] - ETA: 0s - loss: 1.5035 - accuracy: 0.4832
74/98 [=====================>........] - ETA: 0s - loss: 1.5026 - accuracy: 0.4840
79/98 [=======================>......] - ETA: 0s - loss: 1.5018 - accuracy: 0.4848
84/98 [========================>.....] - ETA: 0s - loss: 1.5016 - accuracy: 0.4851
90/98 [==========================>...] - ETA: 0s - loss: 1.5017 - accuracy: 0.4845
95/98 [============================>.] - ETA: 0s - loss: 1.5016 - accuracy: 0.4849
98/98 [==============================] - 2s 17ms/step - loss: 1.5005 - accuracy: 0.4852 - val_loss: 1.4916 - val_accuracy: 0.4838
Epoch 10/138

 1/98 [..............................] - ETA: 3s - loss: 1.5646 - accuracy: 0.4707
 6/98 [>.............................] - ETA: 1s - loss: 1.4879 - accuracy: 0.5020
11/98 [==>...........................] - ETA: 1s - loss: 1.4885 - accuracy: 0.4933
17/98 [====>.........................] - ETA: 0s - loss: 1.4847 - accuracy: 0.4945
22/98 [=====>........................] - ETA: 0s - loss: 1.4833 - accuracy: 0.4924
27/98 [=======>......................] - ETA: 0s - loss: 1.4825 - accuracy: 0.4935
33/98 [=========>....................] - ETA: 0s - loss: 1.4830 - accuracy: 0.4930
38/98 [==========>...................] - ETA: 0s - loss: 1.4809 - accuracy: 0.4950
43/98 [============>.................] - ETA: 0s - loss: 1.4818 - accuracy: 0.4931
48/98 [=============>................] - ETA: 0s - loss: 1.4824 - accuracy: 0.4930
53/98 [===============>..............] - ETA: 0s - loss: 1.4844 - accuracy: 0.4920
59/98 [=================>............] - ETA: 0s - loss: 1.4836 - accuracy: 0.4922
64/98 [==================>...........] - ETA: 0s - loss: 1.4837 - accuracy: 0.4927
69/98 [====================>.........] - ETA: 0s - loss: 1.4830 - accuracy: 0.4930
74/98 [=====================>........] - ETA: 0s - loss: 1.4804 - accuracy: 0.4927
80/98 [=======================>......] - ETA: 0s - loss: 1.4798 - accuracy: 0.4927
85/98 [=========================>....] - ETA: 0s - loss: 1.4789 - accuracy: 0.4931
90/98 [==========================>...] - ETA: 0s - loss: 1.4784 - accuracy: 0.4937
95/98 [============================>.] - ETA: 0s - loss: 1.4777 - accuracy: 0.4939
98/98 [==============================] - 2s 17ms/step - loss: 1.4768 - accuracy: 0.4942 - val_loss: 1.4731 - val_accuracy: 0.4922
Epoch 11/138

 1/98 [..............................] - ETA: 3s - loss: 1.4426 - accuracy: 0.5234
 6/98 [>.............................] - ETA: 1s - loss: 1.4629 - accuracy: 0.5068
11/98 [==>...........................] - ETA: 1s - loss: 1.4715 - accuracy: 0.5067
17/98 [====>.........................] - ETA: 0s - loss: 1.4664 - accuracy: 0.5002
22/98 [=====>........................] - ETA: 0s - loss: 1.4679 - accuracy: 0.4997
27/98 [=======>......................] - ETA: 0s - loss: 1.4648 - accuracy: 0.4988
32/98 [========>.....................] - ETA: 0s - loss: 1.4589 - accuracy: 0.4991
37/98 [==========>...................] - ETA: 0s - loss: 1.4580 - accuracy: 0.5001
43/98 [============>.................] - ETA: 0s - loss: 1.4554 - accuracy: 0.5021
48/98 [=============>................] - ETA: 0s - loss: 1.4544 - accuracy: 0.5014
53/98 [===============>..............] - ETA: 0s - loss: 1.4531 - accuracy: 0.5017
58/98 [================>.............] - ETA: 0s - loss: 1.4545 - accuracy: 0.5017
64/98 [==================>...........] - ETA: 0s - loss: 1.4530 - accuracy: 0.5022
68/98 [===================>..........] - ETA: 0s - loss: 1.4542 - accuracy: 0.5021
73/98 [=====================>........] - ETA: 0s - loss: 1.4552 - accuracy: 0.5014
78/98 [======================>.......] - ETA: 0s - loss: 1.4555 - accuracy: 0.5020
83/98 [========================>.....] - ETA: 0s - loss: 1.4560 - accuracy: 0.5021
88/98 [=========================>....] - ETA: 0s - loss: 1.4569 - accuracy: 0.5014
94/98 [===========================>..] - ETA: 0s - loss: 1.4581 - accuracy: 0.5012
98/98 [==============================] - 2s 17ms/step - loss: 1.4580 - accuracy: 0.5007 - val_loss: 1.4587 - val_accuracy: 0.4985
Epoch 12/138

 1/98 [..............................] - ETA: 1s - loss: 1.4359 - accuracy: 0.5195
 5/98 [>.............................] - ETA: 1s - loss: 1.4281 - accuracy: 0.5090
11/98 [==>...........................] - ETA: 1s - loss: 1.4471 - accuracy: 0.5043
16/98 [===>..........................] - ETA: 1s - loss: 1.4469 - accuracy: 0.5074
21/98 [=====>........................] - ETA: 0s - loss: 1.4470 - accuracy: 0.5074
26/98 [======>.......................] - ETA: 0s - loss: 1.4418 - accuracy: 0.5091
32/98 [========>.....................] - ETA: 0s - loss: 1.4470 - accuracy: 0.5061
37/98 [==========>...................] - ETA: 0s - loss: 1.4423 - accuracy: 0.5077
42/98 [===========>..................] - ETA: 0s - loss: 1.4410 - accuracy: 0.5081
47/98 [=============>................] - ETA: 0s - loss: 1.4410 - accuracy: 0.5082
52/98 [==============>...............] - ETA: 0s - loss: 1.4397 - accuracy: 0.5086
57/98 [================>.............] - ETA: 0s - loss: 1.4395 - accuracy: 0.5092
62/98 [=================>............] - ETA: 0s - loss: 1.4409 - accuracy: 0.5083
67/98 [===================>..........] - ETA: 0s - loss: 1.4437 - accuracy: 0.5072
72/98 [=====================>........] - ETA: 0s - loss: 1.4445 - accuracy: 0.5068
77/98 [======================>.......] - ETA: 0s - loss: 1.4437 - accuracy: 0.5068
82/98 [========================>.....] - ETA: 0s - loss: 1.4424 - accuracy: 0.5067
88/98 [=========================>....] - ETA: 0s - loss: 1.4411 - accuracy: 0.5074
93/98 [===========================>..] - ETA: 0s - loss: 1.4397 - accuracy: 0.5079
98/98 [==============================] - ETA: 0s - loss: 1.4392 - accuracy: 0.5081
98/98 [==============================] - 2s 17ms/step - loss: 1.4392 - accuracy: 0.5081 - val_loss: 1.4420 - val_accuracy: 0.5023
Epoch 13/138

 1/98 [..............................] - ETA: 1s - loss: 1.3847 - accuracy: 0.5156
 6/98 [>.............................] - ETA: 1s - loss: 1.4137 - accuracy: 0.5124
11/98 [==>...........................] - ETA: 1s - loss: 1.4125 - accuracy: 0.5156
16/98 [===>..........................] - ETA: 1s - loss: 1.4145 - accuracy: 0.5162
21/98 [=====>........................] - ETA: 0s - loss: 1.4228 - accuracy: 0.5133
27/98 [=======>......................] - ETA: 0s - loss: 1.4187 - accuracy: 0.5150
32/98 [========>.....................] - ETA: 0s - loss: 1.4216 - accuracy: 0.5119
37/98 [==========>...................] - ETA: 0s - loss: 1.4218 - accuracy: 0.5104
42/98 [===========>..................] - ETA: 0s - loss: 1.4218 - accuracy: 0.5109
48/98 [=============>................] - ETA: 0s - loss: 1.4239 - accuracy: 0.5104
52/98 [==============>...............] - ETA: 0s - loss: 1.4269 - accuracy: 0.5097
57/98 [================>.............] - ETA: 0s - loss: 1.4254 - accuracy: 0.5103
62/98 [=================>............] - ETA: 0s - loss: 1.4244 - accuracy: 0.5115
67/98 [===================>..........] - ETA: 0s - loss: 1.4230 - accuracy: 0.5124
73/98 [=====================>........] - ETA: 0s - loss: 1.4267 - accuracy: 0.5108
78/98 [======================>.......] - ETA: 0s - loss: 1.4241 - accuracy: 0.5121
83/98 [========================>.....] - ETA: 0s - loss: 1.4236 - accuracy: 0.5120
88/98 [=========================>....] - ETA: 0s - loss: 1.4232 - accuracy: 0.5121
94/98 [===========================>..] - ETA: 0s - loss: 1.4242 - accuracy: 0.5116
98/98 [==============================] - 2s 17ms/step - loss: 1.4237 - accuracy: 0.5117 - val_loss: 1.4289 - val_accuracy: 0.5078
Epoch 14/138

 1/98 [..............................] - ETA: 3s - loss: 1.3914 - accuracy: 0.5215
 6/98 [>.............................] - ETA: 1s - loss: 1.3986 - accuracy: 0.5127
11/98 [==>...........................] - ETA: 1s - loss: 1.4076 - accuracy: 0.5169
17/98 [====>.........................] - ETA: 0s - loss: 1.4088 - accuracy: 0.5186
21/98 [=====>........................] - ETA: 0s - loss: 1.4040 - accuracy: 0.5188
26/98 [======>.......................] - ETA: 0s - loss: 1.4060 - accuracy: 0.5164
31/98 [========>.....................] - ETA: 0s - loss: 1.4057 - accuracy: 0.5171
36/98 [==========>...................] - ETA: 0s - loss: 1.4075 - accuracy: 0.5158
41/98 [===========>..................] - ETA: 0s - loss: 1.4095 - accuracy: 0.5160
47/98 [=============>................] - ETA: 0s - loss: 1.4085 - accuracy: 0.5182
52/98 [==============>...............] - ETA: 0s - loss: 1.4074 - accuracy: 0.5195
57/98 [================>.............] - ETA: 0s - loss: 1.4080 - accuracy: 0.5184
63/98 [==================>...........] - ETA: 0s - loss: 1.4088 - accuracy: 0.5165
68/98 [===================>..........] - ETA: 0s - loss: 1.4085 - accuracy: 0.5158
73/98 [=====================>........] - ETA: 0s - loss: 1.4087 - accuracy: 0.5160
78/98 [======================>.......] - ETA: 0s - loss: 1.4091 - accuracy: 0.5158
84/98 [========================>.....] - ETA: 0s - loss: 1.4082 - accuracy: 0.5162
89/98 [==========================>...] - ETA: 0s - loss: 1.4091 - accuracy: 0.5161
94/98 [===========================>..] - ETA: 0s - loss: 1.4096 - accuracy: 0.5156
98/98 [==============================] - 2s 17ms/step - loss: 1.4096 - accuracy: 0.5156 - val_loss: 1.4182 - val_accuracy: 0.5128
Epoch 15/138

 1/98 [..............................] - ETA: 1s - loss: 1.3743 - accuracy: 0.5195
 6/98 [>.............................] - ETA: 1s - loss: 1.4061 - accuracy: 0.5133
11/98 [==>...........................] - ETA: 1s - loss: 1.3951 - accuracy: 0.5229
16/98 [===>..........................] - ETA: 1s - loss: 1.3912 - accuracy: 0.5259
22/98 [=====>........................] - ETA: 0s - loss: 1.3914 - accuracy: 0.5255
27/98 [=======>......................] - ETA: 0s - loss: 1.3953 - accuracy: 0.5231
32/98 [========>.....................] - ETA: 0s - loss: 1.3947 - accuracy: 0.5236
37/98 [==========>...................] - ETA: 0s - loss: 1.3937 - accuracy: 0.5242
43/98 [============>.................] - ETA: 0s - loss: 1.3962 - accuracy: 0.5216
48/98 [=============>................] - ETA: 0s - loss: 1.3979 - accuracy: 0.5197
53/98 [===============>..............] - ETA: 0s - loss: 1.3966 - accuracy: 0.5200
58/98 [================>.............] - ETA: 0s - loss: 1.3949 - accuracy: 0.5216
63/98 [==================>...........] - ETA: 0s - loss: 1.3953 - accuracy: 0.5210
68/98 [===================>..........] - ETA: 0s - loss: 1.3968 - accuracy: 0.5204
72/98 [=====================>........] - ETA: 0s - loss: 1.3971 - accuracy: 0.5208
77/98 [======================>.......] - ETA: 0s - loss: 1.3944 - accuracy: 0.5214
83/98 [========================>.....] - ETA: 0s - loss: 1.3937 - accuracy: 0.5222
88/98 [=========================>....] - ETA: 0s - loss: 1.3944 - accuracy: 0.5216
93/98 [===========================>..] - ETA: 0s - loss: 1.3954 - accuracy: 0.5214
98/98 [==============================] - ETA: 0s - loss: 1.3965 - accuracy: 0.5215
98/98 [==============================] - 2s 17ms/step - loss: 1.3965 - accuracy: 0.5215 - val_loss: 1.4053 - val_accuracy: 0.5155
Epoch 16/138

 1/98 [..............................] - ETA: 2s - loss: 1.3567 - accuracy: 0.5566
 6/98 [>.............................] - ETA: 1s - loss: 1.3793 - accuracy: 0.5335
12/98 [==>...........................] - ETA: 0s - loss: 1.3936 - accuracy: 0.5226
17/98 [====>.........................] - ETA: 0s - loss: 1.3889 - accuracy: 0.5244
22/98 [=====>........................] - ETA: 0s - loss: 1.3925 - accuracy: 0.5232
27/98 [=======>......................] - ETA: 0s - loss: 1.3938 - accuracy: 0.5213
32/98 [========>.....................] - ETA: 0s - loss: 1.3910 - accuracy: 0.5231
37/98 [==========>...................] - ETA: 0s - loss: 1.3887 - accuracy: 0.5231
42/98 [===========>..................] - ETA: 0s - loss: 1.3877 - accuracy: 0.5233
48/98 [=============>................] - ETA: 0s - loss: 1.3850 - accuracy: 0.5246
53/98 [===============>..............] - ETA: 0s - loss: 1.3874 - accuracy: 0.5244
58/98 [================>.............] - ETA: 0s - loss: 1.3872 - accuracy: 0.5251
63/98 [==================>...........] - ETA: 0s - loss: 1.3879 - accuracy: 0.5255
69/98 [====================>.........] - ETA: 0s - loss: 1.3852 - accuracy: 0.5262
74/98 [=====================>........] - ETA: 0s - loss: 1.3842 - accuracy: 0.5266
78/98 [======================>.......] - ETA: 0s - loss: 1.3841 - accuracy: 0.5266
83/98 [========================>.....] - ETA: 0s - loss: 1.3828 - accuracy: 0.5272
88/98 [=========================>....] - ETA: 0s - loss: 1.3833 - accuracy: 0.5271
93/98 [===========================>..] - ETA: 0s - loss: 1.3809 - accuracy: 0.5279
98/98 [==============================] - ETA: 0s - loss: 1.3816 - accuracy: 0.5274
98/98 [==============================] - 2s 17ms/step - loss: 1.3816 - accuracy: 0.5274 - val_loss: 1.3961 - val_accuracy: 0.5182
Epoch 17/138

 1/98 [..............................] - ETA: 3s - loss: 1.3714 - accuracy: 0.5195
 6/98 [>.............................] - ETA: 0s - loss: 1.3803 - accuracy: 0.5176
11/98 [==>...........................] - ETA: 1s - loss: 1.3813 - accuracy: 0.5201
16/98 [===>..........................] - ETA: 0s - loss: 1.3828 - accuracy: 0.5209
21/98 [=====>........................] - ETA: 0s - loss: 1.3757 - accuracy: 0.5248
27/98 [=======>......................] - ETA: 0s - loss: 1.3741 - accuracy: 0.5234
32/98 [========>.....................] - ETA: 0s - loss: 1.3683 - accuracy: 0.5251
37/98 [==========>...................] - ETA: 0s - loss: 1.3677 - accuracy: 0.5265
43/98 [============>.................] - ETA: 0s - loss: 1.3747 - accuracy: 0.5250
48/98 [=============>................] - ETA: 0s - loss: 1.3723 - accuracy: 0.5274
53/98 [===============>..............] - ETA: 0s - loss: 1.3701 - accuracy: 0.5290
58/98 [================>.............] - ETA: 0s - loss: 1.3700 - accuracy: 0.5301
63/98 [==================>...........] - ETA: 0s - loss: 1.3707 - accuracy: 0.5291
68/98 [===================>..........] - ETA: 0s - loss: 1.3679 - accuracy: 0.5309
73/98 [=====================>........] - ETA: 0s - loss: 1.3671 - accuracy: 0.5321
78/98 [======================>.......] - ETA: 0s - loss: 1.3670 - accuracy: 0.5327
83/98 [========================>.....] - ETA: 0s - loss: 1.3676 - accuracy: 0.5315
87/98 [=========================>....] - ETA: 0s - loss: 1.3683 - accuracy: 0.5314
93/98 [===========================>..] - ETA: 0s - loss: 1.3684 - accuracy: 0.5316
98/98 [==============================] - ETA: 0s - loss: 1.3688 - accuracy: 0.5315
98/98 [==============================] - 2s 17ms/step - loss: 1.3688 - accuracy: 0.5315 - val_loss: 1.3883 - val_accuracy: 0.5198
Epoch 18/138

 1/98 [..............................] - ETA: 3s - loss: 1.3474 - accuracy: 0.5273
 7/98 [=>............................] - ETA: 0s - loss: 1.3733 - accuracy: 0.5301
12/98 [==>...........................] - ETA: 0s - loss: 1.3635 - accuracy: 0.5345
17/98 [====>.........................] - ETA: 0s - loss: 1.3621 - accuracy: 0.5333
22/98 [=====>........................] - ETA: 0s - loss: 1.3594 - accuracy: 0.5352
27/98 [=======>......................] - ETA: 0s - loss: 1.3569 - accuracy: 0.5373
32/98 [========>.....................] - ETA: 0s - loss: 1.3566 - accuracy: 0.5361
38/98 [==========>...................] - ETA: 0s - loss: 1.3573 - accuracy: 0.5351
43/98 [============>.................] - ETA: 0s - loss: 1.3582 - accuracy: 0.5333
48/98 [=============>................] - ETA: 0s - loss: 1.3546 - accuracy: 0.5359
53/98 [===============>..............] - ETA: 0s - loss: 1.3555 - accuracy: 0.5363
59/98 [=================>............] - ETA: 0s - loss: 1.3569 - accuracy: 0.5357
64/98 [==================>...........] - ETA: 0s - loss: 1.3570 - accuracy: 0.5358
69/98 [====================>.........] - ETA: 0s - loss: 1.3577 - accuracy: 0.5347
74/98 [=====================>........] - ETA: 0s - loss: 1.3583 - accuracy: 0.5352
79/98 [=======================>......] - ETA: 0s - loss: 1.3588 - accuracy: 0.5342
85/98 [=========================>....] - ETA: 0s - loss: 1.3575 - accuracy: 0.5344
90/98 [==========================>...] - ETA: 0s - loss: 1.3563 - accuracy: 0.5347
95/98 [============================>.] - ETA: 0s - loss: 1.3574 - accuracy: 0.5339
98/98 [==============================] - 2s 17ms/step - loss: 1.3569 - accuracy: 0.5340 - val_loss: 1.3760 - val_accuracy: 0.5262
Epoch 19/138

 1/98 [..............................] - ETA: 3s - loss: 1.3526 - accuracy: 0.5254
 6/98 [>.............................] - ETA: 1s - loss: 1.3396 - accuracy: 0.5423
11/98 [==>...........................] - ETA: 1s - loss: 1.3267 - accuracy: 0.5485
16/98 [===>..........................] - ETA: 1s - loss: 1.3223 - accuracy: 0.5532
21/98 [=====>........................] - ETA: 0s - loss: 1.3320 - accuracy: 0.5466
27/98 [=======>......................] - ETA: 0s - loss: 1.3321 - accuracy: 0.5453
32/98 [========>.....................] - ETA: 0s - loss: 1.3385 - accuracy: 0.5412
37/98 [==========>...................] - ETA: 0s - loss: 1.3366 - accuracy: 0.5423
42/98 [===========>..................] - ETA: 0s - loss: 1.3365 - accuracy: 0.5432
48/98 [=============>................] - ETA: 0s - loss: 1.3358 - accuracy: 0.5427
53/98 [===============>..............] - ETA: 0s - loss: 1.3427 - accuracy: 0.5408
58/98 [================>.............] - ETA: 0s - loss: 1.3428 - accuracy: 0.5405
63/98 [==================>...........] - ETA: 0s - loss: 1.3437 - accuracy: 0.5395
68/98 [===================>..........] - ETA: 0s - loss: 1.3413 - accuracy: 0.5401
73/98 [=====================>........] - ETA: 0s - loss: 1.3426 - accuracy: 0.5404
78/98 [======================>.......] - ETA: 0s - loss: 1.3437 - accuracy: 0.5403
84/98 [========================>.....] - ETA: 0s - loss: 1.3456 - accuracy: 0.5398
89/98 [==========================>...] - ETA: 0s - loss: 1.3452 - accuracy: 0.5395
93/98 [===========================>..] - ETA: 0s - loss: 1.3454 - accuracy: 0.5391
98/98 [==============================] - ETA: 0s - loss: 1.3460 - accuracy: 0.5393
98/98 [==============================] - 2s 17ms/step - loss: 1.3460 - accuracy: 0.5393 - val_loss: 1.3677 - val_accuracy: 0.5269
Epoch 20/138

 1/98 [..............................] - ETA: 3s - loss: 1.3317 - accuracy: 0.5156
 6/98 [>.............................] - ETA: 1s - loss: 1.3627 - accuracy: 0.5179
11/98 [==>...........................] - ETA: 1s - loss: 1.3530 - accuracy: 0.5279
16/98 [===>..........................] - ETA: 1s - loss: 1.3441 - accuracy: 0.5355
21/98 [=====>........................] - ETA: 0s - loss: 1.3441 - accuracy: 0.5350
25/98 [======>.......................] - ETA: 0s - loss: 1.3425 - accuracy: 0.5349
30/98 [========>.....................] - ETA: 0s - loss: 1.3403 - accuracy: 0.5385
35/98 [=========>....................] - ETA: 0s - loss: 1.3427 - accuracy: 0.5381
41/98 [===========>..................] - ETA: 0s - loss: 1.3418 - accuracy: 0.5374
46/98 [=============>................] - ETA: 0s - loss: 1.3432 - accuracy: 0.5387
51/98 [==============>...............] - ETA: 0s - loss: 1.3398 - accuracy: 0.5402
56/98 [================>.............] - ETA: 0s - loss: 1.3418 - accuracy: 0.5387
61/98 [=================>............] - ETA: 0s - loss: 1.3392 - accuracy: 0.5389
67/98 [===================>..........] - ETA: 0s - loss: 1.3385 - accuracy: 0.5396
72/98 [=====================>........] - ETA: 0s - loss: 1.3373 - accuracy: 0.5407
77/98 [======================>.......] - ETA: 0s - loss: 1.3377 - accuracy: 0.5407
82/98 [========================>.....] - ETA: 0s - loss: 1.3385 - accuracy: 0.5405
87/98 [=========================>....] - ETA: 0s - loss: 1.3376 - accuracy: 0.5409
92/98 [===========================>..] - ETA: 0s - loss: 1.3372 - accuracy: 0.5410
97/98 [============================>.] - ETA: 0s - loss: 1.3363 - accuracy: 0.5416
98/98 [==============================] - 2s 17ms/step - loss: 1.3365 - accuracy: 0.5414 - val_loss: 1.3582 - val_accuracy: 0.5318
Epoch 21/138

 1/98 [..............................] - ETA: 3s - loss: 1.3646 - accuracy: 0.5312
 6/98 [>.............................] - ETA: 1s - loss: 1.3561 - accuracy: 0.5514
12/98 [==>...........................] - ETA: 0s - loss: 1.3494 - accuracy: 0.5439
17/98 [====>.........................] - ETA: 0s - loss: 1.3419 - accuracy: 0.5460
22/98 [=====>........................] - ETA: 0s - loss: 1.3495 - accuracy: 0.5412
27/98 [=======>......................] - ETA: 0s - loss: 1.3414 - accuracy: 0.5454
32/98 [========>.....................] - ETA: 0s - loss: 1.3402 - accuracy: 0.5464
37/98 [==========>...................] - ETA: 0s - loss: 1.3427 - accuracy: 0.5444
42/98 [===========>..................] - ETA: 0s - loss: 1.3405 - accuracy: 0.5440
48/98 [=============>................] - ETA: 0s - loss: 1.3396 - accuracy: 0.5441
53/98 [===============>..............] - ETA: 0s - loss: 1.3389 - accuracy: 0.5440
58/98 [================>.............] - ETA: 0s - loss: 1.3349 - accuracy: 0.5451
62/98 [=================>............] - ETA: 0s - loss: 1.3354 - accuracy: 0.5450
67/98 [===================>..........] - ETA: 0s - loss: 1.3309 - accuracy: 0.5468
72/98 [=====================>........] - ETA: 0s - loss: 1.3298 - accuracy: 0.5479
78/98 [======================>.......] - ETA: 0s - loss: 1.3270 - accuracy: 0.5493
83/98 [========================>.....] - ETA: 0s - loss: 1.3250 - accuracy: 0.5496
88/98 [=========================>....] - ETA: 0s - loss: 1.3248 - accuracy: 0.5493
93/98 [===========================>..] - ETA: 0s - loss: 1.3247 - accuracy: 0.5486
98/98 [==============================] - 2s 17ms/step - loss: 1.3264 - accuracy: 0.5473 - val_loss: 1.3518 - val_accuracy: 0.5312
Epoch 22/138

 1/98 [..............................] - ETA: 1s - loss: 1.3165 - accuracy: 0.5352
 6/98 [>.............................] - ETA: 1s - loss: 1.2796 - accuracy: 0.5638
11/98 [==>...........................] - ETA: 1s - loss: 1.3012 - accuracy: 0.5591
16/98 [===>..........................] - ETA: 1s - loss: 1.3000 - accuracy: 0.5608
22/98 [=====>........................] - ETA: 0s - loss: 1.3152 - accuracy: 0.5528
27/98 [=======>......................] - ETA: 0s - loss: 1.3210 - accuracy: 0.5477
32/98 [========>.....................] - ETA: 0s - loss: 1.3191 - accuracy: 0.5492
