2024-06-25 12:12:53.605456: I tensorflow/core/platform/cpu_feature_guard.cc:193] This TensorFlow binary is optimized with oneAPI Deep Neural Network Library (oneDNN) to use the following CPU instructions in performance-critical operations:  AVX AVX2
To enable them in other operations, rebuild TensorFlow with the appropriate compiler flags.
2024-06-25 12:12:54.838142: I tensorflow/core/common_runtime/gpu/gpu_device.cc:1616] Created device /job:localhost/replica:0/task:0/device:GPU:0 with 6656 MB memory:  -> device: 0, name: NVIDIA GeForce RTX 4060 Ti, pci bus id: 0000:01:00.0, compute capability: 8.9
1 Physical GPUs, 1 Logical GPUs
Model: "sequential"
_________________________________________________________________
 Layer (type)                Output Shape              Param #   
=================================================================
 conv2d (Conv2D)             (None, 32, 32, 32)        896       
                                                                 
 dropout (Dropout)           (None, 32, 32, 32)        0         
                                                                 
 flatten (Flatten)           (None, 32768)             0         
                                                                 
 dense (Dense)               (None, 10)                327690    
                                                                 
=================================================================
Total params: 328,586
Trainable params: 328,586
Non-trainable params: 0
_________________________________________________________________
Taxa de aprendizado:  0.0001 Num de épocas:  138 Tamanho do lote:  512 Dropout:  0.45961
Epoch 1/138
2024-06-25 12:12:56.195700: I tensorflow/stream_executor/cuda/cuda_dnn.cc:384] Loaded cuDNN version 8100
2024-06-25 12:12:58.016072: W tensorflow/stream_executor/gpu/redzone_allocator.cc:314] INTERNAL: ptxas exited with non-zero error code -1, output: 
Relying on driver to perform ptx compilation. 
Modify $PATH to customize ptxas location.
This message will be only logged once.
2024-06-25 12:12:59.671832: I tensorflow/stream_executor/cuda/cuda_blas.cc:1614] TensorFloat-32 will be used for the matrix multiplication. This will only be logged once.

 1/98 [..............................] - ETA: 8:05 - loss: 2.3408 - accuracy: 0.1074
 4/98 [>.............................] - ETA: 1s - loss: 2.3251 - accuracy: 0.1104  
 5/98 [>.............................] - ETA: 3s - loss: 2.3238 - accuracy: 0.1112
 8/98 [=>............................] - ETA: 2s - loss: 2.3089 - accuracy: 0.1184
11/98 [==>...........................] - ETA: 2s - loss: 2.2961 - accuracy: 0.1283
14/98 [===>..........................] - ETA: 2s - loss: 2.2818 - accuracy: 0.1399
17/98 [====>.........................] - ETA: 2s - loss: 2.2655 - accuracy: 0.1516
20/98 [=====>........................] - ETA: 1s - loss: 2.2516 - accuracy: 0.1589
24/98 [======>.......................] - ETA: 1s - loss: 2.2345 - accuracy: 0.1688
27/98 [=======>......................] - ETA: 1s - loss: 2.2253 - accuracy: 0.1738
30/98 [========>.....................] - ETA: 1s - loss: 2.2160 - accuracy: 0.1798
34/98 [=========>....................] - ETA: 1s - loss: 2.2033 - accuracy: 0.1864
37/98 [==========>...................] - ETA: 1s - loss: 2.1946 - accuracy: 0.1908
40/98 [===========>..................] - ETA: 1s - loss: 2.1869 - accuracy: 0.1947
43/98 [============>.................] - ETA: 1s - loss: 2.1790 - accuracy: 0.1986
46/98 [=============>................] - ETA: 1s - loss: 2.1708 - accuracy: 0.2023
49/98 [==============>...............] - ETA: 1s - loss: 2.1633 - accuracy: 0.2059
53/98 [===============>..............] - ETA: 0s - loss: 2.1545 - accuracy: 0.2096
56/98 [================>.............] - ETA: 0s - loss: 2.1468 - accuracy: 0.2135
59/98 [=================>............] - ETA: 0s - loss: 2.1394 - accuracy: 0.2172
62/98 [=================>............] - ETA: 0s - loss: 2.1321 - accuracy: 0.2212
66/98 [===================>..........] - ETA: 0s - loss: 2.1224 - accuracy: 0.2263
69/98 [====================>.........] - ETA: 0s - loss: 2.1166 - accuracy: 0.2287
73/98 [=====================>........] - ETA: 0s - loss: 2.1064 - accuracy: 0.2338
78/98 [======================>.......] - ETA: 0s - loss: 2.0971 - accuracy: 0.2388
83/98 [========================>.....] - ETA: 0s - loss: 2.0877 - accuracy: 0.2433
88/98 [=========================>....] - ETA: 0s - loss: 2.0791 - accuracy: 0.2476
92/98 [===========================>..] - ETA: 0s - loss: 2.0726 - accuracy: 0.2501
97/98 [============================>.] - ETA: 0s - loss: 2.0643 - accuracy: 0.2539
98/98 [==============================] - 8s 31ms/step - loss: 2.0618 - accuracy: 0.2551 - val_loss: 1.8747 - val_accuracy: 0.3580
Epoch 2/138

 1/98 [..............................] - ETA: 4s - loss: 1.9281 - accuracy: 0.3105
 4/98 [>.............................] - ETA: 1s - loss: 1.8981 - accuracy: 0.3208
 7/98 [=>............................] - ETA: 1s - loss: 1.9005 - accuracy: 0.3276
10/98 [==>...........................] - ETA: 1s - loss: 1.8938 - accuracy: 0.3305
13/98 [==>...........................] - ETA: 1s - loss: 1.8903 - accuracy: 0.3293
16/98 [===>..........................] - ETA: 1s - loss: 1.8861 - accuracy: 0.3335
19/98 [====>.........................] - ETA: 1s - loss: 1.8830 - accuracy: 0.3348
22/98 [=====>........................] - ETA: 1s - loss: 1.8782 - accuracy: 0.3378
25/98 [======>.......................] - ETA: 1s - loss: 1.8697 - accuracy: 0.3430
28/98 [=======>......................] - ETA: 1s - loss: 1.8677 - accuracy: 0.3449
31/98 [========>.....................] - ETA: 1s - loss: 1.8671 - accuracy: 0.3450
34/98 [=========>....................] - ETA: 1s - loss: 1.8656 - accuracy: 0.3459
37/98 [==========>...................] - ETA: 1s - loss: 1.8613 - accuracy: 0.3483
41/98 [===========>..................] - ETA: 1s - loss: 1.8597 - accuracy: 0.3482
44/98 [============>.................] - ETA: 1s - loss: 1.8585 - accuracy: 0.3501
47/98 [=============>................] - ETA: 1s - loss: 1.8550 - accuracy: 0.3523
51/98 [==============>...............] - ETA: 0s - loss: 1.8534 - accuracy: 0.3530
54/98 [===============>..............] - ETA: 0s - loss: 1.8509 - accuracy: 0.3542
58/98 [================>.............] - ETA: 0s - loss: 1.8486 - accuracy: 0.3558
61/98 [=================>............] - ETA: 0s - loss: 1.8477 - accuracy: 0.3566
64/98 [==================>...........] - ETA: 0s - loss: 1.8468 - accuracy: 0.3565
67/98 [===================>..........] - ETA: 0s - loss: 1.8446 - accuracy: 0.3572
70/98 [====================>.........] - ETA: 0s - loss: 1.8437 - accuracy: 0.3580
73/98 [=====================>........] - ETA: 0s - loss: 1.8423 - accuracy: 0.3581
77/98 [======================>.......] - ETA: 0s - loss: 1.8384 - accuracy: 0.3596
80/98 [=======================>......] - ETA: 0s - loss: 1.8357 - accuracy: 0.3604
83/98 [========================>.....] - ETA: 0s - loss: 1.8332 - accuracy: 0.3609
87/98 [=========================>....] - ETA: 0s - loss: 1.8320 - accuracy: 0.3615
90/98 [==========================>...] - ETA: 0s - loss: 1.8312 - accuracy: 0.3616
93/98 [===========================>..] - ETA: 0s - loss: 1.8294 - accuracy: 0.3620
96/98 [============================>.] - ETA: 0s - loss: 1.8286 - accuracy: 0.3623
98/98 [==============================] - 3s 29ms/step - loss: 1.8282 - accuracy: 0.3627 - val_loss: 1.7532 - val_accuracy: 0.4066
Epoch 3/138

 1/98 [..............................] - ETA: 3s - loss: 1.7856 - accuracy: 0.3848
 4/98 [>.............................] - ETA: 1s - loss: 1.8101 - accuracy: 0.3750
 7/98 [=>............................] - ETA: 1s - loss: 1.8024 - accuracy: 0.3781
10/98 [==>...........................] - ETA: 1s - loss: 1.7818 - accuracy: 0.3826
13/98 [==>...........................] - ETA: 1s - loss: 1.7789 - accuracy: 0.3819
16/98 [===>..........................] - ETA: 1s - loss: 1.7640 - accuracy: 0.3853
20/98 [=====>........................] - ETA: 1s - loss: 1.7618 - accuracy: 0.3873
23/98 [======>.......................] - ETA: 1s - loss: 1.7615 - accuracy: 0.3884
27/98 [=======>......................] - ETA: 1s - loss: 1.7609 - accuracy: 0.3901
30/98 [========>.....................] - ETA: 1s - loss: 1.7568 - accuracy: 0.3915
34/98 [=========>....................] - ETA: 1s - loss: 1.7548 - accuracy: 0.3940
37/98 [==========>...................] - ETA: 1s - loss: 1.7518 - accuracy: 0.3957
40/98 [===========>..................] - ETA: 1s - loss: 1.7519 - accuracy: 0.3953
44/98 [============>.................] - ETA: 1s - loss: 1.7515 - accuracy: 0.3955
47/98 [=============>................] - ETA: 1s - loss: 1.7509 - accuracy: 0.3952
50/98 [==============>...............] - ETA: 0s - loss: 1.7489 - accuracy: 0.3959
54/98 [===============>..............] - ETA: 0s - loss: 1.7465 - accuracy: 0.3965
58/98 [================>.............] - ETA: 0s - loss: 1.7462 - accuracy: 0.3964
61/98 [=================>............] - ETA: 0s - loss: 1.7459 - accuracy: 0.3967
65/98 [==================>...........] - ETA: 0s - loss: 1.7450 - accuracy: 0.3972
68/98 [===================>..........] - ETA: 0s - loss: 1.7455 - accuracy: 0.3969
71/98 [====================>.........] - ETA: 0s - loss: 1.7453 - accuracy: 0.3967
74/98 [=====================>........] - ETA: 0s - loss: 1.7440 - accuracy: 0.3972
77/98 [======================>.......] - ETA: 0s - loss: 1.7441 - accuracy: 0.3966
80/98 [=======================>......] - ETA: 0s - loss: 1.7433 - accuracy: 0.3966
83/98 [========================>.....] - ETA: 0s - loss: 1.7432 - accuracy: 0.3967
86/98 [=========================>....] - ETA: 0s - loss: 1.7426 - accuracy: 0.3969
90/98 [==========================>...] - ETA: 0s - loss: 1.7393 - accuracy: 0.3984
93/98 [===========================>..] - ETA: 0s - loss: 1.7378 - accuracy: 0.3991
96/98 [============================>.] - ETA: 0s - loss: 1.7372 - accuracy: 0.3991
98/98 [==============================] - 3s 28ms/step - loss: 1.7363 - accuracy: 0.3995 - val_loss: 1.6872 - val_accuracy: 0.4251
Epoch 4/138

 1/98 [..............................] - ETA: 3s - loss: 1.7646 - accuracy: 0.4102
 6/98 [>.............................] - ETA: 1s - loss: 1.7202 - accuracy: 0.4163
 9/98 [=>............................] - ETA: 1s - loss: 1.7136 - accuracy: 0.4136
14/98 [===>..........................] - ETA: 1s - loss: 1.7027 - accuracy: 0.4136
18/98 [====>.........................] - ETA: 1s - loss: 1.6958 - accuracy: 0.4134
23/98 [======>.......................] - ETA: 0s - loss: 1.6877 - accuracy: 0.4184
28/98 [=======>......................] - ETA: 0s - loss: 1.6853 - accuracy: 0.4183
33/98 [=========>....................] - ETA: 0s - loss: 1.6833 - accuracy: 0.4192
38/98 [==========>...................] - ETA: 0s - loss: 1.6852 - accuracy: 0.4185
43/98 [============>.................] - ETA: 0s - loss: 1.6828 - accuracy: 0.4191
48/98 [=============>................] - ETA: 0s - loss: 1.6818 - accuracy: 0.4189
53/98 [===============>..............] - ETA: 0s - loss: 1.6792 - accuracy: 0.4207
59/98 [=================>............] - ETA: 0s - loss: 1.6770 - accuracy: 0.4219
65/98 [==================>...........] - ETA: 0s - loss: 1.6763 - accuracy: 0.4225
70/98 [====================>.........] - ETA: 0s - loss: 1.6751 - accuracy: 0.4228
75/98 [=====================>........] - ETA: 0s - loss: 1.6742 - accuracy: 0.4225
80/98 [=======================>......] - ETA: 0s - loss: 1.6740 - accuracy: 0.4233
85/98 [=========================>....] - ETA: 0s - loss: 1.6728 - accuracy: 0.4237
90/98 [==========================>...] - ETA: 0s - loss: 1.6730 - accuracy: 0.4239
95/98 [============================>.] - ETA: 0s - loss: 1.6711 - accuracy: 0.4253
98/98 [==============================] - 2s 17ms/step - loss: 1.6696 - accuracy: 0.4257 - val_loss: 1.6286 - val_accuracy: 0.4517
Epoch 5/138

 1/98 [..............................] - ETA: 1s - loss: 1.7159 - accuracy: 0.4375
 6/98 [>.............................] - ETA: 1s - loss: 1.6305 - accuracy: 0.4492
13/98 [==>...........................] - ETA: 0s - loss: 1.6408 - accuracy: 0.4381
18/98 [====>.........................] - ETA: 0s - loss: 1.6340 - accuracy: 0.4425
24/98 [======>.......................] - ETA: 0s - loss: 1.6366 - accuracy: 0.4441
30/98 [========>.....................] - ETA: 0s - loss: 1.6330 - accuracy: 0.4433
36/98 [==========>...................] - ETA: 0s - loss: 1.6301 - accuracy: 0.4453
42/98 [===========>..................] - ETA: 0s - loss: 1.6277 - accuracy: 0.4444
47/98 [=============>................] - ETA: 0s - loss: 1.6271 - accuracy: 0.4433
53/98 [===============>..............] - ETA: 0s - loss: 1.6246 - accuracy: 0.4429
58/98 [================>.............] - ETA: 0s - loss: 1.6201 - accuracy: 0.4447
64/98 [==================>...........] - ETA: 0s - loss: 1.6214 - accuracy: 0.4441
70/98 [====================>.........] - ETA: 0s - loss: 1.6224 - accuracy: 0.4438
77/98 [======================>.......] - ETA: 0s - loss: 1.6211 - accuracy: 0.4436
83/98 [========================>.....] - ETA: 0s - loss: 1.6189 - accuracy: 0.4449
88/98 [=========================>....] - ETA: 0s - loss: 1.6172 - accuracy: 0.4454
93/98 [===========================>..] - ETA: 0s - loss: 1.6153 - accuracy: 0.4455
98/98 [==============================] - 1s 15ms/step - loss: 1.6141 - accuracy: 0.4465 - val_loss: 1.5839 - val_accuracy: 0.4620
Epoch 6/138

 1/98 [..............................] - ETA: 3s - loss: 1.6179 - accuracy: 0.4336
 8/98 [=>............................] - ETA: 0s - loss: 1.5886 - accuracy: 0.4480
14/98 [===>..........................] - ETA: 0s - loss: 1.5865 - accuracy: 0.4509
20/98 [=====>........................] - ETA: 0s - loss: 1.5899 - accuracy: 0.4570
26/98 [======>.......................] - ETA: 0s - loss: 1.5907 - accuracy: 0.4564
32/98 [========>.....................] - ETA: 0s - loss: 1.5866 - accuracy: 0.4589
38/98 [==========>...................] - ETA: 0s - loss: 1.5839 - accuracy: 0.4598
44/98 [============>.................] - ETA: 0s - loss: 1.5838 - accuracy: 0.4594
50/98 [==============>...............] - ETA: 0s - loss: 1.5797 - accuracy: 0.4625
57/98 [================>.............] - ETA: 0s - loss: 1.5792 - accuracy: 0.4621
63/98 [==================>...........] - ETA: 0s - loss: 1.5770 - accuracy: 0.4635
69/98 [====================>.........] - ETA: 0s - loss: 1.5729 - accuracy: 0.4643
73/98 [=====================>........] - ETA: 0s - loss: 1.5723 - accuracy: 0.4641
77/98 [======================>.......] - ETA: 0s - loss: 1.5723 - accuracy: 0.4635
81/98 [=======================>......] - ETA: 0s - loss: 1.5722 - accuracy: 0.4634
84/98 [========================>.....] - ETA: 0s - loss: 1.5726 - accuracy: 0.4634
88/98 [=========================>....] - ETA: 0s - loss: 1.5717 - accuracy: 0.4632
91/98 [==========================>...] - ETA: 0s - loss: 1.5715 - accuracy: 0.4634
95/98 [============================>.] - ETA: 0s - loss: 1.5710 - accuracy: 0.4635
98/98 [==============================] - 2s 17ms/step - loss: 1.5706 - accuracy: 0.4634 - val_loss: 1.5435 - val_accuracy: 0.4789
Epoch 7/138

 1/98 [..............................] - ETA: 2s - loss: 1.5058 - accuracy: 0.4844
 6/98 [>.............................] - ETA: 1s - loss: 1.5488 - accuracy: 0.4762
11/98 [==>...........................] - ETA: 0s - loss: 1.5489 - accuracy: 0.4741
16/98 [===>..........................] - ETA: 0s - loss: 1.5501 - accuracy: 0.4749
21/98 [=====>........................] - ETA: 0s - loss: 1.5471 - accuracy: 0.4740
26/98 [======>.......................] - ETA: 0s - loss: 1.5485 - accuracy: 0.4743
31/98 [========>.....................] - ETA: 0s - loss: 1.5453 - accuracy: 0.4753
36/98 [==========>...................] - ETA: 0s - loss: 1.5479 - accuracy: 0.4740
40/98 [===========>..................] - ETA: 0s - loss: 1.5466 - accuracy: 0.4746
45/98 [============>.................] - ETA: 0s - loss: 1.5449 - accuracy: 0.4735
50/98 [==============>...............] - ETA: 0s - loss: 1.5441 - accuracy: 0.4741
56/98 [================>.............] - ETA: 0s - loss: 1.5417 - accuracy: 0.4753
63/98 [==================>...........] - ETA: 0s - loss: 1.5399 - accuracy: 0.4746
68/98 [===================>..........] - ETA: 0s - loss: 1.5373 - accuracy: 0.4753
74/98 [=====================>........] - ETA: 0s - loss: 1.5363 - accuracy: 0.4758
79/98 [=======================>......] - ETA: 0s - loss: 1.5346 - accuracy: 0.4767
85/98 [=========================>....] - ETA: 0s - loss: 1.5351 - accuracy: 0.4764
89/98 [==========================>...] - ETA: 0s - loss: 1.5347 - accuracy: 0.4763
94/98 [===========================>..] - ETA: 0s - loss: 1.5328 - accuracy: 0.4767
98/98 [==============================] - 2s 16ms/step - loss: 1.5315 - accuracy: 0.4766 - val_loss: 1.5115 - val_accuracy: 0.4791
Epoch 8/138

 1/98 [..............................] - ETA: 2s - loss: 1.5581 - accuracy: 0.4746
 5/98 [>.............................] - ETA: 1s - loss: 1.5382 - accuracy: 0.4645
 9/98 [=>............................] - ETA: 1s - loss: 1.5106 - accuracy: 0.4829
13/98 [==>...........................] - ETA: 1s - loss: 1.5191 - accuracy: 0.4790
18/98 [====>.........................] - ETA: 1s - loss: 1.5116 - accuracy: 0.4817
24/98 [======>.......................] - ETA: 0s - loss: 1.5098 - accuracy: 0.4837
29/98 [=======>......................] - ETA: 0s - loss: 1.5132 - accuracy: 0.4811
34/98 [=========>....................] - ETA: 0s - loss: 1.5100 - accuracy: 0.4829
39/98 [==========>...................] - ETA: 0s - loss: 1.5064 - accuracy: 0.4858
44/98 [============>.................] - ETA: 0s - loss: 1.5050 - accuracy: 0.4859
49/98 [==============>...............] - ETA: 0s - loss: 1.5026 - accuracy: 0.4885
54/98 [===============>..............] - ETA: 0s - loss: 1.5022 - accuracy: 0.4886
59/98 [=================>............] - ETA: 0s - loss: 1.5022 - accuracy: 0.4887
64/98 [==================>...........] - ETA: 0s - loss: 1.5018 - accuracy: 0.4885
69/98 [====================>.........] - ETA: 0s - loss: 1.5023 - accuracy: 0.4874
74/98 [=====================>........] - ETA: 0s - loss: 1.4994 - accuracy: 0.4893
79/98 [=======================>......] - ETA: 0s - loss: 1.4995 - accuracy: 0.4886
84/98 [========================>.....] - ETA: 0s - loss: 1.4990 - accuracy: 0.4888
88/98 [=========================>....] - ETA: 0s - loss: 1.4987 - accuracy: 0.4884
92/98 [===========================>..] - ETA: 0s - loss: 1.4969 - accuracy: 0.4889
96/98 [============================>.] - ETA: 0s - loss: 1.4960 - accuracy: 0.4889
98/98 [==============================] - 2s 17ms/step - loss: 1.4959 - accuracy: 0.4887 - val_loss: 1.4848 - val_accuracy: 0.4935
Epoch 9/138

 1/98 [..............................] - ETA: 2s - loss: 1.5313 - accuracy: 0.4668
 6/98 [>.............................] - ETA: 1s - loss: 1.4862 - accuracy: 0.4925
11/98 [==>...........................] - ETA: 0s - loss: 1.4842 - accuracy: 0.4908
17/98 [====>.........................] - ETA: 0s - loss: 1.4751 - accuracy: 0.4921
21/98 [=====>........................] - ETA: 0s - loss: 1.4766 - accuracy: 0.4919
26/98 [======>.......................] - ETA: 0s - loss: 1.4747 - accuracy: 0.4912
31/98 [========>.....................] - ETA: 0s - loss: 1.4727 - accuracy: 0.4936
34/98 [=========>....................] - ETA: 0s - loss: 1.4736 - accuracy: 0.4929
39/98 [==========>...................] - ETA: 0s - loss: 1.4703 - accuracy: 0.4947
44/98 [============>.................] - ETA: 0s - loss: 1.4715 - accuracy: 0.4940
49/98 [==============>...............] - ETA: 0s - loss: 1.4741 - accuracy: 0.4942
54/98 [===============>..............] - ETA: 0s - loss: 1.4746 - accuracy: 0.4936
59/98 [=================>............] - ETA: 0s - loss: 1.4737 - accuracy: 0.4948
64/98 [==================>...........] - ETA: 0s - loss: 1.4725 - accuracy: 0.4955
69/98 [====================>.........] - ETA: 0s - loss: 1.4731 - accuracy: 0.4954
75/98 [=====================>........] - ETA: 0s - loss: 1.4737 - accuracy: 0.4961
80/98 [=======================>......] - ETA: 0s - loss: 1.4723 - accuracy: 0.4962
85/98 [=========================>....] - ETA: 0s - loss: 1.4716 - accuracy: 0.4969
89/98 [==========================>...] - ETA: 0s - loss: 1.4697 - accuracy: 0.4976
93/98 [===========================>..] - ETA: 0s - loss: 1.4698 - accuracy: 0.4974
97/98 [============================>.] - ETA: 0s - loss: 1.4686 - accuracy: 0.4982
98/98 [==============================] - 2s 18ms/step - loss: 1.4682 - accuracy: 0.4987 - val_loss: 1.4627 - val_accuracy: 0.4945
Epoch 10/138

 1/98 [..............................] - ETA: 2s - loss: 1.4387 - accuracy: 0.5020
 5/98 [>.............................] - ETA: 1s - loss: 1.4429 - accuracy: 0.5117
10/98 [==>...........................] - ETA: 1s - loss: 1.4576 - accuracy: 0.5072
15/98 [===>..........................] - ETA: 1s - loss: 1.4469 - accuracy: 0.5112
19/98 [====>.........................] - ETA: 1s - loss: 1.4514 - accuracy: 0.5111
24/98 [======>.......................] - ETA: 0s - loss: 1.4519 - accuracy: 0.5080
30/98 [========>.....................] - ETA: 0s - loss: 1.4562 - accuracy: 0.5046
35/98 [=========>....................] - ETA: 0s - loss: 1.4554 - accuracy: 0.5042
41/98 [===========>..................] - ETA: 0s - loss: 1.4558 - accuracy: 0.5035
48/98 [=============>................] - ETA: 0s - loss: 1.4549 - accuracy: 0.5025
53/98 [===============>..............] - ETA: 0s - loss: 1.4548 - accuracy: 0.5014
57/98 [================>.............] - ETA: 0s - loss: 1.4521 - accuracy: 0.5019
62/98 [=================>............] - ETA: 0s - loss: 1.4524 - accuracy: 0.5013
67/98 [===================>..........] - ETA: 0s - loss: 1.4501 - accuracy: 0.5026
71/98 [====================>.........] - ETA: 0s - loss: 1.4488 - accuracy: 0.5028
75/98 [=====================>........] - ETA: 0s - loss: 1.4483 - accuracy: 0.5023
79/98 [=======================>......] - ETA: 0s - loss: 1.4472 - accuracy: 0.5022
84/98 [========================>.....] - ETA: 0s - loss: 1.4459 - accuracy: 0.5026
89/98 [==========================>...] - ETA: 0s - loss: 1.4462 - accuracy: 0.5025
94/98 [===========================>..] - ETA: 0s - loss: 1.4450 - accuracy: 0.5035
98/98 [==============================] - 2s 18ms/step - loss: 1.4443 - accuracy: 0.5034 - val_loss: 1.4447 - val_accuracy: 0.4993
Epoch 11/138

 1/98 [..............................] - ETA: 3s - loss: 1.4694 - accuracy: 0.4688
 6/98 [>.............................] - ETA: 1s - loss: 1.4168 - accuracy: 0.5137
12/98 [==>...........................] - ETA: 0s - loss: 1.4244 - accuracy: 0.5067
17/98 [====>.........................] - ETA: 0s - loss: 1.4240 - accuracy: 0.5129
23/98 [======>.......................] - ETA: 0s - loss: 1.4171 - accuracy: 0.5140
28/98 [=======>......................] - ETA: 0s - loss: 1.4216 - accuracy: 0.5134
33/98 [=========>....................] - ETA: 0s - loss: 1.4236 - accuracy: 0.5127
38/98 [==========>...................] - ETA: 0s - loss: 1.4262 - accuracy: 0.5098
43/98 [============>.................] - ETA: 0s - loss: 1.4263 - accuracy: 0.5090
48/98 [=============>................] - ETA: 0s - loss: 1.4265 - accuracy: 0.5095
53/98 [===============>..............] - ETA: 0s - loss: 1.4259 - accuracy: 0.5101
58/98 [================>.............] - ETA: 0s - loss: 1.4242 - accuracy: 0.5112
64/98 [==================>...........] - ETA: 0s - loss: 1.4239 - accuracy: 0.5106
69/98 [====================>.........] - ETA: 0s - loss: 1.4229 - accuracy: 0.5109
74/98 [=====================>........] - ETA: 0s - loss: 1.4219 - accuracy: 0.5108
79/98 [=======================>......] - ETA: 0s - loss: 1.4222 - accuracy: 0.5107
85/98 [=========================>....] - ETA: 0s - loss: 1.4226 - accuracy: 0.5107
90/98 [==========================>...] - ETA: 0s - loss: 1.4232 - accuracy: 0.5102
94/98 [===========================>..] - ETA: 0s - loss: 1.4229 - accuracy: 0.5106
98/98 [==============================] - 2s 17ms/step - loss: 1.4232 - accuracy: 0.5108 - val_loss: 1.4242 - val_accuracy: 0.5097
Epoch 12/138

 1/98 [..............................] - ETA: 3s - loss: 1.4734 - accuracy: 0.4824
 6/98 [>.............................] - ETA: 1s - loss: 1.4283 - accuracy: 0.5086
11/98 [==>...........................] - ETA: 1s - loss: 1.3976 - accuracy: 0.5242
16/98 [===>..........................] - ETA: 1s - loss: 1.4093 - accuracy: 0.5148
21/98 [=====>........................] - ETA: 0s - loss: 1.4105 - accuracy: 0.5163
26/98 [======>.......................] - ETA: 0s - loss: 1.4098 - accuracy: 0.5157
31/98 [========>.....................] - ETA: 0s - loss: 1.4069 - accuracy: 0.5183
36/98 [==========>...................] - ETA: 0s - loss: 1.4042 - accuracy: 0.5188
41/98 [===========>..................] - ETA: 0s - loss: 1.4114 - accuracy: 0.5160
47/98 [=============>................] - ETA: 0s - loss: 1.4106 - accuracy: 0.5154
51/98 [==============>...............] - ETA: 0s - loss: 1.4098 - accuracy: 0.5161
55/98 [===============>..............] - ETA: 0s - loss: 1.4081 - accuracy: 0.5163
59/98 [=================>............] - ETA: 0s - loss: 1.4089 - accuracy: 0.5167
63/98 [==================>...........] - ETA: 0s - loss: 1.4092 - accuracy: 0.5166
68/98 [===================>..........] - ETA: 0s - loss: 1.4082 - accuracy: 0.5160
71/98 [====================>.........] - ETA: 0s - loss: 1.4072 - accuracy: 0.5163
76/98 [======================>.......] - ETA: 0s - loss: 1.4076 - accuracy: 0.5167
80/98 [=======================>......] - ETA: 0s - loss: 1.4082 - accuracy: 0.5164
85/98 [=========================>....] - ETA: 0s - loss: 1.4068 - accuracy: 0.5176
91/98 [==========================>...] - ETA: 0s - loss: 1.4058 - accuracy: 0.5175
96/98 [============================>.] - ETA: 0s - loss: 1.4067 - accuracy: 0.5173
98/98 [==============================] - 2s 18ms/step - loss: 1.4061 - accuracy: 0.5179 - val_loss: 1.4087 - val_accuracy: 0.5191
Epoch 13/138

 1/98 [..............................] - ETA: 3s - loss: 1.4059 - accuracy: 0.5488
 6/98 [>.............................] - ETA: 1s - loss: 1.3810 - accuracy: 0.5280
11/98 [==>...........................] - ETA: 1s - loss: 1.3979 - accuracy: 0.5170
16/98 [===>..........................] - ETA: 1s - loss: 1.4066 - accuracy: 0.5178
21/98 [=====>........................] - ETA: 0s - loss: 1.3974 - accuracy: 0.5189
27/98 [=======>......................] - ETA: 0s - loss: 1.3944 - accuracy: 0.5205
32/98 [========>.....................] - ETA: 0s - loss: 1.3951 - accuracy: 0.5207
37/98 [==========>...................] - ETA: 0s - loss: 1.3905 - accuracy: 0.5234
42/98 [===========>..................] - ETA: 0s - loss: 1.3915 - accuracy: 0.5213
47/98 [=============>................] - ETA: 0s - loss: 1.3910 - accuracy: 0.5217
52/98 [==============>...............] - ETA: 0s - loss: 1.3886 - accuracy: 0.5224
57/98 [================>.............] - ETA: 0s - loss: 1.3855 - accuracy: 0.5242
63/98 [==================>...........] - ETA: 0s - loss: 1.3857 - accuracy: 0.5236
68/98 [===================>..........] - ETA: 0s - loss: 1.3849 - accuracy: 0.5236
73/98 [=====================>........] - ETA: 0s - loss: 1.3842 - accuracy: 0.5238
78/98 [======================>.......] - ETA: 0s - loss: 1.3859 - accuracy: 0.5231
83/98 [========================>.....] - ETA: 0s - loss: 1.3874 - accuracy: 0.5226
88/98 [=========================>....] - ETA: 0s - loss: 1.3871 - accuracy: 0.5228
93/98 [===========================>..] - ETA: 0s - loss: 1.3866 - accuracy: 0.5234
98/98 [==============================] - 2s 18ms/step - loss: 1.3865 - accuracy: 0.5231 - val_loss: 1.3965 - val_accuracy: 0.5209
Epoch 14/138

 1/98 [..............................] - ETA: 3s - loss: 1.3859 - accuracy: 0.5137
 6/98 [>.............................] - ETA: 1s - loss: 1.3818 - accuracy: 0.5264
11/98 [==>...........................] - ETA: 1s - loss: 1.3918 - accuracy: 0.5206
15/98 [===>..........................] - ETA: 1s - loss: 1.3916 - accuracy: 0.5216
19/98 [====>.........................] - ETA: 1s - loss: 1.3798 - accuracy: 0.5258
25/98 [======>.......................] - ETA: 0s - loss: 1.3788 - accuracy: 0.5266
30/98 [========>.....................] - ETA: 0s - loss: 1.3781 - accuracy: 0.5257
35/98 [=========>....................] - ETA: 0s - loss: 1.3814 - accuracy: 0.5246
40/98 [===========>..................] - ETA: 0s - loss: 1.3789 - accuracy: 0.5253
45/98 [============>.................] - ETA: 0s - loss: 1.3788 - accuracy: 0.5259
50/98 [==============>...............] - ETA: 0s - loss: 1.3792 - accuracy: 0.5271
54/98 [===============>..............] - ETA: 0s - loss: 1.3791 - accuracy: 0.5270
59/98 [=================>............] - ETA: 0s - loss: 1.3760 - accuracy: 0.5289
64/98 [==================>...........] - ETA: 0s - loss: 1.3757 - accuracy: 0.5285
69/98 [====================>.........] - ETA: 0s - loss: 1.3774 - accuracy: 0.5275
74/98 [=====================>........] - ETA: 0s - loss: 1.3775 - accuracy: 0.5276
80/98 [=======================>......] - ETA: 0s - loss: 1.3737 - accuracy: 0.5284
85/98 [=========================>....] - ETA: 0s - loss: 1.3730 - accuracy: 0.5283
90/98 [==========================>...] - ETA: 0s - loss: 1.3708 - accuracy: 0.5292
95/98 [============================>.] - ETA: 0s - loss: 1.3715 - accuracy: 0.5297
98/98 [==============================] - 2s 18ms/step - loss: 1.3705 - accuracy: 0.5304 - val_loss: 1.3824 - val_accuracy: 0.5241
Epoch 15/138

 1/98 [..............................] - ETA: 4s - loss: 1.3672 - accuracy: 0.5293
 7/98 [=>............................] - ETA: 0s - loss: 1.3608 - accuracy: 0.5366
12/98 [==>...........................] - ETA: 0s - loss: 1.3642 - accuracy: 0.5295
17/98 [====>.........................] - ETA: 0s - loss: 1.3600 - accuracy: 0.5293
22/98 [=====>........................] - ETA: 0s - loss: 1.3606 - accuracy: 0.5284
27/98 [=======>......................] - ETA: 0s - loss: 1.3608 - accuracy: 0.5277
32/98 [========>.....................] - ETA: 0s - loss: 1.3588 - accuracy: 0.5282
37/98 [==========>...................] - ETA: 0s - loss: 1.3556 - accuracy: 0.5301
42/98 [===========>..................] - ETA: 0s - loss: 1.3578 - accuracy: 0.5300
47/98 [=============>................] - ETA: 0s - loss: 1.3571 - accuracy: 0.5307
52/98 [==============>...............] - ETA: 0s - loss: 1.3597 - accuracy: 0.5311
57/98 [================>.............] - ETA: 0s - loss: 1.3628 - accuracy: 0.5302
62/98 [=================>............] - ETA: 0s - loss: 1.3610 - accuracy: 0.5306
67/98 [===================>..........] - ETA: 0s - loss: 1.3597 - accuracy: 0.5311
72/98 [=====================>........] - ETA: 0s - loss: 1.3593 - accuracy: 0.5327
77/98 [======================>.......] - ETA: 0s - loss: 1.3574 - accuracy: 0.5333
82/98 [========================>.....] - ETA: 0s - loss: 1.3567 - accuracy: 0.5336
87/98 [=========================>....] - ETA: 0s - loss: 1.3576 - accuracy: 0.5340
92/98 [===========================>..] - ETA: 0s - loss: 1.3553 - accuracy: 0.5351
98/98 [==============================] - ETA: 0s - loss: 1.3558 - accuracy: 0.5351
98/98 [==============================] - 2s 18ms/step - loss: 1.3558 - accuracy: 0.5351 - val_loss: 1.3701 - val_accuracy: 0.5289
Epoch 16/138

 1/98 [..............................] - ETA: 3s - loss: 1.3865 - accuracy: 0.5059
 6/98 [>.............................] - ETA: 1s - loss: 1.3321 - accuracy: 0.5430
11/98 [==>...........................] - ETA: 1s - loss: 1.3397 - accuracy: 0.5410
16/98 [===>..........................] - ETA: 1s - loss: 1.3412 - accuracy: 0.5412
22/98 [=====>........................] - ETA: 0s - loss: 1.3320 - accuracy: 0.5423
26/98 [======>.......................] - ETA: 0s - loss: 1.3312 - accuracy: 0.5410
32/98 [========>.....................] - ETA: 0s - loss: 1.3330 - accuracy: 0.5403
37/98 [==========>...................] - ETA: 0s - loss: 1.3389 - accuracy: 0.5402
42/98 [===========>..................] - ETA: 0s - loss: 1.3401 - accuracy: 0.5399
47/98 [=============>................] - ETA: 0s - loss: 1.3446 - accuracy: 0.5379
52/98 [==============>...............] - ETA: 0s - loss: 1.3445 - accuracy: 0.5382
58/98 [================>.............] - ETA: 0s - loss: 1.3420 - accuracy: 0.5387
63/98 [==================>...........] - ETA: 0s - loss: 1.3424 - accuracy: 0.5392
67/98 [===================>..........] - ETA: 0s - loss: 1.3429 - accuracy: 0.5392
72/98 [=====================>........] - ETA: 0s - loss: 1.3421 - accuracy: 0.5390
77/98 [======================>.......] - ETA: 0s - loss: 1.3420 - accuracy: 0.5383
82/98 [========================>.....] - ETA: 0s - loss: 1.3405 - accuracy: 0.5388
86/98 [=========================>....] - ETA: 0s - loss: 1.3425 - accuracy: 0.5386
91/98 [==========================>...] - ETA: 0s - loss: 1.3434 - accuracy: 0.5383
96/98 [============================>.] - ETA: 0s - loss: 1.3447 - accuracy: 0.5381
98/98 [==============================] - 2s 17ms/step - loss: 1.3439 - accuracy: 0.5382 - val_loss: 1.3595 - val_accuracy: 0.5324
Epoch 17/138

 1/98 [..............................] - ETA: 3s - loss: 1.3552 - accuracy: 0.5430
 6/98 [>.............................] - ETA: 1s - loss: 1.3350 - accuracy: 0.5378
11/98 [==>...........................] - ETA: 1s - loss: 1.3541 - accuracy: 0.5320
17/98 [====>.........................] - ETA: 0s - loss: 1.3375 - accuracy: 0.5342
22/98 [=====>........................] - ETA: 0s - loss: 1.3422 - accuracy: 0.5368
27/98 [=======>......................] - ETA: 0s - loss: 1.3360 - accuracy: 0.5414
32/98 [========>.....................] - ETA: 0s - loss: 1.3340 - accuracy: 0.5435
37/98 [==========>...................] - ETA: 0s - loss: 1.3301 - accuracy: 0.5449
43/98 [============>.................] - ETA: 0s - loss: 1.3284 - accuracy: 0.5461
48/98 [=============>................] - ETA: 0s - loss: 1.3275 - accuracy: 0.5468
53/98 [===============>..............] - ETA: 0s - loss: 1.3281 - accuracy: 0.5459
58/98 [================>.............] - ETA: 0s - loss: 1.3304 - accuracy: 0.5447
63/98 [==================>...........] - ETA: 0s - loss: 1.3303 - accuracy: 0.5449
69/98 [====================>.........] - ETA: 0s - loss: 1.3318 - accuracy: 0.5447
73/98 [=====================>........] - ETA: 0s - loss: 1.3314 - accuracy: 0.5450
79/98 [=======================>......] - ETA: 0s - loss: 1.3341 - accuracy: 0.5434
84/98 [========================>.....] - ETA: 0s - loss: 1.3326 - accuracy: 0.5432
89/98 [==========================>...] - ETA: 0s - loss: 1.3319 - accuracy: 0.5438
95/98 [============================>.] - ETA: 0s - loss: 1.3309 - accuracy: 0.5437
98/98 [==============================] - 2s 17ms/step - loss: 1.3310 - accuracy: 0.5438 - val_loss: 1.3517 - val_accuracy: 0.5345
Epoch 18/138

 1/98 [..............................] - ETA: 3s - loss: 1.3078 - accuracy: 0.5430
 6/98 [>.............................] - ETA: 1s - loss: 1.3309 - accuracy: 0.5465
11/98 [==>...........................] - ETA: 1s - loss: 1.3443 - accuracy: 0.5394
17/98 [====>.........................] - ETA: 0s - loss: 1.3328 - accuracy: 0.5429
22/98 [=====>........................] - ETA: 0s - loss: 1.3276 - accuracy: 0.5447
27/98 [=======>......................] - ETA: 0s - loss: 1.3329 - accuracy: 0.5404
32/98 [========>.....................] - ETA: 0s - loss: 1.3329 - accuracy: 0.5411
37/98 [==========>...................] - ETA: 0s - loss: 1.3286 - accuracy: 0.5432
42/98 [===========>..................] - ETA: 0s - loss: 1.3281 - accuracy: 0.5443
48/98 [=============>................] - ETA: 0s - loss: 1.3275 - accuracy: 0.5439
53/98 [===============>..............] - ETA: 0s - loss: 1.3277 - accuracy: 0.5448
57/98 [================>.............] - ETA: 0s - loss: 1.3262 - accuracy: 0.5451
62/98 [=================>............] - ETA: 0s - loss: 1.3225 - accuracy: 0.5470
67/98 [===================>..........] - ETA: 0s - loss: 1.3239 - accuracy: 0.5474
72/98 [=====================>........] - ETA: 0s - loss: 1.3246 - accuracy: 0.5468
77/98 [======================>.......] - ETA: 0s - loss: 1.3233 - accuracy: 0.5465
82/98 [========================>.....] - ETA: 0s - loss: 1.3215 - accuracy: 0.5475
87/98 [=========================>....] - ETA: 0s - loss: 1.3223 - accuracy: 0.5475
92/98 [===========================>..] - ETA: 0s - loss: 1.3210 - accuracy: 0.5478
98/98 [==============================] - ETA: 0s - loss: 1.3199 - accuracy: 0.5487
98/98 [==============================] - 2s 17ms/step - loss: 1.3199 - accuracy: 0.5487 - val_loss: 1.3415 - val_accuracy: 0.5366
Epoch 19/138

 1/98 [..............................] - ETA: 1s - loss: 1.3018 - accuracy: 0.5391
 5/98 [>.............................] - ETA: 1s - loss: 1.3170 - accuracy: 0.5488
11/98 [==>...........................] - ETA: 1s - loss: 1.3138 - accuracy: 0.5463
16/98 [===>..........................] - ETA: 1s - loss: 1.3270 - accuracy: 0.5430
21/98 [=====>........................] - ETA: 0s - loss: 1.3178 - accuracy: 0.5515
26/98 [======>.......................] - ETA: 0s - loss: 1.3093 - accuracy: 0.5543
31/98 [========>.....................] - ETA: 0s - loss: 1.3093 - accuracy: 0.5540
37/98 [==========>...................] - ETA: 0s - loss: 1.3105 - accuracy: 0.5531
42/98 [===========>..................] - ETA: 0s - loss: 1.3123 - accuracy: 0.5505
47/98 [=============>................] - ETA: 0s - loss: 1.3099 - accuracy: 0.5515
53/98 [===============>..............] - ETA: 0s - loss: 1.3071 - accuracy: 0.5522
58/98 [================>.............] - ETA: 0s - loss: 1.3079 - accuracy: 0.5509
63/98 [==================>...........] - ETA: 0s - loss: 1.3082 - accuracy: 0.5515
68/98 [===================>..........] - ETA: 0s - loss: 1.3071 - accuracy: 0.5516
73/98 [=====================>........] - ETA: 0s - loss: 1.3087 - accuracy: 0.5510
78/98 [======================>.......] - ETA: 0s - loss: 1.3089 - accuracy: 0.5511
83/98 [========================>.....] - ETA: 0s - loss: 1.3083 - accuracy: 0.5510
88/98 [=========================>....] - ETA: 0s - loss: 1.3094 - accuracy: 0.5510
93/98 [===========================>..] - ETA: 0s - loss: 1.3090 - accuracy: 0.5519
98/98 [==============================] - ETA: 0s - loss: 1.3085 - accuracy: 0.5522
98/98 [==============================] - 2s 17ms/step - loss: 1.3085 - accuracy: 0.5522 - val_loss: 1.3338 - val_accuracy: 0.5414
Epoch 20/138

 1/98 [..............................] - ETA: 3s - loss: 1.2290 - accuracy: 0.5762
 6/98 [>.............................] - ETA: 1s - loss: 1.2908 - accuracy: 0.5505
12/98 [==>...........................] - ETA: 0s - loss: 1.2991 - accuracy: 0.5526
17/98 [====>.........................] - ETA: 0s - loss: 1.3038 - accuracy: 0.5542
22/98 [=====>........................] - ETA: 0s - loss: 1.3017 - accuracy: 0.5530
27/98 [=======>......................] - ETA: 0s - loss: 1.3051 - accuracy: 0.5517
33/98 [=========>....................] - ETA: 0s - loss: 1.3066 - accuracy: 0.5518
38/98 [==========>...................] - ETA: 0s - loss: 1.3076 - accuracy: 0.5508
43/98 [============>.................] - ETA: 0s - loss: 1.3022 - accuracy: 0.5527
48/98 [=============>................] - ETA: 0s - loss: 1.3019 - accuracy: 0.5535
54/98 [===============>..............] - ETA: 0s - loss: 1.3032 - accuracy: 0.5523
59/98 [=================>............] - ETA: 0s - loss: 1.3009 - accuracy: 0.5532
64/98 [==================>...........] - ETA: 0s - loss: 1.3008 - accuracy: 0.5529
70/98 [====================>.........] - ETA: 0s - loss: 1.2988 - accuracy: 0.5546
75/98 [=====================>........] - ETA: 0s - loss: 1.2997 - accuracy: 0.5537
80/98 [=======================>......] - ETA: 0s - loss: 1.3005 - accuracy: 0.5528
