2024-06-25 18:59:19.160542: I tensorflow/core/platform/cpu_feature_guard.cc:193] This TensorFlow binary is optimized with oneAPI Deep Neural Network Library (oneDNN) to use the following CPU instructions in performance-critical operations:  AVX AVX2
To enable them in other operations, rebuild TensorFlow with the appropriate compiler flags.
2024-06-25 18:59:20.467144: I tensorflow/core/common_runtime/gpu/gpu_device.cc:1616] Created device /job:localhost/replica:0/task:0/device:GPU:0 with 6656 MB memory:  -> device: 0, name: NVIDIA GeForce RTX 4060 Ti, pci bus id: 0000:01:00.0, compute capability: 8.9
1 Physical GPUs, 1 Logical GPUs
Model: "sequential"
_________________________________________________________________
 Layer (type)                Output Shape              Param #   
=================================================================
 conv2d (Conv2D)             (None, 32, 32, 32)        896       
                                                                 
 max_pooling2d (MaxPooling2D  (None, 16, 16, 32)       0         
 )                                                               
                                                                 
 batch_normalization (BatchN  (None, 16, 16, 32)       128       
 ormalization)                                                   
                                                                 
 dropout (Dropout)           (None, 16, 16, 32)        0         
                                                                 
 flatten (Flatten)           (None, 8192)              0         
                                                                 
 dense (Dense)               (None, 10)                81930     
                                                                 
=================================================================
Total params: 82,954
Trainable params: 82,890
Non-trainable params: 64
_________________________________________________________________
Taxa de aprendizado:  1e-05 Num de épocas:  288 Tamanho do lote:  512 Dropout:  0.38361
Epoch 1/288
2024-06-25 18:59:22.683302: I tensorflow/stream_executor/cuda/cuda_dnn.cc:384] Loaded cuDNN version 8100
2024-06-25 18:59:24.564503: W tensorflow/stream_executor/gpu/redzone_allocator.cc:314] INTERNAL: ptxas exited with non-zero error code -1, output: 
Relying on driver to perform ptx compilation. 
Modify $PATH to customize ptxas location.
This message will be only logged once.
2024-06-25 18:59:26.346283: I tensorflow/stream_executor/cuda/cuda_blas.cc:1614] TensorFloat-32 will be used for the matrix multiplication. This will only be logged once.

 1/98 [..............................] - ETA: 9:41 - loss: 3.0278 - accuracy: 0.1094
 4/98 [>.............................] - ETA: 2s - loss: 2.9769 - accuracy: 0.1143  
 8/98 [=>............................] - ETA: 1s - loss: 2.9296 - accuracy: 0.1257
11/98 [==>...........................] - ETA: 1s - loss: 2.9141 - accuracy: 0.1227
14/98 [===>..........................] - ETA: 1s - loss: 2.8987 - accuracy: 0.1246
17/98 [====>.........................] - ETA: 1s - loss: 2.8860 - accuracy: 0.1245
21/98 [=====>........................] - ETA: 1s - loss: 2.8674 - accuracy: 0.1247
25/98 [======>.......................] - ETA: 1s - loss: 2.8551 - accuracy: 0.1266
29/98 [=======>......................] - ETA: 1s - loss: 2.8438 - accuracy: 0.1271
33/98 [=========>....................] - ETA: 1s - loss: 2.8250 - accuracy: 0.1283
37/98 [==========>...................] - ETA: 1s - loss: 2.8079 - accuracy: 0.1304
40/98 [===========>..................] - ETA: 1s - loss: 2.7977 - accuracy: 0.1317
44/98 [============>.................] - ETA: 0s - loss: 2.7862 - accuracy: 0.1328
48/98 [=============>................] - ETA: 0s - loss: 2.7741 - accuracy: 0.1344
51/98 [==============>...............] - ETA: 0s - loss: 2.7657 - accuracy: 0.1351
55/98 [===============>..............] - ETA: 0s - loss: 2.7545 - accuracy: 0.1359
59/98 [=================>............] - ETA: 0s - loss: 2.7432 - accuracy: 0.1367
63/98 [==================>...........] - ETA: 0s - loss: 2.7316 - accuracy: 0.1385
66/98 [===================>..........] - ETA: 0s - loss: 2.7232 - accuracy: 0.1401
69/98 [====================>.........] - ETA: 0s - loss: 2.7184 - accuracy: 0.1405
73/98 [=====================>........] - ETA: 0s - loss: 2.7090 - accuracy: 0.1420
76/98 [======================>.......] - ETA: 0s - loss: 2.7016 - accuracy: 0.1428
80/98 [=======================>......] - ETA: 0s - loss: 2.6923 - accuracy: 0.1445
84/98 [========================>.....] - ETA: 0s - loss: 2.6830 - accuracy: 0.1458
88/98 [=========================>....] - ETA: 0s - loss: 2.6742 - accuracy: 0.1471
92/98 [===========================>..] - ETA: 0s - loss: 2.6657 - accuracy: 0.1483
96/98 [============================>.] - ETA: 0s - loss: 2.6555 - accuracy: 0.1496
98/98 [==============================] - 9s 31ms/step - loss: 2.6514 - accuracy: 0.1500 - val_loss: 2.2469 - val_accuracy: 0.1726
Epoch 2/288

 1/98 [..............................] - ETA: 3s - loss: 2.4630 - accuracy: 0.1895
 4/98 [>.............................] - ETA: 1s - loss: 2.4444 - accuracy: 0.1851
 8/98 [=>............................] - ETA: 1s - loss: 2.4368 - accuracy: 0.1870
12/98 [==>...........................] - ETA: 1s - loss: 2.4434 - accuracy: 0.1851
16/98 [===>..........................] - ETA: 1s - loss: 2.4417 - accuracy: 0.1848
20/98 [=====>........................] - ETA: 1s - loss: 2.4347 - accuracy: 0.1832
23/98 [======>.......................] - ETA: 1s - loss: 2.4344 - accuracy: 0.1834
27/98 [=======>......................] - ETA: 1s - loss: 2.4290 - accuracy: 0.1865
31/98 [========>.....................] - ETA: 1s - loss: 2.4240 - accuracy: 0.1871
35/98 [=========>....................] - ETA: 1s - loss: 2.4185 - accuracy: 0.1891
38/98 [==========>...................] - ETA: 1s - loss: 2.4163 - accuracy: 0.1885
42/98 [===========>..................] - ETA: 0s - loss: 2.4110 - accuracy: 0.1885
46/98 [=============>................] - ETA: 0s - loss: 2.4077 - accuracy: 0.1898
50/98 [==============>...............] - ETA: 0s - loss: 2.4016 - accuracy: 0.1919
53/98 [===============>..............] - ETA: 0s - loss: 2.3968 - accuracy: 0.1937
57/98 [================>.............] - ETA: 0s - loss: 2.3910 - accuracy: 0.1947
61/98 [=================>............] - ETA: 0s - loss: 2.3885 - accuracy: 0.1952
65/98 [==================>...........] - ETA: 0s - loss: 2.3856 - accuracy: 0.1956
69/98 [====================>.........] - ETA: 0s - loss: 2.3840 - accuracy: 0.1962
73/98 [=====================>........] - ETA: 0s - loss: 2.3814 - accuracy: 0.1956
77/98 [======================>.......] - ETA: 0s - loss: 2.3783 - accuracy: 0.1964
80/98 [=======================>......] - ETA: 0s - loss: 2.3764 - accuracy: 0.1968
84/98 [========================>.....] - ETA: 0s - loss: 2.3735 - accuracy: 0.1976
88/98 [=========================>....] - ETA: 0s - loss: 2.3680 - accuracy: 0.1988
91/98 [==========================>...] - ETA: 0s - loss: 2.3643 - accuracy: 0.1995
94/98 [===========================>..] - ETA: 0s - loss: 2.3623 - accuracy: 0.1998
98/98 [==============================] - ETA: 0s - loss: 2.3580 - accuracy: 0.2011
98/98 [==============================] - 3s 27ms/step - loss: 2.3580 - accuracy: 0.2011 - val_loss: 2.1729 - val_accuracy: 0.2487
Epoch 3/288

 1/98 [..............................] - ETA: 3s - loss: 2.2130 - accuracy: 0.2480
 5/98 [>.............................] - ETA: 1s - loss: 2.2704 - accuracy: 0.2242
 9/98 [=>............................] - ETA: 1s - loss: 2.2716 - accuracy: 0.2240
13/98 [==>...........................] - ETA: 1s - loss: 2.2639 - accuracy: 0.2264
16/98 [===>..........................] - ETA: 1s - loss: 2.2705 - accuracy: 0.2229
20/98 [=====>........................] - ETA: 1s - loss: 2.2723 - accuracy: 0.2235
24/98 [======>.......................] - ETA: 1s - loss: 2.2630 - accuracy: 0.2253
27/98 [=======>......................] - ETA: 1s - loss: 2.2592 - accuracy: 0.2285
31/98 [========>.....................] - ETA: 1s - loss: 2.2595 - accuracy: 0.2281
35/98 [=========>....................] - ETA: 1s - loss: 2.2547 - accuracy: 0.2294
38/98 [==========>...................] - ETA: 1s - loss: 2.2518 - accuracy: 0.2303
42/98 [===========>..................] - ETA: 0s - loss: 2.2479 - accuracy: 0.2305
46/98 [=============>................] - ETA: 0s - loss: 2.2487 - accuracy: 0.2304
50/98 [==============>...............] - ETA: 0s - loss: 2.2449 - accuracy: 0.2314
54/98 [===============>..............] - ETA: 0s - loss: 2.2451 - accuracy: 0.2317
57/98 [================>.............] - ETA: 0s - loss: 2.2448 - accuracy: 0.2322
61/98 [=================>............] - ETA: 0s - loss: 2.2413 - accuracy: 0.2326
65/98 [==================>...........] - ETA: 0s - loss: 2.2393 - accuracy: 0.2331
68/98 [===================>..........] - ETA: 0s - loss: 2.2350 - accuracy: 0.2334
72/98 [=====================>........] - ETA: 0s - loss: 2.2319 - accuracy: 0.2342
76/98 [======================>.......] - ETA: 0s - loss: 2.2290 - accuracy: 0.2347
80/98 [=======================>......] - ETA: 0s - loss: 2.2290 - accuracy: 0.2352
84/98 [========================>.....] - ETA: 0s - loss: 2.2264 - accuracy: 0.2356
88/98 [=========================>....] - ETA: 0s - loss: 2.2267 - accuracy: 0.2359
91/98 [==========================>...] - ETA: 0s - loss: 2.2244 - accuracy: 0.2369
95/98 [============================>.] - ETA: 0s - loss: 2.2230 - accuracy: 0.2371
98/98 [==============================] - 3s 27ms/step - loss: 2.2231 - accuracy: 0.2375 - val_loss: 2.0788 - val_accuracy: 0.2923
Epoch 4/288

 1/98 [..............................] - ETA: 3s - loss: 2.2409 - accuracy: 0.2148
 4/98 [>.............................] - ETA: 1s - loss: 2.1988 - accuracy: 0.2402
 8/98 [=>............................] - ETA: 1s - loss: 2.1915 - accuracy: 0.2422
12/98 [==>...........................] - ETA: 1s - loss: 2.1904 - accuracy: 0.2450
16/98 [===>..........................] - ETA: 1s - loss: 2.1794 - accuracy: 0.2484
20/98 [=====>........................] - ETA: 1s - loss: 2.1867 - accuracy: 0.2462
24/98 [======>.......................] - ETA: 1s - loss: 2.1778 - accuracy: 0.2499
28/98 [=======>......................] - ETA: 1s - loss: 2.1773 - accuracy: 0.2513
32/98 [========>.....................] - ETA: 1s - loss: 2.1729 - accuracy: 0.2512
35/98 [=========>....................] - ETA: 1s - loss: 2.1730 - accuracy: 0.2516
39/98 [==========>...................] - ETA: 0s - loss: 2.1715 - accuracy: 0.2514
43/98 [============>.................] - ETA: 0s - loss: 2.1672 - accuracy: 0.2523
47/98 [=============>................] - ETA: 0s - loss: 2.1649 - accuracy: 0.2525
50/98 [==============>...............] - ETA: 0s - loss: 2.1633 - accuracy: 0.2526
54/98 [===============>..............] - ETA: 0s - loss: 2.1600 - accuracy: 0.2542
58/98 [================>.............] - ETA: 0s - loss: 2.1577 - accuracy: 0.2551
61/98 [=================>............] - ETA: 0s - loss: 2.1579 - accuracy: 0.2544
65/98 [==================>...........] - ETA: 0s - loss: 2.1578 - accuracy: 0.2540
69/98 [====================>.........] - ETA: 0s - loss: 2.1564 - accuracy: 0.2552
72/98 [=====================>........] - ETA: 0s - loss: 2.1557 - accuracy: 0.2557
76/98 [======================>.......] - ETA: 0s - loss: 2.1542 - accuracy: 0.2565
80/98 [=======================>......] - ETA: 0s - loss: 2.1537 - accuracy: 0.2570
83/98 [========================>.....] - ETA: 0s - loss: 2.1525 - accuracy: 0.2571
87/98 [=========================>....] - ETA: 0s - loss: 2.1514 - accuracy: 0.2571
91/98 [==========================>...] - ETA: 0s - loss: 2.1497 - accuracy: 0.2579
94/98 [===========================>..] - ETA: 0s - loss: 2.1496 - accuracy: 0.2583
98/98 [==============================] - ETA: 0s - loss: 2.1481 - accuracy: 0.2587
98/98 [==============================] - 3s 27ms/step - loss: 2.1481 - accuracy: 0.2587 - val_loss: 1.9751 - val_accuracy: 0.3198
Epoch 5/288

 1/98 [..............................] - ETA: 3s - loss: 2.1556 - accuracy: 0.2773
 5/98 [>.............................] - ETA: 1s - loss: 2.1084 - accuracy: 0.2746
 8/98 [=>............................] - ETA: 1s - loss: 2.0940 - accuracy: 0.2839
12/98 [==>...........................] - ETA: 1s - loss: 2.0941 - accuracy: 0.2777
16/98 [===>..........................] - ETA: 1s - loss: 2.0839 - accuracy: 0.2787
19/98 [====>.........................] - ETA: 1s - loss: 2.0891 - accuracy: 0.2765
23/98 [======>.......................] - ETA: 1s - loss: 2.0978 - accuracy: 0.2734
27/98 [=======>......................] - ETA: 1s - loss: 2.1030 - accuracy: 0.2745
30/98 [========>.....................] - ETA: 1s - loss: 2.1031 - accuracy: 0.2736
34/98 [=========>....................] - ETA: 1s - loss: 2.1021 - accuracy: 0.2738
38/98 [==========>...................] - ETA: 1s - loss: 2.1031 - accuracy: 0.2734
41/98 [===========>..................] - ETA: 0s - loss: 2.1014 - accuracy: 0.2745
45/98 [============>.................] - ETA: 0s - loss: 2.1009 - accuracy: 0.2752
49/98 [==============>...............] - ETA: 0s - loss: 2.0966 - accuracy: 0.2770
53/98 [===============>..............] - ETA: 0s - loss: 2.0952 - accuracy: 0.2773
57/98 [================>.............] - ETA: 0s - loss: 2.0953 - accuracy: 0.2766
61/98 [=================>............] - ETA: 0s - loss: 2.0950 - accuracy: 0.2769
65/98 [==================>...........] - ETA: 0s - loss: 2.0916 - accuracy: 0.2774
69/98 [====================>.........] - ETA: 0s - loss: 2.0882 - accuracy: 0.2795
73/98 [=====================>........] - ETA: 0s - loss: 2.0871 - accuracy: 0.2802
77/98 [======================>.......] - ETA: 0s - loss: 2.0867 - accuracy: 0.2806
80/98 [=======================>......] - ETA: 0s - loss: 2.0864 - accuracy: 0.2812
84/98 [========================>.....] - ETA: 0s - loss: 2.0850 - accuracy: 0.2823
88/98 [=========================>....] - ETA: 0s - loss: 2.0831 - accuracy: 0.2830
92/98 [===========================>..] - ETA: 0s - loss: 2.0807 - accuracy: 0.2833
95/98 [============================>.] - ETA: 0s - loss: 2.0811 - accuracy: 0.2839
98/98 [==============================] - 3s 27ms/step - loss: 2.0800 - accuracy: 0.2840 - val_loss: 1.8827 - val_accuracy: 0.3411
Epoch 6/288

 1/98 [..............................] - ETA: 1s - loss: 2.0882 - accuracy: 0.2949
 4/98 [>.............................] - ETA: 1s - loss: 2.0256 - accuracy: 0.3032
 8/98 [=>............................] - ETA: 1s - loss: 2.0225 - accuracy: 0.3105
12/98 [==>...........................] - ETA: 1s - loss: 2.0275 - accuracy: 0.3037
16/98 [===>..........................] - ETA: 1s - loss: 2.0266 - accuracy: 0.3014
19/98 [====>.........................] - ETA: 1s - loss: 2.0244 - accuracy: 0.3003
23/98 [======>.......................] - ETA: 1s - loss: 2.0321 - accuracy: 0.2997
27/98 [=======>......................] - ETA: 1s - loss: 2.0314 - accuracy: 0.2986
31/98 [========>.....................] - ETA: 1s - loss: 2.0341 - accuracy: 0.2971
35/98 [=========>....................] - ETA: 1s - loss: 2.0303 - accuracy: 0.2979
39/98 [==========>...................] - ETA: 0s - loss: 2.0293 - accuracy: 0.2984
42/98 [===========>..................] - ETA: 0s - loss: 2.0312 - accuracy: 0.2969
46/98 [=============>................] - ETA: 0s - loss: 2.0273 - accuracy: 0.2979
50/98 [==============>...............] - ETA: 0s - loss: 2.0294 - accuracy: 0.2977
54/98 [===============>..............] - ETA: 0s - loss: 2.0274 - accuracy: 0.2978
57/98 [================>.............] - ETA: 0s - loss: 2.0268 - accuracy: 0.2977
61/98 [=================>............] - ETA: 0s - loss: 2.0283 - accuracy: 0.2975
65/98 [==================>...........] - ETA: 0s - loss: 2.0271 - accuracy: 0.2980
68/98 [===================>..........] - ETA: 0s - loss: 2.0259 - accuracy: 0.2987
72/98 [=====================>........] - ETA: 0s - loss: 2.0270 - accuracy: 0.2993
76/98 [======================>.......] - ETA: 0s - loss: 2.0275 - accuracy: 0.2989
80/98 [=======================>......] - ETA: 0s - loss: 2.0249 - accuracy: 0.2994
83/98 [========================>.....] - ETA: 0s - loss: 2.0224 - accuracy: 0.2992
87/98 [=========================>....] - ETA: 0s - loss: 2.0218 - accuracy: 0.2988
91/98 [==========================>...] - ETA: 0s - loss: 2.0202 - accuracy: 0.2986
95/98 [============================>.] - ETA: 0s - loss: 2.0194 - accuracy: 0.2993
98/98 [==============================] - 3s 27ms/step - loss: 2.0209 - accuracy: 0.2989 - val_loss: 1.8108 - val_accuracy: 0.3603
Epoch 7/288

 1/98 [..............................] - ETA: 3s - loss: 1.9518 - accuracy: 0.3105
 4/98 [>.............................] - ETA: 1s - loss: 2.0198 - accuracy: 0.3003
 8/98 [=>............................] - ETA: 1s - loss: 1.9952 - accuracy: 0.3027
12/98 [==>...........................] - ETA: 1s - loss: 2.0026 - accuracy: 0.3035
16/98 [===>..........................] - ETA: 1s - loss: 2.0004 - accuracy: 0.3046
20/98 [=====>........................] - ETA: 1s - loss: 1.9973 - accuracy: 0.3034
24/98 [======>.......................] - ETA: 1s - loss: 1.9953 - accuracy: 0.3068
28/98 [=======>......................] - ETA: 1s - loss: 1.9948 - accuracy: 0.3066
31/98 [========>.....................] - ETA: 1s - loss: 1.9975 - accuracy: 0.3048
34/98 [=========>....................] - ETA: 1s - loss: 2.0017 - accuracy: 0.3019
38/98 [==========>...................] - ETA: 1s - loss: 1.9930 - accuracy: 0.3056
42/98 [===========>..................] - ETA: 0s - loss: 1.9950 - accuracy: 0.3045
46/98 [=============>................] - ETA: 0s - loss: 1.9971 - accuracy: 0.3043
49/98 [==============>...............] - ETA: 0s - loss: 1.9968 - accuracy: 0.3040
53/98 [===============>..............] - ETA: 0s - loss: 1.9950 - accuracy: 0.3045
57/98 [================>.............] - ETA: 0s - loss: 1.9913 - accuracy: 0.3050
60/98 [=================>............] - ETA: 0s - loss: 1.9911 - accuracy: 0.3058
64/98 [==================>...........] - ETA: 0s - loss: 1.9916 - accuracy: 0.3062
68/98 [===================>..........] - ETA: 0s - loss: 1.9900 - accuracy: 0.3069
71/98 [====================>.........] - ETA: 0s - loss: 1.9885 - accuracy: 0.3076
75/98 [=====================>........] - ETA: 0s - loss: 1.9874 - accuracy: 0.3077
79/98 [=======================>......] - ETA: 0s - loss: 1.9877 - accuracy: 0.3073
82/98 [========================>.....] - ETA: 0s - loss: 1.9899 - accuracy: 0.3067
86/98 [=========================>....] - ETA: 0s - loss: 1.9889 - accuracy: 0.3069
90/98 [==========================>...] - ETA: 0s - loss: 1.9882 - accuracy: 0.3076
94/98 [===========================>..] - ETA: 0s - loss: 1.9866 - accuracy: 0.3086
98/98 [==============================] - ETA: 0s - loss: 1.9852 - accuracy: 0.3096
98/98 [==============================] - 3s 27ms/step - loss: 1.9852 - accuracy: 0.3096 - val_loss: 1.7581 - val_accuracy: 0.3790
Epoch 8/288

 1/98 [..............................] - ETA: 3s - loss: 2.0076 - accuracy: 0.3145
 4/98 [>.............................] - ETA: 1s - loss: 1.9963 - accuracy: 0.2959
 8/98 [=>............................] - ETA: 1s - loss: 1.9751 - accuracy: 0.3101
12/98 [==>...........................] - ETA: 1s - loss: 1.9707 - accuracy: 0.3133
15/98 [===>..........................] - ETA: 1s - loss: 1.9627 - accuracy: 0.3158
19/98 [====>.........................] - ETA: 1s - loss: 1.9575 - accuracy: 0.3175
23/98 [======>.......................] - ETA: 1s - loss: 1.9662 - accuracy: 0.3147
27/98 [=======>......................] - ETA: 1s - loss: 1.9653 - accuracy: 0.3162
31/98 [========>.....................] - ETA: 1s - loss: 1.9606 - accuracy: 0.3181
34/98 [=========>....................] - ETA: 1s - loss: 1.9572 - accuracy: 0.3195
38/98 [==========>...................] - ETA: 1s - loss: 1.9535 - accuracy: 0.3210
42/98 [===========>..................] - ETA: 0s - loss: 1.9486 - accuracy: 0.3228
46/98 [=============>................] - ETA: 0s - loss: 1.9486 - accuracy: 0.3237
50/98 [==============>...............] - ETA: 0s - loss: 1.9429 - accuracy: 0.3254
54/98 [===============>..............] - ETA: 0s - loss: 1.9429 - accuracy: 0.3255
58/98 [================>.............] - ETA: 0s - loss: 1.9451 - accuracy: 0.3248
62/98 [=================>............] - ETA: 0s - loss: 1.9441 - accuracy: 0.3256
66/98 [===================>..........] - ETA: 0s - loss: 1.9460 - accuracy: 0.3251
70/98 [====================>.........] - ETA: 0s - loss: 1.9468 - accuracy: 0.3248
73/98 [=====================>........] - ETA: 0s - loss: 1.9477 - accuracy: 0.3238
77/98 [======================>.......] - ETA: 0s - loss: 1.9473 - accuracy: 0.3236
80/98 [=======================>......] - ETA: 0s - loss: 1.9474 - accuracy: 0.3236
84/98 [========================>.....] - ETA: 0s - loss: 1.9460 - accuracy: 0.3241
87/98 [=========================>....] - ETA: 0s - loss: 1.9475 - accuracy: 0.3239
91/98 [==========================>...] - ETA: 0s - loss: 1.9454 - accuracy: 0.3239
95/98 [============================>.] - ETA: 0s - loss: 1.9436 - accuracy: 0.3245
98/98 [==============================] - 3s 27ms/step - loss: 1.9423 - accuracy: 0.3254 - val_loss: 1.7157 - val_accuracy: 0.3947
Epoch 9/288

 1/98 [..............................] - ETA: 3s - loss: 1.9403 - accuracy: 0.3086
 4/98 [>.............................] - ETA: 1s - loss: 1.9372 - accuracy: 0.3301
 8/98 [=>............................] - ETA: 1s - loss: 1.9125 - accuracy: 0.3389
12/98 [==>...........................] - ETA: 1s - loss: 1.9036 - accuracy: 0.3405
16/98 [===>..........................] - ETA: 1s - loss: 1.9118 - accuracy: 0.3375
19/98 [====>.........................] - ETA: 1s - loss: 1.9204 - accuracy: 0.3353
23/98 [======>.......................] - ETA: 1s - loss: 1.9216 - accuracy: 0.3343
27/98 [=======>......................] - ETA: 1s - loss: 1.9254 - accuracy: 0.3327
30/98 [========>.....................] - ETA: 1s - loss: 1.9253 - accuracy: 0.3317
34/98 [=========>....................] - ETA: 1s - loss: 1.9257 - accuracy: 0.3305
38/98 [==========>...................] - ETA: 1s - loss: 1.9241 - accuracy: 0.3308
42/98 [===========>..................] - ETA: 0s - loss: 1.9218 - accuracy: 0.3314
45/98 [============>.................] - ETA: 0s - loss: 1.9183 - accuracy: 0.3331
49/98 [==============>...............] - ETA: 0s - loss: 1.9155 - accuracy: 0.3337
53/98 [===============>..............] - ETA: 0s - loss: 1.9168 - accuracy: 0.3324
56/98 [================>.............] - ETA: 0s - loss: 1.9157 - accuracy: 0.3331
60/98 [=================>............] - ETA: 0s - loss: 1.9170 - accuracy: 0.3333
64/98 [==================>...........] - ETA: 0s - loss: 1.9175 - accuracy: 0.3327
68/98 [===================>..........] - ETA: 0s - loss: 1.9150 - accuracy: 0.3336
71/98 [====================>.........] - ETA: 0s - loss: 1.9163 - accuracy: 0.3330
75/98 [=====================>........] - ETA: 0s - loss: 1.9153 - accuracy: 0.3348
79/98 [=======================>......] - ETA: 0s - loss: 1.9144 - accuracy: 0.3349
83/98 [========================>.....] - ETA: 0s - loss: 1.9136 - accuracy: 0.3348
86/98 [=========================>....] - ETA: 0s - loss: 1.9118 - accuracy: 0.3351
90/98 [==========================>...] - ETA: 0s - loss: 1.9071 - accuracy: 0.3367
94/98 [===========================>..] - ETA: 0s - loss: 1.9063 - accuracy: 0.3363
98/98 [==============================] - ETA: 0s - loss: 1.9050 - accuracy: 0.3367
98/98 [==============================] - 3s 27ms/step - loss: 1.9050 - accuracy: 0.3367 - val_loss: 1.6828 - val_accuracy: 0.4080
Epoch 10/288

 1/98 [..............................] - ETA: 3s - loss: 1.8863 - accuracy: 0.3457
 5/98 [>.............................] - ETA: 1s - loss: 1.8663 - accuracy: 0.3484
 9/98 [=>............................] - ETA: 1s - loss: 1.8729 - accuracy: 0.3457
13/98 [==>...........................] - ETA: 1s - loss: 1.8741 - accuracy: 0.3462
16/98 [===>..........................] - ETA: 1s - loss: 1.8745 - accuracy: 0.3446
20/98 [=====>........................] - ETA: 1s - loss: 1.8808 - accuracy: 0.3450
24/98 [======>.......................] - ETA: 1s - loss: 1.8840 - accuracy: 0.3424
28/98 [=======>......................] - ETA: 1s - loss: 1.8812 - accuracy: 0.3428
31/98 [========>.....................] - ETA: 1s - loss: 1.8850 - accuracy: 0.3424
35/98 [=========>....................] - ETA: 1s - loss: 1.8853 - accuracy: 0.3439
38/98 [==========>...................] - ETA: 0s - loss: 1.8837 - accuracy: 0.3446
42/98 [===========>..................] - ETA: 0s - loss: 1.8808 - accuracy: 0.3452
46/98 [=============>................] - ETA: 0s - loss: 1.8789 - accuracy: 0.3456
50/98 [==============>...............] - ETA: 0s - loss: 1.8753 - accuracy: 0.3469
54/98 [===============>..............] - ETA: 0s - loss: 1.8729 - accuracy: 0.3472
58/98 [================>.............] - ETA: 0s - loss: 1.8735 - accuracy: 0.3469
62/98 [=================>............] - ETA: 0s - loss: 1.8734 - accuracy: 0.3467
65/98 [==================>...........] - ETA: 0s - loss: 1.8718 - accuracy: 0.3475
69/98 [====================>.........] - ETA: 0s - loss: 1.8705 - accuracy: 0.3474
73/98 [=====================>........] - ETA: 0s - loss: 1.8737 - accuracy: 0.3468
77/98 [======================>.......] - ETA: 0s - loss: 1.8758 - accuracy: 0.3465
80/98 [=======================>......] - ETA: 0s - loss: 1.8762 - accuracy: 0.3464
84/98 [========================>.....] - ETA: 0s - loss: 1.8766 - accuracy: 0.3467
88/98 [=========================>....] - ETA: 0s - loss: 1.8740 - accuracy: 0.3475
92/98 [===========================>..] - ETA: 0s - loss: 1.8731 - accuracy: 0.3482
95/98 [============================>.] - ETA: 0s - loss: 1.8725 - accuracy: 0.3479
98/98 [==============================] - 3s 27ms/step - loss: 1.8723 - accuracy: 0.3481 - val_loss: 1.6540 - val_accuracy: 0.4188
Epoch 11/288

 1/98 [..............................] - ETA: 3s - loss: 1.8426 - accuracy: 0.3535
 4/98 [>.............................] - ETA: 1s - loss: 1.8262 - accuracy: 0.3623
 8/98 [=>............................] - ETA: 1s - loss: 1.8579 - accuracy: 0.3506
12/98 [==>...........................] - ETA: 1s - loss: 1.8692 - accuracy: 0.3512
16/98 [===>..........................] - ETA: 1s - loss: 1.8736 - accuracy: 0.3514
19/98 [====>.........................] - ETA: 1s - loss: 1.8659 - accuracy: 0.3551
23/98 [======>.......................] - ETA: 1s - loss: 1.8608 - accuracy: 0.3547
27/98 [=======>......................] - ETA: 1s - loss: 1.8566 - accuracy: 0.3546
30/98 [========>.....................] - ETA: 1s - loss: 1.8560 - accuracy: 0.3531
34/98 [=========>....................] - ETA: 1s - loss: 1.8541 - accuracy: 0.3552
38/98 [==========>...................] - ETA: 1s - loss: 1.8544 - accuracy: 0.3548
41/98 [===========>..................] - ETA: 0s - loss: 1.8534 - accuracy: 0.3546
45/98 [============>.................] - ETA: 0s - loss: 1.8526 - accuracy: 0.3553
49/98 [==============>...............] - ETA: 0s - loss: 1.8490 - accuracy: 0.3556
53/98 [===============>..............] - ETA: 0s - loss: 1.8521 - accuracy: 0.3552
57/98 [================>.............] - ETA: 0s - loss: 1.8523 - accuracy: 0.3556
60/98 [=================>............] - ETA: 0s - loss: 1.8520 - accuracy: 0.3563
64/98 [==================>...........] - ETA: 0s - loss: 1.8485 - accuracy: 0.3579
68/98 [===================>..........] - ETA: 0s - loss: 1.8451 - accuracy: 0.3591
71/98 [====================>.........] - ETA: 0s - loss: 1.8428 - accuracy: 0.3602
75/98 [=====================>........] - ETA: 0s - loss: 1.8425 - accuracy: 0.3599
79/98 [=======================>......] - ETA: 0s - loss: 1.8435 - accuracy: 0.3599
83/98 [========================>.....] - ETA: 0s - loss: 1.8426 - accuracy: 0.3607
87/98 [=========================>....] - ETA: 0s - loss: 1.8416 - accuracy: 0.3617
90/98 [==========================>...] - ETA: 0s - loss: 1.8412 - accuracy: 0.3615
94/98 [===========================>..] - ETA: 0s - loss: 1.8415 - accuracy: 0.3612
98/98 [==============================] - ETA: 0s - loss: 1.8428 - accuracy: 0.3615
98/98 [==============================] - 3s 27ms/step - loss: 1.8428 - accuracy: 0.3615 - val_loss: 1.6303 - val_accuracy: 0.4275
Epoch 12/288

 1/98 [..............................] - ETA: 3s - loss: 1.7451 - accuracy: 0.4043
 5/98 [>.............................] - ETA: 1s - loss: 1.8589 - accuracy: 0.3480
 9/98 [=>............................] - ETA: 1s - loss: 1.8496 - accuracy: 0.3550
13/98 [==>...........................] - ETA: 1s - loss: 1.8496 - accuracy: 0.3531
17/98 [====>.........................] - ETA: 1s - loss: 1.8451 - accuracy: 0.3563
21/98 [=====>........................] - ETA: 1s - loss: 1.8367 - accuracy: 0.3577
24/98 [======>.......................] - ETA: 1s - loss: 1.8375 - accuracy: 0.3582
28/98 [=======>......................] - ETA: 1s - loss: 1.8317 - accuracy: 0.3593
32/98 [========>.....................] - ETA: 1s - loss: 1.8247 - accuracy: 0.3619
36/98 [==========>...................] - ETA: 1s - loss: 1.8254 - accuracy: 0.3627
39/98 [==========>...................] - ETA: 0s - loss: 1.8261 - accuracy: 0.3627
43/98 [============>.................] - ETA: 0s - loss: 1.8219 - accuracy: 0.3641
47/98 [=============>................] - ETA: 0s - loss: 1.8152 - accuracy: 0.3663
51/98 [==============>...............] - ETA: 0s - loss: 1.8132 - accuracy: 0.3670
54/98 [===============>..............] - ETA: 0s - loss: 1.8146 - accuracy: 0.3672
58/98 [================>.............] - ETA: 0s - loss: 1.8125 - accuracy: 0.3675
62/98 [=================>............] - ETA: 0s - loss: 1.8129 - accuracy: 0.3670
66/98 [===================>..........] - ETA: 0s - loss: 1.8126 - accuracy: 0.3673
69/98 [====================>.........] - ETA: 0s - loss: 1.8127 - accuracy: 0.3679
72/98 [=====================>........] - ETA: 0s - loss: 1.8131 - accuracy: 0.3679
76/98 [======================>.......] - ETA: 0s - loss: 1.8142 - accuracy: 0.3667
80/98 [=======================>......] - ETA: 0s - loss: 1.8165 - accuracy: 0.3660
83/98 [========================>.....] - ETA: 0s - loss: 1.8150 - accuracy: 0.3665
87/98 [=========================>....] - ETA: 0s - loss: 1.8153 - accuracy: 0.3668
91/98 [==========================>...] - ETA: 0s - loss: 1.8141 - accuracy: 0.3670
95/98 [============================>.] - ETA: 0s - loss: 1.8145 - accuracy: 0.3668
98/98 [==============================] - ETA: 0s - loss: 1.8122 - accuracy: 0.3673
98/98 [==============================] - 3s 27ms/step - loss: 1.8122 - accuracy: 0.3673 - val_loss: 1.6095 - val_accuracy: 0.4350
Epoch 13/288

 1/98 [..............................] - ETA: 3s - loss: 1.8391 - accuracy: 0.3555
 5/98 [>.............................] - ETA: 1s - loss: 1.7783 - accuracy: 0.3797
 9/98 [=>............................] - ETA: 1s - loss: 1.7948 - accuracy: 0.3709
13/98 [==>...........................] - ETA: 1s - loss: 1.8049 - accuracy: 0.3648
16/98 [===>..........................] - ETA: 1s - loss: 1.8009 - accuracy: 0.3695
20/98 [=====>........................] - ETA: 1s - loss: 1.8051 - accuracy: 0.3706
24/98 [======>.......................] - ETA: 1s - loss: 1.8081 - accuracy: 0.3693
27/98 [=======>......................] - ETA: 1s - loss: 1.8114 - accuracy: 0.3687
31/98 [========>.....................] - ETA: 1s - loss: 1.8097 - accuracy: 0.3688
35/98 [=========>....................] - ETA: 1s - loss: 1.8075 - accuracy: 0.3697
39/98 [==========>...................] - ETA: 0s - loss: 1.8023 - accuracy: 0.3706
42/98 [===========>..................] - ETA: 0s - loss: 1.8017 - accuracy: 0.3710
46/98 [=============>................] - ETA: 0s - loss: 1.8015 - accuracy: 0.3711
50/98 [==============>...............] - ETA: 0s - loss: 1.8005 - accuracy: 0.3714
54/98 [===============>..............] - ETA: 0s - loss: 1.7982 - accuracy: 0.3721
58/98 [================>.............] - ETA: 0s - loss: 1.7968 - accuracy: 0.3732
62/98 [=================>............] - ETA: 0s - loss: 1.7945 - accuracy: 0.3747
65/98 [==================>...........] - ETA: 0s - loss: 1.7955 - accuracy: 0.3748
69/98 [====================>.........] - ETA: 0s - loss: 1.7936 - accuracy: 0.3743
73/98 [=====================>........] - ETA: 0s - loss: 1.7950 - accuracy: 0.3748
76/98 [======================>.......] - ETA: 0s - loss: 1.7963 - accuracy: 0.3742
80/98 [=======================>......] - ETA: 0s - loss: 1.7942 - accuracy: 0.3740
83/98 [========================>.....] - ETA: 0s - loss: 1.7932 - accuracy: 0.3747
86/98 [=========================>....] - ETA: 0s - loss: 1.7923 - accuracy: 0.3747
90/98 [==========================>...] - ETA: 0s - loss: 1.7908 - accuracy: 0.3752
93/98 [===========================>..] - ETA: 0s - loss: 1.7909 - accuracy: 0.3755
97/98 [============================>.] - ETA: 0s - loss: 1.7900 - accuracy: 0.3760
98/98 [==============================] - 3s 27ms/step - loss: 1.7901 - accuracy: 0.3759 - val_loss: 1.5910 - val_accuracy: 0.4410
Epoch 14/288

 1/98 [..............................] - ETA: 3s - loss: 1.7970 - accuracy: 0.3770
 5/98 [>.............................] - ETA: 1s - loss: 1.7658 - accuracy: 0.3914
 8/98 [=>............................] - ETA: 1s - loss: 1.7592 - accuracy: 0.3918
12/98 [==>...........................] - ETA: 1s - loss: 1.7616 - accuracy: 0.3893
16/98 [===>..........................] - ETA: 1s - loss: 1.7679 - accuracy: 0.3864
19/98 [====>.........................] - ETA: 1s - loss: 1.7713 - accuracy: 0.3852
23/98 [======>.......................] - ETA: 1s - loss: 1.7797 - accuracy: 0.3818
27/98 [=======>......................] - ETA: 1s - loss: 1.7765 - accuracy: 0.3821
31/98 [========>.....................] - ETA: 1s - loss: 1.7791 - accuracy: 0.3818
34/98 [=========>....................] - ETA: 1s - loss: 1.7777 - accuracy: 0.3805
38/98 [==========>...................] - ETA: 1s - loss: 1.7770 - accuracy: 0.3796
42/98 [===========>..................] - ETA: 0s - loss: 1.7742 - accuracy: 0.3797
46/98 [=============>................] - ETA: 0s - loss: 1.7730 - accuracy: 0.3803
50/98 [==============>...............] - ETA: 0s - loss: 1.7711 - accuracy: 0.3822
54/98 [===============>..............] - ETA: 0s - loss: 1.7721 - accuracy: 0.3811
58/98 [================>.............] - ETA: 0s - loss: 1.7691 - accuracy: 0.3827
62/98 [=================>............] - ETA: 0s - loss: 1.7697 - accuracy: 0.3823
66/98 [===================>..........] - ETA: 0s - loss: 1.7681 - accuracy: 0.3830
70/98 [====================>.........] - ETA: 0s - loss: 1.7693 - accuracy: 0.3823
74/98 [=====================>........] - ETA: 0s - loss: 1.7697 - accuracy: 0.3814
77/98 [======================>.......] - ETA: 0s - loss: 1.7698 - accuracy: 0.3816
81/98 [=======================>......] - ETA: 0s - loss: 1.7706 - accuracy: 0.3817
85/98 [=========================>....] - ETA: 0s - loss: 1.7687 - accuracy: 0.3825
89/98 [==========================>...] - ETA: 0s - loss: 1.7700 - accuracy: 0.3824
92/98 [===========================>..] - ETA: 0s - loss: 1.7683 - accuracy: 0.3832
96/98 [============================>.] - ETA: 0s - loss: 1.7663 - accuracy: 0.3834
98/98 [==============================] - 3s 27ms/step - loss: 1.7655 - accuracy: 0.3836 - val_loss: 1.5743 - val_accuracy: 0.4488
Epoch 15/288

 1/98 [..............................] - ETA: 3s - loss: 1.7144 - accuracy: 0.4062
 5/98 [>.............................] - ETA: 1s - loss: 1.7459 - accuracy: 0.3875
 9/98 [=>............................] - ETA: 1s - loss: 1.7397 - accuracy: 0.3943
13/98 [==>...........................] - ETA: 1s - loss: 1.7460 - accuracy: 0.3923
16/98 [===>..........................] - ETA: 1s - loss: 1.7459 - accuracy: 0.3925
20/98 [=====>........................] - ETA: 1s - loss: 1.7450 - accuracy: 0.3921
24/98 [======>.......................] - ETA: 1s - loss: 1.7535 - accuracy: 0.3896
27/98 [=======>......................] - ETA: 1s - loss: 1.7458 - accuracy: 0.3919
31/98 [========>.....................] - ETA: 1s - loss: 1.7424 - accuracy: 0.3940
35/98 [=========>....................] - ETA: 1s - loss: 1.7473 - accuracy: 0.3914
39/98 [==========>...................] - ETA: 0s - loss: 1.7488 - accuracy: 0.3893
42/98 [===========>..................] - ETA: 0s - loss: 1.7488 - accuracy: 0.3885
46/98 [=============>................] - ETA: 0s - loss: 1.7503 - accuracy: 0.3874
50/98 [==============>...............] - ETA: 0s - loss: 1.7503 - accuracy: 0.3872
54/98 [===============>..............] - ETA: 0s - loss: 1.7481 - accuracy: 0.3878
58/98 [================>.............] - ETA: 0s - loss: 1.7477 - accuracy: 0.3882
62/98 [=================>............] - ETA: 0s - loss: 1.7470 - accuracy: 0.3881
66/98 [===================>..........] - ETA: 0s - loss: 1.7474 - accuracy: 0.3875
69/98 [====================>.........] - ETA: 0s - loss: 1.7453 - accuracy: 0.3886
73/98 [=====================>........] - ETA: 0s - loss: 1.7457 - accuracy: 0.3888
77/98 [======================>.......] - ETA: 0s - loss: 1.7472 - accuracy: 0.3886
80/98 [=======================>......] - ETA: 0s - loss: 1.7457 - accuracy: 0.3896
84/98 [========================>.....] - ETA: 0s - loss: 1.7471 - accuracy: 0.3894
88/98 [=========================>....] - ETA: 0s - loss: 1.7471 - accuracy: 0.3895
92/98 [===========================>..] - ETA: 0s - loss: 1.7475 - accuracy: 0.3892
95/98 [============================>.] - ETA: 0s - loss: 1.7455 - accuracy: 0.3897
98/98 [==============================] - 3s 27ms/step - loss: 1.7447 - accuracy: 0.3904 - val_loss: 1.5582 - val_accuracy: 0.4534
Epoch 16/288

 1/98 [..............................] - ETA: 3s - loss: 1.7934 - accuracy: 0.3691
 5/98 [>.............................] - ETA: 1s - loss: 1.7670 - accuracy: 0.3812
 9/98 [=>............................] - ETA: 1s - loss: 1.7405 - accuracy: 0.3908
13/98 [==>...........................] - ETA: 1s - loss: 1.7355 - accuracy: 0.3875
17/98 [====>.........................] - ETA: 1s - loss: 1.7335 - accuracy: 0.3911
21/98 [=====>........................] - ETA: 1s - loss: 1.7373 - accuracy: 0.3916
25/98 [======>.......................] - ETA: 1s - loss: 1.7350 - accuracy: 0.3919
28/98 [=======>......................] - ETA: 1s - loss: 1.7332 - accuracy: 0.3930
32/98 [========>.....................] - ETA: 1s - loss: 1.7318 - accuracy: 0.3929
36/98 [==========>...................] - ETA: 1s - loss: 1.7338 - accuracy: 0.3931
39/98 [==========>...................] - ETA: 0s - loss: 1.7339 - accuracy: 0.3946
41/98 [===========>..................] - ETA: 1s - loss: 1.7314 - accuracy: 0.3954
45/98 [============>.................] - ETA: 0s - loss: 1.7335 - accuracy: 0.3947
48/98 [=============>................] - ETA: 0s - loss: 1.7280 - accuracy: 0.3961
52/98 [==============>...............] - ETA: 0s - loss: 1.7277 - accuracy: 0.3955
56/98 [================>.............] - ETA: 0s - loss: 1.7300 - accuracy: 0.3945
59/98 [=================>............] - ETA: 0s - loss: 1.7304 - accuracy: 0.3943
63/98 [==================>...........] - ETA: 0s - loss: 1.7319 - accuracy: 0.3942
66/98 [===================>..........] - ETA: 0s - loss: 1.7284 - accuracy: 0.3948
70/98 [====================>.........] - ETA: 0s - loss: 1.7274 - accuracy: 0.3949
73/98 [=====================>........] - ETA: 0s - loss: 1.7280 - accuracy: 0.3947
77/98 [======================>.......] - ETA: 0s - loss: 1.7264 - accuracy: 0.3961
81/98 [=======================>......] - ETA: 0s - loss: 1.7232 - accuracy: 0.3970
85/98 [=========================>....] - ETA: 0s - loss: 1.7240 - accuracy: 0.3966
88/98 [=========================>....] - ETA: 0s - loss: 1.7247 - accuracy: 0.3964
92/98 [===========================>..] - ETA: 0s - loss: 1.7240 - accuracy: 0.3968
