2024-06-25 21:51:45.403735: I tensorflow/core/platform/cpu_feature_guard.cc:193] This TensorFlow binary is optimized with oneAPI Deep Neural Network Library (oneDNN) to use the following CPU instructions in performance-critical operations:  AVX AVX2
To enable them in other operations, rebuild TensorFlow with the appropriate compiler flags.
2024-06-25 21:51:46.409672: I tensorflow/core/common_runtime/gpu/gpu_device.cc:1616] Created device /job:localhost/replica:0/task:0/device:GPU:0 with 6656 MB memory:  -> device: 0, name: NVIDIA GeForce RTX 4060 Ti, pci bus id: 0000:01:00.0, compute capability: 8.9
1 Physical GPUs, 1 Logical GPUs
Model: "sequential"
_________________________________________________________________
 Layer (type)                Output Shape              Param #   
=================================================================
 conv2d (Conv2D)             (None, 32, 32, 32)        896       
                                                                 
 max_pooling2d (MaxPooling2D  (None, 16, 16, 32)       0         
 )                                                               
                                                                 
 batch_normalization (BatchN  (None, 16, 16, 32)       128       
 ormalization)                                                   
                                                                 
 dropout (Dropout)           (None, 16, 16, 32)        0         
                                                                 
 flatten (Flatten)           (None, 8192)              0         
                                                                 
 dense (Dense)               (None, 10)                81930     
                                                                 
=================================================================
Total params: 82,954
Trainable params: 82,890
Non-trainable params: 64
_________________________________________________________________
Taxa de aprendizado:  1e-05 Num de épocas:  288 Tamanho do lote:  512 Dropout:  0.38361
Epoch 1/288
2024-06-25 21:51:48.423521: I tensorflow/stream_executor/cuda/cuda_dnn.cc:384] Loaded cuDNN version 8100
2024-06-25 21:51:50.258646: W tensorflow/stream_executor/gpu/redzone_allocator.cc:314] INTERNAL: ptxas exited with non-zero error code -1, output: 
Relying on driver to perform ptx compilation. 
Modify $PATH to customize ptxas location.
This message will be only logged once.
2024-06-25 21:51:52.210482: I tensorflow/stream_executor/cuda/cuda_blas.cc:1614] TensorFloat-32 will be used for the matrix multiplication. This will only be logged once.

 1/98 [..............................] - ETA: 9:31 - loss: 2.9336 - accuracy: 0.0879
 5/98 [>.............................] - ETA: 3s - loss: 2.9109 - accuracy: 0.0931  
 9/98 [=>............................] - ETA: 2s - loss: 2.8658 - accuracy: 0.1022
13/98 [==>...........................] - ETA: 2s - loss: 2.8547 - accuracy: 0.0985
17/98 [====>.........................] - ETA: 1s - loss: 2.8506 - accuracy: 0.1004
20/98 [=====>........................] - ETA: 1s - loss: 2.8368 - accuracy: 0.1025
24/98 [======>.......................] - ETA: 1s - loss: 2.8193 - accuracy: 0.1060
28/98 [=======>......................] - ETA: 1s - loss: 2.8019 - accuracy: 0.1083
31/98 [========>.....................] - ETA: 1s - loss: 2.7865 - accuracy: 0.1099
34/98 [=========>....................] - ETA: 1s - loss: 2.7783 - accuracy: 0.1101
38/98 [==========>...................] - ETA: 1s - loss: 2.7599 - accuracy: 0.1138
42/98 [===========>..................] - ETA: 1s - loss: 2.7479 - accuracy: 0.1150
46/98 [=============>................] - ETA: 0s - loss: 2.7387 - accuracy: 0.1169
50/98 [==============>...............] - ETA: 0s - loss: 2.7292 - accuracy: 0.1182
54/98 [===============>..............] - ETA: 0s - loss: 2.7227 - accuracy: 0.1195
58/98 [================>.............] - ETA: 0s - loss: 2.7165 - accuracy: 0.1205
62/98 [=================>............] - ETA: 0s - loss: 2.7080 - accuracy: 0.1223
66/98 [===================>..........] - ETA: 0s - loss: 2.7007 - accuracy: 0.1235
69/98 [====================>.........] - ETA: 0s - loss: 2.6935 - accuracy: 0.1245
73/98 [=====================>........] - ETA: 0s - loss: 2.6864 - accuracy: 0.1269
77/98 [======================>.......] - ETA: 0s - loss: 2.6761 - accuracy: 0.1286
80/98 [=======================>......] - ETA: 0s - loss: 2.6692 - accuracy: 0.1302
84/98 [========================>.....] - ETA: 0s - loss: 2.6627 - accuracy: 0.1317
88/98 [=========================>....] - ETA: 0s - loss: 2.6555 - accuracy: 0.1331
92/98 [===========================>..] - ETA: 0s - loss: 2.6469 - accuracy: 0.1349
96/98 [============================>.] - ETA: 0s - loss: 2.6404 - accuracy: 0.1365
98/98 [==============================] - 9s 31ms/step - loss: 2.6369 - accuracy: 0.1373 - val_loss: 2.2466 - val_accuracy: 0.1695
Epoch 2/288

 1/98 [..............................] - ETA: 3s - loss: 2.4994 - accuracy: 0.1309
 5/98 [>.............................] - ETA: 1s - loss: 2.5050 - accuracy: 0.1621
 8/98 [=>............................] - ETA: 1s - loss: 2.4905 - accuracy: 0.1685
12/98 [==>...........................] - ETA: 1s - loss: 2.4897 - accuracy: 0.1665
16/98 [===>..........................] - ETA: 1s - loss: 2.4790 - accuracy: 0.1698
20/98 [=====>........................] - ETA: 1s - loss: 2.4752 - accuracy: 0.1721
24/98 [======>.......................] - ETA: 1s - loss: 2.4680 - accuracy: 0.1744
28/98 [=======>......................] - ETA: 1s - loss: 2.4635 - accuracy: 0.1770
31/98 [========>.....................] - ETA: 1s - loss: 2.4605 - accuracy: 0.1767
36/98 [==========>...................] - ETA: 1s - loss: 2.4546 - accuracy: 0.1788
40/98 [===========>..................] - ETA: 0s - loss: 2.4491 - accuracy: 0.1801
44/98 [============>.................] - ETA: 0s - loss: 2.4481 - accuracy: 0.1793
47/98 [=============>................] - ETA: 0s - loss: 2.4482 - accuracy: 0.1792
51/98 [==============>...............] - ETA: 0s - loss: 2.4451 - accuracy: 0.1796
55/98 [===============>..............] - ETA: 0s - loss: 2.4402 - accuracy: 0.1804
58/98 [================>.............] - ETA: 0s - loss: 2.4378 - accuracy: 0.1811
62/98 [=================>............] - ETA: 0s - loss: 2.4373 - accuracy: 0.1813
66/98 [===================>..........] - ETA: 0s - loss: 2.4331 - accuracy: 0.1819
69/98 [====================>.........] - ETA: 0s - loss: 2.4306 - accuracy: 0.1824
73/98 [=====================>........] - ETA: 0s - loss: 2.4272 - accuracy: 0.1837
77/98 [======================>.......] - ETA: 0s - loss: 2.4215 - accuracy: 0.1844
81/98 [=======================>......] - ETA: 0s - loss: 2.4168 - accuracy: 0.1848
85/98 [=========================>....] - ETA: 0s - loss: 2.4150 - accuracy: 0.1854
89/98 [==========================>...] - ETA: 0s - loss: 2.4125 - accuracy: 0.1861
93/98 [===========================>..] - ETA: 0s - loss: 2.4087 - accuracy: 0.1871
96/98 [============================>.] - ETA: 0s - loss: 2.4057 - accuracy: 0.1875
98/98 [==============================] - 3s 27ms/step - loss: 2.4050 - accuracy: 0.1876 - val_loss: 2.1671 - val_accuracy: 0.2356
Epoch 3/288

 1/98 [..............................] - ETA: 3s - loss: 2.3004 - accuracy: 0.2266
 5/98 [>.............................] - ETA: 1s - loss: 2.3165 - accuracy: 0.2074
 8/98 [=>............................] - ETA: 1s - loss: 2.2894 - accuracy: 0.2109
12/98 [==>...........................] - ETA: 1s - loss: 2.2970 - accuracy: 0.2082
16/98 [===>..........................] - ETA: 1s - loss: 2.3105 - accuracy: 0.2072
20/98 [=====>........................] - ETA: 1s - loss: 2.3168 - accuracy: 0.2047
24/98 [======>.......................] - ETA: 1s - loss: 2.3166 - accuracy: 0.2055
28/98 [=======>......................] - ETA: 1s - loss: 2.3187 - accuracy: 0.2066
32/98 [========>.....................] - ETA: 1s - loss: 2.3198 - accuracy: 0.2067
36/98 [==========>...................] - ETA: 1s - loss: 2.3195 - accuracy: 0.2067
40/98 [===========>..................] - ETA: 0s - loss: 2.3148 - accuracy: 0.2078
44/98 [============>.................] - ETA: 0s - loss: 2.3137 - accuracy: 0.2090
48/98 [=============>................] - ETA: 0s - loss: 2.3136 - accuracy: 0.2091
52/98 [==============>...............] - ETA: 0s - loss: 2.3137 - accuracy: 0.2095
56/98 [================>.............] - ETA: 0s - loss: 2.3143 - accuracy: 0.2095
60/98 [=================>............] - ETA: 0s - loss: 2.3102 - accuracy: 0.2103
64/98 [==================>...........] - ETA: 0s - loss: 2.3072 - accuracy: 0.2124
68/98 [===================>..........] - ETA: 0s - loss: 2.3065 - accuracy: 0.2126
72/98 [=====================>........] - ETA: 0s - loss: 2.3032 - accuracy: 0.2131
76/98 [======================>.......] - ETA: 0s - loss: 2.3016 - accuracy: 0.2132
79/98 [=======================>......] - ETA: 0s - loss: 2.3000 - accuracy: 0.2139
83/98 [========================>.....] - ETA: 0s - loss: 2.2982 - accuracy: 0.2143
87/98 [=========================>....] - ETA: 0s - loss: 2.2961 - accuracy: 0.2152
91/98 [==========================>...] - ETA: 0s - loss: 2.2941 - accuracy: 0.2159
95/98 [============================>.] - ETA: 0s - loss: 2.2922 - accuracy: 0.2166
98/98 [==============================] - 3s 27ms/step - loss: 2.2909 - accuracy: 0.2167 - val_loss: 2.0843 - val_accuracy: 0.2682
Epoch 4/288

 1/98 [..............................] - ETA: 3s - loss: 2.2971 - accuracy: 0.2266
 5/98 [>.............................] - ETA: 1s - loss: 2.2722 - accuracy: 0.2227
 9/98 [=>............................] - ETA: 1s - loss: 2.2517 - accuracy: 0.2279
13/98 [==>...........................] - ETA: 1s - loss: 2.2410 - accuracy: 0.2236
17/98 [====>.........................] - ETA: 1s - loss: 2.2378 - accuracy: 0.2268
21/98 [=====>........................] - ETA: 1s - loss: 2.2382 - accuracy: 0.2258
24/98 [======>.......................] - ETA: 1s - loss: 2.2365 - accuracy: 0.2270
28/98 [=======>......................] - ETA: 1s - loss: 2.2349 - accuracy: 0.2284
32/98 [========>.....................] - ETA: 1s - loss: 2.2316 - accuracy: 0.2278
35/98 [=========>....................] - ETA: 1s - loss: 2.2277 - accuracy: 0.2293
39/98 [==========>...................] - ETA: 0s - loss: 2.2226 - accuracy: 0.2303
43/98 [============>.................] - ETA: 0s - loss: 2.2229 - accuracy: 0.2319
47/98 [=============>................] - ETA: 0s - loss: 2.2226 - accuracy: 0.2324
50/98 [==============>...............] - ETA: 0s - loss: 2.2175 - accuracy: 0.2330
54/98 [===============>..............] - ETA: 0s - loss: 2.2164 - accuracy: 0.2341
58/98 [================>.............] - ETA: 0s - loss: 2.2144 - accuracy: 0.2350
62/98 [=================>............] - ETA: 0s - loss: 2.2130 - accuracy: 0.2359
66/98 [===================>..........] - ETA: 0s - loss: 2.2104 - accuracy: 0.2371
70/98 [====================>.........] - ETA: 0s - loss: 2.2088 - accuracy: 0.2375
74/98 [=====================>........] - ETA: 0s - loss: 2.2090 - accuracy: 0.2380
78/98 [======================>.......] - ETA: 0s - loss: 2.2082 - accuracy: 0.2385
81/98 [=======================>......] - ETA: 0s - loss: 2.2068 - accuracy: 0.2388
85/98 [=========================>....] - ETA: 0s - loss: 2.2069 - accuracy: 0.2389
89/98 [==========================>...] - ETA: 0s - loss: 2.2059 - accuracy: 0.2396
92/98 [===========================>..] - ETA: 0s - loss: 2.2057 - accuracy: 0.2396
96/98 [============================>.] - ETA: 0s - loss: 2.2039 - accuracy: 0.2406
98/98 [==============================] - 3s 27ms/step - loss: 2.2027 - accuracy: 0.2409 - val_loss: 2.0069 - val_accuracy: 0.2953
Epoch 5/288

 1/98 [..............................] - ETA: 3s - loss: 2.1957 - accuracy: 0.2598
 5/98 [>.............................] - ETA: 1s - loss: 2.1706 - accuracy: 0.2520
 9/98 [=>............................] - ETA: 1s - loss: 2.1648 - accuracy: 0.2535
13/98 [==>...........................] - ETA: 1s - loss: 2.1575 - accuracy: 0.2577
17/98 [====>.........................] - ETA: 1s - loss: 2.1655 - accuracy: 0.2554
21/98 [=====>........................] - ETA: 1s - loss: 2.1665 - accuracy: 0.2543
25/98 [======>.......................] - ETA: 1s - loss: 2.1662 - accuracy: 0.2552
28/98 [=======>......................] - ETA: 1s - loss: 2.1633 - accuracy: 0.2563
32/98 [========>.....................] - ETA: 1s - loss: 2.1578 - accuracy: 0.2573
36/98 [==========>...................] - ETA: 1s - loss: 2.1550 - accuracy: 0.2579
39/98 [==========>...................] - ETA: 0s - loss: 2.1536 - accuracy: 0.2584
43/98 [============>.................] - ETA: 0s - loss: 2.1581 - accuracy: 0.2578
47/98 [=============>................] - ETA: 0s - loss: 2.1575 - accuracy: 0.2584
51/98 [==============>...............] - ETA: 0s - loss: 2.1555 - accuracy: 0.2587
54/98 [===============>..............] - ETA: 0s - loss: 2.1535 - accuracy: 0.2582
58/98 [================>.............] - ETA: 0s - loss: 2.1521 - accuracy: 0.2586
62/98 [=================>............] - ETA: 0s - loss: 2.1542 - accuracy: 0.2571
65/98 [==================>...........] - ETA: 0s - loss: 2.1527 - accuracy: 0.2575
69/98 [====================>.........] - ETA: 0s - loss: 2.1521 - accuracy: 0.2583
73/98 [=====================>........] - ETA: 0s - loss: 2.1518 - accuracy: 0.2581
76/98 [======================>.......] - ETA: 0s - loss: 2.1512 - accuracy: 0.2580
80/98 [=======================>......] - ETA: 0s - loss: 2.1508 - accuracy: 0.2580
84/98 [========================>.....] - ETA: 0s - loss: 2.1490 - accuracy: 0.2585
88/98 [=========================>....] - ETA: 0s - loss: 2.1455 - accuracy: 0.2596
92/98 [===========================>..] - ETA: 0s - loss: 2.1430 - accuracy: 0.2603
96/98 [============================>.] - ETA: 0s - loss: 2.1411 - accuracy: 0.2609
98/98 [==============================] - 3s 27ms/step - loss: 2.1414 - accuracy: 0.2611 - val_loss: 1.9392 - val_accuracy: 0.3178
Epoch 6/288

 1/98 [..............................] - ETA: 2s - loss: 2.1660 - accuracy: 0.2773
 5/98 [>.............................] - ETA: 1s - loss: 2.1471 - accuracy: 0.2680
 9/98 [=>............................] - ETA: 1s - loss: 2.1400 - accuracy: 0.2676
14/98 [===>..........................] - ETA: 1s - loss: 2.1366 - accuracy: 0.2656
18/98 [====>.........................] - ETA: 1s - loss: 2.1194 - accuracy: 0.2691
22/98 [=====>........................] - ETA: 1s - loss: 2.1171 - accuracy: 0.2671
25/98 [======>.......................] - ETA: 1s - loss: 2.1143 - accuracy: 0.2700
29/98 [=======>......................] - ETA: 1s - loss: 2.1054 - accuracy: 0.2713
33/98 [=========>....................] - ETA: 1s - loss: 2.1048 - accuracy: 0.2697
37/98 [==========>...................] - ETA: 1s - loss: 2.1061 - accuracy: 0.2687
41/98 [===========>..................] - ETA: 0s - loss: 2.1048 - accuracy: 0.2700
45/98 [============>.................] - ETA: 0s - loss: 2.1044 - accuracy: 0.2693
49/98 [==============>...............] - ETA: 0s - loss: 2.0980 - accuracy: 0.2722
52/98 [==============>...............] - ETA: 0s - loss: 2.0972 - accuracy: 0.2721
56/98 [================>.............] - ETA: 0s - loss: 2.0959 - accuracy: 0.2719
59/98 [=================>............] - ETA: 0s - loss: 2.0942 - accuracy: 0.2724
63/98 [==================>...........] - ETA: 0s - loss: 2.0933 - accuracy: 0.2731
66/98 [===================>..........] - ETA: 0s - loss: 2.0947 - accuracy: 0.2728
70/98 [====================>.........] - ETA: 0s - loss: 2.0933 - accuracy: 0.2731
74/98 [=====================>........] - ETA: 0s - loss: 2.0930 - accuracy: 0.2737
77/98 [======================>.......] - ETA: 0s - loss: 2.0915 - accuracy: 0.2747
80/98 [=======================>......] - ETA: 0s - loss: 2.0908 - accuracy: 0.2745
84/98 [========================>.....] - ETA: 0s - loss: 2.0905 - accuracy: 0.2747
87/98 [=========================>....] - ETA: 0s - loss: 2.0923 - accuracy: 0.2740
91/98 [==========================>...] - ETA: 0s - loss: 2.0899 - accuracy: 0.2749
95/98 [============================>.] - ETA: 0s - loss: 2.0886 - accuracy: 0.2755
98/98 [==============================] - 3s 27ms/step - loss: 2.0886 - accuracy: 0.2751 - val_loss: 1.8776 - val_accuracy: 0.3406
Epoch 7/288

 1/98 [..............................] - ETA: 3s - loss: 2.1200 - accuracy: 0.2773
 5/98 [>.............................] - ETA: 1s - loss: 2.0952 - accuracy: 0.2898
 9/98 [=>............................] - ETA: 1s - loss: 2.0813 - accuracy: 0.2823
13/98 [==>...........................] - ETA: 1s - loss: 2.0717 - accuracy: 0.2802
16/98 [===>..........................] - ETA: 1s - loss: 2.0720 - accuracy: 0.2767
20/98 [=====>........................] - ETA: 1s - loss: 2.0687 - accuracy: 0.2822
24/98 [======>.......................] - ETA: 1s - loss: 2.0614 - accuracy: 0.2847
27/98 [=======>......................] - ETA: 1s - loss: 2.0660 - accuracy: 0.2842
31/98 [========>.....................] - ETA: 1s - loss: 2.0626 - accuracy: 0.2852
35/98 [=========>....................] - ETA: 1s - loss: 2.0644 - accuracy: 0.2831
39/98 [==========>...................] - ETA: 0s - loss: 2.0626 - accuracy: 0.2847
43/98 [============>.................] - ETA: 0s - loss: 2.0586 - accuracy: 0.2858
47/98 [=============>................] - ETA: 0s - loss: 2.0579 - accuracy: 0.2862
51/98 [==============>...............] - ETA: 0s - loss: 2.0581 - accuracy: 0.2852
55/98 [===============>..............] - ETA: 0s - loss: 2.0555 - accuracy: 0.2857
58/98 [================>.............] - ETA: 0s - loss: 2.0548 - accuracy: 0.2862
62/98 [=================>............] - ETA: 0s - loss: 2.0537 - accuracy: 0.2866
66/98 [===================>..........] - ETA: 0s - loss: 2.0554 - accuracy: 0.2865
69/98 [====================>.........] - ETA: 0s - loss: 2.0546 - accuracy: 0.2868
73/98 [=====================>........] - ETA: 0s - loss: 2.0535 - accuracy: 0.2878
77/98 [======================>.......] - ETA: 0s - loss: 2.0523 - accuracy: 0.2883
81/98 [=======================>......] - ETA: 0s - loss: 2.0539 - accuracy: 0.2880
85/98 [=========================>....] - ETA: 0s - loss: 2.0532 - accuracy: 0.2885
89/98 [==========================>...] - ETA: 0s - loss: 2.0533 - accuracy: 0.2891
92/98 [===========================>..] - ETA: 0s - loss: 2.0514 - accuracy: 0.2899
96/98 [============================>.] - ETA: 0s - loss: 2.0502 - accuracy: 0.2905
98/98 [==============================] - 3s 27ms/step - loss: 2.0496 - accuracy: 0.2905 - val_loss: 1.8236 - val_accuracy: 0.3603
Epoch 8/288

 1/98 [..............................] - ETA: 3s - loss: 2.0240 - accuracy: 0.2871
 4/98 [>.............................] - ETA: 1s - loss: 2.0065 - accuracy: 0.2993
 8/98 [=>............................] - ETA: 1s - loss: 2.0016 - accuracy: 0.3003
12/98 [==>...........................] - ETA: 1s - loss: 1.9965 - accuracy: 0.3051
16/98 [===>..........................] - ETA: 1s - loss: 2.0008 - accuracy: 0.3043
20/98 [=====>........................] - ETA: 1s - loss: 1.9965 - accuracy: 0.3053
23/98 [======>.......................] - ETA: 1s - loss: 1.9962 - accuracy: 0.3065
27/98 [=======>......................] - ETA: 1s - loss: 1.9960 - accuracy: 0.3092
31/98 [========>.....................] - ETA: 1s - loss: 1.9953 - accuracy: 0.3094
34/98 [=========>....................] - ETA: 1s - loss: 1.9942 - accuracy: 0.3098
37/98 [==========>...................] - ETA: 1s - loss: 1.9896 - accuracy: 0.3104
41/98 [===========>..................] - ETA: 0s - loss: 1.9911 - accuracy: 0.3103
44/98 [============>.................] - ETA: 0s - loss: 1.9913 - accuracy: 0.3099
48/98 [=============>................] - ETA: 0s - loss: 1.9942 - accuracy: 0.3086
52/98 [==============>...............] - ETA: 0s - loss: 1.9944 - accuracy: 0.3080
56/98 [================>.............] - ETA: 0s - loss: 1.9978 - accuracy: 0.3072
60/98 [=================>............] - ETA: 0s - loss: 1.9999 - accuracy: 0.3069
64/98 [==================>...........] - ETA: 0s - loss: 2.0016 - accuracy: 0.3060
68/98 [===================>..........] - ETA: 0s - loss: 2.0028 - accuracy: 0.3059
72/98 [=====================>........] - ETA: 0s - loss: 2.0042 - accuracy: 0.3055
76/98 [======================>.......] - ETA: 0s - loss: 2.0027 - accuracy: 0.3055
80/98 [=======================>......] - ETA: 0s - loss: 2.0010 - accuracy: 0.3059
84/98 [========================>.....] - ETA: 0s - loss: 2.0004 - accuracy: 0.3058
87/98 [=========================>....] - ETA: 0s - loss: 2.0000 - accuracy: 0.3061
91/98 [==========================>...] - ETA: 0s - loss: 1.9996 - accuracy: 0.3064
95/98 [============================>.] - ETA: 0s - loss: 1.9972 - accuracy: 0.3072
98/98 [==============================] - 3s 27ms/step - loss: 1.9976 - accuracy: 0.3072 - val_loss: 1.7782 - val_accuracy: 0.3756
Epoch 9/288

 1/98 [..............................] - ETA: 3s - loss: 1.9653 - accuracy: 0.3594
 5/98 [>.............................] - ETA: 1s - loss: 1.9934 - accuracy: 0.3180
 9/98 [=>............................] - ETA: 1s - loss: 1.9752 - accuracy: 0.3205
13/98 [==>...........................] - ETA: 1s - loss: 1.9773 - accuracy: 0.3191
17/98 [====>.........................] - ETA: 1s - loss: 1.9790 - accuracy: 0.3199
20/98 [=====>........................] - ETA: 1s - loss: 1.9781 - accuracy: 0.3204
24/98 [======>.......................] - ETA: 1s - loss: 1.9836 - accuracy: 0.3174
28/98 [=======>......................] - ETA: 1s - loss: 1.9784 - accuracy: 0.3165
31/98 [========>.....................] - ETA: 1s - loss: 1.9798 - accuracy: 0.3179
35/98 [=========>....................] - ETA: 1s - loss: 1.9836 - accuracy: 0.3152
39/98 [==========>...................] - ETA: 0s - loss: 1.9822 - accuracy: 0.3156
43/98 [============>.................] - ETA: 0s - loss: 1.9808 - accuracy: 0.3155
46/98 [=============>................] - ETA: 0s - loss: 1.9793 - accuracy: 0.3160
50/98 [==============>...............] - ETA: 0s - loss: 1.9776 - accuracy: 0.3164
54/98 [===============>..............] - ETA: 0s - loss: 1.9769 - accuracy: 0.3160
58/98 [================>.............] - ETA: 0s - loss: 1.9752 - accuracy: 0.3160
62/98 [=================>............] - ETA: 0s - loss: 1.9743 - accuracy: 0.3153
65/98 [==================>...........] - ETA: 0s - loss: 1.9738 - accuracy: 0.3156
69/98 [====================>.........] - ETA: 0s - loss: 1.9736 - accuracy: 0.3157
73/98 [=====================>........] - ETA: 0s - loss: 1.9723 - accuracy: 0.3159
77/98 [======================>.......] - ETA: 0s - loss: 1.9728 - accuracy: 0.3145
80/98 [=======================>......] - ETA: 0s - loss: 1.9737 - accuracy: 0.3138
84/98 [========================>.....] - ETA: 0s - loss: 1.9729 - accuracy: 0.3145
88/98 [=========================>....] - ETA: 0s - loss: 1.9723 - accuracy: 0.3145
91/98 [==========================>...] - ETA: 0s - loss: 1.9719 - accuracy: 0.3146
95/98 [============================>.] - ETA: 0s - loss: 1.9692 - accuracy: 0.3153
98/98 [==============================] - 3s 27ms/step - loss: 1.9669 - accuracy: 0.3157 - val_loss: 1.7370 - val_accuracy: 0.3912
Epoch 10/288

 1/98 [..............................] - ETA: 3s - loss: 1.9238 - accuracy: 0.3340
 4/98 [>.............................] - ETA: 1s - loss: 1.9090 - accuracy: 0.3276
 8/98 [=>............................] - ETA: 1s - loss: 1.9285 - accuracy: 0.3198
12/98 [==>...........................] - ETA: 1s - loss: 1.9389 - accuracy: 0.3226
15/98 [===>..........................] - ETA: 1s - loss: 1.9430 - accuracy: 0.3224
19/98 [====>.........................] - ETA: 1s - loss: 1.9346 - accuracy: 0.3269
23/98 [======>.......................] - ETA: 1s - loss: 1.9393 - accuracy: 0.3265
26/98 [======>.......................] - ETA: 1s - loss: 1.9357 - accuracy: 0.3278
30/98 [========>.....................] - ETA: 1s - loss: 1.9343 - accuracy: 0.3275
34/98 [=========>....................] - ETA: 1s - loss: 1.9367 - accuracy: 0.3264
38/98 [==========>...................] - ETA: 1s - loss: 1.9306 - accuracy: 0.3273
41/98 [===========>..................] - ETA: 0s - loss: 1.9309 - accuracy: 0.3288
45/98 [============>.................] - ETA: 0s - loss: 1.9251 - accuracy: 0.3295
49/98 [==============>...............] - ETA: 0s - loss: 1.9258 - accuracy: 0.3294
53/98 [===============>..............] - ETA: 0s - loss: 1.9257 - accuracy: 0.3297
56/98 [================>.............] - ETA: 0s - loss: 1.9270 - accuracy: 0.3292
60/98 [=================>............] - ETA: 0s - loss: 1.9283 - accuracy: 0.3294
64/98 [==================>...........] - ETA: 0s - loss: 1.9309 - accuracy: 0.3293
68/98 [===================>..........] - ETA: 0s - loss: 1.9290 - accuracy: 0.3287
72/98 [=====================>........] - ETA: 0s - loss: 1.9276 - accuracy: 0.3292
76/98 [======================>.......] - ETA: 0s - loss: 1.9263 - accuracy: 0.3298
79/98 [=======================>......] - ETA: 0s - loss: 1.9272 - accuracy: 0.3293
82/98 [========================>.....] - ETA: 0s - loss: 1.9255 - accuracy: 0.3296
86/98 [=========================>....] - ETA: 0s - loss: 1.9257 - accuracy: 0.3298
90/98 [==========================>...] - ETA: 0s - loss: 1.9233 - accuracy: 0.3303
94/98 [===========================>..] - ETA: 0s - loss: 1.9232 - accuracy: 0.3301
98/98 [==============================] - ETA: 0s - loss: 1.9233 - accuracy: 0.3299
98/98 [==============================] - 3s 27ms/step - loss: 1.9233 - accuracy: 0.3299 - val_loss: 1.7034 - val_accuracy: 0.4026
Epoch 11/288

 1/98 [..............................] - ETA: 3s - loss: 1.9004 - accuracy: 0.3457
 5/98 [>.............................] - ETA: 1s - loss: 1.8876 - accuracy: 0.3410
 9/98 [=>............................] - ETA: 1s - loss: 1.8843 - accuracy: 0.3378
13/98 [==>...........................] - ETA: 1s - loss: 1.8970 - accuracy: 0.3361
17/98 [====>.........................] - ETA: 1s - loss: 1.8938 - accuracy: 0.3365
21/98 [=====>........................] - ETA: 1s - loss: 1.9027 - accuracy: 0.3346
25/98 [======>.......................] - ETA: 1s - loss: 1.9039 - accuracy: 0.3361
28/98 [=======>......................] - ETA: 1s - loss: 1.9028 - accuracy: 0.3362
32/98 [========>.....................] - ETA: 1s - loss: 1.9031 - accuracy: 0.3367
36/98 [==========>...................] - ETA: 1s - loss: 1.9036 - accuracy: 0.3352
39/98 [==========>...................] - ETA: 0s - loss: 1.9041 - accuracy: 0.3352
43/98 [============>.................] - ETA: 0s - loss: 1.9043 - accuracy: 0.3350
47/98 [=============>................] - ETA: 0s - loss: 1.9068 - accuracy: 0.3347
50/98 [==============>...............] - ETA: 0s - loss: 1.9086 - accuracy: 0.3343
54/98 [===============>..............] - ETA: 0s - loss: 1.9076 - accuracy: 0.3355
58/98 [================>.............] - ETA: 0s - loss: 1.9082 - accuracy: 0.3349
62/98 [=================>............] - ETA: 0s - loss: 1.9056 - accuracy: 0.3362
66/98 [===================>..........] - ETA: 0s - loss: 1.9043 - accuracy: 0.3366
69/98 [====================>.........] - ETA: 0s - loss: 1.9027 - accuracy: 0.3374
73/98 [=====================>........] - ETA: 0s - loss: 1.8996 - accuracy: 0.3385
77/98 [======================>.......] - ETA: 0s - loss: 1.8982 - accuracy: 0.3389
80/98 [=======================>......] - ETA: 0s - loss: 1.8953 - accuracy: 0.3397
84/98 [========================>.....] - ETA: 0s - loss: 1.8951 - accuracy: 0.3393
88/98 [=========================>....] - ETA: 0s - loss: 1.8952 - accuracy: 0.3392
92/98 [===========================>..] - ETA: 0s - loss: 1.8947 - accuracy: 0.3386
95/98 [============================>.] - ETA: 0s - loss: 1.8953 - accuracy: 0.3384
98/98 [==============================] - 3s 27ms/step - loss: 1.8941 - accuracy: 0.3391 - val_loss: 1.6722 - val_accuracy: 0.4146
Epoch 12/288

 1/98 [..............................] - ETA: 3s - loss: 1.9243 - accuracy: 0.3184
 5/98 [>.............................] - ETA: 1s - loss: 1.8739 - accuracy: 0.3456
 9/98 [=>............................] - ETA: 1s - loss: 1.8738 - accuracy: 0.3531
12/98 [==>...........................] - ETA: 1s - loss: 1.8724 - accuracy: 0.3520
16/98 [===>..........................] - ETA: 1s - loss: 1.8719 - accuracy: 0.3508
20/98 [=====>........................] - ETA: 1s - loss: 1.8775 - accuracy: 0.3459
24/98 [======>.......................] - ETA: 1s - loss: 1.8705 - accuracy: 0.3474
27/98 [=======>......................] - ETA: 1s - loss: 1.8683 - accuracy: 0.3470
31/98 [========>.....................] - ETA: 1s - loss: 1.8633 - accuracy: 0.3485
35/98 [=========>....................] - ETA: 1s - loss: 1.8629 - accuracy: 0.3510
39/98 [==========>...................] - ETA: 0s - loss: 1.8642 - accuracy: 0.3497
42/98 [===========>..................] - ETA: 0s - loss: 1.8637 - accuracy: 0.3506
46/98 [=============>................] - ETA: 0s - loss: 1.8609 - accuracy: 0.3515
49/98 [==============>...............] - ETA: 0s - loss: 1.8618 - accuracy: 0.3507
53/98 [===============>..............] - ETA: 0s - loss: 1.8596 - accuracy: 0.3516
56/98 [================>.............] - ETA: 0s - loss: 1.8607 - accuracy: 0.3513
60/98 [=================>............] - ETA: 0s - loss: 1.8625 - accuracy: 0.3502
63/98 [==================>...........] - ETA: 0s - loss: 1.8619 - accuracy: 0.3505
67/98 [===================>..........] - ETA: 0s - loss: 1.8594 - accuracy: 0.3519
71/98 [====================>.........] - ETA: 0s - loss: 1.8602 - accuracy: 0.3509
75/98 [=====================>........] - ETA: 0s - loss: 1.8594 - accuracy: 0.3509
79/98 [=======================>......] - ETA: 0s - loss: 1.8586 - accuracy: 0.3506
83/98 [========================>.....] - ETA: 0s - loss: 1.8589 - accuracy: 0.3498
87/98 [=========================>....] - ETA: 0s - loss: 1.8566 - accuracy: 0.3502
91/98 [==========================>...] - ETA: 0s - loss: 1.8555 - accuracy: 0.3505
95/98 [============================>.] - ETA: 0s - loss: 1.8546 - accuracy: 0.3510
98/98 [==============================] - 3s 27ms/step - loss: 1.8532 - accuracy: 0.3517 - val_loss: 1.6440 - val_accuracy: 0.4194
Epoch 13/288

 1/98 [..............................] - ETA: 3s - loss: 1.8404 - accuracy: 0.3633
 5/98 [>.............................] - ETA: 1s - loss: 1.8716 - accuracy: 0.3535
 9/98 [=>............................] - ETA: 1s - loss: 1.8453 - accuracy: 0.3522
13/98 [==>...........................] - ETA: 1s - loss: 1.8339 - accuracy: 0.3567
17/98 [====>.........................] - ETA: 1s - loss: 1.8336 - accuracy: 0.3578
20/98 [=====>........................] - ETA: 1s - loss: 1.8314 - accuracy: 0.3607
24/98 [======>.......................] - ETA: 1s - loss: 1.8316 - accuracy: 0.3623
28/98 [=======>......................] - ETA: 1s - loss: 1.8332 - accuracy: 0.3633
32/98 [========>.....................] - ETA: 1s - loss: 1.8326 - accuracy: 0.3637
35/98 [=========>....................] - ETA: 1s - loss: 1.8390 - accuracy: 0.3623
39/98 [==========>...................] - ETA: 0s - loss: 1.8399 - accuracy: 0.3609
43/98 [============>.................] - ETA: 0s - loss: 1.8411 - accuracy: 0.3602
47/98 [=============>................] - ETA: 0s - loss: 1.8353 - accuracy: 0.3622
50/98 [==============>...............] - ETA: 0s - loss: 1.8390 - accuracy: 0.3605
54/98 [===============>..............] - ETA: 0s - loss: 1.8381 - accuracy: 0.3601
58/98 [================>.............] - ETA: 0s - loss: 1.8373 - accuracy: 0.3607
61/98 [=================>............] - ETA: 0s - loss: 1.8367 - accuracy: 0.3610
65/98 [==================>...........] - ETA: 0s - loss: 1.8365 - accuracy: 0.3606
69/98 [====================>.........] - ETA: 0s - loss: 1.8349 - accuracy: 0.3609
72/98 [=====================>........] - ETA: 0s - loss: 1.8339 - accuracy: 0.3610
76/98 [======================>.......] - ETA: 0s - loss: 1.8319 - accuracy: 0.3610
79/98 [=======================>......] - ETA: 0s - loss: 1.8314 - accuracy: 0.3606
83/98 [========================>.....] - ETA: 0s - loss: 1.8307 - accuracy: 0.3610
87/98 [=========================>....] - ETA: 0s - loss: 1.8286 - accuracy: 0.3610
91/98 [==========================>...] - ETA: 0s - loss: 1.8288 - accuracy: 0.3613
95/98 [============================>.] - ETA: 0s - loss: 1.8290 - accuracy: 0.3613
98/98 [==============================] - ETA: 0s - loss: 1.8271 - accuracy: 0.3618
98/98 [==============================] - 3s 27ms/step - loss: 1.8271 - accuracy: 0.3618 - val_loss: 1.6192 - val_accuracy: 0.4300
Epoch 14/288

 1/98 [..............................] - ETA: 3s - loss: 1.8757 - accuracy: 0.3613
 5/98 [>.............................] - ETA: 1s - loss: 1.8026 - accuracy: 0.3797
 9/98 [=>............................] - ETA: 1s - loss: 1.8007 - accuracy: 0.3698
12/98 [==>...........................] - ETA: 1s - loss: 1.8162 - accuracy: 0.3659
16/98 [===>..........................] - ETA: 1s - loss: 1.8113 - accuracy: 0.3716
20/98 [=====>........................] - ETA: 1s - loss: 1.8115 - accuracy: 0.3699
23/98 [======>.......................] - ETA: 1s - loss: 1.8084 - accuracy: 0.3698
27/98 [=======>......................] - ETA: 1s - loss: 1.8029 - accuracy: 0.3700
31/98 [========>.....................] - ETA: 1s - loss: 1.8046 - accuracy: 0.3702
34/98 [=========>....................] - ETA: 1s - loss: 1.7998 - accuracy: 0.3713
38/98 [==========>...................] - ETA: 1s - loss: 1.8007 - accuracy: 0.3716
42/98 [===========>..................] - ETA: 0s - loss: 1.8011 - accuracy: 0.3727
46/98 [=============>................] - ETA: 0s - loss: 1.8015 - accuracy: 0.3731
49/98 [==============>...............] - ETA: 0s - loss: 1.8002 - accuracy: 0.3729
53/98 [===============>..............] - ETA: 0s - loss: 1.8018 - accuracy: 0.3728
56/98 [================>.............] - ETA: 0s - loss: 1.8001 - accuracy: 0.3724
60/98 [=================>............] - ETA: 0s - loss: 1.8011 - accuracy: 0.3708
63/98 [==================>...........] - ETA: 0s - loss: 1.8031 - accuracy: 0.3705
67/98 [===================>..........] - ETA: 0s - loss: 1.8017 - accuracy: 0.3709
71/98 [====================>.........] - ETA: 0s - loss: 1.7996 - accuracy: 0.3714
75/98 [=====================>........] - ETA: 0s - loss: 1.7974 - accuracy: 0.3722
78/98 [======================>.......] - ETA: 0s - loss: 1.7982 - accuracy: 0.3715
82/98 [========================>.....] - ETA: 0s - loss: 1.7978 - accuracy: 0.3717
86/98 [=========================>....] - ETA: 0s - loss: 1.7987 - accuracy: 0.3714
90/98 [==========================>...] - ETA: 0s - loss: 1.7960 - accuracy: 0.3718
93/98 [===========================>..] - ETA: 0s - loss: 1.7946 - accuracy: 0.3726
97/98 [============================>.] - ETA: 0s - loss: 1.7945 - accuracy: 0.3719
98/98 [==============================] - 3s 27ms/step - loss: 1.7945 - accuracy: 0.3716 - val_loss: 1.5972 - val_accuracy: 0.4364
Epoch 15/288

 1/98 [..............................] - ETA: 3s - loss: 1.7939 - accuracy: 0.3926
 4/98 [>.............................] - ETA: 1s - loss: 1.7426 - accuracy: 0.3862
 8/98 [=>............................] - ETA: 1s - loss: 1.7829 - accuracy: 0.3782
12/98 [==>...........................] - ETA: 1s - loss: 1.7984 - accuracy: 0.3714
16/98 [===>..........................] - ETA: 1s - loss: 1.7949 - accuracy: 0.3730
19/98 [====>.........................] - ETA: 1s - loss: 1.7889 - accuracy: 0.3787
23/98 [======>.......................] - ETA: 1s - loss: 1.7861 - accuracy: 0.3774
27/98 [=======>......................] - ETA: 1s - loss: 1.7813 - accuracy: 0.3764
31/98 [========>.....................] - ETA: 1s - loss: 1.7844 - accuracy: 0.3748
34/98 [=========>....................] - ETA: 1s - loss: 1.7811 - accuracy: 0.3760
38/98 [==========>...................] - ETA: 1s - loss: 1.7762 - accuracy: 0.3785
42/98 [===========>..................] - ETA: 0s - loss: 1.7763 - accuracy: 0.3798
46/98 [=============>................] - ETA: 0s - loss: 1.7752 - accuracy: 0.3808
50/98 [==============>...............] - ETA: 0s - loss: 1.7777 - accuracy: 0.3798
54/98 [===============>..............] - ETA: 0s - loss: 1.7799 - accuracy: 0.3803
57/98 [================>.............] - ETA: 0s - loss: 1.7798 - accuracy: 0.3798
61/98 [=================>............] - ETA: 0s - loss: 1.7765 - accuracy: 0.3809
64/98 [==================>...........] - ETA: 0s - loss: 1.7756 - accuracy: 0.3815
68/98 [===================>..........] - ETA: 0s - loss: 1.7721 - accuracy: 0.3822
72/98 [=====================>........] - ETA: 0s - loss: 1.7717 - accuracy: 0.3815
76/98 [======================>.......] - ETA: 0s - loss: 1.7710 - accuracy: 0.3823
80/98 [=======================>......] - ETA: 0s - loss: 1.7702 - accuracy: 0.3823
84/98 [========================>.....] - ETA: 0s - loss: 1.7685 - accuracy: 0.3835
88/98 [=========================>....] - ETA: 0s - loss: 1.7694 - accuracy: 0.3831
92/98 [===========================>..] - ETA: 0s - loss: 1.7714 - accuracy: 0.3828
96/98 [============================>.] - ETA: 0s - loss: 1.7722 - accuracy: 0.3826
98/98 [==============================] - 3s 27ms/step - loss: 1.7720 - accuracy: 0.3823 - val_loss: 1.5773 - val_accuracy: 0.4437
Epoch 16/288

 1/98 [..............................] - ETA: 3s - loss: 1.7789 - accuracy: 0.3945
 5/98 [>.............................] - ETA: 1s - loss: 1.7805 - accuracy: 0.3801
 8/98 [=>............................] - ETA: 1s - loss: 1.7535 - accuracy: 0.3889
12/98 [==>...........................] - ETA: 1s - loss: 1.7545 - accuracy: 0.3886
16/98 [===>..........................] - ETA: 1s - loss: 1.7597 - accuracy: 0.3888
20/98 [=====>........................] - ETA: 1s - loss: 1.7470 - accuracy: 0.3912
24/98 [======>.......................] - ETA: 1s - loss: 1.7525 - accuracy: 0.3910
28/98 [=======>......................] - ETA: 1s - loss: 1.7491 - accuracy: 0.3919
32/98 [========>.....................] - ETA: 1s - loss: 1.7500 - accuracy: 0.3910
35/98 [=========>....................] - ETA: 1s - loss: 1.7494 - accuracy: 0.3908
39/98 [==========>...................] - ETA: 1s - loss: 1.7449 - accuracy: 0.3922
42/98 [===========>..................] - ETA: 1s - loss: 1.7462 - accuracy: 0.3918
46/98 [=============>................] - ETA: 0s - loss: 1.7491 - accuracy: 0.3906
50/98 [==============>...............] - ETA: 0s - loss: 1.7518 - accuracy: 0.3897
54/98 [===============>..............] - ETA: 0s - loss: 1.7522 - accuracy: 0.3908
58/98 [================>.............] - ETA: 0s - loss: 1.7519 - accuracy: 0.3903
62/98 [=================>............] - ETA: 0s - loss: 1.7516 - accuracy: 0.3904
66/98 [===================>..........] - ETA: 0s - loss: 1.7496 - accuracy: 0.3907
70/98 [====================>.........] - ETA: 0s - loss: 1.7495 - accuracy: 0.3900
73/98 [=====================>........] - ETA: 0s - loss: 1.7482 - accuracy: 0.3901
77/98 [======================>.......] - ETA: 0s - loss: 1.7479 - accuracy: 0.3910
81/98 [=======================>......] - ETA: 0s - loss: 1.7492 - accuracy: 0.3906
85/98 [=========================>....] - ETA: 0s - loss: 1.7479 - accuracy: 0.3902
89/98 [==========================>...] - ETA: 0s - loss: 1.7468 - accuracy: 0.3900
92/98 [===========================>..] - ETA: 0s - loss: 1.7473 - accuracy: 0.3897
96/98 [============================>.] - ETA: 0s - loss: 1.7483 - accuracy: 0.3894
98/98 [==============================] - 3s 27ms/step - loss: 1.7476 - accuracy: 0.3898 - val_loss: 1.5603 - val_accuracy: 0.4499
Epoch 17/288

 1/98 [..............................] - ETA: 3s - loss: 1.6880 - accuracy: 0.4082
 5/98 [>.............................] - ETA: 1s - loss: 1.7164 - accuracy: 0.4031
 9/98 [=>............................] - ETA: 1s - loss: 1.7350 - accuracy: 0.3952
12/98 [==>...........................] - ETA: 1s - loss: 1.7301 - accuracy: 0.3968
