2024-06-25 17:25:11.129758: I tensorflow/core/platform/cpu_feature_guard.cc:193] This TensorFlow binary is optimized with oneAPI Deep Neural Network Library (oneDNN) to use the following CPU instructions in performance-critical operations:  AVX AVX2
To enable them in other operations, rebuild TensorFlow with the appropriate compiler flags.
2024-06-25 17:25:12.377599: I tensorflow/core/common_runtime/gpu/gpu_device.cc:1616] Created device /job:localhost/replica:0/task:0/device:GPU:0 with 6656 MB memory:  -> device: 0, name: NVIDIA GeForce RTX 4060 Ti, pci bus id: 0000:01:00.0, compute capability: 8.9
1 Physical GPUs, 1 Logical GPUs
Model: "sequential"
_________________________________________________________________
 Layer (type)                Output Shape              Param #   
=================================================================
 conv2d (Conv2D)             (None, 32, 32, 32)        896       
                                                                 
 max_pooling2d (MaxPooling2D  (None, 16, 16, 32)       0         
 )                                                               
                                                                 
 batch_normalization (BatchN  (None, 16, 16, 32)       128       
 ormalization)                                                   
                                                                 
 dropout (Dropout)           (None, 16, 16, 32)        0         
                                                                 
 flatten (Flatten)           (None, 8192)              0         
                                                                 
 dense (Dense)               (None, 10)                81930     
                                                                 
=================================================================
Total params: 82,954
Trainable params: 82,890
Non-trainable params: 64
_________________________________________________________________
Taxa de aprendizado:  1e-05 Num de épocas:  288 Tamanho do lote:  512 Dropout:  0.38361
Epoch 1/288
2024-06-25 17:25:14.610894: I tensorflow/stream_executor/cuda/cuda_dnn.cc:384] Loaded cuDNN version 8100
2024-06-25 17:25:16.428974: W tensorflow/stream_executor/gpu/redzone_allocator.cc:314] INTERNAL: ptxas exited with non-zero error code -1, output: 
Relying on driver to perform ptx compilation. 
Modify $PATH to customize ptxas location.
This message will be only logged once.
2024-06-25 17:25:18.270795: I tensorflow/stream_executor/cuda/cuda_blas.cc:1614] TensorFloat-32 will be used for the matrix multiplication. This will only be logged once.

 1/98 [..............................] - ETA: 9:45 - loss: 3.1197 - accuracy: 0.0820
 4/98 [>.............................] - ETA: 1s - loss: 3.1063 - accuracy: 0.1006  
 8/98 [=>............................] - ETA: 1s - loss: 3.1170 - accuracy: 0.0991
11/98 [==>...........................] - ETA: 1s - loss: 3.1061 - accuracy: 0.1000
15/98 [===>..........................] - ETA: 1s - loss: 3.0809 - accuracy: 0.1009
19/98 [====>.........................] - ETA: 1s - loss: 3.0549 - accuracy: 0.1022
23/98 [======>.......................] - ETA: 1s - loss: 3.0384 - accuracy: 0.1032
27/98 [=======>......................] - ETA: 1s - loss: 3.0185 - accuracy: 0.1035
30/98 [========>.....................] - ETA: 1s - loss: 3.0045 - accuracy: 0.1058
34/98 [=========>....................] - ETA: 1s - loss: 2.9911 - accuracy: 0.1078
38/98 [==========>...................] - ETA: 1s - loss: 2.9790 - accuracy: 0.1093
41/98 [===========>..................] - ETA: 1s - loss: 2.9650 - accuracy: 0.1101
45/98 [============>.................] - ETA: 0s - loss: 2.9484 - accuracy: 0.1119
49/98 [==============>...............] - ETA: 0s - loss: 2.9312 - accuracy: 0.1147
52/98 [==============>...............] - ETA: 0s - loss: 2.9244 - accuracy: 0.1154
56/98 [================>.............] - ETA: 0s - loss: 2.9091 - accuracy: 0.1176
60/98 [=================>............] - ETA: 0s - loss: 2.8963 - accuracy: 0.1198
63/98 [==================>...........] - ETA: 0s - loss: 2.8878 - accuracy: 0.1209
67/98 [===================>..........] - ETA: 0s - loss: 2.8738 - accuracy: 0.1228
70/98 [====================>.........] - ETA: 0s - loss: 2.8634 - accuracy: 0.1249
74/98 [=====================>........] - ETA: 0s - loss: 2.8533 - accuracy: 0.1269
78/98 [======================>.......] - ETA: 0s - loss: 2.8396 - accuracy: 0.1289
81/98 [=======================>......] - ETA: 0s - loss: 2.8344 - accuracy: 0.1296
85/98 [=========================>....] - ETA: 0s - loss: 2.8265 - accuracy: 0.1308
88/98 [=========================>....] - ETA: 0s - loss: 2.8203 - accuracy: 0.1314
92/98 [===========================>..] - ETA: 0s - loss: 2.8098 - accuracy: 0.1331
96/98 [============================>.] - ETA: 0s - loss: 2.7990 - accuracy: 0.1350
98/98 [==============================] - 9s 31ms/step - loss: 2.7945 - accuracy: 0.1361 - val_loss: 2.2481 - val_accuracy: 0.1659
Epoch 2/288

 1/98 [..............................] - ETA: 3s - loss: 2.4527 - accuracy: 0.1934
 5/98 [>.............................] - ETA: 1s - loss: 2.5719 - accuracy: 0.1684
 9/98 [=>............................] - ETA: 1s - loss: 2.5521 - accuracy: 0.1766
13/98 [==>...........................] - ETA: 1s - loss: 2.5303 - accuracy: 0.1774
16/98 [===>..........................] - ETA: 1s - loss: 2.5329 - accuracy: 0.1766
20/98 [=====>........................] - ETA: 1s - loss: 2.5377 - accuracy: 0.1762
24/98 [======>.......................] - ETA: 1s - loss: 2.5394 - accuracy: 0.1770
27/98 [=======>......................] - ETA: 1s - loss: 2.5317 - accuracy: 0.1789
31/98 [========>.....................] - ETA: 1s - loss: 2.5230 - accuracy: 0.1811
35/98 [=========>....................] - ETA: 1s - loss: 2.5175 - accuracy: 0.1826
38/98 [==========>...................] - ETA: 1s - loss: 2.5177 - accuracy: 0.1832
41/98 [===========>..................] - ETA: 0s - loss: 2.5158 - accuracy: 0.1841
45/98 [============>.................] - ETA: 0s - loss: 2.5126 - accuracy: 0.1849
49/98 [==============>...............] - ETA: 0s - loss: 2.5069 - accuracy: 0.1865
53/98 [===============>..............] - ETA: 0s - loss: 2.5049 - accuracy: 0.1875
56/98 [================>.............] - ETA: 0s - loss: 2.4988 - accuracy: 0.1892
60/98 [=================>............] - ETA: 0s - loss: 2.4902 - accuracy: 0.1905
64/98 [==================>...........] - ETA: 0s - loss: 2.4874 - accuracy: 0.1907
67/98 [===================>..........] - ETA: 0s - loss: 2.4859 - accuracy: 0.1916
71/98 [====================>.........] - ETA: 0s - loss: 2.4817 - accuracy: 0.1926
75/98 [=====================>........] - ETA: 0s - loss: 2.4772 - accuracy: 0.1934
79/98 [=======================>......] - ETA: 0s - loss: 2.4721 - accuracy: 0.1944
82/98 [========================>.....] - ETA: 0s - loss: 2.4706 - accuracy: 0.1949
86/98 [=========================>....] - ETA: 0s - loss: 2.4685 - accuracy: 0.1954
89/98 [==========================>...] - ETA: 0s - loss: 2.4637 - accuracy: 0.1964
92/98 [===========================>..] - ETA: 0s - loss: 2.4603 - accuracy: 0.1972
96/98 [============================>.] - ETA: 0s - loss: 2.4547 - accuracy: 0.1979
98/98 [==============================] - 3s 27ms/step - loss: 2.4530 - accuracy: 0.1981 - val_loss: 2.1591 - val_accuracy: 0.2492
Epoch 3/288

 1/98 [..............................] - ETA: 3s - loss: 2.3599 - accuracy: 0.2207
 5/98 [>.............................] - ETA: 1s - loss: 2.3606 - accuracy: 0.2313
 8/98 [=>............................] - ETA: 1s - loss: 2.3508 - accuracy: 0.2288
12/98 [==>...........................] - ETA: 1s - loss: 2.3534 - accuracy: 0.2282
16/98 [===>..........................] - ETA: 1s - loss: 2.3433 - accuracy: 0.2255
20/98 [=====>........................] - ETA: 1s - loss: 2.3448 - accuracy: 0.2263
23/98 [======>.......................] - ETA: 1s - loss: 2.3406 - accuracy: 0.2282
27/98 [=======>......................] - ETA: 1s - loss: 2.3379 - accuracy: 0.2278
31/98 [========>.....................] - ETA: 1s - loss: 2.3429 - accuracy: 0.2271
34/98 [=========>....................] - ETA: 1s - loss: 2.3402 - accuracy: 0.2274
38/98 [==========>...................] - ETA: 1s - loss: 2.3397 - accuracy: 0.2270
42/98 [===========>..................] - ETA: 0s - loss: 2.3354 - accuracy: 0.2258
45/98 [============>.................] - ETA: 0s - loss: 2.3344 - accuracy: 0.2269
49/98 [==============>...............] - ETA: 0s - loss: 2.3285 - accuracy: 0.2284
53/98 [===============>..............] - ETA: 0s - loss: 2.3301 - accuracy: 0.2283
57/98 [================>.............] - ETA: 0s - loss: 2.3255 - accuracy: 0.2284
60/98 [=================>............] - ETA: 0s - loss: 2.3241 - accuracy: 0.2299
64/98 [==================>...........] - ETA: 0s - loss: 2.3209 - accuracy: 0.2303
68/98 [===================>..........] - ETA: 0s - loss: 2.3196 - accuracy: 0.2304
72/98 [=====================>........] - ETA: 0s - loss: 2.3171 - accuracy: 0.2304
76/98 [======================>.......] - ETA: 0s - loss: 2.3132 - accuracy: 0.2315
80/98 [=======================>......] - ETA: 0s - loss: 2.3096 - accuracy: 0.2326
84/98 [========================>.....] - ETA: 0s - loss: 2.3069 - accuracy: 0.2329
87/98 [=========================>....] - ETA: 0s - loss: 2.3042 - accuracy: 0.2336
91/98 [==========================>...] - ETA: 0s - loss: 2.3033 - accuracy: 0.2337
95/98 [============================>.] - ETA: 0s - loss: 2.3010 - accuracy: 0.2345
98/98 [==============================] - 3s 27ms/step - loss: 2.2997 - accuracy: 0.2348 - val_loss: 2.0565 - val_accuracy: 0.2919
Epoch 4/288

 1/98 [..............................] - ETA: 3s - loss: 2.1540 - accuracy: 0.2773
 4/98 [>.............................] - ETA: 1s - loss: 2.2089 - accuracy: 0.2671
 8/98 [=>............................] - ETA: 1s - loss: 2.2367 - accuracy: 0.2588
12/98 [==>...........................] - ETA: 1s - loss: 2.2246 - accuracy: 0.2578
15/98 [===>..........................] - ETA: 1s - loss: 2.2305 - accuracy: 0.2549
19/98 [====>.........................] - ETA: 1s - loss: 2.2294 - accuracy: 0.2511
23/98 [======>.......................] - ETA: 1s - loss: 2.2379 - accuracy: 0.2497
26/98 [======>.......................] - ETA: 1s - loss: 2.2333 - accuracy: 0.2484
30/98 [========>.....................] - ETA: 1s - loss: 2.2337 - accuracy: 0.2481
34/98 [=========>....................] - ETA: 1s - loss: 2.2252 - accuracy: 0.2501
37/98 [==========>...................] - ETA: 1s - loss: 2.2232 - accuracy: 0.2515
41/98 [===========>..................] - ETA: 0s - loss: 2.2281 - accuracy: 0.2512
45/98 [============>.................] - ETA: 0s - loss: 2.2261 - accuracy: 0.2510
49/98 [==============>...............] - ETA: 0s - loss: 2.2220 - accuracy: 0.2516
53/98 [===============>..............] - ETA: 0s - loss: 2.2189 - accuracy: 0.2530
56/98 [================>.............] - ETA: 0s - loss: 2.2165 - accuracy: 0.2542
60/98 [=================>............] - ETA: 0s - loss: 2.2110 - accuracy: 0.2553
64/98 [==================>...........] - ETA: 0s - loss: 2.2112 - accuracy: 0.2554
67/98 [===================>..........] - ETA: 0s - loss: 2.2096 - accuracy: 0.2558
71/98 [====================>.........] - ETA: 0s - loss: 2.2078 - accuracy: 0.2570
75/98 [=====================>........] - ETA: 0s - loss: 2.2052 - accuracy: 0.2582
78/98 [======================>.......] - ETA: 0s - loss: 2.2048 - accuracy: 0.2594
82/98 [========================>.....] - ETA: 0s - loss: 2.2045 - accuracy: 0.2593
86/98 [=========================>....] - ETA: 0s - loss: 2.2050 - accuracy: 0.2591
89/98 [==========================>...] - ETA: 0s - loss: 2.2034 - accuracy: 0.2601
93/98 [===========================>..] - ETA: 0s - loss: 2.1995 - accuracy: 0.2612
97/98 [============================>.] - ETA: 0s - loss: 2.1986 - accuracy: 0.2615
98/98 [==============================] - 3s 27ms/step - loss: 2.1980 - accuracy: 0.2617 - val_loss: 1.9536 - val_accuracy: 0.3223
Epoch 5/288

 1/98 [..............................] - ETA: 3s - loss: 2.1581 - accuracy: 0.2598
 5/98 [>.............................] - ETA: 1s - loss: 2.1462 - accuracy: 0.2695
 9/98 [=>............................] - ETA: 1s - loss: 2.1633 - accuracy: 0.2645
12/98 [==>...........................] - ETA: 1s - loss: 2.1604 - accuracy: 0.2703
16/98 [===>..........................] - ETA: 1s - loss: 2.1475 - accuracy: 0.2729
20/98 [=====>........................] - ETA: 1s - loss: 2.1520 - accuracy: 0.2714
24/98 [======>.......................] - ETA: 1s - loss: 2.1495 - accuracy: 0.2741
29/98 [=======>......................] - ETA: 1s - loss: 2.1548 - accuracy: 0.2743
32/98 [========>.....................] - ETA: 1s - loss: 2.1616 - accuracy: 0.2730
36/98 [==========>...................] - ETA: 1s - loss: 2.1555 - accuracy: 0.2733
40/98 [===========>..................] - ETA: 0s - loss: 2.1509 - accuracy: 0.2749
43/98 [============>.................] - ETA: 0s - loss: 2.1515 - accuracy: 0.2749
47/98 [=============>................] - ETA: 0s - loss: 2.1501 - accuracy: 0.2760
51/98 [==============>...............] - ETA: 0s - loss: 2.1469 - accuracy: 0.2765
54/98 [===============>..............] - ETA: 0s - loss: 2.1458 - accuracy: 0.2759
58/98 [================>.............] - ETA: 0s - loss: 2.1436 - accuracy: 0.2758
62/98 [=================>............] - ETA: 0s - loss: 2.1420 - accuracy: 0.2764
65/98 [==================>...........] - ETA: 0s - loss: 2.1406 - accuracy: 0.2766
69/98 [====================>.........] - ETA: 0s - loss: 2.1400 - accuracy: 0.2763
72/98 [=====================>........] - ETA: 0s - loss: 2.1388 - accuracy: 0.2765
76/98 [======================>.......] - ETA: 0s - loss: 2.1387 - accuracy: 0.2768
80/98 [=======================>......] - ETA: 0s - loss: 2.1373 - accuracy: 0.2780
83/98 [========================>.....] - ETA: 0s - loss: 2.1366 - accuracy: 0.2787
87/98 [=========================>....] - ETA: 0s - loss: 2.1343 - accuracy: 0.2789
91/98 [==========================>...] - ETA: 0s - loss: 2.1328 - accuracy: 0.2790
94/98 [===========================>..] - ETA: 0s - loss: 2.1315 - accuracy: 0.2791
98/98 [==============================] - ETA: 0s - loss: 2.1333 - accuracy: 0.2783
98/98 [==============================] - 3s 27ms/step - loss: 2.1333 - accuracy: 0.2783 - val_loss: 1.8621 - val_accuracy: 0.3530
Epoch 6/288

 1/98 [..............................] - ETA: 3s - loss: 2.1161 - accuracy: 0.2754
 5/98 [>.............................] - ETA: 1s - loss: 2.0616 - accuracy: 0.2957
 9/98 [=>............................] - ETA: 1s - loss: 2.0674 - accuracy: 0.2999
12/98 [==>...........................] - ETA: 1s - loss: 2.0784 - accuracy: 0.2979
16/98 [===>..........................] - ETA: 1s - loss: 2.0971 - accuracy: 0.2911
20/98 [=====>........................] - ETA: 1s - loss: 2.0954 - accuracy: 0.2893
23/98 [======>.......................] - ETA: 1s - loss: 2.0976 - accuracy: 0.2901
27/98 [=======>......................] - ETA: 1s - loss: 2.0949 - accuracy: 0.2925
30/98 [========>.....................] - ETA: 1s - loss: 2.0924 - accuracy: 0.2947
34/98 [=========>....................] - ETA: 1s - loss: 2.0906 - accuracy: 0.2946
38/98 [==========>...................] - ETA: 1s - loss: 2.0802 - accuracy: 0.2977
42/98 [===========>..................] - ETA: 0s - loss: 2.0773 - accuracy: 0.2974
45/98 [============>.................] - ETA: 0s - loss: 2.0774 - accuracy: 0.2969
49/98 [==============>...............] - ETA: 0s - loss: 2.0784 - accuracy: 0.2964
53/98 [===============>..............] - ETA: 0s - loss: 2.0758 - accuracy: 0.2964
57/98 [================>.............] - ETA: 0s - loss: 2.0768 - accuracy: 0.2965
61/98 [=================>............] - ETA: 0s - loss: 2.0760 - accuracy: 0.2976
65/98 [==================>...........] - ETA: 0s - loss: 2.0752 - accuracy: 0.2982
69/98 [====================>.........] - ETA: 0s - loss: 2.0738 - accuracy: 0.2982
72/98 [=====================>........] - ETA: 0s - loss: 2.0751 - accuracy: 0.2978
76/98 [======================>.......] - ETA: 0s - loss: 2.0746 - accuracy: 0.2981
80/98 [=======================>......] - ETA: 0s - loss: 2.0755 - accuracy: 0.2983
83/98 [========================>.....] - ETA: 0s - loss: 2.0748 - accuracy: 0.2982
87/98 [=========================>....] - ETA: 0s - loss: 2.0746 - accuracy: 0.2985
90/98 [==========================>...] - ETA: 0s - loss: 2.0751 - accuracy: 0.2984
94/98 [===========================>..] - ETA: 0s - loss: 2.0751 - accuracy: 0.2983
98/98 [==============================] - ETA: 0s - loss: 2.0722 - accuracy: 0.2985
98/98 [==============================] - 3s 27ms/step - loss: 2.0722 - accuracy: 0.2985 - val_loss: 1.7929 - val_accuracy: 0.3735
Epoch 7/288

 1/98 [..............................] - ETA: 3s - loss: 2.0126 - accuracy: 0.3125
 5/98 [>.............................] - ETA: 1s - loss: 2.0236 - accuracy: 0.3125
 8/98 [=>............................] - ETA: 1s - loss: 2.0301 - accuracy: 0.3069
12/98 [==>...........................] - ETA: 1s - loss: 2.0198 - accuracy: 0.3112
16/98 [===>..........................] - ETA: 1s - loss: 2.0158 - accuracy: 0.3134
19/98 [====>.........................] - ETA: 1s - loss: 2.0164 - accuracy: 0.3142
23/98 [======>.......................] - ETA: 1s - loss: 2.0239 - accuracy: 0.3116
27/98 [=======>......................] - ETA: 1s - loss: 2.0257 - accuracy: 0.3112
30/98 [========>.....................] - ETA: 1s - loss: 2.0241 - accuracy: 0.3122
34/98 [=========>....................] - ETA: 1s - loss: 2.0275 - accuracy: 0.3101
38/98 [==========>...................] - ETA: 1s - loss: 2.0297 - accuracy: 0.3100
42/98 [===========>..................] - ETA: 0s - loss: 2.0293 - accuracy: 0.3104
46/98 [=============>................] - ETA: 0s - loss: 2.0333 - accuracy: 0.3101
49/98 [==============>...............] - ETA: 0s - loss: 2.0340 - accuracy: 0.3099
53/98 [===============>..............] - ETA: 0s - loss: 2.0307 - accuracy: 0.3112
57/98 [================>.............] - ETA: 0s - loss: 2.0302 - accuracy: 0.3124
61/98 [=================>............] - ETA: 0s - loss: 2.0279 - accuracy: 0.3131
65/98 [==================>...........] - ETA: 0s - loss: 2.0284 - accuracy: 0.3118
68/98 [===================>..........] - ETA: 0s - loss: 2.0269 - accuracy: 0.3124
72/98 [=====================>........] - ETA: 0s - loss: 2.0249 - accuracy: 0.3133
75/98 [=====================>........] - ETA: 0s - loss: 2.0219 - accuracy: 0.3144
79/98 [=======================>......] - ETA: 0s - loss: 2.0193 - accuracy: 0.3156
83/98 [========================>.....] - ETA: 0s - loss: 2.0195 - accuracy: 0.3153
87/98 [=========================>....] - ETA: 0s - loss: 2.0200 - accuracy: 0.3149
91/98 [==========================>...] - ETA: 0s - loss: 2.0231 - accuracy: 0.3146
95/98 [============================>.] - ETA: 0s - loss: 2.0222 - accuracy: 0.3148
98/98 [==============================] - 3s 27ms/step - loss: 2.0216 - accuracy: 0.3148 - val_loss: 1.7398 - val_accuracy: 0.3915
Epoch 8/288

 1/98 [..............................] - ETA: 3s - loss: 2.0580 - accuracy: 0.2852
 5/98 [>.............................] - ETA: 1s - loss: 2.0321 - accuracy: 0.3063
 9/98 [=>............................] - ETA: 1s - loss: 2.0184 - accuracy: 0.3071
12/98 [==>...........................] - ETA: 1s - loss: 2.0129 - accuracy: 0.3120
16/98 [===>..........................] - ETA: 1s - loss: 2.0000 - accuracy: 0.3149
20/98 [=====>........................] - ETA: 1s - loss: 1.9985 - accuracy: 0.3137
23/98 [======>.......................] - ETA: 1s - loss: 2.0043 - accuracy: 0.3133
27/98 [=======>......................] - ETA: 1s - loss: 1.9936 - accuracy: 0.3173
31/98 [========>.....................] - ETA: 1s - loss: 1.9897 - accuracy: 0.3193
35/98 [=========>....................] - ETA: 1s - loss: 1.9950 - accuracy: 0.3200
39/98 [==========>...................] - ETA: 0s - loss: 1.9918 - accuracy: 0.3210
43/98 [============>.................] - ETA: 0s - loss: 1.9892 - accuracy: 0.3220
47/98 [=============>................] - ETA: 0s - loss: 1.9842 - accuracy: 0.3233
51/98 [==============>...............] - ETA: 0s - loss: 1.9869 - accuracy: 0.3231
55/98 [===============>..............] - ETA: 0s - loss: 1.9875 - accuracy: 0.3237
59/98 [=================>............] - ETA: 0s - loss: 1.9908 - accuracy: 0.3227
63/98 [==================>...........] - ETA: 0s - loss: 1.9903 - accuracy: 0.3232
67/98 [===================>..........] - ETA: 0s - loss: 1.9875 - accuracy: 0.3245
71/98 [====================>.........] - ETA: 0s - loss: 1.9874 - accuracy: 0.3244
75/98 [=====================>........] - ETA: 0s - loss: 1.9861 - accuracy: 0.3247
79/98 [=======================>......] - ETA: 0s - loss: 1.9838 - accuracy: 0.3248
83/98 [========================>.....] - ETA: 0s - loss: 1.9836 - accuracy: 0.3245
87/98 [=========================>....] - ETA: 0s - loss: 1.9828 - accuracy: 0.3244
90/98 [==========================>...] - ETA: 0s - loss: 1.9807 - accuracy: 0.3241
94/98 [===========================>..] - ETA: 0s - loss: 1.9786 - accuracy: 0.3246
98/98 [==============================] - ETA: 0s - loss: 1.9783 - accuracy: 0.3251
98/98 [==============================] - 3s 27ms/step - loss: 1.9783 - accuracy: 0.3251 - val_loss: 1.7017 - val_accuracy: 0.4062
Epoch 9/288

 1/98 [..............................] - ETA: 3s - loss: 2.0258 - accuracy: 0.3262
 4/98 [>.............................] - ETA: 1s - loss: 2.0023 - accuracy: 0.3291
 8/98 [=>............................] - ETA: 1s - loss: 1.9759 - accuracy: 0.3303
12/98 [==>...........................] - ETA: 1s - loss: 1.9770 - accuracy: 0.3283
15/98 [===>..........................] - ETA: 1s - loss: 1.9719 - accuracy: 0.3289
19/98 [====>.........................] - ETA: 1s - loss: 1.9698 - accuracy: 0.3276
22/98 [=====>........................] - ETA: 1s - loss: 1.9716 - accuracy: 0.3266
25/98 [======>.......................] - ETA: 1s - loss: 1.9710 - accuracy: 0.3259
29/98 [=======>......................] - ETA: 1s - loss: 1.9663 - accuracy: 0.3258
33/98 [=========>....................] - ETA: 1s - loss: 1.9663 - accuracy: 0.3267
36/98 [==========>...................] - ETA: 1s - loss: 1.9697 - accuracy: 0.3260
40/98 [===========>..................] - ETA: 1s - loss: 1.9712 - accuracy: 0.3276
44/98 [============>.................] - ETA: 0s - loss: 1.9670 - accuracy: 0.3279
47/98 [=============>................] - ETA: 0s - loss: 1.9653 - accuracy: 0.3283
50/98 [==============>...............] - ETA: 0s - loss: 1.9597 - accuracy: 0.3306
54/98 [===============>..............] - ETA: 0s - loss: 1.9582 - accuracy: 0.3306
58/98 [================>.............] - ETA: 0s - loss: 1.9583 - accuracy: 0.3313
62/98 [=================>............] - ETA: 0s - loss: 1.9577 - accuracy: 0.3310
65/98 [==================>...........] - ETA: 0s - loss: 1.9559 - accuracy: 0.3322
68/98 [===================>..........] - ETA: 0s - loss: 1.9554 - accuracy: 0.3324
72/98 [=====================>........] - ETA: 0s - loss: 1.9533 - accuracy: 0.3332
76/98 [======================>.......] - ETA: 0s - loss: 1.9536 - accuracy: 0.3326
80/98 [=======================>......] - ETA: 0s - loss: 1.9510 - accuracy: 0.3339
83/98 [========================>.....] - ETA: 0s - loss: 1.9494 - accuracy: 0.3341
87/98 [=========================>....] - ETA: 0s - loss: 1.9483 - accuracy: 0.3347
91/98 [==========================>...] - ETA: 0s - loss: 1.9498 - accuracy: 0.3343
94/98 [===========================>..] - ETA: 0s - loss: 1.9502 - accuracy: 0.3344
98/98 [==============================] - ETA: 0s - loss: 1.9495 - accuracy: 0.3346
98/98 [==============================] - 3s 27ms/step - loss: 1.9495 - accuracy: 0.3346 - val_loss: 1.6707 - val_accuracy: 0.4183
Epoch 10/288

 1/98 [..............................] - ETA: 3s - loss: 1.9544 - accuracy: 0.3203
 5/98 [>.............................] - ETA: 1s - loss: 1.9390 - accuracy: 0.3406
 9/98 [=>............................] - ETA: 1s - loss: 1.9176 - accuracy: 0.3427
13/98 [==>...........................] - ETA: 1s - loss: 1.9126 - accuracy: 0.3441
17/98 [====>.........................] - ETA: 1s - loss: 1.9113 - accuracy: 0.3435
21/98 [=====>........................] - ETA: 1s - loss: 1.9096 - accuracy: 0.3446
24/98 [======>.......................] - ETA: 1s - loss: 1.9162 - accuracy: 0.3442
28/98 [=======>......................] - ETA: 1s - loss: 1.9134 - accuracy: 0.3447
32/98 [========>.....................] - ETA: 1s - loss: 1.9125 - accuracy: 0.3446
35/98 [=========>....................] - ETA: 1s - loss: 1.9167 - accuracy: 0.3434
39/98 [==========>...................] - ETA: 0s - loss: 1.9192 - accuracy: 0.3429
42/98 [===========>..................] - ETA: 0s - loss: 1.9156 - accuracy: 0.3447
46/98 [=============>................] - ETA: 0s - loss: 1.9165 - accuracy: 0.3453
50/98 [==============>...............] - ETA: 0s - loss: 1.9147 - accuracy: 0.3461
53/98 [===============>..............] - ETA: 0s - loss: 1.9104 - accuracy: 0.3477
57/98 [================>.............] - ETA: 0s - loss: 1.9116 - accuracy: 0.3475
61/98 [=================>............] - ETA: 0s - loss: 1.9099 - accuracy: 0.3483
64/98 [==================>...........] - ETA: 0s - loss: 1.9115 - accuracy: 0.3484
68/98 [===================>..........] - ETA: 0s - loss: 1.9078 - accuracy: 0.3497
72/98 [=====================>........] - ETA: 0s - loss: 1.9061 - accuracy: 0.3495
76/98 [======================>.......] - ETA: 0s - loss: 1.9054 - accuracy: 0.3489
79/98 [=======================>......] - ETA: 0s - loss: 1.9059 - accuracy: 0.3489
82/98 [========================>.....] - ETA: 0s - loss: 1.9057 - accuracy: 0.3494
86/98 [=========================>....] - ETA: 0s - loss: 1.9045 - accuracy: 0.3495
90/98 [==========================>...] - ETA: 0s - loss: 1.9033 - accuracy: 0.3495
93/98 [===========================>..] - ETA: 0s - loss: 1.9059 - accuracy: 0.3489
97/98 [============================>.] - ETA: 0s - loss: 1.9064 - accuracy: 0.3487
98/98 [==============================] - 3s 27ms/step - loss: 1.9075 - accuracy: 0.3486 - val_loss: 1.6457 - val_accuracy: 0.4253
Epoch 11/288

 1/98 [..............................] - ETA: 3s - loss: 1.8240 - accuracy: 0.3477
 5/98 [>.............................] - ETA: 1s - loss: 1.8727 - accuracy: 0.3488
 9/98 [=>............................] - ETA: 1s - loss: 1.8852 - accuracy: 0.3555
13/98 [==>...........................] - ETA: 1s - loss: 1.8981 - accuracy: 0.3559
17/98 [====>.........................] - ETA: 1s - loss: 1.8878 - accuracy: 0.3556
21/98 [=====>........................] - ETA: 1s - loss: 1.8844 - accuracy: 0.3556
25/98 [======>.......................] - ETA: 1s - loss: 1.8927 - accuracy: 0.3531
29/98 [=======>......................] - ETA: 1s - loss: 1.8915 - accuracy: 0.3531
33/98 [=========>....................] - ETA: 1s - loss: 1.8857 - accuracy: 0.3538
37/98 [==========>...................] - ETA: 1s - loss: 1.8851 - accuracy: 0.3542
41/98 [===========>..................] - ETA: 0s - loss: 1.8846 - accuracy: 0.3539
45/98 [============>.................] - ETA: 0s - loss: 1.8824 - accuracy: 0.3551
49/98 [==============>...............] - ETA: 0s - loss: 1.8807 - accuracy: 0.3559
53/98 [===============>..............] - ETA: 0s - loss: 1.8778 - accuracy: 0.3568
56/98 [================>.............] - ETA: 0s - loss: 1.8783 - accuracy: 0.3566
60/98 [=================>............] - ETA: 0s - loss: 1.8798 - accuracy: 0.3561
64/98 [==================>...........] - ETA: 0s - loss: 1.8818 - accuracy: 0.3557
67/98 [===================>..........] - ETA: 0s - loss: 1.8807 - accuracy: 0.3561
71/98 [====================>.........] - ETA: 0s - loss: 1.8805 - accuracy: 0.3568
75/98 [=====================>........] - ETA: 0s - loss: 1.8807 - accuracy: 0.3573
79/98 [=======================>......] - ETA: 0s - loss: 1.8812 - accuracy: 0.3571
83/98 [========================>.....] - ETA: 0s - loss: 1.8821 - accuracy: 0.3569
87/98 [=========================>....] - ETA: 0s - loss: 1.8813 - accuracy: 0.3575
90/98 [==========================>...] - ETA: 0s - loss: 1.8814 - accuracy: 0.3576
94/98 [===========================>..] - ETA: 0s - loss: 1.8793 - accuracy: 0.3578
98/98 [==============================] - ETA: 0s - loss: 1.8794 - accuracy: 0.3579
98/98 [==============================] - 3s 27ms/step - loss: 1.8794 - accuracy: 0.3579 - val_loss: 1.6223 - val_accuracy: 0.4349
Epoch 12/288

 1/98 [..............................] - ETA: 3s - loss: 1.8348 - accuracy: 0.3691
 4/98 [>.............................] - ETA: 1s - loss: 1.8919 - accuracy: 0.3623
 8/98 [=>............................] - ETA: 1s - loss: 1.8789 - accuracy: 0.3604
12/98 [==>...........................] - ETA: 1s - loss: 1.8680 - accuracy: 0.3579
16/98 [===>..........................] - ETA: 1s - loss: 1.8756 - accuracy: 0.3555
20/98 [=====>........................] - ETA: 1s - loss: 1.8666 - accuracy: 0.3571
23/98 [======>.......................] - ETA: 1s - loss: 1.8648 - accuracy: 0.3564
27/98 [=======>......................] - ETA: 1s - loss: 1.8625 - accuracy: 0.3565
31/98 [========>.....................] - ETA: 1s - loss: 1.8665 - accuracy: 0.3563
34/98 [=========>....................] - ETA: 1s - loss: 1.8648 - accuracy: 0.3580
38/98 [==========>...................] - ETA: 1s - loss: 1.8634 - accuracy: 0.3583
42/98 [===========>..................] - ETA: 0s - loss: 1.8643 - accuracy: 0.3579
45/98 [============>.................] - ETA: 0s - loss: 1.8655 - accuracy: 0.3587
49/98 [==============>...............] - ETA: 0s - loss: 1.8653 - accuracy: 0.3579
52/98 [==============>...............] - ETA: 0s - loss: 1.8625 - accuracy: 0.3579
55/98 [===============>..............] - ETA: 0s - loss: 1.8593 - accuracy: 0.3587
59/98 [=================>............] - ETA: 0s - loss: 1.8591 - accuracy: 0.3584
63/98 [==================>...........] - ETA: 0s - loss: 1.8602 - accuracy: 0.3590
66/98 [===================>..........] - ETA: 0s - loss: 1.8588 - accuracy: 0.3595
70/98 [====================>.........] - ETA: 0s - loss: 1.8556 - accuracy: 0.3603
74/98 [=====================>........] - ETA: 0s - loss: 1.8529 - accuracy: 0.3613
78/98 [======================>.......] - ETA: 0s - loss: 1.8515 - accuracy: 0.3618
81/98 [=======================>......] - ETA: 0s - loss: 1.8520 - accuracy: 0.3613
85/98 [=========================>....] - ETA: 0s - loss: 1.8507 - accuracy: 0.3618
89/98 [==========================>...] - ETA: 0s - loss: 1.8496 - accuracy: 0.3622
92/98 [===========================>..] - ETA: 0s - loss: 1.8494 - accuracy: 0.3624
96/98 [============================>.] - ETA: 0s - loss: 1.8520 - accuracy: 0.3614
98/98 [==============================] - 3s 27ms/step - loss: 1.8515 - accuracy: 0.3619 - val_loss: 1.6023 - val_accuracy: 0.4415
Epoch 13/288

 1/98 [..............................] - ETA: 3s - loss: 1.9232 - accuracy: 0.3652
 4/98 [>.............................] - ETA: 1s - loss: 1.8872 - accuracy: 0.3521
 8/98 [=>............................] - ETA: 1s - loss: 1.8749 - accuracy: 0.3506
12/98 [==>...........................] - ETA: 1s - loss: 1.8620 - accuracy: 0.3557
16/98 [===>..........................] - ETA: 1s - loss: 1.8578 - accuracy: 0.3605
20/98 [=====>........................] - ETA: 1s - loss: 1.8452 - accuracy: 0.3669
24/98 [======>.......................] - ETA: 1s - loss: 1.8464 - accuracy: 0.3678
28/98 [=======>......................] - ETA: 1s - loss: 1.8512 - accuracy: 0.3668
32/98 [========>.....................] - ETA: 1s - loss: 1.8465 - accuracy: 0.3683
35/98 [=========>....................] - ETA: 1s - loss: 1.8412 - accuracy: 0.3674
39/98 [==========>...................] - ETA: 0s - loss: 1.8373 - accuracy: 0.3708
42/98 [===========>..................] - ETA: 0s - loss: 1.8376 - accuracy: 0.3706
46/98 [=============>................] - ETA: 0s - loss: 1.8342 - accuracy: 0.3712
50/98 [==============>...............] - ETA: 0s - loss: 1.8333 - accuracy: 0.3709
53/98 [===============>..............] - ETA: 0s - loss: 1.8325 - accuracy: 0.3712
57/98 [================>.............] - ETA: 0s - loss: 1.8317 - accuracy: 0.3706
61/98 [=================>............] - ETA: 0s - loss: 1.8337 - accuracy: 0.3705
64/98 [==================>...........] - ETA: 0s - loss: 1.8338 - accuracy: 0.3695
68/98 [===================>..........] - ETA: 0s - loss: 1.8328 - accuracy: 0.3703
72/98 [=====================>........] - ETA: 0s - loss: 1.8354 - accuracy: 0.3701
75/98 [=====================>........] - ETA: 0s - loss: 1.8364 - accuracy: 0.3699
79/98 [=======================>......] - ETA: 0s - loss: 1.8346 - accuracy: 0.3707
83/98 [========================>.....] - ETA: 0s - loss: 1.8303 - accuracy: 0.3719
86/98 [=========================>....] - ETA: 0s - loss: 1.8289 - accuracy: 0.3722
90/98 [==========================>...] - ETA: 0s - loss: 1.8291 - accuracy: 0.3722
94/98 [===========================>..] - ETA: 0s - loss: 1.8278 - accuracy: 0.3725
98/98 [==============================] - ETA: 0s - loss: 1.8287 - accuracy: 0.3723
98/98 [==============================] - 3s 27ms/step - loss: 1.8287 - accuracy: 0.3723 - val_loss: 1.5841 - val_accuracy: 0.4470
Epoch 14/288

 1/98 [..............................] - ETA: 3s - loss: 1.8800 - accuracy: 0.3633
 5/98 [>.............................] - ETA: 1s - loss: 1.8232 - accuracy: 0.3812
 9/98 [=>............................] - ETA: 1s - loss: 1.8050 - accuracy: 0.3795
13/98 [==>...........................] - ETA: 1s - loss: 1.8076 - accuracy: 0.3810
17/98 [====>.........................] - ETA: 1s - loss: 1.8130 - accuracy: 0.3752
21/98 [=====>........................] - ETA: 1s - loss: 1.8075 - accuracy: 0.3770
25/98 [======>.......................] - ETA: 1s - loss: 1.8147 - accuracy: 0.3750
29/98 [=======>......................] - ETA: 1s - loss: 1.8068 - accuracy: 0.3766
33/98 [=========>....................] - ETA: 1s - loss: 1.8088 - accuracy: 0.3770
37/98 [==========>...................] - ETA: 1s - loss: 1.8066 - accuracy: 0.3768
41/98 [===========>..................] - ETA: 0s - loss: 1.8096 - accuracy: 0.3770
44/98 [============>.................] - ETA: 0s - loss: 1.8110 - accuracy: 0.3761
48/98 [=============>................] - ETA: 0s - loss: 1.8112 - accuracy: 0.3764
52/98 [==============>...............] - ETA: 0s - loss: 1.8064 - accuracy: 0.3783
56/98 [================>.............] - ETA: 0s - loss: 1.8060 - accuracy: 0.3783
60/98 [=================>............] - ETA: 0s - loss: 1.8068 - accuracy: 0.3782
63/98 [==================>...........] - ETA: 0s - loss: 1.8077 - accuracy: 0.3782
67/98 [===================>..........] - ETA: 0s - loss: 1.8086 - accuracy: 0.3773
71/98 [====================>.........] - ETA: 0s - loss: 1.8076 - accuracy: 0.3777
74/98 [=====================>........] - ETA: 0s - loss: 1.8057 - accuracy: 0.3781
78/98 [======================>.......] - ETA: 0s - loss: 1.8049 - accuracy: 0.3782
81/98 [=======================>......] - ETA: 0s - loss: 1.8056 - accuracy: 0.3785
85/98 [=========================>....] - ETA: 0s - loss: 1.8051 - accuracy: 0.3779
89/98 [==========================>...] - ETA: 0s - loss: 1.8043 - accuracy: 0.3789
92/98 [===========================>..] - ETA: 0s - loss: 1.8044 - accuracy: 0.3787
96/98 [============================>.] - ETA: 0s - loss: 1.8057 - accuracy: 0.3780
98/98 [==============================] - 3s 27ms/step - loss: 1.8054 - accuracy: 0.3778 - val_loss: 1.5677 - val_accuracy: 0.4506
Epoch 15/288

 1/98 [..............................] - ETA: 3s - loss: 1.7042 - accuracy: 0.3926
 5/98 [>.............................] - ETA: 1s - loss: 1.7755 - accuracy: 0.3805
 9/98 [=>............................] - ETA: 1s - loss: 1.7714 - accuracy: 0.3887
12/98 [==>...........................] - ETA: 1s - loss: 1.7678 - accuracy: 0.3890
16/98 [===>..........................] - ETA: 1s - loss: 1.7732 - accuracy: 0.3910
19/98 [====>.........................] - ETA: 1s - loss: 1.7776 - accuracy: 0.3885
23/98 [======>.......................] - ETA: 1s - loss: 1.7876 - accuracy: 0.3879
27/98 [=======>......................] - ETA: 1s - loss: 1.7898 - accuracy: 0.3869
30/98 [========>.....................] - ETA: 1s - loss: 1.7939 - accuracy: 0.3853
34/98 [=========>....................] - ETA: 1s - loss: 1.7933 - accuracy: 0.3838
38/98 [==========>...................] - ETA: 1s - loss: 1.7909 - accuracy: 0.3843
42/98 [===========>..................] - ETA: 0s - loss: 1.7937 - accuracy: 0.3846
45/98 [============>.................] - ETA: 0s - loss: 1.7964 - accuracy: 0.3840
49/98 [==============>...............] - ETA: 0s - loss: 1.7982 - accuracy: 0.3833
53/98 [===============>..............] - ETA: 0s - loss: 1.7968 - accuracy: 0.3842
56/98 [================>.............] - ETA: 0s - loss: 1.7957 - accuracy: 0.3841
60/98 [=================>............] - ETA: 0s - loss: 1.7928 - accuracy: 0.3844
64/98 [==================>...........] - ETA: 0s - loss: 1.7911 - accuracy: 0.3855
68/98 [===================>..........] - ETA: 0s - loss: 1.7917 - accuracy: 0.3850
72/98 [=====================>........] - ETA: 0s - loss: 1.7884 - accuracy: 0.3859
76/98 [======================>.......] - ETA: 0s - loss: 1.7875 - accuracy: 0.3856
80/98 [=======================>......] - ETA: 0s - loss: 1.7868 - accuracy: 0.3853
84/98 [========================>.....] - ETA: 0s - loss: 1.7881 - accuracy: 0.3842
87/98 [=========================>....] - ETA: 0s - loss: 1.7876 - accuracy: 0.3844
91/98 [==========================>...] - ETA: 0s - loss: 1.7850 - accuracy: 0.3851
95/98 [============================>.] - ETA: 0s - loss: 1.7854 - accuracy: 0.3847
98/98 [==============================] - ETA: 0s - loss: 1.7839 - accuracy: 0.3848
98/98 [==============================] - 3s 27ms/step - loss: 1.7839 - accuracy: 0.3848 - val_loss: 1.5516 - val_accuracy: 0.4582
Epoch 16/288

 1/98 [..............................] - ETA: 3s - loss: 1.7623 - accuracy: 0.3730
 5/98 [>.............................] - ETA: 1s - loss: 1.7447 - accuracy: 0.4008
 8/98 [=>............................] - ETA: 1s - loss: 1.7729 - accuracy: 0.3940
12/98 [==>...........................] - ETA: 1s - loss: 1.7638 - accuracy: 0.3942
16/98 [===>..........................] - ETA: 1s - loss: 1.7696 - accuracy: 0.3929
19/98 [====>.........................] - ETA: 1s - loss: 1.7669 - accuracy: 0.3903
24/98 [======>.......................] - ETA: 1s - loss: 1.7698 - accuracy: 0.3846
28/98 [=======>......................] - ETA: 1s - loss: 1.7680 - accuracy: 0.3878
32/98 [========>.....................] - ETA: 1s - loss: 1.7720 - accuracy: 0.3863
35/98 [=========>....................] - ETA: 1s - loss: 1.7764 - accuracy: 0.3847
39/98 [==========>...................] - ETA: 0s - loss: 1.7700 - accuracy: 0.3869
41/98 [===========>..................] - ETA: 1s - loss: 1.7706 - accuracy: 0.3867
44/98 [============>.................] - ETA: 0s - loss: 1.7713 - accuracy: 0.3865
48/98 [=============>................] - ETA: 0s - loss: 1.7703 - accuracy: 0.3870
52/98 [==============>...............] - ETA: 0s - loss: 1.7686 - accuracy: 0.3877
55/98 [===============>..............] - ETA: 0s - loss: 1.7671 - accuracy: 0.3883
58/98 [================>.............] - ETA: 0s - loss: 1.7631 - accuracy: 0.3894
62/98 [=================>............] - ETA: 0s - loss: 1.7661 - accuracy: 0.3876
66/98 [===================>..........] - ETA: 0s - loss: 1.7686 - accuracy: 0.3864
69/98 [====================>.........] - ETA: 0s - loss: 1.7685 - accuracy: 0.3866
73/98 [=====================>........] - ETA: 0s - loss: 1.7657 - accuracy: 0.3873
77/98 [======================>.......] - ETA: 0s - loss: 1.7663 - accuracy: 0.3875
80/98 [=======================>......] - ETA: 0s - loss: 1.7658 - accuracy: 0.3883
