2024-06-25 15:12:59.056304: I tensorflow/core/platform/cpu_feature_guard.cc:193] This TensorFlow binary is optimized with oneAPI Deep Neural Network Library (oneDNN) to use the following CPU instructions in performance-critical operations:  AVX AVX2
To enable them in other operations, rebuild TensorFlow with the appropriate compiler flags.
2024-06-25 15:12:59.623801: I tensorflow/core/common_runtime/gpu/gpu_device.cc:1616] Created device /job:localhost/replica:0/task:0/device:GPU:0 with 6656 MB memory:  -> device: 0, name: NVIDIA GeForce RTX 4060 Ti, pci bus id: 0000:01:00.0, compute capability: 8.9
1 Physical GPUs, 1 Logical GPUs
Model: "sequential"
_________________________________________________________________
 Layer (type)                Output Shape              Param #   
=================================================================
 conv2d (Conv2D)             (None, 32, 32, 32)        896       
                                                                 
 max_pooling2d (MaxPooling2D  (None, 16, 16, 32)       0         
 )                                                               
                                                                 
 batch_normalization (BatchN  (None, 16, 16, 32)       128       
 ormalization)                                                   
                                                                 
 dropout (Dropout)           (None, 16, 16, 32)        0         
                                                                 
 flatten (Flatten)           (None, 8192)              0         
                                                                 
 dense (Dense)               (None, 10)                81930     
                                                                 
=================================================================
Total params: 82,954
Trainable params: 82,890
Non-trainable params: 64
_________________________________________________________________
Taxa de aprendizado:  1e-05 Num de épocas:  288 Tamanho do lote:  512 Dropout:  0.38361
Epoch 1/288
2024-06-25 15:13:00.942866: I tensorflow/stream_executor/cuda/cuda_dnn.cc:384] Loaded cuDNN version 8100
2024-06-25 15:13:01.793842: W tensorflow/stream_executor/gpu/redzone_allocator.cc:314] INTERNAL: ptxas exited with non-zero error code -1, output: 
Relying on driver to perform ptx compilation. 
Modify $PATH to customize ptxas location.
This message will be only logged once.
2024-06-25 15:13:02.561121: I tensorflow/stream_executor/cuda/cuda_blas.cc:1614] TensorFloat-32 will be used for the matrix multiplication. This will only be logged once.

 1/98 [..............................] - ETA: 4:42 - loss: 3.3463 - accuracy: 0.0664
 2/98 [..............................] - ETA: 8s - loss: 3.2745 - accuracy: 0.0778  
 7/98 [=>............................] - ETA: 2s - loss: 3.2119 - accuracy: 0.0731
12/98 [==>...........................] - ETA: 1s - loss: 3.1739 - accuracy: 0.0754
17/98 [====>.........................] - ETA: 1s - loss: 3.1380 - accuracy: 0.0792
21/98 [=====>........................] - ETA: 1s - loss: 3.1175 - accuracy: 0.0798
25/98 [======>.......................] - ETA: 1s - loss: 3.0933 - accuracy: 0.0809
29/98 [=======>......................] - ETA: 1s - loss: 3.0706 - accuracy: 0.0827
33/98 [=========>....................] - ETA: 1s - loss: 3.0519 - accuracy: 0.0858
37/98 [==========>...................] - ETA: 1s - loss: 3.0314 - accuracy: 0.0884
41/98 [===========>..................] - ETA: 0s - loss: 3.0149 - accuracy: 0.0908
45/98 [============>.................] - ETA: 0s - loss: 2.9981 - accuracy: 0.0922
49/98 [==============>...............] - ETA: 0s - loss: 2.9809 - accuracy: 0.0940
52/98 [==============>...............] - ETA: 0s - loss: 2.9725 - accuracy: 0.0944
56/98 [================>.............] - ETA: 0s - loss: 2.9564 - accuracy: 0.0963
60/98 [=================>............] - ETA: 0s - loss: 2.9415 - accuracy: 0.0977
63/98 [==================>...........] - ETA: 0s - loss: 2.9299 - accuracy: 0.0991
67/98 [===================>..........] - ETA: 0s - loss: 2.9144 - accuracy: 0.1011
70/98 [====================>.........] - ETA: 0s - loss: 2.9045 - accuracy: 0.1026
74/98 [=====================>........] - ETA: 0s - loss: 2.8891 - accuracy: 0.1050
77/98 [======================>.......] - ETA: 0s - loss: 2.8795 - accuracy: 0.1064
81/98 [=======================>......] - ETA: 0s - loss: 2.8674 - accuracy: 0.1081
85/98 [=========================>....] - ETA: 0s - loss: 2.8548 - accuracy: 0.1099
88/98 [=========================>....] - ETA: 0s - loss: 2.8467 - accuracy: 0.1109
92/98 [===========================>..] - ETA: 0s - loss: 2.8366 - accuracy: 0.1123
96/98 [============================>.] - ETA: 0s - loss: 2.8249 - accuracy: 0.1140
98/98 [==============================] - 6s 31ms/step - loss: 2.8178 - accuracy: 0.1151 - val_loss: 2.2631 - val_accuracy: 0.1423
Epoch 2/288

 1/98 [..............................] - ETA: 3s - loss: 2.5671 - accuracy: 0.1680
 5/98 [>.............................] - ETA: 1s - loss: 2.5584 - accuracy: 0.1644
 9/98 [=>............................] - ETA: 1s - loss: 2.5429 - accuracy: 0.1652
13/98 [==>...........................] - ETA: 1s - loss: 2.5241 - accuracy: 0.1676
16/98 [===>..........................] - ETA: 1s - loss: 2.5230 - accuracy: 0.1675
20/98 [=====>........................] - ETA: 1s - loss: 2.5180 - accuracy: 0.1667
24/98 [======>.......................] - ETA: 1s - loss: 2.5181 - accuracy: 0.1668
28/98 [=======>......................] - ETA: 1s - loss: 2.5101 - accuracy: 0.1676
32/98 [========>.....................] - ETA: 1s - loss: 2.5059 - accuracy: 0.1684
36/98 [==========>...................] - ETA: 1s - loss: 2.5045 - accuracy: 0.1694
40/98 [===========>..................] - ETA: 0s - loss: 2.4990 - accuracy: 0.1708
43/98 [============>.................] - ETA: 0s - loss: 2.4955 - accuracy: 0.1708
47/98 [=============>................] - ETA: 0s - loss: 2.4923 - accuracy: 0.1717
50/98 [==============>...............] - ETA: 0s - loss: 2.4906 - accuracy: 0.1729
53/98 [===============>..............] - ETA: 0s - loss: 2.4894 - accuracy: 0.1734
57/98 [================>.............] - ETA: 0s - loss: 2.4859 - accuracy: 0.1744
60/98 [=================>............] - ETA: 0s - loss: 2.4853 - accuracy: 0.1743
64/98 [==================>...........] - ETA: 0s - loss: 2.4797 - accuracy: 0.1757
68/98 [===================>..........] - ETA: 0s - loss: 2.4753 - accuracy: 0.1767
71/98 [====================>.........] - ETA: 0s - loss: 2.4712 - accuracy: 0.1777
75/98 [=====================>........] - ETA: 0s - loss: 2.4690 - accuracy: 0.1784
79/98 [=======================>......] - ETA: 0s - loss: 2.4642 - accuracy: 0.1795
83/98 [========================>.....] - ETA: 0s - loss: 2.4606 - accuracy: 0.1801
87/98 [=========================>....] - ETA: 0s - loss: 2.4569 - accuracy: 0.1802
90/98 [==========================>...] - ETA: 0s - loss: 2.4546 - accuracy: 0.1803
94/98 [===========================>..] - ETA: 0s - loss: 2.4518 - accuracy: 0.1812
98/98 [==============================] - ETA: 0s - loss: 2.4484 - accuracy: 0.1822
98/98 [==============================] - 3s 27ms/step - loss: 2.4484 - accuracy: 0.1822 - val_loss: 2.1849 - val_accuracy: 0.2201
Epoch 3/288

 1/98 [..............................] - ETA: 3s - loss: 2.3974 - accuracy: 0.1875
 4/98 [>.............................] - ETA: 1s - loss: 2.3859 - accuracy: 0.1890
 8/98 [=>............................] - ETA: 1s - loss: 2.3522 - accuracy: 0.2003
12/98 [==>...........................] - ETA: 1s - loss: 2.3252 - accuracy: 0.2095
15/98 [===>..........................] - ETA: 1s - loss: 2.3201 - accuracy: 0.2120
19/98 [====>.........................] - ETA: 1s - loss: 2.3228 - accuracy: 0.2125
22/98 [=====>........................] - ETA: 1s - loss: 2.3246 - accuracy: 0.2146
26/98 [======>.......................] - ETA: 1s - loss: 2.3207 - accuracy: 0.2143
30/98 [========>.....................] - ETA: 1s - loss: 2.3243 - accuracy: 0.2133
34/98 [=========>....................] - ETA: 1s - loss: 2.3294 - accuracy: 0.2126
38/98 [==========>...................] - ETA: 1s - loss: 2.3266 - accuracy: 0.2135
41/98 [===========>..................] - ETA: 1s - loss: 2.3246 - accuracy: 0.2143
45/98 [============>.................] - ETA: 0s - loss: 2.3236 - accuracy: 0.2141
49/98 [==============>...............] - ETA: 0s - loss: 2.3191 - accuracy: 0.2148
53/98 [===============>..............] - ETA: 0s - loss: 2.3184 - accuracy: 0.2145
56/98 [================>.............] - ETA: 0s - loss: 2.3165 - accuracy: 0.2145
60/98 [=================>............] - ETA: 0s - loss: 2.3142 - accuracy: 0.2148
64/98 [==================>...........] - ETA: 0s - loss: 2.3119 - accuracy: 0.2154
67/98 [===================>..........] - ETA: 0s - loss: 2.3107 - accuracy: 0.2159
71/98 [====================>.........] - ETA: 0s - loss: 2.3083 - accuracy: 0.2164
74/98 [=====================>........] - ETA: 0s - loss: 2.3080 - accuracy: 0.2166
78/98 [======================>.......] - ETA: 0s - loss: 2.3052 - accuracy: 0.2173
81/98 [=======================>......] - ETA: 0s - loss: 2.3048 - accuracy: 0.2175
85/98 [=========================>....] - ETA: 0s - loss: 2.3021 - accuracy: 0.2181
88/98 [=========================>....] - ETA: 0s - loss: 2.3001 - accuracy: 0.2186
92/98 [===========================>..] - ETA: 0s - loss: 2.2968 - accuracy: 0.2193
96/98 [============================>.] - ETA: 0s - loss: 2.2937 - accuracy: 0.2201
98/98 [==============================] - 3s 27ms/step - loss: 2.2926 - accuracy: 0.2201 - val_loss: 2.0964 - val_accuracy: 0.2635
Epoch 4/288

 1/98 [..............................] - ETA: 2s - loss: 2.2681 - accuracy: 0.2148
 6/98 [>.............................] - ETA: 1s - loss: 2.2177 - accuracy: 0.2464
10/98 [==>...........................] - ETA: 1s - loss: 2.2278 - accuracy: 0.2447
15/98 [===>..........................] - ETA: 1s - loss: 2.2223 - accuracy: 0.2427
20/98 [=====>........................] - ETA: 0s - loss: 2.2214 - accuracy: 0.2425
25/98 [======>.......................] - ETA: 0s - loss: 2.2216 - accuracy: 0.2441
31/98 [========>.....................] - ETA: 0s - loss: 2.2220 - accuracy: 0.2411
36/98 [==========>...................] - ETA: 0s - loss: 2.2198 - accuracy: 0.2412
41/98 [===========>..................] - ETA: 0s - loss: 2.2161 - accuracy: 0.2426
46/98 [=============>................] - ETA: 0s - loss: 2.2150 - accuracy: 0.2432
52/98 [==============>...............] - ETA: 0s - loss: 2.2118 - accuracy: 0.2435
57/98 [================>.............] - ETA: 0s - loss: 2.2111 - accuracy: 0.2435
63/98 [==================>...........] - ETA: 0s - loss: 2.2092 - accuracy: 0.2442
69/98 [====================>.........] - ETA: 0s - loss: 2.2074 - accuracy: 0.2438
74/98 [=====================>........] - ETA: 0s - loss: 2.2071 - accuracy: 0.2445
80/98 [=======================>......] - ETA: 0s - loss: 2.2059 - accuracy: 0.2456
86/98 [=========================>....] - ETA: 0s - loss: 2.1996 - accuracy: 0.2469
91/98 [==========================>...] - ETA: 0s - loss: 2.1977 - accuracy: 0.2479
97/98 [============================>.] - ETA: 0s - loss: 2.1945 - accuracy: 0.2489
98/98 [==============================] - 2s 21ms/step - loss: 2.1939 - accuracy: 0.2492 - val_loss: 2.0023 - val_accuracy: 0.2997
Epoch 5/288

 1/98 [..............................] - ETA: 3s - loss: 2.1655 - accuracy: 0.2676
 5/98 [>.............................] - ETA: 1s - loss: 2.1905 - accuracy: 0.2578
 8/98 [=>............................] - ETA: 1s - loss: 2.1848 - accuracy: 0.2666
12/98 [==>...........................] - ETA: 1s - loss: 2.1805 - accuracy: 0.2633
16/98 [===>..........................] - ETA: 1s - loss: 2.1548 - accuracy: 0.2668
19/98 [====>.........................] - ETA: 1s - loss: 2.1589 - accuracy: 0.2635
23/98 [======>.......................] - ETA: 1s - loss: 2.1559 - accuracy: 0.2649
26/98 [======>.......................] - ETA: 1s - loss: 2.1530 - accuracy: 0.2652
30/98 [========>.....................] - ETA: 1s - loss: 2.1502 - accuracy: 0.2667
34/98 [=========>....................] - ETA: 1s - loss: 2.1531 - accuracy: 0.2661
37/98 [==========>...................] - ETA: 1s - loss: 2.1529 - accuracy: 0.2652
41/98 [===========>..................] - ETA: 0s - loss: 2.1492 - accuracy: 0.2658
45/98 [============>.................] - ETA: 0s - loss: 2.1497 - accuracy: 0.2664
49/98 [==============>...............] - ETA: 0s - loss: 2.1476 - accuracy: 0.2660
53/98 [===============>..............] - ETA: 0s - loss: 2.1428 - accuracy: 0.2661
58/98 [================>.............] - ETA: 0s - loss: 2.1401 - accuracy: 0.2678
61/98 [=================>............] - ETA: 0s - loss: 2.1383 - accuracy: 0.2678
65/98 [==================>...........] - ETA: 0s - loss: 2.1377 - accuracy: 0.2685
68/98 [===================>..........] - ETA: 0s - loss: 2.1368 - accuracy: 0.2689
72/98 [=====================>........] - ETA: 0s - loss: 2.1335 - accuracy: 0.2689
75/98 [=====================>........] - ETA: 0s - loss: 2.1326 - accuracy: 0.2688
79/98 [=======================>......] - ETA: 0s - loss: 2.1303 - accuracy: 0.2695
83/98 [========================>.....] - ETA: 0s - loss: 2.1278 - accuracy: 0.2708
87/98 [=========================>....] - ETA: 0s - loss: 2.1276 - accuracy: 0.2708
91/98 [==========================>...] - ETA: 0s - loss: 2.1249 - accuracy: 0.2716
94/98 [===========================>..] - ETA: 0s - loss: 2.1218 - accuracy: 0.2726
98/98 [==============================] - ETA: 0s - loss: 2.1189 - accuracy: 0.2733
98/98 [==============================] - 3s 27ms/step - loss: 2.1189 - accuracy: 0.2733 - val_loss: 1.9105 - val_accuracy: 0.3305
Epoch 6/288

 1/98 [..............................] - ETA: 3s - loss: 2.0346 - accuracy: 0.2988
 4/98 [>.............................] - ETA: 1s - loss: 2.0426 - accuracy: 0.3052
 8/98 [=>............................] - ETA: 1s - loss: 2.0869 - accuracy: 0.2893
12/98 [==>...........................] - ETA: 1s - loss: 2.0813 - accuracy: 0.2912
15/98 [===>..........................] - ETA: 1s - loss: 2.0735 - accuracy: 0.2926
18/98 [====>.........................] - ETA: 1s - loss: 2.0804 - accuracy: 0.2920
21/98 [=====>........................] - ETA: 1s - loss: 2.0819 - accuracy: 0.2909
25/98 [======>.......................] - ETA: 1s - loss: 2.0855 - accuracy: 0.2880
29/98 [=======>......................] - ETA: 1s - loss: 2.0922 - accuracy: 0.2862
33/98 [=========>....................] - ETA: 1s - loss: 2.0868 - accuracy: 0.2872
37/98 [==========>...................] - ETA: 1s - loss: 2.0885 - accuracy: 0.2862
41/98 [===========>..................] - ETA: 0s - loss: 2.0921 - accuracy: 0.2839
44/98 [============>.................] - ETA: 0s - loss: 2.0937 - accuracy: 0.2836
48/98 [=============>................] - ETA: 0s - loss: 2.0930 - accuracy: 0.2834
52/98 [==============>...............] - ETA: 0s - loss: 2.0942 - accuracy: 0.2834
56/98 [================>.............] - ETA: 0s - loss: 2.0885 - accuracy: 0.2844
60/98 [=================>............] - ETA: 0s - loss: 2.0837 - accuracy: 0.2850
63/98 [==================>...........] - ETA: 0s - loss: 2.0820 - accuracy: 0.2846
67/98 [===================>..........] - ETA: 0s - loss: 2.0815 - accuracy: 0.2844
70/98 [====================>.........] - ETA: 0s - loss: 2.0767 - accuracy: 0.2856
74/98 [=====================>........] - ETA: 0s - loss: 2.0768 - accuracy: 0.2855
78/98 [======================>.......] - ETA: 0s - loss: 2.0751 - accuracy: 0.2869
81/98 [=======================>......] - ETA: 0s - loss: 2.0728 - accuracy: 0.2875
85/98 [=========================>....] - ETA: 0s - loss: 2.0723 - accuracy: 0.2881
89/98 [==========================>...] - ETA: 0s - loss: 2.0710 - accuracy: 0.2884
92/98 [===========================>..] - ETA: 0s - loss: 2.0682 - accuracy: 0.2892
96/98 [============================>.] - ETA: 0s - loss: 2.0671 - accuracy: 0.2895
98/98 [==============================] - 3s 26ms/step - loss: 2.0674 - accuracy: 0.2894 - val_loss: 1.8352 - val_accuracy: 0.3559
Epoch 7/288

 1/98 [..............................] - ETA: 1s - loss: 1.9498 - accuracy: 0.2891
 6/98 [>.............................] - ETA: 1s - loss: 2.0497 - accuracy: 0.2926
11/98 [==>...........................] - ETA: 1s - loss: 2.0361 - accuracy: 0.2974
17/98 [====>.........................] - ETA: 0s - loss: 2.0393 - accuracy: 0.2978
23/98 [======>.......................] - ETA: 0s - loss: 2.0423 - accuracy: 0.2997
29/98 [=======>......................] - ETA: 0s - loss: 2.0456 - accuracy: 0.2993
34/98 [=========>....................] - ETA: 0s - loss: 2.0411 - accuracy: 0.3000
39/98 [==========>...................] - ETA: 0s - loss: 2.0373 - accuracy: 0.2997
45/98 [============>.................] - ETA: 0s - loss: 2.0314 - accuracy: 0.3007
51/98 [==============>...............] - ETA: 0s - loss: 2.0312 - accuracy: 0.3012
56/98 [================>.............] - ETA: 0s - loss: 2.0317 - accuracy: 0.3014
61/98 [=================>............] - ETA: 0s - loss: 2.0312 - accuracy: 0.3012
64/98 [==================>...........] - ETA: 0s - loss: 2.0327 - accuracy: 0.3008
68/98 [===================>..........] - ETA: 0s - loss: 2.0316 - accuracy: 0.3014
72/98 [=====================>........] - ETA: 0s - loss: 2.0329 - accuracy: 0.3009
76/98 [======================>.......] - ETA: 0s - loss: 2.0313 - accuracy: 0.3009
79/98 [=======================>......] - ETA: 0s - loss: 2.0310 - accuracy: 0.3009
83/98 [========================>.....] - ETA: 0s - loss: 2.0302 - accuracy: 0.3014
87/98 [=========================>....] - ETA: 0s - loss: 2.0286 - accuracy: 0.3018
90/98 [==========================>...] - ETA: 0s - loss: 2.0276 - accuracy: 0.3026
93/98 [===========================>..] - ETA: 0s - loss: 2.0245 - accuracy: 0.3034
97/98 [============================>.] - ETA: 0s - loss: 2.0241 - accuracy: 0.3041
98/98 [==============================] - 2s 24ms/step - loss: 2.0235 - accuracy: 0.3041 - val_loss: 1.7782 - val_accuracy: 0.3737
Epoch 8/288

 1/98 [..............................] - ETA: 3s - loss: 2.0524 - accuracy: 0.2930
 5/98 [>.............................] - ETA: 1s - loss: 2.0303 - accuracy: 0.2973
 9/98 [=>............................] - ETA: 1s - loss: 2.0008 - accuracy: 0.3123
12/98 [==>...........................] - ETA: 1s - loss: 1.9844 - accuracy: 0.3157
16/98 [===>..........................] - ETA: 1s - loss: 1.9854 - accuracy: 0.3136
19/98 [====>.........................] - ETA: 1s - loss: 1.9813 - accuracy: 0.3129
23/98 [======>.......................] - ETA: 1s - loss: 1.9889 - accuracy: 0.3091
27/98 [=======>......................] - ETA: 1s - loss: 1.9868 - accuracy: 0.3116
30/98 [========>.....................] - ETA: 1s - loss: 1.9876 - accuracy: 0.3111
34/98 [=========>....................] - ETA: 1s - loss: 1.9858 - accuracy: 0.3115
38/98 [==========>...................] - ETA: 1s - loss: 1.9876 - accuracy: 0.3115
42/98 [===========>..................] - ETA: 0s - loss: 1.9891 - accuracy: 0.3120
46/98 [=============>................] - ETA: 0s - loss: 1.9874 - accuracy: 0.3128
49/98 [==============>...............] - ETA: 0s - loss: 1.9849 - accuracy: 0.3135
53/98 [===============>..............] - ETA: 0s - loss: 1.9864 - accuracy: 0.3135
57/98 [================>.............] - ETA: 0s - loss: 1.9866 - accuracy: 0.3136
61/98 [=================>............] - ETA: 0s - loss: 1.9880 - accuracy: 0.3136
65/98 [==================>...........] - ETA: 0s - loss: 1.9884 - accuracy: 0.3136
68/98 [===================>..........] - ETA: 0s - loss: 1.9875 - accuracy: 0.3139
72/98 [=====================>........] - ETA: 0s - loss: 1.9868 - accuracy: 0.3135
75/98 [=====================>........] - ETA: 0s - loss: 1.9840 - accuracy: 0.3130
79/98 [=======================>......] - ETA: 0s - loss: 1.9847 - accuracy: 0.3135
83/98 [========================>.....] - ETA: 0s - loss: 1.9841 - accuracy: 0.3141
86/98 [=========================>....] - ETA: 0s - loss: 1.9862 - accuracy: 0.3134
90/98 [==========================>...] - ETA: 0s - loss: 1.9864 - accuracy: 0.3134
93/98 [===========================>..] - ETA: 0s - loss: 1.9850 - accuracy: 0.3140
96/98 [============================>.] - ETA: 0s - loss: 1.9844 - accuracy: 0.3144
98/98 [==============================] - 3s 27ms/step - loss: 1.9835 - accuracy: 0.3144 - val_loss: 1.7376 - val_accuracy: 0.3878
Epoch 9/288

 1/98 [..............................] - ETA: 1s - loss: 1.9698 - accuracy: 0.3633
 4/98 [>.............................] - ETA: 1s - loss: 1.9848 - accuracy: 0.3369
 8/98 [=>............................] - ETA: 1s - loss: 1.9651 - accuracy: 0.3303
12/98 [==>...........................] - ETA: 1s - loss: 1.9680 - accuracy: 0.3301
16/98 [===>..........................] - ETA: 1s - loss: 1.9629 - accuracy: 0.3302
20/98 [=====>........................] - ETA: 1s - loss: 1.9616 - accuracy: 0.3304
24/98 [======>.......................] - ETA: 1s - loss: 1.9557 - accuracy: 0.3315
28/98 [=======>......................] - ETA: 1s - loss: 1.9511 - accuracy: 0.3326
31/98 [========>.....................] - ETA: 1s - loss: 1.9500 - accuracy: 0.3325
35/98 [=========>....................] - ETA: 1s - loss: 1.9473 - accuracy: 0.3308
39/98 [==========>...................] - ETA: 1s - loss: 1.9488 - accuracy: 0.3295
42/98 [===========>..................] - ETA: 0s - loss: 1.9524 - accuracy: 0.3287
46/98 [=============>................] - ETA: 0s - loss: 1.9573 - accuracy: 0.3283
50/98 [==============>...............] - ETA: 0s - loss: 1.9529 - accuracy: 0.3289
54/98 [===============>..............] - ETA: 0s - loss: 1.9527 - accuracy: 0.3297
57/98 [================>.............] - ETA: 0s - loss: 1.9521 - accuracy: 0.3293
61/98 [=================>............] - ETA: 0s - loss: 1.9520 - accuracy: 0.3290
65/98 [==================>...........] - ETA: 0s - loss: 1.9525 - accuracy: 0.3294
69/98 [====================>.........] - ETA: 0s - loss: 1.9526 - accuracy: 0.3289
73/98 [=====================>........] - ETA: 0s - loss: 1.9521 - accuracy: 0.3281
77/98 [======================>.......] - ETA: 0s - loss: 1.9517 - accuracy: 0.3288
80/98 [=======================>......] - ETA: 0s - loss: 1.9488 - accuracy: 0.3295
84/98 [========================>.....] - ETA: 0s - loss: 1.9469 - accuracy: 0.3299
88/98 [=========================>....] - ETA: 0s - loss: 1.9464 - accuracy: 0.3300
92/98 [===========================>..] - ETA: 0s - loss: 1.9458 - accuracy: 0.3297
96/98 [============================>.] - ETA: 0s - loss: 1.9453 - accuracy: 0.3301
98/98 [==============================] - 2s 24ms/step - loss: 1.9453 - accuracy: 0.3301 - val_loss: 1.7075 - val_accuracy: 0.3967
Epoch 10/288

 1/98 [..............................] - ETA: 2s - loss: 1.9691 - accuracy: 0.3379
 6/98 [>.............................] - ETA: 1s - loss: 1.8906 - accuracy: 0.3447
11/98 [==>...........................] - ETA: 1s - loss: 1.9006 - accuracy: 0.3404
17/98 [====>.........................] - ETA: 0s - loss: 1.9108 - accuracy: 0.3387
21/98 [=====>........................] - ETA: 0s - loss: 1.9091 - accuracy: 0.3402
25/98 [======>.......................] - ETA: 0s - loss: 1.9145 - accuracy: 0.3394
28/98 [=======>......................] - ETA: 0s - loss: 1.9143 - accuracy: 0.3385
32/98 [========>.....................] - ETA: 0s - loss: 1.9201 - accuracy: 0.3368
36/98 [==========>...................] - ETA: 0s - loss: 1.9194 - accuracy: 0.3385
39/98 [==========>...................] - ETA: 0s - loss: 1.9183 - accuracy: 0.3395
43/98 [============>.................] - ETA: 0s - loss: 1.9216 - accuracy: 0.3383
47/98 [=============>................] - ETA: 0s - loss: 1.9211 - accuracy: 0.3376
50/98 [==============>...............] - ETA: 0s - loss: 1.9241 - accuracy: 0.3377
54/98 [===============>..............] - ETA: 0s - loss: 1.9256 - accuracy: 0.3370
57/98 [================>.............] - ETA: 0s - loss: 1.9261 - accuracy: 0.3370
61/98 [=================>............] - ETA: 0s - loss: 1.9252 - accuracy: 0.3370
65/98 [==================>...........] - ETA: 0s - loss: 1.9228 - accuracy: 0.3380
68/98 [===================>..........] - ETA: 0s - loss: 1.9175 - accuracy: 0.3397
72/98 [=====================>........] - ETA: 0s - loss: 1.9177 - accuracy: 0.3394
76/98 [======================>.......] - ETA: 0s - loss: 1.9173 - accuracy: 0.3404
79/98 [=======================>......] - ETA: 0s - loss: 1.9167 - accuracy: 0.3406
83/98 [========================>.....] - ETA: 0s - loss: 1.9157 - accuracy: 0.3407
87/98 [=========================>....] - ETA: 0s - loss: 1.9172 - accuracy: 0.3396
91/98 [==========================>...] - ETA: 0s - loss: 1.9171 - accuracy: 0.3394
95/98 [============================>.] - ETA: 0s - loss: 1.9173 - accuracy: 0.3396
98/98 [==============================] - 3s 26ms/step - loss: 1.9164 - accuracy: 0.3399 - val_loss: 1.6812 - val_accuracy: 0.4077
Epoch 11/288

 1/98 [..............................] - ETA: 3s - loss: 1.9357 - accuracy: 0.3340
 5/98 [>.............................] - ETA: 1s - loss: 1.8957 - accuracy: 0.3547
 9/98 [=>............................] - ETA: 1s - loss: 1.8959 - accuracy: 0.3520
13/98 [==>...........................] - ETA: 1s - loss: 1.8923 - accuracy: 0.3478
17/98 [====>.........................] - ETA: 1s - loss: 1.8892 - accuracy: 0.3477
20/98 [=====>........................] - ETA: 1s - loss: 1.8902 - accuracy: 0.3479
24/98 [======>.......................] - ETA: 1s - loss: 1.8909 - accuracy: 0.3478
27/98 [=======>......................] - ETA: 1s - loss: 1.8878 - accuracy: 0.3475
31/98 [========>.....................] - ETA: 1s - loss: 1.8906 - accuracy: 0.3457
35/98 [=========>....................] - ETA: 1s - loss: 1.8895 - accuracy: 0.3452
39/98 [==========>...................] - ETA: 1s - loss: 1.8870 - accuracy: 0.3439
43/98 [============>.................] - ETA: 0s - loss: 1.8836 - accuracy: 0.3454
47/98 [=============>................] - ETA: 0s - loss: 1.8825 - accuracy: 0.3457
50/98 [==============>...............] - ETA: 0s - loss: 1.8836 - accuracy: 0.3452
54/98 [===============>..............] - ETA: 0s - loss: 1.8844 - accuracy: 0.3458
58/98 [================>.............] - ETA: 0s - loss: 1.8864 - accuracy: 0.3453
62/98 [=================>............] - ETA: 0s - loss: 1.8828 - accuracy: 0.3462
66/98 [===================>..........] - ETA: 0s - loss: 1.8828 - accuracy: 0.3460
69/98 [====================>.........] - ETA: 0s - loss: 1.8842 - accuracy: 0.3458
73/98 [=====================>........] - ETA: 0s - loss: 1.8853 - accuracy: 0.3450
77/98 [======================>.......] - ETA: 0s - loss: 1.8853 - accuracy: 0.3454
81/98 [=======================>......] - ETA: 0s - loss: 1.8831 - accuracy: 0.3459
84/98 [========================>.....] - ETA: 0s - loss: 1.8838 - accuracy: 0.3455
88/98 [=========================>....] - ETA: 0s - loss: 1.8831 - accuracy: 0.3462
92/98 [===========================>..] - ETA: 0s - loss: 1.8831 - accuracy: 0.3463
96/98 [============================>.] - ETA: 0s - loss: 1.8825 - accuracy: 0.3467
98/98 [==============================] - 3s 27ms/step - loss: 1.8818 - accuracy: 0.3465 - val_loss: 1.6582 - val_accuracy: 0.4141
Epoch 12/288

 1/98 [..............................] - ETA: 3s - loss: 1.8499 - accuracy: 0.3477
 5/98 [>.............................] - ETA: 1s - loss: 1.8990 - accuracy: 0.3461
 9/98 [=>............................] - ETA: 1s - loss: 1.8782 - accuracy: 0.3539
12/98 [==>...........................] - ETA: 1s - loss: 1.8854 - accuracy: 0.3550
16/98 [===>..........................] - ETA: 1s - loss: 1.8803 - accuracy: 0.3566
20/98 [=====>........................] - ETA: 1s - loss: 1.8783 - accuracy: 0.3548
23/98 [======>.......................] - ETA: 1s - loss: 1.8738 - accuracy: 0.3550
27/98 [=======>......................] - ETA: 1s - loss: 1.8679 - accuracy: 0.3553
31/98 [========>.....................] - ETA: 1s - loss: 1.8682 - accuracy: 0.3543
34/98 [=========>....................] - ETA: 1s - loss: 1.8604 - accuracy: 0.3564
38/98 [==========>...................] - ETA: 1s - loss: 1.8651 - accuracy: 0.3537
42/98 [===========>..................] - ETA: 0s - loss: 1.8708 - accuracy: 0.3515
46/98 [=============>................] - ETA: 0s - loss: 1.8701 - accuracy: 0.3509
49/98 [==============>...............] - ETA: 0s - loss: 1.8678 - accuracy: 0.3510
53/98 [===============>..............] - ETA: 0s - loss: 1.8690 - accuracy: 0.3512
56/98 [================>.............] - ETA: 0s - loss: 1.8673 - accuracy: 0.3527
60/98 [=================>............] - ETA: 0s - loss: 1.8656 - accuracy: 0.3530
63/98 [==================>...........] - ETA: 0s - loss: 1.8647 - accuracy: 0.3534
67/98 [===================>..........] - ETA: 0s - loss: 1.8665 - accuracy: 0.3529
71/98 [====================>.........] - ETA: 0s - loss: 1.8661 - accuracy: 0.3531
74/98 [=====================>........] - ETA: 0s - loss: 1.8646 - accuracy: 0.3537
78/98 [======================>.......] - ETA: 0s - loss: 1.8635 - accuracy: 0.3538
83/98 [========================>.....] - ETA: 0s - loss: 1.8613 - accuracy: 0.3546
89/98 [==========================>...] - ETA: 0s - loss: 1.8598 - accuracy: 0.3561
93/98 [===========================>..] - ETA: 0s - loss: 1.8598 - accuracy: 0.3563
98/98 [==============================] - ETA: 0s - loss: 1.8586 - accuracy: 0.3565
98/98 [==============================] - 2s 23ms/step - loss: 1.8586 - accuracy: 0.3565 - val_loss: 1.6392 - val_accuracy: 0.4210
Epoch 13/288

 1/98 [..............................] - ETA: 3s - loss: 1.8437 - accuracy: 0.3555
 5/98 [>.............................] - ETA: 1s - loss: 1.8217 - accuracy: 0.3658
 9/98 [=>............................] - ETA: 1s - loss: 1.8539 - accuracy: 0.3585
13/98 [==>...........................] - ETA: 1s - loss: 1.8268 - accuracy: 0.3708
16/98 [===>..........................] - ETA: 1s - loss: 1.8343 - accuracy: 0.3659
20/98 [=====>........................] - ETA: 1s - loss: 1.8450 - accuracy: 0.3632
23/98 [======>.......................] - ETA: 1s - loss: 1.8363 - accuracy: 0.3666
27/98 [=======>......................] - ETA: 1s - loss: 1.8353 - accuracy: 0.3672
31/98 [========>.....................] - ETA: 1s - loss: 1.8345 - accuracy: 0.3668
35/98 [=========>....................] - ETA: 1s - loss: 1.8361 - accuracy: 0.3676
39/98 [==========>...................] - ETA: 0s - loss: 1.8322 - accuracy: 0.3676
42/98 [===========>..................] - ETA: 0s - loss: 1.8360 - accuracy: 0.3653
46/98 [=============>................] - ETA: 0s - loss: 1.8385 - accuracy: 0.3651
50/98 [==============>...............] - ETA: 0s - loss: 1.8405 - accuracy: 0.3646
53/98 [===============>..............] - ETA: 0s - loss: 1.8385 - accuracy: 0.3649
57/98 [================>.............] - ETA: 0s - loss: 1.8368 - accuracy: 0.3654
61/98 [=================>............] - ETA: 0s - loss: 1.8408 - accuracy: 0.3649
65/98 [==================>...........] - ETA: 0s - loss: 1.8386 - accuracy: 0.3655
69/98 [====================>.........] - ETA: 0s - loss: 1.8402 - accuracy: 0.3646
72/98 [=====================>........] - ETA: 0s - loss: 1.8393 - accuracy: 0.3650
76/98 [======================>.......] - ETA: 0s - loss: 1.8408 - accuracy: 0.3642
79/98 [=======================>......] - ETA: 0s - loss: 1.8411 - accuracy: 0.3644
83/98 [========================>.....] - ETA: 0s - loss: 1.8429 - accuracy: 0.3639
86/98 [=========================>....] - ETA: 0s - loss: 1.8418 - accuracy: 0.3641
90/98 [==========================>...] - ETA: 0s - loss: 1.8403 - accuracy: 0.3643
94/98 [===========================>..] - ETA: 0s - loss: 1.8407 - accuracy: 0.3645
98/98 [==============================] - ETA: 0s - loss: 1.8400 - accuracy: 0.3647
98/98 [==============================] - 3s 27ms/step - loss: 1.8400 - accuracy: 0.3647 - val_loss: 1.6215 - val_accuracy: 0.4272
Epoch 14/288

 1/98 [..............................] - ETA: 3s - loss: 1.7847 - accuracy: 0.4082
 5/98 [>.............................] - ETA: 1s - loss: 1.8331 - accuracy: 0.3723
 9/98 [=>............................] - ETA: 1s - loss: 1.8234 - accuracy: 0.3676
13/98 [==>...........................] - ETA: 1s - loss: 1.8293 - accuracy: 0.3637
16/98 [===>..........................] - ETA: 1s - loss: 1.8241 - accuracy: 0.3701
20/98 [=====>........................] - ETA: 1s - loss: 1.8232 - accuracy: 0.3726
23/98 [======>.......................] - ETA: 1s - loss: 1.8242 - accuracy: 0.3733
27/98 [=======>......................] - ETA: 1s - loss: 1.8290 - accuracy: 0.3711
31/98 [========>.....................] - ETA: 1s - loss: 1.8226 - accuracy: 0.3703
35/98 [=========>....................] - ETA: 1s - loss: 1.8183 - accuracy: 0.3705
39/98 [==========>...................] - ETA: 1s - loss: 1.8177 - accuracy: 0.3707
42/98 [===========>..................] - ETA: 0s - loss: 1.8178 - accuracy: 0.3703
46/98 [=============>................] - ETA: 0s - loss: 1.8139 - accuracy: 0.3716
49/98 [==============>...............] - ETA: 0s - loss: 1.8138 - accuracy: 0.3715
53/98 [===============>..............] - ETA: 0s - loss: 1.8159 - accuracy: 0.3710
57/98 [================>.............] - ETA: 0s - loss: 1.8149 - accuracy: 0.3714
60/98 [=================>............] - ETA: 0s - loss: 1.8141 - accuracy: 0.3715
64/98 [==================>...........] - ETA: 0s - loss: 1.8138 - accuracy: 0.3714
68/98 [===================>..........] - ETA: 0s - loss: 1.8177 - accuracy: 0.3701
71/98 [====================>.........] - ETA: 0s - loss: 1.8178 - accuracy: 0.3704
75/98 [=====================>........] - ETA: 0s - loss: 1.8152 - accuracy: 0.3713
78/98 [======================>.......] - ETA: 0s - loss: 1.8147 - accuracy: 0.3721
82/98 [========================>.....] - ETA: 0s - loss: 1.8134 - accuracy: 0.3724
86/98 [=========================>....] - ETA: 0s - loss: 1.8111 - accuracy: 0.3732
89/98 [==========================>...] - ETA: 0s - loss: 1.8108 - accuracy: 0.3734
93/98 [===========================>..] - ETA: 0s - loss: 1.8100 - accuracy: 0.3736
97/98 [============================>.] - ETA: 0s - loss: 1.8103 - accuracy: 0.3738
98/98 [==============================] - 3s 27ms/step - loss: 1.8109 - accuracy: 0.3738 - val_loss: 1.6021 - val_accuracy: 0.4361
Epoch 15/288

 1/98 [..............................] - ETA: 3s - loss: 1.7354 - accuracy: 0.4043
 5/98 [>.............................] - ETA: 1s - loss: 1.7673 - accuracy: 0.3797
 9/98 [=>............................] - ETA: 1s - loss: 1.7811 - accuracy: 0.3763
13/98 [==>...........................] - ETA: 1s - loss: 1.7958 - accuracy: 0.3732
17/98 [====>.........................] - ETA: 1s - loss: 1.8019 - accuracy: 0.3718
20/98 [=====>........................] - ETA: 1s - loss: 1.8014 - accuracy: 0.3717
24/98 [======>.......................] - ETA: 1s - loss: 1.7998 - accuracy: 0.3726
28/98 [=======>......................] - ETA: 1s - loss: 1.7965 - accuracy: 0.3736
32/98 [========>.....................] - ETA: 1s - loss: 1.7965 - accuracy: 0.3731
35/98 [=========>....................] - ETA: 1s - loss: 1.7962 - accuracy: 0.3745
39/98 [==========>...................] - ETA: 0s - loss: 1.7943 - accuracy: 0.3751
42/98 [===========>..................] - ETA: 0s - loss: 1.7914 - accuracy: 0.3766
48/98 [=============>................] - ETA: 0s - loss: 1.7895 - accuracy: 0.3774
54/98 [===============>..............] - ETA: 0s - loss: 1.7920 - accuracy: 0.3773
59/98 [=================>............] - ETA: 0s - loss: 1.7925 - accuracy: 0.3771
65/98 [==================>...........] - ETA: 0s - loss: 1.7923 - accuracy: 0.3772
71/98 [====================>.........] - ETA: 0s - loss: 1.7891 - accuracy: 0.3793
76/98 [======================>.......] - ETA: 0s - loss: 1.7904 - accuracy: 0.3785
82/98 [========================>.....] - ETA: 0s - loss: 1.7903 - accuracy: 0.3793
87/98 [=========================>....] - ETA: 0s - loss: 1.7890 - accuracy: 0.3792
93/98 [===========================>..] - ETA: 0s - loss: 1.7870 - accuracy: 0.3799
98/98 [==============================] - 2s 22ms/step - loss: 1.7875 - accuracy: 0.3792 - val_loss: 1.5851 - val_accuracy: 0.4443
Epoch 16/288

 1/98 [..............................] - ETA: 3s - loss: 1.8167 - accuracy: 0.3652
 4/98 [>.............................] - ETA: 1s - loss: 1.8043 - accuracy: 0.3765
 8/98 [=>............................] - ETA: 1s - loss: 1.8057 - accuracy: 0.3727
12/98 [==>...........................] - ETA: 1s - loss: 1.7936 - accuracy: 0.3720
15/98 [===>..........................] - ETA: 1s - loss: 1.7978 - accuracy: 0.3695
19/98 [====>.........................] - ETA: 1s - loss: 1.7816 - accuracy: 0.3760
22/98 [=====>........................] - ETA: 1s - loss: 1.7852 - accuracy: 0.3770
26/98 [======>.......................] - ETA: 1s - loss: 1.7812 - accuracy: 0.3771
30/98 [========>.....................] - ETA: 1s - loss: 1.7764 - accuracy: 0.3784
33/98 [=========>....................] - ETA: 1s - loss: 1.7760 - accuracy: 0.3787
37/98 [==========>...................] - ETA: 1s - loss: 1.7764 - accuracy: 0.3788
40/98 [===========>..................] - ETA: 1s - loss: 1.7780 - accuracy: 0.3785
43/98 [============>.................] - ETA: 1s - loss: 1.7779 - accuracy: 0.3791
47/98 [=============>................] - ETA: 0s - loss: 1.7781 - accuracy: 0.3789
50/98 [==============>...............] - ETA: 0s - loss: 1.7773 - accuracy: 0.3795
54/98 [===============>..............] - ETA: 0s - loss: 1.7739 - accuracy: 0.3801
58/98 [================>.............] - ETA: 0s - loss: 1.7731 - accuracy: 0.3816
62/98 [=================>............] - ETA: 0s - loss: 1.7743 - accuracy: 0.3806
66/98 [===================>..........] - ETA: 0s - loss: 1.7764 - accuracy: 0.3799
70/98 [====================>.........] - ETA: 0s - loss: 1.7753 - accuracy: 0.3805
74/98 [=====================>........] - ETA: 0s - loss: 1.7737 - accuracy: 0.3808
77/98 [======================>.......] - ETA: 0s - loss: 1.7714 - accuracy: 0.3813
81/98 [=======================>......] - ETA: 0s - loss: 1.7726 - accuracy: 0.3814
84/98 [========================>.....] - ETA: 0s - loss: 1.7738 - accuracy: 0.3809
88/98 [=========================>....] - ETA: 0s - loss: 1.7747 - accuracy: 0.3812
92/98 [===========================>..] - ETA: 0s - loss: 1.7740 - accuracy: 0.3818
95/98 [============================>.] - ETA: 0s - loss: 1.7731 - accuracy: 0.3819
98/98 [==============================] - 3s 28ms/step - loss: 1.7715 - accuracy: 0.3825 - val_loss: 1.5698 - val_accuracy: 0.4488
Epoch 17/288

 1/98 [..............................] - ETA: 3s - loss: 1.8223 - accuracy: 0.3828
 5/98 [>.............................] - ETA: 1s - loss: 1.7256 - accuracy: 0.3891
 9/98 [=>............................] - ETA: 1s - loss: 1.7329 - accuracy: 0.3967
12/98 [==>...........................] - ETA: 1s - loss: 1.7461 - accuracy: 0.3926
16/98 [===>..........................] - ETA: 1s - loss: 1.7533 - accuracy: 0.3898
20/98 [=====>........................] - ETA: 1s - loss: 1.7462 - accuracy: 0.3916
24/98 [======>.......................] - ETA: 1s - loss: 1.7494 - accuracy: 0.3910
28/98 [=======>......................] - ETA: 1s - loss: 1.7529 - accuracy: 0.3904
32/98 [========>.....................] - ETA: 1s - loss: 1.7556 - accuracy: 0.3889
35/98 [=========>....................] - ETA: 1s - loss: 1.7554 - accuracy: 0.3878
39/98 [==========>...................] - ETA: 1s - loss: 1.7514 - accuracy: 0.3882
43/98 [============>.................] - ETA: 0s - loss: 1.7531 - accuracy: 0.3894
46/98 [=============>................] - ETA: 0s - loss: 1.7544 - accuracy: 0.3883
50/98 [==============>...............] - ETA: 0s - loss: 1.7569 - accuracy: 0.3888
54/98 [===============>..............] - ETA: 0s - loss: 1.7615 - accuracy: 0.3873
