2024-06-25 20:25:02.851899: I tensorflow/core/platform/cpu_feature_guard.cc:193] This TensorFlow binary is optimized with oneAPI Deep Neural Network Library (oneDNN) to use the following CPU instructions in performance-critical operations:  AVX AVX2
To enable them in other operations, rebuild TensorFlow with the appropriate compiler flags.
2024-06-25 20:25:03.887600: I tensorflow/core/common_runtime/gpu/gpu_device.cc:1616] Created device /job:localhost/replica:0/task:0/device:GPU:0 with 6656 MB memory:  -> device: 0, name: NVIDIA GeForce RTX 4060 Ti, pci bus id: 0000:01:00.0, compute capability: 8.9
1 Physical GPUs, 1 Logical GPUs
Model: "sequential"
_________________________________________________________________
 Layer (type)                Output Shape              Param #   
=================================================================
 conv2d (Conv2D)             (None, 32, 32, 32)        896       
                                                                 
 max_pooling2d (MaxPooling2D  (None, 16, 16, 32)       0         
 )                                                               
                                                                 
 batch_normalization (BatchN  (None, 16, 16, 32)       128       
 ormalization)                                                   
                                                                 
 dropout (Dropout)           (None, 16, 16, 32)        0         
                                                                 
 flatten (Flatten)           (None, 8192)              0         
                                                                 
 dense (Dense)               (None, 10)                81930     
                                                                 
=================================================================
Total params: 82,954
Trainable params: 82,890
Non-trainable params: 64
_________________________________________________________________
Taxa de aprendizado:  1e-05 Num de épocas:  288 Tamanho do lote:  512 Dropout:  0.38361
Epoch 1/288
2024-06-25 20:25:05.813275: I tensorflow/stream_executor/cuda/cuda_dnn.cc:384] Loaded cuDNN version 8100
2024-06-25 20:25:07.367783: W tensorflow/stream_executor/gpu/redzone_allocator.cc:314] INTERNAL: ptxas exited with non-zero error code -1, output: 
Relying on driver to perform ptx compilation. 
Modify $PATH to customize ptxas location.
This message will be only logged once.
2024-06-25 20:25:09.315201: I tensorflow/stream_executor/cuda/cuda_blas.cc:1614] TensorFloat-32 will be used for the matrix multiplication. This will only be logged once.

 1/98 [..............................] - ETA: 8:56 - loss: 2.7871 - accuracy: 0.1309
 4/98 [>.............................] - ETA: 1s - loss: 2.8276 - accuracy: 0.1206  
 8/98 [=>............................] - ETA: 1s - loss: 2.8270 - accuracy: 0.1221
12/98 [==>...........................] - ETA: 1s - loss: 2.8158 - accuracy: 0.1232
16/98 [===>..........................] - ETA: 1s - loss: 2.7932 - accuracy: 0.1262
20/98 [=====>........................] - ETA: 1s - loss: 2.7796 - accuracy: 0.1287
24/98 [======>.......................] - ETA: 1s - loss: 2.7610 - accuracy: 0.1304
27/98 [=======>......................] - ETA: 1s - loss: 2.7536 - accuracy: 0.1311
31/98 [========>.....................] - ETA: 1s - loss: 2.7376 - accuracy: 0.1334
35/98 [=========>....................] - ETA: 1s - loss: 2.7253 - accuracy: 0.1348
38/98 [==========>...................] - ETA: 1s - loss: 2.7145 - accuracy: 0.1365
42/98 [===========>..................] - ETA: 0s - loss: 2.7016 - accuracy: 0.1393
46/98 [=============>................] - ETA: 0s - loss: 2.6920 - accuracy: 0.1388
49/98 [==============>...............] - ETA: 0s - loss: 2.6843 - accuracy: 0.1402
53/98 [===============>..............] - ETA: 0s - loss: 2.6738 - accuracy: 0.1426
57/98 [================>.............] - ETA: 0s - loss: 2.6620 - accuracy: 0.1444
61/98 [=================>............] - ETA: 0s - loss: 2.6518 - accuracy: 0.1464
64/98 [==================>...........] - ETA: 0s - loss: 2.6440 - accuracy: 0.1484
68/98 [===================>..........] - ETA: 0s - loss: 2.6347 - accuracy: 0.1503
72/98 [=====================>........] - ETA: 0s - loss: 2.6287 - accuracy: 0.1507
75/98 [=====================>........] - ETA: 0s - loss: 2.6216 - accuracy: 0.1516
79/98 [=======================>......] - ETA: 0s - loss: 2.6119 - accuracy: 0.1529
83/98 [========================>.....] - ETA: 0s - loss: 2.6014 - accuracy: 0.1553
87/98 [=========================>....] - ETA: 0s - loss: 2.5940 - accuracy: 0.1566
90/98 [==========================>...] - ETA: 0s - loss: 2.5882 - accuracy: 0.1574
94/98 [===========================>..] - ETA: 0s - loss: 2.5814 - accuracy: 0.1587
97/98 [============================>.] - ETA: 0s - loss: 2.5757 - accuracy: 0.1598
98/98 [==============================] - 9s 32ms/step - loss: 2.5743 - accuracy: 0.1600 - val_loss: 2.2520 - val_accuracy: 0.1861
Epoch 2/288

 1/98 [..............................] - ETA: 3s - loss: 2.4756 - accuracy: 0.1777
 5/98 [>.............................] - ETA: 1s - loss: 2.4218 - accuracy: 0.1934
 9/98 [=>............................] - ETA: 1s - loss: 2.4154 - accuracy: 0.1984
13/98 [==>...........................] - ETA: 1s - loss: 2.4053 - accuracy: 0.1980
17/98 [====>.........................] - ETA: 1s - loss: 2.3903 - accuracy: 0.2011
21/98 [=====>........................] - ETA: 1s - loss: 2.3860 - accuracy: 0.1986
25/98 [======>.......................] - ETA: 1s - loss: 2.3756 - accuracy: 0.2001
29/98 [=======>......................] - ETA: 1s - loss: 2.3732 - accuracy: 0.2009
32/98 [========>.....................] - ETA: 1s - loss: 2.3708 - accuracy: 0.2012
36/98 [==========>...................] - ETA: 1s - loss: 2.3657 - accuracy: 0.2020
40/98 [===========>..................] - ETA: 0s - loss: 2.3632 - accuracy: 0.2020
44/98 [============>.................] - ETA: 0s - loss: 2.3583 - accuracy: 0.2017
48/98 [=============>................] - ETA: 0s - loss: 2.3553 - accuracy: 0.2025
51/98 [==============>...............] - ETA: 0s - loss: 2.3517 - accuracy: 0.2036
55/98 [===============>..............] - ETA: 0s - loss: 2.3508 - accuracy: 0.2034
59/98 [=================>............] - ETA: 0s - loss: 2.3490 - accuracy: 0.2046
63/98 [==================>...........] - ETA: 0s - loss: 2.3425 - accuracy: 0.2060
67/98 [===================>..........] - ETA: 0s - loss: 2.3414 - accuracy: 0.2068
71/98 [====================>.........] - ETA: 0s - loss: 2.3358 - accuracy: 0.2076
75/98 [=====================>........] - ETA: 0s - loss: 2.3332 - accuracy: 0.2078
79/98 [=======================>......] - ETA: 0s - loss: 2.3289 - accuracy: 0.2093
83/98 [========================>.....] - ETA: 0s - loss: 2.3240 - accuracy: 0.2103
86/98 [=========================>....] - ETA: 0s - loss: 2.3216 - accuracy: 0.2114
90/98 [==========================>...] - ETA: 0s - loss: 2.3193 - accuracy: 0.2119
94/98 [===========================>..] - ETA: 0s - loss: 2.3157 - accuracy: 0.2122
98/98 [==============================] - ETA: 0s - loss: 2.3115 - accuracy: 0.2126
98/98 [==============================] - 3s 28ms/step - loss: 2.3115 - accuracy: 0.2126 - val_loss: 2.1846 - val_accuracy: 0.2409
Epoch 3/288

 1/98 [..............................] - ETA: 3s - loss: 2.2150 - accuracy: 0.2246
 5/98 [>.............................] - ETA: 1s - loss: 2.2139 - accuracy: 0.2414
 8/98 [=>............................] - ETA: 1s - loss: 2.2118 - accuracy: 0.2417
12/98 [==>...........................] - ETA: 1s - loss: 2.2116 - accuracy: 0.2438
16/98 [===>..........................] - ETA: 1s - loss: 2.2109 - accuracy: 0.2407
20/98 [=====>........................] - ETA: 1s - loss: 2.2101 - accuracy: 0.2405
24/98 [======>.......................] - ETA: 1s - loss: 2.2056 - accuracy: 0.2422
28/98 [=======>......................] - ETA: 1s - loss: 2.2117 - accuracy: 0.2397
32/98 [========>.....................] - ETA: 1s - loss: 2.2092 - accuracy: 0.2404
36/98 [==========>...................] - ETA: 1s - loss: 2.2101 - accuracy: 0.2385
40/98 [===========>..................] - ETA: 0s - loss: 2.2064 - accuracy: 0.2391
44/98 [============>.................] - ETA: 0s - loss: 2.2072 - accuracy: 0.2389
48/98 [=============>................] - ETA: 0s - loss: 2.2067 - accuracy: 0.2392
51/98 [==============>...............] - ETA: 0s - loss: 2.2025 - accuracy: 0.2408
55/98 [===============>..............] - ETA: 0s - loss: 2.1995 - accuracy: 0.2423
59/98 [=================>............] - ETA: 0s - loss: 2.1990 - accuracy: 0.2425
63/98 [==================>...........] - ETA: 0s - loss: 2.1948 - accuracy: 0.2431
66/98 [===================>..........] - ETA: 0s - loss: 2.1924 - accuracy: 0.2441
70/98 [====================>.........] - ETA: 0s - loss: 2.1905 - accuracy: 0.2442
74/98 [=====================>........] - ETA: 0s - loss: 2.1880 - accuracy: 0.2451
78/98 [======================>.......] - ETA: 0s - loss: 2.1867 - accuracy: 0.2450
81/98 [=======================>......] - ETA: 0s - loss: 2.1845 - accuracy: 0.2458
85/98 [=========================>....] - ETA: 0s - loss: 2.1821 - accuracy: 0.2464
89/98 [==========================>...] - ETA: 0s - loss: 2.1813 - accuracy: 0.2462
92/98 [===========================>..] - ETA: 0s - loss: 2.1794 - accuracy: 0.2467
96/98 [============================>.] - ETA: 0s - loss: 2.1776 - accuracy: 0.2474
98/98 [==============================] - 3s 27ms/step - loss: 2.1765 - accuracy: 0.2474 - val_loss: 2.0934 - val_accuracy: 0.2849
Epoch 4/288

 1/98 [..............................] - ETA: 3s - loss: 2.1244 - accuracy: 0.2441
 5/98 [>.............................] - ETA: 1s - loss: 2.1409 - accuracy: 0.2504
 9/98 [=>............................] - ETA: 1s - loss: 2.1283 - accuracy: 0.2543
12/98 [==>...........................] - ETA: 1s - loss: 2.1328 - accuracy: 0.2573
16/98 [===>..........................] - ETA: 1s - loss: 2.1303 - accuracy: 0.2599
20/98 [=====>........................] - ETA: 1s - loss: 2.1345 - accuracy: 0.2559
24/98 [======>.......................] - ETA: 1s - loss: 2.1249 - accuracy: 0.2576
28/98 [=======>......................] - ETA: 1s - loss: 2.1249 - accuracy: 0.2573
32/98 [========>.....................] - ETA: 1s - loss: 2.1201 - accuracy: 0.2593
36/98 [==========>...................] - ETA: 1s - loss: 2.1208 - accuracy: 0.2595
40/98 [===========>..................] - ETA: 0s - loss: 2.1186 - accuracy: 0.2606
43/98 [============>.................] - ETA: 0s - loss: 2.1178 - accuracy: 0.2608
47/98 [=============>................] - ETA: 0s - loss: 2.1171 - accuracy: 0.2624
51/98 [==============>...............] - ETA: 0s - loss: 2.1129 - accuracy: 0.2639
55/98 [===============>..............] - ETA: 0s - loss: 2.1105 - accuracy: 0.2647
59/98 [=================>............] - ETA: 0s - loss: 2.1123 - accuracy: 0.2645
63/98 [==================>...........] - ETA: 0s - loss: 2.1079 - accuracy: 0.2664
67/98 [===================>..........] - ETA: 0s - loss: 2.1061 - accuracy: 0.2671
70/98 [====================>.........] - ETA: 0s - loss: 2.1031 - accuracy: 0.2683
74/98 [=====================>........] - ETA: 0s - loss: 2.0994 - accuracy: 0.2694
78/98 [======================>.......] - ETA: 0s - loss: 2.0979 - accuracy: 0.2693
82/98 [========================>.....] - ETA: 0s - loss: 2.0932 - accuracy: 0.2708
85/98 [=========================>....] - ETA: 0s - loss: 2.0924 - accuracy: 0.2714
89/98 [==========================>...] - ETA: 0s - loss: 2.0901 - accuracy: 0.2716
93/98 [===========================>..] - ETA: 0s - loss: 2.0903 - accuracy: 0.2716
97/98 [============================>.] - ETA: 0s - loss: 2.0896 - accuracy: 0.2723
98/98 [==============================] - 3s 27ms/step - loss: 2.0891 - accuracy: 0.2726 - val_loss: 1.9871 - val_accuracy: 0.3159
Epoch 5/288

 1/98 [..............................] - ETA: 3s - loss: 2.0849 - accuracy: 0.2910
 5/98 [>.............................] - ETA: 1s - loss: 2.0690 - accuracy: 0.2766
 8/98 [=>............................] - ETA: 1s - loss: 2.0705 - accuracy: 0.2778
12/98 [==>...........................] - ETA: 1s - loss: 2.0662 - accuracy: 0.2799
16/98 [===>..........................] - ETA: 1s - loss: 2.0633 - accuracy: 0.2825
20/98 [=====>........................] - ETA: 1s - loss: 2.0708 - accuracy: 0.2808
23/98 [======>.......................] - ETA: 1s - loss: 2.0692 - accuracy: 0.2804
27/98 [=======>......................] - ETA: 1s - loss: 2.0620 - accuracy: 0.2833
31/98 [========>.....................] - ETA: 1s - loss: 2.0594 - accuracy: 0.2843
35/98 [=========>....................] - ETA: 1s - loss: 2.0614 - accuracy: 0.2844
38/98 [==========>...................] - ETA: 1s - loss: 2.0585 - accuracy: 0.2852
42/98 [===========>..................] - ETA: 0s - loss: 2.0537 - accuracy: 0.2854
46/98 [=============>................] - ETA: 0s - loss: 2.0474 - accuracy: 0.2863
50/98 [==============>...............] - ETA: 0s - loss: 2.0472 - accuracy: 0.2864
54/98 [===============>..............] - ETA: 0s - loss: 2.0477 - accuracy: 0.2864
57/98 [================>.............] - ETA: 0s - loss: 2.0474 - accuracy: 0.2868
61/98 [=================>............] - ETA: 0s - loss: 2.0440 - accuracy: 0.2879
65/98 [==================>...........] - ETA: 0s - loss: 2.0413 - accuracy: 0.2888
68/98 [===================>..........] - ETA: 0s - loss: 2.0391 - accuracy: 0.2893
72/98 [=====================>........] - ETA: 0s - loss: 2.0353 - accuracy: 0.2904
75/98 [=====================>........] - ETA: 0s - loss: 2.0336 - accuracy: 0.2909
79/98 [=======================>......] - ETA: 0s - loss: 2.0325 - accuracy: 0.2913
83/98 [========================>.....] - ETA: 0s - loss: 2.0323 - accuracy: 0.2912
87/98 [=========================>....] - ETA: 0s - loss: 2.0310 - accuracy: 0.2916
91/98 [==========================>...] - ETA: 0s - loss: 2.0299 - accuracy: 0.2923
95/98 [============================>.] - ETA: 0s - loss: 2.0313 - accuracy: 0.2922
98/98 [==============================] - 3s 27ms/step - loss: 2.0299 - accuracy: 0.2924 - val_loss: 1.8856 - val_accuracy: 0.3467
Epoch 6/288

 1/98 [..............................] - ETA: 3s - loss: 2.0107 - accuracy: 0.2676
 4/98 [>.............................] - ETA: 1s - loss: 2.0268 - accuracy: 0.2900
 8/98 [=>............................] - ETA: 1s - loss: 2.0137 - accuracy: 0.3022
12/98 [==>...........................] - ETA: 1s - loss: 2.0028 - accuracy: 0.3060
15/98 [===>..........................] - ETA: 1s - loss: 1.9889 - accuracy: 0.3089
19/98 [====>.........................] - ETA: 1s - loss: 1.9934 - accuracy: 0.3057
23/98 [======>.......................] - ETA: 1s - loss: 1.9873 - accuracy: 0.3077
27/98 [=======>......................] - ETA: 1s - loss: 1.9810 - accuracy: 0.3085
31/98 [========>.....................] - ETA: 1s - loss: 1.9849 - accuracy: 0.3089
34/98 [=========>....................] - ETA: 1s - loss: 1.9862 - accuracy: 0.3085
38/98 [==========>...................] - ETA: 0s - loss: 1.9851 - accuracy: 0.3090
42/98 [===========>..................] - ETA: 0s - loss: 1.9856 - accuracy: 0.3089
46/98 [=============>................] - ETA: 0s - loss: 1.9817 - accuracy: 0.3092
50/98 [==============>...............] - ETA: 0s - loss: 1.9785 - accuracy: 0.3088
53/98 [===============>..............] - ETA: 0s - loss: 1.9788 - accuracy: 0.3088
57/98 [================>.............] - ETA: 0s - loss: 1.9790 - accuracy: 0.3090
61/98 [=================>............] - ETA: 0s - loss: 1.9797 - accuracy: 0.3088
65/98 [==================>...........] - ETA: 0s - loss: 1.9801 - accuracy: 0.3089
68/98 [===================>..........] - ETA: 0s - loss: 1.9793 - accuracy: 0.3091
72/98 [=====================>........] - ETA: 0s - loss: 1.9789 - accuracy: 0.3093
76/98 [======================>.......] - ETA: 0s - loss: 1.9767 - accuracy: 0.3096
80/98 [=======================>......] - ETA: 0s - loss: 1.9745 - accuracy: 0.3105
84/98 [========================>.....] - ETA: 0s - loss: 1.9723 - accuracy: 0.3112
88/98 [=========================>....] - ETA: 0s - loss: 1.9726 - accuracy: 0.3115
91/98 [==========================>...] - ETA: 0s - loss: 1.9706 - accuracy: 0.3122
95/98 [============================>.] - ETA: 0s - loss: 1.9706 - accuracy: 0.3121
98/98 [==============================] - 3s 27ms/step - loss: 1.9703 - accuracy: 0.3120 - val_loss: 1.8046 - val_accuracy: 0.3701
Epoch 7/288

 1/98 [..............................] - ETA: 3s - loss: 1.9214 - accuracy: 0.3301
 5/98 [>.............................] - ETA: 1s - loss: 1.9156 - accuracy: 0.3301
 9/98 [=>............................] - ETA: 1s - loss: 1.9149 - accuracy: 0.3315
13/98 [==>...........................] - ETA: 1s - loss: 1.9199 - accuracy: 0.3290
16/98 [===>..........................] - ETA: 1s - loss: 1.9174 - accuracy: 0.3266
20/98 [=====>........................] - ETA: 1s - loss: 1.9157 - accuracy: 0.3290
24/98 [======>.......................] - ETA: 1s - loss: 1.9233 - accuracy: 0.3257
28/98 [=======>......................] - ETA: 1s - loss: 1.9306 - accuracy: 0.3232
32/98 [========>.....................] - ETA: 1s - loss: 1.9349 - accuracy: 0.3229
35/98 [=========>....................] - ETA: 1s - loss: 1.9415 - accuracy: 0.3216
39/98 [==========>...................] - ETA: 0s - loss: 1.9417 - accuracy: 0.3225
42/98 [===========>..................] - ETA: 0s - loss: 1.9419 - accuracy: 0.3210
45/98 [============>.................] - ETA: 0s - loss: 1.9406 - accuracy: 0.3204
49/98 [==============>...............] - ETA: 0s - loss: 1.9412 - accuracy: 0.3201
53/98 [===============>..............] - ETA: 0s - loss: 1.9382 - accuracy: 0.3206
56/98 [================>.............] - ETA: 0s - loss: 1.9350 - accuracy: 0.3219
60/98 [=================>............] - ETA: 0s - loss: 1.9356 - accuracy: 0.3227
64/98 [==================>...........] - ETA: 0s - loss: 1.9338 - accuracy: 0.3239
67/98 [===================>..........] - ETA: 0s - loss: 1.9342 - accuracy: 0.3241
71/98 [====================>.........] - ETA: 0s - loss: 1.9321 - accuracy: 0.3239
75/98 [=====================>........] - ETA: 0s - loss: 1.9324 - accuracy: 0.3237
79/98 [=======================>......] - ETA: 0s - loss: 1.9334 - accuracy: 0.3236
82/98 [========================>.....] - ETA: 0s - loss: 1.9319 - accuracy: 0.3239
86/98 [=========================>....] - ETA: 0s - loss: 1.9310 - accuracy: 0.3241
90/98 [==========================>...] - ETA: 0s - loss: 1.9309 - accuracy: 0.3240
94/98 [===========================>..] - ETA: 0s - loss: 1.9302 - accuracy: 0.3242
97/98 [============================>.] - ETA: 0s - loss: 1.9297 - accuracy: 0.3245
98/98 [==============================] - 3s 27ms/step - loss: 1.9292 - accuracy: 0.3246 - val_loss: 1.7468 - val_accuracy: 0.3880
Epoch 8/288

 1/98 [..............................] - ETA: 3s - loss: 1.8506 - accuracy: 0.3379
 4/98 [>.............................] - ETA: 1s - loss: 1.9038 - accuracy: 0.3154
 8/98 [=>............................] - ETA: 1s - loss: 1.9303 - accuracy: 0.3142
11/98 [==>...........................] - ETA: 1s - loss: 1.9322 - accuracy: 0.3164
15/98 [===>..........................] - ETA: 1s - loss: 1.9166 - accuracy: 0.3197
18/98 [====>.........................] - ETA: 1s - loss: 1.9038 - accuracy: 0.3227
22/98 [=====>........................] - ETA: 1s - loss: 1.9104 - accuracy: 0.3222
26/98 [======>.......................] - ETA: 1s - loss: 1.9114 - accuracy: 0.3228
29/98 [=======>......................] - ETA: 1s - loss: 1.9067 - accuracy: 0.3246
33/98 [=========>....................] - ETA: 1s - loss: 1.9109 - accuracy: 0.3231
37/98 [==========>...................] - ETA: 1s - loss: 1.9075 - accuracy: 0.3256
41/98 [===========>..................] - ETA: 0s - loss: 1.9051 - accuracy: 0.3280
45/98 [============>.................] - ETA: 0s - loss: 1.9066 - accuracy: 0.3283
48/98 [=============>................] - ETA: 0s - loss: 1.9050 - accuracy: 0.3285
52/98 [==============>...............] - ETA: 0s - loss: 1.9015 - accuracy: 0.3297
56/98 [================>.............] - ETA: 0s - loss: 1.8999 - accuracy: 0.3293
59/98 [=================>............] - ETA: 0s - loss: 1.8977 - accuracy: 0.3303
63/98 [==================>...........] - ETA: 0s - loss: 1.8962 - accuracy: 0.3313
67/98 [===================>..........] - ETA: 0s - loss: 1.8954 - accuracy: 0.3320
71/98 [====================>.........] - ETA: 0s - loss: 1.8949 - accuracy: 0.3318
75/98 [=====================>........] - ETA: 0s - loss: 1.8971 - accuracy: 0.3314
79/98 [=======================>......] - ETA: 0s - loss: 1.8963 - accuracy: 0.3312
83/98 [========================>.....] - ETA: 0s - loss: 1.8974 - accuracy: 0.3320
87/98 [=========================>....] - ETA: 0s - loss: 1.8963 - accuracy: 0.3326
91/98 [==========================>...] - ETA: 0s - loss: 1.8950 - accuracy: 0.3332
95/98 [============================>.] - ETA: 0s - loss: 1.8930 - accuracy: 0.3338
98/98 [==============================] - 3s 27ms/step - loss: 1.8950 - accuracy: 0.3332 - val_loss: 1.7083 - val_accuracy: 0.4024
Epoch 9/288

 1/98 [..............................] - ETA: 3s - loss: 1.9377 - accuracy: 0.3027
 5/98 [>.............................] - ETA: 1s - loss: 1.9231 - accuracy: 0.3355
 9/98 [=>............................] - ETA: 1s - loss: 1.8821 - accuracy: 0.3435
13/98 [==>...........................] - ETA: 1s - loss: 1.8695 - accuracy: 0.3481
17/98 [====>.........................] - ETA: 1s - loss: 1.8718 - accuracy: 0.3486
21/98 [=====>........................] - ETA: 1s - loss: 1.8762 - accuracy: 0.3445
25/98 [======>.......................] - ETA: 1s - loss: 1.8713 - accuracy: 0.3462
28/98 [=======>......................] - ETA: 1s - loss: 1.8713 - accuracy: 0.3472
32/98 [========>.....................] - ETA: 1s - loss: 1.8750 - accuracy: 0.3467
36/98 [==========>...................] - ETA: 1s - loss: 1.8775 - accuracy: 0.3462
39/98 [==========>...................] - ETA: 0s - loss: 1.8800 - accuracy: 0.3445
43/98 [============>.................] - ETA: 0s - loss: 1.8766 - accuracy: 0.3445
47/98 [=============>................] - ETA: 0s - loss: 1.8771 - accuracy: 0.3451
51/98 [==============>...............] - ETA: 0s - loss: 1.8748 - accuracy: 0.3452
54/98 [===============>..............] - ETA: 0s - loss: 1.8737 - accuracy: 0.3454
58/98 [================>.............] - ETA: 0s - loss: 1.8702 - accuracy: 0.3466
62/98 [=================>............] - ETA: 0s - loss: 1.8679 - accuracy: 0.3474
66/98 [===================>..........] - ETA: 0s - loss: 1.8673 - accuracy: 0.3484
69/98 [====================>.........] - ETA: 0s - loss: 1.8674 - accuracy: 0.3484
73/98 [=====================>........] - ETA: 0s - loss: 1.8668 - accuracy: 0.3482
77/98 [======================>.......] - ETA: 0s - loss: 1.8673 - accuracy: 0.3481
81/98 [=======================>......] - ETA: 0s - loss: 1.8696 - accuracy: 0.3470
85/98 [=========================>....] - ETA: 0s - loss: 1.8690 - accuracy: 0.3474
89/98 [==========================>...] - ETA: 0s - loss: 1.8676 - accuracy: 0.3472
93/98 [===========================>..] - ETA: 0s - loss: 1.8643 - accuracy: 0.3477
97/98 [============================>.] - ETA: 0s - loss: 1.8630 - accuracy: 0.3475
98/98 [==============================] - 3s 27ms/step - loss: 1.8625 - accuracy: 0.3477 - val_loss: 1.6788 - val_accuracy: 0.4114
Epoch 10/288

 1/98 [..............................] - ETA: 2s - loss: 1.8448 - accuracy: 0.3262
 4/98 [>.............................] - ETA: 1s - loss: 1.8501 - accuracy: 0.3506
 8/98 [=>............................] - ETA: 1s - loss: 1.8312 - accuracy: 0.3562
12/98 [==>...........................] - ETA: 1s - loss: 1.8375 - accuracy: 0.3521
15/98 [===>..........................] - ETA: 1s - loss: 1.8395 - accuracy: 0.3520
19/98 [====>.........................] - ETA: 1s - loss: 1.8432 - accuracy: 0.3526
23/98 [======>.......................] - ETA: 1s - loss: 1.8542 - accuracy: 0.3520
27/98 [=======>......................] - ETA: 1s - loss: 1.8485 - accuracy: 0.3534
31/98 [========>.....................] - ETA: 1s - loss: 1.8444 - accuracy: 0.3539
35/98 [=========>....................] - ETA: 1s - loss: 1.8408 - accuracy: 0.3532
39/98 [==========>...................] - ETA: 0s - loss: 1.8375 - accuracy: 0.3536
43/98 [============>.................] - ETA: 0s - loss: 1.8405 - accuracy: 0.3533
46/98 [=============>................] - ETA: 0s - loss: 1.8410 - accuracy: 0.3536
50/98 [==============>...............] - ETA: 0s - loss: 1.8394 - accuracy: 0.3539
54/98 [===============>..............] - ETA: 0s - loss: 1.8376 - accuracy: 0.3542
58/98 [================>.............] - ETA: 0s - loss: 1.8392 - accuracy: 0.3539
61/98 [=================>............] - ETA: 0s - loss: 1.8389 - accuracy: 0.3534
65/98 [==================>...........] - ETA: 0s - loss: 1.8363 - accuracy: 0.3534
69/98 [====================>.........] - ETA: 0s - loss: 1.8358 - accuracy: 0.3535
73/98 [=====================>........] - ETA: 0s - loss: 1.8364 - accuracy: 0.3535
76/98 [======================>.......] - ETA: 0s - loss: 1.8358 - accuracy: 0.3537
80/98 [=======================>......] - ETA: 0s - loss: 1.8382 - accuracy: 0.3527
84/98 [========================>.....] - ETA: 0s - loss: 1.8340 - accuracy: 0.3540
88/98 [=========================>....] - ETA: 0s - loss: 1.8324 - accuracy: 0.3543
91/98 [==========================>...] - ETA: 0s - loss: 1.8319 - accuracy: 0.3545
95/98 [============================>.] - ETA: 0s - loss: 1.8337 - accuracy: 0.3540
98/98 [==============================] - 3s 27ms/step - loss: 1.8340 - accuracy: 0.3541 - val_loss: 1.6546 - val_accuracy: 0.4189
Epoch 11/288

 1/98 [..............................] - ETA: 3s - loss: 1.8223 - accuracy: 0.3730
 5/98 [>.............................] - ETA: 1s - loss: 1.8481 - accuracy: 0.3448
 9/98 [=>............................] - ETA: 1s - loss: 1.8419 - accuracy: 0.3430
12/98 [==>...........................] - ETA: 1s - loss: 1.8413 - accuracy: 0.3445
16/98 [===>..........................] - ETA: 1s - loss: 1.8276 - accuracy: 0.3552
20/98 [=====>........................] - ETA: 1s - loss: 1.8198 - accuracy: 0.3579
23/98 [======>.......................] - ETA: 1s - loss: 1.8201 - accuracy: 0.3568
27/98 [=======>......................] - ETA: 1s - loss: 1.8234 - accuracy: 0.3562
31/98 [========>.....................] - ETA: 1s - loss: 1.8215 - accuracy: 0.3569
35/98 [=========>....................] - ETA: 1s - loss: 1.8202 - accuracy: 0.3589
39/98 [==========>...................] - ETA: 0s - loss: 1.8236 - accuracy: 0.3583
43/98 [============>.................] - ETA: 0s - loss: 1.8201 - accuracy: 0.3601
46/98 [=============>................] - ETA: 0s - loss: 1.8189 - accuracy: 0.3607
50/98 [==============>...............] - ETA: 0s - loss: 1.8167 - accuracy: 0.3606
54/98 [===============>..............] - ETA: 0s - loss: 1.8159 - accuracy: 0.3603
57/98 [================>.............] - ETA: 0s - loss: 1.8180 - accuracy: 0.3596
61/98 [=================>............] - ETA: 0s - loss: 1.8180 - accuracy: 0.3601
65/98 [==================>...........] - ETA: 0s - loss: 1.8181 - accuracy: 0.3607
69/98 [====================>.........] - ETA: 0s - loss: 1.8188 - accuracy: 0.3602
72/98 [=====================>........] - ETA: 0s - loss: 1.8179 - accuracy: 0.3606
76/98 [======================>.......] - ETA: 0s - loss: 1.8154 - accuracy: 0.3618
80/98 [=======================>......] - ETA: 0s - loss: 1.8144 - accuracy: 0.3624
84/98 [========================>.....] - ETA: 0s - loss: 1.8109 - accuracy: 0.3632
87/98 [=========================>....] - ETA: 0s - loss: 1.8102 - accuracy: 0.3636
91/98 [==========================>...] - ETA: 0s - loss: 1.8116 - accuracy: 0.3633
95/98 [============================>.] - ETA: 0s - loss: 1.8101 - accuracy: 0.3633
98/98 [==============================] - 3s 27ms/step - loss: 1.8099 - accuracy: 0.3633 - val_loss: 1.6323 - val_accuracy: 0.4254
Epoch 12/288

 1/98 [..............................] - ETA: 3s - loss: 1.8703 - accuracy: 0.3750
 5/98 [>.............................] - ETA: 1s - loss: 1.7903 - accuracy: 0.3766
 9/98 [=>............................] - ETA: 1s - loss: 1.8013 - accuracy: 0.3791
13/98 [==>...........................] - ETA: 1s - loss: 1.8023 - accuracy: 0.3747
17/98 [====>.........................] - ETA: 1s - loss: 1.7969 - accuracy: 0.3765
21/98 [=====>........................] - ETA: 1s - loss: 1.7947 - accuracy: 0.3757
25/98 [======>.......................] - ETA: 1s - loss: 1.8001 - accuracy: 0.3750
29/98 [=======>......................] - ETA: 1s - loss: 1.7967 - accuracy: 0.3751
33/98 [=========>....................] - ETA: 1s - loss: 1.7940 - accuracy: 0.3753
37/98 [==========>...................] - ETA: 1s - loss: 1.7948 - accuracy: 0.3740
41/98 [===========>..................] - ETA: 0s - loss: 1.7914 - accuracy: 0.3740
44/98 [============>.................] - ETA: 0s - loss: 1.7893 - accuracy: 0.3745
48/98 [=============>................] - ETA: 0s - loss: 1.7921 - accuracy: 0.3726
52/98 [==============>...............] - ETA: 0s - loss: 1.7946 - accuracy: 0.3714
56/98 [================>.............] - ETA: 0s - loss: 1.7952 - accuracy: 0.3708
59/98 [=================>............] - ETA: 0s - loss: 1.7964 - accuracy: 0.3701
63/98 [==================>...........] - ETA: 0s - loss: 1.7938 - accuracy: 0.3713
67/98 [===================>..........] - ETA: 0s - loss: 1.7910 - accuracy: 0.3726
70/98 [====================>.........] - ETA: 0s - loss: 1.7930 - accuracy: 0.3725
74/98 [=====================>........] - ETA: 0s - loss: 1.7918 - accuracy: 0.3725
78/98 [======================>.......] - ETA: 0s - loss: 1.7917 - accuracy: 0.3726
82/98 [========================>.....] - ETA: 0s - loss: 1.7913 - accuracy: 0.3722
86/98 [=========================>....] - ETA: 0s - loss: 1.7908 - accuracy: 0.3722
90/98 [==========================>...] - ETA: 0s - loss: 1.7915 - accuracy: 0.3715
94/98 [===========================>..] - ETA: 0s - loss: 1.7912 - accuracy: 0.3715
97/98 [============================>.] - ETA: 0s - loss: 1.7901 - accuracy: 0.3713
98/98 [==============================] - 3s 27ms/step - loss: 1.7898 - accuracy: 0.3713 - val_loss: 1.6128 - val_accuracy: 0.4338
Epoch 13/288

 1/98 [..............................] - ETA: 1s - loss: 1.7074 - accuracy: 0.4199
 4/98 [>.............................] - ETA: 1s - loss: 1.7428 - accuracy: 0.3955
 8/98 [=>............................] - ETA: 1s - loss: 1.7609 - accuracy: 0.3799
12/98 [==>...........................] - ETA: 1s - loss: 1.7780 - accuracy: 0.3761
16/98 [===>..........................] - ETA: 1s - loss: 1.7698 - accuracy: 0.3749
19/98 [====>.........................] - ETA: 1s - loss: 1.7750 - accuracy: 0.3739
23/98 [======>.......................] - ETA: 1s - loss: 1.7758 - accuracy: 0.3746
27/98 [=======>......................] - ETA: 1s - loss: 1.7766 - accuracy: 0.3734
31/98 [========>.....................] - ETA: 1s - loss: 1.7759 - accuracy: 0.3733
34/98 [=========>....................] - ETA: 1s - loss: 1.7744 - accuracy: 0.3755
38/98 [==========>...................] - ETA: 1s - loss: 1.7680 - accuracy: 0.3784
42/98 [===========>..................] - ETA: 0s - loss: 1.7723 - accuracy: 0.3782
46/98 [=============>................] - ETA: 0s - loss: 1.7734 - accuracy: 0.3779
49/98 [==============>...............] - ETA: 0s - loss: 1.7709 - accuracy: 0.3790
53/98 [===============>..............] - ETA: 0s - loss: 1.7752 - accuracy: 0.3767
57/98 [================>.............] - ETA: 0s - loss: 1.7736 - accuracy: 0.3769
61/98 [=================>............] - ETA: 0s - loss: 1.7713 - accuracy: 0.3767
64/98 [==================>...........] - ETA: 0s - loss: 1.7717 - accuracy: 0.3767
68/98 [===================>..........] - ETA: 0s - loss: 1.7739 - accuracy: 0.3768
72/98 [=====================>........] - ETA: 0s - loss: 1.7744 - accuracy: 0.3774
75/98 [=====================>........] - ETA: 0s - loss: 1.7736 - accuracy: 0.3777
79/98 [=======================>......] - ETA: 0s - loss: 1.7715 - accuracy: 0.3787
83/98 [========================>.....] - ETA: 0s - loss: 1.7714 - accuracy: 0.3783
87/98 [=========================>....] - ETA: 0s - loss: 1.7707 - accuracy: 0.3783
91/98 [==========================>...] - ETA: 0s - loss: 1.7684 - accuracy: 0.3793
95/98 [============================>.] - ETA: 0s - loss: 1.7663 - accuracy: 0.3806
98/98 [==============================] - 3s 27ms/step - loss: 1.7661 - accuracy: 0.3803 - val_loss: 1.5950 - val_accuracy: 0.4395
Epoch 14/288

 1/98 [..............................] - ETA: 3s - loss: 1.8372 - accuracy: 0.3770
 5/98 [>.............................] - ETA: 1s - loss: 1.7918 - accuracy: 0.3863
 8/98 [=>............................] - ETA: 1s - loss: 1.7723 - accuracy: 0.3855
12/98 [==>...........................] - ETA: 1s - loss: 1.7620 - accuracy: 0.3867
16/98 [===>..........................] - ETA: 1s - loss: 1.7608 - accuracy: 0.3873
20/98 [=====>........................] - ETA: 1s - loss: 1.7625 - accuracy: 0.3856
23/98 [======>.......................] - ETA: 1s - loss: 1.7571 - accuracy: 0.3871
27/98 [=======>......................] - ETA: 1s - loss: 1.7530 - accuracy: 0.3872
31/98 [========>.....................] - ETA: 1s - loss: 1.7504 - accuracy: 0.3865
34/98 [=========>....................] - ETA: 1s - loss: 1.7503 - accuracy: 0.3855
38/98 [==========>...................] - ETA: 1s - loss: 1.7483 - accuracy: 0.3859
42/98 [===========>..................] - ETA: 0s - loss: 1.7518 - accuracy: 0.3848
46/98 [=============>................] - ETA: 0s - loss: 1.7514 - accuracy: 0.3845
50/98 [==============>...............] - ETA: 0s - loss: 1.7491 - accuracy: 0.3839
53/98 [===============>..............] - ETA: 0s - loss: 1.7459 - accuracy: 0.3858
57/98 [================>.............] - ETA: 0s - loss: 1.7446 - accuracy: 0.3861
61/98 [=================>............] - ETA: 0s - loss: 1.7444 - accuracy: 0.3856
65/98 [==================>...........] - ETA: 0s - loss: 1.7406 - accuracy: 0.3871
68/98 [===================>..........] - ETA: 0s - loss: 1.7405 - accuracy: 0.3867
72/98 [=====================>........] - ETA: 0s - loss: 1.7404 - accuracy: 0.3872
76/98 [======================>.......] - ETA: 0s - loss: 1.7401 - accuracy: 0.3879
79/98 [=======================>......] - ETA: 0s - loss: 1.7398 - accuracy: 0.3884
83/98 [========================>.....] - ETA: 0s - loss: 1.7388 - accuracy: 0.3894
87/98 [=========================>....] - ETA: 0s - loss: 1.7386 - accuracy: 0.3904
91/98 [==========================>...] - ETA: 0s - loss: 1.7380 - accuracy: 0.3911
95/98 [============================>.] - ETA: 0s - loss: 1.7395 - accuracy: 0.3906
98/98 [==============================] - 3s 27ms/step - loss: 1.7411 - accuracy: 0.3899 - val_loss: 1.5785 - val_accuracy: 0.4454
Epoch 15/288

 1/98 [..............................] - ETA: 3s - loss: 1.7059 - accuracy: 0.3906
 5/98 [>.............................] - ETA: 1s - loss: 1.7650 - accuracy: 0.3816
 9/98 [=>............................] - ETA: 1s - loss: 1.7542 - accuracy: 0.3817
13/98 [==>...........................] - ETA: 1s - loss: 1.7403 - accuracy: 0.3858
16/98 [===>..........................] - ETA: 1s - loss: 1.7402 - accuracy: 0.3881
20/98 [=====>........................] - ETA: 1s - loss: 1.7409 - accuracy: 0.3865
24/98 [======>.......................] - ETA: 1s - loss: 1.7363 - accuracy: 0.3871
27/98 [=======>......................] - ETA: 1s - loss: 1.7410 - accuracy: 0.3873
30/98 [========>.....................] - ETA: 1s - loss: 1.7364 - accuracy: 0.3894
34/98 [=========>....................] - ETA: 1s - loss: 1.7395 - accuracy: 0.3896
37/98 [==========>...................] - ETA: 1s - loss: 1.7429 - accuracy: 0.3878
41/98 [===========>..................] - ETA: 0s - loss: 1.7387 - accuracy: 0.3897
45/98 [============>.................] - ETA: 0s - loss: 1.7426 - accuracy: 0.3885
49/98 [==============>...............] - ETA: 0s - loss: 1.7393 - accuracy: 0.3897
52/98 [==============>...............] - ETA: 0s - loss: 1.7373 - accuracy: 0.3908
56/98 [================>.............] - ETA: 0s - loss: 1.7342 - accuracy: 0.3911
60/98 [=================>............] - ETA: 0s - loss: 1.7306 - accuracy: 0.3913
64/98 [==================>...........] - ETA: 0s - loss: 1.7272 - accuracy: 0.3928
68/98 [===================>..........] - ETA: 0s - loss: 1.7307 - accuracy: 0.3924
72/98 [=====================>........] - ETA: 0s - loss: 1.7311 - accuracy: 0.3918
76/98 [======================>.......] - ETA: 0s - loss: 1.7330 - accuracy: 0.3914
79/98 [=======================>......] - ETA: 0s - loss: 1.7322 - accuracy: 0.3918
83/98 [========================>.....] - ETA: 0s - loss: 1.7314 - accuracy: 0.3922
87/98 [=========================>....] - ETA: 0s - loss: 1.7306 - accuracy: 0.3915
91/98 [==========================>...] - ETA: 0s - loss: 1.7291 - accuracy: 0.3926
95/98 [============================>.] - ETA: 0s - loss: 1.7304 - accuracy: 0.3920
98/98 [==============================] - 3s 27ms/step - loss: 1.7275 - accuracy: 0.3925 - val_loss: 1.5631 - val_accuracy: 0.4493
Epoch 16/288

 1/98 [..............................] - ETA: 3s - loss: 1.6774 - accuracy: 0.4355
 5/98 [>.............................] - ETA: 1s - loss: 1.7164 - accuracy: 0.4031
 9/98 [=>............................] - ETA: 1s - loss: 1.7259 - accuracy: 0.3958
13/98 [==>...........................] - ETA: 1s - loss: 1.7186 - accuracy: 0.3950
16/98 [===>..........................] - ETA: 1s - loss: 1.7268 - accuracy: 0.3914
20/98 [=====>........................] - ETA: 1s - loss: 1.7195 - accuracy: 0.3955
24/98 [======>.......................] - ETA: 1s - loss: 1.7204 - accuracy: 0.3935
27/98 [=======>......................] - ETA: 1s - loss: 1.7156 - accuracy: 0.3953
31/98 [========>.....................] - ETA: 1s - loss: 1.7127 - accuracy: 0.3966
33/98 [=========>....................] - ETA: 1s - loss: 1.7165 - accuracy: 0.3955
36/98 [==========>...................] - ETA: 1s - loss: 1.7174 - accuracy: 0.3944
40/98 [===========>..................] - ETA: 1s - loss: 1.7123 - accuracy: 0.3961
44/98 [============>.................] - ETA: 0s - loss: 1.7059 - accuracy: 0.3992
48/98 [=============>................] - ETA: 0s - loss: 1.7082 - accuracy: 0.3985
52/98 [==============>...............] - ETA: 0s - loss: 1.7124 - accuracy: 0.3984
56/98 [================>.............] - ETA: 0s - loss: 1.7118 - accuracy: 0.3990
60/98 [=================>............] - ETA: 0s - loss: 1.7136 - accuracy: 0.3985
64/98 [==================>...........] - ETA: 0s - loss: 1.7148 - accuracy: 0.3976
67/98 [===================>..........] - ETA: 0s - loss: 1.7151 - accuracy: 0.3979
71/98 [====================>.........] - ETA: 0s - loss: 1.7137 - accuracy: 0.3984
75/98 [=====================>........] - ETA: 0s - loss: 1.7134 - accuracy: 0.3988
79/98 [=======================>......] - ETA: 0s - loss: 1.7134 - accuracy: 0.3990
82/98 [========================>.....] - ETA: 0s - loss: 1.7126 - accuracy: 0.3993
86/98 [=========================>....] - ETA: 0s - loss: 1.7102 - accuracy: 0.3999
90/98 [==========================>...] - ETA: 0s - loss: 1.7085 - accuracy: 0.4003
94/98 [===========================>..] - ETA: 0s - loss: 1.7098 - accuracy: 0.3999
98/98 [==============================] - ETA: 0s - loss: 1.7099 - accuracy: 0.3999
98/98 [==============================] - 3s 28ms/step - loss: 1.7099 - accuracy: 0.3999 - val_loss: 1.5486 - val_accuracy: 0.4559
Epoch 17/288

 1/98 [..............................] - ETA: 4s - loss: 1.6817 - accuracy: 0.4004
 5/98 [>.............................] - ETA: 1s - loss: 1.6854 - accuracy: 0.4039
 9/98 [=>............................] - ETA: 1s - loss: 1.7188 - accuracy: 0.3956
