2024-06-25 18:21:11.759216: I tensorflow/core/platform/cpu_feature_guard.cc:193] This TensorFlow binary is optimized with oneAPI Deep Neural Network Library (oneDNN) to use the following CPU instructions in performance-critical operations:  AVX AVX2
To enable them in other operations, rebuild TensorFlow with the appropriate compiler flags.
2024-06-25 18:21:12.709145: I tensorflow/core/common_runtime/gpu/gpu_device.cc:1616] Created device /job:localhost/replica:0/task:0/device:GPU:0 with 6656 MB memory:  -> device: 0, name: NVIDIA GeForce RTX 4060 Ti, pci bus id: 0000:01:00.0, compute capability: 8.9
1 Physical GPUs, 1 Logical GPUs
Model: "sequential"
_________________________________________________________________
 Layer (type)                Output Shape              Param #   
=================================================================
 conv2d (Conv2D)             (None, 32, 32, 32)        896       
                                                                 
 max_pooling2d (MaxPooling2D  (None, 16, 16, 32)       0         
 )                                                               
                                                                 
 batch_normalization (BatchN  (None, 16, 16, 32)       128       
 ormalization)                                                   
                                                                 
 conv2d_1 (Conv2D)           (None, 16, 16, 256)       401664    
                                                                 
 conv2d_2 (Conv2D)           (None, 16, 16, 256)       3211520   
                                                                 
 max_pooling2d_1 (MaxPooling  (None, 8, 8, 256)        0         
 2D)                                                             
                                                                 
 batch_normalization_1 (Batc  (None, 8, 8, 256)        1024      
 hNormalization)                                                 
                                                                 
 dropout (Dropout)           (None, 8, 8, 256)         0         
                                                                 
 flatten (Flatten)           (None, 16384)             0         
                                                                 
 dense (Dense)               (None, 10)                163850    
                                                                 
=================================================================
Total params: 3,779,082
Trainable params: 3,778,506
Non-trainable params: 576
_________________________________________________________________
Taxa de aprendizado:  0.1 Num de épocas:  145 Tamanho do lote:  512 Dropout:  0.34134
Epoch 1/145
2024-06-25 18:21:14.702272: I tensorflow/stream_executor/cuda/cuda_dnn.cc:384] Loaded cuDNN version 8100
2024-06-25 18:21:16.494386: W tensorflow/stream_executor/gpu/redzone_allocator.cc:314] INTERNAL: ptxas exited with non-zero error code -1, output: 
Relying on driver to perform ptx compilation. 
Modify $PATH to customize ptxas location.
This message will be only logged once.
2024-06-25 18:21:20.128852: I tensorflow/stream_executor/cuda/cuda_blas.cc:1614] TensorFloat-32 will be used for the matrix multiplication. This will only be logged once.

 1/98 [..............................] - ETA: 49:45 - loss: 3.5123 - accuracy: 0.0938
 2/98 [..............................] - ETA: 36s - loss: 79.7670 - accuracy: 0.1006 
 3/98 [..............................] - ETA: 35s - loss: 150.2745 - accuracy: 0.1081
 4/98 [>.............................] - ETA: 34s - loss: 168.2285 - accuracy: 0.1201
 5/98 [>.............................] - ETA: 34s - loss: 170.2041 - accuracy: 0.1266
 6/98 [>.............................] - ETA: 34s - loss: 167.3494 - accuracy: 0.1364
 7/98 [=>............................] - ETA: 33s - loss: 165.3796 - accuracy: 0.1431
 8/98 [=>............................] - ETA: 33s - loss: 162.6327 - accuracy: 0.1394
 9/98 [=>............................] - ETA: 33s - loss: 158.5701 - accuracy: 0.1374
10/98 [==>...........................] - ETA: 32s - loss: 153.6572 - accuracy: 0.1391
11/98 [==>...........................] - ETA: 32s - loss: 146.2880 - accuracy: 0.1470
12/98 [==>...........................] - ETA: 31s - loss: 139.9291 - accuracy: 0.1510
13/98 [==>...........................] - ETA: 31s - loss: 134.7786 - accuracy: 0.1499
14/98 [===>..........................] - ETA: 31s - loss: 129.5110 - accuracy: 0.1515
15/98 [===>..........................] - ETA: 30s - loss: 124.9144 - accuracy: 0.1509
16/98 [===>..........................] - ETA: 30s - loss: 120.0297 - accuracy: 0.1554
17/98 [====>.........................] - ETA: 30s - loss: 115.7923 - accuracy: 0.1560
18/98 [====>.........................] - ETA: 29s - loss: 111.4490 - accuracy: 0.1581
19/98 [====>.........................] - ETA: 29s - loss: 107.6271 - accuracy: 0.1561
20/98 [=====>........................] - ETA: 28s - loss: 104.1331 - accuracy: 0.1545
21/98 [=====>........................] - ETA: 28s - loss: 101.2642 - accuracy: 0.1536
22/98 [=====>........................] - ETA: 28s - loss: 98.6799 - accuracy: 0.1503 
23/98 [======>.......................] - ETA: 27s - loss: 96.4150 - accuracy: 0.1484
24/98 [======>.......................] - ETA: 27s - loss: 93.8948 - accuracy: 0.1480
25/98 [======>.......................] - ETA: 27s - loss: 91.5234 - accuracy: 0.1474
26/98 [======>.......................] - ETA: 26s - loss: 89.3809 - accuracy: 0.1487
27/98 [=======>......................] - ETA: 26s - loss: 87.2481 - accuracy: 0.1491
28/98 [=======>......................] - ETA: 25s - loss: 85.2523 - accuracy: 0.1493
29/98 [=======>......................] - ETA: 25s - loss: 83.6225 - accuracy: 0.1496
30/98 [========>.....................] - ETA: 25s - loss: 81.9581 - accuracy: 0.1501
31/98 [========>.....................] - ETA: 24s - loss: 80.4924 - accuracy: 0.1518
32/98 [========>.....................] - ETA: 24s - loss: 78.9037 - accuracy: 0.1531
33/98 [=========>....................] - ETA: 24s - loss: 77.2110 - accuracy: 0.1549
34/98 [=========>....................] - ETA: 23s - loss: 75.5592 - accuracy: 0.1549
35/98 [=========>....................] - ETA: 23s - loss: 74.1321 - accuracy: 0.1557
36/98 [==========>...................] - ETA: 22s - loss: 72.7955 - accuracy: 0.1549
37/98 [==========>...................] - ETA: 22s - loss: 71.4205 - accuracy: 0.1556
38/98 [==========>...................] - ETA: 22s - loss: 70.2514 - accuracy: 0.1549
39/98 [==========>...................] - ETA: 21s - loss: 69.0860 - accuracy: 0.1540
40/98 [===========>..................] - ETA: 21s - loss: 67.8354 - accuracy: 0.1532
41/98 [===========>..................] - ETA: 21s - loss: 66.6415 - accuracy: 0.1530
42/98 [===========>..................] - ETA: 20s - loss: 65.4223 - accuracy: 0.1535
43/98 [============>.................] - ETA: 20s - loss: 64.1902 - accuracy: 0.1551
44/98 [============>.................] - ETA: 20s - loss: 62.9718 - accuracy: 0.1561
45/98 [============>.................] - ETA: 19s - loss: 61.8016 - accuracy: 0.1572
46/98 [=============>................] - ETA: 19s - loss: 60.7108 - accuracy: 0.1577
47/98 [=============>................] - ETA: 18s - loss: 59.7854 - accuracy: 0.1575
48/98 [=============>................] - ETA: 18s - loss: 58.7895 - accuracy: 0.1567
49/98 [==============>...............] - ETA: 18s - loss: 57.8264 - accuracy: 0.1574
50/98 [==============>...............] - ETA: 17s - loss: 56.8775 - accuracy: 0.1581
51/98 [==============>...............] - ETA: 17s - loss: 55.9535 - accuracy: 0.1586
52/98 [==============>...............] - ETA: 17s - loss: 55.1142 - accuracy: 0.1589
53/98 [===============>..............] - ETA: 16s - loss: 54.3496 - accuracy: 0.1582
54/98 [===============>..............] - ETA: 16s - loss: 53.5349 - accuracy: 0.1583
55/98 [===============>..............] - ETA: 15s - loss: 52.7718 - accuracy: 0.1582
56/98 [================>.............] - ETA: 15s - loss: 52.0292 - accuracy: 0.1577
57/98 [================>.............] - ETA: 15s - loss: 51.2925 - accuracy: 0.1584
58/98 [================>.............] - ETA: 14s - loss: 50.5712 - accuracy: 0.1594
59/98 [=================>............] - ETA: 14s - loss: 49.9071 - accuracy: 0.1596
60/98 [=================>............] - ETA: 14s - loss: 49.3580 - accuracy: 0.1600
61/98 [=================>............] - ETA: 13s - loss: 48.7980 - accuracy: 0.1609
62/98 [=================>............] - ETA: 13s - loss: 48.1890 - accuracy: 0.1610
63/98 [==================>...........] - ETA: 12s - loss: 47.6717 - accuracy: 0.1610
64/98 [==================>...........] - ETA: 12s - loss: 47.2003 - accuracy: 0.1612
65/98 [==================>...........] - ETA: 12s - loss: 46.6004 - accuracy: 0.1608
66/98 [===================>..........] - ETA: 11s - loss: 46.0925 - accuracy: 0.1603
67/98 [===================>..........] - ETA: 11s - loss: 45.5222 - accuracy: 0.1612
68/98 [===================>..........] - ETA: 11s - loss: 45.0299 - accuracy: 0.1620
69/98 [====================>.........] - ETA: 10s - loss: 44.5611 - accuracy: 0.1622
70/98 [====================>.........] - ETA: 10s - loss: 44.1150 - accuracy: 0.1619
71/98 [====================>.........] - ETA: 10s - loss: 43.6166 - accuracy: 0.1621
72/98 [=====================>........] - ETA: 9s - loss: 43.1292 - accuracy: 0.1611 
73/98 [=====================>........] - ETA: 9s - loss: 42.6749 - accuracy: 0.1610
74/98 [=====================>........] - ETA: 8s - loss: 42.2216 - accuracy: 0.1614
75/98 [=====================>........] - ETA: 8s - loss: 41.7599 - accuracy: 0.1622
76/98 [======================>.......] - ETA: 8s - loss: 41.3079 - accuracy: 0.1623
77/98 [======================>.......] - ETA: 7s - loss: 40.8407 - accuracy: 0.1624
78/98 [======================>.......] - ETA: 7s - loss: 40.4297 - accuracy: 0.1624
79/98 [=======================>......] - ETA: 7s - loss: 40.0017 - accuracy: 0.1626
80/98 [=======================>......] - ETA: 6s - loss: 39.5742 - accuracy: 0.1630
81/98 [=======================>......] - ETA: 6s - loss: 39.1580 - accuracy: 0.1635
82/98 [========================>.....] - ETA: 9s - loss: 38.9040 - accuracy: 0.1635
83/98 [========================>.....] - ETA: 8s - loss: 38.4977 - accuracy: 0.1633
84/98 [========================>.....] - ETA: 7s - loss: 38.1037 - accuracy: 0.1631
85/98 [=========================>....] - ETA: 7s - loss: 37.7111 - accuracy: 0.1632
86/98 [=========================>....] - ETA: 6s - loss: 37.3410 - accuracy: 0.1633
87/98 [=========================>....] - ETA: 6s - loss: 36.9624 - accuracy: 0.1630
88/98 [=========================>....] - ETA: 5s - loss: 36.6007 - accuracy: 0.1634
89/98 [==========================>...] - ETA: 4s - loss: 36.2393 - accuracy: 0.1636
90/98 [==========================>...] - ETA: 4s - loss: 35.8828 - accuracy: 0.1643
91/98 [==========================>...] - ETA: 3s - loss: 35.5292 - accuracy: 0.1645
92/98 [===========================>..] - ETA: 3s - loss: 35.1844 - accuracy: 0.1645
93/98 [===========================>..] - ETA: 2s - loss: 34.8515 - accuracy: 0.1648
94/98 [===========================>..] - ETA: 2s - loss: 34.5290 - accuracy: 0.1645
95/98 [============================>.] - ETA: 1s - loss: 34.2058 - accuracy: 0.1650
96/98 [============================>.] - ETA: 1s - loss: 33.8844 - accuracy: 0.1658
97/98 [============================>.] - ETA: 0s - loss: 33.5903 - accuracy: 0.1660
98/98 [==============================] - ETA: 0s - loss: 33.2981 - accuracy: 0.1665
98/98 [==============================] - 88s 590ms/step - loss: 33.2981 - accuracy: 0.1665 - val_loss: 5.3289 - val_accuracy: 0.2265
Epoch 2/145

 1/98 [..............................] - ETA: 36s - loss: 4.1334 - accuracy: 0.2383
 2/98 [..............................] - ETA: 35s - loss: 3.6645 - accuracy: 0.2334
 3/98 [..............................] - ETA: 35s - loss: 3.6197 - accuracy: 0.2220
 4/98 [>.............................] - ETA: 35s - loss: 3.7779 - accuracy: 0.2197
 5/98 [>.............................] - ETA: 34s - loss: 3.6098 - accuracy: 0.2215
 6/98 [>.............................] - ETA: 34s - loss: 3.5930 - accuracy: 0.2044
 7/98 [=>............................] - ETA: 33s - loss: 3.4537 - accuracy: 0.2054
 8/98 [=>............................] - ETA: 33s - loss: 3.4399 - accuracy: 0.2002
 9/98 [=>............................] - ETA: 33s - loss: 3.4515 - accuracy: 0.1990
10/98 [==>...........................] - ETA: 32s - loss: 3.4444 - accuracy: 0.2033
11/98 [==>...........................] - ETA: 32s - loss: 3.4455 - accuracy: 0.2024
12/98 [==>...........................] - ETA: 31s - loss: 3.3863 - accuracy: 0.2015
13/98 [==>...........................] - ETA: 31s - loss: 3.3624 - accuracy: 0.2043
14/98 [===>..........................] - ETA: 31s - loss: 3.2927 - accuracy: 0.2063
15/98 [===>..........................] - ETA: 30s - loss: 3.2400 - accuracy: 0.2092
16/98 [===>..........................] - ETA: 30s - loss: 3.1894 - accuracy: 0.2115
17/98 [====>.........................] - ETA: 30s - loss: 3.1404 - accuracy: 0.2137
18/98 [====>.........................] - ETA: 29s - loss: 3.0955 - accuracy: 0.2190
19/98 [====>.........................] - ETA: 29s - loss: 3.0481 - accuracy: 0.2213
20/98 [=====>........................] - ETA: 28s - loss: 3.0099 - accuracy: 0.2233
21/98 [=====>........................] - ETA: 28s - loss: 2.9761 - accuracy: 0.2260
22/98 [=====>........................] - ETA: 28s - loss: 2.9520 - accuracy: 0.2291
23/98 [======>.......................] - ETA: 27s - loss: 2.9279 - accuracy: 0.2301
24/98 [======>.......................] - ETA: 27s - loss: 2.9038 - accuracy: 0.2321
25/98 [======>.......................] - ETA: 27s - loss: 2.8874 - accuracy: 0.2319
26/98 [======>.......................] - ETA: 26s - loss: 2.8604 - accuracy: 0.2331
27/98 [=======>......................] - ETA: 26s - loss: 2.8362 - accuracy: 0.2335
28/98 [=======>......................] - ETA: 25s - loss: 2.8204 - accuracy: 0.2334
29/98 [=======>......................] - ETA: 25s - loss: 2.7972 - accuracy: 0.2355
30/98 [========>.....................] - ETA: 25s - loss: 2.7795 - accuracy: 0.2348
31/98 [========>.....................] - ETA: 24s - loss: 2.7606 - accuracy: 0.2351
32/98 [========>.....................] - ETA: 24s - loss: 2.7432 - accuracy: 0.2361
33/98 [=========>....................] - ETA: 24s - loss: 2.7267 - accuracy: 0.2371
34/98 [=========>....................] - ETA: 23s - loss: 2.7102 - accuracy: 0.2386
35/98 [=========>....................] - ETA: 23s - loss: 2.6985 - accuracy: 0.2402
36/98 [==========>...................] - ETA: 22s - loss: 2.6874 - accuracy: 0.2427
37/98 [==========>...................] - ETA: 22s - loss: 2.6714 - accuracy: 0.2432
38/98 [==========>...................] - ETA: 22s - loss: 2.6655 - accuracy: 0.2433
39/98 [==========>...................] - ETA: 21s - loss: 2.6531 - accuracy: 0.2448
40/98 [===========>..................] - ETA: 21s - loss: 2.6508 - accuracy: 0.2464
41/98 [===========>..................] - ETA: 20s - loss: 2.6361 - accuracy: 0.2483
42/98 [===========>..................] - ETA: 20s - loss: 2.6290 - accuracy: 0.2489
43/98 [============>.................] - ETA: 20s - loss: 2.6221 - accuracy: 0.2491
44/98 [============>.................] - ETA: 19s - loss: 2.6134 - accuracy: 0.2495
45/98 [============>.................] - ETA: 19s - loss: 2.6070 - accuracy: 0.2488
46/98 [=============>................] - ETA: 19s - loss: 2.6006 - accuracy: 0.2494
47/98 [=============>................] - ETA: 18s - loss: 2.5956 - accuracy: 0.2503
48/98 [=============>................] - ETA: 18s - loss: 2.5968 - accuracy: 0.2514
49/98 [==============>...............] - ETA: 18s - loss: 2.5865 - accuracy: 0.2531
50/98 [==============>...............] - ETA: 17s - loss: 2.5816 - accuracy: 0.2542
51/98 [==============>...............] - ETA: 17s - loss: 2.5711 - accuracy: 0.2548
52/98 [==============>...............] - ETA: 16s - loss: 2.5686 - accuracy: 0.2562
53/98 [===============>..............] - ETA: 16s - loss: 2.5635 - accuracy: 0.2573
54/98 [===============>..............] - ETA: 16s - loss: 2.5552 - accuracy: 0.2580
55/98 [===============>..............] - ETA: 15s - loss: 2.5508 - accuracy: 0.2594
56/98 [================>.............] - ETA: 15s - loss: 2.5393 - accuracy: 0.2603
57/98 [================>.............] - ETA: 15s - loss: 2.5311 - accuracy: 0.2613
58/98 [================>.............] - ETA: 14s - loss: 2.5237 - accuracy: 0.2624
59/98 [=================>............] - ETA: 14s - loss: 2.5170 - accuracy: 0.2631
60/98 [=================>............] - ETA: 14s - loss: 2.5078 - accuracy: 0.2643
61/98 [=================>............] - ETA: 13s - loss: 2.5007 - accuracy: 0.2653
62/98 [=================>............] - ETA: 13s - loss: 2.4958 - accuracy: 0.2663
63/98 [==================>...........] - ETA: 12s - loss: 2.4931 - accuracy: 0.2669
64/98 [==================>...........] - ETA: 12s - loss: 2.4888 - accuracy: 0.2680
65/98 [==================>...........] - ETA: 12s - loss: 2.4842 - accuracy: 0.2677
66/98 [===================>..........] - ETA: 11s - loss: 2.4798 - accuracy: 0.2675
67/98 [===================>..........] - ETA: 11s - loss: 2.4793 - accuracy: 0.2683
68/98 [===================>..........] - ETA: 11s - loss: 2.4768 - accuracy: 0.2687
69/98 [====================>.........] - ETA: 10s - loss: 2.4763 - accuracy: 0.2691
70/98 [====================>.........] - ETA: 10s - loss: 2.4730 - accuracy: 0.2690
71/98 [====================>.........] - ETA: 9s - loss: 2.4699 - accuracy: 0.2688 
72/98 [=====================>........] - ETA: 9s - loss: 2.4632 - accuracy: 0.2689
73/98 [=====================>........] - ETA: 9s - loss: 2.4596 - accuracy: 0.2693
74/98 [=====================>........] - ETA: 8s - loss: 2.4610 - accuracy: 0.2693
75/98 [=====================>........] - ETA: 8s - loss: 2.4579 - accuracy: 0.2699
76/98 [======================>.......] - ETA: 8s - loss: 2.4528 - accuracy: 0.2703
77/98 [======================>.......] - ETA: 7s - loss: 2.4510 - accuracy: 0.2705
78/98 [======================>.......] - ETA: 7s - loss: 2.4482 - accuracy: 0.2709
79/98 [=======================>......] - ETA: 7s - loss: 2.4441 - accuracy: 0.2714
80/98 [=======================>......] - ETA: 6s - loss: 2.4398 - accuracy: 0.2718
81/98 [=======================>......] - ETA: 6s - loss: 2.4359 - accuracy: 0.2723
82/98 [========================>.....] - ETA: 5s - loss: 2.4304 - accuracy: 0.2730
83/98 [========================>.....] - ETA: 5s - loss: 2.4271 - accuracy: 0.2734
84/98 [========================>.....] - ETA: 5s - loss: 2.4229 - accuracy: 0.2739
85/98 [=========================>....] - ETA: 4s - loss: 2.4180 - accuracy: 0.2745
86/98 [=========================>....] - ETA: 4s - loss: 2.4147 - accuracy: 0.2754
87/98 [=========================>....] - ETA: 4s - loss: 2.4094 - accuracy: 0.2760
88/98 [=========================>....] - ETA: 3s - loss: 2.4061 - accuracy: 0.2766
89/98 [==========================>...] - ETA: 3s - loss: 2.4018 - accuracy: 0.2773
90/98 [==========================>...] - ETA: 2s - loss: 2.3992 - accuracy: 0.2776
91/98 [==========================>...] - ETA: 2s - loss: 2.3958 - accuracy: 0.2783
92/98 [===========================>..] - ETA: 2s - loss: 2.3910 - accuracy: 0.2788
93/98 [===========================>..] - ETA: 1s - loss: 2.3869 - accuracy: 0.2793
94/98 [===========================>..] - ETA: 1s - loss: 2.3811 - accuracy: 0.2803
95/98 [============================>.] - ETA: 1s - loss: 2.3784 - accuracy: 0.2808
96/98 [============================>.] - ETA: 0s - loss: 2.3739 - accuracy: 0.2819
97/98 [============================>.] - ETA: 0s - loss: 2.3715 - accuracy: 0.2824
98/98 [==============================] - ETA: 0s - loss: 2.3662 - accuracy: 0.2828
98/98 [==============================] - 40s 413ms/step - loss: 2.3662 - accuracy: 0.2828 - val_loss: 1.8830 - val_accuracy: 0.3344
Epoch 3/145

 1/98 [..............................] - ETA: 37s - loss: 2.2333 - accuracy: 0.2871
 2/98 [..............................] - ETA: 36s - loss: 2.0644 - accuracy: 0.2988
 3/98 [..............................] - ETA: 34s - loss: 2.0274 - accuracy: 0.3132
 4/98 [>.............................] - ETA: 34s - loss: 1.9880 - accuracy: 0.3140
 5/98 [>.............................] - ETA: 34s - loss: 1.9696 - accuracy: 0.3289
 6/98 [>.............................] - ETA: 34s - loss: 1.9521 - accuracy: 0.3340
 7/98 [=>............................] - ETA: 33s - loss: 1.9666 - accuracy: 0.3362
 8/98 [=>............................] - ETA: 33s - loss: 1.9538 - accuracy: 0.3389
 9/98 [=>............................] - ETA: 33s - loss: 1.9331 - accuracy: 0.3444
10/98 [==>...........................] - ETA: 32s - loss: 1.9245 - accuracy: 0.3475
11/98 [==>...........................] - ETA: 32s - loss: 1.9267 - accuracy: 0.3450
12/98 [==>...........................] - ETA: 32s - loss: 1.9407 - accuracy: 0.3455
13/98 [==>...........................] - ETA: 31s - loss: 1.9451 - accuracy: 0.3453
14/98 [===>..........................] - ETA: 31s - loss: 1.9614 - accuracy: 0.3433
15/98 [===>..........................] - ETA: 30s - loss: 1.9661 - accuracy: 0.3430
16/98 [===>..........................] - ETA: 30s - loss: 1.9692 - accuracy: 0.3419
17/98 [====>.........................] - ETA: 30s - loss: 1.9729 - accuracy: 0.3366
18/98 [====>.........................] - ETA: 29s - loss: 1.9679 - accuracy: 0.3388
19/98 [====>.........................] - ETA: 29s - loss: 1.9639 - accuracy: 0.3379
20/98 [=====>........................] - ETA: 28s - loss: 1.9606 - accuracy: 0.3378
21/98 [=====>........................] - ETA: 28s - loss: 1.9656 - accuracy: 0.3369
22/98 [=====>........................] - ETA: 28s - loss: 1.9637 - accuracy: 0.3377
23/98 [======>.......................] - ETA: 27s - loss: 1.9578 - accuracy: 0.3395
24/98 [======>.......................] - ETA: 27s - loss: 1.9597 - accuracy: 0.3385
25/98 [======>.......................] - ETA: 27s - loss: 1.9512 - accuracy: 0.3388
26/98 [======>.......................] - ETA: 26s - loss: 1.9500 - accuracy: 0.3411
27/98 [=======>......................] - ETA: 26s - loss: 1.9485 - accuracy: 0.3404
28/98 [=======>......................] - ETA: 26s - loss: 1.9532 - accuracy: 0.3412
29/98 [=======>......................] - ETA: 25s - loss: 1.9475 - accuracy: 0.3417
30/98 [========>.....................] - ETA: 25s - loss: 1.9498 - accuracy: 0.3421
31/98 [========>.....................] - ETA: 24s - loss: 1.9497 - accuracy: 0.3428
32/98 [========>.....................] - ETA: 24s - loss: 1.9487 - accuracy: 0.3419
33/98 [=========>....................] - ETA: 24s - loss: 1.9463 - accuracy: 0.3420
34/98 [=========>....................] - ETA: 23s - loss: 1.9456 - accuracy: 0.3415
35/98 [=========>....................] - ETA: 23s - loss: 1.9411 - accuracy: 0.3424
36/98 [==========>...................] - ETA: 23s - loss: 1.9430 - accuracy: 0.3422
37/98 [==========>...................] - ETA: 22s - loss: 1.9436 - accuracy: 0.3417
38/98 [==========>...................] - ETA: 22s - loss: 1.9405 - accuracy: 0.3420
39/98 [==========>...................] - ETA: 21s - loss: 1.9375 - accuracy: 0.3422
40/98 [===========>..................] - ETA: 21s - loss: 1.9379 - accuracy: 0.3426
41/98 [===========>..................] - ETA: 21s - loss: 1.9367 - accuracy: 0.3424
42/98 [===========>..................] - ETA: 20s - loss: 1.9354 - accuracy: 0.3423
43/98 [============>.................] - ETA: 20s - loss: 1.9320 - accuracy: 0.3423
44/98 [============>.................] - ETA: 19s - loss: 1.9369 - accuracy: 0.3420
45/98 [============>.................] - ETA: 19s - loss: 1.9352 - accuracy: 0.3424
46/98 [=============>................] - ETA: 19s - loss: 1.9360 - accuracy: 0.3424
47/98 [=============>................] - ETA: 18s - loss: 1.9405 - accuracy: 0.3422
48/98 [=============>................] - ETA: 18s - loss: 1.9399 - accuracy: 0.3425
49/98 [==============>...............] - ETA: 17s - loss: 1.9438 - accuracy: 0.3426
50/98 [==============>...............] - ETA: 17s - loss: 1.9470 - accuracy: 0.3434
51/98 [==============>...............] - ETA: 17s - loss: 1.9451 - accuracy: 0.3434
52/98 [==============>...............] - ETA: 16s - loss: 1.9454 - accuracy: 0.3438
53/98 [===============>..............] - ETA: 16s - loss: 1.9449 - accuracy: 0.3435
54/98 [===============>..............] - ETA: 16s - loss: 1.9448 - accuracy: 0.3435
55/98 [===============>..............] - ETA: 15s - loss: 1.9411 - accuracy: 0.3444
56/98 [================>.............] - ETA: 15s - loss: 1.9440 - accuracy: 0.3439
57/98 [================>.............] - ETA: 14s - loss: 1.9451 - accuracy: 0.3440
58/98 [================>.............] - ETA: 14s - loss: 1.9445 - accuracy: 0.3445
59/98 [=================>............] - ETA: 14s - loss: 1.9457 - accuracy: 0.3447
60/98 [=================>............] - ETA: 13s - loss: 1.9512 - accuracy: 0.3450
61/98 [=================>............] - ETA: 13s - loss: 1.9544 - accuracy: 0.3450
62/98 [=================>............] - ETA: 13s - loss: 1.9537 - accuracy: 0.3457
63/98 [==================>...........] - ETA: 12s - loss: 1.9518 - accuracy: 0.3467
64/98 [==================>...........] - ETA: 12s - loss: 1.9512 - accuracy: 0.3474
65/98 [==================>...........] - ETA: 12s - loss: 1.9519 - accuracy: 0.3476
66/98 [===================>..........] - ETA: 11s - loss: 1.9512 - accuracy: 0.3475
67/98 [===================>..........] - ETA: 11s - loss: 1.9528 - accuracy: 0.3476
68/98 [===================>..........] - ETA: 10s - loss: 1.9518 - accuracy: 0.3480
69/98 [====================>.........] - ETA: 10s - loss: 1.9506 - accuracy: 0.3484
70/98 [====================>.........] - ETA: 10s - loss: 1.9502 - accuracy: 0.3485
71/98 [====================>.........] - ETA: 9s - loss: 1.9499 - accuracy: 0.3486 
72/98 [=====================>........] - ETA: 9s - loss: 1.9523 - accuracy: 0.3490
73/98 [=====================>........] - ETA: 9s - loss: 1.9535 - accuracy: 0.3489
74/98 [=====================>........] - ETA: 8s - loss: 1.9537 - accuracy: 0.3492
75/98 [=====================>........] - ETA: 8s - loss: 1.9536 - accuracy: 0.3492
76/98 [======================>.......] - ETA: 8s - loss: 1.9535 - accuracy: 0.3492
77/98 [======================>.......] - ETA: 7s - loss: 1.9531 - accuracy: 0.3494
78/98 [======================>.......] - ETA: 7s - loss: 1.9527 - accuracy: 0.3499
79/98 [=======================>......] - ETA: 6s - loss: 1.9502 - accuracy: 0.3501
80/98 [=======================>......] - ETA: 6s - loss: 1.9486 - accuracy: 0.3498
81/98 [=======================>......] - ETA: 6s - loss: 1.9478 - accuracy: 0.3498
82/98 [========================>.....] - ETA: 5s - loss: 1.9479 - accuracy: 0.3500
83/98 [========================>.....] - ETA: 5s - loss: 1.9475 - accuracy: 0.3503
84/98 [========================>.....] - ETA: 5s - loss: 1.9495 - accuracy: 0.3502
85/98 [=========================>....] - ETA: 4s - loss: 1.9499 - accuracy: 0.3502
86/98 [=========================>....] - ETA: 4s - loss: 1.9510 - accuracy: 0.3499
87/98 [=========================>....] - ETA: 4s - loss: 1.9509 - accuracy: 0.3503
88/98 [=========================>....] - ETA: 3s - loss: 1.9518 - accuracy: 0.3504
89/98 [==========================>...] - ETA: 3s - loss: 1.9514 - accuracy: 0.3505
90/98 [==========================>...] - ETA: 2s - loss: 1.9533 - accuracy: 0.3501
91/98 [==========================>...] - ETA: 2s - loss: 1.9529 - accuracy: 0.3500
92/98 [===========================>..] - ETA: 2s - loss: 1.9540 - accuracy: 0.3500
93/98 [===========================>..] - ETA: 1s - loss: 1.9522 - accuracy: 0.3503
94/98 [===========================>..] - ETA: 1s - loss: 1.9543 - accuracy: 0.3500
95/98 [============================>.] - ETA: 1s - loss: 1.9527 - accuracy: 0.3503
96/98 [============================>.] - ETA: 0s - loss: 1.9516 - accuracy: 0.3506
97/98 [============================>.] - ETA: 0s - loss: 1.9496 - accuracy: 0.3509
98/98 [==============================] - ETA: 0s - loss: 1.9503 - accuracy: 0.3512
98/98 [==============================] - 40s 409ms/step - loss: 1.9503 - accuracy: 0.3512 - val_loss: 1.7964 - val_accuracy: 0.3876
Epoch 4/145

 1/98 [..............................] - ETA: 37s - loss: 2.2269 - accuracy: 0.3770
 2/98 [..............................] - ETA: 36s - loss: 2.0549 - accuracy: 0.3779
 3/98 [..............................] - ETA: 34s - loss: 2.0968 - accuracy: 0.3698
 4/98 [>.............................] - ETA: 34s - loss: 2.0402 - accuracy: 0.3721
 5/98 [>.............................] - ETA: 34s - loss: 2.0171 - accuracy: 0.3773
 6/98 [>.............................] - ETA: 33s - loss: 2.0011 - accuracy: 0.3773
 7/98 [=>............................] - ETA: 33s - loss: 2.0199 - accuracy: 0.3772
 8/98 [=>............................] - ETA: 33s - loss: 1.9969 - accuracy: 0.3777
 9/98 [=>............................] - ETA: 32s - loss: 1.9824 - accuracy: 0.3770
10/98 [==>...........................] - ETA: 32s - loss: 1.9604 - accuracy: 0.3793
11/98 [==>...........................] - ETA: 32s - loss: 1.9686 - accuracy: 0.3801
12/98 [==>...........................] - ETA: 31s - loss: 1.9498 - accuracy: 0.3812
13/98 [==>...........................] - ETA: 31s - loss: 1.9333 - accuracy: 0.3827
14/98 [===>..........................] - ETA: 31s - loss: 1.9314 - accuracy: 0.3831
15/98 [===>..........................] - ETA: 30s - loss: 1.9267 - accuracy: 0.3862
16/98 [===>..........................] - ETA: 30s - loss: 1.9366 - accuracy: 0.3872
17/98 [====>.........................] - ETA: 29s - loss: 1.9238 - accuracy: 0.3886
18/98 [====>.........................] - ETA: 29s - loss: 1.9276 - accuracy: 0.3851
19/98 [====>.........................] - ETA: 29s - loss: 1.9243 - accuracy: 0.3853
20/98 [=====>........................] - ETA: 28s - loss: 1.9249 - accuracy: 0.3854
21/98 [=====>........................] - ETA: 28s - loss: 1.9252 - accuracy: 0.3847
22/98 [=====>........................] - ETA: 28s - loss: 1.9180 - accuracy: 0.3853
23/98 [======>.......................] - ETA: 27s - loss: 1.9107 - accuracy: 0.3848
24/98 [======>.......................] - ETA: 27s - loss: 1.9080 - accuracy: 0.3833
25/98 [======>.......................] - ETA: 27s - loss: 1.9004 - accuracy: 0.3837
26/98 [======>.......................] - ETA: 26s - loss: 1.8980 - accuracy: 0.3848
27/98 [=======>......................] - ETA: 26s - loss: 1.8944 - accuracy: 0.3842
28/98 [=======>......................] - ETA: 25s - loss: 1.8884 - accuracy: 0.3860
29/98 [=======>......................] - ETA: 25s - loss: 1.8814 - accuracy: 0.3852
30/98 [========>.....................] - ETA: 25s - loss: 1.8772 - accuracy: 0.3852
31/98 [========>.....................] - ETA: 24s - loss: 1.8759 - accuracy: 0.3841
32/98 [========>.....................] - ETA: 24s - loss: 1.8754 - accuracy: 0.3843
33/98 [=========>....................] - ETA: 24s - loss: 1.8720 - accuracy: 0.3852
34/98 [=========>....................] - ETA: 23s - loss: 1.8714 - accuracy: 0.3856
35/98 [=========>....................] - ETA: 23s - loss: 1.8716 - accuracy: 0.3853
36/98 [==========>...................] - ETA: 22s - loss: 1.8693 - accuracy: 0.3855
37/98 [==========>...................] - ETA: 22s - loss: 1.8675 - accuracy: 0.3859
38/98 [==========>...................] - ETA: 22s - loss: 1.8659 - accuracy: 0.3850
39/98 [==========>...................] - ETA: 21s - loss: 1.8650 - accuracy: 0.3847
40/98 [===========>..................] - ETA: 21s - loss: 1.8632 - accuracy: 0.3850
41/98 [===========>..................] - ETA: 20s - loss: 1.8613 - accuracy: 0.3848
42/98 [===========>..................] - ETA: 20s - loss: 1.8652 - accuracy: 0.3853
43/98 [============>.................] - ETA: 20s - loss: 1.8644 - accuracy: 0.3847
44/98 [============>.................] - ETA: 19s - loss: 1.8636 - accuracy: 0.3844
45/98 [============>.................] - ETA: 19s - loss: 1.8635 - accuracy: 0.3851
46/98 [=============>................] - ETA: 19s - loss: 1.8599 - accuracy: 0.3860
47/98 [=============>................] - ETA: 18s - loss: 1.8582 - accuracy: 0.3866
48/98 [=============>................] - ETA: 18s - loss: 1.8559 - accuracy: 0.3865
49/98 [==============>...............] - ETA: 18s - loss: 1.8533 - accuracy: 0.3860
50/98 [==============>...............] - ETA: 17s - loss: 1.8542 - accuracy: 0.3862
51/98 [==============>...............] - ETA: 17s - loss: 1.8621 - accuracy: 0.3869
52/98 [==============>...............] - ETA: 16s - loss: 1.8634 - accuracy: 0.3871
53/98 [===============>..............] - ETA: 16s - loss: 1.8662 - accuracy: 0.3869
54/98 [===============>..............] - ETA: 16s - loss: 1.8670 - accuracy: 0.3865
55/98 [===============>..............] - ETA: 15s - loss: 1.8657 - accuracy: 0.3865
56/98 [================>.............] - ETA: 15s - loss: 1.8653 - accuracy: 0.3867
57/98 [================>.............] - ETA: 15s - loss: 1.8658 - accuracy: 0.3864
58/98 [================>.............] - ETA: 14s - loss: 1.8657 - accuracy: 0.3870
59/98 [=================>............] - ETA: 14s - loss: 1.8629 - accuracy: 0.3870
60/98 [=================>............] - ETA: 14s - loss: 1.8638 - accuracy: 0.3869
61/98 [=================>............] - ETA: 13s - loss: 1.8643 - accuracy: 0.3870
62/98 [=================>............] - ETA: 13s - loss: 1.8640 - accuracy: 0.3873
63/98 [==================>...........] - ETA: 12s - loss: 1.8651 - accuracy: 0.3873
64/98 [==================>...........] - ETA: 12s - loss: 1.8658 - accuracy: 0.3868
65/98 [==================>...........] - ETA: 12s - loss: 1.8647 - accuracy: 0.3874
66/98 [===================>..........] - ETA: 11s - loss: 1.8632 - accuracy: 0.3879
67/98 [===================>..........] - ETA: 11s - loss: 1.8644 - accuracy: 0.3877
68/98 [===================>..........] - ETA: 11s - loss: 1.8644 - accuracy: 0.3876
69/98 [====================>.........] - ETA: 10s - loss: 1.8651 - accuracy: 0.3873
70/98 [====================>.........] - ETA: 10s - loss: 1.8644 - accuracy: 0.3878
71/98 [====================>.........] - ETA: 9s - loss: 1.8640 - accuracy: 0.3876 
72/98 [=====================>........] - ETA: 9s - loss: 1.8656 - accuracy: 0.3875
73/98 [=====================>........] - ETA: 9s - loss: 1.8682 - accuracy: 0.3870
74/98 [=====================>........] - ETA: 8s - loss: 1.8669 - accuracy: 0.3870
75/98 [=====================>........] - ETA: 8s - loss: 1.8719 - accuracy: 0.3869
76/98 [======================>.......] - ETA: 8s - loss: 1.8710 - accuracy: 0.3867
77/98 [======================>.......] - ETA: 7s - loss: 1.8697 - accuracy: 0.3872
78/98 [======================>.......] - ETA: 7s - loss: 1.8674 - accuracy: 0.3872
79/98 [=======================>......] - ETA: 7s - loss: 1.8666 - accuracy: 0.3865
80/98 [=======================>......] - ETA: 6s - loss: 1.8658 - accuracy: 0.3862
81/98 [=======================>......] - ETA: 6s - loss: 1.8656 - accuracy: 0.3865
82/98 [========================>.....] - ETA: 5s - loss: 1.8651 - accuracy: 0.3865
83/98 [========================>.....] - ETA: 5s - loss: 1.8633 - accuracy: 0.3872
84/98 [========================>.....] - ETA: 5s - loss: 1.8617 - accuracy: 0.3875
85/98 [=========================>....] - ETA: 4s - loss: 1.8631 - accuracy: 0.3873
86/98 [=========================>....] - ETA: 4s - loss: 1.8628 - accuracy: 0.3870
87/98 [=========================>....] - ETA: 4s - loss: 1.8617 - accuracy: 0.3872
88/98 [=========================>....] - ETA: 3s - loss: 1.8607 - accuracy: 0.3873
89/98 [==========================>...] - ETA: 3s - loss: 1.8606 - accuracy: 0.3873
90/98 [==========================>...] - ETA: 2s - loss: 1.8600 - accuracy: 0.3875
91/98 [==========================>...] - ETA: 2s - loss: 1.8586 - accuracy: 0.3874
92/98 [===========================>..] - ETA: 2s - loss: 1.8581 - accuracy: 0.3874
93/98 [===========================>..] - ETA: 1s - loss: 1.8581 - accuracy: 0.3876
94/98 [===========================>..] - ETA: 1s - loss: 1.8577 - accuracy: 0.3876
95/98 [============================>.] - ETA: 1s - loss: 1.8572 - accuracy: 0.3881
96/98 [============================>.] - ETA: 0s - loss: 1.8578 - accuracy: 0.3886
97/98 [============================>.] - ETA: 0s - loss: 1.8563 - accuracy: 0.3887
98/98 [==============================] - ETA: 0s - loss: 1.8575 - accuracy: 0.3887
98/98 [==============================] - 40s 413ms/step - loss: 1.8575 - accuracy: 0.3887 - val_loss: 1.6487 - val_accuracy: 0.4208
Epoch 5/145

 1/98 [..............................] - ETA: 36s - loss: 1.8609 - accuracy: 0.4180
 2/98 [..............................] - ETA: 35s - loss: 1.9003 - accuracy: 0.3955
 3/98 [..............................] - ETA: 35s - loss: 1.9638 - accuracy: 0.3978
 4/98 [>.............................] - ETA: 34s - loss: 1.9182 - accuracy: 0.4053
 5/98 [>.............................] - ETA: 34s - loss: 1.9094 - accuracy: 0.4027
 6/98 [>.............................] - ETA: 34s - loss: 1.9272 - accuracy: 0.3978
 7/98 [=>............................] - ETA: 33s - loss: 1.9376 - accuracy: 0.3940
 8/98 [=>............................] - ETA: 33s - loss: 1.9151 - accuracy: 0.3972
 9/98 [=>............................] - ETA: 33s - loss: 1.9042 - accuracy: 0.3963
10/98 [==>...........................] - ETA: 32s - loss: 1.9081 - accuracy: 0.3934
11/98 [==>...........................] - ETA: 32s - loss: 1.9249 - accuracy: 0.3867
12/98 [==>...........................] - ETA: 31s - loss: 1.9293 - accuracy: 0.3848
13/98 [==>...........................] - ETA: 31s - loss: 1.9421 - accuracy: 0.3845
14/98 [===>..........................] - ETA: 31s - loss: 1.9215 - accuracy: 0.3846
15/98 [===>..........................] - ETA: 30s - loss: 1.9204 - accuracy: 0.3831
16/98 [===>..........................] - ETA: 30s - loss: 1.9108 - accuracy: 0.3844
17/98 [====>.........................] - ETA: 29s - loss: 1.9104 - accuracy: 0.3849
18/98 [====>.........................] - ETA: 29s - loss: 1.9205 - accuracy: 0.3823
19/98 [====>.........................] - ETA: 29s - loss: 1.9175 - accuracy: 0.3821
20/98 [=====>........................] - ETA: 28s - loss: 1.9202 - accuracy: 0.3824
21/98 [=====>........................] - ETA: 28s - loss: 1.9156 - accuracy: 0.3818
22/98 [=====>........................] - ETA: 28s - loss: 1.9198 - accuracy: 0.3813
23/98 [======>.......................] - ETA: 27s - loss: 1.9195 - accuracy: 0.3801
24/98 [======>.......................] - ETA: 27s - loss: 1.9156 - accuracy: 0.3795
25/98 [======>.......................] - ETA: 27s - loss: 1.9129 - accuracy: 0.3789
26/98 [======>.......................] - ETA: 26s - loss: 1.9078 - accuracy: 0.3799
27/98 [=======>......................] - ETA: 26s - loss: 1.9124 - accuracy: 0.3824
28/98 [=======>......................] - ETA: 25s - loss: 1.9087 - accuracy: 0.3825
29/98 [=======>......................] - ETA: 25s - loss: 1.9136 - accuracy: 0.3825
30/98 [========>.....................] - ETA: 25s - loss: 1.9139 - accuracy: 0.3828
31/98 [========>.....................] - ETA: 24s - loss: 1.9120 - accuracy: 0.3834
32/98 [========>.....................] - ETA: 24s - loss: 1.9028 - accuracy: 0.3843
33/98 [=========>....................] - ETA: 24s - loss: 1.9042 - accuracy: 0.3856
34/98 [=========>....................] - ETA: 23s - loss: 1.8973 - accuracy: 0.3859
35/98 [=========>....................] - ETA: 23s - loss: 1.8886 - accuracy: 0.3871
36/98 [==========>...................] - ETA: 22s - loss: 1.8865 - accuracy: 0.3878
37/98 [==========>...................] - ETA: 22s - loss: 1.8846 - accuracy: 0.3893
