2024-06-25 16:52:07.295653: I tensorflow/core/platform/cpu_feature_guard.cc:193] This TensorFlow binary is optimized with oneAPI Deep Neural Network Library (oneDNN) to use the following CPU instructions in performance-critical operations:  AVX AVX2
To enable them in other operations, rebuild TensorFlow with the appropriate compiler flags.
2024-06-25 16:52:08.244653: I tensorflow/core/common_runtime/gpu/gpu_device.cc:1616] Created device /job:localhost/replica:0/task:0/device:GPU:0 with 6656 MB memory:  -> device: 0, name: NVIDIA GeForce RTX 4060 Ti, pci bus id: 0000:01:00.0, compute capability: 8.9
1 Physical GPUs, 1 Logical GPUs
Model: "sequential"
_________________________________________________________________
 Layer (type)                Output Shape              Param #   
=================================================================
 conv2d (Conv2D)             (None, 32, 32, 32)        896       
                                                                 
 max_pooling2d (MaxPooling2D  (None, 16, 16, 32)       0         
 )                                                               
                                                                 
 batch_normalization (BatchN  (None, 16, 16, 32)       128       
 ormalization)                                                   
                                                                 
 conv2d_1 (Conv2D)           (None, 16, 16, 256)       401664    
                                                                 
 conv2d_2 (Conv2D)           (None, 16, 16, 256)       3211520   
                                                                 
 max_pooling2d_1 (MaxPooling  (None, 8, 8, 256)        0         
 2D)                                                             
                                                                 
 batch_normalization_1 (Batc  (None, 8, 8, 256)        1024      
 hNormalization)                                                 
                                                                 
 dropout (Dropout)           (None, 8, 8, 256)         0         
                                                                 
 flatten (Flatten)           (None, 16384)             0         
                                                                 
 dense (Dense)               (None, 10)                163850    
                                                                 
=================================================================
Total params: 3,779,082
Trainable params: 3,778,506
Non-trainable params: 576
_________________________________________________________________
Taxa de aprendizado:  0.1 Num de épocas:  145 Tamanho do lote:  512 Dropout:  0.34134
Epoch 1/145
2024-06-25 16:52:10.751254: I tensorflow/stream_executor/cuda/cuda_dnn.cc:384] Loaded cuDNN version 8100
2024-06-25 16:52:12.750196: W tensorflow/stream_executor/gpu/redzone_allocator.cc:314] INTERNAL: ptxas exited with non-zero error code -1, output: 
Relying on driver to perform ptx compilation. 
Modify $PATH to customize ptxas location.
This message will be only logged once.
2024-06-25 16:52:16.339678: I tensorflow/stream_executor/cuda/cuda_blas.cc:1614] TensorFloat-32 will be used for the matrix multiplication. This will only be logged once.

 1/98 [..............................] - ETA: 51:06 - loss: 3.4132 - accuracy: 0.0957
 2/98 [..............................] - ETA: 35s - loss: 90.5371 - accuracy: 0.0869 
 3/98 [..............................] - ETA: 35s - loss: 157.0930 - accuracy: 0.1100
 4/98 [>.............................] - ETA: 35s - loss: 183.2072 - accuracy: 0.1084
 5/98 [>.............................] - ETA: 34s - loss: 195.5779 - accuracy: 0.1160
 6/98 [>.............................] - ETA: 34s - loss: 203.4738 - accuracy: 0.1185
 7/98 [=>............................] - ETA: 33s - loss: 200.3293 - accuracy: 0.1270
 8/98 [=>............................] - ETA: 33s - loss: 194.8952 - accuracy: 0.1309
 9/98 [=>............................] - ETA: 33s - loss: 184.4018 - accuracy: 0.1369
10/98 [==>...........................] - ETA: 32s - loss: 175.3942 - accuracy: 0.1408
11/98 [==>...........................] - ETA: 32s - loss: 167.8038 - accuracy: 0.1415
12/98 [==>...........................] - ETA: 32s - loss: 160.2075 - accuracy: 0.1462
13/98 [==>...........................] - ETA: 31s - loss: 152.5078 - accuracy: 0.1523
14/98 [===>..........................] - ETA: 31s - loss: 145.2024 - accuracy: 0.1585
15/98 [===>..........................] - ETA: 30s - loss: 138.9296 - accuracy: 0.1577
16/98 [===>..........................] - ETA: 30s - loss: 133.1825 - accuracy: 0.1571
17/98 [====>.........................] - ETA: 30s - loss: 127.6227 - accuracy: 0.1557
18/98 [====>.........................] - ETA: 29s - loss: 122.9497 - accuracy: 0.1548
19/98 [====>.........................] - ETA: 29s - loss: 118.4373 - accuracy: 0.1551
20/98 [=====>........................] - ETA: 29s - loss: 114.5612 - accuracy: 0.1563
21/98 [=====>........................] - ETA: 28s - loss: 110.8681 - accuracy: 0.1568
22/98 [=====>........................] - ETA: 28s - loss: 107.4323 - accuracy: 0.1563
23/98 [======>.......................] - ETA: 27s - loss: 104.2281 - accuracy: 0.1564
24/98 [======>.......................] - ETA: 27s - loss: 101.1157 - accuracy: 0.1580
25/98 [======>.......................] - ETA: 27s - loss: 98.3350 - accuracy: 0.1577 
26/98 [======>.......................] - ETA: 26s - loss: 95.3556 - accuracy: 0.1594
27/98 [=======>......................] - ETA: 26s - loss: 92.8087 - accuracy: 0.1612
28/98 [=======>......................] - ETA: 26s - loss: 90.3223 - accuracy: 0.1632
29/98 [=======>......................] - ETA: 25s - loss: 88.1232 - accuracy: 0.1626
30/98 [========>.....................] - ETA: 25s - loss: 85.9277 - accuracy: 0.1629
31/98 [========>.....................] - ETA: 25s - loss: 83.8342 - accuracy: 0.1635
32/98 [========>.....................] - ETA: 24s - loss: 82.1507 - accuracy: 0.1633
33/98 [=========>....................] - ETA: 24s - loss: 80.3239 - accuracy: 0.1634
34/98 [=========>....................] - ETA: 23s - loss: 78.5987 - accuracy: 0.1650
35/98 [=========>....................] - ETA: 23s - loss: 77.1056 - accuracy: 0.1650
36/98 [==========>...................] - ETA: 23s - loss: 75.5699 - accuracy: 0.1647
37/98 [==========>...................] - ETA: 50s - loss: 74.4829 - accuracy: 0.1655
38/98 [==========>...................] - ETA: 48s - loss: 72.9762 - accuracy: 0.1652
39/98 [==========>...................] - ETA: 47s - loss: 71.4675 - accuracy: 0.1668
40/98 [===========>..................] - ETA: 45s - loss: 70.0472 - accuracy: 0.1679
41/98 [===========>..................] - ETA: 44s - loss: 68.6596 - accuracy: 0.1690
42/98 [===========>..................] - ETA: 43s - loss: 67.3493 - accuracy: 0.1710
43/98 [============>.................] - ETA: 41s - loss: 66.0220 - accuracy: 0.1721
44/98 [============>.................] - ETA: 40s - loss: 64.8439 - accuracy: 0.1719
45/98 [============>.................] - ETA: 39s - loss: 63.6535 - accuracy: 0.1734
46/98 [=============>................] - ETA: 38s - loss: 62.5257 - accuracy: 0.1742
47/98 [=============>................] - ETA: 36s - loss: 61.3944 - accuracy: 0.1752
48/98 [=============>................] - ETA: 35s - loss: 60.3046 - accuracy: 0.1748
49/98 [==============>...............] - ETA: 34s - loss: 59.2498 - accuracy: 0.1747
50/98 [==============>...............] - ETA: 33s - loss: 58.4608 - accuracy: 0.1734
51/98 [==============>...............] - ETA: 32s - loss: 57.7223 - accuracy: 0.1731
52/98 [==============>...............] - ETA: 31s - loss: 56.9595 - accuracy: 0.1738
53/98 [===============>..............] - ETA: 30s - loss: 56.1373 - accuracy: 0.1749
54/98 [===============>..............] - ETA: 29s - loss: 55.3909 - accuracy: 0.1756
55/98 [===============>..............] - ETA: 28s - loss: 54.6294 - accuracy: 0.1768
56/98 [================>.............] - ETA: 28s - loss: 53.8931 - accuracy: 0.1776
57/98 [================>.............] - ETA: 27s - loss: 53.1200 - accuracy: 0.1787
58/98 [================>.............] - ETA: 26s - loss: 52.3608 - accuracy: 0.1796
59/98 [=================>............] - ETA: 25s - loss: 51.6275 - accuracy: 0.1802
60/98 [=================>............] - ETA: 24s - loss: 50.9540 - accuracy: 0.1806
61/98 [=================>............] - ETA: 23s - loss: 50.2712 - accuracy: 0.1812
62/98 [=================>............] - ETA: 23s - loss: 49.5957 - accuracy: 0.1818
63/98 [==================>...........] - ETA: 22s - loss: 48.9693 - accuracy: 0.1816
64/98 [==================>...........] - ETA: 21s - loss: 48.3166 - accuracy: 0.1825
65/98 [==================>...........] - ETA: 20s - loss: 47.6932 - accuracy: 0.1829
66/98 [===================>..........] - ETA: 19s - loss: 47.0961 - accuracy: 0.1832
67/98 [===================>..........] - ETA: 19s - loss: 46.4979 - accuracy: 0.1840
68/98 [===================>..........] - ETA: 18s - loss: 45.8945 - accuracy: 0.1858
69/98 [====================>.........] - ETA: 17s - loss: 45.3108 - accuracy: 0.1866
70/98 [====================>.........] - ETA: 17s - loss: 44.7699 - accuracy: 0.1866
71/98 [====================>.........] - ETA: 16s - loss: 44.2245 - accuracy: 0.1869
72/98 [=====================>........] - ETA: 15s - loss: 43.6971 - accuracy: 0.1871
73/98 [=====================>........] - ETA: 14s - loss: 43.1835 - accuracy: 0.1880
74/98 [=====================>........] - ETA: 14s - loss: 42.6661 - accuracy: 0.1891
75/98 [=====================>........] - ETA: 13s - loss: 42.1791 - accuracy: 0.1895
76/98 [======================>.......] - ETA: 12s - loss: 41.6893 - accuracy: 0.1903
77/98 [======================>.......] - ETA: 12s - loss: 41.2098 - accuracy: 0.1915
78/98 [======================>.......] - ETA: 11s - loss: 40.7374 - accuracy: 0.1922
79/98 [=======================>......] - ETA: 11s - loss: 40.2697 - accuracy: 0.1923
80/98 [=======================>......] - ETA: 10s - loss: 39.8113 - accuracy: 0.1929
81/98 [=======================>......] - ETA: 9s - loss: 39.3672 - accuracy: 0.1932 
82/98 [========================>.....] - ETA: 9s - loss: 38.9333 - accuracy: 0.1938
83/98 [========================>.....] - ETA: 8s - loss: 38.5057 - accuracy: 0.1940
84/98 [========================>.....] - ETA: 7s - loss: 38.0855 - accuracy: 0.1944
85/98 [=========================>....] - ETA: 7s - loss: 37.6790 - accuracy: 0.1950
86/98 [=========================>....] - ETA: 6s - loss: 37.2809 - accuracy: 0.1959
87/98 [=========================>....] - ETA: 6s - loss: 36.8865 - accuracy: 0.1965
88/98 [=========================>....] - ETA: 5s - loss: 36.5056 - accuracy: 0.1969
89/98 [==========================>...] - ETA: 5s - loss: 36.1307 - accuracy: 0.1973
90/98 [==========================>...] - ETA: 4s - loss: 35.7666 - accuracy: 0.1976
91/98 [==========================>...] - ETA: 3s - loss: 35.4029 - accuracy: 0.1984
92/98 [===========================>..] - ETA: 3s - loss: 35.0586 - accuracy: 0.1983
93/98 [===========================>..] - ETA: 2s - loss: 34.7385 - accuracy: 0.1981
94/98 [===========================>..] - ETA: 2s - loss: 34.4327 - accuracy: 0.1977
95/98 [============================>.] - ETA: 1s - loss: 34.1247 - accuracy: 0.1984
96/98 [============================>.] - ETA: 1s - loss: 33.8321 - accuracy: 0.1990
97/98 [============================>.] - ETA: 0s - loss: 33.5428 - accuracy: 0.1994
98/98 [==============================] - ETA: 0s - loss: 33.2504 - accuracy: 0.2001
98/98 [==============================] - 89s 595ms/step - loss: 33.2504 - accuracy: 0.2001 - val_loss: 4.4695 - val_accuracy: 0.2354
Epoch 2/145

 1/98 [..............................] - ETA: 36s - loss: 4.3035 - accuracy: 0.2930
 2/98 [..............................] - ETA: 36s - loss: 4.0908 - accuracy: 0.2949
 3/98 [..............................] - ETA: 35s - loss: 4.0565 - accuracy: 0.2871
 4/98 [>.............................] - ETA: 35s - loss: 4.0837 - accuracy: 0.2690
 5/98 [>.............................] - ETA: 34s - loss: 3.9378 - accuracy: 0.2676
 6/98 [>.............................] - ETA: 34s - loss: 3.8595 - accuracy: 0.2620
 7/98 [=>............................] - ETA: 34s - loss: 3.7178 - accuracy: 0.2648
 8/98 [=>............................] - ETA: 33s - loss: 3.6448 - accuracy: 0.2603
 9/98 [=>............................] - ETA: 33s - loss: 3.5948 - accuracy: 0.2543
10/98 [==>...........................] - ETA: 32s - loss: 3.5544 - accuracy: 0.2508
11/98 [==>...........................] - ETA: 32s - loss: 3.4864 - accuracy: 0.2509
12/98 [==>...........................] - ETA: 32s - loss: 3.4199 - accuracy: 0.2572
13/98 [==>...........................] - ETA: 31s - loss: 3.3788 - accuracy: 0.2568
14/98 [===>..........................] - ETA: 31s - loss: 3.3132 - accuracy: 0.2577
15/98 [===>..........................] - ETA: 31s - loss: 3.2469 - accuracy: 0.2608
16/98 [===>..........................] - ETA: 30s - loss: 3.2275 - accuracy: 0.2604
17/98 [====>.........................] - ETA: 30s - loss: 3.1663 - accuracy: 0.2619
18/98 [====>.........................] - ETA: 29s - loss: 3.1156 - accuracy: 0.2632
19/98 [====>.........................] - ETA: 29s - loss: 3.0676 - accuracy: 0.2657
20/98 [=====>........................] - ETA: 29s - loss: 3.0245 - accuracy: 0.2665
21/98 [=====>........................] - ETA: 28s - loss: 2.9767 - accuracy: 0.2698
22/98 [=====>........................] - ETA: 28s - loss: 2.9365 - accuracy: 0.2718
23/98 [======>.......................] - ETA: 28s - loss: 2.9076 - accuracy: 0.2726
24/98 [======>.......................] - ETA: 27s - loss: 2.8703 - accuracy: 0.2755
25/98 [======>.......................] - ETA: 27s - loss: 2.8472 - accuracy: 0.2761
26/98 [======>.......................] - ETA: 26s - loss: 2.8216 - accuracy: 0.2787
27/98 [=======>......................] - ETA: 26s - loss: 2.7955 - accuracy: 0.2808
28/98 [=======>......................] - ETA: 26s - loss: 2.7645 - accuracy: 0.2825
29/98 [=======>......................] - ETA: 25s - loss: 2.7394 - accuracy: 0.2843
30/98 [========>.....................] - ETA: 25s - loss: 2.7197 - accuracy: 0.2852
31/98 [========>.....................] - ETA: 25s - loss: 2.6977 - accuracy: 0.2864
32/98 [========>.....................] - ETA: 24s - loss: 2.6762 - accuracy: 0.2859
33/98 [=========>....................] - ETA: 24s - loss: 2.6571 - accuracy: 0.2863
34/98 [=========>....................] - ETA: 23s - loss: 2.6423 - accuracy: 0.2862
35/98 [=========>....................] - ETA: 23s - loss: 2.6281 - accuracy: 0.2870
36/98 [==========>...................] - ETA: 23s - loss: 2.6133 - accuracy: 0.2883
37/98 [==========>...................] - ETA: 22s - loss: 2.5964 - accuracy: 0.2896
38/98 [==========>...................] - ETA: 22s - loss: 2.5817 - accuracy: 0.2898
39/98 [==========>...................] - ETA: 22s - loss: 2.5641 - accuracy: 0.2904
40/98 [===========>..................] - ETA: 21s - loss: 2.5518 - accuracy: 0.2913
41/98 [===========>..................] - ETA: 21s - loss: 2.5371 - accuracy: 0.2918
42/98 [===========>..................] - ETA: 20s - loss: 2.5236 - accuracy: 0.2927
43/98 [============>.................] - ETA: 20s - loss: 2.5097 - accuracy: 0.2945
44/98 [============>.................] - ETA: 20s - loss: 2.4980 - accuracy: 0.2946
45/98 [============>.................] - ETA: 19s - loss: 2.4898 - accuracy: 0.2954
46/98 [=============>................] - ETA: 19s - loss: 2.4752 - accuracy: 0.2967
47/98 [=============>................] - ETA: 19s - loss: 2.4657 - accuracy: 0.2972
48/98 [=============>................] - ETA: 18s - loss: 2.4534 - accuracy: 0.2987
49/98 [==============>...............] - ETA: 18s - loss: 2.4413 - accuracy: 0.3000
50/98 [==============>...............] - ETA: 17s - loss: 2.4312 - accuracy: 0.3014
51/98 [==============>...............] - ETA: 17s - loss: 2.4232 - accuracy: 0.3017
52/98 [==============>...............] - ETA: 17s - loss: 2.4147 - accuracy: 0.3021
53/98 [===============>..............] - ETA: 16s - loss: 2.4129 - accuracy: 0.3020
54/98 [===============>..............] - ETA: 16s - loss: 2.4039 - accuracy: 0.3028
55/98 [===============>..............] - ETA: 16s - loss: 2.4002 - accuracy: 0.3024
56/98 [================>.............] - ETA: 15s - loss: 2.3945 - accuracy: 0.3026
57/98 [================>.............] - ETA: 15s - loss: 2.3883 - accuracy: 0.3028
58/98 [================>.............] - ETA: 14s - loss: 2.3821 - accuracy: 0.3029
59/98 [=================>............] - ETA: 14s - loss: 2.3749 - accuracy: 0.3035
60/98 [=================>............] - ETA: 14s - loss: 2.3668 - accuracy: 0.3040
61/98 [=================>............] - ETA: 13s - loss: 2.3600 - accuracy: 0.3044
62/98 [=================>............] - ETA: 13s - loss: 2.3551 - accuracy: 0.3049
63/98 [==================>...........] - ETA: 13s - loss: 2.3514 - accuracy: 0.3055
64/98 [==================>...........] - ETA: 12s - loss: 2.3456 - accuracy: 0.3063
65/98 [==================>...........] - ETA: 12s - loss: 2.3416 - accuracy: 0.3061
66/98 [===================>..........] - ETA: 11s - loss: 2.3343 - accuracy: 0.3074
67/98 [===================>..........] - ETA: 11s - loss: 2.3311 - accuracy: 0.3073
68/98 [===================>..........] - ETA: 11s - loss: 2.3279 - accuracy: 0.3073
69/98 [====================>.........] - ETA: 10s - loss: 2.3266 - accuracy: 0.3068
70/98 [====================>.........] - ETA: 10s - loss: 2.3221 - accuracy: 0.3069
71/98 [====================>.........] - ETA: 10s - loss: 2.3228 - accuracy: 0.3062
72/98 [=====================>........] - ETA: 9s - loss: 2.3164 - accuracy: 0.3067 
73/98 [=====================>........] - ETA: 9s - loss: 2.3138 - accuracy: 0.3070
74/98 [=====================>........] - ETA: 8s - loss: 2.3088 - accuracy: 0.3077
75/98 [=====================>........] - ETA: 8s - loss: 2.3067 - accuracy: 0.3080
76/98 [======================>.......] - ETA: 8s - loss: 2.3024 - accuracy: 0.3086
77/98 [======================>.......] - ETA: 7s - loss: 2.2982 - accuracy: 0.3089
78/98 [======================>.......] - ETA: 7s - loss: 2.2942 - accuracy: 0.3094
79/98 [=======================>......] - ETA: 7s - loss: 2.2914 - accuracy: 0.3099
80/98 [=======================>......] - ETA: 6s - loss: 2.2882 - accuracy: 0.3104
81/98 [=======================>......] - ETA: 6s - loss: 2.2848 - accuracy: 0.3108
82/98 [========================>.....] - ETA: 5s - loss: 2.2809 - accuracy: 0.3115
83/98 [========================>.....] - ETA: 5s - loss: 2.2781 - accuracy: 0.3112
84/98 [========================>.....] - ETA: 5s - loss: 2.2772 - accuracy: 0.3110
85/98 [=========================>....] - ETA: 4s - loss: 2.2751 - accuracy: 0.3114
86/98 [=========================>....] - ETA: 4s - loss: 2.2728 - accuracy: 0.3114
87/98 [=========================>....] - ETA: 4s - loss: 2.2694 - accuracy: 0.3120
88/98 [=========================>....] - ETA: 3s - loss: 2.2658 - accuracy: 0.3121
89/98 [==========================>...] - ETA: 3s - loss: 2.2644 - accuracy: 0.3118
90/98 [==========================>...] - ETA: 2s - loss: 2.2606 - accuracy: 0.3119
91/98 [==========================>...] - ETA: 2s - loss: 2.2581 - accuracy: 0.3122
92/98 [===========================>..] - ETA: 2s - loss: 2.2544 - accuracy: 0.3127
93/98 [===========================>..] - ETA: 1s - loss: 2.2508 - accuracy: 0.3130
94/98 [===========================>..] - ETA: 1s - loss: 2.2464 - accuracy: 0.3138
95/98 [============================>.] - ETA: 1s - loss: 2.2439 - accuracy: 0.3140
96/98 [============================>.] - ETA: 0s - loss: 2.2410 - accuracy: 0.3143
97/98 [============================>.] - ETA: 0s - loss: 2.2390 - accuracy: 0.3146
98/98 [==============================] - ETA: 0s - loss: 2.2402 - accuracy: 0.3143
98/98 [==============================] - 41s 415ms/step - loss: 2.2402 - accuracy: 0.3143 - val_loss: 1.7166 - val_accuracy: 0.3778
Epoch 3/145

 1/98 [..............................] - ETA: 36s - loss: 1.8756 - accuracy: 0.3809
 2/98 [..............................] - ETA: 36s - loss: 2.0261 - accuracy: 0.3496
 3/98 [..............................] - ETA: 35s - loss: 2.0318 - accuracy: 0.3418
 4/98 [>.............................] - ETA: 35s - loss: 1.9867 - accuracy: 0.3511
 5/98 [>.............................] - ETA: 34s - loss: 1.9924 - accuracy: 0.3480
 6/98 [>.............................] - ETA: 34s - loss: 1.9965 - accuracy: 0.3512
 7/98 [=>............................] - ETA: 34s - loss: 1.9835 - accuracy: 0.3571
 8/98 [=>............................] - ETA: 33s - loss: 1.9798 - accuracy: 0.3579
 9/98 [=>............................] - ETA: 33s - loss: 1.9749 - accuracy: 0.3605
10/98 [==>...........................] - ETA: 33s - loss: 1.9774 - accuracy: 0.3584
11/98 [==>...........................] - ETA: 32s - loss: 1.9763 - accuracy: 0.3560
12/98 [==>...........................] - ETA: 32s - loss: 1.9659 - accuracy: 0.3577
13/98 [==>...........................] - ETA: 31s - loss: 1.9517 - accuracy: 0.3562
14/98 [===>..........................] - ETA: 31s - loss: 1.9523 - accuracy: 0.3556
15/98 [===>..........................] - ETA: 31s - loss: 1.9525 - accuracy: 0.3553
16/98 [===>..........................] - ETA: 30s - loss: 1.9516 - accuracy: 0.3566
17/98 [====>.........................] - ETA: 30s - loss: 1.9554 - accuracy: 0.3554
18/98 [====>.........................] - ETA: 29s - loss: 1.9529 - accuracy: 0.3564
19/98 [====>.........................] - ETA: 29s - loss: 1.9457 - accuracy: 0.3584
20/98 [=====>........................] - ETA: 29s - loss: 1.9411 - accuracy: 0.3593
21/98 [=====>........................] - ETA: 28s - loss: 1.9373 - accuracy: 0.3611
22/98 [=====>........................] - ETA: 28s - loss: 1.9367 - accuracy: 0.3617
23/98 [======>.......................] - ETA: 27s - loss: 1.9317 - accuracy: 0.3634
24/98 [======>.......................] - ETA: 27s - loss: 1.9302 - accuracy: 0.3640
25/98 [======>.......................] - ETA: 27s - loss: 1.9275 - accuracy: 0.3650
26/98 [======>.......................] - ETA: 26s - loss: 1.9283 - accuracy: 0.3642
27/98 [=======>......................] - ETA: 26s - loss: 1.9306 - accuracy: 0.3643
28/98 [=======>......................] - ETA: 25s - loss: 1.9263 - accuracy: 0.3646
29/98 [=======>......................] - ETA: 25s - loss: 1.9234 - accuracy: 0.3654
30/98 [========>.....................] - ETA: 25s - loss: 1.9249 - accuracy: 0.3659
31/98 [========>.....................] - ETA: 24s - loss: 1.9269 - accuracy: 0.3647
32/98 [========>.....................] - ETA: 24s - loss: 1.9256 - accuracy: 0.3656
33/98 [=========>....................] - ETA: 23s - loss: 1.9217 - accuracy: 0.3654
34/98 [=========>....................] - ETA: 23s - loss: 1.9195 - accuracy: 0.3641
35/98 [=========>....................] - ETA: 23s - loss: 1.9221 - accuracy: 0.3635
36/98 [==========>...................] - ETA: 22s - loss: 1.9220 - accuracy: 0.3630
37/98 [==========>...................] - ETA: 22s - loss: 1.9205 - accuracy: 0.3615
38/98 [==========>...................] - ETA: 21s - loss: 1.9190 - accuracy: 0.3611
39/98 [==========>...................] - ETA: 21s - loss: 1.9188 - accuracy: 0.3605
40/98 [===========>..................] - ETA: 21s - loss: 1.9171 - accuracy: 0.3612
41/98 [===========>..................] - ETA: 20s - loss: 1.9161 - accuracy: 0.3615
42/98 [===========>..................] - ETA: 20s - loss: 1.9126 - accuracy: 0.3622
43/98 [============>.................] - ETA: 20s - loss: 1.9079 - accuracy: 0.3630
44/98 [============>.................] - ETA: 19s - loss: 1.9099 - accuracy: 0.3619
45/98 [============>.................] - ETA: 19s - loss: 1.9079 - accuracy: 0.3618
46/98 [=============>................] - ETA: 19s - loss: 1.9090 - accuracy: 0.3616
47/98 [=============>................] - ETA: 18s - loss: 1.9059 - accuracy: 0.3627
48/98 [=============>................] - ETA: 18s - loss: 1.9109 - accuracy: 0.3627
49/98 [==============>...............] - ETA: 17s - loss: 1.9073 - accuracy: 0.3628
50/98 [==============>...............] - ETA: 17s - loss: 1.9051 - accuracy: 0.3639
51/98 [==============>...............] - ETA: 17s - loss: 1.9033 - accuracy: 0.3642
52/98 [==============>...............] - ETA: 16s - loss: 1.9027 - accuracy: 0.3644
53/98 [===============>..............] - ETA: 16s - loss: 1.9030 - accuracy: 0.3647
54/98 [===============>..............] - ETA: 16s - loss: 1.9056 - accuracy: 0.3648
55/98 [===============>..............] - ETA: 15s - loss: 1.9093 - accuracy: 0.3649
56/98 [================>.............] - ETA: 15s - loss: 1.9093 - accuracy: 0.3651
57/98 [================>.............] - ETA: 14s - loss: 1.9096 - accuracy: 0.3653
58/98 [================>.............] - ETA: 14s - loss: 1.9088 - accuracy: 0.3656
59/98 [=================>............] - ETA: 14s - loss: 1.9088 - accuracy: 0.3661
60/98 [=================>............] - ETA: 13s - loss: 1.9080 - accuracy: 0.3666
61/98 [=================>............] - ETA: 13s - loss: 1.9078 - accuracy: 0.3664
62/98 [=================>............] - ETA: 13s - loss: 1.9081 - accuracy: 0.3658
63/98 [==================>...........] - ETA: 12s - loss: 1.9049 - accuracy: 0.3660
64/98 [==================>...........] - ETA: 12s - loss: 1.9056 - accuracy: 0.3655
65/98 [==================>...........] - ETA: 12s - loss: 1.9052 - accuracy: 0.3656
66/98 [===================>..........] - ETA: 11s - loss: 1.9044 - accuracy: 0.3658
67/98 [===================>..........] - ETA: 11s - loss: 1.9031 - accuracy: 0.3664
68/98 [===================>..........] - ETA: 10s - loss: 1.9035 - accuracy: 0.3669
69/98 [====================>.........] - ETA: 10s - loss: 1.9037 - accuracy: 0.3670
70/98 [====================>.........] - ETA: 10s - loss: 1.9055 - accuracy: 0.3671
71/98 [====================>.........] - ETA: 9s - loss: 1.9058 - accuracy: 0.3673 
72/98 [=====================>........] - ETA: 9s - loss: 1.9064 - accuracy: 0.3676
73/98 [=====================>........] - ETA: 9s - loss: 1.9047 - accuracy: 0.3681
74/98 [=====================>........] - ETA: 8s - loss: 1.9063 - accuracy: 0.3678
75/98 [=====================>........] - ETA: 8s - loss: 1.9071 - accuracy: 0.3684
76/98 [======================>.......] - ETA: 8s - loss: 1.9082 - accuracy: 0.3687
77/98 [======================>.......] - ETA: 7s - loss: 1.9079 - accuracy: 0.3689
78/98 [======================>.......] - ETA: 7s - loss: 1.9063 - accuracy: 0.3696
79/98 [=======================>......] - ETA: 6s - loss: 1.9065 - accuracy: 0.3696
80/98 [=======================>......] - ETA: 6s - loss: 1.9058 - accuracy: 0.3699
81/98 [=======================>......] - ETA: 6s - loss: 1.9042 - accuracy: 0.3702
82/98 [========================>.....] - ETA: 5s - loss: 1.9034 - accuracy: 0.3700
83/98 [========================>.....] - ETA: 5s - loss: 1.9016 - accuracy: 0.3699
84/98 [========================>.....] - ETA: 5s - loss: 1.9004 - accuracy: 0.3699
85/98 [=========================>....] - ETA: 4s - loss: 1.8991 - accuracy: 0.3704
86/98 [=========================>....] - ETA: 4s - loss: 1.8979 - accuracy: 0.3702
87/98 [=========================>....] - ETA: 4s - loss: 1.8972 - accuracy: 0.3707
88/98 [=========================>....] - ETA: 3s - loss: 1.8958 - accuracy: 0.3712
89/98 [==========================>...] - ETA: 3s - loss: 1.8953 - accuracy: 0.3710
90/98 [==========================>...] - ETA: 2s - loss: 1.8938 - accuracy: 0.3717
91/98 [==========================>...] - ETA: 2s - loss: 1.8937 - accuracy: 0.3716
92/98 [===========================>..] - ETA: 2s - loss: 1.8939 - accuracy: 0.3720
93/98 [===========================>..] - ETA: 1s - loss: 1.8932 - accuracy: 0.3720
94/98 [===========================>..] - ETA: 1s - loss: 1.8935 - accuracy: 0.3722
95/98 [============================>.] - ETA: 1s - loss: 1.8930 - accuracy: 0.3723
96/98 [============================>.] - ETA: 0s - loss: 1.8918 - accuracy: 0.3726
97/98 [============================>.] - ETA: 0s - loss: 1.8915 - accuracy: 0.3730
98/98 [==============================] - ETA: 0s - loss: 1.8919 - accuracy: 0.3729
98/98 [==============================] - 40s 412ms/step - loss: 1.8919 - accuracy: 0.3729 - val_loss: 1.8700 - val_accuracy: 0.3474
Epoch 4/145

 1/98 [..............................] - ETA: 36s - loss: 1.8768 - accuracy: 0.3398
 2/98 [..............................] - ETA: 36s - loss: 1.8424 - accuracy: 0.3643
 3/98 [..............................] - ETA: 35s - loss: 1.8776 - accuracy: 0.3646
 4/98 [>.............................] - ETA: 35s - loss: 1.9082 - accuracy: 0.3555
 5/98 [>.............................] - ETA: 34s - loss: 1.8933 - accuracy: 0.3598
 6/98 [>.............................] - ETA: 34s - loss: 1.8886 - accuracy: 0.3630
 7/98 [=>............................] - ETA: 33s - loss: 1.8889 - accuracy: 0.3661
 8/98 [=>............................] - ETA: 33s - loss: 1.8757 - accuracy: 0.3696
 9/98 [=>............................] - ETA: 33s - loss: 1.8873 - accuracy: 0.3711
10/98 [==>...........................] - ETA: 32s - loss: 1.8846 - accuracy: 0.3730
11/98 [==>...........................] - ETA: 32s - loss: 1.8993 - accuracy: 0.3730
12/98 [==>...........................] - ETA: 32s - loss: 1.8965 - accuracy: 0.3753
13/98 [==>...........................] - ETA: 31s - loss: 1.9024 - accuracy: 0.3744
14/98 [===>..........................] - ETA: 31s - loss: 1.9021 - accuracy: 0.3789
15/98 [===>..........................] - ETA: 30s - loss: 1.8943 - accuracy: 0.3788
16/98 [===>..........................] - ETA: 30s - loss: 1.8912 - accuracy: 0.3789
17/98 [====>.........................] - ETA: 30s - loss: 1.8995 - accuracy: 0.3790
18/98 [====>.........................] - ETA: 29s - loss: 1.8992 - accuracy: 0.3792
19/98 [====>.........................] - ETA: 29s - loss: 1.8971 - accuracy: 0.3790
20/98 [=====>........................] - ETA: 29s - loss: 1.9104 - accuracy: 0.3772
21/98 [=====>........................] - ETA: 28s - loss: 1.9062 - accuracy: 0.3773
22/98 [=====>........................] - ETA: 28s - loss: 1.9092 - accuracy: 0.3775
23/98 [======>.......................] - ETA: 27s - loss: 1.9109 - accuracy: 0.3767
24/98 [======>.......................] - ETA: 27s - loss: 1.9051 - accuracy: 0.3788
25/98 [======>.......................] - ETA: 27s - loss: 1.9092 - accuracy: 0.3787
26/98 [======>.......................] - ETA: 26s - loss: 1.9032 - accuracy: 0.3806
27/98 [=======>......................] - ETA: 26s - loss: 1.9023 - accuracy: 0.3824
28/98 [=======>......................] - ETA: 26s - loss: 1.9011 - accuracy: 0.3825
29/98 [=======>......................] - ETA: 25s - loss: 1.8998 - accuracy: 0.3829
30/98 [========>.....................] - ETA: 25s - loss: 1.9040 - accuracy: 0.3824
31/98 [========>.....................] - ETA: 24s - loss: 1.9053 - accuracy: 0.3827
32/98 [========>.....................] - ETA: 24s - loss: 1.9035 - accuracy: 0.3836
33/98 [=========>....................] - ETA: 24s - loss: 1.9097 - accuracy: 0.3836
34/98 [=========>....................] - ETA: 23s - loss: 1.9043 - accuracy: 0.3848
35/98 [=========>....................] - ETA: 23s - loss: 1.9029 - accuracy: 0.3853
36/98 [==========>...................] - ETA: 23s - loss: 1.9057 - accuracy: 0.3854
37/98 [==========>...................] - ETA: 22s - loss: 1.9021 - accuracy: 0.3862
38/98 [==========>...................] - ETA: 22s - loss: 1.9063 - accuracy: 0.3865
39/98 [==========>...................] - ETA: 22s - loss: 1.9050 - accuracy: 0.3865
40/98 [===========>..................] - ETA: 21s - loss: 1.9050 - accuracy: 0.3866
41/98 [===========>..................] - ETA: 21s - loss: 1.9038 - accuracy: 0.3878
42/98 [===========>..................] - ETA: 20s - loss: 1.9062 - accuracy: 0.3878
43/98 [============>.................] - ETA: 20s - loss: 1.9102 - accuracy: 0.3879
44/98 [============>.................] - ETA: 20s - loss: 1.9115 - accuracy: 0.3873
45/98 [============>.................] - ETA: 19s - loss: 1.9155 - accuracy: 0.3866
46/98 [=============>................] - ETA: 19s - loss: 1.9162 - accuracy: 0.3868
47/98 [=============>................] - ETA: 19s - loss: 1.9186 - accuracy: 0.3868
48/98 [=============>................] - ETA: 18s - loss: 1.9236 - accuracy: 0.3863
49/98 [==============>...............] - ETA: 18s - loss: 1.9256 - accuracy: 0.3860
50/98 [==============>...............] - ETA: 17s - loss: 1.9303 - accuracy: 0.3857
51/98 [==============>...............] - ETA: 17s - loss: 1.9297 - accuracy: 0.3860
52/98 [==============>...............] - ETA: 17s - loss: 1.9324 - accuracy: 0.3865
53/98 [===============>..............] - ETA: 16s - loss: 1.9395 - accuracy: 0.3854
54/98 [===============>..............] - ETA: 16s - loss: 1.9399 - accuracy: 0.3853
55/98 [===============>..............] - ETA: 16s - loss: 1.9429 - accuracy: 0.3849
56/98 [================>.............] - ETA: 15s - loss: 1.9430 - accuracy: 0.3847
57/98 [================>.............] - ETA: 15s - loss: 1.9432 - accuracy: 0.3851
58/98 [================>.............] - ETA: 14s - loss: 1.9405 - accuracy: 0.3850
59/98 [=================>............] - ETA: 14s - loss: 1.9403 - accuracy: 0.3848
60/98 [=================>............] - ETA: 14s - loss: 1.9376 - accuracy: 0.3853
61/98 [=================>............] - ETA: 13s - loss: 1.9379 - accuracy: 0.3851
62/98 [=================>............] - ETA: 13s - loss: 1.9385 - accuracy: 0.3855
63/98 [==================>...........] - ETA: 13s - loss: 1.9426 - accuracy: 0.3852
64/98 [==================>...........] - ETA: 12s - loss: 1.9428 - accuracy: 0.3853
65/98 [==================>...........] - ETA: 12s - loss: 1.9412 - accuracy: 0.3854
66/98 [===================>..........] - ETA: 11s - loss: 1.9389 - accuracy: 0.3854
67/98 [===================>..........] - ETA: 11s - loss: 1.9360 - accuracy: 0.3858
68/98 [===================>..........] - ETA: 11s - loss: 1.9349 - accuracy: 0.3856
69/98 [====================>.........] - ETA: 10s - loss: 1.9344 - accuracy: 0.3863
70/98 [====================>.........] - ETA: 10s - loss: 1.9315 - accuracy: 0.3870
71/98 [====================>.........] - ETA: 10s - loss: 1.9356 - accuracy: 0.3876
72/98 [=====================>........] - ETA: 9s - loss: 1.9350 - accuracy: 0.3879 
73/98 [=====================>........] - ETA: 9s - loss: 1.9378 - accuracy: 0.3878
74/98 [=====================>........] - ETA: 8s - loss: 1.9399 - accuracy: 0.3875
75/98 [=====================>........] - ETA: 8s - loss: 1.9383 - accuracy: 0.3878
76/98 [======================>.......] - ETA: 8s - loss: 1.9399 - accuracy: 0.3872
77/98 [======================>.......] - ETA: 7s - loss: 1.9402 - accuracy: 0.3864
78/98 [======================>.......] - ETA: 7s - loss: 1.9422 - accuracy: 0.3862
79/98 [=======================>......] - ETA: 7s - loss: 1.9445 - accuracy: 0.3854
80/98 [=======================>......] - ETA: 6s - loss: 1.9485 - accuracy: 0.3841
81/98 [=======================>......] - ETA: 6s - loss: 1.9605 - accuracy: 0.3830
82/98 [========================>.....] - ETA: 5s - loss: 1.9861 - accuracy: 0.3812
83/98 [========================>.....] - ETA: 5s - loss: 1.9924 - accuracy: 0.3806
84/98 [========================>.....] - ETA: 5s - loss: 2.0044 - accuracy: 0.3783
85/98 [=========================>....] - ETA: 4s - loss: 2.0096 - accuracy: 0.3777
86/98 [=========================>....] - ETA: 4s - loss: 2.0171 - accuracy: 0.3772
87/98 [=========================>....] - ETA: 4s - loss: 2.0246 - accuracy: 0.3767
88/98 [=========================>....] - ETA: 3s - loss: 2.0329 - accuracy: 0.3758
89/98 [==========================>...] - ETA: 3s - loss: 2.0354 - accuracy: 0.3757
90/98 [==========================>...] - ETA: 2s - loss: 2.0364 - accuracy: 0.3759
91/98 [==========================>...] - ETA: 2s - loss: 2.0452 - accuracy: 0.3756
92/98 [===========================>..] - ETA: 2s - loss: 2.0542 - accuracy: 0.3747
93/98 [===========================>..] - ETA: 1s - loss: 2.0584 - accuracy: 0.3739
94/98 [===========================>..] - ETA: 1s - loss: 2.0613 - accuracy: 0.3729
95/98 [============================>.] - ETA: 1s - loss: 2.0617 - accuracy: 0.3726
96/98 [============================>.] - ETA: 0s - loss: 2.0644 - accuracy: 0.3716
97/98 [============================>.] - ETA: 0s - loss: 2.0678 - accuracy: 0.3708
98/98 [==============================] - ETA: 0s - loss: 2.0685 - accuracy: 0.3699
98/98 [==============================] - 41s 415ms/step - loss: 2.0685 - accuracy: 0.3699 - val_loss: 1.9935 - val_accuracy: 0.3537
Epoch 5/145

 1/98 [..............................] - ETA: 37s - loss: 1.9173 - accuracy: 0.3398
 2/98 [..............................] - ETA: 36s - loss: 1.9641 - accuracy: 0.3418
 3/98 [..............................] - ETA: 34s - loss: 1.9632 - accuracy: 0.3451
 4/98 [>.............................] - ETA: 34s - loss: 1.9601 - accuracy: 0.3506
 5/98 [>.............................] - ETA: 34s - loss: 1.9616 - accuracy: 0.3488
 6/98 [>.............................] - ETA: 34s - loss: 1.9485 - accuracy: 0.3529
 7/98 [=>............................] - ETA: 33s - loss: 1.9505 - accuracy: 0.3619
 8/98 [=>............................] - ETA: 33s - loss: 1.9614 - accuracy: 0.3623
 9/98 [=>............................] - ETA: 33s - loss: 1.9613 - accuracy: 0.3626
10/98 [==>...........................] - ETA: 32s - loss: 1.9699 - accuracy: 0.3658
11/98 [==>...........................] - ETA: 32s - loss: 1.9558 - accuracy: 0.3633
12/98 [==>...........................] - ETA: 32s - loss: 1.9430 - accuracy: 0.3654
13/98 [==>...........................] - ETA: 31s - loss: 1.9262 - accuracy: 0.3660
14/98 [===>..........................] - ETA: 31s - loss: 1.9204 - accuracy: 0.3662
15/98 [===>..........................] - ETA: 30s - loss: 1.9107 - accuracy: 0.3685
16/98 [===>..........................] - ETA: 30s - loss: 1.9098 - accuracy: 0.3695
17/98 [====>.........................] - ETA: 30s - loss: 1.9113 - accuracy: 0.3702
18/98 [====>.........................] - ETA: 29s - loss: 1.9091 - accuracy: 0.3717
19/98 [====>.........................] - ETA: 29s - loss: 1.8990 - accuracy: 0.3733
20/98 [=====>........................] - ETA: 29s - loss: 1.8947 - accuracy: 0.3761
21/98 [=====>........................] - ETA: 28s - loss: 1.8960 - accuracy: 0.3770
22/98 [=====>........................] - ETA: 28s - loss: 1.8880 - accuracy: 0.3775
23/98 [======>.......................] - ETA: 27s - loss: 1.8847 - accuracy: 0.3775
24/98 [======>.......................] - ETA: 27s - loss: 1.8781 - accuracy: 0.3766
25/98 [======>.......................] - ETA: 27s - loss: 1.8730 - accuracy: 0.3776
26/98 [======>.......................] - ETA: 26s - loss: 1.8662 - accuracy: 0.3791
27/98 [=======>......................] - ETA: 26s - loss: 1.8637 - accuracy: 0.3809
28/98 [=======>......................] - ETA: 25s - loss: 1.8622 - accuracy: 0.3811
29/98 [=======>......................] - ETA: 25s - loss: 1.8565 - accuracy: 0.3820
30/98 [========>.....................] - ETA: 25s - loss: 1.8535 - accuracy: 0.3832
31/98 [========>.....................] - ETA: 24s - loss: 1.8552 - accuracy: 0.3839
32/98 [========>.....................] - ETA: 24s - loss: 1.8526 - accuracy: 0.3834
33/98 [=========>....................] - ETA: 23s - loss: 1.8509 - accuracy: 0.3836
34/98 [=========>....................] - ETA: 23s - loss: 1.8446 - accuracy: 0.3839
35/98 [=========>....................] - ETA: 23s - loss: 1.8405 - accuracy: 0.3866
36/98 [==========>...................] - ETA: 22s - loss: 1.8392 - accuracy: 0.3869
37/98 [==========>...................] - ETA: 22s - loss: 1.8352 - accuracy: 0.3882
