2024-06-25 21:06:53.383492: I tensorflow/core/platform/cpu_feature_guard.cc:193] This TensorFlow binary is optimized with oneAPI Deep Neural Network Library (oneDNN) to use the following CPU instructions in performance-critical operations:  AVX AVX2
To enable them in other operations, rebuild TensorFlow with the appropriate compiler flags.
2024-06-25 21:06:54.812636: I tensorflow/core/common_runtime/gpu/gpu_device.cc:1616] Created device /job:localhost/replica:0/task:0/device:GPU:0 with 6656 MB memory:  -> device: 0, name: NVIDIA GeForce RTX 4060 Ti, pci bus id: 0000:01:00.0, compute capability: 8.9
1 Physical GPUs, 1 Logical GPUs
Model: "sequential"
_________________________________________________________________
 Layer (type)                Output Shape              Param #   
=================================================================
 conv2d (Conv2D)             (None, 32, 32, 32)        896       
                                                                 
 max_pooling2d (MaxPooling2D  (None, 16, 16, 32)       0         
 )                                                               
                                                                 
 batch_normalization (BatchN  (None, 16, 16, 32)       128       
 ormalization)                                                   
                                                                 
 conv2d_1 (Conv2D)           (None, 16, 16, 256)       401664    
                                                                 
 conv2d_2 (Conv2D)           (None, 16, 16, 256)       3211520   
                                                                 
 max_pooling2d_1 (MaxPooling  (None, 8, 8, 256)        0         
 2D)                                                             
                                                                 
 batch_normalization_1 (Batc  (None, 8, 8, 256)        1024      
 hNormalization)                                                 
                                                                 
 dropout (Dropout)           (None, 8, 8, 256)         0         
                                                                 
 flatten (Flatten)           (None, 16384)             0         
                                                                 
 dense (Dense)               (None, 10)                163850    
                                                                 
=================================================================
Total params: 3,779,082
Trainable params: 3,778,506
Non-trainable params: 576
_________________________________________________________________
Taxa de aprendizado:  0.1 Num de épocas:  145 Tamanho do lote:  512 Dropout:  0.34134
Epoch 1/145
2024-06-25 21:06:57.225298: I tensorflow/stream_executor/cuda/cuda_dnn.cc:384] Loaded cuDNN version 8100
2024-06-25 21:06:59.248302: W tensorflow/stream_executor/gpu/redzone_allocator.cc:314] INTERNAL: ptxas exited with non-zero error code -1, output: 
Relying on driver to perform ptx compilation. 
Modify $PATH to customize ptxas location.
This message will be only logged once.
2024-06-25 21:07:02.927819: I tensorflow/stream_executor/cuda/cuda_blas.cc:1614] TensorFloat-32 will be used for the matrix multiplication. This will only be logged once.

 1/98 [..............................] - ETA: 51:04 - loss: 3.2554 - accuracy: 0.0898
 2/98 [..............................] - ETA: 35s - loss: 65.3525 - accuracy: 0.1035 
 3/98 [..............................] - ETA: 34s - loss: 130.4580 - accuracy: 0.1094
 4/98 [>.............................] - ETA: 34s - loss: 168.7088 - accuracy: 0.1191
 5/98 [>.............................] - ETA: 34s - loss: 187.3961 - accuracy: 0.1156
 6/98 [>.............................] - ETA: 34s - loss: 200.1045 - accuracy: 0.1227
 7/98 [=>............................] - ETA: 33s - loss: 206.6174 - accuracy: 0.1214
 8/98 [=>............................] - ETA: 33s - loss: 204.7686 - accuracy: 0.1292
 9/98 [=>............................] - ETA: 33s - loss: 203.0938 - accuracy: 0.1354
10/98 [==>...........................] - ETA: 32s - loss: 199.8997 - accuracy: 0.1383
11/98 [==>...........................] - ETA: 32s - loss: 192.3255 - accuracy: 0.1412
12/98 [==>...........................] - ETA: 32s - loss: 185.1640 - accuracy: 0.1445
13/98 [==>...........................] - ETA: 31s - loss: 178.0860 - accuracy: 0.1480
14/98 [===>..........................] - ETA: 31s - loss: 171.0865 - accuracy: 0.1493
15/98 [===>..........................] - ETA: 31s - loss: 164.0859 - accuracy: 0.1512
16/98 [===>..........................] - ETA: 30s - loss: 156.8754 - accuracy: 0.1531
17/98 [====>.........................] - ETA: 30s - loss: 150.8229 - accuracy: 0.1535
18/98 [====>.........................] - ETA: 29s - loss: 144.6862 - accuracy: 0.1543
19/98 [====>.........................] - ETA: 29s - loss: 140.3007 - accuracy: 0.1522
20/98 [=====>........................] - ETA: 29s - loss: 135.4046 - accuracy: 0.1499
21/98 [=====>........................] - ETA: 28s - loss: 131.2298 - accuracy: 0.1497
22/98 [=====>........................] - ETA: 28s - loss: 127.1590 - accuracy: 0.1503
23/98 [======>.......................] - ETA: 28s - loss: 123.2014 - accuracy: 0.1492
24/98 [======>.......................] - ETA: 27s - loss: 119.4617 - accuracy: 0.1493
25/98 [======>.......................] - ETA: 27s - loss: 116.0934 - accuracy: 0.1497
26/98 [======>.......................] - ETA: 26s - loss: 112.7973 - accuracy: 0.1508
27/98 [=======>......................] - ETA: 26s - loss: 110.3092 - accuracy: 0.1490
28/98 [=======>......................] - ETA: 26s - loss: 107.5674 - accuracy: 0.1498
29/98 [=======>......................] - ETA: 25s - loss: 104.9081 - accuracy: 0.1521
30/98 [========>.....................] - ETA: 25s - loss: 102.3928 - accuracy: 0.1536
31/98 [========>.....................] - ETA: 25s - loss: 100.0136 - accuracy: 0.1548
32/98 [========>.....................] - ETA: 24s - loss: 97.8682 - accuracy: 0.1567 
33/98 [=========>....................] - ETA: 24s - loss: 95.6675 - accuracy: 0.1577
34/98 [=========>....................] - ETA: 23s - loss: 93.5478 - accuracy: 0.1592
35/98 [=========>....................] - ETA: 23s - loss: 91.4162 - accuracy: 0.1604
36/98 [==========>...................] - ETA: 23s - loss: 89.3121 - accuracy: 0.1619
37/98 [==========>...................] - ETA: 22s - loss: 87.3863 - accuracy: 0.1629
38/98 [==========>...................] - ETA: 22s - loss: 85.5180 - accuracy: 0.1641
39/98 [==========>...................] - ETA: 22s - loss: 83.6920 - accuracy: 0.1655
40/98 [===========>..................] - ETA: 21s - loss: 81.8965 - accuracy: 0.1669
41/98 [===========>..................] - ETA: 21s - loss: 80.1526 - accuracy: 0.1683
42/98 [===========>..................] - ETA: 20s - loss: 78.5519 - accuracy: 0.1691
43/98 [============>.................] - ETA: 20s - loss: 77.0076 - accuracy: 0.1696
44/98 [============>.................] - ETA: 20s - loss: 75.5063 - accuracy: 0.1696
45/98 [============>.................] - ETA: 19s - loss: 74.0306 - accuracy: 0.1708
46/98 [=============>................] - ETA: 19s - loss: 72.6216 - accuracy: 0.1726
47/98 [=============>................] - ETA: 19s - loss: 71.2492 - accuracy: 0.1740
48/98 [=============>................] - ETA: 35s - loss: 70.4561 - accuracy: 0.1733
49/98 [==============>...............] - ETA: 34s - loss: 69.3601 - accuracy: 0.1718
50/98 [==============>...............] - ETA: 33s - loss: 68.2043 - accuracy: 0.1726
51/98 [==============>...............] - ETA: 32s - loss: 67.1545 - accuracy: 0.1725
52/98 [==============>...............] - ETA: 31s - loss: 66.1387 - accuracy: 0.1731
53/98 [===============>..............] - ETA: 30s - loss: 65.1406 - accuracy: 0.1747
54/98 [===============>..............] - ETA: 29s - loss: 64.2039 - accuracy: 0.1753
55/98 [===============>..............] - ETA: 28s - loss: 63.2121 - accuracy: 0.1762
56/98 [================>.............] - ETA: 28s - loss: 62.2839 - accuracy: 0.1774
57/98 [================>.............] - ETA: 27s - loss: 61.3217 - accuracy: 0.1793
58/98 [================>.............] - ETA: 26s - loss: 60.4421 - accuracy: 0.1806
59/98 [=================>............] - ETA: 25s - loss: 59.5803 - accuracy: 0.1813
60/98 [=================>............] - ETA: 24s - loss: 58.7310 - accuracy: 0.1818
61/98 [=================>............] - ETA: 23s - loss: 57.8932 - accuracy: 0.1824
62/98 [=================>............] - ETA: 22s - loss: 57.1310 - accuracy: 0.1815
63/98 [==================>...........] - ETA: 22s - loss: 56.3733 - accuracy: 0.1815
64/98 [==================>...........] - ETA: 21s - loss: 55.6445 - accuracy: 0.1821
65/98 [==================>...........] - ETA: 20s - loss: 54.9591 - accuracy: 0.1819
66/98 [===================>..........] - ETA: 19s - loss: 54.2874 - accuracy: 0.1818
67/98 [===================>..........] - ETA: 19s - loss: 53.6031 - accuracy: 0.1828
68/98 [===================>..........] - ETA: 18s - loss: 52.9363 - accuracy: 0.1835
69/98 [====================>.........] - ETA: 17s - loss: 52.2935 - accuracy: 0.1841
70/98 [====================>.........] - ETA: 17s - loss: 51.6731 - accuracy: 0.1849
71/98 [====================>.........] - ETA: 16s - loss: 51.0801 - accuracy: 0.1856
72/98 [=====================>........] - ETA: 15s - loss: 50.4803 - accuracy: 0.1862
73/98 [=====================>........] - ETA: 14s - loss: 49.8591 - accuracy: 0.1871
74/98 [=====================>........] - ETA: 14s - loss: 49.2811 - accuracy: 0.1876
75/98 [=====================>........] - ETA: 13s - loss: 48.7206 - accuracy: 0.1880
76/98 [======================>.......] - ETA: 12s - loss: 48.1608 - accuracy: 0.1883
77/98 [======================>.......] - ETA: 12s - loss: 47.6031 - accuracy: 0.1885
78/98 [======================>.......] - ETA: 11s - loss: 47.0764 - accuracy: 0.1888
79/98 [=======================>......] - ETA: 11s - loss: 46.5488 - accuracy: 0.1892
80/98 [=======================>......] - ETA: 10s - loss: 46.0343 - accuracy: 0.1896
81/98 [=======================>......] - ETA: 9s - loss: 45.5118 - accuracy: 0.1905 
82/98 [========================>.....] - ETA: 9s - loss: 45.0027 - accuracy: 0.1911
83/98 [========================>.....] - ETA: 8s - loss: 44.5110 - accuracy: 0.1917
84/98 [========================>.....] - ETA: 7s - loss: 44.0303 - accuracy: 0.1917
85/98 [=========================>....] - ETA: 7s - loss: 43.5566 - accuracy: 0.1918
86/98 [=========================>....] - ETA: 6s - loss: 43.0847 - accuracy: 0.1924
87/98 [=========================>....] - ETA: 6s - loss: 42.6442 - accuracy: 0.1917
88/98 [=========================>....] - ETA: 5s - loss: 42.2661 - accuracy: 0.1912
89/98 [==========================>...] - ETA: 5s - loss: 41.9196 - accuracy: 0.1914
90/98 [==========================>...] - ETA: 4s - loss: 41.6072 - accuracy: 0.1914
91/98 [==========================>...] - ETA: 3s - loss: 41.2632 - accuracy: 0.1917
92/98 [===========================>..] - ETA: 3s - loss: 40.9353 - accuracy: 0.1916
93/98 [===========================>..] - ETA: 2s - loss: 40.5869 - accuracy: 0.1925
94/98 [===========================>..] - ETA: 2s - loss: 40.2415 - accuracy: 0.1932
95/98 [============================>.] - ETA: 1s - loss: 39.8921 - accuracy: 0.1943
96/98 [============================>.] - ETA: 1s - loss: 39.5611 - accuracy: 0.1946
97/98 [============================>.] - ETA: 0s - loss: 39.2066 - accuracy: 0.1955
98/98 [==============================] - ETA: 0s - loss: 38.8728 - accuracy: 0.1959
98/98 [==============================] - 89s 593ms/step - loss: 38.8728 - accuracy: 0.1959 - val_loss: 14.2820 - val_accuracy: 0.1822
Epoch 2/145

 1/98 [..............................] - ETA: 37s - loss: 6.2724 - accuracy: 0.2344
 2/98 [..............................] - ETA: 34s - loss: 5.6937 - accuracy: 0.2412
 3/98 [..............................] - ETA: 34s - loss: 5.3183 - accuracy: 0.2507
 4/98 [>.............................] - ETA: 34s - loss: 5.1684 - accuracy: 0.2441
 5/98 [>.............................] - ETA: 34s - loss: 5.1022 - accuracy: 0.2375
 6/98 [>.............................] - ETA: 34s - loss: 4.9414 - accuracy: 0.2376
 7/98 [=>............................] - ETA: 33s - loss: 4.7283 - accuracy: 0.2419
 8/98 [=>............................] - ETA: 33s - loss: 4.5801 - accuracy: 0.2422
 9/98 [=>............................] - ETA: 33s - loss: 4.4370 - accuracy: 0.2448
10/98 [==>...........................] - ETA: 32s - loss: 4.3551 - accuracy: 0.2479
11/98 [==>...........................] - ETA: 32s - loss: 4.3032 - accuracy: 0.2443
12/98 [==>...........................] - ETA: 32s - loss: 4.2092 - accuracy: 0.2495
13/98 [==>...........................] - ETA: 31s - loss: 4.1101 - accuracy: 0.2527
14/98 [===>..........................] - ETA: 31s - loss: 4.0272 - accuracy: 0.2527
15/98 [===>..........................] - ETA: 30s - loss: 3.9375 - accuracy: 0.2523
16/98 [===>..........................] - ETA: 30s - loss: 3.8564 - accuracy: 0.2549
17/98 [====>.........................] - ETA: 30s - loss: 3.8211 - accuracy: 0.2572
18/98 [====>.........................] - ETA: 29s - loss: 3.7653 - accuracy: 0.2565
19/98 [====>.........................] - ETA: 29s - loss: 3.7026 - accuracy: 0.2564
20/98 [=====>........................] - ETA: 29s - loss: 3.6469 - accuracy: 0.2565
21/98 [=====>........................] - ETA: 28s - loss: 3.5855 - accuracy: 0.2578
22/98 [=====>........................] - ETA: 28s - loss: 3.5386 - accuracy: 0.2575
23/98 [======>.......................] - ETA: 27s - loss: 3.4892 - accuracy: 0.2598
24/98 [======>.......................] - ETA: 27s - loss: 3.4387 - accuracy: 0.2632
25/98 [======>.......................] - ETA: 27s - loss: 3.3879 - accuracy: 0.2647
26/98 [======>.......................] - ETA: 26s - loss: 3.3545 - accuracy: 0.2663
27/98 [=======>......................] - ETA: 26s - loss: 3.3197 - accuracy: 0.2678
28/98 [=======>......................] - ETA: 26s - loss: 3.2795 - accuracy: 0.2711
29/98 [=======>......................] - ETA: 25s - loss: 3.2373 - accuracy: 0.2726
30/98 [========>.....................] - ETA: 25s - loss: 3.2024 - accuracy: 0.2746
31/98 [========>.....................] - ETA: 25s - loss: 3.1696 - accuracy: 0.2762
32/98 [========>.....................] - ETA: 24s - loss: 3.1331 - accuracy: 0.2783
33/98 [=========>....................] - ETA: 24s - loss: 3.1046 - accuracy: 0.2798
34/98 [=========>....................] - ETA: 23s - loss: 3.0727 - accuracy: 0.2802
35/98 [=========>....................] - ETA: 23s - loss: 3.0432 - accuracy: 0.2823
36/98 [==========>...................] - ETA: 23s - loss: 3.0105 - accuracy: 0.2845
37/98 [==========>...................] - ETA: 22s - loss: 2.9865 - accuracy: 0.2846
38/98 [==========>...................] - ETA: 22s - loss: 2.9624 - accuracy: 0.2856
39/98 [==========>...................] - ETA: 22s - loss: 2.9389 - accuracy: 0.2864
40/98 [===========>..................] - ETA: 21s - loss: 2.9168 - accuracy: 0.2866
41/98 [===========>..................] - ETA: 21s - loss: 2.8954 - accuracy: 0.2874
42/98 [===========>..................] - ETA: 20s - loss: 2.8738 - accuracy: 0.2884
43/98 [============>.................] - ETA: 20s - loss: 2.8529 - accuracy: 0.2887
44/98 [============>.................] - ETA: 20s - loss: 2.8326 - accuracy: 0.2890
45/98 [============>.................] - ETA: 19s - loss: 2.8166 - accuracy: 0.2889
46/98 [=============>................] - ETA: 19s - loss: 2.8004 - accuracy: 0.2885
47/98 [=============>................] - ETA: 19s - loss: 2.7835 - accuracy: 0.2883
48/98 [=============>................] - ETA: 18s - loss: 2.7667 - accuracy: 0.2883
49/98 [==============>...............] - ETA: 18s - loss: 2.7540 - accuracy: 0.2883
50/98 [==============>...............] - ETA: 17s - loss: 2.7410 - accuracy: 0.2883
51/98 [==============>...............] - ETA: 17s - loss: 2.7296 - accuracy: 0.2879
52/98 [==============>...............] - ETA: 17s - loss: 2.7188 - accuracy: 0.2874
53/98 [===============>..............] - ETA: 16s - loss: 2.7097 - accuracy: 0.2879
54/98 [===============>..............] - ETA: 16s - loss: 2.6958 - accuracy: 0.2894
55/98 [===============>..............] - ETA: 15s - loss: 2.6854 - accuracy: 0.2892
56/98 [================>.............] - ETA: 15s - loss: 2.6742 - accuracy: 0.2892
57/98 [================>.............] - ETA: 15s - loss: 2.6639 - accuracy: 0.2892
58/98 [================>.............] - ETA: 14s - loss: 2.6540 - accuracy: 0.2893
59/98 [=================>............] - ETA: 14s - loss: 2.6449 - accuracy: 0.2888
60/98 [=================>............] - ETA: 14s - loss: 2.6339 - accuracy: 0.2895
61/98 [=================>............] - ETA: 13s - loss: 2.6270 - accuracy: 0.2887
62/98 [=================>............] - ETA: 13s - loss: 2.6198 - accuracy: 0.2883
63/98 [==================>...........] - ETA: 13s - loss: 2.6121 - accuracy: 0.2879
64/98 [==================>...........] - ETA: 12s - loss: 2.6065 - accuracy: 0.2874
65/98 [==================>...........] - ETA: 12s - loss: 2.5984 - accuracy: 0.2871
66/98 [===================>..........] - ETA: 11s - loss: 2.5907 - accuracy: 0.2872
67/98 [===================>..........] - ETA: 11s - loss: 2.5843 - accuracy: 0.2874
68/98 [===================>..........] - ETA: 11s - loss: 2.5779 - accuracy: 0.2880
69/98 [====================>.........] - ETA: 10s - loss: 2.5707 - accuracy: 0.2876
70/98 [====================>.........] - ETA: 10s - loss: 2.5630 - accuracy: 0.2874
71/98 [====================>.........] - ETA: 10s - loss: 2.5568 - accuracy: 0.2874
72/98 [=====================>........] - ETA: 9s - loss: 2.5501 - accuracy: 0.2875 
73/98 [=====================>........] - ETA: 9s - loss: 2.5415 - accuracy: 0.2882
74/98 [=====================>........] - ETA: 8s - loss: 2.5338 - accuracy: 0.2884
75/98 [=====================>........] - ETA: 8s - loss: 2.5286 - accuracy: 0.2882
76/98 [======================>.......] - ETA: 8s - loss: 2.5225 - accuracy: 0.2881
77/98 [======================>.......] - ETA: 7s - loss: 2.5153 - accuracy: 0.2884
78/98 [======================>.......] - ETA: 7s - loss: 2.5069 - accuracy: 0.2892
79/98 [=======================>......] - ETA: 7s - loss: 2.5015 - accuracy: 0.2892
80/98 [=======================>......] - ETA: 6s - loss: 2.4934 - accuracy: 0.2900
81/98 [=======================>......] - ETA: 6s - loss: 2.4876 - accuracy: 0.2901
82/98 [========================>.....] - ETA: 5s - loss: 2.4809 - accuracy: 0.2908
83/98 [========================>.....] - ETA: 5s - loss: 2.4741 - accuracy: 0.2914
84/98 [========================>.....] - ETA: 5s - loss: 2.4681 - accuracy: 0.2919
85/98 [=========================>....] - ETA: 4s - loss: 2.4598 - accuracy: 0.2927
86/98 [=========================>....] - ETA: 4s - loss: 2.4524 - accuracy: 0.2930
87/98 [=========================>....] - ETA: 4s - loss: 2.4469 - accuracy: 0.2931
88/98 [=========================>....] - ETA: 3s - loss: 2.4397 - accuracy: 0.2940
89/98 [==========================>...] - ETA: 3s - loss: 2.4335 - accuracy: 0.2946
90/98 [==========================>...] - ETA: 2s - loss: 2.4280 - accuracy: 0.2952
91/98 [==========================>...] - ETA: 2s - loss: 2.4212 - accuracy: 0.2957
92/98 [===========================>..] - ETA: 2s - loss: 2.4162 - accuracy: 0.2958
93/98 [===========================>..] - ETA: 1s - loss: 2.4106 - accuracy: 0.2964
94/98 [===========================>..] - ETA: 1s - loss: 2.4057 - accuracy: 0.2970
95/98 [============================>.] - ETA: 1s - loss: 2.3998 - accuracy: 0.2974
96/98 [============================>.] - ETA: 0s - loss: 2.3933 - accuracy: 0.2980
97/98 [============================>.] - ETA: 0s - loss: 2.3888 - accuracy: 0.2981
98/98 [==============================] - ETA: 0s - loss: 2.3826 - accuracy: 0.2990
98/98 [==============================] - 40s 411ms/step - loss: 2.3826 - accuracy: 0.2990 - val_loss: 1.8667 - val_accuracy: 0.3529
Epoch 3/145

 1/98 [..............................] - ETA: 37s - loss: 2.0052 - accuracy: 0.3105
 2/98 [..............................] - ETA: 36s - loss: 1.9233 - accuracy: 0.3213
 3/98 [..............................] - ETA: 34s - loss: 1.9371 - accuracy: 0.3281
 4/98 [>.............................] - ETA: 34s - loss: 1.9680 - accuracy: 0.3223
 5/98 [>.............................] - ETA: 34s - loss: 1.9609 - accuracy: 0.3281
 6/98 [>.............................] - ETA: 34s - loss: 1.9939 - accuracy: 0.3249
 7/98 [=>............................] - ETA: 33s - loss: 1.9871 - accuracy: 0.3290
 8/98 [=>............................] - ETA: 33s - loss: 1.9747 - accuracy: 0.3345
 9/98 [=>............................] - ETA: 33s - loss: 1.9672 - accuracy: 0.3331
10/98 [==>...........................] - ETA: 32s - loss: 1.9498 - accuracy: 0.3346
11/98 [==>...........................] - ETA: 32s - loss: 1.9534 - accuracy: 0.3375
12/98 [==>...........................] - ETA: 32s - loss: 1.9368 - accuracy: 0.3420
13/98 [==>...........................] - ETA: 31s - loss: 1.9327 - accuracy: 0.3444
14/98 [===>..........................] - ETA: 31s - loss: 1.9217 - accuracy: 0.3463
15/98 [===>..........................] - ETA: 30s - loss: 1.9185 - accuracy: 0.3473
16/98 [===>..........................] - ETA: 30s - loss: 1.9147 - accuracy: 0.3480
17/98 [====>.........................] - ETA: 30s - loss: 1.9098 - accuracy: 0.3471
18/98 [====>.........................] - ETA: 29s - loss: 1.9063 - accuracy: 0.3479
19/98 [====>.........................] - ETA: 28s - loss: 1.9022 - accuracy: 0.3483
20/98 [=====>........................] - ETA: 28s - loss: 1.9010 - accuracy: 0.3520
21/98 [=====>........................] - ETA: 28s - loss: 1.8953 - accuracy: 0.3516
22/98 [=====>........................] - ETA: 27s - loss: 1.8890 - accuracy: 0.3510
23/98 [======>.......................] - ETA: 27s - loss: 1.8922 - accuracy: 0.3487
24/98 [======>.......................] - ETA: 27s - loss: 1.8870 - accuracy: 0.3489
25/98 [======>.......................] - ETA: 26s - loss: 1.8828 - accuracy: 0.3483
26/98 [======>.......................] - ETA: 26s - loss: 1.8814 - accuracy: 0.3493
27/98 [=======>......................] - ETA: 26s - loss: 1.8766 - accuracy: 0.3509
28/98 [=======>......................] - ETA: 25s - loss: 1.8714 - accuracy: 0.3516
29/98 [=======>......................] - ETA: 25s - loss: 1.8687 - accuracy: 0.3520
30/98 [========>.....................] - ETA: 25s - loss: 1.8647 - accuracy: 0.3531
31/98 [========>.....................] - ETA: 24s - loss: 1.8633 - accuracy: 0.3537
32/98 [========>.....................] - ETA: 24s - loss: 1.8581 - accuracy: 0.3554
33/98 [=========>....................] - ETA: 23s - loss: 1.8568 - accuracy: 0.3547
34/98 [=========>....................] - ETA: 23s - loss: 1.8537 - accuracy: 0.3552
35/98 [=========>....................] - ETA: 23s - loss: 1.8541 - accuracy: 0.3564
36/98 [==========>...................] - ETA: 22s - loss: 1.8538 - accuracy: 0.3569
37/98 [==========>...................] - ETA: 22s - loss: 1.8508 - accuracy: 0.3578
38/98 [==========>...................] - ETA: 22s - loss: 1.8480 - accuracy: 0.3576
39/98 [==========>...................] - ETA: 21s - loss: 1.8455 - accuracy: 0.3580
40/98 [===========>..................] - ETA: 21s - loss: 1.8441 - accuracy: 0.3584
41/98 [===========>..................] - ETA: 21s - loss: 1.8462 - accuracy: 0.3581
42/98 [===========>..................] - ETA: 20s - loss: 1.8464 - accuracy: 0.3586
43/98 [============>.................] - ETA: 20s - loss: 1.8457 - accuracy: 0.3583
44/98 [============>.................] - ETA: 19s - loss: 1.8429 - accuracy: 0.3600
45/98 [============>.................] - ETA: 19s - loss: 1.8436 - accuracy: 0.3596
46/98 [=============>................] - ETA: 19s - loss: 1.8472 - accuracy: 0.3593
47/98 [=============>................] - ETA: 18s - loss: 1.8483 - accuracy: 0.3590
48/98 [=============>................] - ETA: 18s - loss: 1.8475 - accuracy: 0.3599
49/98 [==============>...............] - ETA: 18s - loss: 1.8471 - accuracy: 0.3597
50/98 [==============>...............] - ETA: 17s - loss: 1.8463 - accuracy: 0.3596
51/98 [==============>...............] - ETA: 17s - loss: 1.8482 - accuracy: 0.3590
52/98 [==============>...............] - ETA: 17s - loss: 1.8472 - accuracy: 0.3595
53/98 [===============>..............] - ETA: 16s - loss: 1.8438 - accuracy: 0.3606
54/98 [===============>..............] - ETA: 16s - loss: 1.8429 - accuracy: 0.3605
55/98 [===============>..............] - ETA: 15s - loss: 1.8420 - accuracy: 0.3604
56/98 [================>.............] - ETA: 15s - loss: 1.8413 - accuracy: 0.3608
57/98 [================>.............] - ETA: 15s - loss: 1.8417 - accuracy: 0.3613
58/98 [================>.............] - ETA: 14s - loss: 1.8402 - accuracy: 0.3625
59/98 [=================>............] - ETA: 14s - loss: 1.8406 - accuracy: 0.3623
60/98 [=================>............] - ETA: 14s - loss: 1.8391 - accuracy: 0.3625
61/98 [=================>............] - ETA: 13s - loss: 1.8395 - accuracy: 0.3623
62/98 [=================>............] - ETA: 13s - loss: 1.8377 - accuracy: 0.3635
63/98 [==================>...........] - ETA: 12s - loss: 1.8359 - accuracy: 0.3640
64/98 [==================>...........] - ETA: 12s - loss: 1.8352 - accuracy: 0.3642
65/98 [==================>...........] - ETA: 12s - loss: 1.8335 - accuracy: 0.3643
66/98 [===================>..........] - ETA: 11s - loss: 1.8325 - accuracy: 0.3644
67/98 [===================>..........] - ETA: 11s - loss: 1.8310 - accuracy: 0.3650
68/98 [===================>..........] - ETA: 11s - loss: 1.8279 - accuracy: 0.3655
69/98 [====================>.........] - ETA: 10s - loss: 1.8275 - accuracy: 0.3656
70/98 [====================>.........] - ETA: 10s - loss: 1.8249 - accuracy: 0.3662
71/98 [====================>.........] - ETA: 9s - loss: 1.8237 - accuracy: 0.3668 
72/98 [=====================>........] - ETA: 9s - loss: 1.8216 - accuracy: 0.3674
73/98 [=====================>........] - ETA: 9s - loss: 1.8206 - accuracy: 0.3677
74/98 [=====================>........] - ETA: 8s - loss: 1.8210 - accuracy: 0.3672
75/98 [=====================>........] - ETA: 8s - loss: 1.8197 - accuracy: 0.3672
76/98 [======================>.......] - ETA: 8s - loss: 1.8204 - accuracy: 0.3672
77/98 [======================>.......] - ETA: 7s - loss: 1.8196 - accuracy: 0.3678
78/98 [======================>.......] - ETA: 7s - loss: 1.8202 - accuracy: 0.3673
79/98 [=======================>......] - ETA: 7s - loss: 1.8181 - accuracy: 0.3679
80/98 [=======================>......] - ETA: 6s - loss: 1.8162 - accuracy: 0.3682
81/98 [=======================>......] - ETA: 6s - loss: 1.8150 - accuracy: 0.3688
82/98 [========================>.....] - ETA: 5s - loss: 1.8146 - accuracy: 0.3687
83/98 [========================>.....] - ETA: 5s - loss: 1.8129 - accuracy: 0.3690
84/98 [========================>.....] - ETA: 5s - loss: 1.8120 - accuracy: 0.3689
85/98 [=========================>....] - ETA: 4s - loss: 1.8099 - accuracy: 0.3696
86/98 [=========================>....] - ETA: 4s - loss: 1.8085 - accuracy: 0.3699
87/98 [=========================>....] - ETA: 4s - loss: 1.8079 - accuracy: 0.3698
88/98 [=========================>....] - ETA: 3s - loss: 1.8072 - accuracy: 0.3698
89/98 [==========================>...] - ETA: 3s - loss: 1.8061 - accuracy: 0.3702
90/98 [==========================>...] - ETA: 2s - loss: 1.8057 - accuracy: 0.3702
91/98 [==========================>...] - ETA: 2s - loss: 1.8048 - accuracy: 0.3704
92/98 [===========================>..] - ETA: 2s - loss: 1.8039 - accuracy: 0.3709
93/98 [===========================>..] - ETA: 1s - loss: 1.8043 - accuracy: 0.3707
94/98 [===========================>..] - ETA: 1s - loss: 1.8026 - accuracy: 0.3711
95/98 [============================>.] - ETA: 1s - loss: 1.8018 - accuracy: 0.3709
96/98 [============================>.] - ETA: 0s - loss: 1.8011 - accuracy: 0.3709
97/98 [============================>.] - ETA: 0s - loss: 1.7998 - accuracy: 0.3711
98/98 [==============================] - ETA: 0s - loss: 1.7992 - accuracy: 0.3713
98/98 [==============================] - 41s 414ms/step - loss: 1.7992 - accuracy: 0.3713 - val_loss: 1.6759 - val_accuracy: 0.3933
Epoch 4/145

 1/98 [..............................] - ETA: 37s - loss: 1.7341 - accuracy: 0.3555
 2/98 [..............................] - ETA: 34s - loss: 1.6897 - accuracy: 0.3828
 3/98 [..............................] - ETA: 34s - loss: 1.7098 - accuracy: 0.3789
 4/98 [>.............................] - ETA: 34s - loss: 1.7278 - accuracy: 0.3862
 5/98 [>.............................] - ETA: 34s - loss: 1.7147 - accuracy: 0.3938
 6/98 [>.............................] - ETA: 33s - loss: 1.7498 - accuracy: 0.3867
 7/98 [=>............................] - ETA: 33s - loss: 1.7392 - accuracy: 0.3895
 8/98 [=>............................] - ETA: 33s - loss: 1.7537 - accuracy: 0.3833
 9/98 [=>............................] - ETA: 33s - loss: 1.7488 - accuracy: 0.3859
10/98 [==>...........................] - ETA: 32s - loss: 1.7511 - accuracy: 0.3857
11/98 [==>...........................] - ETA: 32s - loss: 1.7494 - accuracy: 0.3869
12/98 [==>...........................] - ETA: 31s - loss: 1.7357 - accuracy: 0.3901
13/98 [==>...........................] - ETA: 31s - loss: 1.7337 - accuracy: 0.3902
14/98 [===>..........................] - ETA: 31s - loss: 1.7328 - accuracy: 0.3896
15/98 [===>..........................] - ETA: 30s - loss: 1.7309 - accuracy: 0.3900
16/98 [===>..........................] - ETA: 30s - loss: 1.7362 - accuracy: 0.3876
17/98 [====>.........................] - ETA: 30s - loss: 1.7362 - accuracy: 0.3868
18/98 [====>.........................] - ETA: 29s - loss: 1.7292 - accuracy: 0.3877
19/98 [====>.........................] - ETA: 29s - loss: 1.7284 - accuracy: 0.3866
20/98 [=====>........................] - ETA: 28s - loss: 1.7304 - accuracy: 0.3872
21/98 [=====>........................] - ETA: 28s - loss: 1.7292 - accuracy: 0.3882
22/98 [=====>........................] - ETA: 28s - loss: 1.7330 - accuracy: 0.3888
23/98 [======>.......................] - ETA: 27s - loss: 1.7318 - accuracy: 0.3884
24/98 [======>.......................] - ETA: 27s - loss: 1.7251 - accuracy: 0.3901
25/98 [======>.......................] - ETA: 27s - loss: 1.7250 - accuracy: 0.3906
26/98 [======>.......................] - ETA: 26s - loss: 1.7307 - accuracy: 0.3891
27/98 [=======>......................] - ETA: 26s - loss: 1.7313 - accuracy: 0.3881
28/98 [=======>......................] - ETA: 25s - loss: 1.7299 - accuracy: 0.3878
29/98 [=======>......................] - ETA: 25s - loss: 1.7288 - accuracy: 0.3880
30/98 [========>.....................] - ETA: 25s - loss: 1.7273 - accuracy: 0.3890
31/98 [========>.....................] - ETA: 24s - loss: 1.7221 - accuracy: 0.3904
32/98 [========>.....................] - ETA: 24s - loss: 1.7200 - accuracy: 0.3907
33/98 [=========>....................] - ETA: 24s - loss: 1.7182 - accuracy: 0.3906
34/98 [=========>....................] - ETA: 23s - loss: 1.7189 - accuracy: 0.3909
35/98 [=========>....................] - ETA: 23s - loss: 1.7170 - accuracy: 0.3914
36/98 [==========>...................] - ETA: 23s - loss: 1.7156 - accuracy: 0.3920
37/98 [==========>...................] - ETA: 22s - loss: 1.7153 - accuracy: 0.3919
38/98 [==========>...................] - ETA: 22s - loss: 1.7133 - accuracy: 0.3919
39/98 [==========>...................] - ETA: 21s - loss: 1.7116 - accuracy: 0.3926
40/98 [===========>..................] - ETA: 21s - loss: 1.7106 - accuracy: 0.3934
41/98 [===========>..................] - ETA: 21s - loss: 1.7119 - accuracy: 0.3932
42/98 [===========>..................] - ETA: 20s - loss: 1.7090 - accuracy: 0.3947
43/98 [============>.................] - ETA: 20s - loss: 1.7086 - accuracy: 0.3959
44/98 [============>.................] - ETA: 20s - loss: 1.7074 - accuracy: 0.3958
45/98 [============>.................] - ETA: 19s - loss: 1.7081 - accuracy: 0.3945
46/98 [=============>................] - ETA: 19s - loss: 1.7083 - accuracy: 0.3944
47/98 [=============>................] - ETA: 18s - loss: 1.7076 - accuracy: 0.3944
48/98 [=============>................] - ETA: 18s - loss: 1.7078 - accuracy: 0.3948
49/98 [==============>...............] - ETA: 18s - loss: 1.7065 - accuracy: 0.3949
50/98 [==============>...............] - ETA: 17s - loss: 1.7064 - accuracy: 0.3954
51/98 [==============>...............] - ETA: 17s - loss: 1.7054 - accuracy: 0.3959
52/98 [==============>...............] - ETA: 17s - loss: 1.7056 - accuracy: 0.3957
53/98 [===============>..............] - ETA: 16s - loss: 1.7049 - accuracy: 0.3963
54/98 [===============>..............] - ETA: 16s - loss: 1.7030 - accuracy: 0.3972
55/98 [===============>..............] - ETA: 16s - loss: 1.7013 - accuracy: 0.3980
56/98 [================>.............] - ETA: 15s - loss: 1.7009 - accuracy: 0.3982
57/98 [================>.............] - ETA: 15s - loss: 1.7015 - accuracy: 0.3980
58/98 [================>.............] - ETA: 14s - loss: 1.7006 - accuracy: 0.3986
59/98 [=================>............] - ETA: 14s - loss: 1.6999 - accuracy: 0.3991
60/98 [=================>............] - ETA: 14s - loss: 1.6990 - accuracy: 0.3993
61/98 [=================>............] - ETA: 13s - loss: 1.6991 - accuracy: 0.3994
62/98 [=================>............] - ETA: 13s - loss: 1.6995 - accuracy: 0.3993
63/98 [==================>...........] - ETA: 12s - loss: 1.6988 - accuracy: 0.3996
64/98 [==================>...........] - ETA: 12s - loss: 1.6986 - accuracy: 0.3992
65/98 [==================>...........] - ETA: 12s - loss: 1.7007 - accuracy: 0.3987
66/98 [===================>..........] - ETA: 11s - loss: 1.6993 - accuracy: 0.3990
67/98 [===================>..........] - ETA: 11s - loss: 1.6993 - accuracy: 0.3990
68/98 [===================>..........] - ETA: 11s - loss: 1.6995 - accuracy: 0.3990
69/98 [====================>.........] - ETA: 10s - loss: 1.6980 - accuracy: 0.3993
70/98 [====================>.........] - ETA: 10s - loss: 1.6983 - accuracy: 0.3987
71/98 [====================>.........] - ETA: 9s - loss: 1.6962 - accuracy: 0.3994 
72/98 [=====================>........] - ETA: 9s - loss: 1.6958 - accuracy: 0.3993
73/98 [=====================>........] - ETA: 9s - loss: 1.6979 - accuracy: 0.3991
74/98 [=====================>........] - ETA: 8s - loss: 1.6973 - accuracy: 0.3993
75/98 [=====================>........] - ETA: 8s - loss: 1.6974 - accuracy: 0.3996
76/98 [======================>.......] - ETA: 8s - loss: 1.6962 - accuracy: 0.4000
77/98 [======================>.......] - ETA: 7s - loss: 1.6949 - accuracy: 0.4005
78/98 [======================>.......] - ETA: 7s - loss: 1.6943 - accuracy: 0.4003
79/98 [=======================>......] - ETA: 7s - loss: 1.6937 - accuracy: 0.4005
80/98 [=======================>......] - ETA: 6s - loss: 1.6937 - accuracy: 0.4005
81/98 [=======================>......] - ETA: 6s - loss: 1.6948 - accuracy: 0.4001
82/98 [========================>.....] - ETA: 5s - loss: 1.6939 - accuracy: 0.4005
83/98 [========================>.....] - ETA: 5s - loss: 1.6937 - accuracy: 0.4007
84/98 [========================>.....] - ETA: 5s - loss: 1.6929 - accuracy: 0.4014
85/98 [=========================>....] - ETA: 4s - loss: 1.6920 - accuracy: 0.4017
86/98 [=========================>....] - ETA: 4s - loss: 1.6914 - accuracy: 0.4020
87/98 [=========================>....] - ETA: 4s - loss: 1.6914 - accuracy: 0.4018
88/98 [=========================>....] - ETA: 3s - loss: 1.6901 - accuracy: 0.4020
89/98 [==========================>...] - ETA: 3s - loss: 1.6884 - accuracy: 0.4025
90/98 [==========================>...] - ETA: 2s - loss: 1.6882 - accuracy: 0.4031
91/98 [==========================>...] - ETA: 2s - loss: 1.6885 - accuracy: 0.4031
92/98 [===========================>..] - ETA: 2s - loss: 1.6887 - accuracy: 0.4034
93/98 [===========================>..] - ETA: 1s - loss: 1.6878 - accuracy: 0.4036
94/98 [===========================>..] - ETA: 1s - loss: 1.6874 - accuracy: 0.4035
95/98 [============================>.] - ETA: 1s - loss: 1.6863 - accuracy: 0.4040
96/98 [============================>.] - ETA: 0s - loss: 1.6862 - accuracy: 0.4041
97/98 [============================>.] - ETA: 0s - loss: 1.6855 - accuracy: 0.4044
98/98 [==============================] - ETA: 0s - loss: 1.6850 - accuracy: 0.4048
98/98 [==============================] - 41s 414ms/step - loss: 1.6850 - accuracy: 0.4048 - val_loss: 1.6562 - val_accuracy: 0.3741
Epoch 5/145

 1/98 [..............................] - ETA: 37s - loss: 1.6165 - accuracy: 0.4023
 2/98 [..............................] - ETA: 36s - loss: 1.6112 - accuracy: 0.3965
 3/98 [..............................] - ETA: 34s - loss: 1.6339 - accuracy: 0.4069
 4/98 [>.............................] - ETA: 34s - loss: 1.6327 - accuracy: 0.4126
 5/98 [>.............................] - ETA: 34s - loss: 1.6361 - accuracy: 0.4121
 6/98 [>.............................] - ETA: 34s - loss: 1.6396 - accuracy: 0.4121
 7/98 [=>............................] - ETA: 33s - loss: 1.6492 - accuracy: 0.4107
 8/98 [=>............................] - ETA: 33s - loss: 1.6487 - accuracy: 0.4138
 9/98 [=>............................] - ETA: 33s - loss: 1.6384 - accuracy: 0.4171
10/98 [==>...........................] - ETA: 32s - loss: 1.6254 - accuracy: 0.4219
11/98 [==>...........................] - ETA: 32s - loss: 1.6243 - accuracy: 0.4226
12/98 [==>...........................] - ETA: 31s - loss: 1.6288 - accuracy: 0.4215
13/98 [==>...........................] - ETA: 31s - loss: 1.6278 - accuracy: 0.4229
14/98 [===>..........................] - ETA: 31s - loss: 1.6279 - accuracy: 0.4209
15/98 [===>..........................] - ETA: 30s - loss: 1.6294 - accuracy: 0.4185
16/98 [===>..........................] - ETA: 30s - loss: 1.6241 - accuracy: 0.4205
17/98 [====>.........................] - ETA: 30s - loss: 1.6266 - accuracy: 0.4192
18/98 [====>.........................] - ETA: 29s - loss: 1.6260 - accuracy: 0.4209
19/98 [====>.........................] - ETA: 29s - loss: 1.6266 - accuracy: 0.4193
20/98 [=====>........................] - ETA: 28s - loss: 1.6263 - accuracy: 0.4200
21/98 [=====>........................] - ETA: 28s - loss: 1.6297 - accuracy: 0.4184
22/98 [=====>........................] - ETA: 28s - loss: 1.6263 - accuracy: 0.4179
23/98 [======>.......................] - ETA: 27s - loss: 1.6240 - accuracy: 0.4179
24/98 [======>.......................] - ETA: 27s - loss: 1.6241 - accuracy: 0.4176
25/98 [======>.......................] - ETA: 27s - loss: 1.6221 - accuracy: 0.4194
26/98 [======>.......................] - ETA: 26s - loss: 1.6179 - accuracy: 0.4208
27/98 [=======>......................] - ETA: 26s - loss: 1.6199 - accuracy: 0.4199
28/98 [=======>......................] - ETA: 25s - loss: 1.6169 - accuracy: 0.4210
29/98 [=======>......................] - ETA: 25s - loss: 1.6163 - accuracy: 0.4205
30/98 [========>.....................] - ETA: 25s - loss: 1.6188 - accuracy: 0.4198
31/98 [========>.....................] - ETA: 24s - loss: 1.6211 - accuracy: 0.4189
32/98 [========>.....................] - ETA: 24s - loss: 1.6179 - accuracy: 0.4199
33/98 [=========>....................] - ETA: 24s - loss: 1.6177 - accuracy: 0.4205
34/98 [=========>....................] - ETA: 23s - loss: 1.6179 - accuracy: 0.4207
35/98 [=========>....................] - ETA: 23s - loss: 1.6166 - accuracy: 0.4213
36/98 [==========>...................] - ETA: 23s - loss: 1.6166 - accuracy: 0.4219
37/98 [==========>...................] - ETA: 22s - loss: 1.6149 - accuracy: 0.4223
