2024-06-25 15:31:43.119694: I tensorflow/core/platform/cpu_feature_guard.cc:193] This TensorFlow binary is optimized with oneAPI Deep Neural Network Library (oneDNN) to use the following CPU instructions in performance-critical operations:  AVX AVX2
To enable them in other operations, rebuild TensorFlow with the appropriate compiler flags.
2024-06-25 15:31:44.515125: I tensorflow/core/common_runtime/gpu/gpu_device.cc:1616] Created device /job:localhost/replica:0/task:0/device:GPU:0 with 6656 MB memory:  -> device: 0, name: NVIDIA GeForce RTX 4060 Ti, pci bus id: 0000:01:00.0, compute capability: 8.9
1 Physical GPUs, 1 Logical GPUs
Model: "sequential"
_________________________________________________________________
 Layer (type)                Output Shape              Param #   
=================================================================
 conv2d (Conv2D)             (None, 32, 32, 32)        896       
                                                                 
 max_pooling2d (MaxPooling2D  (None, 16, 16, 32)       0         
 )                                                               
                                                                 
 batch_normalization (BatchN  (None, 16, 16, 32)       128       
 ormalization)                                                   
                                                                 
 conv2d_1 (Conv2D)           (None, 16, 16, 256)       401664    
                                                                 
 conv2d_2 (Conv2D)           (None, 16, 16, 256)       3211520   
                                                                 
 max_pooling2d_1 (MaxPooling  (None, 8, 8, 256)        0         
 2D)                                                             
                                                                 
 batch_normalization_1 (Batc  (None, 8, 8, 256)        1024      
 hNormalization)                                                 
                                                                 
 dropout (Dropout)           (None, 8, 8, 256)         0         
                                                                 
 flatten (Flatten)           (None, 16384)             0         
                                                                 
 dense (Dense)               (None, 10)                163850    
                                                                 
=================================================================
Total params: 3,779,082
Trainable params: 3,778,506
Non-trainable params: 576
_________________________________________________________________
Taxa de aprendizado:  0.1 Num de épocas:  145 Tamanho do lote:  512 Dropout:  0.34134
Epoch 1/145
2024-06-25 15:31:46.999776: I tensorflow/stream_executor/cuda/cuda_dnn.cc:384] Loaded cuDNN version 8100
2024-06-25 15:31:48.985300: W tensorflow/stream_executor/gpu/redzone_allocator.cc:314] INTERNAL: ptxas exited with non-zero error code -1, output: 
Relying on driver to perform ptx compilation. 
Modify $PATH to customize ptxas location.
This message will be only logged once.
2024-06-25 15:31:52.591083: I tensorflow/stream_executor/cuda/cuda_blas.cc:1614] TensorFloat-32 will be used for the matrix multiplication. This will only be logged once.

 1/98 [..............................] - ETA: 51:07 - loss: 3.4142 - accuracy: 0.1016
 2/98 [..............................] - ETA: 35s - loss: 81.3483 - accuracy: 0.1084 
 3/98 [..............................] - ETA: 34s - loss: 164.1491 - accuracy: 0.1120
 4/98 [>.............................] - ETA: 34s - loss: 176.3924 - accuracy: 0.1294
 5/98 [>.............................] - ETA: 34s - loss: 186.6493 - accuracy: 0.1277
 6/98 [>.............................] - ETA: 34s - loss: 189.4917 - accuracy: 0.1325
 7/98 [=>............................] - ETA: 33s - loss: 186.6024 - accuracy: 0.1331
 8/98 [=>............................] - ETA: 33s - loss: 182.8410 - accuracy: 0.1306
 9/98 [=>............................] - ETA: 33s - loss: 180.4557 - accuracy: 0.1306
10/98 [==>...........................] - ETA: 32s - loss: 173.2701 - accuracy: 0.1326
11/98 [==>...........................] - ETA: 32s - loss: 168.0645 - accuracy: 0.1300
12/98 [==>...........................] - ETA: 32s - loss: 162.9500 - accuracy: 0.1309
13/98 [==>...........................] - ETA: 31s - loss: 156.7648 - accuracy: 0.1342
14/98 [===>..........................] - ETA: 31s - loss: 151.4458 - accuracy: 0.1336
15/98 [===>..........................] - ETA: 30s - loss: 146.9052 - accuracy: 0.1358
16/98 [===>..........................] - ETA: 30s - loss: 142.5272 - accuracy: 0.1383
17/98 [====>.........................] - ETA: 30s - loss: 138.3938 - accuracy: 0.1390
18/98 [====>.........................] - ETA: 29s - loss: 133.8850 - accuracy: 0.1386
19/98 [====>.........................] - ETA: 29s - loss: 129.6083 - accuracy: 0.1386
20/98 [=====>........................] - ETA: 28s - loss: 125.4156 - accuracy: 0.1382
21/98 [=====>........................] - ETA: 28s - loss: 121.7972 - accuracy: 0.1395
22/98 [=====>........................] - ETA: 28s - loss: 118.5042 - accuracy: 0.1384
23/98 [======>.......................] - ETA: 27s - loss: 115.0045 - accuracy: 0.1352
24/98 [======>.......................] - ETA: 27s - loss: 111.5977 - accuracy: 0.1339
25/98 [======>.......................] - ETA: 27s - loss: 108.8254 - accuracy: 0.1339
26/98 [======>.......................] - ETA: 26s - loss: 106.0668 - accuracy: 0.1348
27/98 [=======>......................] - ETA: 26s - loss: 103.4030 - accuracy: 0.1343
28/98 [=======>......................] - ETA: 25s - loss: 100.7491 - accuracy: 0.1344
29/98 [=======>......................] - ETA: 25s - loss: 98.4534 - accuracy: 0.1352 
30/98 [========>.....................] - ETA: 25s - loss: 96.1079 - accuracy: 0.1363
31/98 [========>.....................] - ETA: 1:00 - loss: 94.7236 - accuracy: 0.1369
32/98 [========>.....................] - ETA: 58s - loss: 92.3733 - accuracy: 0.1375 
33/98 [=========>....................] - ETA: 56s - loss: 90.1714 - accuracy: 0.1371
34/98 [=========>....................] - ETA: 55s - loss: 88.1423 - accuracy: 0.1364
35/98 [=========>....................] - ETA: 53s - loss: 86.2940 - accuracy: 0.1371
36/98 [==========>...................] - ETA: 51s - loss: 84.5657 - accuracy: 0.1379
37/98 [==========>...................] - ETA: 50s - loss: 83.1108 - accuracy: 0.1374
38/98 [==========>...................] - ETA: 48s - loss: 81.5987 - accuracy: 0.1377
39/98 [==========>...................] - ETA: 46s - loss: 79.9041 - accuracy: 0.1395
40/98 [===========>..................] - ETA: 45s - loss: 78.4723 - accuracy: 0.1390
41/98 [===========>..................] - ETA: 44s - loss: 77.1174 - accuracy: 0.1391
42/98 [===========>..................] - ETA: 42s - loss: 76.1799 - accuracy: 0.1389
43/98 [============>.................] - ETA: 41s - loss: 75.2488 - accuracy: 0.1395
44/98 [============>.................] - ETA: 40s - loss: 74.3928 - accuracy: 0.1390
45/98 [============>.................] - ETA: 39s - loss: 73.2524 - accuracy: 0.1397
46/98 [=============>................] - ETA: 37s - loss: 72.2345 - accuracy: 0.1402
47/98 [=============>................] - ETA: 36s - loss: 71.2201 - accuracy: 0.1412
48/98 [=============>................] - ETA: 35s - loss: 70.0780 - accuracy: 0.1417
49/98 [==============>...............] - ETA: 34s - loss: 69.0899 - accuracy: 0.1425
50/98 [==============>...............] - ETA: 33s - loss: 68.0690 - accuracy: 0.1434
51/98 [==============>...............] - ETA: 32s - loss: 67.0425 - accuracy: 0.1444
52/98 [==============>...............] - ETA: 31s - loss: 66.0655 - accuracy: 0.1444
53/98 [===============>..............] - ETA: 30s - loss: 65.1756 - accuracy: 0.1438
54/98 [===============>..............] - ETA: 29s - loss: 64.2379 - accuracy: 0.1431
55/98 [===============>..............] - ETA: 28s - loss: 63.3643 - accuracy: 0.1423
56/98 [================>.............] - ETA: 27s - loss: 62.5593 - accuracy: 0.1419
57/98 [================>.............] - ETA: 27s - loss: 61.7383 - accuracy: 0.1423
58/98 [================>.............] - ETA: 26s - loss: 60.9781 - accuracy: 0.1427
59/98 [=================>............] - ETA: 25s - loss: 60.1725 - accuracy: 0.1428
60/98 [=================>............] - ETA: 24s - loss: 59.3704 - accuracy: 0.1427
61/98 [=================>............] - ETA: 23s - loss: 58.5429 - accuracy: 0.1429
62/98 [=================>............] - ETA: 22s - loss: 57.7476 - accuracy: 0.1437
63/98 [==================>...........] - ETA: 22s - loss: 57.0266 - accuracy: 0.1448
64/98 [==================>...........] - ETA: 21s - loss: 56.2684 - accuracy: 0.1457
65/98 [==================>...........] - ETA: 20s - loss: 55.5293 - accuracy: 0.1472
66/98 [===================>..........] - ETA: 19s - loss: 54.8465 - accuracy: 0.1486
67/98 [===================>..........] - ETA: 19s - loss: 54.1753 - accuracy: 0.1492
68/98 [===================>..........] - ETA: 18s - loss: 53.5198 - accuracy: 0.1497
69/98 [====================>.........] - ETA: 17s - loss: 52.8550 - accuracy: 0.1496
70/98 [====================>.........] - ETA: 16s - loss: 52.1761 - accuracy: 0.1495
71/98 [====================>.........] - ETA: 16s - loss: 51.5644 - accuracy: 0.1494
72/98 [=====================>........] - ETA: 15s - loss: 50.9640 - accuracy: 0.1491
73/98 [=====================>........] - ETA: 14s - loss: 50.3526 - accuracy: 0.1488
74/98 [=====================>........] - ETA: 14s - loss: 49.7335 - accuracy: 0.1484
75/98 [=====================>........] - ETA: 13s - loss: 49.1314 - accuracy: 0.1488
76/98 [======================>.......] - ETA: 12s - loss: 48.5707 - accuracy: 0.1490
77/98 [======================>.......] - ETA: 12s - loss: 48.0290 - accuracy: 0.1499
78/98 [======================>.......] - ETA: 11s - loss: 47.5191 - accuracy: 0.1507
79/98 [=======================>......] - ETA: 10s - loss: 46.9858 - accuracy: 0.1517
80/98 [=======================>......] - ETA: 10s - loss: 46.4772 - accuracy: 0.1523
81/98 [=======================>......] - ETA: 9s - loss: 45.9733 - accuracy: 0.1532 
82/98 [========================>.....] - ETA: 9s - loss: 45.4558 - accuracy: 0.1539
83/98 [========================>.....] - ETA: 8s - loss: 44.9758 - accuracy: 0.1537
84/98 [========================>.....] - ETA: 7s - loss: 44.5171 - accuracy: 0.1527
85/98 [=========================>....] - ETA: 7s - loss: 44.0542 - accuracy: 0.1530
86/98 [=========================>....] - ETA: 6s - loss: 43.6085 - accuracy: 0.1530
87/98 [=========================>....] - ETA: 6s - loss: 43.1545 - accuracy: 0.1530
88/98 [=========================>....] - ETA: 5s - loss: 42.7113 - accuracy: 0.1534
89/98 [==========================>...] - ETA: 4s - loss: 42.3049 - accuracy: 0.1530
90/98 [==========================>...] - ETA: 4s - loss: 41.9065 - accuracy: 0.1527
91/98 [==========================>...] - ETA: 3s - loss: 41.5244 - accuracy: 0.1526
92/98 [===========================>..] - ETA: 3s - loss: 41.1467 - accuracy: 0.1529
93/98 [===========================>..] - ETA: 2s - loss: 40.7903 - accuracy: 0.1532
94/98 [===========================>..] - ETA: 2s - loss: 40.4135 - accuracy: 0.1537
95/98 [============================>.] - ETA: 1s - loss: 40.0374 - accuracy: 0.1540
96/98 [============================>.] - ETA: 1s - loss: 39.6686 - accuracy: 0.1545
97/98 [============================>.] - ETA: 0s - loss: 39.3096 - accuracy: 0.1552
98/98 [==============================] - ETA: 0s - loss: 38.9571 - accuracy: 0.1555
98/98 [==============================] - 89s 590ms/step - loss: 38.9571 - accuracy: 0.1555 - val_loss: 4.2837 - val_accuracy: 0.1634
Epoch 2/145

 1/98 [..............................] - ETA: 36s - loss: 4.8547 - accuracy: 0.1816
 2/98 [..............................] - ETA: 36s - loss: 4.4545 - accuracy: 0.1875
 3/98 [..............................] - ETA: 35s - loss: 4.2580 - accuracy: 0.1914
 4/98 [>.............................] - ETA: 34s - loss: 4.2012 - accuracy: 0.1934
 5/98 [>.............................] - ETA: 34s - loss: 4.1001 - accuracy: 0.1906
 6/98 [>.............................] - ETA: 34s - loss: 3.9677 - accuracy: 0.1924
 7/98 [=>............................] - ETA: 33s - loss: 3.8530 - accuracy: 0.1911
 8/98 [=>............................] - ETA: 33s - loss: 3.7407 - accuracy: 0.1951
 9/98 [=>............................] - ETA: 33s - loss: 3.6742 - accuracy: 0.1949
10/98 [==>...........................] - ETA: 32s - loss: 3.6175 - accuracy: 0.1898
11/98 [==>...........................] - ETA: 32s - loss: 3.6177 - accuracy: 0.1854
12/98 [==>...........................] - ETA: 31s - loss: 3.5718 - accuracy: 0.1842
13/98 [==>...........................] - ETA: 31s - loss: 3.5331 - accuracy: 0.1822
14/98 [===>..........................] - ETA: 31s - loss: 3.4842 - accuracy: 0.1825
15/98 [===>..........................] - ETA: 30s - loss: 3.4073 - accuracy: 0.1885
16/98 [===>..........................] - ETA: 30s - loss: 3.3622 - accuracy: 0.1919
17/98 [====>.........................] - ETA: 30s - loss: 3.3250 - accuracy: 0.1921
18/98 [====>.........................] - ETA: 29s - loss: 3.2931 - accuracy: 0.1929
19/98 [====>.........................] - ETA: 29s - loss: 3.2556 - accuracy: 0.1950
20/98 [=====>........................] - ETA: 28s - loss: 3.2153 - accuracy: 0.1956
21/98 [=====>........................] - ETA: 28s - loss: 3.1920 - accuracy: 0.1929
22/98 [=====>........................] - ETA: 28s - loss: 3.1497 - accuracy: 0.1926
23/98 [======>.......................] - ETA: 27s - loss: 3.1165 - accuracy: 0.1928
24/98 [======>.......................] - ETA: 27s - loss: 3.0878 - accuracy: 0.1929
25/98 [======>.......................] - ETA: 27s - loss: 3.0519 - accuracy: 0.1960
26/98 [======>.......................] - ETA: 26s - loss: 3.0230 - accuracy: 0.1984
27/98 [=======>......................] - ETA: 26s - loss: 2.9949 - accuracy: 0.1998
28/98 [=======>......................] - ETA: 25s - loss: 2.9697 - accuracy: 0.2016
29/98 [=======>......................] - ETA: 25s - loss: 2.9533 - accuracy: 0.2028
30/98 [========>.....................] - ETA: 25s - loss: 2.9243 - accuracy: 0.2056
31/98 [========>.....................] - ETA: 24s - loss: 2.9002 - accuracy: 0.2071
32/98 [========>.....................] - ETA: 24s - loss: 2.8752 - accuracy: 0.2080
33/98 [=========>....................] - ETA: 24s - loss: 2.8532 - accuracy: 0.2099
34/98 [=========>....................] - ETA: 23s - loss: 2.8337 - accuracy: 0.2102
35/98 [=========>....................] - ETA: 23s - loss: 2.8104 - accuracy: 0.2124
36/98 [==========>...................] - ETA: 23s - loss: 2.7926 - accuracy: 0.2129
37/98 [==========>...................] - ETA: 22s - loss: 2.7715 - accuracy: 0.2147
38/98 [==========>...................] - ETA: 22s - loss: 2.7514 - accuracy: 0.2157
39/98 [==========>...................] - ETA: 21s - loss: 2.7366 - accuracy: 0.2167
40/98 [===========>..................] - ETA: 21s - loss: 2.7194 - accuracy: 0.2188
41/98 [===========>..................] - ETA: 21s - loss: 2.7030 - accuracy: 0.2211
42/98 [===========>..................] - ETA: 20s - loss: 2.6871 - accuracy: 0.2219
43/98 [============>.................] - ETA: 20s - loss: 2.6739 - accuracy: 0.2228
44/98 [============>.................] - ETA: 20s - loss: 2.6592 - accuracy: 0.2237
45/98 [============>.................] - ETA: 19s - loss: 2.6459 - accuracy: 0.2247
46/98 [=============>................] - ETA: 19s - loss: 2.6314 - accuracy: 0.2260
47/98 [=============>................] - ETA: 18s - loss: 2.6194 - accuracy: 0.2270
48/98 [=============>................] - ETA: 18s - loss: 2.6081 - accuracy: 0.2278
49/98 [==============>...............] - ETA: 18s - loss: 2.5972 - accuracy: 0.2286
50/98 [==============>...............] - ETA: 17s - loss: 2.5860 - accuracy: 0.2298
51/98 [==============>...............] - ETA: 17s - loss: 2.5740 - accuracy: 0.2312
52/98 [==============>...............] - ETA: 16s - loss: 2.5630 - accuracy: 0.2323
53/98 [===============>..............] - ETA: 16s - loss: 2.5525 - accuracy: 0.2330
54/98 [===============>..............] - ETA: 16s - loss: 2.5426 - accuracy: 0.2338
55/98 [===============>..............] - ETA: 15s - loss: 2.5309 - accuracy: 0.2352
56/98 [================>.............] - ETA: 15s - loss: 2.5216 - accuracy: 0.2360
57/98 [================>.............] - ETA: 15s - loss: 2.5127 - accuracy: 0.2371
58/98 [================>.............] - ETA: 14s - loss: 2.5024 - accuracy: 0.2384
59/98 [=================>............] - ETA: 14s - loss: 2.4952 - accuracy: 0.2394
60/98 [=================>............] - ETA: 13s - loss: 2.4865 - accuracy: 0.2409
61/98 [=================>............] - ETA: 13s - loss: 2.4787 - accuracy: 0.2417
62/98 [=================>............] - ETA: 13s - loss: 2.4713 - accuracy: 0.2418
63/98 [==================>...........] - ETA: 12s - loss: 2.4644 - accuracy: 0.2423
64/98 [==================>...........] - ETA: 12s - loss: 2.4574 - accuracy: 0.2430
65/98 [==================>...........] - ETA: 12s - loss: 2.4505 - accuracy: 0.2434
66/98 [===================>..........] - ETA: 11s - loss: 2.4450 - accuracy: 0.2438
67/98 [===================>..........] - ETA: 11s - loss: 2.4391 - accuracy: 0.2446
68/98 [===================>..........] - ETA: 10s - loss: 2.4325 - accuracy: 0.2453
69/98 [====================>.........] - ETA: 10s - loss: 2.4266 - accuracy: 0.2458
70/98 [====================>.........] - ETA: 10s - loss: 2.4198 - accuracy: 0.2463
71/98 [====================>.........] - ETA: 9s - loss: 2.4130 - accuracy: 0.2471 
72/98 [=====================>........] - ETA: 9s - loss: 2.4075 - accuracy: 0.2477
73/98 [=====================>........] - ETA: 9s - loss: 2.4011 - accuracy: 0.2483
74/98 [=====================>........] - ETA: 8s - loss: 2.3959 - accuracy: 0.2486
75/98 [=====================>........] - ETA: 8s - loss: 2.3904 - accuracy: 0.2492
76/98 [======================>.......] - ETA: 8s - loss: 2.3838 - accuracy: 0.2501
77/98 [======================>.......] - ETA: 7s - loss: 2.3791 - accuracy: 0.2503
78/98 [======================>.......] - ETA: 7s - loss: 2.3752 - accuracy: 0.2507
79/98 [=======================>......] - ETA: 6s - loss: 2.3700 - accuracy: 0.2511
80/98 [=======================>......] - ETA: 6s - loss: 2.3654 - accuracy: 0.2511
81/98 [=======================>......] - ETA: 6s - loss: 2.3601 - accuracy: 0.2519
82/98 [========================>.....] - ETA: 5s - loss: 2.3557 - accuracy: 0.2522
83/98 [========================>.....] - ETA: 5s - loss: 2.3506 - accuracy: 0.2528
84/98 [========================>.....] - ETA: 5s - loss: 2.3463 - accuracy: 0.2532
85/98 [=========================>....] - ETA: 4s - loss: 2.3417 - accuracy: 0.2537
86/98 [=========================>....] - ETA: 4s - loss: 2.3380 - accuracy: 0.2539
87/98 [=========================>....] - ETA: 4s - loss: 2.3335 - accuracy: 0.2547
88/98 [=========================>....] - ETA: 3s - loss: 2.3296 - accuracy: 0.2549
89/98 [==========================>...] - ETA: 3s - loss: 2.3267 - accuracy: 0.2552
90/98 [==========================>...] - ETA: 2s - loss: 2.3241 - accuracy: 0.2554
91/98 [==========================>...] - ETA: 2s - loss: 2.3195 - accuracy: 0.2561
92/98 [===========================>..] - ETA: 2s - loss: 2.3164 - accuracy: 0.2560
93/98 [===========================>..] - ETA: 1s - loss: 2.3130 - accuracy: 0.2562
94/98 [===========================>..] - ETA: 1s - loss: 2.3101 - accuracy: 0.2561
95/98 [============================>.] - ETA: 1s - loss: 2.3075 - accuracy: 0.2566
96/98 [============================>.] - ETA: 0s - loss: 2.3029 - accuracy: 0.2570
97/98 [============================>.] - ETA: 0s - loss: 2.2984 - accuracy: 0.2578
98/98 [==============================] - ETA: 0s - loss: 2.2952 - accuracy: 0.2583
98/98 [==============================] - 40s 409ms/step - loss: 2.2952 - accuracy: 0.2583 - val_loss: 2.1879 - val_accuracy: 0.2551
Epoch 3/145

 1/98 [..............................] - ETA: 37s - loss: 2.1153 - accuracy: 0.2520
 2/98 [..............................] - ETA: 34s - loss: 2.0897 - accuracy: 0.2559
 3/98 [..............................] - ETA: 34s - loss: 2.0429 - accuracy: 0.2721
 4/98 [>.............................] - ETA: 34s - loss: 2.0130 - accuracy: 0.2842
 5/98 [>.............................] - ETA: 34s - loss: 2.0279 - accuracy: 0.2863
 6/98 [>.............................] - ETA: 33s - loss: 2.0186 - accuracy: 0.2904
 7/98 [=>............................] - ETA: 31s - loss: 2.0131 - accuracy: 0.2920
 8/98 [=>............................] - ETA: 31s - loss: 1.9901 - accuracy: 0.2954
 9/98 [=>............................] - ETA: 31s - loss: 1.9782 - accuracy: 0.3017
10/98 [==>...........................] - ETA: 31s - loss: 1.9806 - accuracy: 0.3012
11/98 [==>...........................] - ETA: 31s - loss: 1.9812 - accuracy: 0.2991
12/98 [==>...........................] - ETA: 30s - loss: 1.9809 - accuracy: 0.2993
13/98 [==>...........................] - ETA: 30s - loss: 1.9851 - accuracy: 0.3000
14/98 [===>..........................] - ETA: 30s - loss: 1.9800 - accuracy: 0.2998
15/98 [===>..........................] - ETA: 30s - loss: 1.9763 - accuracy: 0.2993
16/98 [===>..........................] - ETA: 29s - loss: 1.9782 - accuracy: 0.2994
17/98 [====>.........................] - ETA: 29s - loss: 1.9725 - accuracy: 0.3001
18/98 [====>.........................] - ETA: 29s - loss: 1.9731 - accuracy: 0.2988
19/98 [====>.........................] - ETA: 28s - loss: 1.9716 - accuracy: 0.2985
20/98 [=====>........................] - ETA: 28s - loss: 1.9723 - accuracy: 0.2980
21/98 [=====>........................] - ETA: 28s - loss: 1.9709 - accuracy: 0.2972
22/98 [=====>........................] - ETA: 27s - loss: 1.9683 - accuracy: 0.2976
23/98 [======>.......................] - ETA: 27s - loss: 1.9680 - accuracy: 0.2986
24/98 [======>.......................] - ETA: 27s - loss: 1.9646 - accuracy: 0.2989
25/98 [======>.......................] - ETA: 26s - loss: 1.9631 - accuracy: 0.2994
26/98 [======>.......................] - ETA: 26s - loss: 1.9613 - accuracy: 0.2996
27/98 [=======>......................] - ETA: 26s - loss: 1.9608 - accuracy: 0.2997
28/98 [=======>......................] - ETA: 25s - loss: 1.9589 - accuracy: 0.2994
29/98 [=======>......................] - ETA: 25s - loss: 1.9544 - accuracy: 0.3008
30/98 [========>.....................] - ETA: 24s - loss: 1.9540 - accuracy: 0.3006
31/98 [========>.....................] - ETA: 24s - loss: 1.9529 - accuracy: 0.3001
32/98 [========>.....................] - ETA: 24s - loss: 1.9500 - accuracy: 0.3002
33/98 [=========>....................] - ETA: 23s - loss: 1.9639 - accuracy: 0.3002
34/98 [=========>....................] - ETA: 23s - loss: 1.9631 - accuracy: 0.3016
35/98 [=========>....................] - ETA: 23s - loss: 1.9635 - accuracy: 0.3015
36/98 [==========>...................] - ETA: 22s - loss: 1.9605 - accuracy: 0.3027
37/98 [==========>...................] - ETA: 22s - loss: 1.9609 - accuracy: 0.3029
38/98 [==========>...................] - ETA: 22s - loss: 1.9592 - accuracy: 0.3032
39/98 [==========>...................] - ETA: 21s - loss: 1.9593 - accuracy: 0.3026
40/98 [===========>..................] - ETA: 21s - loss: 1.9601 - accuracy: 0.3020
41/98 [===========>..................] - ETA: 21s - loss: 1.9572 - accuracy: 0.3020
42/98 [===========>..................] - ETA: 20s - loss: 1.9562 - accuracy: 0.3022
43/98 [============>.................] - ETA: 20s - loss: 1.9566 - accuracy: 0.3024
44/98 [============>.................] - ETA: 19s - loss: 1.9566 - accuracy: 0.3027
45/98 [============>.................] - ETA: 19s - loss: 1.9560 - accuracy: 0.3021
46/98 [=============>................] - ETA: 19s - loss: 1.9642 - accuracy: 0.3023
47/98 [=============>................] - ETA: 18s - loss: 1.9622 - accuracy: 0.3026
48/98 [=============>................] - ETA: 18s - loss: 1.9603 - accuracy: 0.3032
49/98 [==============>...............] - ETA: 18s - loss: 1.9583 - accuracy: 0.3036
50/98 [==============>...............] - ETA: 17s - loss: 1.9554 - accuracy: 0.3045
51/98 [==============>...............] - ETA: 17s - loss: 1.9529 - accuracy: 0.3050
52/98 [==============>...............] - ETA: 16s - loss: 1.9519 - accuracy: 0.3054
53/98 [===============>..............] - ETA: 16s - loss: 1.9508 - accuracy: 0.3057
54/98 [===============>..............] - ETA: 16s - loss: 1.9507 - accuracy: 0.3053
55/98 [===============>..............] - ETA: 15s - loss: 1.9521 - accuracy: 0.3054
56/98 [================>.............] - ETA: 15s - loss: 1.9509 - accuracy: 0.3057
57/98 [================>.............] - ETA: 15s - loss: 1.9510 - accuracy: 0.3057
58/98 [================>.............] - ETA: 14s - loss: 1.9514 - accuracy: 0.3057
59/98 [=================>............] - ETA: 14s - loss: 1.9512 - accuracy: 0.3061
60/98 [=================>............] - ETA: 14s - loss: 1.9505 - accuracy: 0.3063
61/98 [=================>............] - ETA: 13s - loss: 1.9486 - accuracy: 0.3064
62/98 [=================>............] - ETA: 13s - loss: 1.9478 - accuracy: 0.3065
63/98 [==================>...........] - ETA: 12s - loss: 1.9463 - accuracy: 0.3070
64/98 [==================>...........] - ETA: 12s - loss: 1.9467 - accuracy: 0.3072
65/98 [==================>...........] - ETA: 12s - loss: 1.9463 - accuracy: 0.3069
66/98 [===================>..........] - ETA: 11s - loss: 1.9468 - accuracy: 0.3062
67/98 [===================>..........] - ETA: 11s - loss: 1.9462 - accuracy: 0.3059
68/98 [===================>..........] - ETA: 11s - loss: 1.9458 - accuracy: 0.3062
69/98 [====================>.........] - ETA: 10s - loss: 1.9448 - accuracy: 0.3063
70/98 [====================>.........] - ETA: 10s - loss: 1.9439 - accuracy: 0.3068
71/98 [====================>.........] - ETA: 9s - loss: 1.9440 - accuracy: 0.3068 
72/98 [=====================>........] - ETA: 9s - loss: 1.9452 - accuracy: 0.3069
73/98 [=====================>........] - ETA: 9s - loss: 1.9460 - accuracy: 0.3073
74/98 [=====================>........] - ETA: 8s - loss: 1.9442 - accuracy: 0.3078
75/98 [=====================>........] - ETA: 8s - loss: 1.9441 - accuracy: 0.3081
76/98 [======================>.......] - ETA: 8s - loss: 1.9438 - accuracy: 0.3086
77/98 [======================>.......] - ETA: 7s - loss: 1.9437 - accuracy: 0.3089
78/98 [======================>.......] - ETA: 7s - loss: 1.9421 - accuracy: 0.3094
79/98 [=======================>......] - ETA: 7s - loss: 1.9423 - accuracy: 0.3094
80/98 [=======================>......] - ETA: 6s - loss: 1.9417 - accuracy: 0.3094
81/98 [=======================>......] - ETA: 6s - loss: 1.9401 - accuracy: 0.3097
82/98 [========================>.....] - ETA: 5s - loss: 1.9399 - accuracy: 0.3095
83/98 [========================>.....] - ETA: 5s - loss: 1.9401 - accuracy: 0.3096
84/98 [========================>.....] - ETA: 5s - loss: 1.9397 - accuracy: 0.3097
85/98 [=========================>....] - ETA: 4s - loss: 1.9398 - accuracy: 0.3093
86/98 [=========================>....] - ETA: 4s - loss: 1.9386 - accuracy: 0.3096
87/98 [=========================>....] - ETA: 4s - loss: 1.9385 - accuracy: 0.3100
88/98 [=========================>....] - ETA: 3s - loss: 1.9391 - accuracy: 0.3095
89/98 [==========================>...] - ETA: 3s - loss: 1.9385 - accuracy: 0.3096
90/98 [==========================>...] - ETA: 2s - loss: 1.9390 - accuracy: 0.3093
91/98 [==========================>...] - ETA: 2s - loss: 1.9377 - accuracy: 0.3095
92/98 [===========================>..] - ETA: 2s - loss: 1.9377 - accuracy: 0.3095
93/98 [===========================>..] - ETA: 1s - loss: 1.9376 - accuracy: 0.3093
94/98 [===========================>..] - ETA: 1s - loss: 1.9363 - accuracy: 0.3096
95/98 [============================>.] - ETA: 1s - loss: 1.9360 - accuracy: 0.3093
96/98 [============================>.] - ETA: 0s - loss: 1.9352 - accuracy: 0.3097
97/98 [============================>.] - ETA: 0s - loss: 1.9338 - accuracy: 0.3100
98/98 [==============================] - ETA: 0s - loss: 1.9325 - accuracy: 0.3102
98/98 [==============================] - 40s 413ms/step - loss: 1.9325 - accuracy: 0.3102 - val_loss: 1.8513 - val_accuracy: 0.3423
Epoch 4/145

 1/98 [..............................] - ETA: 36s - loss: 1.9346 - accuracy: 0.3086
 2/98 [..............................] - ETA: 36s - loss: 1.8648 - accuracy: 0.3242
 3/98 [..............................] - ETA: 35s - loss: 1.8562 - accuracy: 0.3249
 4/98 [>.............................] - ETA: 35s - loss: 1.8572 - accuracy: 0.3262
 5/98 [>.............................] - ETA: 34s - loss: 1.8535 - accuracy: 0.3293
 6/98 [>.............................] - ETA: 34s - loss: 1.8618 - accuracy: 0.3278
 7/98 [=>............................] - ETA: 33s - loss: 1.8656 - accuracy: 0.3242
 8/98 [=>............................] - ETA: 33s - loss: 1.8688 - accuracy: 0.3230
 9/98 [=>............................] - ETA: 33s - loss: 1.8894 - accuracy: 0.3203
10/98 [==>...........................] - ETA: 32s - loss: 1.8897 - accuracy: 0.3191
11/98 [==>...........................] - ETA: 32s - loss: 1.8860 - accuracy: 0.3198
12/98 [==>...........................] - ETA: 32s - loss: 1.8844 - accuracy: 0.3206
13/98 [==>...........................] - ETA: 31s - loss: 1.8756 - accuracy: 0.3244
14/98 [===>..........................] - ETA: 31s - loss: 1.8689 - accuracy: 0.3249
15/98 [===>..........................] - ETA: 30s - loss: 1.8732 - accuracy: 0.3245
16/98 [===>..........................] - ETA: 30s - loss: 1.8710 - accuracy: 0.3259
17/98 [====>.........................] - ETA: 30s - loss: 1.8682 - accuracy: 0.3278
18/98 [====>.........................] - ETA: 29s - loss: 1.8688 - accuracy: 0.3283
19/98 [====>.........................] - ETA: 29s - loss: 1.8727 - accuracy: 0.3287
20/98 [=====>........................] - ETA: 29s - loss: 1.8658 - accuracy: 0.3315
21/98 [=====>........................] - ETA: 28s - loss: 1.8627 - accuracy: 0.3330
22/98 [=====>........................] - ETA: 28s - loss: 1.8640 - accuracy: 0.3332
23/98 [======>.......................] - ETA: 27s - loss: 1.8693 - accuracy: 0.3311
24/98 [======>.......................] - ETA: 27s - loss: 1.8687 - accuracy: 0.3301
25/98 [======>.......................] - ETA: 27s - loss: 1.8845 - accuracy: 0.3298
26/98 [======>.......................] - ETA: 26s - loss: 1.8861 - accuracy: 0.3311
27/98 [=======>......................] - ETA: 26s - loss: 1.8914 - accuracy: 0.3297
28/98 [=======>......................] - ETA: 25s - loss: 1.8942 - accuracy: 0.3289
29/98 [=======>......................] - ETA: 25s - loss: 1.8915 - accuracy: 0.3295
30/98 [========>.....................] - ETA: 25s - loss: 1.8916 - accuracy: 0.3292
31/98 [========>.....................] - ETA: 24s - loss: 1.8910 - accuracy: 0.3287
32/98 [========>.....................] - ETA: 24s - loss: 1.8922 - accuracy: 0.3286
33/98 [=========>....................] - ETA: 24s - loss: 1.8908 - accuracy: 0.3300
34/98 [=========>....................] - ETA: 23s - loss: 1.8902 - accuracy: 0.3305
35/98 [=========>....................] - ETA: 23s - loss: 1.8898 - accuracy: 0.3314
36/98 [==========>...................] - ETA: 23s - loss: 1.8906 - accuracy: 0.3307
37/98 [==========>...................] - ETA: 22s - loss: 1.8907 - accuracy: 0.3294
38/98 [==========>...................] - ETA: 22s - loss: 1.8903 - accuracy: 0.3284
39/98 [==========>...................] - ETA: 21s - loss: 1.8907 - accuracy: 0.3284
40/98 [===========>..................] - ETA: 21s - loss: 1.8913 - accuracy: 0.3283
41/98 [===========>..................] - ETA: 21s - loss: 1.8919 - accuracy: 0.3282
42/98 [===========>..................] - ETA: 20s - loss: 1.8915 - accuracy: 0.3279
43/98 [============>.................] - ETA: 20s - loss: 1.8908 - accuracy: 0.3282
44/98 [============>.................] - ETA: 20s - loss: 1.8892 - accuracy: 0.3284
45/98 [============>.................] - ETA: 19s - loss: 1.8871 - accuracy: 0.3292
46/98 [=============>................] - ETA: 19s - loss: 1.8859 - accuracy: 0.3298
47/98 [=============>................] - ETA: 18s - loss: 1.8863 - accuracy: 0.3295
48/98 [=============>................] - ETA: 18s - loss: 1.8852 - accuracy: 0.3289
49/98 [==============>...............] - ETA: 18s - loss: 1.8852 - accuracy: 0.3287
50/98 [==============>...............] - ETA: 17s - loss: 1.8856 - accuracy: 0.3284
51/98 [==============>...............] - ETA: 17s - loss: 1.8858 - accuracy: 0.3282
52/98 [==============>...............] - ETA: 17s - loss: 1.8841 - accuracy: 0.3283
53/98 [===============>..............] - ETA: 16s - loss: 1.8834 - accuracy: 0.3290
54/98 [===============>..............] - ETA: 16s - loss: 1.8833 - accuracy: 0.3290
55/98 [===============>..............] - ETA: 15s - loss: 1.8827 - accuracy: 0.3297
56/98 [================>.............] - ETA: 15s - loss: 1.8827 - accuracy: 0.3296
57/98 [================>.............] - ETA: 15s - loss: 1.8827 - accuracy: 0.3298
58/98 [================>.............] - ETA: 14s - loss: 1.8830 - accuracy: 0.3303
59/98 [=================>............] - ETA: 14s - loss: 1.8810 - accuracy: 0.3308
60/98 [=================>............] - ETA: 14s - loss: 1.8806 - accuracy: 0.3307
61/98 [=================>............] - ETA: 13s - loss: 1.8802 - accuracy: 0.3307
62/98 [=================>............] - ETA: 13s - loss: 1.8803 - accuracy: 0.3314
63/98 [==================>...........] - ETA: 12s - loss: 1.8800 - accuracy: 0.3318
64/98 [==================>...........] - ETA: 12s - loss: 1.8795 - accuracy: 0.3322
65/98 [==================>...........] - ETA: 12s - loss: 1.8789 - accuracy: 0.3325
66/98 [===================>..........] - ETA: 11s - loss: 1.8787 - accuracy: 0.3323
67/98 [===================>..........] - ETA: 11s - loss: 1.8792 - accuracy: 0.3322
68/98 [===================>..........] - ETA: 11s - loss: 1.8833 - accuracy: 0.3323
69/98 [====================>.........] - ETA: 10s - loss: 1.8842 - accuracy: 0.3321
70/98 [====================>.........] - ETA: 10s - loss: 1.8846 - accuracy: 0.3322
71/98 [====================>.........] - ETA: 10s - loss: 1.8853 - accuracy: 0.3317
72/98 [=====================>........] - ETA: 9s - loss: 1.8851 - accuracy: 0.3316 
73/98 [=====================>........] - ETA: 9s - loss: 1.8849 - accuracy: 0.3314
74/98 [=====================>........] - ETA: 8s - loss: 1.8849 - accuracy: 0.3313
75/98 [=====================>........] - ETA: 8s - loss: 1.8840 - accuracy: 0.3320
76/98 [======================>.......] - ETA: 8s - loss: 1.8843 - accuracy: 0.3316
77/98 [======================>.......] - ETA: 7s - loss: 1.8836 - accuracy: 0.3319
78/98 [======================>.......] - ETA: 7s - loss: 1.8827 - accuracy: 0.3322
79/98 [=======================>......] - ETA: 7s - loss: 1.8822 - accuracy: 0.3324
80/98 [=======================>......] - ETA: 6s - loss: 1.8812 - accuracy: 0.3325
81/98 [=======================>......] - ETA: 6s - loss: 1.8795 - accuracy: 0.3327
82/98 [========================>.....] - ETA: 5s - loss: 1.8789 - accuracy: 0.3329
83/98 [========================>.....] - ETA: 5s - loss: 1.8784 - accuracy: 0.3332
84/98 [========================>.....] - ETA: 5s - loss: 1.8770 - accuracy: 0.3338
85/98 [=========================>....] - ETA: 4s - loss: 1.8776 - accuracy: 0.3336
86/98 [=========================>....] - ETA: 4s - loss: 1.8769 - accuracy: 0.3336
87/98 [=========================>....] - ETA: 4s - loss: 1.8760 - accuracy: 0.3335
88/98 [=========================>....] - ETA: 3s - loss: 1.8763 - accuracy: 0.3334
89/98 [==========================>...] - ETA: 3s - loss: 1.8760 - accuracy: 0.3339
90/98 [==========================>...] - ETA: 2s - loss: 1.8761 - accuracy: 0.3337
91/98 [==========================>...] - ETA: 2s - loss: 1.8756 - accuracy: 0.3339
92/98 [===========================>..] - ETA: 2s - loss: 1.8751 - accuracy: 0.3341
93/98 [===========================>..] - ETA: 1s - loss: 1.8764 - accuracy: 0.3339
94/98 [===========================>..] - ETA: 1s - loss: 1.8757 - accuracy: 0.3340
95/98 [============================>.] - ETA: 1s - loss: 1.8763 - accuracy: 0.3336
96/98 [============================>.] - ETA: 0s - loss: 1.8759 - accuracy: 0.3339
97/98 [============================>.] - ETA: 0s - loss: 1.8760 - accuracy: 0.3338
98/98 [==============================] - ETA: 0s - loss: 1.8748 - accuracy: 0.3340
98/98 [==============================] - 40s 412ms/step - loss: 1.8748 - accuracy: 0.3340 - val_loss: 1.8552 - val_accuracy: 0.3165
Epoch 5/145

 1/98 [..............................] - ETA: 37s - loss: 1.9166 - accuracy: 0.3105
 2/98 [..............................] - ETA: 35s - loss: 1.8484 - accuracy: 0.3438
 3/98 [..............................] - ETA: 35s - loss: 1.8740 - accuracy: 0.3438
 4/98 [>.............................] - ETA: 34s - loss: 1.8597 - accuracy: 0.3521
 5/98 [>.............................] - ETA: 34s - loss: 1.8607 - accuracy: 0.3453
 6/98 [>.............................] - ETA: 34s - loss: 1.8583 - accuracy: 0.3457
 7/98 [=>............................] - ETA: 33s - loss: 1.8561 - accuracy: 0.3410
 8/98 [=>............................] - ETA: 33s - loss: 1.8638 - accuracy: 0.3391
 9/98 [=>............................] - ETA: 33s - loss: 1.8547 - accuracy: 0.3407
10/98 [==>...........................] - ETA: 32s - loss: 1.8518 - accuracy: 0.3387
11/98 [==>...........................] - ETA: 32s - loss: 1.8459 - accuracy: 0.3411
12/98 [==>...........................] - ETA: 31s - loss: 1.8379 - accuracy: 0.3441
13/98 [==>...........................] - ETA: 31s - loss: 1.8401 - accuracy: 0.3445
14/98 [===>..........................] - ETA: 31s - loss: 1.8345 - accuracy: 0.3467
15/98 [===>..........................] - ETA: 30s - loss: 1.8338 - accuracy: 0.3461
16/98 [===>..........................] - ETA: 30s - loss: 1.8384 - accuracy: 0.3452
17/98 [====>.........................] - ETA: 30s - loss: 1.8367 - accuracy: 0.3455
18/98 [====>.........................] - ETA: 29s - loss: 1.8353 - accuracy: 0.3457
19/98 [====>.........................] - ETA: 29s - loss: 1.8365 - accuracy: 0.3448
20/98 [=====>........................] - ETA: 29s - loss: 1.8383 - accuracy: 0.3433
21/98 [=====>........................] - ETA: 28s - loss: 1.8415 - accuracy: 0.3424
22/98 [=====>........................] - ETA: 28s - loss: 1.8422 - accuracy: 0.3418
23/98 [======>.......................] - ETA: 27s - loss: 1.8417 - accuracy: 0.3429
24/98 [======>.......................] - ETA: 27s - loss: 1.8395 - accuracy: 0.3433
25/98 [======>.......................] - ETA: 27s - loss: 1.8347 - accuracy: 0.3448
26/98 [======>.......................] - ETA: 26s - loss: 1.8319 - accuracy: 0.3450
27/98 [=======>......................] - ETA: 26s - loss: 1.8327 - accuracy: 0.3456
28/98 [=======>......................] - ETA: 26s - loss: 1.8303 - accuracy: 0.3470
29/98 [=======>......................] - ETA: 25s - loss: 1.8356 - accuracy: 0.3464
30/98 [========>.....................] - ETA: 25s - loss: 1.8360 - accuracy: 0.3464
31/98 [========>.....................] - ETA: 24s - loss: 1.8328 - accuracy: 0.3482
32/98 [========>.....................] - ETA: 24s - loss: 1.8350 - accuracy: 0.3473
33/98 [=========>....................] - ETA: 24s - loss: 1.8329 - accuracy: 0.3474
34/98 [=========>....................] - ETA: 23s - loss: 1.8346 - accuracy: 0.3463
35/98 [=========>....................] - ETA: 23s - loss: 1.8341 - accuracy: 0.3463
36/98 [==========>...................] - ETA: 23s - loss: 1.8315 - accuracy: 0.3467
37/98 [==========>...................] - ETA: 22s - loss: 1.8304 - accuracy: 0.3463
