2024-06-25 22:14:37.870528: I tensorflow/core/platform/cpu_feature_guard.cc:193] This TensorFlow binary is optimized with oneAPI Deep Neural Network Library (oneDNN) to use the following CPU instructions in performance-critical operations:  AVX AVX2
To enable them in other operations, rebuild TensorFlow with the appropriate compiler flags.
2024-06-25 22:14:39.145785: I tensorflow/core/common_runtime/gpu/gpu_device.cc:1616] Created device /job:localhost/replica:0/task:0/device:GPU:0 with 6656 MB memory:  -> device: 0, name: NVIDIA GeForce RTX 4060 Ti, pci bus id: 0000:01:00.0, compute capability: 8.9
1 Physical GPUs, 1 Logical GPUs
Model: "sequential"
_________________________________________________________________
 Layer (type)                Output Shape              Param #   
=================================================================
 conv2d (Conv2D)             (None, 32, 32, 32)        896       
                                                                 
 max_pooling2d (MaxPooling2D  (None, 16, 16, 32)       0         
 )                                                               
                                                                 
 batch_normalization (BatchN  (None, 16, 16, 32)       128       
 ormalization)                                                   
                                                                 
 conv2d_1 (Conv2D)           (None, 16, 16, 256)       663808    
                                                                 
 conv2d_2 (Conv2D)           (None, 16, 16, 64)        1982528   
                                                                 
 max_pooling2d_1 (MaxPooling  (None, 8, 8, 64)         0         
 2D)                                                             
                                                                 
 conv2d_3 (Conv2D)           (None, 8, 8, 256)         803072    
                                                                 
 max_pooling2d_2 (MaxPooling  (None, 4, 4, 256)        0         
 2D)                                                             
                                                                 
 dropout (Dropout)           (None, 4, 4, 256)         0         
                                                                 
 flatten (Flatten)           (None, 4096)              0         
                                                                 
 dense (Dense)               (None, 10)                40970     
                                                                 
=================================================================
Total params: 3,491,402
Trainable params: 3,491,338
Non-trainable params: 64
_________________________________________________________________
Taxa de aprendizado:  0.001 Num de épocas:  203 Tamanho do lote:  512 Dropout:  0.23811
Epoch 1/203
2024-06-25 22:14:41.416808: I tensorflow/stream_executor/cuda/cuda_dnn.cc:384] Loaded cuDNN version 8100
2024-06-25 22:14:43.319063: W tensorflow/stream_executor/gpu/redzone_allocator.cc:314] INTERNAL: ptxas exited with non-zero error code -1, output: 
Relying on driver to perform ptx compilation. 
Modify $PATH to customize ptxas location.
This message will be only logged once.
2024-06-25 22:14:47.480723: I tensorflow/stream_executor/cuda/cuda_blas.cc:1614] TensorFloat-32 will be used for the matrix multiplication. This will only be logged once.

 1/98 [..............................] - ETA: 41:00 - loss: 2.3264 - accuracy: 0.1055
 2/98 [..............................] - ETA: 37s - loss: 2.9384 - accuracy: 0.1055  
 3/98 [..............................] - ETA: 37s - loss: 2.7244 - accuracy: 0.1074
 4/98 [>.............................] - ETA: 36s - loss: 2.6095 - accuracy: 0.1025
 5/98 [>.............................] - ETA: 36s - loss: 2.5493 - accuracy: 0.1012
 6/98 [>.............................] - ETA: 35s - loss: 2.4980 - accuracy: 0.1191
 7/98 [=>............................] - ETA: 35s - loss: 2.4631 - accuracy: 0.1228
 8/98 [=>............................] - ETA: 34s - loss: 2.4376 - accuracy: 0.1304
 9/98 [=>............................] - ETA: 34s - loss: 2.4168 - accuracy: 0.1319
10/98 [==>...........................] - ETA: 34s - loss: 2.3987 - accuracy: 0.1330
11/98 [==>...........................] - ETA: 33s - loss: 2.3798 - accuracy: 0.1357
12/98 [==>...........................] - ETA: 33s - loss: 2.3676 - accuracy: 0.1393
13/98 [==>...........................] - ETA: 33s - loss: 2.3522 - accuracy: 0.1447
14/98 [===>..........................] - ETA: 32s - loss: 2.3391 - accuracy: 0.1496
15/98 [===>..........................] - ETA: 32s - loss: 2.3254 - accuracy: 0.1539
16/98 [===>..........................] - ETA: 31s - loss: 2.3155 - accuracy: 0.1560
17/98 [====>.........................] - ETA: 31s - loss: 2.3062 - accuracy: 0.1599
18/98 [====>.........................] - ETA: 31s - loss: 2.2969 - accuracy: 0.1627
19/98 [====>.........................] - ETA: 30s - loss: 2.2872 - accuracy: 0.1674
20/98 [=====>........................] - ETA: 30s - loss: 2.2771 - accuracy: 0.1711
21/98 [=====>........................] - ETA: 29s - loss: 2.2702 - accuracy: 0.1732
22/98 [=====>........................] - ETA: 29s - loss: 2.2606 - accuracy: 0.1771
23/98 [======>.......................] - ETA: 1:11 - loss: 2.2536 - accuracy: 0.1799
24/98 [======>.......................] - ETA: 1:08 - loss: 2.2439 - accuracy: 0.1830
25/98 [======>.......................] - ETA: 1:05 - loss: 2.2348 - accuracy: 0.1861
26/98 [======>.......................] - ETA: 1:03 - loss: 2.2232 - accuracy: 0.1912
27/98 [=======>......................] - ETA: 1:01 - loss: 2.2141 - accuracy: 0.1945
28/98 [=======>......................] - ETA: 59s - loss: 2.2060 - accuracy: 0.1984 
29/98 [=======>......................] - ETA: 57s - loss: 2.1985 - accuracy: 0.2010
30/98 [========>.....................] - ETA: 55s - loss: 2.1891 - accuracy: 0.2041
31/98 [========>.....................] - ETA: 53s - loss: 2.1797 - accuracy: 0.2067
32/98 [========>.....................] - ETA: 51s - loss: 2.1685 - accuracy: 0.2109
33/98 [=========>....................] - ETA: 50s - loss: 2.1591 - accuracy: 0.2141
34/98 [=========>....................] - ETA: 48s - loss: 2.1478 - accuracy: 0.2176
35/98 [=========>....................] - ETA: 47s - loss: 2.1378 - accuracy: 0.2208
36/98 [==========>...................] - ETA: 45s - loss: 2.1283 - accuracy: 0.2233
37/98 [==========>...................] - ETA: 44s - loss: 2.1180 - accuracy: 0.2263
38/98 [==========>...................] - ETA: 43s - loss: 2.1087 - accuracy: 0.2288
39/98 [==========>...................] - ETA: 42s - loss: 2.0988 - accuracy: 0.2322
40/98 [===========>..................] - ETA: 40s - loss: 2.0895 - accuracy: 0.2358
41/98 [===========>..................] - ETA: 39s - loss: 2.0815 - accuracy: 0.2382
42/98 [===========>..................] - ETA: 38s - loss: 2.0728 - accuracy: 0.2415
43/98 [============>.................] - ETA: 37s - loss: 2.0653 - accuracy: 0.2438
44/98 [============>.................] - ETA: 36s - loss: 2.0569 - accuracy: 0.2469
45/98 [============>.................] - ETA: 35s - loss: 2.0492 - accuracy: 0.2497
46/98 [=============>................] - ETA: 34s - loss: 2.0414 - accuracy: 0.2527
47/98 [=============>................] - ETA: 33s - loss: 2.0319 - accuracy: 0.2563
48/98 [=============>................] - ETA: 32s - loss: 2.0249 - accuracy: 0.2582
49/98 [==============>...............] - ETA: 31s - loss: 2.0195 - accuracy: 0.2606
50/98 [==============>...............] - ETA: 30s - loss: 2.0111 - accuracy: 0.2627
51/98 [==============>...............] - ETA: 29s - loss: 2.0026 - accuracy: 0.2653
52/98 [==============>...............] - ETA: 29s - loss: 1.9951 - accuracy: 0.2676
53/98 [===============>..............] - ETA: 28s - loss: 1.9883 - accuracy: 0.2702
54/98 [===============>..............] - ETA: 27s - loss: 1.9798 - accuracy: 0.2734
55/98 [===============>..............] - ETA: 26s - loss: 1.9743 - accuracy: 0.2749
56/98 [================>.............] - ETA: 25s - loss: 1.9676 - accuracy: 0.2772
57/98 [================>.............] - ETA: 25s - loss: 1.9605 - accuracy: 0.2789
58/98 [================>.............] - ETA: 24s - loss: 1.9531 - accuracy: 0.2815
59/98 [=================>............] - ETA: 23s - loss: 1.9464 - accuracy: 0.2841
60/98 [=================>............] - ETA: 22s - loss: 1.9401 - accuracy: 0.2864
61/98 [=================>............] - ETA: 22s - loss: 1.9332 - accuracy: 0.2889
62/98 [=================>............] - ETA: 21s - loss: 1.9289 - accuracy: 0.2910
63/98 [==================>...........] - ETA: 20s - loss: 1.9227 - accuracy: 0.2935
64/98 [==================>...........] - ETA: 19s - loss: 1.9168 - accuracy: 0.2953
65/98 [==================>...........] - ETA: 19s - loss: 1.9101 - accuracy: 0.2980
66/98 [===================>..........] - ETA: 18s - loss: 1.9045 - accuracy: 0.3001
67/98 [===================>..........] - ETA: 17s - loss: 1.8978 - accuracy: 0.3024
68/98 [===================>..........] - ETA: 17s - loss: 1.8918 - accuracy: 0.3043
69/98 [====================>.........] - ETA: 16s - loss: 1.8856 - accuracy: 0.3068
70/98 [====================>.........] - ETA: 15s - loss: 1.8801 - accuracy: 0.3086
71/98 [====================>.........] - ETA: 15s - loss: 1.8744 - accuracy: 0.3104
72/98 [=====================>........] - ETA: 14s - loss: 1.8693 - accuracy: 0.3119
73/98 [=====================>........] - ETA: 14s - loss: 1.8634 - accuracy: 0.3139
74/98 [=====================>........] - ETA: 13s - loss: 1.8582 - accuracy: 0.3161
75/98 [=====================>........] - ETA: 12s - loss: 1.8524 - accuracy: 0.3180
76/98 [======================>.......] - ETA: 12s - loss: 1.8470 - accuracy: 0.3202
77/98 [======================>.......] - ETA: 11s - loss: 1.8418 - accuracy: 0.3223
78/98 [======================>.......] - ETA: 10s - loss: 1.8373 - accuracy: 0.3239
79/98 [=======================>......] - ETA: 10s - loss: 1.8328 - accuracy: 0.3257
80/98 [=======================>......] - ETA: 9s - loss: 1.8281 - accuracy: 0.3276 
81/98 [=======================>......] - ETA: 9s - loss: 1.8237 - accuracy: 0.3292
82/98 [========================>.....] - ETA: 8s - loss: 1.8192 - accuracy: 0.3309
83/98 [========================>.....] - ETA: 8s - loss: 1.8145 - accuracy: 0.3326
84/98 [========================>.....] - ETA: 7s - loss: 1.8105 - accuracy: 0.3340
85/98 [=========================>....] - ETA: 6s - loss: 1.8059 - accuracy: 0.3361
86/98 [=========================>....] - ETA: 6s - loss: 1.8011 - accuracy: 0.3375
87/98 [=========================>....] - ETA: 5s - loss: 1.7958 - accuracy: 0.3396
88/98 [=========================>....] - ETA: 5s - loss: 1.7912 - accuracy: 0.3414
89/98 [==========================>...] - ETA: 4s - loss: 1.7862 - accuracy: 0.3430
90/98 [==========================>...] - ETA: 4s - loss: 1.7811 - accuracy: 0.3450
91/98 [==========================>...] - ETA: 3s - loss: 1.7760 - accuracy: 0.3467
92/98 [===========================>..] - ETA: 3s - loss: 1.7724 - accuracy: 0.3479
93/98 [===========================>..] - ETA: 2s - loss: 1.7677 - accuracy: 0.3495
94/98 [===========================>..] - ETA: 2s - loss: 1.7629 - accuracy: 0.3513
95/98 [============================>.] - ETA: 1s - loss: 1.7585 - accuracy: 0.3529
96/98 [============================>.] - ETA: 1s - loss: 1.7539 - accuracy: 0.3546
97/98 [============================>.] - ETA: 0s - loss: 1.7502 - accuracy: 0.3560
98/98 [==============================] - ETA: 0s - loss: 1.7459 - accuracy: 0.3576
98/98 [==============================] - 79s 552ms/step - loss: 1.7459 - accuracy: 0.3576 - val_loss: 2.0895 - val_accuracy: 0.3980
Epoch 2/203

 1/98 [..............................] - ETA: 38s - loss: 1.4044 - accuracy: 0.4961
 2/98 [..............................] - ETA: 37s - loss: 1.3466 - accuracy: 0.5117
 3/98 [..............................] - ETA: 37s - loss: 1.3305 - accuracy: 0.5195
 4/98 [>.............................] - ETA: 36s - loss: 1.3620 - accuracy: 0.5078
 5/98 [>.............................] - ETA: 36s - loss: 1.3441 - accuracy: 0.5117
 6/98 [>.............................] - ETA: 35s - loss: 1.3410 - accuracy: 0.5101
 7/98 [=>............................] - ETA: 35s - loss: 1.3360 - accuracy: 0.5134
 8/98 [=>............................] - ETA: 35s - loss: 1.3284 - accuracy: 0.5129
 9/98 [=>............................] - ETA: 34s - loss: 1.3209 - accuracy: 0.5163
10/98 [==>...........................] - ETA: 34s - loss: 1.3241 - accuracy: 0.5156
11/98 [==>...........................] - ETA: 33s - loss: 1.3262 - accuracy: 0.5153
12/98 [==>...........................] - ETA: 33s - loss: 1.3267 - accuracy: 0.5143
13/98 [==>...........................] - ETA: 33s - loss: 1.3211 - accuracy: 0.5165
14/98 [===>..........................] - ETA: 32s - loss: 1.3182 - accuracy: 0.5159
15/98 [===>..........................] - ETA: 32s - loss: 1.3135 - accuracy: 0.5181
16/98 [===>..........................] - ETA: 31s - loss: 1.3101 - accuracy: 0.5187
17/98 [====>.........................] - ETA: 31s - loss: 1.3088 - accuracy: 0.5185
18/98 [====>.........................] - ETA: 31s - loss: 1.3023 - accuracy: 0.5218
19/98 [====>.........................] - ETA: 30s - loss: 1.3030 - accuracy: 0.5225
20/98 [=====>........................] - ETA: 30s - loss: 1.3006 - accuracy: 0.5216
21/98 [=====>........................] - ETA: 30s - loss: 1.3011 - accuracy: 0.5206
22/98 [=====>........................] - ETA: 29s - loss: 1.3045 - accuracy: 0.5194
23/98 [======>.......................] - ETA: 29s - loss: 1.3034 - accuracy: 0.5198
24/98 [======>.......................] - ETA: 28s - loss: 1.2985 - accuracy: 0.5220
25/98 [======>.......................] - ETA: 28s - loss: 1.2977 - accuracy: 0.5228
26/98 [======>.......................] - ETA: 28s - loss: 1.2954 - accuracy: 0.5244
27/98 [=======>......................] - ETA: 27s - loss: 1.2930 - accuracy: 0.5252
28/98 [=======>......................] - ETA: 27s - loss: 1.2901 - accuracy: 0.5268
29/98 [=======>......................] - ETA: 26s - loss: 1.2897 - accuracy: 0.5277
30/98 [========>.....................] - ETA: 26s - loss: 1.2870 - accuracy: 0.5288
31/98 [========>.....................] - ETA: 26s - loss: 1.2835 - accuracy: 0.5301
32/98 [========>.....................] - ETA: 25s - loss: 1.2783 - accuracy: 0.5319
33/98 [=========>....................] - ETA: 25s - loss: 1.2761 - accuracy: 0.5323
34/98 [=========>....................] - ETA: 24s - loss: 1.2748 - accuracy: 0.5327
35/98 [=========>....................] - ETA: 24s - loss: 1.2735 - accuracy: 0.5334
36/98 [==========>...................] - ETA: 24s - loss: 1.2718 - accuracy: 0.5347
37/98 [==========>...................] - ETA: 23s - loss: 1.2721 - accuracy: 0.5355
38/98 [==========>...................] - ETA: 23s - loss: 1.2715 - accuracy: 0.5357
39/98 [==========>...................] - ETA: 23s - loss: 1.2696 - accuracy: 0.5359
40/98 [===========>..................] - ETA: 22s - loss: 1.2690 - accuracy: 0.5358
41/98 [===========>..................] - ETA: 22s - loss: 1.2652 - accuracy: 0.5370
42/98 [===========>..................] - ETA: 21s - loss: 1.2637 - accuracy: 0.5372
43/98 [============>.................] - ETA: 21s - loss: 1.2628 - accuracy: 0.5371
44/98 [============>.................] - ETA: 21s - loss: 1.2620 - accuracy: 0.5381
45/98 [============>.................] - ETA: 20s - loss: 1.2621 - accuracy: 0.5382
46/98 [=============>................] - ETA: 20s - loss: 1.2616 - accuracy: 0.5383
47/98 [=============>................] - ETA: 19s - loss: 1.2591 - accuracy: 0.5396
48/98 [=============>................] - ETA: 19s - loss: 1.2594 - accuracy: 0.5404
49/98 [==============>...............] - ETA: 19s - loss: 1.2583 - accuracy: 0.5402
50/98 [==============>...............] - ETA: 18s - loss: 1.2546 - accuracy: 0.5421
51/98 [==============>...............] - ETA: 18s - loss: 1.2529 - accuracy: 0.5428
52/98 [==============>...............] - ETA: 17s - loss: 1.2508 - accuracy: 0.5431
53/98 [===============>..............] - ETA: 17s - loss: 1.2511 - accuracy: 0.5433
54/98 [===============>..............] - ETA: 17s - loss: 1.2497 - accuracy: 0.5442
55/98 [===============>..............] - ETA: 16s - loss: 1.2462 - accuracy: 0.5453
56/98 [================>.............] - ETA: 16s - loss: 1.2450 - accuracy: 0.5456
57/98 [================>.............] - ETA: 15s - loss: 1.2440 - accuracy: 0.5458
58/98 [================>.............] - ETA: 15s - loss: 1.2436 - accuracy: 0.5460
59/98 [=================>............] - ETA: 15s - loss: 1.2415 - accuracy: 0.5470
60/98 [=================>............] - ETA: 14s - loss: 1.2410 - accuracy: 0.5474
61/98 [=================>............] - ETA: 14s - loss: 1.2396 - accuracy: 0.5481
62/98 [=================>............] - ETA: 13s - loss: 1.2379 - accuracy: 0.5487
63/98 [==================>...........] - ETA: 13s - loss: 1.2357 - accuracy: 0.5498
64/98 [==================>...........] - ETA: 13s - loss: 1.2342 - accuracy: 0.5505
65/98 [==================>...........] - ETA: 12s - loss: 1.2327 - accuracy: 0.5510
66/98 [===================>..........] - ETA: 12s - loss: 1.2321 - accuracy: 0.5513
67/98 [===================>..........] - ETA: 12s - loss: 1.2295 - accuracy: 0.5517
68/98 [===================>..........] - ETA: 11s - loss: 1.2279 - accuracy: 0.5526
69/98 [====================>.........] - ETA: 11s - loss: 1.2274 - accuracy: 0.5526
70/98 [====================>.........] - ETA: 10s - loss: 1.2256 - accuracy: 0.5532
71/98 [====================>.........] - ETA: 10s - loss: 1.2237 - accuracy: 0.5540
72/98 [=====================>........] - ETA: 10s - loss: 1.2227 - accuracy: 0.5543
73/98 [=====================>........] - ETA: 9s - loss: 1.2208 - accuracy: 0.5553 
74/98 [=====================>........] - ETA: 9s - loss: 1.2187 - accuracy: 0.5560
75/98 [=====================>........] - ETA: 8s - loss: 1.2173 - accuracy: 0.5568
76/98 [======================>.......] - ETA: 8s - loss: 1.2168 - accuracy: 0.5569
77/98 [======================>.......] - ETA: 8s - loss: 1.2151 - accuracy: 0.5576
78/98 [======================>.......] - ETA: 7s - loss: 1.2139 - accuracy: 0.5581
79/98 [=======================>......] - ETA: 7s - loss: 1.2124 - accuracy: 0.5589
80/98 [=======================>......] - ETA: 6s - loss: 1.2104 - accuracy: 0.5594
81/98 [=======================>......] - ETA: 6s - loss: 1.2099 - accuracy: 0.5593
82/98 [========================>.....] - ETA: 6s - loss: 1.2102 - accuracy: 0.5593
83/98 [========================>.....] - ETA: 5s - loss: 1.2085 - accuracy: 0.5601
84/98 [========================>.....] - ETA: 5s - loss: 1.2074 - accuracy: 0.5606
85/98 [=========================>....] - ETA: 5s - loss: 1.2053 - accuracy: 0.5613
86/98 [=========================>....] - ETA: 4s - loss: 1.2044 - accuracy: 0.5617
87/98 [=========================>....] - ETA: 4s - loss: 1.2030 - accuracy: 0.5624
88/98 [=========================>....] - ETA: 3s - loss: 1.2014 - accuracy: 0.5630
89/98 [==========================>...] - ETA: 3s - loss: 1.2003 - accuracy: 0.5635
90/98 [==========================>...] - ETA: 3s - loss: 1.1992 - accuracy: 0.5641
91/98 [==========================>...] - ETA: 2s - loss: 1.1968 - accuracy: 0.5653
92/98 [===========================>..] - ETA: 2s - loss: 1.1963 - accuracy: 0.5656
93/98 [===========================>..] - ETA: 1s - loss: 1.1950 - accuracy: 0.5659
94/98 [===========================>..] - ETA: 1s - loss: 1.1940 - accuracy: 0.5661
95/98 [============================>.] - ETA: 1s - loss: 1.1936 - accuracy: 0.5665
96/98 [============================>.] - ETA: 0s - loss: 1.1928 - accuracy: 0.5666
97/98 [============================>.] - ETA: 0s - loss: 1.1911 - accuracy: 0.5673
98/98 [==============================] - ETA: 0s - loss: 1.1905 - accuracy: 0.5677
98/98 [==============================] - 41s 416ms/step - loss: 1.1905 - accuracy: 0.5677 - val_loss: 1.9832 - val_accuracy: 0.4256
Epoch 3/203

 1/98 [..............................] - ETA: 39s - loss: 1.0931 - accuracy: 0.5977
 2/98 [..............................] - ETA: 37s - loss: 1.0992 - accuracy: 0.6113
 3/98 [..............................] - ETA: 37s - loss: 1.0865 - accuracy: 0.6100
 4/98 [>.............................] - ETA: 36s - loss: 1.0787 - accuracy: 0.6133
 5/98 [>.............................] - ETA: 36s - loss: 1.0602 - accuracy: 0.6219
 6/98 [>.............................] - ETA: 35s - loss: 1.0504 - accuracy: 0.6240
 7/98 [=>............................] - ETA: 35s - loss: 1.0504 - accuracy: 0.6250
 8/98 [=>............................] - ETA: 35s - loss: 1.0461 - accuracy: 0.6265
 9/98 [=>............................] - ETA: 34s - loss: 1.0368 - accuracy: 0.6298
10/98 [==>...........................] - ETA: 34s - loss: 1.0348 - accuracy: 0.6291
11/98 [==>...........................] - ETA: 33s - loss: 1.0327 - accuracy: 0.6312
12/98 [==>...........................] - ETA: 33s - loss: 1.0329 - accuracy: 0.6302
13/98 [==>...........................] - ETA: 33s - loss: 1.0318 - accuracy: 0.6309
14/98 [===>..........................] - ETA: 32s - loss: 1.0304 - accuracy: 0.6309
15/98 [===>..........................] - ETA: 32s - loss: 1.0290 - accuracy: 0.6331
16/98 [===>..........................] - ETA: 31s - loss: 1.0307 - accuracy: 0.6311
17/98 [====>.........................] - ETA: 31s - loss: 1.0263 - accuracy: 0.6329
18/98 [====>.........................] - ETA: 30s - loss: 1.0268 - accuracy: 0.6322
19/98 [====>.........................] - ETA: 30s - loss: 1.0230 - accuracy: 0.6335
20/98 [=====>........................] - ETA: 29s - loss: 1.0214 - accuracy: 0.6333
21/98 [=====>........................] - ETA: 29s - loss: 1.0189 - accuracy: 0.6345
22/98 [=====>........................] - ETA: 29s - loss: 1.0171 - accuracy: 0.6350
23/98 [======>.......................] - ETA: 28s - loss: 1.0129 - accuracy: 0.6375
24/98 [======>.......................] - ETA: 28s - loss: 1.0114 - accuracy: 0.6382
25/98 [======>.......................] - ETA: 28s - loss: 1.0148 - accuracy: 0.6367
26/98 [======>.......................] - ETA: 27s - loss: 1.0157 - accuracy: 0.6370
27/98 [=======>......................] - ETA: 27s - loss: 1.0151 - accuracy: 0.6373
28/98 [=======>......................] - ETA: 26s - loss: 1.0149 - accuracy: 0.6379
29/98 [=======>......................] - ETA: 26s - loss: 1.0158 - accuracy: 0.6376
30/98 [========>.....................] - ETA: 26s - loss: 1.0151 - accuracy: 0.6374
31/98 [========>.....................] - ETA: 25s - loss: 1.0155 - accuracy: 0.6372
32/98 [========>.....................] - ETA: 25s - loss: 1.0133 - accuracy: 0.6378
33/98 [=========>....................] - ETA: 25s - loss: 1.0108 - accuracy: 0.6385
34/98 [=========>....................] - ETA: 24s - loss: 1.0106 - accuracy: 0.6384
35/98 [=========>....................] - ETA: 24s - loss: 1.0096 - accuracy: 0.6391
36/98 [==========>...................] - ETA: 23s - loss: 1.0088 - accuracy: 0.6397
37/98 [==========>...................] - ETA: 23s - loss: 1.0112 - accuracy: 0.6390
38/98 [==========>...................] - ETA: 23s - loss: 1.0079 - accuracy: 0.6404
39/98 [==========>...................] - ETA: 22s - loss: 1.0063 - accuracy: 0.6411
40/98 [===========>..................] - ETA: 22s - loss: 1.0055 - accuracy: 0.6415
41/98 [===========>..................] - ETA: 22s - loss: 1.0051 - accuracy: 0.6418
42/98 [===========>..................] - ETA: 21s - loss: 1.0050 - accuracy: 0.6416
43/98 [============>.................] - ETA: 21s - loss: 1.0021 - accuracy: 0.6426
44/98 [============>.................] - ETA: 20s - loss: 1.0026 - accuracy: 0.6425
45/98 [============>.................] - ETA: 20s - loss: 1.0019 - accuracy: 0.6434
46/98 [=============>................] - ETA: 20s - loss: 1.0015 - accuracy: 0.6435
47/98 [=============>................] - ETA: 19s - loss: 0.9993 - accuracy: 0.6438
48/98 [=============>................] - ETA: 19s - loss: 0.9979 - accuracy: 0.6442
49/98 [==============>...............] - ETA: 18s - loss: 0.9980 - accuracy: 0.6446
50/98 [==============>...............] - ETA: 18s - loss: 0.9976 - accuracy: 0.6449
51/98 [==============>...............] - ETA: 18s - loss: 0.9979 - accuracy: 0.6445
52/98 [==============>...............] - ETA: 17s - loss: 0.9983 - accuracy: 0.6441
53/98 [===============>..............] - ETA: 17s - loss: 0.9986 - accuracy: 0.6440
54/98 [===============>..............] - ETA: 17s - loss: 0.9979 - accuracy: 0.6445
55/98 [===============>..............] - ETA: 16s - loss: 0.9967 - accuracy: 0.6450
56/98 [================>.............] - ETA: 16s - loss: 0.9970 - accuracy: 0.6448
57/98 [================>.............] - ETA: 15s - loss: 0.9963 - accuracy: 0.6450
58/98 [================>.............] - ETA: 15s - loss: 0.9951 - accuracy: 0.6453
59/98 [=================>............] - ETA: 15s - loss: 0.9949 - accuracy: 0.6452
60/98 [=================>............] - ETA: 14s - loss: 0.9947 - accuracy: 0.6449
61/98 [=================>............] - ETA: 14s - loss: 0.9945 - accuracy: 0.6452
62/98 [=================>............] - ETA: 13s - loss: 0.9941 - accuracy: 0.6451
63/98 [==================>...........] - ETA: 13s - loss: 0.9937 - accuracy: 0.6453
64/98 [==================>...........] - ETA: 13s - loss: 0.9931 - accuracy: 0.6454
65/98 [==================>...........] - ETA: 12s - loss: 0.9936 - accuracy: 0.6453
66/98 [===================>..........] - ETA: 12s - loss: 0.9938 - accuracy: 0.6451
67/98 [===================>..........] - ETA: 12s - loss: 0.9935 - accuracy: 0.6456
68/98 [===================>..........] - ETA: 11s - loss: 0.9931 - accuracy: 0.6458
69/98 [====================>.........] - ETA: 11s - loss: 0.9930 - accuracy: 0.6461
70/98 [====================>.........] - ETA: 10s - loss: 0.9921 - accuracy: 0.6464
71/98 [====================>.........] - ETA: 10s - loss: 0.9926 - accuracy: 0.6463
72/98 [=====================>........] - ETA: 10s - loss: 0.9927 - accuracy: 0.6465
73/98 [=====================>........] - ETA: 9s - loss: 0.9919 - accuracy: 0.6470 
74/98 [=====================>........] - ETA: 9s - loss: 0.9921 - accuracy: 0.6471
75/98 [=====================>........] - ETA: 8s - loss: 0.9917 - accuracy: 0.6473
76/98 [======================>.......] - ETA: 8s - loss: 0.9915 - accuracy: 0.6471
77/98 [======================>.......] - ETA: 8s - loss: 0.9911 - accuracy: 0.6471
78/98 [======================>.......] - ETA: 7s - loss: 0.9899 - accuracy: 0.6475
79/98 [=======================>......] - ETA: 7s - loss: 0.9889 - accuracy: 0.6477
80/98 [=======================>......] - ETA: 6s - loss: 0.9886 - accuracy: 0.6481
81/98 [=======================>......] - ETA: 6s - loss: 0.9882 - accuracy: 0.6483
82/98 [========================>.....] - ETA: 6s - loss: 0.9875 - accuracy: 0.6484
83/98 [========================>.....] - ETA: 5s - loss: 0.9872 - accuracy: 0.6485
84/98 [========================>.....] - ETA: 5s - loss: 0.9868 - accuracy: 0.6486
85/98 [=========================>....] - ETA: 5s - loss: 0.9870 - accuracy: 0.6486
86/98 [=========================>....] - ETA: 4s - loss: 0.9855 - accuracy: 0.6491
87/98 [=========================>....] - ETA: 4s - loss: 0.9840 - accuracy: 0.6497
88/98 [=========================>....] - ETA: 3s - loss: 0.9832 - accuracy: 0.6499
89/98 [==========================>...] - ETA: 3s - loss: 0.9832 - accuracy: 0.6498
90/98 [==========================>...] - ETA: 3s - loss: 0.9833 - accuracy: 0.6497
91/98 [==========================>...] - ETA: 2s - loss: 0.9828 - accuracy: 0.6498
92/98 [===========================>..] - ETA: 2s - loss: 0.9833 - accuracy: 0.6497
93/98 [===========================>..] - ETA: 1s - loss: 0.9827 - accuracy: 0.6499
94/98 [===========================>..] - ETA: 1s - loss: 0.9829 - accuracy: 0.6501
95/98 [============================>.] - ETA: 1s - loss: 0.9829 - accuracy: 0.6503
96/98 [============================>.] - ETA: 0s - loss: 0.9818 - accuracy: 0.6507
97/98 [============================>.] - ETA: 0s - loss: 0.9816 - accuracy: 0.6507
98/98 [==============================] - ETA: 0s - loss: 0.9804 - accuracy: 0.6510
98/98 [==============================] - 41s 416ms/step - loss: 0.9804 - accuracy: 0.6510 - val_loss: 1.8557 - val_accuracy: 0.5407
Epoch 4/203

 1/98 [..............................] - ETA: 39s - loss: 0.8669 - accuracy: 0.6953
 2/98 [..............................] - ETA: 37s - loss: 0.9019 - accuracy: 0.6797
 3/98 [..............................] - ETA: 37s - loss: 0.9054 - accuracy: 0.6764
 4/98 [>.............................] - ETA: 36s - loss: 0.8967 - accuracy: 0.6772
 5/98 [>.............................] - ETA: 36s - loss: 0.9009 - accuracy: 0.6785
 6/98 [>.............................] - ETA: 35s - loss: 0.8779 - accuracy: 0.6885
 7/98 [=>............................] - ETA: 35s - loss: 0.8714 - accuracy: 0.6875
 8/98 [=>............................] - ETA: 34s - loss: 0.8620 - accuracy: 0.6892
 9/98 [=>............................] - ETA: 34s - loss: 0.8561 - accuracy: 0.6912
10/98 [==>...........................] - ETA: 34s - loss: 0.8549 - accuracy: 0.6916
11/98 [==>...........................] - ETA: 33s - loss: 0.8546 - accuracy: 0.6911
12/98 [==>...........................] - ETA: 33s - loss: 0.8522 - accuracy: 0.6921
13/98 [==>...........................] - ETA: 33s - loss: 0.8542 - accuracy: 0.6934
14/98 [===>..........................] - ETA: 32s - loss: 0.8547 - accuracy: 0.6936
15/98 [===>..........................] - ETA: 32s - loss: 0.8530 - accuracy: 0.6947
16/98 [===>..........................] - ETA: 31s - loss: 0.8512 - accuracy: 0.6946
17/98 [====>.........................] - ETA: 31s - loss: 0.8484 - accuracy: 0.6966
18/98 [====>.........................] - ETA: 31s - loss: 0.8526 - accuracy: 0.6952
19/98 [====>.........................] - ETA: 30s - loss: 0.8513 - accuracy: 0.6961
20/98 [=====>........................] - ETA: 30s - loss: 0.8527 - accuracy: 0.6962
21/98 [=====>........................] - ETA: 30s - loss: 0.8543 - accuracy: 0.6964
22/98 [=====>........................] - ETA: 29s - loss: 0.8537 - accuracy: 0.6962
23/98 [======>.......................] - ETA: 29s - loss: 0.8509 - accuracy: 0.6973
24/98 [======>.......................] - ETA: 28s - loss: 0.8499 - accuracy: 0.6972
25/98 [======>.......................] - ETA: 28s - loss: 0.8496 - accuracy: 0.6981
26/98 [======>.......................] - ETA: 28s - loss: 0.8488 - accuracy: 0.6979
27/98 [=======>......................] - ETA: 27s - loss: 0.8466 - accuracy: 0.6982
28/98 [=======>......................] - ETA: 27s - loss: 0.8472 - accuracy: 0.6979
29/98 [=======>......................] - ETA: 26s - loss: 0.8468 - accuracy: 0.6980
30/98 [========>.....................] - ETA: 26s - loss: 0.8470 - accuracy: 0.6977
31/98 [========>.....................] - ETA: 26s - loss: 0.8446 - accuracy: 0.6985
32/98 [========>.....................] - ETA: 25s - loss: 0.8450 - accuracy: 0.6982
33/98 [=========>....................] - ETA: 25s - loss: 0.8451 - accuracy: 0.6980
34/98 [=========>....................] - ETA: 24s - loss: 0.8461 - accuracy: 0.6973
35/98 [=========>....................] - ETA: 24s - loss: 0.8457 - accuracy: 0.6973
36/98 [==========>...................] - ETA: 24s - loss: 0.8481 - accuracy: 0.6959
37/98 [==========>...................] - ETA: 23s - loss: 0.8478 - accuracy: 0.6957
38/98 [==========>...................] - ETA: 23s - loss: 0.8481 - accuracy: 0.6953
39/98 [==========>...................] - ETA: 22s - loss: 0.8475 - accuracy: 0.6956
40/98 [===========>..................] - ETA: 22s - loss: 0.8467 - accuracy: 0.6961
41/98 [===========>..................] - ETA: 22s - loss: 0.8452 - accuracy: 0.6964
42/98 [===========>..................] - ETA: 21s - loss: 0.8433 - accuracy: 0.6965
43/98 [============>.................] - ETA: 21s - loss: 0.8431 - accuracy: 0.6965
44/98 [============>.................] - ETA: 21s - loss: 0.8428 - accuracy: 0.6963
45/98 [============>.................] - ETA: 20s - loss: 0.8435 - accuracy: 0.6967
46/98 [=============>................] - ETA: 20s - loss: 0.8433 - accuracy: 0.6968
47/98 [=============>................] - ETA: 19s - loss: 0.8422 - accuracy: 0.6975
48/98 [=============>................] - ETA: 19s - loss: 0.8440 - accuracy: 0.6971
49/98 [==============>...............] - ETA: 19s - loss: 0.8432 - accuracy: 0.6973
50/98 [==============>...............] - ETA: 18s - loss: 0.8435 - accuracy: 0.6970
51/98 [==============>...............] - ETA: 18s - loss: 0.8426 - accuracy: 0.6972
52/98 [==============>...............] - ETA: 17s - loss: 0.8415 - accuracy: 0.6974
53/98 [===============>..............] - ETA: 17s - loss: 0.8431 - accuracy: 0.6962
54/98 [===============>..............] - ETA: 17s - loss: 0.8419 - accuracy: 0.6967
55/98 [===============>..............] - ETA: 16s - loss: 0.8430 - accuracy: 0.6965
56/98 [================>.............] - ETA: 16s - loss: 0.8431 - accuracy: 0.6967
57/98 [================>.............] - ETA: 15s - loss: 0.8427 - accuracy: 0.6969
58/98 [================>.............] - ETA: 15s - loss: 0.8420 - accuracy: 0.6976
59/98 [=================>............] - ETA: 15s - loss: 0.8416 - accuracy: 0.6978
60/98 [=================>............] - ETA: 14s - loss: 0.8414 - accuracy: 0.6977
61/98 [=================>............] - ETA: 14s - loss: 0.8419 - accuracy: 0.6976
62/98 [=================>............] - ETA: 13s - loss: 0.8419 - accuracy: 0.6979
63/98 [==================>...........] - ETA: 13s - loss: 0.8422 - accuracy: 0.6976
64/98 [==================>...........] - ETA: 13s - loss: 0.8423 - accuracy: 0.6975
65/98 [==================>...........] - ETA: 12s - loss: 0.8421 - accuracy: 0.6975
66/98 [===================>..........] - ETA: 12s - loss: 0.8418 - accuracy: 0.6976
67/98 [===================>..........] - ETA: 12s - loss: 0.8413 - accuracy: 0.6979
68/98 [===================>..........] - ETA: 11s - loss: 0.8415 - accuracy: 0.6983
69/98 [====================>.........] - ETA: 11s - loss: 0.8397 - accuracy: 0.6988
70/98 [====================>.........] - ETA: 10s - loss: 0.8404 - accuracy: 0.6988
71/98 [====================>.........] - ETA: 10s - loss: 0.8401 - accuracy: 0.6992
72/98 [=====================>........] - ETA: 10s - loss: 0.8409 - accuracy: 0.6990
73/98 [=====================>........] - ETA: 9s - loss: 0.8396 - accuracy: 0.6992 
74/98 [=====================>........] - ETA: 9s - loss: 0.8393 - accuracy: 0.6993
75/98 [=====================>........] - ETA: 8s - loss: 0.8387 - accuracy: 0.6994
76/98 [======================>.......] - ETA: 8s - loss: 0.8389 - accuracy: 0.6995
77/98 [======================>.......] - ETA: 8s - loss: 0.8377 - accuracy: 0.7001
78/98 [======================>.......] - ETA: 7s - loss: 0.8384 - accuracy: 0.6999
79/98 [=======================>......] - ETA: 7s - loss: 0.8375 - accuracy: 0.7000
80/98 [=======================>......] - ETA: 6s - loss: 0.8365 - accuracy: 0.7002
81/98 [=======================>......] - ETA: 6s - loss: 0.8367 - accuracy: 0.7003
82/98 [========================>.....] - ETA: 6s - loss: 0.8355 - accuracy: 0.7008
83/98 [========================>.....] - ETA: 5s - loss: 0.8362 - accuracy: 0.7009
84/98 [========================>.....] - ETA: 5s - loss: 0.8371 - accuracy: 0.7007
85/98 [=========================>....] - ETA: 5s - loss: 0.8372 - accuracy: 0.7005
86/98 [=========================>....] - ETA: 4s - loss: 0.8365 - accuracy: 0.7007
87/98 [=========================>....] - ETA: 4s - loss: 0.8366 - accuracy: 0.7009
88/98 [=========================>....] - ETA: 3s - loss: 0.8364 - accuracy: 0.7011
89/98 [==========================>...] - ETA: 3s - loss: 0.8370 - accuracy: 0.7009
90/98 [==========================>...] - ETA: 3s - loss: 0.8369 - accuracy: 0.7009
91/98 [==========================>...] - ETA: 2s - loss: 0.8379 - accuracy: 0.7008
92/98 [===========================>..] - ETA: 2s - loss: 0.8392 - accuracy: 0.7005
93/98 [===========================>..] - ETA: 1s - loss: 0.8397 - accuracy: 0.7004
94/98 [===========================>..] - ETA: 1s - loss: 0.8390 - accuracy: 0.7007
95/98 [============================>.] - ETA: 1s - loss: 0.8395 - accuracy: 0.7006
96/98 [============================>.] - ETA: 0s - loss: 0.8395 - accuracy: 0.7005
97/98 [============================>.] - ETA: 0s - loss: 0.8394 - accuracy: 0.7006
98/98 [==============================] - ETA: 0s - loss: 0.8395 - accuracy: 0.7007
98/98 [==============================] - 41s 416ms/step - loss: 0.8395 - accuracy: 0.7007 - val_loss: 1.5823 - val_accuracy: 0.5718
Epoch 5/203

 1/98 [..............................] - ETA: 39s - loss: 0.7542 - accuracy: 0.7305
 2/98 [..............................] - ETA: 37s - loss: 0.7413 - accuracy: 0.7383
 3/98 [..............................] - ETA: 36s - loss: 0.7339 - accuracy: 0.7448
 4/98 [>.............................] - ETA: 36s - loss: 0.7369 - accuracy: 0.7427
 5/98 [>.............................] - ETA: 36s - loss: 0.7443 - accuracy: 0.7383
 6/98 [>.............................] - ETA: 35s - loss: 0.7419 - accuracy: 0.7376
 7/98 [=>............................] - ETA: 35s - loss: 0.7392 - accuracy: 0.7402
 8/98 [=>............................] - ETA: 34s - loss: 0.7375 - accuracy: 0.7373
 9/98 [=>............................] - ETA: 34s - loss: 0.7336 - accuracy: 0.7385
10/98 [==>...........................] - ETA: 34s - loss: 0.7270 - accuracy: 0.7395
11/98 [==>...........................] - ETA: 33s - loss: 0.7283 - accuracy: 0.7392
12/98 [==>...........................] - ETA: 33s - loss: 0.7226 - accuracy: 0.7420
13/98 [==>...........................] - ETA: 33s - loss: 0.7196 - accuracy: 0.7419
14/98 [===>..........................] - ETA: 32s - loss: 0.7201 - accuracy: 0.7416
15/98 [===>..........................] - ETA: 32s - loss: 0.7206 - accuracy: 0.7428
16/98 [===>..........................] - ETA: 31s - loss: 0.7185 - accuracy: 0.7440
17/98 [====>.........................] - ETA: 31s - loss: 0.7172 - accuracy: 0.7455
18/98 [====>.........................] - ETA: 31s - loss: 0.7160 - accuracy: 0.7458
19/98 [====>.........................] - ETA: 30s - loss: 0.7165 - accuracy: 0.7447
20/98 [=====>........................] - ETA: 30s - loss: 0.7189 - accuracy: 0.7436
21/98 [=====>........................] - ETA: 29s - loss: 0.7199 - accuracy: 0.7431
22/98 [=====>........................] - ETA: 29s - loss: 0.7206 - accuracy: 0.7428
23/98 [======>.......................] - ETA: 29s - loss: 0.7199 - accuracy: 0.7424
24/98 [======>.......................] - ETA: 28s - loss: 0.7211 - accuracy: 0.7421
25/98 [======>.......................] - ETA: 28s - loss: 0.7210 - accuracy: 0.7416
26/98 [======>.......................] - ETA: 28s - loss: 0.7220 - accuracy: 0.7415
27/98 [=======>......................] - ETA: 27s - loss: 0.7223 - accuracy: 0.7418
28/98 [=======>......................] - ETA: 27s - loss: 0.7208 - accuracy: 0.7423
29/98 [=======>......................] - ETA: 26s - loss: 0.7269 - accuracy: 0.7396
30/98 [========>.....................] - ETA: 26s - loss: 0.7293 - accuracy: 0.7390
31/98 [========>.....................] - ETA: 26s - loss: 0.7287 - accuracy: 0.7399
32/98 [========>.....................] - ETA: 25s - loss: 0.7299 - accuracy: 0.7394
33/98 [=========>....................] - ETA: 25s - loss: 0.7288 - accuracy: 0.7398
34/98 [=========>....................] - ETA: 24s - loss: 0.7273 - accuracy: 0.7403
35/98 [=========>....................] - ETA: 24s - loss: 0.7292 - accuracy: 0.7396
36/98 [==========>...................] - ETA: 24s - loss: 0.7273 - accuracy: 0.7408
37/98 [==========>...................] - ETA: 23s - loss: 0.7246 - accuracy: 0.7422
