2024-06-25 20:45:39.685761: I tensorflow/core/platform/cpu_feature_guard.cc:193] This TensorFlow binary is optimized with oneAPI Deep Neural Network Library (oneDNN) to use the following CPU instructions in performance-critical operations:  AVX AVX2
To enable them in other operations, rebuild TensorFlow with the appropriate compiler flags.
2024-06-25 20:45:40.976607: I tensorflow/core/common_runtime/gpu/gpu_device.cc:1616] Created device /job:localhost/replica:0/task:0/device:GPU:0 with 6656 MB memory:  -> device: 0, name: NVIDIA GeForce RTX 4060 Ti, pci bus id: 0000:01:00.0, compute capability: 8.9
1 Physical GPUs, 1 Logical GPUs
Model: "sequential"
_________________________________________________________________
 Layer (type)                Output Shape              Param #   
=================================================================
 conv2d (Conv2D)             (None, 32, 32, 32)        896       
                                                                 
 max_pooling2d (MaxPooling2D  (None, 16, 16, 32)       0         
 )                                                               
                                                                 
 batch_normalization (BatchN  (None, 16, 16, 32)       128       
 ormalization)                                                   
                                                                 
 conv2d_1 (Conv2D)           (None, 16, 16, 256)       663808    
                                                                 
 conv2d_2 (Conv2D)           (None, 16, 16, 64)        1982528   
                                                                 
 max_pooling2d_1 (MaxPooling  (None, 8, 8, 64)         0         
 2D)                                                             
                                                                 
 conv2d_3 (Conv2D)           (None, 8, 8, 256)         803072    
                                                                 
 max_pooling2d_2 (MaxPooling  (None, 4, 4, 256)        0         
 2D)                                                             
                                                                 
 dropout (Dropout)           (None, 4, 4, 256)         0         
                                                                 
 flatten (Flatten)           (None, 4096)              0         
                                                                 
 dense (Dense)               (None, 10)                40970     
                                                                 
=================================================================
Total params: 3,491,402
Trainable params: 3,491,338
Non-trainable params: 64
_________________________________________________________________
Taxa de aprendizado:  0.001 Num de épocas:  203 Tamanho do lote:  512 Dropout:  0.23811
Epoch 1/203
2024-06-25 20:45:43.333983: I tensorflow/stream_executor/cuda/cuda_dnn.cc:384] Loaded cuDNN version 8100
2024-06-25 20:45:45.092097: W tensorflow/stream_executor/gpu/redzone_allocator.cc:314] INTERNAL: ptxas exited with non-zero error code -1, output: 
Relying on driver to perform ptx compilation. 
Modify $PATH to customize ptxas location.
This message will be only logged once.
2024-06-25 20:45:49.224273: I tensorflow/stream_executor/cuda/cuda_blas.cc:1614] TensorFloat-32 will be used for the matrix multiplication. This will only be logged once.

 1/98 [..............................] - ETA: 40:49 - loss: 2.3157 - accuracy: 0.0996
 2/98 [..............................] - ETA: 37s - loss: 4.0157 - accuracy: 0.1035  
 3/98 [..............................] - ETA: 36s - loss: 3.4762 - accuracy: 0.1107
 4/98 [>.............................] - ETA: 36s - loss: 3.1754 - accuracy: 0.1216
 5/98 [>.............................] - ETA: 36s - loss: 2.9921 - accuracy: 0.1262
 6/98 [>.............................] - ETA: 35s - loss: 2.8613 - accuracy: 0.1374
 7/98 [=>............................] - ETA: 35s - loss: 2.7604 - accuracy: 0.1507
 8/98 [=>............................] - ETA: 35s - loss: 2.6919 - accuracy: 0.1531
 9/98 [=>............................] - ETA: 34s - loss: 2.6286 - accuracy: 0.1567
10/98 [==>...........................] - ETA: 34s - loss: 2.5864 - accuracy: 0.1582
11/98 [==>...........................] - ETA: 33s - loss: 2.5428 - accuracy: 0.1593
12/98 [==>...........................] - ETA: 33s - loss: 2.5056 - accuracy: 0.1657
13/98 [==>...........................] - ETA: 33s - loss: 2.4763 - accuracy: 0.1674
14/98 [===>..........................] - ETA: 32s - loss: 2.4475 - accuracy: 0.1726
15/98 [===>..........................] - ETA: 32s - loss: 2.4217 - accuracy: 0.1762
16/98 [===>..........................] - ETA: 31s - loss: 2.4018 - accuracy: 0.1786
17/98 [====>.........................] - ETA: 31s - loss: 2.3793 - accuracy: 0.1827
18/98 [====>.........................] - ETA: 31s - loss: 2.3592 - accuracy: 0.1846
19/98 [====>.........................] - ETA: 30s - loss: 2.3410 - accuracy: 0.1880
20/98 [=====>........................] - ETA: 30s - loss: 2.3219 - accuracy: 0.1914
21/98 [=====>........................] - ETA: 29s - loss: 2.3054 - accuracy: 0.1942
22/98 [=====>........................] - ETA: 29s - loss: 2.2885 - accuracy: 0.1977
23/98 [======>.......................] - ETA: 29s - loss: 2.2712 - accuracy: 0.2026
24/98 [======>.......................] - ETA: 28s - loss: 2.2592 - accuracy: 0.2051
25/98 [======>.......................] - ETA: 28s - loss: 2.2436 - accuracy: 0.2081
26/98 [======>.......................] - ETA: 28s - loss: 2.2329 - accuracy: 0.2121
27/98 [=======>......................] - ETA: 27s - loss: 2.2220 - accuracy: 0.2145
28/98 [=======>......................] - ETA: 27s - loss: 2.2070 - accuracy: 0.2192
29/98 [=======>......................] - ETA: 26s - loss: 2.1926 - accuracy: 0.2231
30/98 [========>.....................] - ETA: 26s - loss: 2.1829 - accuracy: 0.2247
31/98 [========>.....................] - ETA: 26s - loss: 2.1690 - accuracy: 0.2285
32/98 [========>.....................] - ETA: 25s - loss: 2.1573 - accuracy: 0.2315
33/98 [=========>....................] - ETA: 25s - loss: 2.1472 - accuracy: 0.2335
34/98 [=========>....................] - ETA: 24s - loss: 2.1365 - accuracy: 0.2367
35/98 [=========>....................] - ETA: 24s - loss: 2.1242 - accuracy: 0.2402
36/98 [==========>...................] - ETA: 24s - loss: 2.1110 - accuracy: 0.2441
37/98 [==========>...................] - ETA: 23s - loss: 2.1002 - accuracy: 0.2473
38/98 [==========>...................] - ETA: 23s - loss: 2.0900 - accuracy: 0.2498
39/98 [==========>...................] - ETA: 22s - loss: 2.0810 - accuracy: 0.2523
40/98 [===========>..................] - ETA: 22s - loss: 2.0698 - accuracy: 0.2556
41/98 [===========>..................] - ETA: 22s - loss: 2.0601 - accuracy: 0.2579
42/98 [===========>..................] - ETA: 38s - loss: 2.0540 - accuracy: 0.2599
43/98 [============>.................] - ETA: 37s - loss: 2.0448 - accuracy: 0.2625
44/98 [============>.................] - ETA: 36s - loss: 2.0339 - accuracy: 0.2660
45/98 [============>.................] - ETA: 35s - loss: 2.0252 - accuracy: 0.2689
46/98 [=============>................] - ETA: 34s - loss: 2.0189 - accuracy: 0.2706
47/98 [=============>................] - ETA: 33s - loss: 2.0132 - accuracy: 0.2725
48/98 [=============>................] - ETA: 32s - loss: 2.0055 - accuracy: 0.2752
49/98 [==============>...............] - ETA: 31s - loss: 1.9980 - accuracy: 0.2779
50/98 [==============>...............] - ETA: 30s - loss: 1.9907 - accuracy: 0.2804
51/98 [==============>...............] - ETA: 29s - loss: 1.9840 - accuracy: 0.2815
52/98 [==============>...............] - ETA: 28s - loss: 1.9761 - accuracy: 0.2845
53/98 [===============>..............] - ETA: 28s - loss: 1.9678 - accuracy: 0.2874
54/98 [===============>..............] - ETA: 27s - loss: 1.9612 - accuracy: 0.2897
55/98 [===============>..............] - ETA: 26s - loss: 1.9529 - accuracy: 0.2918
56/98 [================>.............] - ETA: 25s - loss: 1.9466 - accuracy: 0.2934
57/98 [================>.............] - ETA: 24s - loss: 1.9405 - accuracy: 0.2953
58/98 [================>.............] - ETA: 24s - loss: 1.9343 - accuracy: 0.2969
59/98 [=================>............] - ETA: 23s - loss: 1.9272 - accuracy: 0.2997
60/98 [=================>............] - ETA: 22s - loss: 1.9208 - accuracy: 0.3019
61/98 [=================>............] - ETA: 21s - loss: 1.9142 - accuracy: 0.3040
62/98 [=================>............] - ETA: 21s - loss: 1.9073 - accuracy: 0.3067
63/98 [==================>...........] - ETA: 20s - loss: 1.9011 - accuracy: 0.3085
64/98 [==================>...........] - ETA: 19s - loss: 1.8953 - accuracy: 0.3100
65/98 [==================>...........] - ETA: 19s - loss: 1.8888 - accuracy: 0.3127
66/98 [===================>..........] - ETA: 18s - loss: 1.8820 - accuracy: 0.3151
67/98 [===================>..........] - ETA: 17s - loss: 1.8772 - accuracy: 0.3172
68/98 [===================>..........] - ETA: 17s - loss: 1.8713 - accuracy: 0.3196
69/98 [====================>.........] - ETA: 16s - loss: 1.8654 - accuracy: 0.3213
70/98 [====================>.........] - ETA: 15s - loss: 1.8600 - accuracy: 0.3232
71/98 [====================>.........] - ETA: 15s - loss: 1.8538 - accuracy: 0.3257
72/98 [=====================>........] - ETA: 14s - loss: 1.8474 - accuracy: 0.3281
73/98 [=====================>........] - ETA: 13s - loss: 1.8423 - accuracy: 0.3298
74/98 [=====================>........] - ETA: 13s - loss: 1.8376 - accuracy: 0.3308
75/98 [=====================>........] - ETA: 12s - loss: 1.8325 - accuracy: 0.3330
76/98 [======================>.......] - ETA: 12s - loss: 1.8272 - accuracy: 0.3346
77/98 [======================>.......] - ETA: 11s - loss: 1.8219 - accuracy: 0.3363
78/98 [======================>.......] - ETA: 10s - loss: 1.8164 - accuracy: 0.3380
79/98 [=======================>......] - ETA: 10s - loss: 1.8109 - accuracy: 0.3400
80/98 [=======================>......] - ETA: 9s - loss: 1.8062 - accuracy: 0.3417 
81/98 [=======================>......] - ETA: 9s - loss: 1.8014 - accuracy: 0.3432
82/98 [========================>.....] - ETA: 8s - loss: 1.7966 - accuracy: 0.3449
83/98 [========================>.....] - ETA: 8s - loss: 1.7914 - accuracy: 0.3468
84/98 [========================>.....] - ETA: 7s - loss: 1.7860 - accuracy: 0.3484
85/98 [=========================>....] - ETA: 6s - loss: 1.7812 - accuracy: 0.3503
86/98 [=========================>....] - ETA: 6s - loss: 1.7765 - accuracy: 0.3520
87/98 [=========================>....] - ETA: 5s - loss: 1.7729 - accuracy: 0.3532
88/98 [=========================>....] - ETA: 5s - loss: 1.7675 - accuracy: 0.3550
89/98 [==========================>...] - ETA: 4s - loss: 1.7629 - accuracy: 0.3565
90/98 [==========================>...] - ETA: 4s - loss: 1.7585 - accuracy: 0.3583
91/98 [==========================>...] - ETA: 3s - loss: 1.7531 - accuracy: 0.3601
92/98 [===========================>..] - ETA: 3s - loss: 1.7489 - accuracy: 0.3615
93/98 [===========================>..] - ETA: 2s - loss: 1.7444 - accuracy: 0.3632
94/98 [===========================>..] - ETA: 2s - loss: 1.7403 - accuracy: 0.3646
95/98 [============================>.] - ETA: 1s - loss: 1.7362 - accuracy: 0.3659
96/98 [============================>.] - ETA: 1s - loss: 1.7326 - accuracy: 0.3672
97/98 [============================>.] - ETA: 0s - loss: 1.7284 - accuracy: 0.3689
98/98 [==============================] - ETA: 0s - loss: 1.7246 - accuracy: 0.3702
98/98 [==============================] - 79s 552ms/step - loss: 1.7246 - accuracy: 0.3702 - val_loss: 2.1666 - val_accuracy: 0.2674
Epoch 2/203

 1/98 [..............................] - ETA: 39s - loss: 1.2964 - accuracy: 0.5449
 2/98 [..............................] - ETA: 36s - loss: 1.2840 - accuracy: 0.5439
 3/98 [..............................] - ETA: 36s - loss: 1.2849 - accuracy: 0.5404
 4/98 [>.............................] - ETA: 36s - loss: 1.2837 - accuracy: 0.5376
 5/98 [>.............................] - ETA: 35s - loss: 1.2846 - accuracy: 0.5379
 6/98 [>.............................] - ETA: 35s - loss: 1.2720 - accuracy: 0.5381
 7/98 [=>............................] - ETA: 35s - loss: 1.2820 - accuracy: 0.5332
 8/98 [=>............................] - ETA: 34s - loss: 1.2881 - accuracy: 0.5344
 9/98 [=>............................] - ETA: 34s - loss: 1.2839 - accuracy: 0.5367
10/98 [==>...........................] - ETA: 34s - loss: 1.2793 - accuracy: 0.5371
11/98 [==>...........................] - ETA: 33s - loss: 1.2722 - accuracy: 0.5408
12/98 [==>...........................] - ETA: 33s - loss: 1.2757 - accuracy: 0.5384
13/98 [==>...........................] - ETA: 32s - loss: 1.2746 - accuracy: 0.5391
14/98 [===>..........................] - ETA: 32s - loss: 1.2700 - accuracy: 0.5403
15/98 [===>..........................] - ETA: 32s - loss: 1.2681 - accuracy: 0.5392
16/98 [===>..........................] - ETA: 31s - loss: 1.2648 - accuracy: 0.5403
17/98 [====>.........................] - ETA: 31s - loss: 1.2658 - accuracy: 0.5408
18/98 [====>.........................] - ETA: 30s - loss: 1.2661 - accuracy: 0.5399
19/98 [====>.........................] - ETA: 30s - loss: 1.2675 - accuracy: 0.5389
20/98 [=====>........................] - ETA: 30s - loss: 1.2633 - accuracy: 0.5425
21/98 [=====>........................] - ETA: 29s - loss: 1.2615 - accuracy: 0.5432
22/98 [=====>........................] - ETA: 29s - loss: 1.2601 - accuracy: 0.5440
23/98 [======>.......................] - ETA: 29s - loss: 1.2559 - accuracy: 0.5453
24/98 [======>.......................] - ETA: 28s - loss: 1.2530 - accuracy: 0.5461
25/98 [======>.......................] - ETA: 28s - loss: 1.2529 - accuracy: 0.5457
26/98 [======>.......................] - ETA: 27s - loss: 1.2494 - accuracy: 0.5468
27/98 [=======>......................] - ETA: 27s - loss: 1.2494 - accuracy: 0.5462
28/98 [=======>......................] - ETA: 27s - loss: 1.2494 - accuracy: 0.5460
29/98 [=======>......................] - ETA: 26s - loss: 1.2498 - accuracy: 0.5463
30/98 [========>.....................] - ETA: 26s - loss: 1.2503 - accuracy: 0.5466
31/98 [========>.....................] - ETA: 26s - loss: 1.2522 - accuracy: 0.5464
32/98 [========>.....................] - ETA: 25s - loss: 1.2530 - accuracy: 0.5456
33/98 [=========>....................] - ETA: 24s - loss: 1.2508 - accuracy: 0.5465
34/98 [=========>....................] - ETA: 24s - loss: 1.2495 - accuracy: 0.5471
35/98 [=========>....................] - ETA: 24s - loss: 1.2471 - accuracy: 0.5484
36/98 [==========>...................] - ETA: 23s - loss: 1.2463 - accuracy: 0.5488
37/98 [==========>...................] - ETA: 23s - loss: 1.2430 - accuracy: 0.5501
38/98 [==========>...................] - ETA: 23s - loss: 1.2427 - accuracy: 0.5502
39/98 [==========>...................] - ETA: 22s - loss: 1.2407 - accuracy: 0.5510
40/98 [===========>..................] - ETA: 22s - loss: 1.2405 - accuracy: 0.5514
41/98 [===========>..................] - ETA: 21s - loss: 1.2392 - accuracy: 0.5521
42/98 [===========>..................] - ETA: 21s - loss: 1.2386 - accuracy: 0.5523
43/98 [============>.................] - ETA: 21s - loss: 1.2371 - accuracy: 0.5527
44/98 [============>.................] - ETA: 20s - loss: 1.2363 - accuracy: 0.5533
45/98 [============>.................] - ETA: 20s - loss: 1.2352 - accuracy: 0.5539
46/98 [=============>................] - ETA: 20s - loss: 1.2332 - accuracy: 0.5551
47/98 [=============>................] - ETA: 19s - loss: 1.2330 - accuracy: 0.5550
48/98 [=============>................] - ETA: 19s - loss: 1.2334 - accuracy: 0.5546
49/98 [==============>...............] - ETA: 18s - loss: 1.2322 - accuracy: 0.5553
50/98 [==============>...............] - ETA: 18s - loss: 1.2304 - accuracy: 0.5560
51/98 [==============>...............] - ETA: 18s - loss: 1.2284 - accuracy: 0.5571
52/98 [==============>...............] - ETA: 17s - loss: 1.2274 - accuracy: 0.5574
53/98 [===============>..............] - ETA: 17s - loss: 1.2272 - accuracy: 0.5573
54/98 [===============>..............] - ETA: 16s - loss: 1.2251 - accuracy: 0.5581
55/98 [===============>..............] - ETA: 16s - loss: 1.2235 - accuracy: 0.5588
56/98 [================>.............] - ETA: 16s - loss: 1.2237 - accuracy: 0.5586
57/98 [================>.............] - ETA: 15s - loss: 1.2228 - accuracy: 0.5589
58/98 [================>.............] - ETA: 15s - loss: 1.2215 - accuracy: 0.5593
59/98 [=================>............] - ETA: 15s - loss: 1.2213 - accuracy: 0.5596
60/98 [=================>............] - ETA: 14s - loss: 1.2191 - accuracy: 0.5602
61/98 [=================>............] - ETA: 14s - loss: 1.2186 - accuracy: 0.5608
62/98 [=================>............] - ETA: 13s - loss: 1.2184 - accuracy: 0.5610
63/98 [==================>...........] - ETA: 13s - loss: 1.2160 - accuracy: 0.5624
64/98 [==================>...........] - ETA: 13s - loss: 1.2139 - accuracy: 0.5632
65/98 [==================>...........] - ETA: 12s - loss: 1.2126 - accuracy: 0.5637
66/98 [===================>..........] - ETA: 12s - loss: 1.2127 - accuracy: 0.5635
67/98 [===================>..........] - ETA: 11s - loss: 1.2112 - accuracy: 0.5641
68/98 [===================>..........] - ETA: 11s - loss: 1.2111 - accuracy: 0.5637
69/98 [====================>.........] - ETA: 11s - loss: 1.2103 - accuracy: 0.5643
70/98 [====================>.........] - ETA: 10s - loss: 1.2086 - accuracy: 0.5649
71/98 [====================>.........] - ETA: 10s - loss: 1.2083 - accuracy: 0.5649
72/98 [=====================>........] - ETA: 10s - loss: 1.2069 - accuracy: 0.5653
73/98 [=====================>........] - ETA: 9s - loss: 1.2056 - accuracy: 0.5657 
74/98 [=====================>........] - ETA: 9s - loss: 1.2047 - accuracy: 0.5664
75/98 [=====================>........] - ETA: 8s - loss: 1.2035 - accuracy: 0.5671
76/98 [======================>.......] - ETA: 8s - loss: 1.2016 - accuracy: 0.5677
77/98 [======================>.......] - ETA: 8s - loss: 1.2005 - accuracy: 0.5681
78/98 [======================>.......] - ETA: 7s - loss: 1.1986 - accuracy: 0.5689
79/98 [=======================>......] - ETA: 7s - loss: 1.1966 - accuracy: 0.5695
80/98 [=======================>......] - ETA: 6s - loss: 1.1955 - accuracy: 0.5699
81/98 [=======================>......] - ETA: 6s - loss: 1.1947 - accuracy: 0.5703
82/98 [========================>.....] - ETA: 6s - loss: 1.1938 - accuracy: 0.5708
83/98 [========================>.....] - ETA: 5s - loss: 1.1945 - accuracy: 0.5706
84/98 [========================>.....] - ETA: 5s - loss: 1.1931 - accuracy: 0.5711
85/98 [=========================>....] - ETA: 5s - loss: 1.1922 - accuracy: 0.5715
86/98 [=========================>....] - ETA: 4s - loss: 1.1915 - accuracy: 0.5719
87/98 [=========================>....] - ETA: 4s - loss: 1.1902 - accuracy: 0.5724
88/98 [=========================>....] - ETA: 3s - loss: 1.1891 - accuracy: 0.5726
89/98 [==========================>...] - ETA: 3s - loss: 1.1862 - accuracy: 0.5734
90/98 [==========================>...] - ETA: 3s - loss: 1.1858 - accuracy: 0.5737
91/98 [==========================>...] - ETA: 2s - loss: 1.1839 - accuracy: 0.5745
92/98 [===========================>..] - ETA: 2s - loss: 1.1841 - accuracy: 0.5745
93/98 [===========================>..] - ETA: 1s - loss: 1.1832 - accuracy: 0.5747
94/98 [===========================>..] - ETA: 1s - loss: 1.1818 - accuracy: 0.5753
95/98 [============================>.] - ETA: 1s - loss: 1.1799 - accuracy: 0.5760
96/98 [============================>.] - ETA: 0s - loss: 1.1784 - accuracy: 0.5764
97/98 [============================>.] - ETA: 0s - loss: 1.1778 - accuracy: 0.5766
98/98 [==============================] - ETA: 0s - loss: 1.1766 - accuracy: 0.5769
98/98 [==============================] - 41s 416ms/step - loss: 1.1766 - accuracy: 0.5769 - val_loss: 2.0268 - val_accuracy: 0.3761
Epoch 3/203

 1/98 [..............................] - ETA: 39s - loss: 0.9674 - accuracy: 0.6367
 2/98 [..............................] - ETA: 37s - loss: 0.9968 - accuracy: 0.6387
 3/98 [..............................] - ETA: 37s - loss: 1.0096 - accuracy: 0.6341
 4/98 [>.............................] - ETA: 36s - loss: 0.9998 - accuracy: 0.6396
 5/98 [>.............................] - ETA: 35s - loss: 0.9938 - accuracy: 0.6438
 6/98 [>.............................] - ETA: 35s - loss: 0.9928 - accuracy: 0.6445
 7/98 [=>............................] - ETA: 35s - loss: 0.9891 - accuracy: 0.6437
 8/98 [=>............................] - ETA: 34s - loss: 0.9957 - accuracy: 0.6409
 9/98 [=>............................] - ETA: 34s - loss: 1.0110 - accuracy: 0.6385
10/98 [==>...........................] - ETA: 34s - loss: 1.0058 - accuracy: 0.6418
11/98 [==>...........................] - ETA: 33s - loss: 1.0086 - accuracy: 0.6399
12/98 [==>...........................] - ETA: 33s - loss: 1.0147 - accuracy: 0.6390
13/98 [==>...........................] - ETA: 33s - loss: 1.0119 - accuracy: 0.6415
14/98 [===>..........................] - ETA: 32s - loss: 1.0162 - accuracy: 0.6398
15/98 [===>..........................] - ETA: 32s - loss: 1.0108 - accuracy: 0.6430
16/98 [===>..........................] - ETA: 31s - loss: 1.0079 - accuracy: 0.6448
17/98 [====>.........................] - ETA: 31s - loss: 1.0106 - accuracy: 0.6438
18/98 [====>.........................] - ETA: 31s - loss: 1.0101 - accuracy: 0.6449
19/98 [====>.........................] - ETA: 30s - loss: 1.0112 - accuracy: 0.6443
20/98 [=====>........................] - ETA: 30s - loss: 1.0127 - accuracy: 0.6433
21/98 [=====>........................] - ETA: 29s - loss: 1.0140 - accuracy: 0.6433
22/98 [=====>........................] - ETA: 29s - loss: 1.0140 - accuracy: 0.6441
23/98 [======>.......................] - ETA: 29s - loss: 1.0107 - accuracy: 0.6457
24/98 [======>.......................] - ETA: 28s - loss: 1.0112 - accuracy: 0.6452
25/98 [======>.......................] - ETA: 28s - loss: 1.0067 - accuracy: 0.6461
26/98 [======>.......................] - ETA: 28s - loss: 1.0024 - accuracy: 0.6475
27/98 [=======>......................] - ETA: 27s - loss: 0.9983 - accuracy: 0.6489
28/98 [=======>......................] - ETA: 27s - loss: 1.0000 - accuracy: 0.6479
29/98 [=======>......................] - ETA: 26s - loss: 0.9986 - accuracy: 0.6479
30/98 [========>.....................] - ETA: 26s - loss: 0.9967 - accuracy: 0.6486
31/98 [========>.....................] - ETA: 26s - loss: 0.9972 - accuracy: 0.6474
32/98 [========>.....................] - ETA: 25s - loss: 0.9932 - accuracy: 0.6495
33/98 [=========>....................] - ETA: 25s - loss: 0.9937 - accuracy: 0.6490
34/98 [=========>....................] - ETA: 24s - loss: 0.9932 - accuracy: 0.6490
35/98 [=========>....................] - ETA: 24s - loss: 0.9945 - accuracy: 0.6488
36/98 [==========>...................] - ETA: 24s - loss: 0.9933 - accuracy: 0.6486
37/98 [==========>...................] - ETA: 23s - loss: 0.9910 - accuracy: 0.6494
38/98 [==========>...................] - ETA: 23s - loss: 0.9903 - accuracy: 0.6494
39/98 [==========>...................] - ETA: 22s - loss: 0.9895 - accuracy: 0.6498
40/98 [===========>..................] - ETA: 22s - loss: 0.9878 - accuracy: 0.6503
41/98 [===========>..................] - ETA: 22s - loss: 0.9854 - accuracy: 0.6508
42/98 [===========>..................] - ETA: 21s - loss: 0.9821 - accuracy: 0.6521
43/98 [============>.................] - ETA: 21s - loss: 0.9814 - accuracy: 0.6520
44/98 [============>.................] - ETA: 20s - loss: 0.9802 - accuracy: 0.6527
45/98 [============>.................] - ETA: 20s - loss: 0.9779 - accuracy: 0.6535
46/98 [=============>................] - ETA: 20s - loss: 0.9780 - accuracy: 0.6525
47/98 [=============>................] - ETA: 19s - loss: 0.9765 - accuracy: 0.6529
48/98 [=============>................] - ETA: 19s - loss: 0.9761 - accuracy: 0.6534
49/98 [==============>...............] - ETA: 19s - loss: 0.9743 - accuracy: 0.6546
50/98 [==============>...............] - ETA: 18s - loss: 0.9728 - accuracy: 0.6552
51/98 [==============>...............] - ETA: 18s - loss: 0.9730 - accuracy: 0.6548
52/98 [==============>...............] - ETA: 17s - loss: 0.9728 - accuracy: 0.6553
53/98 [===============>..............] - ETA: 17s - loss: 0.9728 - accuracy: 0.6556
54/98 [===============>..............] - ETA: 17s - loss: 0.9735 - accuracy: 0.6553
55/98 [===============>..............] - ETA: 16s - loss: 0.9741 - accuracy: 0.6551
56/98 [================>.............] - ETA: 16s - loss: 0.9746 - accuracy: 0.6551
57/98 [================>.............] - ETA: 15s - loss: 0.9734 - accuracy: 0.6555
58/98 [================>.............] - ETA: 15s - loss: 0.9737 - accuracy: 0.6550
59/98 [=================>............] - ETA: 15s - loss: 0.9743 - accuracy: 0.6546
60/98 [=================>............] - ETA: 14s - loss: 0.9740 - accuracy: 0.6546
61/98 [=================>............] - ETA: 14s - loss: 0.9731 - accuracy: 0.6548
62/98 [=================>............] - ETA: 13s - loss: 0.9724 - accuracy: 0.6552
63/98 [==================>...........] - ETA: 13s - loss: 0.9736 - accuracy: 0.6547
64/98 [==================>...........] - ETA: 13s - loss: 0.9730 - accuracy: 0.6551
65/98 [==================>...........] - ETA: 12s - loss: 0.9742 - accuracy: 0.6549
66/98 [===================>..........] - ETA: 12s - loss: 0.9734 - accuracy: 0.6552
67/98 [===================>..........] - ETA: 11s - loss: 0.9733 - accuracy: 0.6553
68/98 [===================>..........] - ETA: 11s - loss: 0.9730 - accuracy: 0.6555
69/98 [====================>.........] - ETA: 11s - loss: 0.9720 - accuracy: 0.6559
70/98 [====================>.........] - ETA: 10s - loss: 0.9726 - accuracy: 0.6558
71/98 [====================>.........] - ETA: 10s - loss: 0.9726 - accuracy: 0.6557
72/98 [=====================>........] - ETA: 10s - loss: 0.9718 - accuracy: 0.6561
73/98 [=====================>........] - ETA: 9s - loss: 0.9714 - accuracy: 0.6561 
74/98 [=====================>........] - ETA: 9s - loss: 0.9715 - accuracy: 0.6560
75/98 [=====================>........] - ETA: 8s - loss: 0.9702 - accuracy: 0.6567
76/98 [======================>.......] - ETA: 8s - loss: 0.9688 - accuracy: 0.6573
77/98 [======================>.......] - ETA: 8s - loss: 0.9680 - accuracy: 0.6578
78/98 [======================>.......] - ETA: 7s - loss: 0.9675 - accuracy: 0.6577
79/98 [=======================>......] - ETA: 7s - loss: 0.9670 - accuracy: 0.6577
80/98 [=======================>......] - ETA: 6s - loss: 0.9660 - accuracy: 0.6576
81/98 [=======================>......] - ETA: 6s - loss: 0.9662 - accuracy: 0.6575
82/98 [========================>.....] - ETA: 6s - loss: 0.9652 - accuracy: 0.6578
83/98 [========================>.....] - ETA: 5s - loss: 0.9642 - accuracy: 0.6578
84/98 [========================>.....] - ETA: 5s - loss: 0.9639 - accuracy: 0.6580
85/98 [=========================>....] - ETA: 5s - loss: 0.9628 - accuracy: 0.6582
86/98 [=========================>....] - ETA: 4s - loss: 0.9619 - accuracy: 0.6589
87/98 [=========================>....] - ETA: 4s - loss: 0.9618 - accuracy: 0.6589
88/98 [=========================>....] - ETA: 3s - loss: 0.9622 - accuracy: 0.6589
89/98 [==========================>...] - ETA: 3s - loss: 0.9615 - accuracy: 0.6591
90/98 [==========================>...] - ETA: 3s - loss: 0.9614 - accuracy: 0.6593
91/98 [==========================>...] - ETA: 2s - loss: 0.9601 - accuracy: 0.6598
92/98 [===========================>..] - ETA: 2s - loss: 0.9600 - accuracy: 0.6596
93/98 [===========================>..] - ETA: 1s - loss: 0.9606 - accuracy: 0.6595
94/98 [===========================>..] - ETA: 1s - loss: 0.9612 - accuracy: 0.6592
95/98 [============================>.] - ETA: 1s - loss: 0.9607 - accuracy: 0.6594
96/98 [============================>.] - ETA: 0s - loss: 0.9598 - accuracy: 0.6596
97/98 [============================>.] - ETA: 0s - loss: 0.9596 - accuracy: 0.6596
98/98 [==============================] - ETA: 0s - loss: 0.9580 - accuracy: 0.6600
98/98 [==============================] - 41s 415ms/step - loss: 0.9580 - accuracy: 0.6600 - val_loss: 1.8418 - val_accuracy: 0.5094
Epoch 4/203

 1/98 [..............................] - ETA: 37s - loss: 0.7806 - accuracy: 0.7500
 2/98 [..............................] - ETA: 37s - loss: 0.8466 - accuracy: 0.7109
 3/98 [..............................] - ETA: 37s - loss: 0.8454 - accuracy: 0.7070
 4/98 [>.............................] - ETA: 36s - loss: 0.8204 - accuracy: 0.7124
 5/98 [>.............................] - ETA: 36s - loss: 0.8181 - accuracy: 0.7152
 6/98 [>.............................] - ETA: 35s - loss: 0.8184 - accuracy: 0.7184
 7/98 [=>............................] - ETA: 35s - loss: 0.8278 - accuracy: 0.7168
 8/98 [=>............................] - ETA: 35s - loss: 0.8209 - accuracy: 0.7156
 9/98 [=>............................] - ETA: 34s - loss: 0.8149 - accuracy: 0.7170
10/98 [==>...........................] - ETA: 34s - loss: 0.8128 - accuracy: 0.7180
11/98 [==>...........................] - ETA: 33s - loss: 0.8150 - accuracy: 0.7161
12/98 [==>...........................] - ETA: 33s - loss: 0.8133 - accuracy: 0.7176
13/98 [==>...........................] - ETA: 33s - loss: 0.8163 - accuracy: 0.7177
14/98 [===>..........................] - ETA: 32s - loss: 0.8200 - accuracy: 0.7167
15/98 [===>..........................] - ETA: 32s - loss: 0.8153 - accuracy: 0.7181
16/98 [===>..........................] - ETA: 31s - loss: 0.8165 - accuracy: 0.7174
17/98 [====>.........................] - ETA: 31s - loss: 0.8159 - accuracy: 0.7168
18/98 [====>.........................] - ETA: 31s - loss: 0.8214 - accuracy: 0.7138
19/98 [====>.........................] - ETA: 30s - loss: 0.8215 - accuracy: 0.7129
20/98 [=====>........................] - ETA: 30s - loss: 0.8240 - accuracy: 0.7112
21/98 [=====>........................] - ETA: 29s - loss: 0.8223 - accuracy: 0.7119
22/98 [=====>........................] - ETA: 29s - loss: 0.8228 - accuracy: 0.7111
23/98 [======>.......................] - ETA: 29s - loss: 0.8221 - accuracy: 0.7107
24/98 [======>.......................] - ETA: 28s - loss: 0.8248 - accuracy: 0.7095
25/98 [======>.......................] - ETA: 28s - loss: 0.8238 - accuracy: 0.7095
26/98 [======>.......................] - ETA: 27s - loss: 0.8233 - accuracy: 0.7091
27/98 [=======>......................] - ETA: 27s - loss: 0.8283 - accuracy: 0.7084
28/98 [=======>......................] - ETA: 26s - loss: 0.8283 - accuracy: 0.7088
29/98 [=======>......................] - ETA: 26s - loss: 0.8270 - accuracy: 0.7097
30/98 [========>.....................] - ETA: 26s - loss: 0.8290 - accuracy: 0.7079
31/98 [========>.....................] - ETA: 25s - loss: 0.8305 - accuracy: 0.7073
32/98 [========>.....................] - ETA: 25s - loss: 0.8283 - accuracy: 0.7085
33/98 [=========>....................] - ETA: 25s - loss: 0.8297 - accuracy: 0.7080
34/98 [=========>....................] - ETA: 24s - loss: 0.8269 - accuracy: 0.7090
35/98 [=========>....................] - ETA: 24s - loss: 0.8254 - accuracy: 0.7094
36/98 [==========>...................] - ETA: 23s - loss: 0.8234 - accuracy: 0.7102
37/98 [==========>...................] - ETA: 23s - loss: 0.8241 - accuracy: 0.7100
38/98 [==========>...................] - ETA: 23s - loss: 0.8235 - accuracy: 0.7109
39/98 [==========>...................] - ETA: 22s - loss: 0.8224 - accuracy: 0.7116
40/98 [===========>..................] - ETA: 22s - loss: 0.8203 - accuracy: 0.7122
41/98 [===========>..................] - ETA: 21s - loss: 0.8179 - accuracy: 0.7126
42/98 [===========>..................] - ETA: 21s - loss: 0.8184 - accuracy: 0.7124
43/98 [============>.................] - ETA: 21s - loss: 0.8161 - accuracy: 0.7130
44/98 [============>.................] - ETA: 20s - loss: 0.8171 - accuracy: 0.7123
45/98 [============>.................] - ETA: 20s - loss: 0.8168 - accuracy: 0.7123
46/98 [=============>................] - ETA: 20s - loss: 0.8155 - accuracy: 0.7129
47/98 [=============>................] - ETA: 19s - loss: 0.8174 - accuracy: 0.7124
48/98 [=============>................] - ETA: 19s - loss: 0.8187 - accuracy: 0.7127
49/98 [==============>...............] - ETA: 18s - loss: 0.8195 - accuracy: 0.7125
50/98 [==============>...............] - ETA: 18s - loss: 0.8192 - accuracy: 0.7130
51/98 [==============>...............] - ETA: 18s - loss: 0.8192 - accuracy: 0.7132
52/98 [==============>...............] - ETA: 17s - loss: 0.8196 - accuracy: 0.7131
53/98 [===============>..............] - ETA: 17s - loss: 0.8195 - accuracy: 0.7134
54/98 [===============>..............] - ETA: 16s - loss: 0.8199 - accuracy: 0.7129
55/98 [===============>..............] - ETA: 16s - loss: 0.8203 - accuracy: 0.7125
56/98 [================>.............] - ETA: 16s - loss: 0.8200 - accuracy: 0.7121
57/98 [================>.............] - ETA: 15s - loss: 0.8206 - accuracy: 0.7116
58/98 [================>.............] - ETA: 15s - loss: 0.8200 - accuracy: 0.7116
59/98 [=================>............] - ETA: 15s - loss: 0.8208 - accuracy: 0.7113
60/98 [=================>............] - ETA: 14s - loss: 0.8211 - accuracy: 0.7110
61/98 [=================>............] - ETA: 14s - loss: 0.8208 - accuracy: 0.7111
62/98 [=================>............] - ETA: 13s - loss: 0.8214 - accuracy: 0.7105
63/98 [==================>...........] - ETA: 13s - loss: 0.8212 - accuracy: 0.7103
64/98 [==================>...........] - ETA: 13s - loss: 0.8217 - accuracy: 0.7099
65/98 [==================>...........] - ETA: 12s - loss: 0.8209 - accuracy: 0.7102
66/98 [===================>..........] - ETA: 12s - loss: 0.8224 - accuracy: 0.7094
67/98 [===================>..........] - ETA: 11s - loss: 0.8225 - accuracy: 0.7093
68/98 [===================>..........] - ETA: 11s - loss: 0.8222 - accuracy: 0.7095
69/98 [====================>.........] - ETA: 11s - loss: 0.8212 - accuracy: 0.7097
70/98 [====================>.........] - ETA: 10s - loss: 0.8209 - accuracy: 0.7097
71/98 [====================>.........] - ETA: 10s - loss: 0.8207 - accuracy: 0.7097
72/98 [=====================>........] - ETA: 10s - loss: 0.8208 - accuracy: 0.7094
73/98 [=====================>........] - ETA: 9s - loss: 0.8211 - accuracy: 0.7093 
74/98 [=====================>........] - ETA: 9s - loss: 0.8205 - accuracy: 0.7096
75/98 [=====================>........] - ETA: 8s - loss: 0.8195 - accuracy: 0.7099
76/98 [======================>.......] - ETA: 8s - loss: 0.8206 - accuracy: 0.7097
77/98 [======================>.......] - ETA: 8s - loss: 0.8207 - accuracy: 0.7098
78/98 [======================>.......] - ETA: 7s - loss: 0.8209 - accuracy: 0.7094
79/98 [=======================>......] - ETA: 7s - loss: 0.8198 - accuracy: 0.7095
80/98 [=======================>......] - ETA: 6s - loss: 0.8187 - accuracy: 0.7102
81/98 [=======================>......] - ETA: 6s - loss: 0.8187 - accuracy: 0.7103
82/98 [========================>.....] - ETA: 6s - loss: 0.8177 - accuracy: 0.7104
83/98 [========================>.....] - ETA: 5s - loss: 0.8172 - accuracy: 0.7108
84/98 [========================>.....] - ETA: 5s - loss: 0.8176 - accuracy: 0.7106
85/98 [=========================>....] - ETA: 4s - loss: 0.8173 - accuracy: 0.7106
86/98 [=========================>....] - ETA: 4s - loss: 0.8173 - accuracy: 0.7107
87/98 [=========================>....] - ETA: 4s - loss: 0.8162 - accuracy: 0.7111
88/98 [=========================>....] - ETA: 3s - loss: 0.8164 - accuracy: 0.7111
89/98 [==========================>...] - ETA: 3s - loss: 0.8158 - accuracy: 0.7113
90/98 [==========================>...] - ETA: 3s - loss: 0.8156 - accuracy: 0.7113
91/98 [==========================>...] - ETA: 2s - loss: 0.8155 - accuracy: 0.7114
92/98 [===========================>..] - ETA: 2s - loss: 0.8149 - accuracy: 0.7116
93/98 [===========================>..] - ETA: 1s - loss: 0.8139 - accuracy: 0.7119
94/98 [===========================>..] - ETA: 1s - loss: 0.8138 - accuracy: 0.7118
95/98 [============================>.] - ETA: 1s - loss: 0.8138 - accuracy: 0.7119
96/98 [============================>.] - ETA: 0s - loss: 0.8144 - accuracy: 0.7116
97/98 [============================>.] - ETA: 0s - loss: 0.8142 - accuracy: 0.7117
98/98 [==============================] - ETA: 0s - loss: 0.8135 - accuracy: 0.7122
98/98 [==============================] - 40s 406ms/step - loss: 0.8135 - accuracy: 0.7122 - val_loss: 1.4716 - val_accuracy: 0.5808
Epoch 5/203

 1/98 [..............................] - ETA: 16s - loss: 0.6703 - accuracy: 0.7617
 2/98 [..............................] - ETA: 15s - loss: 0.6786 - accuracy: 0.7627
 3/98 [..............................] - ETA: 15s - loss: 0.6657 - accuracy: 0.7702
 4/98 [>.............................] - ETA: 15s - loss: 0.6650 - accuracy: 0.7739
 5/98 [>.............................] - ETA: 14s - loss: 0.6648 - accuracy: 0.7750
 6/98 [>.............................] - ETA: 14s - loss: 0.6604 - accuracy: 0.7764
 7/98 [=>............................] - ETA: 14s - loss: 0.6658 - accuracy: 0.7726
 8/98 [=>............................] - ETA: 14s - loss: 0.6698 - accuracy: 0.7700
 9/98 [=>............................] - ETA: 14s - loss: 0.6637 - accuracy: 0.7739
10/98 [==>...........................] - ETA: 14s - loss: 0.6554 - accuracy: 0.7756
11/98 [==>...........................] - ETA: 14s - loss: 0.6629 - accuracy: 0.7724
12/98 [==>...........................] - ETA: 13s - loss: 0.6679 - accuracy: 0.7705
13/98 [==>...........................] - ETA: 13s - loss: 0.6663 - accuracy: 0.7703
14/98 [===>..........................] - ETA: 13s - loss: 0.6667 - accuracy: 0.7708
15/98 [===>..........................] - ETA: 13s - loss: 0.6678 - accuracy: 0.7702
16/98 [===>..........................] - ETA: 13s - loss: 0.6768 - accuracy: 0.7665
17/98 [====>.........................] - ETA: 13s - loss: 0.6777 - accuracy: 0.7664
18/98 [====>.........................] - ETA: 12s - loss: 0.6734 - accuracy: 0.7670
19/98 [====>.........................] - ETA: 12s - loss: 0.6754 - accuracy: 0.7661
20/98 [=====>........................] - ETA: 12s - loss: 0.6739 - accuracy: 0.7658
21/98 [=====>........................] - ETA: 12s - loss: 0.6747 - accuracy: 0.7648
22/98 [=====>........................] - ETA: 12s - loss: 0.6742 - accuracy: 0.7643
23/98 [======>.......................] - ETA: 12s - loss: 0.6762 - accuracy: 0.7634
24/98 [======>.......................] - ETA: 11s - loss: 0.6760 - accuracy: 0.7637
25/98 [======>.......................] - ETA: 11s - loss: 0.6738 - accuracy: 0.7640
26/98 [======>.......................] - ETA: 11s - loss: 0.6740 - accuracy: 0.7643
27/98 [=======>......................] - ETA: 11s - loss: 0.6747 - accuracy: 0.7637
28/98 [=======>......................] - ETA: 11s - loss: 0.6739 - accuracy: 0.7643
29/98 [=======>......................] - ETA: 11s - loss: 0.6732 - accuracy: 0.7643
30/98 [========>.....................] - ETA: 10s - loss: 0.6736 - accuracy: 0.7640
31/98 [========>.....................] - ETA: 10s - loss: 0.6734 - accuracy: 0.7643
32/98 [========>.....................] - ETA: 10s - loss: 0.6758 - accuracy: 0.7630
33/98 [=========>....................] - ETA: 10s - loss: 0.6759 - accuracy: 0.7627
34/98 [=========>....................] - ETA: 10s - loss: 0.6776 - accuracy: 0.7622
35/98 [=========>....................] - ETA: 10s - loss: 0.6763 - accuracy: 0.7627
36/98 [==========>...................] - ETA: 9s - loss: 0.6756 - accuracy: 0.7627 
37/98 [==========>...................] - ETA: 9s - loss: 0.6753 - accuracy: 0.7631
