2024-06-25 17:48:50.566215: I tensorflow/core/platform/cpu_feature_guard.cc:193] This TensorFlow binary is optimized with oneAPI Deep Neural Network Library (oneDNN) to use the following CPU instructions in performance-critical operations:  AVX AVX2
To enable them in other operations, rebuild TensorFlow with the appropriate compiler flags.
2024-06-25 17:48:51.905956: I tensorflow/core/common_runtime/gpu/gpu_device.cc:1616] Created device /job:localhost/replica:0/task:0/device:GPU:0 with 6656 MB memory:  -> device: 0, name: NVIDIA GeForce RTX 4060 Ti, pci bus id: 0000:01:00.0, compute capability: 8.9
1 Physical GPUs, 1 Logical GPUs
Model: "sequential"
_________________________________________________________________
 Layer (type)                Output Shape              Param #   
=================================================================
 conv2d (Conv2D)             (None, 32, 32, 32)        896       
                                                                 
 max_pooling2d (MaxPooling2D  (None, 16, 16, 32)       0         
 )                                                               
                                                                 
 batch_normalization (BatchN  (None, 16, 16, 32)       128       
 ormalization)                                                   
                                                                 
 conv2d_1 (Conv2D)           (None, 16, 16, 256)       663808    
                                                                 
 conv2d_2 (Conv2D)           (None, 16, 16, 64)        1982528   
                                                                 
 max_pooling2d_1 (MaxPooling  (None, 8, 8, 64)         0         
 2D)                                                             
                                                                 
 conv2d_3 (Conv2D)           (None, 8, 8, 256)         803072    
                                                                 
 max_pooling2d_2 (MaxPooling  (None, 4, 4, 256)        0         
 2D)                                                             
                                                                 
 dropout (Dropout)           (None, 4, 4, 256)         0         
                                                                 
 flatten (Flatten)           (None, 4096)              0         
                                                                 
 dense (Dense)               (None, 10)                40970     
                                                                 
=================================================================
Total params: 3,491,402
Trainable params: 3,491,338
Non-trainable params: 64
_________________________________________________________________
Taxa de aprendizado:  0.001 Num de épocas:  203 Tamanho do lote:  512 Dropout:  0.23811
Epoch 1/203
2024-06-25 17:48:54.220049: I tensorflow/stream_executor/cuda/cuda_dnn.cc:384] Loaded cuDNN version 8100
2024-06-25 17:48:56.083940: W tensorflow/stream_executor/gpu/redzone_allocator.cc:314] INTERNAL: ptxas exited with non-zero error code -1, output: 
Relying on driver to perform ptx compilation. 
Modify $PATH to customize ptxas location.
This message will be only logged once.
2024-06-25 17:49:00.218257: I tensorflow/stream_executor/cuda/cuda_blas.cc:1614] TensorFloat-32 will be used for the matrix multiplication. This will only be logged once.

 1/98 [..............................] - ETA: 41:01 - loss: 2.3235 - accuracy: 0.1055
 2/98 [..............................] - ETA: 37s - loss: 4.4755 - accuracy: 0.1133  
 3/98 [..............................] - ETA: 37s - loss: 3.7454 - accuracy: 0.1061
 4/98 [>.............................] - ETA: 36s - loss: 3.3787 - accuracy: 0.1089
 5/98 [>.............................] - ETA: 36s - loss: 3.1495 - accuracy: 0.1176
 6/98 [>.............................] - ETA: 35s - loss: 2.9905 - accuracy: 0.1240
 7/98 [=>............................] - ETA: 35s - loss: 2.8815 - accuracy: 0.1328
 8/98 [=>............................] - ETA: 35s - loss: 2.7974 - accuracy: 0.1389
 9/98 [=>............................] - ETA: 34s - loss: 2.7385 - accuracy: 0.1417
10/98 [==>...........................] - ETA: 34s - loss: 2.6828 - accuracy: 0.1465
11/98 [==>...........................] - ETA: 33s - loss: 2.6355 - accuracy: 0.1525
12/98 [==>...........................] - ETA: 33s - loss: 2.5983 - accuracy: 0.1559
13/98 [==>...........................] - ETA: 33s - loss: 2.5662 - accuracy: 0.1626
14/98 [===>..........................] - ETA: 32s - loss: 2.5392 - accuracy: 0.1659
15/98 [===>..........................] - ETA: 32s - loss: 2.5138 - accuracy: 0.1697
16/98 [===>..........................] - ETA: 32s - loss: 2.4919 - accuracy: 0.1709
17/98 [====>.........................] - ETA: 31s - loss: 2.4735 - accuracy: 0.1712
18/98 [====>.........................] - ETA: 31s - loss: 2.4560 - accuracy: 0.1730
19/98 [====>.........................] - ETA: 30s - loss: 2.4402 - accuracy: 0.1742
20/98 [=====>........................] - ETA: 30s - loss: 2.4264 - accuracy: 0.1740
21/98 [=====>........................] - ETA: 30s - loss: 2.4108 - accuracy: 0.1775
22/98 [=====>........................] - ETA: 29s - loss: 2.3969 - accuracy: 0.1784
23/98 [======>.......................] - ETA: 29s - loss: 2.3871 - accuracy: 0.1793
24/98 [======>.......................] - ETA: 28s - loss: 2.3737 - accuracy: 0.1812
25/98 [======>.......................] - ETA: 28s - loss: 2.3617 - accuracy: 0.1839
26/98 [======>.......................] - ETA: 28s - loss: 2.3509 - accuracy: 0.1861
27/98 [=======>......................] - ETA: 27s - loss: 2.3417 - accuracy: 0.1882
28/98 [=======>......................] - ETA: 27s - loss: 2.3318 - accuracy: 0.1906
29/98 [=======>......................] - ETA: 26s - loss: 2.3237 - accuracy: 0.1928
30/98 [========>.....................] - ETA: 26s - loss: 2.3139 - accuracy: 0.1945
31/98 [========>.....................] - ETA: 26s - loss: 2.3047 - accuracy: 0.1975
32/98 [========>.....................] - ETA: 25s - loss: 2.2953 - accuracy: 0.2010
33/98 [=========>....................] - ETA: 25s - loss: 2.2866 - accuracy: 0.2035
34/98 [=========>....................] - ETA: 24s - loss: 2.2763 - accuracy: 0.2062
35/98 [=========>....................] - ETA: 24s - loss: 2.2681 - accuracy: 0.2092
36/98 [==========>...................] - ETA: 24s - loss: 2.2601 - accuracy: 0.2113
37/98 [==========>...................] - ETA: 23s - loss: 2.2502 - accuracy: 0.2144
38/98 [==========>...................] - ETA: 23s - loss: 2.2416 - accuracy: 0.2172
39/98 [==========>...................] - ETA: 23s - loss: 2.2326 - accuracy: 0.2189
40/98 [===========>..................] - ETA: 22s - loss: 2.2245 - accuracy: 0.2208
41/98 [===========>..................] - ETA: 22s - loss: 2.2156 - accuracy: 0.2231
42/98 [===========>..................] - ETA: 21s - loss: 2.2048 - accuracy: 0.2259
43/98 [============>.................] - ETA: 21s - loss: 2.1959 - accuracy: 0.2285
44/98 [============>.................] - ETA: 21s - loss: 2.1866 - accuracy: 0.2309
45/98 [============>.................] - ETA: 20s - loss: 2.1770 - accuracy: 0.2334
46/98 [=============>................] - ETA: 20s - loss: 2.1688 - accuracy: 0.2359
47/98 [=============>................] - ETA: 19s - loss: 2.1603 - accuracy: 0.2382
48/98 [=============>................] - ETA: 19s - loss: 2.1523 - accuracy: 0.2408
49/98 [==============>...............] - ETA: 19s - loss: 2.1448 - accuracy: 0.2421
50/98 [==============>...............] - ETA: 30s - loss: 2.1389 - accuracy: 0.2437
51/98 [==============>...............] - ETA: 29s - loss: 2.1305 - accuracy: 0.2458
52/98 [==============>...............] - ETA: 29s - loss: 2.1210 - accuracy: 0.2480
53/98 [===============>..............] - ETA: 28s - loss: 2.1135 - accuracy: 0.2498
54/98 [===============>..............] - ETA: 27s - loss: 2.1053 - accuracy: 0.2517
55/98 [===============>..............] - ETA: 26s - loss: 2.0966 - accuracy: 0.2542
56/98 [================>.............] - ETA: 25s - loss: 2.0890 - accuracy: 0.2564
57/98 [================>.............] - ETA: 25s - loss: 2.0811 - accuracy: 0.2587
58/98 [================>.............] - ETA: 24s - loss: 2.0726 - accuracy: 0.2610
59/98 [=================>............] - ETA: 23s - loss: 2.0657 - accuracy: 0.2636
60/98 [=================>............] - ETA: 22s - loss: 2.0587 - accuracy: 0.2655
61/98 [=================>............] - ETA: 22s - loss: 2.0529 - accuracy: 0.2673
62/98 [=================>............] - ETA: 21s - loss: 2.0469 - accuracy: 0.2690
63/98 [==================>...........] - ETA: 20s - loss: 2.0387 - accuracy: 0.2714
64/98 [==================>...........] - ETA: 19s - loss: 2.0327 - accuracy: 0.2733
65/98 [==================>...........] - ETA: 19s - loss: 2.0255 - accuracy: 0.2751
66/98 [===================>..........] - ETA: 18s - loss: 2.0197 - accuracy: 0.2769
67/98 [===================>..........] - ETA: 17s - loss: 2.0131 - accuracy: 0.2787
68/98 [===================>..........] - ETA: 17s - loss: 2.0070 - accuracy: 0.2808
69/98 [====================>.........] - ETA: 16s - loss: 2.0002 - accuracy: 0.2833
70/98 [====================>.........] - ETA: 15s - loss: 1.9955 - accuracy: 0.2846
71/98 [====================>.........] - ETA: 15s - loss: 1.9901 - accuracy: 0.2863
72/98 [=====================>........] - ETA: 14s - loss: 1.9843 - accuracy: 0.2880
73/98 [=====================>........] - ETA: 14s - loss: 1.9784 - accuracy: 0.2897
74/98 [=====================>........] - ETA: 13s - loss: 1.9722 - accuracy: 0.2920
75/98 [=====================>........] - ETA: 12s - loss: 1.9669 - accuracy: 0.2939
76/98 [======================>.......] - ETA: 12s - loss: 1.9613 - accuracy: 0.2955
77/98 [======================>.......] - ETA: 11s - loss: 1.9562 - accuracy: 0.2974
78/98 [======================>.......] - ETA: 11s - loss: 1.9499 - accuracy: 0.2995
79/98 [=======================>......] - ETA: 10s - loss: 1.9443 - accuracy: 0.3009
80/98 [=======================>......] - ETA: 9s - loss: 1.9396 - accuracy: 0.3025 
81/98 [=======================>......] - ETA: 9s - loss: 1.9334 - accuracy: 0.3047
82/98 [========================>.....] - ETA: 8s - loss: 1.9279 - accuracy: 0.3064
83/98 [========================>.....] - ETA: 8s - loss: 1.9225 - accuracy: 0.3082
84/98 [========================>.....] - ETA: 7s - loss: 1.9170 - accuracy: 0.3101
85/98 [=========================>....] - ETA: 6s - loss: 1.9114 - accuracy: 0.3122
86/98 [=========================>....] - ETA: 6s - loss: 1.9056 - accuracy: 0.3137
87/98 [=========================>....] - ETA: 5s - loss: 1.9012 - accuracy: 0.3150
88/98 [=========================>....] - ETA: 5s - loss: 1.8955 - accuracy: 0.3170
89/98 [==========================>...] - ETA: 4s - loss: 1.8911 - accuracy: 0.3184
90/98 [==========================>...] - ETA: 4s - loss: 1.8859 - accuracy: 0.3202
91/98 [==========================>...] - ETA: 3s - loss: 1.8818 - accuracy: 0.3214
92/98 [===========================>..] - ETA: 3s - loss: 1.8769 - accuracy: 0.3232
93/98 [===========================>..] - ETA: 2s - loss: 1.8716 - accuracy: 0.3249
94/98 [===========================>..] - ETA: 2s - loss: 1.8673 - accuracy: 0.3265
95/98 [============================>.] - ETA: 1s - loss: 1.8625 - accuracy: 0.3280
96/98 [============================>.] - ETA: 1s - loss: 1.8577 - accuracy: 0.3298
97/98 [============================>.] - ETA: 0s - loss: 1.8527 - accuracy: 0.3316
98/98 [==============================] - ETA: 0s - loss: 1.8481 - accuracy: 0.3331
98/98 [==============================] - 79s 554ms/step - loss: 1.8481 - accuracy: 0.3331 - val_loss: 2.0733 - val_accuracy: 0.2699
Epoch 2/203

 1/98 [..............................] - ETA: 39s - loss: 1.3493 - accuracy: 0.5098
 2/98 [..............................] - ETA: 37s - loss: 1.3519 - accuracy: 0.4990
 3/98 [..............................] - ETA: 37s - loss: 1.3534 - accuracy: 0.5033
 4/98 [>.............................] - ETA: 36s - loss: 1.3652 - accuracy: 0.4995
 5/98 [>.............................] - ETA: 36s - loss: 1.3662 - accuracy: 0.5090
 6/98 [>.............................] - ETA: 35s - loss: 1.3650 - accuracy: 0.5081
 7/98 [=>............................] - ETA: 35s - loss: 1.3513 - accuracy: 0.5126
 8/98 [=>............................] - ETA: 35s - loss: 1.3583 - accuracy: 0.5059
 9/98 [=>............................] - ETA: 34s - loss: 1.3623 - accuracy: 0.5011
10/98 [==>...........................] - ETA: 34s - loss: 1.3618 - accuracy: 0.5006
11/98 [==>...........................] - ETA: 33s - loss: 1.3599 - accuracy: 0.5018
12/98 [==>...........................] - ETA: 33s - loss: 1.3664 - accuracy: 0.5010
13/98 [==>...........................] - ETA: 33s - loss: 1.3613 - accuracy: 0.5038
14/98 [===>..........................] - ETA: 32s - loss: 1.3629 - accuracy: 0.5031
15/98 [===>..........................] - ETA: 32s - loss: 1.3547 - accuracy: 0.5073
16/98 [===>..........................] - ETA: 32s - loss: 1.3550 - accuracy: 0.5077
17/98 [====>.........................] - ETA: 31s - loss: 1.3503 - accuracy: 0.5097
18/98 [====>.........................] - ETA: 31s - loss: 1.3504 - accuracy: 0.5101
19/98 [====>.........................] - ETA: 30s - loss: 1.3479 - accuracy: 0.5118
20/98 [=====>........................] - ETA: 30s - loss: 1.3484 - accuracy: 0.5115
21/98 [=====>........................] - ETA: 30s - loss: 1.3445 - accuracy: 0.5122
22/98 [=====>........................] - ETA: 29s - loss: 1.3440 - accuracy: 0.5119
23/98 [======>.......................] - ETA: 29s - loss: 1.3430 - accuracy: 0.5121
24/98 [======>.......................] - ETA: 28s - loss: 1.3422 - accuracy: 0.5113
25/98 [======>.......................] - ETA: 28s - loss: 1.3350 - accuracy: 0.5141
26/98 [======>.......................] - ETA: 28s - loss: 1.3330 - accuracy: 0.5143
27/98 [=======>......................] - ETA: 27s - loss: 1.3336 - accuracy: 0.5143
28/98 [=======>......................] - ETA: 27s - loss: 1.3291 - accuracy: 0.5158
29/98 [=======>......................] - ETA: 26s - loss: 1.3271 - accuracy: 0.5170
30/98 [========>.....................] - ETA: 26s - loss: 1.3240 - accuracy: 0.5179
31/98 [========>.....................] - ETA: 26s - loss: 1.3238 - accuracy: 0.5170
32/98 [========>.....................] - ETA: 25s - loss: 1.3208 - accuracy: 0.5185
33/98 [=========>....................] - ETA: 25s - loss: 1.3178 - accuracy: 0.5202
34/98 [=========>....................] - ETA: 24s - loss: 1.3170 - accuracy: 0.5207
35/98 [=========>....................] - ETA: 24s - loss: 1.3122 - accuracy: 0.5228
36/98 [==========>...................] - ETA: 24s - loss: 1.3096 - accuracy: 0.5235
37/98 [==========>...................] - ETA: 23s - loss: 1.3114 - accuracy: 0.5231
38/98 [==========>...................] - ETA: 23s - loss: 1.3100 - accuracy: 0.5234
39/98 [==========>...................] - ETA: 23s - loss: 1.3088 - accuracy: 0.5238
40/98 [===========>..................] - ETA: 22s - loss: 1.3069 - accuracy: 0.5246
41/98 [===========>..................] - ETA: 22s - loss: 1.3046 - accuracy: 0.5250
42/98 [===========>..................] - ETA: 21s - loss: 1.3012 - accuracy: 0.5264
43/98 [============>.................] - ETA: 21s - loss: 1.2984 - accuracy: 0.5276
44/98 [============>.................] - ETA: 21s - loss: 1.2976 - accuracy: 0.5281
45/98 [============>.................] - ETA: 20s - loss: 1.2973 - accuracy: 0.5277
46/98 [=============>................] - ETA: 20s - loss: 1.2967 - accuracy: 0.5278
47/98 [=============>................] - ETA: 19s - loss: 1.2936 - accuracy: 0.5292
48/98 [=============>................] - ETA: 19s - loss: 1.2927 - accuracy: 0.5297
49/98 [==============>...............] - ETA: 19s - loss: 1.2908 - accuracy: 0.5306
50/98 [==============>...............] - ETA: 18s - loss: 1.2895 - accuracy: 0.5308
51/98 [==============>...............] - ETA: 18s - loss: 1.2884 - accuracy: 0.5317
52/98 [==============>...............] - ETA: 17s - loss: 1.2872 - accuracy: 0.5331
53/98 [===============>..............] - ETA: 17s - loss: 1.2853 - accuracy: 0.5336
54/98 [===============>..............] - ETA: 17s - loss: 1.2848 - accuracy: 0.5334
55/98 [===============>..............] - ETA: 16s - loss: 1.2837 - accuracy: 0.5338
56/98 [================>.............] - ETA: 16s - loss: 1.2817 - accuracy: 0.5349
57/98 [================>.............] - ETA: 16s - loss: 1.2784 - accuracy: 0.5361
58/98 [================>.............] - ETA: 15s - loss: 1.2781 - accuracy: 0.5359
59/98 [=================>............] - ETA: 15s - loss: 1.2772 - accuracy: 0.5361
60/98 [=================>............] - ETA: 14s - loss: 1.2754 - accuracy: 0.5366
61/98 [=================>............] - ETA: 14s - loss: 1.2742 - accuracy: 0.5373
62/98 [=================>............] - ETA: 14s - loss: 1.2728 - accuracy: 0.5380
63/98 [==================>...........] - ETA: 13s - loss: 1.2723 - accuracy: 0.5380
64/98 [==================>...........] - ETA: 13s - loss: 1.2708 - accuracy: 0.5385
65/98 [==================>...........] - ETA: 12s - loss: 1.2700 - accuracy: 0.5387
66/98 [===================>..........] - ETA: 12s - loss: 1.2687 - accuracy: 0.5392
67/98 [===================>..........] - ETA: 12s - loss: 1.2671 - accuracy: 0.5399
68/98 [===================>..........] - ETA: 11s - loss: 1.2661 - accuracy: 0.5402
69/98 [====================>.........] - ETA: 11s - loss: 1.2658 - accuracy: 0.5409
70/98 [====================>.........] - ETA: 10s - loss: 1.2645 - accuracy: 0.5412
71/98 [====================>.........] - ETA: 10s - loss: 1.2637 - accuracy: 0.5416
72/98 [=====================>........] - ETA: 10s - loss: 1.2628 - accuracy: 0.5416
73/98 [=====================>........] - ETA: 9s - loss: 1.2631 - accuracy: 0.5415 
74/98 [=====================>........] - ETA: 9s - loss: 1.2624 - accuracy: 0.5417
75/98 [=====================>........] - ETA: 8s - loss: 1.2598 - accuracy: 0.5428
76/98 [======================>.......] - ETA: 8s - loss: 1.2595 - accuracy: 0.5430
77/98 [======================>.......] - ETA: 8s - loss: 1.2584 - accuracy: 0.5434
78/98 [======================>.......] - ETA: 7s - loss: 1.2561 - accuracy: 0.5447
79/98 [=======================>......] - ETA: 7s - loss: 1.2553 - accuracy: 0.5447
80/98 [=======================>......] - ETA: 7s - loss: 1.2529 - accuracy: 0.5456
81/98 [=======================>......] - ETA: 6s - loss: 1.2514 - accuracy: 0.5464
82/98 [========================>.....] - ETA: 6s - loss: 1.2501 - accuracy: 0.5468
83/98 [========================>.....] - ETA: 5s - loss: 1.2490 - accuracy: 0.5473
84/98 [========================>.....] - ETA: 5s - loss: 1.2478 - accuracy: 0.5477
85/98 [=========================>....] - ETA: 5s - loss: 1.2467 - accuracy: 0.5477
86/98 [=========================>....] - ETA: 4s - loss: 1.2451 - accuracy: 0.5483
87/98 [=========================>....] - ETA: 4s - loss: 1.2452 - accuracy: 0.5482
88/98 [=========================>....] - ETA: 3s - loss: 1.2440 - accuracy: 0.5487
89/98 [==========================>...] - ETA: 3s - loss: 1.2431 - accuracy: 0.5491
90/98 [==========================>...] - ETA: 3s - loss: 1.2418 - accuracy: 0.5499
91/98 [==========================>...] - ETA: 2s - loss: 1.2401 - accuracy: 0.5503
92/98 [===========================>..] - ETA: 2s - loss: 1.2392 - accuracy: 0.5506
93/98 [===========================>..] - ETA: 1s - loss: 1.2378 - accuracy: 0.5513
94/98 [===========================>..] - ETA: 1s - loss: 1.2371 - accuracy: 0.5517
95/98 [============================>.] - ETA: 1s - loss: 1.2355 - accuracy: 0.5525
96/98 [============================>.] - ETA: 0s - loss: 1.2336 - accuracy: 0.5533
97/98 [============================>.] - ETA: 0s - loss: 1.2324 - accuracy: 0.5540
98/98 [==============================] - ETA: 0s - loss: 1.2306 - accuracy: 0.5547
98/98 [==============================] - 41s 417ms/step - loss: 1.2306 - accuracy: 0.5547 - val_loss: 1.9286 - val_accuracy: 0.4588
Epoch 3/203

 1/98 [..............................] - ETA: 39s - loss: 1.1408 - accuracy: 0.5879
 2/98 [..............................] - ETA: 37s - loss: 1.0560 - accuracy: 0.6172
 3/98 [..............................] - ETA: 37s - loss: 1.0696 - accuracy: 0.6133
 4/98 [>.............................] - ETA: 36s - loss: 1.0523 - accuracy: 0.6260
 5/98 [>.............................] - ETA: 36s - loss: 1.0352 - accuracy: 0.6277
 6/98 [>.............................] - ETA: 35s - loss: 1.0404 - accuracy: 0.6266
 7/98 [=>............................] - ETA: 35s - loss: 1.0400 - accuracy: 0.6278
 8/98 [=>............................] - ETA: 35s - loss: 1.0452 - accuracy: 0.6267
 9/98 [=>............................] - ETA: 34s - loss: 1.0540 - accuracy: 0.6243
10/98 [==>...........................] - ETA: 34s - loss: 1.0596 - accuracy: 0.6219
11/98 [==>...........................] - ETA: 33s - loss: 1.0588 - accuracy: 0.6197
12/98 [==>...........................] - ETA: 33s - loss: 1.0550 - accuracy: 0.6208
13/98 [==>...........................] - ETA: 33s - loss: 1.0510 - accuracy: 0.6226
14/98 [===>..........................] - ETA: 32s - loss: 1.0560 - accuracy: 0.6198
15/98 [===>..........................] - ETA: 32s - loss: 1.0576 - accuracy: 0.6181
16/98 [===>..........................] - ETA: 32s - loss: 1.0645 - accuracy: 0.6156
17/98 [====>.........................] - ETA: 31s - loss: 1.0672 - accuracy: 0.6144
18/98 [====>.........................] - ETA: 31s - loss: 1.0666 - accuracy: 0.6149
19/98 [====>.........................] - ETA: 30s - loss: 1.0626 - accuracy: 0.6165
20/98 [=====>........................] - ETA: 30s - loss: 1.0652 - accuracy: 0.6170
21/98 [=====>........................] - ETA: 30s - loss: 1.0620 - accuracy: 0.6188
22/98 [=====>........................] - ETA: 29s - loss: 1.0612 - accuracy: 0.6191
23/98 [======>.......................] - ETA: 29s - loss: 1.0552 - accuracy: 0.6218
24/98 [======>.......................] - ETA: 28s - loss: 1.0530 - accuracy: 0.6220
25/98 [======>.......................] - ETA: 28s - loss: 1.0502 - accuracy: 0.6226
26/98 [======>.......................] - ETA: 28s - loss: 1.0460 - accuracy: 0.6238
27/98 [=======>......................] - ETA: 27s - loss: 1.0429 - accuracy: 0.6249
28/98 [=======>......................] - ETA: 27s - loss: 1.0452 - accuracy: 0.6245
29/98 [=======>......................] - ETA: 26s - loss: 1.0430 - accuracy: 0.6249
30/98 [========>.....................] - ETA: 26s - loss: 1.0420 - accuracy: 0.6262
31/98 [========>.....................] - ETA: 26s - loss: 1.0427 - accuracy: 0.6260
32/98 [========>.....................] - ETA: 25s - loss: 1.0395 - accuracy: 0.6273
33/98 [=========>....................] - ETA: 25s - loss: 1.0392 - accuracy: 0.6275
34/98 [=========>....................] - ETA: 24s - loss: 1.0381 - accuracy: 0.6277
35/98 [=========>....................] - ETA: 24s - loss: 1.0357 - accuracy: 0.6291
36/98 [==========>...................] - ETA: 24s - loss: 1.0329 - accuracy: 0.6300
37/98 [==========>...................] - ETA: 23s - loss: 1.0342 - accuracy: 0.6292
38/98 [==========>...................] - ETA: 23s - loss: 1.0359 - accuracy: 0.6291
39/98 [==========>...................] - ETA: 23s - loss: 1.0356 - accuracy: 0.6292
40/98 [===========>..................] - ETA: 22s - loss: 1.0354 - accuracy: 0.6293
41/98 [===========>..................] - ETA: 22s - loss: 1.0349 - accuracy: 0.6296
42/98 [===========>..................] - ETA: 21s - loss: 1.0355 - accuracy: 0.6299
43/98 [============>.................] - ETA: 21s - loss: 1.0345 - accuracy: 0.6304
44/98 [============>.................] - ETA: 21s - loss: 1.0328 - accuracy: 0.6313
45/98 [============>.................] - ETA: 20s - loss: 1.0341 - accuracy: 0.6311
46/98 [=============>................] - ETA: 20s - loss: 1.0330 - accuracy: 0.6321
47/98 [=============>................] - ETA: 19s - loss: 1.0327 - accuracy: 0.6326
48/98 [=============>................] - ETA: 19s - loss: 1.0320 - accuracy: 0.6330
49/98 [==============>...............] - ETA: 19s - loss: 1.0305 - accuracy: 0.6333
50/98 [==============>...............] - ETA: 18s - loss: 1.0299 - accuracy: 0.6335
51/98 [==============>...............] - ETA: 18s - loss: 1.0308 - accuracy: 0.6331
52/98 [==============>...............] - ETA: 17s - loss: 1.0315 - accuracy: 0.6329
53/98 [===============>..............] - ETA: 17s - loss: 1.0319 - accuracy: 0.6325
54/98 [===============>..............] - ETA: 17s - loss: 1.0307 - accuracy: 0.6329
55/98 [===============>..............] - ETA: 16s - loss: 1.0294 - accuracy: 0.6333
56/98 [================>.............] - ETA: 16s - loss: 1.0301 - accuracy: 0.6328
57/98 [================>.............] - ETA: 15s - loss: 1.0302 - accuracy: 0.6328
58/98 [================>.............] - ETA: 15s - loss: 1.0291 - accuracy: 0.6331
59/98 [=================>............] - ETA: 15s - loss: 1.0286 - accuracy: 0.6330
60/98 [=================>............] - ETA: 14s - loss: 1.0276 - accuracy: 0.6330
61/98 [=================>............] - ETA: 14s - loss: 1.0273 - accuracy: 0.6332
62/98 [=================>............] - ETA: 13s - loss: 1.0288 - accuracy: 0.6328
63/98 [==================>...........] - ETA: 13s - loss: 1.0268 - accuracy: 0.6337
64/98 [==================>...........] - ETA: 13s - loss: 1.0253 - accuracy: 0.6341
65/98 [==================>...........] - ETA: 12s - loss: 1.0255 - accuracy: 0.6341
66/98 [===================>..........] - ETA: 12s - loss: 1.0247 - accuracy: 0.6343
67/98 [===================>..........] - ETA: 12s - loss: 1.0242 - accuracy: 0.6346
68/98 [===================>..........] - ETA: 11s - loss: 1.0237 - accuracy: 0.6348
69/98 [====================>.........] - ETA: 11s - loss: 1.0222 - accuracy: 0.6356
70/98 [====================>.........] - ETA: 10s - loss: 1.0211 - accuracy: 0.6359
71/98 [====================>.........] - ETA: 10s - loss: 1.0202 - accuracy: 0.6364
72/98 [=====================>........] - ETA: 10s - loss: 1.0177 - accuracy: 0.6376
73/98 [=====================>........] - ETA: 9s - loss: 1.0171 - accuracy: 0.6381 
74/98 [=====================>........] - ETA: 9s - loss: 1.0168 - accuracy: 0.6383
75/98 [=====================>........] - ETA: 8s - loss: 1.0156 - accuracy: 0.6385
76/98 [======================>.......] - ETA: 8s - loss: 1.0138 - accuracy: 0.6393
77/98 [======================>.......] - ETA: 8s - loss: 1.0135 - accuracy: 0.6395
78/98 [======================>.......] - ETA: 7s - loss: 1.0132 - accuracy: 0.6397
79/98 [=======================>......] - ETA: 7s - loss: 1.0118 - accuracy: 0.6399
80/98 [=======================>......] - ETA: 6s - loss: 1.0116 - accuracy: 0.6399
81/98 [=======================>......] - ETA: 6s - loss: 1.0100 - accuracy: 0.6406
82/98 [========================>.....] - ETA: 6s - loss: 1.0094 - accuracy: 0.6408
83/98 [========================>.....] - ETA: 5s - loss: 1.0077 - accuracy: 0.6414
84/98 [========================>.....] - ETA: 5s - loss: 1.0073 - accuracy: 0.6417
85/98 [=========================>....] - ETA: 5s - loss: 1.0066 - accuracy: 0.6419
86/98 [=========================>....] - ETA: 4s - loss: 1.0059 - accuracy: 0.6422
87/98 [=========================>....] - ETA: 4s - loss: 1.0049 - accuracy: 0.6425
88/98 [=========================>....] - ETA: 3s - loss: 1.0049 - accuracy: 0.6425
89/98 [==========================>...] - ETA: 3s - loss: 1.0044 - accuracy: 0.6428
90/98 [==========================>...] - ETA: 3s - loss: 1.0045 - accuracy: 0.6427
91/98 [==========================>...] - ETA: 2s - loss: 1.0043 - accuracy: 0.6426
92/98 [===========================>..] - ETA: 2s - loss: 1.0039 - accuracy: 0.6431
93/98 [===========================>..] - ETA: 1s - loss: 1.0033 - accuracy: 0.6436
94/98 [===========================>..] - ETA: 1s - loss: 1.0034 - accuracy: 0.6437
95/98 [============================>.] - ETA: 1s - loss: 1.0043 - accuracy: 0.6434
96/98 [============================>.] - ETA: 0s - loss: 1.0043 - accuracy: 0.6431
97/98 [============================>.] - ETA: 0s - loss: 1.0043 - accuracy: 0.6430
98/98 [==============================] - ETA: 0s - loss: 1.0048 - accuracy: 0.6430
98/98 [==============================] - 41s 417ms/step - loss: 1.0048 - accuracy: 0.6430 - val_loss: 1.7895 - val_accuracy: 0.5085
Epoch 4/203

 1/98 [..............................] - ETA: 39s - loss: 0.8105 - accuracy: 0.7188
 2/98 [..............................] - ETA: 37s - loss: 0.8145 - accuracy: 0.7178
 3/98 [..............................] - ETA: 37s - loss: 0.8436 - accuracy: 0.7142
 4/98 [>.............................] - ETA: 36s - loss: 0.8553 - accuracy: 0.7075
 5/98 [>.............................] - ETA: 36s - loss: 0.8646 - accuracy: 0.7008
 6/98 [>.............................] - ETA: 35s - loss: 0.8638 - accuracy: 0.7008
 7/98 [=>............................] - ETA: 35s - loss: 0.8562 - accuracy: 0.7034
 8/98 [=>............................] - ETA: 35s - loss: 0.8698 - accuracy: 0.6960
 9/98 [=>............................] - ETA: 34s - loss: 0.8671 - accuracy: 0.6966
10/98 [==>...........................] - ETA: 34s - loss: 0.8653 - accuracy: 0.6971
11/98 [==>...........................] - ETA: 34s - loss: 0.8656 - accuracy: 0.6962
12/98 [==>...........................] - ETA: 33s - loss: 0.8618 - accuracy: 0.6971
13/98 [==>...........................] - ETA: 33s - loss: 0.8614 - accuracy: 0.6970
14/98 [===>..........................] - ETA: 32s - loss: 0.8630 - accuracy: 0.6967
15/98 [===>..........................] - ETA: 32s - loss: 0.8654 - accuracy: 0.6948
16/98 [===>..........................] - ETA: 32s - loss: 0.8608 - accuracy: 0.6946
17/98 [====>.........................] - ETA: 31s - loss: 0.8611 - accuracy: 0.6938
18/98 [====>.........................] - ETA: 31s - loss: 0.8607 - accuracy: 0.6949
19/98 [====>.........................] - ETA: 30s - loss: 0.8592 - accuracy: 0.6954
20/98 [=====>........................] - ETA: 30s - loss: 0.8570 - accuracy: 0.6968
21/98 [=====>........................] - ETA: 30s - loss: 0.8556 - accuracy: 0.6986
22/98 [=====>........................] - ETA: 29s - loss: 0.8557 - accuracy: 0.6996
23/98 [======>.......................] - ETA: 29s - loss: 0.8524 - accuracy: 0.7014
24/98 [======>.......................] - ETA: 28s - loss: 0.8527 - accuracy: 0.7013
25/98 [======>.......................] - ETA: 28s - loss: 0.8524 - accuracy: 0.7011
26/98 [======>.......................] - ETA: 28s - loss: 0.8506 - accuracy: 0.7018
27/98 [=======>......................] - ETA: 27s - loss: 0.8504 - accuracy: 0.7016
28/98 [=======>......................] - ETA: 27s - loss: 0.8560 - accuracy: 0.6998
29/98 [=======>......................] - ETA: 26s - loss: 0.8552 - accuracy: 0.7001
30/98 [========>.....................] - ETA: 26s - loss: 0.8548 - accuracy: 0.7001
31/98 [========>.....................] - ETA: 26s - loss: 0.8568 - accuracy: 0.6992
32/98 [========>.....................] - ETA: 25s - loss: 0.8579 - accuracy: 0.6992
33/98 [=========>....................] - ETA: 25s - loss: 0.8576 - accuracy: 0.6989
34/98 [=========>....................] - ETA: 24s - loss: 0.8568 - accuracy: 0.6992
35/98 [=========>....................] - ETA: 24s - loss: 0.8570 - accuracy: 0.6994
36/98 [==========>...................] - ETA: 24s - loss: 0.8563 - accuracy: 0.6999
37/98 [==========>...................] - ETA: 23s - loss: 0.8575 - accuracy: 0.6995
38/98 [==========>...................] - ETA: 23s - loss: 0.8582 - accuracy: 0.6991
39/98 [==========>...................] - ETA: 23s - loss: 0.8580 - accuracy: 0.6991
40/98 [===========>..................] - ETA: 22s - loss: 0.8588 - accuracy: 0.6996
41/98 [===========>..................] - ETA: 22s - loss: 0.8594 - accuracy: 0.6996
42/98 [===========>..................] - ETA: 21s - loss: 0.8572 - accuracy: 0.7004
43/98 [============>.................] - ETA: 21s - loss: 0.8553 - accuracy: 0.7014
44/98 [============>.................] - ETA: 21s - loss: 0.8551 - accuracy: 0.7013
45/98 [============>.................] - ETA: 20s - loss: 0.8543 - accuracy: 0.7019
46/98 [=============>................] - ETA: 20s - loss: 0.8535 - accuracy: 0.7024
47/98 [=============>................] - ETA: 19s - loss: 0.8521 - accuracy: 0.7027
48/98 [=============>................] - ETA: 19s - loss: 0.8528 - accuracy: 0.7025
49/98 [==============>...............] - ETA: 19s - loss: 0.8518 - accuracy: 0.7028
50/98 [==============>...............] - ETA: 18s - loss: 0.8514 - accuracy: 0.7030
51/98 [==============>...............] - ETA: 18s - loss: 0.8515 - accuracy: 0.7027
52/98 [==============>...............] - ETA: 17s - loss: 0.8509 - accuracy: 0.7032
53/98 [===============>..............] - ETA: 17s - loss: 0.8515 - accuracy: 0.7028
54/98 [===============>..............] - ETA: 17s - loss: 0.8518 - accuracy: 0.7028
55/98 [===============>..............] - ETA: 16s - loss: 0.8517 - accuracy: 0.7031
56/98 [================>.............] - ETA: 16s - loss: 0.8519 - accuracy: 0.7031
57/98 [================>.............] - ETA: 16s - loss: 0.8520 - accuracy: 0.7026
58/98 [================>.............] - ETA: 15s - loss: 0.8515 - accuracy: 0.7025
59/98 [=================>............] - ETA: 15s - loss: 0.8523 - accuracy: 0.7024
60/98 [=================>............] - ETA: 14s - loss: 0.8527 - accuracy: 0.7022
61/98 [=================>............] - ETA: 14s - loss: 0.8530 - accuracy: 0.7019
62/98 [=================>............] - ETA: 14s - loss: 0.8525 - accuracy: 0.7021
63/98 [==================>...........] - ETA: 13s - loss: 0.8524 - accuracy: 0.7020
64/98 [==================>...........] - ETA: 13s - loss: 0.8523 - accuracy: 0.7020
65/98 [==================>...........] - ETA: 12s - loss: 0.8536 - accuracy: 0.7017
66/98 [===================>..........] - ETA: 12s - loss: 0.8530 - accuracy: 0.7016
67/98 [===================>..........] - ETA: 12s - loss: 0.8532 - accuracy: 0.7016
68/98 [===================>..........] - ETA: 11s - loss: 0.8525 - accuracy: 0.7018
69/98 [====================>.........] - ETA: 11s - loss: 0.8520 - accuracy: 0.7019
70/98 [====================>.........] - ETA: 10s - loss: 0.8517 - accuracy: 0.7022
71/98 [====================>.........] - ETA: 10s - loss: 0.8517 - accuracy: 0.7021
72/98 [=====================>........] - ETA: 10s - loss: 0.8515 - accuracy: 0.7023
73/98 [=====================>........] - ETA: 9s - loss: 0.8520 - accuracy: 0.7022 
74/98 [=====================>........] - ETA: 9s - loss: 0.8521 - accuracy: 0.7018
75/98 [=====================>........] - ETA: 8s - loss: 0.8520 - accuracy: 0.7018
76/98 [======================>.......] - ETA: 8s - loss: 0.8533 - accuracy: 0.7009
77/98 [======================>.......] - ETA: 8s - loss: 0.8541 - accuracy: 0.7005
78/98 [======================>.......] - ETA: 7s - loss: 0.8542 - accuracy: 0.7005
79/98 [=======================>......] - ETA: 7s - loss: 0.8545 - accuracy: 0.7004
80/98 [=======================>......] - ETA: 7s - loss: 0.8543 - accuracy: 0.7003
81/98 [=======================>......] - ETA: 6s - loss: 0.8542 - accuracy: 0.7004
82/98 [========================>.....] - ETA: 6s - loss: 0.8533 - accuracy: 0.7009
83/98 [========================>.....] - ETA: 5s - loss: 0.8540 - accuracy: 0.7010
84/98 [========================>.....] - ETA: 5s - loss: 0.8538 - accuracy: 0.7010
85/98 [=========================>....] - ETA: 5s - loss: 0.8536 - accuracy: 0.7010
86/98 [=========================>....] - ETA: 4s - loss: 0.8530 - accuracy: 0.7012
87/98 [=========================>....] - ETA: 4s - loss: 0.8529 - accuracy: 0.7010
88/98 [=========================>....] - ETA: 3s - loss: 0.8529 - accuracy: 0.7011
89/98 [==========================>...] - ETA: 3s - loss: 0.8525 - accuracy: 0.7012
90/98 [==========================>...] - ETA: 3s - loss: 0.8527 - accuracy: 0.7014
91/98 [==========================>...] - ETA: 2s - loss: 0.8527 - accuracy: 0.7011
92/98 [===========================>..] - ETA: 2s - loss: 0.8526 - accuracy: 0.7011
93/98 [===========================>..] - ETA: 1s - loss: 0.8528 - accuracy: 0.7011
94/98 [===========================>..] - ETA: 1s - loss: 0.8526 - accuracy: 0.7011
95/98 [============================>.] - ETA: 1s - loss: 0.8536 - accuracy: 0.7009
96/98 [============================>.] - ETA: 0s - loss: 0.8531 - accuracy: 0.7011
97/98 [============================>.] - ETA: 0s - loss: 0.8528 - accuracy: 0.7012
98/98 [==============================] - ETA: 0s - loss: 0.8526 - accuracy: 0.7011
98/98 [==============================] - 41s 416ms/step - loss: 0.8526 - accuracy: 0.7011 - val_loss: 1.3892 - val_accuracy: 0.6372
Epoch 5/203

 1/98 [..............................] - ETA: 39s - loss: 0.7801 - accuracy: 0.7227
 2/98 [..............................] - ETA: 37s - loss: 0.7467 - accuracy: 0.7344
 3/98 [..............................] - ETA: 37s - loss: 0.7564 - accuracy: 0.7337
 4/98 [>.............................] - ETA: 36s - loss: 0.7616 - accuracy: 0.7295
 5/98 [>.............................] - ETA: 36s - loss: 0.7527 - accuracy: 0.7348
 6/98 [>.............................] - ETA: 35s - loss: 0.7524 - accuracy: 0.7344
 7/98 [=>............................] - ETA: 35s - loss: 0.7608 - accuracy: 0.7341
 8/98 [=>............................] - ETA: 35s - loss: 0.7564 - accuracy: 0.7346
 9/98 [=>............................] - ETA: 34s - loss: 0.7496 - accuracy: 0.7361
10/98 [==>...........................] - ETA: 34s - loss: 0.7412 - accuracy: 0.7391
11/98 [==>...........................] - ETA: 33s - loss: 0.7392 - accuracy: 0.7370
12/98 [==>...........................] - ETA: 33s - loss: 0.7371 - accuracy: 0.7376
13/98 [==>...........................] - ETA: 33s - loss: 0.7406 - accuracy: 0.7366
14/98 [===>..........................] - ETA: 32s - loss: 0.7393 - accuracy: 0.7379
15/98 [===>..........................] - ETA: 32s - loss: 0.7427 - accuracy: 0.7363
16/98 [===>..........................] - ETA: 32s - loss: 0.7381 - accuracy: 0.7371
17/98 [====>.........................] - ETA: 31s - loss: 0.7403 - accuracy: 0.7360
18/98 [====>.........................] - ETA: 31s - loss: 0.7433 - accuracy: 0.7356
19/98 [====>.........................] - ETA: 30s - loss: 0.7431 - accuracy: 0.7360
20/98 [=====>........................] - ETA: 30s - loss: 0.7426 - accuracy: 0.7355
21/98 [=====>........................] - ETA: 30s - loss: 0.7420 - accuracy: 0.7356
22/98 [=====>........................] - ETA: 29s - loss: 0.7431 - accuracy: 0.7363
23/98 [======>.......................] - ETA: 29s - loss: 0.7441 - accuracy: 0.7358
24/98 [======>.......................] - ETA: 28s - loss: 0.7427 - accuracy: 0.7365
25/98 [======>.......................] - ETA: 28s - loss: 0.7422 - accuracy: 0.7365
26/98 [======>.......................] - ETA: 28s - loss: 0.7407 - accuracy: 0.7369
27/98 [=======>......................] - ETA: 27s - loss: 0.7402 - accuracy: 0.7367
28/98 [=======>......................] - ETA: 26s - loss: 0.7419 - accuracy: 0.7362
29/98 [=======>......................] - ETA: 26s - loss: 0.7422 - accuracy: 0.7359
30/98 [========>.....................] - ETA: 26s - loss: 0.7432 - accuracy: 0.7361
31/98 [========>.....................] - ETA: 25s - loss: 0.7407 - accuracy: 0.7368
32/98 [========>.....................] - ETA: 25s - loss: 0.7401 - accuracy: 0.7372
33/98 [=========>....................] - ETA: 25s - loss: 0.7386 - accuracy: 0.7370
34/98 [=========>....................] - ETA: 24s - loss: 0.7394 - accuracy: 0.7371
35/98 [=========>....................] - ETA: 24s - loss: 0.7394 - accuracy: 0.7366
36/98 [==========>...................] - ETA: 23s - loss: 0.7401 - accuracy: 0.7367
37/98 [==========>...................] - ETA: 23s - loss: 0.7407 - accuracy: 0.7362
