2024-06-25 19:22:20.397760: I tensorflow/core/platform/cpu_feature_guard.cc:193] This TensorFlow binary is optimized with oneAPI Deep Neural Network Library (oneDNN) to use the following CPU instructions in performance-critical operations:  AVX AVX2
To enable them in other operations, rebuild TensorFlow with the appropriate compiler flags.
2024-06-25 19:22:21.681892: I tensorflow/core/common_runtime/gpu/gpu_device.cc:1616] Created device /job:localhost/replica:0/task:0/device:GPU:0 with 6656 MB memory:  -> device: 0, name: NVIDIA GeForce RTX 4060 Ti, pci bus id: 0000:01:00.0, compute capability: 8.9
1 Physical GPUs, 1 Logical GPUs
Model: "sequential"
_________________________________________________________________
 Layer (type)                Output Shape              Param #   
=================================================================
 conv2d (Conv2D)             (None, 32, 32, 32)        896       
                                                                 
 max_pooling2d (MaxPooling2D  (None, 16, 16, 32)       0         
 )                                                               
                                                                 
 batch_normalization (BatchN  (None, 16, 16, 32)       128       
 ormalization)                                                   
                                                                 
 conv2d_1 (Conv2D)           (None, 16, 16, 256)       663808    
                                                                 
 conv2d_2 (Conv2D)           (None, 16, 16, 64)        1982528   
                                                                 
 max_pooling2d_1 (MaxPooling  (None, 8, 8, 64)         0         
 2D)                                                             
                                                                 
 conv2d_3 (Conv2D)           (None, 8, 8, 256)         803072    
                                                                 
 max_pooling2d_2 (MaxPooling  (None, 4, 4, 256)        0         
 2D)                                                             
                                                                 
 dropout (Dropout)           (None, 4, 4, 256)         0         
                                                                 
 flatten (Flatten)           (None, 4096)              0         
                                                                 
 dense (Dense)               (None, 10)                40970     
                                                                 
=================================================================
Total params: 3,491,402
Trainable params: 3,491,338
Non-trainable params: 64
_________________________________________________________________
Taxa de aprendizado:  0.001 Num de épocas:  203 Tamanho do lote:  512 Dropout:  0.23811
Epoch 1/203
2024-06-25 19:22:23.970375: I tensorflow/stream_executor/cuda/cuda_dnn.cc:384] Loaded cuDNN version 8100
2024-06-25 19:22:25.805648: W tensorflow/stream_executor/gpu/redzone_allocator.cc:314] INTERNAL: ptxas exited with non-zero error code -1, output: 
Relying on driver to perform ptx compilation. 
Modify $PATH to customize ptxas location.
This message will be only logged once.
2024-06-25 19:22:29.917472: I tensorflow/stream_executor/cuda/cuda_blas.cc:1614] TensorFloat-32 will be used for the matrix multiplication. This will only be logged once.

 1/98 [..............................] - ETA: 40:54 - loss: 2.3204 - accuracy: 0.1035
 2/98 [..............................] - ETA: 37s - loss: 4.0252 - accuracy: 0.1143  
 3/98 [..............................] - ETA: 37s - loss: 3.4426 - accuracy: 0.1172
 4/98 [>.............................] - ETA: 36s - loss: 3.1583 - accuracy: 0.1182
 5/98 [>.............................] - ETA: 36s - loss: 2.9731 - accuracy: 0.1266
 6/98 [>.............................] - ETA: 36s - loss: 2.8668 - accuracy: 0.1240
 7/98 [=>............................] - ETA: 35s - loss: 2.7750 - accuracy: 0.1317
 8/98 [=>............................] - ETA: 35s - loss: 2.7162 - accuracy: 0.1338
 9/98 [=>............................] - ETA: 34s - loss: 2.6632 - accuracy: 0.1374
10/98 [==>...........................] - ETA: 34s - loss: 2.6200 - accuracy: 0.1398
11/98 [==>...........................] - ETA: 33s - loss: 2.5859 - accuracy: 0.1420
12/98 [==>...........................] - ETA: 33s - loss: 2.5501 - accuracy: 0.1465
13/98 [==>...........................] - ETA: 33s - loss: 2.5208 - accuracy: 0.1487
14/98 [===>..........................] - ETA: 32s - loss: 2.4902 - accuracy: 0.1522
15/98 [===>..........................] - ETA: 32s - loss: 2.4638 - accuracy: 0.1546
16/98 [===>..........................] - ETA: 31s - loss: 2.4395 - accuracy: 0.1586
17/98 [====>.........................] - ETA: 31s - loss: 2.4175 - accuracy: 0.1625
18/98 [====>.........................] - ETA: 31s - loss: 2.3947 - accuracy: 0.1654
19/98 [====>.........................] - ETA: 30s - loss: 2.3733 - accuracy: 0.1695
20/98 [=====>........................] - ETA: 30s - loss: 2.3514 - accuracy: 0.1740
21/98 [=====>........................] - ETA: 30s - loss: 2.3322 - accuracy: 0.1776
22/98 [=====>........................] - ETA: 29s - loss: 2.3131 - accuracy: 0.1822
23/98 [======>.......................] - ETA: 29s - loss: 2.2940 - accuracy: 0.1857
24/98 [======>.......................] - ETA: 28s - loss: 2.2760 - accuracy: 0.1917
25/98 [======>.......................] - ETA: 28s - loss: 2.2575 - accuracy: 0.1963
26/98 [======>.......................] - ETA: 28s - loss: 2.2392 - accuracy: 0.2019
27/98 [=======>......................] - ETA: 27s - loss: 2.2250 - accuracy: 0.2054
28/98 [=======>......................] - ETA: 27s - loss: 2.2098 - accuracy: 0.2095
29/98 [=======>......................] - ETA: 26s - loss: 2.1963 - accuracy: 0.2129
30/98 [========>.....................] - ETA: 26s - loss: 2.1843 - accuracy: 0.2160
31/98 [========>.....................] - ETA: 26s - loss: 2.1715 - accuracy: 0.2191
32/98 [========>.....................] - ETA: 25s - loss: 2.1576 - accuracy: 0.2234
33/98 [=========>....................] - ETA: 25s - loss: 2.1442 - accuracy: 0.2272
34/98 [=========>....................] - ETA: 24s - loss: 2.1316 - accuracy: 0.2306
35/98 [=========>....................] - ETA: 24s - loss: 2.1208 - accuracy: 0.2342
36/98 [==========>...................] - ETA: 24s - loss: 2.1074 - accuracy: 0.2377
37/98 [==========>...................] - ETA: 23s - loss: 2.0959 - accuracy: 0.2407
38/98 [==========>...................] - ETA: 23s - loss: 2.0850 - accuracy: 0.2439
39/98 [==========>...................] - ETA: 22s - loss: 2.0735 - accuracy: 0.2471
40/98 [===========>..................] - ETA: 22s - loss: 2.0630 - accuracy: 0.2500
41/98 [===========>..................] - ETA: 22s - loss: 2.0536 - accuracy: 0.2530
42/98 [===========>..................] - ETA: 21s - loss: 2.0438 - accuracy: 0.2564
43/98 [============>.................] - ETA: 21s - loss: 2.0357 - accuracy: 0.2589
44/98 [============>.................] - ETA: 21s - loss: 2.0284 - accuracy: 0.2612
45/98 [============>.................] - ETA: 20s - loss: 2.0194 - accuracy: 0.2636
46/98 [=============>................] - ETA: 20s - loss: 2.0113 - accuracy: 0.2660
47/98 [=============>................] - ETA: 19s - loss: 2.0048 - accuracy: 0.2682
48/98 [=============>................] - ETA: 19s - loss: 1.9975 - accuracy: 0.2703
49/98 [==============>...............] - ETA: 19s - loss: 1.9893 - accuracy: 0.2722
50/98 [==============>...............] - ETA: 18s - loss: 1.9828 - accuracy: 0.2738
51/98 [==============>...............] - ETA: 18s - loss: 1.9752 - accuracy: 0.2765
52/98 [==============>...............] - ETA: 17s - loss: 1.9685 - accuracy: 0.2787
53/98 [===============>..............] - ETA: 17s - loss: 1.9605 - accuracy: 0.2814
54/98 [===============>..............] - ETA: 17s - loss: 1.9526 - accuracy: 0.2844
55/98 [===============>..............] - ETA: 16s - loss: 1.9456 - accuracy: 0.2866
56/98 [================>.............] - ETA: 16s - loss: 1.9374 - accuracy: 0.2894
57/98 [================>.............] - ETA: 15s - loss: 1.9314 - accuracy: 0.2913
58/98 [================>.............] - ETA: 15s - loss: 1.9247 - accuracy: 0.2936
59/98 [=================>............] - ETA: 15s - loss: 1.9186 - accuracy: 0.2957
60/98 [=================>............] - ETA: 14s - loss: 1.9115 - accuracy: 0.2978
61/98 [=================>............] - ETA: 14s - loss: 1.9051 - accuracy: 0.2997
62/98 [=================>............] - ETA: 14s - loss: 1.8985 - accuracy: 0.3022
63/98 [==================>...........] - ETA: 13s - loss: 1.8923 - accuracy: 0.3042
64/98 [==================>...........] - ETA: 13s - loss: 1.8877 - accuracy: 0.3061
65/98 [==================>...........] - ETA: 12s - loss: 1.8821 - accuracy: 0.3078
66/98 [===================>..........] - ETA: 12s - loss: 1.8757 - accuracy: 0.3105
67/98 [===================>..........] - ETA: 12s - loss: 1.8709 - accuracy: 0.3126
68/98 [===================>..........] - ETA: 11s - loss: 1.8655 - accuracy: 0.3148
69/98 [====================>.........] - ETA: 11s - loss: 1.8605 - accuracy: 0.3166
70/98 [====================>.........] - ETA: 10s - loss: 1.8551 - accuracy: 0.3184
71/98 [====================>.........] - ETA: 10s - loss: 1.8501 - accuracy: 0.3201
72/98 [=====================>........] - ETA: 10s - loss: 1.8457 - accuracy: 0.3213
73/98 [=====================>........] - ETA: 9s - loss: 1.8407 - accuracy: 0.3228 
74/98 [=====================>........] - ETA: 9s - loss: 1.8354 - accuracy: 0.3246
75/98 [=====================>........] - ETA: 8s - loss: 1.8306 - accuracy: 0.3265
76/98 [======================>.......] - ETA: 8s - loss: 1.8255 - accuracy: 0.3280
77/98 [======================>.......] - ETA: 8s - loss: 1.8207 - accuracy: 0.3298
78/98 [======================>.......] - ETA: 7s - loss: 1.8152 - accuracy: 0.3316
79/98 [=======================>......] - ETA: 7s - loss: 1.8095 - accuracy: 0.3339
80/98 [=======================>......] - ETA: 7s - loss: 1.8049 - accuracy: 0.3356
81/98 [=======================>......] - ETA: 6s - loss: 1.7991 - accuracy: 0.3378
82/98 [========================>.....] - ETA: 8s - loss: 1.7965 - accuracy: 0.3388
83/98 [========================>.....] - ETA: 8s - loss: 1.7918 - accuracy: 0.3405
84/98 [========================>.....] - ETA: 7s - loss: 1.7879 - accuracy: 0.3419
85/98 [=========================>....] - ETA: 6s - loss: 1.7838 - accuracy: 0.3437
86/98 [=========================>....] - ETA: 6s - loss: 1.7800 - accuracy: 0.3455
87/98 [=========================>....] - ETA: 5s - loss: 1.7760 - accuracy: 0.3467
88/98 [=========================>....] - ETA: 5s - loss: 1.7729 - accuracy: 0.3483
89/98 [==========================>...] - ETA: 4s - loss: 1.7687 - accuracy: 0.3501
90/98 [==========================>...] - ETA: 4s - loss: 1.7643 - accuracy: 0.3517
91/98 [==========================>...] - ETA: 3s - loss: 1.7608 - accuracy: 0.3529
92/98 [===========================>..] - ETA: 3s - loss: 1.7571 - accuracy: 0.3547
93/98 [===========================>..] - ETA: 2s - loss: 1.7536 - accuracy: 0.3559
94/98 [===========================>..] - ETA: 2s - loss: 1.7488 - accuracy: 0.3578
95/98 [============================>.] - ETA: 1s - loss: 1.7446 - accuracy: 0.3592
96/98 [============================>.] - ETA: 1s - loss: 1.7413 - accuracy: 0.3605
97/98 [============================>.] - ETA: 0s - loss: 1.7377 - accuracy: 0.3616
98/98 [==============================] - ETA: 0s - loss: 1.7326 - accuracy: 0.3637
98/98 [==============================] - 79s 553ms/step - loss: 1.7326 - accuracy: 0.3637 - val_loss: 2.1499 - val_accuracy: 0.3668
Epoch 2/203

 1/98 [..............................] - ETA: 39s - loss: 1.2620 - accuracy: 0.5312
 2/98 [..............................] - ETA: 37s - loss: 1.2703 - accuracy: 0.5479
 3/98 [..............................] - ETA: 37s - loss: 1.2933 - accuracy: 0.5286
 4/98 [>.............................] - ETA: 36s - loss: 1.3009 - accuracy: 0.5273
 5/98 [>.............................] - ETA: 35s - loss: 1.2922 - accuracy: 0.5258
 6/98 [>.............................] - ETA: 35s - loss: 1.2724 - accuracy: 0.5329
 7/98 [=>............................] - ETA: 35s - loss: 1.2640 - accuracy: 0.5368
 8/98 [=>............................] - ETA: 34s - loss: 1.2790 - accuracy: 0.5291
 9/98 [=>............................] - ETA: 34s - loss: 1.2847 - accuracy: 0.5295
10/98 [==>...........................] - ETA: 34s - loss: 1.2877 - accuracy: 0.5252
11/98 [==>...........................] - ETA: 33s - loss: 1.2916 - accuracy: 0.5240
12/98 [==>...........................] - ETA: 33s - loss: 1.2918 - accuracy: 0.5249
13/98 [==>...........................] - ETA: 33s - loss: 1.2974 - accuracy: 0.5231
14/98 [===>..........................] - ETA: 32s - loss: 1.2981 - accuracy: 0.5222
15/98 [===>..........................] - ETA: 32s - loss: 1.2989 - accuracy: 0.5234
16/98 [===>..........................] - ETA: 31s - loss: 1.3026 - accuracy: 0.5234
17/98 [====>.........................] - ETA: 31s - loss: 1.2978 - accuracy: 0.5246
18/98 [====>.........................] - ETA: 31s - loss: 1.2992 - accuracy: 0.5257
19/98 [====>.........................] - ETA: 30s - loss: 1.3024 - accuracy: 0.5230
20/98 [=====>........................] - ETA: 30s - loss: 1.3015 - accuracy: 0.5229
21/98 [=====>........................] - ETA: 29s - loss: 1.3051 - accuracy: 0.5215
22/98 [=====>........................] - ETA: 29s - loss: 1.3009 - accuracy: 0.5232
23/98 [======>.......................] - ETA: 29s - loss: 1.2993 - accuracy: 0.5249
24/98 [======>.......................] - ETA: 28s - loss: 1.2989 - accuracy: 0.5259
25/98 [======>.......................] - ETA: 28s - loss: 1.2969 - accuracy: 0.5273
26/98 [======>.......................] - ETA: 28s - loss: 1.2986 - accuracy: 0.5268
27/98 [=======>......................] - ETA: 27s - loss: 1.3000 - accuracy: 0.5255
28/98 [=======>......................] - ETA: 27s - loss: 1.2987 - accuracy: 0.5264
29/98 [=======>......................] - ETA: 26s - loss: 1.2993 - accuracy: 0.5260
30/98 [========>.....................] - ETA: 26s - loss: 1.2970 - accuracy: 0.5271
31/98 [========>.....................] - ETA: 26s - loss: 1.2977 - accuracy: 0.5267
32/98 [========>.....................] - ETA: 25s - loss: 1.2999 - accuracy: 0.5258
33/98 [=========>....................] - ETA: 25s - loss: 1.3005 - accuracy: 0.5254
34/98 [=========>....................] - ETA: 24s - loss: 1.2984 - accuracy: 0.5268
35/98 [=========>....................] - ETA: 24s - loss: 1.2985 - accuracy: 0.5263
36/98 [==========>...................] - ETA: 24s - loss: 1.2990 - accuracy: 0.5265
37/98 [==========>...................] - ETA: 23s - loss: 1.2974 - accuracy: 0.5274
38/98 [==========>...................] - ETA: 23s - loss: 1.2963 - accuracy: 0.5278
39/98 [==========>...................] - ETA: 22s - loss: 1.2949 - accuracy: 0.5289
40/98 [===========>..................] - ETA: 22s - loss: 1.2942 - accuracy: 0.5292
41/98 [===========>..................] - ETA: 22s - loss: 1.2925 - accuracy: 0.5299
42/98 [===========>..................] - ETA: 21s - loss: 1.2903 - accuracy: 0.5313
43/98 [============>.................] - ETA: 21s - loss: 1.2856 - accuracy: 0.5324
44/98 [============>.................] - ETA: 20s - loss: 1.2815 - accuracy: 0.5336
45/98 [============>.................] - ETA: 20s - loss: 1.2796 - accuracy: 0.5344
46/98 [=============>................] - ETA: 20s - loss: 1.2779 - accuracy: 0.5358
47/98 [=============>................] - ETA: 19s - loss: 1.2764 - accuracy: 0.5367
48/98 [=============>................] - ETA: 19s - loss: 1.2732 - accuracy: 0.5379
49/98 [==============>...............] - ETA: 18s - loss: 1.2733 - accuracy: 0.5380
50/98 [==============>...............] - ETA: 18s - loss: 1.2707 - accuracy: 0.5392
51/98 [==============>...............] - ETA: 18s - loss: 1.2682 - accuracy: 0.5403
52/98 [==============>...............] - ETA: 17s - loss: 1.2675 - accuracy: 0.5405
53/98 [===============>..............] - ETA: 17s - loss: 1.2651 - accuracy: 0.5421
54/98 [===============>..............] - ETA: 17s - loss: 1.2620 - accuracy: 0.5428
55/98 [===============>..............] - ETA: 16s - loss: 1.2608 - accuracy: 0.5433
56/98 [================>.............] - ETA: 16s - loss: 1.2595 - accuracy: 0.5439
57/98 [================>.............] - ETA: 15s - loss: 1.2587 - accuracy: 0.5444
58/98 [================>.............] - ETA: 15s - loss: 1.2562 - accuracy: 0.5454
59/98 [=================>............] - ETA: 15s - loss: 1.2547 - accuracy: 0.5465
60/98 [=================>............] - ETA: 14s - loss: 1.2528 - accuracy: 0.5478
61/98 [=================>............] - ETA: 14s - loss: 1.2511 - accuracy: 0.5483
62/98 [=================>............] - ETA: 13s - loss: 1.2505 - accuracy: 0.5483
63/98 [==================>...........] - ETA: 13s - loss: 1.2496 - accuracy: 0.5483
64/98 [==================>...........] - ETA: 13s - loss: 1.2491 - accuracy: 0.5488
65/98 [==================>...........] - ETA: 12s - loss: 1.2472 - accuracy: 0.5498
66/98 [===================>..........] - ETA: 12s - loss: 1.2459 - accuracy: 0.5499
67/98 [===================>..........] - ETA: 12s - loss: 1.2444 - accuracy: 0.5508
68/98 [===================>..........] - ETA: 11s - loss: 1.2428 - accuracy: 0.5516
69/98 [====================>.........] - ETA: 11s - loss: 1.2407 - accuracy: 0.5527
70/98 [====================>.........] - ETA: 10s - loss: 1.2392 - accuracy: 0.5535
71/98 [====================>.........] - ETA: 10s - loss: 1.2366 - accuracy: 0.5545
72/98 [=====================>........] - ETA: 10s - loss: 1.2352 - accuracy: 0.5552
73/98 [=====================>........] - ETA: 9s - loss: 1.2342 - accuracy: 0.5557 
74/98 [=====================>........] - ETA: 9s - loss: 1.2324 - accuracy: 0.5559
75/98 [=====================>........] - ETA: 8s - loss: 1.2307 - accuracy: 0.5566
76/98 [======================>.......] - ETA: 8s - loss: 1.2289 - accuracy: 0.5572
77/98 [======================>.......] - ETA: 8s - loss: 1.2264 - accuracy: 0.5580
78/98 [======================>.......] - ETA: 7s - loss: 1.2250 - accuracy: 0.5588
79/98 [=======================>......] - ETA: 7s - loss: 1.2231 - accuracy: 0.5595
80/98 [=======================>......] - ETA: 6s - loss: 1.2218 - accuracy: 0.5601
81/98 [=======================>......] - ETA: 6s - loss: 1.2212 - accuracy: 0.5604
82/98 [========================>.....] - ETA: 6s - loss: 1.2199 - accuracy: 0.5608
83/98 [========================>.....] - ETA: 5s - loss: 1.2183 - accuracy: 0.5615
84/98 [========================>.....] - ETA: 5s - loss: 1.2166 - accuracy: 0.5621
85/98 [=========================>....] - ETA: 5s - loss: 1.2144 - accuracy: 0.5625
86/98 [=========================>....] - ETA: 4s - loss: 1.2139 - accuracy: 0.5628
87/98 [=========================>....] - ETA: 4s - loss: 1.2131 - accuracy: 0.5631
88/98 [=========================>....] - ETA: 3s - loss: 1.2114 - accuracy: 0.5636
89/98 [==========================>...] - ETA: 3s - loss: 1.2097 - accuracy: 0.5643
90/98 [==========================>...] - ETA: 3s - loss: 1.2095 - accuracy: 0.5644
91/98 [==========================>...] - ETA: 2s - loss: 1.2086 - accuracy: 0.5647
92/98 [===========================>..] - ETA: 2s - loss: 1.2070 - accuracy: 0.5654
93/98 [===========================>..] - ETA: 1s - loss: 1.2055 - accuracy: 0.5662
94/98 [===========================>..] - ETA: 1s - loss: 1.2044 - accuracy: 0.5664
95/98 [============================>.] - ETA: 1s - loss: 1.2038 - accuracy: 0.5668
96/98 [============================>.] - ETA: 0s - loss: 1.2028 - accuracy: 0.5673
97/98 [============================>.] - ETA: 0s - loss: 1.2020 - accuracy: 0.5678
98/98 [==============================] - ETA: 0s - loss: 1.2010 - accuracy: 0.5683
98/98 [==============================] - 41s 416ms/step - loss: 1.2010 - accuracy: 0.5683 - val_loss: 2.0962 - val_accuracy: 0.4402
Epoch 3/203

 1/98 [..............................] - ETA: 39s - loss: 1.0181 - accuracy: 0.6484
 2/98 [..............................] - ETA: 37s - loss: 1.0342 - accuracy: 0.6436
 3/98 [..............................] - ETA: 37s - loss: 1.0419 - accuracy: 0.6471
 4/98 [>.............................] - ETA: 36s - loss: 1.0441 - accuracy: 0.6470
 5/98 [>.............................] - ETA: 36s - loss: 1.0486 - accuracy: 0.6484
 6/98 [>.............................] - ETA: 35s - loss: 1.0629 - accuracy: 0.6471
 7/98 [=>............................] - ETA: 35s - loss: 1.0474 - accuracy: 0.6479
 8/98 [=>............................] - ETA: 34s - loss: 1.0423 - accuracy: 0.6462
 9/98 [=>............................] - ETA: 34s - loss: 1.0342 - accuracy: 0.6478
10/98 [==>...........................] - ETA: 34s - loss: 1.0309 - accuracy: 0.6469
11/98 [==>...........................] - ETA: 33s - loss: 1.0241 - accuracy: 0.6470
12/98 [==>...........................] - ETA: 33s - loss: 1.0228 - accuracy: 0.6462
13/98 [==>...........................] - ETA: 33s - loss: 1.0248 - accuracy: 0.6456
14/98 [===>..........................] - ETA: 32s - loss: 1.0221 - accuracy: 0.6449
15/98 [===>..........................] - ETA: 32s - loss: 1.0190 - accuracy: 0.6451
16/98 [===>..........................] - ETA: 31s - loss: 1.0171 - accuracy: 0.6440
17/98 [====>.........................] - ETA: 31s - loss: 1.0158 - accuracy: 0.6428
18/98 [====>.........................] - ETA: 31s - loss: 1.0109 - accuracy: 0.6440
19/98 [====>.........................] - ETA: 30s - loss: 1.0088 - accuracy: 0.6449
20/98 [=====>........................] - ETA: 30s - loss: 1.0087 - accuracy: 0.6451
21/98 [=====>........................] - ETA: 29s - loss: 1.0076 - accuracy: 0.6455
22/98 [=====>........................] - ETA: 29s - loss: 1.0083 - accuracy: 0.6461
23/98 [======>.......................] - ETA: 29s - loss: 1.0091 - accuracy: 0.6442
24/98 [======>.......................] - ETA: 28s - loss: 1.0129 - accuracy: 0.6432
25/98 [======>.......................] - ETA: 28s - loss: 1.0105 - accuracy: 0.6436
26/98 [======>.......................] - ETA: 28s - loss: 1.0095 - accuracy: 0.6433
27/98 [=======>......................] - ETA: 27s - loss: 1.0095 - accuracy: 0.6434
28/98 [=======>......................] - ETA: 27s - loss: 1.0058 - accuracy: 0.6445
29/98 [=======>......................] - ETA: 26s - loss: 1.0060 - accuracy: 0.6440
30/98 [========>.....................] - ETA: 26s - loss: 1.0085 - accuracy: 0.6428
31/98 [========>.....................] - ETA: 26s - loss: 1.0086 - accuracy: 0.6425
32/98 [========>.....................] - ETA: 25s - loss: 1.0087 - accuracy: 0.6415
33/98 [=========>....................] - ETA: 25s - loss: 1.0098 - accuracy: 0.6413
34/98 [=========>....................] - ETA: 24s - loss: 1.0109 - accuracy: 0.6409
35/98 [=========>....................] - ETA: 24s - loss: 1.0123 - accuracy: 0.6406
36/98 [==========>...................] - ETA: 24s - loss: 1.0120 - accuracy: 0.6409
37/98 [==========>...................] - ETA: 23s - loss: 1.0131 - accuracy: 0.6403
38/98 [==========>...................] - ETA: 23s - loss: 1.0140 - accuracy: 0.6395
39/98 [==========>...................] - ETA: 22s - loss: 1.0139 - accuracy: 0.6390
40/98 [===========>..................] - ETA: 22s - loss: 1.0134 - accuracy: 0.6397
41/98 [===========>..................] - ETA: 22s - loss: 1.0136 - accuracy: 0.6394
42/98 [===========>..................] - ETA: 21s - loss: 1.0124 - accuracy: 0.6399
43/98 [============>.................] - ETA: 21s - loss: 1.0124 - accuracy: 0.6403
44/98 [============>.................] - ETA: 21s - loss: 1.0114 - accuracy: 0.6403
45/98 [============>.................] - ETA: 20s - loss: 1.0121 - accuracy: 0.6404
46/98 [=============>................] - ETA: 20s - loss: 1.0128 - accuracy: 0.6398
47/98 [=============>................] - ETA: 19s - loss: 1.0116 - accuracy: 0.6400
48/98 [=============>................] - ETA: 19s - loss: 1.0123 - accuracy: 0.6402
49/98 [==============>...............] - ETA: 19s - loss: 1.0120 - accuracy: 0.6401
50/98 [==============>...............] - ETA: 18s - loss: 1.0117 - accuracy: 0.6407
51/98 [==============>...............] - ETA: 18s - loss: 1.0102 - accuracy: 0.6409
52/98 [==============>...............] - ETA: 17s - loss: 1.0113 - accuracy: 0.6404
53/98 [===============>..............] - ETA: 17s - loss: 1.0093 - accuracy: 0.6406
54/98 [===============>..............] - ETA: 17s - loss: 1.0103 - accuracy: 0.6406
55/98 [===============>..............] - ETA: 16s - loss: 1.0096 - accuracy: 0.6411
56/98 [================>.............] - ETA: 16s - loss: 1.0078 - accuracy: 0.6416
57/98 [================>.............] - ETA: 15s - loss: 1.0076 - accuracy: 0.6420
58/98 [================>.............] - ETA: 15s - loss: 1.0073 - accuracy: 0.6423
59/98 [=================>............] - ETA: 15s - loss: 1.0059 - accuracy: 0.6428
60/98 [=================>............] - ETA: 14s - loss: 1.0057 - accuracy: 0.6426
61/98 [=================>............] - ETA: 14s - loss: 1.0044 - accuracy: 0.6433
62/98 [=================>............] - ETA: 14s - loss: 1.0048 - accuracy: 0.6432
63/98 [==================>...........] - ETA: 13s - loss: 1.0037 - accuracy: 0.6437
64/98 [==================>...........] - ETA: 13s - loss: 1.0040 - accuracy: 0.6432
65/98 [==================>...........] - ETA: 12s - loss: 1.0042 - accuracy: 0.6431
66/98 [===================>..........] - ETA: 12s - loss: 1.0034 - accuracy: 0.6431
67/98 [===================>..........] - ETA: 12s - loss: 1.0025 - accuracy: 0.6433
68/98 [===================>..........] - ETA: 11s - loss: 1.0032 - accuracy: 0.6431
69/98 [====================>.........] - ETA: 11s - loss: 1.0020 - accuracy: 0.6433
70/98 [====================>.........] - ETA: 10s - loss: 1.0015 - accuracy: 0.6436
71/98 [====================>.........] - ETA: 10s - loss: 1.0006 - accuracy: 0.6442
72/98 [=====================>........] - ETA: 10s - loss: 1.0004 - accuracy: 0.6440
73/98 [=====================>........] - ETA: 9s - loss: 1.0004 - accuracy: 0.6442 
74/98 [=====================>........] - ETA: 9s - loss: 1.0010 - accuracy: 0.6435
75/98 [=====================>........] - ETA: 8s - loss: 1.0007 - accuracy: 0.6434
76/98 [======================>.......] - ETA: 8s - loss: 1.0013 - accuracy: 0.6430
77/98 [======================>.......] - ETA: 8s - loss: 1.0016 - accuracy: 0.6429
78/98 [======================>.......] - ETA: 7s - loss: 1.0010 - accuracy: 0.6429
79/98 [=======================>......] - ETA: 7s - loss: 1.0003 - accuracy: 0.6431
80/98 [=======================>......] - ETA: 7s - loss: 1.0002 - accuracy: 0.6431
81/98 [=======================>......] - ETA: 6s - loss: 1.0002 - accuracy: 0.6433
82/98 [========================>.....] - ETA: 6s - loss: 1.0010 - accuracy: 0.6432
83/98 [========================>.....] - ETA: 5s - loss: 1.0012 - accuracy: 0.6429
84/98 [========================>.....] - ETA: 5s - loss: 1.0019 - accuracy: 0.6430
85/98 [=========================>....] - ETA: 5s - loss: 1.0013 - accuracy: 0.6433
86/98 [=========================>....] - ETA: 4s - loss: 1.0017 - accuracy: 0.6433
87/98 [=========================>....] - ETA: 4s - loss: 1.0010 - accuracy: 0.6435
88/98 [=========================>....] - ETA: 3s - loss: 1.0012 - accuracy: 0.6435
89/98 [==========================>...] - ETA: 3s - loss: 1.0022 - accuracy: 0.6432
90/98 [==========================>...] - ETA: 3s - loss: 1.0013 - accuracy: 0.6435
91/98 [==========================>...] - ETA: 2s - loss: 1.0008 - accuracy: 0.6434
92/98 [===========================>..] - ETA: 2s - loss: 1.0014 - accuracy: 0.6431
93/98 [===========================>..] - ETA: 1s - loss: 1.0007 - accuracy: 0.6433
94/98 [===========================>..] - ETA: 1s - loss: 1.0004 - accuracy: 0.6435
95/98 [============================>.] - ETA: 1s - loss: 1.0000 - accuracy: 0.6435
96/98 [============================>.] - ETA: 0s - loss: 0.9999 - accuracy: 0.6435
97/98 [============================>.] - ETA: 0s - loss: 1.0002 - accuracy: 0.6434
98/98 [==============================] - ETA: 0s - loss: 0.9999 - accuracy: 0.6438
98/98 [==============================] - 41s 416ms/step - loss: 0.9999 - accuracy: 0.6438 - val_loss: 1.9956 - val_accuracy: 0.4897
Epoch 4/203

 1/98 [..............................] - ETA: 37s - loss: 0.8323 - accuracy: 0.7109
 2/98 [..............................] - ETA: 37s - loss: 0.8246 - accuracy: 0.7070
 3/98 [..............................] - ETA: 37s - loss: 0.8254 - accuracy: 0.7044
 4/98 [>.............................] - ETA: 36s - loss: 0.8417 - accuracy: 0.6973
 5/98 [>.............................] - ETA: 36s - loss: 0.8492 - accuracy: 0.6945
 6/98 [>.............................] - ETA: 35s - loss: 0.8458 - accuracy: 0.6982
 7/98 [=>............................] - ETA: 35s - loss: 0.8469 - accuracy: 0.6973
 8/98 [=>............................] - ETA: 34s - loss: 0.8394 - accuracy: 0.7029
 9/98 [=>............................] - ETA: 34s - loss: 0.8464 - accuracy: 0.7014
10/98 [==>...........................] - ETA: 34s - loss: 0.8459 - accuracy: 0.7018
11/98 [==>...........................] - ETA: 33s - loss: 0.8420 - accuracy: 0.7022
12/98 [==>...........................] - ETA: 33s - loss: 0.8541 - accuracy: 0.6991
13/98 [==>...........................] - ETA: 33s - loss: 0.8564 - accuracy: 0.6980
14/98 [===>..........................] - ETA: 32s - loss: 0.8539 - accuracy: 0.6994
15/98 [===>..........................] - ETA: 32s - loss: 0.8575 - accuracy: 0.6966
16/98 [===>..........................] - ETA: 31s - loss: 0.8580 - accuracy: 0.6968
17/98 [====>.........................] - ETA: 31s - loss: 0.8605 - accuracy: 0.6967
18/98 [====>.........................] - ETA: 31s - loss: 0.8634 - accuracy: 0.6944
19/98 [====>.........................] - ETA: 30s - loss: 0.8629 - accuracy: 0.6948
20/98 [=====>........................] - ETA: 30s - loss: 0.8653 - accuracy: 0.6938
21/98 [=====>........................] - ETA: 29s - loss: 0.8686 - accuracy: 0.6923
22/98 [=====>........................] - ETA: 29s - loss: 0.8661 - accuracy: 0.6932
23/98 [======>.......................] - ETA: 29s - loss: 0.8652 - accuracy: 0.6921
24/98 [======>.......................] - ETA: 28s - loss: 0.8630 - accuracy: 0.6927
25/98 [======>.......................] - ETA: 28s - loss: 0.8625 - accuracy: 0.6933
26/98 [======>.......................] - ETA: 28s - loss: 0.8623 - accuracy: 0.6941
27/98 [=======>......................] - ETA: 27s - loss: 0.8582 - accuracy: 0.6952
28/98 [=======>......................] - ETA: 27s - loss: 0.8600 - accuracy: 0.6946
29/98 [=======>......................] - ETA: 26s - loss: 0.8611 - accuracy: 0.6947
30/98 [========>.....................] - ETA: 26s - loss: 0.8625 - accuracy: 0.6934
31/98 [========>.....................] - ETA: 26s - loss: 0.8629 - accuracy: 0.6932
32/98 [========>.....................] - ETA: 25s - loss: 0.8621 - accuracy: 0.6929
33/98 [=========>....................] - ETA: 25s - loss: 0.8630 - accuracy: 0.6931
34/98 [=========>....................] - ETA: 24s - loss: 0.8637 - accuracy: 0.6930
35/98 [=========>....................] - ETA: 24s - loss: 0.8631 - accuracy: 0.6937
36/98 [==========>...................] - ETA: 24s - loss: 0.8636 - accuracy: 0.6934
37/98 [==========>...................] - ETA: 23s - loss: 0.8666 - accuracy: 0.6916
38/98 [==========>...................] - ETA: 23s - loss: 0.8660 - accuracy: 0.6917
39/98 [==========>...................] - ETA: 22s - loss: 0.8659 - accuracy: 0.6918
40/98 [===========>..................] - ETA: 22s - loss: 0.8641 - accuracy: 0.6927
41/98 [===========>..................] - ETA: 22s - loss: 0.8654 - accuracy: 0.6923
42/98 [===========>..................] - ETA: 21s - loss: 0.8678 - accuracy: 0.6917
43/98 [============>.................] - ETA: 21s - loss: 0.8673 - accuracy: 0.6924
44/98 [============>.................] - ETA: 20s - loss: 0.8670 - accuracy: 0.6922
45/98 [============>.................] - ETA: 20s - loss: 0.8665 - accuracy: 0.6922
46/98 [=============>................] - ETA: 20s - loss: 0.8662 - accuracy: 0.6924
47/98 [=============>................] - ETA: 19s - loss: 0.8672 - accuracy: 0.6923
48/98 [=============>................] - ETA: 19s - loss: 0.8666 - accuracy: 0.6927
49/98 [==============>...............] - ETA: 18s - loss: 0.8653 - accuracy: 0.6932
50/98 [==============>...............] - ETA: 18s - loss: 0.8643 - accuracy: 0.6931
51/98 [==============>...............] - ETA: 18s - loss: 0.8647 - accuracy: 0.6926
52/98 [==============>...............] - ETA: 17s - loss: 0.8652 - accuracy: 0.6925
53/98 [===============>..............] - ETA: 17s - loss: 0.8652 - accuracy: 0.6925
54/98 [===============>..............] - ETA: 17s - loss: 0.8664 - accuracy: 0.6926
55/98 [===============>..............] - ETA: 16s - loss: 0.8655 - accuracy: 0.6932
56/98 [================>.............] - ETA: 16s - loss: 0.8656 - accuracy: 0.6933
57/98 [================>.............] - ETA: 15s - loss: 0.8656 - accuracy: 0.6938
58/98 [================>.............] - ETA: 15s - loss: 0.8655 - accuracy: 0.6940
59/98 [=================>............] - ETA: 15s - loss: 0.8657 - accuracy: 0.6938
60/98 [=================>............] - ETA: 14s - loss: 0.8671 - accuracy: 0.6941
61/98 [=================>............] - ETA: 14s - loss: 0.8679 - accuracy: 0.6937
62/98 [=================>............] - ETA: 13s - loss: 0.8670 - accuracy: 0.6941
63/98 [==================>...........] - ETA: 13s - loss: 0.8664 - accuracy: 0.6947
64/98 [==================>...........] - ETA: 13s - loss: 0.8649 - accuracy: 0.6950
65/98 [==================>...........] - ETA: 12s - loss: 0.8638 - accuracy: 0.6953
66/98 [===================>..........] - ETA: 12s - loss: 0.8632 - accuracy: 0.6956
67/98 [===================>..........] - ETA: 12s - loss: 0.8629 - accuracy: 0.6956
68/98 [===================>..........] - ETA: 11s - loss: 0.8627 - accuracy: 0.6958
69/98 [====================>.........] - ETA: 11s - loss: 0.8609 - accuracy: 0.6963
70/98 [====================>.........] - ETA: 10s - loss: 0.8609 - accuracy: 0.6960
71/98 [====================>.........] - ETA: 10s - loss: 0.8611 - accuracy: 0.6958
72/98 [=====================>........] - ETA: 10s - loss: 0.8607 - accuracy: 0.6958
73/98 [=====================>........] - ETA: 9s - loss: 0.8599 - accuracy: 0.6960 
74/98 [=====================>........] - ETA: 9s - loss: 0.8599 - accuracy: 0.6959
75/98 [=====================>........] - ETA: 8s - loss: 0.8599 - accuracy: 0.6959
76/98 [======================>.......] - ETA: 8s - loss: 0.8595 - accuracy: 0.6959
77/98 [======================>.......] - ETA: 8s - loss: 0.8605 - accuracy: 0.6954
78/98 [======================>.......] - ETA: 7s - loss: 0.8599 - accuracy: 0.6955
79/98 [=======================>......] - ETA: 7s - loss: 0.8593 - accuracy: 0.6958
80/98 [=======================>......] - ETA: 6s - loss: 0.8583 - accuracy: 0.6960
81/98 [=======================>......] - ETA: 6s - loss: 0.8595 - accuracy: 0.6956
82/98 [========================>.....] - ETA: 6s - loss: 0.8590 - accuracy: 0.6959
83/98 [========================>.....] - ETA: 5s - loss: 0.8595 - accuracy: 0.6960
84/98 [========================>.....] - ETA: 5s - loss: 0.8599 - accuracy: 0.6958
85/98 [=========================>....] - ETA: 5s - loss: 0.8594 - accuracy: 0.6958
86/98 [=========================>....] - ETA: 4s - loss: 0.8591 - accuracy: 0.6958
87/98 [=========================>....] - ETA: 4s - loss: 0.8594 - accuracy: 0.6955
88/98 [=========================>....] - ETA: 3s - loss: 0.8585 - accuracy: 0.6959
89/98 [==========================>...] - ETA: 3s - loss: 0.8586 - accuracy: 0.6959
90/98 [==========================>...] - ETA: 3s - loss: 0.8576 - accuracy: 0.6963
91/98 [==========================>...] - ETA: 2s - loss: 0.8578 - accuracy: 0.6964
92/98 [===========================>..] - ETA: 2s - loss: 0.8573 - accuracy: 0.6964
93/98 [===========================>..] - ETA: 1s - loss: 0.8577 - accuracy: 0.6964
94/98 [===========================>..] - ETA: 1s - loss: 0.8574 - accuracy: 0.6966
95/98 [============================>.] - ETA: 1s - loss: 0.8572 - accuracy: 0.6965
96/98 [============================>.] - ETA: 0s - loss: 0.8567 - accuracy: 0.6966
97/98 [============================>.] - ETA: 0s - loss: 0.8564 - accuracy: 0.6969
98/98 [==============================] - ETA: 0s - loss: 0.8565 - accuracy: 0.6967
98/98 [==============================] - 41s 416ms/step - loss: 0.8565 - accuracy: 0.6967 - val_loss: 1.7052 - val_accuracy: 0.5468
Epoch 5/203

 1/98 [..............................] - ETA: 39s - loss: 0.8007 - accuracy: 0.7227
 2/98 [..............................] - ETA: 35s - loss: 0.7682 - accuracy: 0.7246
 3/98 [..............................] - ETA: 36s - loss: 0.7613 - accuracy: 0.7279
 4/98 [>.............................] - ETA: 36s - loss: 0.7482 - accuracy: 0.7363
 5/98 [>.............................] - ETA: 36s - loss: 0.7588 - accuracy: 0.7355
 6/98 [>.............................] - ETA: 35s - loss: 0.7548 - accuracy: 0.7367
 7/98 [=>............................] - ETA: 35s - loss: 0.7489 - accuracy: 0.7363
 8/98 [=>............................] - ETA: 35s - loss: 0.7443 - accuracy: 0.7368
 9/98 [=>............................] - ETA: 34s - loss: 0.7588 - accuracy: 0.7346
10/98 [==>...........................] - ETA: 34s - loss: 0.7649 - accuracy: 0.7318
11/98 [==>...........................] - ETA: 33s - loss: 0.7699 - accuracy: 0.7296
12/98 [==>...........................] - ETA: 33s - loss: 0.7647 - accuracy: 0.7300
13/98 [==>...........................] - ETA: 33s - loss: 0.7579 - accuracy: 0.7312
14/98 [===>..........................] - ETA: 32s - loss: 0.7510 - accuracy: 0.7330
15/98 [===>..........................] - ETA: 32s - loss: 0.7437 - accuracy: 0.7348
16/98 [===>..........................] - ETA: 31s - loss: 0.7434 - accuracy: 0.7340
17/98 [====>.........................] - ETA: 31s - loss: 0.7423 - accuracy: 0.7353
18/98 [====>.........................] - ETA: 31s - loss: 0.7395 - accuracy: 0.7372
19/98 [====>.........................] - ETA: 30s - loss: 0.7377 - accuracy: 0.7387
20/98 [=====>........................] - ETA: 30s - loss: 0.7387 - accuracy: 0.7379
21/98 [=====>........................] - ETA: 29s - loss: 0.7419 - accuracy: 0.7359
22/98 [=====>........................] - ETA: 29s - loss: 0.7430 - accuracy: 0.7359
23/98 [======>.......................] - ETA: 29s - loss: 0.7422 - accuracy: 0.7358
24/98 [======>.......................] - ETA: 28s - loss: 0.7414 - accuracy: 0.7361
25/98 [======>.......................] - ETA: 28s - loss: 0.7406 - accuracy: 0.7377
26/98 [======>.......................] - ETA: 28s - loss: 0.7422 - accuracy: 0.7375
27/98 [=======>......................] - ETA: 27s - loss: 0.7408 - accuracy: 0.7376
28/98 [=======>......................] - ETA: 27s - loss: 0.7435 - accuracy: 0.7358
29/98 [=======>......................] - ETA: 26s - loss: 0.7453 - accuracy: 0.7359
30/98 [========>.....................] - ETA: 26s - loss: 0.7455 - accuracy: 0.7353
31/98 [========>.....................] - ETA: 26s - loss: 0.7463 - accuracy: 0.7353
32/98 [========>.....................] - ETA: 25s - loss: 0.7479 - accuracy: 0.7344
33/98 [=========>....................] - ETA: 25s - loss: 0.7474 - accuracy: 0.7347
34/98 [=========>....................] - ETA: 24s - loss: 0.7472 - accuracy: 0.7345
35/98 [=========>....................] - ETA: 24s - loss: 0.7470 - accuracy: 0.7344
36/98 [==========>...................] - ETA: 24s - loss: 0.7443 - accuracy: 0.7354
37/98 [==========>...................] - ETA: 23s - loss: 0.7426 - accuracy: 0.7364
