2024-06-25 16:04:43.373426: I tensorflow/core/platform/cpu_feature_guard.cc:193] This TensorFlow binary is optimized with oneAPI Deep Neural Network Library (oneDNN) to use the following CPU instructions in performance-critical operations:  AVX AVX2
To enable them in other operations, rebuild TensorFlow with the appropriate compiler flags.
2024-06-25 16:04:44.673259: I tensorflow/core/common_runtime/gpu/gpu_device.cc:1616] Created device /job:localhost/replica:0/task:0/device:GPU:0 with 6656 MB memory:  -> device: 0, name: NVIDIA GeForce RTX 4060 Ti, pci bus id: 0000:01:00.0, compute capability: 8.9
1 Physical GPUs, 1 Logical GPUs
Model: "sequential"
_________________________________________________________________
 Layer (type)                Output Shape              Param #   
=================================================================
 conv2d (Conv2D)             (None, 32, 32, 32)        896       
                                                                 
 max_pooling2d (MaxPooling2D  (None, 16, 16, 32)       0         
 )                                                               
                                                                 
 batch_normalization (BatchN  (None, 16, 16, 32)       128       
 ormalization)                                                   
                                                                 
 conv2d_1 (Conv2D)           (None, 16, 16, 256)       663808    
                                                                 
 conv2d_2 (Conv2D)           (None, 16, 16, 64)        1982528   
                                                                 
 max_pooling2d_1 (MaxPooling  (None, 8, 8, 64)         0         
 2D)                                                             
                                                                 
 conv2d_3 (Conv2D)           (None, 8, 8, 256)         803072    
                                                                 
 max_pooling2d_2 (MaxPooling  (None, 4, 4, 256)        0         
 2D)                                                             
                                                                 
 dropout (Dropout)           (None, 4, 4, 256)         0         
                                                                 
 flatten (Flatten)           (None, 4096)              0         
                                                                 
 dense (Dense)               (None, 10)                40970     
                                                                 
=================================================================
Total params: 3,491,402
Trainable params: 3,491,338
Non-trainable params: 64
_________________________________________________________________
Taxa de aprendizado:  0.001 Num de épocas:  203 Tamanho do lote:  512 Dropout:  0.23811
Epoch 1/203
2024-06-25 16:04:47.027980: I tensorflow/stream_executor/cuda/cuda_dnn.cc:384] Loaded cuDNN version 8100
2024-06-25 16:04:48.854704: W tensorflow/stream_executor/gpu/redzone_allocator.cc:314] INTERNAL: ptxas exited with non-zero error code -1, output: 
Relying on driver to perform ptx compilation. 
Modify $PATH to customize ptxas location.
This message will be only logged once.
2024-06-25 16:04:52.966143: I tensorflow/stream_executor/cuda/cuda_blas.cc:1614] TensorFloat-32 will be used for the matrix multiplication. This will only be logged once.

 1/98 [..............................] - ETA: 41:02 - loss: 2.3092 - accuracy: 0.0957
 2/98 [..............................] - ETA: 37s - loss: 4.3168 - accuracy: 0.1035  
 3/98 [..............................] - ETA: 37s - loss: 3.6552 - accuracy: 0.1055
 4/98 [>.............................] - ETA: 36s - loss: 3.3277 - accuracy: 0.1001
 5/98 [>.............................] - ETA: 36s - loss: 3.1260 - accuracy: 0.1043
 6/98 [>.............................] - ETA: 35s - loss: 2.9887 - accuracy: 0.1064
 7/98 [=>............................] - ETA: 35s - loss: 2.8903 - accuracy: 0.1066
 8/98 [=>............................] - ETA: 35s - loss: 2.8161 - accuracy: 0.1052
 9/98 [=>............................] - ETA: 34s - loss: 2.7569 - accuracy: 0.1092
10/98 [==>...........................] - ETA: 34s - loss: 2.7074 - accuracy: 0.1146
11/98 [==>...........................] - ETA: 33s - loss: 2.6722 - accuracy: 0.1158
12/98 [==>...........................] - ETA: 33s - loss: 2.6363 - accuracy: 0.1208
13/98 [==>...........................] - ETA: 33s - loss: 2.6079 - accuracy: 0.1223
14/98 [===>..........................] - ETA: 32s - loss: 2.5830 - accuracy: 0.1254
15/98 [===>..........................] - ETA: 32s - loss: 2.5594 - accuracy: 0.1270
16/98 [===>..........................] - ETA: 32s - loss: 2.5392 - accuracy: 0.1282
17/98 [====>.........................] - ETA: 31s - loss: 2.5213 - accuracy: 0.1311
18/98 [====>.........................] - ETA: 31s - loss: 2.5038 - accuracy: 0.1335
19/98 [====>.........................] - ETA: 30s - loss: 2.4881 - accuracy: 0.1359
20/98 [=====>........................] - ETA: 30s - loss: 2.4744 - accuracy: 0.1388
21/98 [=====>........................] - ETA: 30s - loss: 2.4614 - accuracy: 0.1410
22/98 [=====>........................] - ETA: 29s - loss: 2.4490 - accuracy: 0.1433
23/98 [======>.......................] - ETA: 29s - loss: 2.4370 - accuracy: 0.1454
24/98 [======>.......................] - ETA: 28s - loss: 2.4254 - accuracy: 0.1481
25/98 [======>.......................] - ETA: 28s - loss: 2.4148 - accuracy: 0.1492
26/98 [======>.......................] - ETA: 28s - loss: 2.4040 - accuracy: 0.1522
27/98 [=======>......................] - ETA: 27s - loss: 2.3945 - accuracy: 0.1540
28/98 [=======>......................] - ETA: 27s - loss: 2.3852 - accuracy: 0.1553
29/98 [=======>......................] - ETA: 26s - loss: 2.3773 - accuracy: 0.1579
30/98 [========>.....................] - ETA: 26s - loss: 2.3692 - accuracy: 0.1589
31/98 [========>.....................] - ETA: 53s - loss: 2.3646 - accuracy: 0.1601
32/98 [========>.....................] - ETA: 52s - loss: 2.3560 - accuracy: 0.1616
33/98 [=========>....................] - ETA: 50s - loss: 2.3484 - accuracy: 0.1630
34/98 [=========>....................] - ETA: 48s - loss: 2.3418 - accuracy: 0.1648
35/98 [=========>....................] - ETA: 47s - loss: 2.3366 - accuracy: 0.1659
36/98 [==========>...................] - ETA: 46s - loss: 2.3302 - accuracy: 0.1668
37/98 [==========>...................] - ETA: 44s - loss: 2.3226 - accuracy: 0.1681
38/98 [==========>...................] - ETA: 43s - loss: 2.3160 - accuracy: 0.1702
39/98 [==========>...................] - ETA: 42s - loss: 2.3115 - accuracy: 0.1716
40/98 [===========>..................] - ETA: 41s - loss: 2.3056 - accuracy: 0.1733
41/98 [===========>..................] - ETA: 39s - loss: 2.3000 - accuracy: 0.1743
42/98 [===========>..................] - ETA: 38s - loss: 2.2951 - accuracy: 0.1766
43/98 [============>.................] - ETA: 37s - loss: 2.2890 - accuracy: 0.1781
44/98 [============>.................] - ETA: 36s - loss: 2.2849 - accuracy: 0.1795
45/98 [============>.................] - ETA: 35s - loss: 2.2793 - accuracy: 0.1813
46/98 [=============>................] - ETA: 34s - loss: 2.2730 - accuracy: 0.1828
47/98 [=============>................] - ETA: 33s - loss: 2.2672 - accuracy: 0.1843
48/98 [=============>................] - ETA: 32s - loss: 2.2615 - accuracy: 0.1857
49/98 [==============>...............] - ETA: 31s - loss: 2.2550 - accuracy: 0.1876
50/98 [==============>...............] - ETA: 30s - loss: 2.2497 - accuracy: 0.1891
51/98 [==============>...............] - ETA: 29s - loss: 2.2431 - accuracy: 0.1910
52/98 [==============>...............] - ETA: 29s - loss: 2.2365 - accuracy: 0.1930
53/98 [===============>..............] - ETA: 28s - loss: 2.2317 - accuracy: 0.1944
54/98 [===============>..............] - ETA: 27s - loss: 2.2252 - accuracy: 0.1965
55/98 [===============>..............] - ETA: 26s - loss: 2.2186 - accuracy: 0.1979
56/98 [================>.............] - ETA: 25s - loss: 2.2131 - accuracy: 0.1993
57/98 [================>.............] - ETA: 25s - loss: 2.2070 - accuracy: 0.2008
58/98 [================>.............] - ETA: 24s - loss: 2.2018 - accuracy: 0.2024
59/98 [=================>............] - ETA: 23s - loss: 2.1959 - accuracy: 0.2041
60/98 [=================>............] - ETA: 22s - loss: 2.1895 - accuracy: 0.2059
61/98 [=================>............] - ETA: 22s - loss: 2.1830 - accuracy: 0.2080
62/98 [=================>............] - ETA: 21s - loss: 2.1771 - accuracy: 0.2095
63/98 [==================>...........] - ETA: 20s - loss: 2.1715 - accuracy: 0.2112
64/98 [==================>...........] - ETA: 19s - loss: 2.1643 - accuracy: 0.2136
65/98 [==================>...........] - ETA: 19s - loss: 2.1578 - accuracy: 0.2154
66/98 [===================>..........] - ETA: 18s - loss: 2.1511 - accuracy: 0.2174
67/98 [===================>..........] - ETA: 17s - loss: 2.1455 - accuracy: 0.2195
68/98 [===================>..........] - ETA: 17s - loss: 2.1389 - accuracy: 0.2212
69/98 [====================>.........] - ETA: 16s - loss: 2.1334 - accuracy: 0.2230
70/98 [====================>.........] - ETA: 15s - loss: 2.1272 - accuracy: 0.2247
71/98 [====================>.........] - ETA: 15s - loss: 2.1221 - accuracy: 0.2263
72/98 [=====================>........] - ETA: 14s - loss: 2.1164 - accuracy: 0.2285
73/98 [=====================>........] - ETA: 14s - loss: 2.1104 - accuracy: 0.2304
74/98 [=====================>........] - ETA: 13s - loss: 2.1048 - accuracy: 0.2320
75/98 [=====================>........] - ETA: 12s - loss: 2.0995 - accuracy: 0.2342
76/98 [======================>.......] - ETA: 12s - loss: 2.0938 - accuracy: 0.2362
77/98 [======================>.......] - ETA: 11s - loss: 2.0897 - accuracy: 0.2376
78/98 [======================>.......] - ETA: 11s - loss: 2.0843 - accuracy: 0.2396
79/98 [=======================>......] - ETA: 10s - loss: 2.0787 - accuracy: 0.2414
80/98 [=======================>......] - ETA: 9s - loss: 2.0739 - accuracy: 0.2431 
81/98 [=======================>......] - ETA: 9s - loss: 2.0688 - accuracy: 0.2446
82/98 [========================>.....] - ETA: 8s - loss: 2.0633 - accuracy: 0.2467
83/98 [========================>.....] - ETA: 8s - loss: 2.0574 - accuracy: 0.2489
84/98 [========================>.....] - ETA: 7s - loss: 2.0516 - accuracy: 0.2510
85/98 [=========================>....] - ETA: 6s - loss: 2.0467 - accuracy: 0.2527
86/98 [=========================>....] - ETA: 6s - loss: 2.0420 - accuracy: 0.2545
87/98 [=========================>....] - ETA: 5s - loss: 2.0361 - accuracy: 0.2571
88/98 [=========================>....] - ETA: 5s - loss: 2.0311 - accuracy: 0.2586
89/98 [==========================>...] - ETA: 4s - loss: 2.0256 - accuracy: 0.2604
90/98 [==========================>...] - ETA: 4s - loss: 2.0204 - accuracy: 0.2619
91/98 [==========================>...] - ETA: 3s - loss: 2.0149 - accuracy: 0.2638
92/98 [===========================>..] - ETA: 3s - loss: 2.0105 - accuracy: 0.2655
93/98 [===========================>..] - ETA: 2s - loss: 2.0056 - accuracy: 0.2672
94/98 [===========================>..] - ETA: 2s - loss: 2.0006 - accuracy: 0.2690
95/98 [============================>.] - ETA: 1s - loss: 1.9959 - accuracy: 0.2709
96/98 [============================>.] - ETA: 1s - loss: 1.9908 - accuracy: 0.2723
97/98 [============================>.] - ETA: 0s - loss: 1.9866 - accuracy: 0.2739
98/98 [==============================] - ETA: 0s - loss: 1.9823 - accuracy: 0.2753
98/98 [==============================] - 79s 554ms/step - loss: 1.9823 - accuracy: 0.2753 - val_loss: 2.1878 - val_accuracy: 0.1818
Epoch 2/203

 1/98 [..............................] - ETA: 39s - loss: 1.4932 - accuracy: 0.4668
 2/98 [..............................] - ETA: 37s - loss: 1.5257 - accuracy: 0.4502
 3/98 [..............................] - ETA: 37s - loss: 1.5249 - accuracy: 0.4447
 4/98 [>.............................] - ETA: 36s - loss: 1.5181 - accuracy: 0.4399
 5/98 [>.............................] - ETA: 36s - loss: 1.5164 - accuracy: 0.4457
 6/98 [>.............................] - ETA: 35s - loss: 1.5094 - accuracy: 0.4427
 7/98 [=>............................] - ETA: 35s - loss: 1.5028 - accuracy: 0.4439
 8/98 [=>............................] - ETA: 35s - loss: 1.4984 - accuracy: 0.4473
 9/98 [=>............................] - ETA: 34s - loss: 1.4910 - accuracy: 0.4481
10/98 [==>...........................] - ETA: 34s - loss: 1.4923 - accuracy: 0.4488
11/98 [==>...........................] - ETA: 33s - loss: 1.4899 - accuracy: 0.4499
12/98 [==>...........................] - ETA: 33s - loss: 1.4850 - accuracy: 0.4499
13/98 [==>...........................] - ETA: 33s - loss: 1.4772 - accuracy: 0.4521
14/98 [===>..........................] - ETA: 32s - loss: 1.4701 - accuracy: 0.4558
15/98 [===>..........................] - ETA: 32s - loss: 1.4639 - accuracy: 0.4583
16/98 [===>..........................] - ETA: 31s - loss: 1.4670 - accuracy: 0.4590
17/98 [====>.........................] - ETA: 31s - loss: 1.4693 - accuracy: 0.4588
18/98 [====>.........................] - ETA: 31s - loss: 1.4662 - accuracy: 0.4604
19/98 [====>.........................] - ETA: 30s - loss: 1.4653 - accuracy: 0.4623
20/98 [=====>........................] - ETA: 30s - loss: 1.4654 - accuracy: 0.4610
21/98 [=====>........................] - ETA: 30s - loss: 1.4670 - accuracy: 0.4618
22/98 [=====>........................] - ETA: 29s - loss: 1.4703 - accuracy: 0.4612
23/98 [======>.......................] - ETA: 29s - loss: 1.4680 - accuracy: 0.4616
24/98 [======>.......................] - ETA: 28s - loss: 1.4681 - accuracy: 0.4620
25/98 [======>.......................] - ETA: 28s - loss: 1.4686 - accuracy: 0.4616
26/98 [======>.......................] - ETA: 28s - loss: 1.4664 - accuracy: 0.4633
27/98 [=======>......................] - ETA: 27s - loss: 1.4663 - accuracy: 0.4632
28/98 [=======>......................] - ETA: 27s - loss: 1.4611 - accuracy: 0.4653
29/98 [=======>......................] - ETA: 26s - loss: 1.4613 - accuracy: 0.4647
30/98 [========>.....................] - ETA: 26s - loss: 1.4615 - accuracy: 0.4650
31/98 [========>.....................] - ETA: 26s - loss: 1.4603 - accuracy: 0.4664
32/98 [========>.....................] - ETA: 25s - loss: 1.4592 - accuracy: 0.4665
33/98 [=========>....................] - ETA: 25s - loss: 1.4616 - accuracy: 0.4660
34/98 [=========>....................] - ETA: 24s - loss: 1.4578 - accuracy: 0.4671
35/98 [=========>....................] - ETA: 24s - loss: 1.4567 - accuracy: 0.4680
36/98 [==========>...................] - ETA: 24s - loss: 1.4544 - accuracy: 0.4690
37/98 [==========>...................] - ETA: 23s - loss: 1.4497 - accuracy: 0.4693
38/98 [==========>...................] - ETA: 23s - loss: 1.4484 - accuracy: 0.4702
39/98 [==========>...................] - ETA: 23s - loss: 1.4458 - accuracy: 0.4715
40/98 [===========>..................] - ETA: 22s - loss: 1.4421 - accuracy: 0.4732
41/98 [===========>..................] - ETA: 22s - loss: 1.4390 - accuracy: 0.4745
42/98 [===========>..................] - ETA: 21s - loss: 1.4380 - accuracy: 0.4748
43/98 [============>.................] - ETA: 21s - loss: 1.4368 - accuracy: 0.4749
44/98 [============>.................] - ETA: 21s - loss: 1.4330 - accuracy: 0.4758
45/98 [============>.................] - ETA: 20s - loss: 1.4299 - accuracy: 0.4774
46/98 [=============>................] - ETA: 20s - loss: 1.4264 - accuracy: 0.4785
47/98 [=============>................] - ETA: 19s - loss: 1.4252 - accuracy: 0.4787
48/98 [=============>................] - ETA: 19s - loss: 1.4218 - accuracy: 0.4802
49/98 [==============>...............] - ETA: 19s - loss: 1.4192 - accuracy: 0.4812
50/98 [==============>...............] - ETA: 18s - loss: 1.4159 - accuracy: 0.4821
51/98 [==============>...............] - ETA: 18s - loss: 1.4150 - accuracy: 0.4828
52/98 [==============>...............] - ETA: 17s - loss: 1.4133 - accuracy: 0.4836
53/98 [===============>..............] - ETA: 17s - loss: 1.4111 - accuracy: 0.4848
54/98 [===============>..............] - ETA: 17s - loss: 1.4099 - accuracy: 0.4857
55/98 [===============>..............] - ETA: 16s - loss: 1.4090 - accuracy: 0.4859
56/98 [================>.............] - ETA: 16s - loss: 1.4066 - accuracy: 0.4869
57/98 [================>.............] - ETA: 16s - loss: 1.4059 - accuracy: 0.4875
58/98 [================>.............] - ETA: 15s - loss: 1.4030 - accuracy: 0.4886
59/98 [=================>............] - ETA: 15s - loss: 1.4015 - accuracy: 0.4891
60/98 [=================>............] - ETA: 14s - loss: 1.3995 - accuracy: 0.4894
61/98 [=================>............] - ETA: 14s - loss: 1.3979 - accuracy: 0.4901
62/98 [=================>............] - ETA: 14s - loss: 1.3959 - accuracy: 0.4904
63/98 [==================>...........] - ETA: 13s - loss: 1.3958 - accuracy: 0.4907
64/98 [==================>...........] - ETA: 13s - loss: 1.3953 - accuracy: 0.4909
65/98 [==================>...........] - ETA: 12s - loss: 1.3936 - accuracy: 0.4916
66/98 [===================>..........] - ETA: 12s - loss: 1.3915 - accuracy: 0.4922
67/98 [===================>..........] - ETA: 12s - loss: 1.3900 - accuracy: 0.4926
68/98 [===================>..........] - ETA: 11s - loss: 1.3887 - accuracy: 0.4930
69/98 [====================>.........] - ETA: 11s - loss: 1.3878 - accuracy: 0.4933
70/98 [====================>.........] - ETA: 10s - loss: 1.3861 - accuracy: 0.4938
71/98 [====================>.........] - ETA: 10s - loss: 1.3846 - accuracy: 0.4943
72/98 [=====================>........] - ETA: 10s - loss: 1.3831 - accuracy: 0.4948
73/98 [=====================>........] - ETA: 9s - loss: 1.3814 - accuracy: 0.4955 
74/98 [=====================>........] - ETA: 9s - loss: 1.3796 - accuracy: 0.4962
75/98 [=====================>........] - ETA: 8s - loss: 1.3777 - accuracy: 0.4970
76/98 [======================>.......] - ETA: 8s - loss: 1.3763 - accuracy: 0.4979
77/98 [======================>.......] - ETA: 8s - loss: 1.3748 - accuracy: 0.4985
78/98 [======================>.......] - ETA: 7s - loss: 1.3738 - accuracy: 0.4991
79/98 [=======================>......] - ETA: 7s - loss: 1.3723 - accuracy: 0.4998
80/98 [=======================>......] - ETA: 7s - loss: 1.3711 - accuracy: 0.5002
81/98 [=======================>......] - ETA: 6s - loss: 1.3696 - accuracy: 0.5007
82/98 [========================>.....] - ETA: 6s - loss: 1.3681 - accuracy: 0.5015
83/98 [========================>.....] - ETA: 5s - loss: 1.3659 - accuracy: 0.5026
84/98 [========================>.....] - ETA: 5s - loss: 1.3631 - accuracy: 0.5037
85/98 [=========================>....] - ETA: 5s - loss: 1.3613 - accuracy: 0.5043
86/98 [=========================>....] - ETA: 4s - loss: 1.3595 - accuracy: 0.5050
87/98 [=========================>....] - ETA: 4s - loss: 1.3574 - accuracy: 0.5057
88/98 [=========================>....] - ETA: 3s - loss: 1.3562 - accuracy: 0.5062
89/98 [==========================>...] - ETA: 3s - loss: 1.3550 - accuracy: 0.5068
90/98 [==========================>...] - ETA: 3s - loss: 1.3534 - accuracy: 0.5071
91/98 [==========================>...] - ETA: 2s - loss: 1.3515 - accuracy: 0.5080
92/98 [===========================>..] - ETA: 2s - loss: 1.3491 - accuracy: 0.5089
93/98 [===========================>..] - ETA: 1s - loss: 1.3478 - accuracy: 0.5096
94/98 [===========================>..] - ETA: 1s - loss: 1.3468 - accuracy: 0.5099
95/98 [============================>.] - ETA: 1s - loss: 1.3447 - accuracy: 0.5103
96/98 [============================>.] - ETA: 0s - loss: 1.3435 - accuracy: 0.5110
97/98 [============================>.] - ETA: 0s - loss: 1.3420 - accuracy: 0.5117
98/98 [==============================] - ETA: 0s - loss: 1.3400 - accuracy: 0.5125
98/98 [==============================] - 41s 417ms/step - loss: 1.3400 - accuracy: 0.5125 - val_loss: 2.0472 - val_accuracy: 0.3505
Epoch 3/203

 1/98 [..............................] - ETA: 37s - loss: 1.0992 - accuracy: 0.6133
 2/98 [..............................] - ETA: 37s - loss: 1.0795 - accuracy: 0.6299
 3/98 [..............................] - ETA: 37s - loss: 1.1135 - accuracy: 0.6152
 4/98 [>.............................] - ETA: 36s - loss: 1.0983 - accuracy: 0.6221
 5/98 [>.............................] - ETA: 36s - loss: 1.1165 - accuracy: 0.6086
 6/98 [>.............................] - ETA: 35s - loss: 1.1097 - accuracy: 0.6061
 7/98 [=>............................] - ETA: 33s - loss: 1.1084 - accuracy: 0.6053
 8/98 [=>............................] - ETA: 33s - loss: 1.1095 - accuracy: 0.6077
 9/98 [=>............................] - ETA: 33s - loss: 1.1104 - accuracy: 0.6072
10/98 [==>...........................] - ETA: 33s - loss: 1.1171 - accuracy: 0.6054
11/98 [==>...........................] - ETA: 32s - loss: 1.1202 - accuracy: 0.6032
12/98 [==>...........................] - ETA: 32s - loss: 1.1268 - accuracy: 0.6014
13/98 [==>...........................] - ETA: 32s - loss: 1.1254 - accuracy: 0.6019
14/98 [===>..........................] - ETA: 32s - loss: 1.1299 - accuracy: 0.6005
15/98 [===>..........................] - ETA: 31s - loss: 1.1358 - accuracy: 0.5955
16/98 [===>..........................] - ETA: 31s - loss: 1.1333 - accuracy: 0.5973
17/98 [====>.........................] - ETA: 31s - loss: 1.1304 - accuracy: 0.5984
18/98 [====>.........................] - ETA: 30s - loss: 1.1319 - accuracy: 0.5972
19/98 [====>.........................] - ETA: 30s - loss: 1.1312 - accuracy: 0.5981
20/98 [=====>........................] - ETA: 29s - loss: 1.1390 - accuracy: 0.5959
21/98 [=====>........................] - ETA: 29s - loss: 1.1393 - accuracy: 0.5963
22/98 [=====>........................] - ETA: 29s - loss: 1.1368 - accuracy: 0.5964
23/98 [======>.......................] - ETA: 28s - loss: 1.1390 - accuracy: 0.5947
24/98 [======>.......................] - ETA: 28s - loss: 1.1383 - accuracy: 0.5947
25/98 [======>.......................] - ETA: 28s - loss: 1.1392 - accuracy: 0.5949
26/98 [======>.......................] - ETA: 27s - loss: 1.1374 - accuracy: 0.5950
27/98 [=======>......................] - ETA: 27s - loss: 1.1350 - accuracy: 0.5955
28/98 [=======>......................] - ETA: 27s - loss: 1.1355 - accuracy: 0.5960
29/98 [=======>......................] - ETA: 26s - loss: 1.1357 - accuracy: 0.5961
30/98 [========>.....................] - ETA: 26s - loss: 1.1366 - accuracy: 0.5952
31/98 [========>.....................] - ETA: 25s - loss: 1.1376 - accuracy: 0.5951
32/98 [========>.....................] - ETA: 25s - loss: 1.1364 - accuracy: 0.5959
33/98 [=========>....................] - ETA: 25s - loss: 1.1356 - accuracy: 0.5963
34/98 [=========>....................] - ETA: 24s - loss: 1.1375 - accuracy: 0.5951
35/98 [=========>....................] - ETA: 24s - loss: 1.1385 - accuracy: 0.5941
36/98 [==========>...................] - ETA: 24s - loss: 1.1393 - accuracy: 0.5938
37/98 [==========>...................] - ETA: 23s - loss: 1.1364 - accuracy: 0.5943
38/98 [==========>...................] - ETA: 23s - loss: 1.1354 - accuracy: 0.5947
39/98 [==========>...................] - ETA: 22s - loss: 1.1351 - accuracy: 0.5946
40/98 [===========>..................] - ETA: 22s - loss: 1.1334 - accuracy: 0.5958
41/98 [===========>..................] - ETA: 22s - loss: 1.1317 - accuracy: 0.5968
42/98 [===========>..................] - ETA: 21s - loss: 1.1320 - accuracy: 0.5966
43/98 [============>.................] - ETA: 21s - loss: 1.1316 - accuracy: 0.5973
44/98 [============>.................] - ETA: 20s - loss: 1.1310 - accuracy: 0.5972
45/98 [============>.................] - ETA: 20s - loss: 1.1312 - accuracy: 0.5974
46/98 [=============>................] - ETA: 20s - loss: 1.1299 - accuracy: 0.5979
47/98 [=============>................] - ETA: 19s - loss: 1.1288 - accuracy: 0.5988
48/98 [=============>................] - ETA: 19s - loss: 1.1272 - accuracy: 0.5991
49/98 [==============>...............] - ETA: 19s - loss: 1.1255 - accuracy: 0.5995
50/98 [==============>...............] - ETA: 18s - loss: 1.1240 - accuracy: 0.6001
51/98 [==============>...............] - ETA: 18s - loss: 1.1221 - accuracy: 0.6007
52/98 [==============>...............] - ETA: 17s - loss: 1.1219 - accuracy: 0.6008
53/98 [===============>..............] - ETA: 17s - loss: 1.1200 - accuracy: 0.6019
54/98 [===============>..............] - ETA: 17s - loss: 1.1186 - accuracy: 0.6024
55/98 [===============>..............] - ETA: 16s - loss: 1.1173 - accuracy: 0.6031
56/98 [================>.............] - ETA: 16s - loss: 1.1155 - accuracy: 0.6033
57/98 [================>.............] - ETA: 15s - loss: 1.1145 - accuracy: 0.6036
58/98 [================>.............] - ETA: 15s - loss: 1.1121 - accuracy: 0.6047
59/98 [=================>............] - ETA: 15s - loss: 1.1115 - accuracy: 0.6050
60/98 [=================>............] - ETA: 14s - loss: 1.1104 - accuracy: 0.6057
61/98 [=================>............] - ETA: 14s - loss: 1.1114 - accuracy: 0.6055
62/98 [=================>............] - ETA: 13s - loss: 1.1103 - accuracy: 0.6059
63/98 [==================>...........] - ETA: 13s - loss: 1.1080 - accuracy: 0.6070
64/98 [==================>...........] - ETA: 13s - loss: 1.1068 - accuracy: 0.6071
65/98 [==================>...........] - ETA: 12s - loss: 1.1055 - accuracy: 0.6074
66/98 [===================>..........] - ETA: 12s - loss: 1.1050 - accuracy: 0.6075
67/98 [===================>..........] - ETA: 12s - loss: 1.1032 - accuracy: 0.6082
68/98 [===================>..........] - ETA: 11s - loss: 1.1030 - accuracy: 0.6084
69/98 [====================>.........] - ETA: 11s - loss: 1.1007 - accuracy: 0.6091
70/98 [====================>.........] - ETA: 10s - loss: 1.1007 - accuracy: 0.6093
71/98 [====================>.........] - ETA: 10s - loss: 1.1004 - accuracy: 0.6093
72/98 [=====================>........] - ETA: 10s - loss: 1.0992 - accuracy: 0.6095
73/98 [=====================>........] - ETA: 9s - loss: 1.0994 - accuracy: 0.6096 
74/98 [=====================>........] - ETA: 9s - loss: 1.0986 - accuracy: 0.6097
75/98 [=====================>........] - ETA: 8s - loss: 1.0981 - accuracy: 0.6097
76/98 [======================>.......] - ETA: 8s - loss: 1.0966 - accuracy: 0.6103
77/98 [======================>.......] - ETA: 8s - loss: 1.0960 - accuracy: 0.6106
78/98 [======================>.......] - ETA: 7s - loss: 1.0962 - accuracy: 0.6106
79/98 [=======================>......] - ETA: 7s - loss: 1.0954 - accuracy: 0.6105
80/98 [=======================>......] - ETA: 7s - loss: 1.0952 - accuracy: 0.6106
81/98 [=======================>......] - ETA: 6s - loss: 1.0944 - accuracy: 0.6109
82/98 [========================>.....] - ETA: 6s - loss: 1.0938 - accuracy: 0.6112
83/98 [========================>.....] - ETA: 5s - loss: 1.0932 - accuracy: 0.6114
84/98 [========================>.....] - ETA: 5s - loss: 1.0929 - accuracy: 0.6116
85/98 [=========================>....] - ETA: 5s - loss: 1.0911 - accuracy: 0.6122
86/98 [=========================>....] - ETA: 4s - loss: 1.0915 - accuracy: 0.6121
87/98 [=========================>....] - ETA: 4s - loss: 1.0908 - accuracy: 0.6124
88/98 [=========================>....] - ETA: 3s - loss: 1.0899 - accuracy: 0.6126
89/98 [==========================>...] - ETA: 3s - loss: 1.0887 - accuracy: 0.6131
90/98 [==========================>...] - ETA: 3s - loss: 1.0894 - accuracy: 0.6129
91/98 [==========================>...] - ETA: 2s - loss: 1.0882 - accuracy: 0.6132
92/98 [===========================>..] - ETA: 2s - loss: 1.0885 - accuracy: 0.6130
93/98 [===========================>..] - ETA: 1s - loss: 1.0877 - accuracy: 0.6131
94/98 [===========================>..] - ETA: 1s - loss: 1.0866 - accuracy: 0.6135
95/98 [============================>.] - ETA: 1s - loss: 1.0855 - accuracy: 0.6139
96/98 [============================>.] - ETA: 0s - loss: 1.0851 - accuracy: 0.6139
97/98 [============================>.] - ETA: 0s - loss: 1.0853 - accuracy: 0.6137
98/98 [==============================] - ETA: 0s - loss: 1.0854 - accuracy: 0.6137
98/98 [==============================] - 41s 417ms/step - loss: 1.0854 - accuracy: 0.6137 - val_loss: 1.8882 - val_accuracy: 0.4193
Epoch 4/203

 1/98 [..............................] - ETA: 37s - loss: 0.9082 - accuracy: 0.6621
 2/98 [..............................] - ETA: 37s - loss: 0.9521 - accuracy: 0.6514
 3/98 [..............................] - ETA: 37s - loss: 0.9622 - accuracy: 0.6419
 4/98 [>.............................] - ETA: 36s - loss: 0.9742 - accuracy: 0.6416
 5/98 [>.............................] - ETA: 36s - loss: 0.9751 - accuracy: 0.6430
 6/98 [>.............................] - ETA: 35s - loss: 0.9705 - accuracy: 0.6462
 7/98 [=>............................] - ETA: 35s - loss: 0.9654 - accuracy: 0.6479
 8/98 [=>............................] - ETA: 35s - loss: 0.9628 - accuracy: 0.6499
 9/98 [=>............................] - ETA: 34s - loss: 0.9565 - accuracy: 0.6549
10/98 [==>...........................] - ETA: 34s - loss: 0.9532 - accuracy: 0.6564
11/98 [==>...........................] - ETA: 34s - loss: 0.9422 - accuracy: 0.6628
12/98 [==>...........................] - ETA: 33s - loss: 0.9418 - accuracy: 0.6624
13/98 [==>...........................] - ETA: 33s - loss: 0.9345 - accuracy: 0.6644
14/98 [===>..........................] - ETA: 32s - loss: 0.9359 - accuracy: 0.6639
15/98 [===>..........................] - ETA: 32s - loss: 0.9370 - accuracy: 0.6648
16/98 [===>..........................] - ETA: 32s - loss: 0.9356 - accuracy: 0.6658
17/98 [====>.........................] - ETA: 31s - loss: 0.9313 - accuracy: 0.6661
18/98 [====>.........................] - ETA: 31s - loss: 0.9326 - accuracy: 0.6657
19/98 [====>.........................] - ETA: 30s - loss: 0.9309 - accuracy: 0.6663
20/98 [=====>........................] - ETA: 30s - loss: 0.9316 - accuracy: 0.6666
21/98 [=====>........................] - ETA: 30s - loss: 0.9342 - accuracy: 0.6660
22/98 [=====>........................] - ETA: 29s - loss: 0.9338 - accuracy: 0.6669
23/98 [======>.......................] - ETA: 29s - loss: 0.9330 - accuracy: 0.6679
24/98 [======>.......................] - ETA: 28s - loss: 0.9309 - accuracy: 0.6687
25/98 [======>.......................] - ETA: 28s - loss: 0.9286 - accuracy: 0.6704
26/98 [======>.......................] - ETA: 28s - loss: 0.9260 - accuracy: 0.6713
27/98 [=======>......................] - ETA: 27s - loss: 0.9278 - accuracy: 0.6707
28/98 [=======>......................] - ETA: 27s - loss: 0.9272 - accuracy: 0.6701
29/98 [=======>......................] - ETA: 26s - loss: 0.9276 - accuracy: 0.6701
30/98 [========>.....................] - ETA: 26s - loss: 0.9290 - accuracy: 0.6691
31/98 [========>.....................] - ETA: 26s - loss: 0.9293 - accuracy: 0.6697
32/98 [========>.....................] - ETA: 25s - loss: 0.9283 - accuracy: 0.6701
33/98 [=========>....................] - ETA: 25s - loss: 0.9261 - accuracy: 0.6710
34/98 [=========>....................] - ETA: 24s - loss: 0.9237 - accuracy: 0.6720
35/98 [=========>....................] - ETA: 24s - loss: 0.9227 - accuracy: 0.6724
36/98 [==========>...................] - ETA: 24s - loss: 0.9245 - accuracy: 0.6719
37/98 [==========>...................] - ETA: 23s - loss: 0.9209 - accuracy: 0.6730
38/98 [==========>...................] - ETA: 23s - loss: 0.9192 - accuracy: 0.6734
39/98 [==========>...................] - ETA: 23s - loss: 0.9220 - accuracy: 0.6725
40/98 [===========>..................] - ETA: 22s - loss: 0.9241 - accuracy: 0.6719
41/98 [===========>..................] - ETA: 22s - loss: 0.9250 - accuracy: 0.6714
42/98 [===========>..................] - ETA: 21s - loss: 0.9253 - accuracy: 0.6719
43/98 [============>.................] - ETA: 21s - loss: 0.9268 - accuracy: 0.6715
44/98 [============>.................] - ETA: 21s - loss: 0.9276 - accuracy: 0.6715
45/98 [============>.................] - ETA: 20s - loss: 0.9305 - accuracy: 0.6709
46/98 [=============>................] - ETA: 20s - loss: 0.9313 - accuracy: 0.6707
47/98 [=============>................] - ETA: 19s - loss: 0.9313 - accuracy: 0.6708
48/98 [=============>................] - ETA: 19s - loss: 0.9321 - accuracy: 0.6705
49/98 [==============>...............] - ETA: 19s - loss: 0.9319 - accuracy: 0.6709
50/98 [==============>...............] - ETA: 18s - loss: 0.9322 - accuracy: 0.6709
51/98 [==============>...............] - ETA: 18s - loss: 0.9315 - accuracy: 0.6713
52/98 [==============>...............] - ETA: 17s - loss: 0.9311 - accuracy: 0.6713
53/98 [===============>..............] - ETA: 17s - loss: 0.9300 - accuracy: 0.6721
54/98 [===============>..............] - ETA: 17s - loss: 0.9298 - accuracy: 0.6719
55/98 [===============>..............] - ETA: 16s - loss: 0.9303 - accuracy: 0.6717
56/98 [================>.............] - ETA: 16s - loss: 0.9307 - accuracy: 0.6716
57/98 [================>.............] - ETA: 16s - loss: 0.9294 - accuracy: 0.6718
58/98 [================>.............] - ETA: 15s - loss: 0.9286 - accuracy: 0.6721
59/98 [=================>............] - ETA: 15s - loss: 0.9279 - accuracy: 0.6719
60/98 [=================>............] - ETA: 14s - loss: 0.9281 - accuracy: 0.6719
61/98 [=================>............] - ETA: 14s - loss: 0.9270 - accuracy: 0.6721
62/98 [=================>............] - ETA: 14s - loss: 0.9281 - accuracy: 0.6720
63/98 [==================>...........] - ETA: 13s - loss: 0.9289 - accuracy: 0.6716
64/98 [==================>...........] - ETA: 13s - loss: 0.9284 - accuracy: 0.6719
65/98 [==================>...........] - ETA: 12s - loss: 0.9292 - accuracy: 0.6715
66/98 [===================>..........] - ETA: 12s - loss: 0.9288 - accuracy: 0.6714
67/98 [===================>..........] - ETA: 12s - loss: 0.9294 - accuracy: 0.6706
68/98 [===================>..........] - ETA: 11s - loss: 0.9301 - accuracy: 0.6705
69/98 [====================>.........] - ETA: 11s - loss: 0.9300 - accuracy: 0.6708
70/98 [====================>.........] - ETA: 10s - loss: 0.9290 - accuracy: 0.6714
71/98 [====================>.........] - ETA: 10s - loss: 0.9290 - accuracy: 0.6717
72/98 [=====================>........] - ETA: 10s - loss: 0.9281 - accuracy: 0.6719
73/98 [=====================>........] - ETA: 9s - loss: 0.9287 - accuracy: 0.6714 
74/98 [=====================>........] - ETA: 9s - loss: 0.9279 - accuracy: 0.6715
75/98 [=====================>........] - ETA: 8s - loss: 0.9280 - accuracy: 0.6715
76/98 [======================>.......] - ETA: 8s - loss: 0.9283 - accuracy: 0.6713
77/98 [======================>.......] - ETA: 8s - loss: 0.9288 - accuracy: 0.6710
78/98 [======================>.......] - ETA: 7s - loss: 0.9295 - accuracy: 0.6704
79/98 [=======================>......] - ETA: 7s - loss: 0.9286 - accuracy: 0.6707
80/98 [=======================>......] - ETA: 7s - loss: 0.9287 - accuracy: 0.6705
81/98 [=======================>......] - ETA: 6s - loss: 0.9268 - accuracy: 0.6713
82/98 [========================>.....] - ETA: 6s - loss: 0.9279 - accuracy: 0.6706
83/98 [========================>.....] - ETA: 5s - loss: 0.9276 - accuracy: 0.6710
84/98 [========================>.....] - ETA: 5s - loss: 0.9264 - accuracy: 0.6714
85/98 [=========================>....] - ETA: 5s - loss: 0.9256 - accuracy: 0.6717
86/98 [=========================>....] - ETA: 4s - loss: 0.9257 - accuracy: 0.6717
87/98 [=========================>....] - ETA: 4s - loss: 0.9248 - accuracy: 0.6719
88/98 [=========================>....] - ETA: 3s - loss: 0.9244 - accuracy: 0.6722
89/98 [==========================>...] - ETA: 3s - loss: 0.9236 - accuracy: 0.6725
90/98 [==========================>...] - ETA: 3s - loss: 0.9225 - accuracy: 0.6727
91/98 [==========================>...] - ETA: 2s - loss: 0.9213 - accuracy: 0.6731
92/98 [===========================>..] - ETA: 2s - loss: 0.9212 - accuracy: 0.6733
93/98 [===========================>..] - ETA: 1s - loss: 0.9202 - accuracy: 0.6734
94/98 [===========================>..] - ETA: 1s - loss: 0.9188 - accuracy: 0.6740
95/98 [============================>.] - ETA: 1s - loss: 0.9187 - accuracy: 0.6741
96/98 [============================>.] - ETA: 0s - loss: 0.9180 - accuracy: 0.6743
97/98 [============================>.] - ETA: 0s - loss: 0.9181 - accuracy: 0.6744
98/98 [==============================] - ETA: 0s - loss: 0.9183 - accuracy: 0.6747
98/98 [==============================] - 41s 416ms/step - loss: 0.9183 - accuracy: 0.6747 - val_loss: 1.5581 - val_accuracy: 0.4850
Epoch 5/203

 1/98 [..............................] - ETA: 37s - loss: 0.7336 - accuracy: 0.7461
 2/98 [..............................] - ETA: 37s - loss: 0.7822 - accuracy: 0.7217
 3/98 [..............................] - ETA: 37s - loss: 0.7976 - accuracy: 0.7220
 4/98 [>.............................] - ETA: 36s - loss: 0.8118 - accuracy: 0.7163
 5/98 [>.............................] - ETA: 36s - loss: 0.8186 - accuracy: 0.7121
 6/98 [>.............................] - ETA: 35s - loss: 0.8224 - accuracy: 0.7087
 7/98 [=>............................] - ETA: 35s - loss: 0.8266 - accuracy: 0.7068
 8/98 [=>............................] - ETA: 35s - loss: 0.8357 - accuracy: 0.7046
 9/98 [=>............................] - ETA: 34s - loss: 0.8303 - accuracy: 0.7083
10/98 [==>...........................] - ETA: 34s - loss: 0.8240 - accuracy: 0.7119
11/98 [==>...........................] - ETA: 34s - loss: 0.8195 - accuracy: 0.7116
12/98 [==>...........................] - ETA: 33s - loss: 0.8208 - accuracy: 0.7104
13/98 [==>...........................] - ETA: 33s - loss: 0.8144 - accuracy: 0.7118
14/98 [===>..........................] - ETA: 32s - loss: 0.8111 - accuracy: 0.7123
15/98 [===>..........................] - ETA: 32s - loss: 0.8090 - accuracy: 0.7139
16/98 [===>..........................] - ETA: 32s - loss: 0.8062 - accuracy: 0.7139
17/98 [====>.........................] - ETA: 31s - loss: 0.8035 - accuracy: 0.7154
18/98 [====>.........................] - ETA: 31s - loss: 0.8028 - accuracy: 0.7161
19/98 [====>.........................] - ETA: 30s - loss: 0.8041 - accuracy: 0.7152
20/98 [=====>........................] - ETA: 30s - loss: 0.8064 - accuracy: 0.7145
21/98 [=====>........................] - ETA: 30s - loss: 0.8019 - accuracy: 0.7160
22/98 [=====>........................] - ETA: 29s - loss: 0.7986 - accuracy: 0.7176
23/98 [======>.......................] - ETA: 29s - loss: 0.7988 - accuracy: 0.7170
24/98 [======>.......................] - ETA: 28s - loss: 0.7987 - accuracy: 0.7169
25/98 [======>.......................] - ETA: 28s - loss: 0.7994 - accuracy: 0.7162
26/98 [======>.......................] - ETA: 28s - loss: 0.8019 - accuracy: 0.7152
27/98 [=======>......................] - ETA: 27s - loss: 0.7998 - accuracy: 0.7165
28/98 [=======>......................] - ETA: 27s - loss: 0.8020 - accuracy: 0.7156
29/98 [=======>......................] - ETA: 26s - loss: 0.8002 - accuracy: 0.7168
30/98 [========>.....................] - ETA: 26s - loss: 0.7994 - accuracy: 0.7172
31/98 [========>.....................] - ETA: 26s - loss: 0.8002 - accuracy: 0.7172
32/98 [========>.....................] - ETA: 25s - loss: 0.7998 - accuracy: 0.7172
33/98 [=========>....................] - ETA: 25s - loss: 0.7977 - accuracy: 0.7184
34/98 [=========>....................] - ETA: 24s - loss: 0.7948 - accuracy: 0.7191
35/98 [=========>....................] - ETA: 24s - loss: 0.7935 - accuracy: 0.7198
36/98 [==========>...................] - ETA: 24s - loss: 0.7934 - accuracy: 0.7201
37/98 [==========>...................] - ETA: 23s - loss: 0.7932 - accuracy: 0.7201
