2024-06-26 00:05:40.989668: I tensorflow/core/platform/cpu_feature_guard.cc:193] This TensorFlow binary is optimized with oneAPI Deep Neural Network Library (oneDNN) to use the following CPU instructions in performance-critical operations:  AVX AVX2
To enable them in other operations, rebuild TensorFlow with the appropriate compiler flags.
2024-06-26 00:05:41.542223: I tensorflow/core/common_runtime/gpu/gpu_device.cc:1616] Created device /job:localhost/replica:0/task:0/device:GPU:0 with 6656 MB memory:  -> device: 0, name: NVIDIA GeForce RTX 4060 Ti, pci bus id: 0000:01:00.0, compute capability: 8.9
1 Physical GPUs, 1 Logical GPUs
Model: "sequential"
_________________________________________________________________
 Layer (type)                Output Shape              Param #   
=================================================================
 conv2d (Conv2D)             (None, 32, 32, 32)        896       
                                                                 
 batch_normalization (BatchN  (None, 32, 32, 32)       128       
 ormalization)                                                   
                                                                 
 dropout (Dropout)           (None, 32, 32, 32)        0         
                                                                 
 flatten (Flatten)           (None, 32768)             0         
                                                                 
 dense (Dense)               (None, 42)                1376298   
                                                                 
 dropout_1 (Dropout)         (None, 42)                0         
                                                                 
 dense_1 (Dense)             (None, 10)                430       
                                                                 
=================================================================
Total params: 1,377,752
Trainable params: 1,377,688
Non-trainable params: 64
_________________________________________________________________
Taxa de aprendizado:  0.001 Num de épocas:  31 Tamanho do lote:  512 Dropout:  0.1302
Epoch 1/31
2024-06-26 00:05:42.972409: I tensorflow/stream_executor/cuda/cuda_dnn.cc:384] Loaded cuDNN version 8100
2024-06-26 00:05:43.796423: W tensorflow/stream_executor/gpu/redzone_allocator.cc:314] INTERNAL: ptxas exited with non-zero error code -1, output: 
Relying on driver to perform ptx compilation. 
Modify $PATH to customize ptxas location.
This message will be only logged once.
2024-06-26 00:05:44.594606: I tensorflow/stream_executor/cuda/cuda_blas.cc:1614] TensorFloat-32 will be used for the matrix multiplication. This will only be logged once.

 1/98 [..............................] - ETA: 4:44 - loss: 2.5899 - accuracy: 0.0996
 4/98 [>.............................] - ETA: 2s - loss: 2.7428 - accuracy: 0.1919  
 7/98 [=>............................] - ETA: 1s - loss: 2.5484 - accuracy: 0.2157
10/98 [==>...........................] - ETA: 1s - loss: 2.4430 - accuracy: 0.2281
13/98 [==>...........................] - ETA: 1s - loss: 2.3669 - accuracy: 0.2378
16/98 [===>..........................] - ETA: 1s - loss: 2.3115 - accuracy: 0.2408
19/98 [====>.........................] - ETA: 1s - loss: 2.2720 - accuracy: 0.2457
22/98 [=====>........................] - ETA: 1s - loss: 2.2303 - accuracy: 0.2535
25/98 [======>.......................] - ETA: 1s - loss: 2.2049 - accuracy: 0.2560
28/98 [=======>......................] - ETA: 1s - loss: 2.1850 - accuracy: 0.2563
31/98 [========>.....................] - ETA: 1s - loss: 2.1636 - accuracy: 0.2606
34/98 [=========>....................] - ETA: 1s - loss: 2.1446 - accuracy: 0.2656
36/98 [==========>...................] - ETA: 1s - loss: 2.1304 - accuracy: 0.2695
39/98 [==========>...................] - ETA: 1s - loss: 2.1127 - accuracy: 0.2735
42/98 [===========>..................] - ETA: 1s - loss: 2.0971 - accuracy: 0.2781
45/98 [============>.................] - ETA: 1s - loss: 2.0809 - accuracy: 0.2826
48/98 [=============>................] - ETA: 1s - loss: 2.0686 - accuracy: 0.2841
52/98 [==============>...............] - ETA: 0s - loss: 2.0512 - accuracy: 0.2890
55/98 [===============>..............] - ETA: 0s - loss: 2.0383 - accuracy: 0.2923
59/98 [=================>............] - ETA: 0s - loss: 2.0234 - accuracy: 0.2972
62/98 [=================>............] - ETA: 0s - loss: 2.0117 - accuracy: 0.2999
66/98 [===================>..........] - ETA: 0s - loss: 1.9982 - accuracy: 0.3038
69/98 [====================>.........] - ETA: 0s - loss: 1.9901 - accuracy: 0.3061
72/98 [=====================>........] - ETA: 0s - loss: 1.9787 - accuracy: 0.3098
76/98 [======================>.......] - ETA: 0s - loss: 1.9640 - accuracy: 0.3151
80/98 [=======================>......] - ETA: 0s - loss: 1.9506 - accuracy: 0.3188
84/98 [========================>.....] - ETA: 0s - loss: 1.9395 - accuracy: 0.3221
87/98 [=========================>....] - ETA: 0s - loss: 1.9316 - accuracy: 0.3246
90/98 [==========================>...] - ETA: 0s - loss: 1.9247 - accuracy: 0.3270
93/98 [===========================>..] - ETA: 0s - loss: 1.9164 - accuracy: 0.3296
96/98 [============================>.] - ETA: 0s - loss: 1.9100 - accuracy: 0.3317
98/98 [==============================] - 6s 29ms/step - loss: 1.9058 - accuracy: 0.3332 - val_loss: 2.1231 - val_accuracy: 0.2918
Epoch 2/31

 1/98 [..............................] - ETA: 3s - loss: 1.6356 - accuracy: 0.4219
 4/98 [>.............................] - ETA: 1s - loss: 1.6243 - accuracy: 0.4224
 8/98 [=>............................] - ETA: 1s - loss: 1.6127 - accuracy: 0.4238
11/98 [==>...........................] - ETA: 1s - loss: 1.6082 - accuracy: 0.4233
15/98 [===>..........................] - ETA: 1s - loss: 1.6049 - accuracy: 0.4260
18/98 [====>.........................] - ETA: 1s - loss: 1.6052 - accuracy: 0.4286
22/98 [=====>........................] - ETA: 1s - loss: 1.5998 - accuracy: 0.4327
25/98 [======>.......................] - ETA: 1s - loss: 1.5995 - accuracy: 0.4327
29/98 [=======>......................] - ETA: 1s - loss: 1.5981 - accuracy: 0.4335
33/98 [=========>....................] - ETA: 1s - loss: 1.5963 - accuracy: 0.4345
36/98 [==========>...................] - ETA: 1s - loss: 1.5943 - accuracy: 0.4336
39/98 [==========>...................] - ETA: 1s - loss: 1.5937 - accuracy: 0.4340
42/98 [===========>..................] - ETA: 1s - loss: 1.5867 - accuracy: 0.4360
45/98 [============>.................] - ETA: 1s - loss: 1.5851 - accuracy: 0.4359
48/98 [=============>................] - ETA: 1s - loss: 1.5805 - accuracy: 0.4380
51/98 [==============>...............] - ETA: 0s - loss: 1.5775 - accuracy: 0.4396
54/98 [===============>..............] - ETA: 0s - loss: 1.5761 - accuracy: 0.4400
57/98 [================>.............] - ETA: 0s - loss: 1.5747 - accuracy: 0.4399
60/98 [=================>............] - ETA: 0s - loss: 1.5716 - accuracy: 0.4419
63/98 [==================>...........] - ETA: 0s - loss: 1.5691 - accuracy: 0.4426
67/98 [===================>..........] - ETA: 0s - loss: 1.5656 - accuracy: 0.4433
70/98 [====================>.........] - ETA: 0s - loss: 1.5650 - accuracy: 0.4432
73/98 [=====================>........] - ETA: 0s - loss: 1.5625 - accuracy: 0.4444
76/98 [======================>.......] - ETA: 0s - loss: 1.5611 - accuracy: 0.4448
79/98 [=======================>......] - ETA: 0s - loss: 1.5600 - accuracy: 0.4455
82/98 [========================>.....] - ETA: 0s - loss: 1.5564 - accuracy: 0.4466
85/98 [=========================>....] - ETA: 0s - loss: 1.5520 - accuracy: 0.4480
89/98 [==========================>...] - ETA: 0s - loss: 1.5476 - accuracy: 0.4501
92/98 [===========================>..] - ETA: 0s - loss: 1.5445 - accuracy: 0.4509
95/98 [============================>.] - ETA: 0s - loss: 1.5429 - accuracy: 0.4515
98/98 [==============================] - ETA: 0s - loss: 1.5399 - accuracy: 0.4527
98/98 [==============================] - 3s 26ms/step - loss: 1.5399 - accuracy: 0.4527 - val_loss: 1.7462 - val_accuracy: 0.3814
Epoch 3/31

 1/98 [..............................] - ETA: 4s - loss: 1.4718 - accuracy: 0.4414
 4/98 [>.............................] - ETA: 1s - loss: 1.4604 - accuracy: 0.4614
 8/98 [=>............................] - ETA: 1s - loss: 1.4253 - accuracy: 0.4786
11/98 [==>...........................] - ETA: 1s - loss: 1.4266 - accuracy: 0.4853
14/98 [===>..........................] - ETA: 1s - loss: 1.4233 - accuracy: 0.4890
17/98 [====>.........................] - ETA: 1s - loss: 1.4115 - accuracy: 0.4975
20/98 [=====>........................] - ETA: 1s - loss: 1.4099 - accuracy: 0.4975
24/98 [======>.......................] - ETA: 1s - loss: 1.4074 - accuracy: 0.4969
27/98 [=======>......................] - ETA: 1s - loss: 1.4057 - accuracy: 0.4984
31/98 [========>.....................] - ETA: 1s - loss: 1.4008 - accuracy: 0.4996
35/98 [=========>....................] - ETA: 1s - loss: 1.3994 - accuracy: 0.5000
38/98 [==========>...................] - ETA: 1s - loss: 1.3996 - accuracy: 0.5007
41/98 [===========>..................] - ETA: 1s - loss: 1.3986 - accuracy: 0.5015
45/98 [============>.................] - ETA: 1s - loss: 1.4008 - accuracy: 0.5017
49/98 [==============>...............] - ETA: 0s - loss: 1.4005 - accuracy: 0.5014
52/98 [==============>...............] - ETA: 0s - loss: 1.4008 - accuracy: 0.5004
55/98 [===============>..............] - ETA: 0s - loss: 1.4014 - accuracy: 0.4997
59/98 [=================>............] - ETA: 0s - loss: 1.3996 - accuracy: 0.5002
63/98 [==================>...........] - ETA: 0s - loss: 1.3972 - accuracy: 0.5015
66/98 [===================>..........] - ETA: 0s - loss: 1.3954 - accuracy: 0.5021
70/98 [====================>.........] - ETA: 0s - loss: 1.3951 - accuracy: 0.5015
73/98 [=====================>........] - ETA: 0s - loss: 1.3945 - accuracy: 0.5014
76/98 [======================>.......] - ETA: 0s - loss: 1.3922 - accuracy: 0.5030
79/98 [=======================>......] - ETA: 0s - loss: 1.3901 - accuracy: 0.5039
82/98 [========================>.....] - ETA: 0s - loss: 1.3869 - accuracy: 0.5049
85/98 [=========================>....] - ETA: 0s - loss: 1.3866 - accuracy: 0.5048
88/98 [=========================>....] - ETA: 0s - loss: 1.3851 - accuracy: 0.5058
91/98 [==========================>...] - ETA: 0s - loss: 1.3846 - accuracy: 0.5058
94/98 [===========================>..] - ETA: 0s - loss: 1.3827 - accuracy: 0.5069
97/98 [============================>.] - ETA: 0s - loss: 1.3814 - accuracy: 0.5076
98/98 [==============================] - 2s 25ms/step - loss: 1.3808 - accuracy: 0.5077 - val_loss: 1.6436 - val_accuracy: 0.4215
Epoch 4/31

 1/98 [..............................] - ETA: 3s - loss: 1.2901 - accuracy: 0.5664
 4/98 [>.............................] - ETA: 1s - loss: 1.2835 - accuracy: 0.5513
 7/98 [=>............................] - ETA: 1s - loss: 1.2745 - accuracy: 0.5522
10/98 [==>...........................] - ETA: 1s - loss: 1.2761 - accuracy: 0.5469
13/98 [==>...........................] - ETA: 1s - loss: 1.2834 - accuracy: 0.5470
17/98 [====>.........................] - ETA: 1s - loss: 1.2795 - accuracy: 0.5483
21/98 [=====>........................] - ETA: 1s - loss: 1.2747 - accuracy: 0.5493
24/98 [======>.......................] - ETA: 1s - loss: 1.2733 - accuracy: 0.5499
27/98 [=======>......................] - ETA: 1s - loss: 1.2709 - accuracy: 0.5501
30/98 [========>.....................] - ETA: 1s - loss: 1.2779 - accuracy: 0.5477
33/98 [=========>....................] - ETA: 1s - loss: 1.2742 - accuracy: 0.5491
36/98 [==========>...................] - ETA: 1s - loss: 1.2700 - accuracy: 0.5503
39/98 [==========>...................] - ETA: 1s - loss: 1.2696 - accuracy: 0.5511
42/98 [===========>..................] - ETA: 1s - loss: 1.2675 - accuracy: 0.5515
45/98 [============>.................] - ETA: 1s - loss: 1.2673 - accuracy: 0.5521
48/98 [=============>................] - ETA: 1s - loss: 1.2661 - accuracy: 0.5529
52/98 [==============>...............] - ETA: 0s - loss: 1.2643 - accuracy: 0.5533
55/98 [===============>..............] - ETA: 0s - loss: 1.2636 - accuracy: 0.5534
59/98 [=================>............] - ETA: 0s - loss: 1.2605 - accuracy: 0.5543
62/98 [=================>............] - ETA: 0s - loss: 1.2622 - accuracy: 0.5527
66/98 [===================>..........] - ETA: 0s - loss: 1.2616 - accuracy: 0.5533
69/98 [====================>.........] - ETA: 0s - loss: 1.2599 - accuracy: 0.5537
72/98 [=====================>........] - ETA: 0s - loss: 1.2595 - accuracy: 0.5542
76/98 [======================>.......] - ETA: 0s - loss: 1.2591 - accuracy: 0.5547
80/98 [=======================>......] - ETA: 0s - loss: 1.2586 - accuracy: 0.5547
84/98 [========================>.....] - ETA: 0s - loss: 1.2580 - accuracy: 0.5546
87/98 [=========================>....] - ETA: 0s - loss: 1.2580 - accuracy: 0.5545
90/98 [==========================>...] - ETA: 0s - loss: 1.2578 - accuracy: 0.5545
94/98 [===========================>..] - ETA: 0s - loss: 1.2573 - accuracy: 0.5547
98/98 [==============================] - ETA: 0s - loss: 1.2563 - accuracy: 0.5554
98/98 [==============================] - 3s 25ms/step - loss: 1.2563 - accuracy: 0.5554 - val_loss: 1.6270 - val_accuracy: 0.4316
Epoch 5/31

 1/98 [..............................] - ETA: 3s - loss: 1.2043 - accuracy: 0.5820
 4/98 [>.............................] - ETA: 1s - loss: 1.1899 - accuracy: 0.5747
 8/98 [=>............................] - ETA: 1s - loss: 1.1903 - accuracy: 0.5798
11/98 [==>...........................] - ETA: 1s - loss: 1.1771 - accuracy: 0.5827
14/98 [===>..........................] - ETA: 1s - loss: 1.1665 - accuracy: 0.5887
17/98 [====>.........................] - ETA: 1s - loss: 1.1592 - accuracy: 0.5890
20/98 [=====>........................] - ETA: 1s - loss: 1.1548 - accuracy: 0.5910
23/98 [======>.......................] - ETA: 1s - loss: 1.1565 - accuracy: 0.5867
27/98 [=======>......................] - ETA: 1s - loss: 1.1565 - accuracy: 0.5905
31/98 [========>.....................] - ETA: 1s - loss: 1.1556 - accuracy: 0.5899
35/98 [=========>....................] - ETA: 1s - loss: 1.1546 - accuracy: 0.5908
38/98 [==========>...................] - ETA: 1s - loss: 1.1574 - accuracy: 0.5909
42/98 [===========>..................] - ETA: 1s - loss: 1.1635 - accuracy: 0.5882
45/98 [============>.................] - ETA: 1s - loss: 1.1656 - accuracy: 0.5878
49/98 [==============>...............] - ETA: 0s - loss: 1.1661 - accuracy: 0.5884
52/98 [==============>...............] - ETA: 0s - loss: 1.1661 - accuracy: 0.5889
56/98 [================>.............] - ETA: 0s - loss: 1.1646 - accuracy: 0.5892
59/98 [=================>............] - ETA: 0s - loss: 1.1642 - accuracy: 0.5894
62/98 [=================>............] - ETA: 0s - loss: 1.1657 - accuracy: 0.5888
65/98 [==================>...........] - ETA: 0s - loss: 1.1683 - accuracy: 0.5881
68/98 [===================>..........] - ETA: 0s - loss: 1.1685 - accuracy: 0.5877
71/98 [====================>.........] - ETA: 0s - loss: 1.1680 - accuracy: 0.5881
75/98 [=====================>........] - ETA: 0s - loss: 1.1678 - accuracy: 0.5870
78/98 [======================>.......] - ETA: 0s - loss: 1.1685 - accuracy: 0.5867
81/98 [=======================>......] - ETA: 0s - loss: 1.1687 - accuracy: 0.5870
85/98 [=========================>....] - ETA: 0s - loss: 1.1677 - accuracy: 0.5873
88/98 [=========================>....] - ETA: 0s - loss: 1.1674 - accuracy: 0.5871
92/98 [===========================>..] - ETA: 0s - loss: 1.1671 - accuracy: 0.5869
95/98 [============================>.] - ETA: 0s - loss: 1.1661 - accuracy: 0.5872
98/98 [==============================] - 3s 26ms/step - loss: 1.1666 - accuracy: 0.5875 - val_loss: 1.2851 - val_accuracy: 0.5389
Epoch 6/31

 1/98 [..............................] - ETA: 4s - loss: 1.1113 - accuracy: 0.6035
 4/98 [>.............................] - ETA: 1s - loss: 1.0794 - accuracy: 0.6221
 8/98 [=>............................] - ETA: 1s - loss: 1.0752 - accuracy: 0.6213
11/98 [==>...........................] - ETA: 1s - loss: 1.0662 - accuracy: 0.6220
15/98 [===>..........................] - ETA: 1s - loss: 1.0780 - accuracy: 0.6171
18/98 [====>.........................] - ETA: 1s - loss: 1.0786 - accuracy: 0.6165
22/98 [=====>........................] - ETA: 1s - loss: 1.0738 - accuracy: 0.6179
26/98 [======>.......................] - ETA: 1s - loss: 1.0758 - accuracy: 0.6183
30/98 [========>.....................] - ETA: 1s - loss: 1.0749 - accuracy: 0.6197
34/98 [=========>....................] - ETA: 1s - loss: 1.0766 - accuracy: 0.6198
38/98 [==========>...................] - ETA: 1s - loss: 1.0767 - accuracy: 0.6197
41/98 [===========>..................] - ETA: 1s - loss: 1.0790 - accuracy: 0.6187
45/98 [============>.................] - ETA: 1s - loss: 1.0797 - accuracy: 0.6184
49/98 [==============>...............] - ETA: 0s - loss: 1.0808 - accuracy: 0.6184
52/98 [==============>...............] - ETA: 0s - loss: 1.0800 - accuracy: 0.6183
55/98 [===============>..............] - ETA: 0s - loss: 1.0817 - accuracy: 0.6177
59/98 [=================>............] - ETA: 0s - loss: 1.0833 - accuracy: 0.6175
63/98 [==================>...........] - ETA: 0s - loss: 1.0859 - accuracy: 0.6163
66/98 [===================>..........] - ETA: 0s - loss: 1.0860 - accuracy: 0.6160
69/98 [====================>.........] - ETA: 0s - loss: 1.0848 - accuracy: 0.6168
73/98 [=====================>........] - ETA: 0s - loss: 1.0830 - accuracy: 0.6179
76/98 [======================>.......] - ETA: 0s - loss: 1.0836 - accuracy: 0.6177
80/98 [=======================>......] - ETA: 0s - loss: 1.0852 - accuracy: 0.6169
84/98 [========================>.....] - ETA: 0s - loss: 1.0855 - accuracy: 0.6164
88/98 [=========================>....] - ETA: 0s - loss: 1.0840 - accuracy: 0.6166
91/98 [==========================>...] - ETA: 0s - loss: 1.0844 - accuracy: 0.6160
95/98 [============================>.] - ETA: 0s - loss: 1.0864 - accuracy: 0.6152
98/98 [==============================] - 2s 25ms/step - loss: 1.0865 - accuracy: 0.6152 - val_loss: 1.2674 - val_accuracy: 0.5540
Epoch 7/31

 1/98 [..............................] - ETA: 3s - loss: 1.0726 - accuracy: 0.6191
 4/98 [>.............................] - ETA: 1s - loss: 1.0208 - accuracy: 0.6489
 7/98 [=>............................] - ETA: 1s - loss: 0.9967 - accuracy: 0.6540
11/98 [==>...........................] - ETA: 1s - loss: 0.9898 - accuracy: 0.6504
15/98 [===>..........................] - ETA: 1s - loss: 0.9969 - accuracy: 0.6465
18/98 [====>.........................] - ETA: 1s - loss: 0.9981 - accuracy: 0.6476
22/98 [=====>........................] - ETA: 1s - loss: 1.0012 - accuracy: 0.6465
26/98 [======>.......................] - ETA: 1s - loss: 0.9991 - accuracy: 0.6483
29/98 [=======>......................] - ETA: 1s - loss: 1.0011 - accuracy: 0.6474
32/98 [========>.....................] - ETA: 1s - loss: 1.0034 - accuracy: 0.6477
35/98 [=========>....................] - ETA: 1s - loss: 1.0018 - accuracy: 0.6487
39/98 [==========>...................] - ETA: 1s - loss: 1.0040 - accuracy: 0.6472
42/98 [===========>..................] - ETA: 1s - loss: 1.0055 - accuracy: 0.6461
46/98 [=============>................] - ETA: 1s - loss: 1.0024 - accuracy: 0.6478
50/98 [==============>...............] - ETA: 0s - loss: 1.0045 - accuracy: 0.6461
53/98 [===============>..............] - ETA: 0s - loss: 1.0062 - accuracy: 0.6464
57/98 [================>.............] - ETA: 0s - loss: 1.0105 - accuracy: 0.6456
61/98 [=================>............] - ETA: 0s - loss: 1.0119 - accuracy: 0.6454
64/98 [==================>...........] - ETA: 0s - loss: 1.0122 - accuracy: 0.6448
67/98 [===================>..........] - ETA: 0s - loss: 1.0132 - accuracy: 0.6441
71/98 [====================>.........] - ETA: 0s - loss: 1.0137 - accuracy: 0.6438
74/98 [=====================>........] - ETA: 0s - loss: 1.0143 - accuracy: 0.6437
77/98 [======================>.......] - ETA: 0s - loss: 1.0150 - accuracy: 0.6437
81/98 [=======================>......] - ETA: 0s - loss: 1.0154 - accuracy: 0.6438
84/98 [========================>.....] - ETA: 0s - loss: 1.0167 - accuracy: 0.6430
88/98 [=========================>....] - ETA: 0s - loss: 1.0166 - accuracy: 0.6429
92/98 [===========================>..] - ETA: 0s - loss: 1.0165 - accuracy: 0.6427
95/98 [============================>.] - ETA: 0s - loss: 1.0171 - accuracy: 0.6424
98/98 [==============================] - 3s 26ms/step - loss: 1.0166 - accuracy: 0.6424 - val_loss: 1.3004 - val_accuracy: 0.5489
Epoch 8/31

 1/98 [..............................] - ETA: 3s - loss: 0.9935 - accuracy: 0.6680
 3/98 [..............................] - ETA: 2s - loss: 0.9182 - accuracy: 0.6803
 7/98 [=>............................] - ETA: 1s - loss: 0.9120 - accuracy: 0.6799
10/98 [==>...........................] - ETA: 1s - loss: 0.9182 - accuracy: 0.6814
13/98 [==>...........................] - ETA: 1s - loss: 0.9239 - accuracy: 0.6809
17/98 [====>.........................] - ETA: 1s - loss: 0.9314 - accuracy: 0.6750
20/98 [=====>........................] - ETA: 1s - loss: 0.9309 - accuracy: 0.6746
23/98 [======>.......................] - ETA: 1s - loss: 0.9310 - accuracy: 0.6756
27/98 [=======>......................] - ETA: 1s - loss: 0.9317 - accuracy: 0.6766
30/98 [========>.....................] - ETA: 1s - loss: 0.9303 - accuracy: 0.6795
33/98 [=========>....................] - ETA: 1s - loss: 0.9273 - accuracy: 0.6807
36/98 [==========>...................] - ETA: 1s - loss: 0.9311 - accuracy: 0.6788
39/98 [==========>...................] - ETA: 1s - loss: 0.9309 - accuracy: 0.6781
42/98 [===========>..................] - ETA: 1s - loss: 0.9328 - accuracy: 0.6778
45/98 [============>.................] - ETA: 1s - loss: 0.9323 - accuracy: 0.6775
49/98 [==============>...............] - ETA: 0s - loss: 0.9332 - accuracy: 0.6763
51/98 [==============>...............] - ETA: 0s - loss: 0.9331 - accuracy: 0.6761
54/98 [===============>..............] - ETA: 0s - loss: 0.9341 - accuracy: 0.6746
57/98 [================>.............] - ETA: 0s - loss: 0.9346 - accuracy: 0.6742
60/98 [=================>............] - ETA: 0s - loss: 0.9339 - accuracy: 0.6739
63/98 [==================>...........] - ETA: 0s - loss: 0.9368 - accuracy: 0.6725
67/98 [===================>..........] - ETA: 0s - loss: 0.9408 - accuracy: 0.6709
71/98 [====================>.........] - ETA: 0s - loss: 0.9414 - accuracy: 0.6714
75/98 [=====================>........] - ETA: 0s - loss: 0.9433 - accuracy: 0.6700
78/98 [======================>.......] - ETA: 0s - loss: 0.9429 - accuracy: 0.6702
81/98 [=======================>......] - ETA: 0s - loss: 0.9445 - accuracy: 0.6698
85/98 [=========================>....] - ETA: 0s - loss: 0.9469 - accuracy: 0.6688
89/98 [==========================>...] - ETA: 0s - loss: 0.9470 - accuracy: 0.6690
92/98 [===========================>..] - ETA: 0s - loss: 0.9467 - accuracy: 0.6685
95/98 [============================>.] - ETA: 0s - loss: 0.9474 - accuracy: 0.6682
98/98 [==============================] - 3s 26ms/step - loss: 0.9484 - accuracy: 0.6677 - val_loss: 1.2137 - val_accuracy: 0.5696
Epoch 9/31

 1/98 [..............................] - ETA: 4s - loss: 0.8634 - accuracy: 0.6973
 4/98 [>.............................] - ETA: 1s - loss: 0.9038 - accuracy: 0.6846
 7/98 [=>............................] - ETA: 1s - loss: 0.8928 - accuracy: 0.6914
10/98 [==>...........................] - ETA: 1s - loss: 0.8944 - accuracy: 0.6922
13/98 [==>...........................] - ETA: 1s - loss: 0.8979 - accuracy: 0.6883
17/98 [====>.........................] - ETA: 1s - loss: 0.8931 - accuracy: 0.6909
20/98 [=====>........................] - ETA: 1s - loss: 0.8936 - accuracy: 0.6919
23/98 [======>.......................] - ETA: 1s - loss: 0.8900 - accuracy: 0.6944
27/98 [=======>......................] - ETA: 1s - loss: 0.8886 - accuracy: 0.6955
30/98 [========>.....................] - ETA: 1s - loss: 0.8857 - accuracy: 0.6956
34/98 [=========>....................] - ETA: 1s - loss: 0.8840 - accuracy: 0.6960
38/98 [==========>...................] - ETA: 1s - loss: 0.8855 - accuracy: 0.6958
41/98 [===========>..................] - ETA: 1s - loss: 0.8875 - accuracy: 0.6947
44/98 [============>.................] - ETA: 1s - loss: 0.8881 - accuracy: 0.6941
48/98 [=============>................] - ETA: 1s - loss: 0.8872 - accuracy: 0.6934
52/98 [==============>...............] - ETA: 0s - loss: 0.8906 - accuracy: 0.6925
56/98 [================>.............] - ETA: 0s - loss: 0.8918 - accuracy: 0.6919
59/98 [=================>............] - ETA: 0s - loss: 0.8924 - accuracy: 0.6914
62/98 [=================>............] - ETA: 0s - loss: 0.8939 - accuracy: 0.6910
65/98 [==================>...........] - ETA: 0s - loss: 0.8959 - accuracy: 0.6896
68/98 [===================>..........] - ETA: 0s - loss: 0.8970 - accuracy: 0.6890
72/98 [=====================>........] - ETA: 0s - loss: 0.8980 - accuracy: 0.6886
76/98 [======================>.......] - ETA: 0s - loss: 0.8976 - accuracy: 0.6887
79/98 [=======================>......] - ETA: 0s - loss: 0.8982 - accuracy: 0.6884
82/98 [========================>.....] - ETA: 0s - loss: 0.8988 - accuracy: 0.6884
86/98 [=========================>....] - ETA: 0s - loss: 0.8997 - accuracy: 0.6881
89/98 [==========================>...] - ETA: 0s - loss: 0.9002 - accuracy: 0.6879
92/98 [===========================>..] - ETA: 0s - loss: 0.9008 - accuracy: 0.6875
96/98 [============================>.] - ETA: 0s - loss: 0.9030 - accuracy: 0.6862
98/98 [==============================] - 3s 25ms/step - loss: 0.9022 - accuracy: 0.6865 - val_loss: 1.2886 - val_accuracy: 0.5546
Epoch 10/31

 1/98 [..............................] - ETA: 4s - loss: 0.8196 - accuracy: 0.7305
 4/98 [>.............................] - ETA: 1s - loss: 0.8392 - accuracy: 0.7144
 8/98 [=>............................] - ETA: 1s - loss: 0.8409 - accuracy: 0.7124
11/98 [==>...........................] - ETA: 1s - loss: 0.8244 - accuracy: 0.7209
15/98 [===>..........................] - ETA: 1s - loss: 0.8367 - accuracy: 0.7134
18/98 [====>.........................] - ETA: 1s - loss: 0.8376 - accuracy: 0.7119
22/98 [=====>........................] - ETA: 1s - loss: 0.8386 - accuracy: 0.7105
25/98 [======>.......................] - ETA: 1s - loss: 0.8374 - accuracy: 0.7103
28/98 [=======>......................] - ETA: 1s - loss: 0.8339 - accuracy: 0.7134
32/98 [========>.....................] - ETA: 1s - loss: 0.8345 - accuracy: 0.7126
36/98 [==========>...................] - ETA: 1s - loss: 0.8312 - accuracy: 0.7136
39/98 [==========>...................] - ETA: 1s - loss: 0.8284 - accuracy: 0.7142
42/98 [===========>..................] - ETA: 1s - loss: 0.8277 - accuracy: 0.7143
45/98 [============>.................] - ETA: 1s - loss: 0.8258 - accuracy: 0.7150
49/98 [==============>...............] - ETA: 0s - loss: 0.8251 - accuracy: 0.7151
52/98 [==============>...............] - ETA: 0s - loss: 0.8258 - accuracy: 0.7154
56/98 [================>.............] - ETA: 0s - loss: 0.8274 - accuracy: 0.7154
60/98 [=================>............] - ETA: 0s - loss: 0.8288 - accuracy: 0.7142
63/98 [==================>...........] - ETA: 0s - loss: 0.8273 - accuracy: 0.7142
67/98 [===================>..........] - ETA: 0s - loss: 0.8297 - accuracy: 0.7133
70/98 [====================>.........] - ETA: 0s - loss: 0.8316 - accuracy: 0.7126
73/98 [=====================>........] - ETA: 0s - loss: 0.8320 - accuracy: 0.7124
76/98 [======================>.......] - ETA: 0s - loss: 0.8332 - accuracy: 0.7118
79/98 [=======================>......] - ETA: 0s - loss: 0.8341 - accuracy: 0.7113
82/98 [========================>.....] - ETA: 0s - loss: 0.8332 - accuracy: 0.7112
85/98 [=========================>....] - ETA: 0s - loss: 0.8358 - accuracy: 0.7103
88/98 [=========================>....] - ETA: 0s - loss: 0.8374 - accuracy: 0.7100
91/98 [==========================>...] - ETA: 0s - loss: 0.8389 - accuracy: 0.7093
95/98 [============================>.] - ETA: 0s - loss: 0.8404 - accuracy: 0.7089
98/98 [==============================] - 3s 26ms/step - loss: 0.8414 - accuracy: 0.7081 - val_loss: 1.2174 - val_accuracy: 0.5770
Epoch 11/31

 1/98 [..............................] - ETA: 4s - loss: 0.8191 - accuracy: 0.7090
 5/98 [>.............................] - ETA: 1s - loss: 0.7528 - accuracy: 0.7504
 8/98 [=>............................] - ETA: 1s - loss: 0.7519 - accuracy: 0.7417
11/98 [==>...........................] - ETA: 1s - loss: 0.7548 - accuracy: 0.7392
15/98 [===>..........................] - ETA: 1s - loss: 0.7643 - accuracy: 0.7370
18/98 [====>.........................] - ETA: 1s - loss: 0.7701 - accuracy: 0.7360
21/98 [=====>........................] - ETA: 1s - loss: 0.7743 - accuracy: 0.7338
25/98 [======>.......................] - ETA: 1s - loss: 0.7767 - accuracy: 0.7326
29/98 [=======>......................] - ETA: 1s - loss: 0.7747 - accuracy: 0.7338
32/98 [========>.....................] - ETA: 1s - loss: 0.7752 - accuracy: 0.7346
35/98 [=========>....................] - ETA: 1s - loss: 0.7741 - accuracy: 0.7355
39/98 [==========>...................] - ETA: 1s - loss: 0.7732 - accuracy: 0.7355
43/98 [============>.................] - ETA: 1s - loss: 0.7729 - accuracy: 0.7355
46/98 [=============>................] - ETA: 0s - loss: 0.7733 - accuracy: 0.7351
50/98 [==============>...............] - ETA: 0s - loss: 0.7741 - accuracy: 0.7345
54/98 [===============>..............] - ETA: 0s - loss: 0.7715 - accuracy: 0.7352
57/98 [================>.............] - ETA: 0s - loss: 0.7728 - accuracy: 0.7346
61/98 [=================>............] - ETA: 0s - loss: 0.7775 - accuracy: 0.7334
64/98 [==================>...........] - ETA: 0s - loss: 0.7805 - accuracy: 0.7321
67/98 [===================>..........] - ETA: 0s - loss: 0.7812 - accuracy: 0.7314
71/98 [====================>.........] - ETA: 0s - loss: 0.7822 - accuracy: 0.7302
75/98 [=====================>........] - ETA: 0s - loss: 0.7840 - accuracy: 0.7296
78/98 [======================>.......] - ETA: 0s - loss: 0.7857 - accuracy: 0.7290
82/98 [========================>.....] - ETA: 0s - loss: 0.7875 - accuracy: 0.7283
85/98 [=========================>....] - ETA: 0s - loss: 0.7862 - accuracy: 0.7286
88/98 [=========================>....] - ETA: 0s - loss: 0.7865 - accuracy: 0.7286
92/98 [===========================>..] - ETA: 0s - loss: 0.7874 - accuracy: 0.7284
95/98 [============================>.] - ETA: 0s - loss: 0.7875 - accuracy: 0.7285
98/98 [==============================] - ETA: 0s - loss: 0.7878 - accuracy: 0.7282
98/98 [==============================] - 2s 25ms/step - loss: 0.7878 - accuracy: 0.7282 - val_loss: 1.1885 - val_accuracy: 0.5933
Epoch 12/31

 1/98 [..............................] - ETA: 3s - loss: 0.7121 - accuracy: 0.7598
 4/98 [>.............................] - ETA: 1s - loss: 0.7216 - accuracy: 0.7593
 7/98 [=>............................] - ETA: 1s - loss: 0.7208 - accuracy: 0.7581
10/98 [==>...........................] - ETA: 1s - loss: 0.7146 - accuracy: 0.7600
13/98 [==>...........................] - ETA: 1s - loss: 0.7147 - accuracy: 0.7589
17/98 [====>.........................] - ETA: 1s - loss: 0.7262 - accuracy: 0.7538
20/98 [=====>........................] - ETA: 1s - loss: 0.7221 - accuracy: 0.7566
23/98 [======>.......................] - ETA: 1s - loss: 0.7202 - accuracy: 0.7565
26/98 [======>.......................] - ETA: 1s - loss: 0.7228 - accuracy: 0.7546
29/98 [=======>......................] - ETA: 1s - loss: 0.7224 - accuracy: 0.7539
32/98 [========>.....................] - ETA: 1s - loss: 0.7221 - accuracy: 0.7543
36/98 [==========>...................] - ETA: 1s - loss: 0.7235 - accuracy: 0.7536
40/98 [===========>..................] - ETA: 1s - loss: 0.7258 - accuracy: 0.7528
43/98 [============>.................] - ETA: 1s - loss: 0.7230 - accuracy: 0.7533
47/98 [=============>................] - ETA: 1s - loss: 0.7278 - accuracy: 0.7513
50/98 [==============>...............] - ETA: 0s - loss: 0.7297 - accuracy: 0.7499
54/98 [===============>..............] - ETA: 0s - loss: 0.7317 - accuracy: 0.7487
58/98 [================>.............] - ETA: 0s - loss: 0.7335 - accuracy: 0.7474
61/98 [=================>............] - ETA: 0s - loss: 0.7350 - accuracy: 0.7468
65/98 [==================>...........] - ETA: 0s - loss: 0.7356 - accuracy: 0.7464
68/98 [===================>..........] - ETA: 0s - loss: 0.7354 - accuracy: 0.7464
71/98 [====================>.........] - ETA: 0s - loss: 0.7351 - accuracy: 0.7464
75/98 [=====================>........] - ETA: 0s - loss: 0.7337 - accuracy: 0.7468
78/98 [======================>.......] - ETA: 0s - loss: 0.7365 - accuracy: 0.7458
81/98 [=======================>......] - ETA: 0s - loss: 0.7369 - accuracy: 0.7455
85/98 [=========================>....] - ETA: 0s - loss: 0.7387 - accuracy: 0.7452
88/98 [=========================>....] - ETA: 0s - loss: 0.7389 - accuracy: 0.7451
91/98 [==========================>...] - ETA: 0s - loss: 0.7382 - accuracy: 0.7454
95/98 [============================>.] - ETA: 0s - loss: 0.7393 - accuracy: 0.7452
98/98 [==============================] - 2s 25ms/step - loss: 0.7415 - accuracy: 0.7448 - val_loss: 1.2539 - val_accuracy: 0.5713
Epoch 13/31

 1/98 [..............................] - ETA: 3s - loss: 0.7297 - accuracy: 0.7559
 4/98 [>.............................] - ETA: 1s - loss: 0.7195 - accuracy: 0.7537
 8/98 [=>............................] - ETA: 1s - loss: 0.6943 - accuracy: 0.7656
11/98 [==>...........................] - ETA: 1s - loss: 0.6910 - accuracy: 0.7654
15/98 [===>..........................] - ETA: 1s - loss: 0.6974 - accuracy: 0.7628
18/98 [====>.........................] - ETA: 1s - loss: 0.6965 - accuracy: 0.7625
22/98 [=====>........................] - ETA: 1s - loss: 0.6902 - accuracy: 0.7659
26/98 [======>.......................] - ETA: 1s - loss: 0.6916 - accuracy: 0.7658
29/98 [=======>......................] - ETA: 1s - loss: 0.6905 - accuracy: 0.7659
33/98 [=========>....................] - ETA: 1s - loss: 0.6905 - accuracy: 0.7661
37/98 [==========>...................] - ETA: 1s - loss: 0.6916 - accuracy: 0.7657
40/98 [===========>..................] - ETA: 1s - loss: 0.6918 - accuracy: 0.7662
44/98 [============>.................] - ETA: 1s - loss: 0.6927 - accuracy: 0.7655
48/98 [=============>................] - ETA: 0s - loss: 0.6945 - accuracy: 0.7647
52/98 [==============>...............] - ETA: 0s - loss: 0.6922 - accuracy: 0.7655
56/98 [================>.............] - ETA: 0s - loss: 0.6912 - accuracy: 0.7655
60/98 [=================>............] - ETA: 0s - loss: 0.6936 - accuracy: 0.7644
64/98 [==================>...........] - ETA: 0s - loss: 0.6946 - accuracy: 0.7644
68/98 [===================>..........] - ETA: 0s - loss: 0.6953 - accuracy: 0.7639
72/98 [=====================>........] - ETA: 0s - loss: 0.6967 - accuracy: 0.7637
76/98 [======================>.......] - ETA: 0s - loss: 0.6976 - accuracy: 0.7626
81/98 [=======================>......] - ETA: 0s - loss: 0.7018 - accuracy: 0.7606
85/98 [=========================>....] - ETA: 0s - loss: 0.7031 - accuracy: 0.7602
89/98 [==========================>...] - ETA: 0s - loss: 0.7045 - accuracy: 0.7593
93/98 [===========================>..] - ETA: 0s - loss: 0.7047 - accuracy: 0.7587
97/98 [============================>.] - ETA: 0s - loss: 0.7047 - accuracy: 0.7586
98/98 [==============================] - 2s 21ms/step - loss: 0.7042 - accuracy: 0.7588 - val_loss: 1.1987 - val_accuracy: 0.5931
Epoch 14/31

 1/98 [..............................] - ETA: 3s - loss: 0.6602 - accuracy: 0.7637
 5/98 [>.............................] - ETA: 1s - loss: 0.6311 - accuracy: 0.7887
 9/98 [=>............................] - ETA: 1s - loss: 0.6363 - accuracy: 0.7821
13/98 [==>...........................] - ETA: 1s - loss: 0.6414 - accuracy: 0.7846
18/98 [====>.........................] - ETA: 1s - loss: 0.6360 - accuracy: 0.7883
22/98 [=====>........................] - ETA: 1s - loss: 0.6349 - accuracy: 0.7875
26/98 [======>.......................] - ETA: 1s - loss: 0.6382 - accuracy: 0.7840
31/98 [========>.....................] - ETA: 0s - loss: 0.6434 - accuracy: 0.7819
35/98 [=========>....................] - ETA: 0s - loss: 0.6411 - accuracy: 0.7830
40/98 [===========>..................] - ETA: 0s - loss: 0.6432 - accuracy: 0.7806
44/98 [============>.................] - ETA: 0s - loss: 0.6421 - accuracy: 0.7804
48/98 [=============>................] - ETA: 0s - loss: 0.6452 - accuracy: 0.7801
53/98 [===============>..............] - ETA: 0s - loss: 0.6462 - accuracy: 0.7795
57/98 [================>.............] - ETA: 0s - loss: 0.6461 - accuracy: 0.7792
62/98 [=================>............] - ETA: 0s - loss: 0.6474 - accuracy: 0.7792
66/98 [===================>..........] - ETA: 0s - loss: 0.6476 - accuracy: 0.7792
70/98 [====================>.........] - ETA: 0s - loss: 0.6501 - accuracy: 0.7788
75/98 [=====================>........] - ETA: 0s - loss: 0.6521 - accuracy: 0.7782
79/98 [=======================>......] - ETA: 0s - loss: 0.6530 - accuracy: 0.7776
83/98 [========================>.....] - ETA: 0s - loss: 0.6545 - accuracy: 0.7769
87/98 [=========================>....] - ETA: 0s - loss: 0.6560 - accuracy: 0.7764
92/98 [===========================>..] - ETA: 0s - loss: 0.6570 - accuracy: 0.7755
96/98 [============================>.] - ETA: 0s - loss: 0.6579 - accuracy: 0.7749
98/98 [==============================] - 2s 21ms/step - loss: 0.6578 - accuracy: 0.7747 - val_loss: 1.2193 - val_accuracy: 0.5900
Epoch 15/31

 1/98 [..............................] - ETA: 3s - loss: 0.6186 - accuracy: 0.7930
 5/98 [>.............................] - ETA: 1s - loss: 0.5814 - accuracy: 0.8059
 9/98 [=>............................] - ETA: 1s - loss: 0.5790 - accuracy: 0.8036
13/98 [==>...........................] - ETA: 1s - loss: 0.5771 - accuracy: 0.8044
17/98 [====>.........................] - ETA: 1s - loss: 0.5808 - accuracy: 0.8041
21/98 [=====>........................] - ETA: 1s - loss: 0.5799 - accuracy: 0.8045
25/98 [======>.......................] - ETA: 1s - loss: 0.5884 - accuracy: 0.8002
29/98 [=======>......................] - ETA: 0s - loss: 0.5917 - accuracy: 0.7995
33/98 [=========>....................] - ETA: 0s - loss: 0.5957 - accuracy: 0.7980
36/98 [==========>...................] - ETA: 0s - loss: 0.5974 - accuracy: 0.7975
40/98 [===========>..................] - ETA: 0s - loss: 0.6013 - accuracy: 0.7965
44/98 [============>.................] - ETA: 0s - loss: 0.6030 - accuracy: 0.7958
48/98 [=============>................] - ETA: 0s - loss: 0.6077 - accuracy: 0.7943
52/98 [==============>...............] - ETA: 0s - loss: 0.6086 - accuracy: 0.7933
56/98 [================>.............] - ETA: 0s - loss: 0.6078 - accuracy: 0.7936
60/98 [=================>............] - ETA: 0s - loss: 0.6103 - accuracy: 0.7929
64/98 [==================>...........] - ETA: 0s - loss: 0.6125 - accuracy: 0.7917
68/98 [===================>..........] - ETA: 0s - loss: 0.6144 - accuracy: 0.7910
72/98 [=====================>........] - ETA: 0s - loss: 0.6167 - accuracy: 0.7900
76/98 [======================>.......] - ETA: 0s - loss: 0.6181 - accuracy: 0.7891
80/98 [=======================>......] - ETA: 0s - loss: 0.6188 - accuracy: 0.7886
84/98 [========================>.....] - ETA: 0s - loss: 0.6203 - accuracy: 0.7877
89/98 [==========================>...] - ETA: 0s - loss: 0.6228 - accuracy: 0.7864
92/98 [===========================>..] - ETA: 0s - loss: 0.6228 - accuracy: 0.7863
