2024-06-25 22:46:35.882013: I tensorflow/core/platform/cpu_feature_guard.cc:193] This TensorFlow binary is optimized with oneAPI Deep Neural Network Library (oneDNN) to use the following CPU instructions in performance-critical operations:  AVX AVX2
To enable them in other operations, rebuild TensorFlow with the appropriate compiler flags.
2024-06-25 22:46:37.312250: I tensorflow/core/common_runtime/gpu/gpu_device.cc:1616] Created device /job:localhost/replica:0/task:0/device:GPU:0 with 6656 MB memory:  -> device: 0, name: NVIDIA GeForce RTX 4060 Ti, pci bus id: 0000:01:00.0, compute capability: 8.9
1 Physical GPUs, 1 Logical GPUs
Model: "sequential"
_________________________________________________________________
 Layer (type)                Output Shape              Param #   
=================================================================
 conv2d (Conv2D)             (None, 32, 32, 32)        896       
                                                                 
 batch_normalization (BatchN  (None, 32, 32, 32)       128       
 ormalization)                                                   
                                                                 
 dropout (Dropout)           (None, 32, 32, 32)        0         
                                                                 
 flatten (Flatten)           (None, 32768)             0         
                                                                 
 dense (Dense)               (None, 42)                1376298   
                                                                 
 dropout_1 (Dropout)         (None, 42)                0         
                                                                 
 dense_1 (Dense)             (None, 10)                430       
                                                                 
=================================================================
Total params: 1,377,752
Trainable params: 1,377,688
Non-trainable params: 64
_________________________________________________________________
Taxa de aprendizado:  0.001 Num de épocas:  31 Tamanho do lote:  512 Dropout:  0.1302
Epoch 1/31
2024-06-25 22:46:39.749599: I tensorflow/stream_executor/cuda/cuda_dnn.cc:384] Loaded cuDNN version 8100
2024-06-25 22:46:41.806044: W tensorflow/stream_executor/gpu/redzone_allocator.cc:314] INTERNAL: ptxas exited with non-zero error code -1, output: 
Relying on driver to perform ptx compilation. 
Modify $PATH to customize ptxas location.
This message will be only logged once.
2024-06-25 22:46:43.922443: I tensorflow/stream_executor/cuda/cuda_blas.cc:1614] TensorFloat-32 will be used for the matrix multiplication. This will only be logged once.

 1/98 [..............................] - ETA: 10:57 - loss: 2.7031 - accuracy: 0.1133
 3/98 [..............................] - ETA: 3s - loss: 2.8947 - accuracy: 0.1589   
 5/98 [>.............................] - ETA: 3s - loss: 2.7509 - accuracy: 0.1910
 7/98 [=>............................] - ETA: 3s - loss: 2.6290 - accuracy: 0.2095
 9/98 [=>............................] - ETA: 3s - loss: 2.5330 - accuracy: 0.2196
11/98 [==>...........................] - ETA: 2s - loss: 2.4672 - accuracy: 0.2282
13/98 [==>...........................] - ETA: 2s - loss: 2.4109 - accuracy: 0.2345
15/98 [===>..........................] - ETA: 2s - loss: 2.3638 - accuracy: 0.2414
17/98 [====>.........................] - ETA: 2s - loss: 2.3211 - accuracy: 0.2477
19/98 [====>.........................] - ETA: 2s - loss: 2.2869 - accuracy: 0.2538
21/98 [=====>........................] - ETA: 2s - loss: 2.2585 - accuracy: 0.2585
23/98 [======>.......................] - ETA: 2s - loss: 2.2314 - accuracy: 0.2635
25/98 [======>.......................] - ETA: 2s - loss: 2.2117 - accuracy: 0.2655
27/98 [=======>......................] - ETA: 2s - loss: 2.1868 - accuracy: 0.2695
29/98 [=======>......................] - ETA: 2s - loss: 2.1718 - accuracy: 0.2720
31/98 [========>.....................] - ETA: 2s - loss: 2.1563 - accuracy: 0.2748
33/98 [=========>....................] - ETA: 2s - loss: 2.1426 - accuracy: 0.2781
35/98 [=========>....................] - ETA: 2s - loss: 2.1299 - accuracy: 0.2799
37/98 [==========>...................] - ETA: 2s - loss: 2.1172 - accuracy: 0.2825
39/98 [==========>...................] - ETA: 2s - loss: 2.1045 - accuracy: 0.2853
41/98 [===========>..................] - ETA: 1s - loss: 2.0927 - accuracy: 0.2880
43/98 [============>.................] - ETA: 1s - loss: 2.0807 - accuracy: 0.2911
45/98 [============>.................] - ETA: 1s - loss: 2.0694 - accuracy: 0.2932
47/98 [=============>................] - ETA: 1s - loss: 2.0593 - accuracy: 0.2955
49/98 [==============>...............] - ETA: 1s - loss: 2.0483 - accuracy: 0.2972
51/98 [==============>...............] - ETA: 1s - loss: 2.0388 - accuracy: 0.2989
53/98 [===============>..............] - ETA: 1s - loss: 2.0265 - accuracy: 0.3024
55/98 [===============>..............] - ETA: 1s - loss: 2.0152 - accuracy: 0.3061
57/98 [================>.............] - ETA: 1s - loss: 2.0060 - accuracy: 0.3091
59/98 [=================>............] - ETA: 1s - loss: 1.9987 - accuracy: 0.3108
61/98 [=================>............] - ETA: 1s - loss: 1.9892 - accuracy: 0.3135
63/98 [==================>...........] - ETA: 1s - loss: 1.9803 - accuracy: 0.3155
65/98 [==================>...........] - ETA: 1s - loss: 1.9719 - accuracy: 0.3181
67/98 [===================>..........] - ETA: 1s - loss: 1.9649 - accuracy: 0.3199
69/98 [====================>.........] - ETA: 0s - loss: 1.9573 - accuracy: 0.3219
71/98 [====================>.........] - ETA: 0s - loss: 1.9500 - accuracy: 0.3239
72/98 [=====================>........] - ETA: 0s - loss: 1.9477 - accuracy: 0.3244
74/98 [=====================>........] - ETA: 0s - loss: 1.9405 - accuracy: 0.3264
76/98 [======================>.......] - ETA: 0s - loss: 1.9353 - accuracy: 0.3274
78/98 [======================>.......] - ETA: 0s - loss: 1.9290 - accuracy: 0.3292
80/98 [=======================>......] - ETA: 0s - loss: 1.9223 - accuracy: 0.3312
82/98 [========================>.....] - ETA: 0s - loss: 1.9160 - accuracy: 0.3333
84/98 [========================>.....] - ETA: 0s - loss: 1.9093 - accuracy: 0.3351
86/98 [=========================>....] - ETA: 0s - loss: 1.9034 - accuracy: 0.3369
88/98 [=========================>....] - ETA: 0s - loss: 1.8984 - accuracy: 0.3384
90/98 [==========================>...] - ETA: 0s - loss: 1.8918 - accuracy: 0.3402
92/98 [===========================>..] - ETA: 0s - loss: 1.8859 - accuracy: 0.3419
94/98 [===========================>..] - ETA: 0s - loss: 1.8801 - accuracy: 0.3441
96/98 [============================>.] - ETA: 0s - loss: 1.8738 - accuracy: 0.3460
98/98 [==============================] - ETA: 0s - loss: 1.8676 - accuracy: 0.3477
98/98 [==============================] - 11s 49ms/step - loss: 1.8676 - accuracy: 0.3477 - val_loss: 1.8316 - val_accuracy: 0.3570
Epoch 2/31

 1/98 [..............................] - ETA: 4s - loss: 1.4259 - accuracy: 0.4766
 3/98 [..............................] - ETA: 3s - loss: 1.4924 - accuracy: 0.4577
 5/98 [>.............................] - ETA: 3s - loss: 1.5084 - accuracy: 0.4668
 7/98 [=>............................] - ETA: 3s - loss: 1.5098 - accuracy: 0.4674
 9/98 [=>............................] - ETA: 2s - loss: 1.5161 - accuracy: 0.4661
11/98 [==>...........................] - ETA: 2s - loss: 1.5205 - accuracy: 0.4615
13/98 [==>...........................] - ETA: 2s - loss: 1.5149 - accuracy: 0.4626
15/98 [===>..........................] - ETA: 2s - loss: 1.5128 - accuracy: 0.4621
17/98 [====>.........................] - ETA: 2s - loss: 1.5103 - accuracy: 0.4653
19/98 [====>.........................] - ETA: 2s - loss: 1.5077 - accuracy: 0.4655
21/98 [=====>........................] - ETA: 2s - loss: 1.5079 - accuracy: 0.4647
23/98 [======>.......................] - ETA: 2s - loss: 1.5106 - accuracy: 0.4650
25/98 [======>.......................] - ETA: 2s - loss: 1.5119 - accuracy: 0.4643
27/98 [=======>......................] - ETA: 2s - loss: 1.5068 - accuracy: 0.4664
29/98 [=======>......................] - ETA: 2s - loss: 1.5061 - accuracy: 0.4659
31/98 [========>.....................] - ETA: 2s - loss: 1.5066 - accuracy: 0.4659
33/98 [=========>....................] - ETA: 2s - loss: 1.5053 - accuracy: 0.4648
35/98 [=========>....................] - ETA: 2s - loss: 1.5055 - accuracy: 0.4644
37/98 [==========>...................] - ETA: 2s - loss: 1.5036 - accuracy: 0.4652
39/98 [==========>...................] - ETA: 1s - loss: 1.5035 - accuracy: 0.4648
41/98 [===========>..................] - ETA: 1s - loss: 1.5003 - accuracy: 0.4662
43/98 [============>.................] - ETA: 1s - loss: 1.4997 - accuracy: 0.4663
45/98 [============>.................] - ETA: 1s - loss: 1.4986 - accuracy: 0.4661
47/98 [=============>................] - ETA: 1s - loss: 1.4991 - accuracy: 0.4658
49/98 [==============>...............] - ETA: 1s - loss: 1.4973 - accuracy: 0.4664
51/98 [==============>...............] - ETA: 1s - loss: 1.4971 - accuracy: 0.4662
53/98 [===============>..............] - ETA: 1s - loss: 1.4956 - accuracy: 0.4672
55/98 [===============>..............] - ETA: 1s - loss: 1.4964 - accuracy: 0.4675
57/98 [================>.............] - ETA: 1s - loss: 1.4945 - accuracy: 0.4683
59/98 [=================>............] - ETA: 1s - loss: 1.4935 - accuracy: 0.4682
61/98 [=================>............] - ETA: 1s - loss: 1.4931 - accuracy: 0.4687
63/98 [==================>...........] - ETA: 1s - loss: 1.4926 - accuracy: 0.4687
65/98 [==================>...........] - ETA: 1s - loss: 1.4912 - accuracy: 0.4689
67/98 [===================>..........] - ETA: 1s - loss: 1.4899 - accuracy: 0.4690
69/98 [====================>.........] - ETA: 0s - loss: 1.4883 - accuracy: 0.4695
71/98 [====================>.........] - ETA: 0s - loss: 1.4871 - accuracy: 0.4700
73/98 [=====================>........] - ETA: 0s - loss: 1.4852 - accuracy: 0.4709
75/98 [=====================>........] - ETA: 0s - loss: 1.4839 - accuracy: 0.4713
77/98 [======================>.......] - ETA: 0s - loss: 1.4837 - accuracy: 0.4712
79/98 [=======================>......] - ETA: 0s - loss: 1.4818 - accuracy: 0.4719
81/98 [=======================>......] - ETA: 0s - loss: 1.4803 - accuracy: 0.4724
83/98 [========================>.....] - ETA: 0s - loss: 1.4800 - accuracy: 0.4719
85/98 [=========================>....] - ETA: 0s - loss: 1.4784 - accuracy: 0.4728
87/98 [=========================>....] - ETA: 0s - loss: 1.4761 - accuracy: 0.4739
89/98 [==========================>...] - ETA: 0s - loss: 1.4753 - accuracy: 0.4741
91/98 [==========================>...] - ETA: 0s - loss: 1.4735 - accuracy: 0.4746
93/98 [===========================>..] - ETA: 0s - loss: 1.4717 - accuracy: 0.4751
95/98 [============================>.] - ETA: 0s - loss: 1.4704 - accuracy: 0.4755
97/98 [============================>.] - ETA: 0s - loss: 1.4692 - accuracy: 0.4761
98/98 [==============================] - 4s 44ms/step - loss: 1.4682 - accuracy: 0.4765 - val_loss: 1.7931 - val_accuracy: 0.3608
Epoch 3/31

 1/98 [..............................] - ETA: 4s - loss: 1.2411 - accuracy: 0.5469
 3/98 [..............................] - ETA: 3s - loss: 1.3243 - accuracy: 0.5286
 5/98 [>.............................] - ETA: 3s - loss: 1.3020 - accuracy: 0.5387
 7/98 [=>............................] - ETA: 3s - loss: 1.2874 - accuracy: 0.5446
 9/98 [=>............................] - ETA: 2s - loss: 1.2932 - accuracy: 0.5393
11/98 [==>...........................] - ETA: 2s - loss: 1.3017 - accuracy: 0.5341
14/98 [===>..........................] - ETA: 2s - loss: 1.3053 - accuracy: 0.5336
17/98 [====>.........................] - ETA: 2s - loss: 1.2968 - accuracy: 0.5378
20/98 [=====>........................] - ETA: 2s - loss: 1.3006 - accuracy: 0.5368
23/98 [======>.......................] - ETA: 2s - loss: 1.3070 - accuracy: 0.5353
26/98 [======>.......................] - ETA: 2s - loss: 1.3045 - accuracy: 0.5379
29/98 [=======>......................] - ETA: 1s - loss: 1.3008 - accuracy: 0.5401
32/98 [========>.....................] - ETA: 1s - loss: 1.2981 - accuracy: 0.5424
35/98 [=========>....................] - ETA: 1s - loss: 1.3012 - accuracy: 0.5414
38/98 [==========>...................] - ETA: 1s - loss: 1.3046 - accuracy: 0.5401
41/98 [===========>..................] - ETA: 1s - loss: 1.3064 - accuracy: 0.5394
44/98 [============>.................] - ETA: 1s - loss: 1.3056 - accuracy: 0.5399
47/98 [=============>................] - ETA: 1s - loss: 1.3044 - accuracy: 0.5398
50/98 [==============>...............] - ETA: 1s - loss: 1.3065 - accuracy: 0.5385
53/98 [===============>..............] - ETA: 1s - loss: 1.3055 - accuracy: 0.5389
56/98 [================>.............] - ETA: 1s - loss: 1.3057 - accuracy: 0.5391
59/98 [=================>............] - ETA: 0s - loss: 1.3041 - accuracy: 0.5389
62/98 [=================>............] - ETA: 0s - loss: 1.3031 - accuracy: 0.5395
65/98 [==================>...........] - ETA: 0s - loss: 1.3035 - accuracy: 0.5397
68/98 [===================>..........] - ETA: 0s - loss: 1.3040 - accuracy: 0.5391
71/98 [====================>.........] - ETA: 0s - loss: 1.3043 - accuracy: 0.5393
74/98 [=====================>........] - ETA: 0s - loss: 1.3047 - accuracy: 0.5390
77/98 [======================>.......] - ETA: 0s - loss: 1.3034 - accuracy: 0.5394
80/98 [=======================>......] - ETA: 0s - loss: 1.3038 - accuracy: 0.5392
83/98 [========================>.....] - ETA: 0s - loss: 1.3023 - accuracy: 0.5397
86/98 [=========================>....] - ETA: 0s - loss: 1.2998 - accuracy: 0.5403
89/98 [==========================>...] - ETA: 0s - loss: 1.2983 - accuracy: 0.5403
92/98 [===========================>..] - ETA: 0s - loss: 1.2967 - accuracy: 0.5409
95/98 [============================>.] - ETA: 0s - loss: 1.2967 - accuracy: 0.5411
98/98 [==============================] - ETA: 0s - loss: 1.2966 - accuracy: 0.5409
98/98 [==============================] - 4s 36ms/step - loss: 1.2966 - accuracy: 0.5409 - val_loss: 1.4952 - val_accuracy: 0.4628
Epoch 4/31

 1/98 [..............................] - ETA: 4s - loss: 1.1939 - accuracy: 0.5801
 3/98 [..............................] - ETA: 2s - loss: 1.1951 - accuracy: 0.5872
 5/98 [>.............................] - ETA: 2s - loss: 1.1995 - accuracy: 0.5840
 7/98 [=>............................] - ETA: 2s - loss: 1.1865 - accuracy: 0.5912
 9/98 [=>............................] - ETA: 2s - loss: 1.1721 - accuracy: 0.5935
11/98 [==>...........................] - ETA: 2s - loss: 1.1786 - accuracy: 0.5893
13/98 [==>...........................] - ETA: 2s - loss: 1.1786 - accuracy: 0.5888
15/98 [===>..........................] - ETA: 2s - loss: 1.1806 - accuracy: 0.5872
17/98 [====>.........................] - ETA: 2s - loss: 1.1764 - accuracy: 0.5895
19/98 [====>.........................] - ETA: 2s - loss: 1.1692 - accuracy: 0.5912
21/98 [=====>........................] - ETA: 2s - loss: 1.1642 - accuracy: 0.5936
23/98 [======>.......................] - ETA: 2s - loss: 1.1678 - accuracy: 0.5905
25/98 [======>.......................] - ETA: 2s - loss: 1.1701 - accuracy: 0.5907
27/98 [=======>......................] - ETA: 2s - loss: 1.1709 - accuracy: 0.5909
29/98 [=======>......................] - ETA: 2s - loss: 1.1704 - accuracy: 0.5911
31/98 [========>.....................] - ETA: 2s - loss: 1.1709 - accuracy: 0.5912
33/98 [=========>....................] - ETA: 2s - loss: 1.1732 - accuracy: 0.5904
35/98 [=========>....................] - ETA: 2s - loss: 1.1757 - accuracy: 0.5880
37/98 [==========>...................] - ETA: 2s - loss: 1.1738 - accuracy: 0.5884
39/98 [==========>...................] - ETA: 1s - loss: 1.1744 - accuracy: 0.5881
41/98 [===========>..................] - ETA: 1s - loss: 1.1737 - accuracy: 0.5879
43/98 [============>.................] - ETA: 1s - loss: 1.1723 - accuracy: 0.5882
45/98 [============>.................] - ETA: 1s - loss: 1.1735 - accuracy: 0.5877
47/98 [=============>................] - ETA: 1s - loss: 1.1737 - accuracy: 0.5879
49/98 [==============>...............] - ETA: 1s - loss: 1.1730 - accuracy: 0.5876
51/98 [==============>...............] - ETA: 1s - loss: 1.1734 - accuracy: 0.5876
53/98 [===============>..............] - ETA: 1s - loss: 1.1745 - accuracy: 0.5871
55/98 [===============>..............] - ETA: 1s - loss: 1.1738 - accuracy: 0.5874
57/98 [================>.............] - ETA: 1s - loss: 1.1730 - accuracy: 0.5875
59/98 [=================>............] - ETA: 1s - loss: 1.1731 - accuracy: 0.5872
61/98 [=================>............] - ETA: 1s - loss: 1.1735 - accuracy: 0.5869
63/98 [==================>...........] - ETA: 1s - loss: 1.1730 - accuracy: 0.5870
65/98 [==================>...........] - ETA: 1s - loss: 1.1742 - accuracy: 0.5866
67/98 [===================>..........] - ETA: 1s - loss: 1.1737 - accuracy: 0.5862
69/98 [====================>.........] - ETA: 0s - loss: 1.1731 - accuracy: 0.5867
71/98 [====================>.........] - ETA: 0s - loss: 1.1721 - accuracy: 0.5872
73/98 [=====================>........] - ETA: 0s - loss: 1.1721 - accuracy: 0.5875
75/98 [=====================>........] - ETA: 0s - loss: 1.1712 - accuracy: 0.5883
77/98 [======================>.......] - ETA: 0s - loss: 1.1705 - accuracy: 0.5885
79/98 [=======================>......] - ETA: 0s - loss: 1.1700 - accuracy: 0.5885
81/98 [=======================>......] - ETA: 0s - loss: 1.1715 - accuracy: 0.5878
83/98 [========================>.....] - ETA: 0s - loss: 1.1711 - accuracy: 0.5878
85/98 [=========================>....] - ETA: 0s - loss: 1.1714 - accuracy: 0.5875
87/98 [=========================>....] - ETA: 0s - loss: 1.1724 - accuracy: 0.5870
89/98 [==========================>...] - ETA: 0s - loss: 1.1718 - accuracy: 0.5868
91/98 [==========================>...] - ETA: 0s - loss: 1.1718 - accuracy: 0.5868
93/98 [===========================>..] - ETA: 0s - loss: 1.1723 - accuracy: 0.5863
95/98 [============================>.] - ETA: 0s - loss: 1.1725 - accuracy: 0.5859
97/98 [============================>.] - ETA: 0s - loss: 1.1728 - accuracy: 0.5858
98/98 [==============================] - 4s 44ms/step - loss: 1.1727 - accuracy: 0.5857 - val_loss: 1.5276 - val_accuracy: 0.4725
Epoch 5/31

 1/98 [..............................] - ETA: 4s - loss: 1.1720 - accuracy: 0.5820
 3/98 [..............................] - ETA: 3s - loss: 1.1130 - accuracy: 0.6074
 5/98 [>.............................] - ETA: 3s - loss: 1.1013 - accuracy: 0.6152
 7/98 [=>............................] - ETA: 3s - loss: 1.0915 - accuracy: 0.6211
 9/98 [=>............................] - ETA: 3s - loss: 1.0939 - accuracy: 0.6209
11/98 [==>...........................] - ETA: 2s - loss: 1.0970 - accuracy: 0.6184
13/98 [==>...........................] - ETA: 2s - loss: 1.0918 - accuracy: 0.6190
15/98 [===>..........................] - ETA: 2s - loss: 1.0904 - accuracy: 0.6185
17/98 [====>.........................] - ETA: 2s - loss: 1.0877 - accuracy: 0.6183
19/98 [====>.........................] - ETA: 2s - loss: 1.0807 - accuracy: 0.6216
21/98 [=====>........................] - ETA: 2s - loss: 1.0800 - accuracy: 0.6219
23/98 [======>.......................] - ETA: 2s - loss: 1.0833 - accuracy: 0.6205
25/98 [======>.......................] - ETA: 2s - loss: 1.0846 - accuracy: 0.6200
27/98 [=======>......................] - ETA: 2s - loss: 1.0874 - accuracy: 0.6192
29/98 [=======>......................] - ETA: 2s - loss: 1.0831 - accuracy: 0.6216
31/98 [========>.....................] - ETA: 2s - loss: 1.0812 - accuracy: 0.6229
33/98 [=========>....................] - ETA: 2s - loss: 1.0814 - accuracy: 0.6240
35/98 [=========>....................] - ETA: 2s - loss: 1.0842 - accuracy: 0.6233
37/98 [==========>...................] - ETA: 2s - loss: 1.0853 - accuracy: 0.6219
39/98 [==========>...................] - ETA: 1s - loss: 1.0851 - accuracy: 0.6210
41/98 [===========>..................] - ETA: 1s - loss: 1.0867 - accuracy: 0.6208
43/98 [============>.................] - ETA: 1s - loss: 1.0856 - accuracy: 0.6210
45/98 [============>.................] - ETA: 1s - loss: 1.0859 - accuracy: 0.6201
47/98 [=============>................] - ETA: 1s - loss: 1.0854 - accuracy: 0.6209
49/98 [==============>...............] - ETA: 1s - loss: 1.0854 - accuracy: 0.6211
51/98 [==============>...............] - ETA: 1s - loss: 1.0845 - accuracy: 0.6215
53/98 [===============>..............] - ETA: 1s - loss: 1.0834 - accuracy: 0.6214
55/98 [===============>..............] - ETA: 1s - loss: 1.0845 - accuracy: 0.6206
57/98 [================>.............] - ETA: 1s - loss: 1.0844 - accuracy: 0.6204
59/98 [=================>............] - ETA: 1s - loss: 1.0842 - accuracy: 0.6202
61/98 [=================>............] - ETA: 1s - loss: 1.0818 - accuracy: 0.6211
63/98 [==================>...........] - ETA: 1s - loss: 1.0802 - accuracy: 0.6218
65/98 [==================>...........] - ETA: 1s - loss: 1.0817 - accuracy: 0.6214
67/98 [===================>..........] - ETA: 1s - loss: 1.0823 - accuracy: 0.6214
69/98 [====================>.........] - ETA: 0s - loss: 1.0822 - accuracy: 0.6213
71/98 [====================>.........] - ETA: 0s - loss: 1.0818 - accuracy: 0.6215
73/98 [=====================>........] - ETA: 0s - loss: 1.0795 - accuracy: 0.6222
75/98 [=====================>........] - ETA: 0s - loss: 1.0782 - accuracy: 0.6224
77/98 [======================>.......] - ETA: 0s - loss: 1.0794 - accuracy: 0.6220
79/98 [=======================>......] - ETA: 0s - loss: 1.0788 - accuracy: 0.6223
81/98 [=======================>......] - ETA: 0s - loss: 1.0778 - accuracy: 0.6222
83/98 [========================>.....] - ETA: 0s - loss: 1.0773 - accuracy: 0.6224
85/98 [=========================>....] - ETA: 0s - loss: 1.0772 - accuracy: 0.6224
87/98 [=========================>....] - ETA: 0s - loss: 1.0770 - accuracy: 0.6226
89/98 [==========================>...] - ETA: 0s - loss: 1.0766 - accuracy: 0.6229
91/98 [==========================>...] - ETA: 0s - loss: 1.0768 - accuracy: 0.6228
93/98 [===========================>..] - ETA: 0s - loss: 1.0772 - accuracy: 0.6227
95/98 [============================>.] - ETA: 0s - loss: 1.0776 - accuracy: 0.6223
97/98 [============================>.] - ETA: 0s - loss: 1.0772 - accuracy: 0.6221
98/98 [==============================] - 4s 45ms/step - loss: 1.0774 - accuracy: 0.6221 - val_loss: 1.2261 - val_accuracy: 0.5649
Epoch 6/31

 1/98 [..............................] - ETA: 4s - loss: 0.9769 - accuracy: 0.6523
 3/98 [..............................] - ETA: 3s - loss: 0.9994 - accuracy: 0.6439
 5/98 [>.............................] - ETA: 3s - loss: 0.9984 - accuracy: 0.6496
 7/98 [=>............................] - ETA: 3s - loss: 0.9921 - accuracy: 0.6574
 9/98 [=>............................] - ETA: 3s - loss: 0.9906 - accuracy: 0.6571
11/98 [==>...........................] - ETA: 2s - loss: 0.9921 - accuracy: 0.6580
13/98 [==>...........................] - ETA: 2s - loss: 0.9952 - accuracy: 0.6561
15/98 [===>..........................] - ETA: 2s - loss: 0.9848 - accuracy: 0.6609
17/98 [====>.........................] - ETA: 2s - loss: 0.9877 - accuracy: 0.6600
19/98 [====>.........................] - ETA: 2s - loss: 0.9844 - accuracy: 0.6604
21/98 [=====>........................] - ETA: 2s - loss: 0.9830 - accuracy: 0.6610
23/98 [======>.......................] - ETA: 2s - loss: 0.9851 - accuracy: 0.6596
25/98 [======>.......................] - ETA: 2s - loss: 0.9852 - accuracy: 0.6586
27/98 [=======>......................] - ETA: 2s - loss: 0.9848 - accuracy: 0.6589
29/98 [=======>......................] - ETA: 2s - loss: 0.9839 - accuracy: 0.6591
32/98 [========>.....................] - ETA: 2s - loss: 0.9859 - accuracy: 0.6592
34/98 [=========>....................] - ETA: 2s - loss: 0.9876 - accuracy: 0.6581
36/98 [==========>...................] - ETA: 2s - loss: 0.9901 - accuracy: 0.6566
38/98 [==========>...................] - ETA: 2s - loss: 0.9918 - accuracy: 0.6565
40/98 [===========>..................] - ETA: 1s - loss: 0.9908 - accuracy: 0.6573
42/98 [===========>..................] - ETA: 1s - loss: 0.9898 - accuracy: 0.6571
44/98 [============>.................] - ETA: 1s - loss: 0.9904 - accuracy: 0.6574
46/98 [=============>................] - ETA: 1s - loss: 0.9918 - accuracy: 0.6564
48/98 [=============>................] - ETA: 1s - loss: 0.9931 - accuracy: 0.6559
50/98 [==============>...............] - ETA: 1s - loss: 0.9936 - accuracy: 0.6553
52/98 [==============>...............] - ETA: 1s - loss: 0.9939 - accuracy: 0.6555
54/98 [===============>..............] - ETA: 1s - loss: 0.9953 - accuracy: 0.6549
56/98 [================>.............] - ETA: 1s - loss: 0.9936 - accuracy: 0.6549
58/98 [================>.............] - ETA: 1s - loss: 0.9954 - accuracy: 0.6541
60/98 [=================>............] - ETA: 1s - loss: 0.9940 - accuracy: 0.6546
62/98 [=================>............] - ETA: 1s - loss: 0.9933 - accuracy: 0.6545
64/98 [==================>...........] - ETA: 1s - loss: 0.9941 - accuracy: 0.6541
66/98 [===================>..........] - ETA: 1s - loss: 0.9950 - accuracy: 0.6539
68/98 [===================>..........] - ETA: 1s - loss: 0.9939 - accuracy: 0.6544
70/98 [====================>.........] - ETA: 0s - loss: 0.9933 - accuracy: 0.6545
72/98 [=====================>........] - ETA: 0s - loss: 0.9930 - accuracy: 0.6546
74/98 [=====================>........] - ETA: 0s - loss: 0.9938 - accuracy: 0.6544
76/98 [======================>.......] - ETA: 0s - loss: 0.9947 - accuracy: 0.6542
78/98 [======================>.......] - ETA: 0s - loss: 0.9955 - accuracy: 0.6531
80/98 [=======================>......] - ETA: 0s - loss: 0.9959 - accuracy: 0.6527
82/98 [========================>.....] - ETA: 0s - loss: 0.9954 - accuracy: 0.6528
84/98 [========================>.....] - ETA: 0s - loss: 0.9941 - accuracy: 0.6533
86/98 [=========================>....] - ETA: 0s - loss: 0.9946 - accuracy: 0.6533
88/98 [=========================>....] - ETA: 0s - loss: 0.9955 - accuracy: 0.6527
90/98 [==========================>...] - ETA: 0s - loss: 0.9959 - accuracy: 0.6522
92/98 [===========================>..] - ETA: 0s - loss: 0.9962 - accuracy: 0.6522
94/98 [===========================>..] - ETA: 0s - loss: 0.9968 - accuracy: 0.6517
96/98 [============================>.] - ETA: 0s - loss: 0.9979 - accuracy: 0.6511
98/98 [==============================] - ETA: 0s - loss: 0.9972 - accuracy: 0.6512
98/98 [==============================] - 4s 44ms/step - loss: 0.9972 - accuracy: 0.6512 - val_loss: 1.2151 - val_accuracy: 0.5697
Epoch 7/31

 1/98 [..............................] - ETA: 4s - loss: 0.9406 - accuracy: 0.6680
 3/98 [..............................] - ETA: 2s - loss: 0.9422 - accuracy: 0.6699
 5/98 [>.............................] - ETA: 2s - loss: 0.9289 - accuracy: 0.6738
 7/98 [=>............................] - ETA: 3s - loss: 0.9199 - accuracy: 0.6786
 9/98 [=>............................] - ETA: 2s - loss: 0.9147 - accuracy: 0.6827
11/98 [==>...........................] - ETA: 2s - loss: 0.9164 - accuracy: 0.6815
13/98 [==>...........................] - ETA: 2s - loss: 0.9166 - accuracy: 0.6809
15/98 [===>..........................] - ETA: 2s - loss: 0.9159 - accuracy: 0.6814
17/98 [====>.........................] - ETA: 2s - loss: 0.9181 - accuracy: 0.6792
19/98 [====>.........................] - ETA: 2s - loss: 0.9251 - accuracy: 0.6768
21/98 [=====>........................] - ETA: 2s - loss: 0.9244 - accuracy: 0.6771
23/98 [======>.......................] - ETA: 2s - loss: 0.9252 - accuracy: 0.6782
25/98 [======>.......................] - ETA: 2s - loss: 0.9244 - accuracy: 0.6784
27/98 [=======>......................] - ETA: 2s - loss: 0.9297 - accuracy: 0.6768
29/98 [=======>......................] - ETA: 2s - loss: 0.9301 - accuracy: 0.6769
31/98 [========>.....................] - ETA: 2s - loss: 0.9302 - accuracy: 0.6771
33/98 [=========>....................] - ETA: 2s - loss: 0.9296 - accuracy: 0.6776
35/98 [=========>....................] - ETA: 2s - loss: 0.9329 - accuracy: 0.6760
37/98 [==========>...................] - ETA: 2s - loss: 0.9334 - accuracy: 0.6752
39/98 [==========>...................] - ETA: 1s - loss: 0.9344 - accuracy: 0.6744
41/98 [===========>..................] - ETA: 1s - loss: 0.9376 - accuracy: 0.6736
43/98 [============>.................] - ETA: 1s - loss: 0.9386 - accuracy: 0.6730
45/98 [============>.................] - ETA: 1s - loss: 0.9387 - accuracy: 0.6722
47/98 [=============>................] - ETA: 1s - loss: 0.9387 - accuracy: 0.6726
49/98 [==============>...............] - ETA: 1s - loss: 0.9385 - accuracy: 0.6726
51/98 [==============>...............] - ETA: 1s - loss: 0.9367 - accuracy: 0.6732
53/98 [===============>..............] - ETA: 1s - loss: 0.9358 - accuracy: 0.6731
55/98 [===============>..............] - ETA: 1s - loss: 0.9347 - accuracy: 0.6731
57/98 [================>.............] - ETA: 1s - loss: 0.9353 - accuracy: 0.6732
59/98 [=================>............] - ETA: 1s - loss: 0.9345 - accuracy: 0.6733
61/98 [=================>............] - ETA: 1s - loss: 0.9346 - accuracy: 0.6729
63/98 [==================>...........] - ETA: 1s - loss: 0.9356 - accuracy: 0.6730
65/98 [==================>...........] - ETA: 1s - loss: 0.9350 - accuracy: 0.6730
67/98 [===================>..........] - ETA: 1s - loss: 0.9331 - accuracy: 0.6735
69/98 [====================>.........] - ETA: 0s - loss: 0.9338 - accuracy: 0.6735
71/98 [====================>.........] - ETA: 0s - loss: 0.9328 - accuracy: 0.6743
73/98 [=====================>........] - ETA: 0s - loss: 0.9324 - accuracy: 0.6741
75/98 [=====================>........] - ETA: 0s - loss: 0.9330 - accuracy: 0.6743
77/98 [======================>.......] - ETA: 0s - loss: 0.9325 - accuracy: 0.6749
79/98 [=======================>......] - ETA: 0s - loss: 0.9326 - accuracy: 0.6751
81/98 [=======================>......] - ETA: 0s - loss: 0.9329 - accuracy: 0.6749
83/98 [========================>.....] - ETA: 0s - loss: 0.9335 - accuracy: 0.6745
85/98 [=========================>....] - ETA: 0s - loss: 0.9342 - accuracy: 0.6743
87/98 [=========================>....] - ETA: 0s - loss: 0.9335 - accuracy: 0.6747
89/98 [==========================>...] - ETA: 0s - loss: 0.9338 - accuracy: 0.6747
91/98 [==========================>...] - ETA: 0s - loss: 0.9335 - accuracy: 0.6748
93/98 [===========================>..] - ETA: 0s - loss: 0.9332 - accuracy: 0.6753
95/98 [============================>.] - ETA: 0s - loss: 0.9337 - accuracy: 0.6752
97/98 [============================>.] - ETA: 0s - loss: 0.9341 - accuracy: 0.6754
98/98 [==============================] - 4s 44ms/step - loss: 0.9345 - accuracy: 0.6752 - val_loss: 1.2328 - val_accuracy: 0.5684
Epoch 8/31

 1/98 [..............................] - ETA: 6s - loss: 0.8288 - accuracy: 0.7148
 3/98 [..............................] - ETA: 2s - loss: 0.8596 - accuracy: 0.7090
 5/98 [>.............................] - ETA: 2s - loss: 0.8587 - accuracy: 0.7055
 7/98 [=>............................] - ETA: 2s - loss: 0.8515 - accuracy: 0.7093
 9/98 [=>............................] - ETA: 2s - loss: 0.8524 - accuracy: 0.7069
11/98 [==>...........................] - ETA: 2s - loss: 0.8482 - accuracy: 0.7100
13/98 [==>...........................] - ETA: 2s - loss: 0.8471 - accuracy: 0.7077
15/98 [===>..........................] - ETA: 2s - loss: 0.8467 - accuracy: 0.7082
17/98 [====>.........................] - ETA: 2s - loss: 0.8436 - accuracy: 0.7099
19/98 [====>.........................] - ETA: 2s - loss: 0.8408 - accuracy: 0.7106
21/98 [=====>........................] - ETA: 2s - loss: 0.8396 - accuracy: 0.7111
23/98 [======>.......................] - ETA: 2s - loss: 0.8396 - accuracy: 0.7097
25/98 [======>.......................] - ETA: 2s - loss: 0.8399 - accuracy: 0.7103
27/98 [=======>......................] - ETA: 2s - loss: 0.8347 - accuracy: 0.7118
29/98 [=======>......................] - ETA: 2s - loss: 0.8383 - accuracy: 0.7104
31/98 [========>.....................] - ETA: 2s - loss: 0.8423 - accuracy: 0.7082
33/98 [=========>....................] - ETA: 2s - loss: 0.8397 - accuracy: 0.7097
35/98 [=========>....................] - ETA: 2s - loss: 0.8383 - accuracy: 0.7102
37/98 [==========>...................] - ETA: 2s - loss: 0.8387 - accuracy: 0.7087
39/98 [==========>...................] - ETA: 1s - loss: 0.8432 - accuracy: 0.7079
41/98 [===========>..................] - ETA: 1s - loss: 0.8457 - accuracy: 0.7074
42/98 [===========>..................] - ETA: 1s - loss: 0.8462 - accuracy: 0.7082
44/98 [============>.................] - ETA: 1s - loss: 0.8496 - accuracy: 0.7074
46/98 [=============>................] - ETA: 1s - loss: 0.8508 - accuracy: 0.7069
48/98 [=============>................] - ETA: 1s - loss: 0.8535 - accuracy: 0.7060
50/98 [==============>...............] - ETA: 1s - loss: 0.8545 - accuracy: 0.7054
52/98 [==============>...............] - ETA: 1s - loss: 0.8555 - accuracy: 0.7055
54/98 [===============>..............] - ETA: 1s - loss: 0.8567 - accuracy: 0.7048
56/98 [================>.............] - ETA: 1s - loss: 0.8571 - accuracy: 0.7042
58/98 [================>.............] - ETA: 1s - loss: 0.8582 - accuracy: 0.7041
60/98 [=================>............] - ETA: 1s - loss: 0.8598 - accuracy: 0.7035
62/98 [=================>............] - ETA: 1s - loss: 0.8600 - accuracy: 0.7037
64/98 [==================>...........] - ETA: 1s - loss: 0.8612 - accuracy: 0.7034
66/98 [===================>..........] - ETA: 1s - loss: 0.8617 - accuracy: 0.7035
68/98 [===================>..........] - ETA: 1s - loss: 0.8615 - accuracy: 0.7037
70/98 [====================>.........] - ETA: 0s - loss: 0.8622 - accuracy: 0.7033
72/98 [=====================>........] - ETA: 0s - loss: 0.8637 - accuracy: 0.7027
74/98 [=====================>........] - ETA: 0s - loss: 0.8644 - accuracy: 0.7023
76/98 [======================>.......] - ETA: 0s - loss: 0.8648 - accuracy: 0.7019
78/98 [======================>.......] - ETA: 0s - loss: 0.8657 - accuracy: 0.7016
80/98 [=======================>......] - ETA: 0s - loss: 0.8649 - accuracy: 0.7017
82/98 [========================>.....] - ETA: 0s - loss: 0.8643 - accuracy: 0.7018
84/98 [========================>.....] - ETA: 0s - loss: 0.8642 - accuracy: 0.7015
86/98 [=========================>....] - ETA: 0s - loss: 0.8643 - accuracy: 0.7015
88/98 [=========================>....] - ETA: 0s - loss: 0.8653 - accuracy: 0.7007
90/98 [==========================>...] - ETA: 0s - loss: 0.8643 - accuracy: 0.7009
92/98 [===========================>..] - ETA: 0s - loss: 0.8635 - accuracy: 0.7012
94/98 [===========================>..] - ETA: 0s - loss: 0.8632 - accuracy: 0.7012
96/98 [============================>.] - ETA: 0s - loss: 0.8631 - accuracy: 0.7012
98/98 [==============================] - ETA: 0s - loss: 0.8646 - accuracy: 0.7006
98/98 [==============================] - 4s 45ms/step - loss: 0.8646 - accuracy: 0.7006 - val_loss: 1.1772 - val_accuracy: 0.5996
Epoch 9/31

 1/98 [..............................] - ETA: 4s - loss: 0.8264 - accuracy: 0.7246
 3/98 [..............................] - ETA: 2s - loss: 0.8241 - accuracy: 0.7188
 5/98 [>.............................] - ETA: 3s - loss: 0.8009 - accuracy: 0.7254
 7/98 [=>............................] - ETA: 3s - loss: 0.7919 - accuracy: 0.7299
 9/98 [=>............................] - ETA: 3s - loss: 0.7915 - accuracy: 0.7307
11/98 [==>...........................] - ETA: 2s - loss: 0.7915 - accuracy: 0.7312
13/98 [==>...........................] - ETA: 2s - loss: 0.7854 - accuracy: 0.7338
15/98 [===>..........................] - ETA: 2s - loss: 0.7886 - accuracy: 0.7310
17/98 [====>.........................] - ETA: 2s - loss: 0.7838 - accuracy: 0.7325
19/98 [====>.........................] - ETA: 2s - loss: 0.7859 - accuracy: 0.7326
21/98 [=====>........................] - ETA: 2s - loss: 0.7854 - accuracy: 0.7325
23/98 [======>.......................] - ETA: 2s - loss: 0.7866 - accuracy: 0.7309
25/98 [======>.......................] - ETA: 2s - loss: 0.7844 - accuracy: 0.7327
27/98 [=======>......................] - ETA: 2s - loss: 0.7843 - accuracy: 0.7330
29/98 [=======>......................] - ETA: 2s - loss: 0.7878 - accuracy: 0.7311
31/98 [========>.....................] - ETA: 2s - loss: 0.7922 - accuracy: 0.7295
33/98 [=========>....................] - ETA: 2s - loss: 0.7920 - accuracy: 0.7296
35/98 [=========>....................] - ETA: 2s - loss: 0.7956 - accuracy: 0.7278
37/98 [==========>...................] - ETA: 2s - loss: 0.7946 - accuracy: 0.7278
39/98 [==========>...................] - ETA: 1s - loss: 0.7940 - accuracy: 0.7284
41/98 [===========>..................] - ETA: 1s - loss: 0.7929 - accuracy: 0.7289
43/98 [============>.................] - ETA: 1s - loss: 0.7915 - accuracy: 0.7298
45/98 [============>.................] - ETA: 1s - loss: 0.7929 - accuracy: 0.7289
47/98 [=============>................] - ETA: 1s - loss: 0.7932 - accuracy: 0.7289
49/98 [==============>...............] - ETA: 1s - loss: 0.7926 - accuracy: 0.7289
51/98 [==============>...............] - ETA: 1s - loss: 0.7945 - accuracy: 0.7276
53/98 [===============>..............] - ETA: 1s - loss: 0.7950 - accuracy: 0.7275
55/98 [===============>..............] - ETA: 1s - loss: 0.7980 - accuracy: 0.7264
57/98 [================>.............] - ETA: 1s - loss: 0.8003 - accuracy: 0.7256
59/98 [=================>............] - ETA: 1s - loss: 0.8007 - accuracy: 0.7256
61/98 [=================>............] - ETA: 1s - loss: 0.8021 - accuracy: 0.7256
63/98 [==================>...........] - ETA: 1s - loss: 0.8028 - accuracy: 0.7257
65/98 [==================>...........] - ETA: 1s - loss: 0.8025 - accuracy: 0.7260
67/98 [===================>..........] - ETA: 1s - loss: 0.8030 - accuracy: 0.7258
69/98 [====================>.........] - ETA: 0s - loss: 0.8040 - accuracy: 0.7254
71/98 [====================>.........] - ETA: 0s - loss: 0.8044 - accuracy: 0.7254
73/98 [=====================>........] - ETA: 0s - loss: 0.8055 - accuracy: 0.7247
75/98 [=====================>........] - ETA: 0s - loss: 0.8065 - accuracy: 0.7237
77/98 [======================>.......] - ETA: 0s - loss: 0.8062 - accuracy: 0.7239
79/98 [=======================>......] - ETA: 0s - loss: 0.8066 - accuracy: 0.7237
81/98 [=======================>......] - ETA: 0s - loss: 0.8062 - accuracy: 0.7234
83/98 [========================>.....] - ETA: 0s - loss: 0.8061 - accuracy: 0.7232
86/98 [=========================>....] - ETA: 0s - loss: 0.8069 - accuracy: 0.7229
88/98 [=========================>....] - ETA: 0s - loss: 0.8080 - accuracy: 0.7225
90/98 [==========================>...] - ETA: 0s - loss: 0.8066 - accuracy: 0.7226
92/98 [===========================>..] - ETA: 0s - loss: 0.8076 - accuracy: 0.7224
94/98 [===========================>..] - ETA: 0s - loss: 0.8076 - accuracy: 0.7223
96/98 [============================>.] - ETA: 0s - loss: 0.8085 - accuracy: 0.7223
98/98 [==============================] - 4s 41ms/step - loss: 0.8085 - accuracy: 0.7219 - val_loss: 1.2538 - val_accuracy: 0.5785
Epoch 10/31

 1/98 [..............................] - ETA: 4s - loss: 0.7668 - accuracy: 0.7168
 4/98 [>.............................] - ETA: 2s - loss: 0.7499 - accuracy: 0.7412
 6/98 [>.............................] - ETA: 2s - loss: 0.7489 - accuracy: 0.7451
 9/98 [=>............................] - ETA: 2s - loss: 0.7535 - accuracy: 0.7465
11/98 [==>...........................] - ETA: 2s - loss: 0.7403 - accuracy: 0.7527
