2024-06-25 23:33:45.767130: I tensorflow/core/platform/cpu_feature_guard.cc:193] This TensorFlow binary is optimized with oneAPI Deep Neural Network Library (oneDNN) to use the following CPU instructions in performance-critical operations:  AVX AVX2
To enable them in other operations, rebuild TensorFlow with the appropriate compiler flags.
2024-06-25 23:33:46.388444: I tensorflow/core/common_runtime/gpu/gpu_device.cc:1616] Created device /job:localhost/replica:0/task:0/device:GPU:0 with 6656 MB memory:  -> device: 0, name: NVIDIA GeForce RTX 4060 Ti, pci bus id: 0000:01:00.0, compute capability: 8.9
1 Physical GPUs, 1 Logical GPUs
Model: "sequential"
_________________________________________________________________
 Layer (type)                Output Shape              Param #   
=================================================================
 conv2d (Conv2D)             (None, 32, 32, 32)        896       
                                                                 
 batch_normalization (BatchN  (None, 32, 32, 32)       128       
 ormalization)                                                   
                                                                 
 dropout (Dropout)           (None, 32, 32, 32)        0         
                                                                 
 flatten (Flatten)           (None, 32768)             0         
                                                                 
 dense (Dense)               (None, 42)                1376298   
                                                                 
 dropout_1 (Dropout)         (None, 42)                0         
                                                                 
 dense_1 (Dense)             (None, 10)                430       
                                                                 
=================================================================
Total params: 1,377,752
Trainable params: 1,377,688
Non-trainable params: 64
_________________________________________________________________
Taxa de aprendizado:  0.001 Num de épocas:  31 Tamanho do lote:  512 Dropout:  0.1302
Epoch 1/31
2024-06-25 23:33:47.858770: I tensorflow/stream_executor/cuda/cuda_dnn.cc:384] Loaded cuDNN version 8100
2024-06-25 23:33:48.851861: W tensorflow/stream_executor/gpu/redzone_allocator.cc:314] INTERNAL: ptxas exited with non-zero error code -1, output: 
Relying on driver to perform ptx compilation. 
Modify $PATH to customize ptxas location.
This message will be only logged once.
2024-06-25 23:33:49.747067: I tensorflow/stream_executor/cuda/cuda_blas.cc:1614] TensorFloat-32 will be used for the matrix multiplication. This will only be logged once.

 1/98 [..............................] - ETA: 5:16 - loss: 2.6653 - accuracy: 0.1055
 3/98 [..............................] - ETA: 2s - loss: 3.0964 - accuracy: 0.1634  
 5/98 [>.............................] - ETA: 2s - loss: 2.8943 - accuracy: 0.2012
 7/98 [=>............................] - ETA: 2s - loss: 2.7465 - accuracy: 0.2207
10/98 [==>...........................] - ETA: 2s - loss: 2.5980 - accuracy: 0.2303
12/98 [==>...........................] - ETA: 2s - loss: 2.5381 - accuracy: 0.2324
15/98 [===>..........................] - ETA: 2s - loss: 2.4669 - accuracy: 0.2357
18/98 [====>.........................] - ETA: 2s - loss: 2.4047 - accuracy: 0.2382
21/98 [=====>........................] - ETA: 2s - loss: 2.3538 - accuracy: 0.2444
23/98 [======>.......................] - ETA: 1s - loss: 2.3327 - accuracy: 0.2468
26/98 [======>.......................] - ETA: 1s - loss: 2.2994 - accuracy: 0.2528
29/98 [=======>......................] - ETA: 1s - loss: 2.2703 - accuracy: 0.2541
32/98 [========>.....................] - ETA: 1s - loss: 2.2403 - accuracy: 0.2599
35/98 [=========>....................] - ETA: 1s - loss: 2.2094 - accuracy: 0.2661
38/98 [==========>...................] - ETA: 1s - loss: 2.1876 - accuracy: 0.2707
40/98 [===========>..................] - ETA: 1s - loss: 2.1709 - accuracy: 0.2733
43/98 [============>.................] - ETA: 1s - loss: 2.1494 - accuracy: 0.2773
46/98 [=============>................] - ETA: 1s - loss: 2.1332 - accuracy: 0.2809
49/98 [==============>...............] - ETA: 1s - loss: 2.1175 - accuracy: 0.2835
50/98 [==============>...............] - ETA: 1s - loss: 2.1140 - accuracy: 0.2841
53/98 [===============>..............] - ETA: 1s - loss: 2.0980 - accuracy: 0.2869
56/98 [================>.............] - ETA: 1s - loss: 2.0830 - accuracy: 0.2904
59/98 [=================>............] - ETA: 1s - loss: 2.0708 - accuracy: 0.2929
62/98 [=================>............] - ETA: 0s - loss: 2.0580 - accuracy: 0.2965
65/98 [==================>...........] - ETA: 0s - loss: 2.0454 - accuracy: 0.2998
68/98 [===================>..........] - ETA: 0s - loss: 2.0350 - accuracy: 0.3024
70/98 [====================>.........] - ETA: 0s - loss: 2.0279 - accuracy: 0.3039
72/98 [=====================>........] - ETA: 0s - loss: 2.0218 - accuracy: 0.3050
75/98 [=====================>........] - ETA: 0s - loss: 2.0107 - accuracy: 0.3082
78/98 [======================>.......] - ETA: 0s - loss: 2.0007 - accuracy: 0.3106
81/98 [=======================>......] - ETA: 0s - loss: 1.9893 - accuracy: 0.3137
84/98 [========================>.....] - ETA: 0s - loss: 1.9788 - accuracy: 0.3168
87/98 [=========================>....] - ETA: 0s - loss: 1.9697 - accuracy: 0.3192
90/98 [==========================>...] - ETA: 0s - loss: 1.9607 - accuracy: 0.3212
93/98 [===========================>..] - ETA: 0s - loss: 1.9528 - accuracy: 0.3234
96/98 [============================>.] - ETA: 0s - loss: 1.9431 - accuracy: 0.3260
98/98 [==============================] - 7s 36ms/step - loss: 1.9373 - accuracy: 0.3277 - val_loss: 1.9602 - val_accuracy: 0.2831
Epoch 2/31

 1/98 [..............................] - ETA: 4s - loss: 1.5770 - accuracy: 0.4336
 5/98 [>.............................] - ETA: 1s - loss: 1.6112 - accuracy: 0.4250
 8/98 [=>............................] - ETA: 1s - loss: 1.6178 - accuracy: 0.4255
11/98 [==>...........................] - ETA: 1s - loss: 1.6212 - accuracy: 0.4268
14/98 [===>..........................] - ETA: 1s - loss: 1.6257 - accuracy: 0.4248
17/98 [====>.........................] - ETA: 1s - loss: 1.6174 - accuracy: 0.4270
20/98 [=====>........................] - ETA: 1s - loss: 1.6139 - accuracy: 0.4280
23/98 [======>.......................] - ETA: 1s - loss: 1.6119 - accuracy: 0.4282
26/98 [======>.......................] - ETA: 1s - loss: 1.6036 - accuracy: 0.4316
29/98 [=======>......................] - ETA: 1s - loss: 1.6023 - accuracy: 0.4323
32/98 [========>.....................] - ETA: 1s - loss: 1.5987 - accuracy: 0.4324
35/98 [=========>....................] - ETA: 1s - loss: 1.5939 - accuracy: 0.4335
38/98 [==========>...................] - ETA: 1s - loss: 1.5894 - accuracy: 0.4340
41/98 [===========>..................] - ETA: 1s - loss: 1.5889 - accuracy: 0.4336
44/98 [============>.................] - ETA: 1s - loss: 1.5901 - accuracy: 0.4332
47/98 [=============>................] - ETA: 1s - loss: 1.5859 - accuracy: 0.4334
50/98 [==============>...............] - ETA: 1s - loss: 1.5828 - accuracy: 0.4356
53/98 [===============>..............] - ETA: 1s - loss: 1.5781 - accuracy: 0.4372
56/98 [================>.............] - ETA: 1s - loss: 1.5745 - accuracy: 0.4386
59/98 [=================>............] - ETA: 0s - loss: 1.5700 - accuracy: 0.4403
62/98 [=================>............] - ETA: 0s - loss: 1.5681 - accuracy: 0.4401
65/98 [==================>...........] - ETA: 0s - loss: 1.5648 - accuracy: 0.4414
68/98 [===================>..........] - ETA: 0s - loss: 1.5614 - accuracy: 0.4425
71/98 [====================>.........] - ETA: 0s - loss: 1.5591 - accuracy: 0.4436
74/98 [=====================>........] - ETA: 0s - loss: 1.5570 - accuracy: 0.4443
77/98 [======================>.......] - ETA: 0s - loss: 1.5538 - accuracy: 0.4461
80/98 [=======================>......] - ETA: 0s - loss: 1.5503 - accuracy: 0.4473
83/98 [========================>.....] - ETA: 0s - loss: 1.5487 - accuracy: 0.4478
85/98 [=========================>....] - ETA: 0s - loss: 1.5464 - accuracy: 0.4489
88/98 [=========================>....] - ETA: 0s - loss: 1.5442 - accuracy: 0.4498
91/98 [==========================>...] - ETA: 0s - loss: 1.5401 - accuracy: 0.4511
94/98 [===========================>..] - ETA: 0s - loss: 1.5385 - accuracy: 0.4520
97/98 [============================>.] - ETA: 0s - loss: 1.5359 - accuracy: 0.4532
98/98 [==============================] - 3s 33ms/step - loss: 1.5356 - accuracy: 0.4534 - val_loss: 1.6177 - val_accuracy: 0.4275
Epoch 3/31

 1/98 [..............................] - ETA: 4s - loss: 1.4047 - accuracy: 0.4629
 5/98 [>.............................] - ETA: 1s - loss: 1.3488 - accuracy: 0.5066
 9/98 [=>............................] - ETA: 1s - loss: 1.3393 - accuracy: 0.5171
13/98 [==>...........................] - ETA: 1s - loss: 1.3477 - accuracy: 0.5207
17/98 [====>.........................] - ETA: 1s - loss: 1.3377 - accuracy: 0.5227
21/98 [=====>........................] - ETA: 1s - loss: 1.3478 - accuracy: 0.5180
25/98 [======>.......................] - ETA: 1s - loss: 1.3440 - accuracy: 0.5191
29/98 [=======>......................] - ETA: 1s - loss: 1.3467 - accuracy: 0.5191
32/98 [========>.....................] - ETA: 1s - loss: 1.3471 - accuracy: 0.5197
35/98 [=========>....................] - ETA: 1s - loss: 1.3441 - accuracy: 0.5211
38/98 [==========>...................] - ETA: 1s - loss: 1.3450 - accuracy: 0.5197
42/98 [===========>..................] - ETA: 1s - loss: 1.3418 - accuracy: 0.5208
45/98 [============>.................] - ETA: 1s - loss: 1.3377 - accuracy: 0.5234
48/98 [=============>................] - ETA: 0s - loss: 1.3386 - accuracy: 0.5229
50/98 [==============>...............] - ETA: 0s - loss: 1.3387 - accuracy: 0.5231
53/98 [===============>..............] - ETA: 0s - loss: 1.3354 - accuracy: 0.5242
56/98 [================>.............] - ETA: 0s - loss: 1.3355 - accuracy: 0.5237
59/98 [=================>............] - ETA: 0s - loss: 1.3350 - accuracy: 0.5231
62/98 [=================>............] - ETA: 0s - loss: 1.3336 - accuracy: 0.5234
65/98 [==================>...........] - ETA: 0s - loss: 1.3340 - accuracy: 0.5232
68/98 [===================>..........] - ETA: 0s - loss: 1.3351 - accuracy: 0.5232
71/98 [====================>.........] - ETA: 0s - loss: 1.3331 - accuracy: 0.5238
74/98 [=====================>........] - ETA: 0s - loss: 1.3320 - accuracy: 0.5238
77/98 [======================>.......] - ETA: 0s - loss: 1.3310 - accuracy: 0.5244
80/98 [=======================>......] - ETA: 0s - loss: 1.3302 - accuracy: 0.5247
83/98 [========================>.....] - ETA: 0s - loss: 1.3282 - accuracy: 0.5260
86/98 [=========================>....] - ETA: 0s - loss: 1.3287 - accuracy: 0.5258
89/98 [==========================>...] - ETA: 0s - loss: 1.3287 - accuracy: 0.5261
92/98 [===========================>..] - ETA: 0s - loss: 1.3285 - accuracy: 0.5262
95/98 [============================>.] - ETA: 0s - loss: 1.3277 - accuracy: 0.5266
98/98 [==============================] - ETA: 0s - loss: 1.3268 - accuracy: 0.5271
98/98 [==============================] - 3s 31ms/step - loss: 1.3268 - accuracy: 0.5271 - val_loss: 1.5733 - val_accuracy: 0.4454
Epoch 4/31

 1/98 [..............................] - ETA: 4s - loss: 1.1855 - accuracy: 0.6074
 4/98 [>.............................] - ETA: 2s - loss: 1.1791 - accuracy: 0.5894
 6/98 [>.............................] - ETA: 2s - loss: 1.1794 - accuracy: 0.5915
 9/98 [=>............................] - ETA: 2s - loss: 1.1612 - accuracy: 0.5992
11/98 [==>...........................] - ETA: 2s - loss: 1.1578 - accuracy: 0.5978
14/98 [===>..........................] - ETA: 2s - loss: 1.1673 - accuracy: 0.5942
17/98 [====>.........................] - ETA: 2s - loss: 1.1672 - accuracy: 0.5962
20/98 [=====>........................] - ETA: 2s - loss: 1.1658 - accuracy: 0.5946
22/98 [=====>........................] - ETA: 2s - loss: 1.1603 - accuracy: 0.5957
25/98 [======>.......................] - ETA: 1s - loss: 1.1661 - accuracy: 0.5920
28/98 [=======>......................] - ETA: 1s - loss: 1.1642 - accuracy: 0.5924
31/98 [========>.....................] - ETA: 1s - loss: 1.1609 - accuracy: 0.5948
34/98 [=========>....................] - ETA: 1s - loss: 1.1603 - accuracy: 0.5951
37/98 [==========>...................] - ETA: 1s - loss: 1.1654 - accuracy: 0.5934
41/98 [===========>..................] - ETA: 1s - loss: 1.1613 - accuracy: 0.5947
44/98 [============>.................] - ETA: 1s - loss: 1.1609 - accuracy: 0.5943
47/98 [=============>................] - ETA: 1s - loss: 1.1617 - accuracy: 0.5930
50/98 [==============>...............] - ETA: 1s - loss: 1.1627 - accuracy: 0.5916
54/98 [===============>..............] - ETA: 0s - loss: 1.1650 - accuracy: 0.5902
57/98 [================>.............] - ETA: 0s - loss: 1.1652 - accuracy: 0.5902
60/98 [=================>............] - ETA: 0s - loss: 1.1654 - accuracy: 0.5898
63/98 [==================>...........] - ETA: 0s - loss: 1.1662 - accuracy: 0.5890
67/98 [===================>..........] - ETA: 0s - loss: 1.1654 - accuracy: 0.5899
71/98 [====================>.........] - ETA: 0s - loss: 1.1641 - accuracy: 0.5910
75/98 [=====================>........] - ETA: 0s - loss: 1.1652 - accuracy: 0.5911
77/98 [======================>.......] - ETA: 0s - loss: 1.1654 - accuracy: 0.5911
80/98 [=======================>......] - ETA: 0s - loss: 1.1666 - accuracy: 0.5911
83/98 [========================>.....] - ETA: 0s - loss: 1.1686 - accuracy: 0.5903
86/98 [=========================>....] - ETA: 0s - loss: 1.1685 - accuracy: 0.5902
89/98 [==========================>...] - ETA: 0s - loss: 1.1690 - accuracy: 0.5900
92/98 [===========================>..] - ETA: 0s - loss: 1.1684 - accuracy: 0.5900
95/98 [============================>.] - ETA: 0s - loss: 1.1685 - accuracy: 0.5900
98/98 [==============================] - ETA: 0s - loss: 1.1691 - accuracy: 0.5897
98/98 [==============================] - 3s 31ms/step - loss: 1.1691 - accuracy: 0.5897 - val_loss: 1.3514 - val_accuracy: 0.5186
Epoch 5/31

 1/98 [..............................] - ETA: 4s - loss: 1.0711 - accuracy: 0.6230
 3/98 [..............................] - ETA: 2s - loss: 1.0788 - accuracy: 0.6276
 6/98 [>.............................] - ETA: 2s - loss: 1.0798 - accuracy: 0.6185
 9/98 [=>............................] - ETA: 2s - loss: 1.0630 - accuracy: 0.6283
12/98 [==>...........................] - ETA: 2s - loss: 1.0639 - accuracy: 0.6313
15/98 [===>..........................] - ETA: 2s - loss: 1.0664 - accuracy: 0.6259
18/98 [====>.........................] - ETA: 2s - loss: 1.0696 - accuracy: 0.6240
21/98 [=====>........................] - ETA: 2s - loss: 1.0666 - accuracy: 0.6274
24/98 [======>.......................] - ETA: 1s - loss: 1.0653 - accuracy: 0.6272
27/98 [=======>......................] - ETA: 1s - loss: 1.0614 - accuracy: 0.6296
30/98 [========>.....................] - ETA: 1s - loss: 1.0617 - accuracy: 0.6298
33/98 [=========>....................] - ETA: 1s - loss: 1.0603 - accuracy: 0.6306
36/98 [==========>...................] - ETA: 1s - loss: 1.0590 - accuracy: 0.6313
39/98 [==========>...................] - ETA: 1s - loss: 1.0613 - accuracy: 0.6313
42/98 [===========>..................] - ETA: 1s - loss: 1.0576 - accuracy: 0.6315
45/98 [============>.................] - ETA: 1s - loss: 1.0590 - accuracy: 0.6316
48/98 [=============>................] - ETA: 1s - loss: 1.0611 - accuracy: 0.6302
51/98 [==============>...............] - ETA: 1s - loss: 1.0618 - accuracy: 0.6299
54/98 [===============>..............] - ETA: 1s - loss: 1.0634 - accuracy: 0.6293
57/98 [================>.............] - ETA: 1s - loss: 1.0636 - accuracy: 0.6288
60/98 [=================>............] - ETA: 0s - loss: 1.0617 - accuracy: 0.6299
63/98 [==================>...........] - ETA: 0s - loss: 1.0612 - accuracy: 0.6299
67/98 [===================>..........] - ETA: 0s - loss: 1.0619 - accuracy: 0.6295
70/98 [====================>.........] - ETA: 0s - loss: 1.0633 - accuracy: 0.6288
73/98 [=====================>........] - ETA: 0s - loss: 1.0655 - accuracy: 0.6275
76/98 [======================>.......] - ETA: 0s - loss: 1.0666 - accuracy: 0.6272
80/98 [=======================>......] - ETA: 0s - loss: 1.0669 - accuracy: 0.6266
84/98 [========================>.....] - ETA: 0s - loss: 1.0655 - accuracy: 0.6268
87/98 [=========================>....] - ETA: 0s - loss: 1.0660 - accuracy: 0.6262
90/98 [==========================>...] - ETA: 0s - loss: 1.0670 - accuracy: 0.6258
93/98 [===========================>..] - ETA: 0s - loss: 1.0674 - accuracy: 0.6255
97/98 [============================>.] - ETA: 0s - loss: 1.0696 - accuracy: 0.6245
98/98 [==============================] - 3s 31ms/step - loss: 1.0706 - accuracy: 0.6240 - val_loss: 1.2926 - val_accuracy: 0.5376
Epoch 6/31

 1/98 [..............................] - ETA: 3s - loss: 1.0405 - accuracy: 0.6220
 4/98 [>.............................] - ETA: 2s - loss: 0.9842 - accuracy: 0.6571
 7/98 [=>............................] - ETA: 2s - loss: 0.9740 - accuracy: 0.6614
10/98 [==>...........................] - ETA: 2s - loss: 0.9814 - accuracy: 0.6602
13/98 [==>...........................] - ETA: 2s - loss: 0.9930 - accuracy: 0.6559
16/98 [===>..........................] - ETA: 2s - loss: 0.9942 - accuracy: 0.6546
19/98 [====>.........................] - ETA: 2s - loss: 0.9928 - accuracy: 0.6545
22/98 [=====>........................] - ETA: 1s - loss: 0.9918 - accuracy: 0.6543
25/98 [======>.......................] - ETA: 1s - loss: 0.9935 - accuracy: 0.6532
28/98 [=======>......................] - ETA: 1s - loss: 0.9901 - accuracy: 0.6538
31/98 [========>.....................] - ETA: 1s - loss: 0.9870 - accuracy: 0.6548
34/98 [=========>....................] - ETA: 1s - loss: 0.9876 - accuracy: 0.6542
37/98 [==========>...................] - ETA: 1s - loss: 0.9844 - accuracy: 0.6559
40/98 [===========>..................] - ETA: 1s - loss: 0.9832 - accuracy: 0.6568
43/98 [============>.................] - ETA: 1s - loss: 0.9846 - accuracy: 0.6560
46/98 [=============>................] - ETA: 1s - loss: 0.9864 - accuracy: 0.6555
49/98 [==============>...............] - ETA: 1s - loss: 0.9889 - accuracy: 0.6547
52/98 [==============>...............] - ETA: 1s - loss: 0.9879 - accuracy: 0.6552
55/98 [===============>..............] - ETA: 1s - loss: 0.9882 - accuracy: 0.6554
58/98 [================>.............] - ETA: 1s - loss: 0.9885 - accuracy: 0.6555
61/98 [=================>............] - ETA: 0s - loss: 0.9909 - accuracy: 0.6543
64/98 [==================>...........] - ETA: 0s - loss: 0.9909 - accuracy: 0.6544
67/98 [===================>..........] - ETA: 0s - loss: 0.9919 - accuracy: 0.6534
69/98 [====================>.........] - ETA: 0s - loss: 0.9912 - accuracy: 0.6539
72/98 [=====================>........] - ETA: 0s - loss: 0.9887 - accuracy: 0.6547
75/98 [=====================>........] - ETA: 0s - loss: 0.9899 - accuracy: 0.6538
78/98 [======================>.......] - ETA: 0s - loss: 0.9894 - accuracy: 0.6537
81/98 [=======================>......] - ETA: 0s - loss: 0.9872 - accuracy: 0.6542
84/98 [========================>.....] - ETA: 0s - loss: 0.9867 - accuracy: 0.6544
87/98 [=========================>....] - ETA: 0s - loss: 0.9885 - accuracy: 0.6539
90/98 [==========================>...] - ETA: 0s - loss: 0.9880 - accuracy: 0.6541
94/98 [===========================>..] - ETA: 0s - loss: 0.9869 - accuracy: 0.6549
97/98 [============================>.] - ETA: 0s - loss: 0.9852 - accuracy: 0.6554
98/98 [==============================] - 3s 31ms/step - loss: 0.9858 - accuracy: 0.6550 - val_loss: 1.1938 - val_accuracy: 0.5727
Epoch 7/31

 1/98 [..............................] - ETA: 3s - loss: 0.8524 - accuracy: 0.7188
 3/98 [..............................] - ETA: 2s - loss: 0.8538 - accuracy: 0.7116
 6/98 [>.............................] - ETA: 2s - loss: 0.8805 - accuracy: 0.7031
 9/98 [=>............................] - ETA: 2s - loss: 0.8815 - accuracy: 0.7012
12/98 [==>...........................] - ETA: 2s - loss: 0.8877 - accuracy: 0.6976
15/98 [===>..........................] - ETA: 2s - loss: 0.8821 - accuracy: 0.6991
18/98 [====>.........................] - ETA: 2s - loss: 0.8851 - accuracy: 0.6976
21/98 [=====>........................] - ETA: 2s - loss: 0.8888 - accuracy: 0.6962
24/98 [======>.......................] - ETA: 1s - loss: 0.8922 - accuracy: 0.6949
27/98 [=======>......................] - ETA: 1s - loss: 0.8894 - accuracy: 0.6955
30/98 [========>.....................] - ETA: 1s - loss: 0.8910 - accuracy: 0.6949
33/98 [=========>....................] - ETA: 1s - loss: 0.8931 - accuracy: 0.6934
35/98 [=========>....................] - ETA: 1s - loss: 0.8905 - accuracy: 0.6938
38/98 [==========>...................] - ETA: 1s - loss: 0.8947 - accuracy: 0.6920
41/98 [===========>..................] - ETA: 1s - loss: 0.8944 - accuracy: 0.6919
44/98 [============>.................] - ETA: 1s - loss: 0.8929 - accuracy: 0.6926
47/98 [=============>................] - ETA: 1s - loss: 0.8916 - accuracy: 0.6930
50/98 [==============>...............] - ETA: 1s - loss: 0.8942 - accuracy: 0.6922
53/98 [===============>..............] - ETA: 1s - loss: 0.8982 - accuracy: 0.6907
56/98 [================>.............] - ETA: 1s - loss: 0.8974 - accuracy: 0.6916
59/98 [=================>............] - ETA: 1s - loss: 0.8994 - accuracy: 0.6906
62/98 [=================>............] - ETA: 0s - loss: 0.8996 - accuracy: 0.6906
65/98 [==================>...........] - ETA: 0s - loss: 0.8997 - accuracy: 0.6905
68/98 [===================>..........] - ETA: 0s - loss: 0.9014 - accuracy: 0.6899
71/98 [====================>.........] - ETA: 0s - loss: 0.8996 - accuracy: 0.6905
74/98 [=====================>........] - ETA: 0s - loss: 0.9019 - accuracy: 0.6896
77/98 [======================>.......] - ETA: 0s - loss: 0.9024 - accuracy: 0.6893
80/98 [=======================>......] - ETA: 0s - loss: 0.9024 - accuracy: 0.6891
83/98 [========================>.....] - ETA: 0s - loss: 0.9046 - accuracy: 0.6882
85/98 [=========================>....] - ETA: 0s - loss: 0.9045 - accuracy: 0.6879
88/98 [=========================>....] - ETA: 0s - loss: 0.9059 - accuracy: 0.6874
91/98 [==========================>...] - ETA: 0s - loss: 0.9083 - accuracy: 0.6867
94/98 [===========================>..] - ETA: 0s - loss: 0.9099 - accuracy: 0.6858
97/98 [============================>.] - ETA: 0s - loss: 0.9104 - accuracy: 0.6861
98/98 [==============================] - 3s 33ms/step - loss: 0.9105 - accuracy: 0.6860 - val_loss: 1.2184 - val_accuracy: 0.5671
Epoch 8/31

 1/98 [..............................] - ETA: 4s - loss: 0.8515 - accuracy: 0.7012
 5/98 [>.............................] - ETA: 1s - loss: 0.8226 - accuracy: 0.7297
 9/98 [=>............................] - ETA: 1s - loss: 0.8260 - accuracy: 0.7216
12/98 [==>...........................] - ETA: 1s - loss: 0.8183 - accuracy: 0.7236
16/98 [===>..........................] - ETA: 1s - loss: 0.8262 - accuracy: 0.7185
20/98 [=====>........................] - ETA: 1s - loss: 0.8257 - accuracy: 0.7192
23/98 [======>.......................] - ETA: 1s - loss: 0.8311 - accuracy: 0.7179
27/98 [=======>......................] - ETA: 1s - loss: 0.8346 - accuracy: 0.7151
30/98 [========>.....................] - ETA: 1s - loss: 0.8333 - accuracy: 0.7158
33/98 [=========>....................] - ETA: 1s - loss: 0.8316 - accuracy: 0.7173
36/98 [==========>...................] - ETA: 1s - loss: 0.8300 - accuracy: 0.7176
39/98 [==========>...................] - ETA: 1s - loss: 0.8316 - accuracy: 0.7164
40/98 [===========>..................] - ETA: 1s - loss: 0.8329 - accuracy: 0.7166
42/98 [===========>..................] - ETA: 1s - loss: 0.8308 - accuracy: 0.7176
45/98 [============>.................] - ETA: 1s - loss: 0.8301 - accuracy: 0.7171
48/98 [=============>................] - ETA: 1s - loss: 0.8292 - accuracy: 0.7168
51/98 [==============>...............] - ETA: 1s - loss: 0.8307 - accuracy: 0.7160
54/98 [===============>..............] - ETA: 1s - loss: 0.8315 - accuracy: 0.7156
57/98 [================>.............] - ETA: 0s - loss: 0.8326 - accuracy: 0.7153
60/98 [=================>............] - ETA: 0s - loss: 0.8341 - accuracy: 0.7142
63/98 [==================>...........] - ETA: 0s - loss: 0.8336 - accuracy: 0.7149
66/98 [===================>..........] - ETA: 0s - loss: 0.8361 - accuracy: 0.7138
69/98 [====================>.........] - ETA: 0s - loss: 0.8371 - accuracy: 0.7135
72/98 [=====================>........] - ETA: 0s - loss: 0.8377 - accuracy: 0.7134
75/98 [=====================>........] - ETA: 0s - loss: 0.8394 - accuracy: 0.7126
78/98 [======================>.......] - ETA: 0s - loss: 0.8393 - accuracy: 0.7118
81/98 [=======================>......] - ETA: 0s - loss: 0.8408 - accuracy: 0.7112
84/98 [========================>.....] - ETA: 0s - loss: 0.8421 - accuracy: 0.7106
87/98 [=========================>....] - ETA: 0s - loss: 0.8431 - accuracy: 0.7099
89/98 [==========================>...] - ETA: 0s - loss: 0.8445 - accuracy: 0.7094
92/98 [===========================>..] - ETA: 0s - loss: 0.8455 - accuracy: 0.7085
95/98 [============================>.] - ETA: 0s - loss: 0.8456 - accuracy: 0.7085
98/98 [==============================] - ETA: 0s - loss: 0.8467 - accuracy: 0.7076
98/98 [==============================] - 3s 33ms/step - loss: 0.8467 - accuracy: 0.7076 - val_loss: 1.2354 - val_accuracy: 0.5724
Epoch 9/31

 1/98 [..............................] - ETA: 4s - loss: 0.7405 - accuracy: 0.7500
 3/98 [..............................] - ETA: 2s - loss: 0.7581 - accuracy: 0.7467
 6/98 [>.............................] - ETA: 2s - loss: 0.7463 - accuracy: 0.7507
 9/98 [=>............................] - ETA: 2s - loss: 0.7487 - accuracy: 0.7474
13/98 [==>...........................] - ETA: 1s - loss: 0.7521 - accuracy: 0.7458
17/98 [====>.........................] - ETA: 1s - loss: 0.7508 - accuracy: 0.7449
21/98 [=====>........................] - ETA: 1s - loss: 0.7547 - accuracy: 0.7426
25/98 [======>.......................] - ETA: 1s - loss: 0.7545 - accuracy: 0.7403
28/98 [=======>......................] - ETA: 1s - loss: 0.7594 - accuracy: 0.7390
31/98 [========>.....................] - ETA: 1s - loss: 0.7607 - accuracy: 0.7399
34/98 [=========>....................] - ETA: 1s - loss: 0.7580 - accuracy: 0.7409
38/98 [==========>...................] - ETA: 1s - loss: 0.7651 - accuracy: 0.7376
42/98 [===========>..................] - ETA: 1s - loss: 0.7690 - accuracy: 0.7357
45/98 [============>.................] - ETA: 1s - loss: 0.7697 - accuracy: 0.7357
48/98 [=============>................] - ETA: 0s - loss: 0.7680 - accuracy: 0.7369
51/98 [==============>...............] - ETA: 0s - loss: 0.7695 - accuracy: 0.7364
55/98 [===============>..............] - ETA: 0s - loss: 0.7703 - accuracy: 0.7359
58/98 [================>.............] - ETA: 0s - loss: 0.7706 - accuracy: 0.7358
60/98 [=================>............] - ETA: 0s - loss: 0.7714 - accuracy: 0.7354
63/98 [==================>...........] - ETA: 0s - loss: 0.7718 - accuracy: 0.7349
66/98 [===================>..........] - ETA: 0s - loss: 0.7721 - accuracy: 0.7345
69/98 [====================>.........] - ETA: 0s - loss: 0.7726 - accuracy: 0.7341
72/98 [=====================>........] - ETA: 0s - loss: 0.7747 - accuracy: 0.7333
75/98 [=====================>........] - ETA: 0s - loss: 0.7762 - accuracy: 0.7330
78/98 [======================>.......] - ETA: 0s - loss: 0.7767 - accuracy: 0.7330
81/98 [=======================>......] - ETA: 0s - loss: 0.7783 - accuracy: 0.7321
84/98 [========================>.....] - ETA: 0s - loss: 0.7782 - accuracy: 0.7316
87/98 [=========================>....] - ETA: 0s - loss: 0.7801 - accuracy: 0.7308
90/98 [==========================>...] - ETA: 0s - loss: 0.7813 - accuracy: 0.7302
93/98 [===========================>..] - ETA: 0s - loss: 0.7833 - accuracy: 0.7293
96/98 [============================>.] - ETA: 0s - loss: 0.7835 - accuracy: 0.7291
98/98 [==============================] - 3s 31ms/step - loss: 0.7843 - accuracy: 0.7287 - val_loss: 1.3116 - val_accuracy: 0.5544
Epoch 10/31

 1/98 [..............................] - ETA: 3s - loss: 0.7510 - accuracy: 0.7520
 3/98 [..............................] - ETA: 2s - loss: 0.7420 - accuracy: 0.7480
 6/98 [>.............................] - ETA: 2s - loss: 0.7277 - accuracy: 0.7520
 9/98 [=>............................] - ETA: 2s - loss: 0.7249 - accuracy: 0.7517
12/98 [==>...........................] - ETA: 2s - loss: 0.7090 - accuracy: 0.7559
15/98 [===>..........................] - ETA: 2s - loss: 0.7188 - accuracy: 0.7548
18/98 [====>.........................] - ETA: 2s - loss: 0.7242 - accuracy: 0.7509
21/98 [=====>........................] - ETA: 1s - loss: 0.7166 - accuracy: 0.7552
24/98 [======>.......................] - ETA: 1s - loss: 0.7143 - accuracy: 0.7559
27/98 [=======>......................] - ETA: 1s - loss: 0.7133 - accuracy: 0.7554
30/98 [========>.....................] - ETA: 1s - loss: 0.7102 - accuracy: 0.7551
32/98 [========>.....................] - ETA: 1s - loss: 0.7119 - accuracy: 0.7551
35/98 [=========>....................] - ETA: 1s - loss: 0.7106 - accuracy: 0.7560
39/98 [==========>...................] - ETA: 1s - loss: 0.7131 - accuracy: 0.7543
42/98 [===========>..................] - ETA: 1s - loss: 0.7150 - accuracy: 0.7540
46/98 [=============>................] - ETA: 1s - loss: 0.7166 - accuracy: 0.7542
50/98 [==============>...............] - ETA: 1s - loss: 0.7182 - accuracy: 0.7538
54/98 [===============>..............] - ETA: 1s - loss: 0.7192 - accuracy: 0.7532
57/98 [================>.............] - ETA: 0s - loss: 0.7200 - accuracy: 0.7526
60/98 [=================>............] - ETA: 0s - loss: 0.7193 - accuracy: 0.7526
63/98 [==================>...........] - ETA: 0s - loss: 0.7198 - accuracy: 0.7524
67/98 [===================>..........] - ETA: 0s - loss: 0.7194 - accuracy: 0.7524
71/98 [====================>.........] - ETA: 0s - loss: 0.7213 - accuracy: 0.7514
74/98 [=====================>........] - ETA: 0s - loss: 0.7221 - accuracy: 0.7512
77/98 [======================>.......] - ETA: 0s - loss: 0.7242 - accuracy: 0.7512
80/98 [=======================>......] - ETA: 0s - loss: 0.7262 - accuracy: 0.7506
84/98 [========================>.....] - ETA: 0s - loss: 0.7269 - accuracy: 0.7501
86/98 [=========================>....] - ETA: 0s - loss: 0.7279 - accuracy: 0.7500
89/98 [==========================>...] - ETA: 0s - loss: 0.7308 - accuracy: 0.7489
92/98 [===========================>..] - ETA: 0s - loss: 0.7309 - accuracy: 0.7490
95/98 [============================>.] - ETA: 0s - loss: 0.7322 - accuracy: 0.7485
98/98 [==============================] - ETA: 0s - loss: 0.7349 - accuracy: 0.7475
98/98 [==============================] - 3s 31ms/step - loss: 0.7349 - accuracy: 0.7475 - val_loss: 1.2606 - val_accuracy: 0.5683
Epoch 11/31

 1/98 [..............................] - ETA: 4s - loss: 0.6630 - accuracy: 0.7715
 4/98 [>.............................] - ETA: 2s - loss: 0.6583 - accuracy: 0.7803
 7/98 [=>............................] - ETA: 2s - loss: 0.6534 - accuracy: 0.7838
10/98 [==>...........................] - ETA: 2s - loss: 0.6565 - accuracy: 0.7824
13/98 [==>...........................] - ETA: 2s - loss: 0.6598 - accuracy: 0.7805
16/98 [===>..........................] - ETA: 2s - loss: 0.6634 - accuracy: 0.7767
19/98 [====>.........................] - ETA: 2s - loss: 0.6606 - accuracy: 0.7782
22/98 [=====>........................] - ETA: 1s - loss: 0.6696 - accuracy: 0.7759
25/98 [======>.......................] - ETA: 1s - loss: 0.6673 - accuracy: 0.7738
28/98 [=======>......................] - ETA: 1s - loss: 0.6641 - accuracy: 0.7746
31/98 [========>.....................] - ETA: 1s - loss: 0.6610 - accuracy: 0.7755
34/98 [=========>....................] - ETA: 1s - loss: 0.6602 - accuracy: 0.7745
37/98 [==========>...................] - ETA: 1s - loss: 0.6619 - accuracy: 0.7732
40/98 [===========>..................] - ETA: 1s - loss: 0.6592 - accuracy: 0.7738
43/98 [============>.................] - ETA: 1s - loss: 0.6617 - accuracy: 0.7719
45/98 [============>.................] - ETA: 1s - loss: 0.6638 - accuracy: 0.7711
48/98 [=============>................] - ETA: 1s - loss: 0.6633 - accuracy: 0.7712
51/98 [==============>...............] - ETA: 1s - loss: 0.6656 - accuracy: 0.7707
54/98 [===============>..............] - ETA: 1s - loss: 0.6669 - accuracy: 0.7706
57/98 [================>.............] - ETA: 1s - loss: 0.6679 - accuracy: 0.7700
59/98 [=================>............] - ETA: 1s - loss: 0.6675 - accuracy: 0.7696
62/98 [=================>............] - ETA: 0s - loss: 0.6696 - accuracy: 0.7692
65/98 [==================>...........] - ETA: 0s - loss: 0.6712 - accuracy: 0.7686
68/98 [===================>..........] - ETA: 0s - loss: 0.6712 - accuracy: 0.7684
71/98 [====================>.........] - ETA: 0s - loss: 0.6721 - accuracy: 0.7683
75/98 [=====================>........] - ETA: 0s - loss: 0.6750 - accuracy: 0.7667
79/98 [=======================>......] - ETA: 0s - loss: 0.6776 - accuracy: 0.7661
83/98 [========================>.....] - ETA: 0s - loss: 0.6780 - accuracy: 0.7658
87/98 [=========================>....] - ETA: 0s - loss: 0.6801 - accuracy: 0.7651
91/98 [==========================>...] - ETA: 0s - loss: 0.6831 - accuracy: 0.7639
95/98 [============================>.] - ETA: 0s - loss: 0.6842 - accuracy: 0.7637
98/98 [==============================] - 3s 31ms/step - loss: 0.6844 - accuracy: 0.7640 - val_loss: 1.2343 - val_accuracy: 0.5808
Epoch 11: early stopping

  1/313 [..............................] - ETA: 4s - loss: 0.7149 - accuracy: 0.6875
 21/313 [=>............................] - ETA: 0s - loss: 1.2450 - accuracy: 0.5744
 45/313 [===>..........................] - ETA: 0s - loss: 1.2185 - accuracy: 0.5806
 70/313 [=====>........................] - ETA: 0s - loss: 1.2141 - accuracy: 0.5826
 95/313 [========>.....................] - ETA: 0s - loss: 1.2390 - accuracy: 0.5803
119/313 [==========>...................] - ETA: 0s - loss: 1.2456 - accuracy: 0.5838
143/313 [============>.................] - ETA: 0s - loss: 1.2325 - accuracy: 0.5878
167/313 [===============>..............] - ETA: 0s - loss: 1.2232 - accuracy: 0.5900
191/313 [=================>............] - ETA: 0s - loss: 1.2260 - accuracy: 0.5846
216/313 [===================>..........] - ETA: 0s - loss: 1.2274 - accuracy: 0.5813
239/313 [=====================>........] - ETA: 0s - loss: 1.2288 - accuracy: 0.5820
263/313 [========================>.....] - ETA: 0s - loss: 1.2300 - accuracy: 0.5823
286/313 [==========================>...] - ETA: 0s - loss: 1.2305 - accuracy: 0.5817
311/313 [============================>.] - ETA: 0s - loss: 1.2336 - accuracy: 0.5812
313/313 [==============================] - 1s 3ms/step - loss: 1.2343 - accuracy: 0.5808
