2024-06-26 00:47:32.856380: I tensorflow/core/platform/cpu_feature_guard.cc:193] This TensorFlow binary is optimized with oneAPI Deep Neural Network Library (oneDNN) to use the following CPU instructions in performance-critical operations:  AVX AVX2
To enable them in other operations, rebuild TensorFlow with the appropriate compiler flags.
2024-06-26 00:47:33.539420: I tensorflow/core/common_runtime/gpu/gpu_device.cc:1616] Created device /job:localhost/replica:0/task:0/device:GPU:0 with 6656 MB memory:  -> device: 0, name: NVIDIA GeForce RTX 4060 Ti, pci bus id: 0000:01:00.0, compute capability: 8.9
1 Physical GPUs, 1 Logical GPUs
Model: "sequential"
_________________________________________________________________
 Layer (type)                Output Shape              Param #   
=================================================================
 conv2d (Conv2D)             (None, 32, 32, 32)        896       
                                                                 
 batch_normalization (BatchN  (None, 32, 32, 32)       128       
 ormalization)                                                   
                                                                 
 dropout (Dropout)           (None, 32, 32, 32)        0         
                                                                 
 flatten (Flatten)           (None, 32768)             0         
                                                                 
 dense (Dense)               (None, 42)                1376298   
                                                                 
 dropout_1 (Dropout)         (None, 42)                0         
                                                                 
 dense_1 (Dense)             (None, 10)                430       
                                                                 
=================================================================
Total params: 1,377,752
Trainable params: 1,377,688
Non-trainable params: 64
_________________________________________________________________
Taxa de aprendizado:  0.001 Num de épocas:  31 Tamanho do lote:  512 Dropout:  0.1302
Epoch 1/31
2024-06-26 00:47:34.951596: I tensorflow/stream_executor/cuda/cuda_dnn.cc:384] Loaded cuDNN version 8100
2024-06-26 00:47:36.019540: W tensorflow/stream_executor/gpu/redzone_allocator.cc:314] INTERNAL: ptxas exited with non-zero error code -1, output: 
Relying on driver to perform ptx compilation. 
Modify $PATH to customize ptxas location.
This message will be only logged once.
2024-06-26 00:47:37.011990: I tensorflow/stream_executor/cuda/cuda_blas.cc:1614] TensorFloat-32 will be used for the matrix multiplication. This will only be logged once.

 1/98 [..............................] - ETA: 5:27 - loss: 2.6584 - accuracy: 0.1094
 4/98 [>.............................] - ETA: 1s - loss: 2.9408 - accuracy: 0.1816  
 5/98 [>.............................] - ETA: 2s - loss: 2.8922 - accuracy: 0.1900
 9/98 [=>............................] - ETA: 2s - loss: 2.6598 - accuracy: 0.2132
13/98 [==>...........................] - ETA: 1s - loss: 2.5188 - accuracy: 0.2295
17/98 [====>.........................] - ETA: 1s - loss: 2.4195 - accuracy: 0.2371
21/98 [=====>........................] - ETA: 1s - loss: 2.3454 - accuracy: 0.2469
25/98 [======>.......................] - ETA: 1s - loss: 2.2959 - accuracy: 0.2529
28/98 [=======>......................] - ETA: 1s - loss: 2.2598 - accuracy: 0.2588
32/98 [========>.....................] - ETA: 1s - loss: 2.2184 - accuracy: 0.2668
35/98 [=========>....................] - ETA: 1s - loss: 2.1950 - accuracy: 0.2723
38/98 [==========>...................] - ETA: 1s - loss: 2.1718 - accuracy: 0.2781
41/98 [===========>..................] - ETA: 1s - loss: 2.1526 - accuracy: 0.2819
44/98 [============>.................] - ETA: 1s - loss: 2.1338 - accuracy: 0.2855
47/98 [=============>................] - ETA: 1s - loss: 2.1171 - accuracy: 0.2875
50/98 [==============>...............] - ETA: 1s - loss: 2.1010 - accuracy: 0.2906
53/98 [===============>..............] - ETA: 1s - loss: 2.0850 - accuracy: 0.2931
56/98 [================>.............] - ETA: 0s - loss: 2.0707 - accuracy: 0.2959
59/98 [=================>............] - ETA: 0s - loss: 2.0576 - accuracy: 0.2986
62/98 [=================>............] - ETA: 0s - loss: 2.0438 - accuracy: 0.3018
65/98 [==================>...........] - ETA: 0s - loss: 2.0288 - accuracy: 0.3055
68/98 [===================>..........] - ETA: 0s - loss: 2.0176 - accuracy: 0.3080
71/98 [====================>.........] - ETA: 0s - loss: 2.0067 - accuracy: 0.3107
74/98 [=====================>........] - ETA: 0s - loss: 1.9949 - accuracy: 0.3143
77/98 [======================>.......] - ETA: 0s - loss: 1.9860 - accuracy: 0.3162
80/98 [=======================>......] - ETA: 0s - loss: 1.9774 - accuracy: 0.3186
83/98 [========================>.....] - ETA: 0s - loss: 1.9669 - accuracy: 0.3217
85/98 [=========================>....] - ETA: 0s - loss: 1.9605 - accuracy: 0.3234
88/98 [=========================>....] - ETA: 0s - loss: 1.9495 - accuracy: 0.3266
90/98 [==========================>...] - ETA: 0s - loss: 1.9438 - accuracy: 0.3282
92/98 [===========================>..] - ETA: 0s - loss: 1.9375 - accuracy: 0.3299
95/98 [============================>.] - ETA: 0s - loss: 1.9272 - accuracy: 0.3332
98/98 [==============================] - ETA: 0s - loss: 1.9186 - accuracy: 0.3358
98/98 [==============================] - 7s 35ms/step - loss: 1.9186 - accuracy: 0.3358 - val_loss: 1.9313 - val_accuracy: 0.3253
Epoch 2/31

 1/98 [..............................] - ETA: 4s - loss: 1.5739 - accuracy: 0.4199
 5/98 [>.............................] - ETA: 1s - loss: 1.6103 - accuracy: 0.4160
 8/98 [=>............................] - ETA: 1s - loss: 1.6034 - accuracy: 0.4233
11/98 [==>...........................] - ETA: 1s - loss: 1.5896 - accuracy: 0.4286
14/98 [===>..........................] - ETA: 1s - loss: 1.5972 - accuracy: 0.4308
18/98 [====>.........................] - ETA: 1s - loss: 1.5958 - accuracy: 0.4315
21/98 [=====>........................] - ETA: 1s - loss: 1.5858 - accuracy: 0.4349
24/98 [======>.......................] - ETA: 1s - loss: 1.5846 - accuracy: 0.4346
27/98 [=======>......................] - ETA: 1s - loss: 1.5781 - accuracy: 0.4361
30/98 [========>.....................] - ETA: 1s - loss: 1.5775 - accuracy: 0.4365
34/98 [=========>....................] - ETA: 1s - loss: 1.5713 - accuracy: 0.4407
37/98 [==========>...................] - ETA: 1s - loss: 1.5701 - accuracy: 0.4414
40/98 [===========>..................] - ETA: 1s - loss: 1.5682 - accuracy: 0.4428
43/98 [============>.................] - ETA: 1s - loss: 1.5631 - accuracy: 0.4451
46/98 [=============>................] - ETA: 0s - loss: 1.5569 - accuracy: 0.4472
49/98 [==============>...............] - ETA: 0s - loss: 1.5524 - accuracy: 0.4484
52/98 [==============>...............] - ETA: 0s - loss: 1.5488 - accuracy: 0.4503
55/98 [===============>..............] - ETA: 0s - loss: 1.5436 - accuracy: 0.4517
58/98 [================>.............] - ETA: 0s - loss: 1.5410 - accuracy: 0.4521
61/98 [=================>............] - ETA: 0s - loss: 1.5403 - accuracy: 0.4533
63/98 [==================>...........] - ETA: 0s - loss: 1.5372 - accuracy: 0.4548
66/98 [===================>..........] - ETA: 0s - loss: 1.5349 - accuracy: 0.4558
69/98 [====================>.........] - ETA: 0s - loss: 1.5320 - accuracy: 0.4556
72/98 [=====================>........] - ETA: 0s - loss: 1.5299 - accuracy: 0.4563
75/98 [=====================>........] - ETA: 0s - loss: 1.5273 - accuracy: 0.4575
78/98 [======================>.......] - ETA: 0s - loss: 1.5257 - accuracy: 0.4575
81/98 [=======================>......] - ETA: 0s - loss: 1.5215 - accuracy: 0.4584
84/98 [========================>.....] - ETA: 0s - loss: 1.5186 - accuracy: 0.4592
87/98 [=========================>....] - ETA: 0s - loss: 1.5156 - accuracy: 0.4601
90/98 [==========================>...] - ETA: 0s - loss: 1.5124 - accuracy: 0.4609
93/98 [===========================>..] - ETA: 0s - loss: 1.5093 - accuracy: 0.4624
96/98 [============================>.] - ETA: 0s - loss: 1.5088 - accuracy: 0.4622
98/98 [==============================] - 3s 31ms/step - loss: 1.5072 - accuracy: 0.4628 - val_loss: 1.8156 - val_accuracy: 0.3742
Epoch 3/31

 1/98 [..............................] - ETA: 4s - loss: 1.3461 - accuracy: 0.5078
 3/98 [..............................] - ETA: 2s - loss: 1.3715 - accuracy: 0.5176
 6/98 [>.............................] - ETA: 2s - loss: 1.3663 - accuracy: 0.5146
 9/98 [=>............................] - ETA: 2s - loss: 1.3649 - accuracy: 0.5098
12/98 [==>...........................] - ETA: 2s - loss: 1.3540 - accuracy: 0.5163
15/98 [===>..........................] - ETA: 2s - loss: 1.3536 - accuracy: 0.5161
18/98 [====>.........................] - ETA: 2s - loss: 1.3507 - accuracy: 0.5160
20/98 [=====>........................] - ETA: 2s - loss: 1.3495 - accuracy: 0.5161
23/98 [======>.......................] - ETA: 1s - loss: 1.3471 - accuracy: 0.5178
26/98 [======>.......................] - ETA: 1s - loss: 1.3431 - accuracy: 0.5215
30/98 [========>.....................] - ETA: 1s - loss: 1.3376 - accuracy: 0.5221
34/98 [=========>....................] - ETA: 1s - loss: 1.3405 - accuracy: 0.5215
38/98 [==========>...................] - ETA: 1s - loss: 1.3367 - accuracy: 0.5220
42/98 [===========>..................] - ETA: 1s - loss: 1.3371 - accuracy: 0.5221
45/98 [============>.................] - ETA: 1s - loss: 1.3342 - accuracy: 0.5234
48/98 [=============>................] - ETA: 1s - loss: 1.3370 - accuracy: 0.5222
51/98 [==============>...............] - ETA: 1s - loss: 1.3378 - accuracy: 0.5220
55/98 [===============>..............] - ETA: 0s - loss: 1.3351 - accuracy: 0.5235
58/98 [================>.............] - ETA: 0s - loss: 1.3346 - accuracy: 0.5240
61/98 [=================>............] - ETA: 0s - loss: 1.3358 - accuracy: 0.5234
64/98 [==================>...........] - ETA: 0s - loss: 1.3347 - accuracy: 0.5239
68/98 [===================>..........] - ETA: 0s - loss: 1.3344 - accuracy: 0.5244
71/98 [====================>.........] - ETA: 0s - loss: 1.3341 - accuracy: 0.5244
74/98 [=====================>........] - ETA: 0s - loss: 1.3339 - accuracy: 0.5242
77/98 [======================>.......] - ETA: 0s - loss: 1.3308 - accuracy: 0.5251
81/98 [=======================>......] - ETA: 0s - loss: 1.3311 - accuracy: 0.5254
84/98 [========================>.....] - ETA: 0s - loss: 1.3314 - accuracy: 0.5256
87/98 [=========================>....] - ETA: 0s - loss: 1.3304 - accuracy: 0.5261
90/98 [==========================>...] - ETA: 0s - loss: 1.3283 - accuracy: 0.5267
93/98 [===========================>..] - ETA: 0s - loss: 1.3267 - accuracy: 0.5274
96/98 [============================>.] - ETA: 0s - loss: 1.3252 - accuracy: 0.5275
98/98 [==============================] - 3s 31ms/step - loss: 1.3240 - accuracy: 0.5277 - val_loss: 1.5524 - val_accuracy: 0.4372
Epoch 4/31

 1/98 [..............................] - ETA: 3s - loss: 1.1656 - accuracy: 0.5918
 3/98 [..............................] - ETA: 2s - loss: 1.2038 - accuracy: 0.5749
 6/98 [>.............................] - ETA: 2s - loss: 1.1967 - accuracy: 0.5811
 9/98 [=>............................] - ETA: 2s - loss: 1.1932 - accuracy: 0.5838
12/98 [==>...........................] - ETA: 2s - loss: 1.1908 - accuracy: 0.5850
14/98 [===>..........................] - ETA: 2s - loss: 1.1882 - accuracy: 0.5866
17/98 [====>.........................] - ETA: 2s - loss: 1.1926 - accuracy: 0.5848
20/98 [=====>........................] - ETA: 2s - loss: 1.1969 - accuracy: 0.5821
22/98 [=====>........................] - ETA: 2s - loss: 1.1971 - accuracy: 0.5803
25/98 [======>.......................] - ETA: 1s - loss: 1.1944 - accuracy: 0.5813
27/98 [=======>......................] - ETA: 1s - loss: 1.1968 - accuracy: 0.5813
30/98 [========>.....................] - ETA: 1s - loss: 1.1927 - accuracy: 0.5827
33/98 [=========>....................] - ETA: 1s - loss: 1.1951 - accuracy: 0.5820
36/98 [==========>...................] - ETA: 1s - loss: 1.1963 - accuracy: 0.5818
39/98 [==========>...................] - ETA: 1s - loss: 1.1966 - accuracy: 0.5807
42/98 [===========>..................] - ETA: 1s - loss: 1.1984 - accuracy: 0.5797
45/98 [============>.................] - ETA: 1s - loss: 1.1945 - accuracy: 0.5799
48/98 [=============>................] - ETA: 1s - loss: 1.1940 - accuracy: 0.5804
51/98 [==============>...............] - ETA: 1s - loss: 1.1932 - accuracy: 0.5805
54/98 [===============>..............] - ETA: 1s - loss: 1.1927 - accuracy: 0.5806
57/98 [================>.............] - ETA: 1s - loss: 1.1937 - accuracy: 0.5802
60/98 [=================>............] - ETA: 0s - loss: 1.1936 - accuracy: 0.5803
63/98 [==================>...........] - ETA: 0s - loss: 1.1940 - accuracy: 0.5798
66/98 [===================>..........] - ETA: 0s - loss: 1.1948 - accuracy: 0.5793
70/98 [====================>.........] - ETA: 0s - loss: 1.1934 - accuracy: 0.5794
73/98 [=====================>........] - ETA: 0s - loss: 1.1933 - accuracy: 0.5795
76/98 [======================>.......] - ETA: 0s - loss: 1.1953 - accuracy: 0.5788
79/98 [=======================>......] - ETA: 0s - loss: 1.1950 - accuracy: 0.5782
83/98 [========================>.....] - ETA: 0s - loss: 1.1939 - accuracy: 0.5788
86/98 [=========================>....] - ETA: 0s - loss: 1.1922 - accuracy: 0.5795
90/98 [==========================>...] - ETA: 0s - loss: 1.1901 - accuracy: 0.5805
93/98 [===========================>..] - ETA: 0s - loss: 1.1892 - accuracy: 0.5808
96/98 [============================>.] - ETA: 0s - loss: 1.1889 - accuracy: 0.5807
98/98 [==============================] - 3s 31ms/step - loss: 1.1891 - accuracy: 0.5807 - val_loss: 1.4946 - val_accuracy: 0.4701
Epoch 5/31

 1/98 [..............................] - ETA: 4s - loss: 1.0817 - accuracy: 0.6250
 4/98 [>.............................] - ETA: 2s - loss: 1.1080 - accuracy: 0.6133
 7/98 [=>............................] - ETA: 2s - loss: 1.0889 - accuracy: 0.6239
10/98 [==>...........................] - ETA: 2s - loss: 1.1002 - accuracy: 0.6168
13/98 [==>...........................] - ETA: 2s - loss: 1.1004 - accuracy: 0.6140
16/98 [===>..........................] - ETA: 2s - loss: 1.0986 - accuracy: 0.6146
19/98 [====>.........................] - ETA: 2s - loss: 1.0954 - accuracy: 0.6177
22/98 [=====>........................] - ETA: 1s - loss: 1.0915 - accuracy: 0.6183
25/98 [======>.......................] - ETA: 1s - loss: 1.0912 - accuracy: 0.6173
28/98 [=======>......................] - ETA: 1s - loss: 1.0934 - accuracy: 0.6157
31/98 [========>.....................] - ETA: 1s - loss: 1.0936 - accuracy: 0.6150
34/98 [=========>....................] - ETA: 1s - loss: 1.0936 - accuracy: 0.6152
36/98 [==========>...................] - ETA: 1s - loss: 1.0953 - accuracy: 0.6141
39/98 [==========>...................] - ETA: 1s - loss: 1.0957 - accuracy: 0.6144
41/98 [===========>..................] - ETA: 1s - loss: 1.0935 - accuracy: 0.6147
44/98 [============>.................] - ETA: 1s - loss: 1.0929 - accuracy: 0.6159
47/98 [=============>................] - ETA: 1s - loss: 1.0937 - accuracy: 0.6161
50/98 [==============>...............] - ETA: 1s - loss: 1.0958 - accuracy: 0.6154
53/98 [===============>..............] - ETA: 1s - loss: 1.0966 - accuracy: 0.6154
56/98 [================>.............] - ETA: 1s - loss: 1.0965 - accuracy: 0.6149
59/98 [=================>............] - ETA: 1s - loss: 1.0972 - accuracy: 0.6157
61/98 [=================>............] - ETA: 0s - loss: 1.0982 - accuracy: 0.6158
64/98 [==================>...........] - ETA: 0s - loss: 1.0974 - accuracy: 0.6157
67/98 [===================>..........] - ETA: 0s - loss: 1.0993 - accuracy: 0.6151
70/98 [====================>.........] - ETA: 0s - loss: 1.0996 - accuracy: 0.6151
72/98 [=====================>........] - ETA: 0s - loss: 1.1004 - accuracy: 0.6150
75/98 [=====================>........] - ETA: 0s - loss: 1.1012 - accuracy: 0.6148
78/98 [======================>.......] - ETA: 0s - loss: 1.1025 - accuracy: 0.6143
81/98 [=======================>......] - ETA: 0s - loss: 1.1031 - accuracy: 0.6141
84/98 [========================>.....] - ETA: 0s - loss: 1.1043 - accuracy: 0.6134
87/98 [=========================>....] - ETA: 0s - loss: 1.1024 - accuracy: 0.6142
90/98 [==========================>...] - ETA: 0s - loss: 1.1030 - accuracy: 0.6146
93/98 [===========================>..] - ETA: 0s - loss: 1.1027 - accuracy: 0.6149
96/98 [============================>.] - ETA: 0s - loss: 1.1021 - accuracy: 0.6149
98/98 [==============================] - 3s 31ms/step - loss: 1.1007 - accuracy: 0.6154 - val_loss: 1.2844 - val_accuracy: 0.5453
Epoch 6/31

 1/98 [..............................] - ETA: 3s - loss: 1.0218 - accuracy: 0.6230
 4/98 [>.............................] - ETA: 2s - loss: 1.0154 - accuracy: 0.6445
 7/98 [=>............................] - ETA: 2s - loss: 1.0116 - accuracy: 0.6482
10/98 [==>...........................] - ETA: 2s - loss: 1.0017 - accuracy: 0.6541
13/98 [==>...........................] - ETA: 2s - loss: 0.9912 - accuracy: 0.6573
16/98 [===>..........................] - ETA: 2s - loss: 0.9918 - accuracy: 0.6559
18/98 [====>.........................] - ETA: 2s - loss: 0.9952 - accuracy: 0.6558
21/98 [=====>........................] - ETA: 2s - loss: 0.9959 - accuracy: 0.6548
24/98 [======>.......................] - ETA: 1s - loss: 0.9938 - accuracy: 0.6562
27/98 [=======>......................] - ETA: 1s - loss: 0.9939 - accuracy: 0.6568
30/98 [========>.....................] - ETA: 1s - loss: 0.9969 - accuracy: 0.6553
33/98 [=========>....................] - ETA: 1s - loss: 0.9985 - accuracy: 0.6541
36/98 [==========>...................] - ETA: 1s - loss: 0.9975 - accuracy: 0.6539
39/98 [==========>...................] - ETA: 1s - loss: 0.9973 - accuracy: 0.6543
42/98 [===========>..................] - ETA: 1s - loss: 0.9943 - accuracy: 0.6557
45/98 [============>.................] - ETA: 1s - loss: 0.9954 - accuracy: 0.6546
48/98 [=============>................] - ETA: 1s - loss: 0.9950 - accuracy: 0.6549
50/98 [==============>...............] - ETA: 1s - loss: 0.9935 - accuracy: 0.6558
53/98 [===============>..............] - ETA: 1s - loss: 0.9958 - accuracy: 0.6550
56/98 [================>.............] - ETA: 1s - loss: 0.9965 - accuracy: 0.6545
59/98 [=================>............] - ETA: 1s - loss: 0.9965 - accuracy: 0.6537
62/98 [=================>............] - ETA: 0s - loss: 0.9957 - accuracy: 0.6537
64/98 [==================>...........] - ETA: 0s - loss: 0.9959 - accuracy: 0.6537
67/98 [===================>..........] - ETA: 0s - loss: 0.9956 - accuracy: 0.6535
70/98 [====================>.........] - ETA: 0s - loss: 0.9977 - accuracy: 0.6525
73/98 [=====================>........] - ETA: 0s - loss: 0.9985 - accuracy: 0.6522
76/98 [======================>.......] - ETA: 0s - loss: 1.0012 - accuracy: 0.6517
79/98 [=======================>......] - ETA: 0s - loss: 1.0014 - accuracy: 0.6512
82/98 [========================>.....] - ETA: 0s - loss: 1.0018 - accuracy: 0.6507
85/98 [=========================>....] - ETA: 0s - loss: 1.0011 - accuracy: 0.6509
88/98 [=========================>....] - ETA: 0s - loss: 1.0023 - accuracy: 0.6500
91/98 [==========================>...] - ETA: 0s - loss: 1.0027 - accuracy: 0.6500
94/98 [===========================>..] - ETA: 0s - loss: 1.0039 - accuracy: 0.6493
96/98 [============================>.] - ETA: 0s - loss: 1.0019 - accuracy: 0.6502
98/98 [==============================] - 3s 34ms/step - loss: 1.0032 - accuracy: 0.6498 - val_loss: 1.3115 - val_accuracy: 0.5380
Epoch 7/31

 1/98 [..............................] - ETA: 3s - loss: 0.8823 - accuracy: 0.6895
 4/98 [>.............................] - ETA: 1s - loss: 0.9150 - accuracy: 0.6914
 8/98 [=>............................] - ETA: 1s - loss: 0.9229 - accuracy: 0.6841
12/98 [==>...........................] - ETA: 1s - loss: 0.9146 - accuracy: 0.6872
16/98 [===>..........................] - ETA: 1s - loss: 0.9157 - accuracy: 0.6863
19/98 [====>.........................] - ETA: 1s - loss: 0.9155 - accuracy: 0.6855
22/98 [=====>........................] - ETA: 1s - loss: 0.9184 - accuracy: 0.6840
25/98 [======>.......................] - ETA: 1s - loss: 0.9166 - accuracy: 0.6843
29/98 [=======>......................] - ETA: 1s - loss: 0.9206 - accuracy: 0.6820
32/98 [========>.....................] - ETA: 1s - loss: 0.9213 - accuracy: 0.6822
35/98 [=========>....................] - ETA: 1s - loss: 0.9235 - accuracy: 0.6818
38/98 [==========>...................] - ETA: 1s - loss: 0.9235 - accuracy: 0.6817
41/98 [===========>..................] - ETA: 1s - loss: 0.9240 - accuracy: 0.6809
44/98 [============>.................] - ETA: 1s - loss: 0.9199 - accuracy: 0.6821
46/98 [=============>................] - ETA: 1s - loss: 0.9205 - accuracy: 0.6819
49/98 [==============>...............] - ETA: 1s - loss: 0.9184 - accuracy: 0.6826
52/98 [==============>...............] - ETA: 0s - loss: 0.9204 - accuracy: 0.6818
55/98 [===============>..............] - ETA: 0s - loss: 0.9227 - accuracy: 0.6806
58/98 [================>.............] - ETA: 0s - loss: 0.9245 - accuracy: 0.6805
61/98 [=================>............] - ETA: 0s - loss: 0.9246 - accuracy: 0.6798
64/98 [==================>...........] - ETA: 0s - loss: 0.9256 - accuracy: 0.6800
67/98 [===================>..........] - ETA: 0s - loss: 0.9274 - accuracy: 0.6789
70/98 [====================>.........] - ETA: 0s - loss: 0.9256 - accuracy: 0.6797
73/98 [=====================>........] - ETA: 0s - loss: 0.9244 - accuracy: 0.6799
76/98 [======================>.......] - ETA: 0s - loss: 0.9255 - accuracy: 0.6795
79/98 [=======================>......] - ETA: 0s - loss: 0.9252 - accuracy: 0.6795
82/98 [========================>.....] - ETA: 0s - loss: 0.9264 - accuracy: 0.6792
85/98 [=========================>....] - ETA: 0s - loss: 0.9284 - accuracy: 0.6785
88/98 [=========================>....] - ETA: 0s - loss: 0.9293 - accuracy: 0.6777
91/98 [==========================>...] - ETA: 0s - loss: 0.9308 - accuracy: 0.6772
94/98 [===========================>..] - ETA: 0s - loss: 0.9314 - accuracy: 0.6769
97/98 [============================>.] - ETA: 0s - loss: 0.9320 - accuracy: 0.6765
98/98 [==============================] - 3s 32ms/step - loss: 0.9326 - accuracy: 0.6765 - val_loss: 1.3898 - val_accuracy: 0.5287
Epoch 8/31

 1/98 [..............................] - ETA: 4s - loss: 0.9300 - accuracy: 0.6836
 4/98 [>.............................] - ETA: 2s - loss: 0.8838 - accuracy: 0.6914
 7/98 [=>............................] - ETA: 2s - loss: 0.8807 - accuracy: 0.6978
 9/98 [=>............................] - ETA: 2s - loss: 0.8721 - accuracy: 0.7007
12/98 [==>...........................] - ETA: 2s - loss: 0.8649 - accuracy: 0.7022
14/98 [===>..........................] - ETA: 2s - loss: 0.8688 - accuracy: 0.7029
18/98 [====>.........................] - ETA: 1s - loss: 0.8613 - accuracy: 0.7061
22/98 [=====>........................] - ETA: 1s - loss: 0.8592 - accuracy: 0.7063
25/98 [======>.......................] - ETA: 1s - loss: 0.8624 - accuracy: 0.7044
28/98 [=======>......................] - ETA: 1s - loss: 0.8612 - accuracy: 0.7055
31/98 [========>.....................] - ETA: 1s - loss: 0.8621 - accuracy: 0.7058
35/98 [=========>....................] - ETA: 1s - loss: 0.8611 - accuracy: 0.7047
38/98 [==========>...................] - ETA: 1s - loss: 0.8581 - accuracy: 0.7058
41/98 [===========>..................] - ETA: 1s - loss: 0.8595 - accuracy: 0.7050
44/98 [============>.................] - ETA: 1s - loss: 0.8626 - accuracy: 0.7044
47/98 [=============>................] - ETA: 1s - loss: 0.8613 - accuracy: 0.7056
50/98 [==============>...............] - ETA: 1s - loss: 0.8645 - accuracy: 0.7050
53/98 [===============>..............] - ETA: 0s - loss: 0.8630 - accuracy: 0.7049
56/98 [================>.............] - ETA: 0s - loss: 0.8628 - accuracy: 0.7044
59/98 [=================>............] - ETA: 0s - loss: 0.8633 - accuracy: 0.7037
62/98 [=================>............] - ETA: 0s - loss: 0.8641 - accuracy: 0.7027
64/98 [==================>...........] - ETA: 0s - loss: 0.8665 - accuracy: 0.7020
67/98 [===================>..........] - ETA: 0s - loss: 0.8680 - accuracy: 0.7016
69/98 [====================>.........] - ETA: 0s - loss: 0.8692 - accuracy: 0.7006
72/98 [=====================>........] - ETA: 0s - loss: 0.8704 - accuracy: 0.7000
75/98 [=====================>........] - ETA: 0s - loss: 0.8694 - accuracy: 0.7001
78/98 [======================>.......] - ETA: 0s - loss: 0.8678 - accuracy: 0.7009
81/98 [=======================>......] - ETA: 0s - loss: 0.8685 - accuracy: 0.7007
84/98 [========================>.....] - ETA: 0s - loss: 0.8691 - accuracy: 0.6997
87/98 [=========================>....] - ETA: 0s - loss: 0.8712 - accuracy: 0.6987
90/98 [==========================>...] - ETA: 0s - loss: 0.8736 - accuracy: 0.6976
93/98 [===========================>..] - ETA: 0s - loss: 0.8736 - accuracy: 0.6971
96/98 [============================>.] - ETA: 0s - loss: 0.8742 - accuracy: 0.6970
98/98 [==============================] - 3s 31ms/step - loss: 0.8745 - accuracy: 0.6967 - val_loss: 1.1867 - val_accuracy: 0.5864
Epoch 9/31

 1/98 [..............................] - ETA: 5s - loss: 0.7457 - accuracy: 0.7617
 4/98 [>.............................] - ETA: 2s - loss: 0.7634 - accuracy: 0.7432
 7/98 [=>............................] - ETA: 2s - loss: 0.7791 - accuracy: 0.7363
10/98 [==>...........................] - ETA: 2s - loss: 0.7950 - accuracy: 0.7312
13/98 [==>...........................] - ETA: 2s - loss: 0.7937 - accuracy: 0.7312
16/98 [===>..........................] - ETA: 2s - loss: 0.7934 - accuracy: 0.7299
19/98 [====>.........................] - ETA: 2s - loss: 0.7985 - accuracy: 0.7300
22/98 [=====>........................] - ETA: 1s - loss: 0.7980 - accuracy: 0.7294
25/98 [======>.......................] - ETA: 1s - loss: 0.7976 - accuracy: 0.7295
28/98 [=======>......................] - ETA: 1s - loss: 0.7997 - accuracy: 0.7289
31/98 [========>.....................] - ETA: 1s - loss: 0.7993 - accuracy: 0.7294
33/98 [=========>....................] - ETA: 1s - loss: 0.7962 - accuracy: 0.7298
36/98 [==========>...................] - ETA: 1s - loss: 0.7945 - accuracy: 0.7303
39/98 [==========>...................] - ETA: 1s - loss: 0.7898 - accuracy: 0.7324
42/98 [===========>..................] - ETA: 1s - loss: 0.7903 - accuracy: 0.7313
46/98 [=============>................] - ETA: 1s - loss: 0.7896 - accuracy: 0.7311
50/98 [==============>...............] - ETA: 1s - loss: 0.7963 - accuracy: 0.7284
54/98 [===============>..............] - ETA: 1s - loss: 0.7985 - accuracy: 0.7272
58/98 [================>.............] - ETA: 0s - loss: 0.7985 - accuracy: 0.7262
62/98 [=================>............] - ETA: 0s - loss: 0.8019 - accuracy: 0.7245
66/98 [===================>..........] - ETA: 0s - loss: 0.8024 - accuracy: 0.7244
70/98 [====================>.........] - ETA: 0s - loss: 0.8035 - accuracy: 0.7239
74/98 [=====================>........] - ETA: 0s - loss: 0.8056 - accuracy: 0.7226
77/98 [======================>.......] - ETA: 0s - loss: 0.8050 - accuracy: 0.7229
80/98 [=======================>......] - ETA: 0s - loss: 0.8054 - accuracy: 0.7228
84/98 [========================>.....] - ETA: 0s - loss: 0.8063 - accuracy: 0.7228
88/98 [=========================>....] - ETA: 0s - loss: 0.8067 - accuracy: 0.7222
92/98 [===========================>..] - ETA: 0s - loss: 0.8070 - accuracy: 0.7224
95/98 [============================>.] - ETA: 0s - loss: 0.8071 - accuracy: 0.7222
97/98 [============================>.] - ETA: 0s - loss: 0.8079 - accuracy: 0.7220
98/98 [==============================] - 3s 31ms/step - loss: 0.8076 - accuracy: 0.7222 - val_loss: 1.1564 - val_accuracy: 0.6000
Epoch 10/31

 1/98 [..............................] - ETA: 4s - loss: 0.7392 - accuracy: 0.7617
 4/98 [>.............................] - ETA: 2s - loss: 0.7262 - accuracy: 0.7588
 7/98 [=>............................] - ETA: 2s - loss: 0.7288 - accuracy: 0.7497
10/98 [==>...........................] - ETA: 2s - loss: 0.7301 - accuracy: 0.7514
13/98 [==>...........................] - ETA: 2s - loss: 0.7254 - accuracy: 0.7547
16/98 [===>..........................] - ETA: 2s - loss: 0.7245 - accuracy: 0.7559
19/98 [====>.........................] - ETA: 2s - loss: 0.7157 - accuracy: 0.7579
22/98 [=====>........................] - ETA: 1s - loss: 0.7167 - accuracy: 0.7564
25/98 [======>.......................] - ETA: 1s - loss: 0.7177 - accuracy: 0.7562
28/98 [=======>......................] - ETA: 1s - loss: 0.7215 - accuracy: 0.7547
31/98 [========>.....................] - ETA: 1s - loss: 0.7253 - accuracy: 0.7542
34/98 [=========>....................] - ETA: 1s - loss: 0.7294 - accuracy: 0.7518
37/98 [==========>...................] - ETA: 1s - loss: 0.7322 - accuracy: 0.7510
40/98 [===========>..................] - ETA: 1s - loss: 0.7338 - accuracy: 0.7493
43/98 [============>.................] - ETA: 1s - loss: 0.7332 - accuracy: 0.7490
46/98 [=============>................] - ETA: 1s - loss: 0.7362 - accuracy: 0.7480
49/98 [==============>...............] - ETA: 1s - loss: 0.7381 - accuracy: 0.7467
51/98 [==============>...............] - ETA: 1s - loss: 0.7396 - accuracy: 0.7467
53/98 [===============>..............] - ETA: 1s - loss: 0.7417 - accuracy: 0.7462
55/98 [===============>..............] - ETA: 1s - loss: 0.7412 - accuracy: 0.7465
58/98 [================>.............] - ETA: 1s - loss: 0.7431 - accuracy: 0.7456
60/98 [=================>............] - ETA: 0s - loss: 0.7445 - accuracy: 0.7452
62/98 [=================>............] - ETA: 0s - loss: 0.7432 - accuracy: 0.7458
65/98 [==================>...........] - ETA: 0s - loss: 0.7427 - accuracy: 0.7461
68/98 [===================>..........] - ETA: 0s - loss: 0.7435 - accuracy: 0.7462
71/98 [====================>.........] - ETA: 0s - loss: 0.7438 - accuracy: 0.7460
74/98 [=====================>........] - ETA: 0s - loss: 0.7446 - accuracy: 0.7460
77/98 [======================>.......] - ETA: 0s - loss: 0.7450 - accuracy: 0.7458
80/98 [=======================>......] - ETA: 0s - loss: 0.7470 - accuracy: 0.7450
83/98 [========================>.....] - ETA: 0s - loss: 0.7473 - accuracy: 0.7446
86/98 [=========================>....] - ETA: 0s - loss: 0.7494 - accuracy: 0.7436
89/98 [==========================>...] - ETA: 0s - loss: 0.7515 - accuracy: 0.7428
92/98 [===========================>..] - ETA: 0s - loss: 0.7519 - accuracy: 0.7426
95/98 [============================>.] - ETA: 0s - loss: 0.7526 - accuracy: 0.7423
98/98 [==============================] - ETA: 0s - loss: 0.7544 - accuracy: 0.7418
98/98 [==============================] - 3s 31ms/step - loss: 0.7544 - accuracy: 0.7418 - val_loss: 1.2087 - val_accuracy: 0.5903
Epoch 11/31

 1/98 [..............................] - ETA: 4s - loss: 0.6713 - accuracy: 0.7559
 4/98 [>.............................] - ETA: 2s - loss: 0.6837 - accuracy: 0.7686
 7/98 [=>............................] - ETA: 2s - loss: 0.6795 - accuracy: 0.7659
10/98 [==>...........................] - ETA: 2s - loss: 0.6787 - accuracy: 0.7684
12/98 [==>...........................] - ETA: 2s - loss: 0.6757 - accuracy: 0.7709
15/98 [===>..........................] - ETA: 2s - loss: 0.6760 - accuracy: 0.7704
18/98 [====>.........................] - ETA: 1s - loss: 0.6788 - accuracy: 0.7710
20/98 [=====>........................] - ETA: 1s - loss: 0.6809 - accuracy: 0.7695
23/98 [======>.......................] - ETA: 1s - loss: 0.6799 - accuracy: 0.7709
26/98 [======>.......................] - ETA: 1s - loss: 0.6814 - accuracy: 0.7708
29/98 [=======>......................] - ETA: 1s - loss: 0.6838 - accuracy: 0.7691
32/98 [========>.....................] - ETA: 1s - loss: 0.6870 - accuracy: 0.7680
35/98 [=========>....................] - ETA: 1s - loss: 0.6882 - accuracy: 0.7679
38/98 [==========>...................] - ETA: 1s - loss: 0.6861 - accuracy: 0.7688
41/98 [===========>..................] - ETA: 1s - loss: 0.6889 - accuracy: 0.7677
44/98 [============>.................] - ETA: 1s - loss: 0.6925 - accuracy: 0.7668
47/98 [=============>................] - ETA: 1s - loss: 0.6897 - accuracy: 0.7677
50/98 [==============>...............] - ETA: 1s - loss: 0.6918 - accuracy: 0.7670
53/98 [===============>..............] - ETA: 1s - loss: 0.6914 - accuracy: 0.7665
56/98 [================>.............] - ETA: 1s - loss: 0.6921 - accuracy: 0.7662
59/98 [=================>............] - ETA: 1s - loss: 0.6948 - accuracy: 0.7652
61/98 [=================>............] - ETA: 0s - loss: 0.6952 - accuracy: 0.7650
64/98 [==================>...........] - ETA: 0s - loss: 0.6958 - accuracy: 0.7649
67/98 [===================>..........] - ETA: 0s - loss: 0.6972 - accuracy: 0.7637
70/98 [====================>.........] - ETA: 0s - loss: 0.6981 - accuracy: 0.7632
73/98 [=====================>........] - ETA: 0s - loss: 0.6992 - accuracy: 0.7624
76/98 [======================>.......] - ETA: 0s - loss: 0.7002 - accuracy: 0.7618
79/98 [=======================>......] - ETA: 0s - loss: 0.7011 - accuracy: 0.7613
82/98 [========================>.....] - ETA: 0s - loss: 0.7014 - accuracy: 0.7611
85/98 [=========================>....] - ETA: 0s - loss: 0.7027 - accuracy: 0.7609
88/98 [=========================>....] - ETA: 0s - loss: 0.7024 - accuracy: 0.7609
91/98 [==========================>...] - ETA: 0s - loss: 0.7047 - accuracy: 0.7596
94/98 [===========================>..] - ETA: 0s - loss: 0.7060 - accuracy: 0.7589
97/98 [============================>.] - ETA: 0s - loss: 0.7072 - accuracy: 0.7584
98/98 [==============================] - 3s 32ms/step - loss: 0.7077 - accuracy: 0.7582 - val_loss: 1.1694 - val_accuracy: 0.6079
Epoch 12/31

 1/98 [..............................] - ETA: 4s - loss: 0.6862 - accuracy: 0.7695
 5/98 [>.............................] - ETA: 1s - loss: 0.6409 - accuracy: 0.7857
 8/98 [=>............................] - ETA: 1s - loss: 0.6459 - accuracy: 0.7811
11/98 [==>...........................] - ETA: 1s - loss: 0.6408 - accuracy: 0.7810
14/98 [===>..........................] - ETA: 1s - loss: 0.6456 - accuracy: 0.7822
17/98 [====>.........................] - ETA: 1s - loss: 0.6460 - accuracy: 0.7849
20/98 [=====>........................] - ETA: 1s - loss: 0.6468 - accuracy: 0.7850
23/98 [======>.......................] - ETA: 1s - loss: 0.6470 - accuracy: 0.7847
26/98 [======>.......................] - ETA: 1s - loss: 0.6492 - accuracy: 0.7846
29/98 [=======>......................] - ETA: 1s - loss: 0.6510 - accuracy: 0.7836
32/98 [========>.....................] - ETA: 1s - loss: 0.6517 - accuracy: 0.7827
35/98 [=========>....................] - ETA: 1s - loss: 0.6527 - accuracy: 0.7808
37/98 [==========>...................] - ETA: 1s - loss: 0.6535 - accuracy: 0.7803
40/98 [===========>..................] - ETA: 1s - loss: 0.6485 - accuracy: 0.7815
43/98 [============>.................] - ETA: 1s - loss: 0.6516 - accuracy: 0.7809
46/98 [=============>................] - ETA: 1s - loss: 0.6516 - accuracy: 0.7811
49/98 [==============>...............] - ETA: 1s - loss: 0.6520 - accuracy: 0.7805
52/98 [==============>...............] - ETA: 1s - loss: 0.6518 - accuracy: 0.7795
55/98 [===============>..............] - ETA: 1s - loss: 0.6567 - accuracy: 0.7779
58/98 [================>.............] - ETA: 1s - loss: 0.6568 - accuracy: 0.7779
61/98 [=================>............] - ETA: 0s - loss: 0.6578 - accuracy: 0.7773
64/98 [==================>...........] - ETA: 0s - loss: 0.6587 - accuracy: 0.7765
66/98 [===================>..........] - ETA: 0s - loss: 0.6587 - accuracy: 0.7767
69/98 [====================>.........] - ETA: 0s - loss: 0.6601 - accuracy: 0.7759
72/98 [=====================>........] - ETA: 0s - loss: 0.6619 - accuracy: 0.7748
74/98 [=====================>........] - ETA: 0s - loss: 0.6618 - accuracy: 0.7746
77/98 [======================>.......] - ETA: 0s - loss: 0.6626 - accuracy: 0.7742
80/98 [=======================>......] - ETA: 0s - loss: 0.6634 - accuracy: 0.7735
83/98 [========================>.....] - ETA: 0s - loss: 0.6626 - accuracy: 0.7741
86/98 [=========================>....] - ETA: 0s - loss: 0.6631 - accuracy: 0.7737
89/98 [==========================>...] - ETA: 0s - loss: 0.6642 - accuracy: 0.7735
92/98 [===========================>..] - ETA: 0s - loss: 0.6663 - accuracy: 0.7728
94/98 [===========================>..] - ETA: 0s - loss: 0.6665 - accuracy: 0.7729
97/98 [============================>.] - ETA: 0s - loss: 0.6674 - accuracy: 0.7722
98/98 [==============================] - 3s 33ms/step - loss: 0.6677 - accuracy: 0.7719 - val_loss: 1.1390 - val_accuracy: 0.6172
Epoch 13/31

 1/98 [..............................] - ETA: 3s - loss: 0.6050 - accuracy: 0.8027
 5/98 [>.............................] - ETA: 1s - loss: 0.5783 - accuracy: 0.8059
 8/98 [=>............................] - ETA: 1s - loss: 0.5969 - accuracy: 0.7966
11/98 [==>...........................] - ETA: 1s - loss: 0.5973 - accuracy: 0.7947
14/98 [===>..........................] - ETA: 1s - loss: 0.6048 - accuracy: 0.7930
18/98 [====>.........................] - ETA: 1s - loss: 0.6045 - accuracy: 0.7928
22/98 [=====>........................] - ETA: 1s - loss: 0.6031 - accuracy: 0.7945
25/98 [======>.......................] - ETA: 1s - loss: 0.6011 - accuracy: 0.7957
28/98 [=======>......................] - ETA: 1s - loss: 0.6038 - accuracy: 0.7957
32/98 [========>.....................] - ETA: 1s - loss: 0.6071 - accuracy: 0.7946
36/98 [==========>...................] - ETA: 1s - loss: 0.6094 - accuracy: 0.7939
40/98 [===========>..................] - ETA: 1s - loss: 0.6079 - accuracy: 0.7942
42/98 [===========>..................] - ETA: 1s - loss: 0.6082 - accuracy: 0.7942
45/98 [============>.................] - ETA: 1s - loss: 0.6073 - accuracy: 0.7945
48/98 [=============>................] - ETA: 1s - loss: 0.6071 - accuracy: 0.7948
51/98 [==============>...............] - ETA: 0s - loss: 0.6103 - accuracy: 0.7931
54/98 [===============>..............] - ETA: 0s - loss: 0.6114 - accuracy: 0.7924
57/98 [================>.............] - ETA: 0s - loss: 0.6112 - accuracy: 0.7924
60/98 [=================>............] - ETA: 0s - loss: 0.6096 - accuracy: 0.7931
63/98 [==================>...........] - ETA: 0s - loss: 0.6102 - accuracy: 0.7928
66/98 [===================>..........] - ETA: 0s - loss: 0.6113 - accuracy: 0.7919
69/98 [====================>.........] - ETA: 0s - loss: 0.6132 - accuracy: 0.7912
71/98 [====================>.........] - ETA: 0s - loss: 0.6129 - accuracy: 0.7914
74/98 [=====================>........] - ETA: 0s - loss: 0.6136 - accuracy: 0.7911
76/98 [======================>.......] - ETA: 0s - loss: 0.6139 - accuracy: 0.7905
79/98 [=======================>......] - ETA: 0s - loss: 0.6141 - accuracy: 0.7902
81/98 [=======================>......] - ETA: 0s - loss: 0.6144 - accuracy: 0.7902
84/98 [========================>.....] - ETA: 0s - loss: 0.6149 - accuracy: 0.7899
87/98 [=========================>....] - ETA: 0s - loss: 0.6163 - accuracy: 0.7892
90/98 [==========================>...] - ETA: 0s - loss: 0.6178 - accuracy: 0.7885
93/98 [===========================>..] - ETA: 0s - loss: 0.6189 - accuracy: 0.7880
95/98 [============================>.] - ETA: 0s - loss: 0.6200 - accuracy: 0.7880
98/98 [==============================] - ETA: 0s - loss: 0.6219 - accuracy: 0.7875
