2024-06-26 01:28:40.720767: I tensorflow/core/platform/cpu_feature_guard.cc:193] This TensorFlow binary is optimized with oneAPI Deep Neural Network Library (oneDNN) to use the following CPU instructions in performance-critical operations:  AVX AVX2
To enable them in other operations, rebuild TensorFlow with the appropriate compiler flags.
2024-06-26 01:28:41.356026: I tensorflow/core/common_runtime/gpu/gpu_device.cc:1616] Created device /job:localhost/replica:0/task:0/device:GPU:0 with 6656 MB memory:  -> device: 0, name: NVIDIA GeForce RTX 4060 Ti, pci bus id: 0000:01:00.0, compute capability: 8.9
1 Physical GPUs, 1 Logical GPUs
Model: "sequential"
_________________________________________________________________
 Layer (type)                Output Shape              Param #   
=================================================================
 conv2d (Conv2D)             (None, 32, 32, 32)        896       
                                                                 
 batch_normalization (BatchN  (None, 32, 32, 32)       128       
 ormalization)                                                   
                                                                 
 dropout (Dropout)           (None, 32, 32, 32)        0         
                                                                 
 flatten (Flatten)           (None, 32768)             0         
                                                                 
 dense (Dense)               (None, 42)                1376298   
                                                                 
 dropout_1 (Dropout)         (None, 42)                0         
                                                                 
 dense_1 (Dense)             (None, 10)                430       
                                                                 
=================================================================
Total params: 1,377,752
Trainable params: 1,377,688
Non-trainable params: 64
_________________________________________________________________
Taxa de aprendizado:  0.001 Num de épocas:  31 Tamanho do lote:  512 Dropout:  0.1302
Epoch 1/31
2024-06-26 01:28:42.833216: I tensorflow/stream_executor/cuda/cuda_dnn.cc:384] Loaded cuDNN version 8100
2024-06-26 01:28:43.832772: W tensorflow/stream_executor/gpu/redzone_allocator.cc:314] INTERNAL: ptxas exited with non-zero error code -1, output: 
Relying on driver to perform ptx compilation. 
Modify $PATH to customize ptxas location.
This message will be only logged once.
2024-06-26 01:28:44.574295: I tensorflow/stream_executor/cuda/cuda_blas.cc:1614] TensorFloat-32 will be used for the matrix multiplication. This will only be logged once.

 1/98 [..............................] - ETA: 5:05 - loss: 2.7071 - accuracy: 0.0898
 4/98 [>.............................] - ETA: 2s - loss: 2.8297 - accuracy: 0.1831  
 7/98 [=>............................] - ETA: 2s - loss: 2.6438 - accuracy: 0.2121
 9/98 [=>............................] - ETA: 2s - loss: 2.5756 - accuracy: 0.2231
11/98 [==>...........................] - ETA: 2s - loss: 2.5039 - accuracy: 0.2301
14/98 [===>..........................] - ETA: 2s - loss: 2.4326 - accuracy: 0.2356
17/98 [====>.........................] - ETA: 2s - loss: 2.3785 - accuracy: 0.2417
20/98 [=====>........................] - ETA: 2s - loss: 2.3333 - accuracy: 0.2484
23/98 [======>.......................] - ETA: 1s - loss: 2.2949 - accuracy: 0.2542
26/98 [======>.......................] - ETA: 1s - loss: 2.2596 - accuracy: 0.2606
28/98 [=======>......................] - ETA: 1s - loss: 2.2450 - accuracy: 0.2629
31/98 [========>.....................] - ETA: 1s - loss: 2.2225 - accuracy: 0.2661
34/98 [=========>....................] - ETA: 1s - loss: 2.2050 - accuracy: 0.2682
37/98 [==========>...................] - ETA: 1s - loss: 2.1812 - accuracy: 0.2735
40/98 [===========>..................] - ETA: 1s - loss: 2.1622 - accuracy: 0.2778
43/98 [============>.................] - ETA: 1s - loss: 2.1469 - accuracy: 0.2817
46/98 [=============>................] - ETA: 1s - loss: 2.1289 - accuracy: 0.2845
49/98 [==============>...............] - ETA: 1s - loss: 2.1128 - accuracy: 0.2895
52/98 [==============>...............] - ETA: 1s - loss: 2.0984 - accuracy: 0.2941
55/98 [===============>..............] - ETA: 1s - loss: 2.0826 - accuracy: 0.2973
58/98 [================>.............] - ETA: 1s - loss: 2.0730 - accuracy: 0.2988
61/98 [=================>............] - ETA: 0s - loss: 2.0606 - accuracy: 0.3015
64/98 [==================>...........] - ETA: 0s - loss: 2.0471 - accuracy: 0.3048
67/98 [===================>..........] - ETA: 0s - loss: 2.0354 - accuracy: 0.3081
69/98 [====================>.........] - ETA: 0s - loss: 2.0295 - accuracy: 0.3097
72/98 [=====================>........] - ETA: 0s - loss: 2.0204 - accuracy: 0.3121
75/98 [=====================>........] - ETA: 0s - loss: 2.0099 - accuracy: 0.3146
78/98 [======================>.......] - ETA: 0s - loss: 2.0005 - accuracy: 0.3176
80/98 [=======================>......] - ETA: 0s - loss: 1.9936 - accuracy: 0.3191
83/98 [========================>.....] - ETA: 0s - loss: 1.9835 - accuracy: 0.3219
86/98 [=========================>....] - ETA: 0s - loss: 1.9754 - accuracy: 0.3244
89/98 [==========================>...] - ETA: 0s - loss: 1.9662 - accuracy: 0.3269
92/98 [===========================>..] - ETA: 0s - loss: 1.9574 - accuracy: 0.3291
95/98 [============================>.] - ETA: 0s - loss: 1.9494 - accuracy: 0.3312
98/98 [==============================] - ETA: 0s - loss: 1.9412 - accuracy: 0.3335
98/98 [==============================] - 7s 36ms/step - loss: 1.9412 - accuracy: 0.3335 - val_loss: 2.1969 - val_accuracy: 0.2079
Epoch 2/31

 1/98 [..............................] - ETA: 3s - loss: 1.6023 - accuracy: 0.4512
 4/98 [>.............................] - ETA: 1s - loss: 1.6140 - accuracy: 0.4385
 6/98 [>.............................] - ETA: 2s - loss: 1.5974 - accuracy: 0.4382
 9/98 [=>............................] - ETA: 2s - loss: 1.5975 - accuracy: 0.4416
12/98 [==>...........................] - ETA: 2s - loss: 1.6064 - accuracy: 0.4362
15/98 [===>..........................] - ETA: 2s - loss: 1.6051 - accuracy: 0.4344
17/98 [====>.........................] - ETA: 2s - loss: 1.5957 - accuracy: 0.4384
20/98 [=====>........................] - ETA: 1s - loss: 1.5924 - accuracy: 0.4420
23/98 [======>.......................] - ETA: 1s - loss: 1.5958 - accuracy: 0.4399
26/98 [======>.......................] - ETA: 1s - loss: 1.5955 - accuracy: 0.4403
29/98 [=======>......................] - ETA: 1s - loss: 1.5946 - accuracy: 0.4406
32/98 [========>.....................] - ETA: 1s - loss: 1.5889 - accuracy: 0.4426
35/98 [=========>....................] - ETA: 1s - loss: 1.5831 - accuracy: 0.4439
38/98 [==========>...................] - ETA: 1s - loss: 1.5787 - accuracy: 0.4437
41/98 [===========>..................] - ETA: 1s - loss: 1.5757 - accuracy: 0.4442
44/98 [============>.................] - ETA: 1s - loss: 1.5683 - accuracy: 0.4464
47/98 [=============>................] - ETA: 1s - loss: 1.5671 - accuracy: 0.4473
50/98 [==============>...............] - ETA: 1s - loss: 1.5647 - accuracy: 0.4471
53/98 [===============>..............] - ETA: 1s - loss: 1.5613 - accuracy: 0.4483
56/98 [================>.............] - ETA: 1s - loss: 1.5596 - accuracy: 0.4480
59/98 [=================>............] - ETA: 1s - loss: 1.5582 - accuracy: 0.4486
62/98 [=================>............] - ETA: 0s - loss: 1.5535 - accuracy: 0.4500
65/98 [==================>...........] - ETA: 0s - loss: 1.5508 - accuracy: 0.4515
68/98 [===================>..........] - ETA: 0s - loss: 1.5502 - accuracy: 0.4518
71/98 [====================>.........] - ETA: 0s - loss: 1.5475 - accuracy: 0.4526
74/98 [=====================>........] - ETA: 0s - loss: 1.5473 - accuracy: 0.4525
77/98 [======================>.......] - ETA: 0s - loss: 1.5463 - accuracy: 0.4526
80/98 [=======================>......] - ETA: 0s - loss: 1.5445 - accuracy: 0.4534
83/98 [========================>.....] - ETA: 0s - loss: 1.5418 - accuracy: 0.4540
86/98 [=========================>....] - ETA: 0s - loss: 1.5382 - accuracy: 0.4548
89/98 [==========================>...] - ETA: 0s - loss: 1.5359 - accuracy: 0.4549
92/98 [===========================>..] - ETA: 0s - loss: 1.5344 - accuracy: 0.4556
95/98 [============================>.] - ETA: 0s - loss: 1.5321 - accuracy: 0.4563
98/98 [==============================] - ETA: 0s - loss: 1.5295 - accuracy: 0.4573
98/98 [==============================] - 3s 33ms/step - loss: 1.5295 - accuracy: 0.4573 - val_loss: 1.6324 - val_accuracy: 0.4102
Epoch 3/31

 1/98 [..............................] - ETA: 4s - loss: 1.3839 - accuracy: 0.4863
 4/98 [>.............................] - ETA: 1s - loss: 1.3812 - accuracy: 0.5098
 8/98 [=>............................] - ETA: 1s - loss: 1.3718 - accuracy: 0.5112
12/98 [==>...........................] - ETA: 1s - loss: 1.3741 - accuracy: 0.5125
16/98 [===>..........................] - ETA: 1s - loss: 1.3817 - accuracy: 0.5100
20/98 [=====>........................] - ETA: 1s - loss: 1.3717 - accuracy: 0.5101
24/98 [======>.......................] - ETA: 1s - loss: 1.3691 - accuracy: 0.5106
28/98 [=======>......................] - ETA: 1s - loss: 1.3655 - accuracy: 0.5116
32/98 [========>.....................] - ETA: 1s - loss: 1.3687 - accuracy: 0.5113
35/98 [=========>....................] - ETA: 1s - loss: 1.3715 - accuracy: 0.5116
38/98 [==========>...................] - ETA: 1s - loss: 1.3726 - accuracy: 0.5114
41/98 [===========>..................] - ETA: 1s - loss: 1.3733 - accuracy: 0.5113
44/98 [============>.................] - ETA: 1s - loss: 1.3689 - accuracy: 0.5119
47/98 [=============>................] - ETA: 1s - loss: 1.3679 - accuracy: 0.5128
50/98 [==============>...............] - ETA: 1s - loss: 1.3670 - accuracy: 0.5136
52/98 [==============>...............] - ETA: 1s - loss: 1.3651 - accuracy: 0.5148
55/98 [===============>..............] - ETA: 0s - loss: 1.3628 - accuracy: 0.5156
58/98 [================>.............] - ETA: 0s - loss: 1.3611 - accuracy: 0.5164
61/98 [=================>............] - ETA: 0s - loss: 1.3598 - accuracy: 0.5171
64/98 [==================>...........] - ETA: 0s - loss: 1.3574 - accuracy: 0.5182
67/98 [===================>..........] - ETA: 0s - loss: 1.3580 - accuracy: 0.5175
70/98 [====================>.........] - ETA: 0s - loss: 1.3569 - accuracy: 0.5182
73/98 [=====================>........] - ETA: 0s - loss: 1.3569 - accuracy: 0.5181
76/98 [======================>.......] - ETA: 0s - loss: 1.3546 - accuracy: 0.5192
79/98 [=======================>......] - ETA: 0s - loss: 1.3539 - accuracy: 0.5187
81/98 [=======================>......] - ETA: 0s - loss: 1.3532 - accuracy: 0.5187
84/98 [========================>.....] - ETA: 0s - loss: 1.3510 - accuracy: 0.5197
87/98 [=========================>....] - ETA: 0s - loss: 1.3506 - accuracy: 0.5198
90/98 [==========================>...] - ETA: 0s - loss: 1.3505 - accuracy: 0.5196
93/98 [===========================>..] - ETA: 0s - loss: 1.3491 - accuracy: 0.5206
96/98 [============================>.] - ETA: 0s - loss: 1.3469 - accuracy: 0.5213
98/98 [==============================] - 3s 32ms/step - loss: 1.3459 - accuracy: 0.5216 - val_loss: 1.4738 - val_accuracy: 0.4680
Epoch 4/31

 1/98 [..............................] - ETA: 4s - loss: 1.2266 - accuracy: 0.5801
 4/98 [>.............................] - ETA: 2s - loss: 1.2500 - accuracy: 0.5654
 7/98 [=>............................] - ETA: 2s - loss: 1.2433 - accuracy: 0.5650
10/98 [==>...........................] - ETA: 2s - loss: 1.2366 - accuracy: 0.5672
13/98 [==>...........................] - ETA: 2s - loss: 1.2278 - accuracy: 0.5688
16/98 [===>..........................] - ETA: 1s - loss: 1.2337 - accuracy: 0.5660
20/98 [=====>........................] - ETA: 1s - loss: 1.2305 - accuracy: 0.5670
24/98 [======>.......................] - ETA: 1s - loss: 1.2326 - accuracy: 0.5641
28/98 [=======>......................] - ETA: 1s - loss: 1.2379 - accuracy: 0.5618
32/98 [========>.....................] - ETA: 1s - loss: 1.2338 - accuracy: 0.5635
36/98 [==========>...................] - ETA: 1s - loss: 1.2350 - accuracy: 0.5616
40/98 [===========>..................] - ETA: 1s - loss: 1.2356 - accuracy: 0.5610
43/98 [============>.................] - ETA: 1s - loss: 1.2349 - accuracy: 0.5620
47/98 [=============>................] - ETA: 1s - loss: 1.2357 - accuracy: 0.5622
50/98 [==============>...............] - ETA: 0s - loss: 1.2377 - accuracy: 0.5609
53/98 [===============>..............] - ETA: 0s - loss: 1.2401 - accuracy: 0.5597
56/98 [================>.............] - ETA: 0s - loss: 1.2374 - accuracy: 0.5601
59/98 [=================>............] - ETA: 0s - loss: 1.2388 - accuracy: 0.5606
62/98 [=================>............] - ETA: 0s - loss: 1.2377 - accuracy: 0.5608
65/98 [==================>...........] - ETA: 0s - loss: 1.2353 - accuracy: 0.5618
68/98 [===================>..........] - ETA: 0s - loss: 1.2337 - accuracy: 0.5622
71/98 [====================>.........] - ETA: 0s - loss: 1.2321 - accuracy: 0.5627
74/98 [=====================>........] - ETA: 0s - loss: 1.2310 - accuracy: 0.5628
77/98 [======================>.......] - ETA: 0s - loss: 1.2313 - accuracy: 0.5630
80/98 [=======================>......] - ETA: 0s - loss: 1.2305 - accuracy: 0.5635
83/98 [========================>.....] - ETA: 0s - loss: 1.2317 - accuracy: 0.5629
86/98 [=========================>....] - ETA: 0s - loss: 1.2329 - accuracy: 0.5624
89/98 [==========================>...] - ETA: 0s - loss: 1.2327 - accuracy: 0.5624
92/98 [===========================>..] - ETA: 0s - loss: 1.2319 - accuracy: 0.5633
95/98 [============================>.] - ETA: 0s - loss: 1.2297 - accuracy: 0.5639
98/98 [==============================] - ETA: 0s - loss: 1.2280 - accuracy: 0.5645
98/98 [==============================] - 3s 31ms/step - loss: 1.2280 - accuracy: 0.5645 - val_loss: 1.3721 - val_accuracy: 0.4965
Epoch 5/31

 1/98 [..............................] - ETA: 3s - loss: 1.1380 - accuracy: 0.5801
 3/98 [..............................] - ETA: 2s - loss: 1.1308 - accuracy: 0.5924
 6/98 [>.............................] - ETA: 2s - loss: 1.1406 - accuracy: 0.5924
 9/98 [=>............................] - ETA: 2s - loss: 1.1343 - accuracy: 0.5964
11/98 [==>...........................] - ETA: 2s - loss: 1.1412 - accuracy: 0.5941
14/98 [===>..........................] - ETA: 2s - loss: 1.1419 - accuracy: 0.5958
16/98 [===>..........................] - ETA: 2s - loss: 1.1441 - accuracy: 0.5953
19/98 [====>.........................] - ETA: 2s - loss: 1.1424 - accuracy: 0.5983
22/98 [=====>........................] - ETA: 2s - loss: 1.1408 - accuracy: 0.5993
25/98 [======>.......................] - ETA: 1s - loss: 1.1374 - accuracy: 0.6005
28/98 [=======>......................] - ETA: 1s - loss: 1.1359 - accuracy: 0.6004
31/98 [========>.....................] - ETA: 1s - loss: 1.1356 - accuracy: 0.6011
34/98 [=========>....................] - ETA: 1s - loss: 1.1371 - accuracy: 0.6008
37/98 [==========>...................] - ETA: 1s - loss: 1.1388 - accuracy: 0.6002
40/98 [===========>..................] - ETA: 1s - loss: 1.1418 - accuracy: 0.5987
43/98 [============>.................] - ETA: 1s - loss: 1.1435 - accuracy: 0.5983
46/98 [=============>................] - ETA: 1s - loss: 1.1439 - accuracy: 0.5982
50/98 [==============>...............] - ETA: 1s - loss: 1.1428 - accuracy: 0.5985
54/98 [===============>..............] - ETA: 1s - loss: 1.1455 - accuracy: 0.5971
58/98 [================>.............] - ETA: 0s - loss: 1.1423 - accuracy: 0.5977
61/98 [=================>............] - ETA: 0s - loss: 1.1414 - accuracy: 0.5980
64/98 [==================>...........] - ETA: 0s - loss: 1.1408 - accuracy: 0.5984
68/98 [===================>..........] - ETA: 0s - loss: 1.1411 - accuracy: 0.5982
71/98 [====================>.........] - ETA: 0s - loss: 1.1426 - accuracy: 0.5975
74/98 [=====================>........] - ETA: 0s - loss: 1.1419 - accuracy: 0.5981
77/98 [======================>.......] - ETA: 0s - loss: 1.1427 - accuracy: 0.5974
81/98 [=======================>......] - ETA: 0s - loss: 1.1429 - accuracy: 0.5973
85/98 [=========================>....] - ETA: 0s - loss: 1.1437 - accuracy: 0.5974
89/98 [==========================>...] - ETA: 0s - loss: 1.1442 - accuracy: 0.5966
93/98 [===========================>..] - ETA: 0s - loss: 1.1459 - accuracy: 0.5962
95/98 [============================>.] - ETA: 0s - loss: 1.1454 - accuracy: 0.5964
98/98 [==============================] - ETA: 0s - loss: 1.1447 - accuracy: 0.5967
98/98 [==============================] - 3s 31ms/step - loss: 1.1447 - accuracy: 0.5967 - val_loss: 1.3125 - val_accuracy: 0.5221
Epoch 6/31

 1/98 [..............................] - ETA: 4s - loss: 1.0159 - accuracy: 0.6465
 4/98 [>.............................] - ETA: 2s - loss: 1.0159 - accuracy: 0.6475
 7/98 [=>............................] - ETA: 2s - loss: 1.0239 - accuracy: 0.6429
10/98 [==>...........................] - ETA: 2s - loss: 1.0474 - accuracy: 0.6322
13/98 [==>...........................] - ETA: 2s - loss: 1.0535 - accuracy: 0.6282
16/98 [===>..........................] - ETA: 2s - loss: 1.0513 - accuracy: 0.6298
19/98 [====>.........................] - ETA: 2s - loss: 1.0520 - accuracy: 0.6286
22/98 [=====>........................] - ETA: 1s - loss: 1.0610 - accuracy: 0.6278
25/98 [======>.......................] - ETA: 1s - loss: 1.0594 - accuracy: 0.6279
28/98 [=======>......................] - ETA: 1s - loss: 1.0648 - accuracy: 0.6238
31/98 [========>.....................] - ETA: 1s - loss: 1.0577 - accuracy: 0.6276
34/98 [=========>....................] - ETA: 1s - loss: 1.0569 - accuracy: 0.6278
37/98 [==========>...................] - ETA: 1s - loss: 1.0581 - accuracy: 0.6273
40/98 [===========>..................] - ETA: 1s - loss: 1.0571 - accuracy: 0.6276
43/98 [============>.................] - ETA: 1s - loss: 1.0592 - accuracy: 0.6266
46/98 [=============>................] - ETA: 1s - loss: 1.0598 - accuracy: 0.6264
49/98 [==============>...............] - ETA: 1s - loss: 1.0614 - accuracy: 0.6258
52/98 [==============>...............] - ETA: 1s - loss: 1.0592 - accuracy: 0.6273
55/98 [===============>..............] - ETA: 1s - loss: 1.0590 - accuracy: 0.6278
58/98 [================>.............] - ETA: 1s - loss: 1.0599 - accuracy: 0.6271
61/98 [=================>............] - ETA: 0s - loss: 1.0604 - accuracy: 0.6273
64/98 [==================>...........] - ETA: 0s - loss: 1.0608 - accuracy: 0.6271
67/98 [===================>..........] - ETA: 0s - loss: 1.0616 - accuracy: 0.6271
70/98 [====================>.........] - ETA: 0s - loss: 1.0610 - accuracy: 0.6274
73/98 [=====================>........] - ETA: 0s - loss: 1.0596 - accuracy: 0.6284
77/98 [======================>.......] - ETA: 0s - loss: 1.0599 - accuracy: 0.6273
80/98 [=======================>......] - ETA: 0s - loss: 1.0614 - accuracy: 0.6271
83/98 [========================>.....] - ETA: 0s - loss: 1.0628 - accuracy: 0.6265
86/98 [=========================>....] - ETA: 0s - loss: 1.0614 - accuracy: 0.6268
90/98 [==========================>...] - ETA: 0s - loss: 1.0605 - accuracy: 0.6265
93/98 [===========================>..] - ETA: 0s - loss: 1.0604 - accuracy: 0.6265
96/98 [============================>.] - ETA: 0s - loss: 1.0622 - accuracy: 0.6260
98/98 [==============================] - 3s 31ms/step - loss: 1.0621 - accuracy: 0.6261 - val_loss: 1.2470 - val_accuracy: 0.5518
Epoch 7/31

 1/98 [..............................] - ETA: 4s - loss: 1.0116 - accuracy: 0.6348
 4/98 [>.............................] - ETA: 2s - loss: 1.0092 - accuracy: 0.6411
 7/98 [=>............................] - ETA: 2s - loss: 0.9996 - accuracy: 0.6507
10/98 [==>...........................] - ETA: 2s - loss: 0.9843 - accuracy: 0.6588
13/98 [==>...........................] - ETA: 2s - loss: 0.9905 - accuracy: 0.6552
16/98 [===>..........................] - ETA: 2s - loss: 0.9917 - accuracy: 0.6549
19/98 [====>.........................] - ETA: 2s - loss: 0.9888 - accuracy: 0.6544
22/98 [=====>........................] - ETA: 1s - loss: 0.9921 - accuracy: 0.6535
25/98 [======>.......................] - ETA: 1s - loss: 0.9960 - accuracy: 0.6523
28/98 [=======>......................] - ETA: 1s - loss: 0.9961 - accuracy: 0.6507
31/98 [========>.....................] - ETA: 1s - loss: 0.9922 - accuracy: 0.6513
34/98 [=========>....................] - ETA: 1s - loss: 0.9938 - accuracy: 0.6504
37/98 [==========>...................] - ETA: 1s - loss: 0.9929 - accuracy: 0.6521
40/98 [===========>..................] - ETA: 1s - loss: 0.9934 - accuracy: 0.6528
43/98 [============>.................] - ETA: 1s - loss: 0.9926 - accuracy: 0.6536
46/98 [=============>................] - ETA: 1s - loss: 0.9926 - accuracy: 0.6538
49/98 [==============>...............] - ETA: 1s - loss: 0.9895 - accuracy: 0.6548
52/98 [==============>...............] - ETA: 1s - loss: 0.9898 - accuracy: 0.6545
54/98 [===============>..............] - ETA: 1s - loss: 0.9880 - accuracy: 0.6548
56/98 [================>.............] - ETA: 1s - loss: 0.9881 - accuracy: 0.6544
59/98 [=================>............] - ETA: 1s - loss: 0.9887 - accuracy: 0.6540
62/98 [=================>............] - ETA: 0s - loss: 0.9865 - accuracy: 0.6547
65/98 [==================>...........] - ETA: 0s - loss: 0.9883 - accuracy: 0.6546
68/98 [===================>..........] - ETA: 0s - loss: 0.9880 - accuracy: 0.6545
71/98 [====================>.........] - ETA: 0s - loss: 0.9877 - accuracy: 0.6541
73/98 [=====================>........] - ETA: 0s - loss: 0.9872 - accuracy: 0.6544
76/98 [======================>.......] - ETA: 0s - loss: 0.9877 - accuracy: 0.6537
79/98 [=======================>......] - ETA: 0s - loss: 0.9868 - accuracy: 0.6538
82/98 [========================>.....] - ETA: 0s - loss: 0.9882 - accuracy: 0.6534
85/98 [=========================>....] - ETA: 0s - loss: 0.9877 - accuracy: 0.6537
88/98 [=========================>....] - ETA: 0s - loss: 0.9869 - accuracy: 0.6538
91/98 [==========================>...] - ETA: 0s - loss: 0.9888 - accuracy: 0.6527
94/98 [===========================>..] - ETA: 0s - loss: 0.9893 - accuracy: 0.6523
97/98 [============================>.] - ETA: 0s - loss: 0.9884 - accuracy: 0.6528
98/98 [==============================] - 3s 32ms/step - loss: 0.9896 - accuracy: 0.6525 - val_loss: 1.2137 - val_accuracy: 0.5752
Epoch 8/31

 1/98 [..............................] - ETA: 3s - loss: 0.9242 - accuracy: 0.6758
 4/98 [>.............................] - ETA: 1s - loss: 0.9514 - accuracy: 0.6680
 7/98 [=>............................] - ETA: 1s - loss: 0.9349 - accuracy: 0.6749
 9/98 [=>............................] - ETA: 2s - loss: 0.9338 - accuracy: 0.6766
12/98 [==>...........................] - ETA: 1s - loss: 0.9354 - accuracy: 0.6766
14/98 [===>..........................] - ETA: 2s - loss: 0.9335 - accuracy: 0.6770
17/98 [====>.........................] - ETA: 1s - loss: 0.9351 - accuracy: 0.6773
20/98 [=====>........................] - ETA: 1s - loss: 0.9332 - accuracy: 0.6789
23/98 [======>.......................] - ETA: 1s - loss: 0.9323 - accuracy: 0.6784
25/98 [======>.......................] - ETA: 1s - loss: 0.9332 - accuracy: 0.6775
28/98 [=======>......................] - ETA: 1s - loss: 0.9365 - accuracy: 0.6764
31/98 [========>.....................] - ETA: 1s - loss: 0.9358 - accuracy: 0.6765
34/98 [=========>....................] - ETA: 1s - loss: 0.9363 - accuracy: 0.6764
36/98 [==========>...................] - ETA: 1s - loss: 0.9347 - accuracy: 0.6765
39/98 [==========>...................] - ETA: 1s - loss: 0.9349 - accuracy: 0.6760
42/98 [===========>..................] - ETA: 1s - loss: 0.9333 - accuracy: 0.6758
45/98 [============>.................] - ETA: 1s - loss: 0.9301 - accuracy: 0.6774
48/98 [=============>................] - ETA: 1s - loss: 0.9282 - accuracy: 0.6774
51/98 [==============>...............] - ETA: 1s - loss: 0.9293 - accuracy: 0.6764
52/98 [==============>...............] - ETA: 1s - loss: 0.9282 - accuracy: 0.6769
55/98 [===============>..............] - ETA: 1s - loss: 0.9283 - accuracy: 0.6775
58/98 [================>.............] - ETA: 1s - loss: 0.9298 - accuracy: 0.6768
61/98 [=================>............] - ETA: 0s - loss: 0.9289 - accuracy: 0.6771
64/98 [==================>...........] - ETA: 0s - loss: 0.9294 - accuracy: 0.6767
67/98 [===================>..........] - ETA: 0s - loss: 0.9311 - accuracy: 0.6765
70/98 [====================>.........] - ETA: 0s - loss: 0.9305 - accuracy: 0.6767
73/98 [=====================>........] - ETA: 0s - loss: 0.9316 - accuracy: 0.6760
76/98 [======================>.......] - ETA: 0s - loss: 0.9319 - accuracy: 0.6761
79/98 [=======================>......] - ETA: 0s - loss: 0.9340 - accuracy: 0.6752
82/98 [========================>.....] - ETA: 0s - loss: 0.9346 - accuracy: 0.6746
85/98 [=========================>....] - ETA: 0s - loss: 0.9336 - accuracy: 0.6750
88/98 [=========================>....] - ETA: 0s - loss: 0.9332 - accuracy: 0.6749
91/98 [==========================>...] - ETA: 0s - loss: 0.9335 - accuracy: 0.6747
94/98 [===========================>..] - ETA: 0s - loss: 0.9338 - accuracy: 0.6748
97/98 [============================>.] - ETA: 0s - loss: 0.9327 - accuracy: 0.6750
98/98 [==============================] - 3s 34ms/step - loss: 0.9331 - accuracy: 0.6748 - val_loss: 1.1918 - val_accuracy: 0.5831
Epoch 9/31

 1/98 [..............................] - ETA: 3s - loss: 0.8399 - accuracy: 0.7148
 4/98 [>.............................] - ETA: 1s - loss: 0.8530 - accuracy: 0.7085
 7/98 [=>............................] - ETA: 1s - loss: 0.8488 - accuracy: 0.7059
11/98 [==>...........................] - ETA: 1s - loss: 0.8470 - accuracy: 0.7067
14/98 [===>..........................] - ETA: 1s - loss: 0.8536 - accuracy: 0.7072
17/98 [====>.........................] - ETA: 1s - loss: 0.8503 - accuracy: 0.7085
20/98 [=====>........................] - ETA: 1s - loss: 0.8449 - accuracy: 0.7128
24/98 [======>.......................] - ETA: 1s - loss: 0.8512 - accuracy: 0.7097
28/98 [=======>......................] - ETA: 1s - loss: 0.8483 - accuracy: 0.7119
32/98 [========>.....................] - ETA: 1s - loss: 0.8529 - accuracy: 0.7099
35/98 [=========>....................] - ETA: 1s - loss: 0.8519 - accuracy: 0.7100
38/98 [==========>...................] - ETA: 1s - loss: 0.8555 - accuracy: 0.7079
41/98 [===========>..................] - ETA: 1s - loss: 0.8558 - accuracy: 0.7081
44/98 [============>.................] - ETA: 1s - loss: 0.8606 - accuracy: 0.7059
47/98 [=============>................] - ETA: 1s - loss: 0.8621 - accuracy: 0.7042
50/98 [==============>...............] - ETA: 1s - loss: 0.8633 - accuracy: 0.7040
53/98 [===============>..............] - ETA: 1s - loss: 0.8646 - accuracy: 0.7036
56/98 [================>.............] - ETA: 0s - loss: 0.8645 - accuracy: 0.7036
59/98 [=================>............] - ETA: 0s - loss: 0.8656 - accuracy: 0.7026
62/98 [=================>............] - ETA: 0s - loss: 0.8669 - accuracy: 0.7022
65/98 [==================>...........] - ETA: 0s - loss: 0.8681 - accuracy: 0.7017
68/98 [===================>..........] - ETA: 0s - loss: 0.8691 - accuracy: 0.7009
71/98 [====================>.........] - ETA: 0s - loss: 0.8674 - accuracy: 0.7009
74/98 [=====================>........] - ETA: 0s - loss: 0.8685 - accuracy: 0.7005
77/98 [======================>.......] - ETA: 0s - loss: 0.8694 - accuracy: 0.7006
80/98 [=======================>......] - ETA: 0s - loss: 0.8697 - accuracy: 0.7003
83/98 [========================>.....] - ETA: 0s - loss: 0.8699 - accuracy: 0.6999
86/98 [=========================>....] - ETA: 0s - loss: 0.8705 - accuracy: 0.6997
89/98 [==========================>...] - ETA: 0s - loss: 0.8717 - accuracy: 0.6991
92/98 [===========================>..] - ETA: 0s - loss: 0.8724 - accuracy: 0.6990
94/98 [===========================>..] - ETA: 0s - loss: 0.8736 - accuracy: 0.6987
96/98 [============================>.] - ETA: 0s - loss: 0.8734 - accuracy: 0.6987
98/98 [==============================] - 3s 32ms/step - loss: 0.8747 - accuracy: 0.6983 - val_loss: 1.2400 - val_accuracy: 0.5771
Epoch 10/31

 1/98 [..............................] - ETA: 4s - loss: 0.7650 - accuracy: 0.7344
 4/98 [>.............................] - ETA: 2s - loss: 0.8138 - accuracy: 0.7261
 7/98 [=>............................] - ETA: 2s - loss: 0.8083 - accuracy: 0.7274
10/98 [==>...........................] - ETA: 2s - loss: 0.8114 - accuracy: 0.7246
13/98 [==>...........................] - ETA: 2s - loss: 0.8191 - accuracy: 0.7228
17/98 [====>.........................] - ETA: 1s - loss: 0.8138 - accuracy: 0.7256
21/98 [=====>........................] - ETA: 1s - loss: 0.8109 - accuracy: 0.7238
25/98 [======>.......................] - ETA: 1s - loss: 0.8111 - accuracy: 0.7229
29/98 [=======>......................] - ETA: 1s - loss: 0.8132 - accuracy: 0.7225
33/98 [=========>....................] - ETA: 1s - loss: 0.8164 - accuracy: 0.7204
36/98 [==========>...................] - ETA: 1s - loss: 0.8143 - accuracy: 0.7209
39/98 [==========>...................] - ETA: 1s - loss: 0.8174 - accuracy: 0.7197
42/98 [===========>..................] - ETA: 1s - loss: 0.8165 - accuracy: 0.7195
45/98 [============>.................] - ETA: 1s - loss: 0.8177 - accuracy: 0.7179
49/98 [==============>...............] - ETA: 1s - loss: 0.8174 - accuracy: 0.7173
52/98 [==============>...............] - ETA: 0s - loss: 0.8182 - accuracy: 0.7171
55/98 [===============>..............] - ETA: 0s - loss: 0.8192 - accuracy: 0.7166
59/98 [=================>............] - ETA: 0s - loss: 0.8183 - accuracy: 0.7164
62/98 [=================>............] - ETA: 0s - loss: 0.8183 - accuracy: 0.7165
64/98 [==================>...........] - ETA: 0s - loss: 0.8196 - accuracy: 0.7155
67/98 [===================>..........] - ETA: 0s - loss: 0.8208 - accuracy: 0.7147
70/98 [====================>.........] - ETA: 0s - loss: 0.8196 - accuracy: 0.7153
73/98 [=====================>........] - ETA: 0s - loss: 0.8193 - accuracy: 0.7155
76/98 [======================>.......] - ETA: 0s - loss: 0.8194 - accuracy: 0.7158
79/98 [=======================>......] - ETA: 0s - loss: 0.8204 - accuracy: 0.7157
82/98 [========================>.....] - ETA: 0s - loss: 0.8197 - accuracy: 0.7159
85/98 [=========================>....] - ETA: 0s - loss: 0.8203 - accuracy: 0.7155
88/98 [=========================>....] - ETA: 0s - loss: 0.8217 - accuracy: 0.7146
90/98 [==========================>...] - ETA: 0s - loss: 0.8220 - accuracy: 0.7145
93/98 [===========================>..] - ETA: 0s - loss: 0.8239 - accuracy: 0.7141
96/98 [============================>.] - ETA: 0s - loss: 0.8236 - accuracy: 0.7144
98/98 [==============================] - 3s 31ms/step - loss: 0.8247 - accuracy: 0.7142 - val_loss: 1.2908 - val_accuracy: 0.5500
Epoch 11/31

 1/98 [..............................] - ETA: 3s - loss: 0.7859 - accuracy: 0.7246
 3/98 [..............................] - ETA: 2s - loss: 0.7652 - accuracy: 0.7350
 6/98 [>.............................] - ETA: 2s - loss: 0.7455 - accuracy: 0.7396
 9/98 [=>............................] - ETA: 2s - loss: 0.7625 - accuracy: 0.7337
12/98 [==>...........................] - ETA: 2s - loss: 0.7622 - accuracy: 0.7349
15/98 [===>..........................] - ETA: 2s - loss: 0.7535 - accuracy: 0.7397
18/98 [====>.........................] - ETA: 2s - loss: 0.7566 - accuracy: 0.7394
21/98 [=====>........................] - ETA: 2s - loss: 0.7617 - accuracy: 0.7380
24/98 [======>.......................] - ETA: 1s - loss: 0.7617 - accuracy: 0.7384
27/98 [=======>......................] - ETA: 1s - loss: 0.7596 - accuracy: 0.7384
30/98 [========>.....................] - ETA: 1s - loss: 0.7609 - accuracy: 0.7377
33/98 [=========>....................] - ETA: 1s - loss: 0.7609 - accuracy: 0.7377
36/98 [==========>...................] - ETA: 1s - loss: 0.7597 - accuracy: 0.7378
39/98 [==========>...................] - ETA: 1s - loss: 0.7594 - accuracy: 0.7376
42/98 [===========>..................] - ETA: 1s - loss: 0.7571 - accuracy: 0.7390
45/98 [============>.................] - ETA: 1s - loss: 0.7566 - accuracy: 0.7397
49/98 [==============>...............] - ETA: 1s - loss: 0.7603 - accuracy: 0.7378
53/98 [===============>..............] - ETA: 1s - loss: 0.7628 - accuracy: 0.7370
57/98 [================>.............] - ETA: 0s - loss: 0.7621 - accuracy: 0.7370
60/98 [=================>............] - ETA: 0s - loss: 0.7636 - accuracy: 0.7361
63/98 [==================>...........] - ETA: 0s - loss: 0.7670 - accuracy: 0.7349
66/98 [===================>..........] - ETA: 0s - loss: 0.7664 - accuracy: 0.7348
70/98 [====================>.........] - ETA: 0s - loss: 0.7680 - accuracy: 0.7342
74/98 [=====================>........] - ETA: 0s - loss: 0.7704 - accuracy: 0.7334
78/98 [======================>.......] - ETA: 0s - loss: 0.7722 - accuracy: 0.7326
82/98 [========================>.....] - ETA: 0s - loss: 0.7730 - accuracy: 0.7325
85/98 [=========================>....] - ETA: 0s - loss: 0.7727 - accuracy: 0.7326
88/98 [=========================>....] - ETA: 0s - loss: 0.7736 - accuracy: 0.7321
92/98 [===========================>..] - ETA: 0s - loss: 0.7734 - accuracy: 0.7325
95/98 [============================>.] - ETA: 0s - loss: 0.7739 - accuracy: 0.7322
98/98 [==============================] - ETA: 0s - loss: 0.7742 - accuracy: 0.7322
98/98 [==============================] - 3s 31ms/step - loss: 0.7742 - accuracy: 0.7322 - val_loss: 1.2195 - val_accuracy: 0.5887
Epoch 12/31

 1/98 [..............................] - ETA: 3s - loss: 0.7244 - accuracy: 0.7383
 3/98 [..............................] - ETA: 2s - loss: 0.7268 - accuracy: 0.7370
 6/98 [>.............................] - ETA: 2s - loss: 0.7365 - accuracy: 0.7461
 9/98 [=>............................] - ETA: 2s - loss: 0.7486 - accuracy: 0.7418
12/98 [==>...........................] - ETA: 2s - loss: 0.7484 - accuracy: 0.7443
15/98 [===>..........................] - ETA: 2s - loss: 0.7359 - accuracy: 0.7501
18/98 [====>.........................] - ETA: 2s - loss: 0.7238 - accuracy: 0.7530
21/98 [=====>........................] - ETA: 2s - loss: 0.7267 - accuracy: 0.7517
24/98 [======>.......................] - ETA: 1s - loss: 0.7213 - accuracy: 0.7540
27/98 [=======>......................] - ETA: 1s - loss: 0.7213 - accuracy: 0.7537
30/98 [========>.....................] - ETA: 1s - loss: 0.7215 - accuracy: 0.7537
33/98 [=========>....................] - ETA: 1s - loss: 0.7202 - accuracy: 0.7539
36/98 [==========>...................] - ETA: 1s - loss: 0.7209 - accuracy: 0.7541
39/98 [==========>...................] - ETA: 1s - loss: 0.7203 - accuracy: 0.7541
42/98 [===========>..................] - ETA: 1s - loss: 0.7206 - accuracy: 0.7540
45/98 [============>.................] - ETA: 1s - loss: 0.7204 - accuracy: 0.7538
47/98 [=============>................] - ETA: 1s - loss: 0.7192 - accuracy: 0.7538
50/98 [==============>...............] - ETA: 1s - loss: 0.7202 - accuracy: 0.7529
52/98 [==============>...............] - ETA: 1s - loss: 0.7216 - accuracy: 0.7529
55/98 [===============>..............] - ETA: 1s - loss: 0.7218 - accuracy: 0.7529
58/98 [================>.............] - ETA: 1s - loss: 0.7250 - accuracy: 0.7515
61/98 [=================>............] - ETA: 0s - loss: 0.7251 - accuracy: 0.7512
64/98 [==================>...........] - ETA: 0s - loss: 0.7248 - accuracy: 0.7510
67/98 [===================>..........] - ETA: 0s - loss: 0.7251 - accuracy: 0.7509
70/98 [====================>.........] - ETA: 0s - loss: 0.7251 - accuracy: 0.7503
74/98 [=====================>........] - ETA: 0s - loss: 0.7261 - accuracy: 0.7500
77/98 [======================>.......] - ETA: 0s - loss: 0.7254 - accuracy: 0.7502
80/98 [=======================>......] - ETA: 0s - loss: 0.7259 - accuracy: 0.7499
83/98 [========================>.....] - ETA: 0s - loss: 0.7271 - accuracy: 0.7494
87/98 [=========================>....] - ETA: 0s - loss: 0.7270 - accuracy: 0.7495
91/98 [==========================>...] - ETA: 0s - loss: 0.7281 - accuracy: 0.7487
95/98 [============================>.] - ETA: 0s - loss: 0.7285 - accuracy: 0.7483
98/98 [==============================] - ETA: 0s - loss: 0.7292 - accuracy: 0.7482
98/98 [==============================] - 3s 31ms/step - loss: 0.7292 - accuracy: 0.7482 - val_loss: 1.1988 - val_accuracy: 0.5912
Epoch 13/31

 1/98 [..............................] - ETA: 4s - loss: 0.6903 - accuracy: 0.7734
 4/98 [>.............................] - ETA: 2s - loss: 0.6759 - accuracy: 0.7686
 7/98 [=>............................] - ETA: 2s - loss: 0.6874 - accuracy: 0.7631
10/98 [==>...........................] - ETA: 2s - loss: 0.6860 - accuracy: 0.7660
12/98 [==>...........................] - ETA: 2s - loss: 0.6894 - accuracy: 0.7681
15/98 [===>..........................] - ETA: 2s - loss: 0.6902 - accuracy: 0.7653
17/98 [====>.........................] - ETA: 2s - loss: 0.6880 - accuracy: 0.7668
20/98 [=====>........................] - ETA: 2s - loss: 0.6807 - accuracy: 0.7697
23/98 [======>.......................] - ETA: 1s - loss: 0.6771 - accuracy: 0.7719
26/98 [======>.......................] - ETA: 1s - loss: 0.6788 - accuracy: 0.7709
29/98 [=======>......................] - ETA: 1s - loss: 0.6788 - accuracy: 0.7710
32/98 [========>.....................] - ETA: 1s - loss: 0.6756 - accuracy: 0.7726
35/98 [=========>....................] - ETA: 1s - loss: 0.6786 - accuracy: 0.7719
37/98 [==========>...................] - ETA: 1s - loss: 0.6790 - accuracy: 0.7713
40/98 [===========>..................] - ETA: 1s - loss: 0.6836 - accuracy: 0.7690
43/98 [============>.................] - ETA: 1s - loss: 0.6829 - accuracy: 0.7693
46/98 [=============>................] - ETA: 1s - loss: 0.6817 - accuracy: 0.7695
49/98 [==============>...............] - ETA: 1s - loss: 0.6800 - accuracy: 0.7697
52/98 [==============>...............] - ETA: 1s - loss: 0.6790 - accuracy: 0.7695
55/98 [===============>..............] - ETA: 1s - loss: 0.6784 - accuracy: 0.7695
57/98 [================>.............] - ETA: 1s - loss: 0.6775 - accuracy: 0.7701
60/98 [=================>............] - ETA: 0s - loss: 0.6789 - accuracy: 0.7699
62/98 [=================>............] - ETA: 0s - loss: 0.6781 - accuracy: 0.7701
65/98 [==================>...........] - ETA: 0s - loss: 0.6787 - accuracy: 0.7694
68/98 [===================>..........] - ETA: 0s - loss: 0.6797 - accuracy: 0.7686
71/98 [====================>.........] - ETA: 0s - loss: 0.6799 - accuracy: 0.7685
74/98 [=====================>........] - ETA: 0s - loss: 0.6802 - accuracy: 0.7689
77/98 [======================>.......] - ETA: 0s - loss: 0.6804 - accuracy: 0.7690
80/98 [=======================>......] - ETA: 0s - loss: 0.6819 - accuracy: 0.7685
83/98 [========================>.....] - ETA: 0s - loss: 0.6823 - accuracy: 0.7679
86/98 [=========================>....] - ETA: 0s - loss: 0.6821 - accuracy: 0.7676
89/98 [==========================>...] - ETA: 0s - loss: 0.6814 - accuracy: 0.7677
92/98 [===========================>..] - ETA: 0s - loss: 0.6824 - accuracy: 0.7673
95/98 [============================>.] - ETA: 0s - loss: 0.6829 - accuracy: 0.7668
98/98 [==============================] - ETA: 0s - loss: 0.6839 - accuracy: 0.7665
98/98 [==============================] - 3s 32ms/step - loss: 0.6839 - accuracy: 0.7665 - val_loss: 1.2057 - val_accuracy: 0.5969
Epoch 13: early stopping

