2024-06-26 01:34:41.836968: I tensorflow/core/platform/cpu_feature_guard.cc:193] This TensorFlow binary is optimized with oneAPI Deep Neural Network Library (oneDNN) to use the following CPU instructions in performance-critical operations:  AVX AVX2
To enable them in other operations, rebuild TensorFlow with the appropriate compiler flags.
2024-06-26 01:34:42.712948: I tensorflow/core/common_runtime/gpu/gpu_device.cc:1616] Created device /job:localhost/replica:0/task:0/device:GPU:0 with 6656 MB memory:  -> device: 0, name: NVIDIA GeForce RTX 4060 Ti, pci bus id: 0000:01:00.0, compute capability: 8.9
1 Physical GPUs, 1 Logical GPUs
Model: "sequential"
_________________________________________________________________
 Layer (type)                Output Shape              Param #   
=================================================================
 conv2d (Conv2D)             (None, 32, 32, 32)        896       
                                                                 
 batch_normalization (BatchN  (None, 32, 32, 32)       128       
 ormalization)                                                   
                                                                 
 conv2d_1 (Conv2D)           (None, 32, 32, 64)        51264     
                                                                 
 max_pooling2d (MaxPooling2D  (None, 16, 16, 64)       0         
 )                                                               
                                                                 
 conv2d_2 (Conv2D)           (None, 16, 16, 32)        165920    
                                                                 
 max_pooling2d_1 (MaxPooling  (None, 8, 8, 32)         0         
 2D)                                                             
                                                                 
 batch_normalization_1 (Batc  (None, 8, 8, 32)         128       
 hNormalization)                                                 
                                                                 
 dropout (Dropout)           (None, 8, 8, 32)          0         
                                                                 
 flatten (Flatten)           (None, 2048)              0         
                                                                 
 dense (Dense)               (None, 10)                20490     
                                                                 
=================================================================
Total params: 238,826
Trainable params: 238,698
Non-trainable params: 128
_________________________________________________________________
Taxa de aprendizado:  0.01 Num de épocas:  84 Tamanho do lote:  512 Dropout:  0.40907
Epoch 1/84
2024-06-26 01:34:44.500939: I tensorflow/stream_executor/cuda/cuda_dnn.cc:384] Loaded cuDNN version 8100
2024-06-26 01:34:45.752573: W tensorflow/stream_executor/gpu/redzone_allocator.cc:314] INTERNAL: ptxas exited with non-zero error code -1, output: 
Relying on driver to perform ptx compilation. 
Modify $PATH to customize ptxas location.
This message will be only logged once.
2024-06-26 01:34:47.711589: I tensorflow/stream_executor/cuda/cuda_blas.cc:1614] TensorFloat-32 will be used for the matrix multiplication. This will only be logged once.

 1/98 [..............................] - ETA: 11:43 - loss: 3.5177 - accuracy: 0.0781
 2/98 [..............................] - ETA: 10s - loss: 4.1966 - accuracy: 0.1221  
 3/98 [..............................] - ETA: 11s - loss: 4.6011 - accuracy: 0.1387
 4/98 [>.............................] - ETA: 10s - loss: 4.7480 - accuracy: 0.1475
 5/98 [>.............................] - ETA: 10s - loss: 4.5538 - accuracy: 0.1613
 6/98 [>.............................] - ETA: 10s - loss: 4.3524 - accuracy: 0.1686
 7/98 [=>............................] - ETA: 10s - loss: 4.1984 - accuracy: 0.1671
 8/98 [=>............................] - ETA: 9s - loss: 4.0492 - accuracy: 0.1697 
 9/98 [=>............................] - ETA: 9s - loss: 3.9031 - accuracy: 0.1784
10/98 [==>...........................] - ETA: 9s - loss: 3.7951 - accuracy: 0.1855
11/98 [==>...........................] - ETA: 8s - loss: 3.7205 - accuracy: 0.1921
12/98 [==>...........................] - ETA: 8s - loss: 3.6416 - accuracy: 0.1951
13/98 [==>...........................] - ETA: 8s - loss: 3.5694 - accuracy: 0.1958
14/98 [===>..........................] - ETA: 8s - loss: 3.4963 - accuracy: 0.1971
15/98 [===>..........................] - ETA: 8s - loss: 3.4256 - accuracy: 0.2029
16/98 [===>..........................] - ETA: 8s - loss: 3.3484 - accuracy: 0.2113
17/98 [====>.........................] - ETA: 7s - loss: 3.2917 - accuracy: 0.2140
18/98 [====>.........................] - ETA: 7s - loss: 3.2421 - accuracy: 0.2167
19/98 [====>.........................] - ETA: 7s - loss: 3.1984 - accuracy: 0.2188
20/98 [=====>........................] - ETA: 7s - loss: 3.1471 - accuracy: 0.2221
21/98 [=====>........................] - ETA: 7s - loss: 3.1052 - accuracy: 0.2272
22/98 [=====>........................] - ETA: 7s - loss: 3.0681 - accuracy: 0.2295
23/98 [======>.......................] - ETA: 7s - loss: 3.0315 - accuracy: 0.2305
24/98 [======>.......................] - ETA: 7s - loss: 3.0004 - accuracy: 0.2334
25/98 [======>.......................] - ETA: 6s - loss: 2.9662 - accuracy: 0.2350
26/98 [======>.......................] - ETA: 6s - loss: 2.9286 - accuracy: 0.2380
27/98 [=======>......................] - ETA: 6s - loss: 2.8989 - accuracy: 0.2410
28/98 [=======>......................] - ETA: 6s - loss: 2.8639 - accuracy: 0.2450
29/98 [=======>......................] - ETA: 6s - loss: 2.8322 - accuracy: 0.2485
30/98 [========>.....................] - ETA: 6s - loss: 2.8085 - accuracy: 0.2518
31/98 [========>.....................] - ETA: 6s - loss: 2.7786 - accuracy: 0.2559
32/98 [========>.....................] - ETA: 6s - loss: 2.7557 - accuracy: 0.2585
33/98 [=========>....................] - ETA: 6s - loss: 2.7341 - accuracy: 0.2611
34/98 [=========>....................] - ETA: 6s - loss: 2.7103 - accuracy: 0.2642
35/98 [=========>....................] - ETA: 6s - loss: 2.6891 - accuracy: 0.2663
36/98 [==========>...................] - ETA: 6s - loss: 2.6682 - accuracy: 0.2688
37/98 [==========>...................] - ETA: 5s - loss: 2.6477 - accuracy: 0.2709
38/98 [==========>...................] - ETA: 5s - loss: 2.6244 - accuracy: 0.2738
39/98 [==========>...................] - ETA: 5s - loss: 2.6039 - accuracy: 0.2758
40/98 [===========>..................] - ETA: 5s - loss: 2.5843 - accuracy: 0.2785
41/98 [===========>..................] - ETA: 5s - loss: 2.5676 - accuracy: 0.2802
42/98 [===========>..................] - ETA: 5s - loss: 2.5485 - accuracy: 0.2827
43/98 [============>.................] - ETA: 5s - loss: 2.5323 - accuracy: 0.2850
44/98 [============>.................] - ETA: 5s - loss: 2.5179 - accuracy: 0.2859
45/98 [============>.................] - ETA: 5s - loss: 2.5026 - accuracy: 0.2877
46/98 [=============>................] - ETA: 5s - loss: 2.4895 - accuracy: 0.2885
47/98 [=============>................] - ETA: 5s - loss: 2.4738 - accuracy: 0.2907
48/98 [=============>................] - ETA: 5s - loss: 2.4579 - accuracy: 0.2931
49/98 [==============>...............] - ETA: 4s - loss: 2.4448 - accuracy: 0.2954
50/98 [==============>...............] - ETA: 4s - loss: 2.4320 - accuracy: 0.2971
51/98 [==============>...............] - ETA: 4s - loss: 2.4194 - accuracy: 0.2985
52/98 [==============>...............] - ETA: 4s - loss: 2.4078 - accuracy: 0.2996
53/98 [===============>..............] - ETA: 4s - loss: 2.3953 - accuracy: 0.3011
54/98 [===============>..............] - ETA: 4s - loss: 2.3831 - accuracy: 0.3023
55/98 [===============>..............] - ETA: 4s - loss: 2.3714 - accuracy: 0.3038
56/98 [================>.............] - ETA: 4s - loss: 2.3600 - accuracy: 0.3056
57/98 [================>.............] - ETA: 4s - loss: 2.3492 - accuracy: 0.3072
58/98 [================>.............] - ETA: 4s - loss: 2.3378 - accuracy: 0.3087
59/98 [=================>............] - ETA: 3s - loss: 2.3261 - accuracy: 0.3105
60/98 [=================>............] - ETA: 3s - loss: 2.3166 - accuracy: 0.3115
61/98 [=================>............] - ETA: 3s - loss: 2.3066 - accuracy: 0.3132
62/98 [=================>............] - ETA: 3s - loss: 2.2955 - accuracy: 0.3145
63/98 [==================>...........] - ETA: 3s - loss: 2.2849 - accuracy: 0.3162
64/98 [==================>...........] - ETA: 3s - loss: 2.2747 - accuracy: 0.3179
65/98 [==================>...........] - ETA: 3s - loss: 2.2665 - accuracy: 0.3190
66/98 [===================>..........] - ETA: 3s - loss: 2.2594 - accuracy: 0.3197
67/98 [===================>..........] - ETA: 3s - loss: 2.2510 - accuracy: 0.3210
68/98 [===================>..........] - ETA: 3s - loss: 2.2430 - accuracy: 0.3222
69/98 [====================>.........] - ETA: 2s - loss: 2.2357 - accuracy: 0.3228
70/98 [====================>.........] - ETA: 2s - loss: 2.2283 - accuracy: 0.3236
71/98 [====================>.........] - ETA: 2s - loss: 2.2194 - accuracy: 0.3251
72/98 [=====================>........] - ETA: 2s - loss: 2.2110 - accuracy: 0.3263
73/98 [=====================>........] - ETA: 2s - loss: 2.2033 - accuracy: 0.3271
74/98 [=====================>........] - ETA: 2s - loss: 2.1954 - accuracy: 0.3289
75/98 [=====================>........] - ETA: 2s - loss: 2.1873 - accuracy: 0.3303
76/98 [======================>.......] - ETA: 2s - loss: 2.1779 - accuracy: 0.3321
77/98 [======================>.......] - ETA: 2s - loss: 2.1697 - accuracy: 0.3336
78/98 [======================>.......] - ETA: 2s - loss: 2.1629 - accuracy: 0.3343
79/98 [=======================>......] - ETA: 1s - loss: 2.1554 - accuracy: 0.3356
80/98 [=======================>......] - ETA: 1s - loss: 2.1484 - accuracy: 0.3367
81/98 [=======================>......] - ETA: 1s - loss: 2.1411 - accuracy: 0.3383
82/98 [========================>.....] - ETA: 2s - loss: 2.1368 - accuracy: 0.3390
83/98 [========================>.....] - ETA: 1s - loss: 2.1303 - accuracy: 0.3402
84/98 [========================>.....] - ETA: 1s - loss: 2.1242 - accuracy: 0.3411
85/98 [=========================>....] - ETA: 1s - loss: 2.1168 - accuracy: 0.3430
86/98 [=========================>....] - ETA: 1s - loss: 2.1101 - accuracy: 0.3444
87/98 [=========================>....] - ETA: 1s - loss: 2.1047 - accuracy: 0.3453
88/98 [=========================>....] - ETA: 1s - loss: 2.0981 - accuracy: 0.3470
89/98 [==========================>...] - ETA: 1s - loss: 2.0919 - accuracy: 0.3479
90/98 [==========================>...] - ETA: 1s - loss: 2.0851 - accuracy: 0.3495
91/98 [==========================>...] - ETA: 0s - loss: 2.0794 - accuracy: 0.3500
92/98 [===========================>..] - ETA: 0s - loss: 2.0723 - accuracy: 0.3513
93/98 [===========================>..] - ETA: 0s - loss: 2.0658 - accuracy: 0.3527
94/98 [===========================>..] - ETA: 0s - loss: 2.0601 - accuracy: 0.3535
95/98 [============================>.] - ETA: 0s - loss: 2.0551 - accuracy: 0.3545
96/98 [============================>.] - ETA: 0s - loss: 2.0503 - accuracy: 0.3556
97/98 [============================>.] - ETA: 0s - loss: 2.0464 - accuracy: 0.3561
98/98 [==============================] - ETA: 0s - loss: 2.0409 - accuracy: 0.3572
98/98 [==============================] - 21s 145ms/step - loss: 2.0409 - accuracy: 0.3572 - val_loss: 2.2716 - val_accuracy: 0.2189
Epoch 2/84

 1/98 [..............................] - ETA: 12s - loss: 1.5606 - accuracy: 0.4668
 2/98 [..............................] - ETA: 10s - loss: 1.5202 - accuracy: 0.4629
 3/98 [..............................] - ETA: 10s - loss: 1.5016 - accuracy: 0.4674
 4/98 [>.............................] - ETA: 10s - loss: 1.5010 - accuracy: 0.4634
 5/98 [>.............................] - ETA: 10s - loss: 1.5055 - accuracy: 0.4621
 6/98 [>.............................] - ETA: 10s - loss: 1.5102 - accuracy: 0.4574
 7/98 [=>............................] - ETA: 9s - loss: 1.5089 - accuracy: 0.4615 
 8/98 [=>............................] - ETA: 9s - loss: 1.5092 - accuracy: 0.4636
 9/98 [=>............................] - ETA: 9s - loss: 1.5015 - accuracy: 0.4646
10/98 [==>...........................] - ETA: 9s - loss: 1.5058 - accuracy: 0.4623
11/98 [==>...........................] - ETA: 9s - loss: 1.5067 - accuracy: 0.4622
12/98 [==>...........................] - ETA: 9s - loss: 1.5022 - accuracy: 0.4621
13/98 [==>...........................] - ETA: 9s - loss: 1.4956 - accuracy: 0.4617
14/98 [===>..........................] - ETA: 9s - loss: 1.4926 - accuracy: 0.4621
15/98 [===>..........................] - ETA: 9s - loss: 1.4869 - accuracy: 0.4637
16/98 [===>..........................] - ETA: 8s - loss: 1.4770 - accuracy: 0.4673
17/98 [====>.........................] - ETA: 8s - loss: 1.4785 - accuracy: 0.4681
18/98 [====>.........................] - ETA: 8s - loss: 1.4702 - accuracy: 0.4694
19/98 [====>.........................] - ETA: 8s - loss: 1.4674 - accuracy: 0.4715
20/98 [=====>........................] - ETA: 8s - loss: 1.4718 - accuracy: 0.4704
21/98 [=====>........................] - ETA: 8s - loss: 1.4723 - accuracy: 0.4698
22/98 [=====>........................] - ETA: 8s - loss: 1.4709 - accuracy: 0.4698
23/98 [======>.......................] - ETA: 8s - loss: 1.4724 - accuracy: 0.4707
24/98 [======>.......................] - ETA: 8s - loss: 1.4714 - accuracy: 0.4707
25/98 [======>.......................] - ETA: 7s - loss: 1.4694 - accuracy: 0.4716
26/98 [======>.......................] - ETA: 7s - loss: 1.4697 - accuracy: 0.4715
27/98 [=======>......................] - ETA: 7s - loss: 1.4707 - accuracy: 0.4717
28/98 [=======>......................] - ETA: 7s - loss: 1.4712 - accuracy: 0.4714
29/98 [=======>......................] - ETA: 7s - loss: 1.4710 - accuracy: 0.4721
30/98 [========>.....................] - ETA: 7s - loss: 1.4682 - accuracy: 0.4726
31/98 [========>.....................] - ETA: 7s - loss: 1.4650 - accuracy: 0.4735
32/98 [========>.....................] - ETA: 7s - loss: 1.4612 - accuracy: 0.4749
33/98 [=========>....................] - ETA: 7s - loss: 1.4587 - accuracy: 0.4750
34/98 [=========>....................] - ETA: 7s - loss: 1.4571 - accuracy: 0.4752
35/98 [=========>....................] - ETA: 6s - loss: 1.4546 - accuracy: 0.4759
36/98 [==========>...................] - ETA: 6s - loss: 1.4535 - accuracy: 0.4765
37/98 [==========>...................] - ETA: 6s - loss: 1.4533 - accuracy: 0.4765
38/98 [==========>...................] - ETA: 6s - loss: 1.4505 - accuracy: 0.4775
39/98 [==========>...................] - ETA: 6s - loss: 1.4495 - accuracy: 0.4777
40/98 [===========>..................] - ETA: 6s - loss: 1.4473 - accuracy: 0.4783
41/98 [===========>..................] - ETA: 6s - loss: 1.4453 - accuracy: 0.4791
42/98 [===========>..................] - ETA: 6s - loss: 1.4461 - accuracy: 0.4783
43/98 [============>.................] - ETA: 6s - loss: 1.4438 - accuracy: 0.4799
44/98 [============>.................] - ETA: 5s - loss: 1.4406 - accuracy: 0.4810
45/98 [============>.................] - ETA: 5s - loss: 1.4382 - accuracy: 0.4821
46/98 [=============>................] - ETA: 5s - loss: 1.4349 - accuracy: 0.4833
47/98 [=============>................] - ETA: 5s - loss: 1.4367 - accuracy: 0.4832
48/98 [=============>................] - ETA: 5s - loss: 1.4350 - accuracy: 0.4839
49/98 [==============>...............] - ETA: 5s - loss: 1.4328 - accuracy: 0.4849
50/98 [==============>...............] - ETA: 5s - loss: 1.4304 - accuracy: 0.4858
51/98 [==============>...............] - ETA: 5s - loss: 1.4294 - accuracy: 0.4862
52/98 [==============>...............] - ETA: 5s - loss: 1.4273 - accuracy: 0.4863
53/98 [===============>..............] - ETA: 4s - loss: 1.4270 - accuracy: 0.4866
54/98 [===============>..............] - ETA: 4s - loss: 1.4258 - accuracy: 0.4873
55/98 [===============>..............] - ETA: 4s - loss: 1.4245 - accuracy: 0.4878
56/98 [================>.............] - ETA: 4s - loss: 1.4244 - accuracy: 0.4876
57/98 [================>.............] - ETA: 4s - loss: 1.4239 - accuracy: 0.4873
58/98 [================>.............] - ETA: 4s - loss: 1.4241 - accuracy: 0.4873
59/98 [=================>............] - ETA: 4s - loss: 1.4235 - accuracy: 0.4871
60/98 [=================>............] - ETA: 4s - loss: 1.4220 - accuracy: 0.4880
61/98 [=================>............] - ETA: 3s - loss: 1.4210 - accuracy: 0.4886
62/98 [=================>............] - ETA: 3s - loss: 1.4201 - accuracy: 0.4890
63/98 [==================>...........] - ETA: 3s - loss: 1.4198 - accuracy: 0.4889
64/98 [==================>...........] - ETA: 3s - loss: 1.4186 - accuracy: 0.4897
65/98 [==================>...........] - ETA: 3s - loss: 1.4179 - accuracy: 0.4901
66/98 [===================>..........] - ETA: 3s - loss: 1.4184 - accuracy: 0.4904
67/98 [===================>..........] - ETA: 3s - loss: 1.4177 - accuracy: 0.4910
68/98 [===================>..........] - ETA: 3s - loss: 1.4156 - accuracy: 0.4921
69/98 [====================>.........] - ETA: 3s - loss: 1.4156 - accuracy: 0.4922
70/98 [====================>.........] - ETA: 2s - loss: 1.4142 - accuracy: 0.4927
71/98 [====================>.........] - ETA: 2s - loss: 1.4126 - accuracy: 0.4929
72/98 [=====================>........] - ETA: 2s - loss: 1.4107 - accuracy: 0.4936
73/98 [=====================>........] - ETA: 2s - loss: 1.4108 - accuracy: 0.4934
74/98 [=====================>........] - ETA: 2s - loss: 1.4097 - accuracy: 0.4940
75/98 [=====================>........] - ETA: 2s - loss: 1.4093 - accuracy: 0.4941
76/98 [======================>.......] - ETA: 2s - loss: 1.4091 - accuracy: 0.4944
77/98 [======================>.......] - ETA: 2s - loss: 1.4076 - accuracy: 0.4949
78/98 [======================>.......] - ETA: 2s - loss: 1.4065 - accuracy: 0.4950
79/98 [=======================>......] - ETA: 1s - loss: 1.4053 - accuracy: 0.4955
80/98 [=======================>......] - ETA: 1s - loss: 1.4040 - accuracy: 0.4960
81/98 [=======================>......] - ETA: 1s - loss: 1.4032 - accuracy: 0.4962
82/98 [========================>.....] - ETA: 1s - loss: 1.4022 - accuracy: 0.4964
83/98 [========================>.....] - ETA: 1s - loss: 1.4007 - accuracy: 0.4969
84/98 [========================>.....] - ETA: 1s - loss: 1.3999 - accuracy: 0.4968
85/98 [=========================>....] - ETA: 1s - loss: 1.4004 - accuracy: 0.4968
86/98 [=========================>....] - ETA: 1s - loss: 1.4000 - accuracy: 0.4973
87/98 [=========================>....] - ETA: 1s - loss: 1.3990 - accuracy: 0.4975
88/98 [=========================>....] - ETA: 1s - loss: 1.3982 - accuracy: 0.4978
89/98 [==========================>...] - ETA: 0s - loss: 1.3975 - accuracy: 0.4981
90/98 [==========================>...] - ETA: 0s - loss: 1.3957 - accuracy: 0.4988
91/98 [==========================>...] - ETA: 0s - loss: 1.3941 - accuracy: 0.4995
92/98 [===========================>..] - ETA: 0s - loss: 1.3936 - accuracy: 0.4997
93/98 [===========================>..] - ETA: 0s - loss: 1.3918 - accuracy: 0.5002
94/98 [===========================>..] - ETA: 0s - loss: 1.3907 - accuracy: 0.5007
95/98 [============================>.] - ETA: 0s - loss: 1.3893 - accuracy: 0.5009
96/98 [============================>.] - ETA: 0s - loss: 1.3882 - accuracy: 0.5014
97/98 [============================>.] - ETA: 0s - loss: 1.3873 - accuracy: 0.5014
98/98 [==============================] - ETA: 0s - loss: 1.3863 - accuracy: 0.5019
98/98 [==============================] - 12s 120ms/step - loss: 1.3863 - accuracy: 0.5019 - val_loss: 2.4764 - val_accuracy: 0.1422
Epoch 3/84

 1/98 [..............................] - ETA: 12s - loss: 1.2937 - accuracy: 0.5469
 2/98 [..............................] - ETA: 10s - loss: 1.2710 - accuracy: 0.5488
 3/98 [..............................] - ETA: 10s - loss: 1.2667 - accuracy: 0.5495
 4/98 [>.............................] - ETA: 10s - loss: 1.2447 - accuracy: 0.5591
 5/98 [>.............................] - ETA: 10s - loss: 1.2317 - accuracy: 0.5664
 6/98 [>.............................] - ETA: 10s - loss: 1.2316 - accuracy: 0.5654
 7/98 [=>............................] - ETA: 9s - loss: 1.2333 - accuracy: 0.5658 
 8/98 [=>............................] - ETA: 9s - loss: 1.2333 - accuracy: 0.5637
 9/98 [=>............................] - ETA: 9s - loss: 1.2416 - accuracy: 0.5601
10/98 [==>...........................] - ETA: 9s - loss: 1.2413 - accuracy: 0.5611
11/98 [==>...........................] - ETA: 9s - loss: 1.2433 - accuracy: 0.5593
12/98 [==>...........................] - ETA: 9s - loss: 1.2490 - accuracy: 0.5588
13/98 [==>...........................] - ETA: 9s - loss: 1.2406 - accuracy: 0.5602
14/98 [===>..........................] - ETA: 9s - loss: 1.2378 - accuracy: 0.5593
15/98 [===>..........................] - ETA: 9s - loss: 1.2342 - accuracy: 0.5592
16/98 [===>..........................] - ETA: 9s - loss: 1.2298 - accuracy: 0.5614
17/98 [====>.........................] - ETA: 8s - loss: 1.2290 - accuracy: 0.5610
18/98 [====>.........................] - ETA: 8s - loss: 1.2206 - accuracy: 0.5636
19/98 [====>.........................] - ETA: 8s - loss: 1.2190 - accuracy: 0.5635
20/98 [=====>........................] - ETA: 8s - loss: 1.2132 - accuracy: 0.5662
21/98 [=====>........................] - ETA: 8s - loss: 1.2137 - accuracy: 0.5664
22/98 [=====>........................] - ETA: 8s - loss: 1.2112 - accuracy: 0.5667
23/98 [======>.......................] - ETA: 8s - loss: 1.2097 - accuracy: 0.5676
24/98 [======>.......................] - ETA: 8s - loss: 1.2120 - accuracy: 0.5682
25/98 [======>.......................] - ETA: 8s - loss: 1.2112 - accuracy: 0.5688
26/98 [======>.......................] - ETA: 7s - loss: 1.2110 - accuracy: 0.5697
27/98 [=======>......................] - ETA: 7s - loss: 1.2083 - accuracy: 0.5706
28/98 [=======>......................] - ETA: 7s - loss: 1.2061 - accuracy: 0.5711
29/98 [=======>......................] - ETA: 7s - loss: 1.2054 - accuracy: 0.5712
30/98 [========>.....................] - ETA: 7s - loss: 1.2074 - accuracy: 0.5704
31/98 [========>.....................] - ETA: 7s - loss: 1.2051 - accuracy: 0.5720
32/98 [========>.....................] - ETA: 7s - loss: 1.2047 - accuracy: 0.5725
33/98 [=========>....................] - ETA: 7s - loss: 1.2067 - accuracy: 0.5719
34/98 [=========>....................] - ETA: 7s - loss: 1.2030 - accuracy: 0.5734
35/98 [=========>....................] - ETA: 6s - loss: 1.2026 - accuracy: 0.5732
36/98 [==========>...................] - ETA: 6s - loss: 1.2013 - accuracy: 0.5732
37/98 [==========>...................] - ETA: 6s - loss: 1.1984 - accuracy: 0.5749
38/98 [==========>...................] - ETA: 6s - loss: 1.1984 - accuracy: 0.5744
39/98 [==========>...................] - ETA: 6s - loss: 1.1964 - accuracy: 0.5754
40/98 [===========>..................] - ETA: 6s - loss: 1.1967 - accuracy: 0.5753
41/98 [===========>..................] - ETA: 6s - loss: 1.1985 - accuracy: 0.5753
42/98 [===========>..................] - ETA: 6s - loss: 1.1971 - accuracy: 0.5756
43/98 [============>.................] - ETA: 6s - loss: 1.1967 - accuracy: 0.5766
44/98 [============>.................] - ETA: 5s - loss: 1.1950 - accuracy: 0.5778
45/98 [============>.................] - ETA: 5s - loss: 1.1957 - accuracy: 0.5779
46/98 [=============>................] - ETA: 5s - loss: 1.1956 - accuracy: 0.5774
47/98 [=============>................] - ETA: 5s - loss: 1.1942 - accuracy: 0.5776
48/98 [=============>................] - ETA: 5s - loss: 1.1945 - accuracy: 0.5781
49/98 [==============>...............] - ETA: 5s - loss: 1.1932 - accuracy: 0.5792
50/98 [==============>...............] - ETA: 5s - loss: 1.1942 - accuracy: 0.5788
51/98 [==============>...............] - ETA: 5s - loss: 1.1946 - accuracy: 0.5788
52/98 [==============>...............] - ETA: 5s - loss: 1.1944 - accuracy: 0.5787
53/98 [===============>..............] - ETA: 4s - loss: 1.1933 - accuracy: 0.5796
54/98 [===============>..............] - ETA: 4s - loss: 1.1917 - accuracy: 0.5803
55/98 [===============>..............] - ETA: 4s - loss: 1.1913 - accuracy: 0.5805
56/98 [================>.............] - ETA: 4s - loss: 1.1901 - accuracy: 0.5812
57/98 [================>.............] - ETA: 4s - loss: 1.1891 - accuracy: 0.5815
58/98 [================>.............] - ETA: 4s - loss: 1.1879 - accuracy: 0.5816
59/98 [=================>............] - ETA: 4s - loss: 1.1886 - accuracy: 0.5819
60/98 [=================>............] - ETA: 4s - loss: 1.1881 - accuracy: 0.5823
61/98 [=================>............] - ETA: 4s - loss: 1.1871 - accuracy: 0.5827
62/98 [=================>............] - ETA: 3s - loss: 1.1861 - accuracy: 0.5832
63/98 [==================>...........] - ETA: 3s - loss: 1.1868 - accuracy: 0.5827
64/98 [==================>...........] - ETA: 3s - loss: 1.1862 - accuracy: 0.5830
65/98 [==================>...........] - ETA: 3s - loss: 1.1846 - accuracy: 0.5838
66/98 [===================>..........] - ETA: 3s - loss: 1.1846 - accuracy: 0.5838
67/98 [===================>..........] - ETA: 3s - loss: 1.1843 - accuracy: 0.5836
68/98 [===================>..........] - ETA: 3s - loss: 1.1835 - accuracy: 0.5838
69/98 [====================>.........] - ETA: 3s - loss: 1.1827 - accuracy: 0.5841
70/98 [====================>.........] - ETA: 3s - loss: 1.1827 - accuracy: 0.5840
71/98 [====================>.........] - ETA: 2s - loss: 1.1812 - accuracy: 0.5843
72/98 [=====================>........] - ETA: 2s - loss: 1.1803 - accuracy: 0.5843
73/98 [=====================>........] - ETA: 2s - loss: 1.1802 - accuracy: 0.5841
74/98 [=====================>........] - ETA: 2s - loss: 1.1798 - accuracy: 0.5844
75/98 [=====================>........] - ETA: 2s - loss: 1.1793 - accuracy: 0.5847
76/98 [======================>.......] - ETA: 2s - loss: 1.1797 - accuracy: 0.5847
77/98 [======================>.......] - ETA: 2s - loss: 1.1789 - accuracy: 0.5849
78/98 [======================>.......] - ETA: 2s - loss: 1.1783 - accuracy: 0.5851
79/98 [=======================>......] - ETA: 2s - loss: 1.1774 - accuracy: 0.5859
80/98 [=======================>......] - ETA: 1s - loss: 1.1783 - accuracy: 0.5856
81/98 [=======================>......] - ETA: 1s - loss: 1.1782 - accuracy: 0.5856
82/98 [========================>.....] - ETA: 1s - loss: 1.1779 - accuracy: 0.5856
83/98 [========================>.....] - ETA: 1s - loss: 1.1775 - accuracy: 0.5856
84/98 [========================>.....] - ETA: 1s - loss: 1.1760 - accuracy: 0.5861
85/98 [=========================>....] - ETA: 1s - loss: 1.1750 - accuracy: 0.5862
86/98 [=========================>....] - ETA: 1s - loss: 1.1733 - accuracy: 0.5867
87/98 [=========================>....] - ETA: 1s - loss: 1.1735 - accuracy: 0.5866
88/98 [=========================>....] - ETA: 1s - loss: 1.1730 - accuracy: 0.5869
89/98 [==========================>...] - ETA: 0s - loss: 1.1712 - accuracy: 0.5875
90/98 [==========================>...] - ETA: 0s - loss: 1.1711 - accuracy: 0.5874
91/98 [==========================>...] - ETA: 0s - loss: 1.1702 - accuracy: 0.5877
92/98 [===========================>..] - ETA: 0s - loss: 1.1693 - accuracy: 0.5878
93/98 [===========================>..] - ETA: 0s - loss: 1.1695 - accuracy: 0.5874
94/98 [===========================>..] - ETA: 0s - loss: 1.1687 - accuracy: 0.5877
95/98 [============================>.] - ETA: 0s - loss: 1.1676 - accuracy: 0.5880
96/98 [============================>.] - ETA: 0s - loss: 1.1675 - accuracy: 0.5880
97/98 [============================>.] - ETA: 0s - loss: 1.1658 - accuracy: 0.5885
98/98 [==============================] - ETA: 0s - loss: 1.1651 - accuracy: 0.5889
98/98 [==============================] - 12s 124ms/step - loss: 1.1651 - accuracy: 0.5889 - val_loss: 3.2379 - val_accuracy: 0.1178
Epoch 4/84

 1/98 [..............................] - ETA: 12s - loss: 1.0951 - accuracy: 0.6133
 2/98 [..............................] - ETA: 12s - loss: 1.0423 - accuracy: 0.6221
 3/98 [..............................] - ETA: 11s - loss: 1.0322 - accuracy: 0.6296
 4/98 [>.............................] - ETA: 10s - loss: 1.0211 - accuracy: 0.6367
 5/98 [>.............................] - ETA: 10s - loss: 1.0358 - accuracy: 0.6301
 6/98 [>.............................] - ETA: 10s - loss: 1.0335 - accuracy: 0.6305
 7/98 [=>............................] - ETA: 10s - loss: 1.0208 - accuracy: 0.6362
 8/98 [=>............................] - ETA: 9s - loss: 1.0283 - accuracy: 0.6316 
 9/98 [=>............................] - ETA: 9s - loss: 1.0267 - accuracy: 0.6313
10/98 [==>...........................] - ETA: 9s - loss: 1.0350 - accuracy: 0.6311
11/98 [==>...........................] - ETA: 8s - loss: 1.0383 - accuracy: 0.6307
12/98 [==>...........................] - ETA: 8s - loss: 1.0382 - accuracy: 0.6320
13/98 [==>...........................] - ETA: 8s - loss: 1.0391 - accuracy: 0.6316
14/98 [===>..........................] - ETA: 8s - loss: 1.0392 - accuracy: 0.6313
15/98 [===>..........................] - ETA: 8s - loss: 1.0386 - accuracy: 0.6326
16/98 [===>..........................] - ETA: 8s - loss: 1.0449 - accuracy: 0.6301
17/98 [====>.........................] - ETA: 7s - loss: 1.0440 - accuracy: 0.6298
18/98 [====>.........................] - ETA: 7s - loss: 1.0406 - accuracy: 0.6314
19/98 [====>.........................] - ETA: 7s - loss: 1.0396 - accuracy: 0.6312
20/98 [=====>........................] - ETA: 7s - loss: 1.0366 - accuracy: 0.6330
21/98 [=====>........................] - ETA: 7s - loss: 1.0388 - accuracy: 0.6325
22/98 [=====>........................] - ETA: 7s - loss: 1.0372 - accuracy: 0.6326
23/98 [======>.......................] - ETA: 7s - loss: 1.0367 - accuracy: 0.6339
24/98 [======>.......................] - ETA: 6s - loss: 1.0375 - accuracy: 0.6342
25/98 [======>.......................] - ETA: 6s - loss: 1.0399 - accuracy: 0.6343
26/98 [======>.......................] - ETA: 6s - loss: 1.0387 - accuracy: 0.6355
27/98 [=======>......................] - ETA: 6s - loss: 1.0391 - accuracy: 0.6354
28/98 [=======>......................] - ETA: 6s - loss: 1.0379 - accuracy: 0.6369
29/98 [=======>......................] - ETA: 6s - loss: 1.0387 - accuracy: 0.6371
31/98 [========>.....................] - ETA: 6s - loss: 1.0382 - accuracy: 0.6362
32/98 [========>.....................] - ETA: 5s - loss: 1.0392 - accuracy: 0.6347
33/98 [=========>....................] - ETA: 5s - loss: 1.0378 - accuracy: 0.6352
34/98 [=========>....................] - ETA: 5s - loss: 1.0372 - accuracy: 0.6361
35/98 [=========>....................] - ETA: 5s - loss: 1.0360 - accuracy: 0.6368
36/98 [==========>...................] - ETA: 5s - loss: 1.0354 - accuracy: 0.6367
37/98 [==========>...................] - ETA: 5s - loss: 1.0340 - accuracy: 0.6367
38/98 [==========>...................] - ETA: 5s - loss: 1.0328 - accuracy: 0.6369
39/98 [==========>...................] - ETA: 5s - loss: 1.0318 - accuracy: 0.6372
40/98 [===========>..................] - ETA: 5s - loss: 1.0312 - accuracy: 0.6376
41/98 [===========>..................] - ETA: 5s - loss: 1.0301 - accuracy: 0.6374
42/98 [===========>..................] - ETA: 4s - loss: 1.0289 - accuracy: 0.6386
43/98 [============>.................] - ETA: 4s - loss: 1.0266 - accuracy: 0.6389
44/98 [============>.................] - ETA: 4s - loss: 1.0266 - accuracy: 0.6384
45/98 [============>.................] - ETA: 4s - loss: 1.0274 - accuracy: 0.6383
46/98 [=============>................] - ETA: 4s - loss: 1.0271 - accuracy: 0.6385
47/98 [=============>................] - ETA: 4s - loss: 1.0243 - accuracy: 0.6394
48/98 [=============>................] - ETA: 4s - loss: 1.0245 - accuracy: 0.6397
49/98 [==============>...............] - ETA: 4s - loss: 1.0253 - accuracy: 0.6396
50/98 [==============>...............] - ETA: 4s - loss: 1.0243 - accuracy: 0.6399
51/98 [==============>...............] - ETA: 4s - loss: 1.0244 - accuracy: 0.6392
52/98 [==============>...............] - ETA: 4s - loss: 1.0241 - accuracy: 0.6387
53/98 [===============>..............] - ETA: 3s - loss: 1.0225 - accuracy: 0.6386
54/98 [===============>..............] - ETA: 3s - loss: 1.0222 - accuracy: 0.6388
56/98 [================>.............] - ETA: 3s - loss: 1.0207 - accuracy: 0.6389
57/98 [================>.............] - ETA: 3s - loss: 1.0197 - accuracy: 0.6394
59/98 [=================>............] - ETA: 3s - loss: 1.0190 - accuracy: 0.6401
61/98 [=================>............] - ETA: 3s - loss: 1.0201 - accuracy: 0.6398
63/98 [==================>...........] - ETA: 2s - loss: 1.0197 - accuracy: 0.6400
65/98 [==================>...........] - ETA: 2s - loss: 1.0199 - accuracy: 0.6397
66/98 [===================>..........] - ETA: 2s - loss: 1.0184 - accuracy: 0.6402
68/98 [===================>..........] - ETA: 2s - loss: 1.0189 - accuracy: 0.6403
70/98 [====================>.........] - ETA: 2s - loss: 1.0170 - accuracy: 0.6411
71/98 [====================>.........] - ETA: 2s - loss: 1.0163 - accuracy: 0.6414
73/98 [=====================>........] - ETA: 1s - loss: 1.0147 - accuracy: 0.6419
75/98 [=====================>........] - ETA: 1s - loss: 1.0141 - accuracy: 0.6421
77/98 [======================>.......] - ETA: 1s - loss: 1.0140 - accuracy: 0.6420
79/98 [=======================>......] - ETA: 1s - loss: 1.0151 - accuracy: 0.6413
80/98 [=======================>......] - ETA: 1s - loss: 1.0155 - accuracy: 0.6413
82/98 [========================>.....] - ETA: 1s - loss: 1.0138 - accuracy: 0.6421
84/98 [========================>.....] - ETA: 1s - loss: 1.0124 - accuracy: 0.6426
85/98 [=========================>....] - ETA: 0s - loss: 1.0120 - accuracy: 0.6426
87/98 [=========================>....] - ETA: 0s - loss: 1.0125 - accuracy: 0.6425
89/98 [==========================>...] - ETA: 0s - loss: 1.0117 - accuracy: 0.6430
91/98 [==========================>...] - ETA: 0s - loss: 1.0112 - accuracy: 0.6432
93/98 [===========================>..] - ETA: 0s - loss: 1.0100 - accuracy: 0.6433
94/98 [===========================>..] - ETA: 0s - loss: 1.0111 - accuracy: 0.6431
95/98 [============================>.] - ETA: 0s - loss: 1.0108 - accuracy: 0.6433
97/98 [============================>.] - ETA: 0s - loss: 1.0097 - accuracy: 0.6434
98/98 [==============================] - ETA: 0s - loss: 1.0098 - accuracy: 0.6434
98/98 [==============================] - 8s 79ms/step - loss: 1.0098 - accuracy: 0.6434 - val_loss: 1.9576 - val_accuracy: 0.3060
Epoch 5/84

 1/98 [..............................] - ETA: 5s - loss: 0.9558 - accuracy: 0.6562
 2/98 [..............................] - ETA: 5s - loss: 0.9273 - accuracy: 0.6670
 3/98 [..............................] - ETA: 7s - loss: 0.9419 - accuracy: 0.6660
 4/98 [>.............................] - ETA: 6s - loss: 0.9223 - accuracy: 0.6704
 5/98 [>.............................] - ETA: 5s - loss: 0.9204 - accuracy: 0.6758
 7/98 [=>............................] - ETA: 5s - loss: 0.9144 - accuracy: 0.6747
 8/98 [=>............................] - ETA: 5s - loss: 0.9220 - accuracy: 0.6726
10/98 [==>...........................] - ETA: 4s - loss: 0.9323 - accuracy: 0.6682
11/98 [==>...........................] - ETA: 4s - loss: 0.9363 - accuracy: 0.6665
12/98 [==>...........................] - ETA: 4s - loss: 0.9390 - accuracy: 0.6662
14/98 [===>..........................] - ETA: 4s - loss: 0.9386 - accuracy: 0.6659
15/98 [===>..........................] - ETA: 4s - loss: 0.9353 - accuracy: 0.6671
17/98 [====>.........................] - ETA: 4s - loss: 0.9337 - accuracy: 0.6679
18/98 [====>.........................] - ETA: 4s - loss: 0.9339 - accuracy: 0.6692
20/98 [=====>........................] - ETA: 4s - loss: 0.9273 - accuracy: 0.6729
22/98 [=====>........................] - ETA: 4s - loss: 0.9290 - accuracy: 0.6734
23/98 [======>.......................] - ETA: 3s - loss: 0.9230 - accuracy: 0.6754
25/98 [======>.......................] - ETA: 3s - loss: 0.9196 - accuracy: 0.6766
27/98 [=======>......................] - ETA: 3s - loss: 0.9194 - accuracy: 0.6775
29/98 [=======>......................] - ETA: 3s - loss: 0.9192 - accuracy: 0.6773
31/98 [========>.....................] - ETA: 3s - loss: 0.9171 - accuracy: 0.6785
33/98 [=========>....................] - ETA: 3s - loss: 0.9181 - accuracy: 0.6784
34/98 [=========>....................] - ETA: 3s - loss: 0.9169 - accuracy: 0.6791
36/98 [==========>...................] - ETA: 3s - loss: 0.9179 - accuracy: 0.6778
38/98 [==========>...................] - ETA: 3s - loss: 0.9137 - accuracy: 0.6793
40/98 [===========>..................] - ETA: 2s - loss: 0.9120 - accuracy: 0.6801
41/98 [===========>..................] - ETA: 2s - loss: 0.9117 - accuracy: 0.6795
43/98 [============>.................] - ETA: 2s - loss: 0.9103 - accuracy: 0.6804
45/98 [============>.................] - ETA: 2s - loss: 0.9079 - accuracy: 0.6814
47/98 [=============>................] - ETA: 2s - loss: 0.9103 - accuracy: 0.6808
48/98 [=============>................] - ETA: 2s - loss: 0.9113 - accuracy: 0.6802
49/98 [==============>...............] - ETA: 2s - loss: 0.9131 - accuracy: 0.6796
50/98 [==============>...............] - ETA: 2s - loss: 0.9112 - accuracy: 0.6807
52/98 [==============>...............] - ETA: 2s - loss: 0.9125 - accuracy: 0.6805
54/98 [===============>..............] - ETA: 2s - loss: 0.9123 - accuracy: 0.6804
56/98 [================>.............] - ETA: 2s - loss: 0.9136 - accuracy: 0.6801
58/98 [================>.............] - ETA: 2s - loss: 0.9134 - accuracy: 0.6798
59/98 [=================>............] - ETA: 1s - loss: 0.9133 - accuracy: 0.6800
61/98 [=================>............] - ETA: 1s - loss: 0.9141 - accuracy: 0.6797
62/98 [=================>............] - ETA: 1s - loss: 0.9137 - accuracy: 0.6796
64/98 [==================>...........] - ETA: 1s - loss: 0.9120 - accuracy: 0.6801
66/98 [===================>..........] - ETA: 1s - loss: 0.9105 - accuracy: 0.6799
68/98 [===================>..........] - ETA: 1s - loss: 0.9117 - accuracy: 0.6792
69/98 [====================>.........] - ETA: 1s - loss: 0.9120 - accuracy: 0.6792
71/98 [====================>.........] - ETA: 1s - loss: 0.9132 - accuracy: 0.6788
73/98 [=====================>........] - ETA: 1s - loss: 0.9144 - accuracy: 0.6782
75/98 [=====================>........] - ETA: 1s - loss: 0.9149 - accuracy: 0.6782
76/98 [======================>.......] - ETA: 1s - loss: 0.9154 - accuracy: 0.6781
78/98 [======================>.......] - ETA: 1s - loss: 0.9155 - accuracy: 0.6779
80/98 [=======================>......] - ETA: 0s - loss: 0.9154 - accuracy: 0.6781
82/98 [========================>.....] - ETA: 0s - loss: 0.9164 - accuracy: 0.6777
83/98 [========================>.....] - ETA: 0s - loss: 0.9160 - accuracy: 0.6780
85/98 [=========================>....] - ETA: 0s - loss: 0.9147 - accuracy: 0.6784
87/98 [=========================>....] - ETA: 0s - loss: 0.9137 - accuracy: 0.6784
89/98 [==========================>...] - ETA: 0s - loss: 0.9131 - accuracy: 0.6786
90/98 [==========================>...] - ETA: 0s - loss: 0.9131 - accuracy: 0.6785
92/98 [===========================>..] - ETA: 0s - loss: 0.9117 - accuracy: 0.6790
94/98 [===========================>..] - ETA: 0s - loss: 0.9103 - accuracy: 0.6798
96/98 [============================>.] - ETA: 0s - loss: 0.9088 - accuracy: 0.6804
98/98 [==============================] - ETA: 0s - loss: 0.9085 - accuracy: 0.6806
98/98 [==============================] - 6s 56ms/step - loss: 0.9085 - accuracy: 0.6806 - val_loss: 1.1080 - val_accuracy: 0.6073
Epoch 6/84

