2024-06-26 03:45:40.141578: I tensorflow/core/platform/cpu_feature_guard.cc:193] This TensorFlow binary is optimized with oneAPI Deep Neural Network Library (oneDNN) to use the following CPU instructions in performance-critical operations:  AVX AVX2
To enable them in other operations, rebuild TensorFlow with the appropriate compiler flags.
2024-06-26 03:45:41.211892: I tensorflow/core/common_runtime/gpu/gpu_device.cc:1616] Created device /job:localhost/replica:0/task:0/device:GPU:0 with 6656 MB memory:  -> device: 0, name: NVIDIA GeForce RTX 4060 Ti, pci bus id: 0000:01:00.0, compute capability: 8.9
1 Physical GPUs, 1 Logical GPUs
Model: "sequential"
_________________________________________________________________
 Layer (type)                Output Shape              Param #   
=================================================================
 conv2d (Conv2D)             (None, 32, 32, 32)        896       
                                                                 
 batch_normalization (BatchN  (None, 32, 32, 32)       128       
 ormalization)                                                   
                                                                 
 conv2d_1 (Conv2D)           (None, 32, 32, 64)        51264     
                                                                 
 max_pooling2d (MaxPooling2D  (None, 16, 16, 64)       0         
 )                                                               
                                                                 
 conv2d_2 (Conv2D)           (None, 16, 16, 32)        165920    
                                                                 
 max_pooling2d_1 (MaxPooling  (None, 8, 8, 32)         0         
 2D)                                                             
                                                                 
 batch_normalization_1 (Batc  (None, 8, 8, 32)         128       
 hNormalization)                                                 
                                                                 
 dropout (Dropout)           (None, 8, 8, 32)          0         
                                                                 
 flatten (Flatten)           (None, 2048)              0         
                                                                 
 dense (Dense)               (None, 10)                20490     
                                                                 
=================================================================
Total params: 238,826
Trainable params: 238,698
Non-trainable params: 128
_________________________________________________________________
Taxa de aprendizado:  0.01 Num de épocas:  84 Tamanho do lote:  512 Dropout:  0.40907
Epoch 1/84
2024-06-26 03:45:42.929244: I tensorflow/stream_executor/cuda/cuda_dnn.cc:384] Loaded cuDNN version 8100
2024-06-26 03:45:44.231751: W tensorflow/stream_executor/gpu/redzone_allocator.cc:314] INTERNAL: ptxas exited with non-zero error code -1, output: 
Relying on driver to perform ptx compilation. 
Modify $PATH to customize ptxas location.
This message will be only logged once.
2024-06-26 03:45:46.605363: I tensorflow/stream_executor/cuda/cuda_blas.cc:1614] TensorFloat-32 will be used for the matrix multiplication. This will only be logged once.

 1/98 [..............................] - ETA: 12:54 - loss: 3.6643 - accuracy: 0.0918
 2/98 [..............................] - ETA: 10s - loss: 4.2540 - accuracy: 0.1338  
 3/98 [..............................] - ETA: 11s - loss: 4.6046 - accuracy: 0.1367
 4/98 [>.............................] - ETA: 10s - loss: 4.7769 - accuracy: 0.1357
 5/98 [>.............................] - ETA: 10s - loss: 4.5799 - accuracy: 0.1445
 6/98 [>.............................] - ETA: 10s - loss: 4.3764 - accuracy: 0.1536
 7/98 [=>............................] - ETA: 10s - loss: 4.2097 - accuracy: 0.1641
 8/98 [=>............................] - ETA: 9s - loss: 4.0999 - accuracy: 0.1685 
 9/98 [=>............................] - ETA: 9s - loss: 3.9878 - accuracy: 0.1684
10/98 [==>...........................] - ETA: 8s - loss: 3.8869 - accuracy: 0.1691
11/98 [==>...........................] - ETA: 8s - loss: 3.7974 - accuracy: 0.1728
12/98 [==>...........................] - ETA: 8s - loss: 3.7109 - accuracy: 0.1774
13/98 [==>...........................] - ETA: 7s - loss: 3.6184 - accuracy: 0.1842
14/98 [===>..........................] - ETA: 7s - loss: 3.5493 - accuracy: 0.1879
15/98 [===>..........................] - ETA: 7s - loss: 3.4843 - accuracy: 0.1914
16/98 [===>..........................] - ETA: 7s - loss: 3.4363 - accuracy: 0.1925
17/98 [====>.........................] - ETA: 7s - loss: 3.3806 - accuracy: 0.1974
18/98 [====>.........................] - ETA: 7s - loss: 3.3325 - accuracy: 0.2018
19/98 [====>.........................] - ETA: 6s - loss: 3.2730 - accuracy: 0.2067
20/98 [=====>........................] - ETA: 6s - loss: 3.2235 - accuracy: 0.2104
21/98 [=====>........................] - ETA: 6s - loss: 3.1800 - accuracy: 0.2132
22/98 [=====>........................] - ETA: 6s - loss: 3.1413 - accuracy: 0.2147
23/98 [======>.......................] - ETA: 6s - loss: 3.0975 - accuracy: 0.2173
24/98 [======>.......................] - ETA: 6s - loss: 3.0651 - accuracy: 0.2203
25/98 [======>.......................] - ETA: 6s - loss: 3.0345 - accuracy: 0.2230
26/98 [======>.......................] - ETA: 6s - loss: 2.9978 - accuracy: 0.2264
27/98 [=======>......................] - ETA: 6s - loss: 2.9656 - accuracy: 0.2290
28/98 [=======>......................] - ETA: 6s - loss: 2.9367 - accuracy: 0.2306
29/98 [=======>......................] - ETA: 6s - loss: 2.9128 - accuracy: 0.2322
30/98 [========>.....................] - ETA: 6s - loss: 2.8862 - accuracy: 0.2338
31/98 [========>.....................] - ETA: 6s - loss: 2.8627 - accuracy: 0.2347
32/98 [========>.....................] - ETA: 6s - loss: 2.8380 - accuracy: 0.2369
33/98 [=========>....................] - ETA: 6s - loss: 2.8184 - accuracy: 0.2375
34/98 [=========>....................] - ETA: 6s - loss: 2.7928 - accuracy: 0.2403
35/98 [=========>....................] - ETA: 6s - loss: 2.7687 - accuracy: 0.2432
36/98 [==========>...................] - ETA: 6s - loss: 2.7447 - accuracy: 0.2460
37/98 [==========>...................] - ETA: 6s - loss: 2.7243 - accuracy: 0.2469
38/98 [==========>...................] - ETA: 5s - loss: 2.7037 - accuracy: 0.2491
39/98 [==========>...................] - ETA: 5s - loss: 2.6821 - accuracy: 0.2515
40/98 [===========>..................] - ETA: 5s - loss: 2.6614 - accuracy: 0.2530
41/98 [===========>..................] - ETA: 5s - loss: 2.6443 - accuracy: 0.2546
42/98 [===========>..................] - ETA: 5s - loss: 2.6250 - accuracy: 0.2563
43/98 [============>.................] - ETA: 5s - loss: 2.6080 - accuracy: 0.2578
44/98 [============>.................] - ETA: 5s - loss: 2.5920 - accuracy: 0.2597
45/98 [============>.................] - ETA: 5s - loss: 2.5750 - accuracy: 0.2618
46/98 [=============>................] - ETA: 5s - loss: 2.5605 - accuracy: 0.2638
47/98 [=============>................] - ETA: 5s - loss: 2.5488 - accuracy: 0.2651
48/98 [=============>................] - ETA: 5s - loss: 2.5349 - accuracy: 0.2666
49/98 [==============>...............] - ETA: 5s - loss: 2.5207 - accuracy: 0.2683
50/98 [==============>...............] - ETA: 5s - loss: 2.5066 - accuracy: 0.2711
51/98 [==============>...............] - ETA: 4s - loss: 2.4920 - accuracy: 0.2737
52/98 [==============>...............] - ETA: 4s - loss: 2.4791 - accuracy: 0.2755
53/98 [===============>..............] - ETA: 4s - loss: 2.4688 - accuracy: 0.2766
54/98 [===============>..............] - ETA: 4s - loss: 2.4573 - accuracy: 0.2778
55/98 [===============>..............] - ETA: 4s - loss: 2.4464 - accuracy: 0.2783
56/98 [================>.............] - ETA: 4s - loss: 2.4350 - accuracy: 0.2791
57/98 [================>.............] - ETA: 4s - loss: 2.4234 - accuracy: 0.2804
58/98 [================>.............] - ETA: 4s - loss: 2.4137 - accuracy: 0.2819
59/98 [=================>............] - ETA: 4s - loss: 2.4014 - accuracy: 0.2838
60/98 [=================>............] - ETA: 4s - loss: 2.3897 - accuracy: 0.2858
61/98 [=================>............] - ETA: 3s - loss: 2.3780 - accuracy: 0.2878
62/98 [=================>............] - ETA: 3s - loss: 2.3679 - accuracy: 0.2892
63/98 [==================>...........] - ETA: 3s - loss: 2.3583 - accuracy: 0.2905
64/98 [==================>...........] - ETA: 3s - loss: 2.3486 - accuracy: 0.2923
65/98 [==================>...........] - ETA: 3s - loss: 2.3402 - accuracy: 0.2936
66/98 [===================>..........] - ETA: 3s - loss: 2.3306 - accuracy: 0.2953
67/98 [===================>..........] - ETA: 3s - loss: 2.3222 - accuracy: 0.2963
68/98 [===================>..........] - ETA: 3s - loss: 2.3137 - accuracy: 0.2975
69/98 [====================>.........] - ETA: 3s - loss: 2.3050 - accuracy: 0.2989
70/98 [====================>.........] - ETA: 3s - loss: 2.2981 - accuracy: 0.3002
71/98 [====================>.........] - ETA: 3s - loss: 2.2927 - accuracy: 0.3012
72/98 [=====================>........] - ETA: 3s - loss: 2.2824 - accuracy: 0.3031
73/98 [=====================>........] - ETA: 3s - loss: 2.2757 - accuracy: 0.3040
74/98 [=====================>........] - ETA: 3s - loss: 2.2682 - accuracy: 0.3048
75/98 [=====================>........] - ETA: 3s - loss: 2.2603 - accuracy: 0.3059
76/98 [======================>.......] - ETA: 3s - loss: 2.2512 - accuracy: 0.3075
77/98 [======================>.......] - ETA: 2s - loss: 2.2440 - accuracy: 0.3089
78/98 [======================>.......] - ETA: 2s - loss: 2.2371 - accuracy: 0.3097
79/98 [=======================>......] - ETA: 2s - loss: 2.2310 - accuracy: 0.3103
80/98 [=======================>......] - ETA: 2s - loss: 2.2243 - accuracy: 0.3112
81/98 [=======================>......] - ETA: 2s - loss: 2.2168 - accuracy: 0.3128
82/98 [========================>.....] - ETA: 2s - loss: 2.2097 - accuracy: 0.3142
83/98 [========================>.....] - ETA: 2s - loss: 2.2023 - accuracy: 0.3154
84/98 [========================>.....] - ETA: 1s - loss: 2.1947 - accuracy: 0.3163
85/98 [=========================>....] - ETA: 1s - loss: 2.1876 - accuracy: 0.3174
86/98 [=========================>....] - ETA: 1s - loss: 2.1817 - accuracy: 0.3182
87/98 [=========================>....] - ETA: 1s - loss: 2.1748 - accuracy: 0.3196
88/98 [=========================>....] - ETA: 1s - loss: 2.1669 - accuracy: 0.3212
89/98 [==========================>...] - ETA: 1s - loss: 2.1615 - accuracy: 0.3220
90/98 [==========================>...] - ETA: 1s - loss: 2.1539 - accuracy: 0.3237
91/98 [==========================>...] - ETA: 0s - loss: 2.1481 - accuracy: 0.3247
92/98 [===========================>..] - ETA: 0s - loss: 2.1432 - accuracy: 0.3256
93/98 [===========================>..] - ETA: 0s - loss: 2.1363 - accuracy: 0.3269
94/98 [===========================>..] - ETA: 0s - loss: 2.1305 - accuracy: 0.3276
95/98 [============================>.] - ETA: 0s - loss: 2.1253 - accuracy: 0.3285
96/98 [============================>.] - ETA: 0s - loss: 2.1184 - accuracy: 0.3298
97/98 [============================>.] - ETA: 0s - loss: 2.1120 - accuracy: 0.3311
98/98 [==============================] - ETA: 0s - loss: 2.1051 - accuracy: 0.3328
98/98 [==============================] - 22s 146ms/step - loss: 2.1051 - accuracy: 0.3328 - val_loss: 2.2156 - val_accuracy: 0.1826
Epoch 2/84

 1/98 [..............................] - ETA: 12s - loss: 1.5761 - accuracy: 0.4395
 2/98 [..............................] - ETA: 12s - loss: 1.5779 - accuracy: 0.4512
 3/98 [..............................] - ETA: 11s - loss: 1.5805 - accuracy: 0.4499
 4/98 [>.............................] - ETA: 11s - loss: 1.5373 - accuracy: 0.4595
 5/98 [>.............................] - ETA: 10s - loss: 1.5384 - accuracy: 0.4563
 6/98 [>.............................] - ETA: 10s - loss: 1.5332 - accuracy: 0.4557
 7/98 [=>............................] - ETA: 10s - loss: 1.5356 - accuracy: 0.4512
 8/98 [=>............................] - ETA: 10s - loss: 1.5358 - accuracy: 0.4517
 9/98 [=>............................] - ETA: 10s - loss: 1.5244 - accuracy: 0.4544
10/98 [==>...........................] - ETA: 10s - loss: 1.5225 - accuracy: 0.4537
11/98 [==>...........................] - ETA: 9s - loss: 1.5187 - accuracy: 0.4542 
12/98 [==>...........................] - ETA: 9s - loss: 1.5165 - accuracy: 0.4554
13/98 [==>...........................] - ETA: 9s - loss: 1.5126 - accuracy: 0.4580
14/98 [===>..........................] - ETA: 9s - loss: 1.5141 - accuracy: 0.4567
15/98 [===>..........................] - ETA: 9s - loss: 1.5061 - accuracy: 0.4587
16/98 [===>..........................] - ETA: 9s - loss: 1.5015 - accuracy: 0.4598
17/98 [====>.........................] - ETA: 9s - loss: 1.5043 - accuracy: 0.4585
18/98 [====>.........................] - ETA: 9s - loss: 1.5002 - accuracy: 0.4590
19/98 [====>.........................] - ETA: 9s - loss: 1.5004 - accuracy: 0.4603
20/98 [=====>........................] - ETA: 9s - loss: 1.5006 - accuracy: 0.4595
21/98 [=====>........................] - ETA: 8s - loss: 1.4934 - accuracy: 0.4619
22/98 [=====>........................] - ETA: 8s - loss: 1.4896 - accuracy: 0.4646
23/98 [======>.......................] - ETA: 8s - loss: 1.4890 - accuracy: 0.4651
24/98 [======>.......................] - ETA: 8s - loss: 1.4843 - accuracy: 0.4675
25/98 [======>.......................] - ETA: 8s - loss: 1.4824 - accuracy: 0.4673
26/98 [======>.......................] - ETA: 8s - loss: 1.4789 - accuracy: 0.4680
27/98 [=======>......................] - ETA: 8s - loss: 1.4763 - accuracy: 0.4689
28/98 [=======>......................] - ETA: 8s - loss: 1.4728 - accuracy: 0.4700
29/98 [=======>......................] - ETA: 8s - loss: 1.4682 - accuracy: 0.4710
30/98 [========>.....................] - ETA: 7s - loss: 1.4674 - accuracy: 0.4714
31/98 [========>.....................] - ETA: 7s - loss: 1.4644 - accuracy: 0.4723
32/98 [========>.....................] - ETA: 7s - loss: 1.4598 - accuracy: 0.4732
33/98 [=========>....................] - ETA: 7s - loss: 1.4611 - accuracy: 0.4729
34/98 [=========>....................] - ETA: 7s - loss: 1.4611 - accuracy: 0.4738
35/98 [=========>....................] - ETA: 7s - loss: 1.4591 - accuracy: 0.4740
36/98 [==========>...................] - ETA: 7s - loss: 1.4606 - accuracy: 0.4735
37/98 [==========>...................] - ETA: 7s - loss: 1.4597 - accuracy: 0.4735
38/98 [==========>...................] - ETA: 7s - loss: 1.4574 - accuracy: 0.4744
39/98 [==========>...................] - ETA: 6s - loss: 1.4543 - accuracy: 0.4762
40/98 [===========>..................] - ETA: 6s - loss: 1.4555 - accuracy: 0.4759
41/98 [===========>..................] - ETA: 6s - loss: 1.4533 - accuracy: 0.4761
42/98 [===========>..................] - ETA: 6s - loss: 1.4516 - accuracy: 0.4772
43/98 [============>.................] - ETA: 6s - loss: 1.4500 - accuracy: 0.4774
44/98 [============>.................] - ETA: 6s - loss: 1.4501 - accuracy: 0.4774
45/98 [============>.................] - ETA: 6s - loss: 1.4488 - accuracy: 0.4784
46/98 [=============>................] - ETA: 6s - loss: 1.4482 - accuracy: 0.4787
47/98 [=============>................] - ETA: 6s - loss: 1.4479 - accuracy: 0.4790
48/98 [=============>................] - ETA: 5s - loss: 1.4468 - accuracy: 0.4792
49/98 [==============>...............] - ETA: 5s - loss: 1.4446 - accuracy: 0.4800
50/98 [==============>...............] - ETA: 5s - loss: 1.4425 - accuracy: 0.4806
51/98 [==============>...............] - ETA: 5s - loss: 1.4412 - accuracy: 0.4813
52/98 [==============>...............] - ETA: 5s - loss: 1.4403 - accuracy: 0.4814
53/98 [===============>..............] - ETA: 5s - loss: 1.4389 - accuracy: 0.4816
54/98 [===============>..............] - ETA: 5s - loss: 1.4363 - accuracy: 0.4826
55/98 [===============>..............] - ETA: 4s - loss: 1.4345 - accuracy: 0.4832
56/98 [================>.............] - ETA: 4s - loss: 1.4345 - accuracy: 0.4835
57/98 [================>.............] - ETA: 4s - loss: 1.4350 - accuracy: 0.4836
58/98 [================>.............] - ETA: 4s - loss: 1.4340 - accuracy: 0.4839
59/98 [=================>............] - ETA: 4s - loss: 1.4313 - accuracy: 0.4848
60/98 [=================>............] - ETA: 4s - loss: 1.4301 - accuracy: 0.4852
61/98 [=================>............] - ETA: 4s - loss: 1.4299 - accuracy: 0.4857
62/98 [=================>............] - ETA: 4s - loss: 1.4282 - accuracy: 0.4865
63/98 [==================>...........] - ETA: 3s - loss: 1.4267 - accuracy: 0.4871
64/98 [==================>...........] - ETA: 3s - loss: 1.4236 - accuracy: 0.4884
65/98 [==================>...........] - ETA: 3s - loss: 1.4220 - accuracy: 0.4892
66/98 [===================>..........] - ETA: 3s - loss: 1.4217 - accuracy: 0.4893
67/98 [===================>..........] - ETA: 3s - loss: 1.4211 - accuracy: 0.4901
68/98 [===================>..........] - ETA: 3s - loss: 1.4202 - accuracy: 0.4905
69/98 [====================>.........] - ETA: 3s - loss: 1.4191 - accuracy: 0.4912
70/98 [====================>.........] - ETA: 3s - loss: 1.4187 - accuracy: 0.4914
71/98 [====================>.........] - ETA: 2s - loss: 1.4179 - accuracy: 0.4912
72/98 [=====================>........] - ETA: 2s - loss: 1.4169 - accuracy: 0.4913
73/98 [=====================>........] - ETA: 2s - loss: 1.4154 - accuracy: 0.4919
74/98 [=====================>........] - ETA: 2s - loss: 1.4147 - accuracy: 0.4920
75/98 [=====================>........] - ETA: 2s - loss: 1.4135 - accuracy: 0.4921
76/98 [======================>.......] - ETA: 2s - loss: 1.4111 - accuracy: 0.4930
77/98 [======================>.......] - ETA: 2s - loss: 1.4101 - accuracy: 0.4934
78/98 [======================>.......] - ETA: 2s - loss: 1.4098 - accuracy: 0.4934
79/98 [=======================>......] - ETA: 2s - loss: 1.4092 - accuracy: 0.4933
80/98 [=======================>......] - ETA: 1s - loss: 1.4082 - accuracy: 0.4936
81/98 [=======================>......] - ETA: 1s - loss: 1.4073 - accuracy: 0.4941
82/98 [========================>.....] - ETA: 1s - loss: 1.4060 - accuracy: 0.4943
83/98 [========================>.....] - ETA: 1s - loss: 1.4047 - accuracy: 0.4945
84/98 [========================>.....] - ETA: 1s - loss: 1.4031 - accuracy: 0.4951
85/98 [=========================>....] - ETA: 1s - loss: 1.4014 - accuracy: 0.4959
86/98 [=========================>....] - ETA: 1s - loss: 1.3995 - accuracy: 0.4964
87/98 [=========================>....] - ETA: 1s - loss: 1.3988 - accuracy: 0.4965
88/98 [=========================>....] - ETA: 1s - loss: 1.3972 - accuracy: 0.4972
89/98 [==========================>...] - ETA: 0s - loss: 1.3961 - accuracy: 0.4978
90/98 [==========================>...] - ETA: 0s - loss: 1.3943 - accuracy: 0.4983
91/98 [==========================>...] - ETA: 0s - loss: 1.3933 - accuracy: 0.4989
92/98 [===========================>..] - ETA: 0s - loss: 1.3921 - accuracy: 0.4991
93/98 [===========================>..] - ETA: 0s - loss: 1.3908 - accuracy: 0.4999
94/98 [===========================>..] - ETA: 0s - loss: 1.3900 - accuracy: 0.5002
95/98 [============================>.] - ETA: 0s - loss: 1.3888 - accuracy: 0.5004
96/98 [============================>.] - ETA: 0s - loss: 1.3875 - accuracy: 0.5007
97/98 [============================>.] - ETA: 0s - loss: 1.3855 - accuracy: 0.5014
98/98 [==============================] - ETA: 0s - loss: 1.3847 - accuracy: 0.5017
98/98 [==============================] - 12s 127ms/step - loss: 1.3847 - accuracy: 0.5017 - val_loss: 2.0182 - val_accuracy: 0.2642
Epoch 3/84

 1/98 [..............................] - ETA: 13s - loss: 1.2378 - accuracy: 0.5625
 2/98 [..............................] - ETA: 12s - loss: 1.2654 - accuracy: 0.5459
 3/98 [..............................] - ETA: 11s - loss: 1.2580 - accuracy: 0.5482
 4/98 [>.............................] - ETA: 11s - loss: 1.2615 - accuracy: 0.5488
 5/98 [>.............................] - ETA: 10s - loss: 1.2574 - accuracy: 0.5527
 6/98 [>.............................] - ETA: 10s - loss: 1.2557 - accuracy: 0.5508
 7/98 [=>............................] - ETA: 10s - loss: 1.2491 - accuracy: 0.5550
 8/98 [=>............................] - ETA: 10s - loss: 1.2508 - accuracy: 0.5564
 9/98 [=>............................] - ETA: 10s - loss: 1.2525 - accuracy: 0.5562
10/98 [==>...........................] - ETA: 10s - loss: 1.2452 - accuracy: 0.5596
11/98 [==>...........................] - ETA: 10s - loss: 1.2477 - accuracy: 0.5582
12/98 [==>...........................] - ETA: 10s - loss: 1.2419 - accuracy: 0.5586
13/98 [==>...........................] - ETA: 10s - loss: 1.2384 - accuracy: 0.5601
14/98 [===>..........................] - ETA: 10s - loss: 1.2357 - accuracy: 0.5607
15/98 [===>..........................] - ETA: 9s - loss: 1.2348 - accuracy: 0.5604 
16/98 [===>..........................] - ETA: 9s - loss: 1.2325 - accuracy: 0.5615
17/98 [====>.........................] - ETA: 9s - loss: 1.2265 - accuracy: 0.5632
18/98 [====>.........................] - ETA: 9s - loss: 1.2278 - accuracy: 0.5618
19/98 [====>.........................] - ETA: 9s - loss: 1.2291 - accuracy: 0.5612
20/98 [=====>........................] - ETA: 9s - loss: 1.2276 - accuracy: 0.5618
21/98 [=====>........................] - ETA: 9s - loss: 1.2295 - accuracy: 0.5610
22/98 [=====>........................] - ETA: 9s - loss: 1.2271 - accuracy: 0.5624
23/98 [======>.......................] - ETA: 8s - loss: 1.2300 - accuracy: 0.5612
24/98 [======>.......................] - ETA: 8s - loss: 1.2295 - accuracy: 0.5621
25/98 [======>.......................] - ETA: 8s - loss: 1.2286 - accuracy: 0.5623
26/98 [======>.......................] - ETA: 8s - loss: 1.2282 - accuracy: 0.5627
27/98 [=======>......................] - ETA: 8s - loss: 1.2312 - accuracy: 0.5620
28/98 [=======>......................] - ETA: 8s - loss: 1.2302 - accuracy: 0.5610
29/98 [=======>......................] - ETA: 8s - loss: 1.2285 - accuracy: 0.5614
30/98 [========>.....................] - ETA: 8s - loss: 1.2314 - accuracy: 0.5600
31/98 [========>.....................] - ETA: 7s - loss: 1.2312 - accuracy: 0.5595
32/98 [========>.....................] - ETA: 7s - loss: 1.2306 - accuracy: 0.5602
33/98 [=========>....................] - ETA: 7s - loss: 1.2299 - accuracy: 0.5603
34/98 [=========>....................] - ETA: 7s - loss: 1.2288 - accuracy: 0.5611
35/98 [=========>....................] - ETA: 7s - loss: 1.2285 - accuracy: 0.5610
36/98 [==========>...................] - ETA: 6s - loss: 1.2282 - accuracy: 0.5613
37/98 [==========>...................] - ETA: 6s - loss: 1.2260 - accuracy: 0.5618
38/98 [==========>...................] - ETA: 6s - loss: 1.2261 - accuracy: 0.5615
39/98 [==========>...................] - ETA: 6s - loss: 1.2271 - accuracy: 0.5616
40/98 [===========>..................] - ETA: 6s - loss: 1.2272 - accuracy: 0.5622
41/98 [===========>..................] - ETA: 6s - loss: 1.2276 - accuracy: 0.5626
42/98 [===========>..................] - ETA: 5s - loss: 1.2277 - accuracy: 0.5623
43/98 [============>.................] - ETA: 5s - loss: 1.2253 - accuracy: 0.5633
44/98 [============>.................] - ETA: 5s - loss: 1.2240 - accuracy: 0.5637
45/98 [============>.................] - ETA: 5s - loss: 1.2241 - accuracy: 0.5641
46/98 [=============>................] - ETA: 5s - loss: 1.2231 - accuracy: 0.5649
47/98 [=============>................] - ETA: 5s - loss: 1.2210 - accuracy: 0.5654
48/98 [=============>................] - ETA: 5s - loss: 1.2202 - accuracy: 0.5658
49/98 [==============>...............] - ETA: 5s - loss: 1.2185 - accuracy: 0.5660
50/98 [==============>...............] - ETA: 5s - loss: 1.2166 - accuracy: 0.5666
51/98 [==============>...............] - ETA: 4s - loss: 1.2141 - accuracy: 0.5673
52/98 [==============>...............] - ETA: 4s - loss: 1.2153 - accuracy: 0.5671
53/98 [===============>..............] - ETA: 4s - loss: 1.2146 - accuracy: 0.5674
54/98 [===============>..............] - ETA: 4s - loss: 1.2141 - accuracy: 0.5679
55/98 [===============>..............] - ETA: 4s - loss: 1.2136 - accuracy: 0.5681
56/98 [================>.............] - ETA: 4s - loss: 1.2126 - accuracy: 0.5685
57/98 [================>.............] - ETA: 4s - loss: 1.2112 - accuracy: 0.5693
58/98 [================>.............] - ETA: 4s - loss: 1.2110 - accuracy: 0.5694
59/98 [=================>............] - ETA: 4s - loss: 1.2073 - accuracy: 0.5706
60/98 [=================>............] - ETA: 4s - loss: 1.2060 - accuracy: 0.5707
61/98 [=================>............] - ETA: 3s - loss: 1.2056 - accuracy: 0.5709
62/98 [=================>............] - ETA: 3s - loss: 1.2060 - accuracy: 0.5710
63/98 [==================>...........] - ETA: 3s - loss: 1.2043 - accuracy: 0.5718
64/98 [==================>...........] - ETA: 3s - loss: 1.2043 - accuracy: 0.5721
65/98 [==================>...........] - ETA: 3s - loss: 1.2038 - accuracy: 0.5722
66/98 [===================>..........] - ETA: 3s - loss: 1.2022 - accuracy: 0.5728
67/98 [===================>..........] - ETA: 3s - loss: 1.2018 - accuracy: 0.5730
68/98 [===================>..........] - ETA: 3s - loss: 1.2005 - accuracy: 0.5733
69/98 [====================>.........] - ETA: 3s - loss: 1.1997 - accuracy: 0.5734
70/98 [====================>.........] - ETA: 3s - loss: 1.1982 - accuracy: 0.5739
71/98 [====================>.........] - ETA: 2s - loss: 1.1982 - accuracy: 0.5739
72/98 [=====================>........] - ETA: 2s - loss: 1.1977 - accuracy: 0.5742
73/98 [=====================>........] - ETA: 2s - loss: 1.1970 - accuracy: 0.5747
74/98 [=====================>........] - ETA: 2s - loss: 1.1962 - accuracy: 0.5747
75/98 [=====================>........] - ETA: 2s - loss: 1.1942 - accuracy: 0.5750
76/98 [======================>.......] - ETA: 2s - loss: 1.1923 - accuracy: 0.5758
77/98 [======================>.......] - ETA: 2s - loss: 1.1910 - accuracy: 0.5763
78/98 [======================>.......] - ETA: 2s - loss: 1.1906 - accuracy: 0.5766
79/98 [=======================>......] - ETA: 2s - loss: 1.1899 - accuracy: 0.5767
80/98 [=======================>......] - ETA: 1s - loss: 1.1894 - accuracy: 0.5770
81/98 [=======================>......] - ETA: 1s - loss: 1.1880 - accuracy: 0.5773
82/98 [========================>.....] - ETA: 1s - loss: 1.1880 - accuracy: 0.5778
83/98 [========================>.....] - ETA: 1s - loss: 1.1867 - accuracy: 0.5783
84/98 [========================>.....] - ETA: 1s - loss: 1.1866 - accuracy: 0.5784
85/98 [=========================>....] - ETA: 1s - loss: 1.1858 - accuracy: 0.5785
86/98 [=========================>....] - ETA: 1s - loss: 1.1845 - accuracy: 0.5788
87/98 [=========================>....] - ETA: 1s - loss: 1.1841 - accuracy: 0.5792
88/98 [=========================>....] - ETA: 1s - loss: 1.1824 - accuracy: 0.5797
89/98 [==========================>...] - ETA: 0s - loss: 1.1811 - accuracy: 0.5802
90/98 [==========================>...] - ETA: 0s - loss: 1.1808 - accuracy: 0.5804
91/98 [==========================>...] - ETA: 0s - loss: 1.1805 - accuracy: 0.5804
92/98 [===========================>..] - ETA: 0s - loss: 1.1805 - accuracy: 0.5801
93/98 [===========================>..] - ETA: 0s - loss: 1.1789 - accuracy: 0.5807
94/98 [===========================>..] - ETA: 0s - loss: 1.1778 - accuracy: 0.5813
95/98 [============================>.] - ETA: 0s - loss: 1.1787 - accuracy: 0.5816
96/98 [============================>.] - ETA: 0s - loss: 1.1776 - accuracy: 0.5819
97/98 [============================>.] - ETA: 0s - loss: 1.1757 - accuracy: 0.5826
98/98 [==============================] - ETA: 0s - loss: 1.1744 - accuracy: 0.5831
98/98 [==============================] - 12s 126ms/step - loss: 1.1744 - accuracy: 0.5831 - val_loss: 1.8858 - val_accuracy: 0.3496
Epoch 4/84

 1/98 [..............................] - ETA: 12s - loss: 1.0536 - accuracy: 0.6270
 2/98 [..............................] - ETA: 11s - loss: 1.0579 - accuracy: 0.6211
 3/98 [..............................] - ETA: 11s - loss: 1.0377 - accuracy: 0.6270
 4/98 [>.............................] - ETA: 11s - loss: 1.0399 - accuracy: 0.6245
 5/98 [>.............................] - ETA: 11s - loss: 1.0362 - accuracy: 0.6270
 6/98 [>.............................] - ETA: 10s - loss: 1.0445 - accuracy: 0.6263
 7/98 [=>............................] - ETA: 10s - loss: 1.0494 - accuracy: 0.6233
 8/98 [=>............................] - ETA: 10s - loss: 1.0475 - accuracy: 0.6260
 9/98 [=>............................] - ETA: 9s - loss: 1.0475 - accuracy: 0.6230 
10/98 [==>...........................] - ETA: 9s - loss: 1.0388 - accuracy: 0.6275
11/98 [==>...........................] - ETA: 8s - loss: 1.0301 - accuracy: 0.6316
12/98 [==>...........................] - ETA: 8s - loss: 1.0247 - accuracy: 0.6344
13/98 [==>...........................] - ETA: 8s - loss: 1.0285 - accuracy: 0.6360
14/98 [===>..........................] - ETA: 7s - loss: 1.0296 - accuracy: 0.6363
15/98 [===>..........................] - ETA: 7s - loss: 1.0375 - accuracy: 0.6329
16/98 [===>..........................] - ETA: 7s - loss: 1.0419 - accuracy: 0.6313
17/98 [====>.........................] - ETA: 7s - loss: 1.0446 - accuracy: 0.6299
18/98 [====>.........................] - ETA: 7s - loss: 1.0518 - accuracy: 0.6285
19/98 [====>.........................] - ETA: 7s - loss: 1.0493 - accuracy: 0.6293
20/98 [=====>........................] - ETA: 6s - loss: 1.0505 - accuracy: 0.6303
21/98 [=====>........................] - ETA: 6s - loss: 1.0518 - accuracy: 0.6306
22/98 [=====>........................] - ETA: 6s - loss: 1.0501 - accuracy: 0.6310
23/98 [======>.......................] - ETA: 6s - loss: 1.0479 - accuracy: 0.6326
24/98 [======>.......................] - ETA: 6s - loss: 1.0496 - accuracy: 0.6319
25/98 [======>.......................] - ETA: 6s - loss: 1.0495 - accuracy: 0.6323
26/98 [======>.......................] - ETA: 6s - loss: 1.0483 - accuracy: 0.6324
27/98 [=======>......................] - ETA: 6s - loss: 1.0470 - accuracy: 0.6326
28/98 [=======>......................] - ETA: 6s - loss: 1.0446 - accuracy: 0.6334
29/98 [=======>......................] - ETA: 6s - loss: 1.0446 - accuracy: 0.6337
30/98 [========>.....................] - ETA: 6s - loss: 1.0417 - accuracy: 0.6340
31/98 [========>.....................] - ETA: 6s - loss: 1.0394 - accuracy: 0.6345
32/98 [========>.....................] - ETA: 6s - loss: 1.0384 - accuracy: 0.6348
33/98 [=========>....................] - ETA: 6s - loss: 1.0380 - accuracy: 0.6347
34/98 [=========>....................] - ETA: 6s - loss: 1.0350 - accuracy: 0.6353
35/98 [=========>....................] - ETA: 6s - loss: 1.0333 - accuracy: 0.6363
36/98 [==========>...................] - ETA: 6s - loss: 1.0333 - accuracy: 0.6359
37/98 [==========>...................] - ETA: 6s - loss: 1.0326 - accuracy: 0.6359
38/98 [==========>...................] - ETA: 5s - loss: 1.0314 - accuracy: 0.6362
39/98 [==========>...................] - ETA: 5s - loss: 1.0321 - accuracy: 0.6362
40/98 [===========>..................] - ETA: 5s - loss: 1.0334 - accuracy: 0.6351
41/98 [===========>..................] - ETA: 5s - loss: 1.0346 - accuracy: 0.6353
42/98 [===========>..................] - ETA: 5s - loss: 1.0363 - accuracy: 0.6338
43/98 [============>.................] - ETA: 5s - loss: 1.0382 - accuracy: 0.6333
44/98 [============>.................] - ETA: 5s - loss: 1.0376 - accuracy: 0.6337
45/98 [============>.................] - ETA: 5s - loss: 1.0382 - accuracy: 0.6328
46/98 [=============>................] - ETA: 5s - loss: 1.0370 - accuracy: 0.6336
47/98 [=============>................] - ETA: 5s - loss: 1.0360 - accuracy: 0.6338
48/98 [=============>................] - ETA: 5s - loss: 1.0373 - accuracy: 0.6333
49/98 [==============>...............] - ETA: 5s - loss: 1.0390 - accuracy: 0.6329
50/98 [==============>...............] - ETA: 4s - loss: 1.0413 - accuracy: 0.6321
51/98 [==============>...............] - ETA: 4s - loss: 1.0417 - accuracy: 0.6319
52/98 [==============>...............] - ETA: 4s - loss: 1.0428 - accuracy: 0.6318
53/98 [===============>..............] - ETA: 4s - loss: 1.0438 - accuracy: 0.6312
54/98 [===============>..............] - ETA: 4s - loss: 1.0425 - accuracy: 0.6319
55/98 [===============>..............] - ETA: 4s - loss: 1.0417 - accuracy: 0.6321
56/98 [================>.............] - ETA: 4s - loss: 1.0426 - accuracy: 0.6316
57/98 [================>.............] - ETA: 4s - loss: 1.0418 - accuracy: 0.6321
58/98 [================>.............] - ETA: 4s - loss: 1.0414 - accuracy: 0.6320
59/98 [=================>............] - ETA: 4s - loss: 1.0418 - accuracy: 0.6319
60/98 [=================>............] - ETA: 4s - loss: 1.0421 - accuracy: 0.6315
61/98 [=================>............] - ETA: 3s - loss: 1.0423 - accuracy: 0.6309
62/98 [=================>............] - ETA: 3s - loss: 1.0410 - accuracy: 0.6317
63/98 [==================>...........] - ETA: 3s - loss: 1.0409 - accuracy: 0.6318
64/98 [==================>...........] - ETA: 3s - loss: 1.0416 - accuracy: 0.6318
65/98 [==================>...........] - ETA: 3s - loss: 1.0408 - accuracy: 0.6321
66/98 [===================>..........] - ETA: 3s - loss: 1.0404 - accuracy: 0.6323
67/98 [===================>..........] - ETA: 3s - loss: 1.0394 - accuracy: 0.6326
68/98 [===================>..........] - ETA: 3s - loss: 1.0391 - accuracy: 0.6328
69/98 [====================>.........] - ETA: 3s - loss: 1.0369 - accuracy: 0.6333
70/98 [====================>.........] - ETA: 3s - loss: 1.0368 - accuracy: 0.6333
71/98 [====================>.........] - ETA: 2s - loss: 1.0367 - accuracy: 0.6333
72/98 [=====================>........] - ETA: 2s - loss: 1.0370 - accuracy: 0.6334
73/98 [=====================>........] - ETA: 2s - loss: 1.0372 - accuracy: 0.6332
74/98 [=====================>........] - ETA: 2s - loss: 1.0365 - accuracy: 0.6335
75/98 [=====================>........] - ETA: 2s - loss: 1.0358 - accuracy: 0.6338
76/98 [======================>.......] - ETA: 2s - loss: 1.0350 - accuracy: 0.6343
77/98 [======================>.......] - ETA: 2s - loss: 1.0342 - accuracy: 0.6347
78/98 [======================>.......] - ETA: 2s - loss: 1.0336 - accuracy: 0.6349
79/98 [=======================>......] - ETA: 2s - loss: 1.0332 - accuracy: 0.6348
80/98 [=======================>......] - ETA: 1s - loss: 1.0335 - accuracy: 0.6349
81/98 [=======================>......] - ETA: 1s - loss: 1.0338 - accuracy: 0.6345
82/98 [========================>.....] - ETA: 1s - loss: 1.0329 - accuracy: 0.6349
83/98 [========================>.....] - ETA: 1s - loss: 1.0319 - accuracy: 0.6354
84/98 [========================>.....] - ETA: 1s - loss: 1.0318 - accuracy: 0.6355
85/98 [=========================>....] - ETA: 1s - loss: 1.0325 - accuracy: 0.6351
86/98 [=========================>....] - ETA: 1s - loss: 1.0327 - accuracy: 0.6354
87/98 [=========================>....] - ETA: 1s - loss: 1.0326 - accuracy: 0.6355
88/98 [=========================>....] - ETA: 1s - loss: 1.0316 - accuracy: 0.6357
89/98 [==========================>...] - ETA: 0s - loss: 1.0308 - accuracy: 0.6361
90/98 [==========================>...] - ETA: 0s - loss: 1.0304 - accuracy: 0.6362
91/98 [==========================>...] - ETA: 0s - loss: 1.0297 - accuracy: 0.6365
92/98 [===========================>..] - ETA: 0s - loss: 1.0288 - accuracy: 0.6365
93/98 [===========================>..] - ETA: 0s - loss: 1.0287 - accuracy: 0.6365
94/98 [===========================>..] - ETA: 0s - loss: 1.0276 - accuracy: 0.6368
95/98 [============================>.] - ETA: 0s - loss: 1.0272 - accuracy: 0.6369
96/98 [============================>.] - ETA: 0s - loss: 1.0266 - accuracy: 0.6369
97/98 [============================>.] - ETA: 0s - loss: 1.0262 - accuracy: 0.6372
98/98 [==============================] - ETA: 0s - loss: 1.0258 - accuracy: 0.6374
98/98 [==============================] - 12s 121ms/step - loss: 1.0258 - accuracy: 0.6374 - val_loss: 1.1082 - val_accuracy: 0.6142
Epoch 5/84

 1/98 [..............................] - ETA: 10s - loss: 0.9388 - accuracy: 0.6777
 2/98 [..............................] - ETA: 10s - loss: 0.8715 - accuracy: 0.6982
 3/98 [..............................] - ETA: 11s - loss: 0.8758 - accuracy: 0.6953
 4/98 [>.............................] - ETA: 9s - loss: 0.8859 - accuracy: 0.6907 
 5/98 [>.............................] - ETA: 9s - loss: 0.9020 - accuracy: 0.6900
 6/98 [>.............................] - ETA: 10s - loss: 0.8864 - accuracy: 0.6916
 7/98 [=>............................] - ETA: 10s - loss: 0.8952 - accuracy: 0.6866
 8/98 [=>............................] - ETA: 10s - loss: 0.8964 - accuracy: 0.6872
 9/98 [=>............................] - ETA: 10s - loss: 0.9097 - accuracy: 0.6834
10/98 [==>...........................] - ETA: 10s - loss: 0.9241 - accuracy: 0.6786
11/98 [==>...........................] - ETA: 9s - loss: 0.9313 - accuracy: 0.6776 
12/98 [==>...........................] - ETA: 9s - loss: 0.9352 - accuracy: 0.6761
13/98 [==>...........................] - ETA: 9s - loss: 0.9304 - accuracy: 0.6756
14/98 [===>..........................] - ETA: 9s - loss: 0.9330 - accuracy: 0.6743
15/98 [===>..........................] - ETA: 9s - loss: 0.9336 - accuracy: 0.6742
16/98 [===>..........................] - ETA: 9s - loss: 0.9304 - accuracy: 0.6748
17/98 [====>.........................] - ETA: 9s - loss: 0.9347 - accuracy: 0.6718
18/98 [====>.........................] - ETA: 9s - loss: 0.9387 - accuracy: 0.6691
19/98 [====>.........................] - ETA: 9s - loss: 0.9443 - accuracy: 0.6665
20/98 [=====>........................] - ETA: 9s - loss: 0.9469 - accuracy: 0.6665
21/98 [=====>........................] - ETA: 9s - loss: 0.9446 - accuracy: 0.6667
22/98 [=====>........................] - ETA: 8s - loss: 0.9443 - accuracy: 0.6672
23/98 [======>.......................] - ETA: 8s - loss: 0.9487 - accuracy: 0.6662
24/98 [======>.......................] - ETA: 8s - loss: 0.9467 - accuracy: 0.6676
25/98 [======>.......................] - ETA: 8s - loss: 0.9434 - accuracy: 0.6684
26/98 [======>.......................] - ETA: 8s - loss: 0.9418 - accuracy: 0.6689
27/98 [=======>......................] - ETA: 8s - loss: 0.9389 - accuracy: 0.6703
28/98 [=======>......................] - ETA: 8s - loss: 0.9371 - accuracy: 0.6705
29/98 [=======>......................] - ETA: 8s - loss: 0.9343 - accuracy: 0.6713
30/98 [========>.....................] - ETA: 7s - loss: 0.9332 - accuracy: 0.6718
31/98 [========>.....................] - ETA: 7s - loss: 0.9331 - accuracy: 0.6718
32/98 [========>.....................] - ETA: 7s - loss: 0.9344 - accuracy: 0.6717
33/98 [=========>....................] - ETA: 7s - loss: 0.9335 - accuracy: 0.6711
34/98 [=========>....................] - ETA: 7s - loss: 0.9321 - accuracy: 0.6710
35/98 [=========>....................] - ETA: 7s - loss: 0.9306 - accuracy: 0.6719
36/98 [==========>...................] - ETA: 7s - loss: 0.9302 - accuracy: 0.6721
37/98 [==========>...................] - ETA: 7s - loss: 0.9326 - accuracy: 0.6711
38/98 [==========>...................] - ETA: 7s - loss: 0.9319 - accuracy: 0.6717
39/98 [==========>...................] - ETA: 6s - loss: 0.9332 - accuracy: 0.6712
40/98 [===========>..................] - ETA: 6s - loss: 0.9313 - accuracy: 0.6716
41/98 [===========>..................] - ETA: 6s - loss: 0.9310 - accuracy: 0.6719
42/98 [===========>..................] - ETA: 6s - loss: 0.9292 - accuracy: 0.6722
