2024-06-26 00:56:13.972897: I tensorflow/core/platform/cpu_feature_guard.cc:193] This TensorFlow binary is optimized with oneAPI Deep Neural Network Library (oneDNN) to use the following CPU instructions in performance-critical operations:  AVX AVX2
To enable them in other operations, rebuild TensorFlow with the appropriate compiler flags.
2024-06-26 00:56:14.523636: I tensorflow/core/common_runtime/gpu/gpu_device.cc:1616] Created device /job:localhost/replica:0/task:0/device:GPU:0 with 6656 MB memory:  -> device: 0, name: NVIDIA GeForce RTX 4060 Ti, pci bus id: 0000:01:00.0, compute capability: 8.9
1 Physical GPUs, 1 Logical GPUs
Model: "sequential"
_________________________________________________________________
 Layer (type)                Output Shape              Param #   
=================================================================
 conv2d (Conv2D)             (None, 32, 32, 32)        896       
                                                                 
 batch_normalization (BatchN  (None, 32, 32, 32)       128       
 ormalization)                                                   
                                                                 
 conv2d_1 (Conv2D)           (None, 32, 32, 64)        51264     
                                                                 
 max_pooling2d (MaxPooling2D  (None, 16, 16, 64)       0         
 )                                                               
                                                                 
 conv2d_2 (Conv2D)           (None, 16, 16, 32)        165920    
                                                                 
 max_pooling2d_1 (MaxPooling  (None, 8, 8, 32)         0         
 2D)                                                             
                                                                 
 batch_normalization_1 (Batc  (None, 8, 8, 32)         128       
 hNormalization)                                                 
                                                                 
 dropout (Dropout)           (None, 8, 8, 32)          0         
                                                                 
 flatten (Flatten)           (None, 2048)              0         
                                                                 
 dense (Dense)               (None, 10)                20490     
                                                                 
=================================================================
Total params: 238,826
Trainable params: 238,698
Non-trainable params: 128
_________________________________________________________________
Taxa de aprendizado:  0.01 Num de épocas:  84 Tamanho do lote:  512 Dropout:  0.40907
Epoch 1/84
2024-06-26 00:56:15.913572: I tensorflow/stream_executor/cuda/cuda_dnn.cc:384] Loaded cuDNN version 8100
2024-06-26 00:56:16.795297: W tensorflow/stream_executor/gpu/redzone_allocator.cc:314] INTERNAL: ptxas exited with non-zero error code -1, output: 
Relying on driver to perform ptx compilation. 
Modify $PATH to customize ptxas location.
This message will be only logged once.
2024-06-26 00:56:18.078603: I tensorflow/stream_executor/cuda/cuda_blas.cc:1614] TensorFloat-32 will be used for the matrix multiplication. This will only be logged once.

 1/98 [..............................] - ETA: 8:34 - loss: 3.4938 - accuracy: 0.1133
 2/98 [..............................] - ETA: 7s - loss: 4.3908 - accuracy: 0.1396  
 3/98 [..............................] - ETA: 6s - loss: 5.0008 - accuracy: 0.1556
 4/98 [>.............................] - ETA: 6s - loss: 5.2942 - accuracy: 0.1470
 5/98 [>.............................] - ETA: 6s - loss: 5.0328 - accuracy: 0.1484
 6/98 [>.............................] - ETA: 6s - loss: 4.8108 - accuracy: 0.1504
 7/98 [=>............................] - ETA: 6s - loss: 4.6802 - accuracy: 0.1515
 8/98 [=>............................] - ETA: 6s - loss: 4.5499 - accuracy: 0.1548
 9/98 [=>............................] - ETA: 6s - loss: 4.4096 - accuracy: 0.1612
10/98 [==>...........................] - ETA: 6s - loss: 4.3052 - accuracy: 0.1670
11/98 [==>...........................] - ETA: 6s - loss: 4.2080 - accuracy: 0.1701
12/98 [==>...........................] - ETA: 6s - loss: 4.1211 - accuracy: 0.1738
13/98 [==>...........................] - ETA: 6s - loss: 4.0173 - accuracy: 0.1782
14/98 [===>..........................] - ETA: 6s - loss: 3.9394 - accuracy: 0.1816
15/98 [===>..........................] - ETA: 6s - loss: 3.8655 - accuracy: 0.1853
16/98 [===>..........................] - ETA: 6s - loss: 3.8013 - accuracy: 0.1876
17/98 [====>.........................] - ETA: 6s - loss: 3.7396 - accuracy: 0.1886
18/98 [====>.........................] - ETA: 6s - loss: 3.6813 - accuracy: 0.1910
19/98 [====>.........................] - ETA: 6s - loss: 3.6272 - accuracy: 0.1936
20/98 [=====>........................] - ETA: 6s - loss: 3.5689 - accuracy: 0.1978
21/98 [=====>........................] - ETA: 6s - loss: 3.5177 - accuracy: 0.2017
22/98 [=====>........................] - ETA: 6s - loss: 3.4705 - accuracy: 0.2040
23/98 [======>.......................] - ETA: 6s - loss: 3.4338 - accuracy: 0.2047
24/98 [======>.......................] - ETA: 6s - loss: 3.3913 - accuracy: 0.2058
25/98 [======>.......................] - ETA: 6s - loss: 3.3493 - accuracy: 0.2066
26/98 [======>.......................] - ETA: 6s - loss: 3.3086 - accuracy: 0.2096
27/98 [=======>......................] - ETA: 5s - loss: 3.2742 - accuracy: 0.2125
28/98 [=======>......................] - ETA: 5s - loss: 3.2360 - accuracy: 0.2155
29/98 [=======>......................] - ETA: 5s - loss: 3.2065 - accuracy: 0.2182
30/98 [========>.....................] - ETA: 5s - loss: 3.1718 - accuracy: 0.2203
31/98 [========>.....................] - ETA: 5s - loss: 3.1405 - accuracy: 0.2220
32/98 [========>.....................] - ETA: 5s - loss: 3.1068 - accuracy: 0.2257
33/98 [=========>....................] - ETA: 5s - loss: 3.0790 - accuracy: 0.2270
34/98 [=========>....................] - ETA: 5s - loss: 3.0532 - accuracy: 0.2287
35/98 [=========>....................] - ETA: 5s - loss: 3.0290 - accuracy: 0.2302
36/98 [==========>...................] - ETA: 5s - loss: 3.0057 - accuracy: 0.2313
37/98 [==========>...................] - ETA: 4s - loss: 2.9822 - accuracy: 0.2331
38/98 [==========>...................] - ETA: 4s - loss: 2.9594 - accuracy: 0.2359
39/98 [==========>...................] - ETA: 4s - loss: 2.9358 - accuracy: 0.2378
40/98 [===========>..................] - ETA: 4s - loss: 2.9149 - accuracy: 0.2397
41/98 [===========>..................] - ETA: 4s - loss: 2.8949 - accuracy: 0.2417
42/98 [===========>..................] - ETA: 4s - loss: 2.8755 - accuracy: 0.2431
43/98 [============>.................] - ETA: 4s - loss: 2.8538 - accuracy: 0.2455
44/98 [============>.................] - ETA: 4s - loss: 2.8364 - accuracy: 0.2464
45/98 [============>.................] - ETA: 4s - loss: 2.8180 - accuracy: 0.2477
46/98 [=============>................] - ETA: 4s - loss: 2.7972 - accuracy: 0.2503
47/98 [=============>................] - ETA: 4s - loss: 2.7796 - accuracy: 0.2519
48/98 [=============>................] - ETA: 5s - loss: 2.7675 - accuracy: 0.2535
49/98 [==============>...............] - ETA: 5s - loss: 2.7507 - accuracy: 0.2562
50/98 [==============>...............] - ETA: 5s - loss: 2.7353 - accuracy: 0.2582
51/98 [==============>...............] - ETA: 5s - loss: 2.7173 - accuracy: 0.2619
52/98 [==============>...............] - ETA: 5s - loss: 2.7013 - accuracy: 0.2640
53/98 [===============>..............] - ETA: 4s - loss: 2.6854 - accuracy: 0.2662
54/98 [===============>..............] - ETA: 4s - loss: 2.6722 - accuracy: 0.2682
55/98 [===============>..............] - ETA: 4s - loss: 2.6581 - accuracy: 0.2698
56/98 [================>.............] - ETA: 4s - loss: 2.6424 - accuracy: 0.2720
57/98 [================>.............] - ETA: 4s - loss: 2.6289 - accuracy: 0.2741
58/98 [================>.............] - ETA: 4s - loss: 2.6175 - accuracy: 0.2758
59/98 [=================>............] - ETA: 4s - loss: 2.6043 - accuracy: 0.2775
60/98 [=================>............] - ETA: 4s - loss: 2.5897 - accuracy: 0.2794
61/98 [=================>............] - ETA: 3s - loss: 2.5766 - accuracy: 0.2809
62/98 [=================>............] - ETA: 3s - loss: 2.5616 - accuracy: 0.2829
63/98 [==================>...........] - ETA: 3s - loss: 2.5494 - accuracy: 0.2849
64/98 [==================>...........] - ETA: 3s - loss: 2.5385 - accuracy: 0.2861
65/98 [==================>...........] - ETA: 3s - loss: 2.5255 - accuracy: 0.2882
66/98 [===================>..........] - ETA: 3s - loss: 2.5151 - accuracy: 0.2896
67/98 [===================>..........] - ETA: 3s - loss: 2.5028 - accuracy: 0.2917
68/98 [===================>..........] - ETA: 3s - loss: 2.4929 - accuracy: 0.2932
69/98 [====================>.........] - ETA: 3s - loss: 2.4825 - accuracy: 0.2949
70/98 [====================>.........] - ETA: 2s - loss: 2.4719 - accuracy: 0.2969
71/98 [====================>.........] - ETA: 2s - loss: 2.4622 - accuracy: 0.2978
72/98 [=====================>........] - ETA: 2s - loss: 2.4510 - accuracy: 0.2992
73/98 [=====================>........] - ETA: 2s - loss: 2.4406 - accuracy: 0.3009
74/98 [=====================>........] - ETA: 2s - loss: 2.4313 - accuracy: 0.3028
75/98 [=====================>........] - ETA: 2s - loss: 2.4217 - accuracy: 0.3039
76/98 [======================>.......] - ETA: 2s - loss: 2.4118 - accuracy: 0.3051
77/98 [======================>.......] - ETA: 2s - loss: 2.4024 - accuracy: 0.3063
78/98 [======================>.......] - ETA: 2s - loss: 2.3959 - accuracy: 0.3074
79/98 [=======================>......] - ETA: 1s - loss: 2.3875 - accuracy: 0.3090
80/98 [=======================>......] - ETA: 1s - loss: 2.3773 - accuracy: 0.3107
81/98 [=======================>......] - ETA: 1s - loss: 2.3691 - accuracy: 0.3121
82/98 [========================>.....] - ETA: 1s - loss: 2.3618 - accuracy: 0.3135
83/98 [========================>.....] - ETA: 1s - loss: 2.3552 - accuracy: 0.3147
84/98 [========================>.....] - ETA: 1s - loss: 2.3484 - accuracy: 0.3161
85/98 [=========================>....] - ETA: 1s - loss: 2.3403 - accuracy: 0.3176
86/98 [=========================>....] - ETA: 1s - loss: 2.3327 - accuracy: 0.3189
87/98 [=========================>....] - ETA: 1s - loss: 2.3240 - accuracy: 0.3201
88/98 [=========================>....] - ETA: 0s - loss: 2.3164 - accuracy: 0.3211
89/98 [==========================>...] - ETA: 0s - loss: 2.3095 - accuracy: 0.3224
90/98 [==========================>...] - ETA: 0s - loss: 2.3026 - accuracy: 0.3240
91/98 [==========================>...] - ETA: 0s - loss: 2.2955 - accuracy: 0.3253
92/98 [===========================>..] - ETA: 0s - loss: 2.2893 - accuracy: 0.3264
93/98 [===========================>..] - ETA: 0s - loss: 2.2836 - accuracy: 0.3273
94/98 [===========================>..] - ETA: 0s - loss: 2.2782 - accuracy: 0.3287
95/98 [============================>.] - ETA: 0s - loss: 2.2717 - accuracy: 0.3300
96/98 [============================>.] - ETA: 0s - loss: 2.2662 - accuracy: 0.3310
97/98 [============================>.] - ETA: 0s - loss: 2.2597 - accuracy: 0.3321
98/98 [==============================] - ETA: 0s - loss: 2.2529 - accuracy: 0.3335
98/98 [==============================] - 16s 109ms/step - loss: 2.2529 - accuracy: 0.3335 - val_loss: 2.2299 - val_accuracy: 0.1478
Epoch 2/84

 1/98 [..............................] - ETA: 7s - loss: 1.6491 - accuracy: 0.4473
 2/98 [..............................] - ETA: 7s - loss: 1.6050 - accuracy: 0.4492
 3/98 [..............................] - ETA: 6s - loss: 1.6031 - accuracy: 0.4447
 4/98 [>.............................] - ETA: 7s - loss: 1.6087 - accuracy: 0.4482
 5/98 [>.............................] - ETA: 7s - loss: 1.6302 - accuracy: 0.4504
 6/98 [>.............................] - ETA: 7s - loss: 1.6226 - accuracy: 0.4476
 7/98 [=>............................] - ETA: 7s - loss: 1.6294 - accuracy: 0.4475
 8/98 [=>............................] - ETA: 7s - loss: 1.6219 - accuracy: 0.4456
 9/98 [=>............................] - ETA: 7s - loss: 1.6275 - accuracy: 0.4460
10/98 [==>...........................] - ETA: 7s - loss: 1.6278 - accuracy: 0.4488
11/98 [==>...........................] - ETA: 7s - loss: 1.6302 - accuracy: 0.4466
12/98 [==>...........................] - ETA: 7s - loss: 1.6345 - accuracy: 0.4448
13/98 [==>...........................] - ETA: 7s - loss: 1.6393 - accuracy: 0.4446
14/98 [===>..........................] - ETA: 7s - loss: 1.6302 - accuracy: 0.4457
15/98 [===>..........................] - ETA: 7s - loss: 1.6258 - accuracy: 0.4475
16/98 [===>..........................] - ETA: 7s - loss: 1.6297 - accuracy: 0.4462
17/98 [====>.........................] - ETA: 7s - loss: 1.6280 - accuracy: 0.4461
18/98 [====>.........................] - ETA: 7s - loss: 1.6206 - accuracy: 0.4486
19/98 [====>.........................] - ETA: 7s - loss: 1.6190 - accuracy: 0.4473
20/98 [=====>........................] - ETA: 7s - loss: 1.6204 - accuracy: 0.4469
21/98 [=====>........................] - ETA: 6s - loss: 1.6192 - accuracy: 0.4467
22/98 [=====>........................] - ETA: 6s - loss: 1.6223 - accuracy: 0.4468
23/98 [======>.......................] - ETA: 6s - loss: 1.6223 - accuracy: 0.4451
24/98 [======>.......................] - ETA: 6s - loss: 1.6229 - accuracy: 0.4447
25/98 [======>.......................] - ETA: 6s - loss: 1.6235 - accuracy: 0.4448
26/98 [======>.......................] - ETA: 6s - loss: 1.6180 - accuracy: 0.4461
27/98 [=======>......................] - ETA: 6s - loss: 1.6154 - accuracy: 0.4483
28/98 [=======>......................] - ETA: 5s - loss: 1.6129 - accuracy: 0.4491
29/98 [=======>......................] - ETA: 5s - loss: 1.6123 - accuracy: 0.4502
30/98 [========>.....................] - ETA: 5s - loss: 1.6115 - accuracy: 0.4505
31/98 [========>.....................] - ETA: 5s - loss: 1.6061 - accuracy: 0.4522
32/98 [========>.....................] - ETA: 5s - loss: 1.6030 - accuracy: 0.4533
33/98 [=========>....................] - ETA: 5s - loss: 1.6030 - accuracy: 0.4541
34/98 [=========>....................] - ETA: 5s - loss: 1.6019 - accuracy: 0.4549
35/98 [=========>....................] - ETA: 5s - loss: 1.5997 - accuracy: 0.4555
36/98 [==========>...................] - ETA: 5s - loss: 1.5981 - accuracy: 0.4557
37/98 [==========>...................] - ETA: 5s - loss: 1.5949 - accuracy: 0.4566
38/98 [==========>...................] - ETA: 4s - loss: 1.5907 - accuracy: 0.4578
39/98 [==========>...................] - ETA: 4s - loss: 1.5875 - accuracy: 0.4583
40/98 [===========>..................] - ETA: 4s - loss: 1.5873 - accuracy: 0.4583
41/98 [===========>..................] - ETA: 4s - loss: 1.5856 - accuracy: 0.4588
42/98 [===========>..................] - ETA: 4s - loss: 1.5835 - accuracy: 0.4600
43/98 [============>.................] - ETA: 4s - loss: 1.5809 - accuracy: 0.4615
44/98 [============>.................] - ETA: 4s - loss: 1.5781 - accuracy: 0.4617
45/98 [============>.................] - ETA: 4s - loss: 1.5755 - accuracy: 0.4627
46/98 [=============>................] - ETA: 4s - loss: 1.5745 - accuracy: 0.4629
47/98 [=============>................] - ETA: 4s - loss: 1.5705 - accuracy: 0.4636
48/98 [=============>................] - ETA: 4s - loss: 1.5684 - accuracy: 0.4644
49/98 [==============>...............] - ETA: 4s - loss: 1.5663 - accuracy: 0.4650
50/98 [==============>...............] - ETA: 4s - loss: 1.5651 - accuracy: 0.4654
51/98 [==============>...............] - ETA: 3s - loss: 1.5639 - accuracy: 0.4655
52/98 [==============>...............] - ETA: 3s - loss: 1.5639 - accuracy: 0.4655
53/98 [===============>..............] - ETA: 3s - loss: 1.5626 - accuracy: 0.4663
54/98 [===============>..............] - ETA: 3s - loss: 1.5601 - accuracy: 0.4674
55/98 [===============>..............] - ETA: 3s - loss: 1.5597 - accuracy: 0.4678
56/98 [================>.............] - ETA: 3s - loss: 1.5583 - accuracy: 0.4676
57/98 [================>.............] - ETA: 3s - loss: 1.5575 - accuracy: 0.4673
58/98 [================>.............] - ETA: 3s - loss: 1.5556 - accuracy: 0.4676
59/98 [=================>............] - ETA: 3s - loss: 1.5536 - accuracy: 0.4686
60/98 [=================>............] - ETA: 3s - loss: 1.5515 - accuracy: 0.4693
61/98 [=================>............] - ETA: 3s - loss: 1.5481 - accuracy: 0.4701
62/98 [=================>............] - ETA: 2s - loss: 1.5458 - accuracy: 0.4705
63/98 [==================>...........] - ETA: 2s - loss: 1.5453 - accuracy: 0.4708
64/98 [==================>...........] - ETA: 2s - loss: 1.5438 - accuracy: 0.4714
65/98 [==================>...........] - ETA: 2s - loss: 1.5413 - accuracy: 0.4721
66/98 [===================>..........] - ETA: 2s - loss: 1.5395 - accuracy: 0.4730
67/98 [===================>..........] - ETA: 2s - loss: 1.5371 - accuracy: 0.4734
68/98 [===================>..........] - ETA: 2s - loss: 1.5360 - accuracy: 0.4740
69/98 [====================>.........] - ETA: 2s - loss: 1.5345 - accuracy: 0.4742
70/98 [====================>.........] - ETA: 2s - loss: 1.5323 - accuracy: 0.4751
71/98 [====================>.........] - ETA: 2s - loss: 1.5300 - accuracy: 0.4755
72/98 [=====================>........] - ETA: 2s - loss: 1.5295 - accuracy: 0.4754
73/98 [=====================>........] - ETA: 2s - loss: 1.5300 - accuracy: 0.4749
74/98 [=====================>........] - ETA: 1s - loss: 1.5280 - accuracy: 0.4757
75/98 [=====================>........] - ETA: 1s - loss: 1.5277 - accuracy: 0.4757
76/98 [======================>.......] - ETA: 1s - loss: 1.5258 - accuracy: 0.4758
77/98 [======================>.......] - ETA: 1s - loss: 1.5241 - accuracy: 0.4765
78/98 [======================>.......] - ETA: 1s - loss: 1.5214 - accuracy: 0.4775
79/98 [=======================>......] - ETA: 1s - loss: 1.5182 - accuracy: 0.4783
80/98 [=======================>......] - ETA: 1s - loss: 1.5178 - accuracy: 0.4783
81/98 [=======================>......] - ETA: 1s - loss: 1.5157 - accuracy: 0.4790
82/98 [========================>.....] - ETA: 1s - loss: 1.5137 - accuracy: 0.4795
83/98 [========================>.....] - ETA: 1s - loss: 1.5119 - accuracy: 0.4804
84/98 [========================>.....] - ETA: 1s - loss: 1.5098 - accuracy: 0.4806
85/98 [=========================>....] - ETA: 1s - loss: 1.5073 - accuracy: 0.4815
86/98 [=========================>....] - ETA: 1s - loss: 1.5054 - accuracy: 0.4820
87/98 [=========================>....] - ETA: 0s - loss: 1.5035 - accuracy: 0.4824
88/98 [=========================>....] - ETA: 0s - loss: 1.5012 - accuracy: 0.4832
89/98 [==========================>...] - ETA: 0s - loss: 1.4996 - accuracy: 0.4835
90/98 [==========================>...] - ETA: 0s - loss: 1.4967 - accuracy: 0.4844
91/98 [==========================>...] - ETA: 0s - loss: 1.4955 - accuracy: 0.4850
92/98 [===========================>..] - ETA: 0s - loss: 1.4935 - accuracy: 0.4853
93/98 [===========================>..] - ETA: 0s - loss: 1.4904 - accuracy: 0.4861
94/98 [===========================>..] - ETA: 0s - loss: 1.4891 - accuracy: 0.4864
95/98 [============================>.] - ETA: 0s - loss: 1.4871 - accuracy: 0.4871
96/98 [============================>.] - ETA: 0s - loss: 1.4860 - accuracy: 0.4877
97/98 [============================>.] - ETA: 0s - loss: 1.4841 - accuracy: 0.4880
98/98 [==============================] - ETA: 0s - loss: 1.4826 - accuracy: 0.4886
98/98 [==============================] - 9s 91ms/step - loss: 1.4826 - accuracy: 0.4886 - val_loss: 2.3315 - val_accuracy: 0.2609
Epoch 3/84

 1/98 [..............................] - ETA: 10s - loss: 1.2649 - accuracy: 0.5566
 2/98 [..............................] - ETA: 9s - loss: 1.2537 - accuracy: 0.5488 
 3/98 [..............................] - ETA: 8s - loss: 1.2637 - accuracy: 0.5436
 4/98 [>.............................] - ETA: 8s - loss: 1.2519 - accuracy: 0.5518
 5/98 [>.............................] - ETA: 8s - loss: 1.2624 - accuracy: 0.5512
 6/98 [>.............................] - ETA: 8s - loss: 1.2609 - accuracy: 0.5521
 7/98 [=>............................] - ETA: 7s - loss: 1.2533 - accuracy: 0.5572
 8/98 [=>............................] - ETA: 7s - loss: 1.2441 - accuracy: 0.5583
 9/98 [=>............................] - ETA: 7s - loss: 1.2367 - accuracy: 0.5603
10/98 [==>...........................] - ETA: 7s - loss: 1.2263 - accuracy: 0.5648
11/98 [==>...........................] - ETA: 6s - loss: 1.2301 - accuracy: 0.5645
12/98 [==>...........................] - ETA: 6s - loss: 1.2346 - accuracy: 0.5623
13/98 [==>...........................] - ETA: 6s - loss: 1.2306 - accuracy: 0.5642
14/98 [===>..........................] - ETA: 6s - loss: 1.2287 - accuracy: 0.5652
15/98 [===>..........................] - ETA: 6s - loss: 1.2336 - accuracy: 0.5624
16/98 [===>..........................] - ETA: 6s - loss: 1.2277 - accuracy: 0.5624
17/98 [====>.........................] - ETA: 6s - loss: 1.2329 - accuracy: 0.5616
19/98 [====>.........................] - ETA: 5s - loss: 1.2303 - accuracy: 0.5629
20/98 [=====>........................] - ETA: 5s - loss: 1.2331 - accuracy: 0.5609
21/98 [=====>........................] - ETA: 5s - loss: 1.2360 - accuracy: 0.5608
22/98 [=====>........................] - ETA: 5s - loss: 1.2337 - accuracy: 0.5613
23/98 [======>.......................] - ETA: 5s - loss: 1.2312 - accuracy: 0.5617
24/98 [======>.......................] - ETA: 5s - loss: 1.2311 - accuracy: 0.5617
25/98 [======>.......................] - ETA: 5s - loss: 1.2299 - accuracy: 0.5618
26/98 [======>.......................] - ETA: 5s - loss: 1.2262 - accuracy: 0.5626
27/98 [=======>......................] - ETA: 5s - loss: 1.2250 - accuracy: 0.5632
28/98 [=======>......................] - ETA: 5s - loss: 1.2219 - accuracy: 0.5636
29/98 [=======>......................] - ETA: 5s - loss: 1.2186 - accuracy: 0.5646
30/98 [========>.....................] - ETA: 5s - loss: 1.2177 - accuracy: 0.5661
31/98 [========>.....................] - ETA: 5s - loss: 1.2146 - accuracy: 0.5669
32/98 [========>.....................] - ETA: 5s - loss: 1.2132 - accuracy: 0.5676
33/98 [=========>....................] - ETA: 5s - loss: 1.2101 - accuracy: 0.5688
34/98 [=========>....................] - ETA: 5s - loss: 1.2114 - accuracy: 0.5691
35/98 [=========>....................] - ETA: 5s - loss: 1.2107 - accuracy: 0.5688
36/98 [==========>...................] - ETA: 5s - loss: 1.2082 - accuracy: 0.5691
37/98 [==========>...................] - ETA: 4s - loss: 1.2063 - accuracy: 0.5689
38/98 [==========>...................] - ETA: 4s - loss: 1.2056 - accuracy: 0.5688
39/98 [==========>...................] - ETA: 4s - loss: 1.2039 - accuracy: 0.5701
40/98 [===========>..................] - ETA: 4s - loss: 1.2027 - accuracy: 0.5704
41/98 [===========>..................] - ETA: 4s - loss: 1.2030 - accuracy: 0.5700
42/98 [===========>..................] - ETA: 4s - loss: 1.2004 - accuracy: 0.5713
43/98 [============>.................] - ETA: 4s - loss: 1.2001 - accuracy: 0.5711
44/98 [============>.................] - ETA: 4s - loss: 1.1995 - accuracy: 0.5710
45/98 [============>.................] - ETA: 4s - loss: 1.1999 - accuracy: 0.5713
46/98 [=============>................] - ETA: 4s - loss: 1.1992 - accuracy: 0.5723
47/98 [=============>................] - ETA: 4s - loss: 1.1969 - accuracy: 0.5732
48/98 [=============>................] - ETA: 3s - loss: 1.1947 - accuracy: 0.5740
49/98 [==============>...............] - ETA: 3s - loss: 1.1938 - accuracy: 0.5745
50/98 [==============>...............] - ETA: 3s - loss: 1.1920 - accuracy: 0.5750
51/98 [==============>...............] - ETA: 3s - loss: 1.1916 - accuracy: 0.5755
52/98 [==============>...............] - ETA: 3s - loss: 1.1897 - accuracy: 0.5759
53/98 [===============>..............] - ETA: 3s - loss: 1.1883 - accuracy: 0.5764
54/98 [===============>..............] - ETA: 3s - loss: 1.1864 - accuracy: 0.5773
55/98 [===============>..............] - ETA: 3s - loss: 1.1852 - accuracy: 0.5776
56/98 [================>.............] - ETA: 3s - loss: 1.1843 - accuracy: 0.5776
57/98 [================>.............] - ETA: 3s - loss: 1.1830 - accuracy: 0.5779
58/98 [================>.............] - ETA: 3s - loss: 1.1821 - accuracy: 0.5785
59/98 [=================>............] - ETA: 3s - loss: 1.1796 - accuracy: 0.5795
60/98 [=================>............] - ETA: 3s - loss: 1.1782 - accuracy: 0.5799
61/98 [=================>............] - ETA: 2s - loss: 1.1770 - accuracy: 0.5806
62/98 [=================>............] - ETA: 2s - loss: 1.1760 - accuracy: 0.5811
63/98 [==================>...........] - ETA: 2s - loss: 1.1744 - accuracy: 0.5820
64/98 [==================>...........] - ETA: 2s - loss: 1.1726 - accuracy: 0.5825
65/98 [==================>...........] - ETA: 2s - loss: 1.1723 - accuracy: 0.5823
66/98 [===================>..........] - ETA: 2s - loss: 1.1710 - accuracy: 0.5828
67/98 [===================>..........] - ETA: 2s - loss: 1.1685 - accuracy: 0.5837
68/98 [===================>..........] - ETA: 2s - loss: 1.1670 - accuracy: 0.5841
69/98 [====================>.........] - ETA: 2s - loss: 1.1654 - accuracy: 0.5847
70/98 [====================>.........] - ETA: 2s - loss: 1.1642 - accuracy: 0.5852
71/98 [====================>.........] - ETA: 2s - loss: 1.1624 - accuracy: 0.5860
72/98 [=====================>........] - ETA: 2s - loss: 1.1623 - accuracy: 0.5859
73/98 [=====================>........] - ETA: 2s - loss: 1.1621 - accuracy: 0.5860
74/98 [=====================>........] - ETA: 1s - loss: 1.1605 - accuracy: 0.5866
75/98 [=====================>........] - ETA: 1s - loss: 1.1617 - accuracy: 0.5863
76/98 [======================>.......] - ETA: 1s - loss: 1.1602 - accuracy: 0.5869
77/98 [======================>.......] - ETA: 1s - loss: 1.1597 - accuracy: 0.5871
78/98 [======================>.......] - ETA: 1s - loss: 1.1587 - accuracy: 0.5876
79/98 [=======================>......] - ETA: 1s - loss: 1.1569 - accuracy: 0.5882
80/98 [=======================>......] - ETA: 1s - loss: 1.1568 - accuracy: 0.5881
81/98 [=======================>......] - ETA: 1s - loss: 1.1556 - accuracy: 0.5883
82/98 [========================>.....] - ETA: 1s - loss: 1.1549 - accuracy: 0.5887
83/98 [========================>.....] - ETA: 1s - loss: 1.1539 - accuracy: 0.5892
84/98 [========================>.....] - ETA: 1s - loss: 1.1515 - accuracy: 0.5901
85/98 [=========================>....] - ETA: 1s - loss: 1.1502 - accuracy: 0.5907
86/98 [=========================>....] - ETA: 0s - loss: 1.1491 - accuracy: 0.5912
87/98 [=========================>....] - ETA: 0s - loss: 1.1477 - accuracy: 0.5914
88/98 [=========================>....] - ETA: 0s - loss: 1.1462 - accuracy: 0.5920
89/98 [==========================>...] - ETA: 0s - loss: 1.1456 - accuracy: 0.5922
90/98 [==========================>...] - ETA: 0s - loss: 1.1442 - accuracy: 0.5926
91/98 [==========================>...] - ETA: 0s - loss: 1.1437 - accuracy: 0.5928
92/98 [===========================>..] - ETA: 0s - loss: 1.1432 - accuracy: 0.5930
93/98 [===========================>..] - ETA: 0s - loss: 1.1428 - accuracy: 0.5931
94/98 [===========================>..] - ETA: 0s - loss: 1.1423 - accuracy: 0.5933
95/98 [============================>.] - ETA: 0s - loss: 1.1416 - accuracy: 0.5933
96/98 [============================>.] - ETA: 0s - loss: 1.1410 - accuracy: 0.5933
97/98 [============================>.] - ETA: 0s - loss: 1.1395 - accuracy: 0.5939
98/98 [==============================] - ETA: 0s - loss: 1.1383 - accuracy: 0.5944
98/98 [==============================] - 9s 89ms/step - loss: 1.1383 - accuracy: 0.5944 - val_loss: 1.6207 - val_accuracy: 0.4409
Epoch 4/84

 1/98 [..............................] - ETA: 7s - loss: 1.0017 - accuracy: 0.6387
 2/98 [..............................] - ETA: 6s - loss: 1.0208 - accuracy: 0.6338
 3/98 [..............................] - ETA: 6s - loss: 1.0292 - accuracy: 0.6439
 4/98 [>.............................] - ETA: 7s - loss: 1.0298 - accuracy: 0.6489
 5/98 [>.............................] - ETA: 7s - loss: 1.0284 - accuracy: 0.6508
 6/98 [>.............................] - ETA: 7s - loss: 1.0143 - accuracy: 0.6543
 7/98 [=>............................] - ETA: 7s - loss: 1.0277 - accuracy: 0.6509
 8/98 [=>............................] - ETA: 7s - loss: 1.0180 - accuracy: 0.6533
 9/98 [=>............................] - ETA: 7s - loss: 1.0231 - accuracy: 0.6517
10/98 [==>...........................] - ETA: 7s - loss: 1.0254 - accuracy: 0.6512
11/98 [==>...........................] - ETA: 7s - loss: 1.0268 - accuracy: 0.6481
12/98 [==>...........................] - ETA: 7s - loss: 1.0243 - accuracy: 0.6471
13/98 [==>...........................] - ETA: 7s - loss: 1.0245 - accuracy: 0.6453
14/98 [===>..........................] - ETA: 7s - loss: 1.0241 - accuracy: 0.6465
15/98 [===>..........................] - ETA: 7s - loss: 1.0230 - accuracy: 0.6453
16/98 [===>..........................] - ETA: 7s - loss: 1.0250 - accuracy: 0.6443
17/98 [====>.........................] - ETA: 7s - loss: 1.0231 - accuracy: 0.6455
18/98 [====>.........................] - ETA: 7s - loss: 1.0182 - accuracy: 0.6480
19/98 [====>.........................] - ETA: 7s - loss: 1.0166 - accuracy: 0.6480
20/98 [=====>........................] - ETA: 7s - loss: 1.0150 - accuracy: 0.6479
21/98 [=====>........................] - ETA: 6s - loss: 1.0134 - accuracy: 0.6478
22/98 [=====>........................] - ETA: 6s - loss: 1.0104 - accuracy: 0.6479
23/98 [======>.......................] - ETA: 6s - loss: 1.0085 - accuracy: 0.6499
24/98 [======>.......................] - ETA: 6s - loss: 1.0083 - accuracy: 0.6488
25/98 [======>.......................] - ETA: 6s - loss: 1.0060 - accuracy: 0.6498
26/98 [======>.......................] - ETA: 6s - loss: 1.0032 - accuracy: 0.6509
27/98 [=======>......................] - ETA: 6s - loss: 1.0017 - accuracy: 0.6515
28/98 [=======>......................] - ETA: 5s - loss: 1.0026 - accuracy: 0.6517
29/98 [=======>......................] - ETA: 5s - loss: 1.0031 - accuracy: 0.6519
30/98 [========>.....................] - ETA: 5s - loss: 1.0023 - accuracy: 0.6525
31/98 [========>.....................] - ETA: 5s - loss: 1.0013 - accuracy: 0.6534
32/98 [========>.....................] - ETA: 5s - loss: 0.9988 - accuracy: 0.6542
33/98 [=========>....................] - ETA: 5s - loss: 1.0008 - accuracy: 0.6540
34/98 [=========>....................] - ETA: 5s - loss: 1.0020 - accuracy: 0.6524
35/98 [=========>....................] - ETA: 5s - loss: 1.0001 - accuracy: 0.6532
36/98 [==========>...................] - ETA: 5s - loss: 0.9989 - accuracy: 0.6533
37/98 [==========>...................] - ETA: 5s - loss: 0.9971 - accuracy: 0.6538
38/98 [==========>...................] - ETA: 4s - loss: 0.9983 - accuracy: 0.6520
39/98 [==========>...................] - ETA: 4s - loss: 0.9962 - accuracy: 0.6529
40/98 [===========>..................] - ETA: 4s - loss: 0.9963 - accuracy: 0.6528
41/98 [===========>..................] - ETA: 4s - loss: 0.9976 - accuracy: 0.6523
42/98 [===========>..................] - ETA: 4s - loss: 0.9970 - accuracy: 0.6523
43/98 [============>.................] - ETA: 4s - loss: 0.9964 - accuracy: 0.6526
44/98 [============>.................] - ETA: 4s - loss: 0.9953 - accuracy: 0.6531
45/98 [============>.................] - ETA: 4s - loss: 0.9967 - accuracy: 0.6528
46/98 [=============>................] - ETA: 4s - loss: 0.9967 - accuracy: 0.6529
47/98 [=============>................] - ETA: 4s - loss: 0.9965 - accuracy: 0.6530
48/98 [=============>................] - ETA: 4s - loss: 0.9956 - accuracy: 0.6532
49/98 [==============>...............] - ETA: 4s - loss: 0.9962 - accuracy: 0.6533
50/98 [==============>...............] - ETA: 4s - loss: 0.9944 - accuracy: 0.6539
51/98 [==============>...............] - ETA: 4s - loss: 0.9914 - accuracy: 0.6551
52/98 [==============>...............] - ETA: 3s - loss: 0.9908 - accuracy: 0.6550
53/98 [===============>..............] - ETA: 3s - loss: 0.9900 - accuracy: 0.6549
54/98 [===============>..............] - ETA: 3s - loss: 0.9900 - accuracy: 0.6547
55/98 [===============>..............] - ETA: 3s - loss: 0.9910 - accuracy: 0.6542
56/98 [================>.............] - ETA: 3s - loss: 0.9899 - accuracy: 0.6549
57/98 [================>.............] - ETA: 3s - loss: 0.9921 - accuracy: 0.6544
58/98 [================>.............] - ETA: 3s - loss: 0.9926 - accuracy: 0.6545
59/98 [=================>............] - ETA: 3s - loss: 0.9932 - accuracy: 0.6539
61/98 [=================>............] - ETA: 3s - loss: 0.9921 - accuracy: 0.6543
62/98 [=================>............] - ETA: 2s - loss: 0.9922 - accuracy: 0.6544
63/98 [==================>...........] - ETA: 2s - loss: 0.9922 - accuracy: 0.6545
64/98 [==================>...........] - ETA: 2s - loss: 0.9937 - accuracy: 0.6538
65/98 [==================>...........] - ETA: 2s - loss: 0.9936 - accuracy: 0.6536
66/98 [===================>..........] - ETA: 2s - loss: 0.9936 - accuracy: 0.6537
67/98 [===================>..........] - ETA: 2s - loss: 0.9932 - accuracy: 0.6539
68/98 [===================>..........] - ETA: 2s - loss: 0.9933 - accuracy: 0.6541
69/98 [====================>.........] - ETA: 2s - loss: 0.9925 - accuracy: 0.6543
70/98 [====================>.........] - ETA: 2s - loss: 0.9929 - accuracy: 0.6541
71/98 [====================>.........] - ETA: 2s - loss: 0.9929 - accuracy: 0.6540
72/98 [=====================>........] - ETA: 2s - loss: 0.9918 - accuracy: 0.6545
73/98 [=====================>........] - ETA: 2s - loss: 0.9921 - accuracy: 0.6546
74/98 [=====================>........] - ETA: 1s - loss: 0.9915 - accuracy: 0.6549
75/98 [=====================>........] - ETA: 1s - loss: 0.9908 - accuracy: 0.6552
76/98 [======================>.......] - ETA: 1s - loss: 0.9901 - accuracy: 0.6554
77/98 [======================>.......] - ETA: 1s - loss: 0.9896 - accuracy: 0.6553
78/98 [======================>.......] - ETA: 1s - loss: 0.9888 - accuracy: 0.6555
79/98 [=======================>......] - ETA: 1s - loss: 0.9882 - accuracy: 0.6554
80/98 [=======================>......] - ETA: 1s - loss: 0.9872 - accuracy: 0.6559
81/98 [=======================>......] - ETA: 1s - loss: 0.9855 - accuracy: 0.6566
82/98 [========================>.....] - ETA: 1s - loss: 0.9856 - accuracy: 0.6564
83/98 [========================>.....] - ETA: 1s - loss: 0.9845 - accuracy: 0.6568
84/98 [========================>.....] - ETA: 1s - loss: 0.9846 - accuracy: 0.6570
85/98 [=========================>....] - ETA: 1s - loss: 0.9844 - accuracy: 0.6570
86/98 [=========================>....] - ETA: 1s - loss: 0.9839 - accuracy: 0.6570
87/98 [=========================>....] - ETA: 0s - loss: 0.9833 - accuracy: 0.6570
88/98 [=========================>....] - ETA: 0s - loss: 0.9823 - accuracy: 0.6572
89/98 [==========================>...] - ETA: 0s - loss: 0.9813 - accuracy: 0.6576
90/98 [==========================>...] - ETA: 0s - loss: 0.9815 - accuracy: 0.6573
91/98 [==========================>...] - ETA: 0s - loss: 0.9801 - accuracy: 0.6580
92/98 [===========================>..] - ETA: 0s - loss: 0.9799 - accuracy: 0.6579
93/98 [===========================>..] - ETA: 0s - loss: 0.9798 - accuracy: 0.6579
94/98 [===========================>..] - ETA: 0s - loss: 0.9793 - accuracy: 0.6580
95/98 [============================>.] - ETA: 0s - loss: 0.9790 - accuracy: 0.6583
96/98 [============================>.] - ETA: 0s - loss: 0.9786 - accuracy: 0.6585
97/98 [============================>.] - ETA: 0s - loss: 0.9779 - accuracy: 0.6589
98/98 [==============================] - ETA: 0s - loss: 0.9773 - accuracy: 0.6587
98/98 [==============================] - 9s 91ms/step - loss: 0.9773 - accuracy: 0.6587 - val_loss: 1.1815 - val_accuracy: 0.6044
Epoch 5/84

 1/98 [..............................] - ETA: 10s - loss: 0.8370 - accuracy: 0.6914
 2/98 [..............................] - ETA: 8s - loss: 0.8615 - accuracy: 0.7021 
 3/98 [..............................] - ETA: 8s - loss: 0.8835 - accuracy: 0.6940
 4/98 [>.............................] - ETA: 8s - loss: 0.8834 - accuracy: 0.6929
 5/98 [>.............................] - ETA: 8s - loss: 0.8690 - accuracy: 0.7035
 6/98 [>.............................] - ETA: 8s - loss: 0.8904 - accuracy: 0.6973
 7/98 [=>............................] - ETA: 7s - loss: 0.8887 - accuracy: 0.6984
 8/98 [=>............................] - ETA: 7s - loss: 0.8814 - accuracy: 0.6992
 9/98 [=>............................] - ETA: 7s - loss: 0.8784 - accuracy: 0.7007
10/98 [==>...........................] - ETA: 7s - loss: 0.8799 - accuracy: 0.6992
11/98 [==>...........................] - ETA: 6s - loss: 0.8824 - accuracy: 0.6990
12/98 [==>...........................] - ETA: 6s - loss: 0.8883 - accuracy: 0.6968
13/98 [==>...........................] - ETA: 6s - loss: 0.8961 - accuracy: 0.6940
14/98 [===>..........................] - ETA: 6s - loss: 0.8892 - accuracy: 0.6948
15/98 [===>..........................] - ETA: 6s - loss: 0.8908 - accuracy: 0.6938
16/98 [===>..........................] - ETA: 6s - loss: 0.8912 - accuracy: 0.6943
17/98 [====>.........................] - ETA: 6s - loss: 0.8941 - accuracy: 0.6946
18/98 [====>.........................] - ETA: 5s - loss: 0.8929 - accuracy: 0.6938
19/98 [====>.........................] - ETA: 5s - loss: 0.8967 - accuracy: 0.6912
20/98 [=====>........................] - ETA: 5s - loss: 0.9024 - accuracy: 0.6893
21/98 [=====>........................] - ETA: 5s - loss: 0.9031 - accuracy: 0.6883
22/98 [=====>........................] - ETA: 5s - loss: 0.9001 - accuracy: 0.6890
23/98 [======>.......................] - ETA: 5s - loss: 0.9006 - accuracy: 0.6888
24/98 [======>.......................] - ETA: 5s - loss: 0.9001 - accuracy: 0.6890
25/98 [======>.......................] - ETA: 5s - loss: 0.8972 - accuracy: 0.6898
26/98 [======>.......................] - ETA: 5s - loss: 0.8981 - accuracy: 0.6897
27/98 [=======>......................] - ETA: 5s - loss: 0.8975 - accuracy: 0.6902
28/98 [=======>......................] - ETA: 5s - loss: 0.8976 - accuracy: 0.6899
29/98 [=======>......................] - ETA: 5s - loss: 0.8972 - accuracy: 0.6895
30/98 [========>.....................] - ETA: 5s - loss: 0.8990 - accuracy: 0.6885
31/98 [========>.....................] - ETA: 5s - loss: 0.8978 - accuracy: 0.6886
32/98 [========>.....................] - ETA: 5s - loss: 0.8976 - accuracy: 0.6887
33/98 [=========>....................] - ETA: 5s - loss: 0.8963 - accuracy: 0.6890
34/98 [=========>....................] - ETA: 5s - loss: 0.8951 - accuracy: 0.6902
35/98 [=========>....................] - ETA: 5s - loss: 0.8944 - accuracy: 0.6900
36/98 [==========>...................] - ETA: 5s - loss: 0.8917 - accuracy: 0.6908
37/98 [==========>...................] - ETA: 5s - loss: 0.8921 - accuracy: 0.6914
38/98 [==========>...................] - ETA: 4s - loss: 0.8916 - accuracy: 0.6909
39/98 [==========>...................] - ETA: 4s - loss: 0.8920 - accuracy: 0.6908
40/98 [===========>..................] - ETA: 4s - loss: 0.8937 - accuracy: 0.6902
41/98 [===========>..................] - ETA: 4s - loss: 0.8946 - accuracy: 0.6902
42/98 [===========>..................] - ETA: 4s - loss: 0.8930 - accuracy: 0.6905
43/98 [============>.................] - ETA: 4s - loss: 0.8915 - accuracy: 0.6904
44/98 [============>.................] - ETA: 4s - loss: 0.8925 - accuracy: 0.6906
45/98 [============>.................] - ETA: 4s - loss: 0.8916 - accuracy: 0.6905
