2024-06-25 22:52:41.064926: I tensorflow/core/platform/cpu_feature_guard.cc:193] This TensorFlow binary is optimized with oneAPI Deep Neural Network Library (oneDNN) to use the following CPU instructions in performance-critical operations:  AVX AVX2
To enable them in other operations, rebuild TensorFlow with the appropriate compiler flags.
2024-06-25 22:52:42.278579: I tensorflow/core/common_runtime/gpu/gpu_device.cc:1616] Created device /job:localhost/replica:0/task:0/device:GPU:0 with 6656 MB memory:  -> device: 0, name: NVIDIA GeForce RTX 4060 Ti, pci bus id: 0000:01:00.0, compute capability: 8.9
1 Physical GPUs, 1 Logical GPUs
Model: "sequential"
_________________________________________________________________
 Layer (type)                Output Shape              Param #   
=================================================================
 conv2d (Conv2D)             (None, 32, 32, 32)        896       
                                                                 
 batch_normalization (BatchN  (None, 32, 32, 32)       128       
 ormalization)                                                   
                                                                 
 conv2d_1 (Conv2D)           (None, 32, 32, 64)        51264     
                                                                 
 max_pooling2d (MaxPooling2D  (None, 16, 16, 64)       0         
 )                                                               
                                                                 
 conv2d_2 (Conv2D)           (None, 16, 16, 32)        165920    
                                                                 
 max_pooling2d_1 (MaxPooling  (None, 8, 8, 32)         0         
 2D)                                                             
                                                                 
 batch_normalization_1 (Batc  (None, 8, 8, 32)         128       
 hNormalization)                                                 
                                                                 
 dropout (Dropout)           (None, 8, 8, 32)          0         
                                                                 
 flatten (Flatten)           (None, 2048)              0         
                                                                 
 dense (Dense)               (None, 10)                20490     
                                                                 
=================================================================
Total params: 238,826
Trainable params: 238,698
Non-trainable params: 128
_________________________________________________________________
Taxa de aprendizado:  0.01 Num de épocas:  84 Tamanho do lote:  512 Dropout:  0.40907
Epoch 1/84
2024-06-25 22:52:44.456503: I tensorflow/stream_executor/cuda/cuda_dnn.cc:384] Loaded cuDNN version 8100
2024-06-25 22:52:46.251954: W tensorflow/stream_executor/gpu/redzone_allocator.cc:314] INTERNAL: ptxas exited with non-zero error code -1, output: 
Relying on driver to perform ptx compilation. 
Modify $PATH to customize ptxas location.
This message will be only logged once.
2024-06-25 22:52:48.296727: I tensorflow/stream_executor/cuda/cuda_blas.cc:1614] TensorFloat-32 will be used for the matrix multiplication. This will only be logged once.

 1/98 [..............................] - ETA: 13:54 - loss: 3.4780 - accuracy: 0.1035
 2/98 [..............................] - ETA: 12s - loss: 3.9360 - accuracy: 0.1104  
 3/98 [..............................] - ETA: 11s - loss: 4.5785 - accuracy: 0.1191
 4/98 [>.............................] - ETA: 11s - loss: 4.8048 - accuracy: 0.1377
 5/98 [>.............................] - ETA: 11s - loss: 4.8450 - accuracy: 0.1387
 6/98 [>.............................] - ETA: 11s - loss: 4.8223 - accuracy: 0.1377
 7/98 [=>............................] - ETA: 11s - loss: 4.7627 - accuracy: 0.1431
 8/98 [=>............................] - ETA: 11s - loss: 4.6280 - accuracy: 0.1519
 9/98 [=>............................] - ETA: 10s - loss: 4.5172 - accuracy: 0.1562
10/98 [==>...........................] - ETA: 10s - loss: 4.4200 - accuracy: 0.1619
11/98 [==>...........................] - ETA: 10s - loss: 4.3183 - accuracy: 0.1657
12/98 [==>...........................] - ETA: 10s - loss: 4.2311 - accuracy: 0.1696
13/98 [==>...........................] - ETA: 10s - loss: 4.1372 - accuracy: 0.1737
14/98 [===>..........................] - ETA: 10s - loss: 4.0438 - accuracy: 0.1765
15/98 [===>..........................] - ETA: 10s - loss: 3.9691 - accuracy: 0.1803
16/98 [===>..........................] - ETA: 10s - loss: 3.8947 - accuracy: 0.1827
17/98 [====>.........................] - ETA: 10s - loss: 3.8262 - accuracy: 0.1851
18/98 [====>.........................] - ETA: 9s - loss: 3.7587 - accuracy: 0.1899 
19/98 [====>.........................] - ETA: 9s - loss: 3.6895 - accuracy: 0.1954
20/98 [=====>........................] - ETA: 9s - loss: 3.6287 - accuracy: 0.1989
21/98 [=====>........................] - ETA: 9s - loss: 3.5747 - accuracy: 0.2040
22/98 [=====>........................] - ETA: 9s - loss: 3.5242 - accuracy: 0.2077
23/98 [======>.......................] - ETA: 9s - loss: 3.4748 - accuracy: 0.2110
24/98 [======>.......................] - ETA: 16s - loss: 3.4488 - accuracy: 0.2117
25/98 [======>.......................] - ETA: 16s - loss: 3.4178 - accuracy: 0.2132
26/98 [======>.......................] - ETA: 15s - loss: 3.3760 - accuracy: 0.2170
27/98 [=======>......................] - ETA: 15s - loss: 3.3360 - accuracy: 0.2190
28/98 [=======>......................] - ETA: 14s - loss: 3.2997 - accuracy: 0.2210
29/98 [=======>......................] - ETA: 14s - loss: 3.2611 - accuracy: 0.2245
30/98 [========>.....................] - ETA: 13s - loss: 3.2307 - accuracy: 0.2266
31/98 [========>.....................] - ETA: 13s - loss: 3.1944 - accuracy: 0.2285
32/98 [========>.....................] - ETA: 13s - loss: 3.1600 - accuracy: 0.2315
33/98 [=========>....................] - ETA: 12s - loss: 3.1267 - accuracy: 0.2335
34/98 [=========>....................] - ETA: 12s - loss: 3.0952 - accuracy: 0.2360
35/98 [=========>....................] - ETA: 12s - loss: 3.0667 - accuracy: 0.2385
36/98 [==========>...................] - ETA: 11s - loss: 3.0437 - accuracy: 0.2404
37/98 [==========>...................] - ETA: 11s - loss: 3.0180 - accuracy: 0.2418
38/98 [==========>...................] - ETA: 11s - loss: 2.9924 - accuracy: 0.2436
39/98 [==========>...................] - ETA: 10s - loss: 2.9673 - accuracy: 0.2452
40/98 [===========>..................] - ETA: 10s - loss: 2.9394 - accuracy: 0.2479
41/98 [===========>..................] - ETA: 10s - loss: 2.9138 - accuracy: 0.2502
42/98 [===========>..................] - ETA: 10s - loss: 2.8962 - accuracy: 0.2512
43/98 [============>.................] - ETA: 9s - loss: 2.8747 - accuracy: 0.2533 
44/98 [============>.................] - ETA: 9s - loss: 2.8539 - accuracy: 0.2555
45/98 [============>.................] - ETA: 9s - loss: 2.8342 - accuracy: 0.2571
46/98 [=============>................] - ETA: 9s - loss: 2.8143 - accuracy: 0.2588
47/98 [=============>................] - ETA: 8s - loss: 2.7979 - accuracy: 0.2598
48/98 [=============>................] - ETA: 8s - loss: 2.7804 - accuracy: 0.2612
49/98 [==============>...............] - ETA: 8s - loss: 2.7622 - accuracy: 0.2626
50/98 [==============>...............] - ETA: 8s - loss: 2.7433 - accuracy: 0.2644
51/98 [==============>...............] - ETA: 7s - loss: 2.7258 - accuracy: 0.2659
52/98 [==============>...............] - ETA: 7s - loss: 2.7102 - accuracy: 0.2670
53/98 [===============>..............] - ETA: 7s - loss: 2.6921 - accuracy: 0.2687
54/98 [===============>..............] - ETA: 7s - loss: 2.6756 - accuracy: 0.2700
55/98 [===============>..............] - ETA: 7s - loss: 2.6608 - accuracy: 0.2720
56/98 [================>.............] - ETA: 6s - loss: 2.6466 - accuracy: 0.2741
57/98 [================>.............] - ETA: 6s - loss: 2.6325 - accuracy: 0.2755
58/98 [================>.............] - ETA: 6s - loss: 2.6168 - accuracy: 0.2776
59/98 [=================>............] - ETA: 6s - loss: 2.6030 - accuracy: 0.2792
60/98 [=================>............] - ETA: 6s - loss: 2.5903 - accuracy: 0.2809
61/98 [=================>............] - ETA: 6s - loss: 2.5786 - accuracy: 0.2825
62/98 [=================>............] - ETA: 5s - loss: 2.5662 - accuracy: 0.2840
63/98 [==================>...........] - ETA: 5s - loss: 2.5553 - accuracy: 0.2844
64/98 [==================>...........] - ETA: 5s - loss: 2.5436 - accuracy: 0.2857
65/98 [==================>...........] - ETA: 5s - loss: 2.5311 - accuracy: 0.2873
66/98 [===================>..........] - ETA: 5s - loss: 2.5217 - accuracy: 0.2885
67/98 [===================>..........] - ETA: 4s - loss: 2.5091 - accuracy: 0.2903
68/98 [===================>..........] - ETA: 4s - loss: 2.4990 - accuracy: 0.2916
69/98 [====================>.........] - ETA: 4s - loss: 2.4894 - accuracy: 0.2927
70/98 [====================>.........] - ETA: 4s - loss: 2.4781 - accuracy: 0.2947
71/98 [====================>.........] - ETA: 4s - loss: 2.4681 - accuracy: 0.2961
72/98 [=====================>........] - ETA: 4s - loss: 2.4575 - accuracy: 0.2977
73/98 [=====================>........] - ETA: 3s - loss: 2.4483 - accuracy: 0.2987
74/98 [=====================>........] - ETA: 3s - loss: 2.4386 - accuracy: 0.2998
75/98 [=====================>........] - ETA: 3s - loss: 2.4299 - accuracy: 0.3014
76/98 [======================>.......] - ETA: 3s - loss: 2.4208 - accuracy: 0.3027
77/98 [======================>.......] - ETA: 3s - loss: 2.4116 - accuracy: 0.3040
78/98 [======================>.......] - ETA: 3s - loss: 2.4025 - accuracy: 0.3052
79/98 [=======================>......] - ETA: 2s - loss: 2.3933 - accuracy: 0.3067
80/98 [=======================>......] - ETA: 2s - loss: 2.3858 - accuracy: 0.3079
81/98 [=======================>......] - ETA: 2s - loss: 2.3780 - accuracy: 0.3090
82/98 [========================>.....] - ETA: 2s - loss: 2.3706 - accuracy: 0.3103
83/98 [========================>.....] - ETA: 2s - loss: 2.3624 - accuracy: 0.3112
84/98 [========================>.....] - ETA: 2s - loss: 2.3554 - accuracy: 0.3122
85/98 [=========================>....] - ETA: 1s - loss: 2.3490 - accuracy: 0.3129
86/98 [=========================>....] - ETA: 1s - loss: 2.3410 - accuracy: 0.3140
87/98 [=========================>....] - ETA: 1s - loss: 2.3342 - accuracy: 0.3152
88/98 [=========================>....] - ETA: 1s - loss: 2.3268 - accuracy: 0.3162
89/98 [==========================>...] - ETA: 1s - loss: 2.3190 - accuracy: 0.3176
90/98 [==========================>...] - ETA: 1s - loss: 2.3124 - accuracy: 0.3183
91/98 [==========================>...] - ETA: 1s - loss: 2.3055 - accuracy: 0.3195
92/98 [===========================>..] - ETA: 0s - loss: 2.2978 - accuracy: 0.3206
93/98 [===========================>..] - ETA: 0s - loss: 2.2907 - accuracy: 0.3217
94/98 [===========================>..] - ETA: 0s - loss: 2.2836 - accuracy: 0.3227
95/98 [============================>.] - ETA: 0s - loss: 2.2768 - accuracy: 0.3236
96/98 [============================>.] - ETA: 0s - loss: 2.2704 - accuracy: 0.3243
97/98 [============================>.] - ETA: 0s - loss: 2.2634 - accuracy: 0.3255
98/98 [==============================] - ETA: 0s - loss: 2.2569 - accuracy: 0.3266
98/98 [==============================] - 25s 165ms/step - loss: 2.2569 - accuracy: 0.3266 - val_loss: 2.0603 - val_accuracy: 0.2350
Epoch 2/84

 1/98 [..............................] - ETA: 9s - loss: 1.6243 - accuracy: 0.4297
 2/98 [..............................] - ETA: 9s - loss: 1.5891 - accuracy: 0.4326
 3/98 [..............................] - ETA: 8s - loss: 1.5829 - accuracy: 0.4434
 4/98 [>.............................] - ETA: 7s - loss: 1.5836 - accuracy: 0.4336
 5/98 [>.............................] - ETA: 7s - loss: 1.5775 - accuracy: 0.4305
 6/98 [>.............................] - ETA: 7s - loss: 1.5741 - accuracy: 0.4368
 7/98 [=>............................] - ETA: 7s - loss: 1.5797 - accuracy: 0.4302
 8/98 [=>............................] - ETA: 7s - loss: 1.5816 - accuracy: 0.4304
 9/98 [=>............................] - ETA: 7s - loss: 1.5845 - accuracy: 0.4310
10/98 [==>...........................] - ETA: 7s - loss: 1.5759 - accuracy: 0.4354
11/98 [==>...........................] - ETA: 8s - loss: 1.5810 - accuracy: 0.4322
12/98 [==>...........................] - ETA: 8s - loss: 1.5830 - accuracy: 0.4323
13/98 [==>...........................] - ETA: 8s - loss: 1.5826 - accuracy: 0.4339
14/98 [===>..........................] - ETA: 8s - loss: 1.5762 - accuracy: 0.4362
15/98 [===>..........................] - ETA: 8s - loss: 1.5699 - accuracy: 0.4370
16/98 [===>..........................] - ETA: 8s - loss: 1.5698 - accuracy: 0.4374
17/98 [====>.........................] - ETA: 8s - loss: 1.5717 - accuracy: 0.4345
18/98 [====>.........................] - ETA: 8s - loss: 1.5703 - accuracy: 0.4341
19/98 [====>.........................] - ETA: 8s - loss: 1.5636 - accuracy: 0.4361
20/98 [=====>........................] - ETA: 8s - loss: 1.5652 - accuracy: 0.4352
21/98 [=====>........................] - ETA: 8s - loss: 1.5621 - accuracy: 0.4367
22/98 [=====>........................] - ETA: 8s - loss: 1.5573 - accuracy: 0.4378
23/98 [======>.......................] - ETA: 8s - loss: 1.5499 - accuracy: 0.4402
24/98 [======>.......................] - ETA: 8s - loss: 1.5536 - accuracy: 0.4403
25/98 [======>.......................] - ETA: 8s - loss: 1.5531 - accuracy: 0.4412
26/98 [======>.......................] - ETA: 8s - loss: 1.5518 - accuracy: 0.4423
27/98 [=======>......................] - ETA: 7s - loss: 1.5464 - accuracy: 0.4445
28/98 [=======>......................] - ETA: 7s - loss: 1.5423 - accuracy: 0.4458
29/98 [=======>......................] - ETA: 7s - loss: 1.5451 - accuracy: 0.4455
30/98 [========>.....................] - ETA: 7s - loss: 1.5467 - accuracy: 0.4450
31/98 [========>.....................] - ETA: 7s - loss: 1.5477 - accuracy: 0.4441
32/98 [========>.....................] - ETA: 7s - loss: 1.5484 - accuracy: 0.4442
33/98 [=========>....................] - ETA: 7s - loss: 1.5479 - accuracy: 0.4445
34/98 [=========>....................] - ETA: 7s - loss: 1.5488 - accuracy: 0.4439
35/98 [=========>....................] - ETA: 7s - loss: 1.5473 - accuracy: 0.4443
36/98 [==========>...................] - ETA: 7s - loss: 1.5478 - accuracy: 0.4441
37/98 [==========>...................] - ETA: 7s - loss: 1.5461 - accuracy: 0.4451
38/98 [==========>...................] - ETA: 6s - loss: 1.5473 - accuracy: 0.4455
39/98 [==========>...................] - ETA: 6s - loss: 1.5477 - accuracy: 0.4454
40/98 [===========>..................] - ETA: 6s - loss: 1.5481 - accuracy: 0.4456
41/98 [===========>..................] - ETA: 6s - loss: 1.5493 - accuracy: 0.4457
42/98 [===========>..................] - ETA: 6s - loss: 1.5487 - accuracy: 0.4456
43/98 [============>.................] - ETA: 6s - loss: 1.5463 - accuracy: 0.4459
44/98 [============>.................] - ETA: 6s - loss: 1.5440 - accuracy: 0.4467
45/98 [============>.................] - ETA: 6s - loss: 1.5426 - accuracy: 0.4478
46/98 [=============>................] - ETA: 6s - loss: 1.5421 - accuracy: 0.4480
47/98 [=============>................] - ETA: 5s - loss: 1.5394 - accuracy: 0.4491
48/98 [=============>................] - ETA: 5s - loss: 1.5390 - accuracy: 0.4493
49/98 [==============>...............] - ETA: 5s - loss: 1.5381 - accuracy: 0.4498
50/98 [==============>...............] - ETA: 5s - loss: 1.5353 - accuracy: 0.4511
51/98 [==============>...............] - ETA: 5s - loss: 1.5329 - accuracy: 0.4514
52/98 [==============>...............] - ETA: 5s - loss: 1.5330 - accuracy: 0.4512
53/98 [===============>..............] - ETA: 5s - loss: 1.5315 - accuracy: 0.4517
54/98 [===============>..............] - ETA: 5s - loss: 1.5297 - accuracy: 0.4530
55/98 [===============>..............] - ETA: 5s - loss: 1.5292 - accuracy: 0.4533
56/98 [================>.............] - ETA: 4s - loss: 1.5275 - accuracy: 0.4538
57/98 [================>.............] - ETA: 4s - loss: 1.5251 - accuracy: 0.4545
58/98 [================>.............] - ETA: 4s - loss: 1.5226 - accuracy: 0.4554
59/98 [=================>............] - ETA: 4s - loss: 1.5209 - accuracy: 0.4563
60/98 [=================>............] - ETA: 4s - loss: 1.5200 - accuracy: 0.4565
61/98 [=================>............] - ETA: 4s - loss: 1.5173 - accuracy: 0.4575
62/98 [=================>............] - ETA: 4s - loss: 1.5169 - accuracy: 0.4576
63/98 [==================>...........] - ETA: 4s - loss: 1.5151 - accuracy: 0.4587
64/98 [==================>...........] - ETA: 4s - loss: 1.5136 - accuracy: 0.4590
65/98 [==================>...........] - ETA: 3s - loss: 1.5123 - accuracy: 0.4590
66/98 [===================>..........] - ETA: 3s - loss: 1.5100 - accuracy: 0.4598
67/98 [===================>..........] - ETA: 3s - loss: 1.5099 - accuracy: 0.4593
68/98 [===================>..........] - ETA: 3s - loss: 1.5089 - accuracy: 0.4596
69/98 [====================>.........] - ETA: 3s - loss: 1.5079 - accuracy: 0.4600
70/98 [====================>.........] - ETA: 3s - loss: 1.5071 - accuracy: 0.4605
71/98 [====================>.........] - ETA: 3s - loss: 1.5058 - accuracy: 0.4610
72/98 [=====================>........] - ETA: 3s - loss: 1.5054 - accuracy: 0.4606
73/98 [=====================>........] - ETA: 2s - loss: 1.5046 - accuracy: 0.4609
74/98 [=====================>........] - ETA: 2s - loss: 1.5026 - accuracy: 0.4615
75/98 [=====================>........] - ETA: 2s - loss: 1.5013 - accuracy: 0.4623
76/98 [======================>.......] - ETA: 2s - loss: 1.5010 - accuracy: 0.4626
77/98 [======================>.......] - ETA: 2s - loss: 1.5012 - accuracy: 0.4628
78/98 [======================>.......] - ETA: 2s - loss: 1.5004 - accuracy: 0.4634
79/98 [=======================>......] - ETA: 2s - loss: 1.4987 - accuracy: 0.4638
80/98 [=======================>......] - ETA: 2s - loss: 1.4975 - accuracy: 0.4639
81/98 [=======================>......] - ETA: 2s - loss: 1.4964 - accuracy: 0.4643
82/98 [========================>.....] - ETA: 1s - loss: 1.4950 - accuracy: 0.4648
83/98 [========================>.....] - ETA: 1s - loss: 1.4925 - accuracy: 0.4650
84/98 [========================>.....] - ETA: 1s - loss: 1.4929 - accuracy: 0.4649
85/98 [=========================>....] - ETA: 1s - loss: 1.4913 - accuracy: 0.4652
86/98 [=========================>....] - ETA: 1s - loss: 1.4908 - accuracy: 0.4656
87/98 [=========================>....] - ETA: 1s - loss: 1.4895 - accuracy: 0.4658
88/98 [=========================>....] - ETA: 1s - loss: 1.4887 - accuracy: 0.4664
89/98 [==========================>...] - ETA: 1s - loss: 1.4878 - accuracy: 0.4667
90/98 [==========================>...] - ETA: 0s - loss: 1.4873 - accuracy: 0.4671
91/98 [==========================>...] - ETA: 0s - loss: 1.4865 - accuracy: 0.4676
92/98 [===========================>..] - ETA: 0s - loss: 1.4844 - accuracy: 0.4686
93/98 [===========================>..] - ETA: 0s - loss: 1.4821 - accuracy: 0.4691
94/98 [===========================>..] - ETA: 0s - loss: 1.4808 - accuracy: 0.4696
95/98 [============================>.] - ETA: 0s - loss: 1.4795 - accuracy: 0.4699
96/98 [============================>.] - ETA: 0s - loss: 1.4779 - accuracy: 0.4705
97/98 [============================>.] - ETA: 0s - loss: 1.4767 - accuracy: 0.4707
98/98 [==============================] - ETA: 0s - loss: 1.4745 - accuracy: 0.4717
98/98 [==============================] - 13s 137ms/step - loss: 1.4745 - accuracy: 0.4717 - val_loss: 2.1258 - val_accuracy: 0.2048
Epoch 3/84

 1/98 [..............................] - ETA: 13s - loss: 1.3456 - accuracy: 0.5332
 2/98 [..............................] - ETA: 12s - loss: 1.3223 - accuracy: 0.5410
 3/98 [..............................] - ETA: 11s - loss: 1.3135 - accuracy: 0.5404
 4/98 [>.............................] - ETA: 11s - loss: 1.3039 - accuracy: 0.5410
 5/98 [>.............................] - ETA: 11s - loss: 1.3096 - accuracy: 0.5352
 6/98 [>.............................] - ETA: 11s - loss: 1.3111 - accuracy: 0.5303
 7/98 [=>............................] - ETA: 11s - loss: 1.3125 - accuracy: 0.5318
 8/98 [=>............................] - ETA: 11s - loss: 1.3082 - accuracy: 0.5325
 9/98 [=>............................] - ETA: 11s - loss: 1.3185 - accuracy: 0.5299
10/98 [==>...........................] - ETA: 10s - loss: 1.3098 - accuracy: 0.5320
11/98 [==>...........................] - ETA: 10s - loss: 1.3136 - accuracy: 0.5336
12/98 [==>...........................] - ETA: 10s - loss: 1.3114 - accuracy: 0.5347
13/98 [==>...........................] - ETA: 10s - loss: 1.3050 - accuracy: 0.5367
14/98 [===>..........................] - ETA: 10s - loss: 1.3106 - accuracy: 0.5359
15/98 [===>..........................] - ETA: 10s - loss: 1.3155 - accuracy: 0.5327
16/98 [===>..........................] - ETA: 10s - loss: 1.3127 - accuracy: 0.5343
17/98 [====>.........................] - ETA: 10s - loss: 1.3129 - accuracy: 0.5345
18/98 [====>.........................] - ETA: 9s - loss: 1.3133 - accuracy: 0.5327 
19/98 [====>.........................] - ETA: 9s - loss: 1.3095 - accuracy: 0.5335
20/98 [=====>........................] - ETA: 9s - loss: 1.3063 - accuracy: 0.5329
21/98 [=====>........................] - ETA: 9s - loss: 1.3069 - accuracy: 0.5331
22/98 [=====>........................] - ETA: 9s - loss: 1.3068 - accuracy: 0.5330
23/98 [======>.......................] - ETA: 9s - loss: 1.3057 - accuracy: 0.5341
24/98 [======>.......................] - ETA: 9s - loss: 1.3083 - accuracy: 0.5335
25/98 [======>.......................] - ETA: 9s - loss: 1.3081 - accuracy: 0.5331
26/98 [======>.......................] - ETA: 8s - loss: 1.3024 - accuracy: 0.5352
27/98 [=======>......................] - ETA: 8s - loss: 1.2988 - accuracy: 0.5357
28/98 [=======>......................] - ETA: 8s - loss: 1.2976 - accuracy: 0.5361
29/98 [=======>......................] - ETA: 8s - loss: 1.2953 - accuracy: 0.5374
30/98 [========>.....................] - ETA: 8s - loss: 1.2967 - accuracy: 0.5369
31/98 [========>.....................] - ETA: 8s - loss: 1.2966 - accuracy: 0.5371
32/98 [========>.....................] - ETA: 8s - loss: 1.2952 - accuracy: 0.5367
33/98 [=========>....................] - ETA: 8s - loss: 1.2931 - accuracy: 0.5372
34/98 [=========>....................] - ETA: 7s - loss: 1.2897 - accuracy: 0.5388
35/98 [=========>....................] - ETA: 7s - loss: 1.2915 - accuracy: 0.5387
36/98 [==========>...................] - ETA: 7s - loss: 1.2922 - accuracy: 0.5393
37/98 [==========>...................] - ETA: 7s - loss: 1.2912 - accuracy: 0.5394
38/98 [==========>...................] - ETA: 7s - loss: 1.2883 - accuracy: 0.5408
39/98 [==========>...................] - ETA: 7s - loss: 1.2860 - accuracy: 0.5422
40/98 [===========>..................] - ETA: 7s - loss: 1.2840 - accuracy: 0.5428
41/98 [===========>..................] - ETA: 7s - loss: 1.2831 - accuracy: 0.5430
42/98 [===========>..................] - ETA: 6s - loss: 1.2819 - accuracy: 0.5427
43/98 [============>.................] - ETA: 6s - loss: 1.2818 - accuracy: 0.5435
44/98 [============>.................] - ETA: 6s - loss: 1.2818 - accuracy: 0.5433
45/98 [============>.................] - ETA: 6s - loss: 1.2788 - accuracy: 0.5442
46/98 [=============>................] - ETA: 6s - loss: 1.2791 - accuracy: 0.5440
47/98 [=============>................] - ETA: 6s - loss: 1.2805 - accuracy: 0.5432
48/98 [=============>................] - ETA: 6s - loss: 1.2797 - accuracy: 0.5435
49/98 [==============>...............] - ETA: 6s - loss: 1.2788 - accuracy: 0.5438
50/98 [==============>...............] - ETA: 5s - loss: 1.2764 - accuracy: 0.5443
52/98 [==============>...............] - ETA: 5s - loss: 1.2755 - accuracy: 0.5444
53/98 [===============>..............] - ETA: 5s - loss: 1.2739 - accuracy: 0.5446
54/98 [===============>..............] - ETA: 5s - loss: 1.2728 - accuracy: 0.5452
55/98 [===============>..............] - ETA: 5s - loss: 1.2721 - accuracy: 0.5453
56/98 [================>.............] - ETA: 4s - loss: 1.2718 - accuracy: 0.5453
57/98 [================>.............] - ETA: 4s - loss: 1.2690 - accuracy: 0.5463
58/98 [================>.............] - ETA: 4s - loss: 1.2683 - accuracy: 0.5464
59/98 [=================>............] - ETA: 4s - loss: 1.2665 - accuracy: 0.5470
60/98 [=================>............] - ETA: 4s - loss: 1.2648 - accuracy: 0.5478
61/98 [=================>............] - ETA: 4s - loss: 1.2636 - accuracy: 0.5481
62/98 [=================>............] - ETA: 4s - loss: 1.2640 - accuracy: 0.5479
63/98 [==================>...........] - ETA: 3s - loss: 1.2635 - accuracy: 0.5483
64/98 [==================>...........] - ETA: 3s - loss: 1.2631 - accuracy: 0.5483
65/98 [==================>...........] - ETA: 3s - loss: 1.2605 - accuracy: 0.5494
66/98 [===================>..........] - ETA: 3s - loss: 1.2612 - accuracy: 0.5488
67/98 [===================>..........] - ETA: 3s - loss: 1.2604 - accuracy: 0.5492
68/98 [===================>..........] - ETA: 3s - loss: 1.2599 - accuracy: 0.5494
69/98 [====================>.........] - ETA: 3s - loss: 1.2590 - accuracy: 0.5502
70/98 [====================>.........] - ETA: 3s - loss: 1.2586 - accuracy: 0.5503
71/98 [====================>.........] - ETA: 3s - loss: 1.2572 - accuracy: 0.5509
72/98 [=====================>........] - ETA: 2s - loss: 1.2558 - accuracy: 0.5511
73/98 [=====================>........] - ETA: 2s - loss: 1.2550 - accuracy: 0.5516
74/98 [=====================>........] - ETA: 2s - loss: 1.2536 - accuracy: 0.5520
75/98 [=====================>........] - ETA: 2s - loss: 1.2518 - accuracy: 0.5526
76/98 [======================>.......] - ETA: 2s - loss: 1.2508 - accuracy: 0.5530
77/98 [======================>.......] - ETA: 2s - loss: 1.2506 - accuracy: 0.5531
78/98 [======================>.......] - ETA: 2s - loss: 1.2490 - accuracy: 0.5536
79/98 [=======================>......] - ETA: 2s - loss: 1.2488 - accuracy: 0.5536
80/98 [=======================>......] - ETA: 2s - loss: 1.2476 - accuracy: 0.5540
81/98 [=======================>......] - ETA: 1s - loss: 1.2464 - accuracy: 0.5544
82/98 [========================>.....] - ETA: 1s - loss: 1.2454 - accuracy: 0.5550
83/98 [========================>.....] - ETA: 1s - loss: 1.2446 - accuracy: 0.5552
84/98 [========================>.....] - ETA: 1s - loss: 1.2441 - accuracy: 0.5553
85/98 [=========================>....] - ETA: 1s - loss: 1.2427 - accuracy: 0.5558
86/98 [=========================>....] - ETA: 1s - loss: 1.2425 - accuracy: 0.5558
87/98 [=========================>....] - ETA: 1s - loss: 1.2416 - accuracy: 0.5561
88/98 [=========================>....] - ETA: 1s - loss: 1.2408 - accuracy: 0.5565
89/98 [==========================>...] - ETA: 1s - loss: 1.2398 - accuracy: 0.5569
90/98 [==========================>...] - ETA: 0s - loss: 1.2390 - accuracy: 0.5570
91/98 [==========================>...] - ETA: 0s - loss: 1.2375 - accuracy: 0.5573
92/98 [===========================>..] - ETA: 0s - loss: 1.2375 - accuracy: 0.5574
93/98 [===========================>..] - ETA: 0s - loss: 1.2372 - accuracy: 0.5577
94/98 [===========================>..] - ETA: 0s - loss: 1.2366 - accuracy: 0.5581
95/98 [============================>.] - ETA: 0s - loss: 1.2354 - accuracy: 0.5586
96/98 [============================>.] - ETA: 0s - loss: 1.2340 - accuracy: 0.5590
97/98 [============================>.] - ETA: 0s - loss: 1.2332 - accuracy: 0.5593
98/98 [==============================] - ETA: 0s - loss: 1.2324 - accuracy: 0.5597
98/98 [==============================] - 13s 132ms/step - loss: 1.2324 - accuracy: 0.5597 - val_loss: 1.8135 - val_accuracy: 0.3830
Epoch 4/84

 1/98 [..............................] - ETA: 13s - loss: 1.1279 - accuracy: 0.5859
 2/98 [..............................] - ETA: 12s - loss: 1.1070 - accuracy: 0.5840
 3/98 [..............................] - ETA: 11s - loss: 1.1050 - accuracy: 0.5964
 4/98 [>.............................] - ETA: 11s - loss: 1.1099 - accuracy: 0.5913
 5/98 [>.............................] - ETA: 11s - loss: 1.1199 - accuracy: 0.5883
 6/98 [>.............................] - ETA: 11s - loss: 1.0965 - accuracy: 0.5990
 7/98 [=>............................] - ETA: 11s - loss: 1.0899 - accuracy: 0.6030
 8/98 [=>............................] - ETA: 11s - loss: 1.0885 - accuracy: 0.6013
 9/98 [=>............................] - ETA: 11s - loss: 1.0961 - accuracy: 0.6018
10/98 [==>...........................] - ETA: 10s - loss: 1.1033 - accuracy: 0.6010
11/98 [==>...........................] - ETA: 10s - loss: 1.1074 - accuracy: 0.6016
12/98 [==>...........................] - ETA: 10s - loss: 1.1033 - accuracy: 0.6047
13/98 [==>...........................] - ETA: 10s - loss: 1.1022 - accuracy: 0.6058
14/98 [===>..........................] - ETA: 10s - loss: 1.1018 - accuracy: 0.6070
15/98 [===>..........................] - ETA: 10s - loss: 1.1045 - accuracy: 0.6074
16/98 [===>..........................] - ETA: 10s - loss: 1.0977 - accuracy: 0.6100
17/98 [====>.........................] - ETA: 10s - loss: 1.0963 - accuracy: 0.6098
18/98 [====>.........................] - ETA: 9s - loss: 1.0989 - accuracy: 0.6094 
19/98 [====>.........................] - ETA: 9s - loss: 1.0950 - accuracy: 0.6112
20/98 [=====>........................] - ETA: 9s - loss: 1.0965 - accuracy: 0.6117
21/98 [=====>........................] - ETA: 9s - loss: 1.0961 - accuracy: 0.6115
22/98 [=====>........................] - ETA: 9s - loss: 1.0968 - accuracy: 0.6120
23/98 [======>.......................] - ETA: 9s - loss: 1.0963 - accuracy: 0.6118
24/98 [======>.......................] - ETA: 9s - loss: 1.0944 - accuracy: 0.6130
25/98 [======>.......................] - ETA: 9s - loss: 1.0937 - accuracy: 0.6134
26/98 [======>.......................] - ETA: 8s - loss: 1.0930 - accuracy: 0.6141
27/98 [=======>......................] - ETA: 8s - loss: 1.0921 - accuracy: 0.6140
28/98 [=======>......................] - ETA: 8s - loss: 1.0909 - accuracy: 0.6145
29/98 [=======>......................] - ETA: 8s - loss: 1.0879 - accuracy: 0.6156
30/98 [========>.....................] - ETA: 8s - loss: 1.0877 - accuracy: 0.6163
31/98 [========>.....................] - ETA: 8s - loss: 1.0834 - accuracy: 0.6179
32/98 [========>.....................] - ETA: 8s - loss: 1.0832 - accuracy: 0.6179
33/98 [=========>....................] - ETA: 8s - loss: 1.0834 - accuracy: 0.6174
34/98 [=========>....................] - ETA: 7s - loss: 1.0850 - accuracy: 0.6168
35/98 [=========>....................] - ETA: 7s - loss: 1.0861 - accuracy: 0.6164
36/98 [==========>...................] - ETA: 7s - loss: 1.0881 - accuracy: 0.6155
37/98 [==========>...................] - ETA: 7s - loss: 1.0881 - accuracy: 0.6158
38/98 [==========>...................] - ETA: 7s - loss: 1.0860 - accuracy: 0.6166
39/98 [==========>...................] - ETA: 7s - loss: 1.0861 - accuracy: 0.6162
40/98 [===========>..................] - ETA: 7s - loss: 1.0853 - accuracy: 0.6167
41/98 [===========>..................] - ETA: 7s - loss: 1.0856 - accuracy: 0.6163
42/98 [===========>..................] - ETA: 6s - loss: 1.0866 - accuracy: 0.6165
43/98 [============>.................] - ETA: 6s - loss: 1.0862 - accuracy: 0.6171
44/98 [============>.................] - ETA: 6s - loss: 1.0859 - accuracy: 0.6173
45/98 [============>.................] - ETA: 6s - loss: 1.0857 - accuracy: 0.6174
46/98 [=============>................] - ETA: 6s - loss: 1.0855 - accuracy: 0.6173
47/98 [=============>................] - ETA: 6s - loss: 1.0855 - accuracy: 0.6170
48/98 [=============>................] - ETA: 6s - loss: 1.0861 - accuracy: 0.6173
49/98 [==============>...............] - ETA: 6s - loss: 1.0852 - accuracy: 0.6182
50/98 [==============>...............] - ETA: 5s - loss: 1.0864 - accuracy: 0.6183
51/98 [==============>...............] - ETA: 5s - loss: 1.0854 - accuracy: 0.6182
52/98 [==============>...............] - ETA: 5s - loss: 1.0845 - accuracy: 0.6190
53/98 [===============>..............] - ETA: 5s - loss: 1.0855 - accuracy: 0.6190
54/98 [===============>..............] - ETA: 5s - loss: 1.0843 - accuracy: 0.6194
55/98 [===============>..............] - ETA: 5s - loss: 1.0847 - accuracy: 0.6190
56/98 [================>.............] - ETA: 5s - loss: 1.0830 - accuracy: 0.6191
57/98 [================>.............] - ETA: 5s - loss: 1.0819 - accuracy: 0.6194
58/98 [================>.............] - ETA: 4s - loss: 1.0822 - accuracy: 0.6191
59/98 [=================>............] - ETA: 4s - loss: 1.0810 - accuracy: 0.6190
60/98 [=================>............] - ETA: 4s - loss: 1.0818 - accuracy: 0.6186
61/98 [=================>............] - ETA: 4s - loss: 1.0820 - accuracy: 0.6184
62/98 [=================>............] - ETA: 4s - loss: 1.0819 - accuracy: 0.6186
63/98 [==================>...........] - ETA: 4s - loss: 1.0786 - accuracy: 0.6197
64/98 [==================>...........] - ETA: 4s - loss: 1.0771 - accuracy: 0.6201
65/98 [==================>...........] - ETA: 4s - loss: 1.0757 - accuracy: 0.6206
66/98 [===================>..........] - ETA: 3s - loss: 1.0743 - accuracy: 0.6208
67/98 [===================>..........] - ETA: 3s - loss: 1.0737 - accuracy: 0.6210
68/98 [===================>..........] - ETA: 3s - loss: 1.0721 - accuracy: 0.6216
69/98 [====================>.........] - ETA: 3s - loss: 1.0717 - accuracy: 0.6217
70/98 [====================>.........] - ETA: 3s - loss: 1.0713 - accuracy: 0.6221
71/98 [====================>.........] - ETA: 3s - loss: 1.0701 - accuracy: 0.6227
72/98 [=====================>........] - ETA: 3s - loss: 1.0697 - accuracy: 0.6227
73/98 [=====================>........] - ETA: 3s - loss: 1.0693 - accuracy: 0.6230
74/98 [=====================>........] - ETA: 2s - loss: 1.0691 - accuracy: 0.6232
75/98 [=====================>........] - ETA: 2s - loss: 1.0687 - accuracy: 0.6237
76/98 [======================>.......] - ETA: 2s - loss: 1.0688 - accuracy: 0.6236
77/98 [======================>.......] - ETA: 2s - loss: 1.0685 - accuracy: 0.6237
78/98 [======================>.......] - ETA: 2s - loss: 1.0676 - accuracy: 0.6240
79/98 [=======================>......] - ETA: 2s - loss: 1.0661 - accuracy: 0.6248
80/98 [=======================>......] - ETA: 2s - loss: 1.0652 - accuracy: 0.6251
81/98 [=======================>......] - ETA: 2s - loss: 1.0650 - accuracy: 0.6249
82/98 [========================>.....] - ETA: 1s - loss: 1.0638 - accuracy: 0.6253
83/98 [========================>.....] - ETA: 1s - loss: 1.0637 - accuracy: 0.6251
84/98 [========================>.....] - ETA: 1s - loss: 1.0632 - accuracy: 0.6253
85/98 [=========================>....] - ETA: 1s - loss: 1.0633 - accuracy: 0.6255
86/98 [=========================>....] - ETA: 1s - loss: 1.0622 - accuracy: 0.6258
87/98 [=========================>....] - ETA: 1s - loss: 1.0620 - accuracy: 0.6260
88/98 [=========================>....] - ETA: 1s - loss: 1.0619 - accuracy: 0.6259
89/98 [==========================>...] - ETA: 1s - loss: 1.0604 - accuracy: 0.6262
90/98 [==========================>...] - ETA: 0s - loss: 1.0606 - accuracy: 0.6265
91/98 [==========================>...] - ETA: 0s - loss: 1.0610 - accuracy: 0.6266
92/98 [===========================>..] - ETA: 0s - loss: 1.0599 - accuracy: 0.6270
93/98 [===========================>..] - ETA: 0s - loss: 1.0588 - accuracy: 0.6276
94/98 [===========================>..] - ETA: 0s - loss: 1.0586 - accuracy: 0.6277
95/98 [============================>.] - ETA: 0s - loss: 1.0585 - accuracy: 0.6278
96/98 [============================>.] - ETA: 0s - loss: 1.0576 - accuracy: 0.6279
97/98 [============================>.] - ETA: 0s - loss: 1.0568 - accuracy: 0.6282
98/98 [==============================] - ETA: 0s - loss: 1.0569 - accuracy: 0.6280
98/98 [==============================] - 13s 135ms/step - loss: 1.0569 - accuracy: 0.6280 - val_loss: 1.3522 - val_accuracy: 0.5198
Epoch 5/84

 1/98 [..............................] - ETA: 10s - loss: 0.8663 - accuracy: 0.6953
 2/98 [..............................] - ETA: 7s - loss: 0.8680 - accuracy: 0.6914 
 3/98 [..............................] - ETA: 8s - loss: 0.8783 - accuracy: 0.6921
 4/98 [>.............................] - ETA: 7s - loss: 0.9018 - accuracy: 0.6802
 5/98 [>.............................] - ETA: 8s - loss: 0.8970 - accuracy: 0.6820
 6/98 [>.............................] - ETA: 8s - loss: 0.9148 - accuracy: 0.6748
 7/98 [=>............................] - ETA: 9s - loss: 0.9156 - accuracy: 0.6735
 8/98 [=>............................] - ETA: 9s - loss: 0.9332 - accuracy: 0.6677
 9/98 [=>............................] - ETA: 9s - loss: 0.9378 - accuracy: 0.6660
10/98 [==>...........................] - ETA: 9s - loss: 0.9384 - accuracy: 0.6646
11/98 [==>...........................] - ETA: 9s - loss: 0.9318 - accuracy: 0.6685
12/98 [==>...........................] - ETA: 9s - loss: 0.9373 - accuracy: 0.6660
13/98 [==>...........................] - ETA: 9s - loss: 0.9451 - accuracy: 0.6624
14/98 [===>..........................] - ETA: 9s - loss: 0.9491 - accuracy: 0.6624
15/98 [===>..........................] - ETA: 9s - loss: 0.9517 - accuracy: 0.6618
16/98 [===>..........................] - ETA: 9s - loss: 0.9588 - accuracy: 0.6595
17/98 [====>.........................] - ETA: 9s - loss: 0.9592 - accuracy: 0.6605
18/98 [====>.........................] - ETA: 9s - loss: 0.9589 - accuracy: 0.6603
19/98 [====>.........................] - ETA: 9s - loss: 0.9617 - accuracy: 0.6602
20/98 [=====>........................] - ETA: 8s - loss: 0.9609 - accuracy: 0.6592
21/98 [=====>........................] - ETA: 8s - loss: 0.9596 - accuracy: 0.6590
22/98 [=====>........................] - ETA: 8s - loss: 0.9620 - accuracy: 0.6569
23/98 [======>.......................] - ETA: 8s - loss: 0.9643 - accuracy: 0.6553
24/98 [======>.......................] - ETA: 8s - loss: 0.9671 - accuracy: 0.6541
25/98 [======>.......................] - ETA: 8s - loss: 0.9696 - accuracy: 0.6534
26/98 [======>.......................] - ETA: 8s - loss: 0.9670 - accuracy: 0.6549
27/98 [=======>......................] - ETA: 8s - loss: 0.9689 - accuracy: 0.6550
28/98 [=======>......................] - ETA: 8s - loss: 0.9713 - accuracy: 0.6541
29/98 [=======>......................] - ETA: 8s - loss: 0.9690 - accuracy: 0.6557
30/98 [========>.....................] - ETA: 7s - loss: 0.9653 - accuracy: 0.6579
31/98 [========>.....................] - ETA: 7s - loss: 0.9614 - accuracy: 0.6591
32/98 [========>.....................] - ETA: 7s - loss: 0.9611 - accuracy: 0.6591
33/98 [=========>....................] - ETA: 7s - loss: 0.9611 - accuracy: 0.6587
34/98 [=========>....................] - ETA: 7s - loss: 0.9630 - accuracy: 0.6585
35/98 [=========>....................] - ETA: 7s - loss: 0.9621 - accuracy: 0.6581
36/98 [==========>...................] - ETA: 7s - loss: 0.9620 - accuracy: 0.6575
37/98 [==========>...................] - ETA: 7s - loss: 0.9593 - accuracy: 0.6590
38/98 [==========>...................] - ETA: 7s - loss: 0.9600 - accuracy: 0.6588
39/98 [==========>...................] - ETA: 7s - loss: 0.9602 - accuracy: 0.6586
40/98 [===========>..................] - ETA: 6s - loss: 0.9607 - accuracy: 0.6581
41/98 [===========>..................] - ETA: 6s - loss: 0.9602 - accuracy: 0.6582
42/98 [===========>..................] - ETA: 6s - loss: 0.9619 - accuracy: 0.6574
43/98 [============>.................] - ETA: 6s - loss: 0.9614 - accuracy: 0.6571
