2024-06-26 22:44:33.120879: I tensorflow/core/platform/cpu_feature_guard.cc:193] This TensorFlow binary is optimized with oneAPI Deep Neural Network Library (oneDNN) to use the following CPU instructions in performance-critical operations:  AVX AVX2
To enable them in other operations, rebuild TensorFlow with the appropriate compiler flags.
2024-06-26 22:44:33.838644: I tensorflow/core/common_runtime/gpu/gpu_device.cc:1616] Created device /job:localhost/replica:0/task:0/device:GPU:0 with 6656 MB memory:  -> device: 0, name: NVIDIA GeForce RTX 4060 Ti, pci bus id: 0000:01:00.0, compute capability: 8.9
1 Physical GPUs, 1 Logical GPUs
Model: "sequential"
_________________________________________________________________
 Layer (type)                Output Shape              Param #   
=================================================================
 conv2d (Conv2D)             (None, 32, 32, 32)        896       
                                                                 
 batch_normalization (BatchN  (None, 32, 32, 32)       128       
 ormalization)                                                   
                                                                 
 conv2d_1 (Conv2D)           (None, 32, 32, 64)        51264     
                                                                 
 max_pooling2d (MaxPooling2D  (None, 16, 16, 64)       0         
 )                                                               
                                                                 
 conv2d_2 (Conv2D)           (None, 16, 16, 32)        165920    
                                                                 
 max_pooling2d_1 (MaxPooling  (None, 8, 8, 32)         0         
 2D)                                                             
                                                                 
 batch_normalization_1 (Batc  (None, 8, 8, 32)         128       
 hNormalization)                                                 
                                                                 
 dropout (Dropout)           (None, 8, 8, 32)          0         
                                                                 
 flatten (Flatten)           (None, 2048)              0         
                                                                 
 dense (Dense)               (None, 10)                20490     
                                                                 
=================================================================
Total params: 238,826
Trainable params: 238,698
Non-trainable params: 128
_________________________________________________________________
Taxa de aprendizado:  0.01 Num de épocas:  84 Tamanho do lote:  512 Dropout:  0.40907
Epoch 1/84
2024-06-26 22:44:35.608995: I tensorflow/stream_executor/cuda/cuda_dnn.cc:384] Loaded cuDNN version 8100
2024-06-26 22:44:36.859994: W tensorflow/stream_executor/gpu/redzone_allocator.cc:314] INTERNAL: ptxas exited with non-zero error code -1, output: 
Relying on driver to perform ptx compilation. 
Modify $PATH to customize ptxas location.
This message will be only logged once.
2024-06-26 22:44:38.843967: I tensorflow/stream_executor/cuda/cuda_blas.cc:1614] TensorFloat-32 will be used for the matrix multiplication. This will only be logged once.

 1/98 [..............................] - ETA: 11:38 - loss: 3.4798 - accuracy: 0.0898
 2/98 [..............................] - ETA: 7s - loss: 4.5040 - accuracy: 0.1104   
 3/98 [..............................] - ETA: 7s - loss: 4.6882 - accuracy: 0.1335
 4/98 [>.............................] - ETA: 7s - loss: 4.7503 - accuracy: 0.1509
 5/98 [>.............................] - ETA: 7s - loss: 4.7587 - accuracy: 0.1484
 6/98 [>.............................] - ETA: 6s - loss: 4.6493 - accuracy: 0.1527
 7/98 [=>............................] - ETA: 6s - loss: 4.6010 - accuracy: 0.1579
 8/98 [=>............................] - ETA: 6s - loss: 4.4767 - accuracy: 0.1638
 9/98 [=>............................] - ETA: 6s - loss: 4.3271 - accuracy: 0.1693
10/98 [==>...........................] - ETA: 6s - loss: 4.1963 - accuracy: 0.1732
11/98 [==>...........................] - ETA: 6s - loss: 4.1195 - accuracy: 0.1774
12/98 [==>...........................] - ETA: 6s - loss: 4.0291 - accuracy: 0.1828
13/98 [==>...........................] - ETA: 6s - loss: 3.9597 - accuracy: 0.1858
14/98 [===>..........................] - ETA: 6s - loss: 3.8703 - accuracy: 0.1907
15/98 [===>..........................] - ETA: 6s - loss: 3.7979 - accuracy: 0.1940
16/98 [===>..........................] - ETA: 15s - loss: 3.7609 - accuracy: 0.1957
17/98 [====>.........................] - ETA: 15s - loss: 3.7058 - accuracy: 0.1982
18/98 [====>.........................] - ETA: 14s - loss: 3.6385 - accuracy: 0.2003
19/98 [====>.........................] - ETA: 14s - loss: 3.5845 - accuracy: 0.2031
20/98 [=====>........................] - ETA: 13s - loss: 3.5331 - accuracy: 0.2062
21/98 [=====>........................] - ETA: 13s - loss: 3.4803 - accuracy: 0.2111
22/98 [=====>........................] - ETA: 12s - loss: 3.4375 - accuracy: 0.2137
23/98 [======>.......................] - ETA: 12s - loss: 3.3934 - accuracy: 0.2173
24/98 [======>.......................] - ETA: 11s - loss: 3.3508 - accuracy: 0.2203
25/98 [======>.......................] - ETA: 11s - loss: 3.3175 - accuracy: 0.2216
26/98 [======>.......................] - ETA: 11s - loss: 3.2805 - accuracy: 0.2236
27/98 [=======>......................] - ETA: 11s - loss: 3.2438 - accuracy: 0.2261
28/98 [=======>......................] - ETA: 10s - loss: 3.2060 - accuracy: 0.2289
29/98 [=======>......................] - ETA: 10s - loss: 3.1752 - accuracy: 0.2311
30/98 [========>.....................] - ETA: 10s - loss: 3.1405 - accuracy: 0.2352
31/98 [========>.....................] - ETA: 9s - loss: 3.1076 - accuracy: 0.2376 
32/98 [========>.....................] - ETA: 9s - loss: 3.0773 - accuracy: 0.2407
33/98 [=========>....................] - ETA: 9s - loss: 3.0456 - accuracy: 0.2446
34/98 [=========>....................] - ETA: 9s - loss: 3.0162 - accuracy: 0.2482
35/98 [=========>....................] - ETA: 9s - loss: 2.9894 - accuracy: 0.2505
36/98 [==========>...................] - ETA: 8s - loss: 2.9623 - accuracy: 0.2535
37/98 [==========>...................] - ETA: 8s - loss: 2.9337 - accuracy: 0.2560
38/98 [==========>...................] - ETA: 8s - loss: 2.9048 - accuracy: 0.2595
39/98 [==========>...................] - ETA: 8s - loss: 2.8842 - accuracy: 0.2619
40/98 [===========>..................] - ETA: 8s - loss: 2.8648 - accuracy: 0.2635
41/98 [===========>..................] - ETA: 7s - loss: 2.8430 - accuracy: 0.2649
42/98 [===========>..................] - ETA: 7s - loss: 2.8193 - accuracy: 0.2679
43/98 [============>.................] - ETA: 7s - loss: 2.7970 - accuracy: 0.2704
44/98 [============>.................] - ETA: 7s - loss: 2.7789 - accuracy: 0.2719
45/98 [============>.................] - ETA: 7s - loss: 2.7601 - accuracy: 0.2732
46/98 [=============>................] - ETA: 6s - loss: 2.7412 - accuracy: 0.2752
47/98 [=============>................] - ETA: 6s - loss: 2.7252 - accuracy: 0.2771
48/98 [=============>................] - ETA: 6s - loss: 2.7093 - accuracy: 0.2788
49/98 [==============>...............] - ETA: 6s - loss: 2.6916 - accuracy: 0.2807
50/98 [==============>...............] - ETA: 6s - loss: 2.6770 - accuracy: 0.2822
51/98 [==============>...............] - ETA: 6s - loss: 2.6596 - accuracy: 0.2842
52/98 [==============>...............] - ETA: 6s - loss: 2.6442 - accuracy: 0.2858
53/98 [===============>..............] - ETA: 5s - loss: 2.6292 - accuracy: 0.2873
54/98 [===============>..............] - ETA: 5s - loss: 2.6156 - accuracy: 0.2889
55/98 [===============>..............] - ETA: 5s - loss: 2.6003 - accuracy: 0.2907
56/98 [================>.............] - ETA: 5s - loss: 2.5864 - accuracy: 0.2924
57/98 [================>.............] - ETA: 5s - loss: 2.5718 - accuracy: 0.2941
58/98 [================>.............] - ETA: 5s - loss: 2.5576 - accuracy: 0.2958
59/98 [=================>............] - ETA: 4s - loss: 2.5455 - accuracy: 0.2970
60/98 [=================>............] - ETA: 4s - loss: 2.5323 - accuracy: 0.2982
61/98 [=================>............] - ETA: 4s - loss: 2.5197 - accuracy: 0.2993
62/98 [=================>............] - ETA: 4s - loss: 2.5073 - accuracy: 0.3007
63/98 [==================>...........] - ETA: 4s - loss: 2.4946 - accuracy: 0.3017
64/98 [==================>...........] - ETA: 4s - loss: 2.4830 - accuracy: 0.3033
65/98 [==================>...........] - ETA: 4s - loss: 2.4702 - accuracy: 0.3051
66/98 [===================>..........] - ETA: 4s - loss: 2.4601 - accuracy: 0.3064
67/98 [===================>..........] - ETA: 3s - loss: 2.4494 - accuracy: 0.3078
68/98 [===================>..........] - ETA: 3s - loss: 2.4387 - accuracy: 0.3090
69/98 [====================>.........] - ETA: 3s - loss: 2.4293 - accuracy: 0.3098
70/98 [====================>.........] - ETA: 3s - loss: 2.4206 - accuracy: 0.3109
71/98 [====================>.........] - ETA: 3s - loss: 2.4114 - accuracy: 0.3117
72/98 [=====================>........] - ETA: 3s - loss: 2.4015 - accuracy: 0.3130
73/98 [=====================>........] - ETA: 3s - loss: 2.3920 - accuracy: 0.3141
74/98 [=====================>........] - ETA: 2s - loss: 2.3834 - accuracy: 0.3156
75/98 [=====================>........] - ETA: 2s - loss: 2.3754 - accuracy: 0.3162
76/98 [======================>.......] - ETA: 2s - loss: 2.3663 - accuracy: 0.3172
77/98 [======================>.......] - ETA: 2s - loss: 2.3579 - accuracy: 0.3183
78/98 [======================>.......] - ETA: 2s - loss: 2.3505 - accuracy: 0.3191
79/98 [=======================>......] - ETA: 2s - loss: 2.3420 - accuracy: 0.3202
80/98 [=======================>......] - ETA: 2s - loss: 2.3341 - accuracy: 0.3214
81/98 [=======================>......] - ETA: 2s - loss: 2.3264 - accuracy: 0.3222
82/98 [========================>.....] - ETA: 1s - loss: 2.3195 - accuracy: 0.3230
83/98 [========================>.....] - ETA: 1s - loss: 2.3124 - accuracy: 0.3238
84/98 [========================>.....] - ETA: 1s - loss: 2.3052 - accuracy: 0.3248
85/98 [=========================>....] - ETA: 1s - loss: 2.2993 - accuracy: 0.3256
86/98 [=========================>....] - ETA: 1s - loss: 2.2917 - accuracy: 0.3268
87/98 [=========================>....] - ETA: 1s - loss: 2.2847 - accuracy: 0.3274
88/98 [=========================>....] - ETA: 1s - loss: 2.2778 - accuracy: 0.3286
89/98 [==========================>...] - ETA: 1s - loss: 2.2707 - accuracy: 0.3297
90/98 [==========================>...] - ETA: 0s - loss: 2.2637 - accuracy: 0.3306
91/98 [==========================>...] - ETA: 0s - loss: 2.2558 - accuracy: 0.3320
92/98 [===========================>..] - ETA: 0s - loss: 2.2493 - accuracy: 0.3328
93/98 [===========================>..] - ETA: 0s - loss: 2.2415 - accuracy: 0.3340
94/98 [===========================>..] - ETA: 0s - loss: 2.2352 - accuracy: 0.3351
95/98 [============================>.] - ETA: 0s - loss: 2.2293 - accuracy: 0.3359
96/98 [============================>.] - ETA: 0s - loss: 2.2222 - accuracy: 0.3373
97/98 [============================>.] - ETA: 0s - loss: 2.2162 - accuracy: 0.3383
98/98 [==============================] - ETA: 0s - loss: 2.2099 - accuracy: 0.3394
98/98 [==============================] - 20s 132ms/step - loss: 2.2099 - accuracy: 0.3394 - val_loss: 1.9104 - val_accuracy: 0.3328
Epoch 2/84

 1/98 [..............................] - ETA: 12s - loss: 1.6323 - accuracy: 0.3906
 2/98 [..............................] - ETA: 9s - loss: 1.5980 - accuracy: 0.4199 
 3/98 [..............................] - ETA: 9s - loss: 1.6047 - accuracy: 0.4297
 4/98 [>.............................] - ETA: 9s - loss: 1.5867 - accuracy: 0.4409
 5/98 [>.............................] - ETA: 9s - loss: 1.5715 - accuracy: 0.4449
 6/98 [>.............................] - ETA: 9s - loss: 1.5696 - accuracy: 0.4437
 7/98 [=>............................] - ETA: 9s - loss: 1.5784 - accuracy: 0.4470
 8/98 [=>............................] - ETA: 9s - loss: 1.5778 - accuracy: 0.4434
 9/98 [=>............................] - ETA: 9s - loss: 1.5709 - accuracy: 0.4453
10/98 [==>...........................] - ETA: 9s - loss: 1.5652 - accuracy: 0.4467
11/98 [==>...........................] - ETA: 9s - loss: 1.5584 - accuracy: 0.4503
12/98 [==>...........................] - ETA: 8s - loss: 1.5529 - accuracy: 0.4517
13/98 [==>...........................] - ETA: 8s - loss: 1.5565 - accuracy: 0.4519
14/98 [===>..........................] - ETA: 8s - loss: 1.5540 - accuracy: 0.4540
15/98 [===>..........................] - ETA: 8s - loss: 1.5515 - accuracy: 0.4553
16/98 [===>..........................] - ETA: 8s - loss: 1.5508 - accuracy: 0.4551
17/98 [====>.........................] - ETA: 8s - loss: 1.5501 - accuracy: 0.4538
18/98 [====>.........................] - ETA: 8s - loss: 1.5511 - accuracy: 0.4532
19/98 [====>.........................] - ETA: 8s - loss: 1.5527 - accuracy: 0.4536
20/98 [=====>........................] - ETA: 8s - loss: 1.5530 - accuracy: 0.4527
21/98 [=====>........................] - ETA: 8s - loss: 1.5522 - accuracy: 0.4521
22/98 [=====>........................] - ETA: 7s - loss: 1.5458 - accuracy: 0.4537
23/98 [======>.......................] - ETA: 7s - loss: 1.5475 - accuracy: 0.4529
24/98 [======>.......................] - ETA: 7s - loss: 1.5410 - accuracy: 0.4541
25/98 [======>.......................] - ETA: 7s - loss: 1.5354 - accuracy: 0.4568
26/98 [======>.......................] - ETA: 7s - loss: 1.5360 - accuracy: 0.4562
27/98 [=======>......................] - ETA: 7s - loss: 1.5372 - accuracy: 0.4559
28/98 [=======>......................] - ETA: 7s - loss: 1.5356 - accuracy: 0.4559
29/98 [=======>......................] - ETA: 7s - loss: 1.5349 - accuracy: 0.4569
30/98 [========>.....................] - ETA: 7s - loss: 1.5378 - accuracy: 0.4554
31/98 [========>.....................] - ETA: 7s - loss: 1.5352 - accuracy: 0.4569
32/98 [========>.....................] - ETA: 6s - loss: 1.5331 - accuracy: 0.4580
33/98 [=========>....................] - ETA: 6s - loss: 1.5319 - accuracy: 0.4582
34/98 [=========>....................] - ETA: 6s - loss: 1.5333 - accuracy: 0.4578
35/98 [=========>....................] - ETA: 6s - loss: 1.5299 - accuracy: 0.4590
36/98 [==========>...................] - ETA: 6s - loss: 1.5260 - accuracy: 0.4595
37/98 [==========>...................] - ETA: 6s - loss: 1.5233 - accuracy: 0.4604
38/98 [==========>...................] - ETA: 6s - loss: 1.5204 - accuracy: 0.4612
39/98 [==========>...................] - ETA: 6s - loss: 1.5179 - accuracy: 0.4623
40/98 [===========>..................] - ETA: 6s - loss: 1.5142 - accuracy: 0.4633
41/98 [===========>..................] - ETA: 5s - loss: 1.5133 - accuracy: 0.4631
42/98 [===========>..................] - ETA: 5s - loss: 1.5126 - accuracy: 0.4637
43/98 [============>.................] - ETA: 5s - loss: 1.5111 - accuracy: 0.4639
44/98 [============>.................] - ETA: 5s - loss: 1.5089 - accuracy: 0.4646
45/98 [============>.................] - ETA: 5s - loss: 1.5092 - accuracy: 0.4647
46/98 [=============>................] - ETA: 5s - loss: 1.5067 - accuracy: 0.4652
47/98 [=============>................] - ETA: 5s - loss: 1.5029 - accuracy: 0.4667
48/98 [=============>................] - ETA: 5s - loss: 1.5030 - accuracy: 0.4668
49/98 [==============>...............] - ETA: 5s - loss: 1.4993 - accuracy: 0.4677
50/98 [==============>...............] - ETA: 5s - loss: 1.4981 - accuracy: 0.4679
51/98 [==============>...............] - ETA: 4s - loss: 1.4976 - accuracy: 0.4681
52/98 [==============>...............] - ETA: 4s - loss: 1.4957 - accuracy: 0.4684
53/98 [===============>..............] - ETA: 4s - loss: 1.4939 - accuracy: 0.4690
54/98 [===============>..............] - ETA: 4s - loss: 1.4917 - accuracy: 0.4700
55/98 [===============>..............] - ETA: 4s - loss: 1.4903 - accuracy: 0.4702
56/98 [================>.............] - ETA: 4s - loss: 1.4888 - accuracy: 0.4709
57/98 [================>.............] - ETA: 4s - loss: 1.4888 - accuracy: 0.4711
58/98 [================>.............] - ETA: 4s - loss: 1.4873 - accuracy: 0.4717
59/98 [=================>............] - ETA: 4s - loss: 1.4848 - accuracy: 0.4723
60/98 [=================>............] - ETA: 3s - loss: 1.4837 - accuracy: 0.4729
61/98 [=================>............] - ETA: 3s - loss: 1.4824 - accuracy: 0.4733
62/98 [=================>............] - ETA: 3s - loss: 1.4807 - accuracy: 0.4737
63/98 [==================>...........] - ETA: 3s - loss: 1.4798 - accuracy: 0.4737
64/98 [==================>...........] - ETA: 3s - loss: 1.4779 - accuracy: 0.4742
65/98 [==================>...........] - ETA: 3s - loss: 1.4773 - accuracy: 0.4744
66/98 [===================>..........] - ETA: 3s - loss: 1.4772 - accuracy: 0.4746
67/98 [===================>..........] - ETA: 3s - loss: 1.4762 - accuracy: 0.4745
68/98 [===================>..........] - ETA: 3s - loss: 1.4760 - accuracy: 0.4746
69/98 [====================>.........] - ETA: 3s - loss: 1.4744 - accuracy: 0.4754
70/98 [====================>.........] - ETA: 2s - loss: 1.4729 - accuracy: 0.4760
71/98 [====================>.........] - ETA: 2s - loss: 1.4716 - accuracy: 0.4763
72/98 [=====================>........] - ETA: 2s - loss: 1.4702 - accuracy: 0.4771
73/98 [=====================>........] - ETA: 2s - loss: 1.4671 - accuracy: 0.4780
74/98 [=====================>........] - ETA: 2s - loss: 1.4660 - accuracy: 0.4788
75/98 [=====================>........] - ETA: 2s - loss: 1.4651 - accuracy: 0.4791
76/98 [======================>.......] - ETA: 2s - loss: 1.4643 - accuracy: 0.4793
77/98 [======================>.......] - ETA: 2s - loss: 1.4639 - accuracy: 0.4798
78/98 [======================>.......] - ETA: 2s - loss: 1.4639 - accuracy: 0.4802
79/98 [=======================>......] - ETA: 1s - loss: 1.4616 - accuracy: 0.4811
80/98 [=======================>......] - ETA: 1s - loss: 1.4606 - accuracy: 0.4815
81/98 [=======================>......] - ETA: 1s - loss: 1.4593 - accuracy: 0.4822
82/98 [========================>.....] - ETA: 1s - loss: 1.4575 - accuracy: 0.4828
83/98 [========================>.....] - ETA: 1s - loss: 1.4568 - accuracy: 0.4830
84/98 [========================>.....] - ETA: 1s - loss: 1.4554 - accuracy: 0.4834
85/98 [=========================>....] - ETA: 1s - loss: 1.4542 - accuracy: 0.4837
86/98 [=========================>....] - ETA: 1s - loss: 1.4529 - accuracy: 0.4844
87/98 [=========================>....] - ETA: 1s - loss: 1.4512 - accuracy: 0.4849
88/98 [=========================>....] - ETA: 1s - loss: 1.4499 - accuracy: 0.4852
89/98 [==========================>...] - ETA: 0s - loss: 1.4490 - accuracy: 0.4854
90/98 [==========================>...] - ETA: 0s - loss: 1.4482 - accuracy: 0.4855
91/98 [==========================>...] - ETA: 0s - loss: 1.4468 - accuracy: 0.4860
92/98 [===========================>..] - ETA: 0s - loss: 1.4461 - accuracy: 0.4861
93/98 [===========================>..] - ETA: 0s - loss: 1.4449 - accuracy: 0.4865
94/98 [===========================>..] - ETA: 0s - loss: 1.4428 - accuracy: 0.4871
95/98 [============================>.] - ETA: 0s - loss: 1.4420 - accuracy: 0.4874
96/98 [============================>.] - ETA: 0s - loss: 1.4407 - accuracy: 0.4878
97/98 [============================>.] - ETA: 0s - loss: 1.4399 - accuracy: 0.4880
98/98 [==============================] - ETA: 0s - loss: 1.4394 - accuracy: 0.4882
98/98 [==============================] - 11s 113ms/step - loss: 1.4394 - accuracy: 0.4882 - val_loss: 1.9905 - val_accuracy: 0.2735
Epoch 3/84

 1/98 [..............................] - ETA: 12s - loss: 1.1786 - accuracy: 0.5801
 2/98 [..............................] - ETA: 9s - loss: 1.2643 - accuracy: 0.5547 
 3/98 [..............................] - ETA: 9s - loss: 1.2860 - accuracy: 0.5495
 4/98 [>.............................] - ETA: 9s - loss: 1.2832 - accuracy: 0.5483
 5/98 [>.............................] - ETA: 9s - loss: 1.2788 - accuracy: 0.5477
 6/98 [>.............................] - ETA: 9s - loss: 1.2897 - accuracy: 0.5391
 7/98 [=>............................] - ETA: 9s - loss: 1.2851 - accuracy: 0.5416
 8/98 [=>............................] - ETA: 9s - loss: 1.2785 - accuracy: 0.5437
 9/98 [=>............................] - ETA: 9s - loss: 1.2762 - accuracy: 0.5428
10/98 [==>...........................] - ETA: 9s - loss: 1.2799 - accuracy: 0.5416
11/98 [==>...........................] - ETA: 9s - loss: 1.2772 - accuracy: 0.5426
12/98 [==>...........................] - ETA: 9s - loss: 1.2857 - accuracy: 0.5430
13/98 [==>...........................] - ETA: 8s - loss: 1.2890 - accuracy: 0.5418
14/98 [===>..........................] - ETA: 8s - loss: 1.2837 - accuracy: 0.5442
15/98 [===>..........................] - ETA: 8s - loss: 1.2802 - accuracy: 0.5452
16/98 [===>..........................] - ETA: 8s - loss: 1.2739 - accuracy: 0.5461
17/98 [====>.........................] - ETA: 8s - loss: 1.2707 - accuracy: 0.5472
18/98 [====>.........................] - ETA: 8s - loss: 1.2681 - accuracy: 0.5487
19/98 [====>.........................] - ETA: 8s - loss: 1.2680 - accuracy: 0.5479
20/98 [=====>........................] - ETA: 8s - loss: 1.2676 - accuracy: 0.5467
21/98 [=====>........................] - ETA: 8s - loss: 1.2705 - accuracy: 0.5456
22/98 [=====>........................] - ETA: 7s - loss: 1.2737 - accuracy: 0.5437
23/98 [======>.......................] - ETA: 7s - loss: 1.2731 - accuracy: 0.5441
24/98 [======>.......................] - ETA: 7s - loss: 1.2737 - accuracy: 0.5441
25/98 [======>.......................] - ETA: 7s - loss: 1.2724 - accuracy: 0.5445
26/98 [======>.......................] - ETA: 7s - loss: 1.2685 - accuracy: 0.5454
27/98 [=======>......................] - ETA: 7s - loss: 1.2664 - accuracy: 0.5461
28/98 [=======>......................] - ETA: 7s - loss: 1.2682 - accuracy: 0.5453
29/98 [=======>......................] - ETA: 7s - loss: 1.2713 - accuracy: 0.5432
30/98 [========>.....................] - ETA: 7s - loss: 1.2672 - accuracy: 0.5456
31/98 [========>.....................] - ETA: 7s - loss: 1.2643 - accuracy: 0.5470
32/98 [========>.....................] - ETA: 6s - loss: 1.2621 - accuracy: 0.5480
33/98 [=========>....................] - ETA: 6s - loss: 1.2601 - accuracy: 0.5481
34/98 [=========>....................] - ETA: 6s - loss: 1.2587 - accuracy: 0.5487
35/98 [=========>....................] - ETA: 6s - loss: 1.2561 - accuracy: 0.5491
36/98 [==========>...................] - ETA: 6s - loss: 1.2569 - accuracy: 0.5489
37/98 [==========>...................] - ETA: 6s - loss: 1.2550 - accuracy: 0.5496
38/98 [==========>...................] - ETA: 6s - loss: 1.2519 - accuracy: 0.5519
39/98 [==========>...................] - ETA: 6s - loss: 1.2536 - accuracy: 0.5514
40/98 [===========>..................] - ETA: 6s - loss: 1.2529 - accuracy: 0.5520
41/98 [===========>..................] - ETA: 5s - loss: 1.2516 - accuracy: 0.5529
42/98 [===========>..................] - ETA: 5s - loss: 1.2485 - accuracy: 0.5542
43/98 [============>.................] - ETA: 5s - loss: 1.2485 - accuracy: 0.5535
44/98 [============>.................] - ETA: 5s - loss: 1.2477 - accuracy: 0.5537
45/98 [============>.................] - ETA: 5s - loss: 1.2442 - accuracy: 0.5551
46/98 [=============>................] - ETA: 5s - loss: 1.2451 - accuracy: 0.5549
47/98 [=============>................] - ETA: 5s - loss: 1.2439 - accuracy: 0.5552
48/98 [=============>................] - ETA: 5s - loss: 1.2435 - accuracy: 0.5558
49/98 [==============>...............] - ETA: 5s - loss: 1.2420 - accuracy: 0.5569
50/98 [==============>...............] - ETA: 5s - loss: 1.2404 - accuracy: 0.5579
51/98 [==============>...............] - ETA: 4s - loss: 1.2391 - accuracy: 0.5582
52/98 [==============>...............] - ETA: 4s - loss: 1.2364 - accuracy: 0.5593
53/98 [===============>..............] - ETA: 4s - loss: 1.2332 - accuracy: 0.5604
54/98 [===============>..............] - ETA: 4s - loss: 1.2322 - accuracy: 0.5610
55/98 [===============>..............] - ETA: 4s - loss: 1.2315 - accuracy: 0.5607
56/98 [================>.............] - ETA: 4s - loss: 1.2294 - accuracy: 0.5612
57/98 [================>.............] - ETA: 4s - loss: 1.2280 - accuracy: 0.5618
58/98 [================>.............] - ETA: 4s - loss: 1.2277 - accuracy: 0.5618
59/98 [=================>............] - ETA: 4s - loss: 1.2265 - accuracy: 0.5615
60/98 [=================>............] - ETA: 3s - loss: 1.2260 - accuracy: 0.5618
61/98 [=================>............] - ETA: 3s - loss: 1.2253 - accuracy: 0.5624
62/98 [=================>............] - ETA: 3s - loss: 1.2244 - accuracy: 0.5624
63/98 [==================>...........] - ETA: 3s - loss: 1.2248 - accuracy: 0.5627
64/98 [==================>...........] - ETA: 3s - loss: 1.2242 - accuracy: 0.5629
65/98 [==================>...........] - ETA: 3s - loss: 1.2228 - accuracy: 0.5635
66/98 [===================>..........] - ETA: 3s - loss: 1.2233 - accuracy: 0.5634
67/98 [===================>..........] - ETA: 3s - loss: 1.2219 - accuracy: 0.5639
68/98 [===================>..........] - ETA: 3s - loss: 1.2200 - accuracy: 0.5647
69/98 [====================>.........] - ETA: 3s - loss: 1.2190 - accuracy: 0.5652
70/98 [====================>.........] - ETA: 2s - loss: 1.2181 - accuracy: 0.5658
71/98 [====================>.........] - ETA: 2s - loss: 1.2175 - accuracy: 0.5658
72/98 [=====================>........] - ETA: 2s - loss: 1.2171 - accuracy: 0.5661
73/98 [=====================>........] - ETA: 2s - loss: 1.2167 - accuracy: 0.5666
74/98 [=====================>........] - ETA: 2s - loss: 1.2161 - accuracy: 0.5671
75/98 [=====================>........] - ETA: 2s - loss: 1.2153 - accuracy: 0.5675
76/98 [======================>.......] - ETA: 2s - loss: 1.2143 - accuracy: 0.5683
77/98 [======================>.......] - ETA: 2s - loss: 1.2131 - accuracy: 0.5686
78/98 [======================>.......] - ETA: 2s - loss: 1.2109 - accuracy: 0.5693
79/98 [=======================>......] - ETA: 1s - loss: 1.2095 - accuracy: 0.5697
80/98 [=======================>......] - ETA: 1s - loss: 1.2081 - accuracy: 0.5701
81/98 [=======================>......] - ETA: 1s - loss: 1.2072 - accuracy: 0.5700
82/98 [========================>.....] - ETA: 1s - loss: 1.2057 - accuracy: 0.5705
83/98 [========================>.....] - ETA: 1s - loss: 1.2053 - accuracy: 0.5708
84/98 [========================>.....] - ETA: 1s - loss: 1.2050 - accuracy: 0.5711
85/98 [=========================>....] - ETA: 1s - loss: 1.2037 - accuracy: 0.5718
86/98 [=========================>....] - ETA: 1s - loss: 1.2029 - accuracy: 0.5723
87/98 [=========================>....] - ETA: 1s - loss: 1.2025 - accuracy: 0.5721
88/98 [=========================>....] - ETA: 1s - loss: 1.2004 - accuracy: 0.5729
89/98 [==========================>...] - ETA: 0s - loss: 1.1989 - accuracy: 0.5737
90/98 [==========================>...] - ETA: 0s - loss: 1.1983 - accuracy: 0.5740
91/98 [==========================>...] - ETA: 0s - loss: 1.1972 - accuracy: 0.5739
92/98 [===========================>..] - ETA: 0s - loss: 1.1961 - accuracy: 0.5740
93/98 [===========================>..] - ETA: 0s - loss: 1.1947 - accuracy: 0.5744
94/98 [===========================>..] - ETA: 0s - loss: 1.1940 - accuracy: 0.5749
95/98 [============================>.] - ETA: 0s - loss: 1.1939 - accuracy: 0.5747
96/98 [============================>.] - ETA: 0s - loss: 1.1929 - accuracy: 0.5749
97/98 [============================>.] - ETA: 0s - loss: 1.1925 - accuracy: 0.5751
98/98 [==============================] - ETA: 0s - loss: 1.1921 - accuracy: 0.5752
98/98 [==============================] - 11s 113ms/step - loss: 1.1921 - accuracy: 0.5752 - val_loss: 1.6176 - val_accuracy: 0.4189
Epoch 4/84

 1/98 [..............................] - ETA: 10s - loss: 1.0833 - accuracy: 0.6094
 2/98 [..............................] - ETA: 10s - loss: 1.0820 - accuracy: 0.6211
 3/98 [..............................] - ETA: 10s - loss: 1.0657 - accuracy: 0.6204
 4/98 [>.............................] - ETA: 10s - loss: 1.0975 - accuracy: 0.6128
 5/98 [>.............................] - ETA: 10s - loss: 1.0942 - accuracy: 0.6172
 6/98 [>.............................] - ETA: 9s - loss: 1.0816 - accuracy: 0.6172 
 7/98 [=>............................] - ETA: 9s - loss: 1.0746 - accuracy: 0.6205
 8/98 [=>............................] - ETA: 9s - loss: 1.0741 - accuracy: 0.6191
 9/98 [=>............................] - ETA: 9s - loss: 1.0721 - accuracy: 0.6204
10/98 [==>...........................] - ETA: 9s - loss: 1.0626 - accuracy: 0.6256
11/98 [==>...........................] - ETA: 9s - loss: 1.0560 - accuracy: 0.6255
12/98 [==>...........................] - ETA: 9s - loss: 1.0530 - accuracy: 0.6265
13/98 [==>...........................] - ETA: 8s - loss: 1.0555 - accuracy: 0.6259
14/98 [===>..........................] - ETA: 8s - loss: 1.0527 - accuracy: 0.6285
15/98 [===>..........................] - ETA: 8s - loss: 1.0562 - accuracy: 0.6275
16/98 [===>..........................] - ETA: 8s - loss: 1.0593 - accuracy: 0.6276
17/98 [====>.........................] - ETA: 8s - loss: 1.0574 - accuracy: 0.6267
18/98 [====>.........................] - ETA: 8s - loss: 1.0569 - accuracy: 0.6275
19/98 [====>.........................] - ETA: 8s - loss: 1.0563 - accuracy: 0.6288
20/98 [=====>........................] - ETA: 8s - loss: 1.0575 - accuracy: 0.6297
21/98 [=====>........................] - ETA: 8s - loss: 1.0595 - accuracy: 0.6276
22/98 [=====>........................] - ETA: 7s - loss: 1.0549 - accuracy: 0.6288
23/98 [======>.......................] - ETA: 7s - loss: 1.0568 - accuracy: 0.6291
24/98 [======>.......................] - ETA: 7s - loss: 1.0547 - accuracy: 0.6291
25/98 [======>.......................] - ETA: 7s - loss: 1.0504 - accuracy: 0.6309
26/98 [======>.......................] - ETA: 7s - loss: 1.0497 - accuracy: 0.6306
27/98 [=======>......................] - ETA: 7s - loss: 1.0502 - accuracy: 0.6303
28/98 [=======>......................] - ETA: 7s - loss: 1.0503 - accuracy: 0.6304
29/98 [=======>......................] - ETA: 7s - loss: 1.0495 - accuracy: 0.6302
30/98 [========>.....................] - ETA: 7s - loss: 1.0493 - accuracy: 0.6303
31/98 [========>.....................] - ETA: 7s - loss: 1.0474 - accuracy: 0.6301
32/98 [========>.....................] - ETA: 6s - loss: 1.0449 - accuracy: 0.6318
33/98 [=========>....................] - ETA: 6s - loss: 1.0465 - accuracy: 0.6301
34/98 [=========>....................] - ETA: 6s - loss: 1.0465 - accuracy: 0.6306
35/98 [=========>....................] - ETA: 6s - loss: 1.0463 - accuracy: 0.6306
36/98 [==========>...................] - ETA: 6s - loss: 1.0441 - accuracy: 0.6314
37/98 [==========>...................] - ETA: 6s - loss: 1.0426 - accuracy: 0.6318
38/98 [==========>...................] - ETA: 6s - loss: 1.0425 - accuracy: 0.6317
39/98 [==========>...................] - ETA: 6s - loss: 1.0422 - accuracy: 0.6316
40/98 [===========>..................] - ETA: 6s - loss: 1.0418 - accuracy: 0.6318
41/98 [===========>..................] - ETA: 5s - loss: 1.0410 - accuracy: 0.6325
42/98 [===========>..................] - ETA: 5s - loss: 1.0422 - accuracy: 0.6323
43/98 [============>.................] - ETA: 5s - loss: 1.0426 - accuracy: 0.6324
44/98 [============>.................] - ETA: 5s - loss: 1.0437 - accuracy: 0.6327
45/98 [============>.................] - ETA: 5s - loss: 1.0442 - accuracy: 0.6326
46/98 [=============>................] - ETA: 5s - loss: 1.0430 - accuracy: 0.6330
47/98 [=============>................] - ETA: 5s - loss: 1.0425 - accuracy: 0.6332
48/98 [=============>................] - ETA: 5s - loss: 1.0422 - accuracy: 0.6336
49/98 [==============>...............] - ETA: 5s - loss: 1.0420 - accuracy: 0.6340
50/98 [==============>...............] - ETA: 5s - loss: 1.0410 - accuracy: 0.6341
51/98 [==============>...............] - ETA: 4s - loss: 1.0440 - accuracy: 0.6333
52/98 [==============>...............] - ETA: 4s - loss: 1.0434 - accuracy: 0.6335
53/98 [===============>..............] - ETA: 4s - loss: 1.0435 - accuracy: 0.6335
54/98 [===============>..............] - ETA: 4s - loss: 1.0432 - accuracy: 0.6336
55/98 [===============>..............] - ETA: 4s - loss: 1.0436 - accuracy: 0.6331
56/98 [================>.............] - ETA: 4s - loss: 1.0435 - accuracy: 0.6332
57/98 [================>.............] - ETA: 4s - loss: 1.0426 - accuracy: 0.6333
58/98 [================>.............] - ETA: 4s - loss: 1.0420 - accuracy: 0.6331
59/98 [=================>............] - ETA: 4s - loss: 1.0397 - accuracy: 0.6338
60/98 [=================>............] - ETA: 3s - loss: 1.0398 - accuracy: 0.6334
61/98 [=================>............] - ETA: 3s - loss: 1.0391 - accuracy: 0.6334
62/98 [=================>............] - ETA: 3s - loss: 1.0393 - accuracy: 0.6333
63/98 [==================>...........] - ETA: 3s - loss: 1.0387 - accuracy: 0.6339
64/98 [==================>...........] - ETA: 3s - loss: 1.0376 - accuracy: 0.6342
65/98 [==================>...........] - ETA: 3s - loss: 1.0371 - accuracy: 0.6341
66/98 [===================>..........] - ETA: 3s - loss: 1.0367 - accuracy: 0.6341
67/98 [===================>..........] - ETA: 3s - loss: 1.0369 - accuracy: 0.6340
68/98 [===================>..........] - ETA: 3s - loss: 1.0352 - accuracy: 0.6344
69/98 [====================>.........] - ETA: 3s - loss: 1.0331 - accuracy: 0.6350
70/98 [====================>.........] - ETA: 2s - loss: 1.0330 - accuracy: 0.6351
71/98 [====================>.........] - ETA: 2s - loss: 1.0317 - accuracy: 0.6358
72/98 [=====================>........] - ETA: 2s - loss: 1.0323 - accuracy: 0.6358
73/98 [=====================>........] - ETA: 2s - loss: 1.0320 - accuracy: 0.6358
74/98 [=====================>........] - ETA: 2s - loss: 1.0321 - accuracy: 0.6358
75/98 [=====================>........] - ETA: 2s - loss: 1.0315 - accuracy: 0.6358
76/98 [======================>.......] - ETA: 2s - loss: 1.0326 - accuracy: 0.6354
77/98 [======================>.......] - ETA: 2s - loss: 1.0316 - accuracy: 0.6355
78/98 [======================>.......] - ETA: 2s - loss: 1.0320 - accuracy: 0.6355
79/98 [=======================>......] - ETA: 1s - loss: 1.0306 - accuracy: 0.6361
80/98 [=======================>......] - ETA: 1s - loss: 1.0312 - accuracy: 0.6360
81/98 [=======================>......] - ETA: 1s - loss: 1.0303 - accuracy: 0.6365
82/98 [========================>.....] - ETA: 1s - loss: 1.0287 - accuracy: 0.6369
83/98 [========================>.....] - ETA: 1s - loss: 1.0269 - accuracy: 0.6378
84/98 [========================>.....] - ETA: 1s - loss: 1.0268 - accuracy: 0.6377
85/98 [=========================>....] - ETA: 1s - loss: 1.0262 - accuracy: 0.6379
86/98 [=========================>....] - ETA: 1s - loss: 1.0255 - accuracy: 0.6382
87/98 [=========================>....] - ETA: 1s - loss: 1.0244 - accuracy: 0.6384
88/98 [=========================>....] - ETA: 1s - loss: 1.0240 - accuracy: 0.6385
89/98 [==========================>...] - ETA: 0s - loss: 1.0237 - accuracy: 0.6385
90/98 [==========================>...] - ETA: 0s - loss: 1.0231 - accuracy: 0.6387
91/98 [==========================>...] - ETA: 0s - loss: 1.0218 - accuracy: 0.6393
92/98 [===========================>..] - ETA: 0s - loss: 1.0215 - accuracy: 0.6393
93/98 [===========================>..] - ETA: 0s - loss: 1.0212 - accuracy: 0.6393
94/98 [===========================>..] - ETA: 0s - loss: 1.0222 - accuracy: 0.6390
95/98 [============================>.] - ETA: 0s - loss: 1.0214 - accuracy: 0.6394
96/98 [============================>.] - ETA: 0s - loss: 1.0209 - accuracy: 0.6396
97/98 [============================>.] - ETA: 0s - loss: 1.0205 - accuracy: 0.6399
98/98 [==============================] - ETA: 0s - loss: 1.0200 - accuracy: 0.6400
98/98 [==============================] - 11s 113ms/step - loss: 1.0200 - accuracy: 0.6400 - val_loss: 1.1876 - val_accuracy: 0.5766
Epoch 5/84

 1/98 [..............................] - ETA: 12s - loss: 0.9121 - accuracy: 0.6797
 2/98 [..............................] - ETA: 9s - loss: 0.9250 - accuracy: 0.6816 
 3/98 [..............................] - ETA: 9s - loss: 0.9187 - accuracy: 0.6797
 4/98 [>.............................] - ETA: 9s - loss: 0.9248 - accuracy: 0.6787
 5/98 [>.............................] - ETA: 9s - loss: 0.9241 - accuracy: 0.6750
 6/98 [>.............................] - ETA: 9s - loss: 0.9335 - accuracy: 0.6699
 7/98 [=>............................] - ETA: 9s - loss: 0.9343 - accuracy: 0.6710
 8/98 [=>............................] - ETA: 9s - loss: 0.9435 - accuracy: 0.6672
 9/98 [=>............................] - ETA: 9s - loss: 0.9434 - accuracy: 0.6667
10/98 [==>...........................] - ETA: 9s - loss: 0.9519 - accuracy: 0.6637
11/98 [==>...........................] - ETA: 9s - loss: 0.9526 - accuracy: 0.6637
12/98 [==>...........................] - ETA: 9s - loss: 0.9483 - accuracy: 0.6660
13/98 [==>...........................] - ETA: 8s - loss: 0.9510 - accuracy: 0.6678
14/98 [===>..........................] - ETA: 8s - loss: 0.9489 - accuracy: 0.6678
15/98 [===>..........................] - ETA: 8s - loss: 0.9475 - accuracy: 0.6669
16/98 [===>..........................] - ETA: 8s - loss: 0.9472 - accuracy: 0.6658
17/98 [====>.........................] - ETA: 8s - loss: 0.9477 - accuracy: 0.6669
18/98 [====>.........................] - ETA: 8s - loss: 0.9463 - accuracy: 0.6666
19/98 [====>.........................] - ETA: 8s - loss: 0.9439 - accuracy: 0.6681
20/98 [=====>........................] - ETA: 8s - loss: 0.9424 - accuracy: 0.6682
21/98 [=====>........................] - ETA: 8s - loss: 0.9433 - accuracy: 0.6664
22/98 [=====>........................] - ETA: 7s - loss: 0.9435 - accuracy: 0.6658
23/98 [======>.......................] - ETA: 7s - loss: 0.9435 - accuracy: 0.6664
24/98 [======>.......................] - ETA: 7s - loss: 0.9442 - accuracy: 0.6655
25/98 [======>.......................] - ETA: 7s - loss: 0.9459 - accuracy: 0.6654
26/98 [======>.......................] - ETA: 7s - loss: 0.9459 - accuracy: 0.6653
27/98 [=======>......................] - ETA: 7s - loss: 0.9458 - accuracy: 0.6656
28/98 [=======>......................] - ETA: 7s - loss: 0.9453 - accuracy: 0.6655
29/98 [=======>......................] - ETA: 7s - loss: 0.9447 - accuracy: 0.6654
30/98 [========>.....................] - ETA: 7s - loss: 0.9428 - accuracy: 0.6665
31/98 [========>.....................] - ETA: 7s - loss: 0.9435 - accuracy: 0.6664
32/98 [========>.....................] - ETA: 6s - loss: 0.9420 - accuracy: 0.6669
33/98 [=========>....................] - ETA: 6s - loss: 0.9406 - accuracy: 0.6676
34/98 [=========>....................] - ETA: 6s - loss: 0.9431 - accuracy: 0.6661
35/98 [=========>....................] - ETA: 6s - loss: 0.9421 - accuracy: 0.6671
36/98 [==========>...................] - ETA: 6s - loss: 0.9420 - accuracy: 0.6678
37/98 [==========>...................] - ETA: 6s - loss: 0.9429 - accuracy: 0.6680
38/98 [==========>...................] - ETA: 6s - loss: 0.9412 - accuracy: 0.6688
39/98 [==========>...................] - ETA: 6s - loss: 0.9399 - accuracy: 0.6690
40/98 [===========>..................] - ETA: 6s - loss: 0.9410 - accuracy: 0.6685
41/98 [===========>..................] - ETA: 5s - loss: 0.9422 - accuracy: 0.6677
42/98 [===========>..................] - ETA: 5s - loss: 0.9409 - accuracy: 0.6682
