2024-06-26 05:39:36.199009: I tensorflow/core/platform/cpu_feature_guard.cc:193] This TensorFlow binary is optimized with oneAPI Deep Neural Network Library (oneDNN) to use the following CPU instructions in performance-critical operations:  AVX AVX2
To enable them in other operations, rebuild TensorFlow with the appropriate compiler flags.
2024-06-26 05:39:36.845566: I tensorflow/core/common_runtime/gpu/gpu_device.cc:1616] Created device /job:localhost/replica:0/task:0/device:GPU:0 with 6656 MB memory:  -> device: 0, name: NVIDIA GeForce RTX 4060 Ti, pci bus id: 0000:01:00.0, compute capability: 8.9
1 Physical GPUs, 1 Logical GPUs
Model: "sequential"
_________________________________________________________________
 Layer (type)                Output Shape              Param #   
=================================================================
 conv2d (Conv2D)             (None, 32, 32, 32)        896       
                                                                 
 batch_normalization (BatchN  (None, 32, 32, 32)       128       
 ormalization)                                                   
                                                                 
 conv2d_1 (Conv2D)           (None, 32, 32, 64)        51264     
                                                                 
 max_pooling2d (MaxPooling2D  (None, 16, 16, 64)       0         
 )                                                               
                                                                 
 conv2d_2 (Conv2D)           (None, 16, 16, 32)        165920    
                                                                 
 max_pooling2d_1 (MaxPooling  (None, 8, 8, 32)         0         
 2D)                                                             
                                                                 
 batch_normalization_1 (Batc  (None, 8, 8, 32)         128       
 hNormalization)                                                 
                                                                 
 dropout (Dropout)           (None, 8, 8, 32)          0         
                                                                 
 flatten (Flatten)           (None, 2048)              0         
                                                                 
 dense (Dense)               (None, 10)                20490     
                                                                 
=================================================================
Total params: 238,826
Trainable params: 238,698
Non-trainable params: 128
_________________________________________________________________
Taxa de aprendizado:  0.01 Num de épocas:  84 Tamanho do lote:  512 Dropout:  0.40907
Epoch 1/84
2024-06-26 05:39:38.175409: I tensorflow/stream_executor/cuda/cuda_dnn.cc:384] Loaded cuDNN version 8100
2024-06-26 05:39:38.992874: W tensorflow/stream_executor/gpu/redzone_allocator.cc:314] INTERNAL: ptxas exited with non-zero error code -1, output: 
Relying on driver to perform ptx compilation. 
Modify $PATH to customize ptxas location.
This message will be only logged once.
2024-06-26 05:39:40.368101: I tensorflow/stream_executor/cuda/cuda_blas.cc:1614] TensorFloat-32 will be used for the matrix multiplication. This will only be logged once.

 1/98 [..............................] - ETA: 9:55 - loss: 3.6655 - accuracy: 0.0938
 2/98 [..............................] - ETA: 12s - loss: 4.5126 - accuracy: 0.1123 
 3/98 [..............................] - ETA: 11s - loss: 4.8914 - accuracy: 0.1380
 4/98 [>.............................] - ETA: 10s - loss: 4.9121 - accuracy: 0.1426
 5/98 [>.............................] - ETA: 10s - loss: 4.6778 - accuracy: 0.1512
 6/98 [>.............................] - ETA: 10s - loss: 4.4728 - accuracy: 0.1530
 7/98 [=>............................] - ETA: 10s - loss: 4.2857 - accuracy: 0.1593
 8/98 [=>............................] - ETA: 10s - loss: 4.1877 - accuracy: 0.1667
 9/98 [=>............................] - ETA: 10s - loss: 4.0936 - accuracy: 0.1701
10/98 [==>...........................] - ETA: 10s - loss: 3.9803 - accuracy: 0.1730
11/98 [==>...........................] - ETA: 10s - loss: 3.8757 - accuracy: 0.1752
12/98 [==>...........................] - ETA: 9s - loss: 3.7948 - accuracy: 0.1784 
13/98 [==>...........................] - ETA: 9s - loss: 3.7073 - accuracy: 0.1848
14/98 [===>..........................] - ETA: 9s - loss: 3.6456 - accuracy: 0.1867
15/98 [===>..........................] - ETA: 9s - loss: 3.5756 - accuracy: 0.1934
16/98 [===>..........................] - ETA: 9s - loss: 3.5061 - accuracy: 0.1978
17/98 [====>.........................] - ETA: 9s - loss: 3.4405 - accuracy: 0.2038
18/98 [====>.........................] - ETA: 9s - loss: 3.3955 - accuracy: 0.2049
19/98 [====>.........................] - ETA: 9s - loss: 3.3484 - accuracy: 0.2079
20/98 [=====>........................] - ETA: 9s - loss: 3.2997 - accuracy: 0.2104
21/98 [=====>........................] - ETA: 8s - loss: 3.2590 - accuracy: 0.2109
22/98 [=====>........................] - ETA: 8s - loss: 3.2200 - accuracy: 0.2133
23/98 [======>.......................] - ETA: 8s - loss: 3.1753 - accuracy: 0.2163
24/98 [======>.......................] - ETA: 8s - loss: 3.1483 - accuracy: 0.2200
25/98 [======>.......................] - ETA: 8s - loss: 3.1192 - accuracy: 0.2214
26/98 [======>.......................] - ETA: 8s - loss: 3.0843 - accuracy: 0.2254
27/98 [=======>......................] - ETA: 8s - loss: 3.0482 - accuracy: 0.2284
28/98 [=======>......................] - ETA: 8s - loss: 3.0159 - accuracy: 0.2310
29/98 [=======>......................] - ETA: 7s - loss: 2.9852 - accuracy: 0.2343
30/98 [========>.....................] - ETA: 7s - loss: 2.9605 - accuracy: 0.2357
31/98 [========>.....................] - ETA: 7s - loss: 2.9330 - accuracy: 0.2385
32/98 [========>.....................] - ETA: 7s - loss: 2.9089 - accuracy: 0.2401
33/98 [=========>....................] - ETA: 7s - loss: 2.8836 - accuracy: 0.2407
34/98 [=========>....................] - ETA: 7s - loss: 2.8580 - accuracy: 0.2442
35/98 [=========>....................] - ETA: 7s - loss: 2.8360 - accuracy: 0.2467
36/98 [==========>...................] - ETA: 7s - loss: 2.8160 - accuracy: 0.2483
37/98 [==========>...................] - ETA: 10s - loss: 2.8011 - accuracy: 0.2499
38/98 [==========>...................] - ETA: 10s - loss: 2.7827 - accuracy: 0.2510
39/98 [==========>...................] - ETA: 10s - loss: 2.7626 - accuracy: 0.2534
40/98 [===========>..................] - ETA: 9s - loss: 2.7432 - accuracy: 0.2559 
41/98 [===========>..................] - ETA: 9s - loss: 2.7225 - accuracy: 0.2586
42/98 [===========>..................] - ETA: 9s - loss: 2.7081 - accuracy: 0.2603
43/98 [============>.................] - ETA: 9s - loss: 2.6936 - accuracy: 0.2614
44/98 [============>.................] - ETA: 8s - loss: 2.6750 - accuracy: 0.2646
45/98 [============>.................] - ETA: 8s - loss: 2.6586 - accuracy: 0.2667
46/98 [=============>................] - ETA: 8s - loss: 2.6430 - accuracy: 0.2679
48/98 [=============>................] - ETA: 7s - loss: 2.6115 - accuracy: 0.2710
49/98 [==============>...............] - ETA: 7s - loss: 2.5935 - accuracy: 0.2735
50/98 [==============>...............] - ETA: 7s - loss: 2.5812 - accuracy: 0.2754
51/98 [==============>...............] - ETA: 7s - loss: 2.5665 - accuracy: 0.2775
52/98 [==============>...............] - ETA: 6s - loss: 2.5537 - accuracy: 0.2796
53/98 [===============>..............] - ETA: 6s - loss: 2.5422 - accuracy: 0.2815
54/98 [===============>..............] - ETA: 6s - loss: 2.5315 - accuracy: 0.2829
55/98 [===============>..............] - ETA: 6s - loss: 2.5200 - accuracy: 0.2844
56/98 [================>.............] - ETA: 6s - loss: 2.5066 - accuracy: 0.2859
57/98 [================>.............] - ETA: 5s - loss: 2.4964 - accuracy: 0.2865
58/98 [================>.............] - ETA: 5s - loss: 2.4845 - accuracy: 0.2881
59/98 [=================>............] - ETA: 5s - loss: 2.4723 - accuracy: 0.2892
60/98 [=================>............] - ETA: 5s - loss: 2.4601 - accuracy: 0.2910
61/98 [=================>............] - ETA: 5s - loss: 2.4491 - accuracy: 0.2923
62/98 [=================>............] - ETA: 4s - loss: 2.4374 - accuracy: 0.2937
63/98 [==================>...........] - ETA: 4s - loss: 2.4280 - accuracy: 0.2949
64/98 [==================>...........] - ETA: 4s - loss: 2.4187 - accuracy: 0.2959
65/98 [==================>...........] - ETA: 4s - loss: 2.4076 - accuracy: 0.2978
66/98 [===================>..........] - ETA: 4s - loss: 2.3967 - accuracy: 0.2996
67/98 [===================>..........] - ETA: 4s - loss: 2.3857 - accuracy: 0.3010
68/98 [===================>..........] - ETA: 3s - loss: 2.3750 - accuracy: 0.3027
69/98 [====================>.........] - ETA: 3s - loss: 2.3645 - accuracy: 0.3040
70/98 [====================>.........] - ETA: 3s - loss: 2.3533 - accuracy: 0.3061
71/98 [====================>.........] - ETA: 3s - loss: 2.3435 - accuracy: 0.3076
72/98 [=====================>........] - ETA: 3s - loss: 2.3332 - accuracy: 0.3091
73/98 [=====================>........] - ETA: 3s - loss: 2.3245 - accuracy: 0.3105
74/98 [=====================>........] - ETA: 3s - loss: 2.3163 - accuracy: 0.3116
75/98 [=====================>........] - ETA: 3s - loss: 2.3086 - accuracy: 0.3129
76/98 [======================>.......] - ETA: 2s - loss: 2.3018 - accuracy: 0.3142
77/98 [======================>.......] - ETA: 2s - loss: 2.2939 - accuracy: 0.3157
78/98 [======================>.......] - ETA: 2s - loss: 2.2859 - accuracy: 0.3173
79/98 [=======================>......] - ETA: 2s - loss: 2.2782 - accuracy: 0.3184
80/98 [=======================>......] - ETA: 2s - loss: 2.2705 - accuracy: 0.3198
81/98 [=======================>......] - ETA: 2s - loss: 2.2636 - accuracy: 0.3212
82/98 [========================>.....] - ETA: 2s - loss: 2.2563 - accuracy: 0.3230
83/98 [========================>.....] - ETA: 1s - loss: 2.2485 - accuracy: 0.3242
84/98 [========================>.....] - ETA: 1s - loss: 2.2417 - accuracy: 0.3255
85/98 [=========================>....] - ETA: 1s - loss: 2.2347 - accuracy: 0.3268
86/98 [=========================>....] - ETA: 1s - loss: 2.2284 - accuracy: 0.3278
87/98 [=========================>....] - ETA: 1s - loss: 2.2228 - accuracy: 0.3284
88/98 [=========================>....] - ETA: 1s - loss: 2.2169 - accuracy: 0.3296
89/98 [==========================>...] - ETA: 1s - loss: 2.2113 - accuracy: 0.3308
90/98 [==========================>...] - ETA: 1s - loss: 2.2060 - accuracy: 0.3316
91/98 [==========================>...] - ETA: 0s - loss: 2.2004 - accuracy: 0.3323
92/98 [===========================>..] - ETA: 0s - loss: 2.1943 - accuracy: 0.3337
93/98 [===========================>..] - ETA: 0s - loss: 2.1892 - accuracy: 0.3347
94/98 [===========================>..] - ETA: 0s - loss: 2.1827 - accuracy: 0.3359
95/98 [============================>.] - ETA: 0s - loss: 2.1763 - accuracy: 0.3371
96/98 [============================>.] - ETA: 0s - loss: 2.1697 - accuracy: 0.3384
97/98 [============================>.] - ETA: 0s - loss: 2.1640 - accuracy: 0.3393
98/98 [==============================] - ETA: 0s - loss: 2.1576 - accuracy: 0.3405
98/98 [==============================] - 20s 147ms/step - loss: 2.1576 - accuracy: 0.3405 - val_loss: 1.7632 - val_accuracy: 0.3649
Epoch 2/84

 1/98 [..............................] - ETA: 12s - loss: 1.7077 - accuracy: 0.3828
 2/98 [..............................] - ETA: 10s - loss: 1.6492 - accuracy: 0.4141
 3/98 [..............................] - ETA: 11s - loss: 1.6511 - accuracy: 0.4167
 4/98 [>.............................] - ETA: 10s - loss: 1.6407 - accuracy: 0.4248
 5/98 [>.............................] - ETA: 10s - loss: 1.6201 - accuracy: 0.4297
 6/98 [>.............................] - ETA: 10s - loss: 1.6217 - accuracy: 0.4284
 7/98 [=>............................] - ETA: 10s - loss: 1.6239 - accuracy: 0.4319
 8/98 [=>............................] - ETA: 10s - loss: 1.6036 - accuracy: 0.4402
 9/98 [=>............................] - ETA: 10s - loss: 1.5902 - accuracy: 0.4399
10/98 [==>...........................] - ETA: 10s - loss: 1.5789 - accuracy: 0.4410
11/98 [==>...........................] - ETA: 10s - loss: 1.5726 - accuracy: 0.4444
12/98 [==>...........................] - ETA: 9s - loss: 1.5726 - accuracy: 0.4445 
13/98 [==>...........................] - ETA: 9s - loss: 1.5788 - accuracy: 0.4401
14/98 [===>..........................] - ETA: 9s - loss: 1.5788 - accuracy: 0.4424
15/98 [===>..........................] - ETA: 9s - loss: 1.5728 - accuracy: 0.4437
16/98 [===>..........................] - ETA: 9s - loss: 1.5672 - accuracy: 0.4437
17/98 [====>.........................] - ETA: 9s - loss: 1.5658 - accuracy: 0.4440
18/98 [====>.........................] - ETA: 9s - loss: 1.5612 - accuracy: 0.4446
19/98 [====>.........................] - ETA: 9s - loss: 1.5596 - accuracy: 0.4444
20/98 [=====>........................] - ETA: 8s - loss: 1.5594 - accuracy: 0.4432
21/98 [=====>........................] - ETA: 8s - loss: 1.5646 - accuracy: 0.4428
22/98 [=====>........................] - ETA: 8s - loss: 1.5649 - accuracy: 0.4430
23/98 [======>.......................] - ETA: 8s - loss: 1.5610 - accuracy: 0.4458
24/98 [======>.......................] - ETA: 8s - loss: 1.5601 - accuracy: 0.4472
25/98 [======>.......................] - ETA: 7s - loss: 1.5570 - accuracy: 0.4484
26/98 [======>.......................] - ETA: 7s - loss: 1.5543 - accuracy: 0.4493
27/98 [=======>......................] - ETA: 7s - loss: 1.5547 - accuracy: 0.4478
28/98 [=======>......................] - ETA: 7s - loss: 1.5535 - accuracy: 0.4487
29/98 [=======>......................] - ETA: 7s - loss: 1.5537 - accuracy: 0.4494
30/98 [========>.....................] - ETA: 6s - loss: 1.5504 - accuracy: 0.4508
31/98 [========>.....................] - ETA: 6s - loss: 1.5489 - accuracy: 0.4513
32/98 [========>.....................] - ETA: 6s - loss: 1.5461 - accuracy: 0.4518
33/98 [=========>....................] - ETA: 6s - loss: 1.5428 - accuracy: 0.4529
34/98 [=========>....................] - ETA: 6s - loss: 1.5389 - accuracy: 0.4532
35/98 [=========>....................] - ETA: 6s - loss: 1.5376 - accuracy: 0.4542
36/98 [==========>...................] - ETA: 6s - loss: 1.5362 - accuracy: 0.4545
37/98 [==========>...................] - ETA: 5s - loss: 1.5360 - accuracy: 0.4547
38/98 [==========>...................] - ETA: 5s - loss: 1.5356 - accuracy: 0.4547
39/98 [==========>...................] - ETA: 5s - loss: 1.5319 - accuracy: 0.4560
40/98 [===========>..................] - ETA: 5s - loss: 1.5309 - accuracy: 0.4567
41/98 [===========>..................] - ETA: 5s - loss: 1.5289 - accuracy: 0.4577
42/98 [===========>..................] - ETA: 5s - loss: 1.5273 - accuracy: 0.4584
43/98 [============>.................] - ETA: 5s - loss: 1.5258 - accuracy: 0.4596
44/98 [============>.................] - ETA: 5s - loss: 1.5221 - accuracy: 0.4609
45/98 [============>.................] - ETA: 5s - loss: 1.5209 - accuracy: 0.4611
46/98 [=============>................] - ETA: 5s - loss: 1.5180 - accuracy: 0.4611
47/98 [=============>................] - ETA: 5s - loss: 1.5189 - accuracy: 0.4615
48/98 [=============>................] - ETA: 5s - loss: 1.5194 - accuracy: 0.4617
49/98 [==============>...............] - ETA: 4s - loss: 1.5165 - accuracy: 0.4626
50/98 [==============>...............] - ETA: 4s - loss: 1.5157 - accuracy: 0.4625
51/98 [==============>...............] - ETA: 4s - loss: 1.5128 - accuracy: 0.4633
52/98 [==============>...............] - ETA: 4s - loss: 1.5130 - accuracy: 0.4636
53/98 [===============>..............] - ETA: 4s - loss: 1.5105 - accuracy: 0.4646
54/98 [===============>..............] - ETA: 4s - loss: 1.5085 - accuracy: 0.4654
55/98 [===============>..............] - ETA: 4s - loss: 1.5065 - accuracy: 0.4663
56/98 [================>.............] - ETA: 4s - loss: 1.5058 - accuracy: 0.4667
57/98 [================>.............] - ETA: 4s - loss: 1.5035 - accuracy: 0.4675
58/98 [================>.............] - ETA: 4s - loss: 1.5041 - accuracy: 0.4675
59/98 [=================>............] - ETA: 4s - loss: 1.5015 - accuracy: 0.4685
60/98 [=================>............] - ETA: 3s - loss: 1.4993 - accuracy: 0.4690
61/98 [=================>............] - ETA: 3s - loss: 1.4978 - accuracy: 0.4695
62/98 [=================>............] - ETA: 3s - loss: 1.4960 - accuracy: 0.4697
63/98 [==================>...........] - ETA: 3s - loss: 1.4947 - accuracy: 0.4696
64/98 [==================>...........] - ETA: 3s - loss: 1.4921 - accuracy: 0.4704
65/98 [==================>...........] - ETA: 3s - loss: 1.4920 - accuracy: 0.4703
66/98 [===================>..........] - ETA: 3s - loss: 1.4903 - accuracy: 0.4708
67/98 [===================>..........] - ETA: 3s - loss: 1.4875 - accuracy: 0.4716
68/98 [===================>..........] - ETA: 3s - loss: 1.4868 - accuracy: 0.4721
69/98 [====================>.........] - ETA: 3s - loss: 1.4858 - accuracy: 0.4725
70/98 [====================>.........] - ETA: 2s - loss: 1.4840 - accuracy: 0.4731
71/98 [====================>.........] - ETA: 2s - loss: 1.4817 - accuracy: 0.4739
72/98 [=====================>........] - ETA: 2s - loss: 1.4810 - accuracy: 0.4742
73/98 [=====================>........] - ETA: 2s - loss: 1.4800 - accuracy: 0.4747
74/98 [=====================>........] - ETA: 2s - loss: 1.4789 - accuracy: 0.4750
75/98 [=====================>........] - ETA: 2s - loss: 1.4778 - accuracy: 0.4751
76/98 [======================>.......] - ETA: 2s - loss: 1.4767 - accuracy: 0.4753
77/98 [======================>.......] - ETA: 2s - loss: 1.4758 - accuracy: 0.4756
78/98 [======================>.......] - ETA: 2s - loss: 1.4754 - accuracy: 0.4758
79/98 [=======================>......] - ETA: 2s - loss: 1.4741 - accuracy: 0.4762
80/98 [=======================>......] - ETA: 1s - loss: 1.4727 - accuracy: 0.4766
81/98 [=======================>......] - ETA: 1s - loss: 1.4721 - accuracy: 0.4769
82/98 [========================>.....] - ETA: 1s - loss: 1.4724 - accuracy: 0.4766
83/98 [========================>.....] - ETA: 1s - loss: 1.4719 - accuracy: 0.4767
84/98 [========================>.....] - ETA: 1s - loss: 1.4711 - accuracy: 0.4771
85/98 [=========================>....] - ETA: 1s - loss: 1.4697 - accuracy: 0.4775
86/98 [=========================>....] - ETA: 1s - loss: 1.4682 - accuracy: 0.4779
87/98 [=========================>....] - ETA: 1s - loss: 1.4680 - accuracy: 0.4782
88/98 [=========================>....] - ETA: 1s - loss: 1.4671 - accuracy: 0.4783
89/98 [==========================>...] - ETA: 0s - loss: 1.4656 - accuracy: 0.4789
90/98 [==========================>...] - ETA: 0s - loss: 1.4644 - accuracy: 0.4793
91/98 [==========================>...] - ETA: 0s - loss: 1.4651 - accuracy: 0.4790
92/98 [===========================>..] - ETA: 0s - loss: 1.4637 - accuracy: 0.4793
93/98 [===========================>..] - ETA: 0s - loss: 1.4621 - accuracy: 0.4798
94/98 [===========================>..] - ETA: 0s - loss: 1.4613 - accuracy: 0.4801
95/98 [============================>.] - ETA: 0s - loss: 1.4591 - accuracy: 0.4809
96/98 [============================>.] - ETA: 0s - loss: 1.4577 - accuracy: 0.4814
97/98 [============================>.] - ETA: 0s - loss: 1.4561 - accuracy: 0.4819
98/98 [==============================] - ETA: 0s - loss: 1.4546 - accuracy: 0.4824
98/98 [==============================] - 12s 122ms/step - loss: 1.4546 - accuracy: 0.4824 - val_loss: 2.6963 - val_accuracy: 0.1404
Epoch 3/84

 1/98 [..............................] - ETA: 9s - loss: 1.4061 - accuracy: 0.4844
 2/98 [..............................] - ETA: 6s - loss: 1.3848 - accuracy: 0.5010
 3/98 [..............................] - ETA: 6s - loss: 1.3804 - accuracy: 0.5065
 4/98 [>.............................] - ETA: 6s - loss: 1.3414 - accuracy: 0.5210
 5/98 [>.............................] - ETA: 6s - loss: 1.3370 - accuracy: 0.5203
 6/98 [>.............................] - ETA: 6s - loss: 1.3421 - accuracy: 0.5169
 7/98 [=>............................] - ETA: 6s - loss: 1.3437 - accuracy: 0.5201
 8/98 [=>............................] - ETA: 6s - loss: 1.3467 - accuracy: 0.5208
 9/98 [=>............................] - ETA: 6s - loss: 1.3411 - accuracy: 0.5228
10/98 [==>...........................] - ETA: 6s - loss: 1.3420 - accuracy: 0.5199
11/98 [==>...........................] - ETA: 6s - loss: 1.3368 - accuracy: 0.5220
12/98 [==>...........................] - ETA: 6s - loss: 1.3420 - accuracy: 0.5207
13/98 [==>...........................] - ETA: 6s - loss: 1.3431 - accuracy: 0.5215
14/98 [===>..........................] - ETA: 6s - loss: 1.3448 - accuracy: 0.5212
15/98 [===>..........................] - ETA: 6s - loss: 1.3380 - accuracy: 0.5237
16/98 [===>..........................] - ETA: 6s - loss: 1.3379 - accuracy: 0.5227
17/98 [====>.........................] - ETA: 6s - loss: 1.3408 - accuracy: 0.5230
18/98 [====>.........................] - ETA: 6s - loss: 1.3395 - accuracy: 0.5257
19/98 [====>.........................] - ETA: 6s - loss: 1.3326 - accuracy: 0.5298
20/98 [=====>........................] - ETA: 6s - loss: 1.3300 - accuracy: 0.5307
21/98 [=====>........................] - ETA: 6s - loss: 1.3283 - accuracy: 0.5301
22/98 [=====>........................] - ETA: 6s - loss: 1.3232 - accuracy: 0.5312
23/98 [======>.......................] - ETA: 6s - loss: 1.3197 - accuracy: 0.5319
24/98 [======>.......................] - ETA: 6s - loss: 1.3195 - accuracy: 0.5308
25/98 [======>.......................] - ETA: 6s - loss: 1.3153 - accuracy: 0.5327
26/98 [======>.......................] - ETA: 6s - loss: 1.3151 - accuracy: 0.5322
27/98 [=======>......................] - ETA: 6s - loss: 1.3130 - accuracy: 0.5331
28/98 [=======>......................] - ETA: 6s - loss: 1.3091 - accuracy: 0.5347
29/98 [=======>......................] - ETA: 6s - loss: 1.3046 - accuracy: 0.5360
30/98 [========>.....................] - ETA: 6s - loss: 1.3012 - accuracy: 0.5371
31/98 [========>.....................] - ETA: 6s - loss: 1.2989 - accuracy: 0.5381
32/98 [========>.....................] - ETA: 6s - loss: 1.2962 - accuracy: 0.5390
33/98 [=========>....................] - ETA: 6s - loss: 1.2941 - accuracy: 0.5395
34/98 [=========>....................] - ETA: 6s - loss: 1.2932 - accuracy: 0.5402
35/98 [=========>....................] - ETA: 6s - loss: 1.2934 - accuracy: 0.5400
36/98 [==========>...................] - ETA: 6s - loss: 1.2936 - accuracy: 0.5400
37/98 [==========>...................] - ETA: 6s - loss: 1.2912 - accuracy: 0.5402
38/98 [==========>...................] - ETA: 5s - loss: 1.2903 - accuracy: 0.5408
39/98 [==========>...................] - ETA: 5s - loss: 1.2897 - accuracy: 0.5409
40/98 [===========>..................] - ETA: 5s - loss: 1.2889 - accuracy: 0.5413
41/98 [===========>..................] - ETA: 5s - loss: 1.2861 - accuracy: 0.5426
42/98 [===========>..................] - ETA: 5s - loss: 1.2811 - accuracy: 0.5445
43/98 [============>.................] - ETA: 5s - loss: 1.2786 - accuracy: 0.5454
44/98 [============>.................] - ETA: 5s - loss: 1.2795 - accuracy: 0.5450
45/98 [============>.................] - ETA: 5s - loss: 1.2795 - accuracy: 0.5452
46/98 [=============>................] - ETA: 5s - loss: 1.2783 - accuracy: 0.5458
47/98 [=============>................] - ETA: 5s - loss: 1.2772 - accuracy: 0.5461
48/98 [=============>................] - ETA: 5s - loss: 1.2754 - accuracy: 0.5465
49/98 [==============>...............] - ETA: 5s - loss: 1.2744 - accuracy: 0.5475
50/98 [==============>...............] - ETA: 4s - loss: 1.2758 - accuracy: 0.5472
51/98 [==============>...............] - ETA: 4s - loss: 1.2749 - accuracy: 0.5474
52/98 [==============>...............] - ETA: 4s - loss: 1.2731 - accuracy: 0.5482
53/98 [===============>..............] - ETA: 4s - loss: 1.2694 - accuracy: 0.5496
54/98 [===============>..............] - ETA: 4s - loss: 1.2699 - accuracy: 0.5497
55/98 [===============>..............] - ETA: 4s - loss: 1.2700 - accuracy: 0.5497
56/98 [================>.............] - ETA: 4s - loss: 1.2708 - accuracy: 0.5495
57/98 [================>.............] - ETA: 4s - loss: 1.2685 - accuracy: 0.5504
58/98 [================>.............] - ETA: 4s - loss: 1.2673 - accuracy: 0.5508
59/98 [=================>............] - ETA: 4s - loss: 1.2663 - accuracy: 0.5512
60/98 [=================>............] - ETA: 3s - loss: 1.2656 - accuracy: 0.5515
61/98 [=================>............] - ETA: 3s - loss: 1.2652 - accuracy: 0.5512
62/98 [=================>............] - ETA: 3s - loss: 1.2641 - accuracy: 0.5519
63/98 [==================>...........] - ETA: 3s - loss: 1.2607 - accuracy: 0.5532
64/98 [==================>...........] - ETA: 3s - loss: 1.2588 - accuracy: 0.5537
65/98 [==================>...........] - ETA: 3s - loss: 1.2597 - accuracy: 0.5532
66/98 [===================>..........] - ETA: 3s - loss: 1.2602 - accuracy: 0.5532
67/98 [===================>..........] - ETA: 3s - loss: 1.2594 - accuracy: 0.5531
68/98 [===================>..........] - ETA: 3s - loss: 1.2587 - accuracy: 0.5527
69/98 [====================>.........] - ETA: 3s - loss: 1.2573 - accuracy: 0.5528
70/98 [====================>.........] - ETA: 2s - loss: 1.2555 - accuracy: 0.5536
71/98 [====================>.........] - ETA: 2s - loss: 1.2552 - accuracy: 0.5540
72/98 [=====================>........] - ETA: 2s - loss: 1.2551 - accuracy: 0.5540
73/98 [=====================>........] - ETA: 2s - loss: 1.2531 - accuracy: 0.5547
74/98 [=====================>........] - ETA: 2s - loss: 1.2528 - accuracy: 0.5549
75/98 [=====================>........] - ETA: 2s - loss: 1.2516 - accuracy: 0.5556
76/98 [======================>.......] - ETA: 2s - loss: 1.2524 - accuracy: 0.5554
77/98 [======================>.......] - ETA: 2s - loss: 1.2502 - accuracy: 0.5563
78/98 [======================>.......] - ETA: 2s - loss: 1.2498 - accuracy: 0.5564
79/98 [=======================>......] - ETA: 2s - loss: 1.2495 - accuracy: 0.5565
80/98 [=======================>......] - ETA: 1s - loss: 1.2470 - accuracy: 0.5572
81/98 [=======================>......] - ETA: 1s - loss: 1.2453 - accuracy: 0.5578
82/98 [========================>.....] - ETA: 1s - loss: 1.2444 - accuracy: 0.5581
83/98 [========================>.....] - ETA: 1s - loss: 1.2434 - accuracy: 0.5586
84/98 [========================>.....] - ETA: 1s - loss: 1.2411 - accuracy: 0.5595
85/98 [=========================>....] - ETA: 1s - loss: 1.2401 - accuracy: 0.5598
86/98 [=========================>....] - ETA: 1s - loss: 1.2396 - accuracy: 0.5601
87/98 [=========================>....] - ETA: 1s - loss: 1.2384 - accuracy: 0.5605
88/98 [=========================>....] - ETA: 1s - loss: 1.2368 - accuracy: 0.5609
89/98 [==========================>...] - ETA: 0s - loss: 1.2362 - accuracy: 0.5613
90/98 [==========================>...] - ETA: 0s - loss: 1.2352 - accuracy: 0.5618
91/98 [==========================>...] - ETA: 0s - loss: 1.2342 - accuracy: 0.5623
92/98 [===========================>..] - ETA: 0s - loss: 1.2339 - accuracy: 0.5623
93/98 [===========================>..] - ETA: 0s - loss: 1.2337 - accuracy: 0.5625
94/98 [===========================>..] - ETA: 0s - loss: 1.2319 - accuracy: 0.5632
95/98 [============================>.] - ETA: 0s - loss: 1.2302 - accuracy: 0.5637
96/98 [============================>.] - ETA: 0s - loss: 1.2288 - accuracy: 0.5644
97/98 [============================>.] - ETA: 0s - loss: 1.2283 - accuracy: 0.5644
98/98 [==============================] - ETA: 0s - loss: 1.2273 - accuracy: 0.5647
98/98 [==============================] - 12s 118ms/step - loss: 1.2273 - accuracy: 0.5647 - val_loss: 2.8231 - val_accuracy: 0.1576
Epoch 4/84

 1/98 [..............................] - ETA: 13s - loss: 1.1069 - accuracy: 0.6230
 2/98 [..............................] - ETA: 10s - loss: 1.1567 - accuracy: 0.6006
 3/98 [..............................] - ETA: 11s - loss: 1.1584 - accuracy: 0.5924
 4/98 [>.............................] - ETA: 10s - loss: 1.1423 - accuracy: 0.6025
 5/98 [>.............................] - ETA: 10s - loss: 1.1311 - accuracy: 0.6012
 6/98 [>.............................] - ETA: 10s - loss: 1.1394 - accuracy: 0.6009
 7/98 [=>............................] - ETA: 10s - loss: 1.1568 - accuracy: 0.5910
 8/98 [=>............................] - ETA: 10s - loss: 1.1631 - accuracy: 0.5879
 9/98 [=>............................] - ETA: 10s - loss: 1.1608 - accuracy: 0.5890
10/98 [==>...........................] - ETA: 10s - loss: 1.1634 - accuracy: 0.5881
11/98 [==>...........................] - ETA: 9s - loss: 1.1566 - accuracy: 0.5907 
12/98 [==>...........................] - ETA: 9s - loss: 1.1507 - accuracy: 0.5915
13/98 [==>...........................] - ETA: 9s - loss: 1.1484 - accuracy: 0.5918
14/98 [===>..........................] - ETA: 9s - loss: 1.1466 - accuracy: 0.5929
15/98 [===>..........................] - ETA: 9s - loss: 1.1454 - accuracy: 0.5931
16/98 [===>..........................] - ETA: 9s - loss: 1.1512 - accuracy: 0.5913
17/98 [====>.........................] - ETA: 9s - loss: 1.1505 - accuracy: 0.5917
18/98 [====>.........................] - ETA: 9s - loss: 1.1527 - accuracy: 0.5888
19/98 [====>.........................] - ETA: 9s - loss: 1.1538 - accuracy: 0.5880
20/98 [=====>........................] - ETA: 8s - loss: 1.1525 - accuracy: 0.5885
21/98 [=====>........................] - ETA: 8s - loss: 1.1505 - accuracy: 0.5891
22/98 [=====>........................] - ETA: 8s - loss: 1.1475 - accuracy: 0.5903
23/98 [======>.......................] - ETA: 8s - loss: 1.1461 - accuracy: 0.5906
24/98 [======>.......................] - ETA: 8s - loss: 1.1451 - accuracy: 0.5906
25/98 [======>.......................] - ETA: 8s - loss: 1.1408 - accuracy: 0.5913
26/98 [======>.......................] - ETA: 8s - loss: 1.1369 - accuracy: 0.5921
27/98 [=======>......................] - ETA: 8s - loss: 1.1355 - accuracy: 0.5926
28/98 [=======>......................] - ETA: 8s - loss: 1.1332 - accuracy: 0.5937
29/98 [=======>......................] - ETA: 7s - loss: 1.1312 - accuracy: 0.5944
30/98 [========>.....................] - ETA: 7s - loss: 1.1311 - accuracy: 0.5945
31/98 [========>.....................] - ETA: 7s - loss: 1.1304 - accuracy: 0.5947
32/98 [========>.....................] - ETA: 7s - loss: 1.1293 - accuracy: 0.5950
33/98 [=========>....................] - ETA: 7s - loss: 1.1275 - accuracy: 0.5957
34/98 [=========>....................] - ETA: 7s - loss: 1.1267 - accuracy: 0.5956
35/98 [=========>....................] - ETA: 7s - loss: 1.1263 - accuracy: 0.5960
36/98 [==========>...................] - ETA: 7s - loss: 1.1250 - accuracy: 0.5966
37/98 [==========>...................] - ETA: 7s - loss: 1.1221 - accuracy: 0.5978
38/98 [==========>...................] - ETA: 6s - loss: 1.1204 - accuracy: 0.5986
39/98 [==========>...................] - ETA: 6s - loss: 1.1184 - accuracy: 0.5995
40/98 [===========>..................] - ETA: 6s - loss: 1.1168 - accuracy: 0.5999
41/98 [===========>..................] - ETA: 6s - loss: 1.1163 - accuracy: 0.6001
42/98 [===========>..................] - ETA: 6s - loss: 1.1163 - accuracy: 0.6000
43/98 [============>.................] - ETA: 6s - loss: 1.1161 - accuracy: 0.5997
44/98 [============>.................] - ETA: 6s - loss: 1.1153 - accuracy: 0.6009
45/98 [============>.................] - ETA: 6s - loss: 1.1153 - accuracy: 0.6010
46/98 [=============>................] - ETA: 6s - loss: 1.1136 - accuracy: 0.6022
47/98 [=============>................] - ETA: 5s - loss: 1.1111 - accuracy: 0.6030
48/98 [=============>................] - ETA: 5s - loss: 1.1111 - accuracy: 0.6033
49/98 [==============>...............] - ETA: 5s - loss: 1.1108 - accuracy: 0.6037
50/98 [==============>...............] - ETA: 5s - loss: 1.1117 - accuracy: 0.6037
51/98 [==============>...............] - ETA: 5s - loss: 1.1117 - accuracy: 0.6038
52/98 [==============>...............] - ETA: 5s - loss: 1.1122 - accuracy: 0.6033
53/98 [===============>..............] - ETA: 5s - loss: 1.1126 - accuracy: 0.6034
54/98 [===============>..............] - ETA: 5s - loss: 1.1110 - accuracy: 0.6039
55/98 [===============>..............] - ETA: 4s - loss: 1.1094 - accuracy: 0.6042
56/98 [================>.............] - ETA: 4s - loss: 1.1091 - accuracy: 0.6045
57/98 [================>.............] - ETA: 4s - loss: 1.1071 - accuracy: 0.6048
58/98 [================>.............] - ETA: 4s - loss: 1.1070 - accuracy: 0.6050
59/98 [=================>............] - ETA: 4s - loss: 1.1064 - accuracy: 0.6052
60/98 [=================>............] - ETA: 4s - loss: 1.1055 - accuracy: 0.6056
61/98 [=================>............] - ETA: 4s - loss: 1.1041 - accuracy: 0.6063
62/98 [=================>............] - ETA: 4s - loss: 1.1052 - accuracy: 0.6059
63/98 [==================>...........] - ETA: 4s - loss: 1.1048 - accuracy: 0.6060
64/98 [==================>...........] - ETA: 3s - loss: 1.1043 - accuracy: 0.6067
65/98 [==================>...........] - ETA: 3s - loss: 1.1038 - accuracy: 0.6075
66/98 [===================>..........] - ETA: 3s - loss: 1.1034 - accuracy: 0.6073
67/98 [===================>..........] - ETA: 3s - loss: 1.1029 - accuracy: 0.6073
68/98 [===================>..........] - ETA: 3s - loss: 1.1029 - accuracy: 0.6073
69/98 [====================>.........] - ETA: 3s - loss: 1.1017 - accuracy: 0.6079
70/98 [====================>.........] - ETA: 3s - loss: 1.1007 - accuracy: 0.6083
71/98 [====================>.........] - ETA: 3s - loss: 1.1006 - accuracy: 0.6082
72/98 [=====================>........] - ETA: 3s - loss: 1.1006 - accuracy: 0.6083
73/98 [=====================>........] - ETA: 2s - loss: 1.1008 - accuracy: 0.6084
74/98 [=====================>........] - ETA: 2s - loss: 1.1007 - accuracy: 0.6087
75/98 [=====================>........] - ETA: 2s - loss: 1.1009 - accuracy: 0.6089
76/98 [======================>.......] - ETA: 2s - loss: 1.0996 - accuracy: 0.6094
77/98 [======================>.......] - ETA: 2s - loss: 1.0987 - accuracy: 0.6096
78/98 [======================>.......] - ETA: 2s - loss: 1.0979 - accuracy: 0.6098
79/98 [=======================>......] - ETA: 2s - loss: 1.0979 - accuracy: 0.6099
80/98 [=======================>......] - ETA: 2s - loss: 1.0977 - accuracy: 0.6103
81/98 [=======================>......] - ETA: 1s - loss: 1.0979 - accuracy: 0.6104
82/98 [========================>.....] - ETA: 1s - loss: 1.0967 - accuracy: 0.6109
83/98 [========================>.....] - ETA: 1s - loss: 1.0962 - accuracy: 0.6113
84/98 [========================>.....] - ETA: 1s - loss: 1.0955 - accuracy: 0.6117
85/98 [=========================>....] - ETA: 1s - loss: 1.0958 - accuracy: 0.6116
86/98 [=========================>....] - ETA: 1s - loss: 1.0951 - accuracy: 0.6119
87/98 [=========================>....] - ETA: 1s - loss: 1.0948 - accuracy: 0.6125
88/98 [=========================>....] - ETA: 1s - loss: 1.0946 - accuracy: 0.6125
90/98 [==========================>...] - ETA: 0s - loss: 1.0933 - accuracy: 0.6131
91/98 [==========================>...] - ETA: 0s - loss: 1.0925 - accuracy: 0.6132
92/98 [===========================>..] - ETA: 0s - loss: 1.0917 - accuracy: 0.6135
93/98 [===========================>..] - ETA: 0s - loss: 1.0909 - accuracy: 0.6140
94/98 [===========================>..] - ETA: 0s - loss: 1.0908 - accuracy: 0.6143
95/98 [============================>.] - ETA: 0s - loss: 1.0899 - accuracy: 0.6147
96/98 [============================>.] - ETA: 0s - loss: 1.0891 - accuracy: 0.6151
97/98 [============================>.] - ETA: 0s - loss: 1.0884 - accuracy: 0.6155
98/98 [==============================] - ETA: 0s - loss: 1.0878 - accuracy: 0.6155
98/98 [==============================] - 12s 123ms/step - loss: 1.0878 - accuracy: 0.6155 - val_loss: 2.0454 - val_accuracy: 0.3121
Epoch 5/84

 1/98 [..............................] - ETA: 13s - loss: 1.0348 - accuracy: 0.6289
 2/98 [..............................] - ETA: 10s - loss: 0.9859 - accuracy: 0.6484
 3/98 [..............................] - ETA: 11s - loss: 0.9743 - accuracy: 0.6582
 4/98 [>.............................] - ETA: 10s - loss: 0.9772 - accuracy: 0.6523
 5/98 [>.............................] - ETA: 10s - loss: 0.9738 - accuracy: 0.6531
 6/98 [>.............................] - ETA: 10s - loss: 0.9874 - accuracy: 0.6494
 7/98 [=>............................] - ETA: 10s - loss: 0.9878 - accuracy: 0.6496
 8/98 [=>............................] - ETA: 10s - loss: 0.9957 - accuracy: 0.6489
 9/98 [=>............................] - ETA: 10s - loss: 1.0016 - accuracy: 0.6471
10/98 [==>...........................] - ETA: 10s - loss: 0.9982 - accuracy: 0.6498
11/98 [==>...........................] - ETA: 10s - loss: 0.9957 - accuracy: 0.6504
12/98 [==>...........................] - ETA: 9s - loss: 0.9915 - accuracy: 0.6510 
13/98 [==>...........................] - ETA: 9s - loss: 0.9938 - accuracy: 0.6490
14/98 [===>..........................] - ETA: 9s - loss: 0.9858 - accuracy: 0.6507
15/98 [===>..........................] - ETA: 9s - loss: 0.9843 - accuracy: 0.6509
16/98 [===>..........................] - ETA: 9s - loss: 0.9829 - accuracy: 0.6521
17/98 [====>.........................] - ETA: 9s - loss: 0.9865 - accuracy: 0.6507
18/98 [====>.........................] - ETA: 9s - loss: 0.9836 - accuracy: 0.6531
19/98 [====>.........................] - ETA: 9s - loss: 0.9836 - accuracy: 0.6530
20/98 [=====>........................] - ETA: 8s - loss: 0.9900 - accuracy: 0.6514
21/98 [=====>........................] - ETA: 8s - loss: 0.9899 - accuracy: 0.6513
22/98 [=====>........................] - ETA: 8s - loss: 0.9908 - accuracy: 0.6518
23/98 [======>.......................] - ETA: 8s - loss: 0.9890 - accuracy: 0.6526
24/98 [======>.......................] - ETA: 8s - loss: 0.9906 - accuracy: 0.6528
25/98 [======>.......................] - ETA: 8s - loss: 0.9934 - accuracy: 0.6520
26/98 [======>.......................] - ETA: 8s - loss: 0.9948 - accuracy: 0.6510
27/98 [=======>......................] - ETA: 8s - loss: 0.9954 - accuracy: 0.6504
28/98 [=======>......................] - ETA: 7s - loss: 0.9947 - accuracy: 0.6504
29/98 [=======>......................] - ETA: 7s - loss: 0.9939 - accuracy: 0.6506
30/98 [========>.....................] - ETA: 7s - loss: 0.9944 - accuracy: 0.6499
31/98 [========>.....................] - ETA: 7s - loss: 0.9940 - accuracy: 0.6497
32/98 [========>.....................] - ETA: 7s - loss: 0.9921 - accuracy: 0.6505
33/98 [=========>....................] - ETA: 7s - loss: 0.9909 - accuracy: 0.6508
34/98 [=========>....................] - ETA: 7s - loss: 0.9903 - accuracy: 0.6508
35/98 [=========>....................] - ETA: 7s - loss: 0.9914 - accuracy: 0.6506
36/98 [==========>...................] - ETA: 7s - loss: 0.9900 - accuracy: 0.6507
37/98 [==========>...................] - ETA: 6s - loss: 0.9906 - accuracy: 0.6505
38/98 [==========>...................] - ETA: 6s - loss: 0.9898 - accuracy: 0.6510
39/98 [==========>...................] - ETA: 6s - loss: 0.9897 - accuracy: 0.6519
40/98 [===========>..................] - ETA: 6s - loss: 0.9902 - accuracy: 0.6517
41/98 [===========>..................] - ETA: 6s - loss: 0.9881 - accuracy: 0.6526
42/98 [===========>..................] - ETA: 6s - loss: 0.9865 - accuracy: 0.6529
43/98 [============>.................] - ETA: 6s - loss: 0.9859 - accuracy: 0.6529
44/98 [============>.................] - ETA: 6s - loss: 0.9844 - accuracy: 0.6532
