2024-06-26 00:12:29.705964: I tensorflow/core/platform/cpu_feature_guard.cc:193] This TensorFlow binary is optimized with oneAPI Deep Neural Network Library (oneDNN) to use the following CPU instructions in performance-critical operations:  AVX AVX2
To enable them in other operations, rebuild TensorFlow with the appropriate compiler flags.
2024-06-26 00:12:30.361540: I tensorflow/core/common_runtime/gpu/gpu_device.cc:1616] Created device /job:localhost/replica:0/task:0/device:GPU:0 with 6656 MB memory:  -> device: 0, name: NVIDIA GeForce RTX 4060 Ti, pci bus id: 0000:01:00.0, compute capability: 8.9
1 Physical GPUs, 1 Logical GPUs
Model: "sequential"
_________________________________________________________________
 Layer (type)                Output Shape              Param #   
=================================================================
 conv2d (Conv2D)             (None, 32, 32, 32)        896       
                                                                 
 batch_normalization (BatchN  (None, 32, 32, 32)       128       
 ormalization)                                                   
                                                                 
 conv2d_1 (Conv2D)           (None, 32, 32, 64)        51264     
                                                                 
 max_pooling2d (MaxPooling2D  (None, 16, 16, 64)       0         
 )                                                               
                                                                 
 conv2d_2 (Conv2D)           (None, 16, 16, 32)        165920    
                                                                 
 max_pooling2d_1 (MaxPooling  (None, 8, 8, 32)         0         
 2D)                                                             
                                                                 
 batch_normalization_1 (Batc  (None, 8, 8, 32)         128       
 hNormalization)                                                 
                                                                 
 dropout (Dropout)           (None, 8, 8, 32)          0         
                                                                 
 flatten (Flatten)           (None, 2048)              0         
                                                                 
 dense (Dense)               (None, 10)                20490     
                                                                 
=================================================================
Total params: 238,826
Trainable params: 238,698
Non-trainable params: 128
_________________________________________________________________
Taxa de aprendizado:  0.01 Num de épocas:  84 Tamanho do lote:  512 Dropout:  0.40907
Epoch 1/84
2024-06-26 00:12:31.854261: I tensorflow/stream_executor/cuda/cuda_dnn.cc:384] Loaded cuDNN version 8100
2024-06-26 00:12:32.912481: W tensorflow/stream_executor/gpu/redzone_allocator.cc:314] INTERNAL: ptxas exited with non-zero error code -1, output: 
Relying on driver to perform ptx compilation. 
Modify $PATH to customize ptxas location.
This message will be only logged once.
2024-06-26 00:12:34.291814: I tensorflow/stream_executor/cuda/cuda_blas.cc:1614] TensorFloat-32 will be used for the matrix multiplication. This will only be logged once.

 1/98 [..............................] - ETA: 9:30 - loss: 3.4991 - accuracy: 0.0859
 2/98 [..............................] - ETA: 8s - loss: 4.1148 - accuracy: 0.1084  
 3/98 [..............................] - ETA: 9s - loss: 4.6863 - accuracy: 0.1315
 4/98 [>.............................] - ETA: 9s - loss: 4.8996 - accuracy: 0.1357
 5/98 [>.............................] - ETA: 9s - loss: 4.8703 - accuracy: 0.1445
 6/98 [>.............................] - ETA: 9s - loss: 4.7507 - accuracy: 0.1452
 7/98 [=>............................] - ETA: 9s - loss: 4.5687 - accuracy: 0.1487
 8/98 [=>............................] - ETA: 8s - loss: 4.4133 - accuracy: 0.1528
 9/98 [=>............................] - ETA: 8s - loss: 4.3275 - accuracy: 0.1584
10/98 [==>...........................] - ETA: 8s - loss: 4.2459 - accuracy: 0.1619
11/98 [==>...........................] - ETA: 8s - loss: 4.1276 - accuracy: 0.1658
12/98 [==>...........................] - ETA: 8s - loss: 4.0203 - accuracy: 0.1709
13/98 [==>...........................] - ETA: 8s - loss: 3.9276 - accuracy: 0.1791
14/98 [===>..........................] - ETA: 8s - loss: 3.8567 - accuracy: 0.1829
15/98 [===>..........................] - ETA: 8s - loss: 3.8009 - accuracy: 0.1837
16/98 [===>..........................] - ETA: 8s - loss: 3.7358 - accuracy: 0.1853
17/98 [====>.........................] - ETA: 7s - loss: 3.6684 - accuracy: 0.1886
18/98 [====>.........................] - ETA: 7s - loss: 3.5967 - accuracy: 0.1940
19/98 [====>.........................] - ETA: 7s - loss: 3.5319 - accuracy: 0.1986
20/98 [=====>........................] - ETA: 7s - loss: 3.4852 - accuracy: 0.1996
21/98 [=====>........................] - ETA: 7s - loss: 3.4358 - accuracy: 0.2028
22/98 [=====>........................] - ETA: 6s - loss: 3.3812 - accuracy: 0.2068
23/98 [======>.......................] - ETA: 6s - loss: 3.3432 - accuracy: 0.2082
24/98 [======>.......................] - ETA: 6s - loss: 3.2951 - accuracy: 0.2113
25/98 [======>.......................] - ETA: 6s - loss: 3.2515 - accuracy: 0.2134
26/98 [======>.......................] - ETA: 6s - loss: 3.2146 - accuracy: 0.2161
27/98 [=======>......................] - ETA: 6s - loss: 3.1753 - accuracy: 0.2194
28/98 [=======>......................] - ETA: 6s - loss: 3.1405 - accuracy: 0.2219
29/98 [=======>......................] - ETA: 5s - loss: 3.1044 - accuracy: 0.2242
30/98 [========>.....................] - ETA: 5s - loss: 3.0709 - accuracy: 0.2271
31/98 [========>.....................] - ETA: 9s - loss: 3.0519 - accuracy: 0.2285
32/98 [========>.....................] - ETA: 9s - loss: 3.0210 - accuracy: 0.2318
33/98 [=========>....................] - ETA: 9s - loss: 2.9955 - accuracy: 0.2335
34/98 [=========>....................] - ETA: 8s - loss: 2.9684 - accuracy: 0.2351
35/98 [=========>....................] - ETA: 8s - loss: 2.9405 - accuracy: 0.2379
36/98 [==========>...................] - ETA: 8s - loss: 2.9137 - accuracy: 0.2402
37/98 [==========>...................] - ETA: 8s - loss: 2.8889 - accuracy: 0.2429
38/98 [==========>...................] - ETA: 8s - loss: 2.8661 - accuracy: 0.2438
39/98 [==========>...................] - ETA: 7s - loss: 2.8412 - accuracy: 0.2458
40/98 [===========>..................] - ETA: 7s - loss: 2.8183 - accuracy: 0.2474
41/98 [===========>..................] - ETA: 7s - loss: 2.7966 - accuracy: 0.2494
42/98 [===========>..................] - ETA: 7s - loss: 2.7786 - accuracy: 0.2511
43/98 [============>.................] - ETA: 7s - loss: 2.7597 - accuracy: 0.2524
44/98 [============>.................] - ETA: 7s - loss: 2.7404 - accuracy: 0.2541
45/98 [============>.................] - ETA: 6s - loss: 2.7223 - accuracy: 0.2566
46/98 [=============>................] - ETA: 6s - loss: 2.7026 - accuracy: 0.2586
47/98 [=============>................] - ETA: 6s - loss: 2.6844 - accuracy: 0.2610
48/98 [=============>................] - ETA: 6s - loss: 2.6662 - accuracy: 0.2630
49/98 [==============>...............] - ETA: 6s - loss: 2.6504 - accuracy: 0.2641
50/98 [==============>...............] - ETA: 6s - loss: 2.6340 - accuracy: 0.2656
51/98 [==============>...............] - ETA: 5s - loss: 2.6184 - accuracy: 0.2670
52/98 [==============>...............] - ETA: 5s - loss: 2.6028 - accuracy: 0.2685
53/98 [===============>..............] - ETA: 5s - loss: 2.5867 - accuracy: 0.2703
54/98 [===============>..............] - ETA: 5s - loss: 2.5733 - accuracy: 0.2717
55/98 [===============>..............] - ETA: 5s - loss: 2.5605 - accuracy: 0.2738
56/98 [================>.............] - ETA: 5s - loss: 2.5468 - accuracy: 0.2758
57/98 [================>.............] - ETA: 4s - loss: 2.5328 - accuracy: 0.2775
58/98 [================>.............] - ETA: 4s - loss: 2.5191 - accuracy: 0.2790
59/98 [=================>............] - ETA: 4s - loss: 2.5071 - accuracy: 0.2800
60/98 [=================>............] - ETA: 4s - loss: 2.4957 - accuracy: 0.2808
61/98 [=================>............] - ETA: 4s - loss: 2.4836 - accuracy: 0.2820
62/98 [=================>............] - ETA: 4s - loss: 2.4720 - accuracy: 0.2841
63/98 [==================>...........] - ETA: 4s - loss: 2.4601 - accuracy: 0.2859
64/98 [==================>...........] - ETA: 3s - loss: 2.4495 - accuracy: 0.2872
65/98 [==================>...........] - ETA: 3s - loss: 2.4388 - accuracy: 0.2889
66/98 [===================>..........] - ETA: 3s - loss: 2.4284 - accuracy: 0.2899
67/98 [===================>..........] - ETA: 3s - loss: 2.4191 - accuracy: 0.2911
68/98 [===================>..........] - ETA: 3s - loss: 2.4101 - accuracy: 0.2921
69/98 [====================>.........] - ETA: 3s - loss: 2.3997 - accuracy: 0.2935
70/98 [====================>.........] - ETA: 3s - loss: 2.3886 - accuracy: 0.2951
71/98 [====================>.........] - ETA: 3s - loss: 2.3801 - accuracy: 0.2964
72/98 [=====================>........] - ETA: 2s - loss: 2.3712 - accuracy: 0.2974
73/98 [=====================>........] - ETA: 2s - loss: 2.3612 - accuracy: 0.2991
74/98 [=====================>........] - ETA: 2s - loss: 2.3524 - accuracy: 0.3001
75/98 [=====================>........] - ETA: 2s - loss: 2.3435 - accuracy: 0.3014
76/98 [======================>.......] - ETA: 2s - loss: 2.3346 - accuracy: 0.3029
77/98 [======================>.......] - ETA: 2s - loss: 2.3250 - accuracy: 0.3046
78/98 [======================>.......] - ETA: 2s - loss: 2.3164 - accuracy: 0.3055
79/98 [=======================>......] - ETA: 2s - loss: 2.3073 - accuracy: 0.3072
80/98 [=======================>......] - ETA: 1s - loss: 2.2986 - accuracy: 0.3085
81/98 [=======================>......] - ETA: 1s - loss: 2.2911 - accuracy: 0.3100
82/98 [========================>.....] - ETA: 1s - loss: 2.2829 - accuracy: 0.3114
83/98 [========================>.....] - ETA: 1s - loss: 2.2747 - accuracy: 0.3127
84/98 [========================>.....] - ETA: 1s - loss: 2.2673 - accuracy: 0.3139
85/98 [=========================>....] - ETA: 1s - loss: 2.2606 - accuracy: 0.3151
86/98 [=========================>....] - ETA: 1s - loss: 2.2528 - accuracy: 0.3163
87/98 [=========================>....] - ETA: 1s - loss: 2.2446 - accuracy: 0.3180
88/98 [=========================>....] - ETA: 1s - loss: 2.2377 - accuracy: 0.3190
89/98 [==========================>...] - ETA: 0s - loss: 2.2305 - accuracy: 0.3202
90/98 [==========================>...] - ETA: 0s - loss: 2.2238 - accuracy: 0.3211
91/98 [==========================>...] - ETA: 0s - loss: 2.2172 - accuracy: 0.3220
92/98 [===========================>..] - ETA: 0s - loss: 2.2102 - accuracy: 0.3231
93/98 [===========================>..] - ETA: 0s - loss: 2.2038 - accuracy: 0.3242
94/98 [===========================>..] - ETA: 0s - loss: 2.1976 - accuracy: 0.3251
95/98 [============================>.] - ETA: 0s - loss: 2.1914 - accuracy: 0.3262
96/98 [============================>.] - ETA: 0s - loss: 2.1842 - accuracy: 0.3272
97/98 [============================>.] - ETA: 0s - loss: 2.1774 - accuracy: 0.3285
98/98 [==============================] - ETA: 0s - loss: 2.1712 - accuracy: 0.3296
98/98 [==============================] - 18s 120ms/step - loss: 2.1712 - accuracy: 0.3296 - val_loss: 2.1919 - val_accuracy: 0.1847
Epoch 2/84

 1/98 [..............................] - ETA: 10s - loss: 1.5136 - accuracy: 0.4258
 2/98 [..............................] - ETA: 9s - loss: 1.5069 - accuracy: 0.4346 
 3/98 [..............................] - ETA: 9s - loss: 1.5144 - accuracy: 0.4486
 4/98 [>.............................] - ETA: 9s - loss: 1.5249 - accuracy: 0.4448
 5/98 [>.............................] - ETA: 9s - loss: 1.5207 - accuracy: 0.4449
 6/98 [>.............................] - ETA: 8s - loss: 1.5252 - accuracy: 0.4486
 7/98 [=>............................] - ETA: 9s - loss: 1.5126 - accuracy: 0.4523
 8/98 [=>............................] - ETA: 8s - loss: 1.5104 - accuracy: 0.4558
 9/98 [=>............................] - ETA: 8s - loss: 1.5132 - accuracy: 0.4555
10/98 [==>...........................] - ETA: 8s - loss: 1.5168 - accuracy: 0.4551
11/98 [==>...........................] - ETA: 8s - loss: 1.5190 - accuracy: 0.4531
12/98 [==>...........................] - ETA: 8s - loss: 1.5201 - accuracy: 0.4557
13/98 [==>...........................] - ETA: 8s - loss: 1.5163 - accuracy: 0.4542
14/98 [===>..........................] - ETA: 8s - loss: 1.5132 - accuracy: 0.4547
15/98 [===>..........................] - ETA: 8s - loss: 1.5142 - accuracy: 0.4536
16/98 [===>..........................] - ETA: 8s - loss: 1.5204 - accuracy: 0.4530
17/98 [====>.........................] - ETA: 7s - loss: 1.5203 - accuracy: 0.4523
18/98 [====>.........................] - ETA: 7s - loss: 1.5219 - accuracy: 0.4515
19/98 [====>.........................] - ETA: 7s - loss: 1.5155 - accuracy: 0.4546
20/98 [=====>........................] - ETA: 7s - loss: 1.5159 - accuracy: 0.4548
21/98 [=====>........................] - ETA: 7s - loss: 1.5175 - accuracy: 0.4541
22/98 [=====>........................] - ETA: 7s - loss: 1.5182 - accuracy: 0.4544
23/98 [======>.......................] - ETA: 7s - loss: 1.5158 - accuracy: 0.4549
24/98 [======>.......................] - ETA: 7s - loss: 1.5117 - accuracy: 0.4573
25/98 [======>.......................] - ETA: 7s - loss: 1.5108 - accuracy: 0.4573
26/98 [======>.......................] - ETA: 7s - loss: 1.5075 - accuracy: 0.4582
27/98 [=======>......................] - ETA: 6s - loss: 1.5044 - accuracy: 0.4597
28/98 [=======>......................] - ETA: 6s - loss: 1.5003 - accuracy: 0.4610
29/98 [=======>......................] - ETA: 6s - loss: 1.4978 - accuracy: 0.4611
30/98 [========>.....................] - ETA: 6s - loss: 1.4987 - accuracy: 0.4615
31/98 [========>.....................] - ETA: 6s - loss: 1.4954 - accuracy: 0.4619
32/98 [========>.....................] - ETA: 6s - loss: 1.4955 - accuracy: 0.4615
33/98 [=========>....................] - ETA: 6s - loss: 1.4956 - accuracy: 0.4611
34/98 [=========>....................] - ETA: 6s - loss: 1.4945 - accuracy: 0.4609
35/98 [=========>....................] - ETA: 6s - loss: 1.4949 - accuracy: 0.4605
36/98 [==========>...................] - ETA: 5s - loss: 1.4929 - accuracy: 0.4608
37/98 [==========>...................] - ETA: 5s - loss: 1.4920 - accuracy: 0.4610
38/98 [==========>...................] - ETA: 5s - loss: 1.4916 - accuracy: 0.4611
39/98 [==========>...................] - ETA: 5s - loss: 1.4900 - accuracy: 0.4613
40/98 [===========>..................] - ETA: 5s - loss: 1.4915 - accuracy: 0.4610
41/98 [===========>..................] - ETA: 5s - loss: 1.4915 - accuracy: 0.4616
42/98 [===========>..................] - ETA: 5s - loss: 1.4889 - accuracy: 0.4626
43/98 [============>.................] - ETA: 5s - loss: 1.4860 - accuracy: 0.4637
44/98 [============>.................] - ETA: 4s - loss: 1.4845 - accuracy: 0.4643
45/98 [============>.................] - ETA: 4s - loss: 1.4840 - accuracy: 0.4646
46/98 [=============>................] - ETA: 4s - loss: 1.4799 - accuracy: 0.4658
47/98 [=============>................] - ETA: 4s - loss: 1.4792 - accuracy: 0.4664
48/98 [=============>................] - ETA: 4s - loss: 1.4768 - accuracy: 0.4675
49/98 [==============>...............] - ETA: 4s - loss: 1.4753 - accuracy: 0.4683
50/98 [==============>...............] - ETA: 4s - loss: 1.4747 - accuracy: 0.4689
51/98 [==============>...............] - ETA: 4s - loss: 1.4738 - accuracy: 0.4691
52/98 [==============>...............] - ETA: 4s - loss: 1.4728 - accuracy: 0.4694
53/98 [===============>..............] - ETA: 4s - loss: 1.4700 - accuracy: 0.4699
54/98 [===============>..............] - ETA: 3s - loss: 1.4689 - accuracy: 0.4698
55/98 [===============>..............] - ETA: 3s - loss: 1.4684 - accuracy: 0.4700
56/98 [================>.............] - ETA: 3s - loss: 1.4666 - accuracy: 0.4707
57/98 [================>.............] - ETA: 3s - loss: 1.4657 - accuracy: 0.4709
58/98 [================>.............] - ETA: 3s - loss: 1.4637 - accuracy: 0.4713
59/98 [=================>............] - ETA: 3s - loss: 1.4620 - accuracy: 0.4719
60/98 [=================>............] - ETA: 3s - loss: 1.4619 - accuracy: 0.4718
61/98 [=================>............] - ETA: 3s - loss: 1.4601 - accuracy: 0.4724
62/98 [=================>............] - ETA: 3s - loss: 1.4592 - accuracy: 0.4730
63/98 [==================>...........] - ETA: 3s - loss: 1.4574 - accuracy: 0.4737
64/98 [==================>...........] - ETA: 3s - loss: 1.4554 - accuracy: 0.4742
65/98 [==================>...........] - ETA: 3s - loss: 1.4536 - accuracy: 0.4748
66/98 [===================>..........] - ETA: 2s - loss: 1.4516 - accuracy: 0.4759
67/98 [===================>..........] - ETA: 2s - loss: 1.4496 - accuracy: 0.4765
68/98 [===================>..........] - ETA: 2s - loss: 1.4496 - accuracy: 0.4765
69/98 [====================>.........] - ETA: 2s - loss: 1.4491 - accuracy: 0.4771
70/98 [====================>.........] - ETA: 2s - loss: 1.4475 - accuracy: 0.4780
71/98 [====================>.........] - ETA: 2s - loss: 1.4467 - accuracy: 0.4782
72/98 [=====================>........] - ETA: 2s - loss: 1.4454 - accuracy: 0.4789
73/98 [=====================>........] - ETA: 2s - loss: 1.4446 - accuracy: 0.4792
74/98 [=====================>........] - ETA: 2s - loss: 1.4424 - accuracy: 0.4800
75/98 [=====================>........] - ETA: 2s - loss: 1.4409 - accuracy: 0.4803
76/98 [======================>.......] - ETA: 2s - loss: 1.4402 - accuracy: 0.4806
77/98 [======================>.......] - ETA: 1s - loss: 1.4396 - accuracy: 0.4807
78/98 [======================>.......] - ETA: 1s - loss: 1.4380 - accuracy: 0.4812
79/98 [=======================>......] - ETA: 1s - loss: 1.4376 - accuracy: 0.4814
80/98 [=======================>......] - ETA: 1s - loss: 1.4364 - accuracy: 0.4817
81/98 [=======================>......] - ETA: 1s - loss: 1.4358 - accuracy: 0.4819
82/98 [========================>.....] - ETA: 1s - loss: 1.4350 - accuracy: 0.4823
83/98 [========================>.....] - ETA: 1s - loss: 1.4331 - accuracy: 0.4830
84/98 [========================>.....] - ETA: 1s - loss: 1.4328 - accuracy: 0.4833
85/98 [=========================>....] - ETA: 1s - loss: 1.4314 - accuracy: 0.4836
86/98 [=========================>....] - ETA: 1s - loss: 1.4298 - accuracy: 0.4843
87/98 [=========================>....] - ETA: 1s - loss: 1.4284 - accuracy: 0.4848
88/98 [=========================>....] - ETA: 0s - loss: 1.4271 - accuracy: 0.4851
90/98 [==========================>...] - ETA: 0s - loss: 1.4248 - accuracy: 0.4860
91/98 [==========================>...] - ETA: 0s - loss: 1.4235 - accuracy: 0.4864
92/98 [===========================>..] - ETA: 0s - loss: 1.4229 - accuracy: 0.4865
93/98 [===========================>..] - ETA: 0s - loss: 1.4220 - accuracy: 0.4869
94/98 [===========================>..] - ETA: 0s - loss: 1.4209 - accuracy: 0.4873
95/98 [============================>.] - ETA: 0s - loss: 1.4202 - accuracy: 0.4874
96/98 [============================>.] - ETA: 0s - loss: 1.4198 - accuracy: 0.4877
97/98 [============================>.] - ETA: 0s - loss: 1.4192 - accuracy: 0.4878
98/98 [==============================] - ETA: 0s - loss: 1.4177 - accuracy: 0.4882
98/98 [==============================] - 10s 100ms/step - loss: 1.4177 - accuracy: 0.4882 - val_loss: 2.2956 - val_accuracy: 0.2488
Epoch 3/84

 1/98 [..............................] - ETA: 10s - loss: 1.2586 - accuracy: 0.5371
 2/98 [..............................] - ETA: 8s - loss: 1.3017 - accuracy: 0.5254 
 3/98 [..............................] - ETA: 9s - loss: 1.2660 - accuracy: 0.5430
 4/98 [>.............................] - ETA: 9s - loss: 1.2785 - accuracy: 0.5400
 5/98 [>.............................] - ETA: 9s - loss: 1.2844 - accuracy: 0.5398
 6/98 [>.............................] - ETA: 8s - loss: 1.2771 - accuracy: 0.5456
 7/98 [=>............................] - ETA: 8s - loss: 1.2772 - accuracy: 0.5464
 8/98 [=>............................] - ETA: 8s - loss: 1.2733 - accuracy: 0.5480
 9/98 [=>............................] - ETA: 8s - loss: 1.2725 - accuracy: 0.5496
10/98 [==>...........................] - ETA: 8s - loss: 1.2701 - accuracy: 0.5524
11/98 [==>...........................] - ETA: 8s - loss: 1.2679 - accuracy: 0.5522
12/98 [==>...........................] - ETA: 8s - loss: 1.2643 - accuracy: 0.5521
13/98 [==>...........................] - ETA: 8s - loss: 1.2660 - accuracy: 0.5519
14/98 [===>..........................] - ETA: 7s - loss: 1.2567 - accuracy: 0.5564
15/98 [===>..........................] - ETA: 7s - loss: 1.2586 - accuracy: 0.5564
16/98 [===>..........................] - ETA: 7s - loss: 1.2549 - accuracy: 0.5598
17/98 [====>.........................] - ETA: 7s - loss: 1.2527 - accuracy: 0.5593
18/98 [====>.........................] - ETA: 7s - loss: 1.2501 - accuracy: 0.5612
19/98 [====>.........................] - ETA: 7s - loss: 1.2470 - accuracy: 0.5616
20/98 [=====>........................] - ETA: 7s - loss: 1.2431 - accuracy: 0.5619
21/98 [=====>........................] - ETA: 7s - loss: 1.2393 - accuracy: 0.5634
22/98 [=====>........................] - ETA: 7s - loss: 1.2368 - accuracy: 0.5639
23/98 [======>.......................] - ETA: 7s - loss: 1.2379 - accuracy: 0.5630
24/98 [======>.......................] - ETA: 7s - loss: 1.2388 - accuracy: 0.5631
25/98 [======>.......................] - ETA: 6s - loss: 1.2353 - accuracy: 0.5648
26/98 [======>.......................] - ETA: 6s - loss: 1.2352 - accuracy: 0.5649
27/98 [=======>......................] - ETA: 6s - loss: 1.2362 - accuracy: 0.5647
28/98 [=======>......................] - ETA: 6s - loss: 1.2338 - accuracy: 0.5650
29/98 [=======>......................] - ETA: 6s - loss: 1.2314 - accuracy: 0.5660
30/98 [========>.....................] - ETA: 6s - loss: 1.2302 - accuracy: 0.5668
31/98 [========>.....................] - ETA: 6s - loss: 1.2295 - accuracy: 0.5666
32/98 [========>.....................] - ETA: 5s - loss: 1.2286 - accuracy: 0.5667
33/98 [=========>....................] - ETA: 5s - loss: 1.2260 - accuracy: 0.5673
34/98 [=========>....................] - ETA: 5s - loss: 1.2255 - accuracy: 0.5672
35/98 [=========>....................] - ETA: 5s - loss: 1.2249 - accuracy: 0.5672
36/98 [==========>...................] - ETA: 5s - loss: 1.2237 - accuracy: 0.5682
37/98 [==========>...................] - ETA: 5s - loss: 1.2230 - accuracy: 0.5680
38/98 [==========>...................] - ETA: 5s - loss: 1.2210 - accuracy: 0.5690
39/98 [==========>...................] - ETA: 5s - loss: 1.2191 - accuracy: 0.5698
40/98 [===========>..................] - ETA: 5s - loss: 1.2164 - accuracy: 0.5702
41/98 [===========>..................] - ETA: 4s - loss: 1.2187 - accuracy: 0.5698
42/98 [===========>..................] - ETA: 4s - loss: 1.2182 - accuracy: 0.5700
43/98 [============>.................] - ETA: 4s - loss: 1.2175 - accuracy: 0.5703
44/98 [============>.................] - ETA: 4s - loss: 1.2186 - accuracy: 0.5703
45/98 [============>.................] - ETA: 4s - loss: 1.2183 - accuracy: 0.5699
46/98 [=============>................] - ETA: 4s - loss: 1.2159 - accuracy: 0.5700
47/98 [=============>................] - ETA: 4s - loss: 1.2144 - accuracy: 0.5705
48/98 [=============>................] - ETA: 4s - loss: 1.2151 - accuracy: 0.5702
49/98 [==============>...............] - ETA: 4s - loss: 1.2153 - accuracy: 0.5698
50/98 [==============>...............] - ETA: 4s - loss: 1.2118 - accuracy: 0.5710
51/98 [==============>...............] - ETA: 4s - loss: 1.2101 - accuracy: 0.5715
52/98 [==============>...............] - ETA: 4s - loss: 1.2093 - accuracy: 0.5720
53/98 [===============>..............] - ETA: 4s - loss: 1.2097 - accuracy: 0.5721
54/98 [===============>..............] - ETA: 3s - loss: 1.2095 - accuracy: 0.5728
55/98 [===============>..............] - ETA: 3s - loss: 1.2075 - accuracy: 0.5735
56/98 [================>.............] - ETA: 3s - loss: 1.2071 - accuracy: 0.5738
57/98 [================>.............] - ETA: 3s - loss: 1.2066 - accuracy: 0.5740
58/98 [================>.............] - ETA: 3s - loss: 1.2043 - accuracy: 0.5746
59/98 [=================>............] - ETA: 3s - loss: 1.2037 - accuracy: 0.5746
60/98 [=================>............] - ETA: 3s - loss: 1.2020 - accuracy: 0.5751
61/98 [=================>............] - ETA: 3s - loss: 1.2009 - accuracy: 0.5756
62/98 [=================>............] - ETA: 3s - loss: 1.2014 - accuracy: 0.5757
63/98 [==================>...........] - ETA: 3s - loss: 1.2005 - accuracy: 0.5760
64/98 [==================>...........] - ETA: 3s - loss: 1.1987 - accuracy: 0.5766
65/98 [==================>...........] - ETA: 3s - loss: 1.1974 - accuracy: 0.5769
66/98 [===================>..........] - ETA: 2s - loss: 1.1956 - accuracy: 0.5774
67/98 [===================>..........] - ETA: 2s - loss: 1.1946 - accuracy: 0.5776
68/98 [===================>..........] - ETA: 2s - loss: 1.1929 - accuracy: 0.5780
69/98 [====================>.........] - ETA: 2s - loss: 1.1915 - accuracy: 0.5787
70/98 [====================>.........] - ETA: 2s - loss: 1.1919 - accuracy: 0.5789
71/98 [====================>.........] - ETA: 2s - loss: 1.1920 - accuracy: 0.5791
72/98 [=====================>........] - ETA: 2s - loss: 1.1907 - accuracy: 0.5799
73/98 [=====================>........] - ETA: 2s - loss: 1.1900 - accuracy: 0.5799
74/98 [=====================>........] - ETA: 2s - loss: 1.1902 - accuracy: 0.5798
75/98 [=====================>........] - ETA: 2s - loss: 1.1906 - accuracy: 0.5798
76/98 [======================>.......] - ETA: 2s - loss: 1.1888 - accuracy: 0.5803
77/98 [======================>.......] - ETA: 1s - loss: 1.1883 - accuracy: 0.5810
78/98 [======================>.......] - ETA: 1s - loss: 1.1871 - accuracy: 0.5815
79/98 [=======================>......] - ETA: 1s - loss: 1.1847 - accuracy: 0.5822
80/98 [=======================>......] - ETA: 1s - loss: 1.1839 - accuracy: 0.5823
81/98 [=======================>......] - ETA: 1s - loss: 1.1819 - accuracy: 0.5831
82/98 [========================>.....] - ETA: 1s - loss: 1.1819 - accuracy: 0.5830
83/98 [========================>.....] - ETA: 1s - loss: 1.1809 - accuracy: 0.5829
84/98 [========================>.....] - ETA: 1s - loss: 1.1815 - accuracy: 0.5827
85/98 [=========================>....] - ETA: 1s - loss: 1.1808 - accuracy: 0.5827
86/98 [=========================>....] - ETA: 1s - loss: 1.1792 - accuracy: 0.5833
87/98 [=========================>....] - ETA: 0s - loss: 1.1788 - accuracy: 0.5835
88/98 [=========================>....] - ETA: 0s - loss: 1.1777 - accuracy: 0.5839
89/98 [==========================>...] - ETA: 0s - loss: 1.1774 - accuracy: 0.5838
90/98 [==========================>...] - ETA: 0s - loss: 1.1771 - accuracy: 0.5839
91/98 [==========================>...] - ETA: 0s - loss: 1.1776 - accuracy: 0.5839
92/98 [===========================>..] - ETA: 0s - loss: 1.1763 - accuracy: 0.5841
93/98 [===========================>..] - ETA: 0s - loss: 1.1753 - accuracy: 0.5846
94/98 [===========================>..] - ETA: 0s - loss: 1.1742 - accuracy: 0.5848
95/98 [============================>.] - ETA: 0s - loss: 1.1735 - accuracy: 0.5847
96/98 [============================>.] - ETA: 0s - loss: 1.1718 - accuracy: 0.5856
97/98 [============================>.] - ETA: 0s - loss: 1.1712 - accuracy: 0.5856
98/98 [==============================] - ETA: 0s - loss: 1.1703 - accuracy: 0.5859
98/98 [==============================] - 10s 100ms/step - loss: 1.1703 - accuracy: 0.5859 - val_loss: 1.9363 - val_accuracy: 0.2775
Epoch 4/84

 1/98 [..............................] - ETA: 10s - loss: 1.0183 - accuracy: 0.6426
 2/98 [..............................] - ETA: 9s - loss: 1.0417 - accuracy: 0.6309 
 3/98 [..............................] - ETA: 9s - loss: 1.0453 - accuracy: 0.6276
 4/98 [>.............................] - ETA: 9s - loss: 1.0445 - accuracy: 0.6323
 5/98 [>.............................] - ETA: 9s - loss: 1.0469 - accuracy: 0.6320
 6/98 [>.............................] - ETA: 9s - loss: 1.0509 - accuracy: 0.6292
 7/98 [=>............................] - ETA: 9s - loss: 1.0705 - accuracy: 0.6200
 8/98 [=>............................] - ETA: 8s - loss: 1.0730 - accuracy: 0.6199
 9/98 [=>............................] - ETA: 8s - loss: 1.0662 - accuracy: 0.6222
10/98 [==>...........................] - ETA: 8s - loss: 1.0670 - accuracy: 0.6250
11/98 [==>...........................] - ETA: 8s - loss: 1.0679 - accuracy: 0.6259
12/98 [==>...........................] - ETA: 8s - loss: 1.0655 - accuracy: 0.6297
13/98 [==>...........................] - ETA: 8s - loss: 1.0657 - accuracy: 0.6285
14/98 [===>..........................] - ETA: 8s - loss: 1.0546 - accuracy: 0.6332
15/98 [===>..........................] - ETA: 7s - loss: 1.0551 - accuracy: 0.6318
16/98 [===>..........................] - ETA: 7s - loss: 1.0523 - accuracy: 0.6339
17/98 [====>.........................] - ETA: 7s - loss: 1.0490 - accuracy: 0.6345
18/98 [====>.........................] - ETA: 7s - loss: 1.0508 - accuracy: 0.6325
19/98 [====>.........................] - ETA: 7s - loss: 1.0540 - accuracy: 0.6309
20/98 [=====>........................] - ETA: 6s - loss: 1.0514 - accuracy: 0.6299
21/98 [=====>........................] - ETA: 6s - loss: 1.0465 - accuracy: 0.6317
22/98 [=====>........................] - ETA: 6s - loss: 1.0422 - accuracy: 0.6333
23/98 [======>.......................] - ETA: 6s - loss: 1.0377 - accuracy: 0.6344
24/98 [======>.......................] - ETA: 6s - loss: 1.0324 - accuracy: 0.6361
25/98 [======>.......................] - ETA: 6s - loss: 1.0297 - accuracy: 0.6374
26/98 [======>.......................] - ETA: 6s - loss: 1.0323 - accuracy: 0.6364
27/98 [=======>......................] - ETA: 5s - loss: 1.0316 - accuracy: 0.6370
28/98 [=======>......................] - ETA: 5s - loss: 1.0266 - accuracy: 0.6390
29/98 [=======>......................] - ETA: 5s - loss: 1.0231 - accuracy: 0.6399
30/98 [========>.....................] - ETA: 5s - loss: 1.0219 - accuracy: 0.6403
31/98 [========>.....................] - ETA: 5s - loss: 1.0233 - accuracy: 0.6401
32/98 [========>.....................] - ETA: 5s - loss: 1.0262 - accuracy: 0.6389
33/98 [=========>....................] - ETA: 5s - loss: 1.0245 - accuracy: 0.6394
34/98 [=========>....................] - ETA: 5s - loss: 1.0253 - accuracy: 0.6382
35/98 [=========>....................] - ETA: 5s - loss: 1.0249 - accuracy: 0.6381
36/98 [==========>...................] - ETA: 5s - loss: 1.0256 - accuracy: 0.6382
37/98 [==========>...................] - ETA: 5s - loss: 1.0250 - accuracy: 0.6381
38/98 [==========>...................] - ETA: 5s - loss: 1.0246 - accuracy: 0.6386
39/98 [==========>...................] - ETA: 5s - loss: 1.0235 - accuracy: 0.6392
40/98 [===========>..................] - ETA: 5s - loss: 1.0227 - accuracy: 0.6395
41/98 [===========>..................] - ETA: 5s - loss: 1.0217 - accuracy: 0.6400
42/98 [===========>..................] - ETA: 4s - loss: 1.0216 - accuracy: 0.6400
43/98 [============>.................] - ETA: 4s - loss: 1.0219 - accuracy: 0.6397
44/98 [============>.................] - ETA: 4s - loss: 1.0201 - accuracy: 0.6403
45/98 [============>.................] - ETA: 4s - loss: 1.0201 - accuracy: 0.6407
46/98 [=============>................] - ETA: 4s - loss: 1.0192 - accuracy: 0.6414
47/98 [=============>................] - ETA: 4s - loss: 1.0178 - accuracy: 0.6417
48/98 [=============>................] - ETA: 4s - loss: 1.0188 - accuracy: 0.6414
49/98 [==============>...............] - ETA: 4s - loss: 1.0194 - accuracy: 0.6410
50/98 [==============>...............] - ETA: 4s - loss: 1.0180 - accuracy: 0.6414
51/98 [==============>...............] - ETA: 4s - loss: 1.0188 - accuracy: 0.6412
52/98 [==============>...............] - ETA: 4s - loss: 1.0182 - accuracy: 0.6415
53/98 [===============>..............] - ETA: 4s - loss: 1.0175 - accuracy: 0.6420
54/98 [===============>..............] - ETA: 3s - loss: 1.0169 - accuracy: 0.6421
55/98 [===============>..............] - ETA: 3s - loss: 1.0155 - accuracy: 0.6430
56/98 [================>.............] - ETA: 3s - loss: 1.0148 - accuracy: 0.6431
57/98 [================>.............] - ETA: 3s - loss: 1.0153 - accuracy: 0.6430
58/98 [================>.............] - ETA: 3s - loss: 1.0156 - accuracy: 0.6428
59/98 [=================>............] - ETA: 3s - loss: 1.0145 - accuracy: 0.6433
60/98 [=================>............] - ETA: 3s - loss: 1.0144 - accuracy: 0.6428
61/98 [=================>............] - ETA: 3s - loss: 1.0129 - accuracy: 0.6431
62/98 [=================>............] - ETA: 3s - loss: 1.0148 - accuracy: 0.6426
63/98 [==================>...........] - ETA: 3s - loss: 1.0125 - accuracy: 0.6435
64/98 [==================>...........] - ETA: 3s - loss: 1.0129 - accuracy: 0.6437
65/98 [==================>...........] - ETA: 3s - loss: 1.0131 - accuracy: 0.6437
66/98 [===================>..........] - ETA: 2s - loss: 1.0136 - accuracy: 0.6436
67/98 [===================>..........] - ETA: 2s - loss: 1.0125 - accuracy: 0.6439
68/98 [===================>..........] - ETA: 2s - loss: 1.0125 - accuracy: 0.6443
69/98 [====================>.........] - ETA: 2s - loss: 1.0121 - accuracy: 0.6443
70/98 [====================>.........] - ETA: 2s - loss: 1.0114 - accuracy: 0.6445
71/98 [====================>.........] - ETA: 2s - loss: 1.0110 - accuracy: 0.6445
72/98 [=====================>........] - ETA: 2s - loss: 1.0110 - accuracy: 0.6442
73/98 [=====================>........] - ETA: 2s - loss: 1.0098 - accuracy: 0.6448
74/98 [=====================>........] - ETA: 2s - loss: 1.0093 - accuracy: 0.6448
75/98 [=====================>........] - ETA: 2s - loss: 1.0086 - accuracy: 0.6451
76/98 [======================>.......] - ETA: 1s - loss: 1.0079 - accuracy: 0.6455
77/98 [======================>.......] - ETA: 1s - loss: 1.0073 - accuracy: 0.6460
78/98 [======================>.......] - ETA: 1s - loss: 1.0073 - accuracy: 0.6459
79/98 [=======================>......] - ETA: 1s - loss: 1.0075 - accuracy: 0.6456
80/98 [=======================>......] - ETA: 1s - loss: 1.0074 - accuracy: 0.6453
81/98 [=======================>......] - ETA: 1s - loss: 1.0070 - accuracy: 0.6453
82/98 [========================>.....] - ETA: 1s - loss: 1.0076 - accuracy: 0.6450
83/98 [========================>.....] - ETA: 1s - loss: 1.0067 - accuracy: 0.6454
84/98 [========================>.....] - ETA: 1s - loss: 1.0055 - accuracy: 0.6457
85/98 [=========================>....] - ETA: 1s - loss: 1.0060 - accuracy: 0.6455
86/98 [=========================>....] - ETA: 1s - loss: 1.0051 - accuracy: 0.6460
87/98 [=========================>....] - ETA: 0s - loss: 1.0053 - accuracy: 0.6462
88/98 [=========================>....] - ETA: 0s - loss: 1.0044 - accuracy: 0.6465
89/98 [==========================>...] - ETA: 0s - loss: 1.0031 - accuracy: 0.6469
90/98 [==========================>...] - ETA: 0s - loss: 1.0037 - accuracy: 0.6468
91/98 [==========================>...] - ETA: 0s - loss: 1.0031 - accuracy: 0.6468
92/98 [===========================>..] - ETA: 0s - loss: 1.0038 - accuracy: 0.6469
93/98 [===========================>..] - ETA: 0s - loss: 1.0037 - accuracy: 0.6467
94/98 [===========================>..] - ETA: 0s - loss: 1.0032 - accuracy: 0.6465
95/98 [============================>.] - ETA: 0s - loss: 1.0030 - accuracy: 0.6468
96/98 [============================>.] - ETA: 0s - loss: 1.0025 - accuracy: 0.6472
97/98 [============================>.] - ETA: 0s - loss: 1.0023 - accuracy: 0.6472
98/98 [==============================] - ETA: 0s - loss: 1.0017 - accuracy: 0.6475
98/98 [==============================] - 10s 100ms/step - loss: 1.0017 - accuracy: 0.6475 - val_loss: 1.2857 - val_accuracy: 0.5192
Epoch 5/84

 1/98 [..............................] - ETA: 10s - loss: 0.8321 - accuracy: 0.7031
 2/98 [..............................] - ETA: 9s - loss: 0.8778 - accuracy: 0.7041 
 3/98 [..............................] - ETA: 9s - loss: 0.8572 - accuracy: 0.7109
 4/98 [>.............................] - ETA: 9s - loss: 0.8592 - accuracy: 0.7056
 5/98 [>.............................] - ETA: 8s - loss: 0.8627 - accuracy: 0.7031
 6/98 [>.............................] - ETA: 7s - loss: 0.8782 - accuracy: 0.6914
 7/98 [=>............................] - ETA: 7s - loss: 0.8976 - accuracy: 0.6861
 8/98 [=>............................] - ETA: 7s - loss: 0.8887 - accuracy: 0.6895
 9/98 [=>............................] - ETA: 7s - loss: 0.8956 - accuracy: 0.6886
10/98 [==>...........................] - ETA: 6s - loss: 0.8932 - accuracy: 0.6916
11/98 [==>...........................] - ETA: 6s - loss: 0.8964 - accuracy: 0.6918
12/98 [==>...........................] - ETA: 6s - loss: 0.9042 - accuracy: 0.6893
13/98 [==>...........................] - ETA: 6s - loss: 0.9046 - accuracy: 0.6886
14/98 [===>..........................] - ETA: 6s - loss: 0.9037 - accuracy: 0.6885
15/98 [===>..........................] - ETA: 6s - loss: 0.9075 - accuracy: 0.6876
16/98 [===>..........................] - ETA: 6s - loss: 0.9050 - accuracy: 0.6870
17/98 [====>.........................] - ETA: 6s - loss: 0.9018 - accuracy: 0.6877
18/98 [====>.........................] - ETA: 5s - loss: 0.9022 - accuracy: 0.6868
19/98 [====>.........................] - ETA: 6s - loss: 0.9041 - accuracy: 0.6862
20/98 [=====>........................] - ETA: 6s - loss: 0.9029 - accuracy: 0.6857
21/98 [=====>........................] - ETA: 6s - loss: 0.9034 - accuracy: 0.6863
22/98 [=====>........................] - ETA: 5s - loss: 0.9039 - accuracy: 0.6857
23/98 [======>.......................] - ETA: 6s - loss: 0.9017 - accuracy: 0.6871
24/98 [======>.......................] - ETA: 5s - loss: 0.9010 - accuracy: 0.6878
25/98 [======>.......................] - ETA: 5s - loss: 0.9011 - accuracy: 0.6866
26/98 [======>.......................] - ETA: 5s - loss: 0.8983 - accuracy: 0.6875
27/98 [=======>......................] - ETA: 5s - loss: 0.8984 - accuracy: 0.6872
28/98 [=======>......................] - ETA: 5s - loss: 0.8991 - accuracy: 0.6872
29/98 [=======>......................] - ETA: 5s - loss: 0.8962 - accuracy: 0.6879
30/98 [========>.....................] - ETA: 5s - loss: 0.9003 - accuracy: 0.6861
31/98 [========>.....................] - ETA: 5s - loss: 0.9024 - accuracy: 0.6855
32/98 [========>.....................] - ETA: 5s - loss: 0.9033 - accuracy: 0.6854
33/98 [=========>....................] - ETA: 5s - loss: 0.9028 - accuracy: 0.6856
34/98 [=========>....................] - ETA: 5s - loss: 0.9032 - accuracy: 0.6852
35/98 [=========>....................] - ETA: 5s - loss: 0.9045 - accuracy: 0.6846
36/98 [==========>...................] - ETA: 5s - loss: 0.9049 - accuracy: 0.6845
37/98 [==========>...................] - ETA: 5s - loss: 0.9043 - accuracy: 0.6846
38/98 [==========>...................] - ETA: 5s - loss: 0.9065 - accuracy: 0.6841
39/98 [==========>...................] - ETA: 5s - loss: 0.9073 - accuracy: 0.6830
40/98 [===========>..................] - ETA: 5s - loss: 0.9075 - accuracy: 0.6831
41/98 [===========>..................] - ETA: 5s - loss: 0.9060 - accuracy: 0.6837
42/98 [===========>..................] - ETA: 4s - loss: 0.9061 - accuracy: 0.6836
43/98 [============>.................] - ETA: 4s - loss: 0.9056 - accuracy: 0.6833
44/98 [============>.................] - ETA: 4s - loss: 0.9059 - accuracy: 0.6831
