2024-06-26 20:53:40.651050: I tensorflow/core/platform/cpu_feature_guard.cc:193] This TensorFlow binary is optimized with oneAPI Deep Neural Network Library (oneDNN) to use the following CPU instructions in performance-critical operations:  AVX AVX2
To enable them in other operations, rebuild TensorFlow with the appropriate compiler flags.
2024-06-26 20:53:41.434120: I tensorflow/core/common_runtime/gpu/gpu_device.cc:1616] Created device /job:localhost/replica:0/task:0/device:GPU:0 with 6656 MB memory:  -> device: 0, name: NVIDIA GeForce RTX 4060 Ti, pci bus id: 0000:01:00.0, compute capability: 8.9
1 Physical GPUs, 1 Logical GPUs
Model: "sequential"
_________________________________________________________________
 Layer (type)                Output Shape              Param #   
=================================================================
 conv2d (Conv2D)             (None, 32, 32, 32)        896       
                                                                 
 batch_normalization (BatchN  (None, 32, 32, 32)       128       
 ormalization)                                                   
                                                                 
 conv2d_1 (Conv2D)           (None, 32, 32, 64)        51264     
                                                                 
 max_pooling2d (MaxPooling2D  (None, 16, 16, 64)       0         
 )                                                               
                                                                 
 conv2d_2 (Conv2D)           (None, 16, 16, 32)        165920    
                                                                 
 max_pooling2d_1 (MaxPooling  (None, 8, 8, 32)         0         
 2D)                                                             
                                                                 
 batch_normalization_1 (Batc  (None, 8, 8, 32)         128       
 hNormalization)                                                 
                                                                 
 dropout (Dropout)           (None, 8, 8, 32)          0         
                                                                 
 flatten (Flatten)           (None, 2048)              0         
                                                                 
 dense (Dense)               (None, 10)                20490     
                                                                 
=================================================================
Total params: 238,826
Trainable params: 238,698
Non-trainable params: 128
_________________________________________________________________
Taxa de aprendizado:  0.01 Num de épocas:  84 Tamanho do lote:  512 Dropout:  0.40907
Epoch 1/84
2024-06-26 20:53:43.052440: I tensorflow/stream_executor/cuda/cuda_dnn.cc:384] Loaded cuDNN version 8100
2024-06-26 20:53:44.153540: W tensorflow/stream_executor/gpu/redzone_allocator.cc:314] INTERNAL: ptxas exited with non-zero error code -1, output: 
Relying on driver to perform ptx compilation. 
Modify $PATH to customize ptxas location.
This message will be only logged once.
2024-06-26 20:53:45.864739: I tensorflow/stream_executor/cuda/cuda_blas.cc:1614] TensorFloat-32 will be used for the matrix multiplication. This will only be logged once.

 1/98 [..............................] - ETA: 10:24 - loss: 3.5323 - accuracy: 0.0977
 2/98 [..............................] - ETA: 10s - loss: 3.9773 - accuracy: 0.1172  
 3/98 [..............................] - ETA: 9s - loss: 4.1484 - accuracy: 0.1484 
 4/98 [>.............................] - ETA: 9s - loss: 4.3470 - accuracy: 0.1621
 5/98 [>.............................] - ETA: 9s - loss: 4.4428 - accuracy: 0.1605
 6/98 [>.............................] - ETA: 9s - loss: 4.3924 - accuracy: 0.1559
 7/98 [=>............................] - ETA: 9s - loss: 4.3314 - accuracy: 0.1602
 8/98 [=>............................] - ETA: 8s - loss: 4.2430 - accuracy: 0.1621
 9/98 [=>............................] - ETA: 8s - loss: 4.1091 - accuracy: 0.1673
10/98 [==>...........................] - ETA: 26s - loss: 4.0651 - accuracy: 0.1699
11/98 [==>...........................] - ETA: 24s - loss: 3.9835 - accuracy: 0.1739
12/98 [==>...........................] - ETA: 22s - loss: 3.9237 - accuracy: 0.1754
13/98 [==>...........................] - ETA: 21s - loss: 3.8494 - accuracy: 0.1764
14/98 [===>..........................] - ETA: 20s - loss: 3.7799 - accuracy: 0.1783
15/98 [===>..........................] - ETA: 19s - loss: 3.7056 - accuracy: 0.1830
16/98 [===>..........................] - ETA: 18s - loss: 3.6340 - accuracy: 0.1880
17/98 [====>.........................] - ETA: 17s - loss: 3.5845 - accuracy: 0.1890
18/98 [====>.........................] - ETA: 16s - loss: 3.5382 - accuracy: 0.1892
19/98 [====>.........................] - ETA: 15s - loss: 3.4895 - accuracy: 0.1893
20/98 [=====>........................] - ETA: 15s - loss: 3.4321 - accuracy: 0.1922
21/98 [=====>........................] - ETA: 14s - loss: 3.3872 - accuracy: 0.1942
22/98 [=====>........................] - ETA: 14s - loss: 3.3382 - accuracy: 0.1965
23/98 [======>.......................] - ETA: 13s - loss: 3.2945 - accuracy: 0.1993
24/98 [======>.......................] - ETA: 13s - loss: 3.2506 - accuracy: 0.2030
25/98 [======>.......................] - ETA: 12s - loss: 3.2136 - accuracy: 0.2044
26/98 [======>.......................] - ETA: 12s - loss: 3.1870 - accuracy: 0.2044
27/98 [=======>......................] - ETA: 11s - loss: 3.1601 - accuracy: 0.2063
28/98 [=======>......................] - ETA: 11s - loss: 3.1357 - accuracy: 0.2083
29/98 [=======>......................] - ETA: 11s - loss: 3.1038 - accuracy: 0.2097
30/98 [========>.....................] - ETA: 10s - loss: 3.0728 - accuracy: 0.2122
31/98 [========>.....................] - ETA: 10s - loss: 3.0536 - accuracy: 0.2144
32/98 [========>.....................] - ETA: 10s - loss: 3.0261 - accuracy: 0.2162
33/98 [=========>....................] - ETA: 10s - loss: 3.0005 - accuracy: 0.2193
34/98 [=========>....................] - ETA: 9s - loss: 2.9737 - accuracy: 0.2211 
35/98 [=========>....................] - ETA: 9s - loss: 2.9519 - accuracy: 0.2226
36/98 [==========>...................] - ETA: 9s - loss: 2.9290 - accuracy: 0.2240
37/98 [==========>...................] - ETA: 9s - loss: 2.9071 - accuracy: 0.2254
38/98 [==========>...................] - ETA: 8s - loss: 2.8898 - accuracy: 0.2270
39/98 [==========>...................] - ETA: 8s - loss: 2.8679 - accuracy: 0.2295
40/98 [===========>..................] - ETA: 8s - loss: 2.8517 - accuracy: 0.2317
41/98 [===========>..................] - ETA: 8s - loss: 2.8303 - accuracy: 0.2339
42/98 [===========>..................] - ETA: 7s - loss: 2.8117 - accuracy: 0.2359
43/98 [============>.................] - ETA: 7s - loss: 2.7944 - accuracy: 0.2388
44/98 [============>.................] - ETA: 7s - loss: 2.7745 - accuracy: 0.2419
45/98 [============>.................] - ETA: 7s - loss: 2.7599 - accuracy: 0.2445
46/98 [=============>................] - ETA: 7s - loss: 2.7447 - accuracy: 0.2469
47/98 [=============>................] - ETA: 6s - loss: 2.7269 - accuracy: 0.2482
48/98 [=============>................] - ETA: 6s - loss: 2.7147 - accuracy: 0.2491
49/98 [==============>...............] - ETA: 6s - loss: 2.6997 - accuracy: 0.2510
50/98 [==============>...............] - ETA: 6s - loss: 2.6863 - accuracy: 0.2526
51/98 [==============>...............] - ETA: 6s - loss: 2.6734 - accuracy: 0.2535
52/98 [==============>...............] - ETA: 6s - loss: 2.6605 - accuracy: 0.2546
53/98 [===============>..............] - ETA: 5s - loss: 2.6451 - accuracy: 0.2564
54/98 [===============>..............] - ETA: 5s - loss: 2.6325 - accuracy: 0.2577
55/98 [===============>..............] - ETA: 5s - loss: 2.6193 - accuracy: 0.2596
56/98 [================>.............] - ETA: 5s - loss: 2.6091 - accuracy: 0.2606
57/98 [================>.............] - ETA: 5s - loss: 2.5969 - accuracy: 0.2623
58/98 [================>.............] - ETA: 5s - loss: 2.5871 - accuracy: 0.2642
59/98 [=================>............] - ETA: 4s - loss: 2.5782 - accuracy: 0.2658
60/98 [=================>............] - ETA: 4s - loss: 2.5665 - accuracy: 0.2678
61/98 [=================>............] - ETA: 4s - loss: 2.5558 - accuracy: 0.2696
62/98 [=================>............] - ETA: 4s - loss: 2.5438 - accuracy: 0.2714
63/98 [==================>...........] - ETA: 4s - loss: 2.5325 - accuracy: 0.2727
64/98 [==================>...........] - ETA: 4s - loss: 2.5218 - accuracy: 0.2742
65/98 [==================>...........] - ETA: 4s - loss: 2.5125 - accuracy: 0.2759
66/98 [===================>..........] - ETA: 3s - loss: 2.5046 - accuracy: 0.2775
67/98 [===================>..........] - ETA: 3s - loss: 2.4950 - accuracy: 0.2790
68/98 [===================>..........] - ETA: 3s - loss: 2.4853 - accuracy: 0.2805
69/98 [====================>.........] - ETA: 3s - loss: 2.4751 - accuracy: 0.2824
70/98 [====================>.........] - ETA: 3s - loss: 2.4690 - accuracy: 0.2837
71/98 [====================>.........] - ETA: 3s - loss: 2.4606 - accuracy: 0.2847
72/98 [=====================>........] - ETA: 3s - loss: 2.4534 - accuracy: 0.2858
73/98 [=====================>........] - ETA: 3s - loss: 2.4445 - accuracy: 0.2869
74/98 [=====================>........] - ETA: 2s - loss: 2.4357 - accuracy: 0.2887
75/98 [=====================>........] - ETA: 2s - loss: 2.4300 - accuracy: 0.2904
76/98 [======================>.......] - ETA: 2s - loss: 2.4221 - accuracy: 0.2912
77/98 [======================>.......] - ETA: 2s - loss: 2.4144 - accuracy: 0.2924
78/98 [======================>.......] - ETA: 2s - loss: 2.4098 - accuracy: 0.2937
79/98 [=======================>......] - ETA: 2s - loss: 2.4015 - accuracy: 0.2950
80/98 [=======================>......] - ETA: 2s - loss: 2.3932 - accuracy: 0.2962
81/98 [=======================>......] - ETA: 2s - loss: 2.3847 - accuracy: 0.2978
82/98 [========================>.....] - ETA: 1s - loss: 2.3786 - accuracy: 0.2989
83/98 [========================>.....] - ETA: 1s - loss: 2.3722 - accuracy: 0.2999
84/98 [========================>.....] - ETA: 1s - loss: 2.3658 - accuracy: 0.3009
85/98 [=========================>....] - ETA: 1s - loss: 2.3595 - accuracy: 0.3020
86/98 [=========================>....] - ETA: 1s - loss: 2.3529 - accuracy: 0.3032
87/98 [=========================>....] - ETA: 1s - loss: 2.3459 - accuracy: 0.3044
88/98 [=========================>....] - ETA: 1s - loss: 2.3390 - accuracy: 0.3053
89/98 [==========================>...] - ETA: 1s - loss: 2.3322 - accuracy: 0.3063
90/98 [==========================>...] - ETA: 0s - loss: 2.3254 - accuracy: 0.3077
91/98 [==========================>...] - ETA: 0s - loss: 2.3200 - accuracy: 0.3085
92/98 [===========================>..] - ETA: 0s - loss: 2.3147 - accuracy: 0.3098
93/98 [===========================>..] - ETA: 0s - loss: 2.3100 - accuracy: 0.3106
94/98 [===========================>..] - ETA: 0s - loss: 2.3042 - accuracy: 0.3116
95/98 [============================>.] - ETA: 0s - loss: 2.2985 - accuracy: 0.3124
96/98 [============================>.] - ETA: 0s - loss: 2.2956 - accuracy: 0.3134
97/98 [============================>.] - ETA: 0s - loss: 2.2912 - accuracy: 0.3142
98/98 [==============================] - ETA: 0s - loss: 2.2861 - accuracy: 0.3154
98/98 [==============================] - 19s 132ms/step - loss: 2.2861 - accuracy: 0.3154 - val_loss: 2.5239 - val_accuracy: 0.1746
Epoch 2/84

 1/98 [..............................] - ETA: 12s - loss: 1.7889 - accuracy: 0.4023
 2/98 [..............................] - ETA: 8s - loss: 1.7071 - accuracy: 0.4268 
 3/98 [..............................] - ETA: 8s - loss: 1.6942 - accuracy: 0.4193
 4/98 [>.............................] - ETA: 8s - loss: 1.6854 - accuracy: 0.4194
 5/98 [>.............................] - ETA: 9s - loss: 1.6653 - accuracy: 0.4191
 6/98 [>.............................] - ETA: 8s - loss: 1.6931 - accuracy: 0.4209
 7/98 [=>............................] - ETA: 8s - loss: 1.7006 - accuracy: 0.4216
 8/98 [=>............................] - ETA: 8s - loss: 1.6914 - accuracy: 0.4216
 9/98 [=>............................] - ETA: 8s - loss: 1.6849 - accuracy: 0.4232
10/98 [==>...........................] - ETA: 8s - loss: 1.6874 - accuracy: 0.4215
11/98 [==>...........................] - ETA: 8s - loss: 1.7064 - accuracy: 0.4176
12/98 [==>...........................] - ETA: 8s - loss: 1.7157 - accuracy: 0.4178
13/98 [==>...........................] - ETA: 8s - loss: 1.7163 - accuracy: 0.4192
14/98 [===>..........................] - ETA: 8s - loss: 1.7120 - accuracy: 0.4189
15/98 [===>..........................] - ETA: 8s - loss: 1.7171 - accuracy: 0.4181
16/98 [===>..........................] - ETA: 8s - loss: 1.7170 - accuracy: 0.4198
17/98 [====>.........................] - ETA: 7s - loss: 1.7194 - accuracy: 0.4205
18/98 [====>.........................] - ETA: 7s - loss: 1.7074 - accuracy: 0.4220
19/98 [====>.........................] - ETA: 7s - loss: 1.6972 - accuracy: 0.4251
20/98 [=====>........................] - ETA: 7s - loss: 1.6941 - accuracy: 0.4259
21/98 [=====>........................] - ETA: 7s - loss: 1.6973 - accuracy: 0.4265
22/98 [=====>........................] - ETA: 7s - loss: 1.6975 - accuracy: 0.4280
23/98 [======>.......................] - ETA: 7s - loss: 1.6986 - accuracy: 0.4293
24/98 [======>.......................] - ETA: 7s - loss: 1.6996 - accuracy: 0.4289
25/98 [======>.......................] - ETA: 7s - loss: 1.6970 - accuracy: 0.4289
26/98 [======>.......................] - ETA: 7s - loss: 1.6938 - accuracy: 0.4307
27/98 [=======>......................] - ETA: 7s - loss: 1.6914 - accuracy: 0.4326
28/98 [=======>......................] - ETA: 6s - loss: 1.6919 - accuracy: 0.4323
29/98 [=======>......................] - ETA: 6s - loss: 1.6877 - accuracy: 0.4343
30/98 [========>.....................] - ETA: 6s - loss: 1.6861 - accuracy: 0.4358
31/98 [========>.....................] - ETA: 6s - loss: 1.6853 - accuracy: 0.4355
32/98 [========>.....................] - ETA: 6s - loss: 1.6837 - accuracy: 0.4354
33/98 [=========>....................] - ETA: 6s - loss: 1.6813 - accuracy: 0.4359
34/98 [=========>....................] - ETA: 6s - loss: 1.6801 - accuracy: 0.4354
35/98 [=========>....................] - ETA: 6s - loss: 1.6783 - accuracy: 0.4351
36/98 [==========>...................] - ETA: 6s - loss: 1.6779 - accuracy: 0.4348
37/98 [==========>...................] - ETA: 6s - loss: 1.6726 - accuracy: 0.4357
38/98 [==========>...................] - ETA: 5s - loss: 1.6699 - accuracy: 0.4366
39/98 [==========>...................] - ETA: 5s - loss: 1.6677 - accuracy: 0.4369
40/98 [===========>..................] - ETA: 5s - loss: 1.6626 - accuracy: 0.4379
41/98 [===========>..................] - ETA: 5s - loss: 1.6638 - accuracy: 0.4378
42/98 [===========>..................] - ETA: 5s - loss: 1.6583 - accuracy: 0.4386
43/98 [============>.................] - ETA: 5s - loss: 1.6567 - accuracy: 0.4391
44/98 [============>.................] - ETA: 5s - loss: 1.6551 - accuracy: 0.4388
45/98 [============>.................] - ETA: 5s - loss: 1.6513 - accuracy: 0.4395
46/98 [=============>................] - ETA: 5s - loss: 1.6504 - accuracy: 0.4403
47/98 [=============>................] - ETA: 5s - loss: 1.6483 - accuracy: 0.4409
48/98 [=============>................] - ETA: 4s - loss: 1.6464 - accuracy: 0.4410
49/98 [==============>...............] - ETA: 4s - loss: 1.6441 - accuracy: 0.4413
50/98 [==============>...............] - ETA: 4s - loss: 1.6426 - accuracy: 0.4411
51/98 [==============>...............] - ETA: 4s - loss: 1.6397 - accuracy: 0.4413
52/98 [==============>...............] - ETA: 4s - loss: 1.6365 - accuracy: 0.4414
53/98 [===============>..............] - ETA: 4s - loss: 1.6354 - accuracy: 0.4415
54/98 [===============>..............] - ETA: 4s - loss: 1.6315 - accuracy: 0.4426
55/98 [===============>..............] - ETA: 4s - loss: 1.6289 - accuracy: 0.4436
56/98 [================>.............] - ETA: 4s - loss: 1.6256 - accuracy: 0.4441
57/98 [================>.............] - ETA: 4s - loss: 1.6248 - accuracy: 0.4444
58/98 [================>.............] - ETA: 3s - loss: 1.6235 - accuracy: 0.4444
59/98 [=================>............] - ETA: 3s - loss: 1.6227 - accuracy: 0.4448
60/98 [=================>............] - ETA: 3s - loss: 1.6221 - accuracy: 0.4444
61/98 [=================>............] - ETA: 3s - loss: 1.6219 - accuracy: 0.4447
62/98 [=================>............] - ETA: 3s - loss: 1.6189 - accuracy: 0.4452
63/98 [==================>...........] - ETA: 3s - loss: 1.6159 - accuracy: 0.4456
64/98 [==================>...........] - ETA: 3s - loss: 1.6158 - accuracy: 0.4460
65/98 [==================>...........] - ETA: 3s - loss: 1.6127 - accuracy: 0.4468
66/98 [===================>..........] - ETA: 3s - loss: 1.6099 - accuracy: 0.4472
67/98 [===================>..........] - ETA: 3s - loss: 1.6084 - accuracy: 0.4474
68/98 [===================>..........] - ETA: 2s - loss: 1.6062 - accuracy: 0.4477
69/98 [====================>.........] - ETA: 2s - loss: 1.6043 - accuracy: 0.4481
70/98 [====================>.........] - ETA: 2s - loss: 1.6013 - accuracy: 0.4490
71/98 [====================>.........] - ETA: 2s - loss: 1.5976 - accuracy: 0.4499
72/98 [=====================>........] - ETA: 2s - loss: 1.5958 - accuracy: 0.4504
73/98 [=====================>........] - ETA: 2s - loss: 1.5936 - accuracy: 0.4509
74/98 [=====================>........] - ETA: 2s - loss: 1.5913 - accuracy: 0.4514
75/98 [=====================>........] - ETA: 2s - loss: 1.5893 - accuracy: 0.4518
76/98 [======================>.......] - ETA: 2s - loss: 1.5882 - accuracy: 0.4522
77/98 [======================>.......] - ETA: 2s - loss: 1.5849 - accuracy: 0.4527
78/98 [======================>.......] - ETA: 1s - loss: 1.5822 - accuracy: 0.4535
79/98 [=======================>......] - ETA: 1s - loss: 1.5788 - accuracy: 0.4544
80/98 [=======================>......] - ETA: 1s - loss: 1.5755 - accuracy: 0.4551
81/98 [=======================>......] - ETA: 1s - loss: 1.5730 - accuracy: 0.4559
82/98 [========================>.....] - ETA: 1s - loss: 1.5714 - accuracy: 0.4563
83/98 [========================>.....] - ETA: 1s - loss: 1.5678 - accuracy: 0.4576
84/98 [========================>.....] - ETA: 1s - loss: 1.5657 - accuracy: 0.4583
85/98 [=========================>....] - ETA: 1s - loss: 1.5646 - accuracy: 0.4586
86/98 [=========================>....] - ETA: 1s - loss: 1.5621 - accuracy: 0.4593
87/98 [=========================>....] - ETA: 1s - loss: 1.5598 - accuracy: 0.4600
88/98 [=========================>....] - ETA: 0s - loss: 1.5578 - accuracy: 0.4606
89/98 [==========================>...] - ETA: 0s - loss: 1.5553 - accuracy: 0.4612
90/98 [==========================>...] - ETA: 0s - loss: 1.5529 - accuracy: 0.4620
91/98 [==========================>...] - ETA: 0s - loss: 1.5501 - accuracy: 0.4629
92/98 [===========================>..] - ETA: 0s - loss: 1.5473 - accuracy: 0.4636
93/98 [===========================>..] - ETA: 0s - loss: 1.5453 - accuracy: 0.4641
94/98 [===========================>..] - ETA: 0s - loss: 1.5437 - accuracy: 0.4646
95/98 [============================>.] - ETA: 0s - loss: 1.5416 - accuracy: 0.4652
96/98 [============================>.] - ETA: 0s - loss: 1.5400 - accuracy: 0.4655
97/98 [============================>.] - ETA: 0s - loss: 1.5389 - accuracy: 0.4656
98/98 [==============================] - ETA: 0s - loss: 1.5374 - accuracy: 0.4660
98/98 [==============================] - 11s 111ms/step - loss: 1.5374 - accuracy: 0.4660 - val_loss: 2.3723 - val_accuracy: 0.1748
Epoch 3/84

 1/98 [..............................] - ETA: 10s - loss: 1.2988 - accuracy: 0.5332
 2/98 [..............................] - ETA: 8s - loss: 1.3239 - accuracy: 0.5117 
 3/98 [..............................] - ETA: 8s - loss: 1.3076 - accuracy: 0.5306
 4/98 [>.............................] - ETA: 9s - loss: 1.3028 - accuracy: 0.5308
 5/98 [>.............................] - ETA: 9s - loss: 1.3135 - accuracy: 0.5312
 6/98 [>.............................] - ETA: 8s - loss: 1.2875 - accuracy: 0.5420
 7/98 [=>............................] - ETA: 9s - loss: 1.2920 - accuracy: 0.5354
 8/98 [=>............................] - ETA: 8s - loss: 1.2920 - accuracy: 0.5393
 9/98 [=>............................] - ETA: 8s - loss: 1.2864 - accuracy: 0.5417
10/98 [==>...........................] - ETA: 8s - loss: 1.2790 - accuracy: 0.5449
11/98 [==>...........................] - ETA: 8s - loss: 1.2754 - accuracy: 0.5456
12/98 [==>...........................] - ETA: 8s - loss: 1.2886 - accuracy: 0.5426
13/98 [==>...........................] - ETA: 8s - loss: 1.2906 - accuracy: 0.5416
14/98 [===>..........................] - ETA: 8s - loss: 1.2965 - accuracy: 0.5379
15/98 [===>..........................] - ETA: 8s - loss: 1.2986 - accuracy: 0.5374
16/98 [===>..........................] - ETA: 8s - loss: 1.2932 - accuracy: 0.5397
17/98 [====>.........................] - ETA: 7s - loss: 1.2959 - accuracy: 0.5394
18/98 [====>.........................] - ETA: 7s - loss: 1.2935 - accuracy: 0.5403
19/98 [====>.........................] - ETA: 7s - loss: 1.2898 - accuracy: 0.5425
20/98 [=====>........................] - ETA: 7s - loss: 1.2912 - accuracy: 0.5418
21/98 [=====>........................] - ETA: 7s - loss: 1.2913 - accuracy: 0.5419
22/98 [=====>........................] - ETA: 7s - loss: 1.2896 - accuracy: 0.5407
23/98 [======>.......................] - ETA: 7s - loss: 1.2873 - accuracy: 0.5420
24/98 [======>.......................] - ETA: 7s - loss: 1.2848 - accuracy: 0.5423
25/98 [======>.......................] - ETA: 7s - loss: 1.2844 - accuracy: 0.5420
26/98 [======>.......................] - ETA: 7s - loss: 1.2811 - accuracy: 0.5439
27/98 [=======>......................] - ETA: 6s - loss: 1.2774 - accuracy: 0.5451
28/98 [=======>......................] - ETA: 6s - loss: 1.2759 - accuracy: 0.5452
29/98 [=======>......................] - ETA: 6s - loss: 1.2763 - accuracy: 0.5451
30/98 [========>.....................] - ETA: 6s - loss: 1.2738 - accuracy: 0.5468
31/98 [========>.....................] - ETA: 6s - loss: 1.2751 - accuracy: 0.5465
32/98 [========>.....................] - ETA: 6s - loss: 1.2767 - accuracy: 0.5463
33/98 [=========>....................] - ETA: 6s - loss: 1.2771 - accuracy: 0.5466
34/98 [=========>....................] - ETA: 6s - loss: 1.2768 - accuracy: 0.5466
35/98 [=========>....................] - ETA: 5s - loss: 1.2780 - accuracy: 0.5477
36/98 [==========>...................] - ETA: 5s - loss: 1.2768 - accuracy: 0.5477
37/98 [==========>...................] - ETA: 5s - loss: 1.2762 - accuracy: 0.5480
38/98 [==========>...................] - ETA: 5s - loss: 1.2760 - accuracy: 0.5475
39/98 [==========>...................] - ETA: 5s - loss: 1.2761 - accuracy: 0.5475
40/98 [===========>..................] - ETA: 5s - loss: 1.2754 - accuracy: 0.5479
41/98 [===========>..................] - ETA: 5s - loss: 1.2743 - accuracy: 0.5485
42/98 [===========>..................] - ETA: 5s - loss: 1.2736 - accuracy: 0.5485
43/98 [============>.................] - ETA: 5s - loss: 1.2725 - accuracy: 0.5486
44/98 [============>.................] - ETA: 5s - loss: 1.2735 - accuracy: 0.5483
45/98 [============>.................] - ETA: 4s - loss: 1.2714 - accuracy: 0.5489
47/98 [=============>................] - ETA: 4s - loss: 1.2697 - accuracy: 0.5491
48/98 [=============>................] - ETA: 4s - loss: 1.2681 - accuracy: 0.5498
49/98 [==============>...............] - ETA: 4s - loss: 1.2690 - accuracy: 0.5493
50/98 [==============>...............] - ETA: 4s - loss: 1.2689 - accuracy: 0.5495
51/98 [==============>...............] - ETA: 4s - loss: 1.2687 - accuracy: 0.5494
52/98 [==============>...............] - ETA: 4s - loss: 1.2665 - accuracy: 0.5503
53/98 [===============>..............] - ETA: 4s - loss: 1.2680 - accuracy: 0.5496
54/98 [===============>..............] - ETA: 3s - loss: 1.2650 - accuracy: 0.5509
55/98 [===============>..............] - ETA: 3s - loss: 1.2638 - accuracy: 0.5514
56/98 [================>.............] - ETA: 3s - loss: 1.2640 - accuracy: 0.5519
57/98 [================>.............] - ETA: 3s - loss: 1.2630 - accuracy: 0.5519
58/98 [================>.............] - ETA: 3s - loss: 1.2636 - accuracy: 0.5518
59/98 [=================>............] - ETA: 3s - loss: 1.2624 - accuracy: 0.5523
60/98 [=================>............] - ETA: 3s - loss: 1.2616 - accuracy: 0.5525
61/98 [=================>............] - ETA: 3s - loss: 1.2619 - accuracy: 0.5525
62/98 [=================>............] - ETA: 3s - loss: 1.2604 - accuracy: 0.5531
63/98 [==================>...........] - ETA: 3s - loss: 1.2585 - accuracy: 0.5537
64/98 [==================>...........] - ETA: 3s - loss: 1.2575 - accuracy: 0.5537
65/98 [==================>...........] - ETA: 2s - loss: 1.2571 - accuracy: 0.5539
66/98 [===================>..........] - ETA: 2s - loss: 1.2559 - accuracy: 0.5543
67/98 [===================>..........] - ETA: 2s - loss: 1.2549 - accuracy: 0.5548
68/98 [===================>..........] - ETA: 2s - loss: 1.2544 - accuracy: 0.5547
70/98 [====================>.........] - ETA: 2s - loss: 1.2514 - accuracy: 0.5563
72/98 [=====================>........] - ETA: 2s - loss: 1.2481 - accuracy: 0.5576
74/98 [=====================>........] - ETA: 2s - loss: 1.2452 - accuracy: 0.5589
75/98 [=====================>........] - ETA: 1s - loss: 1.2449 - accuracy: 0.5593
77/98 [======================>.......] - ETA: 1s - loss: 1.2433 - accuracy: 0.5599
79/98 [=======================>......] - ETA: 1s - loss: 1.2426 - accuracy: 0.5601
81/98 [=======================>......] - ETA: 1s - loss: 1.2413 - accuracy: 0.5607
83/98 [========================>.....] - ETA: 1s - loss: 1.2419 - accuracy: 0.5605
85/98 [=========================>....] - ETA: 1s - loss: 1.2409 - accuracy: 0.5609
86/98 [=========================>....] - ETA: 0s - loss: 1.2400 - accuracy: 0.5615
88/98 [=========================>....] - ETA: 0s - loss: 1.2383 - accuracy: 0.5620
90/98 [==========================>...] - ETA: 0s - loss: 1.2390 - accuracy: 0.5616
92/98 [===========================>..] - ETA: 0s - loss: 1.2397 - accuracy: 0.5614
94/98 [===========================>..] - ETA: 0s - loss: 1.2387 - accuracy: 0.5614
96/98 [============================>.] - ETA: 0s - loss: 1.2379 - accuracy: 0.5617
97/98 [============================>.] - ETA: 0s - loss: 1.2369 - accuracy: 0.5619
98/98 [==============================] - 8s 82ms/step - loss: 1.2364 - accuracy: 0.5619 - val_loss: 2.1227 - val_accuracy: 0.3051
Epoch 4/84

 1/98 [..............................] - ETA: 6s - loss: 1.1523 - accuracy: 0.5723
 3/98 [..............................] - ETA: 4s - loss: 1.1355 - accuracy: 0.6003
 4/98 [>.............................] - ETA: 4s - loss: 1.1493 - accuracy: 0.5933
 6/98 [>.............................] - ETA: 4s - loss: 1.1510 - accuracy: 0.5964
 8/98 [=>............................] - ETA: 4s - loss: 1.1473 - accuracy: 0.5955
 9/98 [=>............................] - ETA: 4s - loss: 1.1419 - accuracy: 0.5968
10/98 [==>...........................] - ETA: 4s - loss: 1.1383 - accuracy: 0.5996
11/98 [==>...........................] - ETA: 4s - loss: 1.1335 - accuracy: 0.6032
13/98 [==>...........................] - ETA: 4s - loss: 1.1381 - accuracy: 0.6019
15/98 [===>..........................] - ETA: 4s - loss: 1.1353 - accuracy: 0.6018
17/98 [====>.........................] - ETA: 4s - loss: 1.1307 - accuracy: 0.6021
19/98 [====>.........................] - ETA: 3s - loss: 1.1328 - accuracy: 0.6004
20/98 [=====>........................] - ETA: 3s - loss: 1.1293 - accuracy: 0.6014
22/98 [=====>........................] - ETA: 3s - loss: 1.1234 - accuracy: 0.6019
23/98 [======>.......................] - ETA: 3s - loss: 1.1244 - accuracy: 0.6027
25/98 [======>.......................] - ETA: 3s - loss: 1.1233 - accuracy: 0.6052
26/98 [======>.......................] - ETA: 3s - loss: 1.1205 - accuracy: 0.6058
27/98 [=======>......................] - ETA: 3s - loss: 1.1243 - accuracy: 0.6045
29/98 [=======>......................] - ETA: 3s - loss: 1.1215 - accuracy: 0.6054
31/98 [========>.....................] - ETA: 3s - loss: 1.1192 - accuracy: 0.6053
33/98 [=========>....................] - ETA: 3s - loss: 1.1172 - accuracy: 0.6045
34/98 [=========>....................] - ETA: 3s - loss: 1.1168 - accuracy: 0.6049
35/98 [=========>....................] - ETA: 3s - loss: 1.1163 - accuracy: 0.6052
37/98 [==========>...................] - ETA: 3s - loss: 1.1125 - accuracy: 0.6065
39/98 [==========>...................] - ETA: 2s - loss: 1.1106 - accuracy: 0.6062
41/98 [===========>..................] - ETA: 2s - loss: 1.1117 - accuracy: 0.6064
43/98 [============>.................] - ETA: 2s - loss: 1.1115 - accuracy: 0.6060
44/98 [============>.................] - ETA: 2s - loss: 1.1099 - accuracy: 0.6071
46/98 [=============>................] - ETA: 2s - loss: 1.1100 - accuracy: 0.6074
47/98 [=============>................] - ETA: 2s - loss: 1.1080 - accuracy: 0.6082
48/98 [=============>................] - ETA: 2s - loss: 1.1085 - accuracy: 0.6079
49/98 [==============>...............] - ETA: 2s - loss: 1.1077 - accuracy: 0.6082
51/98 [==============>...............] - ETA: 2s - loss: 1.1104 - accuracy: 0.6071
53/98 [===============>..............] - ETA: 2s - loss: 1.1071 - accuracy: 0.6078
54/98 [===============>..............] - ETA: 2s - loss: 1.1057 - accuracy: 0.6081
56/98 [================>.............] - ETA: 2s - loss: 1.1055 - accuracy: 0.6083
58/98 [================>.............] - ETA: 1s - loss: 1.1050 - accuracy: 0.6083
59/98 [=================>............] - ETA: 1s - loss: 1.1026 - accuracy: 0.6090
61/98 [=================>............] - ETA: 1s - loss: 1.1014 - accuracy: 0.6094
63/98 [==================>...........] - ETA: 1s - loss: 1.1000 - accuracy: 0.6095
65/98 [==================>...........] - ETA: 1s - loss: 1.0989 - accuracy: 0.6098
67/98 [===================>..........] - ETA: 1s - loss: 1.0981 - accuracy: 0.6103
68/98 [===================>..........] - ETA: 1s - loss: 1.0972 - accuracy: 0.6104
70/98 [====================>.........] - ETA: 1s - loss: 1.0955 - accuracy: 0.6113
71/98 [====================>.........] - ETA: 1s - loss: 1.0953 - accuracy: 0.6115
72/98 [=====================>........] - ETA: 1s - loss: 1.0946 - accuracy: 0.6118
74/98 [=====================>........] - ETA: 1s - loss: 1.0936 - accuracy: 0.6121
76/98 [======================>.......] - ETA: 1s - loss: 1.0916 - accuracy: 0.6131
78/98 [======================>.......] - ETA: 0s - loss: 1.0903 - accuracy: 0.6134
80/98 [=======================>......] - ETA: 0s - loss: 1.0892 - accuracy: 0.6139
82/98 [========================>.....] - ETA: 0s - loss: 1.0901 - accuracy: 0.6140
84/98 [========================>.....] - ETA: 0s - loss: 1.0885 - accuracy: 0.6144
85/98 [=========================>....] - ETA: 0s - loss: 1.0884 - accuracy: 0.6145
86/98 [=========================>....] - ETA: 0s - loss: 1.0870 - accuracy: 0.6147
87/98 [=========================>....] - ETA: 0s - loss: 1.0856 - accuracy: 0.6152
89/98 [==========================>...] - ETA: 0s - loss: 1.0861 - accuracy: 0.6149
91/98 [==========================>...] - ETA: 0s - loss: 1.0857 - accuracy: 0.6156
92/98 [===========================>..] - ETA: 0s - loss: 1.0858 - accuracy: 0.6155
93/98 [===========================>..] - ETA: 0s - loss: 1.0855 - accuracy: 0.6157
94/98 [===========================>..] - ETA: 0s - loss: 1.0845 - accuracy: 0.6160
96/98 [============================>.] - ETA: 0s - loss: 1.0827 - accuracy: 0.6168
98/98 [==============================] - ETA: 0s - loss: 1.0817 - accuracy: 0.6173
98/98 [==============================] - 6s 58ms/step - loss: 1.0817 - accuracy: 0.6173 - val_loss: 1.4256 - val_accuracy: 0.4822
Epoch 5/84

 1/98 [..............................] - ETA: 7s - loss: 0.9664 - accuracy: 0.6738
 2/98 [..............................] - ETA: 6s - loss: 0.9715 - accuracy: 0.6602
 3/98 [..............................] - ETA: 6s - loss: 0.9698 - accuracy: 0.6634
 4/98 [>.............................] - ETA: 6s - loss: 0.9757 - accuracy: 0.6582
 6/98 [>.............................] - ETA: 5s - loss: 0.9670 - accuracy: 0.6644
 8/98 [=>............................] - ETA: 5s - loss: 0.9830 - accuracy: 0.6606
10/98 [==>...........................] - ETA: 5s - loss: 0.9898 - accuracy: 0.6590
12/98 [==>...........................] - ETA: 4s - loss: 0.9979 - accuracy: 0.6546
14/98 [===>..........................] - ETA: 4s - loss: 0.9951 - accuracy: 0.6547
15/98 [===>..........................] - ETA: 4s - loss: 0.9980 - accuracy: 0.6542
16/98 [===>..........................] - ETA: 4s - loss: 0.9954 - accuracy: 0.6543
17/98 [====>.........................] - ETA: 4s - loss: 0.9915 - accuracy: 0.6553
18/98 [====>.........................] - ETA: 4s - loss: 0.9910 - accuracy: 0.6546
19/98 [====>.........................] - ETA: 4s - loss: 0.9921 - accuracy: 0.6543
20/98 [=====>........................] - ETA: 4s - loss: 0.9926 - accuracy: 0.6537
21/98 [=====>........................] - ETA: 4s - loss: 0.9910 - accuracy: 0.6523
22/98 [=====>........................] - ETA: 4s - loss: 0.9867 - accuracy: 0.6534
23/98 [======>.......................] - ETA: 4s - loss: 0.9854 - accuracy: 0.6540
24/98 [======>.......................] - ETA: 4s - loss: 0.9840 - accuracy: 0.6555
25/98 [======>.......................] - ETA: 4s - loss: 0.9832 - accuracy: 0.6565
26/98 [======>.......................] - ETA: 4s - loss: 0.9841 - accuracy: 0.6563
27/98 [=======>......................] - ETA: 4s - loss: 0.9846 - accuracy: 0.6557
28/98 [=======>......................] - ETA: 4s - loss: 0.9870 - accuracy: 0.6544
29/98 [=======>......................] - ETA: 4s - loss: 0.9887 - accuracy: 0.6533
30/98 [========>.....................] - ETA: 4s - loss: 0.9883 - accuracy: 0.6531
31/98 [========>.....................] - ETA: 4s - loss: 0.9864 - accuracy: 0.6539
32/98 [========>.....................] - ETA: 4s - loss: 0.9888 - accuracy: 0.6534
33/98 [=========>....................] - ETA: 4s - loss: 0.9882 - accuracy: 0.6539
34/98 [=========>....................] - ETA: 3s - loss: 0.9909 - accuracy: 0.6529
35/98 [=========>....................] - ETA: 3s - loss: 0.9917 - accuracy: 0.6527
36/98 [==========>...................] - ETA: 3s - loss: 0.9919 - accuracy: 0.6526
37/98 [==========>...................] - ETA: 3s - loss: 0.9916 - accuracy: 0.6524
38/98 [==========>...................] - ETA: 3s - loss: 0.9935 - accuracy: 0.6521
39/98 [==========>...................] - ETA: 3s - loss: 0.9947 - accuracy: 0.6516
40/98 [===========>..................] - ETA: 3s - loss: 0.9930 - accuracy: 0.6528
41/98 [===========>..................] - ETA: 3s - loss: 0.9929 - accuracy: 0.6532
42/98 [===========>..................] - ETA: 3s - loss: 0.9943 - accuracy: 0.6530
43/98 [============>.................] - ETA: 3s - loss: 0.9923 - accuracy: 0.6535
44/98 [============>.................] - ETA: 3s - loss: 0.9953 - accuracy: 0.6519
45/98 [============>.................] - ETA: 3s - loss: 0.9939 - accuracy: 0.6522
46/98 [=============>................] - ETA: 3s - loss: 0.9918 - accuracy: 0.6528
47/98 [=============>................] - ETA: 3s - loss: 0.9935 - accuracy: 0.6523
48/98 [=============>................] - ETA: 3s - loss: 0.9936 - accuracy: 0.6528
49/98 [==============>...............] - ETA: 3s - loss: 0.9952 - accuracy: 0.6526
50/98 [==============>...............] - ETA: 3s - loss: 0.9967 - accuracy: 0.6524
51/98 [==============>...............] - ETA: 3s - loss: 0.9954 - accuracy: 0.6526
52/98 [==============>...............] - ETA: 2s - loss: 0.9958 - accuracy: 0.6526
53/98 [===============>..............] - ETA: 2s - loss: 0.9957 - accuracy: 0.6525
54/98 [===============>..............] - ETA: 2s - loss: 0.9955 - accuracy: 0.6526
55/98 [===============>..............] - ETA: 2s - loss: 0.9944 - accuracy: 0.6530
56/98 [================>.............] - ETA: 2s - loss: 0.9930 - accuracy: 0.6534
57/98 [================>.............] - ETA: 2s - loss: 0.9946 - accuracy: 0.6527
58/98 [================>.............] - ETA: 2s - loss: 0.9954 - accuracy: 0.6530
59/98 [=================>............] - ETA: 2s - loss: 0.9941 - accuracy: 0.6533
61/98 [=================>............] - ETA: 2s - loss: 0.9944 - accuracy: 0.6535
62/98 [=================>............] - ETA: 2s - loss: 0.9928 - accuracy: 0.6545
63/98 [==================>...........] - ETA: 2s - loss: 0.9924 - accuracy: 0.6543
64/98 [==================>...........] - ETA: 2s - loss: 0.9899 - accuracy: 0.6550
66/98 [===================>..........] - ETA: 2s - loss: 0.9888 - accuracy: 0.6552
67/98 [===================>..........] - ETA: 2s - loss: 0.9885 - accuracy: 0.6553
68/98 [===================>..........] - ETA: 1s - loss: 0.9878 - accuracy: 0.6551
69/98 [====================>.........] - ETA: 1s - loss: 0.9877 - accuracy: 0.6552
70/98 [====================>.........] - ETA: 1s - loss: 0.9862 - accuracy: 0.6558
71/98 [====================>.........] - ETA: 1s - loss: 0.9856 - accuracy: 0.6558
72/98 [=====================>........] - ETA: 1s - loss: 0.9844 - accuracy: 0.6560
73/98 [=====================>........] - ETA: 1s - loss: 0.9835 - accuracy: 0.6561
74/98 [=====================>........] - ETA: 1s - loss: 0.9837 - accuracy: 0.6562
75/98 [=====================>........] - ETA: 1s - loss: 0.9835 - accuracy: 0.6558
76/98 [======================>.......] - ETA: 1s - loss: 0.9836 - accuracy: 0.6559
77/98 [======================>.......] - ETA: 1s - loss: 0.9823 - accuracy: 0.6562
78/98 [======================>.......] - ETA: 1s - loss: 0.9829 - accuracy: 0.6560
79/98 [=======================>......] - ETA: 1s - loss: 0.9843 - accuracy: 0.6557
80/98 [=======================>......] - ETA: 1s - loss: 0.9825 - accuracy: 0.6564
81/98 [=======================>......] - ETA: 1s - loss: 0.9814 - accuracy: 0.6566
82/98 [========================>.....] - ETA: 1s - loss: 0.9801 - accuracy: 0.6568
83/98 [========================>.....] - ETA: 0s - loss: 0.9803 - accuracy: 0.6569
84/98 [========================>.....] - ETA: 0s - loss: 0.9812 - accuracy: 0.6564
85/98 [=========================>....] - ETA: 0s - loss: 0.9808 - accuracy: 0.6562
86/98 [=========================>....] - ETA: 0s - loss: 0.9807 - accuracy: 0.6559
87/98 [=========================>....] - ETA: 0s - loss: 0.9810 - accuracy: 0.6560
88/98 [=========================>....] - ETA: 0s - loss: 0.9810 - accuracy: 0.6557
89/98 [==========================>...] - ETA: 0s - loss: 0.9807 - accuracy: 0.6558
90/98 [==========================>...] - ETA: 0s - loss: 0.9803 - accuracy: 0.6561
91/98 [==========================>...] - ETA: 0s - loss: 0.9790 - accuracy: 0.6567
92/98 [===========================>..] - ETA: 0s - loss: 0.9797 - accuracy: 0.6566
93/98 [===========================>..] - ETA: 0s - loss: 0.9789 - accuracy: 0.6569
94/98 [===========================>..] - ETA: 0s - loss: 0.9790 - accuracy: 0.6570
95/98 [============================>.] - ETA: 0s - loss: 0.9794 - accuracy: 0.6568
96/98 [============================>.] - ETA: 0s - loss: 0.9789 - accuracy: 0.6571
97/98 [============================>.] - ETA: 0s - loss: 0.9788 - accuracy: 0.6571
98/98 [==============================] - ETA: 0s - loss: 0.9789 - accuracy: 0.6570
98/98 [==============================] - 8s 81ms/step - loss: 0.9789 - accuracy: 0.6570 - val_loss: 1.1387 - val_accuracy: 0.5970
Epoch 6/84

 1/98 [..............................] - ETA: 12s - loss: 0.9260 - accuracy: 0.6621
