2024-06-26 01:56:30.381163: I tensorflow/core/platform/cpu_feature_guard.cc:193] This TensorFlow binary is optimized with oneAPI Deep Neural Network Library (oneDNN) to use the following CPU instructions in performance-critical operations:  AVX AVX2
To enable them in other operations, rebuild TensorFlow with the appropriate compiler flags.
2024-06-26 01:56:30.942252: I tensorflow/core/common_runtime/gpu/gpu_device.cc:1616] Created device /job:localhost/replica:0/task:0/device:GPU:0 with 6656 MB memory:  -> device: 0, name: NVIDIA GeForce RTX 4060 Ti, pci bus id: 0000:01:00.0, compute capability: 8.9
1 Physical GPUs, 1 Logical GPUs
Model: "sequential"
_________________________________________________________________
 Layer (type)                Output Shape              Param #   
=================================================================
 conv2d (Conv2D)             (None, 32, 32, 32)        896       
                                                                 
 batch_normalization (BatchN  (None, 32, 32, 32)       128       
 ormalization)                                                   
                                                                 
 conv2d_1 (Conv2D)           (None, 32, 32, 64)        51264     
                                                                 
 max_pooling2d (MaxPooling2D  (None, 16, 16, 64)       0         
 )                                                               
                                                                 
 conv2d_2 (Conv2D)           (None, 16, 16, 32)        165920    
                                                                 
 max_pooling2d_1 (MaxPooling  (None, 8, 8, 32)         0         
 2D)                                                             
                                                                 
 batch_normalization_1 (Batc  (None, 8, 8, 32)         128       
 hNormalization)                                                 
                                                                 
 dropout (Dropout)           (None, 8, 8, 32)          0         
                                                                 
 flatten (Flatten)           (None, 2048)              0         
                                                                 
 dense (Dense)               (None, 10)                20490     
                                                                 
=================================================================
Total params: 238,826
Trainable params: 238,698
Non-trainable params: 128
_________________________________________________________________
Taxa de aprendizado:  0.01 Num de épocas:  84 Tamanho do lote:  512 Dropout:  0.40907
Epoch 1/84
2024-06-26 01:56:32.362015: I tensorflow/stream_executor/cuda/cuda_dnn.cc:384] Loaded cuDNN version 8100
2024-06-26 01:56:33.158088: W tensorflow/stream_executor/gpu/redzone_allocator.cc:314] INTERNAL: ptxas exited with non-zero error code -1, output: 
Relying on driver to perform ptx compilation. 
Modify $PATH to customize ptxas location.
This message will be only logged once.
2024-06-26 01:56:34.566296: I tensorflow/stream_executor/cuda/cuda_blas.cc:1614] TensorFloat-32 will be used for the matrix multiplication. This will only be logged once.

 1/98 [..............................] - ETA: 8:42 - loss: 3.6696 - accuracy: 0.0859
 2/98 [..............................] - ETA: 7s - loss: 4.2348 - accuracy: 0.1318  
 3/98 [..............................] - ETA: 6s - loss: 4.4818 - accuracy: 0.1426
 4/98 [>.............................] - ETA: 6s - loss: 4.4544 - accuracy: 0.1499
 5/98 [>.............................] - ETA: 6s - loss: 4.3860 - accuracy: 0.1543
 6/98 [>.............................] - ETA: 6s - loss: 4.2234 - accuracy: 0.1715
 7/98 [=>............................] - ETA: 6s - loss: 4.1166 - accuracy: 0.1789
 8/98 [=>............................] - ETA: 6s - loss: 4.0175 - accuracy: 0.1882
 9/98 [=>............................] - ETA: 6s - loss: 3.9624 - accuracy: 0.1927
10/98 [==>...........................] - ETA: 6s - loss: 3.8510 - accuracy: 0.2004
11/98 [==>...........................] - ETA: 6s - loss: 3.7991 - accuracy: 0.2021
12/98 [==>...........................] - ETA: 6s - loss: 3.7397 - accuracy: 0.2026
13/98 [==>...........................] - ETA: 7s - loss: 3.6684 - accuracy: 0.2063
14/98 [===>..........................] - ETA: 7s - loss: 3.6115 - accuracy: 0.2093
15/98 [===>..........................] - ETA: 7s - loss: 3.5624 - accuracy: 0.2125
16/98 [===>..........................] - ETA: 7s - loss: 3.5135 - accuracy: 0.2166
17/98 [====>.........................] - ETA: 7s - loss: 3.4460 - accuracy: 0.2216
18/98 [====>.........................] - ETA: 7s - loss: 3.3955 - accuracy: 0.2250
19/98 [====>.........................] - ETA: 7s - loss: 3.3583 - accuracy: 0.2272
20/98 [=====>........................] - ETA: 7s - loss: 3.3153 - accuracy: 0.2305
21/98 [=====>........................] - ETA: 7s - loss: 3.2764 - accuracy: 0.2326
22/98 [=====>........................] - ETA: 7s - loss: 3.2392 - accuracy: 0.2347
23/98 [======>.......................] - ETA: 7s - loss: 3.2026 - accuracy: 0.2370
24/98 [======>.......................] - ETA: 7s - loss: 3.1625 - accuracy: 0.2406
25/98 [======>.......................] - ETA: 7s - loss: 3.1336 - accuracy: 0.2436
26/98 [======>.......................] - ETA: 6s - loss: 3.1056 - accuracy: 0.2466
27/98 [=======>......................] - ETA: 6s - loss: 3.0766 - accuracy: 0.2491
28/98 [=======>......................] - ETA: 6s - loss: 3.0488 - accuracy: 0.2522
29/98 [=======>......................] - ETA: 6s - loss: 3.0238 - accuracy: 0.2551
30/98 [========>.....................] - ETA: 6s - loss: 2.9969 - accuracy: 0.2578
31/98 [========>.....................] - ETA: 6s - loss: 2.9733 - accuracy: 0.2587
32/98 [========>.....................] - ETA: 5s - loss: 2.9479 - accuracy: 0.2609
33/98 [=========>....................] - ETA: 5s - loss: 2.9241 - accuracy: 0.2629
34/98 [=========>....................] - ETA: 5s - loss: 2.8995 - accuracy: 0.2649
35/98 [=========>....................] - ETA: 5s - loss: 2.8785 - accuracy: 0.2661
36/98 [==========>...................] - ETA: 5s - loss: 2.8550 - accuracy: 0.2683
37/98 [==========>...................] - ETA: 5s - loss: 2.8366 - accuracy: 0.2692
38/98 [==========>...................] - ETA: 8s - loss: 2.8222 - accuracy: 0.2702
39/98 [==========>...................] - ETA: 8s - loss: 2.8011 - accuracy: 0.2716
40/98 [===========>..................] - ETA: 7s - loss: 2.7831 - accuracy: 0.2736
41/98 [===========>..................] - ETA: 7s - loss: 2.7610 - accuracy: 0.2758
42/98 [===========>..................] - ETA: 7s - loss: 2.7409 - accuracy: 0.2773
43/98 [============>.................] - ETA: 7s - loss: 2.7225 - accuracy: 0.2791
44/98 [============>.................] - ETA: 6s - loss: 2.7048 - accuracy: 0.2818
45/98 [============>.................] - ETA: 6s - loss: 2.6876 - accuracy: 0.2839
46/98 [=============>................] - ETA: 6s - loss: 2.6755 - accuracy: 0.2837
47/98 [=============>................] - ETA: 6s - loss: 2.6594 - accuracy: 0.2852
48/98 [=============>................] - ETA: 6s - loss: 2.6442 - accuracy: 0.2870
49/98 [==============>...............] - ETA: 6s - loss: 2.6262 - accuracy: 0.2890
51/98 [==============>...............] - ETA: 5s - loss: 2.5948 - accuracy: 0.2932
52/98 [==============>...............] - ETA: 5s - loss: 2.5818 - accuracy: 0.2938
53/98 [===============>..............] - ETA: 5s - loss: 2.5689 - accuracy: 0.2954
54/98 [===============>..............] - ETA: 5s - loss: 2.5552 - accuracy: 0.2966
55/98 [===============>..............] - ETA: 5s - loss: 2.5420 - accuracy: 0.2987
56/98 [================>.............] - ETA: 5s - loss: 2.5277 - accuracy: 0.3004
57/98 [================>.............] - ETA: 4s - loss: 2.5150 - accuracy: 0.3020
58/98 [================>.............] - ETA: 4s - loss: 2.5008 - accuracy: 0.3036
59/98 [=================>............] - ETA: 4s - loss: 2.4898 - accuracy: 0.3045
60/98 [=================>............] - ETA: 4s - loss: 2.4784 - accuracy: 0.3061
61/98 [=================>............] - ETA: 4s - loss: 2.4651 - accuracy: 0.3079
62/98 [=================>............] - ETA: 4s - loss: 2.4533 - accuracy: 0.3093
63/98 [==================>...........] - ETA: 4s - loss: 2.4434 - accuracy: 0.3104
64/98 [==================>...........] - ETA: 4s - loss: 2.4317 - accuracy: 0.3121
65/98 [==================>...........] - ETA: 3s - loss: 2.4193 - accuracy: 0.3135
66/98 [===================>..........] - ETA: 3s - loss: 2.4089 - accuracy: 0.3146
67/98 [===================>..........] - ETA: 3s - loss: 2.3971 - accuracy: 0.3167
68/98 [===================>..........] - ETA: 3s - loss: 2.3867 - accuracy: 0.3178
69/98 [====================>.........] - ETA: 3s - loss: 2.3768 - accuracy: 0.3191
70/98 [====================>.........] - ETA: 3s - loss: 2.3654 - accuracy: 0.3208
71/98 [====================>.........] - ETA: 3s - loss: 2.3557 - accuracy: 0.3219
72/98 [=====================>........] - ETA: 2s - loss: 2.3454 - accuracy: 0.3233
73/98 [=====================>........] - ETA: 2s - loss: 2.3362 - accuracy: 0.3242
74/98 [=====================>........] - ETA: 2s - loss: 2.3271 - accuracy: 0.3252
75/98 [=====================>........] - ETA: 2s - loss: 2.3180 - accuracy: 0.3263
76/98 [======================>.......] - ETA: 2s - loss: 2.3096 - accuracy: 0.3276
77/98 [======================>.......] - ETA: 2s - loss: 2.3014 - accuracy: 0.3288
78/98 [======================>.......] - ETA: 2s - loss: 2.2918 - accuracy: 0.3303
79/98 [=======================>......] - ETA: 2s - loss: 2.2833 - accuracy: 0.3315
80/98 [=======================>......] - ETA: 1s - loss: 2.2744 - accuracy: 0.3325
81/98 [=======================>......] - ETA: 1s - loss: 2.2649 - accuracy: 0.3339
82/98 [========================>.....] - ETA: 1s - loss: 2.2567 - accuracy: 0.3353
83/98 [========================>.....] - ETA: 1s - loss: 2.2504 - accuracy: 0.3364
84/98 [========================>.....] - ETA: 1s - loss: 2.2422 - accuracy: 0.3380
85/98 [=========================>....] - ETA: 1s - loss: 2.2351 - accuracy: 0.3389
86/98 [=========================>....] - ETA: 1s - loss: 2.2269 - accuracy: 0.3405
87/98 [=========================>....] - ETA: 1s - loss: 2.2189 - accuracy: 0.3418
88/98 [=========================>....] - ETA: 1s - loss: 2.2117 - accuracy: 0.3428
89/98 [==========================>...] - ETA: 0s - loss: 2.2060 - accuracy: 0.3435
90/98 [==========================>...] - ETA: 0s - loss: 2.1987 - accuracy: 0.3448
91/98 [==========================>...] - ETA: 0s - loss: 2.1911 - accuracy: 0.3462
92/98 [===========================>..] - ETA: 0s - loss: 2.1840 - accuracy: 0.3474
93/98 [===========================>..] - ETA: 0s - loss: 2.1770 - accuracy: 0.3485
94/98 [===========================>..] - ETA: 0s - loss: 2.1715 - accuracy: 0.3492
95/98 [============================>.] - ETA: 0s - loss: 2.1643 - accuracy: 0.3507
96/98 [============================>.] - ETA: 0s - loss: 2.1578 - accuracy: 0.3518
97/98 [============================>.] - ETA: 0s - loss: 2.1514 - accuracy: 0.3531
98/98 [==============================] - ETA: 0s - loss: 2.1447 - accuracy: 0.3543
98/98 [==============================] - 17s 125ms/step - loss: 2.1447 - accuracy: 0.3543 - val_loss: 1.8909 - val_accuracy: 0.2780
Epoch 2/84

 1/98 [..............................] - ETA: 7s - loss: 1.4909 - accuracy: 0.4824
 2/98 [..............................] - ETA: 7s - loss: 1.5244 - accuracy: 0.4727
 3/98 [..............................] - ETA: 6s - loss: 1.5251 - accuracy: 0.4720
 4/98 [>.............................] - ETA: 6s - loss: 1.5104 - accuracy: 0.4707
 5/98 [>.............................] - ETA: 6s - loss: 1.5023 - accuracy: 0.4746
 6/98 [>.............................] - ETA: 6s - loss: 1.4952 - accuracy: 0.4762
 7/98 [=>............................] - ETA: 6s - loss: 1.4995 - accuracy: 0.4757
 8/98 [=>............................] - ETA: 6s - loss: 1.4862 - accuracy: 0.4763
 9/98 [=>............................] - ETA: 6s - loss: 1.4826 - accuracy: 0.4744
10/98 [==>...........................] - ETA: 6s - loss: 1.4902 - accuracy: 0.4744
11/98 [==>...........................] - ETA: 5s - loss: 1.4930 - accuracy: 0.4707
12/98 [==>...........................] - ETA: 5s - loss: 1.4924 - accuracy: 0.4715
13/98 [==>...........................] - ETA: 6s - loss: 1.4961 - accuracy: 0.4712
14/98 [===>..........................] - ETA: 6s - loss: 1.4964 - accuracy: 0.4714
15/98 [===>..........................] - ETA: 6s - loss: 1.4954 - accuracy: 0.4710
16/98 [===>..........................] - ETA: 6s - loss: 1.4961 - accuracy: 0.4705
17/98 [====>.........................] - ETA: 6s - loss: 1.4923 - accuracy: 0.4736
18/98 [====>.........................] - ETA: 6s - loss: 1.4905 - accuracy: 0.4754
19/98 [====>.........................] - ETA: 6s - loss: 1.4809 - accuracy: 0.4775
20/98 [=====>........................] - ETA: 6s - loss: 1.4837 - accuracy: 0.4770
21/98 [=====>........................] - ETA: 6s - loss: 1.4810 - accuracy: 0.4761
22/98 [=====>........................] - ETA: 6s - loss: 1.4762 - accuracy: 0.4768
23/98 [======>.......................] - ETA: 6s - loss: 1.4723 - accuracy: 0.4772
24/98 [======>.......................] - ETA: 6s - loss: 1.4694 - accuracy: 0.4780
25/98 [======>.......................] - ETA: 6s - loss: 1.4708 - accuracy: 0.4769
26/98 [======>.......................] - ETA: 6s - loss: 1.4674 - accuracy: 0.4785
27/98 [=======>......................] - ETA: 6s - loss: 1.4676 - accuracy: 0.4793
28/98 [=======>......................] - ETA: 6s - loss: 1.4650 - accuracy: 0.4802
29/98 [=======>......................] - ETA: 6s - loss: 1.4655 - accuracy: 0.4803
30/98 [========>.....................] - ETA: 6s - loss: 1.4644 - accuracy: 0.4802
31/98 [========>.....................] - ETA: 6s - loss: 1.4632 - accuracy: 0.4804
32/98 [========>.....................] - ETA: 5s - loss: 1.4617 - accuracy: 0.4816
33/98 [=========>....................] - ETA: 5s - loss: 1.4625 - accuracy: 0.4803
34/98 [=========>....................] - ETA: 5s - loss: 1.4621 - accuracy: 0.4806
35/98 [=========>....................] - ETA: 5s - loss: 1.4592 - accuracy: 0.4811
36/98 [==========>...................] - ETA: 5s - loss: 1.4588 - accuracy: 0.4813
37/98 [==========>...................] - ETA: 5s - loss: 1.4596 - accuracy: 0.4816
38/98 [==========>...................] - ETA: 5s - loss: 1.4563 - accuracy: 0.4818
39/98 [==========>...................] - ETA: 5s - loss: 1.4563 - accuracy: 0.4815
40/98 [===========>..................] - ETA: 4s - loss: 1.4523 - accuracy: 0.4817
41/98 [===========>..................] - ETA: 4s - loss: 1.4517 - accuracy: 0.4826
42/98 [===========>..................] - ETA: 4s - loss: 1.4494 - accuracy: 0.4836
43/98 [============>.................] - ETA: 4s - loss: 1.4489 - accuracy: 0.4843
44/98 [============>.................] - ETA: 4s - loss: 1.4469 - accuracy: 0.4844
45/98 [============>.................] - ETA: 4s - loss: 1.4434 - accuracy: 0.4853
46/98 [=============>................] - ETA: 4s - loss: 1.4402 - accuracy: 0.4864
47/98 [=============>................] - ETA: 4s - loss: 1.4400 - accuracy: 0.4864
48/98 [=============>................] - ETA: 4s - loss: 1.4365 - accuracy: 0.4870
49/98 [==============>...............] - ETA: 4s - loss: 1.4337 - accuracy: 0.4880
50/98 [==============>...............] - ETA: 4s - loss: 1.4300 - accuracy: 0.4891
51/98 [==============>...............] - ETA: 4s - loss: 1.4276 - accuracy: 0.4904
52/98 [==============>...............] - ETA: 4s - loss: 1.4252 - accuracy: 0.4912
53/98 [===============>..............] - ETA: 4s - loss: 1.4225 - accuracy: 0.4924
54/98 [===============>..............] - ETA: 3s - loss: 1.4219 - accuracy: 0.4922
55/98 [===============>..............] - ETA: 3s - loss: 1.4200 - accuracy: 0.4929
56/98 [================>.............] - ETA: 3s - loss: 1.4203 - accuracy: 0.4924
57/98 [================>.............] - ETA: 3s - loss: 1.4192 - accuracy: 0.4932
58/98 [================>.............] - ETA: 3s - loss: 1.4168 - accuracy: 0.4940
59/98 [=================>............] - ETA: 3s - loss: 1.4144 - accuracy: 0.4949
60/98 [=================>............] - ETA: 3s - loss: 1.4125 - accuracy: 0.4955
61/98 [=================>............] - ETA: 3s - loss: 1.4122 - accuracy: 0.4956
62/98 [=================>............] - ETA: 3s - loss: 1.4106 - accuracy: 0.4960
63/98 [==================>...........] - ETA: 3s - loss: 1.4091 - accuracy: 0.4968
64/98 [==================>...........] - ETA: 3s - loss: 1.4073 - accuracy: 0.4973
65/98 [==================>...........] - ETA: 2s - loss: 1.4065 - accuracy: 0.4976
66/98 [===================>..........] - ETA: 2s - loss: 1.4061 - accuracy: 0.4977
67/98 [===================>..........] - ETA: 2s - loss: 1.4061 - accuracy: 0.4977
68/98 [===================>..........] - ETA: 2s - loss: 1.4052 - accuracy: 0.4983
69/98 [====================>.........] - ETA: 2s - loss: 1.4043 - accuracy: 0.4989
70/98 [====================>.........] - ETA: 2s - loss: 1.4021 - accuracy: 0.4990
71/98 [====================>.........] - ETA: 2s - loss: 1.4006 - accuracy: 0.4995
72/98 [=====================>........] - ETA: 2s - loss: 1.3999 - accuracy: 0.4996
73/98 [=====================>........] - ETA: 2s - loss: 1.3981 - accuracy: 0.5000
74/98 [=====================>........] - ETA: 2s - loss: 1.3963 - accuracy: 0.5003
75/98 [=====================>........] - ETA: 2s - loss: 1.3959 - accuracy: 0.5003
76/98 [======================>.......] - ETA: 1s - loss: 1.3944 - accuracy: 0.5009
77/98 [======================>.......] - ETA: 1s - loss: 1.3929 - accuracy: 0.5018
78/98 [======================>.......] - ETA: 1s - loss: 1.3921 - accuracy: 0.5022
79/98 [=======================>......] - ETA: 1s - loss: 1.3900 - accuracy: 0.5030
80/98 [=======================>......] - ETA: 1s - loss: 1.3879 - accuracy: 0.5035
81/98 [=======================>......] - ETA: 1s - loss: 1.3876 - accuracy: 0.5037
82/98 [========================>.....] - ETA: 1s - loss: 1.3872 - accuracy: 0.5038
83/98 [========================>.....] - ETA: 1s - loss: 1.3862 - accuracy: 0.5040
84/98 [========================>.....] - ETA: 1s - loss: 1.3850 - accuracy: 0.5043
85/98 [=========================>....] - ETA: 1s - loss: 1.3846 - accuracy: 0.5042
86/98 [=========================>....] - ETA: 1s - loss: 1.3830 - accuracy: 0.5050
87/98 [=========================>....] - ETA: 1s - loss: 1.3828 - accuracy: 0.5051
88/98 [=========================>....] - ETA: 0s - loss: 1.3810 - accuracy: 0.5058
89/98 [==========================>...] - ETA: 0s - loss: 1.3796 - accuracy: 0.5062
90/98 [==========================>...] - ETA: 0s - loss: 1.3782 - accuracy: 0.5068
91/98 [==========================>...] - ETA: 0s - loss: 1.3772 - accuracy: 0.5074
92/98 [===========================>..] - ETA: 0s - loss: 1.3772 - accuracy: 0.5073
93/98 [===========================>..] - ETA: 0s - loss: 1.3753 - accuracy: 0.5078
94/98 [===========================>..] - ETA: 0s - loss: 1.3739 - accuracy: 0.5085
95/98 [============================>.] - ETA: 0s - loss: 1.3729 - accuracy: 0.5089
96/98 [============================>.] - ETA: 0s - loss: 1.3715 - accuracy: 0.5096
97/98 [============================>.] - ETA: 0s - loss: 1.3697 - accuracy: 0.5101
98/98 [==============================] - ETA: 0s - loss: 1.3682 - accuracy: 0.5106
98/98 [==============================] - 10s 102ms/step - loss: 1.3682 - accuracy: 0.5106 - val_loss: 2.0570 - val_accuracy: 0.2977
Epoch 3/84

 1/98 [..............................] - ETA: 9s - loss: 1.2447 - accuracy: 0.5723
 2/98 [..............................] - ETA: 6s - loss: 1.2290 - accuracy: 0.5537
 3/98 [..............................] - ETA: 6s - loss: 1.2049 - accuracy: 0.5645
 4/98 [>.............................] - ETA: 6s - loss: 1.2059 - accuracy: 0.5649
 5/98 [>.............................] - ETA: 6s - loss: 1.1978 - accuracy: 0.5684
 6/98 [>.............................] - ETA: 6s - loss: 1.1924 - accuracy: 0.5703
 7/98 [=>............................] - ETA: 6s - loss: 1.1964 - accuracy: 0.5695
 8/98 [=>............................] - ETA: 6s - loss: 1.2011 - accuracy: 0.5708
 9/98 [=>............................] - ETA: 6s - loss: 1.1988 - accuracy: 0.5749
10/98 [==>...........................] - ETA: 6s - loss: 1.1972 - accuracy: 0.5768
11/98 [==>...........................] - ETA: 5s - loss: 1.1942 - accuracy: 0.5763
12/98 [==>...........................] - ETA: 5s - loss: 1.1924 - accuracy: 0.5765
13/98 [==>...........................] - ETA: 5s - loss: 1.1928 - accuracy: 0.5768
14/98 [===>..........................] - ETA: 6s - loss: 1.1956 - accuracy: 0.5760
15/98 [===>..........................] - ETA: 6s - loss: 1.1945 - accuracy: 0.5779
16/98 [===>..........................] - ETA: 6s - loss: 1.1936 - accuracy: 0.5786
17/98 [====>.........................] - ETA: 6s - loss: 1.1895 - accuracy: 0.5802
18/98 [====>.........................] - ETA: 6s - loss: 1.1869 - accuracy: 0.5796
19/98 [====>.........................] - ETA: 6s - loss: 1.1803 - accuracy: 0.5815
20/98 [=====>........................] - ETA: 6s - loss: 1.1797 - accuracy: 0.5811
21/98 [=====>........................] - ETA: 6s - loss: 1.1746 - accuracy: 0.5823
22/98 [=====>........................] - ETA: 6s - loss: 1.1747 - accuracy: 0.5815
23/98 [======>.......................] - ETA: 6s - loss: 1.1758 - accuracy: 0.5802
24/98 [======>.......................] - ETA: 6s - loss: 1.1795 - accuracy: 0.5776
25/98 [======>.......................] - ETA: 6s - loss: 1.1764 - accuracy: 0.5792
26/98 [======>.......................] - ETA: 6s - loss: 1.1739 - accuracy: 0.5797
27/98 [=======>......................] - ETA: 6s - loss: 1.1746 - accuracy: 0.5802
28/98 [=======>......................] - ETA: 6s - loss: 1.1707 - accuracy: 0.5815
29/98 [=======>......................] - ETA: 6s - loss: 1.1723 - accuracy: 0.5806
30/98 [========>.....................] - ETA: 6s - loss: 1.1722 - accuracy: 0.5810
31/98 [========>.....................] - ETA: 6s - loss: 1.1731 - accuracy: 0.5810
32/98 [========>.....................] - ETA: 5s - loss: 1.1706 - accuracy: 0.5813
33/98 [=========>....................] - ETA: 5s - loss: 1.1684 - accuracy: 0.5827
34/98 [=========>....................] - ETA: 5s - loss: 1.1695 - accuracy: 0.5827
35/98 [=========>....................] - ETA: 5s - loss: 1.1716 - accuracy: 0.5821
36/98 [==========>...................] - ETA: 5s - loss: 1.1686 - accuracy: 0.5826
37/98 [==========>...................] - ETA: 5s - loss: 1.1662 - accuracy: 0.5832
38/98 [==========>...................] - ETA: 5s - loss: 1.1661 - accuracy: 0.5833
39/98 [==========>...................] - ETA: 5s - loss: 1.1632 - accuracy: 0.5843
40/98 [===========>..................] - ETA: 4s - loss: 1.1617 - accuracy: 0.5847
41/98 [===========>..................] - ETA: 4s - loss: 1.1620 - accuracy: 0.5848
42/98 [===========>..................] - ETA: 4s - loss: 1.1606 - accuracy: 0.5857
43/98 [============>.................] - ETA: 4s - loss: 1.1610 - accuracy: 0.5855
44/98 [============>.................] - ETA: 4s - loss: 1.1588 - accuracy: 0.5860
45/98 [============>.................] - ETA: 4s - loss: 1.1573 - accuracy: 0.5866
46/98 [=============>................] - ETA: 4s - loss: 1.1565 - accuracy: 0.5869
47/98 [=============>................] - ETA: 4s - loss: 1.1551 - accuracy: 0.5871
48/98 [=============>................] - ETA: 4s - loss: 1.1557 - accuracy: 0.5872
49/98 [==============>...............] - ETA: 4s - loss: 1.1553 - accuracy: 0.5874
50/98 [==============>...............] - ETA: 4s - loss: 1.1534 - accuracy: 0.5879
51/98 [==============>...............] - ETA: 4s - loss: 1.1520 - accuracy: 0.5882
52/98 [==============>...............] - ETA: 4s - loss: 1.1513 - accuracy: 0.5884
53/98 [===============>..............] - ETA: 4s - loss: 1.1508 - accuracy: 0.5889
54/98 [===============>..............] - ETA: 3s - loss: 1.1512 - accuracy: 0.5883
55/98 [===============>..............] - ETA: 3s - loss: 1.1513 - accuracy: 0.5880
56/98 [================>.............] - ETA: 3s - loss: 1.1499 - accuracy: 0.5893
57/98 [================>.............] - ETA: 3s - loss: 1.1492 - accuracy: 0.5892
58/98 [================>.............] - ETA: 3s - loss: 1.1480 - accuracy: 0.5896
59/98 [=================>............] - ETA: 3s - loss: 1.1455 - accuracy: 0.5904
60/98 [=================>............] - ETA: 3s - loss: 1.1445 - accuracy: 0.5912
61/98 [=================>............] - ETA: 3s - loss: 1.1428 - accuracy: 0.5921
62/98 [=================>............] - ETA: 3s - loss: 1.1417 - accuracy: 0.5926
64/98 [==================>...........] - ETA: 3s - loss: 1.1416 - accuracy: 0.5927
65/98 [==================>...........] - ETA: 2s - loss: 1.1410 - accuracy: 0.5932
66/98 [===================>..........] - ETA: 2s - loss: 1.1388 - accuracy: 0.5941
67/98 [===================>..........] - ETA: 2s - loss: 1.1377 - accuracy: 0.5944
68/98 [===================>..........] - ETA: 2s - loss: 1.1362 - accuracy: 0.5947
69/98 [====================>.........] - ETA: 2s - loss: 1.1343 - accuracy: 0.5953
70/98 [====================>.........] - ETA: 2s - loss: 1.1341 - accuracy: 0.5957
71/98 [====================>.........] - ETA: 2s - loss: 1.1330 - accuracy: 0.5959
72/98 [=====================>........] - ETA: 2s - loss: 1.1336 - accuracy: 0.5955
73/98 [=====================>........] - ETA: 2s - loss: 1.1320 - accuracy: 0.5960
74/98 [=====================>........] - ETA: 2s - loss: 1.1314 - accuracy: 0.5965
75/98 [=====================>........] - ETA: 2s - loss: 1.1303 - accuracy: 0.5968
76/98 [======================>.......] - ETA: 1s - loss: 1.1300 - accuracy: 0.5970
77/98 [======================>.......] - ETA: 1s - loss: 1.1290 - accuracy: 0.5972
78/98 [======================>.......] - ETA: 1s - loss: 1.1281 - accuracy: 0.5975
79/98 [=======================>......] - ETA: 1s - loss: 1.1287 - accuracy: 0.5974
80/98 [=======================>......] - ETA: 1s - loss: 1.1287 - accuracy: 0.5974
81/98 [=======================>......] - ETA: 1s - loss: 1.1275 - accuracy: 0.5979
82/98 [========================>.....] - ETA: 1s - loss: 1.1271 - accuracy: 0.5979
83/98 [========================>.....] - ETA: 1s - loss: 1.1261 - accuracy: 0.5982
84/98 [========================>.....] - ETA: 1s - loss: 1.1264 - accuracy: 0.5984
85/98 [=========================>....] - ETA: 1s - loss: 1.1262 - accuracy: 0.5986
86/98 [=========================>....] - ETA: 1s - loss: 1.1257 - accuracy: 0.5987
87/98 [=========================>....] - ETA: 0s - loss: 1.1243 - accuracy: 0.5992
88/98 [=========================>....] - ETA: 0s - loss: 1.1237 - accuracy: 0.5993
89/98 [==========================>...] - ETA: 0s - loss: 1.1233 - accuracy: 0.5994
90/98 [==========================>...] - ETA: 0s - loss: 1.1223 - accuracy: 0.6000
91/98 [==========================>...] - ETA: 0s - loss: 1.1213 - accuracy: 0.6004
92/98 [===========================>..] - ETA: 0s - loss: 1.1209 - accuracy: 0.6005
93/98 [===========================>..] - ETA: 0s - loss: 1.1205 - accuracy: 0.6009
94/98 [===========================>..] - ETA: 0s - loss: 1.1206 - accuracy: 0.6009
95/98 [============================>.] - ETA: 0s - loss: 1.1200 - accuracy: 0.6011
96/98 [============================>.] - ETA: 0s - loss: 1.1187 - accuracy: 0.6015
97/98 [============================>.] - ETA: 0s - loss: 1.1178 - accuracy: 0.6017
98/98 [==============================] - ETA: 0s - loss: 1.1164 - accuracy: 0.6021
98/98 [==============================] - 10s 101ms/step - loss: 1.1164 - accuracy: 0.6021 - val_loss: 1.9071 - val_accuracy: 0.3298
Epoch 4/84

 1/98 [..............................] - ETA: 9s - loss: 1.0309 - accuracy: 0.6426
 2/98 [..............................] - ETA: 7s - loss: 1.0292 - accuracy: 0.6348
 3/98 [..............................] - ETA: 6s - loss: 1.0210 - accuracy: 0.6322
 4/98 [>.............................] - ETA: 6s - loss: 0.9970 - accuracy: 0.6382
 5/98 [>.............................] - ETA: 6s - loss: 1.0187 - accuracy: 0.6332
 6/98 [>.............................] - ETA: 6s - loss: 1.0275 - accuracy: 0.6296
 7/98 [=>............................] - ETA: 6s - loss: 1.0221 - accuracy: 0.6334
 8/98 [=>............................] - ETA: 6s - loss: 1.0144 - accuracy: 0.6379
 9/98 [=>............................] - ETA: 6s - loss: 1.0100 - accuracy: 0.6421
10/98 [==>...........................] - ETA: 6s - loss: 1.0091 - accuracy: 0.6438
11/98 [==>...........................] - ETA: 6s - loss: 1.0070 - accuracy: 0.6452
12/98 [==>...........................] - ETA: 5s - loss: 1.0112 - accuracy: 0.6445
13/98 [==>...........................] - ETA: 5s - loss: 1.0166 - accuracy: 0.6424
14/98 [===>..........................] - ETA: 5s - loss: 1.0163 - accuracy: 0.6436
15/98 [===>..........................] - ETA: 5s - loss: 1.0114 - accuracy: 0.6445
16/98 [===>..........................] - ETA: 5s - loss: 1.0104 - accuracy: 0.6436
17/98 [====>.........................] - ETA: 6s - loss: 1.0085 - accuracy: 0.6434
18/98 [====>.........................] - ETA: 6s - loss: 1.0087 - accuracy: 0.6427
19/98 [====>.........................] - ETA: 6s - loss: 1.0118 - accuracy: 0.6426
20/98 [=====>........................] - ETA: 6s - loss: 1.0112 - accuracy: 0.6435
21/98 [=====>........................] - ETA: 6s - loss: 1.0115 - accuracy: 0.6437
22/98 [=====>........................] - ETA: 6s - loss: 1.0113 - accuracy: 0.6446
23/98 [======>.......................] - ETA: 6s - loss: 1.0085 - accuracy: 0.6453
24/98 [======>.......................] - ETA: 6s - loss: 1.0066 - accuracy: 0.6452
25/98 [======>.......................] - ETA: 6s - loss: 1.0093 - accuracy: 0.6444
26/98 [======>.......................] - ETA: 6s - loss: 1.0064 - accuracy: 0.6459
27/98 [=======>......................] - ETA: 6s - loss: 1.0057 - accuracy: 0.6457
28/98 [=======>......................] - ETA: 6s - loss: 1.0060 - accuracy: 0.6456
29/98 [=======>......................] - ETA: 6s - loss: 1.0034 - accuracy: 0.6458
30/98 [========>.....................] - ETA: 6s - loss: 0.9992 - accuracy: 0.6471
31/98 [========>.....................] - ETA: 6s - loss: 0.9973 - accuracy: 0.6481
32/98 [========>.....................] - ETA: 5s - loss: 0.9946 - accuracy: 0.6486
33/98 [=========>....................] - ETA: 5s - loss: 0.9931 - accuracy: 0.6491
34/98 [=========>....................] - ETA: 5s - loss: 0.9904 - accuracy: 0.6500
35/98 [=========>....................] - ETA: 5s - loss: 0.9906 - accuracy: 0.6500
36/98 [==========>...................] - ETA: 5s - loss: 0.9896 - accuracy: 0.6503
37/98 [==========>...................] - ETA: 5s - loss: 0.9896 - accuracy: 0.6503
38/98 [==========>...................] - ETA: 5s - loss: 0.9863 - accuracy: 0.6512
39/98 [==========>...................] - ETA: 5s - loss: 0.9833 - accuracy: 0.6522
40/98 [===========>..................] - ETA: 4s - loss: 0.9827 - accuracy: 0.6527
41/98 [===========>..................] - ETA: 4s - loss: 0.9819 - accuracy: 0.6532
42/98 [===========>..................] - ETA: 4s - loss: 0.9817 - accuracy: 0.6533
43/98 [============>.................] - ETA: 4s - loss: 0.9832 - accuracy: 0.6532
44/98 [============>.................] - ETA: 4s - loss: 0.9817 - accuracy: 0.6531
45/98 [============>.................] - ETA: 4s - loss: 0.9812 - accuracy: 0.6529
46/98 [=============>................] - ETA: 4s - loss: 0.9808 - accuracy: 0.6531
47/98 [=============>................] - ETA: 4s - loss: 0.9798 - accuracy: 0.6534
48/98 [=============>................] - ETA: 4s - loss: 0.9796 - accuracy: 0.6536
49/98 [==============>...............] - ETA: 4s - loss: 0.9780 - accuracy: 0.6537
50/98 [==============>...............] - ETA: 4s - loss: 0.9771 - accuracy: 0.6547
51/98 [==============>...............] - ETA: 4s - loss: 0.9781 - accuracy: 0.6542
52/98 [==============>...............] - ETA: 4s - loss: 0.9787 - accuracy: 0.6549
53/98 [===============>..............] - ETA: 3s - loss: 0.9783 - accuracy: 0.6549
54/98 [===============>..............] - ETA: 3s - loss: 0.9796 - accuracy: 0.6543
55/98 [===============>..............] - ETA: 3s - loss: 0.9789 - accuracy: 0.6545
56/98 [================>.............] - ETA: 3s - loss: 0.9795 - accuracy: 0.6541
57/98 [================>.............] - ETA: 3s - loss: 0.9803 - accuracy: 0.6538
58/98 [================>.............] - ETA: 3s - loss: 0.9803 - accuracy: 0.6537
59/98 [=================>............] - ETA: 3s - loss: 0.9817 - accuracy: 0.6531
60/98 [=================>............] - ETA: 3s - loss: 0.9820 - accuracy: 0.6534
61/98 [=================>............] - ETA: 3s - loss: 0.9823 - accuracy: 0.6533
62/98 [=================>............] - ETA: 3s - loss: 0.9821 - accuracy: 0.6532
63/98 [==================>...........] - ETA: 3s - loss: 0.9821 - accuracy: 0.6533
64/98 [==================>...........] - ETA: 3s - loss: 0.9808 - accuracy: 0.6537
65/98 [==================>...........] - ETA: 2s - loss: 0.9810 - accuracy: 0.6536
66/98 [===================>..........] - ETA: 2s - loss: 0.9807 - accuracy: 0.6536
67/98 [===================>..........] - ETA: 2s - loss: 0.9806 - accuracy: 0.6539
68/98 [===================>..........] - ETA: 2s - loss: 0.9804 - accuracy: 0.6537
69/98 [====================>.........] - ETA: 2s - loss: 0.9802 - accuracy: 0.6539
70/98 [====================>.........] - ETA: 2s - loss: 0.9801 - accuracy: 0.6540
71/98 [====================>.........] - ETA: 2s - loss: 0.9791 - accuracy: 0.6543
72/98 [=====================>........] - ETA: 2s - loss: 0.9792 - accuracy: 0.6542
73/98 [=====================>........] - ETA: 2s - loss: 0.9790 - accuracy: 0.6539
74/98 [=====================>........] - ETA: 2s - loss: 0.9782 - accuracy: 0.6543
75/98 [=====================>........] - ETA: 2s - loss: 0.9776 - accuracy: 0.6545
76/98 [======================>.......] - ETA: 1s - loss: 0.9770 - accuracy: 0.6547
77/98 [======================>.......] - ETA: 1s - loss: 0.9767 - accuracy: 0.6549
78/98 [======================>.......] - ETA: 1s - loss: 0.9772 - accuracy: 0.6548
79/98 [=======================>......] - ETA: 1s - loss: 0.9772 - accuracy: 0.6548
80/98 [=======================>......] - ETA: 1s - loss: 0.9775 - accuracy: 0.6548
81/98 [=======================>......] - ETA: 1s - loss: 0.9764 - accuracy: 0.6549
82/98 [========================>.....] - ETA: 1s - loss: 0.9763 - accuracy: 0.6551
83/98 [========================>.....] - ETA: 1s - loss: 0.9770 - accuracy: 0.6547
84/98 [========================>.....] - ETA: 1s - loss: 0.9754 - accuracy: 0.6551
85/98 [=========================>....] - ETA: 1s - loss: 0.9742 - accuracy: 0.6555
86/98 [=========================>....] - ETA: 1s - loss: 0.9745 - accuracy: 0.6554
87/98 [=========================>....] - ETA: 0s - loss: 0.9737 - accuracy: 0.6558
88/98 [=========================>....] - ETA: 0s - loss: 0.9728 - accuracy: 0.6560
89/98 [==========================>...] - ETA: 0s - loss: 0.9723 - accuracy: 0.6561
90/98 [==========================>...] - ETA: 0s - loss: 0.9717 - accuracy: 0.6562
91/98 [==========================>...] - ETA: 0s - loss: 0.9712 - accuracy: 0.6564
92/98 [===========================>..] - ETA: 0s - loss: 0.9704 - accuracy: 0.6568
93/98 [===========================>..] - ETA: 0s - loss: 0.9701 - accuracy: 0.6569
94/98 [===========================>..] - ETA: 0s - loss: 0.9708 - accuracy: 0.6567
95/98 [============================>.] - ETA: 0s - loss: 0.9710 - accuracy: 0.6567
96/98 [============================>.] - ETA: 0s - loss: 0.9706 - accuracy: 0.6569
97/98 [============================>.] - ETA: 0s - loss: 0.9695 - accuracy: 0.6573
98/98 [==============================] - ETA: 0s - loss: 0.9686 - accuracy: 0.6576
98/98 [==============================] - 10s 101ms/step - loss: 0.9686 - accuracy: 0.6576 - val_loss: 1.4597 - val_accuracy: 0.4562
Epoch 5/84

 1/98 [..............................] - ETA: 12s - loss: 0.8878 - accuracy: 0.6777
 2/98 [..............................] - ETA: 8s - loss: 0.8782 - accuracy: 0.7012 
 3/98 [..............................] - ETA: 7s - loss: 0.8741 - accuracy: 0.7051
 4/98 [>.............................] - ETA: 6s - loss: 0.8736 - accuracy: 0.7017
 5/98 [>.............................] - ETA: 6s - loss: 0.8799 - accuracy: 0.6953
 6/98 [>.............................] - ETA: 6s - loss: 0.8775 - accuracy: 0.6911
 7/98 [=>............................] - ETA: 6s - loss: 0.8781 - accuracy: 0.6895
 8/98 [=>............................] - ETA: 6s - loss: 0.8650 - accuracy: 0.6956
 9/98 [=>............................] - ETA: 6s - loss: 0.8658 - accuracy: 0.6938
10/98 [==>...........................] - ETA: 6s - loss: 0.8613 - accuracy: 0.6965
11/98 [==>...........................] - ETA: 6s - loss: 0.8644 - accuracy: 0.6953
12/98 [==>...........................] - ETA: 6s - loss: 0.8668 - accuracy: 0.6935
13/98 [==>...........................] - ETA: 5s - loss: 0.8647 - accuracy: 0.6950
14/98 [===>..........................] - ETA: 5s - loss: 0.8707 - accuracy: 0.6924
15/98 [===>..........................] - ETA: 5s - loss: 0.8703 - accuracy: 0.6918
16/98 [===>..........................] - ETA: 5s - loss: 0.8757 - accuracy: 0.6912
17/98 [====>.........................] - ETA: 5s - loss: 0.8788 - accuracy: 0.6912
18/98 [====>.........................] - ETA: 5s - loss: 0.8790 - accuracy: 0.6915
19/98 [====>.........................] - ETA: 6s - loss: 0.8835 - accuracy: 0.6896
20/98 [=====>........................] - ETA: 6s - loss: 0.8846 - accuracy: 0.6889
21/98 [=====>........................] - ETA: 6s - loss: 0.8875 - accuracy: 0.6879
22/98 [=====>........................] - ETA: 6s - loss: 0.8922 - accuracy: 0.6870
23/98 [======>.......................] - ETA: 6s - loss: 0.8913 - accuracy: 0.6872
24/98 [======>.......................] - ETA: 6s - loss: 0.8923 - accuracy: 0.6859
25/98 [======>.......................] - ETA: 6s - loss: 0.8931 - accuracy: 0.6861
26/98 [======>.......................] - ETA: 6s - loss: 0.8917 - accuracy: 0.6870
27/98 [=======>......................] - ETA: 6s - loss: 0.8937 - accuracy: 0.6863
28/98 [=======>......................] - ETA: 6s - loss: 0.8934 - accuracy: 0.6869
29/98 [=======>......................] - ETA: 6s - loss: 0.8931 - accuracy: 0.6871
30/98 [========>.....................] - ETA: 6s - loss: 0.8903 - accuracy: 0.6884
31/98 [========>.....................] - ETA: 6s - loss: 0.8898 - accuracy: 0.6885
32/98 [========>.....................] - ETA: 5s - loss: 0.8896 - accuracy: 0.6887
33/98 [=========>....................] - ETA: 5s - loss: 0.8895 - accuracy: 0.6896
34/98 [=========>....................] - ETA: 5s - loss: 0.8919 - accuracy: 0.6891
35/98 [=========>....................] - ETA: 5s - loss: 0.8905 - accuracy: 0.6897
36/98 [==========>...................] - ETA: 5s - loss: 0.8889 - accuracy: 0.6902
37/98 [==========>...................] - ETA: 5s - loss: 0.8872 - accuracy: 0.6904
38/98 [==========>...................] - ETA: 5s - loss: 0.8866 - accuracy: 0.6902
39/98 [==========>...................] - ETA: 5s - loss: 0.8856 - accuracy: 0.6915
40/98 [===========>..................] - ETA: 4s - loss: 0.8858 - accuracy: 0.6916
41/98 [===========>..................] - ETA: 4s - loss: 0.8858 - accuracy: 0.6914
42/98 [===========>..................] - ETA: 4s - loss: 0.8842 - accuracy: 0.6918
43/98 [============>.................] - ETA: 4s - loss: 0.8830 - accuracy: 0.6922
44/98 [============>.................] - ETA: 4s - loss: 0.8839 - accuracy: 0.6923
45/98 [============>.................] - ETA: 4s - loss: 0.8831 - accuracy: 0.6920
