2024-06-26 23:05:04.851895: I tensorflow/core/platform/cpu_feature_guard.cc:193] This TensorFlow binary is optimized with oneAPI Deep Neural Network Library (oneDNN) to use the following CPU instructions in performance-critical operations:  AVX AVX2
To enable them in other operations, rebuild TensorFlow with the appropriate compiler flags.
2024-06-26 23:05:05.443035: I tensorflow/core/common_runtime/gpu/gpu_device.cc:1616] Created device /job:localhost/replica:0/task:0/device:GPU:0 with 6656 MB memory:  -> device: 0, name: NVIDIA GeForce RTX 4060 Ti, pci bus id: 0000:01:00.0, compute capability: 8.9
1 Physical GPUs, 1 Logical GPUs
Model: "sequential"
_________________________________________________________________
 Layer (type)                Output Shape              Param #   
=================================================================
 conv2d (Conv2D)             (None, 32, 32, 32)        896       
                                                                 
 batch_normalization (BatchN  (None, 32, 32, 32)       128       
 ormalization)                                                   
                                                                 
 conv2d_1 (Conv2D)           (None, 32, 32, 64)        51264     
                                                                 
 max_pooling2d (MaxPooling2D  (None, 16, 16, 64)       0         
 )                                                               
                                                                 
 conv2d_2 (Conv2D)           (None, 16, 16, 32)        165920    
                                                                 
 max_pooling2d_1 (MaxPooling  (None, 8, 8, 32)         0         
 2D)                                                             
                                                                 
 batch_normalization_1 (Batc  (None, 8, 8, 32)         128       
 hNormalization)                                                 
                                                                 
 dropout (Dropout)           (None, 8, 8, 32)          0         
                                                                 
 flatten (Flatten)           (None, 2048)              0         
                                                                 
 dense (Dense)               (None, 10)                20490     
                                                                 
=================================================================
Total params: 238,826
Trainable params: 238,698
Non-trainable params: 128
_________________________________________________________________
Taxa de aprendizado:  0.01 Num de épocas:  84 Tamanho do lote:  512 Dropout:  0.40907
Epoch 1/84
2024-06-26 23:05:06.896209: I tensorflow/stream_executor/cuda/cuda_dnn.cc:384] Loaded cuDNN version 8100
2024-06-26 23:05:07.706966: W tensorflow/stream_executor/gpu/redzone_allocator.cc:314] INTERNAL: ptxas exited with non-zero error code -1, output: 
Relying on driver to perform ptx compilation. 
Modify $PATH to customize ptxas location.
This message will be only logged once.
2024-06-26 23:05:09.120088: I tensorflow/stream_executor/cuda/cuda_blas.cc:1614] TensorFloat-32 will be used for the matrix multiplication. This will only be logged once.

 1/98 [..............................] - ETA: 9:06 - loss: 3.5056 - accuracy: 0.1094
 2/98 [..............................] - ETA: 10s - loss: 4.3562 - accuracy: 0.1279 
 3/98 [..............................] - ETA: 9s - loss: 5.0318 - accuracy: 0.1354 
 4/98 [>.............................] - ETA: 9s - loss: 4.9495 - accuracy: 0.1445
 5/98 [>.............................] - ETA: 9s - loss: 4.7406 - accuracy: 0.1605
 6/98 [>.............................] - ETA: 9s - loss: 4.5227 - accuracy: 0.1680
 7/98 [=>............................] - ETA: 9s - loss: 4.3644 - accuracy: 0.1710
 8/98 [=>............................] - ETA: 9s - loss: 4.2365 - accuracy: 0.1753
 9/98 [=>............................] - ETA: 9s - loss: 4.0966 - accuracy: 0.1799
10/98 [==>...........................] - ETA: 9s - loss: 3.9851 - accuracy: 0.1855
11/98 [==>...........................] - ETA: 8s - loss: 3.9006 - accuracy: 0.1884
12/98 [==>...........................] - ETA: 8s - loss: 3.8327 - accuracy: 0.1893
13/98 [==>...........................] - ETA: 21s - loss: 3.7796 - accuracy: 0.1914
14/98 [===>..........................] - ETA: 20s - loss: 3.6981 - accuracy: 0.1935
15/98 [===>..........................] - ETA: 19s - loss: 3.6141 - accuracy: 0.1967
16/98 [===>..........................] - ETA: 18s - loss: 3.5401 - accuracy: 0.2018
17/98 [====>.........................] - ETA: 17s - loss: 3.4840 - accuracy: 0.2054
18/98 [====>.........................] - ETA: 16s - loss: 3.4242 - accuracy: 0.2118
19/98 [====>.........................] - ETA: 16s - loss: 3.3749 - accuracy: 0.2156
20/98 [=====>........................] - ETA: 15s - loss: 3.3287 - accuracy: 0.2169
21/98 [=====>........................] - ETA: 14s - loss: 3.2826 - accuracy: 0.2193
22/98 [=====>........................] - ETA: 14s - loss: 3.2357 - accuracy: 0.2227
23/98 [======>.......................] - ETA: 13s - loss: 3.1885 - accuracy: 0.2257
24/98 [======>.......................] - ETA: 13s - loss: 3.1466 - accuracy: 0.2293
25/98 [======>.......................] - ETA: 13s - loss: 3.1079 - accuracy: 0.2330
26/98 [======>.......................] - ETA: 12s - loss: 3.0764 - accuracy: 0.2361
27/98 [=======>......................] - ETA: 12s - loss: 3.0383 - accuracy: 0.2400
28/98 [=======>......................] - ETA: 11s - loss: 3.0093 - accuracy: 0.2417
29/98 [=======>......................] - ETA: 11s - loss: 2.9767 - accuracy: 0.2446
30/98 [========>.....................] - ETA: 11s - loss: 2.9489 - accuracy: 0.2460
31/98 [========>.....................] - ETA: 10s - loss: 2.9203 - accuracy: 0.2485
32/98 [========>.....................] - ETA: 10s - loss: 2.8928 - accuracy: 0.2498
33/98 [=========>....................] - ETA: 10s - loss: 2.8672 - accuracy: 0.2523
34/98 [=========>....................] - ETA: 10s - loss: 2.8429 - accuracy: 0.2544
35/98 [=========>....................] - ETA: 9s - loss: 2.8165 - accuracy: 0.2568 
36/98 [==========>...................] - ETA: 9s - loss: 2.7902 - accuracy: 0.2605
37/98 [==========>...................] - ETA: 9s - loss: 2.7678 - accuracy: 0.2623
38/98 [==========>...................] - ETA: 9s - loss: 2.7451 - accuracy: 0.2642
39/98 [==========>...................] - ETA: 8s - loss: 2.7219 - accuracy: 0.2667
40/98 [===========>..................] - ETA: 8s - loss: 2.6999 - accuracy: 0.2688
41/98 [===========>..................] - ETA: 8s - loss: 2.6799 - accuracy: 0.2707
42/98 [===========>..................] - ETA: 8s - loss: 2.6614 - accuracy: 0.2718
43/98 [============>.................] - ETA: 8s - loss: 2.6414 - accuracy: 0.2738
44/98 [============>.................] - ETA: 7s - loss: 2.6261 - accuracy: 0.2755
45/98 [============>.................] - ETA: 7s - loss: 2.6080 - accuracy: 0.2780
46/98 [=============>................] - ETA: 7s - loss: 2.5901 - accuracy: 0.2808
47/98 [=============>................] - ETA: 7s - loss: 2.5722 - accuracy: 0.2836
48/98 [=============>................] - ETA: 7s - loss: 2.5576 - accuracy: 0.2857
49/98 [==============>...............] - ETA: 6s - loss: 2.5444 - accuracy: 0.2872
50/98 [==============>...............] - ETA: 6s - loss: 2.5297 - accuracy: 0.2888
52/98 [==============>...............] - ETA: 6s - loss: 2.5010 - accuracy: 0.2928
54/98 [===============>..............] - ETA: 5s - loss: 2.4722 - accuracy: 0.2961
55/98 [===============>..............] - ETA: 5s - loss: 2.4602 - accuracy: 0.2970
56/98 [================>.............] - ETA: 5s - loss: 2.4477 - accuracy: 0.2995
57/98 [================>.............] - ETA: 5s - loss: 2.4342 - accuracy: 0.3014
58/98 [================>.............] - ETA: 5s - loss: 2.4199 - accuracy: 0.3027
59/98 [=================>............] - ETA: 4s - loss: 2.4062 - accuracy: 0.3047
60/98 [=================>............] - ETA: 4s - loss: 2.3957 - accuracy: 0.3059
61/98 [=================>............] - ETA: 4s - loss: 2.3843 - accuracy: 0.3072
62/98 [=================>............] - ETA: 4s - loss: 2.3722 - accuracy: 0.3088
63/98 [==================>...........] - ETA: 4s - loss: 2.3604 - accuracy: 0.3107
64/98 [==================>...........] - ETA: 4s - loss: 2.3502 - accuracy: 0.3123
65/98 [==================>...........] - ETA: 4s - loss: 2.3405 - accuracy: 0.3135
66/98 [===================>..........] - ETA: 3s - loss: 2.3292 - accuracy: 0.3154
67/98 [===================>..........] - ETA: 3s - loss: 2.3190 - accuracy: 0.3170
68/98 [===================>..........] - ETA: 3s - loss: 2.3109 - accuracy: 0.3180
69/98 [====================>.........] - ETA: 3s - loss: 2.3023 - accuracy: 0.3190
70/98 [====================>.........] - ETA: 3s - loss: 2.2935 - accuracy: 0.3207
71/98 [====================>.........] - ETA: 3s - loss: 2.2850 - accuracy: 0.3221
72/98 [=====================>........] - ETA: 3s - loss: 2.2764 - accuracy: 0.3235
73/98 [=====================>........] - ETA: 2s - loss: 2.2661 - accuracy: 0.3254
74/98 [=====================>........] - ETA: 2s - loss: 2.2564 - accuracy: 0.3268
75/98 [=====================>........] - ETA: 2s - loss: 2.2483 - accuracy: 0.3280
76/98 [======================>.......] - ETA: 2s - loss: 2.2403 - accuracy: 0.3289
77/98 [======================>.......] - ETA: 2s - loss: 2.2330 - accuracy: 0.3300
78/98 [======================>.......] - ETA: 2s - loss: 2.2257 - accuracy: 0.3310
79/98 [=======================>......] - ETA: 2s - loss: 2.2194 - accuracy: 0.3316
80/98 [=======================>......] - ETA: 2s - loss: 2.2127 - accuracy: 0.3326
81/98 [=======================>......] - ETA: 2s - loss: 2.2047 - accuracy: 0.3335
82/98 [========================>.....] - ETA: 1s - loss: 2.1973 - accuracy: 0.3347
83/98 [========================>.....] - ETA: 1s - loss: 2.1903 - accuracy: 0.3354
84/98 [========================>.....] - ETA: 1s - loss: 2.1826 - accuracy: 0.3365
85/98 [=========================>....] - ETA: 1s - loss: 2.1754 - accuracy: 0.3376
86/98 [=========================>....] - ETA: 1s - loss: 2.1682 - accuracy: 0.3389
87/98 [=========================>....] - ETA: 1s - loss: 2.1617 - accuracy: 0.3400
88/98 [=========================>....] - ETA: 1s - loss: 2.1552 - accuracy: 0.3410
89/98 [==========================>...] - ETA: 1s - loss: 2.1489 - accuracy: 0.3418
90/98 [==========================>...] - ETA: 0s - loss: 2.1426 - accuracy: 0.3432
91/98 [==========================>...] - ETA: 0s - loss: 2.1368 - accuracy: 0.3438
92/98 [===========================>..] - ETA: 0s - loss: 2.1308 - accuracy: 0.3450
93/98 [===========================>..] - ETA: 0s - loss: 2.1247 - accuracy: 0.3459
94/98 [===========================>..] - ETA: 0s - loss: 2.1193 - accuracy: 0.3468
95/98 [============================>.] - ETA: 0s - loss: 2.1130 - accuracy: 0.3477
96/98 [============================>.] - ETA: 0s - loss: 2.1068 - accuracy: 0.3489
97/98 [============================>.] - ETA: 0s - loss: 2.1010 - accuracy: 0.3499
98/98 [==============================] - ETA: 0s - loss: 2.0953 - accuracy: 0.3506
98/98 [==============================] - 18s 132ms/step - loss: 2.0953 - accuracy: 0.3506 - val_loss: 1.8818 - val_accuracy: 0.3028
Epoch 2/84

 1/98 [..............................] - ETA: 12s - loss: 1.4886 - accuracy: 0.4668
 2/98 [..............................] - ETA: 10s - loss: 1.5145 - accuracy: 0.4658
 3/98 [..............................] - ETA: 10s - loss: 1.4981 - accuracy: 0.4674
 4/98 [>.............................] - ETA: 9s - loss: 1.5055 - accuracy: 0.4609 
 5/98 [>.............................] - ETA: 8s - loss: 1.4981 - accuracy: 0.4635
 6/98 [>.............................] - ETA: 8s - loss: 1.4940 - accuracy: 0.4710
 7/98 [=>............................] - ETA: 9s - loss: 1.4968 - accuracy: 0.4654
 8/98 [=>............................] - ETA: 8s - loss: 1.5051 - accuracy: 0.4633
 9/98 [=>............................] - ETA: 8s - loss: 1.5008 - accuracy: 0.4662
10/98 [==>...........................] - ETA: 8s - loss: 1.4951 - accuracy: 0.4660
11/98 [==>...........................] - ETA: 8s - loss: 1.4925 - accuracy: 0.4672
12/98 [==>...........................] - ETA: 8s - loss: 1.4951 - accuracy: 0.4660
13/98 [==>...........................] - ETA: 8s - loss: 1.4990 - accuracy: 0.4642
14/98 [===>..........................] - ETA: 8s - loss: 1.4954 - accuracy: 0.4658
15/98 [===>..........................] - ETA: 8s - loss: 1.4941 - accuracy: 0.4674
16/98 [===>..........................] - ETA: 8s - loss: 1.4940 - accuracy: 0.4683
17/98 [====>.........................] - ETA: 8s - loss: 1.4968 - accuracy: 0.4679
18/98 [====>.........................] - ETA: 8s - loss: 1.4864 - accuracy: 0.4706
19/98 [====>.........................] - ETA: 8s - loss: 1.4819 - accuracy: 0.4719
20/98 [=====>........................] - ETA: 7s - loss: 1.4767 - accuracy: 0.4731
21/98 [=====>........................] - ETA: 7s - loss: 1.4728 - accuracy: 0.4744
22/98 [=====>........................] - ETA: 7s - loss: 1.4725 - accuracy: 0.4742
23/98 [======>.......................] - ETA: 7s - loss: 1.4706 - accuracy: 0.4756
24/98 [======>.......................] - ETA: 7s - loss: 1.4694 - accuracy: 0.4751
25/98 [======>.......................] - ETA: 7s - loss: 1.4676 - accuracy: 0.4758
26/98 [======>.......................] - ETA: 7s - loss: 1.4688 - accuracy: 0.4751
27/98 [=======>......................] - ETA: 7s - loss: 1.4629 - accuracy: 0.4780
28/98 [=======>......................] - ETA: 7s - loss: 1.4589 - accuracy: 0.4795
29/98 [=======>......................] - ETA: 7s - loss: 1.4553 - accuracy: 0.4814
30/98 [========>.....................] - ETA: 6s - loss: 1.4530 - accuracy: 0.4825
31/98 [========>.....................] - ETA: 6s - loss: 1.4507 - accuracy: 0.4831
32/98 [========>.....................] - ETA: 6s - loss: 1.4515 - accuracy: 0.4828
33/98 [=========>....................] - ETA: 6s - loss: 1.4525 - accuracy: 0.4828
34/98 [=========>....................] - ETA: 6s - loss: 1.4519 - accuracy: 0.4831
35/98 [=========>....................] - ETA: 6s - loss: 1.4495 - accuracy: 0.4833
36/98 [==========>...................] - ETA: 6s - loss: 1.4493 - accuracy: 0.4831
37/98 [==========>...................] - ETA: 6s - loss: 1.4493 - accuracy: 0.4834
38/98 [==========>...................] - ETA: 5s - loss: 1.4484 - accuracy: 0.4838
39/98 [==========>...................] - ETA: 5s - loss: 1.4460 - accuracy: 0.4841
40/98 [===========>..................] - ETA: 5s - loss: 1.4439 - accuracy: 0.4848
41/98 [===========>..................] - ETA: 5s - loss: 1.4430 - accuracy: 0.4856
42/98 [===========>..................] - ETA: 5s - loss: 1.4420 - accuracy: 0.4857
43/98 [============>.................] - ETA: 5s - loss: 1.4404 - accuracy: 0.4864
44/98 [============>.................] - ETA: 5s - loss: 1.4404 - accuracy: 0.4869
45/98 [============>.................] - ETA: 5s - loss: 1.4405 - accuracy: 0.4863
46/98 [=============>................] - ETA: 4s - loss: 1.4372 - accuracy: 0.4876
47/98 [=============>................] - ETA: 4s - loss: 1.4364 - accuracy: 0.4883
48/98 [=============>................] - ETA: 4s - loss: 1.4367 - accuracy: 0.4879
49/98 [==============>...............] - ETA: 4s - loss: 1.4359 - accuracy: 0.4880
50/98 [==============>...............] - ETA: 4s - loss: 1.4337 - accuracy: 0.4889
51/98 [==============>...............] - ETA: 4s - loss: 1.4314 - accuracy: 0.4896
52/98 [==============>...............] - ETA: 4s - loss: 1.4287 - accuracy: 0.4900
53/98 [===============>..............] - ETA: 4s - loss: 1.4283 - accuracy: 0.4901
54/98 [===============>..............] - ETA: 4s - loss: 1.4254 - accuracy: 0.4911
55/98 [===============>..............] - ETA: 4s - loss: 1.4234 - accuracy: 0.4919
56/98 [================>.............] - ETA: 4s - loss: 1.4224 - accuracy: 0.4924
57/98 [================>.............] - ETA: 3s - loss: 1.4211 - accuracy: 0.4927
58/98 [================>.............] - ETA: 3s - loss: 1.4208 - accuracy: 0.4926
59/98 [=================>............] - ETA: 3s - loss: 1.4194 - accuracy: 0.4933
60/98 [=================>............] - ETA: 3s - loss: 1.4174 - accuracy: 0.4940
61/98 [=================>............] - ETA: 3s - loss: 1.4163 - accuracy: 0.4944
62/98 [=================>............] - ETA: 3s - loss: 1.4150 - accuracy: 0.4950
63/98 [==================>...........] - ETA: 3s - loss: 1.4132 - accuracy: 0.4957
64/98 [==================>...........] - ETA: 3s - loss: 1.4121 - accuracy: 0.4959
65/98 [==================>...........] - ETA: 3s - loss: 1.4120 - accuracy: 0.4959
66/98 [===================>..........] - ETA: 3s - loss: 1.4110 - accuracy: 0.4959
67/98 [===================>..........] - ETA: 3s - loss: 1.4096 - accuracy: 0.4964
68/98 [===================>..........] - ETA: 2s - loss: 1.4082 - accuracy: 0.4970
69/98 [====================>.........] - ETA: 2s - loss: 1.4085 - accuracy: 0.4972
70/98 [====================>.........] - ETA: 2s - loss: 1.4081 - accuracy: 0.4972
71/98 [====================>.........] - ETA: 2s - loss: 1.4079 - accuracy: 0.4972
72/98 [=====================>........] - ETA: 2s - loss: 1.4062 - accuracy: 0.4977
73/98 [=====================>........] - ETA: 2s - loss: 1.4056 - accuracy: 0.4980
74/98 [=====================>........] - ETA: 2s - loss: 1.4042 - accuracy: 0.4984
75/98 [=====================>........] - ETA: 2s - loss: 1.4022 - accuracy: 0.4990
76/98 [======================>.......] - ETA: 2s - loss: 1.4021 - accuracy: 0.4991
77/98 [======================>.......] - ETA: 2s - loss: 1.4004 - accuracy: 0.4997
78/98 [======================>.......] - ETA: 1s - loss: 1.3992 - accuracy: 0.5002
79/98 [=======================>......] - ETA: 1s - loss: 1.3983 - accuracy: 0.5002
80/98 [=======================>......] - ETA: 1s - loss: 1.3975 - accuracy: 0.5004
81/98 [=======================>......] - ETA: 1s - loss: 1.3970 - accuracy: 0.5009
82/98 [========================>.....] - ETA: 1s - loss: 1.3957 - accuracy: 0.5014
83/98 [========================>.....] - ETA: 1s - loss: 1.3950 - accuracy: 0.5015
84/98 [========================>.....] - ETA: 1s - loss: 1.3933 - accuracy: 0.5022
85/98 [=========================>....] - ETA: 1s - loss: 1.3921 - accuracy: 0.5031
86/98 [=========================>....] - ETA: 1s - loss: 1.3918 - accuracy: 0.5030
87/98 [=========================>....] - ETA: 1s - loss: 1.3904 - accuracy: 0.5038
88/98 [=========================>....] - ETA: 0s - loss: 1.3890 - accuracy: 0.5043
89/98 [==========================>...] - ETA: 0s - loss: 1.3876 - accuracy: 0.5047
90/98 [==========================>...] - ETA: 0s - loss: 1.3858 - accuracy: 0.5054
91/98 [==========================>...] - ETA: 0s - loss: 1.3839 - accuracy: 0.5060
92/98 [===========================>..] - ETA: 0s - loss: 1.3824 - accuracy: 0.5066
93/98 [===========================>..] - ETA: 0s - loss: 1.3798 - accuracy: 0.5077
94/98 [===========================>..] - ETA: 0s - loss: 1.3778 - accuracy: 0.5084
95/98 [============================>.] - ETA: 0s - loss: 1.3757 - accuracy: 0.5092
96/98 [============================>.] - ETA: 0s - loss: 1.3746 - accuracy: 0.5096
97/98 [============================>.] - ETA: 0s - loss: 1.3738 - accuracy: 0.5099
98/98 [==============================] - ETA: 0s - loss: 1.3738 - accuracy: 0.5098
98/98 [==============================] - 11s 112ms/step - loss: 1.3738 - accuracy: 0.5098 - val_loss: 2.3721 - val_accuracy: 0.2456
Epoch 3/84

 1/98 [..............................] - ETA: 10s - loss: 1.1507 - accuracy: 0.6133
 2/98 [..............................] - ETA: 10s - loss: 1.1819 - accuracy: 0.5957
 3/98 [..............................] - ETA: 9s - loss: 1.2137 - accuracy: 0.5781 
 4/98 [>.............................] - ETA: 9s - loss: 1.2359 - accuracy: 0.5698
 5/98 [>.............................] - ETA: 9s - loss: 1.2343 - accuracy: 0.5707
 6/98 [>.............................] - ETA: 9s - loss: 1.2274 - accuracy: 0.5706
 7/98 [=>............................] - ETA: 9s - loss: 1.2304 - accuracy: 0.5684
 8/98 [=>............................] - ETA: 9s - loss: 1.2351 - accuracy: 0.5669
 9/98 [=>............................] - ETA: 9s - loss: 1.2424 - accuracy: 0.5642
10/98 [==>...........................] - ETA: 9s - loss: 1.2306 - accuracy: 0.5688
11/98 [==>...........................] - ETA: 8s - loss: 1.2340 - accuracy: 0.5700
12/98 [==>...........................] - ETA: 8s - loss: 1.2322 - accuracy: 0.5684
13/98 [==>...........................] - ETA: 8s - loss: 1.2313 - accuracy: 0.5676
14/98 [===>..........................] - ETA: 8s - loss: 1.2320 - accuracy: 0.5667
15/98 [===>..........................] - ETA: 8s - loss: 1.2330 - accuracy: 0.5668
16/98 [===>..........................] - ETA: 8s - loss: 1.2322 - accuracy: 0.5673
17/98 [====>.........................] - ETA: 8s - loss: 1.2289 - accuracy: 0.5689
18/98 [====>.........................] - ETA: 8s - loss: 1.2297 - accuracy: 0.5678
19/98 [====>.........................] - ETA: 8s - loss: 1.2292 - accuracy: 0.5673
20/98 [=====>........................] - ETA: 8s - loss: 1.2274 - accuracy: 0.5677
21/98 [=====>........................] - ETA: 7s - loss: 1.2267 - accuracy: 0.5679
22/98 [=====>........................] - ETA: 7s - loss: 1.2244 - accuracy: 0.5675
23/98 [======>.......................] - ETA: 7s - loss: 1.2225 - accuracy: 0.5679
24/98 [======>.......................] - ETA: 7s - loss: 1.2170 - accuracy: 0.5700
25/98 [======>.......................] - ETA: 7s - loss: 1.2131 - accuracy: 0.5711
26/98 [======>.......................] - ETA: 6s - loss: 1.2138 - accuracy: 0.5707
27/98 [=======>......................] - ETA: 6s - loss: 1.2120 - accuracy: 0.5712
28/98 [=======>......................] - ETA: 6s - loss: 1.2105 - accuracy: 0.5711
29/98 [=======>......................] - ETA: 6s - loss: 1.2114 - accuracy: 0.5713
30/98 [========>.....................] - ETA: 6s - loss: 1.2104 - accuracy: 0.5713
31/98 [========>.....................] - ETA: 6s - loss: 1.2068 - accuracy: 0.5731
32/98 [========>.....................] - ETA: 6s - loss: 1.2031 - accuracy: 0.5742
33/98 [=========>....................] - ETA: 6s - loss: 1.2029 - accuracy: 0.5742
34/98 [=========>....................] - ETA: 5s - loss: 1.2018 - accuracy: 0.5737
35/98 [=========>....................] - ETA: 5s - loss: 1.2019 - accuracy: 0.5737
36/98 [==========>...................] - ETA: 5s - loss: 1.2003 - accuracy: 0.5742
37/98 [==========>...................] - ETA: 5s - loss: 1.1981 - accuracy: 0.5752
38/98 [==========>...................] - ETA: 5s - loss: 1.1953 - accuracy: 0.5757
39/98 [==========>...................] - ETA: 5s - loss: 1.1937 - accuracy: 0.5767
40/98 [===========>..................] - ETA: 5s - loss: 1.1929 - accuracy: 0.5770
41/98 [===========>..................] - ETA: 5s - loss: 1.1896 - accuracy: 0.5783
42/98 [===========>..................] - ETA: 5s - loss: 1.1892 - accuracy: 0.5788
43/98 [============>.................] - ETA: 5s - loss: 1.1863 - accuracy: 0.5797
44/98 [============>.................] - ETA: 5s - loss: 1.1839 - accuracy: 0.5805
45/98 [============>.................] - ETA: 4s - loss: 1.1818 - accuracy: 0.5817
46/98 [=============>................] - ETA: 4s - loss: 1.1814 - accuracy: 0.5820
47/98 [=============>................] - ETA: 4s - loss: 1.1818 - accuracy: 0.5819
48/98 [=============>................] - ETA: 4s - loss: 1.1807 - accuracy: 0.5826
49/98 [==============>...............] - ETA: 4s - loss: 1.1789 - accuracy: 0.5833
50/98 [==============>...............] - ETA: 4s - loss: 1.1787 - accuracy: 0.5833
51/98 [==============>...............] - ETA: 4s - loss: 1.1784 - accuracy: 0.5837
52/98 [==============>...............] - ETA: 4s - loss: 1.1777 - accuracy: 0.5835
53/98 [===============>..............] - ETA: 4s - loss: 1.1762 - accuracy: 0.5841
54/98 [===============>..............] - ETA: 4s - loss: 1.1768 - accuracy: 0.5839
55/98 [===============>..............] - ETA: 4s - loss: 1.1759 - accuracy: 0.5843
56/98 [================>.............] - ETA: 4s - loss: 1.1753 - accuracy: 0.5845
57/98 [================>.............] - ETA: 3s - loss: 1.1752 - accuracy: 0.5845
58/98 [================>.............] - ETA: 3s - loss: 1.1718 - accuracy: 0.5853
59/98 [=================>............] - ETA: 3s - loss: 1.1703 - accuracy: 0.5857
60/98 [=================>............] - ETA: 3s - loss: 1.1690 - accuracy: 0.5856
61/98 [=================>............] - ETA: 3s - loss: 1.1681 - accuracy: 0.5858
62/98 [=================>............] - ETA: 3s - loss: 1.1678 - accuracy: 0.5859
63/98 [==================>...........] - ETA: 3s - loss: 1.1653 - accuracy: 0.5867
64/98 [==================>...........] - ETA: 3s - loss: 1.1642 - accuracy: 0.5866
65/98 [==================>...........] - ETA: 3s - loss: 1.1639 - accuracy: 0.5867
66/98 [===================>..........] - ETA: 3s - loss: 1.1644 - accuracy: 0.5864
67/98 [===================>..........] - ETA: 3s - loss: 1.1643 - accuracy: 0.5865
68/98 [===================>..........] - ETA: 2s - loss: 1.1640 - accuracy: 0.5863
69/98 [====================>.........] - ETA: 2s - loss: 1.1635 - accuracy: 0.5867
70/98 [====================>.........] - ETA: 2s - loss: 1.1632 - accuracy: 0.5865
71/98 [====================>.........] - ETA: 2s - loss: 1.1612 - accuracy: 0.5877
72/98 [=====================>........] - ETA: 2s - loss: 1.1604 - accuracy: 0.5879
73/98 [=====================>........] - ETA: 2s - loss: 1.1591 - accuracy: 0.5885
74/98 [=====================>........] - ETA: 2s - loss: 1.1580 - accuracy: 0.5890
75/98 [=====================>........] - ETA: 2s - loss: 1.1569 - accuracy: 0.5893
76/98 [======================>.......] - ETA: 2s - loss: 1.1565 - accuracy: 0.5895
77/98 [======================>.......] - ETA: 2s - loss: 1.1566 - accuracy: 0.5898
78/98 [======================>.......] - ETA: 1s - loss: 1.1550 - accuracy: 0.5903
79/98 [=======================>......] - ETA: 1s - loss: 1.1548 - accuracy: 0.5902
80/98 [=======================>......] - ETA: 1s - loss: 1.1542 - accuracy: 0.5903
81/98 [=======================>......] - ETA: 1s - loss: 1.1532 - accuracy: 0.5910
82/98 [========================>.....] - ETA: 1s - loss: 1.1520 - accuracy: 0.5915
83/98 [========================>.....] - ETA: 1s - loss: 1.1510 - accuracy: 0.5918
84/98 [========================>.....] - ETA: 1s - loss: 1.1502 - accuracy: 0.5920
85/98 [=========================>....] - ETA: 1s - loss: 1.1498 - accuracy: 0.5921
86/98 [=========================>....] - ETA: 1s - loss: 1.1492 - accuracy: 0.5925
87/98 [=========================>....] - ETA: 1s - loss: 1.1490 - accuracy: 0.5925
88/98 [=========================>....] - ETA: 0s - loss: 1.1485 - accuracy: 0.5927
89/98 [==========================>...] - ETA: 0s - loss: 1.1479 - accuracy: 0.5928
90/98 [==========================>...] - ETA: 0s - loss: 1.1470 - accuracy: 0.5931
91/98 [==========================>...] - ETA: 0s - loss: 1.1462 - accuracy: 0.5935
92/98 [===========================>..] - ETA: 0s - loss: 1.1456 - accuracy: 0.5935
93/98 [===========================>..] - ETA: 0s - loss: 1.1449 - accuracy: 0.5939
94/98 [===========================>..] - ETA: 0s - loss: 1.1440 - accuracy: 0.5941
95/98 [============================>.] - ETA: 0s - loss: 1.1440 - accuracy: 0.5941
96/98 [============================>.] - ETA: 0s - loss: 1.1434 - accuracy: 0.5943
97/98 [============================>.] - ETA: 0s - loss: 1.1435 - accuracy: 0.5943
98/98 [==============================] - ETA: 0s - loss: 1.1427 - accuracy: 0.5948
98/98 [==============================] - 11s 112ms/step - loss: 1.1427 - accuracy: 0.5948 - val_loss: 2.1109 - val_accuracy: 0.3351
Epoch 4/84

 1/98 [..............................] - ETA: 10s - loss: 1.0349 - accuracy: 0.6387
 2/98 [..............................] - ETA: 10s - loss: 1.0216 - accuracy: 0.6455
 3/98 [..............................] - ETA: 10s - loss: 1.0334 - accuracy: 0.6419
 4/98 [>.............................] - ETA: 9s - loss: 1.0222 - accuracy: 0.6416 
 5/98 [>.............................] - ETA: 9s - loss: 1.0240 - accuracy: 0.6410
 6/98 [>.............................] - ETA: 9s - loss: 1.0427 - accuracy: 0.6380
 7/98 [=>............................] - ETA: 9s - loss: 1.0353 - accuracy: 0.6364
 8/98 [=>............................] - ETA: 8s - loss: 1.0277 - accuracy: 0.6370
 9/98 [=>............................] - ETA: 8s - loss: 1.0314 - accuracy: 0.6345
10/98 [==>...........................] - ETA: 8s - loss: 1.0261 - accuracy: 0.6359
11/98 [==>...........................] - ETA: 8s - loss: 1.0267 - accuracy: 0.6353
12/98 [==>...........................] - ETA: 7s - loss: 1.0284 - accuracy: 0.6333
13/98 [==>...........................] - ETA: 7s - loss: 1.0318 - accuracy: 0.6307
14/98 [===>..........................] - ETA: 7s - loss: 1.0349 - accuracy: 0.6314
15/98 [===>..........................] - ETA: 7s - loss: 1.0357 - accuracy: 0.6329
16/98 [===>..........................] - ETA: 7s - loss: 1.0350 - accuracy: 0.6327
17/98 [====>.........................] - ETA: 7s - loss: 1.0307 - accuracy: 0.6337
19/98 [====>.........................] - ETA: 6s - loss: 1.0240 - accuracy: 0.6359
20/98 [=====>........................] - ETA: 6s - loss: 1.0227 - accuracy: 0.6354
21/98 [=====>........................] - ETA: 6s - loss: 1.0238 - accuracy: 0.6352
22/98 [=====>........................] - ETA: 6s - loss: 1.0248 - accuracy: 0.6362
23/98 [======>.......................] - ETA: 6s - loss: 1.0239 - accuracy: 0.6362
24/98 [======>.......................] - ETA: 6s - loss: 1.0234 - accuracy: 0.6350
25/98 [======>.......................] - ETA: 6s - loss: 1.0204 - accuracy: 0.6366
26/98 [======>.......................] - ETA: 6s - loss: 1.0230 - accuracy: 0.6368
27/98 [=======>......................] - ETA: 6s - loss: 1.0249 - accuracy: 0.6353
28/98 [=======>......................] - ETA: 6s - loss: 1.0235 - accuracy: 0.6357
29/98 [=======>......................] - ETA: 6s - loss: 1.0224 - accuracy: 0.6371
30/98 [========>.....................] - ETA: 6s - loss: 1.0220 - accuracy: 0.6376
31/98 [========>.....................] - ETA: 5s - loss: 1.0201 - accuracy: 0.6382
32/98 [========>.....................] - ETA: 5s - loss: 1.0180 - accuracy: 0.6388
33/98 [=========>....................] - ETA: 5s - loss: 1.0196 - accuracy: 0.6377
34/98 [=========>....................] - ETA: 5s - loss: 1.0195 - accuracy: 0.6382
35/98 [=========>....................] - ETA: 5s - loss: 1.0196 - accuracy: 0.6389
36/98 [==========>...................] - ETA: 5s - loss: 1.0190 - accuracy: 0.6396
37/98 [==========>...................] - ETA: 5s - loss: 1.0166 - accuracy: 0.6401
38/98 [==========>...................] - ETA: 5s - loss: 1.0188 - accuracy: 0.6390
39/98 [==========>...................] - ETA: 5s - loss: 1.0198 - accuracy: 0.6378
40/98 [===========>..................] - ETA: 5s - loss: 1.0207 - accuracy: 0.6380
41/98 [===========>..................] - ETA: 5s - loss: 1.0204 - accuracy: 0.6384
42/98 [===========>..................] - ETA: 5s - loss: 1.0209 - accuracy: 0.6390
43/98 [============>.................] - ETA: 5s - loss: 1.0229 - accuracy: 0.6383
44/98 [============>.................] - ETA: 5s - loss: 1.0216 - accuracy: 0.6390
45/98 [============>.................] - ETA: 4s - loss: 1.0220 - accuracy: 0.6388
46/98 [=============>................] - ETA: 4s - loss: 1.0204 - accuracy: 0.6391
47/98 [=============>................] - ETA: 4s - loss: 1.0202 - accuracy: 0.6396
48/98 [=============>................] - ETA: 4s - loss: 1.0197 - accuracy: 0.6398
49/98 [==============>...............] - ETA: 4s - loss: 1.0178 - accuracy: 0.6403
50/98 [==============>...............] - ETA: 4s - loss: 1.0168 - accuracy: 0.6404
51/98 [==============>...............] - ETA: 4s - loss: 1.0163 - accuracy: 0.6407
52/98 [==============>...............] - ETA: 4s - loss: 1.0161 - accuracy: 0.6403
53/98 [===============>..............] - ETA: 4s - loss: 1.0167 - accuracy: 0.6404
54/98 [===============>..............] - ETA: 4s - loss: 1.0155 - accuracy: 0.6407
55/98 [===============>..............] - ETA: 4s - loss: 1.0142 - accuracy: 0.6412
56/98 [================>.............] - ETA: 4s - loss: 1.0130 - accuracy: 0.6416
57/98 [================>.............] - ETA: 3s - loss: 1.0130 - accuracy: 0.6419
58/98 [================>.............] - ETA: 3s - loss: 1.0120 - accuracy: 0.6428
59/98 [=================>............] - ETA: 3s - loss: 1.0100 - accuracy: 0.6434
60/98 [=================>............] - ETA: 3s - loss: 1.0102 - accuracy: 0.6438
61/98 [=================>............] - ETA: 3s - loss: 1.0085 - accuracy: 0.6439
62/98 [=================>............] - ETA: 3s - loss: 1.0074 - accuracy: 0.6445
63/98 [==================>...........] - ETA: 3s - loss: 1.0069 - accuracy: 0.6446
64/98 [==================>...........] - ETA: 3s - loss: 1.0063 - accuracy: 0.6446
65/98 [==================>...........] - ETA: 3s - loss: 1.0053 - accuracy: 0.6453
66/98 [===================>..........] - ETA: 3s - loss: 1.0047 - accuracy: 0.6456
67/98 [===================>..........] - ETA: 3s - loss: 1.0041 - accuracy: 0.6458
68/98 [===================>..........] - ETA: 2s - loss: 1.0029 - accuracy: 0.6462
69/98 [====================>.........] - ETA: 2s - loss: 1.0026 - accuracy: 0.6464
70/98 [====================>.........] - ETA: 2s - loss: 1.0023 - accuracy: 0.6462
71/98 [====================>.........] - ETA: 2s - loss: 1.0021 - accuracy: 0.6461
72/98 [=====================>........] - ETA: 2s - loss: 1.0009 - accuracy: 0.6465
73/98 [=====================>........] - ETA: 2s - loss: 1.0007 - accuracy: 0.6466
74/98 [=====================>........] - ETA: 2s - loss: 0.9996 - accuracy: 0.6467
75/98 [=====================>........] - ETA: 2s - loss: 0.9989 - accuracy: 0.6471
76/98 [======================>.......] - ETA: 2s - loss: 0.9984 - accuracy: 0.6475
77/98 [======================>.......] - ETA: 2s - loss: 0.9985 - accuracy: 0.6475
78/98 [======================>.......] - ETA: 1s - loss: 0.9988 - accuracy: 0.6478
79/98 [=======================>......] - ETA: 1s - loss: 0.9993 - accuracy: 0.6478
80/98 [=======================>......] - ETA: 1s - loss: 0.9973 - accuracy: 0.6486
81/98 [=======================>......] - ETA: 1s - loss: 0.9977 - accuracy: 0.6485
82/98 [========================>.....] - ETA: 1s - loss: 0.9967 - accuracy: 0.6488
83/98 [========================>.....] - ETA: 1s - loss: 0.9957 - accuracy: 0.6495
84/98 [========================>.....] - ETA: 1s - loss: 0.9953 - accuracy: 0.6495
85/98 [=========================>....] - ETA: 1s - loss: 0.9949 - accuracy: 0.6498
86/98 [=========================>....] - ETA: 1s - loss: 0.9944 - accuracy: 0.6501
87/98 [=========================>....] - ETA: 1s - loss: 0.9944 - accuracy: 0.6501
88/98 [=========================>....] - ETA: 0s - loss: 0.9946 - accuracy: 0.6501
89/98 [==========================>...] - ETA: 0s - loss: 0.9947 - accuracy: 0.6502
90/98 [==========================>...] - ETA: 0s - loss: 0.9940 - accuracy: 0.6503
91/98 [==========================>...] - ETA: 0s - loss: 0.9942 - accuracy: 0.6501
92/98 [===========================>..] - ETA: 0s - loss: 0.9938 - accuracy: 0.6501
93/98 [===========================>..] - ETA: 0s - loss: 0.9941 - accuracy: 0.6503
94/98 [===========================>..] - ETA: 0s - loss: 0.9932 - accuracy: 0.6508
95/98 [============================>.] - ETA: 0s - loss: 0.9928 - accuracy: 0.6510
96/98 [============================>.] - ETA: 0s - loss: 0.9923 - accuracy: 0.6512
97/98 [============================>.] - ETA: 0s - loss: 0.9916 - accuracy: 0.6513
98/98 [==============================] - ETA: 0s - loss: 0.9922 - accuracy: 0.6512
98/98 [==============================] - 11s 110ms/step - loss: 0.9922 - accuracy: 0.6512 - val_loss: 1.3678 - val_accuracy: 0.5175
Epoch 5/84

 1/98 [..............................] - ETA: 9s - loss: 0.9026 - accuracy: 0.6836
 2/98 [..............................] - ETA: 7s - loss: 0.8915 - accuracy: 0.6875
 3/98 [..............................] - ETA: 7s - loss: 0.8959 - accuracy: 0.6882
 5/98 [>.............................] - ETA: 6s - loss: 0.9030 - accuracy: 0.6879
 6/98 [>.............................] - ETA: 6s - loss: 0.9011 - accuracy: 0.6868
 7/98 [=>............................] - ETA: 6s - loss: 0.9078 - accuracy: 0.6813
 8/98 [=>............................] - ETA: 6s - loss: 0.9133 - accuracy: 0.6809
 9/98 [=>............................] - ETA: 6s - loss: 0.9146 - accuracy: 0.6794
10/98 [==>...........................] - ETA: 6s - loss: 0.9149 - accuracy: 0.6786
11/98 [==>...........................] - ETA: 6s - loss: 0.9124 - accuracy: 0.6794
12/98 [==>...........................] - ETA: 6s - loss: 0.9103 - accuracy: 0.6815
13/98 [==>...........................] - ETA: 6s - loss: 0.9135 - accuracy: 0.6818
14/98 [===>..........................] - ETA: 6s - loss: 0.9148 - accuracy: 0.6811
15/98 [===>..........................] - ETA: 6s - loss: 0.9121 - accuracy: 0.6814
16/98 [===>..........................] - ETA: 7s - loss: 0.9116 - accuracy: 0.6808
17/98 [====>.........................] - ETA: 7s - loss: 0.9065 - accuracy: 0.6823
18/98 [====>.........................] - ETA: 6s - loss: 0.9091 - accuracy: 0.6815
19/98 [====>.........................] - ETA: 6s - loss: 0.9059 - accuracy: 0.6833
20/98 [=====>........................] - ETA: 6s - loss: 0.9100 - accuracy: 0.6815
21/98 [=====>........................] - ETA: 6s - loss: 0.9089 - accuracy: 0.6826
22/98 [=====>........................] - ETA: 6s - loss: 0.9134 - accuracy: 0.6798
23/98 [======>.......................] - ETA: 6s - loss: 0.9124 - accuracy: 0.6795
24/98 [======>.......................] - ETA: 6s - loss: 0.9120 - accuracy: 0.6792
25/98 [======>.......................] - ETA: 6s - loss: 0.9119 - accuracy: 0.6787
26/98 [======>.......................] - ETA: 6s - loss: 0.9115 - accuracy: 0.6790
27/98 [=======>......................] - ETA: 6s - loss: 0.9100 - accuracy: 0.6795
28/98 [=======>......................] - ETA: 6s - loss: 0.9079 - accuracy: 0.6806
29/98 [=======>......................] - ETA: 6s - loss: 0.9063 - accuracy: 0.6815
30/98 [========>.....................] - ETA: 6s - loss: 0.9075 - accuracy: 0.6814
31/98 [========>.....................] - ETA: 6s - loss: 0.9078 - accuracy: 0.6818
32/98 [========>.....................] - ETA: 6s - loss: 0.9096 - accuracy: 0.6815
33/98 [=========>....................] - ETA: 6s - loss: 0.9109 - accuracy: 0.6807
34/98 [=========>....................] - ETA: 6s - loss: 0.9114 - accuracy: 0.6809
35/98 [=========>....................] - ETA: 6s - loss: 0.9129 - accuracy: 0.6801
36/98 [==========>...................] - ETA: 5s - loss: 0.9139 - accuracy: 0.6789
37/98 [==========>...................] - ETA: 5s - loss: 0.9138 - accuracy: 0.6790
38/98 [==========>...................] - ETA: 5s - loss: 0.9148 - accuracy: 0.6784
39/98 [==========>...................] - ETA: 5s - loss: 0.9152 - accuracy: 0.6786
40/98 [===========>..................] - ETA: 5s - loss: 0.9153 - accuracy: 0.6788
41/98 [===========>..................] - ETA: 5s - loss: 0.9152 - accuracy: 0.6788
42/98 [===========>..................] - ETA: 5s - loss: 0.9180 - accuracy: 0.6777
43/98 [============>.................] - ETA: 5s - loss: 0.9166 - accuracy: 0.6781
44/98 [============>.................] - ETA: 5s - loss: 0.9156 - accuracy: 0.6784
45/98 [============>.................] - ETA: 5s - loss: 0.9170 - accuracy: 0.6782
46/98 [=============>................] - ETA: 5s - loss: 0.9181 - accuracy: 0.6777
