2024-06-26 17:49:09.429573: I tensorflow/core/platform/cpu_feature_guard.cc:193] This TensorFlow binary is optimized with oneAPI Deep Neural Network Library (oneDNN) to use the following CPU instructions in performance-critical operations:  AVX AVX2
To enable them in other operations, rebuild TensorFlow with the appropriate compiler flags.
2024-06-26 17:49:10.024405: I tensorflow/core/common_runtime/gpu/gpu_device.cc:1616] Created device /job:localhost/replica:0/task:0/device:GPU:0 with 6656 MB memory:  -> device: 0, name: NVIDIA GeForce RTX 4060 Ti, pci bus id: 0000:01:00.0, compute capability: 8.9
1 Physical GPUs, 1 Logical GPUs
Model: "sequential"
_________________________________________________________________
 Layer (type)                Output Shape              Param #   
=================================================================
 conv2d (Conv2D)             (None, 32, 32, 32)        896       
                                                                 
 batch_normalization (BatchN  (None, 32, 32, 32)       128       
 ormalization)                                                   
                                                                 
 conv2d_1 (Conv2D)           (None, 32, 32, 64)        51264     
                                                                 
 max_pooling2d (MaxPooling2D  (None, 16, 16, 64)       0         
 )                                                               
                                                                 
 conv2d_2 (Conv2D)           (None, 16, 16, 32)        165920    
                                                                 
 max_pooling2d_1 (MaxPooling  (None, 8, 8, 32)         0         
 2D)                                                             
                                                                 
 batch_normalization_1 (Batc  (None, 8, 8, 32)         128       
 hNormalization)                                                 
                                                                 
 dropout (Dropout)           (None, 8, 8, 32)          0         
                                                                 
 flatten (Flatten)           (None, 2048)              0         
                                                                 
 dense (Dense)               (None, 10)                20490     
                                                                 
=================================================================
Total params: 238,826
Trainable params: 238,698
Non-trainable params: 128
_________________________________________________________________
Taxa de aprendizado:  0.01 Num de épocas:  84 Tamanho do lote:  512 Dropout:  0.40907
Epoch 1/84
2024-06-26 17:49:11.465418: I tensorflow/stream_executor/cuda/cuda_dnn.cc:384] Loaded cuDNN version 8100
2024-06-26 17:49:12.331275: W tensorflow/stream_executor/gpu/redzone_allocator.cc:314] INTERNAL: ptxas exited with non-zero error code -1, output: 
Relying on driver to perform ptx compilation. 
Modify $PATH to customize ptxas location.
This message will be only logged once.
2024-06-26 17:49:13.790481: I tensorflow/stream_executor/cuda/cuda_blas.cc:1614] TensorFloat-32 will be used for the matrix multiplication. This will only be logged once.

 1/98 [..............................] - ETA: 9:18 - loss: 3.3175 - accuracy: 0.1074
 2/98 [..............................] - ETA: 9s - loss: 4.0051 - accuracy: 0.1221  
 3/98 [..............................] - ETA: 9s - loss: 4.3395 - accuracy: 0.1341
 4/98 [>.............................] - ETA: 9s - loss: 4.3582 - accuracy: 0.1372
 5/98 [>.............................] - ETA: 9s - loss: 4.2090 - accuracy: 0.1473
 6/98 [>.............................] - ETA: 9s - loss: 4.0779 - accuracy: 0.1507
 7/98 [=>............................] - ETA: 9s - loss: 3.9298 - accuracy: 0.1537
 8/98 [=>............................] - ETA: 9s - loss: 3.8423 - accuracy: 0.1584
 9/98 [=>............................] - ETA: 9s - loss: 3.7703 - accuracy: 0.1630
10/98 [==>...........................] - ETA: 8s - loss: 3.6682 - accuracy: 0.1676
11/98 [==>...........................] - ETA: 8s - loss: 3.5822 - accuracy: 0.1721
12/98 [==>...........................] - ETA: 8s - loss: 3.5084 - accuracy: 0.1735
13/98 [==>...........................] - ETA: 8s - loss: 3.4404 - accuracy: 0.1777
14/98 [===>..........................] - ETA: 8s - loss: 3.3788 - accuracy: 0.1807
15/98 [===>..........................] - ETA: 8s - loss: 3.3282 - accuracy: 0.1855
16/98 [===>..........................] - ETA: 8s - loss: 3.2717 - accuracy: 0.1885
17/98 [====>.........................] - ETA: 8s - loss: 3.2184 - accuracy: 0.1928
18/98 [====>.........................] - ETA: 8s - loss: 3.1611 - accuracy: 0.1973
19/98 [====>.........................] - ETA: 7s - loss: 3.1169 - accuracy: 0.2015
20/98 [=====>........................] - ETA: 7s - loss: 3.0727 - accuracy: 0.2048
21/98 [=====>........................] - ETA: 7s - loss: 3.0337 - accuracy: 0.2081
22/98 [=====>........................] - ETA: 7s - loss: 2.9945 - accuracy: 0.2116
23/98 [======>.......................] - ETA: 7s - loss: 2.9638 - accuracy: 0.2135
24/98 [======>.......................] - ETA: 7s - loss: 2.9343 - accuracy: 0.2174
25/98 [======>.......................] - ETA: 7s - loss: 2.9082 - accuracy: 0.2201
26/98 [======>.......................] - ETA: 7s - loss: 2.8782 - accuracy: 0.2230
27/98 [=======>......................] - ETA: 7s - loss: 2.8515 - accuracy: 0.2254
28/98 [=======>......................] - ETA: 7s - loss: 2.8306 - accuracy: 0.2268
29/98 [=======>......................] - ETA: 7s - loss: 2.8070 - accuracy: 0.2302
30/98 [========>.....................] - ETA: 6s - loss: 2.7825 - accuracy: 0.2333
31/98 [========>.....................] - ETA: 6s - loss: 2.7567 - accuracy: 0.2363
32/98 [========>.....................] - ETA: 6s - loss: 2.7335 - accuracy: 0.2393
33/98 [=========>....................] - ETA: 6s - loss: 2.7117 - accuracy: 0.2408
34/98 [=========>....................] - ETA: 6s - loss: 2.6887 - accuracy: 0.2433
35/98 [=========>....................] - ETA: 6s - loss: 2.6682 - accuracy: 0.2454
36/98 [==========>...................] - ETA: 6s - loss: 2.6472 - accuracy: 0.2478
37/98 [==========>...................] - ETA: 6s - loss: 2.6293 - accuracy: 0.2495
38/98 [==========>...................] - ETA: 6s - loss: 2.6105 - accuracy: 0.2524
39/98 [==========>...................] - ETA: 6s - loss: 2.5933 - accuracy: 0.2552
40/98 [===========>..................] - ETA: 5s - loss: 2.5780 - accuracy: 0.2577
41/98 [===========>..................] - ETA: 5s - loss: 2.5634 - accuracy: 0.2605
42/98 [===========>..................] - ETA: 5s - loss: 2.5492 - accuracy: 0.2624
43/98 [============>.................] - ETA: 5s - loss: 2.5323 - accuracy: 0.2644
44/98 [============>.................] - ETA: 5s - loss: 2.5201 - accuracy: 0.2654
45/98 [============>.................] - ETA: 5s - loss: 2.5048 - accuracy: 0.2675
46/98 [=============>................] - ETA: 5s - loss: 2.4899 - accuracy: 0.2705
47/98 [=============>................] - ETA: 5s - loss: 2.4793 - accuracy: 0.2721
48/98 [=============>................] - ETA: 5s - loss: 2.4671 - accuracy: 0.2741
49/98 [==============>...............] - ETA: 4s - loss: 2.4546 - accuracy: 0.2760
50/98 [==============>...............] - ETA: 4s - loss: 2.4437 - accuracy: 0.2781
51/98 [==============>...............] - ETA: 4s - loss: 2.4318 - accuracy: 0.2795
52/98 [==============>...............] - ETA: 4s - loss: 2.4195 - accuracy: 0.2812
53/98 [===============>..............] - ETA: 4s - loss: 2.4089 - accuracy: 0.2827
54/98 [===============>..............] - ETA: 4s - loss: 2.3990 - accuracy: 0.2833
55/98 [===============>..............] - ETA: 4s - loss: 2.3861 - accuracy: 0.2860
56/98 [================>.............] - ETA: 4s - loss: 2.3752 - accuracy: 0.2877
57/98 [================>.............] - ETA: 4s - loss: 2.3667 - accuracy: 0.2890
58/98 [================>.............] - ETA: 4s - loss: 2.3561 - accuracy: 0.2905
59/98 [=================>............] - ETA: 3s - loss: 2.3475 - accuracy: 0.2919
60/98 [=================>............] - ETA: 3s - loss: 2.3380 - accuracy: 0.2935
61/98 [=================>............] - ETA: 3s - loss: 2.3276 - accuracy: 0.2957
62/98 [=================>............] - ETA: 3s - loss: 2.3189 - accuracy: 0.2972
63/98 [==================>...........] - ETA: 3s - loss: 2.3100 - accuracy: 0.2982
64/98 [==================>...........] - ETA: 3s - loss: 2.3012 - accuracy: 0.2995
65/98 [==================>...........] - ETA: 3s - loss: 2.2925 - accuracy: 0.3010
66/98 [===================>..........] - ETA: 3s - loss: 2.2851 - accuracy: 0.3021
67/98 [===================>..........] - ETA: 3s - loss: 2.2772 - accuracy: 0.3035
69/98 [====================>.........] - ETA: 2s - loss: 2.2612 - accuracy: 0.3064
71/98 [====================>.........] - ETA: 2s - loss: 2.2448 - accuracy: 0.3096
72/98 [=====================>........] - ETA: 2s - loss: 2.2363 - accuracy: 0.3112
73/98 [=====================>........] - ETA: 2s - loss: 2.2287 - accuracy: 0.3127
74/98 [=====================>........] - ETA: 2s - loss: 2.2217 - accuracy: 0.3141
75/98 [=====================>........] - ETA: 2s - loss: 2.2132 - accuracy: 0.3160
76/98 [======================>.......] - ETA: 2s - loss: 2.2051 - accuracy: 0.3174
77/98 [======================>.......] - ETA: 2s - loss: 2.1992 - accuracy: 0.3185
78/98 [======================>.......] - ETA: 1s - loss: 2.1935 - accuracy: 0.3197
79/98 [=======================>......] - ETA: 1s - loss: 2.1866 - accuracy: 0.3207
80/98 [=======================>......] - ETA: 1s - loss: 2.1803 - accuracy: 0.3217
81/98 [=======================>......] - ETA: 1s - loss: 2.1738 - accuracy: 0.3228
82/98 [========================>.....] - ETA: 1s - loss: 2.1679 - accuracy: 0.3242
83/98 [========================>.....] - ETA: 1s - loss: 2.1609 - accuracy: 0.3256
84/98 [========================>.....] - ETA: 1s - loss: 2.1545 - accuracy: 0.3268
85/98 [=========================>....] - ETA: 1s - loss: 2.1488 - accuracy: 0.3276
86/98 [=========================>....] - ETA: 1s - loss: 2.1442 - accuracy: 0.3289
87/98 [=========================>....] - ETA: 1s - loss: 2.1385 - accuracy: 0.3300
88/98 [=========================>....] - ETA: 0s - loss: 2.1334 - accuracy: 0.3307
89/98 [==========================>...] - ETA: 0s - loss: 2.1282 - accuracy: 0.3317
90/98 [==========================>...] - ETA: 0s - loss: 2.1233 - accuracy: 0.3324
91/98 [==========================>...] - ETA: 0s - loss: 2.1176 - accuracy: 0.3335
92/98 [===========================>..] - ETA: 0s - loss: 2.1141 - accuracy: 0.3342
93/98 [===========================>..] - ETA: 0s - loss: 2.1081 - accuracy: 0.3354
94/98 [===========================>..] - ETA: 0s - loss: 2.1020 - accuracy: 0.3364
95/98 [============================>.] - ETA: 0s - loss: 2.0972 - accuracy: 0.3373
96/98 [============================>.] - ETA: 0s - loss: 2.0926 - accuracy: 0.3379
97/98 [============================>.] - ETA: 0s - loss: 2.0875 - accuracy: 0.3387
98/98 [==============================] - ETA: 0s - loss: 2.0827 - accuracy: 0.3396
98/98 [==============================] - 18s 131ms/step - loss: 2.0827 - accuracy: 0.3396 - val_loss: 1.8393 - val_accuracy: 0.3368
Epoch 2/84

 1/98 [..............................] - ETA: 10s - loss: 1.6894 - accuracy: 0.4180
 2/98 [..............................] - ETA: 10s - loss: 1.6393 - accuracy: 0.4414
 3/98 [..............................] - ETA: 9s - loss: 1.6117 - accuracy: 0.4440 
 4/98 [>.............................] - ETA: 9s - loss: 1.6084 - accuracy: 0.4346
 5/98 [>.............................] - ETA: 9s - loss: 1.5991 - accuracy: 0.4328
 6/98 [>.............................] - ETA: 8s - loss: 1.5965 - accuracy: 0.4302
 7/98 [=>............................] - ETA: 9s - loss: 1.5946 - accuracy: 0.4319
 8/98 [=>............................] - ETA: 8s - loss: 1.5871 - accuracy: 0.4344
 9/98 [=>............................] - ETA: 8s - loss: 1.5811 - accuracy: 0.4348
10/98 [==>...........................] - ETA: 8s - loss: 1.5793 - accuracy: 0.4365
11/98 [==>...........................] - ETA: 8s - loss: 1.5661 - accuracy: 0.4408
12/98 [==>...........................] - ETA: 8s - loss: 1.5702 - accuracy: 0.4422
13/98 [==>...........................] - ETA: 8s - loss: 1.5762 - accuracy: 0.4406
14/98 [===>..........................] - ETA: 8s - loss: 1.5747 - accuracy: 0.4411
15/98 [===>..........................] - ETA: 8s - loss: 1.5816 - accuracy: 0.4402
16/98 [===>..........................] - ETA: 8s - loss: 1.5754 - accuracy: 0.4415
17/98 [====>.........................] - ETA: 8s - loss: 1.5755 - accuracy: 0.4404
18/98 [====>.........................] - ETA: 8s - loss: 1.5813 - accuracy: 0.4373
19/98 [====>.........................] - ETA: 8s - loss: 1.5747 - accuracy: 0.4388
20/98 [=====>........................] - ETA: 7s - loss: 1.5734 - accuracy: 0.4387
21/98 [=====>........................] - ETA: 7s - loss: 1.5728 - accuracy: 0.4388
22/98 [=====>........................] - ETA: 7s - loss: 1.5679 - accuracy: 0.4416
23/98 [======>.......................] - ETA: 7s - loss: 1.5659 - accuracy: 0.4419
24/98 [======>.......................] - ETA: 7s - loss: 1.5649 - accuracy: 0.4420
25/98 [======>.......................] - ETA: 7s - loss: 1.5615 - accuracy: 0.4436
26/98 [======>.......................] - ETA: 7s - loss: 1.5578 - accuracy: 0.4444
27/98 [=======>......................] - ETA: 7s - loss: 1.5550 - accuracy: 0.4454
28/98 [=======>......................] - ETA: 7s - loss: 1.5522 - accuracy: 0.4463
29/98 [=======>......................] - ETA: 7s - loss: 1.5528 - accuracy: 0.4463
30/98 [========>.....................] - ETA: 6s - loss: 1.5509 - accuracy: 0.4467
31/98 [========>.....................] - ETA: 6s - loss: 1.5500 - accuracy: 0.4469
32/98 [========>.....................] - ETA: 6s - loss: 1.5477 - accuracy: 0.4477
33/98 [=========>....................] - ETA: 6s - loss: 1.5490 - accuracy: 0.4472
34/98 [=========>....................] - ETA: 6s - loss: 1.5441 - accuracy: 0.4481
35/98 [=========>....................] - ETA: 6s - loss: 1.5415 - accuracy: 0.4492
36/98 [==========>...................] - ETA: 6s - loss: 1.5398 - accuracy: 0.4494
37/98 [==========>...................] - ETA: 6s - loss: 1.5414 - accuracy: 0.4480
38/98 [==========>...................] - ETA: 5s - loss: 1.5400 - accuracy: 0.4483
39/98 [==========>...................] - ETA: 5s - loss: 1.5380 - accuracy: 0.4489
40/98 [===========>..................] - ETA: 5s - loss: 1.5357 - accuracy: 0.4496
41/98 [===========>..................] - ETA: 5s - loss: 1.5328 - accuracy: 0.4505
42/98 [===========>..................] - ETA: 5s - loss: 1.5326 - accuracy: 0.4507
43/98 [============>.................] - ETA: 5s - loss: 1.5311 - accuracy: 0.4508
44/98 [============>.................] - ETA: 5s - loss: 1.5297 - accuracy: 0.4514
45/98 [============>.................] - ETA: 5s - loss: 1.5265 - accuracy: 0.4532
46/98 [=============>................] - ETA: 4s - loss: 1.5267 - accuracy: 0.4539
47/98 [=============>................] - ETA: 4s - loss: 1.5269 - accuracy: 0.4541
48/98 [=============>................] - ETA: 4s - loss: 1.5245 - accuracy: 0.4552
49/98 [==============>...............] - ETA: 4s - loss: 1.5211 - accuracy: 0.4558
50/98 [==============>...............] - ETA: 4s - loss: 1.5193 - accuracy: 0.4560
51/98 [==============>...............] - ETA: 4s - loss: 1.5179 - accuracy: 0.4565
52/98 [==============>...............] - ETA: 4s - loss: 1.5174 - accuracy: 0.4569
53/98 [===============>..............] - ETA: 4s - loss: 1.5158 - accuracy: 0.4580
54/98 [===============>..............] - ETA: 4s - loss: 1.5145 - accuracy: 0.4584
55/98 [===============>..............] - ETA: 4s - loss: 1.5142 - accuracy: 0.4585
56/98 [================>.............] - ETA: 4s - loss: 1.5148 - accuracy: 0.4589
57/98 [================>.............] - ETA: 3s - loss: 1.5124 - accuracy: 0.4597
58/98 [================>.............] - ETA: 3s - loss: 1.5097 - accuracy: 0.4609
59/98 [=================>............] - ETA: 3s - loss: 1.5063 - accuracy: 0.4622
60/98 [=================>............] - ETA: 3s - loss: 1.5064 - accuracy: 0.4624
61/98 [=================>............] - ETA: 3s - loss: 1.5045 - accuracy: 0.4633
62/98 [=================>............] - ETA: 3s - loss: 1.5021 - accuracy: 0.4639
63/98 [==================>...........] - ETA: 3s - loss: 1.5017 - accuracy: 0.4640
64/98 [==================>...........] - ETA: 3s - loss: 1.4993 - accuracy: 0.4646
65/98 [==================>...........] - ETA: 3s - loss: 1.4988 - accuracy: 0.4648
66/98 [===================>..........] - ETA: 3s - loss: 1.4977 - accuracy: 0.4651
67/98 [===================>..........] - ETA: 3s - loss: 1.4961 - accuracy: 0.4656
68/98 [===================>..........] - ETA: 2s - loss: 1.4939 - accuracy: 0.4664
69/98 [====================>.........] - ETA: 2s - loss: 1.4920 - accuracy: 0.4669
70/98 [====================>.........] - ETA: 2s - loss: 1.4914 - accuracy: 0.4676
71/98 [====================>.........] - ETA: 2s - loss: 1.4914 - accuracy: 0.4679
72/98 [=====================>........] - ETA: 2s - loss: 1.4909 - accuracy: 0.4680
73/98 [=====================>........] - ETA: 2s - loss: 1.4885 - accuracy: 0.4690
74/98 [=====================>........] - ETA: 2s - loss: 1.4867 - accuracy: 0.4696
75/98 [=====================>........] - ETA: 2s - loss: 1.4852 - accuracy: 0.4701
76/98 [======================>.......] - ETA: 2s - loss: 1.4834 - accuracy: 0.4708
77/98 [======================>.......] - ETA: 2s - loss: 1.4823 - accuracy: 0.4710
78/98 [======================>.......] - ETA: 1s - loss: 1.4803 - accuracy: 0.4713
79/98 [=======================>......] - ETA: 1s - loss: 1.4788 - accuracy: 0.4717
80/98 [=======================>......] - ETA: 1s - loss: 1.4762 - accuracy: 0.4727
81/98 [=======================>......] - ETA: 1s - loss: 1.4749 - accuracy: 0.4737
82/98 [========================>.....] - ETA: 1s - loss: 1.4737 - accuracy: 0.4742
83/98 [========================>.....] - ETA: 1s - loss: 1.4739 - accuracy: 0.4740
84/98 [========================>.....] - ETA: 1s - loss: 1.4730 - accuracy: 0.4742
85/98 [=========================>....] - ETA: 1s - loss: 1.4721 - accuracy: 0.4746
86/98 [=========================>....] - ETA: 1s - loss: 1.4711 - accuracy: 0.4749
87/98 [=========================>....] - ETA: 1s - loss: 1.4702 - accuracy: 0.4752
88/98 [=========================>....] - ETA: 0s - loss: 1.4682 - accuracy: 0.4758
89/98 [==========================>...] - ETA: 0s - loss: 1.4668 - accuracy: 0.4764
90/98 [==========================>...] - ETA: 0s - loss: 1.4662 - accuracy: 0.4765
91/98 [==========================>...] - ETA: 0s - loss: 1.4649 - accuracy: 0.4769
92/98 [===========================>..] - ETA: 0s - loss: 1.4632 - accuracy: 0.4772
93/98 [===========================>..] - ETA: 0s - loss: 1.4607 - accuracy: 0.4781
94/98 [===========================>..] - ETA: 0s - loss: 1.4589 - accuracy: 0.4784
95/98 [============================>.] - ETA: 0s - loss: 1.4581 - accuracy: 0.4784
96/98 [============================>.] - ETA: 0s - loss: 1.4573 - accuracy: 0.4786
97/98 [============================>.] - ETA: 0s - loss: 1.4561 - accuracy: 0.4789
98/98 [==============================] - ETA: 0s - loss: 1.4547 - accuracy: 0.4793
98/98 [==============================] - 11s 112ms/step - loss: 1.4547 - accuracy: 0.4793 - val_loss: 1.9267 - val_accuracy: 0.3166
Epoch 3/84

 1/98 [..............................] - ETA: 12s - loss: 1.2483 - accuracy: 0.5605
 2/98 [..............................] - ETA: 10s - loss: 1.2947 - accuracy: 0.5342
 3/98 [..............................] - ETA: 9s - loss: 1.2897 - accuracy: 0.5306 
 4/98 [>.............................] - ETA: 9s - loss: 1.3120 - accuracy: 0.5234
 5/98 [>.............................] - ETA: 9s - loss: 1.3022 - accuracy: 0.5297
 6/98 [>.............................] - ETA: 9s - loss: 1.2904 - accuracy: 0.5345
 7/98 [=>............................] - ETA: 9s - loss: 1.2986 - accuracy: 0.5318
 8/98 [=>............................] - ETA: 9s - loss: 1.2970 - accuracy: 0.5322
 9/98 [=>............................] - ETA: 9s - loss: 1.2855 - accuracy: 0.5360
10/98 [==>...........................] - ETA: 9s - loss: 1.2910 - accuracy: 0.5344
11/98 [==>...........................] - ETA: 8s - loss: 1.2893 - accuracy: 0.5355
12/98 [==>...........................] - ETA: 8s - loss: 1.2865 - accuracy: 0.5381
13/98 [==>...........................] - ETA: 8s - loss: 1.2893 - accuracy: 0.5373
14/98 [===>..........................] - ETA: 8s - loss: 1.2895 - accuracy: 0.5364
15/98 [===>..........................] - ETA: 8s - loss: 1.2877 - accuracy: 0.5374
16/98 [===>..........................] - ETA: 8s - loss: 1.2899 - accuracy: 0.5363
17/98 [====>.........................] - ETA: 8s - loss: 1.2890 - accuracy: 0.5350
18/98 [====>.........................] - ETA: 8s - loss: 1.2912 - accuracy: 0.5339
19/98 [====>.........................] - ETA: 8s - loss: 1.2922 - accuracy: 0.5331
20/98 [=====>........................] - ETA: 8s - loss: 1.2945 - accuracy: 0.5321
21/98 [=====>........................] - ETA: 7s - loss: 1.2936 - accuracy: 0.5319
22/98 [=====>........................] - ETA: 7s - loss: 1.2904 - accuracy: 0.5327
23/98 [======>.......................] - ETA: 7s - loss: 1.2879 - accuracy: 0.5329
24/98 [======>.......................] - ETA: 7s - loss: 1.2854 - accuracy: 0.5346
25/98 [======>.......................] - ETA: 7s - loss: 1.2833 - accuracy: 0.5361
26/98 [======>.......................] - ETA: 7s - loss: 1.2800 - accuracy: 0.5375
27/98 [=======>......................] - ETA: 6s - loss: 1.2774 - accuracy: 0.5383
28/98 [=======>......................] - ETA: 6s - loss: 1.2781 - accuracy: 0.5391
29/98 [=======>......................] - ETA: 6s - loss: 1.2774 - accuracy: 0.5392
30/98 [========>.....................] - ETA: 6s - loss: 1.2781 - accuracy: 0.5395
31/98 [========>.....................] - ETA: 6s - loss: 1.2747 - accuracy: 0.5405
32/98 [========>.....................] - ETA: 6s - loss: 1.2753 - accuracy: 0.5408
33/98 [=========>....................] - ETA: 6s - loss: 1.2773 - accuracy: 0.5401
34/98 [=========>....................] - ETA: 5s - loss: 1.2753 - accuracy: 0.5410
35/98 [=========>....................] - ETA: 5s - loss: 1.2735 - accuracy: 0.5412
36/98 [==========>...................] - ETA: 5s - loss: 1.2743 - accuracy: 0.5412
37/98 [==========>...................] - ETA: 5s - loss: 1.2745 - accuracy: 0.5420
38/98 [==========>...................] - ETA: 5s - loss: 1.2733 - accuracy: 0.5427
39/98 [==========>...................] - ETA: 5s - loss: 1.2724 - accuracy: 0.5434
40/98 [===========>..................] - ETA: 5s - loss: 1.2718 - accuracy: 0.5438
41/98 [===========>..................] - ETA: 5s - loss: 1.2720 - accuracy: 0.5439
42/98 [===========>..................] - ETA: 5s - loss: 1.2710 - accuracy: 0.5440
43/98 [============>.................] - ETA: 5s - loss: 1.2684 - accuracy: 0.5452
44/98 [============>.................] - ETA: 5s - loss: 1.2678 - accuracy: 0.5453
45/98 [============>.................] - ETA: 5s - loss: 1.2676 - accuracy: 0.5457
46/98 [=============>................] - ETA: 4s - loss: 1.2665 - accuracy: 0.5460
47/98 [=============>................] - ETA: 4s - loss: 1.2649 - accuracy: 0.5468
48/98 [=============>................] - ETA: 4s - loss: 1.2636 - accuracy: 0.5474
49/98 [==============>...............] - ETA: 4s - loss: 1.2624 - accuracy: 0.5475
50/98 [==============>...............] - ETA: 4s - loss: 1.2619 - accuracy: 0.5483
51/98 [==============>...............] - ETA: 4s - loss: 1.2617 - accuracy: 0.5483
52/98 [==============>...............] - ETA: 4s - loss: 1.2612 - accuracy: 0.5488
53/98 [===============>..............] - ETA: 4s - loss: 1.2608 - accuracy: 0.5490
54/98 [===============>..............] - ETA: 4s - loss: 1.2596 - accuracy: 0.5493
55/98 [===============>..............] - ETA: 4s - loss: 1.2585 - accuracy: 0.5494
56/98 [================>.............] - ETA: 4s - loss: 1.2577 - accuracy: 0.5503
57/98 [================>.............] - ETA: 3s - loss: 1.2575 - accuracy: 0.5503
58/98 [================>.............] - ETA: 3s - loss: 1.2572 - accuracy: 0.5507
59/98 [=================>............] - ETA: 3s - loss: 1.2572 - accuracy: 0.5503
60/98 [=================>............] - ETA: 3s - loss: 1.2558 - accuracy: 0.5506
61/98 [=================>............] - ETA: 3s - loss: 1.2563 - accuracy: 0.5506
62/98 [=================>............] - ETA: 3s - loss: 1.2561 - accuracy: 0.5507
63/98 [==================>...........] - ETA: 3s - loss: 1.2547 - accuracy: 0.5513
64/98 [==================>...........] - ETA: 3s - loss: 1.2534 - accuracy: 0.5522
65/98 [==================>...........] - ETA: 3s - loss: 1.2517 - accuracy: 0.5533
66/98 [===================>..........] - ETA: 3s - loss: 1.2507 - accuracy: 0.5536
67/98 [===================>..........] - ETA: 3s - loss: 1.2507 - accuracy: 0.5540
68/98 [===================>..........] - ETA: 2s - loss: 1.2489 - accuracy: 0.5549
69/98 [====================>.........] - ETA: 2s - loss: 1.2485 - accuracy: 0.5552
70/98 [====================>.........] - ETA: 2s - loss: 1.2471 - accuracy: 0.5557
71/98 [====================>.........] - ETA: 2s - loss: 1.2464 - accuracy: 0.5559
72/98 [=====================>........] - ETA: 2s - loss: 1.2451 - accuracy: 0.5567
73/98 [=====================>........] - ETA: 2s - loss: 1.2435 - accuracy: 0.5573
74/98 [=====================>........] - ETA: 2s - loss: 1.2423 - accuracy: 0.5579
75/98 [=====================>........] - ETA: 2s - loss: 1.2420 - accuracy: 0.5577
76/98 [======================>.......] - ETA: 2s - loss: 1.2405 - accuracy: 0.5584
77/98 [======================>.......] - ETA: 2s - loss: 1.2399 - accuracy: 0.5586
78/98 [======================>.......] - ETA: 1s - loss: 1.2397 - accuracy: 0.5587
79/98 [=======================>......] - ETA: 1s - loss: 1.2381 - accuracy: 0.5590
80/98 [=======================>......] - ETA: 1s - loss: 1.2367 - accuracy: 0.5593
81/98 [=======================>......] - ETA: 1s - loss: 1.2367 - accuracy: 0.5592
82/98 [========================>.....] - ETA: 1s - loss: 1.2361 - accuracy: 0.5597
83/98 [========================>.....] - ETA: 1s - loss: 1.2350 - accuracy: 0.5603
84/98 [========================>.....] - ETA: 1s - loss: 1.2335 - accuracy: 0.5610
85/98 [=========================>....] - ETA: 1s - loss: 1.2321 - accuracy: 0.5613
86/98 [=========================>....] - ETA: 1s - loss: 1.2317 - accuracy: 0.5614
87/98 [=========================>....] - ETA: 1s - loss: 1.2298 - accuracy: 0.5620
88/98 [=========================>....] - ETA: 0s - loss: 1.2293 - accuracy: 0.5623
89/98 [==========================>...] - ETA: 0s - loss: 1.2280 - accuracy: 0.5627
90/98 [==========================>...] - ETA: 0s - loss: 1.2274 - accuracy: 0.5630
91/98 [==========================>...] - ETA: 0s - loss: 1.2262 - accuracy: 0.5636
92/98 [===========================>..] - ETA: 0s - loss: 1.2256 - accuracy: 0.5640
93/98 [===========================>..] - ETA: 0s - loss: 1.2254 - accuracy: 0.5643
94/98 [===========================>..] - ETA: 0s - loss: 1.2253 - accuracy: 0.5642
95/98 [============================>.] - ETA: 0s - loss: 1.2239 - accuracy: 0.5646
96/98 [============================>.] - ETA: 0s - loss: 1.2230 - accuracy: 0.5649
97/98 [============================>.] - ETA: 0s - loss: 1.2233 - accuracy: 0.5649
98/98 [==============================] - ETA: 0s - loss: 1.2218 - accuracy: 0.5654
98/98 [==============================] - 11s 111ms/step - loss: 1.2218 - accuracy: 0.5654 - val_loss: 1.8946 - val_accuracy: 0.3551
Epoch 4/84

 1/98 [..............................] - ETA: 10s - loss: 1.0832 - accuracy: 0.6348
 2/98 [..............................] - ETA: 10s - loss: 1.0714 - accuracy: 0.6289
 3/98 [..............................] - ETA: 10s - loss: 1.0983 - accuracy: 0.6139
 4/98 [>.............................] - ETA: 9s - loss: 1.0918 - accuracy: 0.6167 
 5/98 [>.............................] - ETA: 9s - loss: 1.0742 - accuracy: 0.6281
 6/98 [>.............................] - ETA: 9s - loss: 1.0750 - accuracy: 0.6273
 7/98 [=>............................] - ETA: 9s - loss: 1.0764 - accuracy: 0.6236
 8/98 [=>............................] - ETA: 9s - loss: 1.0815 - accuracy: 0.6238
 9/98 [=>............................] - ETA: 8s - loss: 1.0814 - accuracy: 0.6228
10/98 [==>...........................] - ETA: 8s - loss: 1.0794 - accuracy: 0.6229
11/98 [==>...........................] - ETA: 8s - loss: 1.0846 - accuracy: 0.6197
12/98 [==>...........................] - ETA: 7s - loss: 1.0789 - accuracy: 0.6230
13/98 [==>...........................] - ETA: 7s - loss: 1.0771 - accuracy: 0.6230
14/98 [===>..........................] - ETA: 7s - loss: 1.0737 - accuracy: 0.6242
15/98 [===>..........................] - ETA: 7s - loss: 1.0725 - accuracy: 0.6260
16/98 [===>..........................] - ETA: 7s - loss: 1.0681 - accuracy: 0.6274
17/98 [====>.........................] - ETA: 7s - loss: 1.0668 - accuracy: 0.6290
18/98 [====>.........................] - ETA: 6s - loss: 1.0657 - accuracy: 0.6284
19/98 [====>.........................] - ETA: 6s - loss: 1.0650 - accuracy: 0.6289
20/98 [=====>........................] - ETA: 6s - loss: 1.0651 - accuracy: 0.6291
21/98 [=====>........................] - ETA: 6s - loss: 1.0659 - accuracy: 0.6278
22/98 [=====>........................] - ETA: 6s - loss: 1.0674 - accuracy: 0.6276
23/98 [======>.......................] - ETA: 6s - loss: 1.0684 - accuracy: 0.6270
24/98 [======>.......................] - ETA: 6s - loss: 1.0672 - accuracy: 0.6268
25/98 [======>.......................] - ETA: 6s - loss: 1.0676 - accuracy: 0.6264
26/98 [======>.......................] - ETA: 6s - loss: 1.0695 - accuracy: 0.6257
27/98 [=======>......................] - ETA: 6s - loss: 1.0700 - accuracy: 0.6254
28/98 [=======>......................] - ETA: 6s - loss: 1.0705 - accuracy: 0.6245
29/98 [=======>......................] - ETA: 6s - loss: 1.0697 - accuracy: 0.6241
30/98 [========>.....................] - ETA: 6s - loss: 1.0725 - accuracy: 0.6233
31/98 [========>.....................] - ETA: 6s - loss: 1.0737 - accuracy: 0.6233
32/98 [========>.....................] - ETA: 6s - loss: 1.0725 - accuracy: 0.6235
33/98 [=========>....................] - ETA: 5s - loss: 1.0715 - accuracy: 0.6232
34/98 [=========>....................] - ETA: 5s - loss: 1.0701 - accuracy: 0.6241
35/98 [=========>....................] - ETA: 5s - loss: 1.0687 - accuracy: 0.6247
36/98 [==========>...................] - ETA: 5s - loss: 1.0701 - accuracy: 0.6238
37/98 [==========>...................] - ETA: 5s - loss: 1.0688 - accuracy: 0.6239
38/98 [==========>...................] - ETA: 5s - loss: 1.0684 - accuracy: 0.6239
39/98 [==========>...................] - ETA: 5s - loss: 1.0672 - accuracy: 0.6242
40/98 [===========>..................] - ETA: 5s - loss: 1.0666 - accuracy: 0.6244
41/98 [===========>..................] - ETA: 5s - loss: 1.0657 - accuracy: 0.6244
42/98 [===========>..................] - ETA: 5s - loss: 1.0651 - accuracy: 0.6245
43/98 [============>.................] - ETA: 5s - loss: 1.0649 - accuracy: 0.6250
44/98 [============>.................] - ETA: 5s - loss: 1.0630 - accuracy: 0.6254
45/98 [============>.................] - ETA: 5s - loss: 1.0627 - accuracy: 0.6256
46/98 [=============>................] - ETA: 4s - loss: 1.0624 - accuracy: 0.6255
47/98 [=============>................] - ETA: 4s - loss: 1.0622 - accuracy: 0.6257
48/98 [=============>................] - ETA: 4s - loss: 1.0629 - accuracy: 0.6256
49/98 [==============>...............] - ETA: 4s - loss: 1.0623 - accuracy: 0.6259
50/98 [==============>...............] - ETA: 4s - loss: 1.0618 - accuracy: 0.6263
51/98 [==============>...............] - ETA: 4s - loss: 1.0625 - accuracy: 0.6261
52/98 [==============>...............] - ETA: 4s - loss: 1.0612 - accuracy: 0.6266
53/98 [===============>..............] - ETA: 4s - loss: 1.0612 - accuracy: 0.6268
54/98 [===============>..............] - ETA: 4s - loss: 1.0626 - accuracy: 0.6259
55/98 [===============>..............] - ETA: 4s - loss: 1.0616 - accuracy: 0.6262
56/98 [================>.............] - ETA: 4s - loss: 1.0613 - accuracy: 0.6259
57/98 [================>.............] - ETA: 3s - loss: 1.0604 - accuracy: 0.6259
58/98 [================>.............] - ETA: 3s - loss: 1.0598 - accuracy: 0.6261
59/98 [=================>............] - ETA: 3s - loss: 1.0583 - accuracy: 0.6264
60/98 [=================>............] - ETA: 3s - loss: 1.0575 - accuracy: 0.6263
61/98 [=================>............] - ETA: 3s - loss: 1.0586 - accuracy: 0.6257
62/98 [=================>............] - ETA: 3s - loss: 1.0589 - accuracy: 0.6255
63/98 [==================>...........] - ETA: 3s - loss: 1.0590 - accuracy: 0.6256
64/98 [==================>...........] - ETA: 3s - loss: 1.0579 - accuracy: 0.6259
65/98 [==================>...........] - ETA: 3s - loss: 1.0586 - accuracy: 0.6259
66/98 [===================>..........] - ETA: 3s - loss: 1.0581 - accuracy: 0.6260
67/98 [===================>..........] - ETA: 3s - loss: 1.0586 - accuracy: 0.6259
68/98 [===================>..........] - ETA: 2s - loss: 1.0580 - accuracy: 0.6260
69/98 [====================>.........] - ETA: 2s - loss: 1.0594 - accuracy: 0.6253
70/98 [====================>.........] - ETA: 2s - loss: 1.0603 - accuracy: 0.6253
71/98 [====================>.........] - ETA: 2s - loss: 1.0592 - accuracy: 0.6257
72/98 [=====================>........] - ETA: 2s - loss: 1.0599 - accuracy: 0.6258
73/98 [=====================>........] - ETA: 2s - loss: 1.0592 - accuracy: 0.6260
74/98 [=====================>........] - ETA: 2s - loss: 1.0603 - accuracy: 0.6258
75/98 [=====================>........] - ETA: 2s - loss: 1.0606 - accuracy: 0.6257
76/98 [======================>.......] - ETA: 2s - loss: 1.0599 - accuracy: 0.6258
77/98 [======================>.......] - ETA: 2s - loss: 1.0596 - accuracy: 0.6259
78/98 [======================>.......] - ETA: 1s - loss: 1.0605 - accuracy: 0.6255
79/98 [=======================>......] - ETA: 1s - loss: 1.0599 - accuracy: 0.6256
80/98 [=======================>......] - ETA: 1s - loss: 1.0596 - accuracy: 0.6260
81/98 [=======================>......] - ETA: 1s - loss: 1.0589 - accuracy: 0.6262
82/98 [========================>.....] - ETA: 1s - loss: 1.0588 - accuracy: 0.6264
83/98 [========================>.....] - ETA: 1s - loss: 1.0579 - accuracy: 0.6269
84/98 [========================>.....] - ETA: 1s - loss: 1.0566 - accuracy: 0.6272
85/98 [=========================>....] - ETA: 1s - loss: 1.0567 - accuracy: 0.6273
86/98 [=========================>....] - ETA: 1s - loss: 1.0565 - accuracy: 0.6275
87/98 [=========================>....] - ETA: 1s - loss: 1.0564 - accuracy: 0.6274
88/98 [=========================>....] - ETA: 0s - loss: 1.0568 - accuracy: 0.6270
89/98 [==========================>...] - ETA: 0s - loss: 1.0564 - accuracy: 0.6270
90/98 [==========================>...] - ETA: 0s - loss: 1.0562 - accuracy: 0.6271
91/98 [==========================>...] - ETA: 0s - loss: 1.0548 - accuracy: 0.6276
92/98 [===========================>..] - ETA: 0s - loss: 1.0544 - accuracy: 0.6278
93/98 [===========================>..] - ETA: 0s - loss: 1.0541 - accuracy: 0.6279
94/98 [===========================>..] - ETA: 0s - loss: 1.0542 - accuracy: 0.6280
95/98 [============================>.] - ETA: 0s - loss: 1.0543 - accuracy: 0.6278
96/98 [============================>.] - ETA: 0s - loss: 1.0549 - accuracy: 0.6280
97/98 [============================>.] - ETA: 0s - loss: 1.0545 - accuracy: 0.6283
98/98 [==============================] - ETA: 0s - loss: 1.0538 - accuracy: 0.6285
98/98 [==============================] - 11s 110ms/step - loss: 1.0538 - accuracy: 0.6285 - val_loss: 1.2837 - val_accuracy: 0.5294
Epoch 5/84

 1/98 [..............................] - ETA: 9s - loss: 0.9872 - accuracy: 0.6621
 2/98 [..............................] - ETA: 7s - loss: 0.9720 - accuracy: 0.6533
 3/98 [..............................] - ETA: 7s - loss: 0.9714 - accuracy: 0.6576
 4/98 [>.............................] - ETA: 7s - loss: 0.9632 - accuracy: 0.6587
 5/98 [>.............................] - ETA: 7s - loss: 0.9565 - accuracy: 0.6637
 6/98 [>.............................] - ETA: 7s - loss: 0.9633 - accuracy: 0.6592
 7/98 [=>............................] - ETA: 7s - loss: 0.9665 - accuracy: 0.6560
 8/98 [=>............................] - ETA: 7s - loss: 0.9689 - accuracy: 0.6575
 9/98 [=>............................] - ETA: 6s - loss: 0.9783 - accuracy: 0.6543
10/98 [==>...........................] - ETA: 6s - loss: 0.9673 - accuracy: 0.6600
11/98 [==>...........................] - ETA: 7s - loss: 0.9656 - accuracy: 0.6616
12/98 [==>...........................] - ETA: 7s - loss: 0.9650 - accuracy: 0.6615
13/98 [==>...........................] - ETA: 7s - loss: 0.9650 - accuracy: 0.6611
14/98 [===>..........................] - ETA: 7s - loss: 0.9626 - accuracy: 0.6617
15/98 [===>..........................] - ETA: 7s - loss: 0.9612 - accuracy: 0.6615
16/98 [===>..........................] - ETA: 7s - loss: 0.9665 - accuracy: 0.6593
17/98 [====>.........................] - ETA: 7s - loss: 0.9612 - accuracy: 0.6603
18/98 [====>.........................] - ETA: 7s - loss: 0.9628 - accuracy: 0.6594
19/98 [====>.........................] - ETA: 6s - loss: 0.9635 - accuracy: 0.6592
20/98 [=====>........................] - ETA: 6s - loss: 0.9646 - accuracy: 0.6595
21/98 [=====>........................] - ETA: 6s - loss: 0.9679 - accuracy: 0.6606
22/98 [=====>........................] - ETA: 6s - loss: 0.9674 - accuracy: 0.6605
23/98 [======>.......................] - ETA: 6s - loss: 0.9661 - accuracy: 0.6606
24/98 [======>.......................] - ETA: 6s - loss: 0.9631 - accuracy: 0.6616
25/98 [======>.......................] - ETA: 6s - loss: 0.9610 - accuracy: 0.6623
26/98 [======>.......................] - ETA: 6s - loss: 0.9627 - accuracy: 0.6612
27/98 [=======>......................] - ETA: 6s - loss: 0.9642 - accuracy: 0.6606
28/98 [=======>......................] - ETA: 6s - loss: 0.9628 - accuracy: 0.6616
29/98 [=======>......................] - ETA: 6s - loss: 0.9655 - accuracy: 0.6604
30/98 [========>.....................] - ETA: 6s - loss: 0.9667 - accuracy: 0.6602
31/98 [========>.....................] - ETA: 6s - loss: 0.9665 - accuracy: 0.6601
32/98 [========>.....................] - ETA: 6s - loss: 0.9654 - accuracy: 0.6607
33/98 [=========>....................] - ETA: 6s - loss: 0.9666 - accuracy: 0.6592
34/98 [=========>....................] - ETA: 6s - loss: 0.9666 - accuracy: 0.6599
35/98 [=========>....................] - ETA: 6s - loss: 0.9648 - accuracy: 0.6603
36/98 [==========>...................] - ETA: 5s - loss: 0.9661 - accuracy: 0.6602
37/98 [==========>...................] - ETA: 5s - loss: 0.9668 - accuracy: 0.6596
38/98 [==========>...................] - ETA: 5s - loss: 0.9670 - accuracy: 0.6602
39/98 [==========>...................] - ETA: 5s - loss: 0.9632 - accuracy: 0.6618
40/98 [===========>..................] - ETA: 5s - loss: 0.9617 - accuracy: 0.6625
41/98 [===========>..................] - ETA: 5s - loss: 0.9608 - accuracy: 0.6628
42/98 [===========>..................] - ETA: 5s - loss: 0.9615 - accuracy: 0.6626
43/98 [============>.................] - ETA: 5s - loss: 0.9600 - accuracy: 0.6635
44/98 [============>.................] - ETA: 5s - loss: 0.9609 - accuracy: 0.6632
45/98 [============>.................] - ETA: 5s - loss: 0.9595 - accuracy: 0.6638
