2024-06-26 02:38:43.232617: I tensorflow/core/platform/cpu_feature_guard.cc:193] This TensorFlow binary is optimized with oneAPI Deep Neural Network Library (oneDNN) to use the following CPU instructions in performance-critical operations:  AVX AVX2
To enable them in other operations, rebuild TensorFlow with the appropriate compiler flags.
2024-06-26 02:38:43.787688: I tensorflow/core/common_runtime/gpu/gpu_device.cc:1616] Created device /job:localhost/replica:0/task:0/device:GPU:0 with 6656 MB memory:  -> device: 0, name: NVIDIA GeForce RTX 4060 Ti, pci bus id: 0000:01:00.0, compute capability: 8.9
1 Physical GPUs, 1 Logical GPUs
Model: "sequential"
_________________________________________________________________
 Layer (type)                Output Shape              Param #   
=================================================================
 conv2d (Conv2D)             (None, 32, 32, 32)        896       
                                                                 
 batch_normalization (BatchN  (None, 32, 32, 32)       128       
 ormalization)                                                   
                                                                 
 conv2d_1 (Conv2D)           (None, 32, 32, 64)        51264     
                                                                 
 max_pooling2d (MaxPooling2D  (None, 16, 16, 64)       0         
 )                                                               
                                                                 
 conv2d_2 (Conv2D)           (None, 16, 16, 32)        165920    
                                                                 
 max_pooling2d_1 (MaxPooling  (None, 8, 8, 32)         0         
 2D)                                                             
                                                                 
 batch_normalization_1 (Batc  (None, 8, 8, 32)         128       
 hNormalization)                                                 
                                                                 
 dropout (Dropout)           (None, 8, 8, 32)          0         
                                                                 
 flatten (Flatten)           (None, 2048)              0         
                                                                 
 dense (Dense)               (None, 10)                20490     
                                                                 
=================================================================
Total params: 238,826
Trainable params: 238,698
Non-trainable params: 128
_________________________________________________________________
Taxa de aprendizado:  0.01 Num de épocas:  84 Tamanho do lote:  512 Dropout:  0.40907
Epoch 1/84
2024-06-26 02:38:45.244675: I tensorflow/stream_executor/cuda/cuda_dnn.cc:384] Loaded cuDNN version 8100
2024-06-26 02:38:46.070533: W tensorflow/stream_executor/gpu/redzone_allocator.cc:314] INTERNAL: ptxas exited with non-zero error code -1, output: 
Relying on driver to perform ptx compilation. 
Modify $PATH to customize ptxas location.
This message will be only logged once.
2024-06-26 02:38:47.502746: I tensorflow/stream_executor/cuda/cuda_blas.cc:1614] TensorFloat-32 will be used for the matrix multiplication. This will only be logged once.

 1/98 [..............................] - ETA: 8:18 - loss: 3.6415 - accuracy: 0.0879
 2/98 [..............................] - ETA: 5s - loss: 4.5540 - accuracy: 0.1250  
 3/98 [..............................] - ETA: 6s - loss: 4.7385 - accuracy: 0.1426
 4/98 [>.............................] - ETA: 6s - loss: 5.2170 - accuracy: 0.1470
 5/98 [>.............................] - ETA: 6s - loss: 5.3175 - accuracy: 0.1441
 6/98 [>.............................] - ETA: 6s - loss: 5.2789 - accuracy: 0.1432
 7/98 [=>............................] - ETA: 6s - loss: 5.2116 - accuracy: 0.1451
 8/98 [=>............................] - ETA: 6s - loss: 5.0826 - accuracy: 0.1519
 9/98 [=>............................] - ETA: 6s - loss: 4.9193 - accuracy: 0.1630
10/98 [==>...........................] - ETA: 6s - loss: 4.8033 - accuracy: 0.1688
11/98 [==>...........................] - ETA: 6s - loss: 4.6939 - accuracy: 0.1735
12/98 [==>...........................] - ETA: 6s - loss: 4.5779 - accuracy: 0.1784
13/98 [==>...........................] - ETA: 6s - loss: 4.4798 - accuracy: 0.1807
14/98 [===>..........................] - ETA: 6s - loss: 4.3733 - accuracy: 0.1836
15/98 [===>..........................] - ETA: 6s - loss: 4.2871 - accuracy: 0.1831
16/98 [===>..........................] - ETA: 6s - loss: 4.1986 - accuracy: 0.1851
17/98 [====>.........................] - ETA: 14s - loss: 4.1425 - accuracy: 0.1867
18/98 [====>.........................] - ETA: 13s - loss: 4.0547 - accuracy: 0.1887
19/98 [====>.........................] - ETA: 12s - loss: 3.9991 - accuracy: 0.1904
20/98 [=====>........................] - ETA: 12s - loss: 3.9361 - accuracy: 0.1937
21/98 [=====>........................] - ETA: 11s - loss: 3.8748 - accuracy: 0.1972
22/98 [=====>........................] - ETA: 11s - loss: 3.8225 - accuracy: 0.1997
23/98 [======>.......................] - ETA: 11s - loss: 3.7690 - accuracy: 0.2036
24/98 [======>.......................] - ETA: 10s - loss: 3.7177 - accuracy: 0.2060
25/98 [======>.......................] - ETA: 10s - loss: 3.6675 - accuracy: 0.2071
26/98 [======>.......................] - ETA: 10s - loss: 3.6155 - accuracy: 0.2084
27/98 [=======>......................] - ETA: 9s - loss: 3.5671 - accuracy: 0.2096 
28/98 [=======>......................] - ETA: 9s - loss: 3.5206 - accuracy: 0.2129
29/98 [=======>......................] - ETA: 9s - loss: 3.4825 - accuracy: 0.2151
30/98 [========>.....................] - ETA: 9s - loss: 3.4436 - accuracy: 0.2181
31/98 [========>.....................] - ETA: 8s - loss: 3.4151 - accuracy: 0.2190
32/98 [========>.....................] - ETA: 8s - loss: 3.3805 - accuracy: 0.2209
33/98 [=========>....................] - ETA: 8s - loss: 3.3422 - accuracy: 0.2237
34/98 [=========>....................] - ETA: 8s - loss: 3.3081 - accuracy: 0.2260
35/98 [=========>....................] - ETA: 8s - loss: 3.2756 - accuracy: 0.2277
36/98 [==========>...................] - ETA: 7s - loss: 3.2432 - accuracy: 0.2299
37/98 [==========>...................] - ETA: 7s - loss: 3.2091 - accuracy: 0.2322
38/98 [==========>...................] - ETA: 7s - loss: 3.1766 - accuracy: 0.2352
39/98 [==========>...................] - ETA: 7s - loss: 3.1490 - accuracy: 0.2381
40/98 [===========>..................] - ETA: 7s - loss: 3.1198 - accuracy: 0.2406
41/98 [===========>..................] - ETA: 7s - loss: 3.0954 - accuracy: 0.2430
42/98 [===========>..................] - ETA: 6s - loss: 3.0698 - accuracy: 0.2444
43/98 [============>.................] - ETA: 6s - loss: 3.0514 - accuracy: 0.2463
44/98 [============>.................] - ETA: 6s - loss: 3.0278 - accuracy: 0.2494
45/98 [============>.................] - ETA: 6s - loss: 3.0044 - accuracy: 0.2514
46/98 [=============>................] - ETA: 6s - loss: 2.9814 - accuracy: 0.2531
47/98 [=============>................] - ETA: 5s - loss: 2.9605 - accuracy: 0.2549
48/98 [=============>................] - ETA: 5s - loss: 2.9358 - accuracy: 0.2582
49/98 [==============>...............] - ETA: 5s - loss: 2.9156 - accuracy: 0.2606
50/98 [==============>...............] - ETA: 5s - loss: 2.8966 - accuracy: 0.2623
51/98 [==============>...............] - ETA: 5s - loss: 2.8774 - accuracy: 0.2640
52/98 [==============>...............] - ETA: 5s - loss: 2.8613 - accuracy: 0.2654
53/98 [===============>..............] - ETA: 4s - loss: 2.8445 - accuracy: 0.2669
54/98 [===============>..............] - ETA: 4s - loss: 2.8263 - accuracy: 0.2690
55/98 [===============>..............] - ETA: 4s - loss: 2.8104 - accuracy: 0.2700
56/98 [================>.............] - ETA: 4s - loss: 2.7939 - accuracy: 0.2712
57/98 [================>.............] - ETA: 4s - loss: 2.7781 - accuracy: 0.2720
58/98 [================>.............] - ETA: 4s - loss: 2.7616 - accuracy: 0.2734
59/98 [=================>............] - ETA: 4s - loss: 2.7466 - accuracy: 0.2749
60/98 [=================>............] - ETA: 4s - loss: 2.7320 - accuracy: 0.2762
61/98 [=================>............] - ETA: 3s - loss: 2.7151 - accuracy: 0.2781
62/98 [=================>............] - ETA: 3s - loss: 2.7014 - accuracy: 0.2796
63/98 [==================>...........] - ETA: 3s - loss: 2.6884 - accuracy: 0.2804
64/98 [==================>...........] - ETA: 3s - loss: 2.6761 - accuracy: 0.2817
65/98 [==================>...........] - ETA: 3s - loss: 2.6641 - accuracy: 0.2829
66/98 [===================>..........] - ETA: 3s - loss: 2.6522 - accuracy: 0.2842
67/98 [===================>..........] - ETA: 3s - loss: 2.6384 - accuracy: 0.2855
68/98 [===================>..........] - ETA: 3s - loss: 2.6288 - accuracy: 0.2868
69/98 [====================>.........] - ETA: 3s - loss: 2.6190 - accuracy: 0.2881
70/98 [====================>.........] - ETA: 2s - loss: 2.6070 - accuracy: 0.2895
71/98 [====================>.........] - ETA: 2s - loss: 2.5943 - accuracy: 0.2906
72/98 [=====================>........] - ETA: 2s - loss: 2.5849 - accuracy: 0.2915
73/98 [=====================>........] - ETA: 2s - loss: 2.5771 - accuracy: 0.2921
74/98 [=====================>........] - ETA: 2s - loss: 2.5657 - accuracy: 0.2934
75/98 [=====================>........] - ETA: 2s - loss: 2.5544 - accuracy: 0.2941
76/98 [======================>.......] - ETA: 2s - loss: 2.5445 - accuracy: 0.2952
77/98 [======================>.......] - ETA: 2s - loss: 2.5366 - accuracy: 0.2959
78/98 [======================>.......] - ETA: 2s - loss: 2.5275 - accuracy: 0.2965
79/98 [=======================>......] - ETA: 1s - loss: 2.5192 - accuracy: 0.2975
80/98 [=======================>......] - ETA: 1s - loss: 2.5093 - accuracy: 0.2988
81/98 [=======================>......] - ETA: 1s - loss: 2.4997 - accuracy: 0.3000
82/98 [========================>.....] - ETA: 1s - loss: 2.4901 - accuracy: 0.3010
83/98 [========================>.....] - ETA: 1s - loss: 2.4801 - accuracy: 0.3020
84/98 [========================>.....] - ETA: 1s - loss: 2.4726 - accuracy: 0.3031
85/98 [=========================>....] - ETA: 1s - loss: 2.4641 - accuracy: 0.3042
86/98 [=========================>....] - ETA: 1s - loss: 2.4558 - accuracy: 0.3050
87/98 [=========================>....] - ETA: 1s - loss: 2.4470 - accuracy: 0.3060
88/98 [=========================>....] - ETA: 0s - loss: 2.4378 - accuracy: 0.3072
89/98 [==========================>...] - ETA: 0s - loss: 2.4294 - accuracy: 0.3083
90/98 [==========================>...] - ETA: 0s - loss: 2.4216 - accuracy: 0.3091
91/98 [==========================>...] - ETA: 0s - loss: 2.4143 - accuracy: 0.3099
92/98 [===========================>..] - ETA: 0s - loss: 2.4059 - accuracy: 0.3111
93/98 [===========================>..] - ETA: 0s - loss: 2.3976 - accuracy: 0.3120
94/98 [===========================>..] - ETA: 0s - loss: 2.3909 - accuracy: 0.3130
95/98 [============================>.] - ETA: 0s - loss: 2.3838 - accuracy: 0.3139
96/98 [============================>.] - ETA: 0s - loss: 2.3770 - accuracy: 0.3146
97/98 [============================>.] - ETA: 0s - loss: 2.3696 - accuracy: 0.3156
98/98 [==============================] - ETA: 0s - loss: 2.3629 - accuracy: 0.3164
98/98 [==============================] - 16s 110ms/step - loss: 2.3629 - accuracy: 0.3164 - val_loss: 1.9827 - val_accuracy: 0.3112
Epoch 2/84

 1/98 [..............................] - ETA: 10s - loss: 1.7427 - accuracy: 0.4141
 2/98 [..............................] - ETA: 8s - loss: 1.7566 - accuracy: 0.3994 
 3/98 [..............................] - ETA: 8s - loss: 1.7041 - accuracy: 0.4141
 4/98 [>.............................] - ETA: 8s - loss: 1.6922 - accuracy: 0.4058
 5/98 [>.............................] - ETA: 8s - loss: 1.6906 - accuracy: 0.4070
 6/98 [>.............................] - ETA: 8s - loss: 1.6994 - accuracy: 0.4072
 7/98 [=>............................] - ETA: 8s - loss: 1.6960 - accuracy: 0.4057
 8/98 [=>............................] - ETA: 8s - loss: 1.6977 - accuracy: 0.4062
 9/98 [=>............................] - ETA: 8s - loss: 1.6989 - accuracy: 0.4045
10/98 [==>...........................] - ETA: 8s - loss: 1.6955 - accuracy: 0.4051
11/98 [==>...........................] - ETA: 8s - loss: 1.6936 - accuracy: 0.4091
12/98 [==>...........................] - ETA: 8s - loss: 1.6819 - accuracy: 0.4128
13/98 [==>...........................] - ETA: 8s - loss: 1.6827 - accuracy: 0.4100
14/98 [===>..........................] - ETA: 7s - loss: 1.6806 - accuracy: 0.4116
15/98 [===>..........................] - ETA: 7s - loss: 1.6783 - accuracy: 0.4104
16/98 [===>..........................] - ETA: 7s - loss: 1.6743 - accuracy: 0.4133
17/98 [====>.........................] - ETA: 7s - loss: 1.6688 - accuracy: 0.4151
18/98 [====>.........................] - ETA: 7s - loss: 1.6680 - accuracy: 0.4167
19/98 [====>.........................] - ETA: 7s - loss: 1.6697 - accuracy: 0.4176
20/98 [=====>........................] - ETA: 7s - loss: 1.6669 - accuracy: 0.4181
21/98 [=====>........................] - ETA: 6s - loss: 1.6674 - accuracy: 0.4193
22/98 [=====>........................] - ETA: 6s - loss: 1.6704 - accuracy: 0.4179
23/98 [======>.......................] - ETA: 6s - loss: 1.6723 - accuracy: 0.4173
24/98 [======>.......................] - ETA: 6s - loss: 1.6694 - accuracy: 0.4183
25/98 [======>.......................] - ETA: 6s - loss: 1.6752 - accuracy: 0.4171
26/98 [======>.......................] - ETA: 6s - loss: 1.6732 - accuracy: 0.4176
27/98 [=======>......................] - ETA: 6s - loss: 1.6741 - accuracy: 0.4175
28/98 [=======>......................] - ETA: 5s - loss: 1.6731 - accuracy: 0.4186
29/98 [=======>......................] - ETA: 5s - loss: 1.6731 - accuracy: 0.4188
30/98 [========>.....................] - ETA: 5s - loss: 1.6726 - accuracy: 0.4182
31/98 [========>.....................] - ETA: 5s - loss: 1.6708 - accuracy: 0.4195
32/98 [========>.....................] - ETA: 5s - loss: 1.6707 - accuracy: 0.4189
34/98 [=========>....................] - ETA: 5s - loss: 1.6694 - accuracy: 0.4189
35/98 [=========>....................] - ETA: 5s - loss: 1.6656 - accuracy: 0.4197
36/98 [==========>...................] - ETA: 5s - loss: 1.6679 - accuracy: 0.4193
37/98 [==========>...................] - ETA: 5s - loss: 1.6635 - accuracy: 0.4205
38/98 [==========>...................] - ETA: 4s - loss: 1.6626 - accuracy: 0.4204
39/98 [==========>...................] - ETA: 4s - loss: 1.6608 - accuracy: 0.4205
40/98 [===========>..................] - ETA: 4s - loss: 1.6585 - accuracy: 0.4206
41/98 [===========>..................] - ETA: 4s - loss: 1.6579 - accuracy: 0.4208
42/98 [===========>..................] - ETA: 4s - loss: 1.6553 - accuracy: 0.4217
43/98 [============>.................] - ETA: 4s - loss: 1.6539 - accuracy: 0.4221
44/98 [============>.................] - ETA: 4s - loss: 1.6519 - accuracy: 0.4224
45/98 [============>.................] - ETA: 4s - loss: 1.6498 - accuracy: 0.4231
46/98 [=============>................] - ETA: 4s - loss: 1.6474 - accuracy: 0.4245
47/98 [=============>................] - ETA: 4s - loss: 1.6474 - accuracy: 0.4248
48/98 [=============>................] - ETA: 4s - loss: 1.6465 - accuracy: 0.4253
49/98 [==============>...............] - ETA: 4s - loss: 1.6455 - accuracy: 0.4257
50/98 [==============>...............] - ETA: 4s - loss: 1.6449 - accuracy: 0.4260
51/98 [==============>...............] - ETA: 4s - loss: 1.6437 - accuracy: 0.4265
52/98 [==============>...............] - ETA: 3s - loss: 1.6439 - accuracy: 0.4265
53/98 [===============>..............] - ETA: 3s - loss: 1.6419 - accuracy: 0.4270
54/98 [===============>..............] - ETA: 3s - loss: 1.6430 - accuracy: 0.4269
55/98 [===============>..............] - ETA: 3s - loss: 1.6430 - accuracy: 0.4264
56/98 [================>.............] - ETA: 3s - loss: 1.6414 - accuracy: 0.4268
57/98 [================>.............] - ETA: 3s - loss: 1.6413 - accuracy: 0.4260
58/98 [================>.............] - ETA: 3s - loss: 1.6406 - accuracy: 0.4261
59/98 [=================>............] - ETA: 3s - loss: 1.6377 - accuracy: 0.4268
60/98 [=================>............] - ETA: 3s - loss: 1.6357 - accuracy: 0.4274
61/98 [=================>............] - ETA: 3s - loss: 1.6345 - accuracy: 0.4278
62/98 [=================>............] - ETA: 2s - loss: 1.6340 - accuracy: 0.4280
63/98 [==================>...........] - ETA: 2s - loss: 1.6323 - accuracy: 0.4287
64/98 [==================>...........] - ETA: 2s - loss: 1.6298 - accuracy: 0.4295
65/98 [==================>...........] - ETA: 2s - loss: 1.6288 - accuracy: 0.4294
66/98 [===================>..........] - ETA: 2s - loss: 1.6265 - accuracy: 0.4302
67/98 [===================>..........] - ETA: 2s - loss: 1.6250 - accuracy: 0.4309
68/98 [===================>..........] - ETA: 2s - loss: 1.6248 - accuracy: 0.4311
69/98 [====================>.........] - ETA: 2s - loss: 1.6237 - accuracy: 0.4318
70/98 [====================>.........] - ETA: 2s - loss: 1.6209 - accuracy: 0.4322
71/98 [====================>.........] - ETA: 2s - loss: 1.6192 - accuracy: 0.4329
72/98 [=====================>........] - ETA: 2s - loss: 1.6169 - accuracy: 0.4336
73/98 [=====================>........] - ETA: 2s - loss: 1.6162 - accuracy: 0.4337
74/98 [=====================>........] - ETA: 1s - loss: 1.6150 - accuracy: 0.4341
75/98 [=====================>........] - ETA: 1s - loss: 1.6138 - accuracy: 0.4342
76/98 [======================>.......] - ETA: 1s - loss: 1.6128 - accuracy: 0.4347
77/98 [======================>.......] - ETA: 1s - loss: 1.6103 - accuracy: 0.4349
78/98 [======================>.......] - ETA: 1s - loss: 1.6091 - accuracy: 0.4355
79/98 [=======================>......] - ETA: 1s - loss: 1.6089 - accuracy: 0.4356
80/98 [=======================>......] - ETA: 1s - loss: 1.6083 - accuracy: 0.4353
81/98 [=======================>......] - ETA: 1s - loss: 1.6063 - accuracy: 0.4359
82/98 [========================>.....] - ETA: 1s - loss: 1.6034 - accuracy: 0.4371
83/98 [========================>.....] - ETA: 1s - loss: 1.6012 - accuracy: 0.4376
84/98 [========================>.....] - ETA: 1s - loss: 1.6003 - accuracy: 0.4380
85/98 [=========================>....] - ETA: 1s - loss: 1.5992 - accuracy: 0.4384
86/98 [=========================>....] - ETA: 1s - loss: 1.5981 - accuracy: 0.4388
87/98 [=========================>....] - ETA: 0s - loss: 1.5962 - accuracy: 0.4393
88/98 [=========================>....] - ETA: 0s - loss: 1.5957 - accuracy: 0.4398
89/98 [==========================>...] - ETA: 0s - loss: 1.5934 - accuracy: 0.4405
90/98 [==========================>...] - ETA: 0s - loss: 1.5925 - accuracy: 0.4407
91/98 [==========================>...] - ETA: 0s - loss: 1.5906 - accuracy: 0.4413
92/98 [===========================>..] - ETA: 0s - loss: 1.5881 - accuracy: 0.4421
93/98 [===========================>..] - ETA: 0s - loss: 1.5885 - accuracy: 0.4418
94/98 [===========================>..] - ETA: 0s - loss: 1.5870 - accuracy: 0.4423
95/98 [============================>.] - ETA: 0s - loss: 1.5854 - accuracy: 0.4429
96/98 [============================>.] - ETA: 0s - loss: 1.5842 - accuracy: 0.4434
97/98 [============================>.] - ETA: 0s - loss: 1.5834 - accuracy: 0.4434
98/98 [==============================] - ETA: 0s - loss: 1.5834 - accuracy: 0.4433
98/98 [==============================] - 9s 92ms/step - loss: 1.5834 - accuracy: 0.4433 - val_loss: 1.6659 - val_accuracy: 0.4024
Epoch 3/84

 1/98 [..............................] - ETA: 10s - loss: 1.4618 - accuracy: 0.4844
 2/98 [..............................] - ETA: 9s - loss: 1.4437 - accuracy: 0.4844 
 3/98 [..............................] - ETA: 9s - loss: 1.4497 - accuracy: 0.4772
 4/98 [>.............................] - ETA: 8s - loss: 1.4446 - accuracy: 0.4736
 5/98 [>.............................] - ETA: 8s - loss: 1.4502 - accuracy: 0.4684
 6/98 [>.............................] - ETA: 8s - loss: 1.4481 - accuracy: 0.4723
 7/98 [=>............................] - ETA: 7s - loss: 1.4354 - accuracy: 0.4794
 8/98 [=>............................] - ETA: 7s - loss: 1.4369 - accuracy: 0.4827
 9/98 [=>............................] - ETA: 7s - loss: 1.4355 - accuracy: 0.4865
10/98 [==>...........................] - ETA: 7s - loss: 1.4287 - accuracy: 0.4875
11/98 [==>...........................] - ETA: 6s - loss: 1.4308 - accuracy: 0.4853
12/98 [==>...........................] - ETA: 6s - loss: 1.4223 - accuracy: 0.4880
13/98 [==>...........................] - ETA: 6s - loss: 1.4283 - accuracy: 0.4865
14/98 [===>..........................] - ETA: 6s - loss: 1.4274 - accuracy: 0.4867
15/98 [===>..........................] - ETA: 6s - loss: 1.4223 - accuracy: 0.4884
16/98 [===>..........................] - ETA: 6s - loss: 1.4290 - accuracy: 0.4868
17/98 [====>.........................] - ETA: 6s - loss: 1.4284 - accuracy: 0.4871
18/98 [====>.........................] - ETA: 5s - loss: 1.4274 - accuracy: 0.4870
19/98 [====>.........................] - ETA: 5s - loss: 1.4257 - accuracy: 0.4877
20/98 [=====>........................] - ETA: 5s - loss: 1.4219 - accuracy: 0.4888
21/98 [=====>........................] - ETA: 5s - loss: 1.4233 - accuracy: 0.4874
22/98 [=====>........................] - ETA: 5s - loss: 1.4223 - accuracy: 0.4889
23/98 [======>.......................] - ETA: 5s - loss: 1.4195 - accuracy: 0.4911
24/98 [======>.......................] - ETA: 5s - loss: 1.4219 - accuracy: 0.4897
25/98 [======>.......................] - ETA: 5s - loss: 1.4234 - accuracy: 0.4881
26/98 [======>.......................] - ETA: 5s - loss: 1.4233 - accuracy: 0.4872
27/98 [=======>......................] - ETA: 5s - loss: 1.4254 - accuracy: 0.4870
28/98 [=======>......................] - ETA: 5s - loss: 1.4229 - accuracy: 0.4870
29/98 [=======>......................] - ETA: 5s - loss: 1.4236 - accuracy: 0.4875
30/98 [========>.....................] - ETA: 5s - loss: 1.4220 - accuracy: 0.4874
31/98 [========>.....................] - ETA: 5s - loss: 1.4187 - accuracy: 0.4892
32/98 [========>.....................] - ETA: 5s - loss: 1.4173 - accuracy: 0.4896
33/98 [=========>....................] - ETA: 5s - loss: 1.4153 - accuracy: 0.4899
34/98 [=========>....................] - ETA: 5s - loss: 1.4140 - accuracy: 0.4906
35/98 [=========>....................] - ETA: 5s - loss: 1.4131 - accuracy: 0.4907
36/98 [==========>...................] - ETA: 5s - loss: 1.4109 - accuracy: 0.4915
37/98 [==========>...................] - ETA: 5s - loss: 1.4094 - accuracy: 0.4920
38/98 [==========>...................] - ETA: 4s - loss: 1.4090 - accuracy: 0.4920
39/98 [==========>...................] - ETA: 4s - loss: 1.4102 - accuracy: 0.4915
40/98 [===========>..................] - ETA: 4s - loss: 1.4096 - accuracy: 0.4918
41/98 [===========>..................] - ETA: 4s - loss: 1.4074 - accuracy: 0.4923
42/98 [===========>..................] - ETA: 4s - loss: 1.4052 - accuracy: 0.4934
43/98 [============>.................] - ETA: 4s - loss: 1.4046 - accuracy: 0.4940
44/98 [============>.................] - ETA: 4s - loss: 1.4034 - accuracy: 0.4940
45/98 [============>.................] - ETA: 4s - loss: 1.4038 - accuracy: 0.4945
46/98 [=============>................] - ETA: 4s - loss: 1.4029 - accuracy: 0.4949
47/98 [=============>................] - ETA: 4s - loss: 1.4004 - accuracy: 0.4956
48/98 [=============>................] - ETA: 4s - loss: 1.3993 - accuracy: 0.4968
49/98 [==============>...............] - ETA: 3s - loss: 1.3996 - accuracy: 0.4963
50/98 [==============>...............] - ETA: 3s - loss: 1.3964 - accuracy: 0.4978
51/98 [==============>...............] - ETA: 3s - loss: 1.3962 - accuracy: 0.4984
52/98 [==============>...............] - ETA: 3s - loss: 1.3942 - accuracy: 0.4994
53/98 [===============>..............] - ETA: 3s - loss: 1.3920 - accuracy: 0.5001
54/98 [===============>..............] - ETA: 3s - loss: 1.3920 - accuracy: 0.5003
55/98 [===============>..............] - ETA: 3s - loss: 1.3911 - accuracy: 0.5005
56/98 [================>.............] - ETA: 3s - loss: 1.3907 - accuracy: 0.5009
57/98 [================>.............] - ETA: 3s - loss: 1.3903 - accuracy: 0.5011
58/98 [================>.............] - ETA: 3s - loss: 1.3894 - accuracy: 0.5013
59/98 [=================>............] - ETA: 3s - loss: 1.3878 - accuracy: 0.5019
60/98 [=================>............] - ETA: 3s - loss: 1.3870 - accuracy: 0.5022
61/98 [=================>............] - ETA: 3s - loss: 1.3860 - accuracy: 0.5030
62/98 [=================>............] - ETA: 2s - loss: 1.3859 - accuracy: 0.5032
63/98 [==================>...........] - ETA: 2s - loss: 1.3844 - accuracy: 0.5039
64/98 [==================>...........] - ETA: 2s - loss: 1.3840 - accuracy: 0.5040
65/98 [==================>...........] - ETA: 2s - loss: 1.3831 - accuracy: 0.5047
66/98 [===================>..........] - ETA: 2s - loss: 1.3817 - accuracy: 0.5051
67/98 [===================>..........] - ETA: 2s - loss: 1.3810 - accuracy: 0.5054
68/98 [===================>..........] - ETA: 2s - loss: 1.3804 - accuracy: 0.5056
69/98 [====================>.........] - ETA: 2s - loss: 1.3796 - accuracy: 0.5059
70/98 [====================>.........] - ETA: 2s - loss: 1.3801 - accuracy: 0.5060
71/98 [====================>.........] - ETA: 2s - loss: 1.3790 - accuracy: 0.5068
72/98 [=====================>........] - ETA: 2s - loss: 1.3795 - accuracy: 0.5068
73/98 [=====================>........] - ETA: 2s - loss: 1.3783 - accuracy: 0.5073
74/98 [=====================>........] - ETA: 1s - loss: 1.3775 - accuracy: 0.5075
75/98 [=====================>........] - ETA: 1s - loss: 1.3760 - accuracy: 0.5081
76/98 [======================>.......] - ETA: 1s - loss: 1.3750 - accuracy: 0.5082
77/98 [======================>.......] - ETA: 1s - loss: 1.3751 - accuracy: 0.5079
78/98 [======================>.......] - ETA: 1s - loss: 1.3750 - accuracy: 0.5083
79/98 [=======================>......] - ETA: 1s - loss: 1.3739 - accuracy: 0.5087
80/98 [=======================>......] - ETA: 1s - loss: 1.3732 - accuracy: 0.5092
81/98 [=======================>......] - ETA: 1s - loss: 1.3721 - accuracy: 0.5093
82/98 [========================>.....] - ETA: 1s - loss: 1.3703 - accuracy: 0.5103
83/98 [========================>.....] - ETA: 1s - loss: 1.3693 - accuracy: 0.5107
84/98 [========================>.....] - ETA: 1s - loss: 1.3686 - accuracy: 0.5110
85/98 [=========================>....] - ETA: 1s - loss: 1.3688 - accuracy: 0.5112
86/98 [=========================>....] - ETA: 0s - loss: 1.3676 - accuracy: 0.5116
87/98 [=========================>....] - ETA: 0s - loss: 1.3672 - accuracy: 0.5116
88/98 [=========================>....] - ETA: 0s - loss: 1.3657 - accuracy: 0.5120
89/98 [==========================>...] - ETA: 0s - loss: 1.3651 - accuracy: 0.5123
90/98 [==========================>...] - ETA: 0s - loss: 1.3650 - accuracy: 0.5125
91/98 [==========================>...] - ETA: 0s - loss: 1.3643 - accuracy: 0.5130
92/98 [===========================>..] - ETA: 0s - loss: 1.3627 - accuracy: 0.5137
93/98 [===========================>..] - ETA: 0s - loss: 1.3621 - accuracy: 0.5140
94/98 [===========================>..] - ETA: 0s - loss: 1.3616 - accuracy: 0.5142
95/98 [============================>.] - ETA: 0s - loss: 1.3606 - accuracy: 0.5146
96/98 [============================>.] - ETA: 0s - loss: 1.3596 - accuracy: 0.5151
97/98 [============================>.] - ETA: 0s - loss: 1.3589 - accuracy: 0.5151
98/98 [==============================] - ETA: 0s - loss: 1.3587 - accuracy: 0.5154
98/98 [==============================] - 9s 90ms/step - loss: 1.3587 - accuracy: 0.5154 - val_loss: 1.6641 - val_accuracy: 0.4103
Epoch 4/84

 1/98 [..............................] - ETA: 9s - loss: 1.3117 - accuracy: 0.5430
 2/98 [..............................] - ETA: 6s - loss: 1.2458 - accuracy: 0.5645
 3/98 [..............................] - ETA: 5s - loss: 1.2626 - accuracy: 0.5579
 4/98 [>.............................] - ETA: 6s - loss: 1.2768 - accuracy: 0.5522
 5/98 [>.............................] - ETA: 6s - loss: 1.2711 - accuracy: 0.5453
 6/98 [>.............................] - ETA: 7s - loss: 1.2684 - accuracy: 0.5456
 7/98 [=>............................] - ETA: 7s - loss: 1.2694 - accuracy: 0.5472
 8/98 [=>............................] - ETA: 7s - loss: 1.2687 - accuracy: 0.5481
 9/98 [=>............................] - ETA: 7s - loss: 1.2632 - accuracy: 0.5480
10/98 [==>...........................] - ETA: 7s - loss: 1.2580 - accuracy: 0.5506
11/98 [==>...........................] - ETA: 7s - loss: 1.2558 - accuracy: 0.5513
12/98 [==>...........................] - ETA: 7s - loss: 1.2523 - accuracy: 0.5521
13/98 [==>...........................] - ETA: 7s - loss: 1.2505 - accuracy: 0.5532
14/98 [===>..........................] - ETA: 7s - loss: 1.2452 - accuracy: 0.5547
15/98 [===>..........................] - ETA: 7s - loss: 1.2472 - accuracy: 0.5530
16/98 [===>..........................] - ETA: 7s - loss: 1.2461 - accuracy: 0.5538
17/98 [====>.........................] - ETA: 7s - loss: 1.2456 - accuracy: 0.5540
18/98 [====>.........................] - ETA: 7s - loss: 1.2435 - accuracy: 0.5549
19/98 [====>.........................] - ETA: 7s - loss: 1.2455 - accuracy: 0.5539
20/98 [=====>........................] - ETA: 7s - loss: 1.2462 - accuracy: 0.5550
21/98 [=====>........................] - ETA: 6s - loss: 1.2460 - accuracy: 0.5539
22/98 [=====>........................] - ETA: 6s - loss: 1.2489 - accuracy: 0.5531
23/98 [======>.......................] - ETA: 6s - loss: 1.2446 - accuracy: 0.5539
24/98 [======>.......................] - ETA: 6s - loss: 1.2417 - accuracy: 0.5553
26/98 [======>.......................] - ETA: 6s - loss: 1.2408 - accuracy: 0.5565
27/98 [=======>......................] - ETA: 6s - loss: 1.2385 - accuracy: 0.5575
28/98 [=======>......................] - ETA: 5s - loss: 1.2383 - accuracy: 0.5578
29/98 [=======>......................] - ETA: 5s - loss: 1.2416 - accuracy: 0.5568
30/98 [========>.....................] - ETA: 5s - loss: 1.2381 - accuracy: 0.5580
31/98 [========>.....................] - ETA: 5s - loss: 1.2324 - accuracy: 0.5596
32/98 [========>.....................] - ETA: 5s - loss: 1.2311 - accuracy: 0.5605
33/98 [=========>....................] - ETA: 5s - loss: 1.2317 - accuracy: 0.5602
34/98 [=========>....................] - ETA: 5s - loss: 1.2311 - accuracy: 0.5605
35/98 [=========>....................] - ETA: 5s - loss: 1.2278 - accuracy: 0.5617
36/98 [==========>...................] - ETA: 4s - loss: 1.2264 - accuracy: 0.5623
37/98 [==========>...................] - ETA: 4s - loss: 1.2254 - accuracy: 0.5628
38/98 [==========>...................] - ETA: 4s - loss: 1.2241 - accuracy: 0.5632
39/98 [==========>...................] - ETA: 4s - loss: 1.2247 - accuracy: 0.5626
40/98 [===========>..................] - ETA: 4s - loss: 1.2244 - accuracy: 0.5628
41/98 [===========>..................] - ETA: 4s - loss: 1.2231 - accuracy: 0.5630
42/98 [===========>..................] - ETA: 4s - loss: 1.2220 - accuracy: 0.5632
43/98 [============>.................] - ETA: 4s - loss: 1.2222 - accuracy: 0.5626
44/98 [============>.................] - ETA: 4s - loss: 1.2223 - accuracy: 0.5631
45/98 [============>.................] - ETA: 4s - loss: 1.2208 - accuracy: 0.5635
46/98 [=============>................] - ETA: 4s - loss: 1.2189 - accuracy: 0.5641
47/98 [=============>................] - ETA: 4s - loss: 1.2191 - accuracy: 0.5645
48/98 [=============>................] - ETA: 4s - loss: 1.2193 - accuracy: 0.5643
49/98 [==============>...............] - ETA: 4s - loss: 1.2196 - accuracy: 0.5642
50/98 [==============>...............] - ETA: 4s - loss: 1.2184 - accuracy: 0.5649
51/98 [==============>...............] - ETA: 3s - loss: 1.2183 - accuracy: 0.5650
52/98 [==============>...............] - ETA: 3s - loss: 1.2171 - accuracy: 0.5657
53/98 [===============>..............] - ETA: 3s - loss: 1.2160 - accuracy: 0.5659
54/98 [===============>..............] - ETA: 3s - loss: 1.2142 - accuracy: 0.5665
55/98 [===============>..............] - ETA: 3s - loss: 1.2131 - accuracy: 0.5673
56/98 [================>.............] - ETA: 3s - loss: 1.2143 - accuracy: 0.5667
57/98 [================>.............] - ETA: 3s - loss: 1.2125 - accuracy: 0.5676
58/98 [================>.............] - ETA: 3s - loss: 1.2121 - accuracy: 0.5679
59/98 [=================>............] - ETA: 3s - loss: 1.2105 - accuracy: 0.5683
60/98 [=================>............] - ETA: 3s - loss: 1.2105 - accuracy: 0.5685
61/98 [=================>............] - ETA: 3s - loss: 1.2106 - accuracy: 0.5686
62/98 [=================>............] - ETA: 2s - loss: 1.2098 - accuracy: 0.5689
63/98 [==================>...........] - ETA: 2s - loss: 1.2092 - accuracy: 0.5697
64/98 [==================>...........] - ETA: 2s - loss: 1.2086 - accuracy: 0.5698
65/98 [==================>...........] - ETA: 2s - loss: 1.2076 - accuracy: 0.5698
66/98 [===================>..........] - ETA: 2s - loss: 1.2064 - accuracy: 0.5703
67/98 [===================>..........] - ETA: 2s - loss: 1.2055 - accuracy: 0.5704
68/98 [===================>..........] - ETA: 2s - loss: 1.2041 - accuracy: 0.5712
69/98 [====================>.........] - ETA: 2s - loss: 1.2032 - accuracy: 0.5715
70/98 [====================>.........] - ETA: 2s - loss: 1.2024 - accuracy: 0.5721
71/98 [====================>.........] - ETA: 2s - loss: 1.2026 - accuracy: 0.5720
72/98 [=====================>........] - ETA: 2s - loss: 1.2017 - accuracy: 0.5721
73/98 [=====================>........] - ETA: 2s - loss: 1.2012 - accuracy: 0.5723
74/98 [=====================>........] - ETA: 1s - loss: 1.2000 - accuracy: 0.5727
75/98 [=====================>........] - ETA: 1s - loss: 1.1994 - accuracy: 0.5731
76/98 [======================>.......] - ETA: 1s - loss: 1.1989 - accuracy: 0.5733
77/98 [======================>.......] - ETA: 1s - loss: 1.1980 - accuracy: 0.5738
78/98 [======================>.......] - ETA: 1s - loss: 1.1975 - accuracy: 0.5742
79/98 [=======================>......] - ETA: 1s - loss: 1.1971 - accuracy: 0.5746
80/98 [=======================>......] - ETA: 1s - loss: 1.1959 - accuracy: 0.5749
81/98 [=======================>......] - ETA: 1s - loss: 1.1948 - accuracy: 0.5756
82/98 [========================>.....] - ETA: 1s - loss: 1.1943 - accuracy: 0.5757
83/98 [========================>.....] - ETA: 1s - loss: 1.1932 - accuracy: 0.5760
84/98 [========================>.....] - ETA: 1s - loss: 1.1923 - accuracy: 0.5765
85/98 [=========================>....] - ETA: 1s - loss: 1.1918 - accuracy: 0.5765
86/98 [=========================>....] - ETA: 1s - loss: 1.1907 - accuracy: 0.5768
87/98 [=========================>....] - ETA: 0s - loss: 1.1899 - accuracy: 0.5770
88/98 [=========================>....] - ETA: 0s - loss: 1.1895 - accuracy: 0.5775
89/98 [==========================>...] - ETA: 0s - loss: 1.1886 - accuracy: 0.5777
90/98 [==========================>...] - ETA: 0s - loss: 1.1889 - accuracy: 0.5778
91/98 [==========================>...] - ETA: 0s - loss: 1.1879 - accuracy: 0.5784
92/98 [===========================>..] - ETA: 0s - loss: 1.1882 - accuracy: 0.5786
93/98 [===========================>..] - ETA: 0s - loss: 1.1889 - accuracy: 0.5786
94/98 [===========================>..] - ETA: 0s - loss: 1.1881 - accuracy: 0.5790
95/98 [============================>.] - ETA: 0s - loss: 1.1871 - accuracy: 0.5794
96/98 [============================>.] - ETA: 0s - loss: 1.1868 - accuracy: 0.5793
97/98 [============================>.] - ETA: 0s - loss: 1.1861 - accuracy: 0.5797
98/98 [==============================] - ETA: 0s - loss: 1.1861 - accuracy: 0.5795
98/98 [==============================] - 9s 92ms/step - loss: 1.1861 - accuracy: 0.5795 - val_loss: 1.3661 - val_accuracy: 0.5234
Epoch 5/84

 1/98 [..............................] - ETA: 10s - loss: 1.1530 - accuracy: 0.5898
 2/98 [..............................] - ETA: 9s - loss: 1.1055 - accuracy: 0.6025 
 3/98 [..............................] - ETA: 8s - loss: 1.1073 - accuracy: 0.6016
 4/98 [>.............................] - ETA: 8s - loss: 1.0864 - accuracy: 0.6035
 5/98 [>.............................] - ETA: 8s - loss: 1.0859 - accuracy: 0.6059
 6/98 [>.............................] - ETA: 8s - loss: 1.0840 - accuracy: 0.6077
 7/98 [=>............................] - ETA: 8s - loss: 1.0969 - accuracy: 0.6052
 8/98 [=>............................] - ETA: 7s - loss: 1.0999 - accuracy: 0.6064
 9/98 [=>............................] - ETA: 7s - loss: 1.1050 - accuracy: 0.6057
10/98 [==>...........................] - ETA: 7s - loss: 1.0991 - accuracy: 0.6076
11/98 [==>...........................] - ETA: 7s - loss: 1.0926 - accuracy: 0.6115
12/98 [==>...........................] - ETA: 6s - loss: 1.0870 - accuracy: 0.6143
13/98 [==>...........................] - ETA: 6s - loss: 1.0868 - accuracy: 0.6136
14/98 [===>..........................] - ETA: 6s - loss: 1.0756 - accuracy: 0.6175
15/98 [===>..........................] - ETA: 6s - loss: 1.0786 - accuracy: 0.6173
16/98 [===>..........................] - ETA: 6s - loss: 1.0817 - accuracy: 0.6165
17/98 [====>.........................] - ETA: 6s - loss: 1.0813 - accuracy: 0.6175
18/98 [====>.........................] - ETA: 6s - loss: 1.0814 - accuracy: 0.6178
19/98 [====>.........................] - ETA: 6s - loss: 1.0813 - accuracy: 0.6182
20/98 [=====>........................] - ETA: 5s - loss: 1.0840 - accuracy: 0.6187
21/98 [=====>........................] - ETA: 5s - loss: 1.0838 - accuracy: 0.6183
22/98 [=====>........................] - ETA: 5s - loss: 1.0877 - accuracy: 0.6167
23/98 [======>.......................] - ETA: 5s - loss: 1.0851 - accuracy: 0.6174
24/98 [======>.......................] - ETA: 5s - loss: 1.0841 - accuracy: 0.6170
25/98 [======>.......................] - ETA: 5s - loss: 1.0802 - accuracy: 0.6200
26/98 [======>.......................] - ETA: 5s - loss: 1.0776 - accuracy: 0.6205
27/98 [=======>......................] - ETA: 5s - loss: 1.0741 - accuracy: 0.6219
28/98 [=======>......................] - ETA: 5s - loss: 1.0740 - accuracy: 0.6209
29/98 [=======>......................] - ETA: 5s - loss: 1.0715 - accuracy: 0.6214
30/98 [========>.....................] - ETA: 5s - loss: 1.0692 - accuracy: 0.6219
31/98 [========>.....................] - ETA: 5s - loss: 1.0692 - accuracy: 0.6222
32/98 [========>.....................] - ETA: 5s - loss: 1.0693 - accuracy: 0.6219
33/98 [=========>....................] - ETA: 5s - loss: 1.0689 - accuracy: 0.6225
34/98 [=========>....................] - ETA: 5s - loss: 1.0704 - accuracy: 0.6216
35/98 [=========>....................] - ETA: 5s - loss: 1.0696 - accuracy: 0.6217
36/98 [==========>...................] - ETA: 5s - loss: 1.0674 - accuracy: 0.6229
37/98 [==========>...................] - ETA: 5s - loss: 1.0680 - accuracy: 0.6219
38/98 [==========>...................] - ETA: 5s - loss: 1.0673 - accuracy: 0.6228
39/98 [==========>...................] - ETA: 4s - loss: 1.0644 - accuracy: 0.6242
40/98 [===========>..................] - ETA: 4s - loss: 1.0649 - accuracy: 0.6240
41/98 [===========>..................] - ETA: 4s - loss: 1.0652 - accuracy: 0.6239
42/98 [===========>..................] - ETA: 4s - loss: 1.0656 - accuracy: 0.6238
43/98 [============>.................] - ETA: 4s - loss: 1.0652 - accuracy: 0.6240
44/98 [============>.................] - ETA: 4s - loss: 1.0629 - accuracy: 0.6246
45/98 [============>.................] - ETA: 4s - loss: 1.0618 - accuracy: 0.6249
