2024-06-25 23:37:21.888317: I tensorflow/core/platform/cpu_feature_guard.cc:193] This TensorFlow binary is optimized with oneAPI Deep Neural Network Library (oneDNN) to use the following CPU instructions in performance-critical operations:  AVX AVX2
To enable them in other operations, rebuild TensorFlow with the appropriate compiler flags.
2024-06-25 23:37:23.208700: I tensorflow/core/common_runtime/gpu/gpu_device.cc:1616] Created device /job:localhost/replica:0/task:0/device:GPU:0 with 6656 MB memory:  -> device: 0, name: NVIDIA GeForce RTX 4060 Ti, pci bus id: 0000:01:00.0, compute capability: 8.9
1 Physical GPUs, 1 Logical GPUs
Model: "sequential"
_________________________________________________________________
 Layer (type)                Output Shape              Param #   
=================================================================
 conv2d (Conv2D)             (None, 32, 32, 32)        896       
                                                                 
 batch_normalization (BatchN  (None, 32, 32, 32)       128       
 ormalization)                                                   
                                                                 
 conv2d_1 (Conv2D)           (None, 32, 32, 64)        51264     
                                                                 
 max_pooling2d (MaxPooling2D  (None, 16, 16, 64)       0         
 )                                                               
                                                                 
 conv2d_2 (Conv2D)           (None, 16, 16, 32)        165920    
                                                                 
 max_pooling2d_1 (MaxPooling  (None, 8, 8, 32)         0         
 2D)                                                             
                                                                 
 batch_normalization_1 (Batc  (None, 8, 8, 32)         128       
 hNormalization)                                                 
                                                                 
 dropout (Dropout)           (None, 8, 8, 32)          0         
                                                                 
 flatten (Flatten)           (None, 2048)              0         
                                                                 
 dense (Dense)               (None, 10)                20490     
                                                                 
=================================================================
Total params: 238,826
Trainable params: 238,698
Non-trainable params: 128
_________________________________________________________________
Taxa de aprendizado:  0.01 Num de épocas:  84 Tamanho do lote:  512 Dropout:  0.40907
Epoch 1/84
2024-06-25 23:37:25.454570: I tensorflow/stream_executor/cuda/cuda_dnn.cc:384] Loaded cuDNN version 8100
2024-06-25 23:37:26.338016: W tensorflow/stream_executor/gpu/redzone_allocator.cc:314] INTERNAL: ptxas exited with non-zero error code -1, output: 
Relying on driver to perform ptx compilation. 
Modify $PATH to customize ptxas location.
This message will be only logged once.
2024-06-25 23:37:29.009448: I tensorflow/stream_executor/cuda/cuda_blas.cc:1614] TensorFloat-32 will be used for the matrix multiplication. This will only be logged once.

 1/98 [..............................] - ETA: 13:51 - loss: 3.4249 - accuracy: 0.1250
 2/98 [..............................] - ETA: 11s - loss: 4.3533 - accuracy: 0.1387  
 3/98 [..............................] - ETA: 11s - loss: 4.5628 - accuracy: 0.1660
 4/98 [>.............................] - ETA: 11s - loss: 4.7718 - accuracy: 0.1641
 5/98 [>.............................] - ETA: 11s - loss: 4.7594 - accuracy: 0.1551
 6/98 [>.............................] - ETA: 11s - loss: 4.6145 - accuracy: 0.1598
 7/98 [=>............................] - ETA: 11s - loss: 4.4710 - accuracy: 0.1669
 8/98 [=>............................] - ETA: 11s - loss: 4.3631 - accuracy: 0.1704
 9/98 [=>............................] - ETA: 10s - loss: 4.2758 - accuracy: 0.1736
10/98 [==>...........................] - ETA: 10s - loss: 4.1525 - accuracy: 0.1799
11/98 [==>...........................] - ETA: 10s - loss: 4.0526 - accuracy: 0.1841
12/98 [==>...........................] - ETA: 10s - loss: 3.9614 - accuracy: 0.1865
13/98 [==>...........................] - ETA: 10s - loss: 3.8817 - accuracy: 0.1870
14/98 [===>..........................] - ETA: 10s - loss: 3.8182 - accuracy: 0.1883
15/98 [===>..........................] - ETA: 10s - loss: 3.7469 - accuracy: 0.1923
16/98 [===>..........................] - ETA: 10s - loss: 3.6902 - accuracy: 0.1935
17/98 [====>.........................] - ETA: 9s - loss: 3.6324 - accuracy: 0.1966 
18/98 [====>.........................] - ETA: 9s - loss: 3.5868 - accuracy: 0.1980
19/98 [====>.........................] - ETA: 9s - loss: 3.5318 - accuracy: 0.2005
20/98 [=====>........................] - ETA: 9s - loss: 3.4859 - accuracy: 0.2017
21/98 [=====>........................] - ETA: 9s - loss: 3.4408 - accuracy: 0.2041
22/98 [=====>........................] - ETA: 9s - loss: 3.4043 - accuracy: 0.2059
23/98 [======>.......................] - ETA: 9s - loss: 3.3571 - accuracy: 0.2086
24/98 [======>.......................] - ETA: 9s - loss: 3.3120 - accuracy: 0.2108
25/98 [======>.......................] - ETA: 9s - loss: 3.2718 - accuracy: 0.2134
26/98 [======>.......................] - ETA: 8s - loss: 3.2372 - accuracy: 0.2152
27/98 [=======>......................] - ETA: 8s - loss: 3.1999 - accuracy: 0.2171
28/98 [=======>......................] - ETA: 8s - loss: 3.1637 - accuracy: 0.2200
29/98 [=======>......................] - ETA: 8s - loss: 3.1338 - accuracy: 0.2231
30/98 [========>.....................] - ETA: 8s - loss: 3.1009 - accuracy: 0.2262
31/98 [========>.....................] - ETA: 8s - loss: 3.0716 - accuracy: 0.2276
32/98 [========>.....................] - ETA: 8s - loss: 3.0421 - accuracy: 0.2280
33/98 [=========>....................] - ETA: 8s - loss: 3.0171 - accuracy: 0.2299
34/98 [=========>....................] - ETA: 7s - loss: 2.9896 - accuracy: 0.2319
35/98 [=========>....................] - ETA: 7s - loss: 2.9648 - accuracy: 0.2338
36/98 [==========>...................] - ETA: 7s - loss: 2.9401 - accuracy: 0.2351
37/98 [==========>...................] - ETA: 7s - loss: 2.9139 - accuracy: 0.2366
38/98 [==========>...................] - ETA: 7s - loss: 2.8923 - accuracy: 0.2383
39/98 [==========>...................] - ETA: 7s - loss: 2.8733 - accuracy: 0.2395
40/98 [===========>..................] - ETA: 7s - loss: 2.8546 - accuracy: 0.2403
41/98 [===========>..................] - ETA: 7s - loss: 2.8326 - accuracy: 0.2420
42/98 [===========>..................] - ETA: 6s - loss: 2.8128 - accuracy: 0.2435
43/98 [============>.................] - ETA: 6s - loss: 2.7946 - accuracy: 0.2457
44/98 [============>.................] - ETA: 6s - loss: 2.7746 - accuracy: 0.2473
45/98 [============>.................] - ETA: 6s - loss: 2.7568 - accuracy: 0.2492
46/98 [=============>................] - ETA: 6s - loss: 2.7400 - accuracy: 0.2511
47/98 [=============>................] - ETA: 6s - loss: 2.7237 - accuracy: 0.2528
48/98 [=============>................] - ETA: 6s - loss: 2.7075 - accuracy: 0.2543
49/98 [==============>...............] - ETA: 6s - loss: 2.6930 - accuracy: 0.2557
50/98 [==============>...............] - ETA: 5s - loss: 2.6769 - accuracy: 0.2575
51/98 [==============>...............] - ETA: 5s - loss: 2.6634 - accuracy: 0.2586
52/98 [==============>...............] - ETA: 5s - loss: 2.6493 - accuracy: 0.2600
53/98 [===============>..............] - ETA: 5s - loss: 2.6359 - accuracy: 0.2619
54/98 [===============>..............] - ETA: 5s - loss: 2.6241 - accuracy: 0.2636
55/98 [===============>..............] - ETA: 5s - loss: 2.6108 - accuracy: 0.2649
56/98 [================>.............] - ETA: 5s - loss: 2.5985 - accuracy: 0.2661
57/98 [================>.............] - ETA: 5s - loss: 2.5881 - accuracy: 0.2669
58/98 [================>.............] - ETA: 4s - loss: 2.5766 - accuracy: 0.2684
59/98 [=================>............] - ETA: 4s - loss: 2.5637 - accuracy: 0.2704
60/98 [=================>............] - ETA: 4s - loss: 2.5511 - accuracy: 0.2725
61/98 [=================>............] - ETA: 5s - loss: 2.5445 - accuracy: 0.2730
62/98 [=================>............] - ETA: 5s - loss: 2.5338 - accuracy: 0.2743
63/98 [==================>...........] - ETA: 5s - loss: 2.5222 - accuracy: 0.2759
64/98 [==================>...........] - ETA: 5s - loss: 2.5113 - accuracy: 0.2783
65/98 [==================>...........] - ETA: 5s - loss: 2.5017 - accuracy: 0.2790
66/98 [===================>..........] - ETA: 5s - loss: 2.4927 - accuracy: 0.2797
67/98 [===================>..........] - ETA: 4s - loss: 2.4834 - accuracy: 0.2804
68/98 [===================>..........] - ETA: 4s - loss: 2.4732 - accuracy: 0.2817
69/98 [====================>.........] - ETA: 4s - loss: 2.4637 - accuracy: 0.2828
70/98 [====================>.........] - ETA: 4s - loss: 2.4550 - accuracy: 0.2835
71/98 [====================>.........] - ETA: 4s - loss: 2.4464 - accuracy: 0.2851
72/98 [=====================>........] - ETA: 4s - loss: 2.4377 - accuracy: 0.2860
73/98 [=====================>........] - ETA: 3s - loss: 2.4285 - accuracy: 0.2871
74/98 [=====================>........] - ETA: 3s - loss: 2.4183 - accuracy: 0.2883
75/98 [=====================>........] - ETA: 3s - loss: 2.4103 - accuracy: 0.2895
76/98 [======================>.......] - ETA: 3s - loss: 2.4030 - accuracy: 0.2904
77/98 [======================>.......] - ETA: 3s - loss: 2.3934 - accuracy: 0.2916
78/98 [======================>.......] - ETA: 3s - loss: 2.3841 - accuracy: 0.2932
79/98 [=======================>......] - ETA: 2s - loss: 2.3753 - accuracy: 0.2942
80/98 [=======================>......] - ETA: 2s - loss: 2.3666 - accuracy: 0.2954
81/98 [=======================>......] - ETA: 2s - loss: 2.3590 - accuracy: 0.2965
82/98 [========================>.....] - ETA: 2s - loss: 2.3506 - accuracy: 0.2981
83/98 [========================>.....] - ETA: 2s - loss: 2.3432 - accuracy: 0.2991
84/98 [========================>.....] - ETA: 2s - loss: 2.3347 - accuracy: 0.3006
85/98 [=========================>....] - ETA: 1s - loss: 2.3265 - accuracy: 0.3019
86/98 [=========================>....] - ETA: 1s - loss: 2.3197 - accuracy: 0.3026
87/98 [=========================>....] - ETA: 1s - loss: 2.3121 - accuracy: 0.3038
88/98 [=========================>....] - ETA: 1s - loss: 2.3063 - accuracy: 0.3049
89/98 [==========================>...] - ETA: 1s - loss: 2.2989 - accuracy: 0.3063
90/98 [==========================>...] - ETA: 1s - loss: 2.2927 - accuracy: 0.3072
91/98 [==========================>...] - ETA: 1s - loss: 2.2869 - accuracy: 0.3084
92/98 [===========================>..] - ETA: 0s - loss: 2.2799 - accuracy: 0.3097
93/98 [===========================>..] - ETA: 0s - loss: 2.2732 - accuracy: 0.3108
94/98 [===========================>..] - ETA: 0s - loss: 2.2673 - accuracy: 0.3119
95/98 [============================>.] - ETA: 0s - loss: 2.2608 - accuracy: 0.3130
96/98 [============================>.] - ETA: 0s - loss: 2.2531 - accuracy: 0.3141
97/98 [============================>.] - ETA: 0s - loss: 2.2467 - accuracy: 0.3149
98/98 [==============================] - ETA: 0s - loss: 2.2409 - accuracy: 0.3155
98/98 [==============================] - 24s 159ms/step - loss: 2.2409 - accuracy: 0.3155 - val_loss: 1.9649 - val_accuracy: 0.2912
Epoch 2/84

 1/98 [..............................] - ETA: 13s - loss: 1.6067 - accuracy: 0.4102
 2/98 [..............................] - ETA: 11s - loss: 1.5806 - accuracy: 0.4316
 3/98 [..............................] - ETA: 11s - loss: 1.5701 - accuracy: 0.4368
 4/98 [>.............................] - ETA: 11s - loss: 1.5885 - accuracy: 0.4341
 5/98 [>.............................] - ETA: 11s - loss: 1.5764 - accuracy: 0.4352
 6/98 [>.............................] - ETA: 11s - loss: 1.5988 - accuracy: 0.4359
 7/98 [=>............................] - ETA: 11s - loss: 1.6114 - accuracy: 0.4305
 8/98 [=>............................] - ETA: 11s - loss: 1.6046 - accuracy: 0.4290
 9/98 [=>............................] - ETA: 10s - loss: 1.6041 - accuracy: 0.4308
10/98 [==>...........................] - ETA: 10s - loss: 1.6136 - accuracy: 0.4293
11/98 [==>...........................] - ETA: 10s - loss: 1.6077 - accuracy: 0.4327
12/98 [==>...........................] - ETA: 10s - loss: 1.5994 - accuracy: 0.4370
13/98 [==>...........................] - ETA: 10s - loss: 1.6004 - accuracy: 0.4357
14/98 [===>..........................] - ETA: 10s - loss: 1.5962 - accuracy: 0.4386
15/98 [===>..........................] - ETA: 10s - loss: 1.5902 - accuracy: 0.4391
16/98 [===>..........................] - ETA: 10s - loss: 1.5873 - accuracy: 0.4391
17/98 [====>.........................] - ETA: 10s - loss: 1.5824 - accuracy: 0.4399
18/98 [====>.........................] - ETA: 9s - loss: 1.5774 - accuracy: 0.4416 
19/98 [====>.........................] - ETA: 9s - loss: 1.5759 - accuracy: 0.4414
20/98 [=====>........................] - ETA: 9s - loss: 1.5808 - accuracy: 0.4404
21/98 [=====>........................] - ETA: 9s - loss: 1.5823 - accuracy: 0.4389
22/98 [=====>........................] - ETA: 9s - loss: 1.5790 - accuracy: 0.4404
23/98 [======>.......................] - ETA: 9s - loss: 1.5754 - accuracy: 0.4415
24/98 [======>.......................] - ETA: 9s - loss: 1.5751 - accuracy: 0.4413
25/98 [======>.......................] - ETA: 9s - loss: 1.5708 - accuracy: 0.4437
26/98 [======>.......................] - ETA: 8s - loss: 1.5694 - accuracy: 0.4434
27/98 [=======>......................] - ETA: 8s - loss: 1.5694 - accuracy: 0.4434
28/98 [=======>......................] - ETA: 8s - loss: 1.5671 - accuracy: 0.4436
29/98 [=======>......................] - ETA: 8s - loss: 1.5658 - accuracy: 0.4448
30/98 [========>.....................] - ETA: 8s - loss: 1.5676 - accuracy: 0.4445
31/98 [========>.....................] - ETA: 8s - loss: 1.5635 - accuracy: 0.4459
32/98 [========>.....................] - ETA: 8s - loss: 1.5622 - accuracy: 0.4461
33/98 [=========>....................] - ETA: 8s - loss: 1.5586 - accuracy: 0.4475
34/98 [=========>....................] - ETA: 7s - loss: 1.5587 - accuracy: 0.4469
35/98 [=========>....................] - ETA: 7s - loss: 1.5578 - accuracy: 0.4470
36/98 [==========>...................] - ETA: 7s - loss: 1.5559 - accuracy: 0.4475
37/98 [==========>...................] - ETA: 7s - loss: 1.5539 - accuracy: 0.4483
38/98 [==========>...................] - ETA: 7s - loss: 1.5526 - accuracy: 0.4488
39/98 [==========>...................] - ETA: 7s - loss: 1.5494 - accuracy: 0.4500
40/98 [===========>..................] - ETA: 7s - loss: 1.5494 - accuracy: 0.4489
41/98 [===========>..................] - ETA: 7s - loss: 1.5503 - accuracy: 0.4491
42/98 [===========>..................] - ETA: 6s - loss: 1.5495 - accuracy: 0.4490
43/98 [============>.................] - ETA: 6s - loss: 1.5502 - accuracy: 0.4485
44/98 [============>.................] - ETA: 6s - loss: 1.5489 - accuracy: 0.4490
45/98 [============>.................] - ETA: 6s - loss: 1.5483 - accuracy: 0.4497
46/98 [=============>................] - ETA: 6s - loss: 1.5463 - accuracy: 0.4504
47/98 [=============>................] - ETA: 6s - loss: 1.5470 - accuracy: 0.4501
48/98 [=============>................] - ETA: 6s - loss: 1.5465 - accuracy: 0.4502
49/98 [==============>...............] - ETA: 6s - loss: 1.5454 - accuracy: 0.4499
50/98 [==============>...............] - ETA: 5s - loss: 1.5444 - accuracy: 0.4499
51/98 [==============>...............] - ETA: 5s - loss: 1.5433 - accuracy: 0.4506
52/98 [==============>...............] - ETA: 5s - loss: 1.5418 - accuracy: 0.4511
53/98 [===============>..............] - ETA: 5s - loss: 1.5400 - accuracy: 0.4518
54/98 [===============>..............] - ETA: 5s - loss: 1.5391 - accuracy: 0.4523
55/98 [===============>..............] - ETA: 5s - loss: 1.5365 - accuracy: 0.4526
56/98 [================>.............] - ETA: 5s - loss: 1.5350 - accuracy: 0.4533
57/98 [================>.............] - ETA: 5s - loss: 1.5328 - accuracy: 0.4543
58/98 [================>.............] - ETA: 4s - loss: 1.5317 - accuracy: 0.4544
59/98 [=================>............] - ETA: 4s - loss: 1.5299 - accuracy: 0.4555
60/98 [=================>............] - ETA: 4s - loss: 1.5284 - accuracy: 0.4560
61/98 [=================>............] - ETA: 4s - loss: 1.5291 - accuracy: 0.4564
62/98 [=================>............] - ETA: 4s - loss: 1.5285 - accuracy: 0.4569
63/98 [==================>...........] - ETA: 4s - loss: 1.5261 - accuracy: 0.4581
64/98 [==================>...........] - ETA: 4s - loss: 1.5235 - accuracy: 0.4594
65/98 [==================>...........] - ETA: 4s - loss: 1.5231 - accuracy: 0.4596
66/98 [===================>..........] - ETA: 3s - loss: 1.5205 - accuracy: 0.4605
67/98 [===================>..........] - ETA: 3s - loss: 1.5197 - accuracy: 0.4605
68/98 [===================>..........] - ETA: 3s - loss: 1.5199 - accuracy: 0.4607
69/98 [====================>.........] - ETA: 3s - loss: 1.5187 - accuracy: 0.4608
70/98 [====================>.........] - ETA: 3s - loss: 1.5188 - accuracy: 0.4609
71/98 [====================>.........] - ETA: 3s - loss: 1.5182 - accuracy: 0.4612
72/98 [=====================>........] - ETA: 3s - loss: 1.5167 - accuracy: 0.4617
73/98 [=====================>........] - ETA: 3s - loss: 1.5161 - accuracy: 0.4617
74/98 [=====================>........] - ETA: 2s - loss: 1.5145 - accuracy: 0.4624
75/98 [=====================>........] - ETA: 2s - loss: 1.5131 - accuracy: 0.4630
76/98 [======================>.......] - ETA: 2s - loss: 1.5113 - accuracy: 0.4637
77/98 [======================>.......] - ETA: 2s - loss: 1.5100 - accuracy: 0.4643
78/98 [======================>.......] - ETA: 2s - loss: 1.5094 - accuracy: 0.4645
79/98 [=======================>......] - ETA: 2s - loss: 1.5084 - accuracy: 0.4650
80/98 [=======================>......] - ETA: 2s - loss: 1.5076 - accuracy: 0.4649
81/98 [=======================>......] - ETA: 2s - loss: 1.5061 - accuracy: 0.4650
82/98 [========================>.....] - ETA: 1s - loss: 1.5053 - accuracy: 0.4653
83/98 [========================>.....] - ETA: 1s - loss: 1.5039 - accuracy: 0.4661
84/98 [========================>.....] - ETA: 1s - loss: 1.5025 - accuracy: 0.4668
85/98 [=========================>....] - ETA: 1s - loss: 1.5016 - accuracy: 0.4671
86/98 [=========================>....] - ETA: 1s - loss: 1.5007 - accuracy: 0.4675
87/98 [=========================>....] - ETA: 1s - loss: 1.5000 - accuracy: 0.4679
88/98 [=========================>....] - ETA: 1s - loss: 1.4986 - accuracy: 0.4680
89/98 [==========================>...] - ETA: 1s - loss: 1.4973 - accuracy: 0.4683
90/98 [==========================>...] - ETA: 0s - loss: 1.4964 - accuracy: 0.4685
91/98 [==========================>...] - ETA: 0s - loss: 1.4963 - accuracy: 0.4688
92/98 [===========================>..] - ETA: 0s - loss: 1.4953 - accuracy: 0.4693
93/98 [===========================>..] - ETA: 0s - loss: 1.4942 - accuracy: 0.4698
94/98 [===========================>..] - ETA: 0s - loss: 1.4930 - accuracy: 0.4699
95/98 [============================>.] - ETA: 0s - loss: 1.4935 - accuracy: 0.4698
96/98 [============================>.] - ETA: 0s - loss: 1.4934 - accuracy: 0.4700
97/98 [============================>.] - ETA: 0s - loss: 1.4926 - accuracy: 0.4704
98/98 [==============================] - ETA: 0s - loss: 1.4914 - accuracy: 0.4709
98/98 [==============================] - 14s 139ms/step - loss: 1.4914 - accuracy: 0.4709 - val_loss: 1.9584 - val_accuracy: 0.2958
Epoch 3/84

 1/98 [..............................] - ETA: 13s - loss: 1.4082 - accuracy: 0.4883
 2/98 [..............................] - ETA: 12s - loss: 1.3850 - accuracy: 0.5020
 3/98 [..............................] - ETA: 11s - loss: 1.3873 - accuracy: 0.4980
 4/98 [>.............................] - ETA: 11s - loss: 1.3929 - accuracy: 0.5010
 5/98 [>.............................] - ETA: 11s - loss: 1.3774 - accuracy: 0.5078
 6/98 [>.............................] - ETA: 11s - loss: 1.3887 - accuracy: 0.4987
 7/98 [=>............................] - ETA: 11s - loss: 1.3898 - accuracy: 0.4989
 8/98 [=>............................] - ETA: 11s - loss: 1.3753 - accuracy: 0.5046
 9/98 [=>............................] - ETA: 11s - loss: 1.3707 - accuracy: 0.5076
10/98 [==>...........................] - ETA: 11s - loss: 1.3691 - accuracy: 0.5094
11/98 [==>...........................] - ETA: 10s - loss: 1.3742 - accuracy: 0.5096
12/98 [==>...........................] - ETA: 10s - loss: 1.3759 - accuracy: 0.5093
13/98 [==>...........................] - ETA: 10s - loss: 1.3720 - accuracy: 0.5102
14/98 [===>..........................] - ETA: 9s - loss: 1.3673 - accuracy: 0.5117 
15/98 [===>..........................] - ETA: 9s - loss: 1.3626 - accuracy: 0.5156
16/98 [===>..........................] - ETA: 9s - loss: 1.3596 - accuracy: 0.5168
17/98 [====>.........................] - ETA: 8s - loss: 1.3583 - accuracy: 0.5177
18/98 [====>.........................] - ETA: 8s - loss: 1.3535 - accuracy: 0.5176
19/98 [====>.........................] - ETA: 8s - loss: 1.3502 - accuracy: 0.5177
20/98 [=====>........................] - ETA: 8s - loss: 1.3494 - accuracy: 0.5181
21/98 [=====>........................] - ETA: 8s - loss: 1.3530 - accuracy: 0.5165
22/98 [=====>........................] - ETA: 7s - loss: 1.3524 - accuracy: 0.5160
23/98 [======>.......................] - ETA: 7s - loss: 1.3530 - accuracy: 0.5158
24/98 [======>.......................] - ETA: 7s - loss: 1.3528 - accuracy: 0.5160
25/98 [======>.......................] - ETA: 7s - loss: 1.3537 - accuracy: 0.5165
26/98 [======>.......................] - ETA: 7s - loss: 1.3531 - accuracy: 0.5160
27/98 [=======>......................] - ETA: 7s - loss: 1.3527 - accuracy: 0.5157
28/98 [=======>......................] - ETA: 6s - loss: 1.3508 - accuracy: 0.5159
29/98 [=======>......................] - ETA: 6s - loss: 1.3498 - accuracy: 0.5166
31/98 [========>.....................] - ETA: 6s - loss: 1.3472 - accuracy: 0.5181
33/98 [=========>....................] - ETA: 6s - loss: 1.3493 - accuracy: 0.5182
34/98 [=========>....................] - ETA: 5s - loss: 1.3479 - accuracy: 0.5184
35/98 [=========>....................] - ETA: 5s - loss: 1.3487 - accuracy: 0.5182
36/98 [==========>...................] - ETA: 5s - loss: 1.3484 - accuracy: 0.5187
37/98 [==========>...................] - ETA: 5s - loss: 1.3470 - accuracy: 0.5189
38/98 [==========>...................] - ETA: 5s - loss: 1.3474 - accuracy: 0.5186
39/98 [==========>...................] - ETA: 5s - loss: 1.3446 - accuracy: 0.5195
40/98 [===========>..................] - ETA: 5s - loss: 1.3413 - accuracy: 0.5203
41/98 [===========>..................] - ETA: 5s - loss: 1.3408 - accuracy: 0.5204
42/98 [===========>..................] - ETA: 5s - loss: 1.3395 - accuracy: 0.5210
43/98 [============>.................] - ETA: 4s - loss: 1.3379 - accuracy: 0.5212
44/98 [============>.................] - ETA: 4s - loss: 1.3378 - accuracy: 0.5210
45/98 [============>.................] - ETA: 4s - loss: 1.3369 - accuracy: 0.5214
46/98 [=============>................] - ETA: 4s - loss: 1.3335 - accuracy: 0.5228
47/98 [=============>................] - ETA: 4s - loss: 1.3322 - accuracy: 0.5233
48/98 [=============>................] - ETA: 4s - loss: 1.3309 - accuracy: 0.5239
49/98 [==============>...............] - ETA: 4s - loss: 1.3313 - accuracy: 0.5239
50/98 [==============>...............] - ETA: 4s - loss: 1.3320 - accuracy: 0.5238
52/98 [==============>...............] - ETA: 4s - loss: 1.3292 - accuracy: 0.5256
54/98 [===============>..............] - ETA: 3s - loss: 1.3292 - accuracy: 0.5266
55/98 [===============>..............] - ETA: 3s - loss: 1.3281 - accuracy: 0.5268
57/98 [================>.............] - ETA: 3s - loss: 1.3272 - accuracy: 0.5271
59/98 [=================>............] - ETA: 3s - loss: 1.3235 - accuracy: 0.5284
61/98 [=================>............] - ETA: 3s - loss: 1.3233 - accuracy: 0.5287
63/98 [==================>...........] - ETA: 2s - loss: 1.3222 - accuracy: 0.5286
64/98 [==================>...........] - ETA: 2s - loss: 1.3209 - accuracy: 0.5292
66/98 [===================>..........] - ETA: 2s - loss: 1.3194 - accuracy: 0.5295
68/98 [===================>..........] - ETA: 2s - loss: 1.3186 - accuracy: 0.5294
70/98 [====================>.........] - ETA: 2s - loss: 1.3169 - accuracy: 0.5296
72/98 [=====================>........] - ETA: 2s - loss: 1.3178 - accuracy: 0.5292
73/98 [=====================>........] - ETA: 1s - loss: 1.3165 - accuracy: 0.5296
75/98 [=====================>........] - ETA: 1s - loss: 1.3145 - accuracy: 0.5306
77/98 [======================>.......] - ETA: 1s - loss: 1.3150 - accuracy: 0.5306
79/98 [=======================>......] - ETA: 1s - loss: 1.3137 - accuracy: 0.5318
81/98 [=======================>......] - ETA: 1s - loss: 1.3114 - accuracy: 0.5331
82/98 [========================>.....] - ETA: 1s - loss: 1.3103 - accuracy: 0.5337
84/98 [========================>.....] - ETA: 1s - loss: 1.3088 - accuracy: 0.5341
86/98 [=========================>....] - ETA: 0s - loss: 1.3060 - accuracy: 0.5355
88/98 [=========================>....] - ETA: 0s - loss: 1.3043 - accuracy: 0.5361
90/98 [==========================>...] - ETA: 0s - loss: 1.3023 - accuracy: 0.5369
91/98 [==========================>...] - ETA: 0s - loss: 1.3008 - accuracy: 0.5376
93/98 [===========================>..] - ETA: 0s - loss: 1.2991 - accuracy: 0.5387
94/98 [===========================>..] - ETA: 0s - loss: 1.2984 - accuracy: 0.5392
96/98 [============================>.] - ETA: 0s - loss: 1.2964 - accuracy: 0.5399
97/98 [============================>.] - ETA: 0s - loss: 1.2944 - accuracy: 0.5407
98/98 [==============================] - 8s 76ms/step - loss: 1.2937 - accuracy: 0.5408 - val_loss: 1.6788 - val_accuracy: 0.3784
Epoch 4/84

 1/98 [..............................] - ETA: 6s - loss: 1.2295 - accuracy: 0.5781
 3/98 [..............................] - ETA: 5s - loss: 1.1613 - accuracy: 0.6029
 4/98 [>.............................] - ETA: 4s - loss: 1.1522 - accuracy: 0.6016
 6/98 [>.............................] - ETA: 4s - loss: 1.1645 - accuracy: 0.5846
 7/98 [=>............................] - ETA: 4s - loss: 1.1784 - accuracy: 0.5823
 9/98 [=>............................] - ETA: 4s - loss: 1.1807 - accuracy: 0.5820
10/98 [==>...........................] - ETA: 4s - loss: 1.1716 - accuracy: 0.5867
11/98 [==>...........................] - ETA: 4s - loss: 1.1757 - accuracy: 0.5858
13/98 [==>...........................] - ETA: 4s - loss: 1.1770 - accuracy: 0.5828
14/98 [===>..........................] - ETA: 4s - loss: 1.1742 - accuracy: 0.5852
16/98 [===>..........................] - ETA: 4s - loss: 1.1766 - accuracy: 0.5853
18/98 [====>.........................] - ETA: 4s - loss: 1.1798 - accuracy: 0.5828
20/98 [=====>........................] - ETA: 3s - loss: 1.1791 - accuracy: 0.5830
21/98 [=====>........................] - ETA: 3s - loss: 1.1801 - accuracy: 0.5825
23/98 [======>.......................] - ETA: 3s - loss: 1.1802 - accuracy: 0.5824
24/98 [======>.......................] - ETA: 3s - loss: 1.1777 - accuracy: 0.5832
26/98 [======>.......................] - ETA: 3s - loss: 1.1790 - accuracy: 0.5808
27/98 [=======>......................] - ETA: 3s - loss: 1.1782 - accuracy: 0.5811
29/98 [=======>......................] - ETA: 3s - loss: 1.1748 - accuracy: 0.5815
31/98 [========>.....................] - ETA: 3s - loss: 1.1699 - accuracy: 0.5839
32/98 [========>.....................] - ETA: 3s - loss: 1.1687 - accuracy: 0.5847
33/98 [=========>....................] - ETA: 3s - loss: 1.1666 - accuracy: 0.5856
34/98 [=========>....................] - ETA: 3s - loss: 1.1650 - accuracy: 0.5862
36/98 [==========>...................] - ETA: 3s - loss: 1.1647 - accuracy: 0.5864
38/98 [==========>...................] - ETA: 3s - loss: 1.1600 - accuracy: 0.5875
39/98 [==========>...................] - ETA: 2s - loss: 1.1579 - accuracy: 0.5883
40/98 [===========>..................] - ETA: 2s - loss: 1.1573 - accuracy: 0.5889
42/98 [===========>..................] - ETA: 2s - loss: 1.1562 - accuracy: 0.5898
44/98 [============>.................] - ETA: 2s - loss: 1.1553 - accuracy: 0.5903
45/98 [============>.................] - ETA: 2s - loss: 1.1560 - accuracy: 0.5899
46/98 [=============>................] - ETA: 2s - loss: 1.1561 - accuracy: 0.5908
48/98 [=============>................] - ETA: 2s - loss: 1.1555 - accuracy: 0.5913
49/98 [==============>...............] - ETA: 2s - loss: 1.1537 - accuracy: 0.5919
51/98 [==============>...............] - ETA: 2s - loss: 1.1531 - accuracy: 0.5923
53/98 [===============>..............] - ETA: 2s - loss: 1.1534 - accuracy: 0.5919
54/98 [===============>..............] - ETA: 2s - loss: 1.1539 - accuracy: 0.5918
56/98 [================>.............] - ETA: 2s - loss: 1.1510 - accuracy: 0.5930
58/98 [================>.............] - ETA: 2s - loss: 1.1487 - accuracy: 0.5938
60/98 [=================>............] - ETA: 1s - loss: 1.1475 - accuracy: 0.5943
61/98 [=================>............] - ETA: 1s - loss: 1.1478 - accuracy: 0.5941
62/98 [=================>............] - ETA: 1s - loss: 1.1458 - accuracy: 0.5950
64/98 [==================>...........] - ETA: 1s - loss: 1.1450 - accuracy: 0.5948
66/98 [===================>..........] - ETA: 1s - loss: 1.1439 - accuracy: 0.5951
67/98 [===================>..........] - ETA: 1s - loss: 1.1447 - accuracy: 0.5952
68/98 [===================>..........] - ETA: 1s - loss: 1.1445 - accuracy: 0.5952
70/98 [====================>.........] - ETA: 1s - loss: 1.1441 - accuracy: 0.5950
72/98 [=====================>........] - ETA: 1s - loss: 1.1424 - accuracy: 0.5955
73/98 [=====================>........] - ETA: 1s - loss: 1.1420 - accuracy: 0.5957
75/98 [=====================>........] - ETA: 1s - loss: 1.1394 - accuracy: 0.5965
77/98 [======================>.......] - ETA: 1s - loss: 1.1393 - accuracy: 0.5966
78/98 [======================>.......] - ETA: 1s - loss: 1.1391 - accuracy: 0.5963
79/98 [=======================>......] - ETA: 0s - loss: 1.1389 - accuracy: 0.5964
80/98 [=======================>......] - ETA: 0s - loss: 1.1377 - accuracy: 0.5969
81/98 [=======================>......] - ETA: 0s - loss: 1.1366 - accuracy: 0.5975
82/98 [========================>.....] - ETA: 0s - loss: 1.1368 - accuracy: 0.5974
83/98 [========================>.....] - ETA: 0s - loss: 1.1358 - accuracy: 0.5978
84/98 [========================>.....] - ETA: 0s - loss: 1.1363 - accuracy: 0.5976
85/98 [=========================>....] - ETA: 0s - loss: 1.1365 - accuracy: 0.5978
86/98 [=========================>....] - ETA: 0s - loss: 1.1360 - accuracy: 0.5980
87/98 [=========================>....] - ETA: 0s - loss: 1.1349 - accuracy: 0.5981
88/98 [=========================>....] - ETA: 0s - loss: 1.1352 - accuracy: 0.5982
89/98 [==========================>...] - ETA: 0s - loss: 1.1354 - accuracy: 0.5982
90/98 [==========================>...] - ETA: 0s - loss: 1.1347 - accuracy: 0.5984
91/98 [==========================>...] - ETA: 0s - loss: 1.1336 - accuracy: 0.5989
92/98 [===========================>..] - ETA: 0s - loss: 1.1331 - accuracy: 0.5991
93/98 [===========================>..] - ETA: 0s - loss: 1.1325 - accuracy: 0.5993
94/98 [===========================>..] - ETA: 0s - loss: 1.1320 - accuracy: 0.5995
95/98 [============================>.] - ETA: 0s - loss: 1.1318 - accuracy: 0.5995
96/98 [============================>.] - ETA: 0s - loss: 1.1311 - accuracy: 0.5996
97/98 [============================>.] - ETA: 0s - loss: 1.1304 - accuracy: 0.5999
98/98 [==============================] - 6s 60ms/step - loss: 1.1300 - accuracy: 0.6002 - val_loss: 1.5216 - val_accuracy: 0.4673
Epoch 5/84

 1/98 [..............................] - ETA: 7s - loss: 1.0534 - accuracy: 0.6230
 2/98 [..............................] - ETA: 7s - loss: 1.0647 - accuracy: 0.6348
 3/98 [..............................] - ETA: 6s - loss: 1.0415 - accuracy: 0.6419
 4/98 [>.............................] - ETA: 6s - loss: 1.0329 - accuracy: 0.6421
 5/98 [>.............................] - ETA: 6s - loss: 1.0363 - accuracy: 0.6441
 6/98 [>.............................] - ETA: 6s - loss: 1.0387 - accuracy: 0.6410
 7/98 [=>............................] - ETA: 6s - loss: 1.0352 - accuracy: 0.6387
 8/98 [=>............................] - ETA: 6s - loss: 1.0387 - accuracy: 0.6348
 9/98 [=>............................] - ETA: 6s - loss: 1.0390 - accuracy: 0.6354
10/98 [==>...........................] - ETA: 6s - loss: 1.0363 - accuracy: 0.6381
11/98 [==>...........................] - ETA: 5s - loss: 1.0352 - accuracy: 0.6371
12/98 [==>...........................] - ETA: 5s - loss: 1.0392 - accuracy: 0.6348
13/98 [==>...........................] - ETA: 5s - loss: 1.0435 - accuracy: 0.6339
14/98 [===>..........................] - ETA: 5s - loss: 1.0412 - accuracy: 0.6357
15/98 [===>..........................] - ETA: 5s - loss: 1.0400 - accuracy: 0.6361
16/98 [===>..........................] - ETA: 5s - loss: 1.0442 - accuracy: 0.6335
17/98 [====>.........................] - ETA: 5s - loss: 1.0444 - accuracy: 0.6327
18/98 [====>.........................] - ETA: 5s - loss: 1.0441 - accuracy: 0.6331
19/98 [====>.........................] - ETA: 5s - loss: 1.0456 - accuracy: 0.6324
20/98 [=====>........................] - ETA: 5s - loss: 1.0444 - accuracy: 0.6314
21/98 [=====>........................] - ETA: 5s - loss: 1.0423 - accuracy: 0.6331
22/98 [=====>........................] - ETA: 5s - loss: 1.0428 - accuracy: 0.6333
23/98 [======>.......................] - ETA: 5s - loss: 1.0413 - accuracy: 0.6350
24/98 [======>.......................] - ETA: 5s - loss: 1.0396 - accuracy: 0.6354
25/98 [======>.......................] - ETA: 4s - loss: 1.0388 - accuracy: 0.6352
26/98 [======>.......................] - ETA: 4s - loss: 1.0375 - accuracy: 0.6354
27/98 [=======>......................] - ETA: 4s - loss: 1.0376 - accuracy: 0.6348
28/98 [=======>......................] - ETA: 4s - loss: 1.0359 - accuracy: 0.6351
29/98 [=======>......................] - ETA: 4s - loss: 1.0342 - accuracy: 0.6352
30/98 [========>.....................] - ETA: 4s - loss: 1.0313 - accuracy: 0.6353
31/98 [========>.....................] - ETA: 4s - loss: 1.0318 - accuracy: 0.6350
32/98 [========>.....................] - ETA: 4s - loss: 1.0295 - accuracy: 0.6357
33/98 [=========>....................] - ETA: 4s - loss: 1.0284 - accuracy: 0.6371
34/98 [=========>....................] - ETA: 4s - loss: 1.0284 - accuracy: 0.6372
35/98 [=========>....................] - ETA: 4s - loss: 1.0294 - accuracy: 0.6372
36/98 [==========>...................] - ETA: 4s - loss: 1.0304 - accuracy: 0.6368
37/98 [==========>...................] - ETA: 4s - loss: 1.0301 - accuracy: 0.6368
38/98 [==========>...................] - ETA: 4s - loss: 1.0319 - accuracy: 0.6367
39/98 [==========>...................] - ETA: 4s - loss: 1.0307 - accuracy: 0.6368
40/98 [===========>..................] - ETA: 3s - loss: 1.0303 - accuracy: 0.6368
41/98 [===========>..................] - ETA: 3s - loss: 1.0299 - accuracy: 0.6369
42/98 [===========>..................] - ETA: 3s - loss: 1.0308 - accuracy: 0.6367
43/98 [============>.................] - ETA: 3s - loss: 1.0286 - accuracy: 0.6373
44/98 [============>.................] - ETA: 3s - loss: 1.0292 - accuracy: 0.6370
45/98 [============>.................] - ETA: 3s - loss: 1.0297 - accuracy: 0.6365
46/98 [=============>................] - ETA: 3s - loss: 1.0296 - accuracy: 0.6371
47/98 [=============>................] - ETA: 3s - loss: 1.0296 - accuracy: 0.6372
48/98 [=============>................] - ETA: 3s - loss: 1.0288 - accuracy: 0.6378
50/98 [==============>...............] - ETA: 3s - loss: 1.0283 - accuracy: 0.6384
51/98 [==============>...............] - ETA: 3s - loss: 1.0270 - accuracy: 0.6388
52/98 [==============>...............] - ETA: 3s - loss: 1.0251 - accuracy: 0.6394
53/98 [===============>..............] - ETA: 3s - loss: 1.0261 - accuracy: 0.6392
54/98 [===============>..............] - ETA: 3s - loss: 1.0238 - accuracy: 0.6399
55/98 [===============>..............] - ETA: 2s - loss: 1.0232 - accuracy: 0.6399
56/98 [================>.............] - ETA: 2s - loss: 1.0220 - accuracy: 0.6403
57/98 [================>.............] - ETA: 2s - loss: 1.0222 - accuracy: 0.6404
58/98 [================>.............] - ETA: 2s - loss: 1.0212 - accuracy: 0.6407
59/98 [=================>............] - ETA: 2s - loss: 1.0218 - accuracy: 0.6408
60/98 [=================>............] - ETA: 2s - loss: 1.0217 - accuracy: 0.6413
61/98 [=================>............] - ETA: 2s - loss: 1.0217 - accuracy: 0.6416
62/98 [=================>............] - ETA: 2s - loss: 1.0202 - accuracy: 0.6420
63/98 [==================>...........] - ETA: 2s - loss: 1.0193 - accuracy: 0.6425
64/98 [==================>...........] - ETA: 2s - loss: 1.0187 - accuracy: 0.6425
65/98 [==================>...........] - ETA: 2s - loss: 1.0171 - accuracy: 0.6430
66/98 [===================>..........] - ETA: 2s - loss: 1.0159 - accuracy: 0.6429
68/98 [===================>..........] - ETA: 2s - loss: 1.0150 - accuracy: 0.6434
69/98 [====================>.........] - ETA: 1s - loss: 1.0138 - accuracy: 0.6440
70/98 [====================>.........] - ETA: 1s - loss: 1.0123 - accuracy: 0.6444
71/98 [====================>.........] - ETA: 1s - loss: 1.0118 - accuracy: 0.6442
72/98 [=====================>........] - ETA: 1s - loss: 1.0107 - accuracy: 0.6448
73/98 [=====================>........] - ETA: 1s - loss: 1.0115 - accuracy: 0.6445
74/98 [=====================>........] - ETA: 1s - loss: 1.0111 - accuracy: 0.6446
75/98 [=====================>........] - ETA: 1s - loss: 1.0103 - accuracy: 0.6448
76/98 [======================>.......] - ETA: 1s - loss: 1.0095 - accuracy: 0.6452
77/98 [======================>.......] - ETA: 1s - loss: 1.0094 - accuracy: 0.6452
78/98 [======================>.......] - ETA: 1s - loss: 1.0089 - accuracy: 0.6454
79/98 [=======================>......] - ETA: 1s - loss: 1.0091 - accuracy: 0.6455
80/98 [=======================>......] - ETA: 1s - loss: 1.0083 - accuracy: 0.6459
81/98 [=======================>......] - ETA: 1s - loss: 1.0083 - accuracy: 0.6455
82/98 [========================>.....] - ETA: 1s - loss: 1.0078 - accuracy: 0.6457
83/98 [========================>.....] - ETA: 1s - loss: 1.0084 - accuracy: 0.6453
84/98 [========================>.....] - ETA: 0s - loss: 1.0084 - accuracy: 0.6451
85/98 [=========================>....] - ETA: 0s - loss: 1.0079 - accuracy: 0.6453
86/98 [=========================>....] - ETA: 0s - loss: 1.0059 - accuracy: 0.6460
87/98 [=========================>....] - ETA: 0s - loss: 1.0063 - accuracy: 0.6461
88/98 [=========================>....] - ETA: 0s - loss: 1.0075 - accuracy: 0.6457
89/98 [==========================>...] - ETA: 0s - loss: 1.0075 - accuracy: 0.6457
90/98 [==========================>...] - ETA: 0s - loss: 1.0071 - accuracy: 0.6458
91/98 [==========================>...] - ETA: 0s - loss: 1.0059 - accuracy: 0.6459
92/98 [===========================>..] - ETA: 0s - loss: 1.0047 - accuracy: 0.6465
93/98 [===========================>..] - ETA: 0s - loss: 1.0032 - accuracy: 0.6471
94/98 [===========================>..] - ETA: 0s - loss: 1.0029 - accuracy: 0.6471
95/98 [============================>.] - ETA: 0s - loss: 1.0027 - accuracy: 0.6472
