2024-06-26 11:28:16.554373: I tensorflow/core/platform/cpu_feature_guard.cc:193] This TensorFlow binary is optimized with oneAPI Deep Neural Network Library (oneDNN) to use the following CPU instructions in performance-critical operations:  AVX AVX2
To enable them in other operations, rebuild TensorFlow with the appropriate compiler flags.
2024-06-26 11:28:17.120559: I tensorflow/core/common_runtime/gpu/gpu_device.cc:1616] Created device /job:localhost/replica:0/task:0/device:GPU:0 with 6656 MB memory:  -> device: 0, name: NVIDIA GeForce RTX 4060 Ti, pci bus id: 0000:01:00.0, compute capability: 8.9
1 Physical GPUs, 1 Logical GPUs
Model: "sequential"
_________________________________________________________________
 Layer (type)                Output Shape              Param #   
=================================================================
 conv2d (Conv2D)             (None, 32, 32, 32)        896       
                                                                 
 batch_normalization (BatchN  (None, 32, 32, 32)       128       
 ormalization)                                                   
                                                                 
 conv2d_1 (Conv2D)           (None, 32, 32, 64)        51264     
                                                                 
 max_pooling2d (MaxPooling2D  (None, 16, 16, 64)       0         
 )                                                               
                                                                 
 conv2d_2 (Conv2D)           (None, 16, 16, 32)        165920    
                                                                 
 max_pooling2d_1 (MaxPooling  (None, 8, 8, 32)         0         
 2D)                                                             
                                                                 
 batch_normalization_1 (Batc  (None, 8, 8, 32)         128       
 hNormalization)                                                 
                                                                 
 dropout (Dropout)           (None, 8, 8, 32)          0         
                                                                 
 flatten (Flatten)           (None, 2048)              0         
                                                                 
 dense (Dense)               (None, 10)                20490     
                                                                 
=================================================================
Total params: 238,826
Trainable params: 238,698
Non-trainable params: 128
_________________________________________________________________
Taxa de aprendizado:  0.01 Num de épocas:  84 Tamanho do lote:  512 Dropout:  0.40907
Epoch 1/84
2024-06-26 11:28:18.549385: I tensorflow/stream_executor/cuda/cuda_dnn.cc:384] Loaded cuDNN version 8100
2024-06-26 11:28:19.405914: W tensorflow/stream_executor/gpu/redzone_allocator.cc:314] INTERNAL: ptxas exited with non-zero error code -1, output: 
Relying on driver to perform ptx compilation. 
Modify $PATH to customize ptxas location.
This message will be only logged once.
2024-06-26 11:28:21.071728: I tensorflow/stream_executor/cuda/cuda_blas.cc:1614] TensorFloat-32 will be used for the matrix multiplication. This will only be logged once.

 1/98 [..............................] - ETA: 10:41 - loss: 3.4596 - accuracy: 0.0977
 2/98 [..............................] - ETA: 12s - loss: 4.0359 - accuracy: 0.1270  
 3/98 [..............................] - ETA: 12s - loss: 4.1679 - accuracy: 0.1374
 4/98 [>.............................] - ETA: 12s - loss: 4.0846 - accuracy: 0.1460
 5/98 [>.............................] - ETA: 11s - loss: 3.8714 - accuracy: 0.1637
 6/98 [>.............................] - ETA: 12s - loss: 3.7417 - accuracy: 0.1725
 7/98 [=>............................] - ETA: 11s - loss: 3.5906 - accuracy: 0.1816
 8/98 [=>............................] - ETA: 11s - loss: 3.4575 - accuracy: 0.1902
 9/98 [=>............................] - ETA: 11s - loss: 3.3698 - accuracy: 0.1931
10/98 [==>...........................] - ETA: 11s - loss: 3.2759 - accuracy: 0.2027
11/98 [==>...........................] - ETA: 11s - loss: 3.1904 - accuracy: 0.2095
12/98 [==>...........................] - ETA: 11s - loss: 3.1202 - accuracy: 0.2137
13/98 [==>...........................] - ETA: 10s - loss: 3.0588 - accuracy: 0.2195
14/98 [===>..........................] - ETA: 10s - loss: 3.0033 - accuracy: 0.2252
15/98 [===>..........................] - ETA: 10s - loss: 2.9484 - accuracy: 0.2307
16/98 [===>..........................] - ETA: 10s - loss: 2.9039 - accuracy: 0.2313
17/98 [====>.........................] - ETA: 10s - loss: 2.8729 - accuracy: 0.2338
18/98 [====>.........................] - ETA: 10s - loss: 2.8308 - accuracy: 0.2375
19/98 [====>.........................] - ETA: 10s - loss: 2.8002 - accuracy: 0.2414
20/98 [=====>........................] - ETA: 10s - loss: 2.7722 - accuracy: 0.2438
21/98 [=====>........................] - ETA: 9s - loss: 2.7327 - accuracy: 0.2486 
22/98 [=====>........................] - ETA: 9s - loss: 2.7012 - accuracy: 0.2516
23/98 [======>.......................] - ETA: 9s - loss: 2.6732 - accuracy: 0.2552
24/98 [======>.......................] - ETA: 9s - loss: 2.6435 - accuracy: 0.2585
25/98 [======>.......................] - ETA: 9s - loss: 2.6177 - accuracy: 0.2612
26/98 [======>.......................] - ETA: 9s - loss: 2.5920 - accuracy: 0.2641
27/98 [=======>......................] - ETA: 9s - loss: 2.5709 - accuracy: 0.2671
28/98 [=======>......................] - ETA: 8s - loss: 2.5488 - accuracy: 0.2694
29/98 [=======>......................] - ETA: 8s - loss: 2.5267 - accuracy: 0.2734
30/98 [========>.....................] - ETA: 8s - loss: 2.5063 - accuracy: 0.2762
31/98 [========>.....................] - ETA: 8s - loss: 2.4873 - accuracy: 0.2794
32/98 [========>.....................] - ETA: 8s - loss: 2.4661 - accuracy: 0.2839
33/98 [=========>....................] - ETA: 8s - loss: 2.4492 - accuracy: 0.2865
34/98 [=========>....................] - ETA: 8s - loss: 2.4301 - accuracy: 0.2892
35/98 [=========>....................] - ETA: 8s - loss: 2.4125 - accuracy: 0.2915
36/98 [==========>...................] - ETA: 7s - loss: 2.3940 - accuracy: 0.2944
37/98 [==========>...................] - ETA: 7s - loss: 2.3789 - accuracy: 0.2956
38/98 [==========>...................] - ETA: 7s - loss: 2.3625 - accuracy: 0.2973
39/98 [==========>...................] - ETA: 7s - loss: 2.3507 - accuracy: 0.2986
40/98 [===========>..................] - ETA: 7s - loss: 2.3373 - accuracy: 0.3010
41/98 [===========>..................] - ETA: 7s - loss: 2.3209 - accuracy: 0.3031
42/98 [===========>..................] - ETA: 7s - loss: 2.3068 - accuracy: 0.3049
43/98 [============>.................] - ETA: 7s - loss: 2.2919 - accuracy: 0.3069
44/98 [============>.................] - ETA: 6s - loss: 2.2817 - accuracy: 0.3086
45/98 [============>.................] - ETA: 6s - loss: 2.2698 - accuracy: 0.3106
46/98 [=============>................] - ETA: 6s - loss: 2.2595 - accuracy: 0.3122
47/98 [=============>................] - ETA: 6s - loss: 2.2480 - accuracy: 0.3143
48/98 [=============>................] - ETA: 6s - loss: 2.2365 - accuracy: 0.3160
49/98 [==============>...............] - ETA: 6s - loss: 2.2264 - accuracy: 0.3175
50/98 [==============>...............] - ETA: 6s - loss: 2.2163 - accuracy: 0.3195
51/98 [==============>...............] - ETA: 6s - loss: 2.2047 - accuracy: 0.3208
52/98 [==============>...............] - ETA: 5s - loss: 2.1949 - accuracy: 0.3226
53/98 [===============>..............] - ETA: 5s - loss: 2.1853 - accuracy: 0.3250
54/98 [===============>..............] - ETA: 5s - loss: 2.1765 - accuracy: 0.3258
55/98 [===============>..............] - ETA: 5s - loss: 2.1666 - accuracy: 0.3276
56/98 [================>.............] - ETA: 5s - loss: 2.1584 - accuracy: 0.3291
57/98 [================>.............] - ETA: 5s - loss: 2.1492 - accuracy: 0.3305
58/98 [================>.............] - ETA: 5s - loss: 2.1401 - accuracy: 0.3323
59/98 [=================>............] - ETA: 5s - loss: 2.1314 - accuracy: 0.3340
60/98 [=================>............] - ETA: 4s - loss: 2.1210 - accuracy: 0.3361
61/98 [=================>............] - ETA: 4s - loss: 2.1107 - accuracy: 0.3377
62/98 [=================>............] - ETA: 4s - loss: 2.1031 - accuracy: 0.3390
63/98 [==================>...........] - ETA: 4s - loss: 2.0941 - accuracy: 0.3410
64/98 [==================>...........] - ETA: 4s - loss: 2.0864 - accuracy: 0.3425
65/98 [==================>...........] - ETA: 4s - loss: 2.0794 - accuracy: 0.3440
66/98 [===================>..........] - ETA: 4s - loss: 2.0720 - accuracy: 0.3452
67/98 [===================>..........] - ETA: 3s - loss: 2.0643 - accuracy: 0.3468
68/98 [===================>..........] - ETA: 3s - loss: 2.0583 - accuracy: 0.3484
69/98 [====================>.........] - ETA: 3s - loss: 2.0527 - accuracy: 0.3494
70/98 [====================>.........] - ETA: 3s - loss: 2.0459 - accuracy: 0.3505
71/98 [====================>.........] - ETA: 3s - loss: 2.0386 - accuracy: 0.3518
72/98 [=====================>........] - ETA: 3s - loss: 2.0314 - accuracy: 0.3534
73/98 [=====================>........] - ETA: 3s - loss: 2.0249 - accuracy: 0.3546
74/98 [=====================>........] - ETA: 3s - loss: 2.0184 - accuracy: 0.3560
75/98 [=====================>........] - ETA: 2s - loss: 2.0110 - accuracy: 0.3578
76/98 [======================>.......] - ETA: 2s - loss: 2.0049 - accuracy: 0.3587
77/98 [======================>.......] - ETA: 2s - loss: 1.9982 - accuracy: 0.3600
78/98 [======================>.......] - ETA: 2s - loss: 1.9923 - accuracy: 0.3614
79/98 [=======================>......] - ETA: 2s - loss: 1.9864 - accuracy: 0.3627
80/98 [=======================>......] - ETA: 2s - loss: 1.9820 - accuracy: 0.3633
81/98 [=======================>......] - ETA: 2s - loss: 1.9763 - accuracy: 0.3643
82/98 [========================>.....] - ETA: 2s - loss: 1.9711 - accuracy: 0.3653
83/98 [========================>.....] - ETA: 1s - loss: 1.9653 - accuracy: 0.3667
84/98 [========================>.....] - ETA: 1s - loss: 1.9609 - accuracy: 0.3674
85/98 [=========================>....] - ETA: 1s - loss: 1.9569 - accuracy: 0.3681
86/98 [=========================>....] - ETA: 1s - loss: 1.9509 - accuracy: 0.3694
87/98 [=========================>....] - ETA: 1s - loss: 1.9458 - accuracy: 0.3703
88/98 [=========================>....] - ETA: 1s - loss: 1.9415 - accuracy: 0.3712
89/98 [==========================>...] - ETA: 1s - loss: 1.9380 - accuracy: 0.3721
90/98 [==========================>...] - ETA: 1s - loss: 1.9329 - accuracy: 0.3732
91/98 [==========================>...] - ETA: 1s - loss: 1.9282 - accuracy: 0.3742
92/98 [===========================>..] - ETA: 0s - loss: 1.9231 - accuracy: 0.3758
93/98 [===========================>..] - ETA: 0s - loss: 1.9190 - accuracy: 0.3769
94/98 [===========================>..] - ETA: 0s - loss: 1.9135 - accuracy: 0.3780
95/98 [============================>.] - ETA: 0s - loss: 1.9086 - accuracy: 0.3791
97/98 [============================>.] - ETA: 0s - loss: 1.8977 - accuracy: 0.3813
98/98 [==============================] - 23s 166ms/step - loss: 1.8936 - accuracy: 0.3821 - val_loss: 2.1403 - val_accuracy: 0.2175
Epoch 2/84

 1/98 [..............................] - ETA: 15s - loss: 1.5254 - accuracy: 0.4590
 2/98 [..............................] - ETA: 12s - loss: 1.4728 - accuracy: 0.4736
 3/98 [..............................] - ETA: 11s - loss: 1.4673 - accuracy: 0.4837
 4/98 [>.............................] - ETA: 11s - loss: 1.4732 - accuracy: 0.4883
 5/98 [>.............................] - ETA: 11s - loss: 1.4455 - accuracy: 0.4965
 6/98 [>.............................] - ETA: 11s - loss: 1.4517 - accuracy: 0.4948
 7/98 [=>............................] - ETA: 10s - loss: 1.4459 - accuracy: 0.4994
 8/98 [=>............................] - ETA: 10s - loss: 1.4423 - accuracy: 0.5013
 9/98 [=>............................] - ETA: 10s - loss: 1.4368 - accuracy: 0.4993
10/98 [==>...........................] - ETA: 10s - loss: 1.4291 - accuracy: 0.4998
11/98 [==>...........................] - ETA: 10s - loss: 1.4305 - accuracy: 0.4996
12/98 [==>...........................] - ETA: 10s - loss: 1.4304 - accuracy: 0.4990
13/98 [==>...........................] - ETA: 10s - loss: 1.4223 - accuracy: 0.5009
14/98 [===>..........................] - ETA: 10s - loss: 1.4193 - accuracy: 0.5000
15/98 [===>..........................] - ETA: 10s - loss: 1.4179 - accuracy: 0.5004
16/98 [===>..........................] - ETA: 10s - loss: 1.4197 - accuracy: 0.5005
17/98 [====>.........................] - ETA: 10s - loss: 1.4167 - accuracy: 0.5022
18/98 [====>.........................] - ETA: 10s - loss: 1.4117 - accuracy: 0.5034
19/98 [====>.........................] - ETA: 9s - loss: 1.4087 - accuracy: 0.5041 
20/98 [=====>........................] - ETA: 9s - loss: 1.4071 - accuracy: 0.5041
21/98 [=====>........................] - ETA: 9s - loss: 1.4038 - accuracy: 0.5049
22/98 [=====>........................] - ETA: 9s - loss: 1.3976 - accuracy: 0.5056
23/98 [======>.......................] - ETA: 9s - loss: 1.3964 - accuracy: 0.5067
24/98 [======>.......................] - ETA: 9s - loss: 1.3940 - accuracy: 0.5063
25/98 [======>.......................] - ETA: 9s - loss: 1.3927 - accuracy: 0.5064
26/98 [======>.......................] - ETA: 9s - loss: 1.3921 - accuracy: 0.5055
27/98 [=======>......................] - ETA: 9s - loss: 1.3890 - accuracy: 0.5063
28/98 [=======>......................] - ETA: 8s - loss: 1.3885 - accuracy: 0.5058
29/98 [=======>......................] - ETA: 8s - loss: 1.3884 - accuracy: 0.5066
30/98 [========>.....................] - ETA: 8s - loss: 1.3861 - accuracy: 0.5070
31/98 [========>.....................] - ETA: 8s - loss: 1.3837 - accuracy: 0.5072
32/98 [========>.....................] - ETA: 8s - loss: 1.3825 - accuracy: 0.5075
33/98 [=========>....................] - ETA: 8s - loss: 1.3812 - accuracy: 0.5084
34/98 [=========>....................] - ETA: 8s - loss: 1.3804 - accuracy: 0.5074
35/98 [=========>....................] - ETA: 8s - loss: 1.3802 - accuracy: 0.5065
36/98 [==========>...................] - ETA: 7s - loss: 1.3762 - accuracy: 0.5077
37/98 [==========>...................] - ETA: 7s - loss: 1.3761 - accuracy: 0.5072
38/98 [==========>...................] - ETA: 7s - loss: 1.3750 - accuracy: 0.5077
39/98 [==========>...................] - ETA: 7s - loss: 1.3748 - accuracy: 0.5080
40/98 [===========>..................] - ETA: 7s - loss: 1.3745 - accuracy: 0.5078
41/98 [===========>..................] - ETA: 7s - loss: 1.3750 - accuracy: 0.5074
42/98 [===========>..................] - ETA: 7s - loss: 1.3738 - accuracy: 0.5075
43/98 [============>.................] - ETA: 7s - loss: 1.3741 - accuracy: 0.5077
44/98 [============>.................] - ETA: 6s - loss: 1.3727 - accuracy: 0.5082
45/98 [============>.................] - ETA: 6s - loss: 1.3727 - accuracy: 0.5084
46/98 [=============>................] - ETA: 6s - loss: 1.3738 - accuracy: 0.5082
47/98 [=============>................] - ETA: 6s - loss: 1.3727 - accuracy: 0.5085
48/98 [=============>................] - ETA: 6s - loss: 1.3715 - accuracy: 0.5086
49/98 [==============>...............] - ETA: 6s - loss: 1.3708 - accuracy: 0.5088
50/98 [==============>...............] - ETA: 6s - loss: 1.3729 - accuracy: 0.5079
51/98 [==============>...............] - ETA: 5s - loss: 1.3715 - accuracy: 0.5086
52/98 [==============>...............] - ETA: 5s - loss: 1.3707 - accuracy: 0.5090
53/98 [===============>..............] - ETA: 5s - loss: 1.3696 - accuracy: 0.5091
54/98 [===============>..............] - ETA: 5s - loss: 1.3683 - accuracy: 0.5097
55/98 [===============>..............] - ETA: 5s - loss: 1.3666 - accuracy: 0.5104
56/98 [================>.............] - ETA: 5s - loss: 1.3665 - accuracy: 0.5106
57/98 [================>.............] - ETA: 5s - loss: 1.3668 - accuracy: 0.5107
58/98 [================>.............] - ETA: 5s - loss: 1.3648 - accuracy: 0.5115
59/98 [=================>............] - ETA: 4s - loss: 1.3613 - accuracy: 0.5128
60/98 [=================>............] - ETA: 4s - loss: 1.3597 - accuracy: 0.5134
61/98 [=================>............] - ETA: 4s - loss: 1.3580 - accuracy: 0.5141
62/98 [=================>............] - ETA: 4s - loss: 1.3572 - accuracy: 0.5144
63/98 [==================>...........] - ETA: 4s - loss: 1.3574 - accuracy: 0.5138
64/98 [==================>...........] - ETA: 4s - loss: 1.3576 - accuracy: 0.5134
65/98 [==================>...........] - ETA: 4s - loss: 1.3565 - accuracy: 0.5138
66/98 [===================>..........] - ETA: 4s - loss: 1.3552 - accuracy: 0.5143
67/98 [===================>..........] - ETA: 3s - loss: 1.3537 - accuracy: 0.5150
68/98 [===================>..........] - ETA: 3s - loss: 1.3524 - accuracy: 0.5156
69/98 [====================>.........] - ETA: 3s - loss: 1.3508 - accuracy: 0.5162
70/98 [====================>.........] - ETA: 3s - loss: 1.3483 - accuracy: 0.5173
71/98 [====================>.........] - ETA: 3s - loss: 1.3474 - accuracy: 0.5181
72/98 [=====================>........] - ETA: 3s - loss: 1.3475 - accuracy: 0.5181
73/98 [=====================>........] - ETA: 3s - loss: 1.3469 - accuracy: 0.5185
74/98 [=====================>........] - ETA: 3s - loss: 1.3458 - accuracy: 0.5192
75/98 [=====================>........] - ETA: 2s - loss: 1.3452 - accuracy: 0.5200
76/98 [======================>.......] - ETA: 2s - loss: 1.3436 - accuracy: 0.5203
77/98 [======================>.......] - ETA: 2s - loss: 1.3425 - accuracy: 0.5208
78/98 [======================>.......] - ETA: 2s - loss: 1.3415 - accuracy: 0.5211
79/98 [=======================>......] - ETA: 2s - loss: 1.3398 - accuracy: 0.5216
80/98 [=======================>......] - ETA: 2s - loss: 1.3390 - accuracy: 0.5221
81/98 [=======================>......] - ETA: 2s - loss: 1.3387 - accuracy: 0.5221
82/98 [========================>.....] - ETA: 2s - loss: 1.3389 - accuracy: 0.5221
83/98 [========================>.....] - ETA: 1s - loss: 1.3381 - accuracy: 0.5220
84/98 [========================>.....] - ETA: 1s - loss: 1.3374 - accuracy: 0.5223
85/98 [=========================>....] - ETA: 1s - loss: 1.3347 - accuracy: 0.5234
86/98 [=========================>....] - ETA: 1s - loss: 1.3337 - accuracy: 0.5236
87/98 [=========================>....] - ETA: 1s - loss: 1.3321 - accuracy: 0.5240
88/98 [=========================>....] - ETA: 1s - loss: 1.3296 - accuracy: 0.5248
89/98 [==========================>...] - ETA: 1s - loss: 1.3290 - accuracy: 0.5252
90/98 [==========================>...] - ETA: 1s - loss: 1.3274 - accuracy: 0.5258
91/98 [==========================>...] - ETA: 0s - loss: 1.3251 - accuracy: 0.5264
92/98 [===========================>..] - ETA: 0s - loss: 1.3244 - accuracy: 0.5265
93/98 [===========================>..] - ETA: 0s - loss: 1.3234 - accuracy: 0.5270
94/98 [===========================>..] - ETA: 0s - loss: 1.3224 - accuracy: 0.5272
95/98 [============================>.] - ETA: 0s - loss: 1.3209 - accuracy: 0.5279
96/98 [============================>.] - ETA: 0s - loss: 1.3193 - accuracy: 0.5285
97/98 [============================>.] - ETA: 0s - loss: 1.3187 - accuracy: 0.5289
98/98 [==============================] - ETA: 0s - loss: 1.3170 - accuracy: 0.5297
98/98 [==============================] - 14s 143ms/step - loss: 1.3170 - accuracy: 0.5297 - val_loss: 2.6245 - val_accuracy: 0.1920
Epoch 3/84

 1/98 [..............................] - ETA: 13s - loss: 1.1924 - accuracy: 0.5605
 2/98 [..............................] - ETA: 12s - loss: 1.1775 - accuracy: 0.5566
 3/98 [..............................] - ETA: 9s - loss: 1.1539 - accuracy: 0.5703 
 4/98 [>.............................] - ETA: 8s - loss: 1.1591 - accuracy: 0.5742
 5/98 [>.............................] - ETA: 8s - loss: 1.1831 - accuracy: 0.5680
 6/98 [>.............................] - ETA: 8s - loss: 1.1875 - accuracy: 0.5680
 7/98 [=>............................] - ETA: 8s - loss: 1.1833 - accuracy: 0.5734
 8/98 [=>............................] - ETA: 8s - loss: 1.1779 - accuracy: 0.5747
 9/98 [=>............................] - ETA: 8s - loss: 1.1720 - accuracy: 0.5747
10/98 [==>...........................] - ETA: 7s - loss: 1.1691 - accuracy: 0.5758
11/98 [==>...........................] - ETA: 7s - loss: 1.1655 - accuracy: 0.5794
12/98 [==>...........................] - ETA: 7s - loss: 1.1667 - accuracy: 0.5781
13/98 [==>...........................] - ETA: 7s - loss: 1.1612 - accuracy: 0.5798
14/98 [===>..........................] - ETA: 7s - loss: 1.1656 - accuracy: 0.5806
15/98 [===>..........................] - ETA: 7s - loss: 1.1721 - accuracy: 0.5786
16/98 [===>..........................] - ETA: 7s - loss: 1.1705 - accuracy: 0.5809
17/98 [====>.........................] - ETA: 7s - loss: 1.1705 - accuracy: 0.5802
18/98 [====>.........................] - ETA: 7s - loss: 1.1676 - accuracy: 0.5818
19/98 [====>.........................] - ETA: 7s - loss: 1.1668 - accuracy: 0.5832
20/98 [=====>........................] - ETA: 7s - loss: 1.1655 - accuracy: 0.5852
21/98 [=====>........................] - ETA: 7s - loss: 1.1645 - accuracy: 0.5850
22/98 [=====>........................] - ETA: 7s - loss: 1.1662 - accuracy: 0.5854
23/98 [======>.......................] - ETA: 7s - loss: 1.1740 - accuracy: 0.5837
24/98 [======>.......................] - ETA: 7s - loss: 1.1745 - accuracy: 0.5841
25/98 [======>.......................] - ETA: 7s - loss: 1.1706 - accuracy: 0.5856
26/98 [======>.......................] - ETA: 7s - loss: 1.1694 - accuracy: 0.5857
27/98 [=======>......................] - ETA: 7s - loss: 1.1680 - accuracy: 0.5857
28/98 [=======>......................] - ETA: 7s - loss: 1.1665 - accuracy: 0.5864
29/98 [=======>......................] - ETA: 7s - loss: 1.1636 - accuracy: 0.5878
30/98 [========>.....................] - ETA: 7s - loss: 1.1634 - accuracy: 0.5874
31/98 [========>.....................] - ETA: 7s - loss: 1.1628 - accuracy: 0.5868
32/98 [========>.....................] - ETA: 7s - loss: 1.1596 - accuracy: 0.5873
33/98 [=========>....................] - ETA: 7s - loss: 1.1592 - accuracy: 0.5882
34/98 [=========>....................] - ETA: 7s - loss: 1.1570 - accuracy: 0.5895
35/98 [=========>....................] - ETA: 6s - loss: 1.1538 - accuracy: 0.5908
36/98 [==========>...................] - ETA: 6s - loss: 1.1523 - accuracy: 0.5915
37/98 [==========>...................] - ETA: 6s - loss: 1.1530 - accuracy: 0.5912
38/98 [==========>...................] - ETA: 6s - loss: 1.1523 - accuracy: 0.5915
39/98 [==========>...................] - ETA: 6s - loss: 1.1510 - accuracy: 0.5916
40/98 [===========>..................] - ETA: 6s - loss: 1.1517 - accuracy: 0.5916
41/98 [===========>..................] - ETA: 6s - loss: 1.1493 - accuracy: 0.5925
42/98 [===========>..................] - ETA: 6s - loss: 1.1484 - accuracy: 0.5928
43/98 [============>.................] - ETA: 6s - loss: 1.1481 - accuracy: 0.5931
44/98 [============>.................] - ETA: 6s - loss: 1.1463 - accuracy: 0.5938
45/98 [============>.................] - ETA: 6s - loss: 1.1444 - accuracy: 0.5947
46/98 [=============>................] - ETA: 5s - loss: 1.1428 - accuracy: 0.5950
47/98 [=============>................] - ETA: 5s - loss: 1.1414 - accuracy: 0.5952
48/98 [=============>................] - ETA: 5s - loss: 1.1396 - accuracy: 0.5954
49/98 [==============>...............] - ETA: 5s - loss: 1.1390 - accuracy: 0.5959
50/98 [==============>...............] - ETA: 5s - loss: 1.1380 - accuracy: 0.5962
51/98 [==============>...............] - ETA: 5s - loss: 1.1361 - accuracy: 0.5972
52/98 [==============>...............] - ETA: 5s - loss: 1.1367 - accuracy: 0.5969
53/98 [===============>..............] - ETA: 5s - loss: 1.1351 - accuracy: 0.5976
54/98 [===============>..............] - ETA: 5s - loss: 1.1332 - accuracy: 0.5985
55/98 [===============>..............] - ETA: 5s - loss: 1.1316 - accuracy: 0.5988
56/98 [================>.............] - ETA: 4s - loss: 1.1311 - accuracy: 0.5990
57/98 [================>.............] - ETA: 4s - loss: 1.1297 - accuracy: 0.5992
58/98 [================>.............] - ETA: 4s - loss: 1.1302 - accuracy: 0.5992
59/98 [=================>............] - ETA: 4s - loss: 1.1299 - accuracy: 0.5994
60/98 [=================>............] - ETA: 4s - loss: 1.1296 - accuracy: 0.5994
61/98 [=================>............] - ETA: 4s - loss: 1.1278 - accuracy: 0.6001
62/98 [=================>............] - ETA: 4s - loss: 1.1270 - accuracy: 0.6000
63/98 [==================>...........] - ETA: 4s - loss: 1.1260 - accuracy: 0.6002
64/98 [==================>...........] - ETA: 4s - loss: 1.1242 - accuracy: 0.6009
65/98 [==================>...........] - ETA: 3s - loss: 1.1231 - accuracy: 0.6011
66/98 [===================>..........] - ETA: 3s - loss: 1.1234 - accuracy: 0.6009
67/98 [===================>..........] - ETA: 3s - loss: 1.1226 - accuracy: 0.6011
68/98 [===================>..........] - ETA: 3s - loss: 1.1228 - accuracy: 0.6015
69/98 [====================>.........] - ETA: 3s - loss: 1.1218 - accuracy: 0.6020
70/98 [====================>.........] - ETA: 3s - loss: 1.1212 - accuracy: 0.6023
71/98 [====================>.........] - ETA: 3s - loss: 1.1200 - accuracy: 0.6027
72/98 [=====================>........] - ETA: 3s - loss: 1.1182 - accuracy: 0.6029
73/98 [=====================>........] - ETA: 2s - loss: 1.1176 - accuracy: 0.6029
74/98 [=====================>........] - ETA: 2s - loss: 1.1179 - accuracy: 0.6026
75/98 [=====================>........] - ETA: 2s - loss: 1.1173 - accuracy: 0.6026
76/98 [======================>.......] - ETA: 2s - loss: 1.1161 - accuracy: 0.6030
77/98 [======================>.......] - ETA: 2s - loss: 1.1145 - accuracy: 0.6034
78/98 [======================>.......] - ETA: 2s - loss: 1.1145 - accuracy: 0.6035
79/98 [=======================>......] - ETA: 2s - loss: 1.1136 - accuracy: 0.6039
80/98 [=======================>......] - ETA: 2s - loss: 1.1140 - accuracy: 0.6038
81/98 [=======================>......] - ETA: 2s - loss: 1.1134 - accuracy: 0.6035
82/98 [========================>.....] - ETA: 1s - loss: 1.1125 - accuracy: 0.6038
83/98 [========================>.....] - ETA: 1s - loss: 1.1117 - accuracy: 0.6041
84/98 [========================>.....] - ETA: 1s - loss: 1.1110 - accuracy: 0.6040
85/98 [=========================>....] - ETA: 1s - loss: 1.1098 - accuracy: 0.6045
86/98 [=========================>....] - ETA: 1s - loss: 1.1095 - accuracy: 0.6047
87/98 [=========================>....] - ETA: 1s - loss: 1.1078 - accuracy: 0.6056
88/98 [=========================>....] - ETA: 1s - loss: 1.1080 - accuracy: 0.6054
89/98 [==========================>...] - ETA: 1s - loss: 1.1070 - accuracy: 0.6059
90/98 [==========================>...] - ETA: 0s - loss: 1.1059 - accuracy: 0.6064
91/98 [==========================>...] - ETA: 0s - loss: 1.1050 - accuracy: 0.6068
92/98 [===========================>..] - ETA: 0s - loss: 1.1039 - accuracy: 0.6074
93/98 [===========================>..] - ETA: 0s - loss: 1.1017 - accuracy: 0.6084
94/98 [===========================>..] - ETA: 0s - loss: 1.1012 - accuracy: 0.6086
95/98 [============================>.] - ETA: 0s - loss: 1.0996 - accuracy: 0.6091
96/98 [============================>.] - ETA: 0s - loss: 1.0985 - accuracy: 0.6093
97/98 [============================>.] - ETA: 0s - loss: 1.0978 - accuracy: 0.6100
98/98 [==============================] - ETA: 0s - loss: 1.0966 - accuracy: 0.6106
98/98 [==============================] - 13s 137ms/step - loss: 1.0966 - accuracy: 0.6106 - val_loss: 2.1863 - val_accuracy: 0.2636
Epoch 4/84

 1/98 [..............................] - ETA: 13s - loss: 0.9878 - accuracy: 0.6426
 2/98 [..............................] - ETA: 13s - loss: 0.9755 - accuracy: 0.6523
 3/98 [..............................] - ETA: 12s - loss: 1.0010 - accuracy: 0.6497
 4/98 [>.............................] - ETA: 12s - loss: 1.0020 - accuracy: 0.6479
 5/98 [>.............................] - ETA: 11s - loss: 1.0094 - accuracy: 0.6422
 6/98 [>.............................] - ETA: 11s - loss: 1.0264 - accuracy: 0.6406
 7/98 [=>............................] - ETA: 11s - loss: 1.0249 - accuracy: 0.6423
 8/98 [=>............................] - ETA: 11s - loss: 1.0174 - accuracy: 0.6418
 9/98 [=>............................] - ETA: 11s - loss: 1.0070 - accuracy: 0.6452
10/98 [==>...........................] - ETA: 11s - loss: 1.0028 - accuracy: 0.6449
11/98 [==>...........................] - ETA: 11s - loss: 1.0124 - accuracy: 0.6417
12/98 [==>...........................] - ETA: 10s - loss: 1.0183 - accuracy: 0.6391
13/98 [==>...........................] - ETA: 10s - loss: 1.0192 - accuracy: 0.6383
14/98 [===>..........................] - ETA: 10s - loss: 1.0183 - accuracy: 0.6387
15/98 [===>..........................] - ETA: 10s - loss: 1.0186 - accuracy: 0.6385
16/98 [===>..........................] - ETA: 10s - loss: 1.0211 - accuracy: 0.6380
17/98 [====>.........................] - ETA: 10s - loss: 1.0164 - accuracy: 0.6400
18/98 [====>.........................] - ETA: 10s - loss: 1.0155 - accuracy: 0.6403
19/98 [====>.........................] - ETA: 10s - loss: 1.0147 - accuracy: 0.6406
20/98 [=====>........................] - ETA: 9s - loss: 1.0151 - accuracy: 0.6397 
21/98 [=====>........................] - ETA: 9s - loss: 1.0129 - accuracy: 0.6411
22/98 [=====>........................] - ETA: 9s - loss: 1.0101 - accuracy: 0.6421
23/98 [======>.......................] - ETA: 9s - loss: 1.0083 - accuracy: 0.6421
24/98 [======>.......................] - ETA: 9s - loss: 1.0055 - accuracy: 0.6432
25/98 [======>.......................] - ETA: 9s - loss: 1.0064 - accuracy: 0.6434
26/98 [======>.......................] - ETA: 9s - loss: 1.0085 - accuracy: 0.6429
27/98 [=======>......................] - ETA: 8s - loss: 1.0104 - accuracy: 0.6424
28/98 [=======>......................] - ETA: 8s - loss: 1.0098 - accuracy: 0.6422
29/98 [=======>......................] - ETA: 8s - loss: 1.0067 - accuracy: 0.6436
30/98 [========>.....................] - ETA: 8s - loss: 1.0068 - accuracy: 0.6427
31/98 [========>.....................] - ETA: 8s - loss: 1.0069 - accuracy: 0.6421
32/98 [========>.....................] - ETA: 7s - loss: 1.0025 - accuracy: 0.6431
33/98 [=========>....................] - ETA: 7s - loss: 1.0027 - accuracy: 0.6431
34/98 [=========>....................] - ETA: 7s - loss: 1.0030 - accuracy: 0.6427
35/98 [=========>....................] - ETA: 7s - loss: 1.0031 - accuracy: 0.6426
36/98 [==========>...................] - ETA: 7s - loss: 1.0023 - accuracy: 0.6426
37/98 [==========>...................] - ETA: 6s - loss: 1.0015 - accuracy: 0.6427
38/98 [==========>...................] - ETA: 6s - loss: 1.0032 - accuracy: 0.6428
39/98 [==========>...................] - ETA: 6s - loss: 1.0037 - accuracy: 0.6428
40/98 [===========>..................] - ETA: 6s - loss: 1.0051 - accuracy: 0.6424
41/98 [===========>..................] - ETA: 6s - loss: 1.0052 - accuracy: 0.6424
42/98 [===========>..................] - ETA: 6s - loss: 1.0046 - accuracy: 0.6430
43/98 [============>.................] - ETA: 6s - loss: 1.0026 - accuracy: 0.6438
44/98 [============>.................] - ETA: 6s - loss: 1.0020 - accuracy: 0.6445
45/98 [============>.................] - ETA: 5s - loss: 1.0023 - accuracy: 0.6444
46/98 [=============>................] - ETA: 5s - loss: 1.0016 - accuracy: 0.6442
47/98 [=============>................] - ETA: 5s - loss: 1.0015 - accuracy: 0.6445
48/98 [=============>................] - ETA: 5s - loss: 1.0022 - accuracy: 0.6446
49/98 [==============>...............] - ETA: 5s - loss: 1.0009 - accuracy: 0.6453
50/98 [==============>...............] - ETA: 5s - loss: 0.9991 - accuracy: 0.6458
51/98 [==============>...............] - ETA: 5s - loss: 0.9991 - accuracy: 0.6459
52/98 [==============>...............] - ETA: 5s - loss: 0.9981 - accuracy: 0.6465
53/98 [===============>..............] - ETA: 5s - loss: 0.9962 - accuracy: 0.6470
54/98 [===============>..............] - ETA: 5s - loss: 0.9974 - accuracy: 0.6469
55/98 [===============>..............] - ETA: 4s - loss: 0.9952 - accuracy: 0.6472
56/98 [================>.............] - ETA: 4s - loss: 0.9939 - accuracy: 0.6477
57/98 [================>.............] - ETA: 4s - loss: 0.9951 - accuracy: 0.6474
58/98 [================>.............] - ETA: 4s - loss: 0.9941 - accuracy: 0.6478
59/98 [=================>............] - ETA: 4s - loss: 0.9923 - accuracy: 0.6484
60/98 [=================>............] - ETA: 4s - loss: 0.9909 - accuracy: 0.6487
61/98 [=================>............] - ETA: 4s - loss: 0.9906 - accuracy: 0.6488
62/98 [=================>............] - ETA: 4s - loss: 0.9894 - accuracy: 0.6489
63/98 [==================>...........] - ETA: 4s - loss: 0.9874 - accuracy: 0.6498
64/98 [==================>...........] - ETA: 4s - loss: 0.9870 - accuracy: 0.6496
65/98 [==================>...........] - ETA: 3s - loss: 0.9854 - accuracy: 0.6502
66/98 [===================>..........] - ETA: 3s - loss: 0.9844 - accuracy: 0.6506
67/98 [===================>..........] - ETA: 3s - loss: 0.9834 - accuracy: 0.6512
68/98 [===================>..........] - ETA: 3s - loss: 0.9823 - accuracy: 0.6515
69/98 [====================>.........] - ETA: 3s - loss: 0.9813 - accuracy: 0.6519
70/98 [====================>.........] - ETA: 3s - loss: 0.9803 - accuracy: 0.6526
71/98 [====================>.........] - ETA: 3s - loss: 0.9791 - accuracy: 0.6532
72/98 [=====================>........] - ETA: 3s - loss: 0.9787 - accuracy: 0.6534
73/98 [=====================>........] - ETA: 2s - loss: 0.9779 - accuracy: 0.6536
74/98 [=====================>........] - ETA: 2s - loss: 0.9763 - accuracy: 0.6542
75/98 [=====================>........] - ETA: 2s - loss: 0.9761 - accuracy: 0.6541
76/98 [======================>.......] - ETA: 2s - loss: 0.9751 - accuracy: 0.6542
77/98 [======================>.......] - ETA: 2s - loss: 0.9753 - accuracy: 0.6542
78/98 [======================>.......] - ETA: 2s - loss: 0.9750 - accuracy: 0.6542
79/98 [=======================>......] - ETA: 2s - loss: 0.9758 - accuracy: 0.6539
80/98 [=======================>......] - ETA: 2s - loss: 0.9746 - accuracy: 0.6541
81/98 [=======================>......] - ETA: 2s - loss: 0.9740 - accuracy: 0.6544
82/98 [========================>.....] - ETA: 1s - loss: 0.9735 - accuracy: 0.6547
83/98 [========================>.....] - ETA: 1s - loss: 0.9731 - accuracy: 0.6554
84/98 [========================>.....] - ETA: 1s - loss: 0.9725 - accuracy: 0.6555
85/98 [=========================>....] - ETA: 1s - loss: 0.9724 - accuracy: 0.6556
86/98 [=========================>....] - ETA: 1s - loss: 0.9722 - accuracy: 0.6555
87/98 [=========================>....] - ETA: 1s - loss: 0.9719 - accuracy: 0.6557
88/98 [=========================>....] - ETA: 1s - loss: 0.9723 - accuracy: 0.6554
89/98 [==========================>...] - ETA: 1s - loss: 0.9716 - accuracy: 0.6559
90/98 [==========================>...] - ETA: 0s - loss: 0.9718 - accuracy: 0.6557
91/98 [==========================>...] - ETA: 0s - loss: 0.9709 - accuracy: 0.6561
92/98 [===========================>..] - ETA: 0s - loss: 0.9708 - accuracy: 0.6563
93/98 [===========================>..] - ETA: 0s - loss: 0.9712 - accuracy: 0.6562
94/98 [===========================>..] - ETA: 0s - loss: 0.9709 - accuracy: 0.6566
95/98 [============================>.] - ETA: 0s - loss: 0.9705 - accuracy: 0.6567
96/98 [============================>.] - ETA: 0s - loss: 0.9697 - accuracy: 0.6571
97/98 [============================>.] - ETA: 0s - loss: 0.9692 - accuracy: 0.6574
98/98 [==============================] - ETA: 0s - loss: 0.9691 - accuracy: 0.6573
98/98 [==============================] - 13s 137ms/step - loss: 0.9691 - accuracy: 0.6573 - val_loss: 1.3316 - val_accuracy: 0.5069
Epoch 5/84

 1/98 [..............................] - ETA: 13s - loss: 0.8912 - accuracy: 0.6680
 2/98 [..............................] - ETA: 11s - loss: 0.9031 - accuracy: 0.6641
 3/98 [..............................] - ETA: 11s - loss: 0.9323 - accuracy: 0.6582
 4/98 [>.............................] - ETA: 12s - loss: 0.9145 - accuracy: 0.6636
 5/98 [>.............................] - ETA: 11s - loss: 0.9232 - accuracy: 0.6648
 6/98 [>.............................] - ETA: 11s - loss: 0.9267 - accuracy: 0.6696
 7/98 [=>............................] - ETA: 11s - loss: 0.9304 - accuracy: 0.6699
 8/98 [=>............................] - ETA: 11s - loss: 0.9297 - accuracy: 0.6697
 9/98 [=>............................] - ETA: 11s - loss: 0.9164 - accuracy: 0.6753
10/98 [==>...........................] - ETA: 11s - loss: 0.9187 - accuracy: 0.6730
11/98 [==>...........................] - ETA: 11s - loss: 0.9201 - accuracy: 0.6733
12/98 [==>...........................] - ETA: 10s - loss: 0.9160 - accuracy: 0.6753
13/98 [==>...........................] - ETA: 10s - loss: 0.9110 - accuracy: 0.6794
14/98 [===>..........................] - ETA: 10s - loss: 0.9130 - accuracy: 0.6789
15/98 [===>..........................] - ETA: 10s - loss: 0.9124 - accuracy: 0.6799
16/98 [===>..........................] - ETA: 10s - loss: 0.9102 - accuracy: 0.6803
17/98 [====>.........................] - ETA: 10s - loss: 0.9033 - accuracy: 0.6822
18/98 [====>.........................] - ETA: 10s - loss: 0.9063 - accuracy: 0.6794
19/98 [====>.........................] - ETA: 10s - loss: 0.9087 - accuracy: 0.6795
20/98 [=====>........................] - ETA: 10s - loss: 0.9083 - accuracy: 0.6799
21/98 [=====>........................] - ETA: 9s - loss: 0.9045 - accuracy: 0.6817 
22/98 [=====>........................] - ETA: 9s - loss: 0.9028 - accuracy: 0.6821
23/98 [======>.......................] - ETA: 9s - loss: 0.9031 - accuracy: 0.6814
24/98 [======>.......................] - ETA: 9s - loss: 0.9016 - accuracy: 0.6827
25/98 [======>.......................] - ETA: 9s - loss: 0.9000 - accuracy: 0.6833
26/98 [======>.......................] - ETA: 9s - loss: 0.8997 - accuracy: 0.6837
27/98 [=======>......................] - ETA: 9s - loss: 0.8975 - accuracy: 0.6843
28/98 [=======>......................] - ETA: 8s - loss: 0.8956 - accuracy: 0.6849
29/98 [=======>......................] - ETA: 8s - loss: 0.8960 - accuracy: 0.6843
30/98 [========>.....................] - ETA: 8s - loss: 0.8953 - accuracy: 0.6846
31/98 [========>.....................] - ETA: 8s - loss: 0.8964 - accuracy: 0.6840
32/98 [========>.....................] - ETA: 8s - loss: 0.8973 - accuracy: 0.6838
33/98 [=========>....................] - ETA: 8s - loss: 0.8964 - accuracy: 0.6839
34/98 [=========>....................] - ETA: 8s - loss: 0.8963 - accuracy: 0.6838
35/98 [=========>....................] - ETA: 8s - loss: 0.8981 - accuracy: 0.6840
36/98 [==========>...................] - ETA: 7s - loss: 0.9007 - accuracy: 0.6831
37/98 [==========>...................] - ETA: 7s - loss: 0.9007 - accuracy: 0.6835
38/98 [==========>...................] - ETA: 7s - loss: 0.9023 - accuracy: 0.6833
39/98 [==========>...................] - ETA: 7s - loss: 0.9022 - accuracy: 0.6828
40/98 [===========>..................] - ETA: 7s - loss: 0.9007 - accuracy: 0.6838
41/98 [===========>..................] - ETA: 7s - loss: 0.8999 - accuracy: 0.6842
42/98 [===========>..................] - ETA: 7s - loss: 0.9012 - accuracy: 0.6836
43/98 [============>.................] - ETA: 7s - loss: 0.8984 - accuracy: 0.6843
44/98 [============>.................] - ETA: 6s - loss: 0.8984 - accuracy: 0.6841
