2024-06-26 06:14:48.295758: I tensorflow/core/platform/cpu_feature_guard.cc:193] This TensorFlow binary is optimized with oneAPI Deep Neural Network Library (oneDNN) to use the following CPU instructions in performance-critical operations:  AVX AVX2
To enable them in other operations, rebuild TensorFlow with the appropriate compiler flags.
2024-06-26 06:14:48.923925: I tensorflow/core/common_runtime/gpu/gpu_device.cc:1616] Created device /job:localhost/replica:0/task:0/device:GPU:0 with 6656 MB memory:  -> device: 0, name: NVIDIA GeForce RTX 4060 Ti, pci bus id: 0000:01:00.0, compute capability: 8.9
1 Physical GPUs, 1 Logical GPUs
Model: "sequential"
_________________________________________________________________
 Layer (type)                Output Shape              Param #   
=================================================================
 conv2d (Conv2D)             (None, 32, 32, 32)        896       
                                                                 
 batch_normalization (BatchN  (None, 32, 32, 32)       128       
 ormalization)                                                   
                                                                 
 conv2d_1 (Conv2D)           (None, 32, 32, 64)        51264     
                                                                 
 max_pooling2d (MaxPooling2D  (None, 16, 16, 64)       0         
 )                                                               
                                                                 
 conv2d_2 (Conv2D)           (None, 16, 16, 32)        165920    
                                                                 
 max_pooling2d_1 (MaxPooling  (None, 8, 8, 32)         0         
 2D)                                                             
                                                                 
 batch_normalization_1 (Batc  (None, 8, 8, 32)         128       
 hNormalization)                                                 
                                                                 
 dropout (Dropout)           (None, 8, 8, 32)          0         
                                                                 
 flatten (Flatten)           (None, 2048)              0         
                                                                 
 dense (Dense)               (None, 10)                20490     
                                                                 
=================================================================
Total params: 238,826
Trainable params: 238,698
Non-trainable params: 128
_________________________________________________________________
Taxa de aprendizado:  0.01 Num de épocas:  84 Tamanho do lote:  512 Dropout:  0.40907
Epoch 1/84
2024-06-26 06:14:50.301961: I tensorflow/stream_executor/cuda/cuda_dnn.cc:384] Loaded cuDNN version 8100
2024-06-26 06:14:51.159628: W tensorflow/stream_executor/gpu/redzone_allocator.cc:314] INTERNAL: ptxas exited with non-zero error code -1, output: 
Relying on driver to perform ptx compilation. 
Modify $PATH to customize ptxas location.
This message will be only logged once.
2024-06-26 06:14:52.500658: I tensorflow/stream_executor/cuda/cuda_blas.cc:1614] TensorFloat-32 will be used for the matrix multiplication. This will only be logged once.

 1/98 [..............................] - ETA: 8:37 - loss: 3.7236 - accuracy: 0.0898
 2/98 [..............................] - ETA: 6s - loss: 4.5215 - accuracy: 0.1123  
 3/98 [..............................] - ETA: 6s - loss: 4.7915 - accuracy: 0.1243
 4/98 [>.............................] - ETA: 6s - loss: 4.7423 - accuracy: 0.1421
 5/98 [>.............................] - ETA: 6s - loss: 4.6004 - accuracy: 0.1496
 6/98 [>.............................] - ETA: 6s - loss: 4.5042 - accuracy: 0.1514
 7/98 [=>............................] - ETA: 6s - loss: 4.3710 - accuracy: 0.1557
 8/98 [=>............................] - ETA: 6s - loss: 4.2626 - accuracy: 0.1582
 9/98 [=>............................] - ETA: 6s - loss: 4.1501 - accuracy: 0.1628
10/98 [==>...........................] - ETA: 7s - loss: 4.0526 - accuracy: 0.1676
11/98 [==>...........................] - ETA: 7s - loss: 3.9492 - accuracy: 0.1717
12/98 [==>...........................] - ETA: 7s - loss: 3.8431 - accuracy: 0.1774
13/98 [==>...........................] - ETA: 7s - loss: 3.7550 - accuracy: 0.1822
14/98 [===>..........................] - ETA: 7s - loss: 3.6793 - accuracy: 0.1854
15/98 [===>..........................] - ETA: 7s - loss: 3.6054 - accuracy: 0.1889
16/98 [===>..........................] - ETA: 7s - loss: 3.5455 - accuracy: 0.1932
17/98 [====>.........................] - ETA: 7s - loss: 3.4965 - accuracy: 0.1949
18/98 [====>.........................] - ETA: 7s - loss: 3.4370 - accuracy: 0.1977
19/98 [====>.........................] - ETA: 7s - loss: 3.3868 - accuracy: 0.1985
20/98 [=====>........................] - ETA: 7s - loss: 3.3347 - accuracy: 0.2005
21/98 [=====>........................] - ETA: 7s - loss: 3.2897 - accuracy: 0.2039
22/98 [=====>........................] - ETA: 7s - loss: 3.2564 - accuracy: 0.2051
23/98 [======>.......................] - ETA: 7s - loss: 3.2126 - accuracy: 0.2076
24/98 [======>.......................] - ETA: 7s - loss: 3.1730 - accuracy: 0.2113
25/98 [======>.......................] - ETA: 7s - loss: 3.1389 - accuracy: 0.2134
26/98 [======>.......................] - ETA: 6s - loss: 3.1047 - accuracy: 0.2146
27/98 [=======>......................] - ETA: 6s - loss: 3.0685 - accuracy: 0.2189
28/98 [=======>......................] - ETA: 6s - loss: 3.0362 - accuracy: 0.2211
29/98 [=======>......................] - ETA: 6s - loss: 3.0048 - accuracy: 0.2229
30/98 [========>.....................] - ETA: 6s - loss: 2.9730 - accuracy: 0.2262
31/98 [========>.....................] - ETA: 6s - loss: 2.9401 - accuracy: 0.2289
32/98 [========>.....................] - ETA: 6s - loss: 2.9109 - accuracy: 0.2314
33/98 [=========>....................] - ETA: 5s - loss: 2.8838 - accuracy: 0.2335
34/98 [=========>....................] - ETA: 5s - loss: 2.8624 - accuracy: 0.2359
35/98 [=========>....................] - ETA: 5s - loss: 2.8420 - accuracy: 0.2384
36/98 [==========>...................] - ETA: 5s - loss: 2.8258 - accuracy: 0.2403
37/98 [==========>...................] - ETA: 5s - loss: 2.8056 - accuracy: 0.2421
38/98 [==========>...................] - ETA: 5s - loss: 2.7826 - accuracy: 0.2445
39/98 [==========>...................] - ETA: 5s - loss: 2.7666 - accuracy: 0.2462
40/98 [===========>..................] - ETA: 5s - loss: 2.7484 - accuracy: 0.2488
41/98 [===========>..................] - ETA: 5s - loss: 2.7319 - accuracy: 0.2502
42/98 [===========>..................] - ETA: 5s - loss: 2.7173 - accuracy: 0.2522
43/98 [============>.................] - ETA: 5s - loss: 2.6989 - accuracy: 0.2542
44/98 [============>.................] - ETA: 5s - loss: 2.6826 - accuracy: 0.2553
45/98 [============>.................] - ETA: 4s - loss: 2.6655 - accuracy: 0.2575
46/98 [=============>................] - ETA: 4s - loss: 2.6484 - accuracy: 0.2591
47/98 [=============>................] - ETA: 4s - loss: 2.6309 - accuracy: 0.2614
48/98 [=============>................] - ETA: 4s - loss: 2.6144 - accuracy: 0.2634
49/98 [==============>...............] - ETA: 4s - loss: 2.6000 - accuracy: 0.2651
50/98 [==============>...............] - ETA: 4s - loss: 2.5867 - accuracy: 0.2670
51/98 [==============>...............] - ETA: 4s - loss: 2.5722 - accuracy: 0.2694
52/98 [==============>...............] - ETA: 4s - loss: 2.5563 - accuracy: 0.2713
53/98 [===============>..............] - ETA: 4s - loss: 2.5449 - accuracy: 0.2725
54/98 [===============>..............] - ETA: 4s - loss: 2.5302 - accuracy: 0.2741
55/98 [===============>..............] - ETA: 4s - loss: 2.5185 - accuracy: 0.2756
56/98 [================>.............] - ETA: 3s - loss: 2.5065 - accuracy: 0.2772
57/98 [================>.............] - ETA: 5s - loss: 2.4981 - accuracy: 0.2785
58/98 [================>.............] - ETA: 4s - loss: 2.4847 - accuracy: 0.2807
59/98 [=================>............] - ETA: 4s - loss: 2.4760 - accuracy: 0.2819
60/98 [=================>............] - ETA: 4s - loss: 2.4657 - accuracy: 0.2836
61/98 [=================>............] - ETA: 4s - loss: 2.4541 - accuracy: 0.2854
62/98 [=================>............] - ETA: 4s - loss: 2.4444 - accuracy: 0.2867
63/98 [==================>...........] - ETA: 4s - loss: 2.4336 - accuracy: 0.2884
64/98 [==================>...........] - ETA: 4s - loss: 2.4244 - accuracy: 0.2900
65/98 [==================>...........] - ETA: 3s - loss: 2.4136 - accuracy: 0.2914
66/98 [===================>..........] - ETA: 3s - loss: 2.4050 - accuracy: 0.2927
67/98 [===================>..........] - ETA: 3s - loss: 2.3947 - accuracy: 0.2939
68/98 [===================>..........] - ETA: 3s - loss: 2.3858 - accuracy: 0.2959
69/98 [====================>.........] - ETA: 3s - loss: 2.3769 - accuracy: 0.2972
70/98 [====================>.........] - ETA: 3s - loss: 2.3666 - accuracy: 0.2984
71/98 [====================>.........] - ETA: 3s - loss: 2.3568 - accuracy: 0.3002
72/98 [=====================>........] - ETA: 2s - loss: 2.3469 - accuracy: 0.3015
73/98 [=====================>........] - ETA: 2s - loss: 2.3375 - accuracy: 0.3035
74/98 [=====================>........] - ETA: 2s - loss: 2.3283 - accuracy: 0.3050
75/98 [=====================>........] - ETA: 2s - loss: 2.3189 - accuracy: 0.3064
76/98 [======================>.......] - ETA: 2s - loss: 2.3106 - accuracy: 0.3075
77/98 [======================>.......] - ETA: 2s - loss: 2.3013 - accuracy: 0.3092
78/98 [======================>.......] - ETA: 2s - loss: 2.2930 - accuracy: 0.3104
79/98 [=======================>......] - ETA: 2s - loss: 2.2860 - accuracy: 0.3116
80/98 [=======================>......] - ETA: 2s - loss: 2.2784 - accuracy: 0.3131
81/98 [=======================>......] - ETA: 1s - loss: 2.2705 - accuracy: 0.3147
82/98 [========================>.....] - ETA: 1s - loss: 2.2634 - accuracy: 0.3162
83/98 [========================>.....] - ETA: 1s - loss: 2.2552 - accuracy: 0.3175
84/98 [========================>.....] - ETA: 1s - loss: 2.2471 - accuracy: 0.3190
85/98 [=========================>....] - ETA: 1s - loss: 2.2410 - accuracy: 0.3202
86/98 [=========================>....] - ETA: 1s - loss: 2.2355 - accuracy: 0.3211
87/98 [=========================>....] - ETA: 1s - loss: 2.2277 - accuracy: 0.3223
88/98 [=========================>....] - ETA: 1s - loss: 2.2195 - accuracy: 0.3238
89/98 [==========================>...] - ETA: 1s - loss: 2.2130 - accuracy: 0.3250
90/98 [==========================>...] - ETA: 0s - loss: 2.2055 - accuracy: 0.3264
91/98 [==========================>...] - ETA: 0s - loss: 2.1998 - accuracy: 0.3274
92/98 [===========================>..] - ETA: 0s - loss: 2.1937 - accuracy: 0.3287
93/98 [===========================>..] - ETA: 0s - loss: 2.1872 - accuracy: 0.3296
94/98 [===========================>..] - ETA: 0s - loss: 2.1812 - accuracy: 0.3307
95/98 [============================>.] - ETA: 0s - loss: 2.1763 - accuracy: 0.3315
96/98 [============================>.] - ETA: 0s - loss: 2.1690 - accuracy: 0.3331
97/98 [============================>.] - ETA: 0s - loss: 2.1628 - accuracy: 0.3341
98/98 [==============================] - ETA: 0s - loss: 2.1568 - accuracy: 0.3352
98/98 [==============================] - 17s 125ms/step - loss: 2.1568 - accuracy: 0.3352 - val_loss: 2.3150 - val_accuracy: 0.1410
Epoch 2/84

 1/98 [..............................] - ETA: 9s - loss: 1.6526 - accuracy: 0.3926
 2/98 [..............................] - ETA: 6s - loss: 1.5485 - accuracy: 0.4268
 3/98 [..............................] - ETA: 6s - loss: 1.5420 - accuracy: 0.4329
 4/98 [>.............................] - ETA: 6s - loss: 1.5558 - accuracy: 0.4365
 5/98 [>.............................] - ETA: 6s - loss: 1.5825 - accuracy: 0.4344
 6/98 [>.............................] - ETA: 6s - loss: 1.5870 - accuracy: 0.4342
 7/98 [=>............................] - ETA: 6s - loss: 1.6001 - accuracy: 0.4319
 8/98 [=>............................] - ETA: 6s - loss: 1.5989 - accuracy: 0.4309
 9/98 [=>............................] - ETA: 6s - loss: 1.5987 - accuracy: 0.4325
10/98 [==>...........................] - ETA: 6s - loss: 1.6080 - accuracy: 0.4275
11/98 [==>...........................] - ETA: 7s - loss: 1.6032 - accuracy: 0.4281
12/98 [==>...........................] - ETA: 7s - loss: 1.6079 - accuracy: 0.4268
13/98 [==>...........................] - ETA: 7s - loss: 1.5979 - accuracy: 0.4283
14/98 [===>..........................] - ETA: 7s - loss: 1.5906 - accuracy: 0.4298
15/98 [===>..........................] - ETA: 7s - loss: 1.5867 - accuracy: 0.4320
16/98 [===>..........................] - ETA: 7s - loss: 1.5840 - accuracy: 0.4330
17/98 [====>.........................] - ETA: 7s - loss: 1.5812 - accuracy: 0.4347
18/98 [====>.........................] - ETA: 7s - loss: 1.5758 - accuracy: 0.4372
19/98 [====>.........................] - ETA: 7s - loss: 1.5712 - accuracy: 0.4386
20/98 [=====>........................] - ETA: 7s - loss: 1.5688 - accuracy: 0.4405
21/98 [=====>........................] - ETA: 7s - loss: 1.5617 - accuracy: 0.4410
22/98 [=====>........................] - ETA: 7s - loss: 1.5583 - accuracy: 0.4403
23/98 [======>.......................] - ETA: 7s - loss: 1.5580 - accuracy: 0.4427
24/98 [======>.......................] - ETA: 7s - loss: 1.5552 - accuracy: 0.4455
25/98 [======>.......................] - ETA: 7s - loss: 1.5574 - accuracy: 0.4452
26/98 [======>.......................] - ETA: 6s - loss: 1.5571 - accuracy: 0.4468
27/98 [=======>......................] - ETA: 6s - loss: 1.5546 - accuracy: 0.4474
28/98 [=======>......................] - ETA: 6s - loss: 1.5518 - accuracy: 0.4481
29/98 [=======>......................] - ETA: 6s - loss: 1.5510 - accuracy: 0.4479
30/98 [========>.....................] - ETA: 6s - loss: 1.5481 - accuracy: 0.4490
31/98 [========>.....................] - ETA: 6s - loss: 1.5452 - accuracy: 0.4517
32/98 [========>.....................] - ETA: 6s - loss: 1.5422 - accuracy: 0.4531
33/98 [=========>....................] - ETA: 5s - loss: 1.5409 - accuracy: 0.4535
34/98 [=========>....................] - ETA: 5s - loss: 1.5392 - accuracy: 0.4541
35/98 [=========>....................] - ETA: 5s - loss: 1.5373 - accuracy: 0.4547
36/98 [==========>...................] - ETA: 5s - loss: 1.5345 - accuracy: 0.4556
37/98 [==========>...................] - ETA: 5s - loss: 1.5335 - accuracy: 0.4560
38/98 [==========>...................] - ETA: 5s - loss: 1.5346 - accuracy: 0.4559
39/98 [==========>...................] - ETA: 5s - loss: 1.5296 - accuracy: 0.4574
40/98 [===========>..................] - ETA: 5s - loss: 1.5266 - accuracy: 0.4591
41/98 [===========>..................] - ETA: 5s - loss: 1.5261 - accuracy: 0.4587
42/98 [===========>..................] - ETA: 5s - loss: 1.5238 - accuracy: 0.4594
43/98 [============>.................] - ETA: 5s - loss: 1.5217 - accuracy: 0.4601
44/98 [============>.................] - ETA: 5s - loss: 1.5196 - accuracy: 0.4608
45/98 [============>.................] - ETA: 4s - loss: 1.5161 - accuracy: 0.4618
46/98 [=============>................] - ETA: 4s - loss: 1.5126 - accuracy: 0.4627
47/98 [=============>................] - ETA: 4s - loss: 1.5104 - accuracy: 0.4631
48/98 [=============>................] - ETA: 4s - loss: 1.5078 - accuracy: 0.4638
49/98 [==============>...............] - ETA: 4s - loss: 1.5068 - accuracy: 0.4646
50/98 [==============>...............] - ETA: 4s - loss: 1.5041 - accuracy: 0.4648
51/98 [==============>...............] - ETA: 4s - loss: 1.5033 - accuracy: 0.4652
52/98 [==============>...............] - ETA: 4s - loss: 1.5033 - accuracy: 0.4655
53/98 [===============>..............] - ETA: 4s - loss: 1.5020 - accuracy: 0.4659
54/98 [===============>..............] - ETA: 4s - loss: 1.5007 - accuracy: 0.4661
56/98 [================>.............] - ETA: 3s - loss: 1.4983 - accuracy: 0.4671
57/98 [================>.............] - ETA: 3s - loss: 1.4961 - accuracy: 0.4678
58/98 [================>.............] - ETA: 3s - loss: 1.4936 - accuracy: 0.4690
59/98 [=================>............] - ETA: 3s - loss: 1.4915 - accuracy: 0.4695
60/98 [=================>............] - ETA: 3s - loss: 1.4897 - accuracy: 0.4697
61/98 [=================>............] - ETA: 3s - loss: 1.4868 - accuracy: 0.4705
62/98 [=================>............] - ETA: 3s - loss: 1.4865 - accuracy: 0.4700
63/98 [==================>...........] - ETA: 3s - loss: 1.4844 - accuracy: 0.4709
64/98 [==================>...........] - ETA: 3s - loss: 1.4826 - accuracy: 0.4715
66/98 [===================>..........] - ETA: 2s - loss: 1.4799 - accuracy: 0.4722
67/98 [===================>..........] - ETA: 2s - loss: 1.4773 - accuracy: 0.4728
68/98 [===================>..........] - ETA: 2s - loss: 1.4768 - accuracy: 0.4730
69/98 [====================>.........] - ETA: 2s - loss: 1.4759 - accuracy: 0.4729
70/98 [====================>.........] - ETA: 2s - loss: 1.4742 - accuracy: 0.4740
71/98 [====================>.........] - ETA: 2s - loss: 1.4722 - accuracy: 0.4745
72/98 [=====================>........] - ETA: 2s - loss: 1.4706 - accuracy: 0.4750
73/98 [=====================>........] - ETA: 2s - loss: 1.4686 - accuracy: 0.4756
74/98 [=====================>........] - ETA: 2s - loss: 1.4684 - accuracy: 0.4758
75/98 [=====================>........] - ETA: 2s - loss: 1.4663 - accuracy: 0.4767
76/98 [======================>.......] - ETA: 2s - loss: 1.4643 - accuracy: 0.4774
77/98 [======================>.......] - ETA: 1s - loss: 1.4626 - accuracy: 0.4782
78/98 [======================>.......] - ETA: 1s - loss: 1.4616 - accuracy: 0.4787
79/98 [=======================>......] - ETA: 1s - loss: 1.4606 - accuracy: 0.4794
80/98 [=======================>......] - ETA: 1s - loss: 1.4585 - accuracy: 0.4800
81/98 [=======================>......] - ETA: 1s - loss: 1.4572 - accuracy: 0.4807
82/98 [========================>.....] - ETA: 1s - loss: 1.4548 - accuracy: 0.4812
83/98 [========================>.....] - ETA: 1s - loss: 1.4536 - accuracy: 0.4821
84/98 [========================>.....] - ETA: 1s - loss: 1.4505 - accuracy: 0.4827
85/98 [=========================>....] - ETA: 1s - loss: 1.4478 - accuracy: 0.4834
86/98 [=========================>....] - ETA: 1s - loss: 1.4456 - accuracy: 0.4840
87/98 [=========================>....] - ETA: 1s - loss: 1.4444 - accuracy: 0.4844
88/98 [=========================>....] - ETA: 0s - loss: 1.4433 - accuracy: 0.4850
89/98 [==========================>...] - ETA: 0s - loss: 1.4409 - accuracy: 0.4855
90/98 [==========================>...] - ETA: 0s - loss: 1.4387 - accuracy: 0.4861
91/98 [==========================>...] - ETA: 0s - loss: 1.4368 - accuracy: 0.4866
92/98 [===========================>..] - ETA: 0s - loss: 1.4348 - accuracy: 0.4874
93/98 [===========================>..] - ETA: 0s - loss: 1.4335 - accuracy: 0.4878
94/98 [===========================>..] - ETA: 0s - loss: 1.4317 - accuracy: 0.4883
95/98 [============================>.] - ETA: 0s - loss: 1.4307 - accuracy: 0.4888
96/98 [============================>.] - ETA: 0s - loss: 1.4294 - accuracy: 0.4892
97/98 [============================>.] - ETA: 0s - loss: 1.4281 - accuracy: 0.4898
98/98 [==============================] - ETA: 0s - loss: 1.4259 - accuracy: 0.4907
98/98 [==============================] - 10s 103ms/step - loss: 1.4259 - accuracy: 0.4907 - val_loss: 2.4647 - val_accuracy: 0.2399
Epoch 3/84

 1/98 [..............................] - ETA: 9s - loss: 1.2586 - accuracy: 0.5625
 2/98 [..............................] - ETA: 7s - loss: 1.2908 - accuracy: 0.5566
 3/98 [..............................] - ETA: 6s - loss: 1.2787 - accuracy: 0.5592
 4/98 [>.............................] - ETA: 6s - loss: 1.2543 - accuracy: 0.5635
 6/98 [>.............................] - ETA: 7s - loss: 1.2440 - accuracy: 0.5602
 7/98 [=>............................] - ETA: 7s - loss: 1.2354 - accuracy: 0.5603
 8/98 [=>............................] - ETA: 8s - loss: 1.2394 - accuracy: 0.5615
 9/98 [=>............................] - ETA: 8s - loss: 1.2548 - accuracy: 0.5558
10/98 [==>...........................] - ETA: 8s - loss: 1.2577 - accuracy: 0.5549
11/98 [==>...........................] - ETA: 8s - loss: 1.2579 - accuracy: 0.5549
12/98 [==>...........................] - ETA: 8s - loss: 1.2604 - accuracy: 0.5535
13/98 [==>...........................] - ETA: 8s - loss: 1.2663 - accuracy: 0.5517
14/98 [===>..........................] - ETA: 8s - loss: 1.2657 - accuracy: 0.5506
15/98 [===>..........................] - ETA: 8s - loss: 1.2703 - accuracy: 0.5486
16/98 [===>..........................] - ETA: 8s - loss: 1.2674 - accuracy: 0.5494
17/98 [====>.........................] - ETA: 8s - loss: 1.2659 - accuracy: 0.5499
18/98 [====>.........................] - ETA: 8s - loss: 1.2633 - accuracy: 0.5512
19/98 [====>.........................] - ETA: 8s - loss: 1.2637 - accuracy: 0.5504
20/98 [=====>........................] - ETA: 8s - loss: 1.2636 - accuracy: 0.5516
21/98 [=====>........................] - ETA: 7s - loss: 1.2579 - accuracy: 0.5544
22/98 [=====>........................] - ETA: 7s - loss: 1.2577 - accuracy: 0.5546
23/98 [======>.......................] - ETA: 7s - loss: 1.2560 - accuracy: 0.5536
24/98 [======>.......................] - ETA: 7s - loss: 1.2573 - accuracy: 0.5522
25/98 [======>.......................] - ETA: 7s - loss: 1.2517 - accuracy: 0.5541
26/98 [======>.......................] - ETA: 6s - loss: 1.2525 - accuracy: 0.5537
27/98 [=======>......................] - ETA: 6s - loss: 1.2531 - accuracy: 0.5534
28/98 [=======>......................] - ETA: 6s - loss: 1.2503 - accuracy: 0.5555
29/98 [=======>......................] - ETA: 6s - loss: 1.2509 - accuracy: 0.5548
30/98 [========>.....................] - ETA: 6s - loss: 1.2494 - accuracy: 0.5548
31/98 [========>.....................] - ETA: 6s - loss: 1.2472 - accuracy: 0.5558
32/98 [========>.....................] - ETA: 6s - loss: 1.2459 - accuracy: 0.5565
33/98 [=========>....................] - ETA: 5s - loss: 1.2455 - accuracy: 0.5559
34/98 [=========>....................] - ETA: 5s - loss: 1.2447 - accuracy: 0.5561
35/98 [=========>....................] - ETA: 5s - loss: 1.2447 - accuracy: 0.5563
36/98 [==========>...................] - ETA: 5s - loss: 1.2451 - accuracy: 0.5559
37/98 [==========>...................] - ETA: 5s - loss: 1.2460 - accuracy: 0.5558
38/98 [==========>...................] - ETA: 5s - loss: 1.2459 - accuracy: 0.5563
39/98 [==========>...................] - ETA: 5s - loss: 1.2469 - accuracy: 0.5560
40/98 [===========>..................] - ETA: 5s - loss: 1.2458 - accuracy: 0.5562
41/98 [===========>..................] - ETA: 5s - loss: 1.2458 - accuracy: 0.5563
42/98 [===========>..................] - ETA: 5s - loss: 1.2456 - accuracy: 0.5561
43/98 [============>.................] - ETA: 5s - loss: 1.2449 - accuracy: 0.5566
44/98 [============>.................] - ETA: 5s - loss: 1.2466 - accuracy: 0.5562
45/98 [============>.................] - ETA: 5s - loss: 1.2456 - accuracy: 0.5566
46/98 [=============>................] - ETA: 5s - loss: 1.2437 - accuracy: 0.5576
47/98 [=============>................] - ETA: 5s - loss: 1.2424 - accuracy: 0.5582
48/98 [=============>................] - ETA: 4s - loss: 1.2397 - accuracy: 0.5594
49/98 [==============>...............] - ETA: 4s - loss: 1.2377 - accuracy: 0.5605
50/98 [==============>...............] - ETA: 4s - loss: 1.2361 - accuracy: 0.5603
51/98 [==============>...............] - ETA: 4s - loss: 1.2348 - accuracy: 0.5609
52/98 [==============>...............] - ETA: 4s - loss: 1.2338 - accuracy: 0.5615
53/98 [===============>..............] - ETA: 4s - loss: 1.2321 - accuracy: 0.5622
54/98 [===============>..............] - ETA: 4s - loss: 1.2312 - accuracy: 0.5624
55/98 [===============>..............] - ETA: 4s - loss: 1.2290 - accuracy: 0.5634
56/98 [================>.............] - ETA: 3s - loss: 1.2293 - accuracy: 0.5631
57/98 [================>.............] - ETA: 3s - loss: 1.2281 - accuracy: 0.5636
58/98 [================>.............] - ETA: 3s - loss: 1.2287 - accuracy: 0.5637
59/98 [=================>............] - ETA: 3s - loss: 1.2263 - accuracy: 0.5647
60/98 [=================>............] - ETA: 3s - loss: 1.2253 - accuracy: 0.5650
61/98 [=================>............] - ETA: 3s - loss: 1.2259 - accuracy: 0.5645
62/98 [=================>............] - ETA: 3s - loss: 1.2250 - accuracy: 0.5650
63/98 [==================>...........] - ETA: 3s - loss: 1.2242 - accuracy: 0.5651
64/98 [==================>...........] - ETA: 3s - loss: 1.2226 - accuracy: 0.5658
65/98 [==================>...........] - ETA: 3s - loss: 1.2204 - accuracy: 0.5665
66/98 [===================>..........] - ETA: 3s - loss: 1.2178 - accuracy: 0.5674
67/98 [===================>..........] - ETA: 2s - loss: 1.2159 - accuracy: 0.5684
68/98 [===================>..........] - ETA: 2s - loss: 1.2141 - accuracy: 0.5689
69/98 [====================>.........] - ETA: 2s - loss: 1.2133 - accuracy: 0.5693
70/98 [====================>.........] - ETA: 2s - loss: 1.2117 - accuracy: 0.5695
71/98 [====================>.........] - ETA: 2s - loss: 1.2098 - accuracy: 0.5704
72/98 [=====================>........] - ETA: 2s - loss: 1.2098 - accuracy: 0.5705
73/98 [=====================>........] - ETA: 2s - loss: 1.2080 - accuracy: 0.5709
74/98 [=====================>........] - ETA: 2s - loss: 1.2061 - accuracy: 0.5716
75/98 [=====================>........] - ETA: 2s - loss: 1.2048 - accuracy: 0.5724
76/98 [======================>.......] - ETA: 2s - loss: 1.2033 - accuracy: 0.5730
77/98 [======================>.......] - ETA: 2s - loss: 1.2022 - accuracy: 0.5737
78/98 [======================>.......] - ETA: 1s - loss: 1.2025 - accuracy: 0.5740
79/98 [=======================>......] - ETA: 1s - loss: 1.2009 - accuracy: 0.5743
80/98 [=======================>......] - ETA: 1s - loss: 1.1991 - accuracy: 0.5749
81/98 [=======================>......] - ETA: 1s - loss: 1.1979 - accuracy: 0.5752
82/98 [========================>.....] - ETA: 1s - loss: 1.1962 - accuracy: 0.5755
83/98 [========================>.....] - ETA: 1s - loss: 1.1962 - accuracy: 0.5756
84/98 [========================>.....] - ETA: 1s - loss: 1.1941 - accuracy: 0.5764
85/98 [=========================>....] - ETA: 1s - loss: 1.1928 - accuracy: 0.5770
86/98 [=========================>....] - ETA: 1s - loss: 1.1923 - accuracy: 0.5770
87/98 [=========================>....] - ETA: 1s - loss: 1.1916 - accuracy: 0.5776
88/98 [=========================>....] - ETA: 0s - loss: 1.1908 - accuracy: 0.5776
89/98 [==========================>...] - ETA: 0s - loss: 1.1903 - accuracy: 0.5777
90/98 [==========================>...] - ETA: 0s - loss: 1.1895 - accuracy: 0.5780
91/98 [==========================>...] - ETA: 0s - loss: 1.1882 - accuracy: 0.5783
92/98 [===========================>..] - ETA: 0s - loss: 1.1868 - accuracy: 0.5787
93/98 [===========================>..] - ETA: 0s - loss: 1.1860 - accuracy: 0.5789
94/98 [===========================>..] - ETA: 0s - loss: 1.1850 - accuracy: 0.5795
95/98 [============================>.] - ETA: 0s - loss: 1.1844 - accuracy: 0.5796
96/98 [============================>.] - ETA: 0s - loss: 1.1837 - accuracy: 0.5799
97/98 [============================>.] - ETA: 0s - loss: 1.1829 - accuracy: 0.5803
98/98 [==============================] - ETA: 0s - loss: 1.1824 - accuracy: 0.5805
98/98 [==============================] - 10s 104ms/step - loss: 1.1824 - accuracy: 0.5805 - val_loss: 2.0695 - val_accuracy: 0.3151
Epoch 4/84

 1/98 [..............................] - ETA: 9s - loss: 1.1567 - accuracy: 0.5879
 2/98 [..............................] - ETA: 6s - loss: 1.0940 - accuracy: 0.6084
 3/98 [..............................] - ETA: 8s - loss: 1.1099 - accuracy: 0.6003
 4/98 [>.............................] - ETA: 8s - loss: 1.1089 - accuracy: 0.6025
 5/98 [>.............................] - ETA: 9s - loss: 1.0969 - accuracy: 0.6094
 6/98 [>.............................] - ETA: 9s - loss: 1.0902 - accuracy: 0.6165
 7/98 [=>............................] - ETA: 9s - loss: 1.0891 - accuracy: 0.6175
 8/98 [=>............................] - ETA: 9s - loss: 1.0899 - accuracy: 0.6196
 9/98 [=>............................] - ETA: 9s - loss: 1.0858 - accuracy: 0.6217
10/98 [==>...........................] - ETA: 9s - loss: 1.0780 - accuracy: 0.6236
11/98 [==>...........................] - ETA: 9s - loss: 1.0834 - accuracy: 0.6222
12/98 [==>...........................] - ETA: 9s - loss: 1.0757 - accuracy: 0.6245
13/98 [==>...........................] - ETA: 9s - loss: 1.0762 - accuracy: 0.6235
14/98 [===>..........................] - ETA: 9s - loss: 1.0730 - accuracy: 0.6243
15/98 [===>..........................] - ETA: 9s - loss: 1.0718 - accuracy: 0.6270
16/98 [===>..........................] - ETA: 9s - loss: 1.0706 - accuracy: 0.6257
17/98 [====>.........................] - ETA: 8s - loss: 1.0655 - accuracy: 0.6273
18/98 [====>.........................] - ETA: 8s - loss: 1.0670 - accuracy: 0.6275
19/98 [====>.........................] - ETA: 8s - loss: 1.0628 - accuracy: 0.6279
20/98 [=====>........................] - ETA: 8s - loss: 1.0625 - accuracy: 0.6273
21/98 [=====>........................] - ETA: 7s - loss: 1.0611 - accuracy: 0.6276
22/98 [=====>........................] - ETA: 7s - loss: 1.0601 - accuracy: 0.6274
23/98 [======>.......................] - ETA: 7s - loss: 1.0570 - accuracy: 0.6289
24/98 [======>.......................] - ETA: 7s - loss: 1.0546 - accuracy: 0.6296
25/98 [======>.......................] - ETA: 7s - loss: 1.0531 - accuracy: 0.6305
26/98 [======>.......................] - ETA: 6s - loss: 1.0571 - accuracy: 0.6302
27/98 [=======>......................] - ETA: 6s - loss: 1.0572 - accuracy: 0.6301
28/98 [=======>......................] - ETA: 6s - loss: 1.0572 - accuracy: 0.6304
29/98 [=======>......................] - ETA: 6s - loss: 1.0566 - accuracy: 0.6309
30/98 [========>.....................] - ETA: 6s - loss: 1.0563 - accuracy: 0.6309
31/98 [========>.....................] - ETA: 6s - loss: 1.0563 - accuracy: 0.6310
32/98 [========>.....................] - ETA: 6s - loss: 1.0561 - accuracy: 0.6310
33/98 [=========>....................] - ETA: 6s - loss: 1.0541 - accuracy: 0.6321
34/98 [=========>....................] - ETA: 6s - loss: 1.0544 - accuracy: 0.6320
35/98 [=========>....................] - ETA: 6s - loss: 1.0518 - accuracy: 0.6319
36/98 [==========>...................] - ETA: 6s - loss: 1.0533 - accuracy: 0.6318
37/98 [==========>...................] - ETA: 5s - loss: 1.0516 - accuracy: 0.6330
38/98 [==========>...................] - ETA: 5s - loss: 1.0518 - accuracy: 0.6340
39/98 [==========>...................] - ETA: 5s - loss: 1.0512 - accuracy: 0.6341
40/98 [===========>..................] - ETA: 5s - loss: 1.0500 - accuracy: 0.6341
41/98 [===========>..................] - ETA: 5s - loss: 1.0480 - accuracy: 0.6349
42/98 [===========>..................] - ETA: 5s - loss: 1.0463 - accuracy: 0.6356
43/98 [============>.................] - ETA: 5s - loss: 1.0444 - accuracy: 0.6362
44/98 [============>.................] - ETA: 5s - loss: 1.0444 - accuracy: 0.6357
45/98 [============>.................] - ETA: 5s - loss: 1.0436 - accuracy: 0.6358
46/98 [=============>................] - ETA: 5s - loss: 1.0417 - accuracy: 0.6362
47/98 [=============>................] - ETA: 5s - loss: 1.0401 - accuracy: 0.6363
48/98 [=============>................] - ETA: 4s - loss: 1.0382 - accuracy: 0.6366
49/98 [==============>...............] - ETA: 4s - loss: 1.0365 - accuracy: 0.6368
50/98 [==============>...............] - ETA: 4s - loss: 1.0375 - accuracy: 0.6361
51/98 [==============>...............] - ETA: 4s - loss: 1.0364 - accuracy: 0.6367
52/98 [==============>...............] - ETA: 4s - loss: 1.0361 - accuracy: 0.6368
53/98 [===============>..............] - ETA: 4s - loss: 1.0364 - accuracy: 0.6367
54/98 [===============>..............] - ETA: 4s - loss: 1.0375 - accuracy: 0.6362
55/98 [===============>..............] - ETA: 4s - loss: 1.0387 - accuracy: 0.6361
56/98 [================>.............] - ETA: 3s - loss: 1.0382 - accuracy: 0.6361
57/98 [================>.............] - ETA: 3s - loss: 1.0379 - accuracy: 0.6361
58/98 [================>.............] - ETA: 3s - loss: 1.0356 - accuracy: 0.6370
59/98 [=================>............] - ETA: 3s - loss: 1.0360 - accuracy: 0.6369
60/98 [=================>............] - ETA: 3s - loss: 1.0350 - accuracy: 0.6370
61/98 [=================>............] - ETA: 3s - loss: 1.0348 - accuracy: 0.6372
62/98 [=================>............] - ETA: 3s - loss: 1.0361 - accuracy: 0.6371
63/98 [==================>...........] - ETA: 3s - loss: 1.0350 - accuracy: 0.6374
64/98 [==================>...........] - ETA: 3s - loss: 1.0338 - accuracy: 0.6381
65/98 [==================>...........] - ETA: 3s - loss: 1.0314 - accuracy: 0.6386
66/98 [===================>..........] - ETA: 3s - loss: 1.0319 - accuracy: 0.6388
67/98 [===================>..........] - ETA: 2s - loss: 1.0313 - accuracy: 0.6386
68/98 [===================>..........] - ETA: 2s - loss: 1.0311 - accuracy: 0.6386
69/98 [====================>.........] - ETA: 2s - loss: 1.0311 - accuracy: 0.6384
70/98 [====================>.........] - ETA: 2s - loss: 1.0308 - accuracy: 0.6384
71/98 [====================>.........] - ETA: 2s - loss: 1.0318 - accuracy: 0.6381
72/98 [=====================>........] - ETA: 2s - loss: 1.0320 - accuracy: 0.6383
73/98 [=====================>........] - ETA: 2s - loss: 1.0305 - accuracy: 0.6388
74/98 [=====================>........] - ETA: 2s - loss: 1.0294 - accuracy: 0.6389
75/98 [=====================>........] - ETA: 2s - loss: 1.0288 - accuracy: 0.6390
77/98 [======================>.......] - ETA: 2s - loss: 1.0281 - accuracy: 0.6391
78/98 [======================>.......] - ETA: 1s - loss: 1.0281 - accuracy: 0.6388
79/98 [=======================>......] - ETA: 1s - loss: 1.0279 - accuracy: 0.6392
80/98 [=======================>......] - ETA: 1s - loss: 1.0285 - accuracy: 0.6388
81/98 [=======================>......] - ETA: 1s - loss: 1.0286 - accuracy: 0.6385
82/98 [========================>.....] - ETA: 1s - loss: 1.0276 - accuracy: 0.6388
83/98 [========================>.....] - ETA: 1s - loss: 1.0273 - accuracy: 0.6388
84/98 [========================>.....] - ETA: 1s - loss: 1.0264 - accuracy: 0.6388
85/98 [=========================>....] - ETA: 1s - loss: 1.0273 - accuracy: 0.6385
86/98 [=========================>....] - ETA: 1s - loss: 1.0270 - accuracy: 0.6387
88/98 [=========================>....] - ETA: 0s - loss: 1.0258 - accuracy: 0.6389
89/98 [==========================>...] - ETA: 0s - loss: 1.0251 - accuracy: 0.6391
90/98 [==========================>...] - ETA: 0s - loss: 1.0242 - accuracy: 0.6394
91/98 [==========================>...] - ETA: 0s - loss: 1.0238 - accuracy: 0.6394
92/98 [===========================>..] - ETA: 0s - loss: 1.0241 - accuracy: 0.6395
93/98 [===========================>..] - ETA: 0s - loss: 1.0236 - accuracy: 0.6396
94/98 [===========================>..] - ETA: 0s - loss: 1.0240 - accuracy: 0.6395
95/98 [============================>.] - ETA: 0s - loss: 1.0239 - accuracy: 0.6398
96/98 [============================>.] - ETA: 0s - loss: 1.0238 - accuracy: 0.6397
97/98 [============================>.] - ETA: 0s - loss: 1.0243 - accuracy: 0.6395
98/98 [==============================] - ETA: 0s - loss: 1.0241 - accuracy: 0.6397
98/98 [==============================] - 10s 104ms/step - loss: 1.0241 - accuracy: 0.6397 - val_loss: 1.3825 - val_accuracy: 0.4798
Epoch 5/84

 1/98 [..............................] - ETA: 9s - loss: 1.0161 - accuracy: 0.6310
 2/98 [..............................] - ETA: 10s - loss: 1.0069 - accuracy: 0.6403
 3/98 [..............................] - ETA: 11s - loss: 0.9857 - accuracy: 0.6463
 4/98 [>.............................] - ETA: 10s - loss: 0.9714 - accuracy: 0.6512
 5/98 [>.............................] - ETA: 10s - loss: 0.9673 - accuracy: 0.6560
 6/98 [>.............................] - ETA: 10s - loss: 0.9617 - accuracy: 0.6609
 7/98 [=>............................] - ETA: 10s - loss: 0.9581 - accuracy: 0.6643
 8/98 [=>............................] - ETA: 10s - loss: 0.9510 - accuracy: 0.6658
 9/98 [=>............................] - ETA: 10s - loss: 0.9484 - accuracy: 0.6652
10/98 [==>...........................] - ETA: 10s - loss: 0.9443 - accuracy: 0.6665
11/98 [==>...........................] - ETA: 10s - loss: 0.9481 - accuracy: 0.6642
12/98 [==>...........................] - ETA: 10s - loss: 0.9443 - accuracy: 0.6662
13/98 [==>...........................] - ETA: 10s - loss: 0.9463 - accuracy: 0.6662
14/98 [===>..........................] - ETA: 9s - loss: 0.9486 - accuracy: 0.6640 
15/98 [===>..........................] - ETA: 9s - loss: 0.9492 - accuracy: 0.6623
16/98 [===>..........................] - ETA: 9s - loss: 0.9477 - accuracy: 0.6632
17/98 [====>.........................] - ETA: 8s - loss: 0.9484 - accuracy: 0.6629
18/98 [====>.........................] - ETA: 8s - loss: 0.9488 - accuracy: 0.6625
19/98 [====>.........................] - ETA: 8s - loss: 0.9462 - accuracy: 0.6635
20/98 [=====>........................] - ETA: 8s - loss: 0.9469 - accuracy: 0.6626
21/98 [=====>........................] - ETA: 7s - loss: 0.9442 - accuracy: 0.6641
22/98 [=====>........................] - ETA: 7s - loss: 0.9430 - accuracy: 0.6646
23/98 [======>.......................] - ETA: 7s - loss: 0.9411 - accuracy: 0.6661
24/98 [======>.......................] - ETA: 7s - loss: 0.9414 - accuracy: 0.6656
25/98 [======>.......................] - ETA: 7s - loss: 0.9435 - accuracy: 0.6649
26/98 [======>.......................] - ETA: 6s - loss: 0.9419 - accuracy: 0.6647
27/98 [=======>......................] - ETA: 6s - loss: 0.9413 - accuracy: 0.6650
28/98 [=======>......................] - ETA: 6s - loss: 0.9405 - accuracy: 0.6648
29/98 [=======>......................] - ETA: 6s - loss: 0.9398 - accuracy: 0.6652
31/98 [========>.....................] - ETA: 6s - loss: 0.9407 - accuracy: 0.6653
32/98 [========>.....................] - ETA: 5s - loss: 0.9383 - accuracy: 0.6665
33/98 [=========>....................] - ETA: 5s - loss: 0.9394 - accuracy: 0.6660
34/98 [=========>....................] - ETA: 5s - loss: 0.9386 - accuracy: 0.6672
35/98 [=========>....................] - ETA: 5s - loss: 0.9370 - accuracy: 0.6680
36/98 [==========>...................] - ETA: 5s - loss: 0.9389 - accuracy: 0.6673
37/98 [==========>...................] - ETA: 5s - loss: 0.9413 - accuracy: 0.6672
38/98 [==========>...................] - ETA: 5s - loss: 0.9399 - accuracy: 0.6679
39/98 [==========>...................] - ETA: 5s - loss: 0.9393 - accuracy: 0.6683
40/98 [===========>..................] - ETA: 4s - loss: 0.9401 - accuracy: 0.6679
41/98 [===========>..................] - ETA: 4s - loss: 0.9403 - accuracy: 0.6679
42/98 [===========>..................] - ETA: 4s - loss: 0.9404 - accuracy: 0.6682
43/98 [============>.................] - ETA: 4s - loss: 0.9436 - accuracy: 0.6669
44/98 [============>.................] - ETA: 4s - loss: 0.9464 - accuracy: 0.6656
45/98 [============>.................] - ETA: 4s - loss: 0.9460 - accuracy: 0.6658
46/98 [=============>................] - ETA: 4s - loss: 0.9475 - accuracy: 0.6655
48/98 [=============>................] - ETA: 4s - loss: 0.9475 - accuracy: 0.6650
50/98 [==============>...............] - ETA: 3s - loss: 0.9474 - accuracy: 0.6648
52/98 [==============>...............] - ETA: 3s - loss: 0.9469 - accuracy: 0.6645
