2024-06-26 03:01:29.315270: I tensorflow/core/platform/cpu_feature_guard.cc:193] This TensorFlow binary is optimized with oneAPI Deep Neural Network Library (oneDNN) to use the following CPU instructions in performance-critical operations:  AVX AVX2
To enable them in other operations, rebuild TensorFlow with the appropriate compiler flags.
2024-06-26 03:01:29.994268: I tensorflow/core/common_runtime/gpu/gpu_device.cc:1616] Created device /job:localhost/replica:0/task:0/device:GPU:0 with 6656 MB memory:  -> device: 0, name: NVIDIA GeForce RTX 4060 Ti, pci bus id: 0000:01:00.0, compute capability: 8.9
1 Physical GPUs, 1 Logical GPUs
Model: "sequential"
_________________________________________________________________
 Layer (type)                Output Shape              Param #   
=================================================================
 conv2d (Conv2D)             (None, 32, 32, 32)        896       
                                                                 
 max_pooling2d (MaxPooling2D  (None, 16, 16, 32)       0         
 )                                                               
                                                                 
 batch_normalization (BatchN  (None, 16, 16, 32)       128       
 ormalization)                                                   
                                                                 
 dropout (Dropout)           (None, 16, 16, 32)        0         
                                                                 
 flatten (Flatten)           (None, 8192)              0         
                                                                 
 dense (Dense)               (None, 16)                131088    
                                                                 
 dropout_1 (Dropout)         (None, 16)                0         
                                                                 
 dense_1 (Dense)             (None, 10)                170       
                                                                 
=================================================================
Total params: 132,282
Trainable params: 132,218
Non-trainable params: 64
_________________________________________________________________
Taxa de aprendizado:  0.001 Num de épocas:  114 Tamanho do lote:  512 Dropout:  0.36273
Epoch 1/114
2024-06-26 03:01:31.412855: I tensorflow/stream_executor/cuda/cuda_dnn.cc:384] Loaded cuDNN version 8100
2024-06-26 03:01:32.332561: W tensorflow/stream_executor/gpu/redzone_allocator.cc:314] INTERNAL: ptxas exited with non-zero error code -1, output: 
Relying on driver to perform ptx compilation. 
Modify $PATH to customize ptxas location.
This message will be only logged once.
2024-06-26 03:01:33.130387: I tensorflow/stream_executor/cuda/cuda_blas.cc:1614] TensorFloat-32 will be used for the matrix multiplication. This will only be logged once.

 1/98 [..............................] - ETA: 4:51 - loss: 2.6603 - accuracy: 0.0938
 7/98 [=>............................] - ETA: 0s - loss: 2.3510 - accuracy: 0.1953  
12/98 [==>...........................] - ETA: 0s - loss: 2.2685 - accuracy: 0.2254
18/98 [====>.........................] - ETA: 0s - loss: 2.2089 - accuracy: 0.2449
24/98 [======>.......................] - ETA: 0s - loss: 2.1614 - accuracy: 0.2578
30/98 [========>.....................] - ETA: 0s - loss: 2.1272 - accuracy: 0.2689
35/98 [=========>....................] - ETA: 0s - loss: 2.1052 - accuracy: 0.2747
41/98 [===========>..................] - ETA: 0s - loss: 2.0708 - accuracy: 0.2844
47/98 [=============>................] - ETA: 0s - loss: 2.0440 - accuracy: 0.2924
49/98 [==============>...............] - ETA: 0s - loss: 2.0397 - accuracy: 0.2941
55/98 [===============>..............] - ETA: 0s - loss: 2.0202 - accuracy: 0.2999
61/98 [=================>............] - ETA: 0s - loss: 1.9982 - accuracy: 0.3085
66/98 [===================>..........] - ETA: 0s - loss: 1.9837 - accuracy: 0.3127
73/98 [=====================>........] - ETA: 0s - loss: 1.9621 - accuracy: 0.3199
78/98 [======================>.......] - ETA: 0s - loss: 1.9492 - accuracy: 0.3253
82/98 [========================>.....] - ETA: 0s - loss: 1.9382 - accuracy: 0.3290
87/98 [=========================>....] - ETA: 0s - loss: 1.9272 - accuracy: 0.3322
93/98 [===========================>..] - ETA: 0s - loss: 1.9118 - accuracy: 0.3370
98/98 [==============================] - ETA: 0s - loss: 1.9024 - accuracy: 0.3398
98/98 [==============================] - 5s 19ms/step - loss: 1.9024 - accuracy: 0.3398 - val_loss: 1.9263 - val_accuracy: 0.4208
Epoch 2/114

 1/98 [..............................] - ETA: 2s - loss: 1.7259 - accuracy: 0.3691
 7/98 [=>............................] - ETA: 0s - loss: 1.6681 - accuracy: 0.4104
12/98 [==>...........................] - ETA: 0s - loss: 1.6678 - accuracy: 0.4137
18/98 [====>.........................] - ETA: 0s - loss: 1.6584 - accuracy: 0.4170
23/98 [======>.......................] - ETA: 0s - loss: 1.6512 - accuracy: 0.4220
29/98 [=======>......................] - ETA: 0s - loss: 1.6426 - accuracy: 0.4238
35/98 [=========>....................] - ETA: 0s - loss: 1.6345 - accuracy: 0.4266
40/98 [===========>..................] - ETA: 0s - loss: 1.6263 - accuracy: 0.4297
46/98 [=============>................] - ETA: 0s - loss: 1.6256 - accuracy: 0.4281
52/98 [==============>...............] - ETA: 0s - loss: 1.6185 - accuracy: 0.4310
57/98 [================>.............] - ETA: 0s - loss: 1.6150 - accuracy: 0.4325
63/98 [==================>...........] - ETA: 0s - loss: 1.6110 - accuracy: 0.4341
69/98 [====================>.........] - ETA: 0s - loss: 1.6083 - accuracy: 0.4341
74/98 [=====================>........] - ETA: 0s - loss: 1.6058 - accuracy: 0.4345
80/98 [=======================>......] - ETA: 0s - loss: 1.6027 - accuracy: 0.4356
86/98 [=========================>....] - ETA: 0s - loss: 1.5992 - accuracy: 0.4368
91/98 [==========================>...] - ETA: 0s - loss: 1.5957 - accuracy: 0.4372
97/98 [============================>.] - ETA: 0s - loss: 1.5917 - accuracy: 0.4381
98/98 [==============================] - 2s 16ms/step - loss: 1.5909 - accuracy: 0.4387 - val_loss: 1.7204 - val_accuracy: 0.4719
Epoch 3/114

 1/98 [..............................] - ETA: 1s - loss: 1.4853 - accuracy: 0.4844
 6/98 [>.............................] - ETA: 1s - loss: 1.4902 - accuracy: 0.4753
12/98 [==>...........................] - ETA: 0s - loss: 1.4871 - accuracy: 0.4811
18/98 [====>.........................] - ETA: 0s - loss: 1.4793 - accuracy: 0.4812
23/98 [======>.......................] - ETA: 0s - loss: 1.4712 - accuracy: 0.4835
29/98 [=======>......................] - ETA: 0s - loss: 1.4738 - accuracy: 0.4822
35/98 [=========>....................] - ETA: 0s - loss: 1.4741 - accuracy: 0.4812
40/98 [===========>..................] - ETA: 0s - loss: 1.4751 - accuracy: 0.4805
46/98 [=============>................] - ETA: 0s - loss: 1.4767 - accuracy: 0.4812
52/98 [==============>...............] - ETA: 0s - loss: 1.4725 - accuracy: 0.4841
58/98 [================>.............] - ETA: 0s - loss: 1.4731 - accuracy: 0.4832
64/98 [==================>...........] - ETA: 0s - loss: 1.4697 - accuracy: 0.4848
70/98 [====================>.........] - ETA: 0s - loss: 1.4671 - accuracy: 0.4853
76/98 [======================>.......] - ETA: 0s - loss: 1.4653 - accuracy: 0.4856
82/98 [========================>.....] - ETA: 0s - loss: 1.4641 - accuracy: 0.4860
87/98 [=========================>....] - ETA: 0s - loss: 1.4638 - accuracy: 0.4854
93/98 [===========================>..] - ETA: 0s - loss: 1.4626 - accuracy: 0.4853
98/98 [==============================] - 2s 15ms/step - loss: 1.4627 - accuracy: 0.4853 - val_loss: 1.5037 - val_accuracy: 0.5427
Epoch 4/114

 1/98 [..............................] - ETA: 1s - loss: 1.3791 - accuracy: 0.5078
 5/98 [>.............................] - ETA: 1s - loss: 1.4231 - accuracy: 0.5027
10/98 [==>...........................] - ETA: 1s - loss: 1.4138 - accuracy: 0.5076
15/98 [===>..........................] - ETA: 1s - loss: 1.4165 - accuracy: 0.5029
21/98 [=====>........................] - ETA: 0s - loss: 1.4101 - accuracy: 0.5021
27/98 [=======>......................] - ETA: 0s - loss: 1.3983 - accuracy: 0.5081
33/98 [=========>....................] - ETA: 0s - loss: 1.3946 - accuracy: 0.5102
39/98 [==========>...................] - ETA: 0s - loss: 1.3952 - accuracy: 0.5088
45/98 [============>.................] - ETA: 0s - loss: 1.3942 - accuracy: 0.5089
51/98 [==============>...............] - ETA: 0s - loss: 1.3952 - accuracy: 0.5089
57/98 [================>.............] - ETA: 0s - loss: 1.3927 - accuracy: 0.5103
62/98 [=================>............] - ETA: 0s - loss: 1.3917 - accuracy: 0.5103
66/98 [===================>..........] - ETA: 0s - loss: 1.3906 - accuracy: 0.5108
71/98 [====================>.........] - ETA: 0s - loss: 1.3909 - accuracy: 0.5106
77/98 [======================>.......] - ETA: 0s - loss: 1.3882 - accuracy: 0.5118
82/98 [========================>.....] - ETA: 0s - loss: 1.3883 - accuracy: 0.5121
87/98 [=========================>....] - ETA: 0s - loss: 1.3883 - accuracy: 0.5127
92/98 [===========================>..] - ETA: 0s - loss: 1.3876 - accuracy: 0.5128
97/98 [============================>.] - ETA: 0s - loss: 1.3863 - accuracy: 0.5133
98/98 [==============================] - 2s 17ms/step - loss: 1.3861 - accuracy: 0.5134 - val_loss: 1.3855 - val_accuracy: 0.5476
Epoch 5/114

 1/98 [..............................] - ETA: 1s - loss: 1.3613 - accuracy: 0.5391
 6/98 [>.............................] - ETA: 1s - loss: 1.3420 - accuracy: 0.5365
12/98 [==>...........................] - ETA: 0s - loss: 1.3353 - accuracy: 0.5391
18/98 [====>.........................] - ETA: 0s - loss: 1.3362 - accuracy: 0.5361
24/98 [======>.......................] - ETA: 0s - loss: 1.3269 - accuracy: 0.5409
30/98 [========>.....................] - ETA: 0s - loss: 1.3205 - accuracy: 0.5439
36/98 [==========>...................] - ETA: 0s - loss: 1.3198 - accuracy: 0.5442
41/98 [===========>..................] - ETA: 0s - loss: 1.3246 - accuracy: 0.5432
45/98 [============>.................] - ETA: 0s - loss: 1.3256 - accuracy: 0.5424
51/98 [==============>...............] - ETA: 0s - loss: 1.3256 - accuracy: 0.5421
56/98 [================>.............] - ETA: 0s - loss: 1.3286 - accuracy: 0.5398
60/98 [=================>............] - ETA: 0s - loss: 1.3263 - accuracy: 0.5406
65/98 [==================>...........] - ETA: 0s - loss: 1.3263 - accuracy: 0.5402
71/98 [====================>.........] - ETA: 0s - loss: 1.3283 - accuracy: 0.5396
76/98 [======================>.......] - ETA: 0s - loss: 1.3297 - accuracy: 0.5391
81/98 [=======================>......] - ETA: 0s - loss: 1.3304 - accuracy: 0.5386
87/98 [=========================>....] - ETA: 0s - loss: 1.3307 - accuracy: 0.5382
92/98 [===========================>..] - ETA: 0s - loss: 1.3315 - accuracy: 0.5379
97/98 [============================>.] - ETA: 0s - loss: 1.3322 - accuracy: 0.5374
98/98 [==============================] - 2s 18ms/step - loss: 1.3316 - accuracy: 0.5376 - val_loss: 1.2555 - val_accuracy: 0.5793
Epoch 6/114

 1/98 [..............................] - ETA: 3s - loss: 1.2472 - accuracy: 0.5723
 6/98 [>.............................] - ETA: 1s - loss: 1.2659 - accuracy: 0.5589
11/98 [==>...........................] - ETA: 1s - loss: 1.2796 - accuracy: 0.5506
17/98 [====>.........................] - ETA: 1s - loss: 1.2819 - accuracy: 0.5547
22/98 [=====>........................] - ETA: 0s - loss: 1.2842 - accuracy: 0.5530
26/98 [======>.......................] - ETA: 0s - loss: 1.2869 - accuracy: 0.5544
31/98 [========>.....................] - ETA: 0s - loss: 1.2943 - accuracy: 0.5514
36/98 [==========>...................] - ETA: 0s - loss: 1.2974 - accuracy: 0.5506
41/98 [===========>..................] - ETA: 0s - loss: 1.2932 - accuracy: 0.5508
45/98 [============>.................] - ETA: 0s - loss: 1.2886 - accuracy: 0.5522
48/98 [=============>................] - ETA: 0s - loss: 1.2914 - accuracy: 0.5506
53/98 [===============>..............] - ETA: 0s - loss: 1.2928 - accuracy: 0.5504
59/98 [=================>............] - ETA: 0s - loss: 1.2950 - accuracy: 0.5505
64/98 [==================>...........] - ETA: 0s - loss: 1.2951 - accuracy: 0.5509
70/98 [====================>.........] - ETA: 0s - loss: 1.2943 - accuracy: 0.5508
75/98 [=====================>........] - ETA: 0s - loss: 1.2938 - accuracy: 0.5512
80/98 [=======================>......] - ETA: 0s - loss: 1.2942 - accuracy: 0.5508
84/98 [========================>.....] - ETA: 0s - loss: 1.2922 - accuracy: 0.5509
89/98 [==========================>...] - ETA: 0s - loss: 1.2917 - accuracy: 0.5506
94/98 [===========================>..] - ETA: 0s - loss: 1.2941 - accuracy: 0.5501
98/98 [==============================] - 2s 19ms/step - loss: 1.2948 - accuracy: 0.5494 - val_loss: 1.2012 - val_accuracy: 0.5905
Epoch 7/114

 1/98 [..............................] - ETA: 4s - loss: 1.2640 - accuracy: 0.5820
 6/98 [>.............................] - ETA: 1s - loss: 1.2733 - accuracy: 0.5628
10/98 [==>...........................] - ETA: 1s - loss: 1.2694 - accuracy: 0.5633
14/98 [===>..........................] - ETA: 1s - loss: 1.2681 - accuracy: 0.5615
18/98 [====>.........................] - ETA: 1s - loss: 1.2651 - accuracy: 0.5648
22/98 [=====>........................] - ETA: 1s - loss: 1.2575 - accuracy: 0.5682
26/98 [======>.......................] - ETA: 1s - loss: 1.2590 - accuracy: 0.5685
30/98 [========>.....................] - ETA: 1s - loss: 1.2643 - accuracy: 0.5659
33/98 [=========>....................] - ETA: 1s - loss: 1.2614 - accuracy: 0.5667
38/98 [==========>...................] - ETA: 0s - loss: 1.2604 - accuracy: 0.5667
42/98 [===========>..................] - ETA: 0s - loss: 1.2600 - accuracy: 0.5671
46/98 [=============>................] - ETA: 0s - loss: 1.2602 - accuracy: 0.5666
51/98 [==============>...............] - ETA: 0s - loss: 1.2633 - accuracy: 0.5664
56/98 [================>.............] - ETA: 0s - loss: 1.2650 - accuracy: 0.5652
59/98 [=================>............] - ETA: 0s - loss: 1.2655 - accuracy: 0.5655
63/98 [==================>...........] - ETA: 0s - loss: 1.2664 - accuracy: 0.5644
68/98 [===================>..........] - ETA: 0s - loss: 1.2649 - accuracy: 0.5651
71/98 [====================>.........] - ETA: 0s - loss: 1.2639 - accuracy: 0.5652
75/98 [=====================>........] - ETA: 0s - loss: 1.2649 - accuracy: 0.5650
79/98 [=======================>......] - ETA: 0s - loss: 1.2651 - accuracy: 0.5647
83/98 [========================>.....] - ETA: 0s - loss: 1.2662 - accuracy: 0.5640
89/98 [==========================>...] - ETA: 0s - loss: 1.2676 - accuracy: 0.5629
94/98 [===========================>..] - ETA: 0s - loss: 1.2664 - accuracy: 0.5636
98/98 [==============================] - ETA: 0s - loss: 1.2685 - accuracy: 0.5627
98/98 [==============================] - 2s 21ms/step - loss: 1.2685 - accuracy: 0.5627 - val_loss: 1.1613 - val_accuracy: 0.6064
Epoch 8/114

 1/98 [..............................] - ETA: 3s - loss: 1.1789 - accuracy: 0.5645
 7/98 [=>............................] - ETA: 0s - loss: 1.2613 - accuracy: 0.5547
11/98 [==>...........................] - ETA: 1s - loss: 1.2488 - accuracy: 0.5607
15/98 [===>..........................] - ETA: 1s - loss: 1.2369 - accuracy: 0.5634
19/98 [====>.........................] - ETA: 1s - loss: 1.2256 - accuracy: 0.5688
22/98 [=====>........................] - ETA: 1s - loss: 1.2290 - accuracy: 0.5688
25/98 [======>.......................] - ETA: 1s - loss: 1.2259 - accuracy: 0.5695
30/98 [========>.....................] - ETA: 0s - loss: 1.2274 - accuracy: 0.5717
34/98 [=========>....................] - ETA: 0s - loss: 1.2288 - accuracy: 0.5714
38/98 [==========>...................] - ETA: 0s - loss: 1.2294 - accuracy: 0.5705
42/98 [===========>..................] - ETA: 0s - loss: 1.2253 - accuracy: 0.5722
46/98 [=============>................] - ETA: 0s - loss: 1.2248 - accuracy: 0.5721
50/98 [==============>...............] - ETA: 0s - loss: 1.2290 - accuracy: 0.5705
54/98 [===============>..............] - ETA: 0s - loss: 1.2316 - accuracy: 0.5700
58/98 [================>.............] - ETA: 0s - loss: 1.2338 - accuracy: 0.5686
62/98 [=================>............] - ETA: 0s - loss: 1.2370 - accuracy: 0.5669
66/98 [===================>..........] - ETA: 0s - loss: 1.2366 - accuracy: 0.5673
71/98 [====================>.........] - ETA: 0s - loss: 1.2371 - accuracy: 0.5672
75/98 [=====================>........] - ETA: 0s - loss: 1.2375 - accuracy: 0.5669
79/98 [=======================>......] - ETA: 0s - loss: 1.2390 - accuracy: 0.5667
83/98 [========================>.....] - ETA: 0s - loss: 1.2381 - accuracy: 0.5667
87/98 [=========================>....] - ETA: 0s - loss: 1.2392 - accuracy: 0.5665
91/98 [==========================>...] - ETA: 0s - loss: 1.2410 - accuracy: 0.5658
96/98 [============================>.] - ETA: 0s - loss: 1.2407 - accuracy: 0.5666
98/98 [==============================] - 2s 21ms/step - loss: 1.2408 - accuracy: 0.5668 - val_loss: 1.1573 - val_accuracy: 0.5993
Epoch 9/114

 1/98 [..............................] - ETA: 1s - loss: 1.2598 - accuracy: 0.5469
 4/98 [>.............................] - ETA: 1s - loss: 1.2015 - accuracy: 0.5762
 9/98 [=>............................] - ETA: 1s - loss: 1.1928 - accuracy: 0.5849
13/98 [==>...........................] - ETA: 1s - loss: 1.2081 - accuracy: 0.5855
17/98 [====>.........................] - ETA: 1s - loss: 1.2097 - accuracy: 0.5824
21/98 [=====>........................] - ETA: 1s - loss: 1.2138 - accuracy: 0.5805
25/98 [======>.......................] - ETA: 1s - loss: 1.2199 - accuracy: 0.5758
28/98 [=======>......................] - ETA: 1s - loss: 1.2224 - accuracy: 0.5755
32/98 [========>.....................] - ETA: 1s - loss: 1.2246 - accuracy: 0.5755
36/98 [==========>...................] - ETA: 0s - loss: 1.2292 - accuracy: 0.5746
40/98 [===========>..................] - ETA: 0s - loss: 1.2296 - accuracy: 0.5745
43/98 [============>.................] - ETA: 0s - loss: 1.2302 - accuracy: 0.5743
47/98 [=============>................] - ETA: 0s - loss: 1.2302 - accuracy: 0.5744
52/98 [==============>...............] - ETA: 0s - loss: 1.2286 - accuracy: 0.5746
56/98 [================>.............] - ETA: 0s - loss: 1.2276 - accuracy: 0.5761
60/98 [=================>............] - ETA: 0s - loss: 1.2277 - accuracy: 0.5762
64/98 [==================>...........] - ETA: 0s - loss: 1.2264 - accuracy: 0.5774
68/98 [===================>..........] - ETA: 0s - loss: 1.2289 - accuracy: 0.5759
72/98 [=====================>........] - ETA: 0s - loss: 1.2310 - accuracy: 0.5756
76/98 [======================>.......] - ETA: 0s - loss: 1.2310 - accuracy: 0.5752
80/98 [=======================>......] - ETA: 0s - loss: 1.2319 - accuracy: 0.5750
84/98 [========================>.....] - ETA: 0s - loss: 1.2315 - accuracy: 0.5749
90/98 [==========================>...] - ETA: 0s - loss: 1.2306 - accuracy: 0.5749
95/98 [============================>.] - ETA: 0s - loss: 1.2324 - accuracy: 0.5747
98/98 [==============================] - 2s 21ms/step - loss: 1.2329 - accuracy: 0.5747 - val_loss: 1.1701 - val_accuracy: 0.5948
Epoch 10/114

 1/98 [..............................] - ETA: 3s - loss: 1.2008 - accuracy: 0.6094
 5/98 [>.............................] - ETA: 1s - loss: 1.1846 - accuracy: 0.5965
 9/98 [=>............................] - ETA: 1s - loss: 1.2082 - accuracy: 0.5829
13/98 [==>...........................] - ETA: 1s - loss: 1.2072 - accuracy: 0.5819
17/98 [====>.........................] - ETA: 1s - loss: 1.2014 - accuracy: 0.5827
21/98 [=====>........................] - ETA: 1s - loss: 1.2064 - accuracy: 0.5819
25/98 [======>.......................] - ETA: 1s - loss: 1.2085 - accuracy: 0.5795
29/98 [=======>......................] - ETA: 1s - loss: 1.2053 - accuracy: 0.5824
33/98 [=========>....................] - ETA: 1s - loss: 1.2100 - accuracy: 0.5808
37/98 [==========>...................] - ETA: 0s - loss: 1.2074 - accuracy: 0.5817
41/98 [===========>..................] - ETA: 0s - loss: 1.2086 - accuracy: 0.5813
45/98 [============>.................] - ETA: 0s - loss: 1.2081 - accuracy: 0.5815
49/98 [==============>...............] - ETA: 0s - loss: 1.2051 - accuracy: 0.5835
52/98 [==============>...............] - ETA: 0s - loss: 1.2058 - accuracy: 0.5827
57/98 [================>.............] - ETA: 0s - loss: 1.2047 - accuracy: 0.5828
60/98 [=================>............] - ETA: 0s - loss: 1.2066 - accuracy: 0.5827
64/98 [==================>...........] - ETA: 0s - loss: 1.2106 - accuracy: 0.5808
69/98 [====================>.........] - ETA: 0s - loss: 1.2092 - accuracy: 0.5815
73/98 [=====================>........] - ETA: 0s - loss: 1.2100 - accuracy: 0.5810
77/98 [======================>.......] - ETA: 0s - loss: 1.2097 - accuracy: 0.5807
81/98 [=======================>......] - ETA: 0s - loss: 1.2098 - accuracy: 0.5799
87/98 [=========================>....] - ETA: 0s - loss: 1.2098 - accuracy: 0.5794
93/98 [===========================>..] - ETA: 0s - loss: 1.2125 - accuracy: 0.5783
97/98 [============================>.] - ETA: 0s - loss: 1.2123 - accuracy: 0.5784
98/98 [==============================] - 2s 21ms/step - loss: 1.2115 - accuracy: 0.5787 - val_loss: 1.1940 - val_accuracy: 0.5911
Epoch 11/114

 1/98 [..............................] - ETA: 1s - loss: 1.2119 - accuracy: 0.5879
 5/98 [>.............................] - ETA: 1s - loss: 1.2347 - accuracy: 0.5772
 9/98 [=>............................] - ETA: 1s - loss: 1.2282 - accuracy: 0.5801
13/98 [==>...........................] - ETA: 1s - loss: 1.2185 - accuracy: 0.5782
17/98 [====>.........................] - ETA: 1s - loss: 1.2115 - accuracy: 0.5814
21/98 [=====>........................] - ETA: 1s - loss: 1.2122 - accuracy: 0.5806
25/98 [======>.......................] - ETA: 1s - loss: 1.2013 - accuracy: 0.5846
30/98 [========>.....................] - ETA: 1s - loss: 1.2021 - accuracy: 0.5827
34/98 [=========>....................] - ETA: 0s - loss: 1.2019 - accuracy: 0.5837
38/98 [==========>...................] - ETA: 0s - loss: 1.1997 - accuracy: 0.5850
42/98 [===========>..................] - ETA: 0s - loss: 1.2001 - accuracy: 0.5840
46/98 [=============>................] - ETA: 0s - loss: 1.1999 - accuracy: 0.5845
50/98 [==============>...............] - ETA: 0s - loss: 1.2000 - accuracy: 0.5851
54/98 [===============>..............] - ETA: 0s - loss: 1.2003 - accuracy: 0.5845
58/98 [================>.............] - ETA: 0s - loss: 1.1966 - accuracy: 0.5857
62/98 [=================>............] - ETA: 0s - loss: 1.1968 - accuracy: 0.5861
66/98 [===================>..........] - ETA: 0s - loss: 1.1996 - accuracy: 0.5853
69/98 [====================>.........] - ETA: 0s - loss: 1.1983 - accuracy: 0.5857
74/98 [=====================>........] - ETA: 0s - loss: 1.1961 - accuracy: 0.5864
79/98 [=======================>......] - ETA: 0s - loss: 1.1966 - accuracy: 0.5865
83/98 [========================>.....] - ETA: 0s - loss: 1.1985 - accuracy: 0.5855
89/98 [==========================>...] - ETA: 0s - loss: 1.1990 - accuracy: 0.5851
95/98 [============================>.] - ETA: 0s - loss: 1.1980 - accuracy: 0.5852
98/98 [==============================] - 2s 21ms/step - loss: 1.2002 - accuracy: 0.5844 - val_loss: 1.1450 - val_accuracy: 0.6045
Epoch 12/114

 1/98 [..............................] - ETA: 1s - loss: 1.1946 - accuracy: 0.5781
 4/98 [>.............................] - ETA: 1s - loss: 1.2092 - accuracy: 0.5620
 9/98 [=>............................] - ETA: 1s - loss: 1.1714 - accuracy: 0.5892
13/98 [==>...........................] - ETA: 1s - loss: 1.1750 - accuracy: 0.5922
17/98 [====>.........................] - ETA: 1s - loss: 1.1770 - accuracy: 0.5913
22/98 [=====>........................] - ETA: 1s - loss: 1.1752 - accuracy: 0.5910
27/98 [=======>......................] - ETA: 1s - loss: 1.1703 - accuracy: 0.5935
30/98 [========>.....................] - ETA: 1s - loss: 1.1725 - accuracy: 0.5942
34/98 [=========>....................] - ETA: 1s - loss: 1.1735 - accuracy: 0.5959
38/98 [==========>...................] - ETA: 0s - loss: 1.1748 - accuracy: 0.5961
42/98 [===========>..................] - ETA: 0s - loss: 1.1796 - accuracy: 0.5944
46/98 [=============>................] - ETA: 0s - loss: 1.1854 - accuracy: 0.5919
50/98 [==============>...............] - ETA: 0s - loss: 1.1883 - accuracy: 0.5901
54/98 [===============>..............] - ETA: 0s - loss: 1.1879 - accuracy: 0.5902
59/98 [=================>............] - ETA: 0s - loss: 1.1851 - accuracy: 0.5915
63/98 [==================>...........] - ETA: 0s - loss: 1.1875 - accuracy: 0.5899
67/98 [===================>..........] - ETA: 0s - loss: 1.1878 - accuracy: 0.5894
73/98 [=====================>........] - ETA: 0s - loss: 1.1887 - accuracy: 0.5886
79/98 [=======================>......] - ETA: 0s - loss: 1.1883 - accuracy: 0.5889
85/98 [=========================>....] - ETA: 0s - loss: 1.1875 - accuracy: 0.5896
91/98 [==========================>...] - ETA: 0s - loss: 1.1860 - accuracy: 0.5901
96/98 [============================>.] - ETA: 0s - loss: 1.1864 - accuracy: 0.5900
98/98 [==============================] - 2s 21ms/step - loss: 1.1857 - accuracy: 0.5897 - val_loss: 1.1397 - val_accuracy: 0.6018
Epoch 13/114

 1/98 [..............................] - ETA: 2s - loss: 1.1136 - accuracy: 0.5957
 4/98 [>.............................] - ETA: 1s - loss: 1.1558 - accuracy: 0.5864
 8/98 [=>............................] - ETA: 1s - loss: 1.1605 - accuracy: 0.5945
12/98 [==>...........................] - ETA: 1s - loss: 1.1561 - accuracy: 0.5990
17/98 [====>.........................] - ETA: 1s - loss: 1.1534 - accuracy: 0.6008
21/98 [=====>........................] - ETA: 1s - loss: 1.1645 - accuracy: 0.5965
24/98 [======>.......................] - ETA: 1s - loss: 1.1658 - accuracy: 0.5964
28/98 [=======>......................] - ETA: 1s - loss: 1.1702 - accuracy: 0.5937
33/98 [=========>....................] - ETA: 1s - loss: 1.1668 - accuracy: 0.5956
37/98 [==========>...................] - ETA: 0s - loss: 1.1678 - accuracy: 0.5954
41/98 [===========>..................] - ETA: 0s - loss: 1.1702 - accuracy: 0.5944
45/98 [============>.................] - ETA: 0s - loss: 1.1679 - accuracy: 0.5961
49/98 [==============>...............] - ETA: 0s - loss: 1.1683 - accuracy: 0.5957
53/98 [===============>..............] - ETA: 0s - loss: 1.1705 - accuracy: 0.5953
57/98 [================>.............] - ETA: 0s - loss: 1.1704 - accuracy: 0.5953
61/98 [=================>............] - ETA: 0s - loss: 1.1716 - accuracy: 0.5949
67/98 [===================>..........] - ETA: 0s - loss: 1.1708 - accuracy: 0.5951
72/98 [=====================>........] - ETA: 0s - loss: 1.1711 - accuracy: 0.5954
78/98 [======================>.......] - ETA: 0s - loss: 1.1708 - accuracy: 0.5957
84/98 [========================>.....] - ETA: 0s - loss: 1.1725 - accuracy: 0.5945
90/98 [==========================>...] - ETA: 0s - loss: 1.1719 - accuracy: 0.5947
95/98 [============================>.] - ETA: 0s - loss: 1.1719 - accuracy: 0.5947
98/98 [==============================] - 2s 21ms/step - loss: 1.1717 - accuracy: 0.5950 - val_loss: 1.0749 - val_accuracy: 0.6293
Epoch 14/114

 1/98 [..............................] - ETA: 3s - loss: 1.1962 - accuracy: 0.5918
 5/98 [>.............................] - ETA: 1s - loss: 1.1636 - accuracy: 0.5992
 9/98 [=>............................] - ETA: 1s - loss: 1.1688 - accuracy: 0.5968
13/98 [==>...........................] - ETA: 1s - loss: 1.1757 - accuracy: 0.5922
17/98 [====>.........................] - ETA: 1s - loss: 1.1760 - accuracy: 0.5960
21/98 [=====>........................] - ETA: 1s - loss: 1.1728 - accuracy: 0.5984
25/98 [======>.......................] - ETA: 1s - loss: 1.1633 - accuracy: 0.6009
29/98 [=======>......................] - ETA: 1s - loss: 1.1569 - accuracy: 0.6018
33/98 [=========>....................] - ETA: 1s - loss: 1.1546 - accuracy: 0.6017
38/98 [==========>...................] - ETA: 0s - loss: 1.1560 - accuracy: 0.6003
43/98 [============>.................] - ETA: 0s - loss: 1.1566 - accuracy: 0.5991
47/98 [=============>................] - ETA: 0s - loss: 1.1569 - accuracy: 0.5993
53/98 [===============>..............] - ETA: 0s - loss: 1.1594 - accuracy: 0.5980
59/98 [=================>............] - ETA: 0s - loss: 1.1569 - accuracy: 0.5975
64/98 [==================>...........] - ETA: 0s - loss: 1.1561 - accuracy: 0.5984
70/98 [====================>.........] - ETA: 0s - loss: 1.1581 - accuracy: 0.5976
76/98 [======================>.......] - ETA: 0s - loss: 1.1608 - accuracy: 0.5964
82/98 [========================>.....] - ETA: 0s - loss: 1.1599 - accuracy: 0.5968
88/98 [=========================>....] - ETA: 0s - loss: 1.1614 - accuracy: 0.5962
94/98 [===========================>..] - ETA: 0s - loss: 1.1610 - accuracy: 0.5965
98/98 [==============================] - 2s 21ms/step - loss: 1.1629 - accuracy: 0.5957 - val_loss: 1.1372 - val_accuracy: 0.6070
Epoch 15/114

 1/98 [..............................] - ETA: 3s - loss: 1.0788 - accuracy: 0.6504
 6/98 [>.............................] - ETA: 1s - loss: 1.1395 - accuracy: 0.6006
 9/98 [=>............................] - ETA: 1s - loss: 1.1265 - accuracy: 0.6057
13/98 [==>...........................] - ETA: 1s - loss: 1.1272 - accuracy: 0.6023
18/98 [====>.........................] - ETA: 1s - loss: 1.1409 - accuracy: 0.6000
22/98 [=====>........................] - ETA: 1s - loss: 1.1431 - accuracy: 0.6001
25/98 [======>.......................] - ETA: 1s - loss: 1.1455 - accuracy: 0.5994
30/98 [========>.....................] - ETA: 1s - loss: 1.1435 - accuracy: 0.6001
34/98 [=========>....................] - ETA: 0s - loss: 1.1448 - accuracy: 0.6013
38/98 [==========>...................] - ETA: 0s - loss: 1.1464 - accuracy: 0.6016
44/98 [============>.................] - ETA: 0s - loss: 1.1474 - accuracy: 0.6013
50/98 [==============>...............] - ETA: 0s - loss: 1.1462 - accuracy: 0.6017
56/98 [================>.............] - ETA: 0s - loss: 1.1474 - accuracy: 0.6011
62/98 [=================>............] - ETA: 0s - loss: 1.1458 - accuracy: 0.6023
67/98 [===================>..........] - ETA: 0s - loss: 1.1441 - accuracy: 0.6034
73/98 [=====================>........] - ETA: 0s - loss: 1.1472 - accuracy: 0.6020
79/98 [=======================>......] - ETA: 0s - loss: 1.1506 - accuracy: 0.6004
85/98 [=========================>....] - ETA: 0s - loss: 1.1515 - accuracy: 0.5998
91/98 [==========================>...] - ETA: 0s - loss: 1.1530 - accuracy: 0.5990
97/98 [============================>.] - ETA: 0s - loss: 1.1525 - accuracy: 0.5992
98/98 [==============================] - 2s 21ms/step - loss: 1.1528 - accuracy: 0.5991 - val_loss: 1.0968 - val_accuracy: 0.6237
Epoch 16/114

 1/98 [..............................] - ETA: 3s - loss: 1.1757 - accuracy: 0.6172
 5/98 [>.............................] - ETA: 1s - loss: 1.1187 - accuracy: 0.6172
 9/98 [=>............................] - ETA: 1s - loss: 1.1226 - accuracy: 0.6118
12/98 [==>...........................] - ETA: 1s - loss: 1.1289 - accuracy: 0.6087
16/98 [===>..........................] - ETA: 1s - loss: 1.1340 - accuracy: 0.6085
20/98 [=====>........................] - ETA: 1s - loss: 1.1432 - accuracy: 0.6050
24/98 [======>.......................] - ETA: 1s - loss: 1.1450 - accuracy: 0.6031
29/98 [=======>......................] - ETA: 1s - loss: 1.1469 - accuracy: 0.6020
35/98 [=========>....................] - ETA: 0s - loss: 1.1413 - accuracy: 0.6035
40/98 [===========>..................] - ETA: 0s - loss: 1.1462 - accuracy: 0.6022
46/98 [=============>................] - ETA: 0s - loss: 1.1440 - accuracy: 0.6040
52/98 [==============>...............] - ETA: 0s - loss: 1.1424 - accuracy: 0.6045
57/98 [================>.............] - ETA: 0s - loss: 1.1420 - accuracy: 0.6054
62/98 [=================>............] - ETA: 0s - loss: 1.1426 - accuracy: 0.6055
68/98 [===================>..........] - ETA: 0s - loss: 1.1424 - accuracy: 0.6053
73/98 [=====================>........] - ETA: 0s - loss: 1.1442 - accuracy: 0.6047
79/98 [=======================>......] - ETA: 0s - loss: 1.1454 - accuracy: 0.6040
85/98 [=========================>....] - ETA: 0s - loss: 1.1458 - accuracy: 0.6043
90/98 [==========================>...] - ETA: 0s - loss: 1.1451 - accuracy: 0.6042
96/98 [============================>.] - ETA: 0s - loss: 1.1455 - accuracy: 0.6038
98/98 [==============================] - 2s 22ms/step - loss: 1.1470 - accuracy: 0.6030 - val_loss: 1.0818 - val_accuracy: 0.6213
Epoch 17/114

 1/98 [..............................] - ETA: 3s - loss: 1.1722 - accuracy: 0.5742
 6/98 [>.............................] - ETA: 1s - loss: 1.1404 - accuracy: 0.6061
12/98 [==>...........................] - ETA: 0s - loss: 1.1424 - accuracy: 0.6060
18/98 [====>.........................] - ETA: 0s - loss: 1.1394 - accuracy: 0.6082
23/98 [======>.......................] - ETA: 0s - loss: 1.1392 - accuracy: 0.6084
28/98 [=======>......................] - ETA: 0s - loss: 1.1285 - accuracy: 0.6131
33/98 [=========>....................] - ETA: 0s - loss: 1.1321 - accuracy: 0.6120
38/98 [==========>...................] - ETA: 0s - loss: 1.1331 - accuracy: 0.6128
43/98 [============>.................] - ETA: 0s - loss: 1.1291 - accuracy: 0.6126
48/98 [=============>................] - ETA: 0s - loss: 1.1292 - accuracy: 0.6123
54/98 [===============>..............] - ETA: 0s - loss: 1.1314 - accuracy: 0.6101
60/98 [=================>............] - ETA: 0s - loss: 1.1344 - accuracy: 0.6080
65/98 [==================>...........] - ETA: 0s - loss: 1.1357 - accuracy: 0.6079
71/98 [====================>.........] - ETA: 0s - loss: 1.1381 - accuracy: 0.6068
77/98 [======================>.......] - ETA: 0s - loss: 1.1409 - accuracy: 0.6055
82/98 [========================>.....] - ETA: 0s - loss: 1.1398 - accuracy: 0.6061
85/98 [=========================>....] - ETA: 0s - loss: 1.1402 - accuracy: 0.6055
90/98 [==========================>...] - ETA: 0s - loss: 1.1421 - accuracy: 0.6054
94/98 [===========================>..] - ETA: 0s - loss: 1.1426 - accuracy: 0.6050
98/98 [==============================] - ETA: 0s - loss: 1.1427 - accuracy: 0.6047
98/98 [==============================] - 2s 20ms/step - loss: 1.1427 - accuracy: 0.6047 - val_loss: 1.1608 - val_accuracy: 0.6014
Epoch 18/114

 1/98 [..............................] - ETA: 2s - loss: 1.0870 - accuracy: 0.6250
 7/98 [=>............................] - ETA: 0s - loss: 1.1046 - accuracy: 0.6136
11/98 [==>...........................] - ETA: 0s - loss: 1.1134 - accuracy: 0.6177
17/98 [====>.........................] - ETA: 0s - loss: 1.1133 - accuracy: 0.6173
23/98 [======>.......................] - ETA: 0s - loss: 1.1172 - accuracy: 0.6154
28/98 [=======>......................] - ETA: 0s - loss: 1.1177 - accuracy: 0.6129
33/98 [=========>....................] - ETA: 0s - loss: 1.1190 - accuracy: 0.6110
38/98 [==========>...................] - ETA: 0s - loss: 1.1197 - accuracy: 0.6114
43/98 [============>.................] - ETA: 0s - loss: 1.1247 - accuracy: 0.6097
49/98 [==============>...............] - ETA: 0s - loss: 1.1247 - accuracy: 0.6092
54/98 [===============>..............] - ETA: 0s - loss: 1.1290 - accuracy: 0.6082
59/98 [=================>............] - ETA: 0s - loss: 1.1288 - accuracy: 0.6083
63/98 [==================>...........] - ETA: 0s - loss: 1.1267 - accuracy: 0.6094
67/98 [===================>..........] - ETA: 0s - loss: 1.1285 - accuracy: 0.6091
71/98 [====================>.........] - ETA: 0s - loss: 1.1279 - accuracy: 0.6088
75/98 [=====================>........] - ETA: 0s - loss: 1.1269 - accuracy: 0.6096
78/98 [======================>.......] - ETA: 0s - loss: 1.1280 - accuracy: 0.6090
81/98 [=======================>......] - ETA: 0s - loss: 1.1272 - accuracy: 0.6097
85/98 [=========================>....] - ETA: 0s - loss: 1.1268 - accuracy: 0.6092
89/98 [==========================>...] - ETA: 0s - loss: 1.1286 - accuracy: 0.6087
94/98 [===========================>..] - ETA: 0s - loss: 1.1315 - accuracy: 0.6078
98/98 [==============================] - ETA: 0s - loss: 1.1319 - accuracy: 0.6082
98/98 [==============================] - 2s 21ms/step - loss: 1.1319 - accuracy: 0.6082 - val_loss: 1.0961 - val_accuracy: 0.6215
Epoch 18: early stopping

  1/313 [..............................] - ETA: 4s - loss: 0.7912 - accuracy: 0.6562
 36/313 [==>...........................] - ETA: 0s - loss: 1.0683 - accuracy: 0.6337
 74/313 [======>.......................] - ETA: 0s - loss: 1.0884 - accuracy: 0.6254
114/313 [=========>....................] - ETA: 0s - loss: 1.0976 - accuracy: 0.6223
135/313 [===========>..................] - ETA: 0s - loss: 1.0929 - accuracy: 0.6241
155/313 [=============>................] - ETA: 0s - loss: 1.0920 - accuracy: 0.6228
171/313 [===============>..............] - ETA: 0s - loss: 1.0954 - accuracy: 0.6219
190/313 [=================>............] - ETA: 0s - loss: 1.0984 - accuracy: 0.6214
211/313 [===================>..........] - ETA: 0s - loss: 1.0888 - accuracy: 0.6237
229/313 [====================>.........] - ETA: 0s - loss: 1.0933 - accuracy: 0.6209
248/313 [======================>.......] - ETA: 0s - loss: 1.0928 - accuracy: 0.6224
270/313 [========================>.....] - ETA: 0s - loss: 1.0941 - accuracy: 0.6226
286/313 [==========================>...] - ETA: 0s - loss: 1.0935 - accuracy: 0.6222
305/313 [============================>.] - ETA: 0s - loss: 1.0932 - accuracy: 0.6227
313/313 [==============================] - 1s 3ms/step - loss: 1.0961 - accuracy: 0.6215
