2024-06-26 03:06:24.650830: I tensorflow/core/platform/cpu_feature_guard.cc:193] This TensorFlow binary is optimized with oneAPI Deep Neural Network Library (oneDNN) to use the following CPU instructions in performance-critical operations:  AVX AVX2
To enable them in other operations, rebuild TensorFlow with the appropriate compiler flags.
2024-06-26 03:06:25.203708: I tensorflow/core/common_runtime/gpu/gpu_device.cc:1616] Created device /job:localhost/replica:0/task:0/device:GPU:0 with 6656 MB memory:  -> device: 0, name: NVIDIA GeForce RTX 4060 Ti, pci bus id: 0000:01:00.0, compute capability: 8.9
1 Physical GPUs, 1 Logical GPUs
Model: "sequential"
_________________________________________________________________
 Layer (type)                Output Shape              Param #   
=================================================================
 conv2d (Conv2D)             (None, 32, 32, 32)        896       
                                                                 
 max_pooling2d (MaxPooling2D  (None, 16, 16, 32)       0         
 )                                                               
                                                                 
 batch_normalization (BatchN  (None, 16, 16, 32)       128       
 ormalization)                                                   
                                                                 
 dropout (Dropout)           (None, 16, 16, 32)        0         
                                                                 
 flatten (Flatten)           (None, 8192)              0         
                                                                 
 dense (Dense)               (None, 16)                131088    
                                                                 
 dropout_1 (Dropout)         (None, 16)                0         
                                                                 
 dense_1 (Dense)             (None, 10)                170       
                                                                 
=================================================================
Total params: 132,282
Trainable params: 132,218
Non-trainable params: 64
_________________________________________________________________
Taxa de aprendizado:  0.001 Num de épocas:  114 Tamanho do lote:  512 Dropout:  0.36273
Epoch 1/114
2024-06-26 03:06:26.729807: I tensorflow/stream_executor/cuda/cuda_dnn.cc:384] Loaded cuDNN version 8100
2024-06-26 03:06:27.839889: W tensorflow/stream_executor/gpu/redzone_allocator.cc:314] INTERNAL: ptxas exited with non-zero error code -1, output: 
Relying on driver to perform ptx compilation. 
Modify $PATH to customize ptxas location.
This message will be only logged once.
2024-06-26 03:06:28.720869: I tensorflow/stream_executor/cuda/cuda_blas.cc:1614] TensorFloat-32 will be used for the matrix multiplication. This will only be logged once.

 1/98 [..............................] - ETA: 5:42 - loss: 2.6850 - accuracy: 0.1113
 5/98 [>.............................] - ETA: 1s - loss: 2.4487 - accuracy: 0.1707  
 8/98 [=>............................] - ETA: 1s - loss: 2.3675 - accuracy: 0.1936
12/98 [==>...........................] - ETA: 1s - loss: 2.2966 - accuracy: 0.2075
16/98 [===>..........................] - ETA: 1s - loss: 2.2614 - accuracy: 0.2175
20/98 [=====>........................] - ETA: 1s - loss: 2.2209 - accuracy: 0.2292
24/98 [======>.......................] - ETA: 1s - loss: 2.1920 - accuracy: 0.2393
27/98 [=======>......................] - ETA: 1s - loss: 2.1747 - accuracy: 0.2456
31/98 [========>.....................] - ETA: 1s - loss: 2.1537 - accuracy: 0.2537
35/98 [=========>....................] - ETA: 1s - loss: 2.1320 - accuracy: 0.2598
39/98 [==========>...................] - ETA: 0s - loss: 2.1148 - accuracy: 0.2647
43/98 [============>.................] - ETA: 0s - loss: 2.0930 - accuracy: 0.2706
47/98 [=============>................] - ETA: 0s - loss: 2.0773 - accuracy: 0.2761
50/98 [==============>...............] - ETA: 0s - loss: 2.0630 - accuracy: 0.2814
54/98 [===============>..............] - ETA: 0s - loss: 2.0462 - accuracy: 0.2872
58/98 [================>.............] - ETA: 0s - loss: 2.0329 - accuracy: 0.2902
61/98 [=================>............] - ETA: 0s - loss: 2.0239 - accuracy: 0.2926
65/98 [==================>...........] - ETA: 0s - loss: 2.0128 - accuracy: 0.2959
70/98 [====================>.........] - ETA: 0s - loss: 1.9985 - accuracy: 0.3006
75/98 [=====================>........] - ETA: 0s - loss: 1.9838 - accuracy: 0.3057
81/98 [=======================>......] - ETA: 0s - loss: 1.9686 - accuracy: 0.3112
84/98 [========================>.....] - ETA: 0s - loss: 1.9624 - accuracy: 0.3137
90/98 [==========================>...] - ETA: 0s - loss: 1.9471 - accuracy: 0.3191
96/98 [============================>.] - ETA: 0s - loss: 1.9341 - accuracy: 0.3234
98/98 [==============================] - 6s 27ms/step - loss: 1.9293 - accuracy: 0.3249 - val_loss: 1.9141 - val_accuracy: 0.3450
Epoch 2/114

 1/98 [..............................] - ETA: 3s - loss: 1.7464 - accuracy: 0.3770
 5/98 [>.............................] - ETA: 1s - loss: 1.7014 - accuracy: 0.4020
 9/98 [=>............................] - ETA: 1s - loss: 1.6750 - accuracy: 0.4071
14/98 [===>..........................] - ETA: 1s - loss: 1.6866 - accuracy: 0.4015
19/98 [====>.........................] - ETA: 1s - loss: 1.6830 - accuracy: 0.4019
25/98 [======>.......................] - ETA: 0s - loss: 1.6606 - accuracy: 0.4118
30/98 [========>.....................] - ETA: 0s - loss: 1.6540 - accuracy: 0.4164
36/98 [==========>...................] - ETA: 0s - loss: 1.6486 - accuracy: 0.4187
41/98 [===========>..................] - ETA: 0s - loss: 1.6451 - accuracy: 0.4193
46/98 [=============>................] - ETA: 0s - loss: 1.6383 - accuracy: 0.4230
52/98 [==============>...............] - ETA: 0s - loss: 1.6301 - accuracy: 0.4256
58/98 [================>.............] - ETA: 0s - loss: 1.6259 - accuracy: 0.4283
62/98 [=================>............] - ETA: 0s - loss: 1.6235 - accuracy: 0.4298
68/98 [===================>..........] - ETA: 0s - loss: 1.6196 - accuracy: 0.4312
73/98 [=====================>........] - ETA: 0s - loss: 1.6162 - accuracy: 0.4323
78/98 [======================>.......] - ETA: 0s - loss: 1.6118 - accuracy: 0.4339
84/98 [========================>.....] - ETA: 0s - loss: 1.6100 - accuracy: 0.4344
88/98 [=========================>....] - ETA: 0s - loss: 1.6097 - accuracy: 0.4345
92/98 [===========================>..] - ETA: 0s - loss: 1.6051 - accuracy: 0.4361
96/98 [============================>.] - ETA: 0s - loss: 1.6025 - accuracy: 0.4372
98/98 [==============================] - 2s 22ms/step - loss: 1.6005 - accuracy: 0.4377 - val_loss: 1.7922 - val_accuracy: 0.4006
Epoch 3/114

 1/98 [..............................] - ETA: 3s - loss: 1.5018 - accuracy: 0.4824
 6/98 [>.............................] - ETA: 1s - loss: 1.4949 - accuracy: 0.4805
11/98 [==>...........................] - ETA: 1s - loss: 1.4836 - accuracy: 0.4789
16/98 [===>..........................] - ETA: 1s - loss: 1.4874 - accuracy: 0.4785
22/98 [=====>........................] - ETA: 0s - loss: 1.4820 - accuracy: 0.4800
27/98 [=======>......................] - ETA: 0s - loss: 1.4845 - accuracy: 0.4785
33/98 [=========>....................] - ETA: 0s - loss: 1.4864 - accuracy: 0.4754
39/98 [==========>...................] - ETA: 0s - loss: 1.4752 - accuracy: 0.4794
45/98 [============>.................] - ETA: 0s - loss: 1.4717 - accuracy: 0.4820
51/98 [==============>...............] - ETA: 0s - loss: 1.4736 - accuracy: 0.4825
56/98 [================>.............] - ETA: 0s - loss: 1.4713 - accuracy: 0.4839
62/98 [=================>............] - ETA: 0s - loss: 1.4726 - accuracy: 0.4841
67/98 [===================>..........] - ETA: 0s - loss: 1.4703 - accuracy: 0.4850
71/98 [====================>.........] - ETA: 0s - loss: 1.4666 - accuracy: 0.4867
75/98 [=====================>........] - ETA: 0s - loss: 1.4627 - accuracy: 0.4876
78/98 [======================>.......] - ETA: 0s - loss: 1.4618 - accuracy: 0.4885
82/98 [========================>.....] - ETA: 0s - loss: 1.4615 - accuracy: 0.4887
86/98 [=========================>....] - ETA: 0s - loss: 1.4598 - accuracy: 0.4895
89/98 [==========================>...] - ETA: 0s - loss: 1.4582 - accuracy: 0.4900
93/98 [===========================>..] - ETA: 0s - loss: 1.4567 - accuracy: 0.4900
97/98 [============================>.] - ETA: 0s - loss: 1.4550 - accuracy: 0.4905
98/98 [==============================] - 2s 21ms/step - loss: 1.4536 - accuracy: 0.4910 - val_loss: 1.6056 - val_accuracy: 0.4418
Epoch 4/114

 1/98 [..............................] - ETA: 3s - loss: 1.3780 - accuracy: 0.5059
 6/98 [>.............................] - ETA: 0s - loss: 1.3703 - accuracy: 0.5182
11/98 [==>...........................] - ETA: 0s - loss: 1.3993 - accuracy: 0.5107
16/98 [===>..........................] - ETA: 0s - loss: 1.3954 - accuracy: 0.5150
22/98 [=====>........................] - ETA: 0s - loss: 1.3936 - accuracy: 0.5139
26/98 [======>.......................] - ETA: 0s - loss: 1.3880 - accuracy: 0.5160
31/98 [========>.....................] - ETA: 0s - loss: 1.3871 - accuracy: 0.5189
36/98 [==========>...................] - ETA: 0s - loss: 1.3870 - accuracy: 0.5192
42/98 [===========>..................] - ETA: 0s - loss: 1.3865 - accuracy: 0.5178
48/98 [=============>................] - ETA: 0s - loss: 1.3846 - accuracy: 0.5191
53/98 [===============>..............] - ETA: 0s - loss: 1.3834 - accuracy: 0.5186
56/98 [================>.............] - ETA: 0s - loss: 1.3822 - accuracy: 0.5183
60/98 [=================>............] - ETA: 0s - loss: 1.3783 - accuracy: 0.5194
64/98 [==================>...........] - ETA: 0s - loss: 1.3794 - accuracy: 0.5193
68/98 [===================>..........] - ETA: 0s - loss: 1.3788 - accuracy: 0.5192
72/98 [=====================>........] - ETA: 0s - loss: 1.3770 - accuracy: 0.5200
76/98 [======================>.......] - ETA: 0s - loss: 1.3766 - accuracy: 0.5205
80/98 [=======================>......] - ETA: 0s - loss: 1.3771 - accuracy: 0.5201
84/98 [========================>.....] - ETA: 0s - loss: 1.3754 - accuracy: 0.5208
88/98 [=========================>....] - ETA: 0s - loss: 1.3754 - accuracy: 0.5211
92/98 [===========================>..] - ETA: 0s - loss: 1.3760 - accuracy: 0.5213
96/98 [============================>.] - ETA: 0s - loss: 1.3745 - accuracy: 0.5208
98/98 [==============================] - 2s 21ms/step - loss: 1.3733 - accuracy: 0.5210 - val_loss: 1.4258 - val_accuracy: 0.4962
Epoch 5/114

 1/98 [..............................] - ETA: 3s - loss: 1.3137 - accuracy: 0.5488
 7/98 [=>............................] - ETA: 0s - loss: 1.3396 - accuracy: 0.5349
12/98 [==>...........................] - ETA: 0s - loss: 1.3364 - accuracy: 0.5343
18/98 [====>.........................] - ETA: 0s - loss: 1.3312 - accuracy: 0.5375
23/98 [======>.......................] - ETA: 0s - loss: 1.3321 - accuracy: 0.5397
29/98 [=======>......................] - ETA: 0s - loss: 1.3303 - accuracy: 0.5397
35/98 [=========>....................] - ETA: 0s - loss: 1.3265 - accuracy: 0.5395
41/98 [===========>..................] - ETA: 0s - loss: 1.3256 - accuracy: 0.5380
45/98 [============>.................] - ETA: 0s - loss: 1.3268 - accuracy: 0.5361
49/98 [==============>...............] - ETA: 0s - loss: 1.3291 - accuracy: 0.5359
52/98 [==============>...............] - ETA: 0s - loss: 1.3286 - accuracy: 0.5366
56/98 [================>.............] - ETA: 0s - loss: 1.3291 - accuracy: 0.5365
59/98 [=================>............] - ETA: 0s - loss: 1.3271 - accuracy: 0.5371
62/98 [=================>............] - ETA: 0s - loss: 1.3277 - accuracy: 0.5372
66/98 [===================>..........] - ETA: 0s - loss: 1.3256 - accuracy: 0.5379
70/98 [====================>.........] - ETA: 0s - loss: 1.3281 - accuracy: 0.5375
74/98 [=====================>........] - ETA: 0s - loss: 1.3278 - accuracy: 0.5381
78/98 [======================>.......] - ETA: 0s - loss: 1.3273 - accuracy: 0.5381
81/98 [=======================>......] - ETA: 0s - loss: 1.3248 - accuracy: 0.5388
84/98 [========================>.....] - ETA: 0s - loss: 1.3250 - accuracy: 0.5386
88/98 [=========================>....] - ETA: 0s - loss: 1.3252 - accuracy: 0.5385
92/98 [===========================>..] - ETA: 0s - loss: 1.3262 - accuracy: 0.5385
96/98 [============================>.] - ETA: 0s - loss: 1.3277 - accuracy: 0.5377
98/98 [==============================] - 2s 21ms/step - loss: 1.3278 - accuracy: 0.5377 - val_loss: 1.2842 - val_accuracy: 0.5645
Epoch 6/114

 1/98 [..............................] - ETA: 1s - loss: 1.2771 - accuracy: 0.5605
 5/98 [>.............................] - ETA: 1s - loss: 1.2592 - accuracy: 0.5664
11/98 [==>...........................] - ETA: 1s - loss: 1.2618 - accuracy: 0.5659
17/98 [====>.........................] - ETA: 0s - loss: 1.2629 - accuracy: 0.5641
21/98 [=====>........................] - ETA: 0s - loss: 1.2689 - accuracy: 0.5617
26/98 [======>.......................] - ETA: 0s - loss: 1.2748 - accuracy: 0.5577
31/98 [========>.....................] - ETA: 0s - loss: 1.2734 - accuracy: 0.5591
35/98 [=========>....................] - ETA: 0s - loss: 1.2737 - accuracy: 0.5587
38/98 [==========>...................] - ETA: 0s - loss: 1.2778 - accuracy: 0.5569
42/98 [===========>..................] - ETA: 0s - loss: 1.2776 - accuracy: 0.5563
46/98 [=============>................] - ETA: 0s - loss: 1.2778 - accuracy: 0.5561
49/98 [==============>...............] - ETA: 0s - loss: 1.2750 - accuracy: 0.5573
53/98 [===============>..............] - ETA: 0s - loss: 1.2790 - accuracy: 0.5563
57/98 [================>.............] - ETA: 0s - loss: 1.2806 - accuracy: 0.5558
61/98 [=================>............] - ETA: 0s - loss: 1.2785 - accuracy: 0.5562
65/98 [==================>...........] - ETA: 0s - loss: 1.2787 - accuracy: 0.5556
69/98 [====================>.........] - ETA: 0s - loss: 1.2823 - accuracy: 0.5537
73/98 [=====================>........] - ETA: 0s - loss: 1.2832 - accuracy: 0.5528
77/98 [======================>.......] - ETA: 0s - loss: 1.2827 - accuracy: 0.5522
80/98 [=======================>......] - ETA: 0s - loss: 1.2824 - accuracy: 0.5523
83/98 [========================>.....] - ETA: 0s - loss: 1.2830 - accuracy: 0.5521
87/98 [=========================>....] - ETA: 0s - loss: 1.2841 - accuracy: 0.5520
91/98 [==========================>...] - ETA: 0s - loss: 1.2830 - accuracy: 0.5526
94/98 [===========================>..] - ETA: 0s - loss: 1.2839 - accuracy: 0.5524
98/98 [==============================] - ETA: 0s - loss: 1.2834 - accuracy: 0.5525
98/98 [==============================] - 2s 22ms/step - loss: 1.2834 - accuracy: 0.5525 - val_loss: 1.2065 - val_accuracy: 0.5870
Epoch 7/114

 1/98 [..............................] - ETA: 4s - loss: 1.2540 - accuracy: 0.5781
 7/98 [=>............................] - ETA: 0s - loss: 1.2445 - accuracy: 0.5614
12/98 [==>...........................] - ETA: 0s - loss: 1.2386 - accuracy: 0.5684
16/98 [===>..........................] - ETA: 1s - loss: 1.2442 - accuracy: 0.5676
19/98 [====>.........................] - ETA: 1s - loss: 1.2480 - accuracy: 0.5659
23/98 [======>.......................] - ETA: 1s - loss: 1.2473 - accuracy: 0.5651
28/98 [=======>......................] - ETA: 1s - loss: 1.2487 - accuracy: 0.5655
32/98 [========>.....................] - ETA: 0s - loss: 1.2518 - accuracy: 0.5629
36/98 [==========>...................] - ETA: 0s - loss: 1.2516 - accuracy: 0.5630
40/98 [===========>..................] - ETA: 0s - loss: 1.2480 - accuracy: 0.5650
44/98 [============>.................] - ETA: 0s - loss: 1.2483 - accuracy: 0.5647
48/98 [=============>................] - ETA: 0s - loss: 1.2477 - accuracy: 0.5644
52/98 [==============>...............] - ETA: 0s - loss: 1.2511 - accuracy: 0.5644
56/98 [================>.............] - ETA: 0s - loss: 1.2533 - accuracy: 0.5635
60/98 [=================>............] - ETA: 0s - loss: 1.2566 - accuracy: 0.5628
64/98 [==================>...........] - ETA: 0s - loss: 1.2570 - accuracy: 0.5628
68/98 [===================>..........] - ETA: 0s - loss: 1.2569 - accuracy: 0.5631
72/98 [=====================>........] - ETA: 0s - loss: 1.2541 - accuracy: 0.5637
76/98 [======================>.......] - ETA: 0s - loss: 1.2563 - accuracy: 0.5624
80/98 [=======================>......] - ETA: 0s - loss: 1.2569 - accuracy: 0.5617
83/98 [========================>.....] - ETA: 0s - loss: 1.2576 - accuracy: 0.5616
87/98 [=========================>....] - ETA: 0s - loss: 1.2598 - accuracy: 0.5614
91/98 [==========================>...] - ETA: 0s - loss: 1.2593 - accuracy: 0.5614
95/98 [============================>.] - ETA: 0s - loss: 1.2592 - accuracy: 0.5620
98/98 [==============================] - 2s 22ms/step - loss: 1.2603 - accuracy: 0.5614 - val_loss: 1.1578 - val_accuracy: 0.5987
Epoch 8/114

 1/98 [..............................] - ETA: 3s - loss: 1.2315 - accuracy: 0.5527
 5/98 [>.............................] - ETA: 1s - loss: 1.2472 - accuracy: 0.5590
 9/98 [=>............................] - ETA: 1s - loss: 1.2659 - accuracy: 0.5584
13/98 [==>...........................] - ETA: 1s - loss: 1.2508 - accuracy: 0.5639
16/98 [===>..........................] - ETA: 1s - loss: 1.2385 - accuracy: 0.5686
20/98 [=====>........................] - ETA: 1s - loss: 1.2327 - accuracy: 0.5706
24/98 [======>.......................] - ETA: 1s - loss: 1.2305 - accuracy: 0.5701
27/98 [=======>......................] - ETA: 1s - loss: 1.2318 - accuracy: 0.5684
31/98 [========>.....................] - ETA: 1s - loss: 1.2322 - accuracy: 0.5676
35/98 [=========>....................] - ETA: 1s - loss: 1.2317 - accuracy: 0.5677
38/98 [==========>...................] - ETA: 1s - loss: 1.2337 - accuracy: 0.5674
41/98 [===========>..................] - ETA: 0s - loss: 1.2348 - accuracy: 0.5670
45/98 [============>.................] - ETA: 0s - loss: 1.2350 - accuracy: 0.5684
49/98 [==============>...............] - ETA: 0s - loss: 1.2335 - accuracy: 0.5704
52/98 [==============>...............] - ETA: 0s - loss: 1.2342 - accuracy: 0.5700
56/98 [================>.............] - ETA: 0s - loss: 1.2369 - accuracy: 0.5694
60/98 [=================>............] - ETA: 0s - loss: 1.2381 - accuracy: 0.5688
64/98 [==================>...........] - ETA: 0s - loss: 1.2382 - accuracy: 0.5690
67/98 [===================>..........] - ETA: 0s - loss: 1.2376 - accuracy: 0.5697
71/98 [====================>.........] - ETA: 0s - loss: 1.2370 - accuracy: 0.5710
75/98 [=====================>........] - ETA: 0s - loss: 1.2385 - accuracy: 0.5710
76/98 [======================>.......] - ETA: 0s - loss: 1.2381 - accuracy: 0.5711
80/98 [=======================>......] - ETA: 0s - loss: 1.2386 - accuracy: 0.5711
85/98 [=========================>....] - ETA: 0s - loss: 1.2374 - accuracy: 0.5711
90/98 [==========================>...] - ETA: 0s - loss: 1.2380 - accuracy: 0.5711
95/98 [============================>.] - ETA: 0s - loss: 1.2377 - accuracy: 0.5711
98/98 [==============================] - 2s 22ms/step - loss: 1.2369 - accuracy: 0.5710 - val_loss: 1.1863 - val_accuracy: 0.5926
Epoch 9/114

 1/98 [..............................] - ETA: 3s - loss: 1.1331 - accuracy: 0.6035
 5/98 [>.............................] - ETA: 1s - loss: 1.1514 - accuracy: 0.5918
 9/98 [=>............................] - ETA: 1s - loss: 1.1534 - accuracy: 0.5933
13/98 [==>...........................] - ETA: 1s - loss: 1.1712 - accuracy: 0.5894
17/98 [====>.........................] - ETA: 1s - loss: 1.1776 - accuracy: 0.5881
21/98 [=====>........................] - ETA: 1s - loss: 1.1886 - accuracy: 0.5875
25/98 [======>.......................] - ETA: 1s - loss: 1.1951 - accuracy: 0.5853
29/98 [=======>......................] - ETA: 1s - loss: 1.1952 - accuracy: 0.5838
33/98 [=========>....................] - ETA: 1s - loss: 1.1949 - accuracy: 0.5848
36/98 [==========>...................] - ETA: 1s - loss: 1.1972 - accuracy: 0.5857
39/98 [==========>...................] - ETA: 0s - loss: 1.1985 - accuracy: 0.5858
43/98 [============>.................] - ETA: 0s - loss: 1.2011 - accuracy: 0.5844
47/98 [=============>................] - ETA: 0s - loss: 1.1998 - accuracy: 0.5861
51/98 [==============>...............] - ETA: 0s - loss: 1.1984 - accuracy: 0.5857
56/98 [================>.............] - ETA: 0s - loss: 1.2024 - accuracy: 0.5840
60/98 [=================>............] - ETA: 0s - loss: 1.2055 - accuracy: 0.5826
64/98 [==================>...........] - ETA: 0s - loss: 1.2082 - accuracy: 0.5815
68/98 [===================>..........] - ETA: 0s - loss: 1.2110 - accuracy: 0.5798
73/98 [=====================>........] - ETA: 0s - loss: 1.2078 - accuracy: 0.5807
78/98 [======================>.......] - ETA: 0s - loss: 1.2100 - accuracy: 0.5799
84/98 [========================>.....] - ETA: 0s - loss: 1.2120 - accuracy: 0.5794
89/98 [==========================>...] - ETA: 0s - loss: 1.2108 - accuracy: 0.5800
94/98 [===========================>..] - ETA: 0s - loss: 1.2122 - accuracy: 0.5800
98/98 [==============================] - 2s 22ms/step - loss: 1.2129 - accuracy: 0.5795 - val_loss: 1.1424 - val_accuracy: 0.6083
Epoch 10/114

 1/98 [..............................] - ETA: 3s - loss: 1.1870 - accuracy: 0.5703
 4/98 [>.............................] - ETA: 1s - loss: 1.1691 - accuracy: 0.5986
 8/98 [=>............................] - ETA: 1s - loss: 1.1769 - accuracy: 0.5952
12/98 [==>...........................] - ETA: 1s - loss: 1.1785 - accuracy: 0.5962
16/98 [===>..........................] - ETA: 1s - loss: 1.1914 - accuracy: 0.5898
20/98 [=====>........................] - ETA: 1s - loss: 1.1955 - accuracy: 0.5879
24/98 [======>.......................] - ETA: 1s - loss: 1.2022 - accuracy: 0.5863
28/98 [=======>......................] - ETA: 1s - loss: 1.2032 - accuracy: 0.5841
32/98 [========>.....................] - ETA: 1s - loss: 1.2004 - accuracy: 0.5853
36/98 [==========>...................] - ETA: 1s - loss: 1.1983 - accuracy: 0.5859
40/98 [===========>..................] - ETA: 0s - loss: 1.1946 - accuracy: 0.5861
44/98 [============>.................] - ETA: 0s - loss: 1.1927 - accuracy: 0.5859
48/98 [=============>................] - ETA: 0s - loss: 1.1942 - accuracy: 0.5856
52/98 [==============>...............] - ETA: 0s - loss: 1.1943 - accuracy: 0.5854
56/98 [================>.............] - ETA: 0s - loss: 1.1936 - accuracy: 0.5861
61/98 [=================>............] - ETA: 0s - loss: 1.1957 - accuracy: 0.5851
66/98 [===================>..........] - ETA: 0s - loss: 1.1974 - accuracy: 0.5843
72/98 [=====================>........] - ETA: 0s - loss: 1.1985 - accuracy: 0.5846
78/98 [======================>.......] - ETA: 0s - loss: 1.1995 - accuracy: 0.5842
83/98 [========================>.....] - ETA: 0s - loss: 1.1984 - accuracy: 0.5849
88/98 [=========================>....] - ETA: 0s - loss: 1.1968 - accuracy: 0.5853
94/98 [===========================>..] - ETA: 0s - loss: 1.1980 - accuracy: 0.5850
98/98 [==============================] - 2s 22ms/step - loss: 1.1989 - accuracy: 0.5843 - val_loss: 1.1005 - val_accuracy: 0.6230
Epoch 11/114

 1/98 [..............................] - ETA: 2s - loss: 1.1725 - accuracy: 0.5781
 4/98 [>.............................] - ETA: 1s - loss: 1.1770 - accuracy: 0.5840
 8/98 [=>............................] - ETA: 1s - loss: 1.1762 - accuracy: 0.5930
12/98 [==>...........................] - ETA: 1s - loss: 1.1797 - accuracy: 0.5905
16/98 [===>..........................] - ETA: 1s - loss: 1.1752 - accuracy: 0.5931
20/98 [=====>........................] - ETA: 1s - loss: 1.1770 - accuracy: 0.5925
24/98 [======>.......................] - ETA: 1s - loss: 1.1773 - accuracy: 0.5923
28/98 [=======>......................] - ETA: 1s - loss: 1.1756 - accuracy: 0.5915
32/98 [========>.....................] - ETA: 1s - loss: 1.1748 - accuracy: 0.5906
36/98 [==========>...................] - ETA: 1s - loss: 1.1701 - accuracy: 0.5927
39/98 [==========>...................] - ETA: 0s - loss: 1.1732 - accuracy: 0.5920
43/98 [============>.................] - ETA: 0s - loss: 1.1772 - accuracy: 0.5908
47/98 [=============>................] - ETA: 0s - loss: 1.1771 - accuracy: 0.5917
52/98 [==============>...............] - ETA: 0s - loss: 1.1793 - accuracy: 0.5913
58/98 [================>.............] - ETA: 0s - loss: 1.1786 - accuracy: 0.5922
64/98 [==================>...........] - ETA: 0s - loss: 1.1777 - accuracy: 0.5925
69/98 [====================>.........] - ETA: 0s - loss: 1.1796 - accuracy: 0.5925
75/98 [=====================>........] - ETA: 0s - loss: 1.1800 - accuracy: 0.5917
81/98 [=======================>......] - ETA: 0s - loss: 1.1802 - accuracy: 0.5910
87/98 [=========================>....] - ETA: 0s - loss: 1.1807 - accuracy: 0.5912
93/98 [===========================>..] - ETA: 0s - loss: 1.1824 - accuracy: 0.5907
98/98 [==============================] - 2s 21ms/step - loss: 1.1831 - accuracy: 0.5903 - val_loss: 1.2909 - val_accuracy: 0.5500
Epoch 12/114

 1/98 [..............................] - ETA: 3s - loss: 1.1511 - accuracy: 0.5820
 5/98 [>.............................] - ETA: 1s - loss: 1.1282 - accuracy: 0.6090
 9/98 [=>............................] - ETA: 1s - loss: 1.1506 - accuracy: 0.5955
13/98 [==>...........................] - ETA: 1s - loss: 1.1561 - accuracy: 0.5959
17/98 [====>.........................] - ETA: 1s - loss: 1.1601 - accuracy: 0.5946
21/98 [=====>........................] - ETA: 1s - loss: 1.1562 - accuracy: 0.5977
25/98 [======>.......................] - ETA: 1s - loss: 1.1587 - accuracy: 0.5991
28/98 [=======>......................] - ETA: 1s - loss: 1.1624 - accuracy: 0.5974
32/98 [========>.....................] - ETA: 1s - loss: 1.1644 - accuracy: 0.5968
36/98 [==========>...................] - ETA: 1s - loss: 1.1633 - accuracy: 0.5978
40/98 [===========>..................] - ETA: 0s - loss: 1.1640 - accuracy: 0.5974
46/98 [=============>................] - ETA: 0s - loss: 1.1673 - accuracy: 0.5970
51/98 [==============>...............] - ETA: 0s - loss: 1.1713 - accuracy: 0.5955
57/98 [================>.............] - ETA: 0s - loss: 1.1731 - accuracy: 0.5952
63/98 [==================>...........] - ETA: 0s - loss: 1.1734 - accuracy: 0.5955
69/98 [====================>.........] - ETA: 0s - loss: 1.1729 - accuracy: 0.5951
75/98 [=====================>........] - ETA: 0s - loss: 1.1741 - accuracy: 0.5945
80/98 [=======================>......] - ETA: 0s - loss: 1.1758 - accuracy: 0.5936
85/98 [=========================>....] - ETA: 0s - loss: 1.1772 - accuracy: 0.5930
91/98 [==========================>...] - ETA: 0s - loss: 1.1786 - accuracy: 0.5926
97/98 [============================>.] - ETA: 0s - loss: 1.1795 - accuracy: 0.5919
98/98 [==============================] - 2s 21ms/step - loss: 1.1795 - accuracy: 0.5919 - val_loss: 1.3387 - val_accuracy: 0.5273
Epoch 13/114

 1/98 [..............................] - ETA: 4s - loss: 1.1110 - accuracy: 0.6152
 6/98 [>.............................] - ETA: 1s - loss: 1.1365 - accuracy: 0.5950
10/98 [==>...........................] - ETA: 1s - loss: 1.1497 - accuracy: 0.5953
14/98 [===>..........................] - ETA: 1s - loss: 1.1540 - accuracy: 0.5971
18/98 [====>.........................] - ETA: 1s - loss: 1.1474 - accuracy: 0.5985
22/98 [=====>........................] - ETA: 1s - loss: 1.1487 - accuracy: 0.6001
26/98 [======>.......................] - ETA: 1s - loss: 1.1472 - accuracy: 0.6012
30/98 [========>.....................] - ETA: 1s - loss: 1.1431 - accuracy: 0.6037
34/98 [=========>....................] - ETA: 1s - loss: 1.1451 - accuracy: 0.6032
39/98 [==========>...................] - ETA: 0s - loss: 1.1485 - accuracy: 0.6030
44/98 [============>.................] - ETA: 0s - loss: 1.1510 - accuracy: 0.6019
50/98 [==============>...............] - ETA: 0s - loss: 1.1491 - accuracy: 0.6027
56/98 [================>.............] - ETA: 0s - loss: 1.1519 - accuracy: 0.6018
61/98 [=================>............] - ETA: 0s - loss: 1.1494 - accuracy: 0.6032
67/98 [===================>..........] - ETA: 0s - loss: 1.1516 - accuracy: 0.6019
72/98 [=====================>........] - ETA: 0s - loss: 1.1505 - accuracy: 0.6016
78/98 [======================>.......] - ETA: 0s - loss: 1.1529 - accuracy: 0.6007
83/98 [========================>.....] - ETA: 0s - loss: 1.1538 - accuracy: 0.6000
89/98 [==========================>...] - ETA: 0s - loss: 1.1553 - accuracy: 0.5996
94/98 [===========================>..] - ETA: 0s - loss: 1.1569 - accuracy: 0.5991
98/98 [==============================] - 2s 22ms/step - loss: 1.1578 - accuracy: 0.5984 - val_loss: 1.1697 - val_accuracy: 0.5902
Epoch 14/114

 1/98 [..............................] - ETA: 2s - loss: 1.1361 - accuracy: 0.5996
 5/98 [>.............................] - ETA: 1s - loss: 1.1359 - accuracy: 0.6012
 9/98 [=>............................] - ETA: 1s - loss: 1.1324 - accuracy: 0.6048
13/98 [==>...........................] - ETA: 1s - loss: 1.1421 - accuracy: 0.6025
17/98 [====>.........................] - ETA: 1s - loss: 1.1395 - accuracy: 0.6037
23/98 [======>.......................] - ETA: 1s - loss: 1.1472 - accuracy: 0.6042
29/98 [=======>......................] - ETA: 0s - loss: 1.1424 - accuracy: 0.6055
34/98 [=========>....................] - ETA: 0s - loss: 1.1408 - accuracy: 0.6045
40/98 [===========>..................] - ETA: 0s - loss: 1.1388 - accuracy: 0.6055
46/98 [=============>................] - ETA: 0s - loss: 1.1399 - accuracy: 0.6052
52/98 [==============>...............] - ETA: 0s - loss: 1.1407 - accuracy: 0.6046
58/98 [================>.............] - ETA: 0s - loss: 1.1405 - accuracy: 0.6047
63/98 [==================>...........] - ETA: 0s - loss: 1.1437 - accuracy: 0.6030
69/98 [====================>.........] - ETA: 0s - loss: 1.1449 - accuracy: 0.6024
75/98 [=====================>........] - ETA: 0s - loss: 1.1459 - accuracy: 0.6020
80/98 [=======================>......] - ETA: 0s - loss: 1.1460 - accuracy: 0.6017
86/98 [=========================>....] - ETA: 0s - loss: 1.1457 - accuracy: 0.6022
91/98 [==========================>...] - ETA: 0s - loss: 1.1450 - accuracy: 0.6025
96/98 [============================>.] - ETA: 0s - loss: 1.1470 - accuracy: 0.6016
98/98 [==============================] - 2s 21ms/step - loss: 1.1466 - accuracy: 0.6020 - val_loss: 1.3073 - val_accuracy: 0.5505
Epoch 15/114

 1/98 [..............................] - ETA: 1s - loss: 1.1349 - accuracy: 0.6055
 6/98 [>.............................] - ETA: 1s - loss: 1.1193 - accuracy: 0.6279
11/98 [==>...........................] - ETA: 1s - loss: 1.1195 - accuracy: 0.6232
17/98 [====>.........................] - ETA: 0s - loss: 1.1211 - accuracy: 0.6206
23/98 [======>.......................] - ETA: 0s - loss: 1.1187 - accuracy: 0.6166
28/98 [=======>......................] - ETA: 0s - loss: 1.1179 - accuracy: 0.6182
34/98 [=========>....................] - ETA: 0s - loss: 1.1220 - accuracy: 0.6165
40/98 [===========>..................] - ETA: 0s - loss: 1.1278 - accuracy: 0.6158
46/98 [=============>................] - ETA: 0s - loss: 1.1313 - accuracy: 0.6142
51/98 [==============>...............] - ETA: 0s - loss: 1.1338 - accuracy: 0.6140
57/98 [================>.............] - ETA: 0s - loss: 1.1389 - accuracy: 0.6110
63/98 [==================>...........] - ETA: 0s - loss: 1.1399 - accuracy: 0.6105
68/98 [===================>..........] - ETA: 0s - loss: 1.1415 - accuracy: 0.6099
73/98 [=====================>........] - ETA: 0s - loss: 1.1432 - accuracy: 0.6087
79/98 [=======================>......] - ETA: 0s - loss: 1.1461 - accuracy: 0.6071
83/98 [========================>.....] - ETA: 0s - loss: 1.1463 - accuracy: 0.6067
87/98 [=========================>....] - ETA: 0s - loss: 1.1463 - accuracy: 0.6067
91/98 [==========================>...] - ETA: 0s - loss: 1.1451 - accuracy: 0.6069
95/98 [============================>.] - ETA: 0s - loss: 1.1459 - accuracy: 0.6066
98/98 [==============================] - 2s 21ms/step - loss: 1.1460 - accuracy: 0.6065 - val_loss: 1.0977 - val_accuracy: 0.6244
Epoch 16/114

 1/98 [..............................] - ETA: 3s - loss: 1.0721 - accuracy: 0.6094
 6/98 [>.............................] - ETA: 1s - loss: 1.1580 - accuracy: 0.5951
12/98 [==>...........................] - ETA: 0s - loss: 1.1320 - accuracy: 0.6084
17/98 [====>.........................] - ETA: 0s - loss: 1.1321 - accuracy: 0.6092
22/98 [=====>........................] - ETA: 0s - loss: 1.1276 - accuracy: 0.6070
28/98 [=======>......................] - ETA: 0s - loss: 1.1156 - accuracy: 0.6099
34/98 [=========>....................] - ETA: 0s - loss: 1.1194 - accuracy: 0.6108
39/98 [==========>...................] - ETA: 0s - loss: 1.1242 - accuracy: 0.6088
45/98 [============>.................] - ETA: 0s - loss: 1.1268 - accuracy: 0.6104
50/98 [==============>...............] - ETA: 0s - loss: 1.1280 - accuracy: 0.6090
56/98 [================>.............] - ETA: 0s - loss: 1.1271 - accuracy: 0.6089
62/98 [=================>............] - ETA: 0s - loss: 1.1278 - accuracy: 0.6084
67/98 [===================>..........] - ETA: 0s - loss: 1.1284 - accuracy: 0.6081
72/98 [=====================>........] - ETA: 0s - loss: 1.1284 - accuracy: 0.6078
76/98 [======================>.......] - ETA: 0s - loss: 1.1308 - accuracy: 0.6073
80/98 [=======================>......] - ETA: 0s - loss: 1.1315 - accuracy: 0.6077
84/98 [========================>.....] - ETA: 0s - loss: 1.1324 - accuracy: 0.6078
88/98 [=========================>....] - ETA: 0s - loss: 1.1345 - accuracy: 0.6069
92/98 [===========================>..] - ETA: 0s - loss: 1.1333 - accuracy: 0.6074
96/98 [============================>.] - ETA: 0s - loss: 1.1333 - accuracy: 0.6077
98/98 [==============================] - 2s 21ms/step - loss: 1.1335 - accuracy: 0.6073 - val_loss: 1.0976 - val_accuracy: 0.6212
Epoch 17/114

 1/98 [..............................] - ETA: 1s - loss: 1.0258 - accuracy: 0.6484
 6/98 [>.............................] - ETA: 1s - loss: 1.0966 - accuracy: 0.6191
12/98 [==>...........................] - ETA: 0s - loss: 1.1221 - accuracy: 0.6108
18/98 [====>.........................] - ETA: 0s - loss: 1.1291 - accuracy: 0.6110
24/98 [======>.......................] - ETA: 0s - loss: 1.1259 - accuracy: 0.6143
29/98 [=======>......................] - ETA: 0s - loss: 1.1307 - accuracy: 0.6127
35/98 [=========>....................] - ETA: 0s - loss: 1.1248 - accuracy: 0.6141
41/98 [===========>..................] - ETA: 0s - loss: 1.1257 - accuracy: 0.6122
47/98 [=============>................] - ETA: 0s - loss: 1.1248 - accuracy: 0.6125
52/98 [==============>...............] - ETA: 0s - loss: 1.1231 - accuracy: 0.6125
58/98 [================>.............] - ETA: 0s - loss: 1.1220 - accuracy: 0.6131
63/98 [==================>...........] - ETA: 0s - loss: 1.1222 - accuracy: 0.6132
67/98 [===================>..........] - ETA: 0s - loss: 1.1226 - accuracy: 0.6124
71/98 [====================>.........] - ETA: 0s - loss: 1.1234 - accuracy: 0.6115
74/98 [=====================>........] - ETA: 0s - loss: 1.1248 - accuracy: 0.6109
79/98 [=======================>......] - ETA: 0s - loss: 1.1223 - accuracy: 0.6113
82/98 [========================>.....] - ETA: 0s - loss: 1.1204 - accuracy: 0.6116
86/98 [=========================>....] - ETA: 0s - loss: 1.1224 - accuracy: 0.6115
90/98 [==========================>...] - ETA: 0s - loss: 1.1229 - accuracy: 0.6113
94/98 [===========================>..] - ETA: 0s - loss: 1.1229 - accuracy: 0.6113
98/98 [==============================] - ETA: 0s - loss: 1.1240 - accuracy: 0.6108
98/98 [==============================] - 2s 21ms/step - loss: 1.1240 - accuracy: 0.6108 - val_loss: 1.3102 - val_accuracy: 0.5527
Epoch 18/114

 1/98 [..............................] - ETA: 1s - loss: 1.1513 - accuracy: 0.5938
 6/98 [>.............................] - ETA: 1s - loss: 1.0845 - accuracy: 0.6263
12/98 [==>...........................] - ETA: 0s - loss: 1.1008 - accuracy: 0.6198
16/98 [===>..........................] - ETA: 1s - loss: 1.1041 - accuracy: 0.6206
22/98 [=====>........................] - ETA: 0s - loss: 1.0974 - accuracy: 0.6213
27/98 [=======>......................] - ETA: 0s - loss: 1.0990 - accuracy: 0.6221
32/98 [========>.....................] - ETA: 0s - loss: 1.1044 - accuracy: 0.6196
38/98 [==========>...................] - ETA: 0s - loss: 1.1073 - accuracy: 0.6176
44/98 [============>.................] - ETA: 0s - loss: 1.1051 - accuracy: 0.6191
48/98 [=============>................] - ETA: 0s - loss: 1.1055 - accuracy: 0.6186
52/98 [==============>...............] - ETA: 0s - loss: 1.1070 - accuracy: 0.6181
56/98 [================>.............] - ETA: 0s - loss: 1.1094 - accuracy: 0.6167
60/98 [=================>............] - ETA: 0s - loss: 1.1111 - accuracy: 0.6169
64/98 [==================>...........] - ETA: 0s - loss: 1.1117 - accuracy: 0.6176
68/98 [===================>..........] - ETA: 0s - loss: 1.1115 - accuracy: 0.6172
72/98 [=====================>........] - ETA: 0s - loss: 1.1105 - accuracy: 0.6175
76/98 [======================>.......] - ETA: 0s - loss: 1.1099 - accuracy: 0.6182
80/98 [=======================>......] - ETA: 0s - loss: 1.1105 - accuracy: 0.6179
84/98 [========================>.....] - ETA: 0s - loss: 1.1093 - accuracy: 0.6184
88/98 [=========================>....] - ETA: 0s - loss: 1.1099 - accuracy: 0.6182
91/98 [==========================>...] - ETA: 0s - loss: 1.1107 - accuracy: 0.6177
95/98 [============================>.] - ETA: 0s - loss: 1.1115 - accuracy: 0.6167
98/98 [==============================] - 2s 21ms/step - loss: 1.1118 - accuracy: 0.6163 - val_loss: 1.1149 - val_accuracy: 0.6277
Epoch 19/114

 1/98 [..............................] - ETA: 4s - loss: 1.0720 - accuracy: 0.6328
 7/98 [=>............................] - ETA: 0s - loss: 1.1229 - accuracy: 0.6116
13/98 [==>...........................] - ETA: 0s - loss: 1.1097 - accuracy: 0.6151
19/98 [====>.........................] - ETA: 0s - loss: 1.1042 - accuracy: 0.6200
25/98 [======>.......................] - ETA: 0s - loss: 1.0946 - accuracy: 0.6257
30/98 [========>.....................] - ETA: 0s - loss: 1.0888 - accuracy: 0.6258
34/98 [=========>....................] - ETA: 0s - loss: 1.0969 - accuracy: 0.6233
37/98 [==========>...................] - ETA: 0s - loss: 1.0962 - accuracy: 0.6235
41/98 [===========>..................] - ETA: 0s - loss: 1.0940 - accuracy: 0.6234
45/98 [============>.................] - ETA: 0s - loss: 1.0997 - accuracy: 0.6208
49/98 [==============>...............] - ETA: 0s - loss: 1.0988 - accuracy: 0.6205
53/98 [===============>..............] - ETA: 0s - loss: 1.1000 - accuracy: 0.6193
57/98 [================>.............] - ETA: 0s - loss: 1.1033 - accuracy: 0.6184
60/98 [=================>............] - ETA: 0s - loss: 1.1026 - accuracy: 0.6189
64/98 [==================>...........] - ETA: 0s - loss: 1.1039 - accuracy: 0.6178
68/98 [===================>..........] - ETA: 0s - loss: 1.1044 - accuracy: 0.6181
72/98 [=====================>........] - ETA: 0s - loss: 1.1045 - accuracy: 0.6177
76/98 [======================>.......] - ETA: 0s - loss: 1.1059 - accuracy: 0.6170
80/98 [=======================>......] - ETA: 0s - loss: 1.1060 - accuracy: 0.6171
84/98 [========================>.....] - ETA: 0s - loss: 1.1061 - accuracy: 0.6179
88/98 [=========================>....] - ETA: 0s - loss: 1.1077 - accuracy: 0.6181
92/98 [===========================>..] - ETA: 0s - loss: 1.1063 - accuracy: 0.6188
