2024-06-26 02:23:46.401077: I tensorflow/core/platform/cpu_feature_guard.cc:193] This TensorFlow binary is optimized with oneAPI Deep Neural Network Library (oneDNN) to use the following CPU instructions in performance-critical operations:  AVX AVX2
To enable them in other operations, rebuild TensorFlow with the appropriate compiler flags.
2024-06-26 02:23:47.059153: I tensorflow/core/common_runtime/gpu/gpu_device.cc:1616] Created device /job:localhost/replica:0/task:0/device:GPU:0 with 6656 MB memory:  -> device: 0, name: NVIDIA GeForce RTX 4060 Ti, pci bus id: 0000:01:00.0, compute capability: 8.9
1 Physical GPUs, 1 Logical GPUs
Model: "sequential"
_________________________________________________________________
 Layer (type)                Output Shape              Param #   
=================================================================
 conv2d (Conv2D)             (None, 32, 32, 32)        896       
                                                                 
 max_pooling2d (MaxPooling2D  (None, 16, 16, 32)       0         
 )                                                               
                                                                 
 batch_normalization (BatchN  (None, 16, 16, 32)       128       
 ormalization)                                                   
                                                                 
 dropout (Dropout)           (None, 16, 16, 32)        0         
                                                                 
 flatten (Flatten)           (None, 8192)              0         
                                                                 
 dense (Dense)               (None, 16)                131088    
                                                                 
 dropout_1 (Dropout)         (None, 16)                0         
                                                                 
 dense_1 (Dense)             (None, 10)                170       
                                                                 
=================================================================
Total params: 132,282
Trainable params: 132,218
Non-trainable params: 64
_________________________________________________________________
Taxa de aprendizado:  0.001 Num de épocas:  114 Tamanho do lote:  512 Dropout:  0.36273
Epoch 1/114
2024-06-26 02:23:48.513677: I tensorflow/stream_executor/cuda/cuda_dnn.cc:384] Loaded cuDNN version 8100
2024-06-26 02:23:49.683184: W tensorflow/stream_executor/gpu/redzone_allocator.cc:314] INTERNAL: ptxas exited with non-zero error code -1, output: 
Relying on driver to perform ptx compilation. 
Modify $PATH to customize ptxas location.
This message will be only logged once.
2024-06-26 02:23:50.689046: I tensorflow/stream_executor/cuda/cuda_blas.cc:1614] TensorFloat-32 will be used for the matrix multiplication. This will only be logged once.

 1/98 [..............................] - ETA: 5:51 - loss: 2.6816 - accuracy: 0.1074
 5/98 [>.............................] - ETA: 1s - loss: 2.4107 - accuracy: 0.1582  
 8/98 [=>............................] - ETA: 1s - loss: 2.3110 - accuracy: 0.1863
14/98 [===>..........................] - ETA: 1s - loss: 2.2320 - accuracy: 0.2167
18/98 [====>.........................] - ETA: 1s - loss: 2.1909 - accuracy: 0.2300
23/98 [======>.......................] - ETA: 1s - loss: 2.1456 - accuracy: 0.2435
29/98 [=======>......................] - ETA: 0s - loss: 2.0959 - accuracy: 0.2588
35/98 [=========>....................] - ETA: 0s - loss: 2.0689 - accuracy: 0.2691
40/98 [===========>..................] - ETA: 0s - loss: 2.0486 - accuracy: 0.2764
45/98 [============>.................] - ETA: 0s - loss: 2.0314 - accuracy: 0.2823
50/98 [==============>...............] - ETA: 0s - loss: 2.0122 - accuracy: 0.2886
55/98 [===============>..............] - ETA: 0s - loss: 1.9973 - accuracy: 0.2940
61/98 [=================>............] - ETA: 0s - loss: 1.9777 - accuracy: 0.2994
66/98 [===================>..........] - ETA: 0s - loss: 1.9615 - accuracy: 0.3060
72/98 [=====================>........] - ETA: 0s - loss: 1.9460 - accuracy: 0.3115
77/98 [======================>.......] - ETA: 0s - loss: 1.9320 - accuracy: 0.3160
81/98 [=======================>......] - ETA: 0s - loss: 1.9213 - accuracy: 0.3195
84/98 [========================>.....] - ETA: 0s - loss: 1.9133 - accuracy: 0.3221
88/98 [=========================>....] - ETA: 0s - loss: 1.9047 - accuracy: 0.3248
91/98 [==========================>...] - ETA: 0s - loss: 1.8974 - accuracy: 0.3275
95/98 [============================>.] - ETA: 0s - loss: 1.8901 - accuracy: 0.3299
98/98 [==============================] - 6s 24ms/step - loss: 1.8849 - accuracy: 0.3319 - val_loss: 1.9293 - val_accuracy: 0.4615
Epoch 2/114

 1/98 [..............................] - ETA: 2s - loss: 1.6101 - accuracy: 0.4277
 7/98 [=>............................] - ETA: 1s - loss: 1.6499 - accuracy: 0.4180
13/98 [==>...........................] - ETA: 0s - loss: 1.6475 - accuracy: 0.4216
19/98 [====>.........................] - ETA: 0s - loss: 1.6425 - accuracy: 0.4218
24/98 [======>.......................] - ETA: 0s - loss: 1.6342 - accuracy: 0.4235
29/98 [=======>......................] - ETA: 0s - loss: 1.6304 - accuracy: 0.4242
35/98 [=========>....................] - ETA: 0s - loss: 1.6256 - accuracy: 0.4239
40/98 [===========>..................] - ETA: 0s - loss: 1.6175 - accuracy: 0.4279
46/98 [=============>................] - ETA: 0s - loss: 1.6096 - accuracy: 0.4304
50/98 [==============>...............] - ETA: 0s - loss: 1.6076 - accuracy: 0.4316
54/98 [===============>..............] - ETA: 0s - loss: 1.6071 - accuracy: 0.4331
57/98 [================>.............] - ETA: 0s - loss: 1.6045 - accuracy: 0.4331
61/98 [=================>............] - ETA: 0s - loss: 1.6022 - accuracy: 0.4334
65/98 [==================>...........] - ETA: 0s - loss: 1.5991 - accuracy: 0.4341
69/98 [====================>.........] - ETA: 0s - loss: 1.5961 - accuracy: 0.4350
73/98 [=====================>........] - ETA: 0s - loss: 1.5936 - accuracy: 0.4359
77/98 [======================>.......] - ETA: 0s - loss: 1.5902 - accuracy: 0.4374
81/98 [=======================>......] - ETA: 0s - loss: 1.5867 - accuracy: 0.4395
85/98 [=========================>....] - ETA: 0s - loss: 1.5836 - accuracy: 0.4405
89/98 [==========================>...] - ETA: 0s - loss: 1.5810 - accuracy: 0.4411
92/98 [===========================>..] - ETA: 0s - loss: 1.5783 - accuracy: 0.4421
96/98 [============================>.] - ETA: 0s - loss: 1.5745 - accuracy: 0.4435
98/98 [==============================] - 2s 21ms/step - loss: 1.5731 - accuracy: 0.4444 - val_loss: 1.8044 - val_accuracy: 0.4528
Epoch 3/114

 1/98 [..............................] - ETA: 3s - loss: 1.5852 - accuracy: 0.4492
 7/98 [=>............................] - ETA: 0s - loss: 1.4958 - accuracy: 0.4771
12/98 [==>...........................] - ETA: 0s - loss: 1.4790 - accuracy: 0.4865
18/98 [====>.........................] - ETA: 0s - loss: 1.4731 - accuracy: 0.4846
23/98 [======>.......................] - ETA: 0s - loss: 1.4717 - accuracy: 0.4828
28/98 [=======>......................] - ETA: 0s - loss: 1.4709 - accuracy: 0.4833
33/98 [=========>....................] - ETA: 0s - loss: 1.4734 - accuracy: 0.4834
36/98 [==========>...................] - ETA: 0s - loss: 1.4670 - accuracy: 0.4865
40/98 [===========>..................] - ETA: 0s - loss: 1.4661 - accuracy: 0.4859
44/98 [============>.................] - ETA: 0s - loss: 1.4644 - accuracy: 0.4859
48/98 [=============>................] - ETA: 0s - loss: 1.4619 - accuracy: 0.4867
52/98 [==============>...............] - ETA: 0s - loss: 1.4591 - accuracy: 0.4871
55/98 [===============>..............] - ETA: 0s - loss: 1.4585 - accuracy: 0.4869
59/98 [=================>............] - ETA: 0s - loss: 1.4579 - accuracy: 0.4882
63/98 [==================>...........] - ETA: 0s - loss: 1.4570 - accuracy: 0.4877
67/98 [===================>..........] - ETA: 0s - loss: 1.4550 - accuracy: 0.4889
72/98 [=====================>........] - ETA: 0s - loss: 1.4547 - accuracy: 0.4884
75/98 [=====================>........] - ETA: 0s - loss: 1.4535 - accuracy: 0.4887
79/98 [=======================>......] - ETA: 0s - loss: 1.4514 - accuracy: 0.4894
83/98 [========================>.....] - ETA: 0s - loss: 1.4523 - accuracy: 0.4894
87/98 [=========================>....] - ETA: 0s - loss: 1.4516 - accuracy: 0.4895
90/98 [==========================>...] - ETA: 0s - loss: 1.4511 - accuracy: 0.4897
94/98 [===========================>..] - ETA: 0s - loss: 1.4495 - accuracy: 0.4901
98/98 [==============================] - ETA: 0s - loss: 1.4495 - accuracy: 0.4904
98/98 [==============================] - 2s 21ms/step - loss: 1.4495 - accuracy: 0.4904 - val_loss: 1.5326 - val_accuracy: 0.5288
Epoch 4/114

 1/98 [..............................] - ETA: 1s - loss: 1.3353 - accuracy: 0.5410
 6/98 [>.............................] - ETA: 1s - loss: 1.3842 - accuracy: 0.5244
12/98 [==>...........................] - ETA: 0s - loss: 1.3764 - accuracy: 0.5231
16/98 [===>..........................] - ETA: 1s - loss: 1.3749 - accuracy: 0.5239
20/98 [=====>........................] - ETA: 1s - loss: 1.3692 - accuracy: 0.5219
24/98 [======>.......................] - ETA: 1s - loss: 1.3684 - accuracy: 0.5215
27/98 [=======>......................] - ETA: 1s - loss: 1.3698 - accuracy: 0.5195
31/98 [========>.....................] - ETA: 0s - loss: 1.3714 - accuracy: 0.5167
35/98 [=========>....................] - ETA: 0s - loss: 1.3716 - accuracy: 0.5185
39/98 [==========>...................] - ETA: 0s - loss: 1.3734 - accuracy: 0.5178
43/98 [============>.................] - ETA: 0s - loss: 1.3725 - accuracy: 0.5177
48/98 [=============>................] - ETA: 0s - loss: 1.3694 - accuracy: 0.5186
52/98 [==============>...............] - ETA: 0s - loss: 1.3669 - accuracy: 0.5194
56/98 [================>.............] - ETA: 0s - loss: 1.3674 - accuracy: 0.5186
60/98 [=================>............] - ETA: 0s - loss: 1.3689 - accuracy: 0.5180
63/98 [==================>...........] - ETA: 0s - loss: 1.3690 - accuracy: 0.5182
67/98 [===================>..........] - ETA: 0s - loss: 1.3692 - accuracy: 0.5180
70/98 [====================>.........] - ETA: 0s - loss: 1.3706 - accuracy: 0.5176
74/98 [=====================>........] - ETA: 0s - loss: 1.3679 - accuracy: 0.5187
78/98 [======================>.......] - ETA: 0s - loss: 1.3695 - accuracy: 0.5177
82/98 [========================>.....] - ETA: 0s - loss: 1.3712 - accuracy: 0.5169
86/98 [=========================>....] - ETA: 0s - loss: 1.3726 - accuracy: 0.5167
89/98 [==========================>...] - ETA: 0s - loss: 1.3723 - accuracy: 0.5168
93/98 [===========================>..] - ETA: 0s - loss: 1.3730 - accuracy: 0.5168
97/98 [============================>.] - ETA: 0s - loss: 1.3738 - accuracy: 0.5168
98/98 [==============================] - 2s 22ms/step - loss: 1.3743 - accuracy: 0.5166 - val_loss: 1.5078 - val_accuracy: 0.4786
Epoch 5/114

 1/98 [..............................] - ETA: 3s - loss: 1.3031 - accuracy: 0.5391
 5/98 [>.............................] - ETA: 1s - loss: 1.3099 - accuracy: 0.5430
 8/98 [=>............................] - ETA: 1s - loss: 1.3149 - accuracy: 0.5459
12/98 [==>...........................] - ETA: 1s - loss: 1.3153 - accuracy: 0.5405
16/98 [===>..........................] - ETA: 1s - loss: 1.3174 - accuracy: 0.5387
19/98 [====>.........................] - ETA: 1s - loss: 1.3256 - accuracy: 0.5354
23/98 [======>.......................] - ETA: 1s - loss: 1.3261 - accuracy: 0.5353
27/98 [=======>......................] - ETA: 1s - loss: 1.3276 - accuracy: 0.5351
31/98 [========>.....................] - ETA: 1s - loss: 1.3281 - accuracy: 0.5345
35/98 [=========>....................] - ETA: 1s - loss: 1.3310 - accuracy: 0.5331
38/98 [==========>...................] - ETA: 1s - loss: 1.3289 - accuracy: 0.5347
42/98 [===========>..................] - ETA: 0s - loss: 1.3246 - accuracy: 0.5369
46/98 [=============>................] - ETA: 0s - loss: 1.3230 - accuracy: 0.5379
49/98 [==============>...............] - ETA: 0s - loss: 1.3233 - accuracy: 0.5381
53/98 [===============>..............] - ETA: 0s - loss: 1.3244 - accuracy: 0.5377
57/98 [================>.............] - ETA: 0s - loss: 1.3263 - accuracy: 0.5356
61/98 [=================>............] - ETA: 0s - loss: 1.3241 - accuracy: 0.5361
64/98 [==================>...........] - ETA: 0s - loss: 1.3233 - accuracy: 0.5365
68/98 [===================>..........] - ETA: 0s - loss: 1.3230 - accuracy: 0.5371
72/98 [=====================>........] - ETA: 0s - loss: 1.3217 - accuracy: 0.5374
76/98 [======================>.......] - ETA: 0s - loss: 1.3232 - accuracy: 0.5368
79/98 [=======================>......] - ETA: 0s - loss: 1.3226 - accuracy: 0.5370
83/98 [========================>.....] - ETA: 0s - loss: 1.3215 - accuracy: 0.5374
88/98 [=========================>....] - ETA: 0s - loss: 1.3215 - accuracy: 0.5368
94/98 [===========================>..] - ETA: 0s - loss: 1.3221 - accuracy: 0.5361
98/98 [==============================] - 2s 22ms/step - loss: 1.3214 - accuracy: 0.5361 - val_loss: 1.3754 - val_accuracy: 0.5156
Epoch 6/114

 1/98 [..............................] - ETA: 3s - loss: 1.2561 - accuracy: 0.5566
 5/98 [>.............................] - ETA: 1s - loss: 1.2693 - accuracy: 0.5578
 9/98 [=>............................] - ETA: 1s - loss: 1.2692 - accuracy: 0.5532
13/98 [==>...........................] - ETA: 1s - loss: 1.2792 - accuracy: 0.5520
16/98 [===>..........................] - ETA: 1s - loss: 1.2792 - accuracy: 0.5529
20/98 [=====>........................] - ETA: 1s - loss: 1.2714 - accuracy: 0.5565
24/98 [======>.......................] - ETA: 1s - loss: 1.2763 - accuracy: 0.5539
28/98 [=======>......................] - ETA: 1s - loss: 1.2769 - accuracy: 0.5530
33/98 [=========>....................] - ETA: 1s - loss: 1.2815 - accuracy: 0.5505
36/98 [==========>...................] - ETA: 1s - loss: 1.2782 - accuracy: 0.5522
40/98 [===========>..................] - ETA: 0s - loss: 1.2792 - accuracy: 0.5525
44/98 [============>.................] - ETA: 0s - loss: 1.2779 - accuracy: 0.5521
48/98 [=============>................] - ETA: 0s - loss: 1.2771 - accuracy: 0.5518
52/98 [==============>...............] - ETA: 0s - loss: 1.2791 - accuracy: 0.5513
56/98 [================>.............] - ETA: 0s - loss: 1.2809 - accuracy: 0.5504
59/98 [=================>............] - ETA: 0s - loss: 1.2810 - accuracy: 0.5504
63/98 [==================>...........] - ETA: 0s - loss: 1.2801 - accuracy: 0.5507
66/98 [===================>..........] - ETA: 0s - loss: 1.2780 - accuracy: 0.5511
70/98 [====================>.........] - ETA: 0s - loss: 1.2803 - accuracy: 0.5509
75/98 [=====================>........] - ETA: 0s - loss: 1.2813 - accuracy: 0.5505
80/98 [=======================>......] - ETA: 0s - loss: 1.2817 - accuracy: 0.5502
86/98 [=========================>....] - ETA: 0s - loss: 1.2837 - accuracy: 0.5492
91/98 [==========================>...] - ETA: 0s - loss: 1.2832 - accuracy: 0.5492
97/98 [============================>.] - ETA: 0s - loss: 1.2827 - accuracy: 0.5488
98/98 [==============================] - 2s 22ms/step - loss: 1.2822 - accuracy: 0.5490 - val_loss: 1.1852 - val_accuracy: 0.5954
Epoch 7/114

 1/98 [..............................] - ETA: 3s - loss: 1.2523 - accuracy: 0.5332
 5/98 [>.............................] - ETA: 1s - loss: 1.2462 - accuracy: 0.5590
 8/98 [=>............................] - ETA: 1s - loss: 1.2394 - accuracy: 0.5627
12/98 [==>...........................] - ETA: 1s - loss: 1.2361 - accuracy: 0.5659
16/98 [===>..........................] - ETA: 1s - loss: 1.2365 - accuracy: 0.5693
20/98 [=====>........................] - ETA: 1s - loss: 1.2455 - accuracy: 0.5667
24/98 [======>.......................] - ETA: 1s - loss: 1.2411 - accuracy: 0.5662
27/98 [=======>......................] - ETA: 1s - loss: 1.2403 - accuracy: 0.5668
31/98 [========>.....................] - ETA: 1s - loss: 1.2417 - accuracy: 0.5663
35/98 [=========>....................] - ETA: 1s - loss: 1.2443 - accuracy: 0.5653
39/98 [==========>...................] - ETA: 0s - loss: 1.2483 - accuracy: 0.5652
43/98 [============>.................] - ETA: 0s - loss: 1.2489 - accuracy: 0.5637
46/98 [=============>................] - ETA: 0s - loss: 1.2523 - accuracy: 0.5629
50/98 [==============>...............] - ETA: 0s - loss: 1.2534 - accuracy: 0.5621
54/98 [===============>..............] - ETA: 0s - loss: 1.2566 - accuracy: 0.5613
60/98 [=================>............] - ETA: 0s - loss: 1.2561 - accuracy: 0.5614
65/98 [==================>...........] - ETA: 0s - loss: 1.2580 - accuracy: 0.5601
70/98 [====================>.........] - ETA: 0s - loss: 1.2603 - accuracy: 0.5591
76/98 [======================>.......] - ETA: 0s - loss: 1.2588 - accuracy: 0.5589
81/98 [=======================>......] - ETA: 0s - loss: 1.2608 - accuracy: 0.5580
87/98 [=========================>....] - ETA: 0s - loss: 1.2636 - accuracy: 0.5570
92/98 [===========================>..] - ETA: 0s - loss: 1.2625 - accuracy: 0.5573
98/98 [==============================] - ETA: 0s - loss: 1.2627 - accuracy: 0.5574
98/98 [==============================] - 2s 22ms/step - loss: 1.2627 - accuracy: 0.5574 - val_loss: 1.3399 - val_accuracy: 0.5145
Epoch 8/114

 1/98 [..............................] - ETA: 3s - loss: 1.2074 - accuracy: 0.5996
 5/98 [>.............................] - ETA: 1s - loss: 1.2405 - accuracy: 0.5734
 8/98 [=>............................] - ETA: 1s - loss: 1.2250 - accuracy: 0.5701
13/98 [==>...........................] - ETA: 1s - loss: 1.2508 - accuracy: 0.5560
17/98 [====>.........................] - ETA: 1s - loss: 1.2435 - accuracy: 0.5609
20/98 [=====>........................] - ETA: 1s - loss: 1.2428 - accuracy: 0.5636
24/98 [======>.......................] - ETA: 1s - loss: 1.2417 - accuracy: 0.5651
28/98 [=======>......................] - ETA: 1s - loss: 1.2406 - accuracy: 0.5675
32/98 [========>.....................] - ETA: 1s - loss: 1.2400 - accuracy: 0.5659
36/98 [==========>...................] - ETA: 1s - loss: 1.2389 - accuracy: 0.5653
39/98 [==========>...................] - ETA: 0s - loss: 1.2383 - accuracy: 0.5647
44/98 [============>.................] - ETA: 0s - loss: 1.2401 - accuracy: 0.5622
49/98 [==============>...............] - ETA: 0s - loss: 1.2417 - accuracy: 0.5622
55/98 [===============>..............] - ETA: 0s - loss: 1.2414 - accuracy: 0.5622
57/98 [================>.............] - ETA: 0s - loss: 1.2423 - accuracy: 0.5623
62/98 [=================>............] - ETA: 0s - loss: 1.2394 - accuracy: 0.5633
68/98 [===================>..........] - ETA: 0s - loss: 1.2424 - accuracy: 0.5629
74/98 [=====================>........] - ETA: 0s - loss: 1.2417 - accuracy: 0.5627
80/98 [=======================>......] - ETA: 0s - loss: 1.2443 - accuracy: 0.5622
85/98 [=========================>....] - ETA: 0s - loss: 1.2411 - accuracy: 0.5629
91/98 [==========================>...] - ETA: 0s - loss: 1.2397 - accuracy: 0.5640
97/98 [============================>.] - ETA: 0s - loss: 1.2387 - accuracy: 0.5651
98/98 [==============================] - 2s 22ms/step - loss: 1.2396 - accuracy: 0.5648 - val_loss: 1.1824 - val_accuracy: 0.5918
Epoch 9/114

 1/98 [..............................] - ETA: 3s - loss: 1.2846 - accuracy: 0.5449
 5/98 [>.............................] - ETA: 1s - loss: 1.2322 - accuracy: 0.5645
 9/98 [=>............................] - ETA: 1s - loss: 1.2205 - accuracy: 0.5710
13/98 [==>...........................] - ETA: 1s - loss: 1.2145 - accuracy: 0.5724
16/98 [===>..........................] - ETA: 1s - loss: 1.2165 - accuracy: 0.5712
20/98 [=====>........................] - ETA: 1s - loss: 1.2095 - accuracy: 0.5726
25/98 [======>.......................] - ETA: 1s - loss: 1.2082 - accuracy: 0.5736
29/98 [=======>......................] - ETA: 1s - loss: 1.2090 - accuracy: 0.5734
35/98 [=========>....................] - ETA: 0s - loss: 1.2090 - accuracy: 0.5730
41/98 [===========>..................] - ETA: 0s - loss: 1.2079 - accuracy: 0.5752
45/98 [============>.................] - ETA: 0s - loss: 1.2070 - accuracy: 0.5756
50/98 [==============>...............] - ETA: 0s - loss: 1.2149 - accuracy: 0.5715
55/98 [===============>..............] - ETA: 0s - loss: 1.2170 - accuracy: 0.5709
60/98 [=================>............] - ETA: 0s - loss: 1.2202 - accuracy: 0.5704
66/98 [===================>..........] - ETA: 0s - loss: 1.2200 - accuracy: 0.5711
72/98 [=====================>........] - ETA: 0s - loss: 1.2209 - accuracy: 0.5716
78/98 [======================>.......] - ETA: 0s - loss: 1.2212 - accuracy: 0.5713
84/98 [========================>.....] - ETA: 0s - loss: 1.2200 - accuracy: 0.5716
89/98 [==========================>...] - ETA: 0s - loss: 1.2242 - accuracy: 0.5709
94/98 [===========================>..] - ETA: 0s - loss: 1.2245 - accuracy: 0.5711
98/98 [==============================] - ETA: 0s - loss: 1.2247 - accuracy: 0.5705
98/98 [==============================] - 2s 22ms/step - loss: 1.2247 - accuracy: 0.5705 - val_loss: 1.1769 - val_accuracy: 0.5920
Epoch 10/114

 1/98 [..............................] - ETA: 3s - loss: 1.2149 - accuracy: 0.5820
 5/98 [>.............................] - ETA: 1s - loss: 1.2150 - accuracy: 0.5773
11/98 [==>...........................] - ETA: 1s - loss: 1.2157 - accuracy: 0.5792
16/98 [===>..........................] - ETA: 1s - loss: 1.2151 - accuracy: 0.5773
22/98 [=====>........................] - ETA: 0s - loss: 1.2093 - accuracy: 0.5779
27/98 [=======>......................] - ETA: 0s - loss: 1.2128 - accuracy: 0.5768
33/98 [=========>....................] - ETA: 0s - loss: 1.2119 - accuracy: 0.5768
38/98 [==========>...................] - ETA: 0s - loss: 1.2103 - accuracy: 0.5762
44/98 [============>.................] - ETA: 0s - loss: 1.2097 - accuracy: 0.5752
50/98 [==============>...............] - ETA: 0s - loss: 1.2091 - accuracy: 0.5760
56/98 [================>.............] - ETA: 0s - loss: 1.2071 - accuracy: 0.5765
61/98 [=================>............] - ETA: 0s - loss: 1.2061 - accuracy: 0.5766
66/98 [===================>..........] - ETA: 0s - loss: 1.2065 - accuracy: 0.5769
71/98 [====================>.........] - ETA: 0s - loss: 1.2052 - accuracy: 0.5774
77/98 [======================>.......] - ETA: 0s - loss: 1.2062 - accuracy: 0.5769
82/98 [========================>.....] - ETA: 0s - loss: 1.2077 - accuracy: 0.5760
86/98 [=========================>....] - ETA: 0s - loss: 1.2076 - accuracy: 0.5754
90/98 [==========================>...] - ETA: 0s - loss: 1.2073 - accuracy: 0.5760
94/98 [===========================>..] - ETA: 0s - loss: 1.2061 - accuracy: 0.5763
98/98 [==============================] - ETA: 0s - loss: 1.2064 - accuracy: 0.5766
98/98 [==============================] - 2s 21ms/step - loss: 1.2064 - accuracy: 0.5766 - val_loss: 1.1628 - val_accuracy: 0.6015
Epoch 11/114

 1/98 [..............................] - ETA: 1s - loss: 1.2235 - accuracy: 0.5742
 6/98 [>.............................] - ETA: 1s - loss: 1.1683 - accuracy: 0.5911
12/98 [==>...........................] - ETA: 0s - loss: 1.1839 - accuracy: 0.5851
18/98 [====>.........................] - ETA: 0s - loss: 1.1841 - accuracy: 0.5870
23/98 [======>.......................] - ETA: 0s - loss: 1.1933 - accuracy: 0.5828
29/98 [=======>......................] - ETA: 0s - loss: 1.1990 - accuracy: 0.5790
35/98 [=========>....................] - ETA: 0s - loss: 1.1994 - accuracy: 0.5798
40/98 [===========>..................] - ETA: 0s - loss: 1.1959 - accuracy: 0.5807
45/98 [============>.................] - ETA: 0s - loss: 1.2032 - accuracy: 0.5787
50/98 [==============>...............] - ETA: 0s - loss: 1.2044 - accuracy: 0.5785
56/98 [================>.............] - ETA: 0s - loss: 1.2063 - accuracy: 0.5781
62/98 [=================>............] - ETA: 0s - loss: 1.2066 - accuracy: 0.5766
67/98 [===================>..........] - ETA: 0s - loss: 1.2053 - accuracy: 0.5769
71/98 [====================>.........] - ETA: 0s - loss: 1.2056 - accuracy: 0.5768
75/98 [=====================>........] - ETA: 0s - loss: 1.2044 - accuracy: 0.5777
78/98 [======================>.......] - ETA: 0s - loss: 1.2045 - accuracy: 0.5781
82/98 [========================>.....] - ETA: 0s - loss: 1.2056 - accuracy: 0.5776
86/98 [=========================>....] - ETA: 0s - loss: 1.2047 - accuracy: 0.5780
90/98 [==========================>...] - ETA: 0s - loss: 1.2053 - accuracy: 0.5781
94/98 [===========================>..] - ETA: 0s - loss: 1.2050 - accuracy: 0.5779
97/98 [============================>.] - ETA: 0s - loss: 1.2051 - accuracy: 0.5776
98/98 [==============================] - 2s 21ms/step - loss: 1.2045 - accuracy: 0.5779 - val_loss: 1.2499 - val_accuracy: 0.5713
Epoch 12/114

 1/98 [..............................] - ETA: 2s - loss: 1.1677 - accuracy: 0.5703
 6/98 [>.............................] - ETA: 1s - loss: 1.1894 - accuracy: 0.5798
12/98 [==>...........................] - ETA: 0s - loss: 1.1821 - accuracy: 0.5827
17/98 [====>.........................] - ETA: 0s - loss: 1.1752 - accuracy: 0.5858
22/98 [=====>........................] - ETA: 0s - loss: 1.1757 - accuracy: 0.5873
27/98 [=======>......................] - ETA: 0s - loss: 1.1762 - accuracy: 0.5898
33/98 [=========>....................] - ETA: 0s - loss: 1.1760 - accuracy: 0.5899
39/98 [==========>...................] - ETA: 0s - loss: 1.1738 - accuracy: 0.5906
44/98 [============>.................] - ETA: 0s - loss: 1.1787 - accuracy: 0.5896
48/98 [=============>................] - ETA: 0s - loss: 1.1792 - accuracy: 0.5898
52/98 [==============>...............] - ETA: 0s - loss: 1.1793 - accuracy: 0.5902
56/98 [================>.............] - ETA: 0s - loss: 1.1780 - accuracy: 0.5905
60/98 [=================>............] - ETA: 0s - loss: 1.1800 - accuracy: 0.5893
64/98 [==================>...........] - ETA: 0s - loss: 1.1795 - accuracy: 0.5890
68/98 [===================>..........] - ETA: 0s - loss: 1.1813 - accuracy: 0.5883
72/98 [=====================>........] - ETA: 0s - loss: 1.1816 - accuracy: 0.5883
76/98 [======================>.......] - ETA: 0s - loss: 1.1820 - accuracy: 0.5880
80/98 [=======================>......] - ETA: 0s - loss: 1.1828 - accuracy: 0.5876
83/98 [========================>.....] - ETA: 0s - loss: 1.1856 - accuracy: 0.5866
88/98 [=========================>....] - ETA: 0s - loss: 1.1870 - accuracy: 0.5864
91/98 [==========================>...] - ETA: 0s - loss: 1.1879 - accuracy: 0.5863
95/98 [============================>.] - ETA: 0s - loss: 1.1886 - accuracy: 0.5858
98/98 [==============================] - 2s 21ms/step - loss: 1.1910 - accuracy: 0.5851 - val_loss: 1.1281 - val_accuracy: 0.6104
Epoch 13/114

 1/98 [..............................] - ETA: 2s - loss: 1.1022 - accuracy: 0.6035
 6/98 [>.............................] - ETA: 1s - loss: 1.1696 - accuracy: 0.5934
11/98 [==>...........................] - ETA: 1s - loss: 1.1662 - accuracy: 0.5936
17/98 [====>.........................] - ETA: 0s - loss: 1.1805 - accuracy: 0.5856
22/98 [=====>........................] - ETA: 0s - loss: 1.1750 - accuracy: 0.5850
27/98 [=======>......................] - ETA: 0s - loss: 1.1781 - accuracy: 0.5838
31/98 [========>.....................] - ETA: 0s - loss: 1.1739 - accuracy: 0.5862
35/98 [=========>....................] - ETA: 0s - loss: 1.1737 - accuracy: 0.5874
39/98 [==========>...................] - ETA: 0s - loss: 1.1725 - accuracy: 0.5875
43/98 [============>.................] - ETA: 0s - loss: 1.1738 - accuracy: 0.5863
47/98 [=============>................] - ETA: 0s - loss: 1.1707 - accuracy: 0.5886
51/98 [==============>...............] - ETA: 0s - loss: 1.1724 - accuracy: 0.5884
55/98 [===============>..............] - ETA: 0s - loss: 1.1769 - accuracy: 0.5862
58/98 [================>.............] - ETA: 0s - loss: 1.1762 - accuracy: 0.5863
62/98 [=================>............] - ETA: 0s - loss: 1.1755 - accuracy: 0.5866
66/98 [===================>..........] - ETA: 0s - loss: 1.1753 - accuracy: 0.5873
70/98 [====================>.........] - ETA: 0s - loss: 1.1759 - accuracy: 0.5873
74/98 [=====================>........] - ETA: 0s - loss: 1.1769 - accuracy: 0.5873
78/98 [======================>.......] - ETA: 0s - loss: 1.1751 - accuracy: 0.5878
82/98 [========================>.....] - ETA: 0s - loss: 1.1759 - accuracy: 0.5872
85/98 [=========================>....] - ETA: 0s - loss: 1.1764 - accuracy: 0.5872
89/98 [==========================>...] - ETA: 0s - loss: 1.1760 - accuracy: 0.5875
93/98 [===========================>..] - ETA: 0s - loss: 1.1767 - accuracy: 0.5872
97/98 [============================>.] - ETA: 0s - loss: 1.1779 - accuracy: 0.5865
98/98 [==============================] - 2s 22ms/step - loss: 1.1777 - accuracy: 0.5865 - val_loss: 1.1847 - val_accuracy: 0.5921
Epoch 14/114

 1/98 [..............................] - ETA: 2s - loss: 1.1966 - accuracy: 0.5859
 6/98 [>.............................] - ETA: 1s - loss: 1.1897 - accuracy: 0.5804
11/98 [==>...........................] - ETA: 1s - loss: 1.1883 - accuracy: 0.5826
15/98 [===>..........................] - ETA: 1s - loss: 1.1787 - accuracy: 0.5868
19/98 [====>.........................] - ETA: 1s - loss: 1.1818 - accuracy: 0.5881
23/98 [======>.......................] - ETA: 1s - loss: 1.1738 - accuracy: 0.5890
27/98 [=======>......................] - ETA: 1s - loss: 1.1744 - accuracy: 0.5890
31/98 [========>.....................] - ETA: 1s - loss: 1.1712 - accuracy: 0.5905
35/98 [=========>....................] - ETA: 0s - loss: 1.1671 - accuracy: 0.5919
39/98 [==========>...................] - ETA: 0s - loss: 1.1665 - accuracy: 0.5932
43/98 [============>.................] - ETA: 0s - loss: 1.1669 - accuracy: 0.5942
47/98 [=============>................] - ETA: 0s - loss: 1.1658 - accuracy: 0.5952
51/98 [==============>...............] - ETA: 0s - loss: 1.1637 - accuracy: 0.5958
55/98 [===============>..............] - ETA: 0s - loss: 1.1650 - accuracy: 0.5946
59/98 [=================>............] - ETA: 0s - loss: 1.1664 - accuracy: 0.5942
62/98 [=================>............] - ETA: 0s - loss: 1.1680 - accuracy: 0.5939
66/98 [===================>..........] - ETA: 0s - loss: 1.1697 - accuracy: 0.5939
70/98 [====================>.........] - ETA: 0s - loss: 1.1697 - accuracy: 0.5941
74/98 [=====================>........] - ETA: 0s - loss: 1.1675 - accuracy: 0.5947
78/98 [======================>.......] - ETA: 0s - loss: 1.1664 - accuracy: 0.5945
82/98 [========================>.....] - ETA: 0s - loss: 1.1671 - accuracy: 0.5941
85/98 [=========================>....] - ETA: 0s - loss: 1.1686 - accuracy: 0.5937
89/98 [==========================>...] - ETA: 0s - loss: 1.1699 - accuracy: 0.5932
93/98 [===========================>..] - ETA: 0s - loss: 1.1707 - accuracy: 0.5930
97/98 [============================>.] - ETA: 0s - loss: 1.1707 - accuracy: 0.5925
98/98 [==============================] - 2s 21ms/step - loss: 1.1718 - accuracy: 0.5919 - val_loss: 1.1871 - val_accuracy: 0.5873
Epoch 15/114

 1/98 [..............................] - ETA: 1s - loss: 1.2118 - accuracy: 0.5781
 4/98 [>.............................] - ETA: 1s - loss: 1.1763 - accuracy: 0.5869
 8/98 [=>............................] - ETA: 1s - loss: 1.1600 - accuracy: 0.5947
12/98 [==>...........................] - ETA: 1s - loss: 1.1576 - accuracy: 0.5923
16/98 [===>..........................] - ETA: 1s - loss: 1.1642 - accuracy: 0.5887
20/98 [=====>........................] - ETA: 1s - loss: 1.1545 - accuracy: 0.5928
23/98 [======>.......................] - ETA: 1s - loss: 1.1515 - accuracy: 0.5949
27/98 [=======>......................] - ETA: 1s - loss: 1.1572 - accuracy: 0.5927
31/98 [========>.....................] - ETA: 1s - loss: 1.1553 - accuracy: 0.5958
35/98 [=========>....................] - ETA: 1s - loss: 1.1551 - accuracy: 0.5956
39/98 [==========>...................] - ETA: 0s - loss: 1.1512 - accuracy: 0.5964
43/98 [============>.................] - ETA: 0s - loss: 1.1571 - accuracy: 0.5940
47/98 [=============>................] - ETA: 0s - loss: 1.1596 - accuracy: 0.5942
51/98 [==============>...............] - ETA: 0s - loss: 1.1576 - accuracy: 0.5947
54/98 [===============>..............] - ETA: 0s - loss: 1.1561 - accuracy: 0.5949
58/98 [================>.............] - ETA: 0s - loss: 1.1544 - accuracy: 0.5957
62/98 [=================>............] - ETA: 0s - loss: 1.1510 - accuracy: 0.5976
66/98 [===================>..........] - ETA: 0s - loss: 1.1499 - accuracy: 0.5977
70/98 [====================>.........] - ETA: 0s - loss: 1.1513 - accuracy: 0.5968
73/98 [=====================>........] - ETA: 0s - loss: 1.1525 - accuracy: 0.5958
77/98 [======================>.......] - ETA: 0s - loss: 1.1530 - accuracy: 0.5953
81/98 [=======================>......] - ETA: 0s - loss: 1.1548 - accuracy: 0.5949
86/98 [=========================>....] - ETA: 0s - loss: 1.1572 - accuracy: 0.5946
91/98 [==========================>...] - ETA: 0s - loss: 1.1604 - accuracy: 0.5938
97/98 [============================>.] - ETA: 0s - loss: 1.1606 - accuracy: 0.5944
98/98 [==============================] - 2s 22ms/step - loss: 1.1609 - accuracy: 0.5942 - val_loss: 1.0950 - val_accuracy: 0.6247
Epoch 16/114

 1/98 [..............................] - ETA: 3s - loss: 1.0755 - accuracy: 0.6309
 5/98 [>.............................] - ETA: 1s - loss: 1.1205 - accuracy: 0.6004
 9/98 [=>............................] - ETA: 1s - loss: 1.1223 - accuracy: 0.6079
13/98 [==>...........................] - ETA: 1s - loss: 1.1233 - accuracy: 0.6070
16/98 [===>..........................] - ETA: 1s - loss: 1.1291 - accuracy: 0.6045
20/98 [=====>........................] - ETA: 1s - loss: 1.1452 - accuracy: 0.5970
24/98 [======>.......................] - ETA: 1s - loss: 1.1435 - accuracy: 0.5962
28/98 [=======>......................] - ETA: 1s - loss: 1.1515 - accuracy: 0.5965
31/98 [========>.....................] - ETA: 1s - loss: 1.1470 - accuracy: 0.5992
35/98 [=========>....................] - ETA: 1s - loss: 1.1486 - accuracy: 0.5992
39/98 [==========>...................] - ETA: 0s - loss: 1.1483 - accuracy: 0.5995
42/98 [===========>..................] - ETA: 0s - loss: 1.1475 - accuracy: 0.5991
46/98 [=============>................] - ETA: 0s - loss: 1.1478 - accuracy: 0.5984
50/98 [==============>...............] - ETA: 0s - loss: 1.1480 - accuracy: 0.5982
54/98 [===============>..............] - ETA: 0s - loss: 1.1489 - accuracy: 0.5975
58/98 [================>.............] - ETA: 0s - loss: 1.1492 - accuracy: 0.5978
62/98 [=================>............] - ETA: 0s - loss: 1.1504 - accuracy: 0.5972
65/98 [==================>...........] - ETA: 0s - loss: 1.1513 - accuracy: 0.5975
70/98 [====================>.........] - ETA: 0s - loss: 1.1518 - accuracy: 0.5975
76/98 [======================>.......] - ETA: 0s - loss: 1.1563 - accuracy: 0.5957
82/98 [========================>.....] - ETA: 0s - loss: 1.1560 - accuracy: 0.5955
88/98 [=========================>....] - ETA: 0s - loss: 1.1556 - accuracy: 0.5954
93/98 [===========================>..] - ETA: 0s - loss: 1.1562 - accuracy: 0.5948
98/98 [==============================] - 2s 21ms/step - loss: 1.1577 - accuracy: 0.5946 - val_loss: 1.1209 - val_accuracy: 0.6113
Epoch 17/114

 1/98 [..............................] - ETA: 3s - loss: 1.1152 - accuracy: 0.6055
 5/98 [>.............................] - ETA: 1s - loss: 1.1388 - accuracy: 0.6032
 9/98 [=>............................] - ETA: 1s - loss: 1.1393 - accuracy: 0.6029
13/98 [==>...........................] - ETA: 1s - loss: 1.1404 - accuracy: 0.6034
17/98 [====>.........................] - ETA: 1s - loss: 1.1391 - accuracy: 0.6028
21/98 [=====>........................] - ETA: 1s - loss: 1.1446 - accuracy: 0.6021
25/98 [======>.......................] - ETA: 1s - loss: 1.1434 - accuracy: 0.6004
29/98 [=======>......................] - ETA: 1s - loss: 1.1409 - accuracy: 0.6022
33/98 [=========>....................] - ETA: 1s - loss: 1.1420 - accuracy: 0.6010
36/98 [==========>...................] - ETA: 1s - loss: 1.1433 - accuracy: 0.6005
40/98 [===========>..................] - ETA: 0s - loss: 1.1420 - accuracy: 0.6012
44/98 [============>.................] - ETA: 0s - loss: 1.1409 - accuracy: 0.6018
48/98 [=============>................] - ETA: 0s - loss: 1.1411 - accuracy: 0.6027
52/98 [==============>...............] - ETA: 0s - loss: 1.1391 - accuracy: 0.6034
56/98 [================>.............] - ETA: 0s - loss: 1.1379 - accuracy: 0.6042
60/98 [=================>............] - ETA: 0s - loss: 1.1391 - accuracy: 0.6035
66/98 [===================>..........] - ETA: 0s - loss: 1.1414 - accuracy: 0.6033
71/98 [====================>.........] - ETA: 0s - loss: 1.1403 - accuracy: 0.6040
77/98 [======================>.......] - ETA: 0s - loss: 1.1415 - accuracy: 0.6037
83/98 [========================>.....] - ETA: 0s - loss: 1.1421 - accuracy: 0.6034
89/98 [==========================>...] - ETA: 0s - loss: 1.1394 - accuracy: 0.6048
95/98 [============================>.] - ETA: 0s - loss: 1.1403 - accuracy: 0.6046
98/98 [==============================] - 2s 22ms/step - loss: 1.1399 - accuracy: 0.6048 - val_loss: 1.1370 - val_accuracy: 0.6108
Epoch 18/114

 1/98 [..............................] - ETA: 3s - loss: 1.0589 - accuracy: 0.6289
 5/98 [>.............................] - ETA: 1s - loss: 1.1155 - accuracy: 0.6124
 8/98 [=>............................] - ETA: 1s - loss: 1.1325 - accuracy: 0.6038
12/98 [==>...........................] - ETA: 1s - loss: 1.1179 - accuracy: 0.6086
16/98 [===>..........................] - ETA: 1s - loss: 1.1176 - accuracy: 0.6082
20/98 [=====>........................] - ETA: 1s - loss: 1.1203 - accuracy: 0.6070
24/98 [======>.......................] - ETA: 1s - loss: 1.1189 - accuracy: 0.6080
28/98 [=======>......................] - ETA: 1s - loss: 1.1263 - accuracy: 0.6049
32/98 [========>.....................] - ETA: 1s - loss: 1.1216 - accuracy: 0.6079
36/98 [==========>...................] - ETA: 0s - loss: 1.1254 - accuracy: 0.6087
40/98 [===========>..................] - ETA: 0s - loss: 1.1282 - accuracy: 0.6069
44/98 [============>.................] - ETA: 0s - loss: 1.1286 - accuracy: 0.6072
47/98 [=============>................] - ETA: 0s - loss: 1.1290 - accuracy: 0.6061
53/98 [===============>..............] - ETA: 0s - loss: 1.1338 - accuracy: 0.6045
58/98 [================>.............] - ETA: 0s - loss: 1.1347 - accuracy: 0.6046
64/98 [==================>...........] - ETA: 0s - loss: 1.1380 - accuracy: 0.6040
70/98 [====================>.........] - ETA: 0s - loss: 1.1379 - accuracy: 0.6038
76/98 [======================>.......] - ETA: 0s - loss: 1.1395 - accuracy: 0.6038
81/98 [=======================>......] - ETA: 0s - loss: 1.1418 - accuracy: 0.6030
87/98 [=========================>....] - ETA: 0s - loss: 1.1385 - accuracy: 0.6042
93/98 [===========================>..] - ETA: 0s - loss: 1.1379 - accuracy: 0.6040
98/98 [==============================] - ETA: 0s - loss: 1.1371 - accuracy: 0.6046
98/98 [==============================] - 2s 22ms/step - loss: 1.1371 - accuracy: 0.6046 - val_loss: 1.1100 - val_accuracy: 0.6200
Epoch 19/114

 1/98 [..............................] - ETA: 2s - loss: 1.1238 - accuracy: 0.5996
 5/98 [>.............................] - ETA: 1s - loss: 1.1154 - accuracy: 0.5953
 9/98 [=>............................] - ETA: 1s - loss: 1.1146 - accuracy: 0.6076
13/98 [==>...........................] - ETA: 1s - loss: 1.1264 - accuracy: 0.6017
