2024-06-26 02:18:28.766925: I tensorflow/core/platform/cpu_feature_guard.cc:193] This TensorFlow binary is optimized with oneAPI Deep Neural Network Library (oneDNN) to use the following CPU instructions in performance-critical operations:  AVX AVX2
To enable them in other operations, rebuild TensorFlow with the appropriate compiler flags.
2024-06-26 02:18:29.260116: I tensorflow/core/common_runtime/gpu/gpu_device.cc:1616] Created device /job:localhost/replica:0/task:0/device:GPU:0 with 6656 MB memory:  -> device: 0, name: NVIDIA GeForce RTX 4060 Ti, pci bus id: 0000:01:00.0, compute capability: 8.9
1 Physical GPUs, 1 Logical GPUs
Model: "sequential"
_________________________________________________________________
 Layer (type)                Output Shape              Param #   
=================================================================
 conv2d (Conv2D)             (None, 32, 32, 32)        896       
                                                                 
 max_pooling2d (MaxPooling2D  (None, 16, 16, 32)       0         
 )                                                               
                                                                 
 batch_normalization (BatchN  (None, 16, 16, 32)       128       
 ormalization)                                                   
                                                                 
 dropout (Dropout)           (None, 16, 16, 32)        0         
                                                                 
 flatten (Flatten)           (None, 8192)              0         
                                                                 
 dense (Dense)               (None, 16)                131088    
                                                                 
 dropout_1 (Dropout)         (None, 16)                0         
                                                                 
 dense_1 (Dense)             (None, 10)                170       
                                                                 
=================================================================
Total params: 132,282
Trainable params: 132,218
Non-trainable params: 64
_________________________________________________________________
Taxa de aprendizado:  0.001 Num de épocas:  114 Tamanho do lote:  512 Dropout:  0.36273
Epoch 1/114
2024-06-26 02:18:30.342568: I tensorflow/stream_executor/cuda/cuda_dnn.cc:384] Loaded cuDNN version 8100
2024-06-26 02:18:30.999777: W tensorflow/stream_executor/gpu/redzone_allocator.cc:314] INTERNAL: ptxas exited with non-zero error code -1, output: 
Relying on driver to perform ptx compilation. 
Modify $PATH to customize ptxas location.
This message will be only logged once.
2024-06-26 02:18:31.596176: I tensorflow/stream_executor/cuda/cuda_blas.cc:1614] TensorFloat-32 will be used for the matrix multiplication. This will only be logged once.

 1/98 [..............................] - ETA: 3:35 - loss: 2.4915 - accuracy: 0.1309
 7/98 [=>............................] - ETA: 0s - loss: 2.2963 - accuracy: 0.1942  
11/98 [==>...........................] - ETA: 1s - loss: 2.2462 - accuracy: 0.2069
17/98 [====>.........................] - ETA: 0s - loss: 2.1758 - accuracy: 0.2296
23/98 [======>.......................] - ETA: 0s - loss: 2.1319 - accuracy: 0.2441
29/98 [=======>......................] - ETA: 0s - loss: 2.0933 - accuracy: 0.2557
35/98 [=========>....................] - ETA: 0s - loss: 2.0679 - accuracy: 0.2652
42/98 [===========>..................] - ETA: 0s - loss: 2.0352 - accuracy: 0.2761
48/98 [=============>................] - ETA: 0s - loss: 2.0102 - accuracy: 0.2843
55/98 [===============>..............] - ETA: 0s - loss: 1.9843 - accuracy: 0.2934
60/98 [=================>............] - ETA: 0s - loss: 1.9715 - accuracy: 0.2964
67/98 [===================>..........] - ETA: 0s - loss: 1.9533 - accuracy: 0.3027
73/98 [=====================>........] - ETA: 0s - loss: 1.9385 - accuracy: 0.3085
79/98 [=======================>......] - ETA: 0s - loss: 1.9222 - accuracy: 0.3147
85/98 [=========================>....] - ETA: 0s - loss: 1.9110 - accuracy: 0.3194
91/98 [==========================>...] - ETA: 0s - loss: 1.8993 - accuracy: 0.3239
98/98 [==============================] - ETA: 0s - loss: 1.8870 - accuracy: 0.3285
98/98 [==============================] - 4s 17ms/step - loss: 1.8870 - accuracy: 0.3285 - val_loss: 1.8933 - val_accuracy: 0.3919
Epoch 2/114

 1/98 [..............................] - ETA: 3s - loss: 1.6406 - accuracy: 0.4297
 8/98 [=>............................] - ETA: 0s - loss: 1.6575 - accuracy: 0.4167
14/98 [===>..........................] - ETA: 0s - loss: 1.6526 - accuracy: 0.4175
21/98 [=====>........................] - ETA: 0s - loss: 1.6483 - accuracy: 0.4225
28/98 [=======>......................] - ETA: 0s - loss: 1.6371 - accuracy: 0.4251
34/98 [=========>....................] - ETA: 0s - loss: 1.6345 - accuracy: 0.4259
40/98 [===========>..................] - ETA: 0s - loss: 1.6287 - accuracy: 0.4269
47/98 [=============>................] - ETA: 0s - loss: 1.6256 - accuracy: 0.4259
53/98 [===============>..............] - ETA: 0s - loss: 1.6219 - accuracy: 0.4269
59/98 [=================>............] - ETA: 0s - loss: 1.6167 - accuracy: 0.4276
65/98 [==================>...........] - ETA: 0s - loss: 1.6153 - accuracy: 0.4278
71/98 [====================>.........] - ETA: 0s - loss: 1.6119 - accuracy: 0.4290
76/98 [======================>.......] - ETA: 0s - loss: 1.6083 - accuracy: 0.4307
83/98 [========================>.....] - ETA: 0s - loss: 1.6031 - accuracy: 0.4327
89/98 [==========================>...] - ETA: 0s - loss: 1.5990 - accuracy: 0.4341
96/98 [============================>.] - ETA: 0s - loss: 1.5950 - accuracy: 0.4354
98/98 [==============================] - 1s 14ms/step - loss: 1.5943 - accuracy: 0.4354 - val_loss: 1.7014 - val_accuracy: 0.4753
Epoch 3/114

 1/98 [..............................] - ETA: 1s - loss: 1.5693 - accuracy: 0.4395
 6/98 [>.............................] - ETA: 1s - loss: 1.5204 - accuracy: 0.4655
13/98 [==>...........................] - ETA: 0s - loss: 1.5088 - accuracy: 0.4678
19/98 [====>.........................] - ETA: 0s - loss: 1.5029 - accuracy: 0.4670
25/98 [======>.......................] - ETA: 0s - loss: 1.4951 - accuracy: 0.4685
32/98 [========>.....................] - ETA: 0s - loss: 1.4926 - accuracy: 0.4695
39/98 [==========>...................] - ETA: 0s - loss: 1.4888 - accuracy: 0.4713
45/98 [============>.................] - ETA: 0s - loss: 1.4895 - accuracy: 0.4701
52/98 [==============>...............] - ETA: 0s - loss: 1.4858 - accuracy: 0.4708
58/98 [================>.............] - ETA: 0s - loss: 1.4838 - accuracy: 0.4710
65/98 [==================>...........] - ETA: 0s - loss: 1.4834 - accuracy: 0.4717
71/98 [====================>.........] - ETA: 0s - loss: 1.4813 - accuracy: 0.4723
77/98 [======================>.......] - ETA: 0s - loss: 1.4821 - accuracy: 0.4722
84/98 [========================>.....] - ETA: 0s - loss: 1.4809 - accuracy: 0.4733
90/98 [==========================>...] - ETA: 0s - loss: 1.4784 - accuracy: 0.4748
97/98 [============================>.] - ETA: 0s - loss: 1.4797 - accuracy: 0.4752
98/98 [==============================] - 1s 15ms/step - loss: 1.4797 - accuracy: 0.4754 - val_loss: 1.4793 - val_accuracy: 0.5349
Epoch 4/114

 1/98 [..............................] - ETA: 1s - loss: 1.4818 - accuracy: 0.4707
 7/98 [=>............................] - ETA: 0s - loss: 1.4289 - accuracy: 0.4978
13/98 [==>...........................] - ETA: 0s - loss: 1.4231 - accuracy: 0.5026
20/98 [=====>........................] - ETA: 0s - loss: 1.4168 - accuracy: 0.5020
26/98 [======>.......................] - ETA: 0s - loss: 1.4142 - accuracy: 0.5025
33/98 [=========>....................] - ETA: 0s - loss: 1.4085 - accuracy: 0.5037
39/98 [==========>...................] - ETA: 0s - loss: 1.4109 - accuracy: 0.5044
45/98 [============>.................] - ETA: 0s - loss: 1.4130 - accuracy: 0.5038
51/98 [==============>...............] - ETA: 0s - loss: 1.4119 - accuracy: 0.5037
57/98 [================>.............] - ETA: 0s - loss: 1.4101 - accuracy: 0.5047
64/98 [==================>...........] - ETA: 0s - loss: 1.4102 - accuracy: 0.5040
70/98 [====================>.........] - ETA: 0s - loss: 1.4064 - accuracy: 0.5057
76/98 [======================>.......] - ETA: 0s - loss: 1.4039 - accuracy: 0.5066
82/98 [========================>.....] - ETA: 0s - loss: 1.4020 - accuracy: 0.5072
89/98 [==========================>...] - ETA: 0s - loss: 1.4001 - accuracy: 0.5076
95/98 [============================>.] - ETA: 0s - loss: 1.4007 - accuracy: 0.5068
98/98 [==============================] - 1s 15ms/step - loss: 1.4016 - accuracy: 0.5063 - val_loss: 1.3685 - val_accuracy: 0.5437
Epoch 5/114

 1/98 [..............................] - ETA: 3s - loss: 1.3060 - accuracy: 0.5547
 8/98 [=>............................] - ETA: 0s - loss: 1.3597 - accuracy: 0.5251
14/98 [===>..........................] - ETA: 0s - loss: 1.3593 - accuracy: 0.5273
20/98 [=====>........................] - ETA: 0s - loss: 1.3544 - accuracy: 0.5251
26/98 [======>.......................] - ETA: 0s - loss: 1.3520 - accuracy: 0.5258
32/98 [========>.....................] - ETA: 0s - loss: 1.3563 - accuracy: 0.5234
38/98 [==========>...................] - ETA: 0s - loss: 1.3530 - accuracy: 0.5226
45/98 [============>.................] - ETA: 0s - loss: 1.3557 - accuracy: 0.5216
51/98 [==============>...............] - ETA: 0s - loss: 1.3559 - accuracy: 0.5226
58/98 [================>.............] - ETA: 0s - loss: 1.3547 - accuracy: 0.5247
64/98 [==================>...........] - ETA: 0s - loss: 1.3553 - accuracy: 0.5253
70/98 [====================>.........] - ETA: 0s - loss: 1.3543 - accuracy: 0.5254
77/98 [======================>.......] - ETA: 0s - loss: 1.3566 - accuracy: 0.5243
83/98 [========================>.....] - ETA: 0s - loss: 1.3549 - accuracy: 0.5248
89/98 [==========================>...] - ETA: 0s - loss: 1.3549 - accuracy: 0.5251
96/98 [============================>.] - ETA: 0s - loss: 1.3534 - accuracy: 0.5246
98/98 [==============================] - 1s 14ms/step - loss: 1.3534 - accuracy: 0.5247 - val_loss: 1.2605 - val_accuracy: 0.5740
Epoch 6/114

 1/98 [..............................] - ETA: 1s - loss: 1.3628 - accuracy: 0.5352
 6/98 [>.............................] - ETA: 1s - loss: 1.3132 - accuracy: 0.5391
12/98 [==>...........................] - ETA: 0s - loss: 1.3151 - accuracy: 0.5373
18/98 [====>.........................] - ETA: 0s - loss: 1.3190 - accuracy: 0.5359
25/98 [======>.......................] - ETA: 0s - loss: 1.3230 - accuracy: 0.5364
31/98 [========>.....................] - ETA: 0s - loss: 1.3231 - accuracy: 0.5348
38/98 [==========>...................] - ETA: 0s - loss: 1.3230 - accuracy: 0.5343
44/98 [============>.................] - ETA: 0s - loss: 1.3227 - accuracy: 0.5349
50/98 [==============>...............] - ETA: 0s - loss: 1.3195 - accuracy: 0.5362
57/98 [================>.............] - ETA: 0s - loss: 1.3215 - accuracy: 0.5360
64/98 [==================>...........] - ETA: 0s - loss: 1.3227 - accuracy: 0.5357
70/98 [====================>.........] - ETA: 0s - loss: 1.3224 - accuracy: 0.5355
77/98 [======================>.......] - ETA: 0s - loss: 1.3247 - accuracy: 0.5352
83/98 [========================>.....] - ETA: 0s - loss: 1.3245 - accuracy: 0.5354
89/98 [==========================>...] - ETA: 0s - loss: 1.3263 - accuracy: 0.5343
95/98 [============================>.] - ETA: 0s - loss: 1.3278 - accuracy: 0.5331
98/98 [==============================] - 1s 14ms/step - loss: 1.3276 - accuracy: 0.5334 - val_loss: 1.2041 - val_accuracy: 0.5910
Epoch 7/114

 1/98 [..............................] - ETA: 1s - loss: 1.2536 - accuracy: 0.5430
 7/98 [=>............................] - ETA: 0s - loss: 1.2886 - accuracy: 0.5461
13/98 [==>...........................] - ETA: 0s - loss: 1.2828 - accuracy: 0.5477
19/98 [====>.........................] - ETA: 0s - loss: 1.2887 - accuracy: 0.5451
25/98 [======>.......................] - ETA: 0s - loss: 1.2890 - accuracy: 0.5444
32/98 [========>.....................] - ETA: 0s - loss: 1.2889 - accuracy: 0.5451
37/98 [==========>...................] - ETA: 0s - loss: 1.2905 - accuracy: 0.5448
44/98 [============>.................] - ETA: 0s - loss: 1.2913 - accuracy: 0.5457
50/98 [==============>...............] - ETA: 0s - loss: 1.2909 - accuracy: 0.5454
57/98 [================>.............] - ETA: 0s - loss: 1.2922 - accuracy: 0.5456
63/98 [==================>...........] - ETA: 0s - loss: 1.2957 - accuracy: 0.5444
70/98 [====================>.........] - ETA: 0s - loss: 1.2944 - accuracy: 0.5454
76/98 [======================>.......] - ETA: 0s - loss: 1.2923 - accuracy: 0.5460
82/98 [========================>.....] - ETA: 0s - loss: 1.2927 - accuracy: 0.5462
86/98 [=========================>....] - ETA: 0s - loss: 1.2922 - accuracy: 0.5462
91/98 [==========================>...] - ETA: 0s - loss: 1.2919 - accuracy: 0.5459
97/98 [============================>.] - ETA: 0s - loss: 1.2913 - accuracy: 0.5459
98/98 [==============================] - 1s 15ms/step - loss: 1.2918 - accuracy: 0.5457 - val_loss: 1.2183 - val_accuracy: 0.5764
Epoch 8/114

 1/98 [..............................] - ETA: 1s - loss: 1.1581 - accuracy: 0.6074
 6/98 [>.............................] - ETA: 1s - loss: 1.2379 - accuracy: 0.5765
12/98 [==>...........................] - ETA: 0s - loss: 1.2587 - accuracy: 0.5682
18/98 [====>.........................] - ETA: 0s - loss: 1.2443 - accuracy: 0.5684
25/98 [======>.......................] - ETA: 0s - loss: 1.2515 - accuracy: 0.5634
32/98 [========>.....................] - ETA: 0s - loss: 1.2549 - accuracy: 0.5634
39/98 [==========>...................] - ETA: 0s - loss: 1.2598 - accuracy: 0.5609
45/98 [============>.................] - ETA: 0s - loss: 1.2607 - accuracy: 0.5605
51/98 [==============>...............] - ETA: 0s - loss: 1.2617 - accuracy: 0.5594
58/98 [================>.............] - ETA: 0s - loss: 1.2613 - accuracy: 0.5598
65/98 [==================>...........] - ETA: 0s - loss: 1.2629 - accuracy: 0.5585
67/98 [===================>..........] - ETA: 0s - loss: 1.2620 - accuracy: 0.5587
73/98 [=====================>........] - ETA: 0s - loss: 1.2609 - accuracy: 0.5587
79/98 [=======================>......] - ETA: 0s - loss: 1.2625 - accuracy: 0.5581
85/98 [=========================>....] - ETA: 0s - loss: 1.2627 - accuracy: 0.5582
91/98 [==========================>...] - ETA: 0s - loss: 1.2619 - accuracy: 0.5589
98/98 [==============================] - ETA: 0s - loss: 1.2651 - accuracy: 0.5571
98/98 [==============================] - 1s 15ms/step - loss: 1.2651 - accuracy: 0.5571 - val_loss: 1.2552 - val_accuracy: 0.5571
Epoch 9/114

 1/98 [..............................] - ETA: 1s - loss: 1.2420 - accuracy: 0.5312
 6/98 [>.............................] - ETA: 1s - loss: 1.2639 - accuracy: 0.5485
12/98 [==>...........................] - ETA: 0s - loss: 1.2517 - accuracy: 0.5544
19/98 [====>.........................] - ETA: 0s - loss: 1.2434 - accuracy: 0.5614
25/98 [======>.......................] - ETA: 0s - loss: 1.2413 - accuracy: 0.5630
32/98 [========>.....................] - ETA: 0s - loss: 1.2329 - accuracy: 0.5701
39/98 [==========>...................] - ETA: 0s - loss: 1.2345 - accuracy: 0.5689
45/98 [============>.................] - ETA: 0s - loss: 1.2332 - accuracy: 0.5681
51/98 [==============>...............] - ETA: 0s - loss: 1.2347 - accuracy: 0.5679
57/98 [================>.............] - ETA: 0s - loss: 1.2411 - accuracy: 0.5652
64/98 [==================>...........] - ETA: 0s - loss: 1.2423 - accuracy: 0.5648
70/98 [====================>.........] - ETA: 0s - loss: 1.2427 - accuracy: 0.5642
76/98 [======================>.......] - ETA: 0s - loss: 1.2415 - accuracy: 0.5644
82/98 [========================>.....] - ETA: 0s - loss: 1.2435 - accuracy: 0.5637
89/98 [==========================>...] - ETA: 0s - loss: 1.2432 - accuracy: 0.5639
96/98 [============================>.] - ETA: 0s - loss: 1.2454 - accuracy: 0.5624
98/98 [==============================] - 1s 14ms/step - loss: 1.2467 - accuracy: 0.5617 - val_loss: 1.1395 - val_accuracy: 0.6079
Epoch 10/114

 1/98 [..............................] - ETA: 1s - loss: 1.2366 - accuracy: 0.5547
 6/98 [>.............................] - ETA: 1s - loss: 1.1987 - accuracy: 0.5671
12/98 [==>...........................] - ETA: 0s - loss: 1.2177 - accuracy: 0.5654
19/98 [====>.........................] - ETA: 0s - loss: 1.2148 - accuracy: 0.5736
26/98 [======>.......................] - ETA: 0s - loss: 1.2189 - accuracy: 0.5715
32/98 [========>.....................] - ETA: 0s - loss: 1.2159 - accuracy: 0.5725
39/98 [==========>...................] - ETA: 0s - loss: 1.2206 - accuracy: 0.5723
45/98 [============>.................] - ETA: 0s - loss: 1.2212 - accuracy: 0.5715
52/98 [==============>...............] - ETA: 0s - loss: 1.2204 - accuracy: 0.5718
59/98 [=================>............] - ETA: 0s - loss: 1.2188 - accuracy: 0.5736
65/98 [==================>...........] - ETA: 0s - loss: 1.2174 - accuracy: 0.5742
71/98 [====================>.........] - ETA: 0s - loss: 1.2154 - accuracy: 0.5749
77/98 [======================>.......] - ETA: 0s - loss: 1.2177 - accuracy: 0.5744
83/98 [========================>.....] - ETA: 0s - loss: 1.2185 - accuracy: 0.5744
89/98 [==========================>...] - ETA: 0s - loss: 1.2165 - accuracy: 0.5746
96/98 [============================>.] - ETA: 0s - loss: 1.2202 - accuracy: 0.5737
98/98 [==============================] - 1s 15ms/step - loss: 1.2208 - accuracy: 0.5734 - val_loss: 1.1655 - val_accuracy: 0.5979
Epoch 11/114

 1/98 [..............................] - ETA: 1s - loss: 1.2035 - accuracy: 0.5723
 7/98 [=>............................] - ETA: 0s - loss: 1.1893 - accuracy: 0.5854
13/98 [==>...........................] - ETA: 0s - loss: 1.1865 - accuracy: 0.5852
20/98 [=====>........................] - ETA: 0s - loss: 1.1899 - accuracy: 0.5787
27/98 [=======>......................] - ETA: 0s - loss: 1.1993 - accuracy: 0.5777
34/98 [=========>....................] - ETA: 0s - loss: 1.1926 - accuracy: 0.5805
40/98 [===========>..................] - ETA: 0s - loss: 1.1918 - accuracy: 0.5820
47/98 [=============>................] - ETA: 0s - loss: 1.1943 - accuracy: 0.5802
53/98 [===============>..............] - ETA: 0s - loss: 1.1964 - accuracy: 0.5790
59/98 [=================>............] - ETA: 0s - loss: 1.2000 - accuracy: 0.5777
65/98 [==================>...........] - ETA: 0s - loss: 1.1991 - accuracy: 0.5790
71/98 [====================>.........] - ETA: 0s - loss: 1.1990 - accuracy: 0.5794
78/98 [======================>.......] - ETA: 0s - loss: 1.2001 - accuracy: 0.5787
84/98 [========================>.....] - ETA: 0s - loss: 1.2011 - accuracy: 0.5784
91/98 [==========================>...] - ETA: 0s - loss: 1.2027 - accuracy: 0.5779
97/98 [============================>.] - ETA: 0s - loss: 1.2029 - accuracy: 0.5778
98/98 [==============================] - 1s 14ms/step - loss: 1.2036 - accuracy: 0.5777 - val_loss: 1.2708 - val_accuracy: 0.5692
Epoch 12/114

 1/98 [..............................] - ETA: 3s - loss: 1.1716 - accuracy: 0.5820
 7/98 [=>............................] - ETA: 0s - loss: 1.1932 - accuracy: 0.5848
14/98 [===>..........................] - ETA: 0s - loss: 1.1896 - accuracy: 0.5819
20/98 [=====>........................] - ETA: 0s - loss: 1.1945 - accuracy: 0.5810
26/98 [======>.......................] - ETA: 0s - loss: 1.1929 - accuracy: 0.5819
33/98 [=========>....................] - ETA: 0s - loss: 1.1877 - accuracy: 0.5833
39/98 [==========>...................] - ETA: 0s - loss: 1.1892 - accuracy: 0.5830
46/98 [=============>................] - ETA: 0s - loss: 1.1908 - accuracy: 0.5829
52/98 [==============>...............] - ETA: 0s - loss: 1.1935 - accuracy: 0.5822
59/98 [=================>............] - ETA: 0s - loss: 1.1956 - accuracy: 0.5816
65/98 [==================>...........] - ETA: 0s - loss: 1.1963 - accuracy: 0.5820
71/98 [====================>.........] - ETA: 0s - loss: 1.1964 - accuracy: 0.5818
77/98 [======================>.......] - ETA: 0s - loss: 1.1962 - accuracy: 0.5827
84/98 [========================>.....] - ETA: 0s - loss: 1.1974 - accuracy: 0.5823
91/98 [==========================>...] - ETA: 0s - loss: 1.1970 - accuracy: 0.5821
97/98 [============================>.] - ETA: 0s - loss: 1.1986 - accuracy: 0.5808
98/98 [==============================] - 1s 14ms/step - loss: 1.1980 - accuracy: 0.5811 - val_loss: 1.1594 - val_accuracy: 0.5940
Epoch 13/114

 1/98 [..............................] - ETA: 3s - loss: 1.2047 - accuracy: 0.5645
 7/98 [=>............................] - ETA: 0s - loss: 1.1694 - accuracy: 0.5924
14/98 [===>..........................] - ETA: 0s - loss: 1.1784 - accuracy: 0.5939
20/98 [=====>........................] - ETA: 0s - loss: 1.1777 - accuracy: 0.5927
27/98 [=======>......................] - ETA: 0s - loss: 1.1838 - accuracy: 0.5879
34/98 [=========>....................] - ETA: 0s - loss: 1.1817 - accuracy: 0.5896
40/98 [===========>..................] - ETA: 0s - loss: 1.1804 - accuracy: 0.5902
47/98 [=============>................] - ETA: 0s - loss: 1.1798 - accuracy: 0.5905
53/98 [===============>..............] - ETA: 0s - loss: 1.1820 - accuracy: 0.5892
60/98 [=================>............] - ETA: 0s - loss: 1.1805 - accuracy: 0.5895
66/98 [===================>..........] - ETA: 0s - loss: 1.1841 - accuracy: 0.5885
73/98 [=====================>........] - ETA: 0s - loss: 1.1843 - accuracy: 0.5877
78/98 [======================>.......] - ETA: 0s - loss: 1.1858 - accuracy: 0.5867
85/98 [=========================>....] - ETA: 0s - loss: 1.1868 - accuracy: 0.5859
91/98 [==========================>...] - ETA: 0s - loss: 1.1887 - accuracy: 0.5852
97/98 [============================>.] - ETA: 0s - loss: 1.1885 - accuracy: 0.5857
98/98 [==============================] - 1s 14ms/step - loss: 1.1880 - accuracy: 0.5859 - val_loss: 1.1372 - val_accuracy: 0.5993
Epoch 14/114

 1/98 [..............................] - ETA: 1s - loss: 1.2290 - accuracy: 0.5508
 7/98 [=>............................] - ETA: 0s - loss: 1.1790 - accuracy: 0.5918
14/98 [===>..........................] - ETA: 0s - loss: 1.1704 - accuracy: 0.5950
20/98 [=====>........................] - ETA: 0s - loss: 1.1704 - accuracy: 0.5945
27/98 [=======>......................] - ETA: 0s - loss: 1.1700 - accuracy: 0.5945
33/98 [=========>....................] - ETA: 0s - loss: 1.1663 - accuracy: 0.5953
39/98 [==========>...................] - ETA: 0s - loss: 1.1706 - accuracy: 0.5915
46/98 [=============>................] - ETA: 0s - loss: 1.1711 - accuracy: 0.5914
52/98 [==============>...............] - ETA: 0s - loss: 1.1710 - accuracy: 0.5923
59/98 [=================>............] - ETA: 0s - loss: 1.1683 - accuracy: 0.5942
66/98 [===================>..........] - ETA: 0s - loss: 1.1681 - accuracy: 0.5942
71/98 [====================>.........] - ETA: 0s - loss: 1.1667 - accuracy: 0.5942
77/98 [======================>.......] - ETA: 0s - loss: 1.1688 - accuracy: 0.5930
83/98 [========================>.....] - ETA: 0s - loss: 1.1714 - accuracy: 0.5928
90/98 [==========================>...] - ETA: 0s - loss: 1.1742 - accuracy: 0.5919
96/98 [============================>.] - ETA: 0s - loss: 1.1742 - accuracy: 0.5923
98/98 [==============================] - 1s 14ms/step - loss: 1.1744 - accuracy: 0.5923 - val_loss: 1.1225 - val_accuracy: 0.6105
Epoch 15/114

 1/98 [..............................] - ETA: 3s - loss: 1.2060 - accuracy: 0.5977
 7/98 [=>............................] - ETA: 0s - loss: 1.1571 - accuracy: 0.5954
13/98 [==>...........................] - ETA: 0s - loss: 1.1847 - accuracy: 0.5858
19/98 [====>.........................] - ETA: 0s - loss: 1.1772 - accuracy: 0.5925
26/98 [======>.......................] - ETA: 0s - loss: 1.1682 - accuracy: 0.5942
32/98 [========>.....................] - ETA: 0s - loss: 1.1697 - accuracy: 0.5950
39/98 [==========>...................] - ETA: 0s - loss: 1.1674 - accuracy: 0.5943
46/98 [=============>................] - ETA: 0s - loss: 1.1688 - accuracy: 0.5938
52/98 [==============>...............] - ETA: 0s - loss: 1.1673 - accuracy: 0.5934
59/98 [=================>............] - ETA: 0s - loss: 1.1678 - accuracy: 0.5926
66/98 [===================>..........] - ETA: 0s - loss: 1.1658 - accuracy: 0.5937
72/98 [=====================>........] - ETA: 0s - loss: 1.1659 - accuracy: 0.5931
78/98 [======================>.......] - ETA: 0s - loss: 1.1664 - accuracy: 0.5945
84/98 [========================>.....] - ETA: 0s - loss: 1.1633 - accuracy: 0.5954
91/98 [==========================>...] - ETA: 0s - loss: 1.1630 - accuracy: 0.5959
97/98 [============================>.] - ETA: 0s - loss: 1.1634 - accuracy: 0.5958
98/98 [==============================] - 1s 14ms/step - loss: 1.1632 - accuracy: 0.5960 - val_loss: 1.1888 - val_accuracy: 0.5845
Epoch 16/114

 1/98 [..............................] - ETA: 3s - loss: 1.0872 - accuracy: 0.6367
 7/98 [=>............................] - ETA: 0s - loss: 1.1601 - accuracy: 0.5988
13/98 [==>...........................] - ETA: 0s - loss: 1.1471 - accuracy: 0.6037
19/98 [====>.........................] - ETA: 0s - loss: 1.1450 - accuracy: 0.6054
26/98 [======>.......................] - ETA: 0s - loss: 1.1480 - accuracy: 0.6038
32/98 [========>.....................] - ETA: 0s - loss: 1.1462 - accuracy: 0.6021
38/98 [==========>...................] - ETA: 0s - loss: 1.1459 - accuracy: 0.6009
45/98 [============>.................] - ETA: 0s - loss: 1.1476 - accuracy: 0.6005
51/98 [==============>...............] - ETA: 0s - loss: 1.1484 - accuracy: 0.6009
58/98 [================>.............] - ETA: 0s - loss: 1.1490 - accuracy: 0.6008
63/98 [==================>...........] - ETA: 0s - loss: 1.1523 - accuracy: 0.5993
69/98 [====================>.........] - ETA: 0s - loss: 1.1525 - accuracy: 0.5991
75/98 [=====================>........] - ETA: 0s - loss: 1.1529 - accuracy: 0.5988
80/98 [=======================>......] - ETA: 0s - loss: 1.1518 - accuracy: 0.5992
86/98 [=========================>....] - ETA: 0s - loss: 1.1556 - accuracy: 0.5989
93/98 [===========================>..] - ETA: 0s - loss: 1.1546 - accuracy: 0.5993
98/98 [==============================] - 1s 14ms/step - loss: 1.1558 - accuracy: 0.5989 - val_loss: 1.1239 - val_accuracy: 0.6142
Epoch 17/114

 1/98 [..............................] - ETA: 1s - loss: 1.1732 - accuracy: 0.5801
 7/98 [=>............................] - ETA: 0s - loss: 1.1304 - accuracy: 0.6055
13/98 [==>...........................] - ETA: 0s - loss: 1.1334 - accuracy: 0.6053
19/98 [====>.........................] - ETA: 0s - loss: 1.1367 - accuracy: 0.6077
25/98 [======>.......................] - ETA: 0s - loss: 1.1350 - accuracy: 0.6066
31/98 [========>.....................] - ETA: 0s - loss: 1.1399 - accuracy: 0.6054
37/98 [==========>...................] - ETA: 0s - loss: 1.1365 - accuracy: 0.6062
44/98 [============>.................] - ETA: 0s - loss: 1.1382 - accuracy: 0.6049
51/98 [==============>...............] - ETA: 0s - loss: 1.1412 - accuracy: 0.6029
57/98 [================>.............] - ETA: 0s - loss: 1.1416 - accuracy: 0.6024
64/98 [==================>...........] - ETA: 0s - loss: 1.1445 - accuracy: 0.6013
70/98 [====================>.........] - ETA: 0s - loss: 1.1455 - accuracy: 0.6010
76/98 [======================>.......] - ETA: 0s - loss: 1.1458 - accuracy: 0.6012
82/98 [========================>.....] - ETA: 0s - loss: 1.1465 - accuracy: 0.6010
89/98 [==========================>...] - ETA: 0s - loss: 1.1478 - accuracy: 0.6003
95/98 [============================>.] - ETA: 0s - loss: 1.1483 - accuracy: 0.5998
98/98 [==============================] - 1s 14ms/step - loss: 1.1489 - accuracy: 0.5996 - val_loss: 1.1251 - val_accuracy: 0.6046
Epoch 18/114

 1/98 [..............................] - ETA: 3s - loss: 1.0834 - accuracy: 0.6211
 7/98 [=>............................] - ETA: 0s - loss: 1.1219 - accuracy: 0.6228
12/98 [==>...........................] - ETA: 0s - loss: 1.1239 - accuracy: 0.6195
18/98 [====>.........................] - ETA: 0s - loss: 1.1189 - accuracy: 0.6161
24/98 [======>.......................] - ETA: 0s - loss: 1.1256 - accuracy: 0.6130
30/98 [========>.....................] - ETA: 0s - loss: 1.1245 - accuracy: 0.6120
37/98 [==========>...................] - ETA: 0s - loss: 1.1294 - accuracy: 0.6104
43/98 [============>.................] - ETA: 0s - loss: 1.1338 - accuracy: 0.6085
50/98 [==============>...............] - ETA: 0s - loss: 1.1385 - accuracy: 0.6058
56/98 [================>.............] - ETA: 0s - loss: 1.1393 - accuracy: 0.6053
63/98 [==================>...........] - ETA: 0s - loss: 1.1374 - accuracy: 0.6056
70/98 [====================>.........] - ETA: 0s - loss: 1.1375 - accuracy: 0.6060
76/98 [======================>.......] - ETA: 0s - loss: 1.1386 - accuracy: 0.6053
82/98 [========================>.....] - ETA: 0s - loss: 1.1398 - accuracy: 0.6048
87/98 [=========================>....] - ETA: 0s - loss: 1.1387 - accuracy: 0.6047
93/98 [===========================>..] - ETA: 0s - loss: 1.1397 - accuracy: 0.6039
98/98 [==============================] - ETA: 0s - loss: 1.1402 - accuracy: 0.6039
98/98 [==============================] - 1s 15ms/step - loss: 1.1402 - accuracy: 0.6039 - val_loss: 1.1080 - val_accuracy: 0.6123
Epoch 19/114

 1/98 [..............................] - ETA: 1s - loss: 1.0904 - accuracy: 0.6074
 6/98 [>.............................] - ETA: 1s - loss: 1.1092 - accuracy: 0.6081
12/98 [==>...........................] - ETA: 0s - loss: 1.1131 - accuracy: 0.6095
18/98 [====>.........................] - ETA: 0s - loss: 1.1213 - accuracy: 0.6090
24/98 [======>.......................] - ETA: 0s - loss: 1.1228 - accuracy: 0.6067
31/98 [========>.....................] - ETA: 0s - loss: 1.1271 - accuracy: 0.6077
38/98 [==========>...................] - ETA: 0s - loss: 1.1252 - accuracy: 0.6090
44/98 [============>.................] - ETA: 0s - loss: 1.1287 - accuracy: 0.6090
50/98 [==============>...............] - ETA: 0s - loss: 1.1261 - accuracy: 0.6093
57/98 [================>.............] - ETA: 0s - loss: 1.1253 - accuracy: 0.6093
63/98 [==================>...........] - ETA: 0s - loss: 1.1271 - accuracy: 0.6088
70/98 [====================>.........] - ETA: 0s - loss: 1.1249 - accuracy: 0.6100
77/98 [======================>.......] - ETA: 0s - loss: 1.1222 - accuracy: 0.6102
83/98 [========================>.....] - ETA: 0s - loss: 1.1220 - accuracy: 0.6101
90/98 [==========================>...] - ETA: 0s - loss: 1.1231 - accuracy: 0.6096
96/98 [============================>.] - ETA: 0s - loss: 1.1222 - accuracy: 0.6100
98/98 [==============================] - 1s 14ms/step - loss: 1.1238 - accuracy: 0.6091 - val_loss: 1.1538 - val_accuracy: 0.5976
Epoch 20/114

 1/98 [..............................] - ETA: 2s - loss: 1.1110 - accuracy: 0.6172
 6/98 [>.............................] - ETA: 1s - loss: 1.1309 - accuracy: 0.6029
12/98 [==>...........................] - ETA: 0s - loss: 1.1362 - accuracy: 0.6032
18/98 [====>.........................] - ETA: 0s - loss: 1.1225 - accuracy: 0.6102
24/98 [======>.......................] - ETA: 0s - loss: 1.1169 - accuracy: 0.6143
30/98 [========>.....................] - ETA: 0s - loss: 1.1140 - accuracy: 0.6141
37/98 [==========>...................] - ETA: 0s - loss: 1.1153 - accuracy: 0.6143
44/98 [============>.................] - ETA: 0s - loss: 1.1213 - accuracy: 0.6125
51/98 [==============>...............] - ETA: 0s - loss: 1.1191 - accuracy: 0.6134
57/98 [================>.............] - ETA: 0s - loss: 1.1209 - accuracy: 0.6122
64/98 [==================>...........] - ETA: 0s - loss: 1.1216 - accuracy: 0.6122
71/98 [====================>.........] - ETA: 0s - loss: 1.1228 - accuracy: 0.6112
77/98 [======================>.......] - ETA: 0s - loss: 1.1226 - accuracy: 0.6123
84/98 [========================>.....] - ETA: 0s - loss: 1.1221 - accuracy: 0.6120
90/98 [==========================>...] - ETA: 0s - loss: 1.1224 - accuracy: 0.6119
96/98 [============================>.] - ETA: 0s - loss: 1.1240 - accuracy: 0.6104
98/98 [==============================] - 1s 14ms/step - loss: 1.1235 - accuracy: 0.6105 - val_loss: 1.1150 - val_accuracy: 0.6090
Epoch 21/114

 1/98 [..............................] - ETA: 1s - loss: 1.0614 - accuracy: 0.5918
 7/98 [=>............................] - ETA: 0s - loss: 1.1043 - accuracy: 0.6105
13/98 [==>...........................] - ETA: 0s - loss: 1.1294 - accuracy: 0.6066
18/98 [====>.........................] - ETA: 0s - loss: 1.1205 - accuracy: 0.6085
24/98 [======>.......................] - ETA: 0s - loss: 1.1188 - accuracy: 0.6120
30/98 [========>.....................] - ETA: 0s - loss: 1.1168 - accuracy: 0.6125
36/98 [==========>...................] - ETA: 0s - loss: 1.1161 - accuracy: 0.6133
43/98 [============>.................] - ETA: 0s - loss: 1.1116 - accuracy: 0.6149
49/98 [==============>...............] - ETA: 0s - loss: 1.1150 - accuracy: 0.6136
55/98 [===============>..............] - ETA: 0s - loss: 1.1121 - accuracy: 0.6140
61/98 [=================>............] - ETA: 0s - loss: 1.1147 - accuracy: 0.6129
67/98 [===================>..........] - ETA: 0s - loss: 1.1158 - accuracy: 0.6120
74/98 [=====================>........] - ETA: 0s - loss: 1.1154 - accuracy: 0.6124
80/98 [=======================>......] - ETA: 0s - loss: 1.1130 - accuracy: 0.6135
87/98 [=========================>....] - ETA: 0s - loss: 1.1153 - accuracy: 0.6124
93/98 [===========================>..] - ETA: 0s - loss: 1.1192 - accuracy: 0.6113
98/98 [==============================] - 1s 15ms/step - loss: 1.1210 - accuracy: 0.6118 - val_loss: 1.1802 - val_accuracy: 0.5880
Epoch 22/114

 1/98 [..............................] - ETA: 1s - loss: 1.0859 - accuracy: 0.6289
 7/98 [=>............................] - ETA: 0s - loss: 1.1152 - accuracy: 0.6144
12/98 [==>...........................] - ETA: 0s - loss: 1.1249 - accuracy: 0.6081
18/98 [====>.........................] - ETA: 0s - loss: 1.1221 - accuracy: 0.6067
24/98 [======>.......................] - ETA: 0s - loss: 1.1200 - accuracy: 0.6045
31/98 [========>.....................] - ETA: 0s - loss: 1.1106 - accuracy: 0.6098
37/98 [==========>...................] - ETA: 0s - loss: 1.1079 - accuracy: 0.6115
44/98 [============>.................] - ETA: 0s - loss: 1.1113 - accuracy: 0.6112
50/98 [==============>...............] - ETA: 0s - loss: 1.1111 - accuracy: 0.6116
57/98 [================>.............] - ETA: 0s - loss: 1.1088 - accuracy: 0.6141
64/98 [==================>...........] - ETA: 0s - loss: 1.1069 - accuracy: 0.6157
70/98 [====================>.........] - ETA: 0s - loss: 1.1045 - accuracy: 0.6165
77/98 [======================>.......] - ETA: 0s - loss: 1.1074 - accuracy: 0.6162
82/98 [========================>.....] - ETA: 0s - loss: 1.1106 - accuracy: 0.6153
88/98 [=========================>....] - ETA: 0s - loss: 1.1135 - accuracy: 0.6138
94/98 [===========================>..] - ETA: 0s - loss: 1.1143 - accuracy: 0.6131
98/98 [==============================] - 1s 14ms/step - loss: 1.1155 - accuracy: 0.6128 - val_loss: 1.0745 - val_accuracy: 0.6287
Epoch 23/114

 1/98 [..............................] - ETA: 1s - loss: 1.1176 - accuracy: 0.6191
 7/98 [=>............................] - ETA: 0s - loss: 1.0874 - accuracy: 0.6239
13/98 [==>...........................] - ETA: 0s - loss: 1.0743 - accuracy: 0.6295
19/98 [====>.........................] - ETA: 0s - loss: 1.0709 - accuracy: 0.6311
25/98 [======>.......................] - ETA: 0s - loss: 1.0782 - accuracy: 0.6293
31/98 [========>.....................] - ETA: 0s - loss: 1.0853 - accuracy: 0.6244
38/98 [==========>...................] - ETA: 0s - loss: 1.0877 - accuracy: 0.6232
44/98 [============>.................] - ETA: 0s - loss: 1.0966 - accuracy: 0.6211
51/98 [==============>...............] - ETA: 0s - loss: 1.1029 - accuracy: 0.6192
58/98 [================>.............] - ETA: 0s - loss: 1.1054 - accuracy: 0.6171
63/98 [==================>...........] - ETA: 0s - loss: 1.1078 - accuracy: 0.6158
69/98 [====================>.........] - ETA: 0s - loss: 1.1124 - accuracy: 0.6154
75/98 [=====================>........] - ETA: 0s - loss: 1.1132 - accuracy: 0.6145
81/98 [=======================>......] - ETA: 0s - loss: 1.1114 - accuracy: 0.6149
87/98 [=========================>....] - ETA: 0s - loss: 1.1092 - accuracy: 0.6159
93/98 [===========================>..] - ETA: 0s - loss: 1.1101 - accuracy: 0.6155
98/98 [==============================] - 1s 14ms/step - loss: 1.1104 - accuracy: 0.6155 - val_loss: 1.0926 - val_accuracy: 0.6164
Epoch 24/114

 1/98 [..............................] - ETA: 1s - loss: 1.0212 - accuracy: 0.6465
 6/98 [>.............................] - ETA: 1s - loss: 1.0801 - accuracy: 0.6243
12/98 [==>...........................] - ETA: 0s - loss: 1.0944 - accuracy: 0.6193
18/98 [====>.........................] - ETA: 0s - loss: 1.0934 - accuracy: 0.6215
24/98 [======>.......................] - ETA: 0s - loss: 1.0998 - accuracy: 0.6174
30/98 [========>.....................] - ETA: 0s - loss: 1.0994 - accuracy: 0.6174
37/98 [==========>...................] - ETA: 0s - loss: 1.1047 - accuracy: 0.6161
43/98 [============>.................] - ETA: 0s - loss: 1.1062 - accuracy: 0.6162
50/98 [==============>...............] - ETA: 0s - loss: 1.1097 - accuracy: 0.6151
57/98 [================>.............] - ETA: 0s - loss: 1.1031 - accuracy: 0.6169
64/98 [==================>...........] - ETA: 0s - loss: 1.1033 - accuracy: 0.6167
70/98 [====================>.........] - ETA: 0s - loss: 1.1008 - accuracy: 0.6186
76/98 [======================>.......] - ETA: 0s - loss: 1.1024 - accuracy: 0.6186
83/98 [========================>.....] - ETA: 0s - loss: 1.1015 - accuracy: 0.6188
89/98 [==========================>...] - ETA: 0s - loss: 1.1054 - accuracy: 0.6169
95/98 [============================>.] - ETA: 0s - loss: 1.1071 - accuracy: 0.6166
98/98 [==============================] - 1s 15ms/step - loss: 1.1065 - accuracy: 0.6170 - val_loss: 1.0904 - val_accuracy: 0.6253
Epoch 25/114

 1/98 [..............................] - ETA: 3s - loss: 1.0938 - accuracy: 0.6328
 8/98 [=>............................] - ETA: 0s - loss: 1.0818 - accuracy: 0.6227
14/98 [===>..........................] - ETA: 0s - loss: 1.0923 - accuracy: 0.6196
20/98 [=====>........................] - ETA: 0s - loss: 1.0891 - accuracy: 0.6192
26/98 [======>.......................] - ETA: 0s - loss: 1.0909 - accuracy: 0.6191
33/98 [=========>....................] - ETA: 0s - loss: 1.0898 - accuracy: 0.6208
40/98 [===========>..................] - ETA: 0s - loss: 1.0927 - accuracy: 0.6209
46/98 [=============>................] - ETA: 0s - loss: 1.0912 - accuracy: 0.6206
53/98 [===============>..............] - ETA: 0s - loss: 1.0947 - accuracy: 0.6191
60/98 [=================>............] - ETA: 0s - loss: 1.0958 - accuracy: 0.6189
66/98 [===================>..........] - ETA: 0s - loss: 1.0953 - accuracy: 0.6196
73/98 [=====================>........] - ETA: 0s - loss: 1.0936 - accuracy: 0.6199
80/98 [=======================>......] - ETA: 0s - loss: 1.0920 - accuracy: 0.6211
85/98 [=========================>....] - ETA: 0s - loss: 1.0947 - accuracy: 0.6199
91/98 [==========================>...] - ETA: 0s - loss: 1.0959 - accuracy: 0.6197
97/98 [============================>.] - ETA: 0s - loss: 1.0941 - accuracy: 0.6206
