2024-06-26 03:24:00.785998: I tensorflow/core/platform/cpu_feature_guard.cc:193] This TensorFlow binary is optimized with oneAPI Deep Neural Network Library (oneDNN) to use the following CPU instructions in performance-critical operations:  AVX AVX2
To enable them in other operations, rebuild TensorFlow with the appropriate compiler flags.
2024-06-26 03:24:01.425799: I tensorflow/core/common_runtime/gpu/gpu_device.cc:1616] Created device /job:localhost/replica:0/task:0/device:GPU:0 with 6656 MB memory:  -> device: 0, name: NVIDIA GeForce RTX 4060 Ti, pci bus id: 0000:01:00.0, compute capability: 8.9
1 Physical GPUs, 1 Logical GPUs
Model: "sequential"
_________________________________________________________________
 Layer (type)                Output Shape              Param #   
=================================================================
 conv2d (Conv2D)             (None, 32, 32, 32)        896       
                                                                 
 max_pooling2d (MaxPooling2D  (None, 16, 16, 32)       0         
 )                                                               
                                                                 
 batch_normalization (BatchN  (None, 16, 16, 32)       128       
 ormalization)                                                   
                                                                 
 dropout (Dropout)           (None, 16, 16, 32)        0         
                                                                 
 flatten (Flatten)           (None, 8192)              0         
                                                                 
 dense (Dense)               (None, 16)                131088    
                                                                 
 dropout_1 (Dropout)         (None, 16)                0         
                                                                 
 dense_1 (Dense)             (None, 10)                170       
                                                                 
=================================================================
Total params: 132,282
Trainable params: 132,218
Non-trainable params: 64
_________________________________________________________________
Taxa de aprendizado:  0.001 Num de épocas:  114 Tamanho do lote:  512 Dropout:  0.36273
Epoch 1/114
2024-06-26 03:24:03.072950: I tensorflow/stream_executor/cuda/cuda_dnn.cc:384] Loaded cuDNN version 8100
2024-06-26 03:24:04.171761: W tensorflow/stream_executor/gpu/redzone_allocator.cc:314] INTERNAL: ptxas exited with non-zero error code -1, output: 
Relying on driver to perform ptx compilation. 
Modify $PATH to customize ptxas location.
This message will be only logged once.
2024-06-26 03:24:05.048345: I tensorflow/stream_executor/cuda/cuda_blas.cc:1614] TensorFloat-32 will be used for the matrix multiplication. This will only be logged once.

 1/98 [..............................] - ETA: 5:51 - loss: 2.6635 - accuracy: 0.1035
 5/98 [>.............................] - ETA: 1s - loss: 2.4501 - accuracy: 0.1703  
 9/98 [=>............................] - ETA: 1s - loss: 2.3345 - accuracy: 0.2027
13/98 [==>...........................] - ETA: 1s - loss: 2.2682 - accuracy: 0.2216
17/98 [====>.........................] - ETA: 1s - loss: 2.2143 - accuracy: 0.2378
21/98 [=====>........................] - ETA: 1s - loss: 2.1779 - accuracy: 0.2475
24/98 [======>.......................] - ETA: 1s - loss: 2.1564 - accuracy: 0.2533
28/98 [=======>......................] - ETA: 1s - loss: 2.1268 - accuracy: 0.2649
31/98 [========>.....................] - ETA: 1s - loss: 2.1091 - accuracy: 0.2695
35/98 [=========>....................] - ETA: 1s - loss: 2.0882 - accuracy: 0.2742
39/98 [==========>...................] - ETA: 0s - loss: 2.0671 - accuracy: 0.2794
42/98 [===========>..................] - ETA: 0s - loss: 2.0555 - accuracy: 0.2839
46/98 [=============>................] - ETA: 0s - loss: 2.0372 - accuracy: 0.2901
50/98 [==============>...............] - ETA: 0s - loss: 2.0210 - accuracy: 0.2967
53/98 [===============>..............] - ETA: 0s - loss: 2.0073 - accuracy: 0.3017
58/98 [================>.............] - ETA: 0s - loss: 1.9899 - accuracy: 0.3073
63/98 [==================>...........] - ETA: 0s - loss: 1.9743 - accuracy: 0.3122
67/98 [===================>..........] - ETA: 0s - loss: 1.9627 - accuracy: 0.3159
71/98 [====================>.........] - ETA: 0s - loss: 1.9511 - accuracy: 0.3198
76/98 [======================>.......] - ETA: 0s - loss: 1.9344 - accuracy: 0.3249
82/98 [========================>.....] - ETA: 0s - loss: 1.9196 - accuracy: 0.3286
87/98 [=========================>....] - ETA: 0s - loss: 1.9077 - accuracy: 0.3326
92/98 [===========================>..] - ETA: 0s - loss: 1.8963 - accuracy: 0.3358
98/98 [==============================] - ETA: 0s - loss: 1.8814 - accuracy: 0.3404
98/98 [==============================] - 6s 27ms/step - loss: 1.8814 - accuracy: 0.3404 - val_loss: 1.9118 - val_accuracy: 0.4096
Epoch 2/114

 1/98 [..............................] - ETA: 3s - loss: 1.7078 - accuracy: 0.3809
 5/98 [>.............................] - ETA: 1s - loss: 1.6528 - accuracy: 0.4187
 9/98 [=>............................] - ETA: 1s - loss: 1.6480 - accuracy: 0.4184
13/98 [==>...........................] - ETA: 1s - loss: 1.6574 - accuracy: 0.4135
18/98 [====>.........................] - ETA: 1s - loss: 1.6504 - accuracy: 0.4176
24/98 [======>.......................] - ETA: 1s - loss: 1.6477 - accuracy: 0.4137
30/98 [========>.....................] - ETA: 0s - loss: 1.6460 - accuracy: 0.4141
35/98 [=========>....................] - ETA: 0s - loss: 1.6362 - accuracy: 0.4182
41/98 [===========>..................] - ETA: 0s - loss: 1.6249 - accuracy: 0.4231
46/98 [=============>................] - ETA: 0s - loss: 1.6197 - accuracy: 0.4249
51/98 [==============>...............] - ETA: 0s - loss: 1.6135 - accuracy: 0.4282
56/98 [================>.............] - ETA: 0s - loss: 1.6120 - accuracy: 0.4290
62/98 [=================>............] - ETA: 0s - loss: 1.6056 - accuracy: 0.4309
67/98 [===================>..........] - ETA: 0s - loss: 1.6006 - accuracy: 0.4332
72/98 [=====================>........] - ETA: 0s - loss: 1.5948 - accuracy: 0.4357
78/98 [======================>.......] - ETA: 0s - loss: 1.5870 - accuracy: 0.4385
84/98 [========================>.....] - ETA: 0s - loss: 1.5839 - accuracy: 0.4390
89/98 [==========================>...] - ETA: 0s - loss: 1.5791 - accuracy: 0.4408
93/98 [===========================>..] - ETA: 0s - loss: 1.5755 - accuracy: 0.4429
97/98 [============================>.] - ETA: 0s - loss: 1.5741 - accuracy: 0.4440
98/98 [==============================] - 2s 21ms/step - loss: 1.5732 - accuracy: 0.4442 - val_loss: 1.7830 - val_accuracy: 0.3866
Epoch 3/114

 1/98 [..............................] - ETA: 2s - loss: 1.4128 - accuracy: 0.5156
 5/98 [>.............................] - ETA: 1s - loss: 1.4610 - accuracy: 0.5004
10/98 [==>...........................] - ETA: 1s - loss: 1.4841 - accuracy: 0.4867
16/98 [===>..........................] - ETA: 1s - loss: 1.4718 - accuracy: 0.4802
22/98 [=====>........................] - ETA: 0s - loss: 1.4737 - accuracy: 0.4798
27/98 [=======>......................] - ETA: 0s - loss: 1.4686 - accuracy: 0.4827
32/98 [========>.....................] - ETA: 0s - loss: 1.4665 - accuracy: 0.4846
38/98 [==========>...................] - ETA: 0s - loss: 1.4678 - accuracy: 0.4845
43/98 [============>.................] - ETA: 0s - loss: 1.4659 - accuracy: 0.4850
48/98 [=============>................] - ETA: 0s - loss: 1.4670 - accuracy: 0.4840
53/98 [===============>..............] - ETA: 0s - loss: 1.4660 - accuracy: 0.4843
58/98 [================>.............] - ETA: 0s - loss: 1.4624 - accuracy: 0.4852
64/98 [==================>...........] - ETA: 0s - loss: 1.4574 - accuracy: 0.4870
69/98 [====================>.........] - ETA: 0s - loss: 1.4523 - accuracy: 0.4886
74/98 [=====================>........] - ETA: 0s - loss: 1.4501 - accuracy: 0.4888
78/98 [======================>.......] - ETA: 0s - loss: 1.4476 - accuracy: 0.4900
82/98 [========================>.....] - ETA: 0s - loss: 1.4470 - accuracy: 0.4903
86/98 [=========================>....] - ETA: 0s - loss: 1.4454 - accuracy: 0.4911
90/98 [==========================>...] - ETA: 0s - loss: 1.4458 - accuracy: 0.4909
94/98 [===========================>..] - ETA: 0s - loss: 1.4422 - accuracy: 0.4924
98/98 [==============================] - ETA: 0s - loss: 1.4386 - accuracy: 0.4938
98/98 [==============================] - 2s 21ms/step - loss: 1.4386 - accuracy: 0.4938 - val_loss: 1.6088 - val_accuracy: 0.4668
Epoch 4/114

 1/98 [..............................] - ETA: 1s - loss: 1.3999 - accuracy: 0.4805
 6/98 [>.............................] - ETA: 1s - loss: 1.3649 - accuracy: 0.5072
12/98 [==>...........................] - ETA: 0s - loss: 1.3905 - accuracy: 0.5086
18/98 [====>.........................] - ETA: 0s - loss: 1.3856 - accuracy: 0.5122
23/98 [======>.......................] - ETA: 0s - loss: 1.3826 - accuracy: 0.5147
29/98 [=======>......................] - ETA: 0s - loss: 1.3832 - accuracy: 0.5140
35/98 [=========>....................] - ETA: 0s - loss: 1.3806 - accuracy: 0.5157
40/98 [===========>..................] - ETA: 0s - loss: 1.3798 - accuracy: 0.5164
46/98 [=============>................] - ETA: 0s - loss: 1.3797 - accuracy: 0.5161
52/98 [==============>...............] - ETA: 0s - loss: 1.3740 - accuracy: 0.5177
58/98 [================>.............] - ETA: 0s - loss: 1.3727 - accuracy: 0.5192
63/98 [==================>...........] - ETA: 0s - loss: 1.3710 - accuracy: 0.5209
67/98 [===================>..........] - ETA: 0s - loss: 1.3715 - accuracy: 0.5201
70/98 [====================>.........] - ETA: 0s - loss: 1.3715 - accuracy: 0.5199
74/98 [=====================>........] - ETA: 0s - loss: 1.3709 - accuracy: 0.5196
79/98 [=======================>......] - ETA: 0s - loss: 1.3705 - accuracy: 0.5199
84/98 [========================>.....] - ETA: 0s - loss: 1.3709 - accuracy: 0.5200
88/98 [=========================>....] - ETA: 0s - loss: 1.3713 - accuracy: 0.5204
92/98 [===========================>..] - ETA: 0s - loss: 1.3686 - accuracy: 0.5214
95/98 [============================>.] - ETA: 0s - loss: 1.3676 - accuracy: 0.5216
98/98 [==============================] - 2s 21ms/step - loss: 1.3682 - accuracy: 0.5215 - val_loss: 1.3946 - val_accuracy: 0.5300
Epoch 5/114

 1/98 [..............................] - ETA: 2s - loss: 1.3147 - accuracy: 0.5273
 6/98 [>.............................] - ETA: 0s - loss: 1.3280 - accuracy: 0.5326
11/98 [==>...........................] - ETA: 0s - loss: 1.3119 - accuracy: 0.5412
16/98 [===>..........................] - ETA: 0s - loss: 1.3063 - accuracy: 0.5464
22/98 [=====>........................] - ETA: 0s - loss: 1.3125 - accuracy: 0.5444
27/98 [=======>......................] - ETA: 0s - loss: 1.3128 - accuracy: 0.5443
32/98 [========>.....................] - ETA: 0s - loss: 1.3177 - accuracy: 0.5422
37/98 [==========>...................] - ETA: 0s - loss: 1.3195 - accuracy: 0.5414
43/98 [============>.................] - ETA: 0s - loss: 1.3209 - accuracy: 0.5417
47/98 [=============>................] - ETA: 0s - loss: 1.3257 - accuracy: 0.5409
52/98 [==============>...............] - ETA: 0s - loss: 1.3218 - accuracy: 0.5423
56/98 [================>.............] - ETA: 0s - loss: 1.3200 - accuracy: 0.5428
60/98 [=================>............] - ETA: 0s - loss: 1.3201 - accuracy: 0.5434
64/98 [==================>...........] - ETA: 0s - loss: 1.3214 - accuracy: 0.5431
68/98 [===================>..........] - ETA: 0s - loss: 1.3221 - accuracy: 0.5434
72/98 [=====================>........] - ETA: 0s - loss: 1.3218 - accuracy: 0.5427
75/98 [=====================>........] - ETA: 0s - loss: 1.3212 - accuracy: 0.5423
79/98 [=======================>......] - ETA: 0s - loss: 1.3222 - accuracy: 0.5419
83/98 [========================>.....] - ETA: 0s - loss: 1.3221 - accuracy: 0.5421
88/98 [=========================>....] - ETA: 0s - loss: 1.3227 - accuracy: 0.5418
92/98 [===========================>..] - ETA: 0s - loss: 1.3217 - accuracy: 0.5416
96/98 [============================>.] - ETA: 0s - loss: 1.3213 - accuracy: 0.5417
98/98 [==============================] - 2s 21ms/step - loss: 1.3207 - accuracy: 0.5418 - val_loss: 1.2509 - val_accuracy: 0.5853
Epoch 6/114

 1/98 [..............................] - ETA: 1s - loss: 1.2688 - accuracy: 0.5685
 6/98 [>.............................] - ETA: 1s - loss: 1.3187 - accuracy: 0.5432
12/98 [==>...........................] - ETA: 0s - loss: 1.2999 - accuracy: 0.5523
17/98 [====>.........................] - ETA: 0s - loss: 1.3045 - accuracy: 0.5502
23/98 [======>.......................] - ETA: 0s - loss: 1.3131 - accuracy: 0.5447
28/98 [=======>......................] - ETA: 0s - loss: 1.3112 - accuracy: 0.5475
34/98 [=========>....................] - ETA: 0s - loss: 1.3107 - accuracy: 0.5481
40/98 [===========>..................] - ETA: 0s - loss: 1.3103 - accuracy: 0.5462
44/98 [============>.................] - ETA: 0s - loss: 1.3044 - accuracy: 0.5482
47/98 [=============>................] - ETA: 0s - loss: 1.3024 - accuracy: 0.5486
51/98 [==============>...............] - ETA: 0s - loss: 1.3002 - accuracy: 0.5494
55/98 [===============>..............] - ETA: 0s - loss: 1.2988 - accuracy: 0.5502
59/98 [=================>............] - ETA: 0s - loss: 1.2980 - accuracy: 0.5515
63/98 [==================>...........] - ETA: 0s - loss: 1.2981 - accuracy: 0.5518
67/98 [===================>..........] - ETA: 0s - loss: 1.2987 - accuracy: 0.5511
71/98 [====================>.........] - ETA: 0s - loss: 1.2953 - accuracy: 0.5523
76/98 [======================>.......] - ETA: 0s - loss: 1.2941 - accuracy: 0.5519
80/98 [=======================>......] - ETA: 0s - loss: 1.2947 - accuracy: 0.5517
84/98 [========================>.....] - ETA: 0s - loss: 1.2922 - accuracy: 0.5527
88/98 [=========================>....] - ETA: 0s - loss: 1.2899 - accuracy: 0.5529
92/98 [===========================>..] - ETA: 0s - loss: 1.2905 - accuracy: 0.5526
96/98 [============================>.] - ETA: 0s - loss: 1.2907 - accuracy: 0.5519
98/98 [==============================] - 2s 21ms/step - loss: 1.2918 - accuracy: 0.5518 - val_loss: 1.4174 - val_accuracy: 0.4707
Epoch 7/114

 1/98 [..............................] - ETA: 1s - loss: 1.2964 - accuracy: 0.5566
 6/98 [>.............................] - ETA: 1s - loss: 1.2480 - accuracy: 0.5654
12/98 [==>...........................] - ETA: 0s - loss: 1.2511 - accuracy: 0.5604
17/98 [====>.........................] - ETA: 0s - loss: 1.2504 - accuracy: 0.5592
23/98 [======>.......................] - ETA: 0s - loss: 1.2473 - accuracy: 0.5620
28/98 [=======>......................] - ETA: 0s - loss: 1.2483 - accuracy: 0.5619
32/98 [========>.....................] - ETA: 0s - loss: 1.2524 - accuracy: 0.5612
36/98 [==========>...................] - ETA: 0s - loss: 1.2518 - accuracy: 0.5612
41/98 [===========>..................] - ETA: 0s - loss: 1.2516 - accuracy: 0.5614
45/98 [============>.................] - ETA: 0s - loss: 1.2523 - accuracy: 0.5615
49/98 [==============>...............] - ETA: 0s - loss: 1.2520 - accuracy: 0.5607
54/98 [===============>..............] - ETA: 0s - loss: 1.2547 - accuracy: 0.5612
58/98 [================>.............] - ETA: 0s - loss: 1.2547 - accuracy: 0.5607
62/98 [=================>............] - ETA: 0s - loss: 1.2555 - accuracy: 0.5617
66/98 [===================>..........] - ETA: 0s - loss: 1.2573 - accuracy: 0.5605
71/98 [====================>.........] - ETA: 0s - loss: 1.2576 - accuracy: 0.5601
75/98 [=====================>........] - ETA: 0s - loss: 1.2595 - accuracy: 0.5593
79/98 [=======================>......] - ETA: 0s - loss: 1.2594 - accuracy: 0.5598
83/98 [========================>.....] - ETA: 0s - loss: 1.2617 - accuracy: 0.5586
87/98 [=========================>....] - ETA: 0s - loss: 1.2627 - accuracy: 0.5590
92/98 [===========================>..] - ETA: 0s - loss: 1.2653 - accuracy: 0.5582
96/98 [============================>.] - ETA: 0s - loss: 1.2665 - accuracy: 0.5574
98/98 [==============================] - 2s 21ms/step - loss: 1.2652 - accuracy: 0.5576 - val_loss: 1.2162 - val_accuracy: 0.5794
Epoch 8/114

 1/98 [..............................] - ETA: 1s - loss: 1.2786 - accuracy: 0.5820
 6/98 [>.............................] - ETA: 1s - loss: 1.2551 - accuracy: 0.5742
11/98 [==>...........................] - ETA: 1s - loss: 1.2537 - accuracy: 0.5732
17/98 [====>.........................] - ETA: 0s - loss: 1.2604 - accuracy: 0.5702
21/98 [=====>........................] - ETA: 0s - loss: 1.2604 - accuracy: 0.5680
24/98 [======>.......................] - ETA: 0s - loss: 1.2629 - accuracy: 0.5667
28/98 [=======>......................] - ETA: 0s - loss: 1.2623 - accuracy: 0.5662
32/98 [========>.....................] - ETA: 0s - loss: 1.2587 - accuracy: 0.5675
36/98 [==========>...................] - ETA: 0s - loss: 1.2573 - accuracy: 0.5669
40/98 [===========>..................] - ETA: 0s - loss: 1.2571 - accuracy: 0.5663
44/98 [============>.................] - ETA: 0s - loss: 1.2556 - accuracy: 0.5657
49/98 [==============>...............] - ETA: 0s - loss: 1.2528 - accuracy: 0.5664
53/98 [===============>..............] - ETA: 0s - loss: 1.2556 - accuracy: 0.5655
57/98 [================>.............] - ETA: 0s - loss: 1.2521 - accuracy: 0.5675
61/98 [=================>............] - ETA: 0s - loss: 1.2514 - accuracy: 0.5676
65/98 [==================>...........] - ETA: 0s - loss: 1.2507 - accuracy: 0.5672
69/98 [====================>.........] - ETA: 0s - loss: 1.2488 - accuracy: 0.5678
73/98 [=====================>........] - ETA: 0s - loss: 1.2484 - accuracy: 0.5682
77/98 [======================>.......] - ETA: 0s - loss: 1.2469 - accuracy: 0.5682
81/98 [=======================>......] - ETA: 0s - loss: 1.2446 - accuracy: 0.5690
85/98 [=========================>....] - ETA: 0s - loss: 1.2441 - accuracy: 0.5692
90/98 [==========================>...] - ETA: 0s - loss: 1.2424 - accuracy: 0.5694
94/98 [===========================>..] - ETA: 0s - loss: 1.2427 - accuracy: 0.5699
98/98 [==============================] - ETA: 0s - loss: 1.2419 - accuracy: 0.5705
98/98 [==============================] - 2s 21ms/step - loss: 1.2419 - accuracy: 0.5705 - val_loss: 1.2765 - val_accuracy: 0.5554
Epoch 9/114

 1/98 [..............................] - ETA: 2s - loss: 1.2757 - accuracy: 0.5332
 7/98 [=>............................] - ETA: 0s - loss: 1.2326 - accuracy: 0.5639
12/98 [==>...........................] - ETA: 0s - loss: 1.2279 - accuracy: 0.5679
15/98 [===>..........................] - ETA: 1s - loss: 1.2276 - accuracy: 0.5678
19/98 [====>.........................] - ETA: 1s - loss: 1.2306 - accuracy: 0.5653
23/98 [======>.......................] - ETA: 1s - loss: 1.2229 - accuracy: 0.5718
27/98 [=======>......................] - ETA: 1s - loss: 1.2205 - accuracy: 0.5729
31/98 [========>.....................] - ETA: 0s - loss: 1.2190 - accuracy: 0.5737
35/98 [=========>....................] - ETA: 0s - loss: 1.2181 - accuracy: 0.5745
39/98 [==========>...................] - ETA: 0s - loss: 1.2161 - accuracy: 0.5752
43/98 [============>.................] - ETA: 0s - loss: 1.2138 - accuracy: 0.5759
47/98 [=============>................] - ETA: 0s - loss: 1.2134 - accuracy: 0.5757
51/98 [==============>...............] - ETA: 0s - loss: 1.2157 - accuracy: 0.5753
55/98 [===============>..............] - ETA: 0s - loss: 1.2164 - accuracy: 0.5747
59/98 [=================>............] - ETA: 0s - loss: 1.2164 - accuracy: 0.5753
63/98 [==================>...........] - ETA: 0s - loss: 1.2191 - accuracy: 0.5739
67/98 [===================>..........] - ETA: 0s - loss: 1.2194 - accuracy: 0.5740
71/98 [====================>.........] - ETA: 0s - loss: 1.2208 - accuracy: 0.5737
75/98 [=====================>........] - ETA: 0s - loss: 1.2224 - accuracy: 0.5727
79/98 [=======================>......] - ETA: 0s - loss: 1.2239 - accuracy: 0.5722
83/98 [========================>.....] - ETA: 0s - loss: 1.2239 - accuracy: 0.5728
87/98 [=========================>....] - ETA: 0s - loss: 1.2250 - accuracy: 0.5729
91/98 [==========================>...] - ETA: 0s - loss: 1.2248 - accuracy: 0.5730
95/98 [============================>.] - ETA: 0s - loss: 1.2258 - accuracy: 0.5728
98/98 [==============================] - 2s 21ms/step - loss: 1.2254 - accuracy: 0.5725 - val_loss: 1.3033 - val_accuracy: 0.5410
Epoch 10/114

 1/98 [..............................] - ETA: 3s - loss: 1.1634 - accuracy: 0.6152
 5/98 [>.............................] - ETA: 1s - loss: 1.2303 - accuracy: 0.5750
 9/98 [=>............................] - ETA: 1s - loss: 1.2154 - accuracy: 0.5755
13/98 [==>...........................] - ETA: 1s - loss: 1.2173 - accuracy: 0.5766
18/98 [====>.........................] - ETA: 1s - loss: 1.2110 - accuracy: 0.5771
23/98 [======>.......................] - ETA: 1s - loss: 1.2144 - accuracy: 0.5770
27/98 [=======>......................] - ETA: 1s - loss: 1.2138 - accuracy: 0.5773
31/98 [========>.....................] - ETA: 1s - loss: 1.2072 - accuracy: 0.5791
35/98 [=========>....................] - ETA: 0s - loss: 1.2055 - accuracy: 0.5801
40/98 [===========>..................] - ETA: 0s - loss: 1.2079 - accuracy: 0.5805
44/98 [============>.................] - ETA: 0s - loss: 1.2074 - accuracy: 0.5816
48/98 [=============>................] - ETA: 0s - loss: 1.2078 - accuracy: 0.5813
52/98 [==============>...............] - ETA: 0s - loss: 1.2076 - accuracy: 0.5805
56/98 [================>.............] - ETA: 0s - loss: 1.2082 - accuracy: 0.5808
60/98 [=================>............] - ETA: 0s - loss: 1.2099 - accuracy: 0.5801
64/98 [==================>...........] - ETA: 0s - loss: 1.2116 - accuracy: 0.5795
68/98 [===================>..........] - ETA: 0s - loss: 1.2121 - accuracy: 0.5793
72/98 [=====================>........] - ETA: 0s - loss: 1.2123 - accuracy: 0.5798
77/98 [======================>.......] - ETA: 0s - loss: 1.2138 - accuracy: 0.5794
81/98 [=======================>......] - ETA: 0s - loss: 1.2141 - accuracy: 0.5787
85/98 [=========================>....] - ETA: 0s - loss: 1.2137 - accuracy: 0.5793
88/98 [=========================>....] - ETA: 0s - loss: 1.2142 - accuracy: 0.5795
92/98 [===========================>..] - ETA: 0s - loss: 1.2126 - accuracy: 0.5801
97/98 [============================>.] - ETA: 0s - loss: 1.2137 - accuracy: 0.5798
98/98 [==============================] - 2s 20ms/step - loss: 1.2138 - accuracy: 0.5799 - val_loss: 1.2413 - val_accuracy: 0.5685
Epoch 11/114

 1/98 [..............................] - ETA: 3s - loss: 1.2633 - accuracy: 0.5449
 5/98 [>.............................] - ETA: 1s - loss: 1.2023 - accuracy: 0.5703
 9/98 [=>............................] - ETA: 1s - loss: 1.1831 - accuracy: 0.5816
13/98 [==>...........................] - ETA: 1s - loss: 1.1868 - accuracy: 0.5822
17/98 [====>.........................] - ETA: 1s - loss: 1.1834 - accuracy: 0.5850
21/98 [=====>........................] - ETA: 1s - loss: 1.1745 - accuracy: 0.5893
24/98 [======>.......................] - ETA: 1s - loss: 1.1745 - accuracy: 0.5886
28/98 [=======>......................] - ETA: 1s - loss: 1.1757 - accuracy: 0.5887
32/98 [========>.....................] - ETA: 1s - loss: 1.1772 - accuracy: 0.5905
36/98 [==========>...................] - ETA: 0s - loss: 1.1781 - accuracy: 0.5920
40/98 [===========>..................] - ETA: 0s - loss: 1.1822 - accuracy: 0.5896
44/98 [============>.................] - ETA: 0s - loss: 1.1829 - accuracy: 0.5894
48/98 [=============>................] - ETA: 0s - loss: 1.1813 - accuracy: 0.5898
52/98 [==============>...............] - ETA: 0s - loss: 1.1834 - accuracy: 0.5889
56/98 [================>.............] - ETA: 0s - loss: 1.1832 - accuracy: 0.5883
60/98 [=================>............] - ETA: 0s - loss: 1.1832 - accuracy: 0.5885
64/98 [==================>...........] - ETA: 0s - loss: 1.1838 - accuracy: 0.5888
69/98 [====================>.........] - ETA: 0s - loss: 1.1865 - accuracy: 0.5883
74/98 [=====================>........] - ETA: 0s - loss: 1.1877 - accuracy: 0.5883
78/98 [======================>.......] - ETA: 0s - loss: 1.1888 - accuracy: 0.5879
82/98 [========================>.....] - ETA: 0s - loss: 1.1885 - accuracy: 0.5876
87/98 [=========================>....] - ETA: 0s - loss: 1.1920 - accuracy: 0.5863
92/98 [===========================>..] - ETA: 0s - loss: 1.1920 - accuracy: 0.5859
97/98 [============================>.] - ETA: 0s - loss: 1.1936 - accuracy: 0.5853
98/98 [==============================] - 2s 20ms/step - loss: 1.1936 - accuracy: 0.5853 - val_loss: 1.1610 - val_accuracy: 0.5963
Epoch 12/114

 1/98 [..............................] - ETA: 3s - loss: 1.1623 - accuracy: 0.6152
 5/98 [>.............................] - ETA: 1s - loss: 1.1781 - accuracy: 0.5887
 8/98 [=>............................] - ETA: 1s - loss: 1.1749 - accuracy: 0.5857
12/98 [==>...........................] - ETA: 1s - loss: 1.1840 - accuracy: 0.5879
16/98 [===>..........................] - ETA: 1s - loss: 1.1862 - accuracy: 0.5858
20/98 [=====>........................] - ETA: 1s - loss: 1.1818 - accuracy: 0.5875
24/98 [======>.......................] - ETA: 1s - loss: 1.1816 - accuracy: 0.5888
28/98 [=======>......................] - ETA: 1s - loss: 1.1831 - accuracy: 0.5877
32/98 [========>.....................] - ETA: 1s - loss: 1.1858 - accuracy: 0.5867
36/98 [==========>...................] - ETA: 0s - loss: 1.1849 - accuracy: 0.5865
40/98 [===========>..................] - ETA: 0s - loss: 1.1823 - accuracy: 0.5874
44/98 [============>.................] - ETA: 0s - loss: 1.1824 - accuracy: 0.5881
48/98 [=============>................] - ETA: 0s - loss: 1.1826 - accuracy: 0.5874
52/98 [==============>...............] - ETA: 0s - loss: 1.1825 - accuracy: 0.5875
56/98 [================>.............] - ETA: 0s - loss: 1.1803 - accuracy: 0.5880
60/98 [=================>............] - ETA: 0s - loss: 1.1830 - accuracy: 0.5866
64/98 [==================>...........] - ETA: 0s - loss: 1.1812 - accuracy: 0.5872
68/98 [===================>..........] - ETA: 0s - loss: 1.1796 - accuracy: 0.5882
72/98 [=====================>........] - ETA: 0s - loss: 1.1804 - accuracy: 0.5884
77/98 [======================>.......] - ETA: 0s - loss: 1.1823 - accuracy: 0.5870
81/98 [=======================>......] - ETA: 0s - loss: 1.1842 - accuracy: 0.5864
85/98 [=========================>....] - ETA: 0s - loss: 1.1850 - accuracy: 0.5862
89/98 [==========================>...] - ETA: 0s - loss: 1.1870 - accuracy: 0.5855
93/98 [===========================>..] - ETA: 0s - loss: 1.1873 - accuracy: 0.5850
98/98 [==============================] - 2s 21ms/step - loss: 1.1857 - accuracy: 0.5856 - val_loss: 1.2184 - val_accuracy: 0.5678
Epoch 13/114

 1/98 [..............................] - ETA: 3s - loss: 1.2004 - accuracy: 0.5977
 5/98 [>.............................] - ETA: 1s - loss: 1.1678 - accuracy: 0.6004
10/98 [==>...........................] - ETA: 1s - loss: 1.1842 - accuracy: 0.5983
15/98 [===>..........................] - ETA: 1s - loss: 1.1745 - accuracy: 0.5993
19/98 [====>.........................] - ETA: 1s - loss: 1.1677 - accuracy: 0.6037
23/98 [======>.......................] - ETA: 1s - loss: 1.1684 - accuracy: 0.6023
27/98 [=======>......................] - ETA: 1s - loss: 1.1660 - accuracy: 0.5997
32/98 [========>.....................] - ETA: 0s - loss: 1.1701 - accuracy: 0.5981
36/98 [==========>...................] - ETA: 0s - loss: 1.1674 - accuracy: 0.5983
40/98 [===========>..................] - ETA: 0s - loss: 1.1685 - accuracy: 0.5984
44/98 [============>.................] - ETA: 0s - loss: 1.1656 - accuracy: 0.5993
48/98 [=============>................] - ETA: 0s - loss: 1.1649 - accuracy: 0.5993
52/98 [==============>...............] - ETA: 0s - loss: 1.1670 - accuracy: 0.5985
57/98 [================>.............] - ETA: 0s - loss: 1.1701 - accuracy: 0.5965
61/98 [=================>............] - ETA: 0s - loss: 1.1697 - accuracy: 0.5974
65/98 [==================>...........] - ETA: 0s - loss: 1.1700 - accuracy: 0.5967
69/98 [====================>.........] - ETA: 0s - loss: 1.1689 - accuracy: 0.5971
72/98 [=====================>........] - ETA: 0s - loss: 1.1680 - accuracy: 0.5979
76/98 [======================>.......] - ETA: 0s - loss: 1.1706 - accuracy: 0.5972
80/98 [=======================>......] - ETA: 0s - loss: 1.1699 - accuracy: 0.5975
84/98 [========================>.....] - ETA: 0s - loss: 1.1721 - accuracy: 0.5971
88/98 [=========================>....] - ETA: 0s - loss: 1.1724 - accuracy: 0.5970
92/98 [===========================>..] - ETA: 0s - loss: 1.1737 - accuracy: 0.5964
98/98 [==============================] - 2s 20ms/step - loss: 1.1756 - accuracy: 0.5951 - val_loss: 1.1882 - val_accuracy: 0.5928
Epoch 14/114

 1/98 [..............................] - ETA: 4s - loss: 1.1467 - accuracy: 0.6094
 5/98 [>.............................] - ETA: 1s - loss: 1.1698 - accuracy: 0.5965
10/98 [==>...........................] - ETA: 1s - loss: 1.1745 - accuracy: 0.5912
15/98 [===>..........................] - ETA: 1s - loss: 1.1806 - accuracy: 0.5868
19/98 [====>.........................] - ETA: 1s - loss: 1.1750 - accuracy: 0.5877
23/98 [======>.......................] - ETA: 1s - loss: 1.1695 - accuracy: 0.5915
27/98 [=======>......................] - ETA: 1s - loss: 1.1696 - accuracy: 0.5926
31/98 [========>.....................] - ETA: 1s - loss: 1.1701 - accuracy: 0.5946
35/98 [=========>....................] - ETA: 0s - loss: 1.1647 - accuracy: 0.5963
39/98 [==========>...................] - ETA: 0s - loss: 1.1653 - accuracy: 0.5957
43/98 [============>.................] - ETA: 0s - loss: 1.1652 - accuracy: 0.5951
47/98 [=============>................] - ETA: 0s - loss: 1.1668 - accuracy: 0.5946
52/98 [==============>...............] - ETA: 0s - loss: 1.1699 - accuracy: 0.5934
57/98 [================>.............] - ETA: 0s - loss: 1.1715 - accuracy: 0.5920
61/98 [=================>............] - ETA: 0s - loss: 1.1717 - accuracy: 0.5923
65/98 [==================>...........] - ETA: 0s - loss: 1.1707 - accuracy: 0.5928
69/98 [====================>.........] - ETA: 0s - loss: 1.1679 - accuracy: 0.5939
73/98 [=====================>........] - ETA: 0s - loss: 1.1697 - accuracy: 0.5939
77/98 [======================>.......] - ETA: 0s - loss: 1.1713 - accuracy: 0.5939
81/98 [=======================>......] - ETA: 0s - loss: 1.1733 - accuracy: 0.5929
85/98 [=========================>....] - ETA: 0s - loss: 1.1724 - accuracy: 0.5930
89/98 [==========================>...] - ETA: 0s - loss: 1.1717 - accuracy: 0.5935
95/98 [============================>.] - ETA: 0s - loss: 1.1722 - accuracy: 0.5927
98/98 [==============================] - 2s 20ms/step - loss: 1.1711 - accuracy: 0.5929 - val_loss: 1.1086 - val_accuracy: 0.6222
Epoch 15/114

 1/98 [..............................] - ETA: 3s - loss: 1.0992 - accuracy: 0.6289
 6/98 [>.............................] - ETA: 1s - loss: 1.1399 - accuracy: 0.6038
 9/98 [=>............................] - ETA: 1s - loss: 1.1321 - accuracy: 0.6070
13/98 [==>...........................] - ETA: 1s - loss: 1.1387 - accuracy: 0.6077
17/98 [====>.........................] - ETA: 1s - loss: 1.1387 - accuracy: 0.6085
21/98 [=====>........................] - ETA: 1s - loss: 1.1342 - accuracy: 0.6081
25/98 [======>.......................] - ETA: 1s - loss: 1.1315 - accuracy: 0.6073
29/98 [=======>......................] - ETA: 1s - loss: 1.1326 - accuracy: 0.6078
33/98 [=========>....................] - ETA: 0s - loss: 1.1406 - accuracy: 0.6054
37/98 [==========>...................] - ETA: 0s - loss: 1.1400 - accuracy: 0.6053
41/98 [===========>..................] - ETA: 0s - loss: 1.1421 - accuracy: 0.6043
45/98 [============>.................] - ETA: 0s - loss: 1.1421 - accuracy: 0.6033
49/98 [==============>...............] - ETA: 0s - loss: 1.1442 - accuracy: 0.6029
53/98 [===============>..............] - ETA: 0s - loss: 1.1435 - accuracy: 0.6035
57/98 [================>.............] - ETA: 0s - loss: 1.1426 - accuracy: 0.6039
61/98 [=================>............] - ETA: 0s - loss: 1.1442 - accuracy: 0.6035
66/98 [===================>..........] - ETA: 0s - loss: 1.1473 - accuracy: 0.6027
70/98 [====================>.........] - ETA: 0s - loss: 1.1475 - accuracy: 0.6032
74/98 [=====================>........] - ETA: 0s - loss: 1.1478 - accuracy: 0.6023
78/98 [======================>.......] - ETA: 0s - loss: 1.1472 - accuracy: 0.6017
83/98 [========================>.....] - ETA: 0s - loss: 1.1490 - accuracy: 0.6003
87/98 [=========================>....] - ETA: 0s - loss: 1.1502 - accuracy: 0.5993
92/98 [===========================>..] - ETA: 0s - loss: 1.1512 - accuracy: 0.5986
98/98 [==============================] - ETA: 0s - loss: 1.1517 - accuracy: 0.5989
98/98 [==============================] - 2s 20ms/step - loss: 1.1517 - accuracy: 0.5989 - val_loss: 1.0901 - val_accuracy: 0.6268
Epoch 16/114

 1/98 [..............................] - ETA: 3s - loss: 1.1595 - accuracy: 0.5781
 5/98 [>.............................] - ETA: 1s - loss: 1.1231 - accuracy: 0.6043
 9/98 [=>............................] - ETA: 1s - loss: 1.1110 - accuracy: 0.6131
14/98 [===>..........................] - ETA: 1s - loss: 1.1179 - accuracy: 0.6110
18/98 [====>.........................] - ETA: 1s - loss: 1.1193 - accuracy: 0.6100
22/98 [=====>........................] - ETA: 1s - loss: 1.1224 - accuracy: 0.6101
26/98 [======>.......................] - ETA: 1s - loss: 1.1260 - accuracy: 0.6085
31/98 [========>.....................] - ETA: 1s - loss: 1.1327 - accuracy: 0.6051
36/98 [==========>...................] - ETA: 0s - loss: 1.1385 - accuracy: 0.6040
40/98 [===========>..................] - ETA: 0s - loss: 1.1429 - accuracy: 0.6030
44/98 [============>.................] - ETA: 0s - loss: 1.1463 - accuracy: 0.6018
49/98 [==============>...............] - ETA: 0s - loss: 1.1456 - accuracy: 0.6023
53/98 [===============>..............] - ETA: 0s - loss: 1.1459 - accuracy: 0.6023
57/98 [================>.............] - ETA: 0s - loss: 1.1437 - accuracy: 0.6028
62/98 [=================>............] - ETA: 0s - loss: 1.1446 - accuracy: 0.6022
66/98 [===================>..........] - ETA: 0s - loss: 1.1460 - accuracy: 0.6023
70/98 [====================>.........] - ETA: 0s - loss: 1.1488 - accuracy: 0.6018
75/98 [=====================>........] - ETA: 0s - loss: 1.1497 - accuracy: 0.6017
80/98 [=======================>......] - ETA: 0s - loss: 1.1487 - accuracy: 0.6021
84/98 [========================>.....] - ETA: 0s - loss: 1.1497 - accuracy: 0.6016
88/98 [=========================>....] - ETA: 0s - loss: 1.1519 - accuracy: 0.6007
94/98 [===========================>..] - ETA: 0s - loss: 1.1524 - accuracy: 0.6004
98/98 [==============================] - 2s 20ms/step - loss: 1.1521 - accuracy: 0.6008 - val_loss: 1.0879 - val_accuracy: 0.6269
Epoch 17/114

 1/98 [..............................] - ETA: 3s - loss: 1.1448 - accuracy: 0.5859
 5/98 [>.............................] - ETA: 1s - loss: 1.1462 - accuracy: 0.6035
 9/98 [=>............................] - ETA: 1s - loss: 1.1559 - accuracy: 0.6009
13/98 [==>...........................] - ETA: 1s - loss: 1.1430 - accuracy: 0.6058
17/98 [====>.........................] - ETA: 1s - loss: 1.1364 - accuracy: 0.6086
21/98 [=====>........................] - ETA: 1s - loss: 1.1380 - accuracy: 0.6070
26/98 [======>.......................] - ETA: 1s - loss: 1.1329 - accuracy: 0.6100
29/98 [=======>......................] - ETA: 1s - loss: 1.1345 - accuracy: 0.6092
33/98 [=========>....................] - ETA: 1s - loss: 1.1346 - accuracy: 0.6084
37/98 [==========>...................] - ETA: 0s - loss: 1.1326 - accuracy: 0.6091
41/98 [===========>..................] - ETA: 0s - loss: 1.1313 - accuracy: 0.6092
45/98 [============>.................] - ETA: 0s - loss: 1.1328 - accuracy: 0.6084
49/98 [==============>...............] - ETA: 0s - loss: 1.1317 - accuracy: 0.6083
53/98 [===============>..............] - ETA: 0s - loss: 1.1332 - accuracy: 0.6075
57/98 [================>.............] - ETA: 0s - loss: 1.1323 - accuracy: 0.6078
62/98 [=================>............] - ETA: 0s - loss: 1.1312 - accuracy: 0.6088
67/98 [===================>..........] - ETA: 0s - loss: 1.1355 - accuracy: 0.6077
71/98 [====================>.........] - ETA: 0s - loss: 1.1371 - accuracy: 0.6069
75/98 [=====================>........] - ETA: 0s - loss: 1.1375 - accuracy: 0.6067
79/98 [=======================>......] - ETA: 0s - loss: 1.1391 - accuracy: 0.6057
84/98 [========================>.....] - ETA: 0s - loss: 1.1412 - accuracy: 0.6047
89/98 [==========================>...] - ETA: 0s - loss: 1.1418 - accuracy: 0.6045
95/98 [============================>.] - ETA: 0s - loss: 1.1411 - accuracy: 0.6045
98/98 [==============================] - 2s 20ms/step - loss: 1.1406 - accuracy: 0.6049 - val_loss: 1.1040 - val_accuracy: 0.6136
Epoch 18/114

 1/98 [..............................] - ETA: 3s - loss: 1.0513 - accuracy: 0.6504
 5/98 [>.............................] - ETA: 1s - loss: 1.1070 - accuracy: 0.6219
 9/98 [=>............................] - ETA: 1s - loss: 1.1250 - accuracy: 0.6133
13/98 [==>...........................] - ETA: 1s - loss: 1.1246 - accuracy: 0.6115
18/98 [====>.........................] - ETA: 1s - loss: 1.1148 - accuracy: 0.6137
22/98 [=====>........................] - ETA: 1s - loss: 1.1193 - accuracy: 0.6133
26/98 [======>.......................] - ETA: 1s - loss: 1.1158 - accuracy: 0.6142
30/98 [========>.....................] - ETA: 1s - loss: 1.1163 - accuracy: 0.6137
34/98 [=========>....................] - ETA: 0s - loss: 1.1196 - accuracy: 0.6127
38/98 [==========>...................] - ETA: 0s - loss: 1.1191 - accuracy: 0.6134
42/98 [===========>..................] - ETA: 0s - loss: 1.1207 - accuracy: 0.6109
46/98 [=============>................] - ETA: 0s - loss: 1.1242 - accuracy: 0.6098
50/98 [==============>...............] - ETA: 0s - loss: 1.1229 - accuracy: 0.6093
54/98 [===============>..............] - ETA: 0s - loss: 1.1227 - accuracy: 0.6087
58/98 [================>.............] - ETA: 0s - loss: 1.1219 - accuracy: 0.6092
62/98 [=================>............] - ETA: 0s - loss: 1.1202 - accuracy: 0.6098
66/98 [===================>..........] - ETA: 0s - loss: 1.1226 - accuracy: 0.6091
70/98 [====================>.........] - ETA: 0s - loss: 1.1256 - accuracy: 0.6075
74/98 [=====================>........] - ETA: 0s - loss: 1.1259 - accuracy: 0.6072
79/98 [=======================>......] - ETA: 0s - loss: 1.1250 - accuracy: 0.6078
83/98 [========================>.....] - ETA: 0s - loss: 1.1242 - accuracy: 0.6078
87/98 [=========================>....] - ETA: 0s - loss: 1.1244 - accuracy: 0.6079
92/98 [===========================>..] - ETA: 0s - loss: 1.1246 - accuracy: 0.6081
98/98 [==============================] - ETA: 0s - loss: 1.1276 - accuracy: 0.6072
98/98 [==============================] - 2s 20ms/step - loss: 1.1276 - accuracy: 0.6072 - val_loss: 1.1457 - val_accuracy: 0.5999
Epoch 19/114

 1/98 [..............................] - ETA: 3s - loss: 1.1415 - accuracy: 0.6133
 4/98 [>.............................] - ETA: 1s - loss: 1.1184 - accuracy: 0.6016
 9/98 [=>............................] - ETA: 1s - loss: 1.1366 - accuracy: 0.6013
13/98 [==>...........................] - ETA: 1s - loss: 1.1273 - accuracy: 0.6056
17/98 [====>.........................] - ETA: 1s - loss: 1.1259 - accuracy: 0.6049
