2024-06-26 03:40:23.804121: I tensorflow/core/platform/cpu_feature_guard.cc:193] This TensorFlow binary is optimized with oneAPI Deep Neural Network Library (oneDNN) to use the following CPU instructions in performance-critical operations:  AVX AVX2
To enable them in other operations, rebuild TensorFlow with the appropriate compiler flags.
2024-06-26 03:40:24.353716: I tensorflow/core/common_runtime/gpu/gpu_device.cc:1616] Created device /job:localhost/replica:0/task:0/device:GPU:0 with 6656 MB memory:  -> device: 0, name: NVIDIA GeForce RTX 4060 Ti, pci bus id: 0000:01:00.0, compute capability: 8.9
1 Physical GPUs, 1 Logical GPUs
Model: "sequential"
_________________________________________________________________
 Layer (type)                Output Shape              Param #   
=================================================================
 conv2d (Conv2D)             (None, 32, 32, 32)        896       
                                                                 
 max_pooling2d (MaxPooling2D  (None, 16, 16, 32)       0         
 )                                                               
                                                                 
 batch_normalization (BatchN  (None, 16, 16, 32)       128       
 ormalization)                                                   
                                                                 
 conv2d_1 (Conv2D)           (None, 16, 16, 256)       205056    
                                                                 
 dropout (Dropout)           (None, 16, 16, 256)       0         
                                                                 
 flatten (Flatten)           (None, 65536)             0         
                                                                 
 dense (Dense)               (None, 10)                655370    
                                                                 
=================================================================
Total params: 861,450
Trainable params: 861,386
Non-trainable params: 64
_________________________________________________________________
Taxa de aprendizado:  0.0001 Num de épocas:  109 Tamanho do lote:  512 Dropout:  0.26488
Epoch 1/109
2024-06-26 03:40:25.631688: I tensorflow/stream_executor/cuda/cuda_dnn.cc:384] Loaded cuDNN version 8100
2024-06-26 03:40:26.498909: W tensorflow/stream_executor/gpu/redzone_allocator.cc:314] INTERNAL: ptxas exited with non-zero error code -1, output: 
Relying on driver to perform ptx compilation. 
Modify $PATH to customize ptxas location.
This message will be only logged once.
2024-06-26 03:40:27.718051: I tensorflow/stream_executor/cuda/cuda_blas.cc:1614] TensorFloat-32 will be used for the matrix multiplication. This will only be logged once.

 1/98 [..............................] - ETA: 7:33 - loss: 2.3627 - accuracy: 0.0957
 2/98 [..............................] - ETA: 9s - loss: 2.3178 - accuracy: 0.1064  
 3/98 [..............................] - ETA: 8s - loss: 2.2651 - accuracy: 0.1432
 4/98 [>.............................] - ETA: 9s - loss: 2.2057 - accuracy: 0.1885
 5/98 [>.............................] - ETA: 9s - loss: 2.1730 - accuracy: 0.2090
 6/98 [>.............................] - ETA: 8s - loss: 2.1396 - accuracy: 0.2243
 7/98 [=>............................] - ETA: 8s - loss: 2.1185 - accuracy: 0.2358
 8/98 [=>............................] - ETA: 8s - loss: 2.1004 - accuracy: 0.2422
 9/98 [=>............................] - ETA: 8s - loss: 2.0715 - accuracy: 0.2576
10/98 [==>...........................] - ETA: 8s - loss: 2.0513 - accuracy: 0.2682
11/98 [==>...........................] - ETA: 8s - loss: 2.0325 - accuracy: 0.2784
12/98 [==>...........................] - ETA: 8s - loss: 2.0171 - accuracy: 0.2834
13/98 [==>...........................] - ETA: 8s - loss: 1.9998 - accuracy: 0.2903
14/98 [===>..........................] - ETA: 8s - loss: 1.9848 - accuracy: 0.2972
15/98 [===>..........................] - ETA: 7s - loss: 1.9747 - accuracy: 0.3010
16/98 [===>..........................] - ETA: 7s - loss: 1.9610 - accuracy: 0.3036
17/98 [====>.........................] - ETA: 7s - loss: 1.9537 - accuracy: 0.3087
18/98 [====>.........................] - ETA: 7s - loss: 1.9442 - accuracy: 0.3134
19/98 [====>.........................] - ETA: 7s - loss: 1.9333 - accuracy: 0.3184
20/98 [=====>........................] - ETA: 7s - loss: 1.9237 - accuracy: 0.3216
21/98 [=====>........................] - ETA: 7s - loss: 1.9150 - accuracy: 0.3256
22/98 [=====>........................] - ETA: 7s - loss: 1.9077 - accuracy: 0.3284
23/98 [======>.......................] - ETA: 7s - loss: 1.8998 - accuracy: 0.3320
24/98 [======>.......................] - ETA: 7s - loss: 1.8905 - accuracy: 0.3351
25/98 [======>.......................] - ETA: 7s - loss: 1.8830 - accuracy: 0.3371
26/98 [======>.......................] - ETA: 6s - loss: 1.8752 - accuracy: 0.3401
27/98 [=======>......................] - ETA: 6s - loss: 1.8676 - accuracy: 0.3422
28/98 [=======>......................] - ETA: 6s - loss: 1.8597 - accuracy: 0.3460
29/98 [=======>......................] - ETA: 6s - loss: 1.8506 - accuracy: 0.3487
30/98 [========>.....................] - ETA: 6s - loss: 1.8445 - accuracy: 0.3512
31/98 [========>.....................] - ETA: 6s - loss: 1.8355 - accuracy: 0.3541
32/98 [========>.....................] - ETA: 6s - loss: 1.8271 - accuracy: 0.3569
33/98 [=========>....................] - ETA: 6s - loss: 1.8217 - accuracy: 0.3584
34/98 [=========>....................] - ETA: 6s - loss: 1.8147 - accuracy: 0.3606
35/98 [=========>....................] - ETA: 6s - loss: 1.8097 - accuracy: 0.3621
36/98 [==========>...................] - ETA: 6s - loss: 1.8027 - accuracy: 0.3650
37/98 [==========>...................] - ETA: 5s - loss: 1.7973 - accuracy: 0.3665
38/98 [==========>...................] - ETA: 5s - loss: 1.7919 - accuracy: 0.3686
39/98 [==========>...................] - ETA: 5s - loss: 1.7857 - accuracy: 0.3712
40/98 [===========>..................] - ETA: 5s - loss: 1.7813 - accuracy: 0.3725
41/98 [===========>..................] - ETA: 5s - loss: 1.7755 - accuracy: 0.3745
42/98 [===========>..................] - ETA: 5s - loss: 1.7714 - accuracy: 0.3760
43/98 [============>.................] - ETA: 5s - loss: 1.7642 - accuracy: 0.3791
44/98 [============>.................] - ETA: 5s - loss: 1.7593 - accuracy: 0.3811
45/98 [============>.................] - ETA: 5s - loss: 1.7541 - accuracy: 0.3830
46/98 [=============>................] - ETA: 5s - loss: 1.7484 - accuracy: 0.3842
47/98 [=============>................] - ETA: 4s - loss: 1.7434 - accuracy: 0.3858
48/98 [=============>................] - ETA: 4s - loss: 1.7386 - accuracy: 0.3873
49/98 [==============>...............] - ETA: 4s - loss: 1.7349 - accuracy: 0.3889
50/98 [==============>...............] - ETA: 4s - loss: 1.7305 - accuracy: 0.3906
51/98 [==============>...............] - ETA: 4s - loss: 1.7249 - accuracy: 0.3930
52/98 [==============>...............] - ETA: 4s - loss: 1.7212 - accuracy: 0.3945
53/98 [===============>..............] - ETA: 4s - loss: 1.7161 - accuracy: 0.3962
54/98 [===============>..............] - ETA: 4s - loss: 1.7119 - accuracy: 0.3980
55/98 [===============>..............] - ETA: 4s - loss: 1.7090 - accuracy: 0.3993
56/98 [================>.............] - ETA: 4s - loss: 1.7058 - accuracy: 0.4003
57/98 [================>.............] - ETA: 3s - loss: 1.7028 - accuracy: 0.4010
58/98 [================>.............] - ETA: 3s - loss: 1.6986 - accuracy: 0.4024
59/98 [=================>............] - ETA: 3s - loss: 1.6941 - accuracy: 0.4043
60/98 [=================>............] - ETA: 3s - loss: 1.6906 - accuracy: 0.4055
61/98 [=================>............] - ETA: 3s - loss: 1.6867 - accuracy: 0.4073
62/98 [=================>............] - ETA: 3s - loss: 1.6817 - accuracy: 0.4093
63/98 [==================>...........] - ETA: 3s - loss: 1.6777 - accuracy: 0.4110
64/98 [==================>...........] - ETA: 3s - loss: 1.6729 - accuracy: 0.4125
65/98 [==================>...........] - ETA: 3s - loss: 1.6701 - accuracy: 0.4136
66/98 [===================>..........] - ETA: 3s - loss: 1.6654 - accuracy: 0.4154
67/98 [===================>..........] - ETA: 3s - loss: 1.6612 - accuracy: 0.4171
68/98 [===================>..........] - ETA: 2s - loss: 1.6585 - accuracy: 0.4179
69/98 [====================>.........] - ETA: 2s - loss: 1.6573 - accuracy: 0.4179
70/98 [====================>.........] - ETA: 2s - loss: 1.6541 - accuracy: 0.4193
71/98 [====================>.........] - ETA: 3s - loss: 1.6523 - accuracy: 0.4199
72/98 [=====================>........] - ETA: 3s - loss: 1.6489 - accuracy: 0.4211
73/98 [=====================>........] - ETA: 2s - loss: 1.6455 - accuracy: 0.4221
74/98 [=====================>........] - ETA: 2s - loss: 1.6423 - accuracy: 0.4229
75/98 [=====================>........] - ETA: 2s - loss: 1.6399 - accuracy: 0.4239
76/98 [======================>.......] - ETA: 2s - loss: 1.6363 - accuracy: 0.4253
77/98 [======================>.......] - ETA: 2s - loss: 1.6331 - accuracy: 0.4263
78/98 [======================>.......] - ETA: 2s - loss: 1.6303 - accuracy: 0.4273
79/98 [=======================>......] - ETA: 2s - loss: 1.6276 - accuracy: 0.4281
80/98 [=======================>......] - ETA: 2s - loss: 1.6251 - accuracy: 0.4289
81/98 [=======================>......] - ETA: 1s - loss: 1.6221 - accuracy: 0.4300
82/98 [========================>.....] - ETA: 1s - loss: 1.6191 - accuracy: 0.4313
83/98 [========================>.....] - ETA: 1s - loss: 1.6157 - accuracy: 0.4324
84/98 [========================>.....] - ETA: 1s - loss: 1.6138 - accuracy: 0.4329
85/98 [=========================>....] - ETA: 1s - loss: 1.6111 - accuracy: 0.4340
86/98 [=========================>....] - ETA: 1s - loss: 1.6082 - accuracy: 0.4348
87/98 [=========================>....] - ETA: 1s - loss: 1.6061 - accuracy: 0.4356
88/98 [=========================>....] - ETA: 1s - loss: 1.6034 - accuracy: 0.4366
89/98 [==========================>...] - ETA: 1s - loss: 1.6014 - accuracy: 0.4374
90/98 [==========================>...] - ETA: 0s - loss: 1.5993 - accuracy: 0.4381
91/98 [==========================>...] - ETA: 0s - loss: 1.5966 - accuracy: 0.4389
92/98 [===========================>..] - ETA: 0s - loss: 1.5950 - accuracy: 0.4395
93/98 [===========================>..] - ETA: 0s - loss: 1.5929 - accuracy: 0.4403
94/98 [===========================>..] - ETA: 0s - loss: 1.5903 - accuracy: 0.4413
95/98 [============================>.] - ETA: 0s - loss: 1.5879 - accuracy: 0.4421
96/98 [============================>.] - ETA: 0s - loss: 1.5851 - accuracy: 0.4430
97/98 [============================>.] - ETA: 0s - loss: 1.5820 - accuracy: 0.4441
98/98 [==============================] - ETA: 0s - loss: 1.5799 - accuracy: 0.4447
98/98 [==============================] - 17s 125ms/step - loss: 1.5799 - accuracy: 0.4447 - val_loss: 2.0644 - val_accuracy: 0.3848
Epoch 2/109

 1/98 [..............................] - ETA: 10s - loss: 1.3276 - accuracy: 0.5605
 2/98 [..............................] - ETA: 9s - loss: 1.3074 - accuracy: 0.5596 
 3/98 [..............................] - ETA: 8s - loss: 1.3155 - accuracy: 0.5456
 4/98 [>.............................] - ETA: 9s - loss: 1.3035 - accuracy: 0.5469
 5/98 [>.............................] - ETA: 9s - loss: 1.2935 - accuracy: 0.5496
 6/98 [>.............................] - ETA: 8s - loss: 1.2815 - accuracy: 0.5550
 7/98 [=>............................] - ETA: 8s - loss: 1.2849 - accuracy: 0.5527
 8/98 [=>............................] - ETA: 8s - loss: 1.2890 - accuracy: 0.5540
 9/98 [=>............................] - ETA: 8s - loss: 1.2891 - accuracy: 0.5540
10/98 [==>...........................] - ETA: 8s - loss: 1.2834 - accuracy: 0.5554
11/98 [==>...........................] - ETA: 8s - loss: 1.2775 - accuracy: 0.5577
12/98 [==>...........................] - ETA: 8s - loss: 1.2799 - accuracy: 0.5561
13/98 [==>...........................] - ETA: 7s - loss: 1.2773 - accuracy: 0.5569
14/98 [===>..........................] - ETA: 7s - loss: 1.2856 - accuracy: 0.5521
15/98 [===>..........................] - ETA: 7s - loss: 1.2824 - accuracy: 0.5510
16/98 [===>..........................] - ETA: 7s - loss: 1.2810 - accuracy: 0.5524
17/98 [====>.........................] - ETA: 7s - loss: 1.2823 - accuracy: 0.5510
18/98 [====>.........................] - ETA: 7s - loss: 1.2783 - accuracy: 0.5518
19/98 [====>.........................] - ETA: 7s - loss: 1.2791 - accuracy: 0.5513
20/98 [=====>........................] - ETA: 7s - loss: 1.2743 - accuracy: 0.5533
21/98 [=====>........................] - ETA: 7s - loss: 1.2746 - accuracy: 0.5537
22/98 [=====>........................] - ETA: 7s - loss: 1.2761 - accuracy: 0.5529
23/98 [======>.......................] - ETA: 7s - loss: 1.2736 - accuracy: 0.5541
24/98 [======>.......................] - ETA: 7s - loss: 1.2723 - accuracy: 0.5537
25/98 [======>.......................] - ETA: 7s - loss: 1.2731 - accuracy: 0.5543
26/98 [======>.......................] - ETA: 6s - loss: 1.2727 - accuracy: 0.5552
27/98 [=======>......................] - ETA: 6s - loss: 1.2694 - accuracy: 0.5568
28/98 [=======>......................] - ETA: 6s - loss: 1.2687 - accuracy: 0.5578
29/98 [=======>......................] - ETA: 6s - loss: 1.2673 - accuracy: 0.5573
31/98 [========>.....................] - ETA: 6s - loss: 1.2664 - accuracy: 0.5580
33/98 [=========>....................] - ETA: 5s - loss: 1.2643 - accuracy: 0.5587
35/98 [=========>....................] - ETA: 5s - loss: 1.2625 - accuracy: 0.5597
36/98 [==========>...................] - ETA: 5s - loss: 1.2589 - accuracy: 0.5611
37/98 [==========>...................] - ETA: 5s - loss: 1.2573 - accuracy: 0.5614
38/98 [==========>...................] - ETA: 5s - loss: 1.2564 - accuracy: 0.5619
39/98 [==========>...................] - ETA: 5s - loss: 1.2564 - accuracy: 0.5623
40/98 [===========>..................] - ETA: 4s - loss: 1.2572 - accuracy: 0.5617
41/98 [===========>..................] - ETA: 4s - loss: 1.2555 - accuracy: 0.5623
42/98 [===========>..................] - ETA: 4s - loss: 1.2533 - accuracy: 0.5629
43/98 [============>.................] - ETA: 4s - loss: 1.2536 - accuracy: 0.5622
44/98 [============>.................] - ETA: 4s - loss: 1.2519 - accuracy: 0.5620
45/98 [============>.................] - ETA: 4s - loss: 1.2521 - accuracy: 0.5620
46/98 [=============>................] - ETA: 4s - loss: 1.2512 - accuracy: 0.5622
47/98 [=============>................] - ETA: 4s - loss: 1.2509 - accuracy: 0.5618
48/98 [=============>................] - ETA: 4s - loss: 1.2497 - accuracy: 0.5616
49/98 [==============>...............] - ETA: 3s - loss: 1.2488 - accuracy: 0.5623
50/98 [==============>...............] - ETA: 3s - loss: 1.2473 - accuracy: 0.5628
51/98 [==============>...............] - ETA: 3s - loss: 1.2460 - accuracy: 0.5635
52/98 [==============>...............] - ETA: 3s - loss: 1.2455 - accuracy: 0.5641
53/98 [===============>..............] - ETA: 3s - loss: 1.2450 - accuracy: 0.5643
54/98 [===============>..............] - ETA: 3s - loss: 1.2447 - accuracy: 0.5640
55/98 [===============>..............] - ETA: 3s - loss: 1.2437 - accuracy: 0.5645
56/98 [================>.............] - ETA: 3s - loss: 1.2440 - accuracy: 0.5646
57/98 [================>.............] - ETA: 3s - loss: 1.2419 - accuracy: 0.5652
58/98 [================>.............] - ETA: 3s - loss: 1.2402 - accuracy: 0.5654
59/98 [=================>............] - ETA: 3s - loss: 1.2388 - accuracy: 0.5658
60/98 [=================>............] - ETA: 3s - loss: 1.2385 - accuracy: 0.5661
61/98 [=================>............] - ETA: 2s - loss: 1.2386 - accuracy: 0.5661
62/98 [=================>............] - ETA: 2s - loss: 1.2375 - accuracy: 0.5664
63/98 [==================>...........] - ETA: 2s - loss: 1.2366 - accuracy: 0.5671
64/98 [==================>...........] - ETA: 2s - loss: 1.2375 - accuracy: 0.5669
65/98 [==================>...........] - ETA: 2s - loss: 1.2377 - accuracy: 0.5670
66/98 [===================>..........] - ETA: 2s - loss: 1.2357 - accuracy: 0.5679
67/98 [===================>..........] - ETA: 2s - loss: 1.2352 - accuracy: 0.5681
68/98 [===================>..........] - ETA: 2s - loss: 1.2341 - accuracy: 0.5684
69/98 [====================>.........] - ETA: 2s - loss: 1.2338 - accuracy: 0.5686
70/98 [====================>.........] - ETA: 2s - loss: 1.2333 - accuracy: 0.5686
71/98 [====================>.........] - ETA: 2s - loss: 1.2331 - accuracy: 0.5687
72/98 [=====================>........] - ETA: 2s - loss: 1.2319 - accuracy: 0.5692
73/98 [=====================>........] - ETA: 2s - loss: 1.2309 - accuracy: 0.5697
74/98 [=====================>........] - ETA: 1s - loss: 1.2298 - accuracy: 0.5702
75/98 [=====================>........] - ETA: 1s - loss: 1.2299 - accuracy: 0.5701
76/98 [======================>.......] - ETA: 1s - loss: 1.2295 - accuracy: 0.5704
77/98 [======================>.......] - ETA: 1s - loss: 1.2293 - accuracy: 0.5707
78/98 [======================>.......] - ETA: 1s - loss: 1.2293 - accuracy: 0.5706
79/98 [=======================>......] - ETA: 1s - loss: 1.2292 - accuracy: 0.5707
80/98 [=======================>......] - ETA: 1s - loss: 1.2284 - accuracy: 0.5710
81/98 [=======================>......] - ETA: 1s - loss: 1.2276 - accuracy: 0.5715
82/98 [========================>.....] - ETA: 1s - loss: 1.2264 - accuracy: 0.5720
83/98 [========================>.....] - ETA: 1s - loss: 1.2262 - accuracy: 0.5721
84/98 [========================>.....] - ETA: 1s - loss: 1.2262 - accuracy: 0.5719
85/98 [=========================>....] - ETA: 1s - loss: 1.2244 - accuracy: 0.5726
86/98 [=========================>....] - ETA: 1s - loss: 1.2239 - accuracy: 0.5728
87/98 [=========================>....] - ETA: 0s - loss: 1.2236 - accuracy: 0.5730
88/98 [=========================>....] - ETA: 0s - loss: 1.2233 - accuracy: 0.5731
89/98 [==========================>...] - ETA: 0s - loss: 1.2222 - accuracy: 0.5731
90/98 [==========================>...] - ETA: 0s - loss: 1.2202 - accuracy: 0.5741
91/98 [==========================>...] - ETA: 0s - loss: 1.2190 - accuracy: 0.5743
92/98 [===========================>..] - ETA: 0s - loss: 1.2189 - accuracy: 0.5744
93/98 [===========================>..] - ETA: 0s - loss: 1.2185 - accuracy: 0.5749
94/98 [===========================>..] - ETA: 0s - loss: 1.2171 - accuracy: 0.5752
95/98 [============================>.] - ETA: 0s - loss: 1.2166 - accuracy: 0.5754
96/98 [============================>.] - ETA: 0s - loss: 1.2161 - accuracy: 0.5756
97/98 [============================>.] - ETA: 0s - loss: 1.2151 - accuracy: 0.5759
98/98 [==============================] - ETA: 0s - loss: 1.2140 - accuracy: 0.5764
98/98 [==============================] - 9s 97ms/step - loss: 1.2140 - accuracy: 0.5764 - val_loss: 1.8358 - val_accuracy: 0.4603
Epoch 3/109

 1/98 [..............................] - ETA: 10s - loss: 1.1147 - accuracy: 0.6250
 2/98 [..............................] - ETA: 9s - loss: 1.1234 - accuracy: 0.6221 
 3/98 [..............................] - ETA: 8s - loss: 1.1047 - accuracy: 0.6243
 4/98 [>.............................] - ETA: 9s - loss: 1.0905 - accuracy: 0.6260
 5/98 [>.............................] - ETA: 9s - loss: 1.0766 - accuracy: 0.6355
 6/98 [>.............................] - ETA: 8s - loss: 1.0899 - accuracy: 0.6266
 7/98 [=>............................] - ETA: 8s - loss: 1.0918 - accuracy: 0.6275
 8/98 [=>............................] - ETA: 8s - loss: 1.0866 - accuracy: 0.6287
 9/98 [=>............................] - ETA: 8s - loss: 1.0831 - accuracy: 0.6302
10/98 [==>...........................] - ETA: 8s - loss: 1.0899 - accuracy: 0.6283
11/98 [==>...........................] - ETA: 8s - loss: 1.0902 - accuracy: 0.6255
12/98 [==>...........................] - ETA: 8s - loss: 1.0957 - accuracy: 0.6234
13/98 [==>...........................] - ETA: 8s - loss: 1.0939 - accuracy: 0.6239
14/98 [===>..........................] - ETA: 8s - loss: 1.0955 - accuracy: 0.6244
15/98 [===>..........................] - ETA: 8s - loss: 1.0936 - accuracy: 0.6246
16/98 [===>..........................] - ETA: 8s - loss: 1.0893 - accuracy: 0.6249
17/98 [====>.........................] - ETA: 7s - loss: 1.0851 - accuracy: 0.6245
18/98 [====>.........................] - ETA: 7s - loss: 1.0861 - accuracy: 0.6250
19/98 [====>.........................] - ETA: 7s - loss: 1.0871 - accuracy: 0.6245
20/98 [=====>........................] - ETA: 7s - loss: 1.0862 - accuracy: 0.6249
21/98 [=====>........................] - ETA: 7s - loss: 1.0865 - accuracy: 0.6246
22/98 [=====>........................] - ETA: 7s - loss: 1.0891 - accuracy: 0.6238
23/98 [======>.......................] - ETA: 7s - loss: 1.0916 - accuracy: 0.6238
24/98 [======>.......................] - ETA: 7s - loss: 1.0908 - accuracy: 0.6243
25/98 [======>.......................] - ETA: 7s - loss: 1.0934 - accuracy: 0.6228
26/98 [======>.......................] - ETA: 7s - loss: 1.0956 - accuracy: 0.6232
27/98 [=======>......................] - ETA: 6s - loss: 1.0949 - accuracy: 0.6229
28/98 [=======>......................] - ETA: 6s - loss: 1.0930 - accuracy: 0.6233
29/98 [=======>......................] - ETA: 6s - loss: 1.0930 - accuracy: 0.6236
30/98 [========>.....................] - ETA: 6s - loss: 1.0935 - accuracy: 0.6230
31/98 [========>.....................] - ETA: 6s - loss: 1.0931 - accuracy: 0.6235
32/98 [========>.....................] - ETA: 6s - loss: 1.0941 - accuracy: 0.6236
33/98 [=========>....................] - ETA: 6s - loss: 1.0908 - accuracy: 0.6249
34/98 [=========>....................] - ETA: 6s - loss: 1.0900 - accuracy: 0.6253
35/98 [=========>....................] - ETA: 6s - loss: 1.0912 - accuracy: 0.6249
36/98 [==========>...................] - ETA: 6s - loss: 1.0905 - accuracy: 0.6249
37/98 [==========>...................] - ETA: 5s - loss: 1.0901 - accuracy: 0.6253
38/98 [==========>...................] - ETA: 5s - loss: 1.0896 - accuracy: 0.6250
39/98 [==========>...................] - ETA: 5s - loss: 1.0880 - accuracy: 0.6255
40/98 [===========>..................] - ETA: 5s - loss: 1.0867 - accuracy: 0.6256
41/98 [===========>..................] - ETA: 5s - loss: 1.0840 - accuracy: 0.6258
42/98 [===========>..................] - ETA: 5s - loss: 1.0849 - accuracy: 0.6253
43/98 [============>.................] - ETA: 5s - loss: 1.0852 - accuracy: 0.6254
44/98 [============>.................] - ETA: 5s - loss: 1.0849 - accuracy: 0.6260
45/98 [============>.................] - ETA: 5s - loss: 1.0852 - accuracy: 0.6252
46/98 [=============>................] - ETA: 5s - loss: 1.0836 - accuracy: 0.6254
47/98 [=============>................] - ETA: 5s - loss: 1.0812 - accuracy: 0.6261
48/98 [=============>................] - ETA: 4s - loss: 1.0795 - accuracy: 0.6265
49/98 [==============>...............] - ETA: 4s - loss: 1.0788 - accuracy: 0.6266
50/98 [==============>...............] - ETA: 4s - loss: 1.0794 - accuracy: 0.6259
51/98 [==============>...............] - ETA: 4s - loss: 1.0794 - accuracy: 0.6258
52/98 [==============>...............] - ETA: 4s - loss: 1.0787 - accuracy: 0.6264
53/98 [===============>..............] - ETA: 4s - loss: 1.0782 - accuracy: 0.6263
54/98 [===============>..............] - ETA: 4s - loss: 1.0773 - accuracy: 0.6265
55/98 [===============>..............] - ETA: 4s - loss: 1.0766 - accuracy: 0.6267
56/98 [================>.............] - ETA: 4s - loss: 1.0766 - accuracy: 0.6263
57/98 [================>.............] - ETA: 4s - loss: 1.0766 - accuracy: 0.6264
58/98 [================>.............] - ETA: 3s - loss: 1.0761 - accuracy: 0.6267
59/98 [=================>............] - ETA: 3s - loss: 1.0773 - accuracy: 0.6263
60/98 [=================>............] - ETA: 3s - loss: 1.0768 - accuracy: 0.6265
61/98 [=================>............] - ETA: 3s - loss: 1.0761 - accuracy: 0.6271
62/98 [=================>............] - ETA: 3s - loss: 1.0751 - accuracy: 0.6275
63/98 [==================>...........] - ETA: 3s - loss: 1.0743 - accuracy: 0.6280
64/98 [==================>...........] - ETA: 3s - loss: 1.0740 - accuracy: 0.6282
65/98 [==================>...........] - ETA: 3s - loss: 1.0733 - accuracy: 0.6285
66/98 [===================>..........] - ETA: 3s - loss: 1.0726 - accuracy: 0.6287
67/98 [===================>..........] - ETA: 3s - loss: 1.0731 - accuracy: 0.6286
68/98 [===================>..........] - ETA: 2s - loss: 1.0736 - accuracy: 0.6287
69/98 [====================>.........] - ETA: 2s - loss: 1.0741 - accuracy: 0.6285
70/98 [====================>.........] - ETA: 2s - loss: 1.0730 - accuracy: 0.6290
71/98 [====================>.........] - ETA: 2s - loss: 1.0723 - accuracy: 0.6294
72/98 [=====================>........] - ETA: 2s - loss: 1.0715 - accuracy: 0.6299
73/98 [=====================>........] - ETA: 2s - loss: 1.0711 - accuracy: 0.6301
74/98 [=====================>........] - ETA: 2s - loss: 1.0715 - accuracy: 0.6303
75/98 [=====================>........] - ETA: 2s - loss: 1.0718 - accuracy: 0.6304
76/98 [======================>.......] - ETA: 2s - loss: 1.0712 - accuracy: 0.6305
77/98 [======================>.......] - ETA: 1s - loss: 1.0711 - accuracy: 0.6306
78/98 [======================>.......] - ETA: 1s - loss: 1.0706 - accuracy: 0.6308
79/98 [=======================>......] - ETA: 1s - loss: 1.0707 - accuracy: 0.6307
80/98 [=======================>......] - ETA: 1s - loss: 1.0702 - accuracy: 0.6312
81/98 [=======================>......] - ETA: 1s - loss: 1.0694 - accuracy: 0.6317
82/98 [========================>.....] - ETA: 1s - loss: 1.0700 - accuracy: 0.6315
83/98 [========================>.....] - ETA: 1s - loss: 1.0705 - accuracy: 0.6312
84/98 [========================>.....] - ETA: 1s - loss: 1.0713 - accuracy: 0.6312
85/98 [=========================>....] - ETA: 1s - loss: 1.0705 - accuracy: 0.6315
86/98 [=========================>....] - ETA: 1s - loss: 1.0700 - accuracy: 0.6317
87/98 [=========================>....] - ETA: 0s - loss: 1.0707 - accuracy: 0.6314
88/98 [=========================>....] - ETA: 0s - loss: 1.0700 - accuracy: 0.6317
89/98 [==========================>...] - ETA: 0s - loss: 1.0692 - accuracy: 0.6318
90/98 [==========================>...] - ETA: 0s - loss: 1.0688 - accuracy: 0.6319
91/98 [==========================>...] - ETA: 0s - loss: 1.0690 - accuracy: 0.6316
92/98 [===========================>..] - ETA: 0s - loss: 1.0688 - accuracy: 0.6316
93/98 [===========================>..] - ETA: 0s - loss: 1.0678 - accuracy: 0.6320
94/98 [===========================>..] - ETA: 0s - loss: 1.0667 - accuracy: 0.6323
95/98 [============================>.] - ETA: 0s - loss: 1.0657 - accuracy: 0.6329
96/98 [============================>.] - ETA: 0s - loss: 1.0655 - accuracy: 0.6331
97/98 [============================>.] - ETA: 0s - loss: 1.0646 - accuracy: 0.6334
98/98 [==============================] - ETA: 0s - loss: 1.0638 - accuracy: 0.6335
98/98 [==============================] - 10s 100ms/step - loss: 1.0638 - accuracy: 0.6335 - val_loss: 1.5875 - val_accuracy: 0.5333
Epoch 4/109

 1/98 [..............................] - ETA: 10s - loss: 0.9460 - accuracy: 0.6777
 2/98 [..............................] - ETA: 10s - loss: 0.9486 - accuracy: 0.6807
 3/98 [..............................] - ETA: 9s - loss: 0.9563 - accuracy: 0.6823 
 4/98 [>.............................] - ETA: 9s - loss: 0.9466 - accuracy: 0.6846
 5/98 [>.............................] - ETA: 9s - loss: 0.9629 - accuracy: 0.6773
 6/98 [>.............................] - ETA: 9s - loss: 0.9619 - accuracy: 0.6777
 7/98 [=>............................] - ETA: 9s - loss: 0.9538 - accuracy: 0.6797
 8/98 [=>............................] - ETA: 9s - loss: 0.9588 - accuracy: 0.6772
 9/98 [=>............................] - ETA: 8s - loss: 0.9614 - accuracy: 0.6773
10/98 [==>...........................] - ETA: 8s - loss: 0.9710 - accuracy: 0.6719
11/98 [==>...........................] - ETA: 8s - loss: 0.9687 - accuracy: 0.6754
12/98 [==>...........................] - ETA: 8s - loss: 0.9774 - accuracy: 0.6706
13/98 [==>...........................] - ETA: 8s - loss: 0.9738 - accuracy: 0.6701
14/98 [===>..........................] - ETA: 8s - loss: 0.9685 - accuracy: 0.6720
15/98 [===>..........................] - ETA: 8s - loss: 0.9709 - accuracy: 0.6707
16/98 [===>..........................] - ETA: 8s - loss: 0.9713 - accuracy: 0.6698
17/98 [====>.........................] - ETA: 8s - loss: 0.9723 - accuracy: 0.6707
18/98 [====>.........................] - ETA: 7s - loss: 0.9675 - accuracy: 0.6717
19/98 [====>.........................] - ETA: 7s - loss: 0.9695 - accuracy: 0.6713
20/98 [=====>........................] - ETA: 7s - loss: 0.9746 - accuracy: 0.6689
21/98 [=====>........................] - ETA: 7s - loss: 0.9747 - accuracy: 0.6680
22/98 [=====>........................] - ETA: 7s - loss: 0.9732 - accuracy: 0.6690
23/98 [======>.......................] - ETA: 7s - loss: 0.9731 - accuracy: 0.6687
24/98 [======>.......................] - ETA: 7s - loss: 0.9762 - accuracy: 0.6679
25/98 [======>.......................] - ETA: 7s - loss: 0.9751 - accuracy: 0.6687
26/98 [======>.......................] - ETA: 7s - loss: 0.9730 - accuracy: 0.6693
27/98 [=======>......................] - ETA: 7s - loss: 0.9739 - accuracy: 0.6685
28/98 [=======>......................] - ETA: 6s - loss: 0.9738 - accuracy: 0.6686
29/98 [=======>......................] - ETA: 6s - loss: 0.9728 - accuracy: 0.6683
30/98 [========>.....................] - ETA: 6s - loss: 0.9719 - accuracy: 0.6683
31/98 [========>.....................] - ETA: 6s - loss: 0.9723 - accuracy: 0.6679
32/98 [========>.....................] - ETA: 6s - loss: 0.9739 - accuracy: 0.6673
33/98 [=========>....................] - ETA: 6s - loss: 0.9732 - accuracy: 0.6679
34/98 [=========>....................] - ETA: 6s - loss: 0.9736 - accuracy: 0.6679
35/98 [=========>....................] - ETA: 6s - loss: 0.9749 - accuracy: 0.6673
36/98 [==========>...................] - ETA: 6s - loss: 0.9763 - accuracy: 0.6664
37/98 [==========>...................] - ETA: 5s - loss: 0.9754 - accuracy: 0.6664
38/98 [==========>...................] - ETA: 5s - loss: 0.9738 - accuracy: 0.6677
39/98 [==========>...................] - ETA: 5s - loss: 0.9726 - accuracy: 0.6689
40/98 [===========>..................] - ETA: 5s - loss: 0.9721 - accuracy: 0.6688
41/98 [===========>..................] - ETA: 5s - loss: 0.9727 - accuracy: 0.6689
42/98 [===========>..................] - ETA: 5s - loss: 0.9720 - accuracy: 0.6689
43/98 [============>.................] - ETA: 5s - loss: 0.9725 - accuracy: 0.6690
44/98 [============>.................] - ETA: 5s - loss: 0.9723 - accuracy: 0.6691
45/98 [============>.................] - ETA: 5s - loss: 0.9725 - accuracy: 0.6686
46/98 [=============>................] - ETA: 5s - loss: 0.9724 - accuracy: 0.6685
47/98 [=============>................] - ETA: 4s - loss: 0.9714 - accuracy: 0.6687
48/98 [=============>................] - ETA: 4s - loss: 0.9716 - accuracy: 0.6690
49/98 [==============>...............] - ETA: 4s - loss: 0.9719 - accuracy: 0.6687
50/98 [==============>...............] - ETA: 4s - loss: 0.9701 - accuracy: 0.6691
51/98 [==============>...............] - ETA: 4s - loss: 0.9694 - accuracy: 0.6696
52/98 [==============>...............] - ETA: 4s - loss: 0.9697 - accuracy: 0.6697
53/98 [===============>..............] - ETA: 4s - loss: 0.9695 - accuracy: 0.6696
54/98 [===============>..............] - ETA: 4s - loss: 0.9681 - accuracy: 0.6700
55/98 [===============>..............] - ETA: 4s - loss: 0.9691 - accuracy: 0.6697
56/98 [================>.............] - ETA: 4s - loss: 0.9689 - accuracy: 0.6694
57/98 [================>.............] - ETA: 4s - loss: 0.9692 - accuracy: 0.6693
58/98 [================>.............] - ETA: 3s - loss: 0.9686 - accuracy: 0.6696
59/98 [=================>............] - ETA: 3s - loss: 0.9683 - accuracy: 0.6697
60/98 [=================>............] - ETA: 3s - loss: 0.9686 - accuracy: 0.6695
61/98 [=================>............] - ETA: 3s - loss: 0.9689 - accuracy: 0.6693
62/98 [=================>............] - ETA: 3s - loss: 0.9692 - accuracy: 0.6693
63/98 [==================>...........] - ETA: 3s - loss: 0.9692 - accuracy: 0.6691
64/98 [==================>...........] - ETA: 3s - loss: 0.9709 - accuracy: 0.6686
65/98 [==================>...........] - ETA: 3s - loss: 0.9715 - accuracy: 0.6683
66/98 [===================>..........] - ETA: 3s - loss: 0.9707 - accuracy: 0.6686
67/98 [===================>..........] - ETA: 3s - loss: 0.9692 - accuracy: 0.6687
68/98 [===================>..........] - ETA: 2s - loss: 0.9694 - accuracy: 0.6682
69/98 [====================>.........] - ETA: 2s - loss: 0.9687 - accuracy: 0.6684
70/98 [====================>.........] - ETA: 2s - loss: 0.9689 - accuracy: 0.6680
71/98 [====================>.........] - ETA: 2s - loss: 0.9685 - accuracy: 0.6682
72/98 [=====================>........] - ETA: 2s - loss: 0.9679 - accuracy: 0.6680
73/98 [=====================>........] - ETA: 2s - loss: 0.9682 - accuracy: 0.6681
74/98 [=====================>........] - ETA: 2s - loss: 0.9682 - accuracy: 0.6680
75/98 [=====================>........] - ETA: 2s - loss: 0.9681 - accuracy: 0.6679
76/98 [======================>.......] - ETA: 2s - loss: 0.9681 - accuracy: 0.6678
77/98 [======================>.......] - ETA: 2s - loss: 0.9684 - accuracy: 0.6678
78/98 [======================>.......] - ETA: 1s - loss: 0.9678 - accuracy: 0.6681
79/98 [=======================>......] - ETA: 1s - loss: 0.9679 - accuracy: 0.6682
80/98 [=======================>......] - ETA: 1s - loss: 0.9672 - accuracy: 0.6683
81/98 [=======================>......] - ETA: 1s - loss: 0.9670 - accuracy: 0.6685
82/98 [========================>.....] - ETA: 1s - loss: 0.9675 - accuracy: 0.6686
83/98 [========================>.....] - ETA: 1s - loss: 0.9683 - accuracy: 0.6682
84/98 [========================>.....] - ETA: 1s - loss: 0.9685 - accuracy: 0.6680
85/98 [=========================>....] - ETA: 1s - loss: 0.9674 - accuracy: 0.6685
86/98 [=========================>....] - ETA: 1s - loss: 0.9668 - accuracy: 0.6684
87/98 [=========================>....] - ETA: 1s - loss: 0.9673 - accuracy: 0.6683
88/98 [=========================>....] - ETA: 0s - loss: 0.9674 - accuracy: 0.6683
89/98 [==========================>...] - ETA: 0s - loss: 0.9666 - accuracy: 0.6684
90/98 [==========================>...] - ETA: 0s - loss: 0.9665 - accuracy: 0.6687
91/98 [==========================>...] - ETA: 0s - loss: 0.9664 - accuracy: 0.6685
92/98 [===========================>..] - ETA: 0s - loss: 0.9665 - accuracy: 0.6684
93/98 [===========================>..] - ETA: 0s - loss: 0.9676 - accuracy: 0.6682
94/98 [===========================>..] - ETA: 0s - loss: 0.9677 - accuracy: 0.6683
95/98 [============================>.] - ETA: 0s - loss: 0.9667 - accuracy: 0.6687
96/98 [============================>.] - ETA: 0s - loss: 0.9666 - accuracy: 0.6686
97/98 [============================>.] - ETA: 0s - loss: 0.9663 - accuracy: 0.6690
98/98 [==============================] - ETA: 0s - loss: 0.9662 - accuracy: 0.6692
98/98 [==============================] - 10s 105ms/step - loss: 0.9662 - accuracy: 0.6692 - val_loss: 1.3767 - val_accuracy: 0.5547
Epoch 5/109

 1/98 [..............................] - ETA: 10s - loss: 0.9173 - accuracy: 0.6719
 2/98 [..............................] - ETA: 10s - loss: 0.9088 - accuracy: 0.6826
 3/98 [..............................] - ETA: 9s - loss: 0.9034 - accuracy: 0.6810 
 4/98 [>.............................] - ETA: 8s - loss: 0.9002 - accuracy: 0.6816
 5/98 [>.............................] - ETA: 8s - loss: 0.8940 - accuracy: 0.6862
 6/98 [>.............................] - ETA: 8s - loss: 0.9108 - accuracy: 0.6837
 7/98 [=>............................] - ETA: 8s - loss: 0.9147 - accuracy: 0.6852
 8/98 [=>............................] - ETA: 8s - loss: 0.9172 - accuracy: 0.6870
 9/98 [=>............................] - ETA: 8s - loss: 0.9160 - accuracy: 0.6861
10/98 [==>...........................] - ETA: 8s - loss: 0.9189 - accuracy: 0.6847
11/98 [==>...........................] - ETA: 8s - loss: 0.9163 - accuracy: 0.6857
12/98 [==>...........................] - ETA: 8s - loss: 0.9202 - accuracy: 0.6863
13/98 [==>...........................] - ETA: 8s - loss: 0.9213 - accuracy: 0.6855
14/98 [===>..........................] - ETA: 8s - loss: 0.9219 - accuracy: 0.6854
15/98 [===>..........................] - ETA: 7s - loss: 0.9214 - accuracy: 0.6860
16/98 [===>..........................] - ETA: 7s - loss: 0.9237 - accuracy: 0.6859
17/98 [====>.........................] - ETA: 7s - loss: 0.9188 - accuracy: 0.6869
18/98 [====>.........................] - ETA: 7s - loss: 0.9211 - accuracy: 0.6879
19/98 [====>.........................] - ETA: 7s - loss: 0.9231 - accuracy: 0.6875
20/98 [=====>........................] - ETA: 7s - loss: 0.9213 - accuracy: 0.6873
21/98 [=====>........................] - ETA: 7s - loss: 0.9217 - accuracy: 0.6857
22/98 [=====>........................] - ETA: 7s - loss: 0.9184 - accuracy: 0.6865
23/98 [======>.......................] - ETA: 7s - loss: 0.9175 - accuracy: 0.6870
24/98 [======>.......................] - ETA: 7s - loss: 0.9173 - accuracy: 0.6877
25/98 [======>.......................] - ETA: 7s - loss: 0.9176 - accuracy: 0.6871
26/98 [======>.......................] - ETA: 6s - loss: 0.9167 - accuracy: 0.6874
27/98 [=======>......................] - ETA: 6s - loss: 0.9151 - accuracy: 0.6881
28/98 [=======>......................] - ETA: 6s - loss: 0.9151 - accuracy: 0.6895
29/98 [=======>......................] - ETA: 6s - loss: 0.9141 - accuracy: 0.6900
30/98 [========>.....................] - ETA: 6s - loss: 0.9135 - accuracy: 0.6903
31/98 [========>.....................] - ETA: 6s - loss: 0.9137 - accuracy: 0.6898
32/98 [========>.....................] - ETA: 6s - loss: 0.9124 - accuracy: 0.6898
33/98 [=========>....................] - ETA: 6s - loss: 0.9132 - accuracy: 0.6896
34/98 [=========>....................] - ETA: 6s - loss: 0.9162 - accuracy: 0.6880
35/98 [=========>....................] - ETA: 6s - loss: 0.9141 - accuracy: 0.6893
36/98 [==========>...................] - ETA: 6s - loss: 0.9122 - accuracy: 0.6896
37/98 [==========>...................] - ETA: 5s - loss: 0.9125 - accuracy: 0.6896
38/98 [==========>...................] - ETA: 5s - loss: 0.9136 - accuracy: 0.6895
39/98 [==========>...................] - ETA: 5s - loss: 0.9136 - accuracy: 0.6894
40/98 [===========>..................] - ETA: 5s - loss: 0.9133 - accuracy: 0.6898
41/98 [===========>..................] - ETA: 5s - loss: 0.9127 - accuracy: 0.6901
42/98 [===========>..................] - ETA: 5s - loss: 0.9105 - accuracy: 0.6905
43/98 [============>.................] - ETA: 5s - loss: 0.9086 - accuracy: 0.6909
44/98 [============>.................] - ETA: 5s - loss: 0.9073 - accuracy: 0.6914
45/98 [============>.................] - ETA: 5s - loss: 0.9062 - accuracy: 0.6917
46/98 [=============>................] - ETA: 5s - loss: 0.9052 - accuracy: 0.6921
47/98 [=============>................] - ETA: 4s - loss: 0.9060 - accuracy: 0.6919
48/98 [=============>................] - ETA: 4s - loss: 0.9076 - accuracy: 0.6916
49/98 [==============>...............] - ETA: 4s - loss: 0.9077 - accuracy: 0.6920
50/98 [==============>...............] - ETA: 4s - loss: 0.9066 - accuracy: 0.6926
51/98 [==============>...............] - ETA: 4s - loss: 0.9064 - accuracy: 0.6923
52/98 [==============>...............] - ETA: 4s - loss: 0.9069 - accuracy: 0.6922
