2024-06-25 13:39:22.335623: I tensorflow/core/platform/cpu_feature_guard.cc:193] This TensorFlow binary is optimized with oneAPI Deep Neural Network Library (oneDNN) to use the following CPU instructions in performance-critical operations:  AVX AVX2
To enable them in other operations, rebuild TensorFlow with the appropriate compiler flags.
2024-06-25 13:39:22.927813: I tensorflow/core/common_runtime/gpu/gpu_device.cc:1616] Created device /job:localhost/replica:0/task:0/device:GPU:0 with 6656 MB memory:  -> device: 0, name: NVIDIA GeForce RTX 4060 Ti, pci bus id: 0000:01:00.0, compute capability: 8.9
1 Physical GPUs, 1 Logical GPUs
Model: "sequential"
_________________________________________________________________
 Layer (type)                Output Shape              Param #   
=================================================================
 conv2d (Conv2D)             (None, 32, 32, 32)        896       
                                                                 
 max_pooling2d (MaxPooling2D  (None, 16, 16, 32)       0         
 )                                                               
                                                                 
 batch_normalization (BatchN  (None, 16, 16, 32)       128       
 ormalization)                                                   
                                                                 
 conv2d_1 (Conv2D)           (None, 16, 16, 256)       205056    
                                                                 
 dropout (Dropout)           (None, 16, 16, 256)       0         
                                                                 
 flatten (Flatten)           (None, 65536)             0         
                                                                 
 dense (Dense)               (None, 10)                655370    
                                                                 
=================================================================
Total params: 861,450
Trainable params: 861,386
Non-trainable params: 64
_________________________________________________________________
Taxa de aprendizado:  0.0001 Num de épocas:  109 Tamanho do lote:  512 Dropout:  0.26488
Epoch 1/109
2024-06-25 13:39:24.260524: I tensorflow/stream_executor/cuda/cuda_dnn.cc:384] Loaded cuDNN version 8100
2024-06-25 13:39:25.058759: W tensorflow/stream_executor/gpu/redzone_allocator.cc:314] INTERNAL: ptxas exited with non-zero error code -1, output: 
Relying on driver to perform ptx compilation. 
Modify $PATH to customize ptxas location.
This message will be only logged once.
2024-06-25 13:39:26.373850: I tensorflow/stream_executor/cuda/cuda_blas.cc:1614] TensorFloat-32 will be used for the matrix multiplication. This will only be logged once.

 1/98 [..............................] - ETA: 7:26 - loss: 2.3489 - accuracy: 0.0957
 2/98 [..............................] - ETA: 9s - loss: 2.3020 - accuracy: 0.1230  
 3/98 [..............................] - ETA: 8s - loss: 2.2481 - accuracy: 0.1576
 4/98 [>.............................] - ETA: 8s - loss: 2.2069 - accuracy: 0.1895
 5/98 [>.............................] - ETA: 8s - loss: 2.1795 - accuracy: 0.2035
 6/98 [>.............................] - ETA: 8s - loss: 2.1476 - accuracy: 0.2220
 7/98 [=>............................] - ETA: 8s - loss: 2.1205 - accuracy: 0.2316
 8/98 [=>............................] - ETA: 8s - loss: 2.1011 - accuracy: 0.2390
 9/98 [=>............................] - ETA: 7s - loss: 2.0760 - accuracy: 0.2522
10/98 [==>...........................] - ETA: 7s - loss: 2.0517 - accuracy: 0.2637
11/98 [==>...........................] - ETA: 7s - loss: 2.0412 - accuracy: 0.2711
12/98 [==>...........................] - ETA: 7s - loss: 2.0253 - accuracy: 0.2759
13/98 [==>...........................] - ETA: 7s - loss: 2.0096 - accuracy: 0.2837
14/98 [===>..........................] - ETA: 7s - loss: 1.9947 - accuracy: 0.2884
15/98 [===>..........................] - ETA: 7s - loss: 1.9807 - accuracy: 0.2930
16/98 [===>..........................] - ETA: 7s - loss: 1.9666 - accuracy: 0.2985
17/98 [====>.........................] - ETA: 7s - loss: 1.9523 - accuracy: 0.3032
18/98 [====>.........................] - ETA: 7s - loss: 1.9427 - accuracy: 0.3066
19/98 [====>.........................] - ETA: 7s - loss: 1.9319 - accuracy: 0.3103
20/98 [=====>........................] - ETA: 6s - loss: 1.9196 - accuracy: 0.3153
21/98 [=====>........................] - ETA: 6s - loss: 1.9102 - accuracy: 0.3194
22/98 [=====>........................] - ETA: 6s - loss: 1.8989 - accuracy: 0.3232
23/98 [======>.......................] - ETA: 6s - loss: 1.8889 - accuracy: 0.3268
24/98 [======>.......................] - ETA: 6s - loss: 1.8784 - accuracy: 0.3317
25/98 [======>.......................] - ETA: 6s - loss: 1.8678 - accuracy: 0.3353
26/98 [======>.......................] - ETA: 6s - loss: 1.8609 - accuracy: 0.3375
27/98 [=======>......................] - ETA: 6s - loss: 1.8516 - accuracy: 0.3405
28/98 [=======>......................] - ETA: 6s - loss: 1.8432 - accuracy: 0.3442
29/98 [=======>......................] - ETA: 6s - loss: 1.8340 - accuracy: 0.3480
30/98 [========>.....................] - ETA: 6s - loss: 1.8260 - accuracy: 0.3512
31/98 [========>.....................] - ETA: 5s - loss: 1.8165 - accuracy: 0.3546
32/98 [========>.....................] - ETA: 5s - loss: 1.8101 - accuracy: 0.3573
33/98 [=========>....................] - ETA: 5s - loss: 1.8023 - accuracy: 0.3593
34/98 [=========>....................] - ETA: 5s - loss: 1.7946 - accuracy: 0.3625
35/98 [=========>....................] - ETA: 5s - loss: 1.7871 - accuracy: 0.3657
36/98 [==========>...................] - ETA: 5s - loss: 1.7809 - accuracy: 0.3680
37/98 [==========>...................] - ETA: 5s - loss: 1.7751 - accuracy: 0.3694
38/98 [==========>...................] - ETA: 5s - loss: 1.7704 - accuracy: 0.3713
39/98 [==========>...................] - ETA: 5s - loss: 1.7639 - accuracy: 0.3743
40/98 [===========>..................] - ETA: 5s - loss: 1.7581 - accuracy: 0.3762
41/98 [===========>..................] - ETA: 5s - loss: 1.7525 - accuracy: 0.3783
42/98 [===========>..................] - ETA: 4s - loss: 1.7491 - accuracy: 0.3798
43/98 [============>.................] - ETA: 4s - loss: 1.7459 - accuracy: 0.3819
44/98 [============>.................] - ETA: 4s - loss: 1.7419 - accuracy: 0.3834
45/98 [============>.................] - ETA: 4s - loss: 1.7354 - accuracy: 0.3854
46/98 [=============>................] - ETA: 4s - loss: 1.7298 - accuracy: 0.3871
47/98 [=============>................] - ETA: 4s - loss: 1.7259 - accuracy: 0.3885
48/98 [=============>................] - ETA: 4s - loss: 1.7215 - accuracy: 0.3905
49/98 [==============>...............] - ETA: 4s - loss: 1.7164 - accuracy: 0.3931
50/98 [==============>...............] - ETA: 5s - loss: 1.7147 - accuracy: 0.3933
51/98 [==============>...............] - ETA: 5s - loss: 1.7096 - accuracy: 0.3943
52/98 [==============>...............] - ETA: 5s - loss: 1.7057 - accuracy: 0.3960
53/98 [===============>..............] - ETA: 5s - loss: 1.7012 - accuracy: 0.3981
54/98 [===============>..............] - ETA: 4s - loss: 1.6987 - accuracy: 0.3995
55/98 [===============>..............] - ETA: 4s - loss: 1.6951 - accuracy: 0.4012
56/98 [================>.............] - ETA: 4s - loss: 1.6902 - accuracy: 0.4034
57/98 [================>.............] - ETA: 4s - loss: 1.6860 - accuracy: 0.4049
58/98 [================>.............] - ETA: 4s - loss: 1.6817 - accuracy: 0.4062
59/98 [=================>............] - ETA: 4s - loss: 1.6795 - accuracy: 0.4069
60/98 [=================>............] - ETA: 4s - loss: 1.6761 - accuracy: 0.4079
61/98 [=================>............] - ETA: 4s - loss: 1.6724 - accuracy: 0.4091
62/98 [=================>............] - ETA: 3s - loss: 1.6680 - accuracy: 0.4106
63/98 [==================>...........] - ETA: 3s - loss: 1.6641 - accuracy: 0.4118
64/98 [==================>...........] - ETA: 3s - loss: 1.6603 - accuracy: 0.4130
65/98 [==================>...........] - ETA: 3s - loss: 1.6569 - accuracy: 0.4139
66/98 [===================>..........] - ETA: 3s - loss: 1.6534 - accuracy: 0.4153
67/98 [===================>..........] - ETA: 3s - loss: 1.6497 - accuracy: 0.4168
68/98 [===================>..........] - ETA: 3s - loss: 1.6465 - accuracy: 0.4179
69/98 [====================>.........] - ETA: 3s - loss: 1.6438 - accuracy: 0.4190
70/98 [====================>.........] - ETA: 3s - loss: 1.6399 - accuracy: 0.4204
71/98 [====================>.........] - ETA: 2s - loss: 1.6382 - accuracy: 0.4206
72/98 [=====================>........] - ETA: 2s - loss: 1.6359 - accuracy: 0.4216
73/98 [=====================>........] - ETA: 2s - loss: 1.6321 - accuracy: 0.4229
74/98 [=====================>........] - ETA: 2s - loss: 1.6292 - accuracy: 0.4243
75/98 [=====================>........] - ETA: 2s - loss: 1.6270 - accuracy: 0.4250
76/98 [======================>.......] - ETA: 2s - loss: 1.6242 - accuracy: 0.4260
77/98 [======================>.......] - ETA: 2s - loss: 1.6204 - accuracy: 0.4273
78/98 [======================>.......] - ETA: 2s - loss: 1.6177 - accuracy: 0.4281
79/98 [=======================>......] - ETA: 2s - loss: 1.6153 - accuracy: 0.4288
80/98 [=======================>......] - ETA: 1s - loss: 1.6128 - accuracy: 0.4302
81/98 [=======================>......] - ETA: 1s - loss: 1.6096 - accuracy: 0.4313
82/98 [========================>.....] - ETA: 1s - loss: 1.6059 - accuracy: 0.4330
83/98 [========================>.....] - ETA: 1s - loss: 1.6030 - accuracy: 0.4338
84/98 [========================>.....] - ETA: 1s - loss: 1.5997 - accuracy: 0.4350
85/98 [=========================>....] - ETA: 1s - loss: 1.5973 - accuracy: 0.4354
86/98 [=========================>....] - ETA: 1s - loss: 1.5950 - accuracy: 0.4363
87/98 [=========================>....] - ETA: 1s - loss: 1.5922 - accuracy: 0.4377
88/98 [=========================>....] - ETA: 1s - loss: 1.5900 - accuracy: 0.4387
89/98 [==========================>...] - ETA: 0s - loss: 1.5869 - accuracy: 0.4397
90/98 [==========================>...] - ETA: 0s - loss: 1.5846 - accuracy: 0.4407
91/98 [==========================>...] - ETA: 0s - loss: 1.5819 - accuracy: 0.4415
92/98 [===========================>..] - ETA: 0s - loss: 1.5795 - accuracy: 0.4423
93/98 [===========================>..] - ETA: 0s - loss: 1.5771 - accuracy: 0.4432
94/98 [===========================>..] - ETA: 0s - loss: 1.5740 - accuracy: 0.4443
95/98 [============================>.] - ETA: 0s - loss: 1.5724 - accuracy: 0.4451
96/98 [============================>.] - ETA: 0s - loss: 1.5697 - accuracy: 0.4461
97/98 [============================>.] - ETA: 0s - loss: 1.5675 - accuracy: 0.4469
98/98 [==============================] - ETA: 0s - loss: 1.5651 - accuracy: 0.4473
98/98 [==============================] - 16s 116ms/step - loss: 1.5651 - accuracy: 0.4473 - val_loss: 2.0808 - val_accuracy: 0.3905
Epoch 2/109

 1/98 [..............................] - ETA: 9s - loss: 1.3367 - accuracy: 0.5312
 2/98 [..............................] - ETA: 8s - loss: 1.3395 - accuracy: 0.5391
 3/98 [..............................] - ETA: 8s - loss: 1.3102 - accuracy: 0.5482
 4/98 [>.............................] - ETA: 8s - loss: 1.2949 - accuracy: 0.5483
 5/98 [>.............................] - ETA: 8s - loss: 1.3005 - accuracy: 0.5508
 6/98 [>.............................] - ETA: 8s - loss: 1.3033 - accuracy: 0.5540
 7/98 [=>............................] - ETA: 8s - loss: 1.3039 - accuracy: 0.5547
 8/98 [=>............................] - ETA: 8s - loss: 1.3069 - accuracy: 0.5547
 9/98 [=>............................] - ETA: 8s - loss: 1.3045 - accuracy: 0.5566
10/98 [==>...........................] - ETA: 8s - loss: 1.2990 - accuracy: 0.5576
11/98 [==>...........................] - ETA: 7s - loss: 1.3001 - accuracy: 0.5565
12/98 [==>...........................] - ETA: 7s - loss: 1.2956 - accuracy: 0.5557
13/98 [==>...........................] - ETA: 7s - loss: 1.2912 - accuracy: 0.5551
14/98 [===>..........................] - ETA: 7s - loss: 1.2919 - accuracy: 0.5534
15/98 [===>..........................] - ETA: 7s - loss: 1.2901 - accuracy: 0.5527
16/98 [===>..........................] - ETA: 7s - loss: 1.2905 - accuracy: 0.5527
17/98 [====>.........................] - ETA: 7s - loss: 1.2856 - accuracy: 0.5549
18/98 [====>.........................] - ETA: 7s - loss: 1.2828 - accuracy: 0.5566
19/98 [====>.........................] - ETA: 7s - loss: 1.2800 - accuracy: 0.5574
20/98 [=====>........................] - ETA: 6s - loss: 1.2791 - accuracy: 0.5576
21/98 [=====>........................] - ETA: 6s - loss: 1.2788 - accuracy: 0.5576
22/98 [=====>........................] - ETA: 6s - loss: 1.2800 - accuracy: 0.5576
23/98 [======>.......................] - ETA: 6s - loss: 1.2789 - accuracy: 0.5579
24/98 [======>.......................] - ETA: 6s - loss: 1.2788 - accuracy: 0.5568
25/98 [======>.......................] - ETA: 6s - loss: 1.2760 - accuracy: 0.5580
26/98 [======>.......................] - ETA: 6s - loss: 1.2778 - accuracy: 0.5572
27/98 [=======>......................] - ETA: 6s - loss: 1.2779 - accuracy: 0.5574
28/98 [=======>......................] - ETA: 6s - loss: 1.2774 - accuracy: 0.5571
29/98 [=======>......................] - ETA: 6s - loss: 1.2745 - accuracy: 0.5581
30/98 [========>.....................] - ETA: 6s - loss: 1.2734 - accuracy: 0.5589
31/98 [========>.....................] - ETA: 6s - loss: 1.2739 - accuracy: 0.5583
32/98 [========>.....................] - ETA: 5s - loss: 1.2733 - accuracy: 0.5579
33/98 [=========>....................] - ETA: 5s - loss: 1.2734 - accuracy: 0.5579
34/98 [=========>....................] - ETA: 5s - loss: 1.2722 - accuracy: 0.5580
35/98 [=========>....................] - ETA: 5s - loss: 1.2711 - accuracy: 0.5581
36/98 [==========>...................] - ETA: 5s - loss: 1.2711 - accuracy: 0.5579
37/98 [==========>...................] - ETA: 5s - loss: 1.2685 - accuracy: 0.5593
38/98 [==========>...................] - ETA: 5s - loss: 1.2667 - accuracy: 0.5598
39/98 [==========>...................] - ETA: 5s - loss: 1.2668 - accuracy: 0.5594
40/98 [===========>..................] - ETA: 5s - loss: 1.2654 - accuracy: 0.5604
41/98 [===========>..................] - ETA: 5s - loss: 1.2637 - accuracy: 0.5610
42/98 [===========>..................] - ETA: 5s - loss: 1.2637 - accuracy: 0.5608
43/98 [============>.................] - ETA: 4s - loss: 1.2619 - accuracy: 0.5614
44/98 [============>.................] - ETA: 4s - loss: 1.2592 - accuracy: 0.5623
45/98 [============>.................] - ETA: 4s - loss: 1.2580 - accuracy: 0.5627
46/98 [=============>................] - ETA: 4s - loss: 1.2566 - accuracy: 0.5632
47/98 [=============>................] - ETA: 4s - loss: 1.2572 - accuracy: 0.5631
48/98 [=============>................] - ETA: 4s - loss: 1.2554 - accuracy: 0.5638
49/98 [==============>...............] - ETA: 4s - loss: 1.2558 - accuracy: 0.5643
50/98 [==============>...............] - ETA: 4s - loss: 1.2544 - accuracy: 0.5648
51/98 [==============>...............] - ETA: 4s - loss: 1.2538 - accuracy: 0.5648
52/98 [==============>...............] - ETA: 4s - loss: 1.2532 - accuracy: 0.5652
53/98 [===============>..............] - ETA: 4s - loss: 1.2523 - accuracy: 0.5650
54/98 [===============>..............] - ETA: 3s - loss: 1.2511 - accuracy: 0.5656
55/98 [===============>..............] - ETA: 3s - loss: 1.2501 - accuracy: 0.5661
56/98 [================>.............] - ETA: 3s - loss: 1.2487 - accuracy: 0.5668
57/98 [================>.............] - ETA: 3s - loss: 1.2481 - accuracy: 0.5667
58/98 [================>.............] - ETA: 3s - loss: 1.2468 - accuracy: 0.5668
59/98 [=================>............] - ETA: 3s - loss: 1.2466 - accuracy: 0.5663
60/98 [=================>............] - ETA: 3s - loss: 1.2463 - accuracy: 0.5665
61/98 [=================>............] - ETA: 3s - loss: 1.2458 - accuracy: 0.5667
62/98 [=================>............] - ETA: 3s - loss: 1.2448 - accuracy: 0.5670
63/98 [==================>...........] - ETA: 3s - loss: 1.2450 - accuracy: 0.5668
64/98 [==================>...........] - ETA: 3s - loss: 1.2433 - accuracy: 0.5670
65/98 [==================>...........] - ETA: 2s - loss: 1.2433 - accuracy: 0.5673
66/98 [===================>..........] - ETA: 2s - loss: 1.2435 - accuracy: 0.5674
67/98 [===================>..........] - ETA: 2s - loss: 1.2433 - accuracy: 0.5676
68/98 [===================>..........] - ETA: 2s - loss: 1.2421 - accuracy: 0.5678
69/98 [====================>.........] - ETA: 2s - loss: 1.2408 - accuracy: 0.5680
70/98 [====================>.........] - ETA: 2s - loss: 1.2397 - accuracy: 0.5682
71/98 [====================>.........] - ETA: 2s - loss: 1.2400 - accuracy: 0.5681
72/98 [=====================>........] - ETA: 2s - loss: 1.2394 - accuracy: 0.5685
73/98 [=====================>........] - ETA: 2s - loss: 1.2383 - accuracy: 0.5684
74/98 [=====================>........] - ETA: 2s - loss: 1.2388 - accuracy: 0.5684
75/98 [=====================>........] - ETA: 2s - loss: 1.2377 - accuracy: 0.5687
76/98 [======================>.......] - ETA: 1s - loss: 1.2367 - accuracy: 0.5694
77/98 [======================>.......] - ETA: 1s - loss: 1.2366 - accuracy: 0.5697
78/98 [======================>.......] - ETA: 1s - loss: 1.2368 - accuracy: 0.5696
79/98 [=======================>......] - ETA: 1s - loss: 1.2361 - accuracy: 0.5696
80/98 [=======================>......] - ETA: 1s - loss: 1.2345 - accuracy: 0.5702
81/98 [=======================>......] - ETA: 1s - loss: 1.2335 - accuracy: 0.5707
82/98 [========================>.....] - ETA: 1s - loss: 1.2329 - accuracy: 0.5709
83/98 [========================>.....] - ETA: 1s - loss: 1.2325 - accuracy: 0.5711
84/98 [========================>.....] - ETA: 1s - loss: 1.2328 - accuracy: 0.5712
85/98 [=========================>....] - ETA: 1s - loss: 1.2322 - accuracy: 0.5717
86/98 [=========================>....] - ETA: 1s - loss: 1.2315 - accuracy: 0.5721
87/98 [=========================>....] - ETA: 0s - loss: 1.2310 - accuracy: 0.5722
88/98 [=========================>....] - ETA: 0s - loss: 1.2310 - accuracy: 0.5725
89/98 [==========================>...] - ETA: 0s - loss: 1.2303 - accuracy: 0.5727
90/98 [==========================>...] - ETA: 0s - loss: 1.2291 - accuracy: 0.5732
91/98 [==========================>...] - ETA: 0s - loss: 1.2277 - accuracy: 0.5738
92/98 [===========================>..] - ETA: 0s - loss: 1.2279 - accuracy: 0.5739
93/98 [===========================>..] - ETA: 0s - loss: 1.2276 - accuracy: 0.5738
94/98 [===========================>..] - ETA: 0s - loss: 1.2272 - accuracy: 0.5741
95/98 [============================>.] - ETA: 0s - loss: 1.2261 - accuracy: 0.5747
96/98 [============================>.] - ETA: 0s - loss: 1.2256 - accuracy: 0.5748
97/98 [============================>.] - ETA: 0s - loss: 1.2250 - accuracy: 0.5750
98/98 [==============================] - ETA: 0s - loss: 1.2240 - accuracy: 0.5753
98/98 [==============================] - 10s 99ms/step - loss: 1.2240 - accuracy: 0.5753 - val_loss: 1.8739 - val_accuracy: 0.4538
Epoch 3/109

 1/98 [..............................] - ETA: 10s - loss: 1.1603 - accuracy: 0.6016
 2/98 [..............................] - ETA: 7s - loss: 1.1636 - accuracy: 0.5996 
 3/98 [..............................] - ETA: 8s - loss: 1.1645 - accuracy: 0.5911
 4/98 [>.............................] - ETA: 8s - loss: 1.1535 - accuracy: 0.5889
 5/98 [>.............................] - ETA: 8s - loss: 1.1379 - accuracy: 0.5980
 6/98 [>.............................] - ETA: 8s - loss: 1.1275 - accuracy: 0.6012
 7/98 [=>............................] - ETA: 8s - loss: 1.1137 - accuracy: 0.6057
 8/98 [=>............................] - ETA: 7s - loss: 1.1058 - accuracy: 0.6121
 9/98 [=>............................] - ETA: 7s - loss: 1.1096 - accuracy: 0.6120
10/98 [==>...........................] - ETA: 7s - loss: 1.1032 - accuracy: 0.6152
11/98 [==>...........................] - ETA: 7s - loss: 1.1069 - accuracy: 0.6142
12/98 [==>...........................] - ETA: 7s - loss: 1.1004 - accuracy: 0.6162
13/98 [==>...........................] - ETA: 7s - loss: 1.0997 - accuracy: 0.6185
14/98 [===>..........................] - ETA: 7s - loss: 1.0968 - accuracy: 0.6200
15/98 [===>..........................] - ETA: 7s - loss: 1.0984 - accuracy: 0.6180
16/98 [===>..........................] - ETA: 7s - loss: 1.1005 - accuracy: 0.6173
17/98 [====>.........................] - ETA: 7s - loss: 1.1007 - accuracy: 0.6179
18/98 [====>.........................] - ETA: 7s - loss: 1.1013 - accuracy: 0.6171
19/98 [====>.........................] - ETA: 7s - loss: 1.1006 - accuracy: 0.6184
20/98 [=====>........................] - ETA: 6s - loss: 1.0975 - accuracy: 0.6195
21/98 [=====>........................] - ETA: 6s - loss: 1.0958 - accuracy: 0.6216
22/98 [=====>........................] - ETA: 6s - loss: 1.0932 - accuracy: 0.6222
23/98 [======>.......................] - ETA: 6s - loss: 1.0943 - accuracy: 0.6217
24/98 [======>.......................] - ETA: 6s - loss: 1.0925 - accuracy: 0.6230
25/98 [======>.......................] - ETA: 6s - loss: 1.0927 - accuracy: 0.6228
26/98 [======>.......................] - ETA: 6s - loss: 1.0950 - accuracy: 0.6217
27/98 [=======>......................] - ETA: 6s - loss: 1.0960 - accuracy: 0.6210
28/98 [=======>......................] - ETA: 6s - loss: 1.0930 - accuracy: 0.6219
29/98 [=======>......................] - ETA: 6s - loss: 1.0922 - accuracy: 0.6220
30/98 [========>.....................] - ETA: 6s - loss: 1.0946 - accuracy: 0.6206
31/98 [========>.....................] - ETA: 5s - loss: 1.0928 - accuracy: 0.6215
32/98 [========>.....................] - ETA: 5s - loss: 1.0909 - accuracy: 0.6227
33/98 [=========>....................] - ETA: 5s - loss: 1.0921 - accuracy: 0.6216
34/98 [=========>....................] - ETA: 5s - loss: 1.0906 - accuracy: 0.6219
35/98 [=========>....................] - ETA: 5s - loss: 1.0882 - accuracy: 0.6228
36/98 [==========>...................] - ETA: 5s - loss: 1.0885 - accuracy: 0.6234
37/98 [==========>...................] - ETA: 5s - loss: 1.0897 - accuracy: 0.6223
38/98 [==========>...................] - ETA: 5s - loss: 1.0889 - accuracy: 0.6225
39/98 [==========>...................] - ETA: 5s - loss: 1.0887 - accuracy: 0.6231
40/98 [===========>..................] - ETA: 5s - loss: 1.0877 - accuracy: 0.6238
41/98 [===========>..................] - ETA: 5s - loss: 1.0882 - accuracy: 0.6238
42/98 [===========>..................] - ETA: 4s - loss: 1.0883 - accuracy: 0.6235
43/98 [============>.................] - ETA: 4s - loss: 1.0883 - accuracy: 0.6232
44/98 [============>.................] - ETA: 4s - loss: 1.0860 - accuracy: 0.6242
45/98 [============>.................] - ETA: 4s - loss: 1.0865 - accuracy: 0.6234
46/98 [=============>................] - ETA: 4s - loss: 1.0860 - accuracy: 0.6232
47/98 [=============>................] - ETA: 4s - loss: 1.0858 - accuracy: 0.6233
48/98 [=============>................] - ETA: 4s - loss: 1.0859 - accuracy: 0.6239
49/98 [==============>...............] - ETA: 4s - loss: 1.0874 - accuracy: 0.6233
50/98 [==============>...............] - ETA: 4s - loss: 1.0872 - accuracy: 0.6236
52/98 [==============>...............] - ETA: 4s - loss: 1.0882 - accuracy: 0.6236
53/98 [===============>..............] - ETA: 3s - loss: 1.0888 - accuracy: 0.6230
54/98 [===============>..............] - ETA: 3s - loss: 1.0898 - accuracy: 0.6225
55/98 [===============>..............] - ETA: 3s - loss: 1.0896 - accuracy: 0.6228
56/98 [================>.............] - ETA: 3s - loss: 1.0894 - accuracy: 0.6227
57/98 [================>.............] - ETA: 3s - loss: 1.0894 - accuracy: 0.6226
58/98 [================>.............] - ETA: 3s - loss: 1.0880 - accuracy: 0.6228
59/98 [=================>............] - ETA: 3s - loss: 1.0877 - accuracy: 0.6230
60/98 [=================>............] - ETA: 3s - loss: 1.0889 - accuracy: 0.6228
61/98 [=================>............] - ETA: 3s - loss: 1.0874 - accuracy: 0.6229
62/98 [=================>............] - ETA: 3s - loss: 1.0876 - accuracy: 0.6227
63/98 [==================>...........] - ETA: 3s - loss: 1.0869 - accuracy: 0.6229
64/98 [==================>...........] - ETA: 2s - loss: 1.0872 - accuracy: 0.6230
65/98 [==================>...........] - ETA: 2s - loss: 1.0867 - accuracy: 0.6231
66/98 [===================>..........] - ETA: 2s - loss: 1.0858 - accuracy: 0.6235
67/98 [===================>..........] - ETA: 2s - loss: 1.0850 - accuracy: 0.6238
68/98 [===================>..........] - ETA: 2s - loss: 1.0846 - accuracy: 0.6236
69/98 [====================>.........] - ETA: 2s - loss: 1.0844 - accuracy: 0.6240
70/98 [====================>.........] - ETA: 2s - loss: 1.0825 - accuracy: 0.6249
71/98 [====================>.........] - ETA: 2s - loss: 1.0811 - accuracy: 0.6252
72/98 [=====================>........] - ETA: 2s - loss: 1.0803 - accuracy: 0.6256
73/98 [=====================>........] - ETA: 2s - loss: 1.0793 - accuracy: 0.6259
74/98 [=====================>........] - ETA: 2s - loss: 1.0794 - accuracy: 0.6255
75/98 [=====================>........] - ETA: 2s - loss: 1.0792 - accuracy: 0.6257
76/98 [======================>.......] - ETA: 1s - loss: 1.0791 - accuracy: 0.6256
77/98 [======================>.......] - ETA: 1s - loss: 1.0790 - accuracy: 0.6260
78/98 [======================>.......] - ETA: 1s - loss: 1.0788 - accuracy: 0.6258
79/98 [=======================>......] - ETA: 1s - loss: 1.0788 - accuracy: 0.6261
80/98 [=======================>......] - ETA: 1s - loss: 1.0787 - accuracy: 0.6261
81/98 [=======================>......] - ETA: 1s - loss: 1.0787 - accuracy: 0.6261
82/98 [========================>.....] - ETA: 1s - loss: 1.0786 - accuracy: 0.6258
83/98 [========================>.....] - ETA: 1s - loss: 1.0792 - accuracy: 0.6255
84/98 [========================>.....] - ETA: 1s - loss: 1.0787 - accuracy: 0.6258
85/98 [=========================>....] - ETA: 1s - loss: 1.0789 - accuracy: 0.6259
86/98 [=========================>....] - ETA: 1s - loss: 1.0791 - accuracy: 0.6259
87/98 [=========================>....] - ETA: 0s - loss: 1.0786 - accuracy: 0.6261
88/98 [=========================>....] - ETA: 0s - loss: 1.0790 - accuracy: 0.6260
89/98 [==========================>...] - ETA: 0s - loss: 1.0789 - accuracy: 0.6260
90/98 [==========================>...] - ETA: 0s - loss: 1.0783 - accuracy: 0.6262
91/98 [==========================>...] - ETA: 0s - loss: 1.0768 - accuracy: 0.6266
92/98 [===========================>..] - ETA: 0s - loss: 1.0773 - accuracy: 0.6265
93/98 [===========================>..] - ETA: 0s - loss: 1.0767 - accuracy: 0.6268
94/98 [===========================>..] - ETA: 0s - loss: 1.0759 - accuracy: 0.6271
95/98 [============================>.] - ETA: 0s - loss: 1.0759 - accuracy: 0.6271
96/98 [============================>.] - ETA: 0s - loss: 1.0759 - accuracy: 0.6270
97/98 [============================>.] - ETA: 0s - loss: 1.0748 - accuracy: 0.6274
98/98 [==============================] - ETA: 0s - loss: 1.0750 - accuracy: 0.6274
98/98 [==============================] - 10s 98ms/step - loss: 1.0750 - accuracy: 0.6274 - val_loss: 1.6425 - val_accuracy: 0.4857
Epoch 4/109

 1/98 [..............................] - ETA: 9s - loss: 0.9856 - accuracy: 0.6660
 2/98 [..............................] - ETA: 8s - loss: 1.0109 - accuracy: 0.6650
 3/98 [..............................] - ETA: 8s - loss: 1.0105 - accuracy: 0.6602
 4/98 [>.............................] - ETA: 8s - loss: 1.0371 - accuracy: 0.6543
 5/98 [>.............................] - ETA: 8s - loss: 1.0159 - accuracy: 0.6629
 6/98 [>.............................] - ETA: 8s - loss: 1.0161 - accuracy: 0.6621
 7/98 [=>............................] - ETA: 8s - loss: 1.0122 - accuracy: 0.6613
 8/98 [=>............................] - ETA: 8s - loss: 1.0047 - accuracy: 0.6597
 9/98 [=>............................] - ETA: 8s - loss: 0.9979 - accuracy: 0.6617
10/98 [==>...........................] - ETA: 7s - loss: 0.9997 - accuracy: 0.6609
11/98 [==>...........................] - ETA: 7s - loss: 0.9930 - accuracy: 0.6632
12/98 [==>...........................] - ETA: 7s - loss: 0.9916 - accuracy: 0.6628
13/98 [==>...........................] - ETA: 7s - loss: 0.9880 - accuracy: 0.6647
14/98 [===>..........................] - ETA: 7s - loss: 0.9897 - accuracy: 0.6639
15/98 [===>..........................] - ETA: 7s - loss: 0.9914 - accuracy: 0.6630
16/98 [===>..........................] - ETA: 7s - loss: 0.9943 - accuracy: 0.6627
17/98 [====>.........................] - ETA: 7s - loss: 0.9963 - accuracy: 0.6614
18/98 [====>.........................] - ETA: 7s - loss: 0.9959 - accuracy: 0.6620
19/98 [====>.........................] - ETA: 7s - loss: 0.9979 - accuracy: 0.6611
20/98 [=====>........................] - ETA: 6s - loss: 1.0007 - accuracy: 0.6588
21/98 [=====>........................] - ETA: 6s - loss: 0.9994 - accuracy: 0.6594
22/98 [=====>........................] - ETA: 6s - loss: 0.9987 - accuracy: 0.6600
23/98 [======>.......................] - ETA: 6s - loss: 1.0021 - accuracy: 0.6574
24/98 [======>.......................] - ETA: 6s - loss: 1.0023 - accuracy: 0.6576
25/98 [======>.......................] - ETA: 6s - loss: 0.9984 - accuracy: 0.6586
26/98 [======>.......................] - ETA: 6s - loss: 0.9957 - accuracy: 0.6599
27/98 [=======>......................] - ETA: 6s - loss: 0.9957 - accuracy: 0.6610
28/98 [=======>......................] - ETA: 6s - loss: 0.9949 - accuracy: 0.6613
29/98 [=======>......................] - ETA: 6s - loss: 0.9954 - accuracy: 0.6609
30/98 [========>.....................] - ETA: 6s - loss: 0.9956 - accuracy: 0.6605
31/98 [========>.....................] - ETA: 6s - loss: 0.9939 - accuracy: 0.6604
32/98 [========>.....................] - ETA: 5s - loss: 0.9913 - accuracy: 0.6616
33/98 [=========>....................] - ETA: 5s - loss: 0.9909 - accuracy: 0.6623
34/98 [=========>....................] - ETA: 5s - loss: 0.9882 - accuracy: 0.6631
35/98 [=========>....................] - ETA: 5s - loss: 0.9877 - accuracy: 0.6629
36/98 [==========>...................] - ETA: 5s - loss: 0.9875 - accuracy: 0.6632
37/98 [==========>...................] - ETA: 5s - loss: 0.9880 - accuracy: 0.6626
38/98 [==========>...................] - ETA: 5s - loss: 0.9874 - accuracy: 0.6625
39/98 [==========>...................] - ETA: 5s - loss: 0.9874 - accuracy: 0.6618
40/98 [===========>..................] - ETA: 5s - loss: 0.9869 - accuracy: 0.6626
41/98 [===========>..................] - ETA: 5s - loss: 0.9865 - accuracy: 0.6623
42/98 [===========>..................] - ETA: 5s - loss: 0.9877 - accuracy: 0.6615
43/98 [============>.................] - ETA: 4s - loss: 0.9865 - accuracy: 0.6618
44/98 [============>.................] - ETA: 4s - loss: 0.9861 - accuracy: 0.6622
45/98 [============>.................] - ETA: 4s - loss: 0.9845 - accuracy: 0.6628
46/98 [=============>................] - ETA: 4s - loss: 0.9844 - accuracy: 0.6633
47/98 [=============>................] - ETA: 4s - loss: 0.9853 - accuracy: 0.6624
48/98 [=============>................] - ETA: 4s - loss: 0.9847 - accuracy: 0.6629
49/98 [==============>...............] - ETA: 4s - loss: 0.9848 - accuracy: 0.6627
50/98 [==============>...............] - ETA: 4s - loss: 0.9842 - accuracy: 0.6631
51/98 [==============>...............] - ETA: 4s - loss: 0.9846 - accuracy: 0.6628
52/98 [==============>...............] - ETA: 4s - loss: 0.9832 - accuracy: 0.6632
54/98 [===============>..............] - ETA: 3s - loss: 0.9840 - accuracy: 0.6624
55/98 [===============>..............] - ETA: 3s - loss: 0.9837 - accuracy: 0.6623
56/98 [================>.............] - ETA: 3s - loss: 0.9837 - accuracy: 0.6628
57/98 [================>.............] - ETA: 3s - loss: 0.9831 - accuracy: 0.6633
58/98 [================>.............] - ETA: 3s - loss: 0.9824 - accuracy: 0.6634
59/98 [=================>............] - ETA: 3s - loss: 0.9809 - accuracy: 0.6636
60/98 [=================>............] - ETA: 3s - loss: 0.9814 - accuracy: 0.6636
61/98 [=================>............] - ETA: 3s - loss: 0.9817 - accuracy: 0.6637
62/98 [=================>............] - ETA: 3s - loss: 0.9808 - accuracy: 0.6638
63/98 [==================>...........] - ETA: 3s - loss: 0.9823 - accuracy: 0.6634
64/98 [==================>...........] - ETA: 3s - loss: 0.9829 - accuracy: 0.6632
65/98 [==================>...........] - ETA: 2s - loss: 0.9835 - accuracy: 0.6633
66/98 [===================>..........] - ETA: 2s - loss: 0.9835 - accuracy: 0.6634
67/98 [===================>..........] - ETA: 2s - loss: 0.9822 - accuracy: 0.6641
68/98 [===================>..........] - ETA: 2s - loss: 0.9814 - accuracy: 0.6645
69/98 [====================>.........] - ETA: 2s - loss: 0.9811 - accuracy: 0.6648
70/98 [====================>.........] - ETA: 2s - loss: 0.9804 - accuracy: 0.6653
71/98 [====================>.........] - ETA: 2s - loss: 0.9809 - accuracy: 0.6649
72/98 [=====================>........] - ETA: 2s - loss: 0.9814 - accuracy: 0.6646
73/98 [=====================>........] - ETA: 2s - loss: 0.9810 - accuracy: 0.6648
74/98 [=====================>........] - ETA: 2s - loss: 0.9819 - accuracy: 0.6644
75/98 [=====================>........] - ETA: 2s - loss: 0.9819 - accuracy: 0.6641
76/98 [======================>.......] - ETA: 1s - loss: 0.9820 - accuracy: 0.6639
77/98 [======================>.......] - ETA: 1s - loss: 0.9821 - accuracy: 0.6639
78/98 [======================>.......] - ETA: 1s - loss: 0.9815 - accuracy: 0.6639
79/98 [=======================>......] - ETA: 1s - loss: 0.9818 - accuracy: 0.6635
80/98 [=======================>......] - ETA: 1s - loss: 0.9821 - accuracy: 0.6636
81/98 [=======================>......] - ETA: 1s - loss: 0.9822 - accuracy: 0.6635
82/98 [========================>.....] - ETA: 1s - loss: 0.9822 - accuracy: 0.6635
83/98 [========================>.....] - ETA: 1s - loss: 0.9819 - accuracy: 0.6634
84/98 [========================>.....] - ETA: 1s - loss: 0.9830 - accuracy: 0.6630
85/98 [=========================>....] - ETA: 1s - loss: 0.9834 - accuracy: 0.6626
86/98 [=========================>....] - ETA: 1s - loss: 0.9829 - accuracy: 0.6627
87/98 [=========================>....] - ETA: 0s - loss: 0.9828 - accuracy: 0.6629
88/98 [=========================>....] - ETA: 0s - loss: 0.9818 - accuracy: 0.6630
89/98 [==========================>...] - ETA: 0s - loss: 0.9818 - accuracy: 0.6629
90/98 [==========================>...] - ETA: 0s - loss: 0.9818 - accuracy: 0.6629
91/98 [==========================>...] - ETA: 0s - loss: 0.9813 - accuracy: 0.6630
92/98 [===========================>..] - ETA: 0s - loss: 0.9805 - accuracy: 0.6633
93/98 [===========================>..] - ETA: 0s - loss: 0.9799 - accuracy: 0.6637
94/98 [===========================>..] - ETA: 0s - loss: 0.9795 - accuracy: 0.6637
95/98 [============================>.] - ETA: 0s - loss: 0.9796 - accuracy: 0.6638
96/98 [============================>.] - ETA: 0s - loss: 0.9793 - accuracy: 0.6640
97/98 [============================>.] - ETA: 0s - loss: 0.9791 - accuracy: 0.6642
98/98 [==============================] - ETA: 0s - loss: 0.9787 - accuracy: 0.6641
98/98 [==============================] - 10s 99ms/step - loss: 0.9787 - accuracy: 0.6641 - val_loss: 1.4089 - val_accuracy: 0.5499
Epoch 5/109

 1/98 [..............................] - ETA: 9s - loss: 0.9105 - accuracy: 0.6758
 2/98 [..............................] - ETA: 9s - loss: 0.9048 - accuracy: 0.6807
 3/98 [..............................] - ETA: 8s - loss: 0.9061 - accuracy: 0.6790
 4/98 [>.............................] - ETA: 8s - loss: 0.9170 - accuracy: 0.6792
 5/98 [>.............................] - ETA: 8s - loss: 0.9159 - accuracy: 0.6809
 6/98 [>.............................] - ETA: 8s - loss: 0.9246 - accuracy: 0.6836
 7/98 [=>............................] - ETA: 8s - loss: 0.9300 - accuracy: 0.6814
 8/98 [=>............................] - ETA: 8s - loss: 0.9263 - accuracy: 0.6858
 9/98 [=>............................] - ETA: 8s - loss: 0.9256 - accuracy: 0.6838
10/98 [==>...........................] - ETA: 7s - loss: 0.9210 - accuracy: 0.6869
11/98 [==>...........................] - ETA: 7s - loss: 0.9191 - accuracy: 0.6866
12/98 [==>...........................] - ETA: 7s - loss: 0.9201 - accuracy: 0.6859
13/98 [==>...........................] - ETA: 7s - loss: 0.9215 - accuracy: 0.6852
14/98 [===>..........................] - ETA: 7s - loss: 0.9208 - accuracy: 0.6861
15/98 [===>..........................] - ETA: 7s - loss: 0.9166 - accuracy: 0.6878
16/98 [===>..........................] - ETA: 7s - loss: 0.9148 - accuracy: 0.6881
17/98 [====>.........................] - ETA: 7s - loss: 0.9150 - accuracy: 0.6874
18/98 [====>.........................] - ETA: 7s - loss: 0.9142 - accuracy: 0.6884
19/98 [====>.........................] - ETA: 7s - loss: 0.9117 - accuracy: 0.6888
20/98 [=====>........................] - ETA: 7s - loss: 0.9112 - accuracy: 0.6886
21/98 [=====>........................] - ETA: 6s - loss: 0.9106 - accuracy: 0.6898
22/98 [=====>........................] - ETA: 6s - loss: 0.9095 - accuracy: 0.6904
23/98 [======>.......................] - ETA: 6s - loss: 0.9066 - accuracy: 0.6909
24/98 [======>.......................] - ETA: 6s - loss: 0.9072 - accuracy: 0.6897
25/98 [======>.......................] - ETA: 6s - loss: 0.9044 - accuracy: 0.6909
26/98 [======>.......................] - ETA: 6s - loss: 0.9066 - accuracy: 0.6901
27/98 [=======>......................] - ETA: 6s - loss: 0.9046 - accuracy: 0.6913
28/98 [=======>......................] - ETA: 6s - loss: 0.9028 - accuracy: 0.6918
29/98 [=======>......................] - ETA: 6s - loss: 0.9070 - accuracy: 0.6904
30/98 [========>.....................] - ETA: 6s - loss: 0.9074 - accuracy: 0.6895
31/98 [========>.....................] - ETA: 6s - loss: 0.9058 - accuracy: 0.6904
32/98 [========>.....................] - ETA: 5s - loss: 0.9065 - accuracy: 0.6899
33/98 [=========>....................] - ETA: 5s - loss: 0.9048 - accuracy: 0.6905
34/98 [=========>....................] - ETA: 5s - loss: 0.9040 - accuracy: 0.6905
35/98 [=========>....................] - ETA: 5s - loss: 0.9057 - accuracy: 0.6902
36/98 [==========>...................] - ETA: 5s - loss: 0.9067 - accuracy: 0.6900
37/98 [==========>...................] - ETA: 5s - loss: 0.9071 - accuracy: 0.6899
38/98 [==========>...................] - ETA: 5s - loss: 0.9070 - accuracy: 0.6898
39/98 [==========>...................] - ETA: 5s - loss: 0.9082 - accuracy: 0.6887
40/98 [===========>..................] - ETA: 5s - loss: 0.9096 - accuracy: 0.6886
41/98 [===========>..................] - ETA: 5s - loss: 0.9089 - accuracy: 0.6884
42/98 [===========>..................] - ETA: 5s - loss: 0.9084 - accuracy: 0.6887
43/98 [============>.................] - ETA: 4s - loss: 0.9088 - accuracy: 0.6886
45/98 [============>.................] - ETA: 4s - loss: 0.9109 - accuracy: 0.6871
47/98 [=============>................] - ETA: 4s - loss: 0.9108 - accuracy: 0.6873
49/98 [==============>...............] - ETA: 4s - loss: 0.9093 - accuracy: 0.6874
50/98 [==============>...............] - ETA: 3s - loss: 0.9101 - accuracy: 0.6868
51/98 [==============>...............] - ETA: 3s - loss: 0.9112 - accuracy: 0.6860
52/98 [==============>...............] - ETA: 3s - loss: 0.9125 - accuracy: 0.6853
54/98 [===============>..............] - ETA: 3s - loss: 0.9119 - accuracy: 0.6857
55/98 [===============>..............] - ETA: 3s - loss: 0.9113 - accuracy: 0.6857
