2024-06-25 11:10:46.143663: I tensorflow/core/platform/cpu_feature_guard.cc:193] This TensorFlow binary is optimized with oneAPI Deep Neural Network Library (oneDNN) to use the following CPU instructions in performance-critical operations:  AVX AVX2
To enable them in other operations, rebuild TensorFlow with the appropriate compiler flags.
2024-06-25 11:10:46.810564: I tensorflow/core/common_runtime/gpu/gpu_device.cc:1616] Created device /job:localhost/replica:0/task:0/device:GPU:0 with 6656 MB memory:  -> device: 0, name: NVIDIA GeForce RTX 4060 Ti, pci bus id: 0000:01:00.0, compute capability: 8.9
1 Physical GPUs, 1 Logical GPUs
Model: "sequential"
_________________________________________________________________
 Layer (type)                Output Shape              Param #   
=================================================================
 conv2d (Conv2D)             (None, 32, 32, 32)        896       
                                                                 
 max_pooling2d (MaxPooling2D  (None, 16, 16, 32)       0         
 )                                                               
                                                                 
 batch_normalization (BatchN  (None, 16, 16, 32)       128       
 ormalization)                                                   
                                                                 
 conv2d_1 (Conv2D)           (None, 16, 16, 256)       205056    
                                                                 
 dropout (Dropout)           (None, 16, 16, 256)       0         
                                                                 
 flatten (Flatten)           (None, 65536)             0         
                                                                 
 dense (Dense)               (None, 10)                655370    
                                                                 
=================================================================
Total params: 861,450
Trainable params: 861,386
Non-trainable params: 64
_________________________________________________________________
Taxa de aprendizado:  0.0001 Num de épocas:  109 Tamanho do lote:  512 Dropout:  0.26488
Epoch 1/109
2024-06-25 11:10:48.141132: I tensorflow/stream_executor/cuda/cuda_dnn.cc:384] Loaded cuDNN version 8100
2024-06-25 11:10:49.020187: W tensorflow/stream_executor/gpu/redzone_allocator.cc:314] INTERNAL: ptxas exited with non-zero error code -1, output: 
Relying on driver to perform ptx compilation. 
Modify $PATH to customize ptxas location.
This message will be only logged once.
2024-06-25 11:10:50.528352: I tensorflow/stream_executor/cuda/cuda_blas.cc:1614] TensorFloat-32 will be used for the matrix multiplication. This will only be logged once.

 1/98 [..............................] - ETA: 8:31 - loss: 2.3418 - accuracy: 0.1211
 2/98 [..............................] - ETA: 9s - loss: 2.2848 - accuracy: 0.1592  
 3/98 [..............................] - ETA: 8s - loss: 2.2547 - accuracy: 0.1660
 4/98 [>.............................] - ETA: 8s - loss: 2.2208 - accuracy: 0.1821
 5/98 [>.............................] - ETA: 8s - loss: 2.1889 - accuracy: 0.1953
 6/98 [>.............................] - ETA: 8s - loss: 2.1592 - accuracy: 0.2080
 7/98 [=>............................] - ETA: 8s - loss: 2.1324 - accuracy: 0.2201
 8/98 [=>............................] - ETA: 8s - loss: 2.1051 - accuracy: 0.2314
 9/98 [=>............................] - ETA: 8s - loss: 2.0805 - accuracy: 0.2400
10/98 [==>...........................] - ETA: 7s - loss: 2.0630 - accuracy: 0.2506
11/98 [==>...........................] - ETA: 7s - loss: 2.0424 - accuracy: 0.2560
12/98 [==>...........................] - ETA: 7s - loss: 2.0257 - accuracy: 0.2635
13/98 [==>...........................] - ETA: 7s - loss: 2.0169 - accuracy: 0.2686
14/98 [===>..........................] - ETA: 7s - loss: 2.0013 - accuracy: 0.2746
15/98 [===>..........................] - ETA: 7s - loss: 1.9904 - accuracy: 0.2801
16/98 [===>..........................] - ETA: 7s - loss: 1.9801 - accuracy: 0.2870
17/98 [====>.........................] - ETA: 7s - loss: 1.9658 - accuracy: 0.2917
18/98 [====>.........................] - ETA: 7s - loss: 1.9560 - accuracy: 0.2965
19/98 [====>.........................] - ETA: 7s - loss: 1.9501 - accuracy: 0.3013
20/98 [=====>........................] - ETA: 6s - loss: 1.9407 - accuracy: 0.3059
21/98 [=====>........................] - ETA: 6s - loss: 1.9323 - accuracy: 0.3117
22/98 [=====>........................] - ETA: 6s - loss: 1.9217 - accuracy: 0.3167
23/98 [======>.......................] - ETA: 6s - loss: 1.9126 - accuracy: 0.3208
24/98 [======>.......................] - ETA: 6s - loss: 1.9026 - accuracy: 0.3246
25/98 [======>.......................] - ETA: 6s - loss: 1.8922 - accuracy: 0.3288
26/98 [======>.......................] - ETA: 6s - loss: 1.8823 - accuracy: 0.3327
27/98 [=======>......................] - ETA: 6s - loss: 1.8733 - accuracy: 0.3367
28/98 [=======>......................] - ETA: 6s - loss: 1.8652 - accuracy: 0.3389
29/98 [=======>......................] - ETA: 6s - loss: 1.8565 - accuracy: 0.3411
30/98 [========>.....................] - ETA: 6s - loss: 1.8518 - accuracy: 0.3430
31/98 [========>.....................] - ETA: 5s - loss: 1.8421 - accuracy: 0.3463
32/98 [========>.....................] - ETA: 5s - loss: 1.8361 - accuracy: 0.3482
33/98 [=========>....................] - ETA: 5s - loss: 1.8273 - accuracy: 0.3519
34/98 [=========>....................] - ETA: 5s - loss: 1.8197 - accuracy: 0.3541
35/98 [=========>....................] - ETA: 5s - loss: 1.8141 - accuracy: 0.3557
36/98 [==========>...................] - ETA: 5s - loss: 1.8093 - accuracy: 0.3577
37/98 [==========>...................] - ETA: 5s - loss: 1.8023 - accuracy: 0.3601
38/98 [==========>...................] - ETA: 5s - loss: 1.7968 - accuracy: 0.3622
39/98 [==========>...................] - ETA: 5s - loss: 1.7925 - accuracy: 0.3638
40/98 [===========>..................] - ETA: 5s - loss: 1.7878 - accuracy: 0.3655
41/98 [===========>..................] - ETA: 5s - loss: 1.7838 - accuracy: 0.3676
42/98 [===========>..................] - ETA: 4s - loss: 1.7775 - accuracy: 0.3696
43/98 [============>.................] - ETA: 4s - loss: 1.7720 - accuracy: 0.3723
44/98 [============>.................] - ETA: 4s - loss: 1.7683 - accuracy: 0.3742
45/98 [============>.................] - ETA: 4s - loss: 1.7626 - accuracy: 0.3766
46/98 [=============>................] - ETA: 4s - loss: 1.7579 - accuracy: 0.3786
47/98 [=============>................] - ETA: 4s - loss: 1.7533 - accuracy: 0.3805
48/98 [=============>................] - ETA: 4s - loss: 1.7473 - accuracy: 0.3826
49/98 [==============>...............] - ETA: 4s - loss: 1.7426 - accuracy: 0.3844
50/98 [==============>...............] - ETA: 4s - loss: 1.7379 - accuracy: 0.3859
51/98 [==============>...............] - ETA: 4s - loss: 1.7324 - accuracy: 0.3877
52/98 [==============>...............] - ETA: 4s - loss: 1.7284 - accuracy: 0.3887
53/98 [===============>..............] - ETA: 3s - loss: 1.7256 - accuracy: 0.3904
54/98 [===============>..............] - ETA: 3s - loss: 1.7219 - accuracy: 0.3923
55/98 [===============>..............] - ETA: 3s - loss: 1.7177 - accuracy: 0.3941
56/98 [================>.............] - ETA: 3s - loss: 1.7133 - accuracy: 0.3956
57/98 [================>.............] - ETA: 3s - loss: 1.7088 - accuracy: 0.3973
58/98 [================>.............] - ETA: 3s - loss: 1.7065 - accuracy: 0.3981
59/98 [=================>............] - ETA: 3s - loss: 1.7009 - accuracy: 0.4002
60/98 [=================>............] - ETA: 3s - loss: 1.6965 - accuracy: 0.4019
61/98 [=================>............] - ETA: 3s - loss: 1.6924 - accuracy: 0.4029
62/98 [=================>............] - ETA: 3s - loss: 1.6890 - accuracy: 0.4041
63/98 [==================>...........] - ETA: 3s - loss: 1.6861 - accuracy: 0.4053
64/98 [==================>...........] - ETA: 3s - loss: 1.6815 - accuracy: 0.4070
65/98 [==================>...........] - ETA: 2s - loss: 1.6763 - accuracy: 0.4089
66/98 [===================>..........] - ETA: 2s - loss: 1.6735 - accuracy: 0.4098
67/98 [===================>..........] - ETA: 2s - loss: 1.6695 - accuracy: 0.4114
68/98 [===================>..........] - ETA: 2s - loss: 1.6658 - accuracy: 0.4126
69/98 [====================>.........] - ETA: 3s - loss: 1.6634 - accuracy: 0.4134
70/98 [====================>.........] - ETA: 3s - loss: 1.6598 - accuracy: 0.4144
71/98 [====================>.........] - ETA: 2s - loss: 1.6565 - accuracy: 0.4155
72/98 [=====================>........] - ETA: 2s - loss: 1.6526 - accuracy: 0.4168
73/98 [=====================>........] - ETA: 2s - loss: 1.6488 - accuracy: 0.4182
74/98 [=====================>........] - ETA: 2s - loss: 1.6459 - accuracy: 0.4193
75/98 [=====================>........] - ETA: 2s - loss: 1.6428 - accuracy: 0.4207
76/98 [======================>.......] - ETA: 2s - loss: 1.6396 - accuracy: 0.4218
77/98 [======================>.......] - ETA: 2s - loss: 1.6365 - accuracy: 0.4223
78/98 [======================>.......] - ETA: 2s - loss: 1.6333 - accuracy: 0.4232
79/98 [=======================>......] - ETA: 1s - loss: 1.6304 - accuracy: 0.4244
80/98 [=======================>......] - ETA: 1s - loss: 1.6269 - accuracy: 0.4256
81/98 [=======================>......] - ETA: 1s - loss: 1.6237 - accuracy: 0.4265
82/98 [========================>.....] - ETA: 1s - loss: 1.6214 - accuracy: 0.4275
83/98 [========================>.....] - ETA: 1s - loss: 1.6188 - accuracy: 0.4283
84/98 [========================>.....] - ETA: 1s - loss: 1.6168 - accuracy: 0.4294
85/98 [=========================>....] - ETA: 1s - loss: 1.6140 - accuracy: 0.4306
86/98 [=========================>....] - ETA: 1s - loss: 1.6112 - accuracy: 0.4315
87/98 [=========================>....] - ETA: 1s - loss: 1.6083 - accuracy: 0.4326
88/98 [=========================>....] - ETA: 1s - loss: 1.6056 - accuracy: 0.4332
89/98 [==========================>...] - ETA: 0s - loss: 1.6028 - accuracy: 0.4345
90/98 [==========================>...] - ETA: 0s - loss: 1.5989 - accuracy: 0.4361
91/98 [==========================>...] - ETA: 0s - loss: 1.5957 - accuracy: 0.4371
92/98 [===========================>..] - ETA: 0s - loss: 1.5936 - accuracy: 0.4378
93/98 [===========================>..] - ETA: 0s - loss: 1.5915 - accuracy: 0.4388
94/98 [===========================>..] - ETA: 0s - loss: 1.5884 - accuracy: 0.4401
95/98 [============================>.] - ETA: 0s - loss: 1.5856 - accuracy: 0.4411
96/98 [============================>.] - ETA: 0s - loss: 1.5838 - accuracy: 0.4419
97/98 [============================>.] - ETA: 0s - loss: 1.5810 - accuracy: 0.4425
98/98 [==============================] - ETA: 0s - loss: 1.5791 - accuracy: 0.4430
98/98 [==============================] - 17s 116ms/step - loss: 1.5791 - accuracy: 0.4430 - val_loss: 2.0704 - val_accuracy: 0.3949
Epoch 2/109

 1/98 [..............................] - ETA: 10s - loss: 1.2811 - accuracy: 0.5410
 2/98 [..............................] - ETA: 9s - loss: 1.3195 - accuracy: 0.5420 
 3/98 [..............................] - ETA: 8s - loss: 1.3170 - accuracy: 0.5332
 4/98 [>.............................] - ETA: 8s - loss: 1.3058 - accuracy: 0.5396
 5/98 [>.............................] - ETA: 8s - loss: 1.3047 - accuracy: 0.5406
 6/98 [>.............................] - ETA: 8s - loss: 1.3083 - accuracy: 0.5430
 7/98 [=>............................] - ETA: 8s - loss: 1.3119 - accuracy: 0.5402
 8/98 [=>............................] - ETA: 8s - loss: 1.3030 - accuracy: 0.5466
 9/98 [=>............................] - ETA: 8s - loss: 1.3002 - accuracy: 0.5482
10/98 [==>...........................] - ETA: 7s - loss: 1.2969 - accuracy: 0.5488
11/98 [==>...........................] - ETA: 7s - loss: 1.3031 - accuracy: 0.5472
12/98 [==>...........................] - ETA: 7s - loss: 1.3013 - accuracy: 0.5482
13/98 [==>...........................] - ETA: 7s - loss: 1.2937 - accuracy: 0.5499
14/98 [===>..........................] - ETA: 7s - loss: 1.2896 - accuracy: 0.5511
15/98 [===>..........................] - ETA: 7s - loss: 1.2839 - accuracy: 0.5536
16/98 [===>..........................] - ETA: 7s - loss: 1.2793 - accuracy: 0.5556
17/98 [====>.........................] - ETA: 7s - loss: 1.2793 - accuracy: 0.5555
18/98 [====>.........................] - ETA: 7s - loss: 1.2780 - accuracy: 0.5551
19/98 [====>.........................] - ETA: 6s - loss: 1.2755 - accuracy: 0.5564
20/98 [=====>........................] - ETA: 6s - loss: 1.2787 - accuracy: 0.5565
21/98 [=====>........................] - ETA: 6s - loss: 1.2787 - accuracy: 0.5563
22/98 [=====>........................] - ETA: 6s - loss: 1.2725 - accuracy: 0.5584
23/98 [======>.......................] - ETA: 6s - loss: 1.2739 - accuracy: 0.5579
24/98 [======>.......................] - ETA: 6s - loss: 1.2755 - accuracy: 0.5573
25/98 [======>.......................] - ETA: 6s - loss: 1.2746 - accuracy: 0.5574
26/98 [======>.......................] - ETA: 6s - loss: 1.2738 - accuracy: 0.5567
27/98 [=======>......................] - ETA: 6s - loss: 1.2763 - accuracy: 0.5567
28/98 [=======>......................] - ETA: 6s - loss: 1.2734 - accuracy: 0.5582
29/98 [=======>......................] - ETA: 6s - loss: 1.2706 - accuracy: 0.5585
30/98 [========>.....................] - ETA: 6s - loss: 1.2684 - accuracy: 0.5591
31/98 [========>.....................] - ETA: 5s - loss: 1.2684 - accuracy: 0.5589
32/98 [========>.....................] - ETA: 5s - loss: 1.2651 - accuracy: 0.5597
33/98 [=========>....................] - ETA: 5s - loss: 1.2654 - accuracy: 0.5587
34/98 [=========>....................] - ETA: 5s - loss: 1.2662 - accuracy: 0.5591
35/98 [=========>....................] - ETA: 5s - loss: 1.2644 - accuracy: 0.5594
36/98 [==========>...................] - ETA: 5s - loss: 1.2644 - accuracy: 0.5591
37/98 [==========>...................] - ETA: 5s - loss: 1.2649 - accuracy: 0.5590
38/98 [==========>...................] - ETA: 5s - loss: 1.2651 - accuracy: 0.5596
39/98 [==========>...................] - ETA: 5s - loss: 1.2661 - accuracy: 0.5594
40/98 [===========>..................] - ETA: 5s - loss: 1.2670 - accuracy: 0.5593
41/98 [===========>..................] - ETA: 5s - loss: 1.2664 - accuracy: 0.5594
42/98 [===========>..................] - ETA: 4s - loss: 1.2645 - accuracy: 0.5599
43/98 [============>.................] - ETA: 4s - loss: 1.2635 - accuracy: 0.5602
44/98 [============>.................] - ETA: 4s - loss: 1.2631 - accuracy: 0.5601
45/98 [============>.................] - ETA: 4s - loss: 1.2633 - accuracy: 0.5601
46/98 [=============>................] - ETA: 4s - loss: 1.2644 - accuracy: 0.5602
47/98 [=============>................] - ETA: 4s - loss: 1.2641 - accuracy: 0.5604
48/98 [=============>................] - ETA: 4s - loss: 1.2633 - accuracy: 0.5611
49/98 [==============>...............] - ETA: 4s - loss: 1.2622 - accuracy: 0.5617
50/98 [==============>...............] - ETA: 4s - loss: 1.2618 - accuracy: 0.5618
51/98 [==============>...............] - ETA: 4s - loss: 1.2611 - accuracy: 0.5621
52/98 [==============>...............] - ETA: 4s - loss: 1.2603 - accuracy: 0.5622
53/98 [===============>..............] - ETA: 3s - loss: 1.2590 - accuracy: 0.5624
54/98 [===============>..............] - ETA: 3s - loss: 1.2562 - accuracy: 0.5633
55/98 [===============>..............] - ETA: 3s - loss: 1.2552 - accuracy: 0.5639
56/98 [================>.............] - ETA: 3s - loss: 1.2555 - accuracy: 0.5639
57/98 [================>.............] - ETA: 3s - loss: 1.2547 - accuracy: 0.5645
58/98 [================>.............] - ETA: 3s - loss: 1.2526 - accuracy: 0.5652
59/98 [=================>............] - ETA: 3s - loss: 1.2523 - accuracy: 0.5652
60/98 [=================>............] - ETA: 3s - loss: 1.2510 - accuracy: 0.5652
61/98 [=================>............] - ETA: 3s - loss: 1.2493 - accuracy: 0.5656
62/98 [=================>............] - ETA: 3s - loss: 1.2489 - accuracy: 0.5660
63/98 [==================>...........] - ETA: 3s - loss: 1.2481 - accuracy: 0.5660
64/98 [==================>...........] - ETA: 3s - loss: 1.2496 - accuracy: 0.5649
65/98 [==================>...........] - ETA: 2s - loss: 1.2495 - accuracy: 0.5643
66/98 [===================>..........] - ETA: 2s - loss: 1.2486 - accuracy: 0.5649
67/98 [===================>..........] - ETA: 2s - loss: 1.2485 - accuracy: 0.5650
68/98 [===================>..........] - ETA: 2s - loss: 1.2482 - accuracy: 0.5651
69/98 [====================>.........] - ETA: 2s - loss: 1.2459 - accuracy: 0.5657
70/98 [====================>.........] - ETA: 2s - loss: 1.2452 - accuracy: 0.5658
71/98 [====================>.........] - ETA: 2s - loss: 1.2441 - accuracy: 0.5663
72/98 [=====================>........] - ETA: 2s - loss: 1.2429 - accuracy: 0.5667
73/98 [=====================>........] - ETA: 2s - loss: 1.2418 - accuracy: 0.5671
74/98 [=====================>........] - ETA: 2s - loss: 1.2404 - accuracy: 0.5678
75/98 [=====================>........] - ETA: 2s - loss: 1.2395 - accuracy: 0.5681
76/98 [======================>.......] - ETA: 1s - loss: 1.2385 - accuracy: 0.5684
77/98 [======================>.......] - ETA: 1s - loss: 1.2372 - accuracy: 0.5684
78/98 [======================>.......] - ETA: 1s - loss: 1.2357 - accuracy: 0.5690
79/98 [=======================>......] - ETA: 1s - loss: 1.2344 - accuracy: 0.5698
80/98 [=======================>......] - ETA: 1s - loss: 1.2343 - accuracy: 0.5699
81/98 [=======================>......] - ETA: 1s - loss: 1.2325 - accuracy: 0.5702
82/98 [========================>.....] - ETA: 1s - loss: 1.2319 - accuracy: 0.5706
83/98 [========================>.....] - ETA: 1s - loss: 1.2307 - accuracy: 0.5711
84/98 [========================>.....] - ETA: 1s - loss: 1.2310 - accuracy: 0.5712
85/98 [=========================>....] - ETA: 1s - loss: 1.2301 - accuracy: 0.5714
86/98 [=========================>....] - ETA: 1s - loss: 1.2289 - accuracy: 0.5717
87/98 [=========================>....] - ETA: 0s - loss: 1.2290 - accuracy: 0.5719
88/98 [=========================>....] - ETA: 0s - loss: 1.2282 - accuracy: 0.5722
89/98 [==========================>...] - ETA: 0s - loss: 1.2275 - accuracy: 0.5725
90/98 [==========================>...] - ETA: 0s - loss: 1.2271 - accuracy: 0.5728
91/98 [==========================>...] - ETA: 0s - loss: 1.2261 - accuracy: 0.5733
92/98 [===========================>..] - ETA: 0s - loss: 1.2249 - accuracy: 0.5736
93/98 [===========================>..] - ETA: 0s - loss: 1.2237 - accuracy: 0.5739
94/98 [===========================>..] - ETA: 0s - loss: 1.2228 - accuracy: 0.5741
95/98 [============================>.] - ETA: 0s - loss: 1.2218 - accuracy: 0.5747
96/98 [============================>.] - ETA: 0s - loss: 1.2212 - accuracy: 0.5751
97/98 [============================>.] - ETA: 0s - loss: 1.2207 - accuracy: 0.5750
98/98 [==============================] - ETA: 0s - loss: 1.2206 - accuracy: 0.5751
98/98 [==============================] - 10s 99ms/step - loss: 1.2206 - accuracy: 0.5751 - val_loss: 1.8655 - val_accuracy: 0.4634
Epoch 3/109

 1/98 [..............................] - ETA: 9s - loss: 1.1345 - accuracy: 0.6250
 2/98 [..............................] - ETA: 9s - loss: 1.1217 - accuracy: 0.6045
 3/98 [..............................] - ETA: 8s - loss: 1.1250 - accuracy: 0.6074
 4/98 [>.............................] - ETA: 8s - loss: 1.1286 - accuracy: 0.6099
 5/98 [>.............................] - ETA: 8s - loss: 1.1324 - accuracy: 0.6082
 6/98 [>.............................] - ETA: 8s - loss: 1.1310 - accuracy: 0.6113
 7/98 [=>............................] - ETA: 8s - loss: 1.1182 - accuracy: 0.6164
 8/98 [=>............................] - ETA: 8s - loss: 1.1090 - accuracy: 0.6228
 9/98 [=>............................] - ETA: 8s - loss: 1.1105 - accuracy: 0.6207
10/98 [==>...........................] - ETA: 7s - loss: 1.1079 - accuracy: 0.6178
11/98 [==>...........................] - ETA: 7s - loss: 1.1125 - accuracy: 0.6167
12/98 [==>...........................] - ETA: 7s - loss: 1.1057 - accuracy: 0.6193
13/98 [==>...........................] - ETA: 7s - loss: 1.1080 - accuracy: 0.6202
14/98 [===>..........................] - ETA: 7s - loss: 1.1106 - accuracy: 0.6180
15/98 [===>..........................] - ETA: 7s - loss: 1.1072 - accuracy: 0.6201
16/98 [===>..........................] - ETA: 7s - loss: 1.1119 - accuracy: 0.6166
17/98 [====>.........................] - ETA: 7s - loss: 1.1141 - accuracy: 0.6141
18/98 [====>.........................] - ETA: 7s - loss: 1.1157 - accuracy: 0.6137
19/98 [====>.........................] - ETA: 7s - loss: 1.1176 - accuracy: 0.6127
20/98 [=====>........................] - ETA: 7s - loss: 1.1154 - accuracy: 0.6139
21/98 [=====>........................] - ETA: 6s - loss: 1.1146 - accuracy: 0.6137
22/98 [=====>........................] - ETA: 6s - loss: 1.1100 - accuracy: 0.6159
23/98 [======>.......................] - ETA: 6s - loss: 1.1090 - accuracy: 0.6163
24/98 [======>.......................] - ETA: 6s - loss: 1.1082 - accuracy: 0.6157
25/98 [======>.......................] - ETA: 6s - loss: 1.1043 - accuracy: 0.6180
26/98 [======>.......................] - ETA: 6s - loss: 1.1049 - accuracy: 0.6177
27/98 [=======>......................] - ETA: 6s - loss: 1.1027 - accuracy: 0.6194
28/98 [=======>......................] - ETA: 6s - loss: 1.1042 - accuracy: 0.6179
29/98 [=======>......................] - ETA: 6s - loss: 1.1041 - accuracy: 0.6187
30/98 [========>.....................] - ETA: 6s - loss: 1.1045 - accuracy: 0.6178
31/98 [========>.....................] - ETA: 6s - loss: 1.1038 - accuracy: 0.6184
32/98 [========>.....................] - ETA: 5s - loss: 1.1064 - accuracy: 0.6176
33/98 [=========>....................] - ETA: 5s - loss: 1.1071 - accuracy: 0.6169
34/98 [=========>....................] - ETA: 5s - loss: 1.1059 - accuracy: 0.6178
35/98 [=========>....................] - ETA: 5s - loss: 1.1057 - accuracy: 0.6174
36/98 [==========>...................] - ETA: 5s - loss: 1.1049 - accuracy: 0.6182
37/98 [==========>...................] - ETA: 5s - loss: 1.1041 - accuracy: 0.6187
38/98 [==========>...................] - ETA: 5s - loss: 1.1036 - accuracy: 0.6186
39/98 [==========>...................] - ETA: 5s - loss: 1.1040 - accuracy: 0.6185
40/98 [===========>..................] - ETA: 5s - loss: 1.1050 - accuracy: 0.6185
41/98 [===========>..................] - ETA: 5s - loss: 1.1061 - accuracy: 0.6185
42/98 [===========>..................] - ETA: 5s - loss: 1.1064 - accuracy: 0.6186
43/98 [============>.................] - ETA: 4s - loss: 1.1046 - accuracy: 0.6192
44/98 [============>.................] - ETA: 4s - loss: 1.1033 - accuracy: 0.6197
45/98 [============>.................] - ETA: 4s - loss: 1.1008 - accuracy: 0.6205
46/98 [=============>................] - ETA: 4s - loss: 1.1001 - accuracy: 0.6212
47/98 [=============>................] - ETA: 4s - loss: 1.0992 - accuracy: 0.6211
48/98 [=============>................] - ETA: 4s - loss: 1.0997 - accuracy: 0.6209
49/98 [==============>...............] - ETA: 4s - loss: 1.1001 - accuracy: 0.6208
50/98 [==============>...............] - ETA: 4s - loss: 1.0998 - accuracy: 0.6212
51/98 [==============>...............] - ETA: 4s - loss: 1.0999 - accuracy: 0.6212
52/98 [==============>...............] - ETA: 4s - loss: 1.1007 - accuracy: 0.6207
53/98 [===============>..............] - ETA: 4s - loss: 1.1007 - accuracy: 0.6208
54/98 [===============>..............] - ETA: 3s - loss: 1.1001 - accuracy: 0.6208
55/98 [===============>..............] - ETA: 3s - loss: 1.1005 - accuracy: 0.6206
56/98 [================>.............] - ETA: 3s - loss: 1.1013 - accuracy: 0.6205
57/98 [================>.............] - ETA: 3s - loss: 1.1001 - accuracy: 0.6209
58/98 [================>.............] - ETA: 3s - loss: 1.0999 - accuracy: 0.6209
59/98 [=================>............] - ETA: 3s - loss: 1.1004 - accuracy: 0.6203
60/98 [=================>............] - ETA: 3s - loss: 1.1001 - accuracy: 0.6206
61/98 [=================>............] - ETA: 3s - loss: 1.0995 - accuracy: 0.6204
62/98 [=================>............] - ETA: 3s - loss: 1.0990 - accuracy: 0.6209
63/98 [==================>...........] - ETA: 3s - loss: 1.0989 - accuracy: 0.6207
64/98 [==================>...........] - ETA: 3s - loss: 1.0990 - accuracy: 0.6209
65/98 [==================>...........] - ETA: 2s - loss: 1.0996 - accuracy: 0.6202
66/98 [===================>..........] - ETA: 2s - loss: 1.0990 - accuracy: 0.6207
67/98 [===================>..........] - ETA: 2s - loss: 1.0983 - accuracy: 0.6210
68/98 [===================>..........] - ETA: 2s - loss: 1.0980 - accuracy: 0.6210
69/98 [====================>.........] - ETA: 2s - loss: 1.0983 - accuracy: 0.6206
70/98 [====================>.........] - ETA: 2s - loss: 1.0980 - accuracy: 0.6205
71/98 [====================>.........] - ETA: 2s - loss: 1.0986 - accuracy: 0.6200
72/98 [=====================>........] - ETA: 2s - loss: 1.0982 - accuracy: 0.6201
73/98 [=====================>........] - ETA: 2s - loss: 1.0978 - accuracy: 0.6202
74/98 [=====================>........] - ETA: 2s - loss: 1.0969 - accuracy: 0.6207
75/98 [=====================>........] - ETA: 2s - loss: 1.0964 - accuracy: 0.6209
76/98 [======================>.......] - ETA: 1s - loss: 1.0962 - accuracy: 0.6211
77/98 [======================>.......] - ETA: 1s - loss: 1.0954 - accuracy: 0.6215
78/98 [======================>.......] - ETA: 1s - loss: 1.0934 - accuracy: 0.6223
79/98 [=======================>......] - ETA: 1s - loss: 1.0942 - accuracy: 0.6220
80/98 [=======================>......] - ETA: 1s - loss: 1.0936 - accuracy: 0.6221
81/98 [=======================>......] - ETA: 1s - loss: 1.0931 - accuracy: 0.6223
82/98 [========================>.....] - ETA: 1s - loss: 1.0922 - accuracy: 0.6228
83/98 [========================>.....] - ETA: 1s - loss: 1.0921 - accuracy: 0.6229
84/98 [========================>.....] - ETA: 1s - loss: 1.0908 - accuracy: 0.6233
85/98 [=========================>....] - ETA: 1s - loss: 1.0910 - accuracy: 0.6234
86/98 [=========================>....] - ETA: 1s - loss: 1.0907 - accuracy: 0.6232
87/98 [=========================>....] - ETA: 0s - loss: 1.0904 - accuracy: 0.6232
88/98 [=========================>....] - ETA: 0s - loss: 1.0892 - accuracy: 0.6235
89/98 [==========================>...] - ETA: 0s - loss: 1.0889 - accuracy: 0.6235
90/98 [==========================>...] - ETA: 0s - loss: 1.0892 - accuracy: 0.6232
91/98 [==========================>...] - ETA: 0s - loss: 1.0888 - accuracy: 0.6232
92/98 [===========================>..] - ETA: 0s - loss: 1.0886 - accuracy: 0.6233
93/98 [===========================>..] - ETA: 0s - loss: 1.0881 - accuracy: 0.6233
94/98 [===========================>..] - ETA: 0s - loss: 1.0873 - accuracy: 0.6235
95/98 [============================>.] - ETA: 0s - loss: 1.0859 - accuracy: 0.6240
96/98 [============================>.] - ETA: 0s - loss: 1.0848 - accuracy: 0.6243
97/98 [============================>.] - ETA: 0s - loss: 1.0842 - accuracy: 0.6245
98/98 [==============================] - ETA: 0s - loss: 1.0836 - accuracy: 0.6247
98/98 [==============================] - 10s 100ms/step - loss: 1.0836 - accuracy: 0.6247 - val_loss: 1.6262 - val_accuracy: 0.5255
Epoch 4/109

 1/98 [..............................] - ETA: 10s - loss: 0.9939 - accuracy: 0.6426
 2/98 [..............................] - ETA: 7s - loss: 1.0143 - accuracy: 0.6445 
 3/98 [..............................] - ETA: 8s - loss: 1.0170 - accuracy: 0.6354
 4/98 [>.............................] - ETA: 8s - loss: 1.0182 - accuracy: 0.6426
 5/98 [>.............................] - ETA: 7s - loss: 1.0101 - accuracy: 0.6441
 6/98 [>.............................] - ETA: 8s - loss: 1.0208 - accuracy: 0.6413
 7/98 [=>............................] - ETA: 8s - loss: 1.0189 - accuracy: 0.6462
 8/98 [=>............................] - ETA: 7s - loss: 1.0095 - accuracy: 0.6494
 9/98 [=>............................] - ETA: 7s - loss: 1.0096 - accuracy: 0.6521
10/98 [==>...........................] - ETA: 7s - loss: 1.0100 - accuracy: 0.6527
12/98 [==>...........................] - ETA: 7s - loss: 1.0136 - accuracy: 0.6508
13/98 [==>...........................] - ETA: 7s - loss: 1.0084 - accuracy: 0.6515
14/98 [===>..........................] - ETA: 7s - loss: 1.0049 - accuracy: 0.6510
15/98 [===>..........................] - ETA: 7s - loss: 1.0027 - accuracy: 0.6549
16/98 [===>..........................] - ETA: 7s - loss: 1.0011 - accuracy: 0.6557
17/98 [====>.........................] - ETA: 6s - loss: 1.0015 - accuracy: 0.6565
18/98 [====>.........................] - ETA: 6s - loss: 1.0010 - accuracy: 0.6554
19/98 [====>.........................] - ETA: 6s - loss: 0.9993 - accuracy: 0.6556
20/98 [=====>........................] - ETA: 6s - loss: 0.9986 - accuracy: 0.6560
21/98 [=====>........................] - ETA: 6s - loss: 0.9993 - accuracy: 0.6556
22/98 [=====>........................] - ETA: 6s - loss: 0.9959 - accuracy: 0.6569
23/98 [======>.......................] - ETA: 6s - loss: 0.9979 - accuracy: 0.6558
24/98 [======>.......................] - ETA: 6s - loss: 0.9979 - accuracy: 0.6560
25/98 [======>.......................] - ETA: 6s - loss: 0.9962 - accuracy: 0.6574
26/98 [======>.......................] - ETA: 6s - loss: 0.9981 - accuracy: 0.6570
27/98 [=======>......................] - ETA: 6s - loss: 0.9964 - accuracy: 0.6578
28/98 [=======>......................] - ETA: 6s - loss: 0.9955 - accuracy: 0.6583
29/98 [=======>......................] - ETA: 6s - loss: 0.9958 - accuracy: 0.6583
30/98 [========>.....................] - ETA: 5s - loss: 0.9933 - accuracy: 0.6589
31/98 [========>.....................] - ETA: 5s - loss: 0.9934 - accuracy: 0.6592
32/98 [========>.....................] - ETA: 5s - loss: 0.9918 - accuracy: 0.6591
33/98 [=========>....................] - ETA: 5s - loss: 0.9897 - accuracy: 0.6596
34/98 [=========>....................] - ETA: 5s - loss: 0.9901 - accuracy: 0.6593
35/98 [=========>....................] - ETA: 5s - loss: 0.9886 - accuracy: 0.6591
36/98 [==========>...................] - ETA: 5s - loss: 0.9904 - accuracy: 0.6591
37/98 [==========>...................] - ETA: 5s - loss: 0.9884 - accuracy: 0.6597
38/98 [==========>...................] - ETA: 5s - loss: 0.9900 - accuracy: 0.6595
39/98 [==========>...................] - ETA: 5s - loss: 0.9905 - accuracy: 0.6594
40/98 [===========>..................] - ETA: 5s - loss: 0.9904 - accuracy: 0.6591
41/98 [===========>..................] - ETA: 4s - loss: 0.9910 - accuracy: 0.6593
42/98 [===========>..................] - ETA: 4s - loss: 0.9899 - accuracy: 0.6597
43/98 [============>.................] - ETA: 4s - loss: 0.9914 - accuracy: 0.6588
44/98 [============>.................] - ETA: 4s - loss: 0.9912 - accuracy: 0.6586
45/98 [============>.................] - ETA: 4s - loss: 0.9922 - accuracy: 0.6577
46/98 [=============>................] - ETA: 4s - loss: 0.9919 - accuracy: 0.6577
47/98 [=============>................] - ETA: 4s - loss: 0.9903 - accuracy: 0.6582
48/98 [=============>................] - ETA: 4s - loss: 0.9908 - accuracy: 0.6584
49/98 [==============>...............] - ETA: 4s - loss: 0.9902 - accuracy: 0.6592
50/98 [==============>...............] - ETA: 4s - loss: 0.9907 - accuracy: 0.6589
51/98 [==============>...............] - ETA: 4s - loss: 0.9918 - accuracy: 0.6580
52/98 [==============>...............] - ETA: 4s - loss: 0.9915 - accuracy: 0.6581
53/98 [===============>..............] - ETA: 3s - loss: 0.9928 - accuracy: 0.6581
54/98 [===============>..............] - ETA: 3s - loss: 0.9918 - accuracy: 0.6583
55/98 [===============>..............] - ETA: 3s - loss: 0.9904 - accuracy: 0.6589
56/98 [================>.............] - ETA: 3s - loss: 0.9905 - accuracy: 0.6591
57/98 [================>.............] - ETA: 3s - loss: 0.9906 - accuracy: 0.6589
58/98 [================>.............] - ETA: 3s - loss: 0.9884 - accuracy: 0.6596
59/98 [=================>............] - ETA: 3s - loss: 0.9879 - accuracy: 0.6598
60/98 [=================>............] - ETA: 3s - loss: 0.9891 - accuracy: 0.6593
61/98 [=================>............] - ETA: 3s - loss: 0.9892 - accuracy: 0.6596
62/98 [=================>............] - ETA: 3s - loss: 0.9884 - accuracy: 0.6602
63/98 [==================>...........] - ETA: 3s - loss: 0.9885 - accuracy: 0.6602
64/98 [==================>...........] - ETA: 3s - loss: 0.9881 - accuracy: 0.6609
65/98 [==================>...........] - ETA: 2s - loss: 0.9876 - accuracy: 0.6608
66/98 [===================>..........] - ETA: 2s - loss: 0.9877 - accuracy: 0.6605
67/98 [===================>..........] - ETA: 2s - loss: 0.9888 - accuracy: 0.6600
68/98 [===================>..........] - ETA: 2s - loss: 0.9885 - accuracy: 0.6602
69/98 [====================>.........] - ETA: 2s - loss: 0.9881 - accuracy: 0.6604
70/98 [====================>.........] - ETA: 2s - loss: 0.9880 - accuracy: 0.6605
71/98 [====================>.........] - ETA: 2s - loss: 0.9878 - accuracy: 0.6604
72/98 [=====================>........] - ETA: 2s - loss: 0.9882 - accuracy: 0.6602
73/98 [=====================>........] - ETA: 2s - loss: 0.9894 - accuracy: 0.6600
74/98 [=====================>........] - ETA: 2s - loss: 0.9898 - accuracy: 0.6597
75/98 [=====================>........] - ETA: 2s - loss: 0.9895 - accuracy: 0.6598
76/98 [======================>.......] - ETA: 1s - loss: 0.9907 - accuracy: 0.6593
77/98 [======================>.......] - ETA: 1s - loss: 0.9905 - accuracy: 0.6591
78/98 [======================>.......] - ETA: 1s - loss: 0.9904 - accuracy: 0.6590
79/98 [=======================>......] - ETA: 1s - loss: 0.9909 - accuracy: 0.6589
80/98 [=======================>......] - ETA: 1s - loss: 0.9906 - accuracy: 0.6590
81/98 [=======================>......] - ETA: 1s - loss: 0.9903 - accuracy: 0.6591
82/98 [========================>.....] - ETA: 1s - loss: 0.9904 - accuracy: 0.6589
83/98 [========================>.....] - ETA: 1s - loss: 0.9904 - accuracy: 0.6589
84/98 [========================>.....] - ETA: 1s - loss: 0.9897 - accuracy: 0.6593
85/98 [=========================>....] - ETA: 1s - loss: 0.9888 - accuracy: 0.6597
86/98 [=========================>....] - ETA: 1s - loss: 0.9891 - accuracy: 0.6596
87/98 [=========================>....] - ETA: 0s - loss: 0.9887 - accuracy: 0.6597
88/98 [=========================>....] - ETA: 0s - loss: 0.9887 - accuracy: 0.6597
89/98 [==========================>...] - ETA: 0s - loss: 0.9882 - accuracy: 0.6599
90/98 [==========================>...] - ETA: 0s - loss: 0.9888 - accuracy: 0.6595
91/98 [==========================>...] - ETA: 0s - loss: 0.9885 - accuracy: 0.6593
92/98 [===========================>..] - ETA: 0s - loss: 0.9884 - accuracy: 0.6593
93/98 [===========================>..] - ETA: 0s - loss: 0.9880 - accuracy: 0.6591
94/98 [===========================>..] - ETA: 0s - loss: 0.9882 - accuracy: 0.6591
95/98 [============================>.] - ETA: 0s - loss: 0.9877 - accuracy: 0.6591
96/98 [============================>.] - ETA: 0s - loss: 0.9877 - accuracy: 0.6589
97/98 [============================>.] - ETA: 0s - loss: 0.9876 - accuracy: 0.6593
98/98 [==============================] - ETA: 0s - loss: 0.9869 - accuracy: 0.6598
98/98 [==============================] - 10s 99ms/step - loss: 0.9869 - accuracy: 0.6598 - val_loss: 1.3827 - val_accuracy: 0.5687
Epoch 5/109

 1/98 [..............................] - ETA: 10s - loss: 0.9159 - accuracy: 0.6758
 2/98 [..............................] - ETA: 7s - loss: 0.9502 - accuracy: 0.6641 
 3/98 [..............................] - ETA: 8s - loss: 0.9492 - accuracy: 0.6680
 4/98 [>.............................] - ETA: 8s - loss: 0.9546 - accuracy: 0.6670
 5/98 [>.............................] - ETA: 7s - loss: 0.9542 - accuracy: 0.6715
 6/98 [>.............................] - ETA: 8s - loss: 0.9604 - accuracy: 0.6722
 7/98 [=>............................] - ETA: 8s - loss: 0.9643 - accuracy: 0.6705
 8/98 [=>............................] - ETA: 8s - loss: 0.9546 - accuracy: 0.6738
 9/98 [=>............................] - ETA: 7s - loss: 0.9461 - accuracy: 0.6760
10/98 [==>...........................] - ETA: 7s - loss: 0.9437 - accuracy: 0.6758
11/98 [==>...........................] - ETA: 7s - loss: 0.9488 - accuracy: 0.6737
12/98 [==>...........................] - ETA: 7s - loss: 0.9446 - accuracy: 0.6758
13/98 [==>...........................] - ETA: 7s - loss: 0.9419 - accuracy: 0.6774
14/98 [===>..........................] - ETA: 7s - loss: 0.9394 - accuracy: 0.6790
15/98 [===>..........................] - ETA: 7s - loss: 0.9376 - accuracy: 0.6786
16/98 [===>..........................] - ETA: 7s - loss: 0.9374 - accuracy: 0.6793
17/98 [====>.........................] - ETA: 7s - loss: 0.9350 - accuracy: 0.6807
18/98 [====>.........................] - ETA: 7s - loss: 0.9336 - accuracy: 0.6800
19/98 [====>.........................] - ETA: 7s - loss: 0.9345 - accuracy: 0.6800
20/98 [=====>........................] - ETA: 7s - loss: 0.9345 - accuracy: 0.6795
21/98 [=====>........................] - ETA: 6s - loss: 0.9340 - accuracy: 0.6800
22/98 [=====>........................] - ETA: 6s - loss: 0.9299 - accuracy: 0.6830
23/98 [======>.......................] - ETA: 6s - loss: 0.9300 - accuracy: 0.6817
24/98 [======>.......................] - ETA: 6s - loss: 0.9287 - accuracy: 0.6820
25/98 [======>.......................] - ETA: 6s - loss: 0.9256 - accuracy: 0.6837
26/98 [======>.......................] - ETA: 6s - loss: 0.9224 - accuracy: 0.6857
27/98 [=======>......................] - ETA: 6s - loss: 0.9245 - accuracy: 0.6842
28/98 [=======>......................] - ETA: 6s - loss: 0.9246 - accuracy: 0.6838
29/98 [=======>......................] - ETA: 6s - loss: 0.9252 - accuracy: 0.6828
31/98 [========>.....................] - ETA: 5s - loss: 0.9231 - accuracy: 0.6834
32/98 [========>.....................] - ETA: 5s - loss: 0.9234 - accuracy: 0.6840
34/98 [=========>....................] - ETA: 5s - loss: 0.9219 - accuracy: 0.6846
36/98 [==========>...................] - ETA: 5s - loss: 0.9201 - accuracy: 0.6858
37/98 [==========>...................] - ETA: 4s - loss: 0.9167 - accuracy: 0.6870
39/98 [==========>...................] - ETA: 4s - loss: 0.9165 - accuracy: 0.6873
40/98 [===========>..................] - ETA: 4s - loss: 0.9153 - accuracy: 0.6878
42/98 [===========>..................] - ETA: 4s - loss: 0.9135 - accuracy: 0.6884
43/98 [============>.................] - ETA: 4s - loss: 0.9130 - accuracy: 0.6885
44/98 [============>.................] - ETA: 4s - loss: 0.9124 - accuracy: 0.6885
46/98 [=============>................] - ETA: 3s - loss: 0.9118 - accuracy: 0.6888
47/98 [=============>................] - ETA: 3s - loss: 0.9111 - accuracy: 0.6890
49/98 [==============>...............] - ETA: 3s - loss: 0.9114 - accuracy: 0.6887
50/98 [==============>...............] - ETA: 3s - loss: 0.9117 - accuracy: 0.6887
51/98 [==============>...............] - ETA: 3s - loss: 0.9113 - accuracy: 0.6888
52/98 [==============>...............] - ETA: 3s - loss: 0.9128 - accuracy: 0.6880
53/98 [===============>..............] - ETA: 3s - loss: 0.9134 - accuracy: 0.6875
55/98 [===============>..............] - ETA: 3s - loss: 0.9131 - accuracy: 0.6875
56/98 [================>.............] - ETA: 3s - loss: 0.9128 - accuracy: 0.6877
58/98 [================>.............] - ETA: 2s - loss: 0.9134 - accuracy: 0.6878
59/98 [=================>............] - ETA: 2s - loss: 0.9150 - accuracy: 0.6873
