2024-06-25 12:55:05.425728: I tensorflow/core/platform/cpu_feature_guard.cc:193] This TensorFlow binary is optimized with oneAPI Deep Neural Network Library (oneDNN) to use the following CPU instructions in performance-critical operations:  AVX AVX2
To enable them in other operations, rebuild TensorFlow with the appropriate compiler flags.
2024-06-25 12:55:05.972125: I tensorflow/core/common_runtime/gpu/gpu_device.cc:1616] Created device /job:localhost/replica:0/task:0/device:GPU:0 with 6656 MB memory:  -> device: 0, name: NVIDIA GeForce RTX 4060 Ti, pci bus id: 0000:01:00.0, compute capability: 8.9
1 Physical GPUs, 1 Logical GPUs
Model: "sequential"
_________________________________________________________________
 Layer (type)                Output Shape              Param #   
=================================================================
 conv2d (Conv2D)             (None, 32, 32, 32)        896       
                                                                 
 max_pooling2d (MaxPooling2D  (None, 16, 16, 32)       0         
 )                                                               
                                                                 
 batch_normalization (BatchN  (None, 16, 16, 32)       128       
 ormalization)                                                   
                                                                 
 conv2d_1 (Conv2D)           (None, 16, 16, 256)       205056    
                                                                 
 dropout (Dropout)           (None, 16, 16, 256)       0         
                                                                 
 flatten (Flatten)           (None, 65536)             0         
                                                                 
 dense (Dense)               (None, 10)                655370    
                                                                 
=================================================================
Total params: 861,450
Trainable params: 861,386
Non-trainable params: 64
_________________________________________________________________
Taxa de aprendizado:  0.0001 Num de épocas:  109 Tamanho do lote:  512 Dropout:  0.26488
Epoch 1/109
2024-06-25 12:55:07.227227: I tensorflow/stream_executor/cuda/cuda_dnn.cc:384] Loaded cuDNN version 8100
2024-06-25 12:55:08.065753: W tensorflow/stream_executor/gpu/redzone_allocator.cc:314] INTERNAL: ptxas exited with non-zero error code -1, output: 
Relying on driver to perform ptx compilation. 
Modify $PATH to customize ptxas location.
This message will be only logged once.
2024-06-25 12:55:09.116410: I tensorflow/stream_executor/cuda/cuda_blas.cc:1614] TensorFloat-32 will be used for the matrix multiplication. This will only be logged once.

 1/98 [..............................] - ETA: 6:57 - loss: 2.3745 - accuracy: 0.0840
 3/98 [..............................] - ETA: 5s - loss: 2.2820 - accuracy: 0.1458  
 4/98 [>.............................] - ETA: 6s - loss: 2.2283 - accuracy: 0.1753
 5/98 [>.............................] - ETA: 6s - loss: 2.1941 - accuracy: 0.1859
 6/98 [>.............................] - ETA: 7s - loss: 2.1641 - accuracy: 0.1966
 7/98 [=>............................] - ETA: 7s - loss: 2.1279 - accuracy: 0.2134
 8/98 [=>............................] - ETA: 7s - loss: 2.0999 - accuracy: 0.2246
 9/98 [=>............................] - ETA: 7s - loss: 2.0778 - accuracy: 0.2335
10/98 [==>...........................] - ETA: 7s - loss: 2.0567 - accuracy: 0.2439
11/98 [==>...........................] - ETA: 7s - loss: 2.0360 - accuracy: 0.2541
12/98 [==>...........................] - ETA: 7s - loss: 2.0146 - accuracy: 0.2648
13/98 [==>...........................] - ETA: 7s - loss: 2.0006 - accuracy: 0.2716
14/98 [===>..........................] - ETA: 7s - loss: 1.9829 - accuracy: 0.2794
15/98 [===>..........................] - ETA: 7s - loss: 1.9616 - accuracy: 0.2892
16/98 [===>..........................] - ETA: 7s - loss: 1.9548 - accuracy: 0.2931
17/98 [====>.........................] - ETA: 7s - loss: 1.9411 - accuracy: 0.3003
18/98 [====>.........................] - ETA: 6s - loss: 1.9278 - accuracy: 0.3061
19/98 [====>.........................] - ETA: 6s - loss: 1.9185 - accuracy: 0.3094
20/98 [=====>........................] - ETA: 6s - loss: 1.9051 - accuracy: 0.3146
21/98 [=====>........................] - ETA: 6s - loss: 1.8936 - accuracy: 0.3194
22/98 [=====>........................] - ETA: 6s - loss: 1.8820 - accuracy: 0.3241
23/98 [======>.......................] - ETA: 6s - loss: 1.8723 - accuracy: 0.3291
24/98 [======>.......................] - ETA: 6s - loss: 1.8639 - accuracy: 0.3327
25/98 [======>.......................] - ETA: 6s - loss: 1.8591 - accuracy: 0.3365
26/98 [======>.......................] - ETA: 6s - loss: 1.8523 - accuracy: 0.3390
27/98 [=======>......................] - ETA: 6s - loss: 1.8425 - accuracy: 0.3432
28/98 [=======>......................] - ETA: 6s - loss: 1.8359 - accuracy: 0.3456
29/98 [=======>......................] - ETA: 6s - loss: 1.8284 - accuracy: 0.3479
30/98 [========>.....................] - ETA: 6s - loss: 1.8187 - accuracy: 0.3518
31/98 [========>.....................] - ETA: 5s - loss: 1.8130 - accuracy: 0.3540
32/98 [========>.....................] - ETA: 5s - loss: 1.8063 - accuracy: 0.3566
33/98 [=========>....................] - ETA: 5s - loss: 1.8013 - accuracy: 0.3592
34/98 [=========>....................] - ETA: 5s - loss: 1.7966 - accuracy: 0.3617
35/98 [=========>....................] - ETA: 5s - loss: 1.7893 - accuracy: 0.3647
36/98 [==========>...................] - ETA: 5s - loss: 1.7850 - accuracy: 0.3668
37/98 [==========>...................] - ETA: 5s - loss: 1.7792 - accuracy: 0.3698
38/98 [==========>...................] - ETA: 5s - loss: 1.7732 - accuracy: 0.3717
39/98 [==========>...................] - ETA: 5s - loss: 1.7661 - accuracy: 0.3740
40/98 [===========>..................] - ETA: 5s - loss: 1.7611 - accuracy: 0.3760
41/98 [===========>..................] - ETA: 5s - loss: 1.7557 - accuracy: 0.3779
42/98 [===========>..................] - ETA: 5s - loss: 1.7533 - accuracy: 0.3789
43/98 [============>.................] - ETA: 4s - loss: 1.7479 - accuracy: 0.3806
44/98 [============>.................] - ETA: 4s - loss: 1.7422 - accuracy: 0.3825
45/98 [============>.................] - ETA: 4s - loss: 1.7378 - accuracy: 0.3848
46/98 [=============>................] - ETA: 4s - loss: 1.7336 - accuracy: 0.3866
47/98 [=============>................] - ETA: 4s - loss: 1.7289 - accuracy: 0.3891
48/98 [=============>................] - ETA: 4s - loss: 1.7248 - accuracy: 0.3907
49/98 [==============>...............] - ETA: 4s - loss: 1.7212 - accuracy: 0.3921
50/98 [==============>...............] - ETA: 4s - loss: 1.7170 - accuracy: 0.3941
51/98 [==============>...............] - ETA: 4s - loss: 1.7120 - accuracy: 0.3960
52/98 [==============>...............] - ETA: 4s - loss: 1.7068 - accuracy: 0.3971
53/98 [===============>..............] - ETA: 4s - loss: 1.7016 - accuracy: 0.3989
54/98 [===============>..............] - ETA: 3s - loss: 1.6977 - accuracy: 0.4002
55/98 [===============>..............] - ETA: 3s - loss: 1.6940 - accuracy: 0.4014
56/98 [================>.............] - ETA: 3s - loss: 1.6914 - accuracy: 0.4020
57/98 [================>.............] - ETA: 3s - loss: 1.6872 - accuracy: 0.4037
58/98 [================>.............] - ETA: 3s - loss: 1.6837 - accuracy: 0.4048
59/98 [=================>............] - ETA: 3s - loss: 1.6798 - accuracy: 0.4059
60/98 [=================>............] - ETA: 3s - loss: 1.6774 - accuracy: 0.4069
61/98 [=================>............] - ETA: 3s - loss: 1.6735 - accuracy: 0.4084
62/98 [=================>............] - ETA: 3s - loss: 1.6698 - accuracy: 0.4096
63/98 [==================>...........] - ETA: 3s - loss: 1.6647 - accuracy: 0.4116
64/98 [==================>...........] - ETA: 3s - loss: 1.6602 - accuracy: 0.4132
65/98 [==================>...........] - ETA: 2s - loss: 1.6577 - accuracy: 0.4138
66/98 [===================>..........] - ETA: 2s - loss: 1.6542 - accuracy: 0.4150
67/98 [===================>..........] - ETA: 3s - loss: 1.6515 - accuracy: 0.4161
68/98 [===================>..........] - ETA: 3s - loss: 1.6472 - accuracy: 0.4179
69/98 [====================>.........] - ETA: 3s - loss: 1.6448 - accuracy: 0.4187
70/98 [====================>.........] - ETA: 3s - loss: 1.6416 - accuracy: 0.4197
71/98 [====================>.........] - ETA: 2s - loss: 1.6402 - accuracy: 0.4201
72/98 [=====================>........] - ETA: 2s - loss: 1.6365 - accuracy: 0.4216
73/98 [=====================>........] - ETA: 2s - loss: 1.6331 - accuracy: 0.4230
74/98 [=====================>........] - ETA: 2s - loss: 1.6301 - accuracy: 0.4243
75/98 [=====================>........] - ETA: 2s - loss: 1.6262 - accuracy: 0.4259
76/98 [======================>.......] - ETA: 2s - loss: 1.6240 - accuracy: 0.4268
77/98 [======================>.......] - ETA: 2s - loss: 1.6203 - accuracy: 0.4282
78/98 [======================>.......] - ETA: 2s - loss: 1.6172 - accuracy: 0.4294
79/98 [=======================>......] - ETA: 2s - loss: 1.6142 - accuracy: 0.4306
80/98 [=======================>......] - ETA: 1s - loss: 1.6114 - accuracy: 0.4319
81/98 [=======================>......] - ETA: 1s - loss: 1.6092 - accuracy: 0.4324
82/98 [========================>.....] - ETA: 1s - loss: 1.6062 - accuracy: 0.4335
83/98 [========================>.....] - ETA: 1s - loss: 1.6031 - accuracy: 0.4345
84/98 [========================>.....] - ETA: 1s - loss: 1.6008 - accuracy: 0.4352
85/98 [=========================>....] - ETA: 1s - loss: 1.5978 - accuracy: 0.4362
86/98 [=========================>....] - ETA: 1s - loss: 1.5952 - accuracy: 0.4368
87/98 [=========================>....] - ETA: 1s - loss: 1.5920 - accuracy: 0.4375
88/98 [=========================>....] - ETA: 1s - loss: 1.5908 - accuracy: 0.4381
89/98 [==========================>...] - ETA: 0s - loss: 1.5882 - accuracy: 0.4390
90/98 [==========================>...] - ETA: 0s - loss: 1.5841 - accuracy: 0.4404
91/98 [==========================>...] - ETA: 0s - loss: 1.5814 - accuracy: 0.4415
92/98 [===========================>..] - ETA: 0s - loss: 1.5791 - accuracy: 0.4424
93/98 [===========================>..] - ETA: 0s - loss: 1.5765 - accuracy: 0.4434
94/98 [===========================>..] - ETA: 0s - loss: 1.5739 - accuracy: 0.4441
95/98 [============================>.] - ETA: 0s - loss: 1.5715 - accuracy: 0.4451
96/98 [============================>.] - ETA: 0s - loss: 1.5681 - accuracy: 0.4464
97/98 [============================>.] - ETA: 0s - loss: 1.5668 - accuracy: 0.4470
98/98 [==============================] - ETA: 0s - loss: 1.5642 - accuracy: 0.4481
98/98 [==============================] - 16s 117ms/step - loss: 1.5642 - accuracy: 0.4481 - val_loss: 2.0483 - val_accuracy: 0.3560
Epoch 2/109

 1/98 [..............................] - ETA: 9s - loss: 1.3181 - accuracy: 0.5488
 2/98 [..............................] - ETA: 8s - loss: 1.2805 - accuracy: 0.5605
 3/98 [..............................] - ETA: 8s - loss: 1.2959 - accuracy: 0.5560
 4/98 [>.............................] - ETA: 8s - loss: 1.2985 - accuracy: 0.5503
 5/98 [>.............................] - ETA: 8s - loss: 1.2897 - accuracy: 0.5543
 6/98 [>.............................] - ETA: 8s - loss: 1.2899 - accuracy: 0.5534
 7/98 [=>............................] - ETA: 8s - loss: 1.2850 - accuracy: 0.5564
 8/98 [=>............................] - ETA: 8s - loss: 1.2894 - accuracy: 0.5532
 9/98 [=>............................] - ETA: 7s - loss: 1.2838 - accuracy: 0.5558
10/98 [==>...........................] - ETA: 7s - loss: 1.2787 - accuracy: 0.5578
11/98 [==>...........................] - ETA: 7s - loss: 1.2773 - accuracy: 0.5568
12/98 [==>...........................] - ETA: 7s - loss: 1.2743 - accuracy: 0.5568
13/98 [==>...........................] - ETA: 7s - loss: 1.2760 - accuracy: 0.5557
14/98 [===>..........................] - ETA: 7s - loss: 1.2705 - accuracy: 0.5582
15/98 [===>..........................] - ETA: 7s - loss: 1.2694 - accuracy: 0.5576
16/98 [===>..........................] - ETA: 7s - loss: 1.2699 - accuracy: 0.5582
17/98 [====>.........................] - ETA: 7s - loss: 1.2679 - accuracy: 0.5595
18/98 [====>.........................] - ETA: 7s - loss: 1.2631 - accuracy: 0.5616
19/98 [====>.........................] - ETA: 7s - loss: 1.2626 - accuracy: 0.5622
20/98 [=====>........................] - ETA: 7s - loss: 1.2610 - accuracy: 0.5622
21/98 [=====>........................] - ETA: 7s - loss: 1.2596 - accuracy: 0.5627
22/98 [=====>........................] - ETA: 6s - loss: 1.2574 - accuracy: 0.5632
23/98 [======>.......................] - ETA: 6s - loss: 1.2535 - accuracy: 0.5651
24/98 [======>.......................] - ETA: 6s - loss: 1.2525 - accuracy: 0.5657
25/98 [======>.......................] - ETA: 6s - loss: 1.2495 - accuracy: 0.5659
26/98 [======>.......................] - ETA: 6s - loss: 1.2492 - accuracy: 0.5667
27/98 [=======>......................] - ETA: 6s - loss: 1.2476 - accuracy: 0.5666
28/98 [=======>......................] - ETA: 6s - loss: 1.2442 - accuracy: 0.5676
29/98 [=======>......................] - ETA: 6s - loss: 1.2425 - accuracy: 0.5680
30/98 [========>.....................] - ETA: 6s - loss: 1.2432 - accuracy: 0.5678
31/98 [========>.....................] - ETA: 6s - loss: 1.2400 - accuracy: 0.5684
32/98 [========>.....................] - ETA: 6s - loss: 1.2371 - accuracy: 0.5696
33/98 [=========>....................] - ETA: 5s - loss: 1.2345 - accuracy: 0.5715
34/98 [=========>....................] - ETA: 5s - loss: 1.2336 - accuracy: 0.5726
35/98 [=========>....................] - ETA: 5s - loss: 1.2336 - accuracy: 0.5723
36/98 [==========>...................] - ETA: 5s - loss: 1.2327 - accuracy: 0.5717
37/98 [==========>...................] - ETA: 5s - loss: 1.2313 - accuracy: 0.5723
38/98 [==========>...................] - ETA: 5s - loss: 1.2305 - accuracy: 0.5725
39/98 [==========>...................] - ETA: 5s - loss: 1.2292 - accuracy: 0.5726
40/98 [===========>..................] - ETA: 5s - loss: 1.2291 - accuracy: 0.5722
41/98 [===========>..................] - ETA: 5s - loss: 1.2293 - accuracy: 0.5717
42/98 [===========>..................] - ETA: 5s - loss: 1.2296 - accuracy: 0.5718
43/98 [============>.................] - ETA: 5s - loss: 1.2292 - accuracy: 0.5717
44/98 [============>.................] - ETA: 4s - loss: 1.2286 - accuracy: 0.5724
45/98 [============>.................] - ETA: 4s - loss: 1.2282 - accuracy: 0.5726
46/98 [=============>................] - ETA: 4s - loss: 1.2302 - accuracy: 0.5715
47/98 [=============>................] - ETA: 4s - loss: 1.2293 - accuracy: 0.5720
48/98 [=============>................] - ETA: 4s - loss: 1.2287 - accuracy: 0.5723
49/98 [==============>...............] - ETA: 4s - loss: 1.2291 - accuracy: 0.5720
50/98 [==============>...............] - ETA: 4s - loss: 1.2299 - accuracy: 0.5719
51/98 [==============>...............] - ETA: 4s - loss: 1.2290 - accuracy: 0.5723
52/98 [==============>...............] - ETA: 4s - loss: 1.2288 - accuracy: 0.5726
53/98 [===============>..............] - ETA: 4s - loss: 1.2290 - accuracy: 0.5727
54/98 [===============>..............] - ETA: 4s - loss: 1.2280 - accuracy: 0.5737
55/98 [===============>..............] - ETA: 3s - loss: 1.2281 - accuracy: 0.5737
56/98 [================>.............] - ETA: 3s - loss: 1.2278 - accuracy: 0.5738
57/98 [================>.............] - ETA: 3s - loss: 1.2276 - accuracy: 0.5738
58/98 [================>.............] - ETA: 3s - loss: 1.2272 - accuracy: 0.5741
59/98 [=================>............] - ETA: 3s - loss: 1.2276 - accuracy: 0.5740
60/98 [=================>............] - ETA: 3s - loss: 1.2273 - accuracy: 0.5737
61/98 [=================>............] - ETA: 3s - loss: 1.2271 - accuracy: 0.5741
62/98 [=================>............] - ETA: 3s - loss: 1.2277 - accuracy: 0.5737
63/98 [==================>...........] - ETA: 3s - loss: 1.2272 - accuracy: 0.5741
64/98 [==================>...........] - ETA: 3s - loss: 1.2268 - accuracy: 0.5746
65/98 [==================>...........] - ETA: 3s - loss: 1.2271 - accuracy: 0.5745
66/98 [===================>..........] - ETA: 2s - loss: 1.2264 - accuracy: 0.5749
67/98 [===================>..........] - ETA: 2s - loss: 1.2255 - accuracy: 0.5749
68/98 [===================>..........] - ETA: 2s - loss: 1.2254 - accuracy: 0.5750
69/98 [====================>.........] - ETA: 2s - loss: 1.2253 - accuracy: 0.5749
70/98 [====================>.........] - ETA: 2s - loss: 1.2250 - accuracy: 0.5745
71/98 [====================>.........] - ETA: 2s - loss: 1.2250 - accuracy: 0.5744
72/98 [=====================>........] - ETA: 2s - loss: 1.2243 - accuracy: 0.5744
73/98 [=====================>........] - ETA: 2s - loss: 1.2228 - accuracy: 0.5752
74/98 [=====================>........] - ETA: 2s - loss: 1.2218 - accuracy: 0.5756
75/98 [=====================>........] - ETA: 2s - loss: 1.2202 - accuracy: 0.5761
76/98 [======================>.......] - ETA: 2s - loss: 1.2190 - accuracy: 0.5761
77/98 [======================>.......] - ETA: 1s - loss: 1.2182 - accuracy: 0.5767
78/98 [======================>.......] - ETA: 1s - loss: 1.2172 - accuracy: 0.5770
79/98 [=======================>......] - ETA: 1s - loss: 1.2171 - accuracy: 0.5772
80/98 [=======================>......] - ETA: 1s - loss: 1.2154 - accuracy: 0.5779
81/98 [=======================>......] - ETA: 1s - loss: 1.2140 - accuracy: 0.5787
82/98 [========================>.....] - ETA: 1s - loss: 1.2132 - accuracy: 0.5790
83/98 [========================>.....] - ETA: 1s - loss: 1.2130 - accuracy: 0.5789
84/98 [========================>.....] - ETA: 1s - loss: 1.2129 - accuracy: 0.5788
85/98 [=========================>....] - ETA: 1s - loss: 1.2116 - accuracy: 0.5794
86/98 [=========================>....] - ETA: 1s - loss: 1.2108 - accuracy: 0.5796
87/98 [=========================>....] - ETA: 1s - loss: 1.2100 - accuracy: 0.5797
88/98 [=========================>....] - ETA: 0s - loss: 1.2103 - accuracy: 0.5793
89/98 [==========================>...] - ETA: 0s - loss: 1.2088 - accuracy: 0.5797
90/98 [==========================>...] - ETA: 0s - loss: 1.2077 - accuracy: 0.5803
91/98 [==========================>...] - ETA: 0s - loss: 1.2074 - accuracy: 0.5804
92/98 [===========================>..] - ETA: 0s - loss: 1.2069 - accuracy: 0.5805
93/98 [===========================>..] - ETA: 0s - loss: 1.2054 - accuracy: 0.5812
94/98 [===========================>..] - ETA: 0s - loss: 1.2055 - accuracy: 0.5814
95/98 [============================>.] - ETA: 0s - loss: 1.2053 - accuracy: 0.5814
96/98 [============================>.] - ETA: 0s - loss: 1.2044 - accuracy: 0.5818
97/98 [============================>.] - ETA: 0s - loss: 1.2043 - accuracy: 0.5818
98/98 [==============================] - ETA: 0s - loss: 1.2039 - accuracy: 0.5820
98/98 [==============================] - 10s 101ms/step - loss: 1.2039 - accuracy: 0.5820 - val_loss: 1.8333 - val_accuracy: 0.4548
Epoch 3/109

 1/98 [..............................] - ETA: 10s - loss: 1.0598 - accuracy: 0.6387
 2/98 [..............................] - ETA: 7s - loss: 1.0769 - accuracy: 0.6377 
 3/98 [..............................] - ETA: 8s - loss: 1.0833 - accuracy: 0.6341
 4/98 [>.............................] - ETA: 8s - loss: 1.0976 - accuracy: 0.6299
 5/98 [>.............................] - ETA: 8s - loss: 1.0905 - accuracy: 0.6301
 6/98 [>.............................] - ETA: 8s - loss: 1.0937 - accuracy: 0.6276
 7/98 [=>............................] - ETA: 8s - loss: 1.0842 - accuracy: 0.6289
 8/98 [=>............................] - ETA: 8s - loss: 1.0854 - accuracy: 0.6284
 9/98 [=>............................] - ETA: 7s - loss: 1.0804 - accuracy: 0.6285
10/98 [==>...........................] - ETA: 7s - loss: 1.0857 - accuracy: 0.6246
11/98 [==>...........................] - ETA: 7s - loss: 1.0801 - accuracy: 0.6271
12/98 [==>...........................] - ETA: 7s - loss: 1.0728 - accuracy: 0.6325
13/98 [==>...........................] - ETA: 7s - loss: 1.0705 - accuracy: 0.6313
14/98 [===>..........................] - ETA: 7s - loss: 1.0673 - accuracy: 0.6328
15/98 [===>..........................] - ETA: 7s - loss: 1.0656 - accuracy: 0.6328
16/98 [===>..........................] - ETA: 7s - loss: 1.0683 - accuracy: 0.6317
17/98 [====>.........................] - ETA: 7s - loss: 1.0676 - accuracy: 0.6314
18/98 [====>.........................] - ETA: 7s - loss: 1.0685 - accuracy: 0.6298
19/98 [====>.........................] - ETA: 7s - loss: 1.0665 - accuracy: 0.6294
20/98 [=====>........................] - ETA: 6s - loss: 1.0703 - accuracy: 0.6261
21/98 [=====>........................] - ETA: 6s - loss: 1.0712 - accuracy: 0.6245
22/98 [=====>........................] - ETA: 6s - loss: 1.0725 - accuracy: 0.6234
23/98 [======>.......................] - ETA: 6s - loss: 1.0722 - accuracy: 0.6240
24/98 [======>.......................] - ETA: 6s - loss: 1.0768 - accuracy: 0.6224
25/98 [======>.......................] - ETA: 6s - loss: 1.0788 - accuracy: 0.6221
26/98 [======>.......................] - ETA: 6s - loss: 1.0768 - accuracy: 0.6230
27/98 [=======>......................] - ETA: 6s - loss: 1.0768 - accuracy: 0.6238
28/98 [=======>......................] - ETA: 6s - loss: 1.0783 - accuracy: 0.6242
29/98 [=======>......................] - ETA: 6s - loss: 1.0798 - accuracy: 0.6244
30/98 [========>.....................] - ETA: 6s - loss: 1.0781 - accuracy: 0.6250
31/98 [========>.....................] - ETA: 6s - loss: 1.0776 - accuracy: 0.6258
32/98 [========>.....................] - ETA: 5s - loss: 1.0750 - accuracy: 0.6272
33/98 [=========>....................] - ETA: 5s - loss: 1.0747 - accuracy: 0.6275
34/98 [=========>....................] - ETA: 5s - loss: 1.0759 - accuracy: 0.6278
35/98 [=========>....................] - ETA: 5s - loss: 1.0771 - accuracy: 0.6273
36/98 [==========>...................] - ETA: 5s - loss: 1.0761 - accuracy: 0.6277
37/98 [==========>...................] - ETA: 5s - loss: 1.0777 - accuracy: 0.6270
38/98 [==========>...................] - ETA: 5s - loss: 1.0771 - accuracy: 0.6272
39/98 [==========>...................] - ETA: 5s - loss: 1.0773 - accuracy: 0.6275
40/98 [===========>..................] - ETA: 5s - loss: 1.0751 - accuracy: 0.6280
41/98 [===========>..................] - ETA: 5s - loss: 1.0729 - accuracy: 0.6292
42/98 [===========>..................] - ETA: 5s - loss: 1.0741 - accuracy: 0.6286
43/98 [============>.................] - ETA: 4s - loss: 1.0750 - accuracy: 0.6289
44/98 [============>.................] - ETA: 4s - loss: 1.0759 - accuracy: 0.6279
45/98 [============>.................] - ETA: 4s - loss: 1.0763 - accuracy: 0.6278
46/98 [=============>................] - ETA: 4s - loss: 1.0768 - accuracy: 0.6273
47/98 [=============>................] - ETA: 4s - loss: 1.0777 - accuracy: 0.6269
48/98 [=============>................] - ETA: 4s - loss: 1.0774 - accuracy: 0.6274
49/98 [==============>...............] - ETA: 4s - loss: 1.0786 - accuracy: 0.6267
50/98 [==============>...............] - ETA: 4s - loss: 1.0786 - accuracy: 0.6265
51/98 [==============>...............] - ETA: 4s - loss: 1.0777 - accuracy: 0.6265
52/98 [==============>...............] - ETA: 4s - loss: 1.0771 - accuracy: 0.6269
53/98 [===============>..............] - ETA: 4s - loss: 1.0759 - accuracy: 0.6270
54/98 [===============>..............] - ETA: 3s - loss: 1.0746 - accuracy: 0.6274
55/98 [===============>..............] - ETA: 3s - loss: 1.0739 - accuracy: 0.6277
56/98 [================>.............] - ETA: 3s - loss: 1.0736 - accuracy: 0.6274
57/98 [================>.............] - ETA: 3s - loss: 1.0741 - accuracy: 0.6273
58/98 [================>.............] - ETA: 3s - loss: 1.0735 - accuracy: 0.6272
59/98 [=================>............] - ETA: 3s - loss: 1.0735 - accuracy: 0.6272
60/98 [=================>............] - ETA: 3s - loss: 1.0744 - accuracy: 0.6269
61/98 [=================>............] - ETA: 3s - loss: 1.0759 - accuracy: 0.6265
62/98 [=================>............] - ETA: 3s - loss: 1.0755 - accuracy: 0.6267
63/98 [==================>...........] - ETA: 3s - loss: 1.0733 - accuracy: 0.6272
64/98 [==================>...........] - ETA: 3s - loss: 1.0746 - accuracy: 0.6269
65/98 [==================>...........] - ETA: 2s - loss: 1.0744 - accuracy: 0.6268
66/98 [===================>..........] - ETA: 2s - loss: 1.0736 - accuracy: 0.6275
67/98 [===================>..........] - ETA: 2s - loss: 1.0734 - accuracy: 0.6281
68/98 [===================>..........] - ETA: 2s - loss: 1.0739 - accuracy: 0.6278
69/98 [====================>.........] - ETA: 2s - loss: 1.0739 - accuracy: 0.6276
70/98 [====================>.........] - ETA: 2s - loss: 1.0735 - accuracy: 0.6276
71/98 [====================>.........] - ETA: 2s - loss: 1.0742 - accuracy: 0.6275
72/98 [=====================>........] - ETA: 2s - loss: 1.0735 - accuracy: 0.6278
73/98 [=====================>........] - ETA: 2s - loss: 1.0730 - accuracy: 0.6279
74/98 [=====================>........] - ETA: 2s - loss: 1.0731 - accuracy: 0.6278
75/98 [=====================>........] - ETA: 2s - loss: 1.0726 - accuracy: 0.6282
76/98 [======================>.......] - ETA: 1s - loss: 1.0729 - accuracy: 0.6281
77/98 [======================>.......] - ETA: 1s - loss: 1.0734 - accuracy: 0.6281
78/98 [======================>.......] - ETA: 1s - loss: 1.0734 - accuracy: 0.6279
79/98 [=======================>......] - ETA: 1s - loss: 1.0727 - accuracy: 0.6280
80/98 [=======================>......] - ETA: 1s - loss: 1.0719 - accuracy: 0.6282
81/98 [=======================>......] - ETA: 1s - loss: 1.0708 - accuracy: 0.6288
82/98 [========================>.....] - ETA: 1s - loss: 1.0699 - accuracy: 0.6294
83/98 [========================>.....] - ETA: 1s - loss: 1.0684 - accuracy: 0.6297
84/98 [========================>.....] - ETA: 1s - loss: 1.0677 - accuracy: 0.6299
85/98 [=========================>....] - ETA: 1s - loss: 1.0667 - accuracy: 0.6303
86/98 [=========================>....] - ETA: 1s - loss: 1.0663 - accuracy: 0.6306
87/98 [=========================>....] - ETA: 0s - loss: 1.0663 - accuracy: 0.6307
88/98 [=========================>....] - ETA: 0s - loss: 1.0659 - accuracy: 0.6307
89/98 [==========================>...] - ETA: 0s - loss: 1.0653 - accuracy: 0.6312
90/98 [==========================>...] - ETA: 0s - loss: 1.0658 - accuracy: 0.6310
91/98 [==========================>...] - ETA: 0s - loss: 1.0660 - accuracy: 0.6306
92/98 [===========================>..] - ETA: 0s - loss: 1.0655 - accuracy: 0.6311
93/98 [===========================>..] - ETA: 0s - loss: 1.0651 - accuracy: 0.6313
94/98 [===========================>..] - ETA: 0s - loss: 1.0654 - accuracy: 0.6313
95/98 [============================>.] - ETA: 0s - loss: 1.0645 - accuracy: 0.6314
96/98 [============================>.] - ETA: 0s - loss: 1.0635 - accuracy: 0.6316
97/98 [============================>.] - ETA: 0s - loss: 1.0630 - accuracy: 0.6316
98/98 [==============================] - ETA: 0s - loss: 1.0636 - accuracy: 0.6312
98/98 [==============================] - 10s 100ms/step - loss: 1.0636 - accuracy: 0.6312 - val_loss: 1.6000 - val_accuracy: 0.5216
Epoch 4/109

 1/98 [..............................] - ETA: 10s - loss: 0.9646 - accuracy: 0.6797
 2/98 [..............................] - ETA: 8s - loss: 1.0055 - accuracy: 0.6592 
 3/98 [..............................] - ETA: 8s - loss: 0.9806 - accuracy: 0.6549
 4/98 [>.............................] - ETA: 8s - loss: 0.9930 - accuracy: 0.6533
 5/98 [>.............................] - ETA: 8s - loss: 0.9900 - accuracy: 0.6559
 6/98 [>.............................] - ETA: 8s - loss: 0.9753 - accuracy: 0.6598
 7/98 [=>............................] - ETA: 8s - loss: 0.9646 - accuracy: 0.6649
 8/98 [=>............................] - ETA: 8s - loss: 0.9672 - accuracy: 0.6624
 9/98 [=>............................] - ETA: 8s - loss: 0.9725 - accuracy: 0.6606
10/98 [==>...........................] - ETA: 8s - loss: 0.9750 - accuracy: 0.6625
11/98 [==>...........................] - ETA: 7s - loss: 0.9702 - accuracy: 0.6644
12/98 [==>...........................] - ETA: 7s - loss: 0.9714 - accuracy: 0.6649
13/98 [==>...........................] - ETA: 7s - loss: 0.9750 - accuracy: 0.6617
14/98 [===>..........................] - ETA: 7s - loss: 0.9776 - accuracy: 0.6597
15/98 [===>..........................] - ETA: 7s - loss: 0.9804 - accuracy: 0.6583
16/98 [===>..........................] - ETA: 7s - loss: 0.9817 - accuracy: 0.6571
17/98 [====>.........................] - ETA: 7s - loss: 0.9831 - accuracy: 0.6568
18/98 [====>.........................] - ETA: 7s - loss: 0.9810 - accuracy: 0.6577
19/98 [====>.........................] - ETA: 7s - loss: 0.9806 - accuracy: 0.6584
20/98 [=====>........................] - ETA: 7s - loss: 0.9818 - accuracy: 0.6579
21/98 [=====>........................] - ETA: 7s - loss: 0.9820 - accuracy: 0.6576
22/98 [=====>........................] - ETA: 6s - loss: 0.9828 - accuracy: 0.6575
23/98 [======>.......................] - ETA: 6s - loss: 0.9823 - accuracy: 0.6567
24/98 [======>.......................] - ETA: 6s - loss: 0.9849 - accuracy: 0.6559
25/98 [======>.......................] - ETA: 6s - loss: 0.9856 - accuracy: 0.6560
26/98 [======>.......................] - ETA: 6s - loss: 0.9858 - accuracy: 0.6561
27/98 [=======>......................] - ETA: 6s - loss: 0.9871 - accuracy: 0.6557
28/98 [=======>......................] - ETA: 6s - loss: 0.9856 - accuracy: 0.6569
29/98 [=======>......................] - ETA: 6s - loss: 0.9854 - accuracy: 0.6566
30/98 [========>.....................] - ETA: 6s - loss: 0.9871 - accuracy: 0.6564
31/98 [========>.....................] - ETA: 6s - loss: 0.9896 - accuracy: 0.6556
32/98 [========>.....................] - ETA: 6s - loss: 0.9904 - accuracy: 0.6552
33/98 [=========>....................] - ETA: 5s - loss: 0.9906 - accuracy: 0.6558
34/98 [=========>....................] - ETA: 5s - loss: 0.9883 - accuracy: 0.6570
35/98 [=========>....................] - ETA: 5s - loss: 0.9892 - accuracy: 0.6570
36/98 [==========>...................] - ETA: 5s - loss: 0.9894 - accuracy: 0.6566
37/98 [==========>...................] - ETA: 5s - loss: 0.9907 - accuracy: 0.6567
38/98 [==========>...................] - ETA: 5s - loss: 0.9899 - accuracy: 0.6574
39/98 [==========>...................] - ETA: 5s - loss: 0.9879 - accuracy: 0.6580
40/98 [===========>..................] - ETA: 5s - loss: 0.9882 - accuracy: 0.6584
41/98 [===========>..................] - ETA: 5s - loss: 0.9892 - accuracy: 0.6577
42/98 [===========>..................] - ETA: 5s - loss: 0.9899 - accuracy: 0.6573
43/98 [============>.................] - ETA: 5s - loss: 0.9883 - accuracy: 0.6582
44/98 [============>.................] - ETA: 4s - loss: 0.9868 - accuracy: 0.6590
45/98 [============>.................] - ETA: 4s - loss: 0.9862 - accuracy: 0.6589
46/98 [=============>................] - ETA: 4s - loss: 0.9845 - accuracy: 0.6596
47/98 [=============>................] - ETA: 4s - loss: 0.9841 - accuracy: 0.6597
48/98 [=============>................] - ETA: 4s - loss: 0.9840 - accuracy: 0.6599
49/98 [==============>...............] - ETA: 4s - loss: 0.9832 - accuracy: 0.6605
50/98 [==============>...............] - ETA: 4s - loss: 0.9820 - accuracy: 0.6609
51/98 [==============>...............] - ETA: 4s - loss: 0.9824 - accuracy: 0.6607
52/98 [==============>...............] - ETA: 4s - loss: 0.9837 - accuracy: 0.6606
53/98 [===============>..............] - ETA: 4s - loss: 0.9821 - accuracy: 0.6616
54/98 [===============>..............] - ETA: 4s - loss: 0.9833 - accuracy: 0.6613
55/98 [===============>..............] - ETA: 3s - loss: 0.9817 - accuracy: 0.6615
56/98 [================>.............] - ETA: 3s - loss: 0.9822 - accuracy: 0.6610
57/98 [================>.............] - ETA: 3s - loss: 0.9827 - accuracy: 0.6610
58/98 [================>.............] - ETA: 3s - loss: 0.9823 - accuracy: 0.6615
59/98 [=================>............] - ETA: 3s - loss: 0.9812 - accuracy: 0.6618
60/98 [=================>............] - ETA: 3s - loss: 0.9796 - accuracy: 0.6626
61/98 [=================>............] - ETA: 3s - loss: 0.9792 - accuracy: 0.6625
62/98 [=================>............] - ETA: 3s - loss: 0.9790 - accuracy: 0.6627
63/98 [==================>...........] - ETA: 3s - loss: 0.9783 - accuracy: 0.6629
64/98 [==================>...........] - ETA: 3s - loss: 0.9779 - accuracy: 0.6630
65/98 [==================>...........] - ETA: 3s - loss: 0.9776 - accuracy: 0.6629
66/98 [===================>..........] - ETA: 2s - loss: 0.9774 - accuracy: 0.6630
67/98 [===================>..........] - ETA: 2s - loss: 0.9766 - accuracy: 0.6632
68/98 [===================>..........] - ETA: 2s - loss: 0.9772 - accuracy: 0.6630
69/98 [====================>.........] - ETA: 2s - loss: 0.9778 - accuracy: 0.6626
70/98 [====================>.........] - ETA: 2s - loss: 0.9772 - accuracy: 0.6630
71/98 [====================>.........] - ETA: 2s - loss: 0.9776 - accuracy: 0.6627
72/98 [=====================>........] - ETA: 2s - loss: 0.9761 - accuracy: 0.6631
73/98 [=====================>........] - ETA: 2s - loss: 0.9755 - accuracy: 0.6632
74/98 [=====================>........] - ETA: 2s - loss: 0.9760 - accuracy: 0.6629
75/98 [=====================>........] - ETA: 2s - loss: 0.9754 - accuracy: 0.6628
76/98 [======================>.......] - ETA: 2s - loss: 0.9756 - accuracy: 0.6627
77/98 [======================>.......] - ETA: 1s - loss: 0.9749 - accuracy: 0.6630
78/98 [======================>.......] - ETA: 1s - loss: 0.9744 - accuracy: 0.6633
79/98 [=======================>......] - ETA: 1s - loss: 0.9749 - accuracy: 0.6635
80/98 [=======================>......] - ETA: 1s - loss: 0.9746 - accuracy: 0.6635
81/98 [=======================>......] - ETA: 1s - loss: 0.9749 - accuracy: 0.6636
82/98 [========================>.....] - ETA: 1s - loss: 0.9744 - accuracy: 0.6638
83/98 [========================>.....] - ETA: 1s - loss: 0.9741 - accuracy: 0.6640
84/98 [========================>.....] - ETA: 1s - loss: 0.9740 - accuracy: 0.6641
85/98 [=========================>....] - ETA: 1s - loss: 0.9739 - accuracy: 0.6639
86/98 [=========================>....] - ETA: 1s - loss: 0.9737 - accuracy: 0.6639
87/98 [=========================>....] - ETA: 1s - loss: 0.9733 - accuracy: 0.6640
88/98 [=========================>....] - ETA: 0s - loss: 0.9732 - accuracy: 0.6640
89/98 [==========================>...] - ETA: 0s - loss: 0.9742 - accuracy: 0.6636
90/98 [==========================>...] - ETA: 0s - loss: 0.9744 - accuracy: 0.6635
91/98 [==========================>...] - ETA: 0s - loss: 0.9735 - accuracy: 0.6638
92/98 [===========================>..] - ETA: 0s - loss: 0.9737 - accuracy: 0.6636
93/98 [===========================>..] - ETA: 0s - loss: 0.9728 - accuracy: 0.6639
94/98 [===========================>..] - ETA: 0s - loss: 0.9723 - accuracy: 0.6640
95/98 [============================>.] - ETA: 0s - loss: 0.9725 - accuracy: 0.6640
96/98 [============================>.] - ETA: 0s - loss: 0.9724 - accuracy: 0.6639
97/98 [============================>.] - ETA: 0s - loss: 0.9721 - accuracy: 0.6642
98/98 [==============================] - ETA: 0s - loss: 0.9724 - accuracy: 0.6643
98/98 [==============================] - 10s 101ms/step - loss: 0.9724 - accuracy: 0.6643 - val_loss: 1.3580 - val_accuracy: 0.5741
Epoch 5/109

 1/98 [..............................] - ETA: 9s - loss: 1.0100 - accuracy: 0.6289
 2/98 [..............................] - ETA: 9s - loss: 0.9728 - accuracy: 0.6572
 3/98 [..............................] - ETA: 8s - loss: 0.9699 - accuracy: 0.6589
 4/98 [>.............................] - ETA: 8s - loss: 0.9425 - accuracy: 0.6655
 5/98 [>.............................] - ETA: 8s - loss: 0.9375 - accuracy: 0.6691
 6/98 [>.............................] - ETA: 8s - loss: 0.9235 - accuracy: 0.6771
 7/98 [=>............................] - ETA: 8s - loss: 0.9285 - accuracy: 0.6738
 8/98 [=>............................] - ETA: 8s - loss: 0.9269 - accuracy: 0.6750
 9/98 [=>............................] - ETA: 8s - loss: 0.9341 - accuracy: 0.6747
10/98 [==>...........................] - ETA: 8s - loss: 0.9310 - accuracy: 0.6766
11/98 [==>...........................] - ETA: 8s - loss: 0.9216 - accuracy: 0.6797
12/98 [==>...........................] - ETA: 7s - loss: 0.9248 - accuracy: 0.6794
13/98 [==>...........................] - ETA: 7s - loss: 0.9291 - accuracy: 0.6783
14/98 [===>..........................] - ETA: 7s - loss: 0.9272 - accuracy: 0.6791
15/98 [===>..........................] - ETA: 7s - loss: 0.9238 - accuracy: 0.6811
16/98 [===>..........................] - ETA: 7s - loss: 0.9217 - accuracy: 0.6816
17/98 [====>.........................] - ETA: 7s - loss: 0.9213 - accuracy: 0.6819
18/98 [====>.........................] - ETA: 7s - loss: 0.9168 - accuracy: 0.6832
19/98 [====>.........................] - ETA: 7s - loss: 0.9163 - accuracy: 0.6836
20/98 [=====>........................] - ETA: 7s - loss: 0.9153 - accuracy: 0.6835
21/98 [=====>........................] - ETA: 7s - loss: 0.9121 - accuracy: 0.6851
22/98 [=====>........................] - ETA: 6s - loss: 0.9116 - accuracy: 0.6839
23/98 [======>.......................] - ETA: 6s - loss: 0.9094 - accuracy: 0.6849
24/98 [======>.......................] - ETA: 6s - loss: 0.9104 - accuracy: 0.6847
25/98 [======>.......................] - ETA: 6s - loss: 0.9107 - accuracy: 0.6852
26/98 [======>.......................] - ETA: 6s - loss: 0.9096 - accuracy: 0.6855
27/98 [=======>......................] - ETA: 6s - loss: 0.9068 - accuracy: 0.6866
28/98 [=======>......................] - ETA: 6s - loss: 0.9097 - accuracy: 0.6855
29/98 [=======>......................] - ETA: 6s - loss: 0.9103 - accuracy: 0.6855
30/98 [========>.....................] - ETA: 6s - loss: 0.9097 - accuracy: 0.6861
31/98 [========>.....................] - ETA: 6s - loss: 0.9067 - accuracy: 0.6878
32/98 [========>.....................] - ETA: 5s - loss: 0.9075 - accuracy: 0.6885
33/98 [=========>....................] - ETA: 5s - loss: 0.9079 - accuracy: 0.6884
34/98 [=========>....................] - ETA: 5s - loss: 0.9081 - accuracy: 0.6878
35/98 [=========>....................] - ETA: 5s - loss: 0.9092 - accuracy: 0.6873
36/98 [==========>...................] - ETA: 5s - loss: 0.9076 - accuracy: 0.6884
37/98 [==========>...................] - ETA: 5s - loss: 0.9079 - accuracy: 0.6884
38/98 [==========>...................] - ETA: 5s - loss: 0.9083 - accuracy: 0.6883
39/98 [==========>...................] - ETA: 5s - loss: 0.9084 - accuracy: 0.6886
40/98 [===========>..................] - ETA: 5s - loss: 0.9067 - accuracy: 0.6887
41/98 [===========>..................] - ETA: 5s - loss: 0.9082 - accuracy: 0.6882
42/98 [===========>..................] - ETA: 5s - loss: 0.9072 - accuracy: 0.6882
43/98 [============>.................] - ETA: 4s - loss: 0.9062 - accuracy: 0.6886
44/98 [============>.................] - ETA: 4s - loss: 0.9045 - accuracy: 0.6889
46/98 [=============>................] - ETA: 4s - loss: 0.9037 - accuracy: 0.6888
48/98 [=============>................] - ETA: 4s - loss: 0.9045 - accuracy: 0.6890
50/98 [==============>...............] - ETA: 4s - loss: 0.9041 - accuracy: 0.6895
51/98 [==============>...............] - ETA: 3s - loss: 0.9034 - accuracy: 0.6898
52/98 [==============>...............] - ETA: 3s - loss: 0.9015 - accuracy: 0.6905
53/98 [===============>..............] - ETA: 3s - loss: 0.9020 - accuracy: 0.6902
