2024-06-25 14:27:47.677603: I tensorflow/core/platform/cpu_feature_guard.cc:193] This TensorFlow binary is optimized with oneAPI Deep Neural Network Library (oneDNN) to use the following CPU instructions in performance-critical operations:  AVX AVX2
To enable them in other operations, rebuild TensorFlow with the appropriate compiler flags.
2024-06-25 14:27:48.225161: I tensorflow/core/common_runtime/gpu/gpu_device.cc:1616] Created device /job:localhost/replica:0/task:0/device:GPU:0 with 6656 MB memory:  -> device: 0, name: NVIDIA GeForce RTX 4060 Ti, pci bus id: 0000:01:00.0, compute capability: 8.9
1 Physical GPUs, 1 Logical GPUs
Model: "sequential"
_________________________________________________________________
 Layer (type)                Output Shape              Param #   
=================================================================
 conv2d (Conv2D)             (None, 32, 32, 32)        896       
                                                                 
 max_pooling2d (MaxPooling2D  (None, 16, 16, 32)       0         
 )                                                               
                                                                 
 batch_normalization (BatchN  (None, 16, 16, 32)       128       
 ormalization)                                                   
                                                                 
 conv2d_1 (Conv2D)           (None, 16, 16, 256)       205056    
                                                                 
 dropout (Dropout)           (None, 16, 16, 256)       0         
                                                                 
 flatten (Flatten)           (None, 65536)             0         
                                                                 
 dense (Dense)               (None, 10)                655370    
                                                                 
=================================================================
Total params: 861,450
Trainable params: 861,386
Non-trainable params: 64
_________________________________________________________________
Taxa de aprendizado:  0.0001 Num de épocas:  109 Tamanho do lote:  512 Dropout:  0.26488
Epoch 1/109
2024-06-25 14:27:49.625651: I tensorflow/stream_executor/cuda/cuda_dnn.cc:384] Loaded cuDNN version 8100
2024-06-25 14:27:50.545336: W tensorflow/stream_executor/gpu/redzone_allocator.cc:314] INTERNAL: ptxas exited with non-zero error code -1, output: 
Relying on driver to perform ptx compilation. 
Modify $PATH to customize ptxas location.
This message will be only logged once.
2024-06-25 14:27:51.962639: I tensorflow/stream_executor/cuda/cuda_blas.cc:1614] TensorFloat-32 will be used for the matrix multiplication. This will only be logged once.

 1/98 [..............................] - ETA: 8:01 - loss: 2.3782 - accuracy: 0.0566
 2/98 [..............................] - ETA: 8s - loss: 2.3164 - accuracy: 0.1143  
 3/98 [..............................] - ETA: 8s - loss: 2.2840 - accuracy: 0.1439
 4/98 [>.............................] - ETA: 8s - loss: 2.2282 - accuracy: 0.1748
 5/98 [>.............................] - ETA: 8s - loss: 2.1892 - accuracy: 0.1969
 6/98 [>.............................] - ETA: 8s - loss: 2.1568 - accuracy: 0.2126
 7/98 [=>............................] - ETA: 8s - loss: 2.1262 - accuracy: 0.2254
 8/98 [=>............................] - ETA: 8s - loss: 2.0956 - accuracy: 0.2349
 9/98 [=>............................] - ETA: 7s - loss: 2.0704 - accuracy: 0.2459
10/98 [==>...........................] - ETA: 7s - loss: 2.0515 - accuracy: 0.2559
11/98 [==>...........................] - ETA: 7s - loss: 2.0320 - accuracy: 0.2626
12/98 [==>...........................] - ETA: 7s - loss: 2.0142 - accuracy: 0.2703
13/98 [==>...........................] - ETA: 7s - loss: 1.9999 - accuracy: 0.2761
14/98 [===>..........................] - ETA: 7s - loss: 1.9798 - accuracy: 0.2857
15/98 [===>..........................] - ETA: 7s - loss: 1.9638 - accuracy: 0.2928
16/98 [===>..........................] - ETA: 7s - loss: 1.9530 - accuracy: 0.2968
17/98 [====>.........................] - ETA: 7s - loss: 1.9399 - accuracy: 0.3035
18/98 [====>.........................] - ETA: 7s - loss: 1.9289 - accuracy: 0.3079
19/98 [====>.........................] - ETA: 6s - loss: 1.9168 - accuracy: 0.3118
20/98 [=====>........................] - ETA: 6s - loss: 1.9092 - accuracy: 0.3136
21/98 [=====>........................] - ETA: 6s - loss: 1.9011 - accuracy: 0.3172
22/98 [=====>........................] - ETA: 6s - loss: 1.8936 - accuracy: 0.3216
23/98 [======>.......................] - ETA: 6s - loss: 1.8845 - accuracy: 0.3252
24/98 [======>.......................] - ETA: 6s - loss: 1.8786 - accuracy: 0.3281
25/98 [======>.......................] - ETA: 6s - loss: 1.8734 - accuracy: 0.3301
26/98 [======>.......................] - ETA: 6s - loss: 1.8638 - accuracy: 0.3340
27/98 [=======>......................] - ETA: 6s - loss: 1.8560 - accuracy: 0.3370
28/98 [=======>......................] - ETA: 6s - loss: 1.8458 - accuracy: 0.3409
29/98 [=======>......................] - ETA: 6s - loss: 1.8401 - accuracy: 0.3426
30/98 [========>.....................] - ETA: 6s - loss: 1.8302 - accuracy: 0.3461
31/98 [========>.....................] - ETA: 5s - loss: 1.8231 - accuracy: 0.3495
32/98 [========>.....................] - ETA: 5s - loss: 1.8177 - accuracy: 0.3515
33/98 [=========>....................] - ETA: 5s - loss: 1.8118 - accuracy: 0.3536
34/98 [=========>....................] - ETA: 5s - loss: 1.8070 - accuracy: 0.3556
35/98 [=========>....................] - ETA: 5s - loss: 1.8013 - accuracy: 0.3585
36/98 [==========>...................] - ETA: 5s - loss: 1.7934 - accuracy: 0.3607
37/98 [==========>...................] - ETA: 5s - loss: 1.7881 - accuracy: 0.3616
38/98 [==========>...................] - ETA: 5s - loss: 1.7836 - accuracy: 0.3631
39/98 [==========>...................] - ETA: 5s - loss: 1.7770 - accuracy: 0.3654
40/98 [===========>..................] - ETA: 5s - loss: 1.7726 - accuracy: 0.3669
41/98 [===========>..................] - ETA: 5s - loss: 1.7678 - accuracy: 0.3685
42/98 [===========>..................] - ETA: 4s - loss: 1.7618 - accuracy: 0.3709
43/98 [============>.................] - ETA: 4s - loss: 1.7560 - accuracy: 0.3730
44/98 [============>.................] - ETA: 4s - loss: 1.7499 - accuracy: 0.3750
45/98 [============>.................] - ETA: 4s - loss: 1.7443 - accuracy: 0.3772
46/98 [=============>................] - ETA: 4s - loss: 1.7395 - accuracy: 0.3798
47/98 [=============>................] - ETA: 4s - loss: 1.7349 - accuracy: 0.3821
48/98 [=============>................] - ETA: 4s - loss: 1.7300 - accuracy: 0.3835
49/98 [==============>...............] - ETA: 5s - loss: 1.7263 - accuracy: 0.3849
50/98 [==============>...............] - ETA: 5s - loss: 1.7223 - accuracy: 0.3862
51/98 [==============>...............] - ETA: 5s - loss: 1.7169 - accuracy: 0.3877
52/98 [==============>...............] - ETA: 5s - loss: 1.7123 - accuracy: 0.3893
53/98 [===============>..............] - ETA: 5s - loss: 1.7080 - accuracy: 0.3908
54/98 [===============>..............] - ETA: 4s - loss: 1.7038 - accuracy: 0.3927
55/98 [===============>..............] - ETA: 4s - loss: 1.7001 - accuracy: 0.3941
56/98 [================>.............] - ETA: 4s - loss: 1.6955 - accuracy: 0.3958
57/98 [================>.............] - ETA: 4s - loss: 1.6914 - accuracy: 0.3972
58/98 [================>.............] - ETA: 4s - loss: 1.6872 - accuracy: 0.3991
59/98 [=================>............] - ETA: 4s - loss: 1.6830 - accuracy: 0.4007
60/98 [=================>............] - ETA: 4s - loss: 1.6795 - accuracy: 0.4019
61/98 [=================>............] - ETA: 4s - loss: 1.6762 - accuracy: 0.4032
62/98 [=================>............] - ETA: 3s - loss: 1.6730 - accuracy: 0.4048
63/98 [==================>...........] - ETA: 3s - loss: 1.6706 - accuracy: 0.4060
64/98 [==================>...........] - ETA: 3s - loss: 1.6669 - accuracy: 0.4072
65/98 [==================>...........] - ETA: 3s - loss: 1.6637 - accuracy: 0.4086
66/98 [===================>..........] - ETA: 3s - loss: 1.6598 - accuracy: 0.4099
67/98 [===================>..........] - ETA: 3s - loss: 1.6561 - accuracy: 0.4117
68/98 [===================>..........] - ETA: 3s - loss: 1.6524 - accuracy: 0.4126
69/98 [====================>.........] - ETA: 3s - loss: 1.6489 - accuracy: 0.4140
70/98 [====================>.........] - ETA: 3s - loss: 1.6459 - accuracy: 0.4150
71/98 [====================>.........] - ETA: 2s - loss: 1.6435 - accuracy: 0.4158
72/98 [=====================>........] - ETA: 2s - loss: 1.6404 - accuracy: 0.4172
73/98 [=====================>........] - ETA: 2s - loss: 1.6375 - accuracy: 0.4182
74/98 [=====================>........] - ETA: 2s - loss: 1.6347 - accuracy: 0.4194
75/98 [=====================>........] - ETA: 2s - loss: 1.6320 - accuracy: 0.4202
76/98 [======================>.......] - ETA: 2s - loss: 1.6294 - accuracy: 0.4208
77/98 [======================>.......] - ETA: 2s - loss: 1.6261 - accuracy: 0.4223
78/98 [======================>.......] - ETA: 2s - loss: 1.6235 - accuracy: 0.4231
79/98 [=======================>......] - ETA: 1s - loss: 1.6204 - accuracy: 0.4244
80/98 [=======================>......] - ETA: 1s - loss: 1.6170 - accuracy: 0.4255
81/98 [=======================>......] - ETA: 1s - loss: 1.6153 - accuracy: 0.4259
82/98 [========================>.....] - ETA: 1s - loss: 1.6133 - accuracy: 0.4266
83/98 [========================>.....] - ETA: 1s - loss: 1.6108 - accuracy: 0.4274
84/98 [========================>.....] - ETA: 1s - loss: 1.6068 - accuracy: 0.4287
85/98 [=========================>....] - ETA: 1s - loss: 1.6036 - accuracy: 0.4300
86/98 [=========================>....] - ETA: 1s - loss: 1.6015 - accuracy: 0.4304
87/98 [=========================>....] - ETA: 1s - loss: 1.5989 - accuracy: 0.4314
88/98 [=========================>....] - ETA: 1s - loss: 1.5975 - accuracy: 0.4320
89/98 [==========================>...] - ETA: 0s - loss: 1.5957 - accuracy: 0.4327
90/98 [==========================>...] - ETA: 0s - loss: 1.5935 - accuracy: 0.4334
91/98 [==========================>...] - ETA: 0s - loss: 1.5908 - accuracy: 0.4343
92/98 [===========================>..] - ETA: 0s - loss: 1.5887 - accuracy: 0.4352
93/98 [===========================>..] - ETA: 0s - loss: 1.5867 - accuracy: 0.4359
94/98 [===========================>..] - ETA: 0s - loss: 1.5845 - accuracy: 0.4367
95/98 [============================>.] - ETA: 0s - loss: 1.5826 - accuracy: 0.4376
96/98 [============================>.] - ETA: 0s - loss: 1.5805 - accuracy: 0.4382
97/98 [============================>.] - ETA: 0s - loss: 1.5785 - accuracy: 0.4391
98/98 [==============================] - ETA: 0s - loss: 1.5757 - accuracy: 0.4401
98/98 [==============================] - 16s 115ms/step - loss: 1.5757 - accuracy: 0.4401 - val_loss: 2.0968 - val_accuracy: 0.3903
Epoch 2/109

 1/98 [..............................] - ETA: 9s - loss: 1.2960 - accuracy: 0.5527
 2/98 [..............................] - ETA: 9s - loss: 1.3035 - accuracy: 0.5400
 3/98 [..............................] - ETA: 8s - loss: 1.3044 - accuracy: 0.5352
 4/98 [>.............................] - ETA: 8s - loss: 1.2903 - accuracy: 0.5464
 5/98 [>.............................] - ETA: 8s - loss: 1.2888 - accuracy: 0.5531
 6/98 [>.............................] - ETA: 8s - loss: 1.2948 - accuracy: 0.5505
 7/98 [=>............................] - ETA: 8s - loss: 1.2830 - accuracy: 0.5561
 8/98 [=>............................] - ETA: 8s - loss: 1.2862 - accuracy: 0.5542
 9/98 [=>............................] - ETA: 8s - loss: 1.2876 - accuracy: 0.5523
10/98 [==>...........................] - ETA: 7s - loss: 1.2864 - accuracy: 0.5525
11/98 [==>...........................] - ETA: 7s - loss: 1.2893 - accuracy: 0.5506
12/98 [==>...........................] - ETA: 7s - loss: 1.2962 - accuracy: 0.5467
13/98 [==>...........................] - ETA: 7s - loss: 1.2931 - accuracy: 0.5478
14/98 [===>..........................] - ETA: 7s - loss: 1.2884 - accuracy: 0.5498
15/98 [===>..........................] - ETA: 7s - loss: 1.2872 - accuracy: 0.5499
16/98 [===>..........................] - ETA: 7s - loss: 1.2832 - accuracy: 0.5513
17/98 [====>.........................] - ETA: 7s - loss: 1.2806 - accuracy: 0.5516
18/98 [====>.........................] - ETA: 7s - loss: 1.2788 - accuracy: 0.5512
19/98 [====>.........................] - ETA: 7s - loss: 1.2747 - accuracy: 0.5537
20/98 [=====>........................] - ETA: 6s - loss: 1.2780 - accuracy: 0.5527
21/98 [=====>........................] - ETA: 6s - loss: 1.2729 - accuracy: 0.5537
22/98 [=====>........................] - ETA: 6s - loss: 1.2717 - accuracy: 0.5538
23/98 [======>.......................] - ETA: 6s - loss: 1.2713 - accuracy: 0.5538
24/98 [======>.......................] - ETA: 6s - loss: 1.2702 - accuracy: 0.5553
25/98 [======>.......................] - ETA: 6s - loss: 1.2710 - accuracy: 0.5543
26/98 [======>.......................] - ETA: 6s - loss: 1.2703 - accuracy: 0.5551
27/98 [=======>......................] - ETA: 6s - loss: 1.2704 - accuracy: 0.5545
28/98 [=======>......................] - ETA: 6s - loss: 1.2711 - accuracy: 0.5536
29/98 [=======>......................] - ETA: 6s - loss: 1.2699 - accuracy: 0.5541
30/98 [========>.....................] - ETA: 6s - loss: 1.2682 - accuracy: 0.5551
31/98 [========>.....................] - ETA: 6s - loss: 1.2670 - accuracy: 0.5553
32/98 [========>.....................] - ETA: 5s - loss: 1.2644 - accuracy: 0.5569
33/98 [=========>....................] - ETA: 5s - loss: 1.2635 - accuracy: 0.5566
34/98 [=========>....................] - ETA: 5s - loss: 1.2613 - accuracy: 0.5570
35/98 [=========>....................] - ETA: 5s - loss: 1.2600 - accuracy: 0.5579
36/98 [==========>...................] - ETA: 5s - loss: 1.2604 - accuracy: 0.5578
37/98 [==========>...................] - ETA: 5s - loss: 1.2598 - accuracy: 0.5574
38/98 [==========>...................] - ETA: 5s - loss: 1.2575 - accuracy: 0.5578
39/98 [==========>...................] - ETA: 5s - loss: 1.2573 - accuracy: 0.5575
40/98 [===========>..................] - ETA: 5s - loss: 1.2559 - accuracy: 0.5581
41/98 [===========>..................] - ETA: 5s - loss: 1.2547 - accuracy: 0.5588
42/98 [===========>..................] - ETA: 4s - loss: 1.2555 - accuracy: 0.5584
43/98 [============>.................] - ETA: 4s - loss: 1.2543 - accuracy: 0.5592
44/98 [============>.................] - ETA: 4s - loss: 1.2542 - accuracy: 0.5590
45/98 [============>.................] - ETA: 4s - loss: 1.2537 - accuracy: 0.5586
46/98 [=============>................] - ETA: 4s - loss: 1.2539 - accuracy: 0.5580
47/98 [=============>................] - ETA: 4s - loss: 1.2527 - accuracy: 0.5581
48/98 [=============>................] - ETA: 4s - loss: 1.2522 - accuracy: 0.5586
49/98 [==============>...............] - ETA: 4s - loss: 1.2516 - accuracy: 0.5590
50/98 [==============>...............] - ETA: 4s - loss: 1.2523 - accuracy: 0.5583
51/98 [==============>...............] - ETA: 4s - loss: 1.2511 - accuracy: 0.5586
52/98 [==============>...............] - ETA: 4s - loss: 1.2492 - accuracy: 0.5594
53/98 [===============>..............] - ETA: 4s - loss: 1.2507 - accuracy: 0.5585
54/98 [===============>..............] - ETA: 3s - loss: 1.2505 - accuracy: 0.5588
55/98 [===============>..............] - ETA: 3s - loss: 1.2497 - accuracy: 0.5591
56/98 [================>.............] - ETA: 3s - loss: 1.2501 - accuracy: 0.5589
57/98 [================>.............] - ETA: 3s - loss: 1.2499 - accuracy: 0.5589
58/98 [================>.............] - ETA: 3s - loss: 1.2496 - accuracy: 0.5590
59/98 [=================>............] - ETA: 3s - loss: 1.2489 - accuracy: 0.5591
60/98 [=================>............] - ETA: 3s - loss: 1.2497 - accuracy: 0.5590
61/98 [=================>............] - ETA: 3s - loss: 1.2487 - accuracy: 0.5592
62/98 [=================>............] - ETA: 3s - loss: 1.2475 - accuracy: 0.5597
63/98 [==================>...........] - ETA: 3s - loss: 1.2477 - accuracy: 0.5596
64/98 [==================>...........] - ETA: 3s - loss: 1.2475 - accuracy: 0.5600
65/98 [==================>...........] - ETA: 2s - loss: 1.2460 - accuracy: 0.5604
66/98 [===================>..........] - ETA: 2s - loss: 1.2450 - accuracy: 0.5607
67/98 [===================>..........] - ETA: 2s - loss: 1.2445 - accuracy: 0.5610
68/98 [===================>..........] - ETA: 2s - loss: 1.2434 - accuracy: 0.5616
69/98 [====================>.........] - ETA: 2s - loss: 1.2447 - accuracy: 0.5614
70/98 [====================>.........] - ETA: 2s - loss: 1.2439 - accuracy: 0.5619
71/98 [====================>.........] - ETA: 2s - loss: 1.2434 - accuracy: 0.5621
72/98 [=====================>........] - ETA: 2s - loss: 1.2428 - accuracy: 0.5623
73/98 [=====================>........] - ETA: 2s - loss: 1.2414 - accuracy: 0.5631
74/98 [=====================>........] - ETA: 2s - loss: 1.2394 - accuracy: 0.5638
75/98 [=====================>........] - ETA: 2s - loss: 1.2396 - accuracy: 0.5641
76/98 [======================>.......] - ETA: 1s - loss: 1.2381 - accuracy: 0.5645
77/98 [======================>.......] - ETA: 1s - loss: 1.2376 - accuracy: 0.5650
78/98 [======================>.......] - ETA: 1s - loss: 1.2374 - accuracy: 0.5651
79/98 [=======================>......] - ETA: 1s - loss: 1.2370 - accuracy: 0.5659
80/98 [=======================>......] - ETA: 1s - loss: 1.2366 - accuracy: 0.5660
81/98 [=======================>......] - ETA: 1s - loss: 1.2368 - accuracy: 0.5660
82/98 [========================>.....] - ETA: 1s - loss: 1.2359 - accuracy: 0.5662
83/98 [========================>.....] - ETA: 1s - loss: 1.2357 - accuracy: 0.5660
84/98 [========================>.....] - ETA: 1s - loss: 1.2348 - accuracy: 0.5662
85/98 [=========================>....] - ETA: 1s - loss: 1.2341 - accuracy: 0.5665
86/98 [=========================>....] - ETA: 1s - loss: 1.2338 - accuracy: 0.5668
87/98 [=========================>....] - ETA: 0s - loss: 1.2330 - accuracy: 0.5670
88/98 [=========================>....] - ETA: 0s - loss: 1.2312 - accuracy: 0.5678
89/98 [==========================>...] - ETA: 0s - loss: 1.2315 - accuracy: 0.5679
90/98 [==========================>...] - ETA: 0s - loss: 1.2308 - accuracy: 0.5682
91/98 [==========================>...] - ETA: 0s - loss: 1.2297 - accuracy: 0.5686
92/98 [===========================>..] - ETA: 0s - loss: 1.2287 - accuracy: 0.5686
93/98 [===========================>..] - ETA: 0s - loss: 1.2268 - accuracy: 0.5691
94/98 [===========================>..] - ETA: 0s - loss: 1.2261 - accuracy: 0.5694
95/98 [============================>.] - ETA: 0s - loss: 1.2255 - accuracy: 0.5695
96/98 [============================>.] - ETA: 0s - loss: 1.2254 - accuracy: 0.5696
97/98 [============================>.] - ETA: 0s - loss: 1.2245 - accuracy: 0.5699
98/98 [==============================] - ETA: 0s - loss: 1.2240 - accuracy: 0.5699
98/98 [==============================] - 10s 99ms/step - loss: 1.2240 - accuracy: 0.5699 - val_loss: 1.8865 - val_accuracy: 0.4733
Epoch 3/109

 1/98 [..............................] - ETA: 10s - loss: 1.1742 - accuracy: 0.5859
 2/98 [..............................] - ETA: 8s - loss: 1.1376 - accuracy: 0.6045 
 3/98 [..............................] - ETA: 8s - loss: 1.1144 - accuracy: 0.6178
 4/98 [>.............................] - ETA: 8s - loss: 1.1146 - accuracy: 0.6167
 5/98 [>.............................] - ETA: 8s - loss: 1.1108 - accuracy: 0.6105
 6/98 [>.............................] - ETA: 8s - loss: 1.1164 - accuracy: 0.6074
 7/98 [=>............................] - ETA: 8s - loss: 1.1173 - accuracy: 0.6099
 8/98 [=>............................] - ETA: 7s - loss: 1.1140 - accuracy: 0.6101
 9/98 [=>............................] - ETA: 7s - loss: 1.1093 - accuracy: 0.6111
10/98 [==>...........................] - ETA: 7s - loss: 1.0999 - accuracy: 0.6152
11/98 [==>...........................] - ETA: 7s - loss: 1.1050 - accuracy: 0.6140
12/98 [==>...........................] - ETA: 7s - loss: 1.1111 - accuracy: 0.6117
13/98 [==>...........................] - ETA: 7s - loss: 1.1071 - accuracy: 0.6133
14/98 [===>..........................] - ETA: 7s - loss: 1.1025 - accuracy: 0.6166
15/98 [===>..........................] - ETA: 7s - loss: 1.1023 - accuracy: 0.6156
16/98 [===>..........................] - ETA: 7s - loss: 1.0997 - accuracy: 0.6162
17/98 [====>.........................] - ETA: 7s - loss: 1.1022 - accuracy: 0.6150
18/98 [====>.........................] - ETA: 7s - loss: 1.1060 - accuracy: 0.6147
19/98 [====>.........................] - ETA: 6s - loss: 1.1054 - accuracy: 0.6140
20/98 [=====>........................] - ETA: 6s - loss: 1.1049 - accuracy: 0.6140
21/98 [=====>........................] - ETA: 6s - loss: 1.1077 - accuracy: 0.6127
22/98 [=====>........................] - ETA: 6s - loss: 1.1096 - accuracy: 0.6114
23/98 [======>.......................] - ETA: 6s - loss: 1.1112 - accuracy: 0.6105
24/98 [======>.......................] - ETA: 6s - loss: 1.1073 - accuracy: 0.6128
25/98 [======>.......................] - ETA: 6s - loss: 1.1057 - accuracy: 0.6151
26/98 [======>.......................] - ETA: 6s - loss: 1.1062 - accuracy: 0.6144
27/98 [=======>......................] - ETA: 6s - loss: 1.1052 - accuracy: 0.6150
28/98 [=======>......................] - ETA: 6s - loss: 1.1025 - accuracy: 0.6170
29/98 [=======>......................] - ETA: 6s - loss: 1.1029 - accuracy: 0.6173
30/98 [========>.....................] - ETA: 5s - loss: 1.1036 - accuracy: 0.6168
31/98 [========>.....................] - ETA: 5s - loss: 1.1021 - accuracy: 0.6176
32/98 [========>.....................] - ETA: 5s - loss: 1.1009 - accuracy: 0.6183
33/98 [=========>....................] - ETA: 5s - loss: 1.0997 - accuracy: 0.6188
34/98 [=========>....................] - ETA: 5s - loss: 1.1000 - accuracy: 0.6182
35/98 [=========>....................] - ETA: 5s - loss: 1.1012 - accuracy: 0.6175
36/98 [==========>...................] - ETA: 5s - loss: 1.1002 - accuracy: 0.6184
37/98 [==========>...................] - ETA: 5s - loss: 1.1016 - accuracy: 0.6178
38/98 [==========>...................] - ETA: 5s - loss: 1.1038 - accuracy: 0.6172
39/98 [==========>...................] - ETA: 5s - loss: 1.1032 - accuracy: 0.6177
40/98 [===========>..................] - ETA: 5s - loss: 1.1030 - accuracy: 0.6171
41/98 [===========>..................] - ETA: 5s - loss: 1.1010 - accuracy: 0.6181
42/98 [===========>..................] - ETA: 4s - loss: 1.0993 - accuracy: 0.6192
43/98 [============>.................] - ETA: 4s - loss: 1.0975 - accuracy: 0.6201
44/98 [============>.................] - ETA: 4s - loss: 1.0959 - accuracy: 0.6206
45/98 [============>.................] - ETA: 4s - loss: 1.0938 - accuracy: 0.6213
46/98 [=============>................] - ETA: 4s - loss: 1.0948 - accuracy: 0.6211
47/98 [=============>................] - ETA: 4s - loss: 1.0932 - accuracy: 0.6218
48/98 [=============>................] - ETA: 4s - loss: 1.0929 - accuracy: 0.6222
49/98 [==============>...............] - ETA: 4s - loss: 1.0939 - accuracy: 0.6215
50/98 [==============>...............] - ETA: 4s - loss: 1.0930 - accuracy: 0.6221
51/98 [==============>...............] - ETA: 4s - loss: 1.0937 - accuracy: 0.6215
52/98 [==============>...............] - ETA: 4s - loss: 1.0931 - accuracy: 0.6220
53/98 [===============>..............] - ETA: 3s - loss: 1.0939 - accuracy: 0.6218
54/98 [===============>..............] - ETA: 3s - loss: 1.0935 - accuracy: 0.6214
55/98 [===============>..............] - ETA: 3s - loss: 1.0942 - accuracy: 0.6216
56/98 [================>.............] - ETA: 3s - loss: 1.0936 - accuracy: 0.6220
57/98 [================>.............] - ETA: 3s - loss: 1.0933 - accuracy: 0.6219
58/98 [================>.............] - ETA: 3s - loss: 1.0916 - accuracy: 0.6228
59/98 [=================>............] - ETA: 3s - loss: 1.0921 - accuracy: 0.6226
60/98 [=================>............] - ETA: 3s - loss: 1.0905 - accuracy: 0.6230
61/98 [=================>............] - ETA: 3s - loss: 1.0912 - accuracy: 0.6224
62/98 [=================>............] - ETA: 3s - loss: 1.0912 - accuracy: 0.6224
63/98 [==================>...........] - ETA: 3s - loss: 1.0918 - accuracy: 0.6224
64/98 [==================>...........] - ETA: 2s - loss: 1.0910 - accuracy: 0.6225
65/98 [==================>...........] - ETA: 2s - loss: 1.0911 - accuracy: 0.6224
66/98 [===================>..........] - ETA: 2s - loss: 1.0896 - accuracy: 0.6230
68/98 [===================>..........] - ETA: 2s - loss: 1.0885 - accuracy: 0.6237
69/98 [====================>.........] - ETA: 2s - loss: 1.0891 - accuracy: 0.6235
70/98 [====================>.........] - ETA: 2s - loss: 1.0882 - accuracy: 0.6238
71/98 [====================>.........] - ETA: 2s - loss: 1.0880 - accuracy: 0.6240
72/98 [=====================>........] - ETA: 2s - loss: 1.0882 - accuracy: 0.6240
73/98 [=====================>........] - ETA: 2s - loss: 1.0874 - accuracy: 0.6241
74/98 [=====================>........] - ETA: 2s - loss: 1.0877 - accuracy: 0.6236
75/98 [=====================>........] - ETA: 2s - loss: 1.0874 - accuracy: 0.6237
76/98 [======================>.......] - ETA: 1s - loss: 1.0866 - accuracy: 0.6238
77/98 [======================>.......] - ETA: 1s - loss: 1.0865 - accuracy: 0.6237
78/98 [======================>.......] - ETA: 1s - loss: 1.0860 - accuracy: 0.6236
79/98 [=======================>......] - ETA: 1s - loss: 1.0856 - accuracy: 0.6235
80/98 [=======================>......] - ETA: 1s - loss: 1.0848 - accuracy: 0.6238
81/98 [=======================>......] - ETA: 1s - loss: 1.0838 - accuracy: 0.6243
82/98 [========================>.....] - ETA: 1s - loss: 1.0831 - accuracy: 0.6249
83/98 [========================>.....] - ETA: 1s - loss: 1.0826 - accuracy: 0.6253
84/98 [========================>.....] - ETA: 1s - loss: 1.0819 - accuracy: 0.6257
85/98 [=========================>....] - ETA: 1s - loss: 1.0808 - accuracy: 0.6262
86/98 [=========================>....] - ETA: 1s - loss: 1.0795 - accuracy: 0.6265
87/98 [=========================>....] - ETA: 0s - loss: 1.0793 - accuracy: 0.6265
88/98 [=========================>....] - ETA: 0s - loss: 1.0780 - accuracy: 0.6270
89/98 [==========================>...] - ETA: 0s - loss: 1.0775 - accuracy: 0.6271
90/98 [==========================>...] - ETA: 0s - loss: 1.0773 - accuracy: 0.6273
91/98 [==========================>...] - ETA: 0s - loss: 1.0768 - accuracy: 0.6272
92/98 [===========================>..] - ETA: 0s - loss: 1.0761 - accuracy: 0.6273
93/98 [===========================>..] - ETA: 0s - loss: 1.0759 - accuracy: 0.6270
94/98 [===========================>..] - ETA: 0s - loss: 1.0758 - accuracy: 0.6271
95/98 [============================>.] - ETA: 0s - loss: 1.0757 - accuracy: 0.6273
96/98 [============================>.] - ETA: 0s - loss: 1.0751 - accuracy: 0.6275
97/98 [============================>.] - ETA: 0s - loss: 1.0752 - accuracy: 0.6274
98/98 [==============================] - ETA: 0s - loss: 1.0747 - accuracy: 0.6276
98/98 [==============================] - 10s 98ms/step - loss: 1.0747 - accuracy: 0.6276 - val_loss: 1.6255 - val_accuracy: 0.5177
Epoch 4/109

 1/98 [..............................] - ETA: 9s - loss: 1.0284 - accuracy: 0.6836
 2/98 [..............................] - ETA: 9s - loss: 1.0550 - accuracy: 0.6602
 3/98 [..............................] - ETA: 8s - loss: 1.0519 - accuracy: 0.6504
 4/98 [>.............................] - ETA: 8s - loss: 1.0361 - accuracy: 0.6475
 5/98 [>.............................] - ETA: 8s - loss: 1.0233 - accuracy: 0.6500
 6/98 [>.............................] - ETA: 8s - loss: 1.0311 - accuracy: 0.6455
 7/98 [=>............................] - ETA: 8s - loss: 1.0235 - accuracy: 0.6468
 8/98 [=>............................] - ETA: 8s - loss: 1.0144 - accuracy: 0.6504
 9/98 [=>............................] - ETA: 8s - loss: 1.0114 - accuracy: 0.6521
10/98 [==>...........................] - ETA: 7s - loss: 1.0054 - accuracy: 0.6553
11/98 [==>...........................] - ETA: 7s - loss: 0.9970 - accuracy: 0.6577
12/98 [==>...........................] - ETA: 7s - loss: 1.0005 - accuracy: 0.6572
13/98 [==>...........................] - ETA: 7s - loss: 0.9976 - accuracy: 0.6572
14/98 [===>..........................] - ETA: 7s - loss: 0.9931 - accuracy: 0.6579
15/98 [===>..........................] - ETA: 7s - loss: 0.9918 - accuracy: 0.6582
16/98 [===>..........................] - ETA: 7s - loss: 0.9923 - accuracy: 0.6592
17/98 [====>.........................] - ETA: 7s - loss: 0.9959 - accuracy: 0.6580
18/98 [====>.........................] - ETA: 7s - loss: 0.9960 - accuracy: 0.6590
19/98 [====>.........................] - ETA: 7s - loss: 0.9989 - accuracy: 0.6581
20/98 [=====>........................] - ETA: 7s - loss: 0.9975 - accuracy: 0.6585
21/98 [=====>........................] - ETA: 6s - loss: 1.0016 - accuracy: 0.6561
22/98 [=====>........................] - ETA: 6s - loss: 1.0018 - accuracy: 0.6555
23/98 [======>.......................] - ETA: 6s - loss: 1.0014 - accuracy: 0.6562
24/98 [======>.......................] - ETA: 6s - loss: 1.0065 - accuracy: 0.6532
26/98 [======>.......................] - ETA: 6s - loss: 1.0098 - accuracy: 0.6515
27/98 [=======>......................] - ETA: 6s - loss: 1.0084 - accuracy: 0.6531
28/98 [=======>......................] - ETA: 6s - loss: 1.0091 - accuracy: 0.6533
29/98 [=======>......................] - ETA: 6s - loss: 1.0085 - accuracy: 0.6535
30/98 [========>.....................] - ETA: 6s - loss: 1.0075 - accuracy: 0.6538
31/98 [========>.....................] - ETA: 5s - loss: 1.0074 - accuracy: 0.6533
32/98 [========>.....................] - ETA: 5s - loss: 1.0062 - accuracy: 0.6529
33/98 [=========>....................] - ETA: 5s - loss: 1.0033 - accuracy: 0.6540
34/98 [=========>....................] - ETA: 5s - loss: 1.0038 - accuracy: 0.6538
35/98 [=========>....................] - ETA: 5s - loss: 1.0042 - accuracy: 0.6537
36/98 [==========>...................] - ETA: 5s - loss: 1.0049 - accuracy: 0.6538
37/98 [==========>...................] - ETA: 5s - loss: 1.0044 - accuracy: 0.6538
38/98 [==========>...................] - ETA: 5s - loss: 1.0034 - accuracy: 0.6540
39/98 [==========>...................] - ETA: 5s - loss: 1.0043 - accuracy: 0.6539
40/98 [===========>..................] - ETA: 5s - loss: 1.0042 - accuracy: 0.6540
41/98 [===========>..................] - ETA: 5s - loss: 1.0033 - accuracy: 0.6548
42/98 [===========>..................] - ETA: 4s - loss: 1.0025 - accuracy: 0.6544
43/98 [============>.................] - ETA: 4s - loss: 1.0015 - accuracy: 0.6548
44/98 [============>.................] - ETA: 4s - loss: 1.0028 - accuracy: 0.6545
45/98 [============>.................] - ETA: 4s - loss: 1.0006 - accuracy: 0.6555
46/98 [=============>................] - ETA: 4s - loss: 0.9998 - accuracy: 0.6557
47/98 [=============>................] - ETA: 4s - loss: 0.9994 - accuracy: 0.6556
48/98 [=============>................] - ETA: 4s - loss: 1.0002 - accuracy: 0.6547
49/98 [==============>...............] - ETA: 4s - loss: 1.0005 - accuracy: 0.6547
50/98 [==============>...............] - ETA: 4s - loss: 1.0025 - accuracy: 0.6542
51/98 [==============>...............] - ETA: 4s - loss: 1.0003 - accuracy: 0.6548
52/98 [==============>...............] - ETA: 4s - loss: 0.9991 - accuracy: 0.6551
53/98 [===============>..............] - ETA: 4s - loss: 0.9979 - accuracy: 0.6555
54/98 [===============>..............] - ETA: 3s - loss: 0.9976 - accuracy: 0.6554
55/98 [===============>..............] - ETA: 3s - loss: 0.9961 - accuracy: 0.6561
56/98 [================>.............] - ETA: 3s - loss: 0.9960 - accuracy: 0.6561
57/98 [================>.............] - ETA: 3s - loss: 0.9955 - accuracy: 0.6559
58/98 [================>.............] - ETA: 3s - loss: 0.9965 - accuracy: 0.6555
59/98 [=================>............] - ETA: 3s - loss: 0.9959 - accuracy: 0.6558
60/98 [=================>............] - ETA: 3s - loss: 0.9956 - accuracy: 0.6558
61/98 [=================>............] - ETA: 3s - loss: 0.9946 - accuracy: 0.6558
62/98 [=================>............] - ETA: 3s - loss: 0.9953 - accuracy: 0.6556
63/98 [==================>...........] - ETA: 3s - loss: 0.9954 - accuracy: 0.6556
64/98 [==================>...........] - ETA: 3s - loss: 0.9954 - accuracy: 0.6555
65/98 [==================>...........] - ETA: 2s - loss: 0.9944 - accuracy: 0.6558
66/98 [===================>..........] - ETA: 2s - loss: 0.9952 - accuracy: 0.6556
67/98 [===================>..........] - ETA: 2s - loss: 0.9963 - accuracy: 0.6552
68/98 [===================>..........] - ETA: 2s - loss: 0.9964 - accuracy: 0.6549
69/98 [====================>.........] - ETA: 2s - loss: 0.9964 - accuracy: 0.6549
70/98 [====================>.........] - ETA: 2s - loss: 0.9974 - accuracy: 0.6547
71/98 [====================>.........] - ETA: 2s - loss: 0.9972 - accuracy: 0.6551
72/98 [=====================>........] - ETA: 2s - loss: 0.9966 - accuracy: 0.6553
73/98 [=====================>........] - ETA: 2s - loss: 0.9963 - accuracy: 0.6553
74/98 [=====================>........] - ETA: 2s - loss: 0.9953 - accuracy: 0.6555
75/98 [=====================>........] - ETA: 2s - loss: 0.9955 - accuracy: 0.6556
76/98 [======================>.......] - ETA: 1s - loss: 0.9957 - accuracy: 0.6556
77/98 [======================>.......] - ETA: 1s - loss: 0.9957 - accuracy: 0.6555
78/98 [======================>.......] - ETA: 1s - loss: 0.9969 - accuracy: 0.6549
79/98 [=======================>......] - ETA: 1s - loss: 0.9963 - accuracy: 0.6554
80/98 [=======================>......] - ETA: 1s - loss: 0.9955 - accuracy: 0.6556
81/98 [=======================>......] - ETA: 1s - loss: 0.9954 - accuracy: 0.6560
82/98 [========================>.....] - ETA: 1s - loss: 0.9952 - accuracy: 0.6562
83/98 [========================>.....] - ETA: 1s - loss: 0.9948 - accuracy: 0.6565
84/98 [========================>.....] - ETA: 1s - loss: 0.9942 - accuracy: 0.6566
85/98 [=========================>....] - ETA: 1s - loss: 0.9941 - accuracy: 0.6565
86/98 [=========================>....] - ETA: 1s - loss: 0.9935 - accuracy: 0.6567
87/98 [=========================>....] - ETA: 0s - loss: 0.9927 - accuracy: 0.6567
88/98 [=========================>....] - ETA: 0s - loss: 0.9923 - accuracy: 0.6569
89/98 [==========================>...] - ETA: 0s - loss: 0.9915 - accuracy: 0.6572
90/98 [==========================>...] - ETA: 0s - loss: 0.9915 - accuracy: 0.6574
91/98 [==========================>...] - ETA: 0s - loss: 0.9914 - accuracy: 0.6575
92/98 [===========================>..] - ETA: 0s - loss: 0.9901 - accuracy: 0.6581
93/98 [===========================>..] - ETA: 0s - loss: 0.9902 - accuracy: 0.6580
94/98 [===========================>..] - ETA: 0s - loss: 0.9899 - accuracy: 0.6581
95/98 [============================>.] - ETA: 0s - loss: 0.9894 - accuracy: 0.6582
96/98 [============================>.] - ETA: 0s - loss: 0.9890 - accuracy: 0.6583
97/98 [============================>.] - ETA: 0s - loss: 0.9890 - accuracy: 0.6581
98/98 [==============================] - ETA: 0s - loss: 0.9881 - accuracy: 0.6585
98/98 [==============================] - 10s 99ms/step - loss: 0.9881 - accuracy: 0.6585 - val_loss: 1.3729 - val_accuracy: 0.5753
Epoch 5/109

 1/98 [..............................] - ETA: 9s - loss: 0.9442 - accuracy: 0.6953
 2/98 [..............................] - ETA: 8s - loss: 0.8978 - accuracy: 0.7148
 3/98 [..............................] - ETA: 8s - loss: 0.9020 - accuracy: 0.7031
 4/98 [>.............................] - ETA: 8s - loss: 0.8924 - accuracy: 0.7012
 5/98 [>.............................] - ETA: 8s - loss: 0.8752 - accuracy: 0.7078
 6/98 [>.............................] - ETA: 8s - loss: 0.8843 - accuracy: 0.7008
 7/98 [=>............................] - ETA: 8s - loss: 0.8913 - accuracy: 0.6978
 8/98 [=>............................] - ETA: 8s - loss: 0.8874 - accuracy: 0.6992
 9/98 [=>............................] - ETA: 7s - loss: 0.8997 - accuracy: 0.6960
10/98 [==>...........................] - ETA: 7s - loss: 0.9014 - accuracy: 0.6945
11/98 [==>...........................] - ETA: 7s - loss: 0.8994 - accuracy: 0.6962
12/98 [==>...........................] - ETA: 7s - loss: 0.9067 - accuracy: 0.6934
13/98 [==>...........................] - ETA: 7s - loss: 0.9056 - accuracy: 0.6929
14/98 [===>..........................] - ETA: 7s - loss: 0.9017 - accuracy: 0.6941
15/98 [===>..........................] - ETA: 7s - loss: 0.9083 - accuracy: 0.6910
16/98 [===>..........................] - ETA: 7s - loss: 0.9060 - accuracy: 0.6913
17/98 [====>.........................] - ETA: 7s - loss: 0.9079 - accuracy: 0.6908
18/98 [====>.........................] - ETA: 7s - loss: 0.9075 - accuracy: 0.6915
19/98 [====>.........................] - ETA: 7s - loss: 0.9070 - accuracy: 0.6911
20/98 [=====>........................] - ETA: 6s - loss: 0.9103 - accuracy: 0.6906
21/98 [=====>........................] - ETA: 6s - loss: 0.9073 - accuracy: 0.6908
22/98 [=====>........................] - ETA: 6s - loss: 0.9057 - accuracy: 0.6910
23/98 [======>.......................] - ETA: 6s - loss: 0.9060 - accuracy: 0.6913
24/98 [======>.......................] - ETA: 6s - loss: 0.9065 - accuracy: 0.6912
25/98 [======>.......................] - ETA: 6s - loss: 0.9088 - accuracy: 0.6905
26/98 [======>.......................] - ETA: 6s - loss: 0.9100 - accuracy: 0.6896
27/98 [=======>......................] - ETA: 6s - loss: 0.9122 - accuracy: 0.6882
28/98 [=======>......................] - ETA: 6s - loss: 0.9119 - accuracy: 0.6888
29/98 [=======>......................] - ETA: 6s - loss: 0.9112 - accuracy: 0.6888
30/98 [========>.....................] - ETA: 6s - loss: 0.9110 - accuracy: 0.6892
31/98 [========>.....................] - ETA: 6s - loss: 0.9121 - accuracy: 0.6883
32/98 [========>.....................] - ETA: 5s - loss: 0.9107 - accuracy: 0.6880
33/98 [=========>....................] - ETA: 5s - loss: 0.9097 - accuracy: 0.6876
34/98 [=========>....................] - ETA: 5s - loss: 0.9099 - accuracy: 0.6881
35/98 [=========>....................] - ETA: 5s - loss: 0.9105 - accuracy: 0.6879
36/98 [==========>...................] - ETA: 5s - loss: 0.9122 - accuracy: 0.6877
37/98 [==========>...................] - ETA: 5s - loss: 0.9112 - accuracy: 0.6880
38/98 [==========>...................] - ETA: 5s - loss: 0.9123 - accuracy: 0.6872
39/98 [==========>...................] - ETA: 5s - loss: 0.9134 - accuracy: 0.6870
40/98 [===========>..................] - ETA: 5s - loss: 0.9134 - accuracy: 0.6873
41/98 [===========>..................] - ETA: 5s - loss: 0.9126 - accuracy: 0.6875
42/98 [===========>..................] - ETA: 5s - loss: 0.9132 - accuracy: 0.6876
43/98 [============>.................] - ETA: 4s - loss: 0.9146 - accuracy: 0.6873
44/98 [============>.................] - ETA: 4s - loss: 0.9143 - accuracy: 0.6874
45/98 [============>.................] - ETA: 4s - loss: 0.9152 - accuracy: 0.6871
46/98 [=============>................] - ETA: 4s - loss: 0.9147 - accuracy: 0.6874
47/98 [=============>................] - ETA: 4s - loss: 0.9161 - accuracy: 0.6868
48/98 [=============>................] - ETA: 4s - loss: 0.9152 - accuracy: 0.6870
49/98 [==============>...............] - ETA: 4s - loss: 0.9156 - accuracy: 0.6867
51/98 [==============>...............] - ETA: 4s - loss: 0.9152 - accuracy: 0.6868
53/98 [===============>..............] - ETA: 3s - loss: 0.9168 - accuracy: 0.6862
