2024-06-25 22:33:45.150829: I tensorflow/core/platform/cpu_feature_guard.cc:193] This TensorFlow binary is optimized with oneAPI Deep Neural Network Library (oneDNN) to use the following CPU instructions in performance-critical operations:  AVX AVX2
To enable them in other operations, rebuild TensorFlow with the appropriate compiler flags.
2024-06-25 22:33:45.714659: I tensorflow/core/common_runtime/gpu/gpu_device.cc:1616] Created device /job:localhost/replica:0/task:0/device:GPU:0 with 6656 MB memory:  -> device: 0, name: NVIDIA GeForce RTX 4060 Ti, pci bus id: 0000:01:00.0, compute capability: 8.9
1 Physical GPUs, 1 Logical GPUs
Model: "sequential"
_________________________________________________________________
 Layer (type)                Output Shape              Param #   
=================================================================
 conv2d (Conv2D)             (None, 32, 32, 32)        896       
                                                                 
 max_pooling2d (MaxPooling2D  (None, 16, 16, 32)       0         
 )                                                               
                                                                 
 batch_normalization (BatchN  (None, 16, 16, 32)       128       
 ormalization)                                                   
                                                                 
 conv2d_1 (Conv2D)           (None, 16, 16, 256)       205056    
                                                                 
 dropout (Dropout)           (None, 16, 16, 256)       0         
                                                                 
 flatten (Flatten)           (None, 65536)             0         
                                                                 
 dense (Dense)               (None, 10)                655370    
                                                                 
=================================================================
Total params: 861,450
Trainable params: 861,386
Non-trainable params: 64
_________________________________________________________________
Taxa de aprendizado:  0.0001 Num de épocas:  109 Tamanho do lote:  512 Dropout:  0.26488
Epoch 1/109
2024-06-25 22:33:47.112863: I tensorflow/stream_executor/cuda/cuda_dnn.cc:384] Loaded cuDNN version 8100
2024-06-25 22:33:47.955207: W tensorflow/stream_executor/gpu/redzone_allocator.cc:314] INTERNAL: ptxas exited with non-zero error code -1, output: 
Relying on driver to perform ptx compilation. 
Modify $PATH to customize ptxas location.
This message will be only logged once.
2024-06-25 22:33:48.977750: I tensorflow/stream_executor/cuda/cuda_blas.cc:1614] TensorFloat-32 will be used for the matrix multiplication. This will only be logged once.

 1/98 [..............................] - ETA: 6:55 - loss: 2.3219 - accuracy: 0.1230
 2/98 [..............................] - ETA: 7s - loss: 2.3176 - accuracy: 0.1230  
 3/98 [..............................] - ETA: 6s - loss: 2.2640 - accuracy: 0.1504
 4/98 [>.............................] - ETA: 6s - loss: 2.2132 - accuracy: 0.1812
 5/98 [>.............................] - ETA: 6s - loss: 2.1860 - accuracy: 0.1973
 6/98 [>.............................] - ETA: 6s - loss: 2.1637 - accuracy: 0.2106
 7/98 [=>............................] - ETA: 6s - loss: 2.1306 - accuracy: 0.2249
 8/98 [=>............................] - ETA: 6s - loss: 2.1086 - accuracy: 0.2361
 9/98 [=>............................] - ETA: 6s - loss: 2.0829 - accuracy: 0.2478
10/98 [==>...........................] - ETA: 6s - loss: 2.0599 - accuracy: 0.2586
11/98 [==>...........................] - ETA: 6s - loss: 2.0418 - accuracy: 0.2646
12/98 [==>...........................] - ETA: 5s - loss: 2.0225 - accuracy: 0.2729
13/98 [==>...........................] - ETA: 5s - loss: 2.0079 - accuracy: 0.2793
14/98 [===>..........................] - ETA: 5s - loss: 1.9891 - accuracy: 0.2864
15/98 [===>..........................] - ETA: 5s - loss: 1.9747 - accuracy: 0.2915
16/98 [===>..........................] - ETA: 5s - loss: 1.9626 - accuracy: 0.2991
17/98 [====>.........................] - ETA: 5s - loss: 1.9523 - accuracy: 0.3019
18/98 [====>.........................] - ETA: 5s - loss: 1.9439 - accuracy: 0.3046
19/98 [====>.........................] - ETA: 5s - loss: 1.9367 - accuracy: 0.3083
20/98 [=====>........................] - ETA: 5s - loss: 1.9273 - accuracy: 0.3130
21/98 [=====>........................] - ETA: 5s - loss: 1.9170 - accuracy: 0.3165
22/98 [=====>........................] - ETA: 5s - loss: 1.9080 - accuracy: 0.3202
23/98 [======>.......................] - ETA: 5s - loss: 1.8980 - accuracy: 0.3231
24/98 [======>.......................] - ETA: 5s - loss: 1.8918 - accuracy: 0.3267
25/98 [======>.......................] - ETA: 5s - loss: 1.8823 - accuracy: 0.3306
26/98 [======>.......................] - ETA: 5s - loss: 1.8725 - accuracy: 0.3339
27/98 [=======>......................] - ETA: 4s - loss: 1.8659 - accuracy: 0.3359
28/98 [=======>......................] - ETA: 4s - loss: 1.8596 - accuracy: 0.3382
29/98 [=======>......................] - ETA: 4s - loss: 1.8512 - accuracy: 0.3422
30/98 [========>.....................] - ETA: 4s - loss: 1.8476 - accuracy: 0.3438
31/98 [========>.....................] - ETA: 4s - loss: 1.8424 - accuracy: 0.3463
32/98 [========>.....................] - ETA: 4s - loss: 1.8355 - accuracy: 0.3487
33/98 [=========>....................] - ETA: 4s - loss: 1.8258 - accuracy: 0.3527
34/98 [=========>....................] - ETA: 4s - loss: 1.8194 - accuracy: 0.3550
35/98 [=========>....................] - ETA: 4s - loss: 1.8137 - accuracy: 0.3564
36/98 [==========>...................] - ETA: 4s - loss: 1.8091 - accuracy: 0.3587
37/98 [==========>...................] - ETA: 4s - loss: 1.8045 - accuracy: 0.3604
39/98 [==========>...................] - ETA: 3s - loss: 1.7944 - accuracy: 0.3646
41/98 [===========>..................] - ETA: 3s - loss: 1.7853 - accuracy: 0.3677
43/98 [============>.................] - ETA: 3s - loss: 1.7729 - accuracy: 0.3725
44/98 [============>.................] - ETA: 3s - loss: 1.7681 - accuracy: 0.3745
46/98 [=============>................] - ETA: 3s - loss: 1.7608 - accuracy: 0.3771
47/98 [=============>................] - ETA: 3s - loss: 1.7559 - accuracy: 0.3784
49/98 [==============>...............] - ETA: 3s - loss: 1.7447 - accuracy: 0.3826
51/98 [==============>...............] - ETA: 2s - loss: 1.7344 - accuracy: 0.3869
53/98 [===============>..............] - ETA: 2s - loss: 1.7273 - accuracy: 0.3895
55/98 [===============>..............] - ETA: 2s - loss: 1.7186 - accuracy: 0.3931
57/98 [================>.............] - ETA: 2s - loss: 1.7112 - accuracy: 0.3950
59/98 [=================>............] - ETA: 2s - loss: 1.7034 - accuracy: 0.3986
60/98 [=================>............] - ETA: 2s - loss: 1.7003 - accuracy: 0.4003
62/98 [=================>............] - ETA: 2s - loss: 1.6930 - accuracy: 0.4034
64/98 [==================>...........] - ETA: 2s - loss: 1.6835 - accuracy: 0.4066
65/98 [==================>...........] - ETA: 1s - loss: 1.6789 - accuracy: 0.4083
67/98 [===================>..........] - ETA: 1s - loss: 1.6722 - accuracy: 0.4110
68/98 [===================>..........] - ETA: 1s - loss: 1.6692 - accuracy: 0.4122
69/98 [====================>.........] - ETA: 1s - loss: 1.6655 - accuracy: 0.4137
70/98 [====================>.........] - ETA: 1s - loss: 1.6626 - accuracy: 0.4149
71/98 [====================>.........] - ETA: 1s - loss: 1.6604 - accuracy: 0.4154
72/98 [=====================>........] - ETA: 1s - loss: 1.6574 - accuracy: 0.4163
73/98 [=====================>........] - ETA: 1s - loss: 1.6543 - accuracy: 0.4172
74/98 [=====================>........] - ETA: 1s - loss: 1.6505 - accuracy: 0.4180
75/98 [=====================>........] - ETA: 1s - loss: 1.6468 - accuracy: 0.4196
76/98 [======================>.......] - ETA: 1s - loss: 1.6443 - accuracy: 0.4207
77/98 [======================>.......] - ETA: 1s - loss: 1.6416 - accuracy: 0.4217
78/98 [======================>.......] - ETA: 1s - loss: 1.6389 - accuracy: 0.4230
79/98 [=======================>......] - ETA: 1s - loss: 1.6360 - accuracy: 0.4240
80/98 [=======================>......] - ETA: 1s - loss: 1.6329 - accuracy: 0.4248
81/98 [=======================>......] - ETA: 1s - loss: 1.6298 - accuracy: 0.4259
82/98 [========================>.....] - ETA: 1s - loss: 1.6270 - accuracy: 0.4270
83/98 [========================>.....] - ETA: 1s - loss: 1.6244 - accuracy: 0.4280
84/98 [========================>.....] - ETA: 1s - loss: 1.6215 - accuracy: 0.4287
85/98 [=========================>....] - ETA: 0s - loss: 1.6179 - accuracy: 0.4302
86/98 [=========================>....] - ETA: 0s - loss: 1.6143 - accuracy: 0.4315
87/98 [=========================>....] - ETA: 0s - loss: 1.6112 - accuracy: 0.4325
88/98 [=========================>....] - ETA: 0s - loss: 1.6096 - accuracy: 0.4329
89/98 [==========================>...] - ETA: 0s - loss: 1.6071 - accuracy: 0.4339
90/98 [==========================>...] - ETA: 0s - loss: 1.6040 - accuracy: 0.4350
91/98 [==========================>...] - ETA: 0s - loss: 1.6020 - accuracy: 0.4358
92/98 [===========================>..] - ETA: 0s - loss: 1.5995 - accuracy: 0.4366
93/98 [===========================>..] - ETA: 0s - loss: 1.5970 - accuracy: 0.4376
94/98 [===========================>..] - ETA: 0s - loss: 1.5955 - accuracy: 0.4379
95/98 [============================>.] - ETA: 0s - loss: 1.5916 - accuracy: 0.4392
96/98 [============================>.] - ETA: 0s - loss: 1.5881 - accuracy: 0.4406
97/98 [============================>.] - ETA: 0s - loss: 1.5859 - accuracy: 0.4414
98/98 [==============================] - ETA: 0s - loss: 1.5833 - accuracy: 0.4421
98/98 [==============================] - 12s 84ms/step - loss: 1.5833 - accuracy: 0.4421 - val_loss: 2.0836 - val_accuracy: 0.4050
Epoch 2/109

 1/98 [..............................] - ETA: 9s - loss: 1.3138 - accuracy: 0.5586
 2/98 [..............................] - ETA: 7s - loss: 1.3323 - accuracy: 0.5498
 3/98 [..............................] - ETA: 6s - loss: 1.3094 - accuracy: 0.5527
 4/98 [>.............................] - ETA: 6s - loss: 1.3045 - accuracy: 0.5566
 5/98 [>.............................] - ETA: 6s - loss: 1.2951 - accuracy: 0.5609
 6/98 [>.............................] - ETA: 6s - loss: 1.2878 - accuracy: 0.5609
 7/98 [=>............................] - ETA: 6s - loss: 1.2819 - accuracy: 0.5617
 8/98 [=>............................] - ETA: 6s - loss: 1.2844 - accuracy: 0.5603
 9/98 [=>............................] - ETA: 6s - loss: 1.2875 - accuracy: 0.5592
10/98 [==>...........................] - ETA: 6s - loss: 1.2916 - accuracy: 0.5572
11/98 [==>...........................] - ETA: 5s - loss: 1.2938 - accuracy: 0.5561
12/98 [==>...........................] - ETA: 5s - loss: 1.2949 - accuracy: 0.5526
13/98 [==>...........................] - ETA: 5s - loss: 1.2887 - accuracy: 0.5550
14/98 [===>..........................] - ETA: 5s - loss: 1.2913 - accuracy: 0.5519
15/98 [===>..........................] - ETA: 5s - loss: 1.2905 - accuracy: 0.5513
16/98 [===>..........................] - ETA: 5s - loss: 1.2923 - accuracy: 0.5509
17/98 [====>.........................] - ETA: 5s - loss: 1.2928 - accuracy: 0.5508
18/98 [====>.........................] - ETA: 5s - loss: 1.2900 - accuracy: 0.5528
19/98 [====>.........................] - ETA: 5s - loss: 1.2911 - accuracy: 0.5527
20/98 [=====>........................] - ETA: 5s - loss: 1.2933 - accuracy: 0.5517
21/98 [=====>........................] - ETA: 5s - loss: 1.2905 - accuracy: 0.5532
22/98 [=====>........................] - ETA: 5s - loss: 1.2899 - accuracy: 0.5542
23/98 [======>.......................] - ETA: 5s - loss: 1.2880 - accuracy: 0.5542
24/98 [======>.......................] - ETA: 5s - loss: 1.2842 - accuracy: 0.5561
25/98 [======>.......................] - ETA: 5s - loss: 1.2812 - accuracy: 0.5573
26/98 [======>.......................] - ETA: 4s - loss: 1.2786 - accuracy: 0.5581
27/98 [=======>......................] - ETA: 4s - loss: 1.2773 - accuracy: 0.5589
28/98 [=======>......................] - ETA: 4s - loss: 1.2741 - accuracy: 0.5602
29/98 [=======>......................] - ETA: 4s - loss: 1.2758 - accuracy: 0.5594
30/98 [========>.....................] - ETA: 4s - loss: 1.2730 - accuracy: 0.5602
31/98 [========>.....................] - ETA: 4s - loss: 1.2715 - accuracy: 0.5608
32/98 [========>.....................] - ETA: 4s - loss: 1.2698 - accuracy: 0.5607
33/98 [=========>....................] - ETA: 4s - loss: 1.2674 - accuracy: 0.5613
34/98 [=========>....................] - ETA: 4s - loss: 1.2664 - accuracy: 0.5612
35/98 [=========>....................] - ETA: 4s - loss: 1.2660 - accuracy: 0.5615
36/98 [==========>...................] - ETA: 4s - loss: 1.2633 - accuracy: 0.5629
37/98 [==========>...................] - ETA: 4s - loss: 1.2622 - accuracy: 0.5639
38/98 [==========>...................] - ETA: 4s - loss: 1.2594 - accuracy: 0.5654
39/98 [==========>...................] - ETA: 4s - loss: 1.2569 - accuracy: 0.5661
40/98 [===========>..................] - ETA: 4s - loss: 1.2532 - accuracy: 0.5677
41/98 [===========>..................] - ETA: 3s - loss: 1.2533 - accuracy: 0.5672
42/98 [===========>..................] - ETA: 3s - loss: 1.2532 - accuracy: 0.5672
43/98 [============>.................] - ETA: 3s - loss: 1.2515 - accuracy: 0.5674
44/98 [============>.................] - ETA: 3s - loss: 1.2514 - accuracy: 0.5676
45/98 [============>.................] - ETA: 3s - loss: 1.2500 - accuracy: 0.5677
47/98 [=============>................] - ETA: 3s - loss: 1.2506 - accuracy: 0.5671
48/98 [=============>................] - ETA: 3s - loss: 1.2504 - accuracy: 0.5673
49/98 [==============>...............] - ETA: 3s - loss: 1.2500 - accuracy: 0.5671
50/98 [==============>...............] - ETA: 3s - loss: 1.2490 - accuracy: 0.5677
51/98 [==============>...............] - ETA: 3s - loss: 1.2480 - accuracy: 0.5680
52/98 [==============>...............] - ETA: 3s - loss: 1.2473 - accuracy: 0.5678
53/98 [===============>..............] - ETA: 3s - loss: 1.2460 - accuracy: 0.5680
54/98 [===============>..............] - ETA: 3s - loss: 1.2455 - accuracy: 0.5681
56/98 [================>.............] - ETA: 2s - loss: 1.2433 - accuracy: 0.5692
58/98 [================>.............] - ETA: 2s - loss: 1.2401 - accuracy: 0.5704
60/98 [=================>............] - ETA: 2s - loss: 1.2371 - accuracy: 0.5712
62/98 [=================>............] - ETA: 2s - loss: 1.2345 - accuracy: 0.5719
64/98 [==================>...........] - ETA: 2s - loss: 1.2323 - accuracy: 0.5726
65/98 [==================>...........] - ETA: 2s - loss: 1.2322 - accuracy: 0.5726
67/98 [===================>..........] - ETA: 2s - loss: 1.2318 - accuracy: 0.5726
69/98 [====================>.........] - ETA: 1s - loss: 1.2301 - accuracy: 0.5732
71/98 [====================>.........] - ETA: 1s - loss: 1.2280 - accuracy: 0.5740
73/98 [=====================>........] - ETA: 1s - loss: 1.2267 - accuracy: 0.5745
75/98 [=====================>........] - ETA: 1s - loss: 1.2259 - accuracy: 0.5747
76/98 [======================>.......] - ETA: 1s - loss: 1.2253 - accuracy: 0.5747
77/98 [======================>.......] - ETA: 1s - loss: 1.2253 - accuracy: 0.5747
78/98 [======================>.......] - ETA: 1s - loss: 1.2244 - accuracy: 0.5749
79/98 [=======================>......] - ETA: 1s - loss: 1.2235 - accuracy: 0.5751
80/98 [=======================>......] - ETA: 1s - loss: 1.2233 - accuracy: 0.5751
81/98 [=======================>......] - ETA: 1s - loss: 1.2215 - accuracy: 0.5755
82/98 [========================>.....] - ETA: 1s - loss: 1.2208 - accuracy: 0.5758
83/98 [========================>.....] - ETA: 0s - loss: 1.2209 - accuracy: 0.5759
84/98 [========================>.....] - ETA: 0s - loss: 1.2202 - accuracy: 0.5760
85/98 [=========================>....] - ETA: 0s - loss: 1.2187 - accuracy: 0.5768
86/98 [=========================>....] - ETA: 0s - loss: 1.2184 - accuracy: 0.5769
87/98 [=========================>....] - ETA: 0s - loss: 1.2168 - accuracy: 0.5777
88/98 [=========================>....] - ETA: 0s - loss: 1.2161 - accuracy: 0.5779
89/98 [==========================>...] - ETA: 0s - loss: 1.2151 - accuracy: 0.5778
90/98 [==========================>...] - ETA: 0s - loss: 1.2151 - accuracy: 0.5777
91/98 [==========================>...] - ETA: 0s - loss: 1.2137 - accuracy: 0.5780
92/98 [===========================>..] - ETA: 0s - loss: 1.2127 - accuracy: 0.5784
93/98 [===========================>..] - ETA: 0s - loss: 1.2120 - accuracy: 0.5787
94/98 [===========================>..] - ETA: 0s - loss: 1.2101 - accuracy: 0.5794
95/98 [============================>.] - ETA: 0s - loss: 1.2092 - accuracy: 0.5797
96/98 [============================>.] - ETA: 0s - loss: 1.2087 - accuracy: 0.5796
97/98 [============================>.] - ETA: 0s - loss: 1.2082 - accuracy: 0.5800
98/98 [==============================] - ETA: 0s - loss: 1.2076 - accuracy: 0.5803
98/98 [==============================] - 7s 74ms/step - loss: 1.2076 - accuracy: 0.5803 - val_loss: 1.8574 - val_accuracy: 0.4733
Epoch 3/109

 1/98 [..............................] - ETA: 9s - loss: 1.0473 - accuracy: 0.6719
 2/98 [..............................] - ETA: 6s - loss: 1.1080 - accuracy: 0.6348
 3/98 [..............................] - ETA: 5s - loss: 1.0966 - accuracy: 0.6172
 4/98 [>.............................] - ETA: 6s - loss: 1.1076 - accuracy: 0.6133
 5/98 [>.............................] - ETA: 6s - loss: 1.1034 - accuracy: 0.6184
 6/98 [>.............................] - ETA: 6s - loss: 1.1035 - accuracy: 0.6198
 7/98 [=>............................] - ETA: 6s - loss: 1.0959 - accuracy: 0.6197
 8/98 [=>............................] - ETA: 6s - loss: 1.0994 - accuracy: 0.6179
 9/98 [=>............................] - ETA: 6s - loss: 1.1015 - accuracy: 0.6194
10/98 [==>...........................] - ETA: 6s - loss: 1.0961 - accuracy: 0.6219
11/98 [==>...........................] - ETA: 5s - loss: 1.0898 - accuracy: 0.6229
13/98 [==>...........................] - ETA: 5s - loss: 1.0902 - accuracy: 0.6205
15/98 [===>..........................] - ETA: 5s - loss: 1.0923 - accuracy: 0.6190
17/98 [====>.........................] - ETA: 4s - loss: 1.0947 - accuracy: 0.6188
19/98 [====>.........................] - ETA: 4s - loss: 1.0919 - accuracy: 0.6218
20/98 [=====>........................] - ETA: 4s - loss: 1.0918 - accuracy: 0.6231
22/98 [=====>........................] - ETA: 4s - loss: 1.0862 - accuracy: 0.6266
24/98 [======>.......................] - ETA: 4s - loss: 1.0837 - accuracy: 0.6279
26/98 [======>.......................] - ETA: 4s - loss: 1.0792 - accuracy: 0.6303
28/98 [=======>......................] - ETA: 4s - loss: 1.0774 - accuracy: 0.6293
30/98 [========>.....................] - ETA: 3s - loss: 1.0770 - accuracy: 0.6297
32/98 [========>.....................] - ETA: 3s - loss: 1.0790 - accuracy: 0.6291
33/98 [=========>....................] - ETA: 3s - loss: 1.0785 - accuracy: 0.6293
34/98 [=========>....................] - ETA: 3s - loss: 1.0773 - accuracy: 0.6293
35/98 [=========>....................] - ETA: 3s - loss: 1.0763 - accuracy: 0.6296
36/98 [==========>...................] - ETA: 3s - loss: 1.0749 - accuracy: 0.6294
37/98 [==========>...................] - ETA: 3s - loss: 1.0736 - accuracy: 0.6298
38/98 [==========>...................] - ETA: 3s - loss: 1.0742 - accuracy: 0.6297
39/98 [==========>...................] - ETA: 3s - loss: 1.0748 - accuracy: 0.6289
40/98 [===========>..................] - ETA: 3s - loss: 1.0756 - accuracy: 0.6282
41/98 [===========>..................] - ETA: 3s - loss: 1.0749 - accuracy: 0.6280
42/98 [===========>..................] - ETA: 3s - loss: 1.0738 - accuracy: 0.6284
43/98 [============>.................] - ETA: 3s - loss: 1.0728 - accuracy: 0.6289
44/98 [============>.................] - ETA: 3s - loss: 1.0714 - accuracy: 0.6294
45/98 [============>.................] - ETA: 3s - loss: 1.0728 - accuracy: 0.6289
46/98 [=============>................] - ETA: 3s - loss: 1.0724 - accuracy: 0.6287
47/98 [=============>................] - ETA: 3s - loss: 1.0720 - accuracy: 0.6288
48/98 [=============>................] - ETA: 3s - loss: 1.0716 - accuracy: 0.6291
49/98 [==============>...............] - ETA: 2s - loss: 1.0719 - accuracy: 0.6291
50/98 [==============>...............] - ETA: 2s - loss: 1.0713 - accuracy: 0.6291
52/98 [==============>...............] - ETA: 2s - loss: 1.0708 - accuracy: 0.6294
53/98 [===============>..............] - ETA: 2s - loss: 1.0706 - accuracy: 0.6294
54/98 [===============>..............] - ETA: 2s - loss: 1.0707 - accuracy: 0.6295
55/98 [===============>..............] - ETA: 2s - loss: 1.0716 - accuracy: 0.6296
56/98 [================>.............] - ETA: 2s - loss: 1.0722 - accuracy: 0.6295
57/98 [================>.............] - ETA: 2s - loss: 1.0731 - accuracy: 0.6293
58/98 [================>.............] - ETA: 2s - loss: 1.0706 - accuracy: 0.6303
59/98 [=================>............] - ETA: 2s - loss: 1.0712 - accuracy: 0.6302
60/98 [=================>............] - ETA: 2s - loss: 1.0714 - accuracy: 0.6300
61/98 [=================>............] - ETA: 2s - loss: 1.0706 - accuracy: 0.6303
62/98 [=================>............] - ETA: 2s - loss: 1.0700 - accuracy: 0.6305
63/98 [==================>...........] - ETA: 2s - loss: 1.0697 - accuracy: 0.6306
64/98 [==================>...........] - ETA: 2s - loss: 1.0690 - accuracy: 0.6309
65/98 [==================>...........] - ETA: 2s - loss: 1.0686 - accuracy: 0.6313
66/98 [===================>..........] - ETA: 2s - loss: 1.0681 - accuracy: 0.6309
67/98 [===================>..........] - ETA: 1s - loss: 1.0677 - accuracy: 0.6312
68/98 [===================>..........] - ETA: 1s - loss: 1.0668 - accuracy: 0.6316
69/98 [====================>.........] - ETA: 1s - loss: 1.0659 - accuracy: 0.6321
70/98 [====================>.........] - ETA: 1s - loss: 1.0650 - accuracy: 0.6325
71/98 [====================>.........] - ETA: 1s - loss: 1.0648 - accuracy: 0.6327
72/98 [=====================>........] - ETA: 1s - loss: 1.0647 - accuracy: 0.6328
73/98 [=====================>........] - ETA: 1s - loss: 1.0654 - accuracy: 0.6323
74/98 [=====================>........] - ETA: 1s - loss: 1.0648 - accuracy: 0.6323
75/98 [=====================>........] - ETA: 1s - loss: 1.0654 - accuracy: 0.6322
76/98 [======================>.......] - ETA: 1s - loss: 1.0657 - accuracy: 0.6320
77/98 [======================>.......] - ETA: 1s - loss: 1.0647 - accuracy: 0.6324
78/98 [======================>.......] - ETA: 1s - loss: 1.0645 - accuracy: 0.6327
79/98 [=======================>......] - ETA: 1s - loss: 1.0643 - accuracy: 0.6330
80/98 [=======================>......] - ETA: 1s - loss: 1.0636 - accuracy: 0.6329
81/98 [=======================>......] - ETA: 1s - loss: 1.0634 - accuracy: 0.6333
82/98 [========================>.....] - ETA: 1s - loss: 1.0625 - accuracy: 0.6336
83/98 [========================>.....] - ETA: 0s - loss: 1.0620 - accuracy: 0.6340
84/98 [========================>.....] - ETA: 0s - loss: 1.0621 - accuracy: 0.6340
85/98 [=========================>....] - ETA: 0s - loss: 1.0617 - accuracy: 0.6340
86/98 [=========================>....] - ETA: 0s - loss: 1.0613 - accuracy: 0.6341
87/98 [=========================>....] - ETA: 0s - loss: 1.0605 - accuracy: 0.6343
89/98 [==========================>...] - ETA: 0s - loss: 1.0605 - accuracy: 0.6343
91/98 [==========================>...] - ETA: 0s - loss: 1.0595 - accuracy: 0.6348
92/98 [===========================>..] - ETA: 0s - loss: 1.0590 - accuracy: 0.6351
94/98 [===========================>..] - ETA: 0s - loss: 1.0568 - accuracy: 0.6358
96/98 [============================>.] - ETA: 0s - loss: 1.0563 - accuracy: 0.6360
98/98 [==============================] - ETA: 0s - loss: 1.0560 - accuracy: 0.6360
98/98 [==============================] - 7s 71ms/step - loss: 1.0560 - accuracy: 0.6360 - val_loss: 1.5963 - val_accuracy: 0.5492
Epoch 4/109

 1/98 [..............................] - ETA: 9s - loss: 1.0142 - accuracy: 0.6602
 2/98 [..............................] - ETA: 5s - loss: 1.0050 - accuracy: 0.6621
 3/98 [..............................] - ETA: 6s - loss: 1.0016 - accuracy: 0.6628
 4/98 [>.............................] - ETA: 6s - loss: 0.9802 - accuracy: 0.6641
 5/98 [>.............................] - ETA: 6s - loss: 0.9741 - accuracy: 0.6621
 6/98 [>.............................] - ETA: 6s - loss: 0.9786 - accuracy: 0.6611
 7/98 [=>............................] - ETA: 6s - loss: 0.9800 - accuracy: 0.6610
 8/98 [=>............................] - ETA: 6s - loss: 0.9720 - accuracy: 0.6614
 9/98 [=>............................] - ETA: 6s - loss: 0.9777 - accuracy: 0.6628
10/98 [==>...........................] - ETA: 6s - loss: 0.9850 - accuracy: 0.6621
11/98 [==>...........................] - ETA: 5s - loss: 0.9798 - accuracy: 0.6639
12/98 [==>...........................] - ETA: 5s - loss: 0.9756 - accuracy: 0.6652
13/98 [==>...........................] - ETA: 5s - loss: 0.9735 - accuracy: 0.6647
14/98 [===>..........................] - ETA: 5s - loss: 0.9769 - accuracy: 0.6639
15/98 [===>..........................] - ETA: 5s - loss: 0.9734 - accuracy: 0.6660
16/98 [===>..........................] - ETA: 5s - loss: 0.9715 - accuracy: 0.6675
17/98 [====>.........................] - ETA: 5s - loss: 0.9715 - accuracy: 0.6677
18/98 [====>.........................] - ETA: 5s - loss: 0.9757 - accuracy: 0.6673
19/98 [====>.........................] - ETA: 5s - loss: 0.9726 - accuracy: 0.6687
20/98 [=====>........................] - ETA: 5s - loss: 0.9725 - accuracy: 0.6674
21/98 [=====>........................] - ETA: 5s - loss: 0.9724 - accuracy: 0.6671
22/98 [=====>........................] - ETA: 5s - loss: 0.9672 - accuracy: 0.6686
23/98 [======>.......................] - ETA: 5s - loss: 0.9695 - accuracy: 0.6679
24/98 [======>.......................] - ETA: 5s - loss: 0.9699 - accuracy: 0.6688
25/98 [======>.......................] - ETA: 5s - loss: 0.9700 - accuracy: 0.6684
26/98 [======>.......................] - ETA: 4s - loss: 0.9675 - accuracy: 0.6688
27/98 [=======>......................] - ETA: 4s - loss: 0.9661 - accuracy: 0.6688
28/98 [=======>......................] - ETA: 4s - loss: 0.9640 - accuracy: 0.6690
29/98 [=======>......................] - ETA: 4s - loss: 0.9636 - accuracy: 0.6695
30/98 [========>.....................] - ETA: 4s - loss: 0.9639 - accuracy: 0.6693
31/98 [========>.....................] - ETA: 4s - loss: 0.9643 - accuracy: 0.6695
32/98 [========>.....................] - ETA: 4s - loss: 0.9657 - accuracy: 0.6686
33/98 [=========>....................] - ETA: 4s - loss: 0.9639 - accuracy: 0.6693
34/98 [=========>....................] - ETA: 4s - loss: 0.9646 - accuracy: 0.6693
35/98 [=========>....................] - ETA: 4s - loss: 0.9655 - accuracy: 0.6691
36/98 [==========>...................] - ETA: 4s - loss: 0.9676 - accuracy: 0.6683
37/98 [==========>...................] - ETA: 4s - loss: 0.9658 - accuracy: 0.6689
38/98 [==========>...................] - ETA: 4s - loss: 0.9663 - accuracy: 0.6687
39/98 [==========>...................] - ETA: 4s - loss: 0.9674 - accuracy: 0.6682
40/98 [===========>..................] - ETA: 4s - loss: 0.9686 - accuracy: 0.6678
41/98 [===========>..................] - ETA: 3s - loss: 0.9679 - accuracy: 0.6680
42/98 [===========>..................] - ETA: 3s - loss: 0.9664 - accuracy: 0.6691
43/98 [============>.................] - ETA: 3s - loss: 0.9651 - accuracy: 0.6696
45/98 [============>.................] - ETA: 3s - loss: 0.9642 - accuracy: 0.6697
47/98 [=============>................] - ETA: 3s - loss: 0.9645 - accuracy: 0.6694
48/98 [=============>................] - ETA: 3s - loss: 0.9631 - accuracy: 0.6701
50/98 [==============>...............] - ETA: 3s - loss: 0.9630 - accuracy: 0.6703
52/98 [==============>...............] - ETA: 3s - loss: 0.9628 - accuracy: 0.6699
53/98 [===============>..............] - ETA: 2s - loss: 0.9623 - accuracy: 0.6704
55/98 [===============>..............] - ETA: 2s - loss: 0.9625 - accuracy: 0.6700
57/98 [================>.............] - ETA: 2s - loss: 0.9610 - accuracy: 0.6700
59/98 [=================>............] - ETA: 2s - loss: 0.9591 - accuracy: 0.6710
61/98 [=================>............] - ETA: 2s - loss: 0.9578 - accuracy: 0.6714
63/98 [==================>...........] - ETA: 2s - loss: 0.9569 - accuracy: 0.6716
65/98 [==================>...........] - ETA: 2s - loss: 0.9577 - accuracy: 0.6711
66/98 [===================>..........] - ETA: 2s - loss: 0.9577 - accuracy: 0.6710
67/98 [===================>..........] - ETA: 1s - loss: 0.9567 - accuracy: 0.6711
68/98 [===================>..........] - ETA: 1s - loss: 0.9558 - accuracy: 0.6719
69/98 [====================>.........] - ETA: 1s - loss: 0.9563 - accuracy: 0.6718
70/98 [====================>.........] - ETA: 1s - loss: 0.9562 - accuracy: 0.6719
71/98 [====================>.........] - ETA: 1s - loss: 0.9564 - accuracy: 0.6722
72/98 [=====================>........] - ETA: 1s - loss: 0.9569 - accuracy: 0.6720
73/98 [=====================>........] - ETA: 1s - loss: 0.9570 - accuracy: 0.6716
74/98 [=====================>........] - ETA: 1s - loss: 0.9557 - accuracy: 0.6721
75/98 [=====================>........] - ETA: 1s - loss: 0.9556 - accuracy: 0.6722
76/98 [======================>.......] - ETA: 1s - loss: 0.9543 - accuracy: 0.6726
77/98 [======================>.......] - ETA: 1s - loss: 0.9528 - accuracy: 0.6732
78/98 [======================>.......] - ETA: 1s - loss: 0.9522 - accuracy: 0.6733
79/98 [=======================>......] - ETA: 1s - loss: 0.9515 - accuracy: 0.6734
80/98 [=======================>......] - ETA: 1s - loss: 0.9510 - accuracy: 0.6733
81/98 [=======================>......] - ETA: 1s - loss: 0.9517 - accuracy: 0.6728
82/98 [========================>.....] - ETA: 1s - loss: 0.9529 - accuracy: 0.6721
83/98 [========================>.....] - ETA: 0s - loss: 0.9529 - accuracy: 0.6719
84/98 [========================>.....] - ETA: 0s - loss: 0.9541 - accuracy: 0.6715
85/98 [=========================>....] - ETA: 0s - loss: 0.9535 - accuracy: 0.6715
86/98 [=========================>....] - ETA: 0s - loss: 0.9538 - accuracy: 0.6713
87/98 [=========================>....] - ETA: 0s - loss: 0.9547 - accuracy: 0.6712
88/98 [=========================>....] - ETA: 0s - loss: 0.9547 - accuracy: 0.6715
89/98 [==========================>...] - ETA: 0s - loss: 0.9546 - accuracy: 0.6716
90/98 [==========================>...] - ETA: 0s - loss: 0.9546 - accuracy: 0.6714
91/98 [==========================>...] - ETA: 0s - loss: 0.9550 - accuracy: 0.6711
92/98 [===========================>..] - ETA: 0s - loss: 0.9550 - accuracy: 0.6711
93/98 [===========================>..] - ETA: 0s - loss: 0.9550 - accuracy: 0.6711
94/98 [===========================>..] - ETA: 0s - loss: 0.9550 - accuracy: 0.6712
95/98 [============================>.] - ETA: 0s - loss: 0.9545 - accuracy: 0.6714
96/98 [============================>.] - ETA: 0s - loss: 0.9544 - accuracy: 0.6714
97/98 [============================>.] - ETA: 0s - loss: 0.9549 - accuracy: 0.6712
98/98 [==============================] - ETA: 0s - loss: 0.9548 - accuracy: 0.6712
98/98 [==============================] - 7s 74ms/step - loss: 0.9548 - accuracy: 0.6712 - val_loss: 1.3246 - val_accuracy: 0.6068
Epoch 5/109

 1/98 [..............................] - ETA: 7s - loss: 0.8939 - accuracy: 0.6992
 3/98 [..............................] - ETA: 5s - loss: 0.8635 - accuracy: 0.7064
 5/98 [>.............................] - ETA: 4s - loss: 0.8745 - accuracy: 0.7004
 7/98 [=>............................] - ETA: 4s - loss: 0.8780 - accuracy: 0.6981
 9/98 [=>............................] - ETA: 4s - loss: 0.8693 - accuracy: 0.7031
11/98 [==>...........................] - ETA: 4s - loss: 0.8800 - accuracy: 0.7012
13/98 [==>...........................] - ETA: 4s - loss: 0.8803 - accuracy: 0.7000
15/98 [===>..........................] - ETA: 4s - loss: 0.8803 - accuracy: 0.7007
17/98 [====>.........................] - ETA: 4s - loss: 0.8799 - accuracy: 0.7026
19/98 [====>.........................] - ETA: 4s - loss: 0.8820 - accuracy: 0.7008
21/98 [=====>........................] - ETA: 3s - loss: 0.8839 - accuracy: 0.7005
23/98 [======>.......................] - ETA: 3s - loss: 0.8811 - accuracy: 0.7004
24/98 [======>.......................] - ETA: 3s - loss: 0.8812 - accuracy: 0.7000
25/98 [======>.......................] - ETA: 3s - loss: 0.8849 - accuracy: 0.6990
26/98 [======>.......................] - ETA: 3s - loss: 0.8847 - accuracy: 0.6995
27/98 [=======>......................] - ETA: 3s - loss: 0.8849 - accuracy: 0.6996
28/98 [=======>......................] - ETA: 3s - loss: 0.8882 - accuracy: 0.6981
29/98 [=======>......................] - ETA: 3s - loss: 0.8875 - accuracy: 0.6983
30/98 [========>.....................] - ETA: 3s - loss: 0.8859 - accuracy: 0.6983
31/98 [========>.....................] - ETA: 3s - loss: 0.8870 - accuracy: 0.6976
32/98 [========>.....................] - ETA: 3s - loss: 0.8876 - accuracy: 0.6970
33/98 [=========>....................] - ETA: 3s - loss: 0.8876 - accuracy: 0.6964
34/98 [=========>....................] - ETA: 3s - loss: 0.8891 - accuracy: 0.6953
35/98 [=========>....................] - ETA: 3s - loss: 0.8872 - accuracy: 0.6958
36/98 [==========>...................] - ETA: 3s - loss: 0.8856 - accuracy: 0.6968
37/98 [==========>...................] - ETA: 3s - loss: 0.8848 - accuracy: 0.6971
38/98 [==========>...................] - ETA: 3s - loss: 0.8844 - accuracy: 0.6969
39/98 [==========>...................] - ETA: 3s - loss: 0.8829 - accuracy: 0.6974
40/98 [===========>..................] - ETA: 3s - loss: 0.8830 - accuracy: 0.6974
41/98 [===========>..................] - ETA: 3s - loss: 0.8830 - accuracy: 0.6974
42/98 [===========>..................] - ETA: 3s - loss: 0.8833 - accuracy: 0.6973
43/98 [============>.................] - ETA: 3s - loss: 0.8809 - accuracy: 0.6985
44/98 [============>.................] - ETA: 3s - loss: 0.8816 - accuracy: 0.6980
45/98 [============>.................] - ETA: 3s - loss: 0.8832 - accuracy: 0.6972
46/98 [=============>................] - ETA: 3s - loss: 0.8845 - accuracy: 0.6964
47/98 [=============>................] - ETA: 3s - loss: 0.8836 - accuracy: 0.6970
48/98 [=============>................] - ETA: 3s - loss: 0.8853 - accuracy: 0.6960
49/98 [==============>...............] - ETA: 2s - loss: 0.8864 - accuracy: 0.6954
50/98 [==============>...............] - ETA: 2s - loss: 0.8870 - accuracy: 0.6951
51/98 [==============>...............] - ETA: 2s - loss: 0.8878 - accuracy: 0.6952
52/98 [==============>...............] - ETA: 2s - loss: 0.8864 - accuracy: 0.6956
53/98 [===============>..............] - ETA: 2s - loss: 0.8861 - accuracy: 0.6957
54/98 [===============>..............] - ETA: 2s - loss: 0.8862 - accuracy: 0.6954
55/98 [===============>..............] - ETA: 2s - loss: 0.8865 - accuracy: 0.6954
56/98 [================>.............] - ETA: 2s - loss: 0.8881 - accuracy: 0.6948
57/98 [================>.............] - ETA: 2s - loss: 0.8886 - accuracy: 0.6942
58/98 [================>.............] - ETA: 2s - loss: 0.8876 - accuracy: 0.6947
59/98 [=================>............] - ETA: 2s - loss: 0.8865 - accuracy: 0.6955
60/98 [=================>............] - ETA: 2s - loss: 0.8866 - accuracy: 0.6956
61/98 [=================>............] - ETA: 2s - loss: 0.8891 - accuracy: 0.6945
62/98 [=================>............] - ETA: 2s - loss: 0.8901 - accuracy: 0.6942
63/98 [==================>...........] - ETA: 2s - loss: 0.8903 - accuracy: 0.6944
64/98 [==================>...........] - ETA: 2s - loss: 0.8897 - accuracy: 0.6943
65/98 [==================>...........] - ETA: 2s - loss: 0.8901 - accuracy: 0.6941
66/98 [===================>..........] - ETA: 2s - loss: 0.8899 - accuracy: 0.6945
67/98 [===================>..........] - ETA: 1s - loss: 0.8894 - accuracy: 0.6945
68/98 [===================>..........] - ETA: 1s - loss: 0.8892 - accuracy: 0.6945
69/98 [====================>.........] - ETA: 1s - loss: 0.8893 - accuracy: 0.6945
70/98 [====================>.........] - ETA: 1s - loss: 0.8899 - accuracy: 0.6941
71/98 [====================>.........] - ETA: 1s - loss: 0.8895 - accuracy: 0.6945
72/98 [=====================>........] - ETA: 1s - loss: 0.8886 - accuracy: 0.6950
73/98 [=====================>........] - ETA: 1s - loss: 0.8883 - accuracy: 0.6954
74/98 [=====================>........] - ETA: 1s - loss: 0.8883 - accuracy: 0.6953
75/98 [=====================>........] - ETA: 1s - loss: 0.8881 - accuracy: 0.6955
76/98 [======================>.......] - ETA: 1s - loss: 0.8875 - accuracy: 0.6957
77/98 [======================>.......] - ETA: 1s - loss: 0.8874 - accuracy: 0.6958
78/98 [======================>.......] - ETA: 1s - loss: 0.8873 - accuracy: 0.6957
80/98 [=======================>......] - ETA: 1s - loss: 0.8866 - accuracy: 0.6960
82/98 [========================>.....] - ETA: 1s - loss: 0.8853 - accuracy: 0.6966
84/98 [========================>.....] - ETA: 0s - loss: 0.8847 - accuracy: 0.6966
86/98 [=========================>....] - ETA: 0s - loss: 0.8846 - accuracy: 0.6965
88/98 [=========================>....] - ETA: 0s - loss: 0.8846 - accuracy: 0.6963
89/98 [==========================>...] - ETA: 0s - loss: 0.8843 - accuracy: 0.6966
91/98 [==========================>...] - ETA: 0s - loss: 0.8847 - accuracy: 0.6962
93/98 [===========================>..] - ETA: 0s - loss: 0.8849 - accuracy: 0.6963
95/98 [============================>.] - ETA: 0s - loss: 0.8852 - accuracy: 0.6963
97/98 [============================>.] - ETA: 0s - loss: 0.8859 - accuracy: 0.6958
98/98 [==============================] - 7s 70ms/step - loss: 0.8861 - accuracy: 0.6956 - val_loss: 1.1289 - val_accuracy: 0.6296
Epoch 6/109

 1/98 [..............................] - ETA: 9s - loss: 0.8279 - accuracy: 0.7148
 2/98 [..............................] - ETA: 6s - loss: 0.8137 - accuracy: 0.7334
 3/98 [..............................] - ETA: 5s - loss: 0.8176 - accuracy: 0.7292
 4/98 [>.............................] - ETA: 6s - loss: 0.8325 - accuracy: 0.7168
 5/98 [>.............................] - ETA: 6s - loss: 0.8434 - accuracy: 0.7090
 6/98 [>.............................] - ETA: 6s - loss: 0.8465 - accuracy: 0.7070
 7/98 [=>............................] - ETA: 6s - loss: 0.8492 - accuracy: 0.7073
 8/98 [=>............................] - ETA: 6s - loss: 0.8502 - accuracy: 0.7053
 9/98 [=>............................] - ETA: 6s - loss: 0.8509 - accuracy: 0.7046
10/98 [==>...........................] - ETA: 5s - loss: 0.8528 - accuracy: 0.7045
11/98 [==>...........................] - ETA: 5s - loss: 0.8506 - accuracy: 0.7088
12/98 [==>...........................] - ETA: 5s - loss: 0.8488 - accuracy: 0.7113
13/98 [==>...........................] - ETA: 5s - loss: 0.8481 - accuracy: 0.7126
14/98 [===>..........................] - ETA: 5s - loss: 0.8480 - accuracy: 0.7129
15/98 [===>..........................] - ETA: 5s - loss: 0.8466 - accuracy: 0.7121
16/98 [===>..........................] - ETA: 5s - loss: 0.8454 - accuracy: 0.7131
17/98 [====>.........................] - ETA: 5s - loss: 0.8421 - accuracy: 0.7123
18/98 [====>.........................] - ETA: 5s - loss: 0.8419 - accuracy: 0.7125
19/98 [====>.........................] - ETA: 5s - loss: 0.8386 - accuracy: 0.7144
20/98 [=====>........................] - ETA: 5s - loss: 0.8384 - accuracy: 0.7138
