2024-06-26 18:02:19.593561: I tensorflow/core/platform/cpu_feature_guard.cc:193] This TensorFlow binary is optimized with oneAPI Deep Neural Network Library (oneDNN) to use the following CPU instructions in performance-critical operations:  AVX AVX2
To enable them in other operations, rebuild TensorFlow with the appropriate compiler flags.
2024-06-26 18:02:20.294502: I tensorflow/core/common_runtime/gpu/gpu_device.cc:1616] Created device /job:localhost/replica:0/task:0/device:GPU:0 with 6656 MB memory:  -> device: 0, name: NVIDIA GeForce RTX 4060 Ti, pci bus id: 0000:01:00.0, compute capability: 8.9
1 Physical GPUs, 1 Logical GPUs
Model: "sequential"
_________________________________________________________________
 Layer (type)                Output Shape              Param #   
=================================================================
 conv2d (Conv2D)             (None, 32, 32, 32)        896       
                                                                 
 max_pooling2d (MaxPooling2D  (None, 16, 16, 32)       0         
 )                                                               
                                                                 
 batch_normalization (BatchN  (None, 16, 16, 32)       128       
 ormalization)                                                   
                                                                 
 conv2d_1 (Conv2D)           (None, 16, 16, 256)       205056    
                                                                 
 dropout (Dropout)           (None, 16, 16, 256)       0         
                                                                 
 flatten (Flatten)           (None, 65536)             0         
                                                                 
 dense (Dense)               (None, 10)                655370    
                                                                 
=================================================================
Total params: 861,450
Trainable params: 861,386
Non-trainable params: 64
_________________________________________________________________
Taxa de aprendizado:  0.0001 Num de épocas:  109 Tamanho do lote:  512 Dropout:  0.26488
Epoch 1/109
2024-06-26 18:02:21.827820: I tensorflow/stream_executor/cuda/cuda_dnn.cc:384] Loaded cuDNN version 8100
2024-06-26 18:02:22.945815: W tensorflow/stream_executor/gpu/redzone_allocator.cc:314] INTERNAL: ptxas exited with non-zero error code -1, output: 
Relying on driver to perform ptx compilation. 
Modify $PATH to customize ptxas location.
This message will be only logged once.
2024-06-26 18:02:24.401633: I tensorflow/stream_executor/cuda/cuda_blas.cc:1614] TensorFloat-32 will be used for the matrix multiplication. This will only be logged once.

 1/98 [..............................] - ETA: 8:06 - loss: 2.3876 - accuracy: 0.0879
 3/98 [..............................] - ETA: 5s - loss: 2.2864 - accuracy: 0.1367  
 5/98 [>.............................] - ETA: 4s - loss: 2.1945 - accuracy: 0.1863
 6/98 [>.............................] - ETA: 4s - loss: 2.1701 - accuracy: 0.2054
 8/98 [=>............................] - ETA: 4s - loss: 2.1148 - accuracy: 0.2307
 9/98 [=>............................] - ETA: 4s - loss: 2.0879 - accuracy: 0.2405
10/98 [==>...........................] - ETA: 4s - loss: 2.0734 - accuracy: 0.2457
11/98 [==>...........................] - ETA: 4s - loss: 2.0550 - accuracy: 0.2537
12/98 [==>...........................] - ETA: 5s - loss: 2.0364 - accuracy: 0.2642
13/98 [==>...........................] - ETA: 5s - loss: 2.0242 - accuracy: 0.2706
14/98 [===>..........................] - ETA: 5s - loss: 2.0065 - accuracy: 0.2787
15/98 [===>..........................] - ETA: 5s - loss: 1.9924 - accuracy: 0.2845
16/98 [===>..........................] - ETA: 5s - loss: 1.9797 - accuracy: 0.2889
17/98 [====>.........................] - ETA: 5s - loss: 1.9702 - accuracy: 0.2919
18/98 [====>.........................] - ETA: 5s - loss: 1.9590 - accuracy: 0.2959
19/98 [====>.........................] - ETA: 4s - loss: 1.9474 - accuracy: 0.3001
20/98 [=====>........................] - ETA: 4s - loss: 1.9366 - accuracy: 0.3045
21/98 [=====>........................] - ETA: 4s - loss: 1.9270 - accuracy: 0.3082
22/98 [=====>........................] - ETA: 4s - loss: 1.9162 - accuracy: 0.3127
23/98 [======>.......................] - ETA: 4s - loss: 1.9056 - accuracy: 0.3176
24/98 [======>.......................] - ETA: 4s - loss: 1.8958 - accuracy: 0.3210
25/98 [======>.......................] - ETA: 4s - loss: 1.8851 - accuracy: 0.3246
26/98 [======>.......................] - ETA: 4s - loss: 1.8738 - accuracy: 0.3304
27/98 [=======>......................] - ETA: 4s - loss: 1.8661 - accuracy: 0.3336
28/98 [=======>......................] - ETA: 4s - loss: 1.8594 - accuracy: 0.3365
29/98 [=======>......................] - ETA: 4s - loss: 1.8516 - accuracy: 0.3390
30/98 [========>.....................] - ETA: 4s - loss: 1.8455 - accuracy: 0.3416
31/98 [========>.....................] - ETA: 4s - loss: 1.8373 - accuracy: 0.3446
32/98 [========>.....................] - ETA: 4s - loss: 1.8304 - accuracy: 0.3470
33/98 [=========>....................] - ETA: 4s - loss: 1.8229 - accuracy: 0.3497
34/98 [=========>....................] - ETA: 4s - loss: 1.8166 - accuracy: 0.3517
35/98 [=========>....................] - ETA: 4s - loss: 1.8113 - accuracy: 0.3533
36/98 [==========>...................] - ETA: 4s - loss: 1.8030 - accuracy: 0.3569
37/98 [==========>...................] - ETA: 4s - loss: 1.7970 - accuracy: 0.3602
38/98 [==========>...................] - ETA: 4s - loss: 1.7901 - accuracy: 0.3627
39/98 [==========>...................] - ETA: 3s - loss: 1.7841 - accuracy: 0.3651
40/98 [===========>..................] - ETA: 3s - loss: 1.7783 - accuracy: 0.3678
41/98 [===========>..................] - ETA: 3s - loss: 1.7708 - accuracy: 0.3699
42/98 [===========>..................] - ETA: 3s - loss: 1.7652 - accuracy: 0.3717
43/98 [============>.................] - ETA: 3s - loss: 1.7605 - accuracy: 0.3726
44/98 [============>.................] - ETA: 3s - loss: 1.7562 - accuracy: 0.3736
45/98 [============>.................] - ETA: 3s - loss: 1.7505 - accuracy: 0.3757
46/98 [=============>................] - ETA: 3s - loss: 1.7455 - accuracy: 0.3775
47/98 [=============>................] - ETA: 3s - loss: 1.7410 - accuracy: 0.3791
48/98 [=============>................] - ETA: 3s - loss: 1.7343 - accuracy: 0.3817
49/98 [==============>...............] - ETA: 3s - loss: 1.7293 - accuracy: 0.3835
50/98 [==============>...............] - ETA: 3s - loss: 1.7252 - accuracy: 0.3851
51/98 [==============>...............] - ETA: 3s - loss: 1.7215 - accuracy: 0.3866
52/98 [==============>...............] - ETA: 3s - loss: 1.7173 - accuracy: 0.3886
53/98 [===============>..............] - ETA: 3s - loss: 1.7132 - accuracy: 0.3910
54/98 [===============>..............] - ETA: 2s - loss: 1.7105 - accuracy: 0.3921
55/98 [===============>..............] - ETA: 2s - loss: 1.7062 - accuracy: 0.3940
56/98 [================>.............] - ETA: 2s - loss: 1.7030 - accuracy: 0.3958
57/98 [================>.............] - ETA: 2s - loss: 1.6991 - accuracy: 0.3968
58/98 [================>.............] - ETA: 2s - loss: 1.6953 - accuracy: 0.3984
59/98 [=================>............] - ETA: 2s - loss: 1.6912 - accuracy: 0.3993
60/98 [=================>............] - ETA: 2s - loss: 1.6886 - accuracy: 0.4006
61/98 [=================>............] - ETA: 2s - loss: 1.6849 - accuracy: 0.4018
62/98 [=================>............] - ETA: 2s - loss: 1.6814 - accuracy: 0.4035
63/98 [==================>...........] - ETA: 2s - loss: 1.6778 - accuracy: 0.4051
64/98 [==================>...........] - ETA: 2s - loss: 1.6724 - accuracy: 0.4069
65/98 [==================>...........] - ETA: 2s - loss: 1.6699 - accuracy: 0.4081
66/98 [===================>..........] - ETA: 2s - loss: 1.6655 - accuracy: 0.4098
67/98 [===================>..........] - ETA: 2s - loss: 1.6627 - accuracy: 0.4109
68/98 [===================>..........] - ETA: 2s - loss: 1.6589 - accuracy: 0.4127
69/98 [====================>.........] - ETA: 1s - loss: 1.6548 - accuracy: 0.4142
70/98 [====================>.........] - ETA: 1s - loss: 1.6512 - accuracy: 0.4155
71/98 [====================>.........] - ETA: 1s - loss: 1.6490 - accuracy: 0.4163
72/98 [=====================>........] - ETA: 1s - loss: 1.6459 - accuracy: 0.4177
73/98 [=====================>........] - ETA: 1s - loss: 1.6418 - accuracy: 0.4195
74/98 [=====================>........] - ETA: 1s - loss: 1.6381 - accuracy: 0.4207
75/98 [=====================>........] - ETA: 1s - loss: 1.6350 - accuracy: 0.4222
76/98 [======================>.......] - ETA: 1s - loss: 1.6328 - accuracy: 0.4232
77/98 [======================>.......] - ETA: 1s - loss: 1.6304 - accuracy: 0.4240
78/98 [======================>.......] - ETA: 1s - loss: 1.6277 - accuracy: 0.4250
79/98 [=======================>......] - ETA: 1s - loss: 1.6251 - accuracy: 0.4261
80/98 [=======================>......] - ETA: 1s - loss: 1.6222 - accuracy: 0.4271
81/98 [=======================>......] - ETA: 1s - loss: 1.6195 - accuracy: 0.4282
82/98 [========================>.....] - ETA: 1s - loss: 1.6173 - accuracy: 0.4289
83/98 [========================>.....] - ETA: 1s - loss: 1.6149 - accuracy: 0.4299
84/98 [========================>.....] - ETA: 0s - loss: 1.6120 - accuracy: 0.4311
85/98 [=========================>....] - ETA: 0s - loss: 1.6089 - accuracy: 0.4325
86/98 [=========================>....] - ETA: 0s - loss: 1.6059 - accuracy: 0.4335
87/98 [=========================>....] - ETA: 0s - loss: 1.6033 - accuracy: 0.4345
88/98 [=========================>....] - ETA: 0s - loss: 1.6003 - accuracy: 0.4356
89/98 [==========================>...] - ETA: 0s - loss: 1.5986 - accuracy: 0.4362
90/98 [==========================>...] - ETA: 0s - loss: 1.5964 - accuracy: 0.4370
91/98 [==========================>...] - ETA: 0s - loss: 1.5943 - accuracy: 0.4380
92/98 [===========================>..] - ETA: 0s - loss: 1.5925 - accuracy: 0.4388
93/98 [===========================>..] - ETA: 0s - loss: 1.5891 - accuracy: 0.4400
94/98 [===========================>..] - ETA: 0s - loss: 1.5862 - accuracy: 0.4409
95/98 [============================>.] - ETA: 0s - loss: 1.5837 - accuracy: 0.4422
96/98 [============================>.] - ETA: 0s - loss: 1.5817 - accuracy: 0.4430
97/98 [============================>.] - ETA: 0s - loss: 1.5787 - accuracy: 0.4441
98/98 [==============================] - ETA: 0s - loss: 1.5764 - accuracy: 0.4448
98/98 [==============================] - 14s 92ms/step - loss: 1.5764 - accuracy: 0.4448 - val_loss: 2.0592 - val_accuracy: 0.3501
Epoch 2/109

 1/98 [..............................] - ETA: 6s - loss: 1.2628 - accuracy: 0.5391
 2/98 [..............................] - ETA: 6s - loss: 1.3019 - accuracy: 0.5420
 4/98 [>.............................] - ETA: 5s - loss: 1.3151 - accuracy: 0.5454
 6/98 [>.............................] - ETA: 4s - loss: 1.3123 - accuracy: 0.5439
 8/98 [=>............................] - ETA: 4s - loss: 1.3110 - accuracy: 0.5421
10/98 [==>...........................] - ETA: 4s - loss: 1.2948 - accuracy: 0.5461
11/98 [==>...........................] - ETA: 4s - loss: 1.2911 - accuracy: 0.5469
13/98 [==>...........................] - ETA: 4s - loss: 1.2985 - accuracy: 0.5457
15/98 [===>..........................] - ETA: 4s - loss: 1.2962 - accuracy: 0.5506
17/98 [====>.........................] - ETA: 4s - loss: 1.2912 - accuracy: 0.5500
19/98 [====>.........................] - ETA: 4s - loss: 1.2850 - accuracy: 0.5521
20/98 [=====>........................] - ETA: 4s - loss: 1.2860 - accuracy: 0.5518
21/98 [=====>........................] - ETA: 4s - loss: 1.2824 - accuracy: 0.5536
22/98 [=====>........................] - ETA: 4s - loss: 1.2812 - accuracy: 0.5544
23/98 [======>.......................] - ETA: 4s - loss: 1.2813 - accuracy: 0.5541
24/98 [======>.......................] - ETA: 4s - loss: 1.2835 - accuracy: 0.5545
25/98 [======>.......................] - ETA: 4s - loss: 1.2848 - accuracy: 0.5538
26/98 [======>.......................] - ETA: 4s - loss: 1.2854 - accuracy: 0.5532
27/98 [=======>......................] - ETA: 4s - loss: 1.2848 - accuracy: 0.5538
28/98 [=======>......................] - ETA: 4s - loss: 1.2886 - accuracy: 0.5531
29/98 [=======>......................] - ETA: 4s - loss: 1.2874 - accuracy: 0.5536
30/98 [========>.....................] - ETA: 4s - loss: 1.2866 - accuracy: 0.5536
31/98 [========>.....................] - ETA: 4s - loss: 1.2872 - accuracy: 0.5534
32/98 [========>.....................] - ETA: 4s - loss: 1.2845 - accuracy: 0.5539
33/98 [=========>....................] - ETA: 3s - loss: 1.2847 - accuracy: 0.5537
34/98 [=========>....................] - ETA: 3s - loss: 1.2838 - accuracy: 0.5541
35/98 [=========>....................] - ETA: 3s - loss: 1.2828 - accuracy: 0.5547
36/98 [==========>...................] - ETA: 3s - loss: 1.2813 - accuracy: 0.5551
37/98 [==========>...................] - ETA: 3s - loss: 1.2804 - accuracy: 0.5551
38/98 [==========>...................] - ETA: 3s - loss: 1.2773 - accuracy: 0.5562
39/98 [==========>...................] - ETA: 3s - loss: 1.2792 - accuracy: 0.5545
40/98 [===========>..................] - ETA: 3s - loss: 1.2781 - accuracy: 0.5554
41/98 [===========>..................] - ETA: 3s - loss: 1.2770 - accuracy: 0.5563
42/98 [===========>..................] - ETA: 3s - loss: 1.2754 - accuracy: 0.5565
43/98 [============>.................] - ETA: 3s - loss: 1.2742 - accuracy: 0.5568
44/98 [============>.................] - ETA: 3s - loss: 1.2731 - accuracy: 0.5569
45/98 [============>.................] - ETA: 3s - loss: 1.2706 - accuracy: 0.5570
46/98 [=============>................] - ETA: 3s - loss: 1.2680 - accuracy: 0.5583
47/98 [=============>................] - ETA: 3s - loss: 1.2664 - accuracy: 0.5588
48/98 [=============>................] - ETA: 3s - loss: 1.2664 - accuracy: 0.5591
49/98 [==============>...............] - ETA: 3s - loss: 1.2643 - accuracy: 0.5600
50/98 [==============>...............] - ETA: 3s - loss: 1.2627 - accuracy: 0.5602
51/98 [==============>...............] - ETA: 3s - loss: 1.2616 - accuracy: 0.5608
52/98 [==============>...............] - ETA: 3s - loss: 1.2609 - accuracy: 0.5609
53/98 [===============>..............] - ETA: 2s - loss: 1.2595 - accuracy: 0.5614
54/98 [===============>..............] - ETA: 2s - loss: 1.2603 - accuracy: 0.5607
55/98 [===============>..............] - ETA: 2s - loss: 1.2599 - accuracy: 0.5608
56/98 [================>.............] - ETA: 2s - loss: 1.2594 - accuracy: 0.5607
57/98 [================>.............] - ETA: 2s - loss: 1.2591 - accuracy: 0.5608
58/98 [================>.............] - ETA: 2s - loss: 1.2576 - accuracy: 0.5612
59/98 [=================>............] - ETA: 2s - loss: 1.2577 - accuracy: 0.5611
60/98 [=================>............] - ETA: 2s - loss: 1.2573 - accuracy: 0.5607
61/98 [=================>............] - ETA: 2s - loss: 1.2581 - accuracy: 0.5607
62/98 [=================>............] - ETA: 2s - loss: 1.2577 - accuracy: 0.5604
63/98 [==================>...........] - ETA: 2s - loss: 1.2578 - accuracy: 0.5601
64/98 [==================>...........] - ETA: 2s - loss: 1.2571 - accuracy: 0.5604
65/98 [==================>...........] - ETA: 2s - loss: 1.2556 - accuracy: 0.5609
66/98 [===================>..........] - ETA: 2s - loss: 1.2540 - accuracy: 0.5616
67/98 [===================>..........] - ETA: 2s - loss: 1.2535 - accuracy: 0.5618
68/98 [===================>..........] - ETA: 1s - loss: 1.2539 - accuracy: 0.5615
69/98 [====================>.........] - ETA: 1s - loss: 1.2534 - accuracy: 0.5612
70/98 [====================>.........] - ETA: 1s - loss: 1.2533 - accuracy: 0.5620
71/98 [====================>.........] - ETA: 1s - loss: 1.2529 - accuracy: 0.5622
72/98 [=====================>........] - ETA: 1s - loss: 1.2524 - accuracy: 0.5622
73/98 [=====================>........] - ETA: 1s - loss: 1.2527 - accuracy: 0.5620
74/98 [=====================>........] - ETA: 1s - loss: 1.2520 - accuracy: 0.5622
75/98 [=====================>........] - ETA: 1s - loss: 1.2511 - accuracy: 0.5626
76/98 [======================>.......] - ETA: 1s - loss: 1.2492 - accuracy: 0.5631
77/98 [======================>.......] - ETA: 1s - loss: 1.2488 - accuracy: 0.5632
78/98 [======================>.......] - ETA: 1s - loss: 1.2473 - accuracy: 0.5640
79/98 [=======================>......] - ETA: 1s - loss: 1.2464 - accuracy: 0.5642
80/98 [=======================>......] - ETA: 1s - loss: 1.2456 - accuracy: 0.5645
81/98 [=======================>......] - ETA: 1s - loss: 1.2445 - accuracy: 0.5648
82/98 [========================>.....] - ETA: 1s - loss: 1.2448 - accuracy: 0.5647
83/98 [========================>.....] - ETA: 1s - loss: 1.2434 - accuracy: 0.5651
84/98 [========================>.....] - ETA: 0s - loss: 1.2426 - accuracy: 0.5653
85/98 [=========================>....] - ETA: 0s - loss: 1.2409 - accuracy: 0.5658
86/98 [=========================>....] - ETA: 0s - loss: 1.2405 - accuracy: 0.5660
87/98 [=========================>....] - ETA: 0s - loss: 1.2392 - accuracy: 0.5663
88/98 [=========================>....] - ETA: 0s - loss: 1.2396 - accuracy: 0.5664
89/98 [==========================>...] - ETA: 0s - loss: 1.2389 - accuracy: 0.5665
90/98 [==========================>...] - ETA: 0s - loss: 1.2375 - accuracy: 0.5671
91/98 [==========================>...] - ETA: 0s - loss: 1.2371 - accuracy: 0.5673
92/98 [===========================>..] - ETA: 0s - loss: 1.2368 - accuracy: 0.5676
93/98 [===========================>..] - ETA: 0s - loss: 1.2364 - accuracy: 0.5679
94/98 [===========================>..] - ETA: 0s - loss: 1.2352 - accuracy: 0.5682
95/98 [============================>.] - ETA: 0s - loss: 1.2340 - accuracy: 0.5686
96/98 [============================>.] - ETA: 0s - loss: 1.2332 - accuracy: 0.5691
97/98 [============================>.] - ETA: 0s - loss: 1.2317 - accuracy: 0.5696
98/98 [==============================] - ETA: 0s - loss: 1.2314 - accuracy: 0.5693
98/98 [==============================] - 7s 76ms/step - loss: 1.2314 - accuracy: 0.5693 - val_loss: 1.8428 - val_accuracy: 0.4486
Epoch 3/109

 1/98 [..............................] - ETA: 7s - loss: 1.1301 - accuracy: 0.6152
 2/98 [..............................] - ETA: 6s - loss: 1.1147 - accuracy: 0.6191
 3/98 [..............................] - ETA: 6s - loss: 1.1378 - accuracy: 0.6185
 4/98 [>.............................] - ETA: 6s - loss: 1.1161 - accuracy: 0.6235
 5/98 [>.............................] - ETA: 6s - loss: 1.1159 - accuracy: 0.6199
 6/98 [>.............................] - ETA: 6s - loss: 1.1140 - accuracy: 0.6198
 7/98 [=>............................] - ETA: 6s - loss: 1.1261 - accuracy: 0.6144
 8/98 [=>............................] - ETA: 6s - loss: 1.1169 - accuracy: 0.6221
 9/98 [=>............................] - ETA: 6s - loss: 1.1214 - accuracy: 0.6174
10/98 [==>...........................] - ETA: 6s - loss: 1.1223 - accuracy: 0.6158
11/98 [==>...........................] - ETA: 6s - loss: 1.1212 - accuracy: 0.6145
12/98 [==>...........................] - ETA: 6s - loss: 1.1179 - accuracy: 0.6156
13/98 [==>...........................] - ETA: 6s - loss: 1.1172 - accuracy: 0.6136
14/98 [===>..........................] - ETA: 5s - loss: 1.1204 - accuracy: 0.6143
15/98 [===>..........................] - ETA: 5s - loss: 1.1201 - accuracy: 0.6148
16/98 [===>..........................] - ETA: 5s - loss: 1.1182 - accuracy: 0.6156
17/98 [====>.........................] - ETA: 5s - loss: 1.1195 - accuracy: 0.6152
18/98 [====>.........................] - ETA: 5s - loss: 1.1171 - accuracy: 0.6171
19/98 [====>.........................] - ETA: 5s - loss: 1.1185 - accuracy: 0.6165
20/98 [=====>........................] - ETA: 5s - loss: 1.1200 - accuracy: 0.6169
21/98 [=====>........................] - ETA: 5s - loss: 1.1193 - accuracy: 0.6170
22/98 [=====>........................] - ETA: 5s - loss: 1.1196 - accuracy: 0.6162
23/98 [======>.......................] - ETA: 5s - loss: 1.1160 - accuracy: 0.6186
24/98 [======>.......................] - ETA: 5s - loss: 1.1178 - accuracy: 0.6179
25/98 [======>.......................] - ETA: 5s - loss: 1.1163 - accuracy: 0.6189
26/98 [======>.......................] - ETA: 5s - loss: 1.1139 - accuracy: 0.6189
27/98 [=======>......................] - ETA: 5s - loss: 1.1127 - accuracy: 0.6193
28/98 [=======>......................] - ETA: 4s - loss: 1.1105 - accuracy: 0.6195
29/98 [=======>......................] - ETA: 4s - loss: 1.1106 - accuracy: 0.6199
30/98 [========>.....................] - ETA: 4s - loss: 1.1082 - accuracy: 0.6208
31/98 [========>.....................] - ETA: 4s - loss: 1.1071 - accuracy: 0.6208
32/98 [========>.....................] - ETA: 4s - loss: 1.1057 - accuracy: 0.6211
34/98 [=========>....................] - ETA: 4s - loss: 1.1064 - accuracy: 0.6203
35/98 [=========>....................] - ETA: 4s - loss: 1.1033 - accuracy: 0.6215
36/98 [==========>...................] - ETA: 4s - loss: 1.1030 - accuracy: 0.6219
38/98 [==========>...................] - ETA: 4s - loss: 1.1031 - accuracy: 0.6219
40/98 [===========>..................] - ETA: 3s - loss: 1.0995 - accuracy: 0.6236
42/98 [===========>..................] - ETA: 3s - loss: 1.0996 - accuracy: 0.6231
44/98 [============>.................] - ETA: 3s - loss: 1.0983 - accuracy: 0.6240
46/98 [=============>................] - ETA: 3s - loss: 1.0986 - accuracy: 0.6234
48/98 [=============>................] - ETA: 3s - loss: 1.0987 - accuracy: 0.6234
50/98 [==============>...............] - ETA: 3s - loss: 1.1014 - accuracy: 0.6221
52/98 [==============>...............] - ETA: 2s - loss: 1.0998 - accuracy: 0.6227
54/98 [===============>..............] - ETA: 2s - loss: 1.1004 - accuracy: 0.6228
55/98 [===============>..............] - ETA: 2s - loss: 1.0995 - accuracy: 0.6231
56/98 [================>.............] - ETA: 2s - loss: 1.0987 - accuracy: 0.6232
57/98 [================>.............] - ETA: 2s - loss: 1.0987 - accuracy: 0.6228
58/98 [================>.............] - ETA: 2s - loss: 1.0981 - accuracy: 0.6231
59/98 [=================>............] - ETA: 2s - loss: 1.0984 - accuracy: 0.6230
60/98 [=================>............] - ETA: 2s - loss: 1.0986 - accuracy: 0.6228
61/98 [=================>............] - ETA: 2s - loss: 1.0989 - accuracy: 0.6226
62/98 [=================>............] - ETA: 2s - loss: 1.0977 - accuracy: 0.6228
63/98 [==================>...........] - ETA: 2s - loss: 1.0972 - accuracy: 0.6230
64/98 [==================>...........] - ETA: 2s - loss: 1.0972 - accuracy: 0.6233
65/98 [==================>...........] - ETA: 2s - loss: 1.0956 - accuracy: 0.6236
66/98 [===================>..........] - ETA: 2s - loss: 1.0963 - accuracy: 0.6233
67/98 [===================>..........] - ETA: 2s - loss: 1.0953 - accuracy: 0.6232
68/98 [===================>..........] - ETA: 1s - loss: 1.0950 - accuracy: 0.6234
69/98 [====================>.........] - ETA: 1s - loss: 1.0934 - accuracy: 0.6241
70/98 [====================>.........] - ETA: 1s - loss: 1.0928 - accuracy: 0.6246
71/98 [====================>.........] - ETA: 1s - loss: 1.0930 - accuracy: 0.6241
72/98 [=====================>........] - ETA: 1s - loss: 1.0925 - accuracy: 0.6237
73/98 [=====================>........] - ETA: 1s - loss: 1.0926 - accuracy: 0.6235
74/98 [=====================>........] - ETA: 1s - loss: 1.0925 - accuracy: 0.6236
75/98 [=====================>........] - ETA: 1s - loss: 1.0917 - accuracy: 0.6238
76/98 [======================>.......] - ETA: 1s - loss: 1.0922 - accuracy: 0.6240
77/98 [======================>.......] - ETA: 1s - loss: 1.0927 - accuracy: 0.6238
78/98 [======================>.......] - ETA: 1s - loss: 1.0920 - accuracy: 0.6241
79/98 [=======================>......] - ETA: 1s - loss: 1.0913 - accuracy: 0.6246
80/98 [=======================>......] - ETA: 1s - loss: 1.0903 - accuracy: 0.6248
81/98 [=======================>......] - ETA: 1s - loss: 1.0904 - accuracy: 0.6251
82/98 [========================>.....] - ETA: 1s - loss: 1.0909 - accuracy: 0.6248
83/98 [========================>.....] - ETA: 1s - loss: 1.0904 - accuracy: 0.6247
84/98 [========================>.....] - ETA: 0s - loss: 1.0900 - accuracy: 0.6248
85/98 [=========================>....] - ETA: 0s - loss: 1.0901 - accuracy: 0.6245
86/98 [=========================>....] - ETA: 0s - loss: 1.0900 - accuracy: 0.6244
87/98 [=========================>....] - ETA: 0s - loss: 1.0905 - accuracy: 0.6240
88/98 [=========================>....] - ETA: 0s - loss: 1.0905 - accuracy: 0.6238
89/98 [==========================>...] - ETA: 0s - loss: 1.0896 - accuracy: 0.6240
90/98 [==========================>...] - ETA: 0s - loss: 1.0889 - accuracy: 0.6242
91/98 [==========================>...] - ETA: 0s - loss: 1.0885 - accuracy: 0.6243
92/98 [===========================>..] - ETA: 0s - loss: 1.0879 - accuracy: 0.6244
93/98 [===========================>..] - ETA: 0s - loss: 1.0881 - accuracy: 0.6243
94/98 [===========================>..] - ETA: 0s - loss: 1.0888 - accuracy: 0.6241
95/98 [============================>.] - ETA: 0s - loss: 1.0883 - accuracy: 0.6242
96/98 [============================>.] - ETA: 0s - loss: 1.0883 - accuracy: 0.6242
97/98 [============================>.] - ETA: 0s - loss: 1.0882 - accuracy: 0.6241
98/98 [==============================] - ETA: 0s - loss: 1.0880 - accuracy: 0.6239
98/98 [==============================] - 7s 76ms/step - loss: 1.0880 - accuracy: 0.6239 - val_loss: 1.5835 - val_accuracy: 0.5186
Epoch 4/109

 1/98 [..............................] - ETA: 9s - loss: 1.0100 - accuracy: 0.6699
 2/98 [..............................] - ETA: 5s - loss: 1.0298 - accuracy: 0.6650
 3/98 [..............................] - ETA: 6s - loss: 1.0337 - accuracy: 0.6562
 4/98 [>.............................] - ETA: 6s - loss: 1.0207 - accuracy: 0.6646
 5/98 [>.............................] - ETA: 6s - loss: 1.0181 - accuracy: 0.6629
 6/98 [>.............................] - ETA: 6s - loss: 1.0146 - accuracy: 0.6673
 7/98 [=>............................] - ETA: 6s - loss: 1.0136 - accuracy: 0.6616
 8/98 [=>............................] - ETA: 6s - loss: 1.0081 - accuracy: 0.6636
 9/98 [=>............................] - ETA: 6s - loss: 1.0052 - accuracy: 0.6647
10/98 [==>...........................] - ETA: 6s - loss: 1.0042 - accuracy: 0.6635
11/98 [==>...........................] - ETA: 6s - loss: 0.9978 - accuracy: 0.6660
12/98 [==>...........................] - ETA: 5s - loss: 0.9971 - accuracy: 0.6649
13/98 [==>...........................] - ETA: 5s - loss: 0.9968 - accuracy: 0.6632
14/98 [===>..........................] - ETA: 5s - loss: 0.9957 - accuracy: 0.6627
15/98 [===>..........................] - ETA: 5s - loss: 1.0009 - accuracy: 0.6600
16/98 [===>..........................] - ETA: 5s - loss: 1.0002 - accuracy: 0.6591
17/98 [====>.........................] - ETA: 5s - loss: 1.0007 - accuracy: 0.6587
18/98 [====>.........................] - ETA: 5s - loss: 0.9971 - accuracy: 0.6596
19/98 [====>.........................] - ETA: 5s - loss: 0.9936 - accuracy: 0.6616
20/98 [=====>........................] - ETA: 5s - loss: 0.9948 - accuracy: 0.6604
21/98 [=====>........................] - ETA: 5s - loss: 0.9947 - accuracy: 0.6604
22/98 [=====>........................] - ETA: 5s - loss: 0.9960 - accuracy: 0.6601
23/98 [======>.......................] - ETA: 5s - loss: 0.9978 - accuracy: 0.6592
24/98 [======>.......................] - ETA: 5s - loss: 0.9960 - accuracy: 0.6589
25/98 [======>.......................] - ETA: 5s - loss: 0.9980 - accuracy: 0.6583
26/98 [======>.......................] - ETA: 5s - loss: 0.9983 - accuracy: 0.6578
27/98 [=======>......................] - ETA: 5s - loss: 0.9974 - accuracy: 0.6573
28/98 [=======>......................] - ETA: 4s - loss: 0.9961 - accuracy: 0.6575
29/98 [=======>......................] - ETA: 4s - loss: 0.9977 - accuracy: 0.6577
30/98 [========>.....................] - ETA: 4s - loss: 0.9968 - accuracy: 0.6576
31/98 [========>.....................] - ETA: 4s - loss: 0.9950 - accuracy: 0.6578
32/98 [========>.....................] - ETA: 4s - loss: 0.9972 - accuracy: 0.6570
33/98 [=========>....................] - ETA: 4s - loss: 0.9966 - accuracy: 0.6578
34/98 [=========>....................] - ETA: 4s - loss: 0.9973 - accuracy: 0.6578
35/98 [=========>....................] - ETA: 4s - loss: 0.9993 - accuracy: 0.6566
36/98 [==========>...................] - ETA: 4s - loss: 0.9996 - accuracy: 0.6572
37/98 [==========>...................] - ETA: 4s - loss: 0.9984 - accuracy: 0.6574
38/98 [==========>...................] - ETA: 4s - loss: 0.9983 - accuracy: 0.6576
39/98 [==========>...................] - ETA: 4s - loss: 0.9976 - accuracy: 0.6583
40/98 [===========>..................] - ETA: 4s - loss: 0.9968 - accuracy: 0.6585
41/98 [===========>..................] - ETA: 4s - loss: 0.9975 - accuracy: 0.6582
42/98 [===========>..................] - ETA: 3s - loss: 0.9974 - accuracy: 0.6582
43/98 [============>.................] - ETA: 3s - loss: 0.9979 - accuracy: 0.6577
44/98 [============>.................] - ETA: 3s - loss: 0.9965 - accuracy: 0.6582
45/98 [============>.................] - ETA: 3s - loss: 0.9966 - accuracy: 0.6586
46/98 [=============>................] - ETA: 3s - loss: 0.9962 - accuracy: 0.6589
47/98 [=============>................] - ETA: 3s - loss: 0.9976 - accuracy: 0.6578
48/98 [=============>................] - ETA: 3s - loss: 0.9985 - accuracy: 0.6573
49/98 [==============>...............] - ETA: 3s - loss: 0.9970 - accuracy: 0.6577
50/98 [==============>...............] - ETA: 3s - loss: 0.9967 - accuracy: 0.6575
51/98 [==============>...............] - ETA: 3s - loss: 0.9968 - accuracy: 0.6576
52/98 [==============>...............] - ETA: 3s - loss: 0.9973 - accuracy: 0.6575
53/98 [===============>..............] - ETA: 3s - loss: 0.9976 - accuracy: 0.6572
54/98 [===============>..............] - ETA: 3s - loss: 0.9974 - accuracy: 0.6567
55/98 [===============>..............] - ETA: 3s - loss: 0.9957 - accuracy: 0.6575
56/98 [================>.............] - ETA: 2s - loss: 0.9953 - accuracy: 0.6576
57/98 [================>.............] - ETA: 2s - loss: 0.9959 - accuracy: 0.6570
58/98 [================>.............] - ETA: 2s - loss: 0.9960 - accuracy: 0.6570
59/98 [=================>............] - ETA: 2s - loss: 0.9952 - accuracy: 0.6570
60/98 [=================>............] - ETA: 2s - loss: 0.9950 - accuracy: 0.6565
61/98 [=================>............] - ETA: 2s - loss: 0.9938 - accuracy: 0.6569
62/98 [=================>............] - ETA: 2s - loss: 0.9931 - accuracy: 0.6572
63/98 [==================>...........] - ETA: 2s - loss: 0.9922 - accuracy: 0.6575
64/98 [==================>...........] - ETA: 2s - loss: 0.9921 - accuracy: 0.6577
65/98 [==================>...........] - ETA: 2s - loss: 0.9923 - accuracy: 0.6578
66/98 [===================>..........] - ETA: 2s - loss: 0.9912 - accuracy: 0.6581
68/98 [===================>..........] - ETA: 2s - loss: 0.9896 - accuracy: 0.6585
69/98 [====================>.........] - ETA: 2s - loss: 0.9890 - accuracy: 0.6587
70/98 [====================>.........] - ETA: 1s - loss: 0.9895 - accuracy: 0.6585
71/98 [====================>.........] - ETA: 1s - loss: 0.9889 - accuracy: 0.6586
73/98 [=====================>........] - ETA: 1s - loss: 0.9898 - accuracy: 0.6582
75/98 [=====================>........] - ETA: 1s - loss: 0.9887 - accuracy: 0.6586
77/98 [======================>.......] - ETA: 1s - loss: 0.9890 - accuracy: 0.6588
79/98 [=======================>......] - ETA: 1s - loss: 0.9875 - accuracy: 0.6594
80/98 [=======================>......] - ETA: 1s - loss: 0.9885 - accuracy: 0.6591
82/98 [========================>.....] - ETA: 1s - loss: 0.9894 - accuracy: 0.6591
83/98 [========================>.....] - ETA: 1s - loss: 0.9888 - accuracy: 0.6591
85/98 [=========================>....] - ETA: 0s - loss: 0.9889 - accuracy: 0.6591
86/98 [=========================>....] - ETA: 0s - loss: 0.9892 - accuracy: 0.6589
88/98 [=========================>....] - ETA: 0s - loss: 0.9889 - accuracy: 0.6588
89/98 [==========================>...] - ETA: 0s - loss: 0.9889 - accuracy: 0.6589
90/98 [==========================>...] - ETA: 0s - loss: 0.9890 - accuracy: 0.6590
91/98 [==========================>...] - ETA: 0s - loss: 0.9892 - accuracy: 0.6589
92/98 [===========================>..] - ETA: 0s - loss: 0.9890 - accuracy: 0.6588
93/98 [===========================>..] - ETA: 0s - loss: 0.9887 - accuracy: 0.6591
94/98 [===========================>..] - ETA: 0s - loss: 0.9889 - accuracy: 0.6588
95/98 [============================>.] - ETA: 0s - loss: 0.9878 - accuracy: 0.6591
96/98 [============================>.] - ETA: 0s - loss: 0.9877 - accuracy: 0.6591
97/98 [============================>.] - ETA: 0s - loss: 0.9881 - accuracy: 0.6591
98/98 [==============================] - ETA: 0s - loss: 0.9887 - accuracy: 0.6589
98/98 [==============================] - 7s 76ms/step - loss: 0.9887 - accuracy: 0.6589 - val_loss: 1.3593 - val_accuracy: 0.5611
Epoch 5/109

 1/98 [..............................] - ETA: 9s - loss: 0.9140 - accuracy: 0.6973
 2/98 [..............................] - ETA: 6s - loss: 0.8912 - accuracy: 0.7041
 3/98 [..............................] - ETA: 6s - loss: 0.8976 - accuracy: 0.7070
 4/98 [>.............................] - ETA: 6s - loss: 0.9023 - accuracy: 0.7046
 5/98 [>.............................] - ETA: 6s - loss: 0.9043 - accuracy: 0.7047
 6/98 [>.............................] - ETA: 6s - loss: 0.9091 - accuracy: 0.7048
 7/98 [=>............................] - ETA: 6s - loss: 0.9121 - accuracy: 0.7028
 8/98 [=>............................] - ETA: 6s - loss: 0.9081 - accuracy: 0.7004
 9/98 [=>............................] - ETA: 6s - loss: 0.9020 - accuracy: 0.7014
10/98 [==>...........................] - ETA: 6s - loss: 0.9004 - accuracy: 0.6988
11/98 [==>...........................] - ETA: 6s - loss: 0.9005 - accuracy: 0.6992
12/98 [==>...........................] - ETA: 6s - loss: 0.9000 - accuracy: 0.6994
13/98 [==>...........................] - ETA: 6s - loss: 0.9060 - accuracy: 0.6947
14/98 [===>..........................] - ETA: 5s - loss: 0.9127 - accuracy: 0.6913
15/98 [===>..........................] - ETA: 5s - loss: 0.9151 - accuracy: 0.6896
16/98 [===>..........................] - ETA: 5s - loss: 0.9111 - accuracy: 0.6903
17/98 [====>.........................] - ETA: 5s - loss: 0.9110 - accuracy: 0.6909
19/98 [====>.........................] - ETA: 5s - loss: 0.9189 - accuracy: 0.6888
20/98 [=====>........................] - ETA: 5s - loss: 0.9203 - accuracy: 0.6876
21/98 [=====>........................] - ETA: 5s - loss: 0.9197 - accuracy: 0.6869
22/98 [=====>........................] - ETA: 5s - loss: 0.9217 - accuracy: 0.6873
23/98 [======>.......................] - ETA: 5s - loss: 0.9225 - accuracy: 0.6874
24/98 [======>.......................] - ETA: 5s - loss: 0.9249 - accuracy: 0.6857
25/98 [======>.......................] - ETA: 5s - loss: 0.9281 - accuracy: 0.6843
26/98 [======>.......................] - ETA: 5s - loss: 0.9250 - accuracy: 0.6845
27/98 [=======>......................] - ETA: 5s - loss: 0.9231 - accuracy: 0.6846
28/98 [=======>......................] - ETA: 4s - loss: 0.9228 - accuracy: 0.6847
29/98 [=======>......................] - ETA: 4s - loss: 0.9221 - accuracy: 0.6846
30/98 [========>.....................] - ETA: 4s - loss: 0.9207 - accuracy: 0.6853
31/98 [========>.....................] - ETA: 4s - loss: 0.9213 - accuracy: 0.6849
32/98 [========>.....................] - ETA: 4s - loss: 0.9227 - accuracy: 0.6840
33/98 [=========>....................] - ETA: 4s - loss: 0.9213 - accuracy: 0.6847
34/98 [=========>....................] - ETA: 4s - loss: 0.9207 - accuracy: 0.6847
35/98 [=========>....................] - ETA: 4s - loss: 0.9206 - accuracy: 0.6849
36/98 [==========>...................] - ETA: 4s - loss: 0.9204 - accuracy: 0.6848
37/98 [==========>...................] - ETA: 4s - loss: 0.9193 - accuracy: 0.6851
38/98 [==========>...................] - ETA: 4s - loss: 0.9192 - accuracy: 0.6851
39/98 [==========>...................] - ETA: 4s - loss: 0.9188 - accuracy: 0.6854
40/98 [===========>..................] - ETA: 4s - loss: 0.9187 - accuracy: 0.6858
41/98 [===========>..................] - ETA: 4s - loss: 0.9193 - accuracy: 0.6850
42/98 [===========>..................] - ETA: 3s - loss: 0.9188 - accuracy: 0.6847
43/98 [============>.................] - ETA: 3s - loss: 0.9182 - accuracy: 0.6850
44/98 [============>.................] - ETA: 3s - loss: 0.9191 - accuracy: 0.6845
45/98 [============>.................] - ETA: 3s - loss: 0.9172 - accuracy: 0.6854
46/98 [=============>................] - ETA: 3s - loss: 0.9165 - accuracy: 0.6855
47/98 [=============>................] - ETA: 3s - loss: 0.9153 - accuracy: 0.6859
48/98 [=============>................] - ETA: 3s - loss: 0.9152 - accuracy: 0.6854
49/98 [==============>...............] - ETA: 3s - loss: 0.9150 - accuracy: 0.6855
50/98 [==============>...............] - ETA: 3s - loss: 0.9175 - accuracy: 0.6841
51/98 [==============>...............] - ETA: 3s - loss: 0.9159 - accuracy: 0.6848
52/98 [==============>...............] - ETA: 3s - loss: 0.9168 - accuracy: 0.6846
53/98 [===============>..............] - ETA: 3s - loss: 0.9166 - accuracy: 0.6848
54/98 [===============>..............] - ETA: 3s - loss: 0.9164 - accuracy: 0.6848
55/98 [===============>..............] - ETA: 3s - loss: 0.9153 - accuracy: 0.6850
56/98 [================>.............] - ETA: 2s - loss: 0.9163 - accuracy: 0.6848
57/98 [================>.............] - ETA: 2s - loss: 0.9156 - accuracy: 0.6849
58/98 [================>.............] - ETA: 2s - loss: 0.9136 - accuracy: 0.6852
59/98 [=================>............] - ETA: 2s - loss: 0.9128 - accuracy: 0.6854
60/98 [=================>............] - ETA: 2s - loss: 0.9143 - accuracy: 0.6849
61/98 [=================>............] - ETA: 2s - loss: 0.9149 - accuracy: 0.6847
62/98 [=================>............] - ETA: 2s - loss: 0.9153 - accuracy: 0.6843
63/98 [==================>...........] - ETA: 2s - loss: 0.9146 - accuracy: 0.6848
64/98 [==================>...........] - ETA: 2s - loss: 0.9142 - accuracy: 0.6851
65/98 [==================>...........] - ETA: 2s - loss: 0.9153 - accuracy: 0.6848
66/98 [===================>..........] - ETA: 2s - loss: 0.9151 - accuracy: 0.6848
67/98 [===================>..........] - ETA: 2s - loss: 0.9144 - accuracy: 0.6849
68/98 [===================>..........] - ETA: 2s - loss: 0.9137 - accuracy: 0.6849
69/98 [====================>.........] - ETA: 2s - loss: 0.9133 - accuracy: 0.6850
70/98 [====================>.........] - ETA: 1s - loss: 0.9133 - accuracy: 0.6849
71/98 [====================>.........] - ETA: 1s - loss: 0.9127 - accuracy: 0.6852
72/98 [=====================>........] - ETA: 1s - loss: 0.9121 - accuracy: 0.6855
73/98 [=====================>........] - ETA: 1s - loss: 0.9118 - accuracy: 0.6854
74/98 [=====================>........] - ETA: 1s - loss: 0.9119 - accuracy: 0.6855
75/98 [=====================>........] - ETA: 1s - loss: 0.9125 - accuracy: 0.6850
76/98 [======================>.......] - ETA: 1s - loss: 0.9120 - accuracy: 0.6851
77/98 [======================>.......] - ETA: 1s - loss: 0.9126 - accuracy: 0.6848
78/98 [======================>.......] - ETA: 1s - loss: 0.9130 - accuracy: 0.6847
79/98 [=======================>......] - ETA: 1s - loss: 0.9136 - accuracy: 0.6842
