2024-06-26 01:51:51.363507: I tensorflow/core/platform/cpu_feature_guard.cc:193] This TensorFlow binary is optimized with oneAPI Deep Neural Network Library (oneDNN) to use the following CPU instructions in performance-critical operations:  AVX AVX2
To enable them in other operations, rebuild TensorFlow with the appropriate compiler flags.
2024-06-26 01:51:51.941941: I tensorflow/core/common_runtime/gpu/gpu_device.cc:1616] Created device /job:localhost/replica:0/task:0/device:GPU:0 with 6656 MB memory:  -> device: 0, name: NVIDIA GeForce RTX 4060 Ti, pci bus id: 0000:01:00.0, compute capability: 8.9
1 Physical GPUs, 1 Logical GPUs
Model: "sequential"
_________________________________________________________________
 Layer (type)                Output Shape              Param #   
=================================================================
 conv2d (Conv2D)             (None, 32, 32, 32)        896       
                                                                 
 max_pooling2d (MaxPooling2D  (None, 16, 16, 32)       0         
 )                                                               
                                                                 
 batch_normalization (BatchN  (None, 16, 16, 32)       128       
 ormalization)                                                   
                                                                 
 conv2d_1 (Conv2D)           (None, 16, 16, 256)       205056    
                                                                 
 dropout (Dropout)           (None, 16, 16, 256)       0         
                                                                 
 flatten (Flatten)           (None, 65536)             0         
                                                                 
 dense (Dense)               (None, 10)                655370    
                                                                 
=================================================================
Total params: 861,450
Trainable params: 861,386
Non-trainable params: 64
_________________________________________________________________
Taxa de aprendizado:  0.0001 Num de épocas:  109 Tamanho do lote:  512 Dropout:  0.26488
Epoch 1/109
2024-06-26 01:51:53.310210: I tensorflow/stream_executor/cuda/cuda_dnn.cc:384] Loaded cuDNN version 8100
2024-06-26 01:51:54.125666: W tensorflow/stream_executor/gpu/redzone_allocator.cc:314] INTERNAL: ptxas exited with non-zero error code -1, output: 
Relying on driver to perform ptx compilation. 
Modify $PATH to customize ptxas location.
This message will be only logged once.
2024-06-26 01:51:55.197475: I tensorflow/stream_executor/cuda/cuda_blas.cc:1614] TensorFloat-32 will be used for the matrix multiplication. This will only be logged once.

 1/98 [..............................] - ETA: 7:21 - loss: 2.4035 - accuracy: 0.0938
 2/98 [..............................] - ETA: 7s - loss: 2.3190 - accuracy: 0.1338  
 3/98 [..............................] - ETA: 8s - loss: 2.2623 - accuracy: 0.1699
 4/98 [>.............................] - ETA: 7s - loss: 2.2156 - accuracy: 0.1860
 5/98 [>.............................] - ETA: 8s - loss: 2.1829 - accuracy: 0.1953
 6/98 [>.............................] - ETA: 7s - loss: 2.1522 - accuracy: 0.2106
 7/98 [=>............................] - ETA: 7s - loss: 2.1175 - accuracy: 0.2277
 8/98 [=>............................] - ETA: 7s - loss: 2.0952 - accuracy: 0.2385
 9/98 [=>............................] - ETA: 21s - loss: 2.0837 - accuracy: 0.2455
10/98 [==>...........................] - ETA: 19s - loss: 2.0678 - accuracy: 0.2518
11/98 [==>...........................] - ETA: 18s - loss: 2.0458 - accuracy: 0.2597
12/98 [==>...........................] - ETA: 17s - loss: 2.0324 - accuracy: 0.2654
13/98 [==>...........................] - ETA: 15s - loss: 2.0135 - accuracy: 0.2742
14/98 [===>..........................] - ETA: 15s - loss: 1.9941 - accuracy: 0.2799
15/98 [===>..........................] - ETA: 14s - loss: 1.9841 - accuracy: 0.2829
16/98 [===>..........................] - ETA: 13s - loss: 1.9670 - accuracy: 0.2909
17/98 [====>.........................] - ETA: 13s - loss: 1.9611 - accuracy: 0.2946
18/98 [====>.........................] - ETA: 12s - loss: 1.9476 - accuracy: 0.3020
20/98 [=====>........................] - ETA: 11s - loss: 1.9277 - accuracy: 0.3102
22/98 [=====>........................] - ETA: 10s - loss: 1.9014 - accuracy: 0.3212
24/98 [======>.......................] - ETA: 9s - loss: 1.8813 - accuracy: 0.3299 
25/98 [======>.......................] - ETA: 9s - loss: 1.8700 - accuracy: 0.3337
26/98 [======>.......................] - ETA: 8s - loss: 1.8621 - accuracy: 0.3372
28/98 [=======>......................] - ETA: 8s - loss: 1.8403 - accuracy: 0.3471
29/98 [=======>......................] - ETA: 7s - loss: 1.8332 - accuracy: 0.3494
31/98 [========>.....................] - ETA: 7s - loss: 1.8199 - accuracy: 0.3538
32/98 [========>.....................] - ETA: 7s - loss: 1.8132 - accuracy: 0.3566
34/98 [=========>....................] - ETA: 6s - loss: 1.8032 - accuracy: 0.3606
36/98 [==========>...................] - ETA: 6s - loss: 1.7900 - accuracy: 0.3654
37/98 [==========>...................] - ETA: 6s - loss: 1.7853 - accuracy: 0.3670
39/98 [==========>...................] - ETA: 5s - loss: 1.7753 - accuracy: 0.3691
40/98 [===========>..................] - ETA: 5s - loss: 1.7692 - accuracy: 0.3710
41/98 [===========>..................] - ETA: 5s - loss: 1.7644 - accuracy: 0.3727
43/98 [============>.................] - ETA: 5s - loss: 1.7568 - accuracy: 0.3762
45/98 [============>.................] - ETA: 4s - loss: 1.7466 - accuracy: 0.3802
46/98 [=============>................] - ETA: 4s - loss: 1.7423 - accuracy: 0.3810
47/98 [=============>................] - ETA: 4s - loss: 1.7396 - accuracy: 0.3824
48/98 [=============>................] - ETA: 4s - loss: 1.7367 - accuracy: 0.3834
49/98 [==============>...............] - ETA: 4s - loss: 1.7335 - accuracy: 0.3844
50/98 [==============>...............] - ETA: 4s - loss: 1.7282 - accuracy: 0.3864
51/98 [==============>...............] - ETA: 4s - loss: 1.7242 - accuracy: 0.3881
52/98 [==============>...............] - ETA: 4s - loss: 1.7194 - accuracy: 0.3904
53/98 [===============>..............] - ETA: 4s - loss: 1.7149 - accuracy: 0.3924
54/98 [===============>..............] - ETA: 4s - loss: 1.7106 - accuracy: 0.3939
55/98 [===============>..............] - ETA: 3s - loss: 1.7068 - accuracy: 0.3952
56/98 [================>.............] - ETA: 3s - loss: 1.7032 - accuracy: 0.3969
57/98 [================>.............] - ETA: 3s - loss: 1.7000 - accuracy: 0.3980
58/98 [================>.............] - ETA: 3s - loss: 1.6948 - accuracy: 0.4001
59/98 [=================>............] - ETA: 3s - loss: 1.6912 - accuracy: 0.4014
60/98 [=================>............] - ETA: 3s - loss: 1.6888 - accuracy: 0.4021
61/98 [=================>............] - ETA: 3s - loss: 1.6850 - accuracy: 0.4038
62/98 [=================>............] - ETA: 3s - loss: 1.6807 - accuracy: 0.4054
63/98 [==================>...........] - ETA: 3s - loss: 1.6787 - accuracy: 0.4060
64/98 [==================>...........] - ETA: 3s - loss: 1.6753 - accuracy: 0.4076
65/98 [==================>...........] - ETA: 2s - loss: 1.6723 - accuracy: 0.4091
66/98 [===================>..........] - ETA: 2s - loss: 1.6690 - accuracy: 0.4103
67/98 [===================>..........] - ETA: 2s - loss: 1.6662 - accuracy: 0.4112
68/98 [===================>..........] - ETA: 2s - loss: 1.6628 - accuracy: 0.4124
69/98 [====================>.........] - ETA: 2s - loss: 1.6588 - accuracy: 0.4142
70/98 [====================>.........] - ETA: 2s - loss: 1.6557 - accuracy: 0.4154
71/98 [====================>.........] - ETA: 2s - loss: 1.6516 - accuracy: 0.4171
72/98 [=====================>........] - ETA: 2s - loss: 1.6491 - accuracy: 0.4178
73/98 [=====================>........] - ETA: 2s - loss: 1.6465 - accuracy: 0.4187
74/98 [=====================>........] - ETA: 2s - loss: 1.6439 - accuracy: 0.4194
75/98 [=====================>........] - ETA: 2s - loss: 1.6416 - accuracy: 0.4204
76/98 [======================>.......] - ETA: 1s - loss: 1.6398 - accuracy: 0.4210
77/98 [======================>.......] - ETA: 1s - loss: 1.6368 - accuracy: 0.4220
78/98 [======================>.......] - ETA: 1s - loss: 1.6347 - accuracy: 0.4227
79/98 [=======================>......] - ETA: 1s - loss: 1.6326 - accuracy: 0.4233
80/98 [=======================>......] - ETA: 1s - loss: 1.6306 - accuracy: 0.4238
81/98 [=======================>......] - ETA: 1s - loss: 1.6271 - accuracy: 0.4250
82/98 [========================>.....] - ETA: 1s - loss: 1.6242 - accuracy: 0.4258
83/98 [========================>.....] - ETA: 1s - loss: 1.6207 - accuracy: 0.4273
84/98 [========================>.....] - ETA: 1s - loss: 1.6181 - accuracy: 0.4283
85/98 [=========================>....] - ETA: 1s - loss: 1.6154 - accuracy: 0.4292
86/98 [=========================>....] - ETA: 1s - loss: 1.6128 - accuracy: 0.4302
88/98 [=========================>....] - ETA: 0s - loss: 1.6087 - accuracy: 0.4319
89/98 [==========================>...] - ETA: 0s - loss: 1.6066 - accuracy: 0.4325
91/98 [==========================>...] - ETA: 0s - loss: 1.5997 - accuracy: 0.4352
93/98 [===========================>..] - ETA: 0s - loss: 1.5966 - accuracy: 0.4362
94/98 [===========================>..] - ETA: 0s - loss: 1.5945 - accuracy: 0.4369
96/98 [============================>.] - ETA: 0s - loss: 1.5892 - accuracy: 0.4390
98/98 [==============================] - ETA: 0s - loss: 1.5851 - accuracy: 0.4404
98/98 [==============================] - 14s 98ms/step - loss: 1.5851 - accuracy: 0.4404 - val_loss: 2.0674 - val_accuracy: 0.3736
Epoch 2/109

 1/98 [..............................] - ETA: 9s - loss: 1.2640 - accuracy: 0.5781
 2/98 [..............................] - ETA: 8s - loss: 1.3139 - accuracy: 0.5479
 3/98 [..............................] - ETA: 7s - loss: 1.3254 - accuracy: 0.5410
 4/98 [>.............................] - ETA: 8s - loss: 1.2964 - accuracy: 0.5469
 5/98 [>.............................] - ETA: 8s - loss: 1.3102 - accuracy: 0.5332
 6/98 [>.............................] - ETA: 7s - loss: 1.3074 - accuracy: 0.5355
 7/98 [=>............................] - ETA: 8s - loss: 1.3039 - accuracy: 0.5354
 8/98 [=>............................] - ETA: 7s - loss: 1.2990 - accuracy: 0.5383
 9/98 [=>............................] - ETA: 7s - loss: 1.3036 - accuracy: 0.5386
10/98 [==>...........................] - ETA: 7s - loss: 1.3097 - accuracy: 0.5372
11/98 [==>...........................] - ETA: 7s - loss: 1.3056 - accuracy: 0.5398
12/98 [==>...........................] - ETA: 7s - loss: 1.3039 - accuracy: 0.5397
13/98 [==>...........................] - ETA: 7s - loss: 1.3022 - accuracy: 0.5403
14/98 [===>..........................] - ETA: 7s - loss: 1.3006 - accuracy: 0.5409
15/98 [===>..........................] - ETA: 7s - loss: 1.3027 - accuracy: 0.5389
16/98 [===>..........................] - ETA: 7s - loss: 1.3053 - accuracy: 0.5393
17/98 [====>.........................] - ETA: 6s - loss: 1.3045 - accuracy: 0.5406
18/98 [====>.........................] - ETA: 6s - loss: 1.3047 - accuracy: 0.5409
19/98 [====>.........................] - ETA: 6s - loss: 1.3035 - accuracy: 0.5418
20/98 [=====>........................] - ETA: 6s - loss: 1.3003 - accuracy: 0.5429
21/98 [=====>........................] - ETA: 6s - loss: 1.3024 - accuracy: 0.5414
23/98 [======>.......................] - ETA: 6s - loss: 1.2953 - accuracy: 0.5446
25/98 [======>.......................] - ETA: 5s - loss: 1.2989 - accuracy: 0.5428
26/98 [======>.......................] - ETA: 5s - loss: 1.3004 - accuracy: 0.5416
28/98 [=======>......................] - ETA: 5s - loss: 1.2977 - accuracy: 0.5431
30/98 [========>.....................] - ETA: 5s - loss: 1.2972 - accuracy: 0.5429
32/98 [========>.....................] - ETA: 4s - loss: 1.2947 - accuracy: 0.5441
33/98 [=========>....................] - ETA: 4s - loss: 1.2952 - accuracy: 0.5428
35/98 [=========>....................] - ETA: 4s - loss: 1.2947 - accuracy: 0.5440
37/98 [==========>...................] - ETA: 4s - loss: 1.2951 - accuracy: 0.5444
38/98 [==========>...................] - ETA: 4s - loss: 1.2955 - accuracy: 0.5449
40/98 [===========>..................] - ETA: 4s - loss: 1.2938 - accuracy: 0.5450
41/98 [===========>..................] - ETA: 3s - loss: 1.2937 - accuracy: 0.5450
42/98 [===========>..................] - ETA: 3s - loss: 1.2928 - accuracy: 0.5445
43/98 [============>.................] - ETA: 3s - loss: 1.2905 - accuracy: 0.5458
44/98 [============>.................] - ETA: 3s - loss: 1.2896 - accuracy: 0.5459
45/98 [============>.................] - ETA: 3s - loss: 1.2875 - accuracy: 0.5464
46/98 [=============>................] - ETA: 3s - loss: 1.2871 - accuracy: 0.5469
47/98 [=============>................] - ETA: 3s - loss: 1.2855 - accuracy: 0.5476
48/98 [=============>................] - ETA: 3s - loss: 1.2854 - accuracy: 0.5472
49/98 [==============>...............] - ETA: 3s - loss: 1.2846 - accuracy: 0.5476
50/98 [==============>...............] - ETA: 3s - loss: 1.2829 - accuracy: 0.5481
51/98 [==============>...............] - ETA: 3s - loss: 1.2827 - accuracy: 0.5482
52/98 [==============>...............] - ETA: 3s - loss: 1.2823 - accuracy: 0.5485
53/98 [===============>..............] - ETA: 3s - loss: 1.2818 - accuracy: 0.5486
54/98 [===============>..............] - ETA: 3s - loss: 1.2807 - accuracy: 0.5490
55/98 [===============>..............] - ETA: 3s - loss: 1.2796 - accuracy: 0.5492
56/98 [================>.............] - ETA: 3s - loss: 1.2787 - accuracy: 0.5498
57/98 [================>.............] - ETA: 3s - loss: 1.2780 - accuracy: 0.5500
58/98 [================>.............] - ETA: 2s - loss: 1.2764 - accuracy: 0.5509
59/98 [=================>............] - ETA: 2s - loss: 1.2751 - accuracy: 0.5516
60/98 [=================>............] - ETA: 2s - loss: 1.2746 - accuracy: 0.5519
61/98 [=================>............] - ETA: 2s - loss: 1.2748 - accuracy: 0.5517
62/98 [=================>............] - ETA: 2s - loss: 1.2742 - accuracy: 0.5522
63/98 [==================>...........] - ETA: 2s - loss: 1.2718 - accuracy: 0.5533
64/98 [==================>...........] - ETA: 2s - loss: 1.2708 - accuracy: 0.5540
65/98 [==================>...........] - ETA: 2s - loss: 1.2691 - accuracy: 0.5546
66/98 [===================>..........] - ETA: 2s - loss: 1.2677 - accuracy: 0.5551
67/98 [===================>..........] - ETA: 2s - loss: 1.2677 - accuracy: 0.5554
68/98 [===================>..........] - ETA: 2s - loss: 1.2674 - accuracy: 0.5555
69/98 [====================>.........] - ETA: 2s - loss: 1.2663 - accuracy: 0.5561
70/98 [====================>.........] - ETA: 2s - loss: 1.2663 - accuracy: 0.5562
71/98 [====================>.........] - ETA: 2s - loss: 1.2661 - accuracy: 0.5568
72/98 [=====================>........] - ETA: 2s - loss: 1.2645 - accuracy: 0.5574
73/98 [=====================>........] - ETA: 1s - loss: 1.2629 - accuracy: 0.5581
74/98 [=====================>........] - ETA: 1s - loss: 1.2621 - accuracy: 0.5583
75/98 [=====================>........] - ETA: 1s - loss: 1.2599 - accuracy: 0.5590
76/98 [======================>.......] - ETA: 1s - loss: 1.2579 - accuracy: 0.5597
77/98 [======================>.......] - ETA: 1s - loss: 1.2578 - accuracy: 0.5598
78/98 [======================>.......] - ETA: 1s - loss: 1.2566 - accuracy: 0.5604
79/98 [=======================>......] - ETA: 1s - loss: 1.2554 - accuracy: 0.5608
80/98 [=======================>......] - ETA: 1s - loss: 1.2548 - accuracy: 0.5615
81/98 [=======================>......] - ETA: 1s - loss: 1.2542 - accuracy: 0.5616
82/98 [========================>.....] - ETA: 1s - loss: 1.2526 - accuracy: 0.5619
84/98 [========================>.....] - ETA: 1s - loss: 1.2526 - accuracy: 0.5620
86/98 [=========================>....] - ETA: 0s - loss: 1.2501 - accuracy: 0.5631
87/98 [=========================>....] - ETA: 0s - loss: 1.2497 - accuracy: 0.5630
88/98 [=========================>....] - ETA: 0s - loss: 1.2487 - accuracy: 0.5635
89/98 [==========================>...] - ETA: 0s - loss: 1.2483 - accuracy: 0.5638
91/98 [==========================>...] - ETA: 0s - loss: 1.2477 - accuracy: 0.5641
92/98 [===========================>..] - ETA: 0s - loss: 1.2461 - accuracy: 0.5645
94/98 [===========================>..] - ETA: 0s - loss: 1.2437 - accuracy: 0.5654
95/98 [============================>.] - ETA: 0s - loss: 1.2436 - accuracy: 0.5653
97/98 [============================>.] - ETA: 0s - loss: 1.2419 - accuracy: 0.5659
98/98 [==============================] - ETA: 0s - loss: 1.2411 - accuracy: 0.5660
98/98 [==============================] - 8s 83ms/step - loss: 1.2411 - accuracy: 0.5660 - val_loss: 1.8531 - val_accuracy: 0.4392
Epoch 3/109

 1/98 [..............................] - ETA: 10s - loss: 1.0705 - accuracy: 0.6523
 2/98 [..............................] - ETA: 7s - loss: 1.1335 - accuracy: 0.6074 
 3/98 [..............................] - ETA: 8s - loss: 1.1213 - accuracy: 0.6152
 4/98 [>.............................] - ETA: 8s - loss: 1.1276 - accuracy: 0.6074
 5/98 [>.............................] - ETA: 7s - loss: 1.1267 - accuracy: 0.6094
 6/98 [>.............................] - ETA: 8s - loss: 1.1186 - accuracy: 0.6117
 7/98 [=>............................] - ETA: 7s - loss: 1.1203 - accuracy: 0.6077
 8/98 [=>............................] - ETA: 7s - loss: 1.1188 - accuracy: 0.6099
 9/98 [=>............................] - ETA: 7s - loss: 1.1126 - accuracy: 0.6109
10/98 [==>...........................] - ETA: 7s - loss: 1.1077 - accuracy: 0.6131
11/98 [==>...........................] - ETA: 7s - loss: 1.1142 - accuracy: 0.6108
12/98 [==>...........................] - ETA: 7s - loss: 1.1165 - accuracy: 0.6110
13/98 [==>...........................] - ETA: 7s - loss: 1.1145 - accuracy: 0.6118
14/98 [===>..........................] - ETA: 7s - loss: 1.1062 - accuracy: 0.6141
15/98 [===>..........................] - ETA: 7s - loss: 1.1050 - accuracy: 0.6155
16/98 [===>..........................] - ETA: 7s - loss: 1.1018 - accuracy: 0.6165
17/98 [====>.........................] - ETA: 7s - loss: 1.1027 - accuracy: 0.6159
18/98 [====>.........................] - ETA: 6s - loss: 1.1021 - accuracy: 0.6173
19/98 [====>.........................] - ETA: 6s - loss: 1.1049 - accuracy: 0.6176
20/98 [=====>........................] - ETA: 6s - loss: 1.1045 - accuracy: 0.6158
21/98 [=====>........................] - ETA: 6s - loss: 1.1054 - accuracy: 0.6157
22/98 [=====>........................] - ETA: 6s - loss: 1.1079 - accuracy: 0.6136
23/98 [======>.......................] - ETA: 6s - loss: 1.1088 - accuracy: 0.6141
24/98 [======>.......................] - ETA: 6s - loss: 1.1060 - accuracy: 0.6144
25/98 [======>.......................] - ETA: 6s - loss: 1.1050 - accuracy: 0.6156
26/98 [======>.......................] - ETA: 6s - loss: 1.1045 - accuracy: 0.6154
27/98 [=======>......................] - ETA: 6s - loss: 1.1052 - accuracy: 0.6161
28/98 [=======>......................] - ETA: 6s - loss: 1.1066 - accuracy: 0.6152
30/98 [========>.....................] - ETA: 5s - loss: 1.1072 - accuracy: 0.6150
31/98 [========>.....................] - ETA: 5s - loss: 1.1115 - accuracy: 0.6133
33/98 [=========>....................] - ETA: 5s - loss: 1.1130 - accuracy: 0.6120
35/98 [=========>....................] - ETA: 4s - loss: 1.1137 - accuracy: 0.6113
36/98 [==========>...................] - ETA: 4s - loss: 1.1138 - accuracy: 0.6114
38/98 [==========>...................] - ETA: 4s - loss: 1.1151 - accuracy: 0.6112
40/98 [===========>..................] - ETA: 4s - loss: 1.1121 - accuracy: 0.6120
41/98 [===========>..................] - ETA: 4s - loss: 1.1122 - accuracy: 0.6124
43/98 [============>.................] - ETA: 4s - loss: 1.1115 - accuracy: 0.6119
45/98 [============>.................] - ETA: 3s - loss: 1.1115 - accuracy: 0.6124
47/98 [=============>................] - ETA: 3s - loss: 1.1092 - accuracy: 0.6137
48/98 [=============>................] - ETA: 3s - loss: 1.1088 - accuracy: 0.6137
49/98 [==============>...............] - ETA: 3s - loss: 1.1082 - accuracy: 0.6138
50/98 [==============>...............] - ETA: 3s - loss: 1.1087 - accuracy: 0.6136
51/98 [==============>...............] - ETA: 3s - loss: 1.1075 - accuracy: 0.6141
52/98 [==============>...............] - ETA: 3s - loss: 1.1062 - accuracy: 0.6149
53/98 [===============>..............] - ETA: 3s - loss: 1.1054 - accuracy: 0.6151
54/98 [===============>..............] - ETA: 3s - loss: 1.1073 - accuracy: 0.6145
55/98 [===============>..............] - ETA: 3s - loss: 1.1075 - accuracy: 0.6141
56/98 [================>.............] - ETA: 3s - loss: 1.1069 - accuracy: 0.6149
57/98 [================>.............] - ETA: 3s - loss: 1.1059 - accuracy: 0.6151
58/98 [================>.............] - ETA: 3s - loss: 1.1061 - accuracy: 0.6152
59/98 [=================>............] - ETA: 2s - loss: 1.1064 - accuracy: 0.6151
60/98 [=================>............] - ETA: 2s - loss: 1.1051 - accuracy: 0.6159
61/98 [=================>............] - ETA: 2s - loss: 1.1056 - accuracy: 0.6157
62/98 [=================>............] - ETA: 2s - loss: 1.1056 - accuracy: 0.6160
64/98 [==================>...........] - ETA: 2s - loss: 1.1045 - accuracy: 0.6162
65/98 [==================>...........] - ETA: 2s - loss: 1.1041 - accuracy: 0.6159
66/98 [===================>..........] - ETA: 2s - loss: 1.1031 - accuracy: 0.6164
67/98 [===================>..........] - ETA: 2s - loss: 1.1030 - accuracy: 0.6167
68/98 [===================>..........] - ETA: 2s - loss: 1.1026 - accuracy: 0.6171
69/98 [====================>.........] - ETA: 2s - loss: 1.1023 - accuracy: 0.6170
70/98 [====================>.........] - ETA: 2s - loss: 1.1036 - accuracy: 0.6166
71/98 [====================>.........] - ETA: 2s - loss: 1.1027 - accuracy: 0.6169
72/98 [=====================>........] - ETA: 2s - loss: 1.1018 - accuracy: 0.6171
73/98 [=====================>........] - ETA: 1s - loss: 1.1007 - accuracy: 0.6172
74/98 [=====================>........] - ETA: 1s - loss: 1.1004 - accuracy: 0.6172
75/98 [=====================>........] - ETA: 1s - loss: 1.0996 - accuracy: 0.6178
76/98 [======================>.......] - ETA: 1s - loss: 1.0997 - accuracy: 0.6177
77/98 [======================>.......] - ETA: 1s - loss: 1.0995 - accuracy: 0.6176
78/98 [======================>.......] - ETA: 1s - loss: 1.0984 - accuracy: 0.6182
79/98 [=======================>......] - ETA: 1s - loss: 1.0984 - accuracy: 0.6184
80/98 [=======================>......] - ETA: 1s - loss: 1.0986 - accuracy: 0.6182
81/98 [=======================>......] - ETA: 1s - loss: 1.0982 - accuracy: 0.6181
82/98 [========================>.....] - ETA: 1s - loss: 1.0990 - accuracy: 0.6178
83/98 [========================>.....] - ETA: 1s - loss: 1.0973 - accuracy: 0.6184
84/98 [========================>.....] - ETA: 1s - loss: 1.0966 - accuracy: 0.6187
85/98 [=========================>....] - ETA: 1s - loss: 1.0960 - accuracy: 0.6186
86/98 [=========================>....] - ETA: 0s - loss: 1.0957 - accuracy: 0.6187
87/98 [=========================>....] - ETA: 0s - loss: 1.0948 - accuracy: 0.6190
88/98 [=========================>....] - ETA: 0s - loss: 1.0943 - accuracy: 0.6191
90/98 [==========================>...] - ETA: 0s - loss: 1.0942 - accuracy: 0.6194
91/98 [==========================>...] - ETA: 0s - loss: 1.0947 - accuracy: 0.6194
93/98 [===========================>..] - ETA: 0s - loss: 1.0937 - accuracy: 0.6201
95/98 [============================>.] - ETA: 0s - loss: 1.0940 - accuracy: 0.6198
96/98 [============================>.] - ETA: 0s - loss: 1.0939 - accuracy: 0.6198
98/98 [==============================] - ETA: 0s - loss: 1.0938 - accuracy: 0.6198
98/98 [==============================] - 8s 84ms/step - loss: 1.0938 - accuracy: 0.6198 - val_loss: 1.6289 - val_accuracy: 0.4998
Epoch 4/109

 1/98 [..............................] - ETA: 10s - loss: 0.9284 - accuracy: 0.6738
 2/98 [..............................] - ETA: 8s - loss: 0.9663 - accuracy: 0.6631 
 3/98 [..............................] - ETA: 8s - loss: 0.9909 - accuracy: 0.6576
 4/98 [>.............................] - ETA: 8s - loss: 0.9809 - accuracy: 0.6631
 5/98 [>.............................] - ETA: 8s - loss: 0.9698 - accuracy: 0.6703
 6/98 [>.............................] - ETA: 8s - loss: 0.9909 - accuracy: 0.6624
 7/98 [=>............................] - ETA: 8s - loss: 0.9885 - accuracy: 0.6616
 8/98 [=>............................] - ETA: 7s - loss: 0.9884 - accuracy: 0.6606
 9/98 [=>............................] - ETA: 7s - loss: 0.9899 - accuracy: 0.6595
10/98 [==>...........................] - ETA: 7s - loss: 0.9902 - accuracy: 0.6607
11/98 [==>...........................] - ETA: 7s - loss: 0.9955 - accuracy: 0.6578
12/98 [==>...........................] - ETA: 7s - loss: 0.9958 - accuracy: 0.6582
13/98 [==>...........................] - ETA: 7s - loss: 1.0027 - accuracy: 0.6535
14/98 [===>..........................] - ETA: 7s - loss: 1.0021 - accuracy: 0.6535
15/98 [===>..........................] - ETA: 7s - loss: 0.9989 - accuracy: 0.6549
16/98 [===>..........................] - ETA: 7s - loss: 0.9987 - accuracy: 0.6541
17/98 [====>.........................] - ETA: 7s - loss: 0.9969 - accuracy: 0.6553
18/98 [====>.........................] - ETA: 7s - loss: 0.9955 - accuracy: 0.6554
19/98 [====>.........................] - ETA: 6s - loss: 0.9955 - accuracy: 0.6534
20/98 [=====>........................] - ETA: 6s - loss: 0.9978 - accuracy: 0.6523
21/98 [=====>........................] - ETA: 6s - loss: 0.9983 - accuracy: 0.6519
22/98 [=====>........................] - ETA: 6s - loss: 0.9982 - accuracy: 0.6529
23/98 [======>.......................] - ETA: 6s - loss: 0.9970 - accuracy: 0.6535
24/98 [======>.......................] - ETA: 6s - loss: 0.9948 - accuracy: 0.6534
25/98 [======>.......................] - ETA: 6s - loss: 0.9971 - accuracy: 0.6534
26/98 [======>.......................] - ETA: 6s - loss: 0.9979 - accuracy: 0.6532
27/98 [=======>......................] - ETA: 6s - loss: 0.9980 - accuracy: 0.6528
28/98 [=======>......................] - ETA: 6s - loss: 0.9998 - accuracy: 0.6535
29/98 [=======>......................] - ETA: 6s - loss: 0.9991 - accuracy: 0.6534
30/98 [========>.....................] - ETA: 5s - loss: 1.0011 - accuracy: 0.6519
31/98 [========>.....................] - ETA: 5s - loss: 1.0020 - accuracy: 0.6519
32/98 [========>.....................] - ETA: 5s - loss: 1.0002 - accuracy: 0.6531
34/98 [=========>....................] - ETA: 5s - loss: 0.9987 - accuracy: 0.6541
36/98 [==========>...................] - ETA: 5s - loss: 1.0003 - accuracy: 0.6539
38/98 [==========>...................] - ETA: 4s - loss: 0.9998 - accuracy: 0.6539
39/98 [==========>...................] - ETA: 4s - loss: 0.9991 - accuracy: 0.6537
41/98 [===========>..................] - ETA: 4s - loss: 0.9971 - accuracy: 0.6546
42/98 [===========>..................] - ETA: 4s - loss: 0.9963 - accuracy: 0.6552
44/98 [============>.................] - ETA: 4s - loss: 0.9942 - accuracy: 0.6549
46/98 [=============>................] - ETA: 3s - loss: 0.9951 - accuracy: 0.6546
48/98 [=============>................] - ETA: 3s - loss: 0.9950 - accuracy: 0.6551
49/98 [==============>...............] - ETA: 3s - loss: 0.9957 - accuracy: 0.6547
51/98 [==============>...............] - ETA: 3s - loss: 0.9968 - accuracy: 0.6547
52/98 [==============>...............] - ETA: 3s - loss: 0.9965 - accuracy: 0.6551
53/98 [===============>..............] - ETA: 3s - loss: 0.9962 - accuracy: 0.6555
54/98 [===============>..............] - ETA: 3s - loss: 0.9960 - accuracy: 0.6558
55/98 [===============>..............] - ETA: 3s - loss: 0.9964 - accuracy: 0.6556
56/98 [================>.............] - ETA: 3s - loss: 0.9972 - accuracy: 0.6555
57/98 [================>.............] - ETA: 3s - loss: 0.9972 - accuracy: 0.6557
58/98 [================>.............] - ETA: 2s - loss: 0.9961 - accuracy: 0.6562
59/98 [=================>............] - ETA: 2s - loss: 0.9958 - accuracy: 0.6561
60/98 [=================>............] - ETA: 2s - loss: 0.9965 - accuracy: 0.6558
61/98 [=================>............] - ETA: 2s - loss: 0.9959 - accuracy: 0.6561
62/98 [=================>............] - ETA: 2s - loss: 0.9941 - accuracy: 0.6569
63/98 [==================>...........] - ETA: 2s - loss: 0.9934 - accuracy: 0.6572
64/98 [==================>...........] - ETA: 2s - loss: 0.9940 - accuracy: 0.6568
65/98 [==================>...........] - ETA: 2s - loss: 0.9939 - accuracy: 0.6568
66/98 [===================>..........] - ETA: 2s - loss: 0.9928 - accuracy: 0.6576
67/98 [===================>..........] - ETA: 2s - loss: 0.9939 - accuracy: 0.6573
68/98 [===================>..........] - ETA: 2s - loss: 0.9941 - accuracy: 0.6566
69/98 [====================>.........] - ETA: 2s - loss: 0.9935 - accuracy: 0.6567
70/98 [====================>.........] - ETA: 2s - loss: 0.9940 - accuracy: 0.6569
71/98 [====================>.........] - ETA: 2s - loss: 0.9942 - accuracy: 0.6565
72/98 [=====================>........] - ETA: 2s - loss: 0.9938 - accuracy: 0.6565
73/98 [=====================>........] - ETA: 1s - loss: 0.9931 - accuracy: 0.6568
74/98 [=====================>........] - ETA: 1s - loss: 0.9922 - accuracy: 0.6572
75/98 [=====================>........] - ETA: 1s - loss: 0.9928 - accuracy: 0.6572
76/98 [======================>.......] - ETA: 1s - loss: 0.9918 - accuracy: 0.6576
77/98 [======================>.......] - ETA: 1s - loss: 0.9919 - accuracy: 0.6574
78/98 [======================>.......] - ETA: 1s - loss: 0.9917 - accuracy: 0.6575
79/98 [=======================>......] - ETA: 1s - loss: 0.9911 - accuracy: 0.6574
80/98 [=======================>......] - ETA: 1s - loss: 0.9903 - accuracy: 0.6574
81/98 [=======================>......] - ETA: 1s - loss: 0.9904 - accuracy: 0.6573
82/98 [========================>.....] - ETA: 1s - loss: 0.9900 - accuracy: 0.6575
83/98 [========================>.....] - ETA: 1s - loss: 0.9890 - accuracy: 0.6580
84/98 [========================>.....] - ETA: 1s - loss: 0.9891 - accuracy: 0.6580
85/98 [=========================>....] - ETA: 1s - loss: 0.9892 - accuracy: 0.6578
86/98 [=========================>....] - ETA: 0s - loss: 0.9885 - accuracy: 0.6581
87/98 [=========================>....] - ETA: 0s - loss: 0.9880 - accuracy: 0.6582
88/98 [=========================>....] - ETA: 0s - loss: 0.9874 - accuracy: 0.6584
89/98 [==========================>...] - ETA: 0s - loss: 0.9877 - accuracy: 0.6583
90/98 [==========================>...] - ETA: 0s - loss: 0.9877 - accuracy: 0.6583
91/98 [==========================>...] - ETA: 0s - loss: 0.9875 - accuracy: 0.6582
92/98 [===========================>..] - ETA: 0s - loss: 0.9874 - accuracy: 0.6583
93/98 [===========================>..] - ETA: 0s - loss: 0.9878 - accuracy: 0.6581
95/98 [============================>.] - ETA: 0s - loss: 0.9866 - accuracy: 0.6586
97/98 [============================>.] - ETA: 0s - loss: 0.9873 - accuracy: 0.6581
98/98 [==============================] - 8s 85ms/step - loss: 0.9872 - accuracy: 0.6584 - val_loss: 1.3865 - val_accuracy: 0.5497
Epoch 5/109

 1/98 [..............................] - ETA: 9s - loss: 0.9195 - accuracy: 0.7090
 2/98 [..............................] - ETA: 9s - loss: 0.9151 - accuracy: 0.6973
 3/98 [..............................] - ETA: 9s - loss: 0.9334 - accuracy: 0.6875
 4/98 [>.............................] - ETA: 8s - loss: 0.9387 - accuracy: 0.6880
 5/98 [>.............................] - ETA: 8s - loss: 0.9241 - accuracy: 0.6902
 6/98 [>.............................] - ETA: 8s - loss: 0.9277 - accuracy: 0.6839
 7/98 [=>............................] - ETA: 8s - loss: 0.9167 - accuracy: 0.6878
 8/98 [=>............................] - ETA: 7s - loss: 0.9107 - accuracy: 0.6887
 9/98 [=>............................] - ETA: 7s - loss: 0.9107 - accuracy: 0.6890
10/98 [==>...........................] - ETA: 7s - loss: 0.9074 - accuracy: 0.6914
11/98 [==>...........................] - ETA: 7s - loss: 0.9133 - accuracy: 0.6877
12/98 [==>...........................] - ETA: 7s - loss: 0.9102 - accuracy: 0.6903
13/98 [==>...........................] - ETA: 7s - loss: 0.9104 - accuracy: 0.6892
14/98 [===>..........................] - ETA: 7s - loss: 0.9131 - accuracy: 0.6867
15/98 [===>..........................] - ETA: 7s - loss: 0.9160 - accuracy: 0.6862
16/98 [===>..........................] - ETA: 7s - loss: 0.9155 - accuracy: 0.6858
17/98 [====>.........................] - ETA: 7s - loss: 0.9181 - accuracy: 0.6855
18/98 [====>.........................] - ETA: 6s - loss: 0.9163 - accuracy: 0.6857
19/98 [====>.........................] - ETA: 6s - loss: 0.9190 - accuracy: 0.6851
20/98 [=====>........................] - ETA: 6s - loss: 0.9176 - accuracy: 0.6855
21/98 [=====>........................] - ETA: 6s - loss: 0.9163 - accuracy: 0.6864
22/98 [=====>........................] - ETA: 6s - loss: 0.9175 - accuracy: 0.6849
23/98 [======>.......................] - ETA: 6s - loss: 0.9162 - accuracy: 0.6857
24/98 [======>.......................] - ETA: 6s - loss: 0.9156 - accuracy: 0.6851
25/98 [======>.......................] - ETA: 6s - loss: 0.9187 - accuracy: 0.6843
26/98 [======>.......................] - ETA: 6s - loss: 0.9215 - accuracy: 0.6845
27/98 [=======>......................] - ETA: 6s - loss: 0.9215 - accuracy: 0.6850
28/98 [=======>......................] - ETA: 6s - loss: 0.9192 - accuracy: 0.6862
29/98 [=======>......................] - ETA: 6s - loss: 0.9201 - accuracy: 0.6856
30/98 [========>.....................] - ETA: 5s - loss: 0.9201 - accuracy: 0.6859
31/98 [========>.....................] - ETA: 5s - loss: 0.9189 - accuracy: 0.6864
32/98 [========>.....................] - ETA: 5s - loss: 0.9192 - accuracy: 0.6865
33/98 [=========>....................] - ETA: 5s - loss: 0.9209 - accuracy: 0.6852
34/98 [=========>....................] - ETA: 5s - loss: 0.9211 - accuracy: 0.6852
35/98 [=========>....................] - ETA: 5s - loss: 0.9241 - accuracy: 0.6836
36/98 [==========>...................] - ETA: 5s - loss: 0.9255 - accuracy: 0.6827
38/98 [==========>...................] - ETA: 5s - loss: 0.9218 - accuracy: 0.6841
39/98 [==========>...................] - ETA: 5s - loss: 0.9225 - accuracy: 0.6832
41/98 [===========>..................] - ETA: 4s - loss: 0.9244 - accuracy: 0.6819
43/98 [============>.................] - ETA: 4s - loss: 0.9255 - accuracy: 0.6818
45/98 [============>.................] - ETA: 4s - loss: 0.9274 - accuracy: 0.6813
47/98 [=============>................] - ETA: 4s - loss: 0.9262 - accuracy: 0.6816
48/98 [=============>................] - ETA: 3s - loss: 0.9265 - accuracy: 0.6815
50/98 [==============>...............] - ETA: 3s - loss: 0.9247 - accuracy: 0.6831
51/98 [==============>...............] - ETA: 3s - loss: 0.9235 - accuracy: 0.6833
53/98 [===============>..............] - ETA: 3s - loss: 0.9225 - accuracy: 0.6835
55/98 [===============>..............] - ETA: 3s - loss: 0.9221 - accuracy: 0.6825
56/98 [================>.............] - ETA: 3s - loss: 0.9219 - accuracy: 0.6824
57/98 [================>.............] - ETA: 3s - loss: 0.9214 - accuracy: 0.6827
58/98 [================>.............] - ETA: 3s - loss: 0.9211 - accuracy: 0.6828
59/98 [=================>............] - ETA: 2s - loss: 0.9198 - accuracy: 0.6831
60/98 [=================>............] - ETA: 2s - loss: 0.9194 - accuracy: 0.6830
61/98 [=================>............] - ETA: 2s - loss: 0.9183 - accuracy: 0.6836
62/98 [=================>............] - ETA: 2s - loss: 0.9179 - accuracy: 0.6839
63/98 [==================>...........] - ETA: 2s - loss: 0.9187 - accuracy: 0.6839
64/98 [==================>...........] - ETA: 2s - loss: 0.9192 - accuracy: 0.6835
65/98 [==================>...........] - ETA: 2s - loss: 0.9190 - accuracy: 0.6835
66/98 [===================>..........] - ETA: 2s - loss: 0.9183 - accuracy: 0.6838
67/98 [===================>..........] - ETA: 2s - loss: 0.9173 - accuracy: 0.6840
68/98 [===================>..........] - ETA: 2s - loss: 0.9172 - accuracy: 0.6841
69/98 [====================>.........] - ETA: 2s - loss: 0.9164 - accuracy: 0.6843
70/98 [====================>.........] - ETA: 2s - loss: 0.9161 - accuracy: 0.6844
71/98 [====================>.........] - ETA: 2s - loss: 0.9164 - accuracy: 0.6846
72/98 [=====================>........] - ETA: 2s - loss: 0.9152 - accuracy: 0.6855
73/98 [=====================>........] - ETA: 1s - loss: 0.9154 - accuracy: 0.6850
74/98 [=====================>........] - ETA: 1s - loss: 0.9160 - accuracy: 0.6846
75/98 [=====================>........] - ETA: 1s - loss: 0.9161 - accuracy: 0.6846
76/98 [======================>.......] - ETA: 1s - loss: 0.9161 - accuracy: 0.6847
77/98 [======================>.......] - ETA: 1s - loss: 0.9156 - accuracy: 0.6849
78/98 [======================>.......] - ETA: 1s - loss: 0.9165 - accuracy: 0.6844
79/98 [=======================>......] - ETA: 1s - loss: 0.9162 - accuracy: 0.6848
80/98 [=======================>......] - ETA: 1s - loss: 0.9157 - accuracy: 0.6850
81/98 [=======================>......] - ETA: 1s - loss: 0.9160 - accuracy: 0.6852
82/98 [========================>.....] - ETA: 1s - loss: 0.9154 - accuracy: 0.6857
83/98 [========================>.....] - ETA: 1s - loss: 0.9154 - accuracy: 0.6856
84/98 [========================>.....] - ETA: 1s - loss: 0.9150 - accuracy: 0.6854
85/98 [=========================>....] - ETA: 1s - loss: 0.9144 - accuracy: 0.6855
86/98 [=========================>....] - ETA: 0s - loss: 0.9137 - accuracy: 0.6861
87/98 [=========================>....] - ETA: 0s - loss: 0.9146 - accuracy: 0.6858
88/98 [=========================>....] - ETA: 0s - loss: 0.9152 - accuracy: 0.6854
89/98 [==========================>...] - ETA: 0s - loss: 0.9148 - accuracy: 0.6855
90/98 [==========================>...] - ETA: 0s - loss: 0.9153 - accuracy: 0.6853
91/98 [==========================>...] - ETA: 0s - loss: 0.9150 - accuracy: 0.6853
92/98 [===========================>..] - ETA: 0s - loss: 0.9148 - accuracy: 0.6854
93/98 [===========================>..] - ETA: 0s - loss: 0.9149 - accuracy: 0.6853
94/98 [===========================>..] - ETA: 0s - loss: 0.9148 - accuracy: 0.6851
95/98 [============================>.] - ETA: 0s - loss: 0.9140 - accuracy: 0.6854
96/98 [============================>.] - ETA: 0s - loss: 0.9140 - accuracy: 0.6854
97/98 [============================>.] - ETA: 0s - loss: 0.9139 - accuracy: 0.6856
98/98 [==============================] - ETA: 0s - loss: 0.9136 - accuracy: 0.6856
98/98 [==============================] - 8s 86ms/step - loss: 0.9136 - accuracy: 0.6856 - val_loss: 1.1486 - val_accuracy: 0.6181
Epoch 6/109

 1/98 [..............................] - ETA: 9s - loss: 0.8599 - accuracy: 0.7090
 2/98 [..............................] - ETA: 9s - loss: 0.8635 - accuracy: 0.7021
 3/98 [..............................] - ETA: 8s - loss: 0.8494 - accuracy: 0.7109
 4/98 [>.............................] - ETA: 8s - loss: 0.8378 - accuracy: 0.7134
 5/98 [>.............................] - ETA: 8s - loss: 0.8334 - accuracy: 0.7141
 6/98 [>.............................] - ETA: 8s - loss: 0.8313 - accuracy: 0.7109
 7/98 [=>............................] - ETA: 8s - loss: 0.8306 - accuracy: 0.7134
 8/98 [=>............................] - ETA: 8s - loss: 0.8361 - accuracy: 0.7131
 9/98 [=>............................] - ETA: 8s - loss: 0.8396 - accuracy: 0.7135
