2024-06-26 23:18:31.879635: I tensorflow/core/platform/cpu_feature_guard.cc:193] This TensorFlow binary is optimized with oneAPI Deep Neural Network Library (oneDNN) to use the following CPU instructions in performance-critical operations:  AVX AVX2
To enable them in other operations, rebuild TensorFlow with the appropriate compiler flags.
2024-06-26 23:18:32.619762: I tensorflow/core/common_runtime/gpu/gpu_device.cc:1616] Created device /job:localhost/replica:0/task:0/device:GPU:0 with 6656 MB memory:  -> device: 0, name: NVIDIA GeForce RTX 4060 Ti, pci bus id: 0000:01:00.0, compute capability: 8.9
1 Physical GPUs, 1 Logical GPUs
Model: "sequential"
_________________________________________________________________
 Layer (type)                Output Shape              Param #   
=================================================================
 conv2d (Conv2D)             (None, 32, 32, 32)        896       
                                                                 
 max_pooling2d (MaxPooling2D  (None, 16, 16, 32)       0         
 )                                                               
                                                                 
 batch_normalization (BatchN  (None, 16, 16, 32)       128       
 ormalization)                                                   
                                                                 
 conv2d_1 (Conv2D)           (None, 16, 16, 256)       205056    
                                                                 
 dropout (Dropout)           (None, 16, 16, 256)       0         
                                                                 
 flatten (Flatten)           (None, 65536)             0         
                                                                 
 dense (Dense)               (None, 10)                655370    
                                                                 
=================================================================
Total params: 861,450
Trainable params: 861,386
Non-trainable params: 64
_________________________________________________________________
Taxa de aprendizado:  0.0001 Num de épocas:  109 Tamanho do lote:  512 Dropout:  0.26488
Epoch 1/109
2024-06-26 23:18:33.964574: I tensorflow/stream_executor/cuda/cuda_dnn.cc:384] Loaded cuDNN version 8100
2024-06-26 23:18:35.032368: W tensorflow/stream_executor/gpu/redzone_allocator.cc:314] INTERNAL: ptxas exited with non-zero error code -1, output: 
Relying on driver to perform ptx compilation. 
Modify $PATH to customize ptxas location.
This message will be only logged once.
2024-06-26 23:18:36.442903: I tensorflow/stream_executor/cuda/cuda_blas.cc:1614] TensorFloat-32 will be used for the matrix multiplication. This will only be logged once.

 1/98 [..............................] - ETA: 7:58 - loss: 2.3699 - accuracy: 0.1074
 2/98 [..............................] - ETA: 7s - loss: 2.3007 - accuracy: 0.1426  
 3/98 [..............................] - ETA: 6s - loss: 2.2508 - accuracy: 0.1706
 4/98 [>.............................] - ETA: 6s - loss: 2.2156 - accuracy: 0.1875
 5/98 [>.............................] - ETA: 6s - loss: 2.1746 - accuracy: 0.2047
 6/98 [>.............................] - ETA: 6s - loss: 2.1428 - accuracy: 0.2174
 7/98 [=>............................] - ETA: 6s - loss: 2.1100 - accuracy: 0.2302
 8/98 [=>............................] - ETA: 6s - loss: 2.0853 - accuracy: 0.2395
 9/98 [=>............................] - ETA: 6s - loss: 2.0594 - accuracy: 0.2526
10/98 [==>...........................] - ETA: 6s - loss: 2.0359 - accuracy: 0.2617
11/98 [==>...........................] - ETA: 6s - loss: 2.0166 - accuracy: 0.2711
12/98 [==>...........................] - ETA: 6s - loss: 1.9997 - accuracy: 0.2777
13/98 [==>...........................] - ETA: 6s - loss: 1.9844 - accuracy: 0.2837
14/98 [===>..........................] - ETA: 5s - loss: 1.9721 - accuracy: 0.2885
15/98 [===>..........................] - ETA: 5s - loss: 1.9561 - accuracy: 0.2966
16/98 [===>..........................] - ETA: 5s - loss: 1.9445 - accuracy: 0.3027
17/98 [====>.........................] - ETA: 5s - loss: 1.9321 - accuracy: 0.3086
18/98 [====>.........................] - ETA: 5s - loss: 1.9177 - accuracy: 0.3147
19/98 [====>.........................] - ETA: 5s - loss: 1.9061 - accuracy: 0.3199
20/98 [=====>........................] - ETA: 5s - loss: 1.8942 - accuracy: 0.3257
21/98 [=====>........................] - ETA: 5s - loss: 1.8826 - accuracy: 0.3317
22/98 [=====>........................] - ETA: 5s - loss: 1.8726 - accuracy: 0.3356
23/98 [======>.......................] - ETA: 5s - loss: 1.8604 - accuracy: 0.3400
24/98 [======>.......................] - ETA: 5s - loss: 1.8524 - accuracy: 0.3435
25/98 [======>.......................] - ETA: 5s - loss: 1.8419 - accuracy: 0.3457
26/98 [======>.......................] - ETA: 5s - loss: 1.8345 - accuracy: 0.3480
27/98 [=======>......................] - ETA: 5s - loss: 1.8210 - accuracy: 0.3534
28/98 [=======>......................] - ETA: 4s - loss: 1.8123 - accuracy: 0.3559
29/98 [=======>......................] - ETA: 4s - loss: 1.8058 - accuracy: 0.3592
30/98 [========>.....................] - ETA: 4s - loss: 1.7999 - accuracy: 0.3614
31/98 [========>.....................] - ETA: 4s - loss: 1.7941 - accuracy: 0.3635
32/98 [========>.....................] - ETA: 4s - loss: 1.7882 - accuracy: 0.3657
33/98 [=========>....................] - ETA: 4s - loss: 1.7830 - accuracy: 0.3675
34/98 [=========>....................] - ETA: 4s - loss: 1.7761 - accuracy: 0.3695
35/98 [=========>....................] - ETA: 4s - loss: 1.7692 - accuracy: 0.3725
36/98 [==========>...................] - ETA: 4s - loss: 1.7619 - accuracy: 0.3755
37/98 [==========>...................] - ETA: 4s - loss: 1.7561 - accuracy: 0.3778
38/98 [==========>...................] - ETA: 4s - loss: 1.7487 - accuracy: 0.3804
39/98 [==========>...................] - ETA: 4s - loss: 1.7440 - accuracy: 0.3831
40/98 [===========>..................] - ETA: 4s - loss: 1.7396 - accuracy: 0.3848
41/98 [===========>..................] - ETA: 4s - loss: 1.7338 - accuracy: 0.3871
42/98 [===========>..................] - ETA: 3s - loss: 1.7311 - accuracy: 0.3879
43/98 [============>.................] - ETA: 3s - loss: 1.7249 - accuracy: 0.3901
44/98 [============>.................] - ETA: 3s - loss: 1.7205 - accuracy: 0.3919
45/98 [============>.................] - ETA: 3s - loss: 1.7153 - accuracy: 0.3930
46/98 [=============>................] - ETA: 3s - loss: 1.7127 - accuracy: 0.3937
47/98 [=============>................] - ETA: 3s - loss: 1.7074 - accuracy: 0.3957
48/98 [=============>................] - ETA: 3s - loss: 1.7030 - accuracy: 0.3972
49/98 [==============>...............] - ETA: 3s - loss: 1.6980 - accuracy: 0.3987
50/98 [==============>...............] - ETA: 3s - loss: 1.6929 - accuracy: 0.4007
51/98 [==============>...............] - ETA: 3s - loss: 1.6891 - accuracy: 0.4016
52/98 [==============>...............] - ETA: 3s - loss: 1.6871 - accuracy: 0.4026
53/98 [===============>..............] - ETA: 3s - loss: 1.6841 - accuracy: 0.4036
55/98 [===============>..............] - ETA: 3s - loss: 1.6742 - accuracy: 0.4069
57/98 [================>.............] - ETA: 3s - loss: 1.6660 - accuracy: 0.4097
59/98 [=================>............] - ETA: 3s - loss: 1.6592 - accuracy: 0.4121
60/98 [=================>............] - ETA: 3s - loss: 1.6568 - accuracy: 0.4131
61/98 [=================>............] - ETA: 3s - loss: 1.6531 - accuracy: 0.4146
62/98 [=================>............] - ETA: 2s - loss: 1.6498 - accuracy: 0.4154
63/98 [==================>...........] - ETA: 2s - loss: 1.6464 - accuracy: 0.4170
64/98 [==================>...........] - ETA: 2s - loss: 1.6430 - accuracy: 0.4180
65/98 [==================>...........] - ETA: 2s - loss: 1.6382 - accuracy: 0.4200
66/98 [===================>..........] - ETA: 2s - loss: 1.6352 - accuracy: 0.4209
67/98 [===================>..........] - ETA: 2s - loss: 1.6314 - accuracy: 0.4219
68/98 [===================>..........] - ETA: 2s - loss: 1.6284 - accuracy: 0.4232
69/98 [====================>.........] - ETA: 2s - loss: 1.6242 - accuracy: 0.4250
70/98 [====================>.........] - ETA: 2s - loss: 1.6203 - accuracy: 0.4266
71/98 [====================>.........] - ETA: 2s - loss: 1.6170 - accuracy: 0.4277
72/98 [=====================>........] - ETA: 2s - loss: 1.6143 - accuracy: 0.4283
73/98 [=====================>........] - ETA: 2s - loss: 1.6114 - accuracy: 0.4296
74/98 [=====================>........] - ETA: 1s - loss: 1.6077 - accuracy: 0.4308
75/98 [=====================>........] - ETA: 1s - loss: 1.6056 - accuracy: 0.4318
76/98 [======================>.......] - ETA: 1s - loss: 1.6030 - accuracy: 0.4325
77/98 [======================>.......] - ETA: 1s - loss: 1.6007 - accuracy: 0.4335
78/98 [======================>.......] - ETA: 1s - loss: 1.5969 - accuracy: 0.4349
79/98 [=======================>......] - ETA: 1s - loss: 1.5935 - accuracy: 0.4359
80/98 [=======================>......] - ETA: 1s - loss: 1.5899 - accuracy: 0.4373
81/98 [=======================>......] - ETA: 1s - loss: 1.5866 - accuracy: 0.4387
82/98 [========================>.....] - ETA: 1s - loss: 1.5832 - accuracy: 0.4399
83/98 [========================>.....] - ETA: 1s - loss: 1.5800 - accuracy: 0.4410
84/98 [========================>.....] - ETA: 1s - loss: 1.5772 - accuracy: 0.4419
85/98 [=========================>....] - ETA: 1s - loss: 1.5754 - accuracy: 0.4428
86/98 [=========================>....] - ETA: 0s - loss: 1.5731 - accuracy: 0.4435
87/98 [=========================>....] - ETA: 0s - loss: 1.5700 - accuracy: 0.4445
88/98 [=========================>....] - ETA: 0s - loss: 1.5667 - accuracy: 0.4458
89/98 [==========================>...] - ETA: 0s - loss: 1.5645 - accuracy: 0.4466
90/98 [==========================>...] - ETA: 0s - loss: 1.5618 - accuracy: 0.4476
91/98 [==========================>...] - ETA: 0s - loss: 1.5594 - accuracy: 0.4485
92/98 [===========================>..] - ETA: 0s - loss: 1.5563 - accuracy: 0.4495
93/98 [===========================>..] - ETA: 0s - loss: 1.5538 - accuracy: 0.4508
94/98 [===========================>..] - ETA: 0s - loss: 1.5511 - accuracy: 0.4520
95/98 [============================>.] - ETA: 0s - loss: 1.5487 - accuracy: 0.4530
96/98 [============================>.] - ETA: 0s - loss: 1.5458 - accuracy: 0.4539
97/98 [============================>.] - ETA: 0s - loss: 1.5436 - accuracy: 0.4550
98/98 [==============================] - ETA: 0s - loss: 1.5402 - accuracy: 0.4560
98/98 [==============================] - 14s 89ms/step - loss: 1.5402 - accuracy: 0.4560 - val_loss: 2.0931 - val_accuracy: 0.4259
Epoch 2/109

 1/98 [..............................] - ETA: 7s - loss: 1.1945 - accuracy: 0.5859
 2/98 [..............................] - ETA: 7s - loss: 1.2372 - accuracy: 0.5557
 3/98 [..............................] - ETA: 7s - loss: 1.2667 - accuracy: 0.5495
 4/98 [>.............................] - ETA: 6s - loss: 1.2778 - accuracy: 0.5537
 6/98 [>.............................] - ETA: 6s - loss: 1.2728 - accuracy: 0.5628
 7/98 [=>............................] - ETA: 6s - loss: 1.2768 - accuracy: 0.5646
 8/98 [=>............................] - ETA: 6s - loss: 1.2803 - accuracy: 0.5635
 9/98 [=>............................] - ETA: 6s - loss: 1.2728 - accuracy: 0.5650
10/98 [==>...........................] - ETA: 6s - loss: 1.2737 - accuracy: 0.5645
11/98 [==>...........................] - ETA: 5s - loss: 1.2756 - accuracy: 0.5621
12/98 [==>...........................] - ETA: 5s - loss: 1.2768 - accuracy: 0.5610
13/98 [==>...........................] - ETA: 5s - loss: 1.2730 - accuracy: 0.5602
14/98 [===>..........................] - ETA: 5s - loss: 1.2669 - accuracy: 0.5625
15/98 [===>..........................] - ETA: 5s - loss: 1.2617 - accuracy: 0.5652
16/98 [===>..........................] - ETA: 5s - loss: 1.2621 - accuracy: 0.5641
17/98 [====>.........................] - ETA: 5s - loss: 1.2558 - accuracy: 0.5661
18/98 [====>.........................] - ETA: 5s - loss: 1.2533 - accuracy: 0.5658
19/98 [====>.........................] - ETA: 5s - loss: 1.2505 - accuracy: 0.5660
20/98 [=====>........................] - ETA: 5s - loss: 1.2496 - accuracy: 0.5666
21/98 [=====>........................] - ETA: 5s - loss: 1.2463 - accuracy: 0.5684
22/98 [=====>........................] - ETA: 5s - loss: 1.2469 - accuracy: 0.5695
23/98 [======>.......................] - ETA: 5s - loss: 1.2477 - accuracy: 0.5696
24/98 [======>.......................] - ETA: 5s - loss: 1.2456 - accuracy: 0.5703
25/98 [======>.......................] - ETA: 5s - loss: 1.2443 - accuracy: 0.5706
26/98 [======>.......................] - ETA: 5s - loss: 1.2444 - accuracy: 0.5701
27/98 [=======>......................] - ETA: 4s - loss: 1.2405 - accuracy: 0.5712
28/98 [=======>......................] - ETA: 4s - loss: 1.2387 - accuracy: 0.5718
29/98 [=======>......................] - ETA: 4s - loss: 1.2371 - accuracy: 0.5714
30/98 [========>.....................] - ETA: 4s - loss: 1.2398 - accuracy: 0.5704
31/98 [========>.....................] - ETA: 4s - loss: 1.2390 - accuracy: 0.5712
32/98 [========>.....................] - ETA: 4s - loss: 1.2392 - accuracy: 0.5706
33/98 [=========>....................] - ETA: 4s - loss: 1.2353 - accuracy: 0.5722
34/98 [=========>....................] - ETA: 4s - loss: 1.2355 - accuracy: 0.5722
35/98 [=========>....................] - ETA: 4s - loss: 1.2347 - accuracy: 0.5726
36/98 [==========>...................] - ETA: 4s - loss: 1.2316 - accuracy: 0.5737
37/98 [==========>...................] - ETA: 4s - loss: 1.2291 - accuracy: 0.5747
38/98 [==========>...................] - ETA: 4s - loss: 1.2276 - accuracy: 0.5749
39/98 [==========>...................] - ETA: 4s - loss: 1.2267 - accuracy: 0.5755
40/98 [===========>..................] - ETA: 4s - loss: 1.2256 - accuracy: 0.5752
41/98 [===========>..................] - ETA: 4s - loss: 1.2261 - accuracy: 0.5742
42/98 [===========>..................] - ETA: 3s - loss: 1.2239 - accuracy: 0.5752
43/98 [============>.................] - ETA: 3s - loss: 1.2242 - accuracy: 0.5752
44/98 [============>.................] - ETA: 3s - loss: 1.2226 - accuracy: 0.5756
45/98 [============>.................] - ETA: 3s - loss: 1.2226 - accuracy: 0.5750
46/98 [=============>................] - ETA: 3s - loss: 1.2207 - accuracy: 0.5762
47/98 [=============>................] - ETA: 3s - loss: 1.2204 - accuracy: 0.5761
48/98 [=============>................] - ETA: 3s - loss: 1.2190 - accuracy: 0.5762
49/98 [==============>...............] - ETA: 3s - loss: 1.2179 - accuracy: 0.5766
50/98 [==============>...............] - ETA: 3s - loss: 1.2159 - accuracy: 0.5776
51/98 [==============>...............] - ETA: 3s - loss: 1.2160 - accuracy: 0.5777
52/98 [==============>...............] - ETA: 3s - loss: 1.2150 - accuracy: 0.5776
53/98 [===============>..............] - ETA: 3s - loss: 1.2154 - accuracy: 0.5772
54/98 [===============>..............] - ETA: 3s - loss: 1.2140 - accuracy: 0.5774
55/98 [===============>..............] - ETA: 3s - loss: 1.2125 - accuracy: 0.5778
56/98 [================>.............] - ETA: 2s - loss: 1.2120 - accuracy: 0.5779
57/98 [================>.............] - ETA: 2s - loss: 1.2123 - accuracy: 0.5774
58/98 [================>.............] - ETA: 2s - loss: 1.2110 - accuracy: 0.5777
59/98 [=================>............] - ETA: 2s - loss: 1.2103 - accuracy: 0.5779
60/98 [=================>............] - ETA: 2s - loss: 1.2092 - accuracy: 0.5784
61/98 [=================>............] - ETA: 2s - loss: 1.2095 - accuracy: 0.5781
63/98 [==================>...........] - ETA: 2s - loss: 1.2087 - accuracy: 0.5778
65/98 [==================>...........] - ETA: 2s - loss: 1.2097 - accuracy: 0.5776
67/98 [===================>..........] - ETA: 2s - loss: 1.2095 - accuracy: 0.5774
69/98 [====================>.........] - ETA: 1s - loss: 1.2074 - accuracy: 0.5784
70/98 [====================>.........] - ETA: 1s - loss: 1.2063 - accuracy: 0.5792
71/98 [====================>.........] - ETA: 1s - loss: 1.2059 - accuracy: 0.5793
73/98 [=====================>........] - ETA: 1s - loss: 1.2046 - accuracy: 0.5798
74/98 [=====================>........] - ETA: 1s - loss: 1.2042 - accuracy: 0.5799
76/98 [======================>.......] - ETA: 1s - loss: 1.2047 - accuracy: 0.5800
78/98 [======================>.......] - ETA: 1s - loss: 1.2035 - accuracy: 0.5804
80/98 [=======================>......] - ETA: 1s - loss: 1.2033 - accuracy: 0.5804
82/98 [========================>.....] - ETA: 1s - loss: 1.2032 - accuracy: 0.5800
83/98 [========================>.....] - ETA: 0s - loss: 1.2031 - accuracy: 0.5799
84/98 [========================>.....] - ETA: 0s - loss: 1.2022 - accuracy: 0.5802
85/98 [=========================>....] - ETA: 0s - loss: 1.2025 - accuracy: 0.5800
86/98 [=========================>....] - ETA: 0s - loss: 1.2027 - accuracy: 0.5798
87/98 [=========================>....] - ETA: 0s - loss: 1.2026 - accuracy: 0.5802
88/98 [=========================>....] - ETA: 0s - loss: 1.2012 - accuracy: 0.5808
89/98 [==========================>...] - ETA: 0s - loss: 1.2008 - accuracy: 0.5811
90/98 [==========================>...] - ETA: 0s - loss: 1.2010 - accuracy: 0.5809
91/98 [==========================>...] - ETA: 0s - loss: 1.2005 - accuracy: 0.5809
92/98 [===========================>..] - ETA: 0s - loss: 1.1999 - accuracy: 0.5812
93/98 [===========================>..] - ETA: 0s - loss: 1.1994 - accuracy: 0.5814
94/98 [===========================>..] - ETA: 0s - loss: 1.1988 - accuracy: 0.5813
95/98 [============================>.] - ETA: 0s - loss: 1.1980 - accuracy: 0.5817
96/98 [============================>.] - ETA: 0s - loss: 1.1968 - accuracy: 0.5819
97/98 [============================>.] - ETA: 0s - loss: 1.1957 - accuracy: 0.5821
98/98 [==============================] - ETA: 0s - loss: 1.1951 - accuracy: 0.5824
98/98 [==============================] - 7s 75ms/step - loss: 1.1951 - accuracy: 0.5824 - val_loss: 1.8780 - val_accuracy: 0.5248
Epoch 3/109

 1/98 [..............................] - ETA: 7s - loss: 1.0793 - accuracy: 0.6016
 2/98 [..............................] - ETA: 7s - loss: 1.0590 - accuracy: 0.6191
 3/98 [..............................] - ETA: 7s - loss: 1.0545 - accuracy: 0.6276
 4/98 [>.............................] - ETA: 6s - loss: 1.0631 - accuracy: 0.6255
 5/98 [>.............................] - ETA: 6s - loss: 1.0755 - accuracy: 0.6223
 6/98 [>.............................] - ETA: 6s - loss: 1.0880 - accuracy: 0.6169
 7/98 [=>............................] - ETA: 6s - loss: 1.0917 - accuracy: 0.6166
 8/98 [=>............................] - ETA: 6s - loss: 1.0961 - accuracy: 0.6147
 9/98 [=>............................] - ETA: 6s - loss: 1.0861 - accuracy: 0.6191
10/98 [==>...........................] - ETA: 6s - loss: 1.0893 - accuracy: 0.6178
11/98 [==>...........................] - ETA: 6s - loss: 1.0984 - accuracy: 0.6149
12/98 [==>...........................] - ETA: 6s - loss: 1.0989 - accuracy: 0.6149
13/98 [==>...........................] - ETA: 6s - loss: 1.0992 - accuracy: 0.6136
14/98 [===>..........................] - ETA: 6s - loss: 1.0988 - accuracy: 0.6129
15/98 [===>..........................] - ETA: 5s - loss: 1.0990 - accuracy: 0.6126
16/98 [===>..........................] - ETA: 5s - loss: 1.0974 - accuracy: 0.6138
17/98 [====>.........................] - ETA: 5s - loss: 1.0957 - accuracy: 0.6157
18/98 [====>.........................] - ETA: 5s - loss: 1.0923 - accuracy: 0.6159
19/98 [====>.........................] - ETA: 5s - loss: 1.0868 - accuracy: 0.6192
20/98 [=====>........................] - ETA: 5s - loss: 1.0858 - accuracy: 0.6191
21/98 [=====>........................] - ETA: 5s - loss: 1.0856 - accuracy: 0.6203
22/98 [=====>........................] - ETA: 5s - loss: 1.0874 - accuracy: 0.6207
23/98 [======>.......................] - ETA: 5s - loss: 1.0892 - accuracy: 0.6196
24/98 [======>.......................] - ETA: 5s - loss: 1.0874 - accuracy: 0.6189
25/98 [======>.......................] - ETA: 5s - loss: 1.0902 - accuracy: 0.6169
26/98 [======>.......................] - ETA: 5s - loss: 1.0881 - accuracy: 0.6175
27/98 [=======>......................] - ETA: 5s - loss: 1.0851 - accuracy: 0.6188
28/98 [=======>......................] - ETA: 4s - loss: 1.0885 - accuracy: 0.6180
29/98 [=======>......................] - ETA: 4s - loss: 1.0896 - accuracy: 0.6179
30/98 [========>.....................] - ETA: 4s - loss: 1.0896 - accuracy: 0.6173
31/98 [========>.....................] - ETA: 4s - loss: 1.0921 - accuracy: 0.6171
32/98 [========>.....................] - ETA: 4s - loss: 1.0913 - accuracy: 0.6172
33/98 [=========>....................] - ETA: 4s - loss: 1.0914 - accuracy: 0.6171
34/98 [=========>....................] - ETA: 4s - loss: 1.0911 - accuracy: 0.6179
35/98 [=========>....................] - ETA: 4s - loss: 1.0908 - accuracy: 0.6175
37/98 [==========>...................] - ETA: 4s - loss: 1.0883 - accuracy: 0.6182
38/98 [==========>...................] - ETA: 4s - loss: 1.0870 - accuracy: 0.6188
39/98 [==========>...................] - ETA: 4s - loss: 1.0843 - accuracy: 0.6203
40/98 [===========>..................] - ETA: 4s - loss: 1.0834 - accuracy: 0.6200
41/98 [===========>..................] - ETA: 4s - loss: 1.0831 - accuracy: 0.6202
42/98 [===========>..................] - ETA: 3s - loss: 1.0832 - accuracy: 0.6204
43/98 [============>.................] - ETA: 3s - loss: 1.0835 - accuracy: 0.6201
44/98 [============>.................] - ETA: 3s - loss: 1.0821 - accuracy: 0.6203
45/98 [============>.................] - ETA: 3s - loss: 1.0817 - accuracy: 0.6205
46/98 [=============>................] - ETA: 3s - loss: 1.0824 - accuracy: 0.6208
47/98 [=============>................] - ETA: 3s - loss: 1.0828 - accuracy: 0.6204
48/98 [=============>................] - ETA: 3s - loss: 1.0807 - accuracy: 0.6214
49/98 [==============>...............] - ETA: 3s - loss: 1.0791 - accuracy: 0.6221
50/98 [==============>...............] - ETA: 3s - loss: 1.0786 - accuracy: 0.6222
51/98 [==============>...............] - ETA: 3s - loss: 1.0783 - accuracy: 0.6225
52/98 [==============>...............] - ETA: 3s - loss: 1.0777 - accuracy: 0.6226
53/98 [===============>..............] - ETA: 3s - loss: 1.0758 - accuracy: 0.6236
54/98 [===============>..............] - ETA: 3s - loss: 1.0750 - accuracy: 0.6239
55/98 [===============>..............] - ETA: 3s - loss: 1.0748 - accuracy: 0.6240
56/98 [================>.............] - ETA: 2s - loss: 1.0743 - accuracy: 0.6248
57/98 [================>.............] - ETA: 2s - loss: 1.0746 - accuracy: 0.6250
58/98 [================>.............] - ETA: 2s - loss: 1.0737 - accuracy: 0.6252
59/98 [=================>............] - ETA: 2s - loss: 1.0730 - accuracy: 0.6255
60/98 [=================>............] - ETA: 2s - loss: 1.0730 - accuracy: 0.6256
61/98 [=================>............] - ETA: 2s - loss: 1.0723 - accuracy: 0.6259
62/98 [=================>............] - ETA: 2s - loss: 1.0716 - accuracy: 0.6258
63/98 [==================>...........] - ETA: 2s - loss: 1.0725 - accuracy: 0.6252
64/98 [==================>...........] - ETA: 2s - loss: 1.0718 - accuracy: 0.6256
65/98 [==================>...........] - ETA: 2s - loss: 1.0726 - accuracy: 0.6253
66/98 [===================>..........] - ETA: 2s - loss: 1.0718 - accuracy: 0.6260
67/98 [===================>..........] - ETA: 2s - loss: 1.0712 - accuracy: 0.6264
68/98 [===================>..........] - ETA: 2s - loss: 1.0711 - accuracy: 0.6268
69/98 [====================>.........] - ETA: 2s - loss: 1.0703 - accuracy: 0.6271
70/98 [====================>.........] - ETA: 1s - loss: 1.0697 - accuracy: 0.6271
71/98 [====================>.........] - ETA: 1s - loss: 1.0696 - accuracy: 0.6272
72/98 [=====================>........] - ETA: 1s - loss: 1.0693 - accuracy: 0.6270
73/98 [=====================>........] - ETA: 1s - loss: 1.0694 - accuracy: 0.6271
74/98 [=====================>........] - ETA: 1s - loss: 1.0687 - accuracy: 0.6273
75/98 [=====================>........] - ETA: 1s - loss: 1.0684 - accuracy: 0.6276
76/98 [======================>.......] - ETA: 1s - loss: 1.0678 - accuracy: 0.6283
77/98 [======================>.......] - ETA: 1s - loss: 1.0666 - accuracy: 0.6288
78/98 [======================>.......] - ETA: 1s - loss: 1.0665 - accuracy: 0.6289
79/98 [=======================>......] - ETA: 1s - loss: 1.0664 - accuracy: 0.6293
80/98 [=======================>......] - ETA: 1s - loss: 1.0658 - accuracy: 0.6295
81/98 [=======================>......] - ETA: 1s - loss: 1.0665 - accuracy: 0.6293
82/98 [========================>.....] - ETA: 1s - loss: 1.0657 - accuracy: 0.6298
83/98 [========================>.....] - ETA: 1s - loss: 1.0656 - accuracy: 0.6299
84/98 [========================>.....] - ETA: 0s - loss: 1.0660 - accuracy: 0.6297
85/98 [=========================>....] - ETA: 0s - loss: 1.0645 - accuracy: 0.6304
86/98 [=========================>....] - ETA: 0s - loss: 1.0639 - accuracy: 0.6307
87/98 [=========================>....] - ETA: 0s - loss: 1.0632 - accuracy: 0.6312
88/98 [=========================>....] - ETA: 0s - loss: 1.0636 - accuracy: 0.6311
89/98 [==========================>...] - ETA: 0s - loss: 1.0632 - accuracy: 0.6313
90/98 [==========================>...] - ETA: 0s - loss: 1.0634 - accuracy: 0.6311
91/98 [==========================>...] - ETA: 0s - loss: 1.0631 - accuracy: 0.6313
92/98 [===========================>..] - ETA: 0s - loss: 1.0627 - accuracy: 0.6312
93/98 [===========================>..] - ETA: 0s - loss: 1.0627 - accuracy: 0.6311
94/98 [===========================>..] - ETA: 0s - loss: 1.0619 - accuracy: 0.6316
95/98 [============================>.] - ETA: 0s - loss: 1.0607 - accuracy: 0.6322
97/98 [============================>.] - ETA: 0s - loss: 1.0604 - accuracy: 0.6322
98/98 [==============================] - 8s 77ms/step - loss: 1.0608 - accuracy: 0.6317 - val_loss: 1.6108 - val_accuracy: 0.5748
Epoch 4/109

 1/98 [..............................] - ETA: 9s - loss: 1.0114 - accuracy: 0.6523
 2/98 [..............................] - ETA: 5s - loss: 1.0211 - accuracy: 0.6426
 3/98 [..............................] - ETA: 6s - loss: 1.0124 - accuracy: 0.6393
 4/98 [>.............................] - ETA: 6s - loss: 1.0292 - accuracy: 0.6382
 5/98 [>.............................] - ETA: 6s - loss: 1.0115 - accuracy: 0.6434
 6/98 [>.............................] - ETA: 6s - loss: 1.0060 - accuracy: 0.6471
 7/98 [=>............................] - ETA: 6s - loss: 1.0073 - accuracy: 0.6462
 8/98 [=>............................] - ETA: 6s - loss: 1.0015 - accuracy: 0.6479
 9/98 [=>............................] - ETA: 6s - loss: 1.0012 - accuracy: 0.6489
10/98 [==>...........................] - ETA: 6s - loss: 1.0043 - accuracy: 0.6482
11/98 [==>...........................] - ETA: 6s - loss: 0.9959 - accuracy: 0.6507
12/98 [==>...........................] - ETA: 5s - loss: 0.9936 - accuracy: 0.6502
13/98 [==>...........................] - ETA: 5s - loss: 0.9992 - accuracy: 0.6502
14/98 [===>..........................] - ETA: 5s - loss: 0.9985 - accuracy: 0.6498
15/98 [===>..........................] - ETA: 5s - loss: 0.9948 - accuracy: 0.6521
16/98 [===>..........................] - ETA: 5s - loss: 0.9972 - accuracy: 0.6510
17/98 [====>.........................] - ETA: 5s - loss: 0.9977 - accuracy: 0.6502
19/98 [====>.........................] - ETA: 5s - loss: 0.9988 - accuracy: 0.6499
20/98 [=====>........................] - ETA: 5s - loss: 0.9964 - accuracy: 0.6494
21/98 [=====>........................] - ETA: 5s - loss: 0.9942 - accuracy: 0.6509
22/98 [=====>........................] - ETA: 5s - loss: 0.9935 - accuracy: 0.6510
23/98 [======>.......................] - ETA: 5s - loss: 0.9908 - accuracy: 0.6528
24/98 [======>.......................] - ETA: 5s - loss: 0.9908 - accuracy: 0.6529
25/98 [======>.......................] - ETA: 5s - loss: 0.9903 - accuracy: 0.6534
26/98 [======>.......................] - ETA: 5s - loss: 0.9896 - accuracy: 0.6534
27/98 [=======>......................] - ETA: 4s - loss: 0.9921 - accuracy: 0.6537
28/98 [=======>......................] - ETA: 4s - loss: 0.9923 - accuracy: 0.6535
29/98 [=======>......................] - ETA: 4s - loss: 0.9924 - accuracy: 0.6530
30/98 [========>.....................] - ETA: 4s - loss: 0.9916 - accuracy: 0.6535
31/98 [========>.....................] - ETA: 4s - loss: 0.9913 - accuracy: 0.6539
32/98 [========>.....................] - ETA: 4s - loss: 0.9916 - accuracy: 0.6534
33/98 [=========>....................] - ETA: 4s - loss: 0.9924 - accuracy: 0.6533
34/98 [=========>....................] - ETA: 4s - loss: 0.9933 - accuracy: 0.6530
35/98 [=========>....................] - ETA: 4s - loss: 0.9938 - accuracy: 0.6526
36/98 [==========>...................] - ETA: 4s - loss: 0.9945 - accuracy: 0.6527
37/98 [==========>...................] - ETA: 4s - loss: 0.9949 - accuracy: 0.6530
38/98 [==========>...................] - ETA: 4s - loss: 0.9941 - accuracy: 0.6539
39/98 [==========>...................] - ETA: 4s - loss: 0.9939 - accuracy: 0.6542
40/98 [===========>..................] - ETA: 4s - loss: 0.9944 - accuracy: 0.6545
41/98 [===========>..................] - ETA: 4s - loss: 0.9930 - accuracy: 0.6549
42/98 [===========>..................] - ETA: 3s - loss: 0.9901 - accuracy: 0.6555
43/98 [============>.................] - ETA: 3s - loss: 0.9904 - accuracy: 0.6557
44/98 [============>.................] - ETA: 3s - loss: 0.9892 - accuracy: 0.6563
45/98 [============>.................] - ETA: 3s - loss: 0.9891 - accuracy: 0.6567
46/98 [=============>................] - ETA: 3s - loss: 0.9878 - accuracy: 0.6572
47/98 [=============>................] - ETA: 3s - loss: 0.9869 - accuracy: 0.6574
48/98 [=============>................] - ETA: 3s - loss: 0.9865 - accuracy: 0.6576
49/98 [==============>...............] - ETA: 3s - loss: 0.9868 - accuracy: 0.6574
50/98 [==============>...............] - ETA: 3s - loss: 0.9872 - accuracy: 0.6576
51/98 [==============>...............] - ETA: 3s - loss: 0.9867 - accuracy: 0.6581
52/98 [==============>...............] - ETA: 3s - loss: 0.9858 - accuracy: 0.6584
53/98 [===============>..............] - ETA: 3s - loss: 0.9839 - accuracy: 0.6590
54/98 [===============>..............] - ETA: 3s - loss: 0.9844 - accuracy: 0.6586
55/98 [===============>..............] - ETA: 3s - loss: 0.9845 - accuracy: 0.6584
56/98 [================>.............] - ETA: 2s - loss: 0.9840 - accuracy: 0.6587
57/98 [================>.............] - ETA: 2s - loss: 0.9828 - accuracy: 0.6593
58/98 [================>.............] - ETA: 2s - loss: 0.9828 - accuracy: 0.6594
59/98 [=================>............] - ETA: 2s - loss: 0.9806 - accuracy: 0.6604
60/98 [=================>............] - ETA: 2s - loss: 0.9796 - accuracy: 0.6612
61/98 [=================>............] - ETA: 2s - loss: 0.9793 - accuracy: 0.6617
62/98 [=================>............] - ETA: 2s - loss: 0.9786 - accuracy: 0.6620
63/98 [==================>...........] - ETA: 2s - loss: 0.9779 - accuracy: 0.6623
64/98 [==================>...........] - ETA: 2s - loss: 0.9775 - accuracy: 0.6622
65/98 [==================>...........] - ETA: 2s - loss: 0.9766 - accuracy: 0.6625
66/98 [===================>..........] - ETA: 2s - loss: 0.9769 - accuracy: 0.6626
67/98 [===================>..........] - ETA: 2s - loss: 0.9766 - accuracy: 0.6624
68/98 [===================>..........] - ETA: 2s - loss: 0.9762 - accuracy: 0.6624
69/98 [====================>.........] - ETA: 2s - loss: 0.9761 - accuracy: 0.6621
70/98 [====================>.........] - ETA: 1s - loss: 0.9747 - accuracy: 0.6625
71/98 [====================>.........] - ETA: 1s - loss: 0.9745 - accuracy: 0.6628
72/98 [=====================>........] - ETA: 1s - loss: 0.9743 - accuracy: 0.6628
73/98 [=====================>........] - ETA: 1s - loss: 0.9735 - accuracy: 0.6633
74/98 [=====================>........] - ETA: 1s - loss: 0.9732 - accuracy: 0.6633
75/98 [=====================>........] - ETA: 1s - loss: 0.9731 - accuracy: 0.6635
76/98 [======================>.......] - ETA: 1s - loss: 0.9735 - accuracy: 0.6632
77/98 [======================>.......] - ETA: 1s - loss: 0.9733 - accuracy: 0.6634
78/98 [======================>.......] - ETA: 1s - loss: 0.9734 - accuracy: 0.6631
79/98 [=======================>......] - ETA: 1s - loss: 0.9733 - accuracy: 0.6632
80/98 [=======================>......] - ETA: 1s - loss: 0.9740 - accuracy: 0.6629
81/98 [=======================>......] - ETA: 1s - loss: 0.9727 - accuracy: 0.6633
82/98 [========================>.....] - ETA: 1s - loss: 0.9728 - accuracy: 0.6633
83/98 [========================>.....] - ETA: 1s - loss: 0.9734 - accuracy: 0.6629
84/98 [========================>.....] - ETA: 0s - loss: 0.9728 - accuracy: 0.6632
85/98 [=========================>....] - ETA: 0s - loss: 0.9730 - accuracy: 0.6633
86/98 [=========================>....] - ETA: 0s - loss: 0.9729 - accuracy: 0.6632
87/98 [=========================>....] - ETA: 0s - loss: 0.9731 - accuracy: 0.6634
88/98 [=========================>....] - ETA: 0s - loss: 0.9730 - accuracy: 0.6634
89/98 [==========================>...] - ETA: 0s - loss: 0.9724 - accuracy: 0.6634
90/98 [==========================>...] - ETA: 0s - loss: 0.9723 - accuracy: 0.6632
91/98 [==========================>...] - ETA: 0s - loss: 0.9718 - accuracy: 0.6633
92/98 [===========================>..] - ETA: 0s - loss: 0.9720 - accuracy: 0.6633
93/98 [===========================>..] - ETA: 0s - loss: 0.9716 - accuracy: 0.6632
94/98 [===========================>..] - ETA: 0s - loss: 0.9724 - accuracy: 0.6629
95/98 [============================>.] - ETA: 0s - loss: 0.9721 - accuracy: 0.6631
96/98 [============================>.] - ETA: 0s - loss: 0.9723 - accuracy: 0.6630
97/98 [============================>.] - ETA: 0s - loss: 0.9722 - accuracy: 0.6628
98/98 [==============================] - ETA: 0s - loss: 0.9718 - accuracy: 0.6633
98/98 [==============================] - 8s 79ms/step - loss: 0.9718 - accuracy: 0.6633 - val_loss: 1.3664 - val_accuracy: 0.5934
Epoch 5/109

 1/98 [..............................] - ETA: 7s - loss: 0.9691 - accuracy: 0.6895
 2/98 [..............................] - ETA: 7s - loss: 0.9364 - accuracy: 0.6865
 3/98 [..............................] - ETA: 6s - loss: 0.9577 - accuracy: 0.6777
 5/98 [>.............................] - ETA: 6s - loss: 0.9386 - accuracy: 0.6816
 6/98 [>.............................] - ETA: 6s - loss: 0.9391 - accuracy: 0.6799
 7/98 [=>............................] - ETA: 6s - loss: 0.9347 - accuracy: 0.6816
 8/98 [=>............................] - ETA: 6s - loss: 0.9416 - accuracy: 0.6760
 9/98 [=>............................] - ETA: 6s - loss: 0.9407 - accuracy: 0.6773
10/98 [==>...........................] - ETA: 6s - loss: 0.9413 - accuracy: 0.6776
11/98 [==>...........................] - ETA: 5s - loss: 0.9542 - accuracy: 0.6745
12/98 [==>...........................] - ETA: 5s - loss: 0.9518 - accuracy: 0.6763
14/98 [===>..........................] - ETA: 5s - loss: 0.9392 - accuracy: 0.6798
15/98 [===>..........................] - ETA: 5s - loss: 0.9341 - accuracy: 0.6816
17/98 [====>.........................] - ETA: 5s - loss: 0.9326 - accuracy: 0.6821
19/98 [====>.........................] - ETA: 5s - loss: 0.9329 - accuracy: 0.6804
20/98 [=====>........................] - ETA: 4s - loss: 0.9338 - accuracy: 0.6806
22/98 [=====>........................] - ETA: 4s - loss: 0.9328 - accuracy: 0.6806
24/98 [======>.......................] - ETA: 4s - loss: 0.9328 - accuracy: 0.6797
26/98 [======>.......................] - ETA: 4s - loss: 0.9330 - accuracy: 0.6807
28/98 [=======>......................] - ETA: 4s - loss: 0.9317 - accuracy: 0.6811
30/98 [========>.....................] - ETA: 4s - loss: 0.9299 - accuracy: 0.6818
32/98 [========>.....................] - ETA: 3s - loss: 0.9314 - accuracy: 0.6808
34/98 [=========>....................] - ETA: 3s - loss: 0.9296 - accuracy: 0.6799
35/98 [=========>....................] - ETA: 3s - loss: 0.9291 - accuracy: 0.6801
36/98 [==========>...................] - ETA: 3s - loss: 0.9288 - accuracy: 0.6807
37/98 [==========>...................] - ETA: 3s - loss: 0.9279 - accuracy: 0.6805
38/98 [==========>...................] - ETA: 3s - loss: 0.9253 - accuracy: 0.6813
39/98 [==========>...................] - ETA: 3s - loss: 0.9233 - accuracy: 0.6824
40/98 [===========>..................] - ETA: 3s - loss: 0.9233 - accuracy: 0.6820
41/98 [===========>..................] - ETA: 3s - loss: 0.9234 - accuracy: 0.6823
42/98 [===========>..................] - ETA: 3s - loss: 0.9215 - accuracy: 0.6836
43/98 [============>.................] - ETA: 3s - loss: 0.9209 - accuracy: 0.6837
44/98 [============>.................] - ETA: 3s - loss: 0.9183 - accuracy: 0.6845
45/98 [============>.................] - ETA: 3s - loss: 0.9183 - accuracy: 0.6842
46/98 [=============>................] - ETA: 3s - loss: 0.9177 - accuracy: 0.6848
47/98 [=============>................] - ETA: 3s - loss: 0.9183 - accuracy: 0.6846
48/98 [=============>................] - ETA: 3s - loss: 0.9173 - accuracy: 0.6851
49/98 [==============>...............] - ETA: 3s - loss: 0.9168 - accuracy: 0.6855
50/98 [==============>...............] - ETA: 3s - loss: 0.9161 - accuracy: 0.6855
51/98 [==============>...............] - ETA: 2s - loss: 0.9142 - accuracy: 0.6863
52/98 [==============>...............] - ETA: 2s - loss: 0.9133 - accuracy: 0.6869
53/98 [===============>..............] - ETA: 2s - loss: 0.9129 - accuracy: 0.6874
54/98 [===============>..............] - ETA: 2s - loss: 0.9144 - accuracy: 0.6866
55/98 [===============>..............] - ETA: 2s - loss: 0.9132 - accuracy: 0.6870
56/98 [================>.............] - ETA: 2s - loss: 0.9133 - accuracy: 0.6869
57/98 [================>.............] - ETA: 2s - loss: 0.9129 - accuracy: 0.6871
58/98 [================>.............] - ETA: 2s - loss: 0.9124 - accuracy: 0.6871
59/98 [=================>............] - ETA: 2s - loss: 0.9119 - accuracy: 0.6873
60/98 [=================>............] - ETA: 2s - loss: 0.9107 - accuracy: 0.6877
61/98 [=================>............] - ETA: 2s - loss: 0.9098 - accuracy: 0.6878
62/98 [=================>............] - ETA: 2s - loss: 0.9090 - accuracy: 0.6884
63/98 [==================>...........] - ETA: 2s - loss: 0.9080 - accuracy: 0.6885
64/98 [==================>...........] - ETA: 2s - loss: 0.9081 - accuracy: 0.6885
65/98 [==================>...........] - ETA: 2s - loss: 0.9066 - accuracy: 0.6892
66/98 [===================>..........] - ETA: 2s - loss: 0.9059 - accuracy: 0.6897
67/98 [===================>..........] - ETA: 2s - loss: 0.9055 - accuracy: 0.6896
68/98 [===================>..........] - ETA: 1s - loss: 0.9049 - accuracy: 0.6897
69/98 [====================>.........] - ETA: 1s - loss: 0.9045 - accuracy: 0.6900
70/98 [====================>.........] - ETA: 1s - loss: 0.9043 - accuracy: 0.6900
71/98 [====================>.........] - ETA: 1s - loss: 0.9044 - accuracy: 0.6902
72/98 [=====================>........] - ETA: 1s - loss: 0.9043 - accuracy: 0.6902
73/98 [=====================>........] - ETA: 1s - loss: 0.9046 - accuracy: 0.6900
74/98 [=====================>........] - ETA: 1s - loss: 0.9046 - accuracy: 0.6898
75/98 [=====================>........] - ETA: 1s - loss: 0.9042 - accuracy: 0.6898
76/98 [======================>.......] - ETA: 1s - loss: 0.9041 - accuracy: 0.6897
77/98 [======================>.......] - ETA: 1s - loss: 0.9038 - accuracy: 0.6897
