2024-06-26 22:26:34.295082: I tensorflow/core/platform/cpu_feature_guard.cc:193] This TensorFlow binary is optimized with oneAPI Deep Neural Network Library (oneDNN) to use the following CPU instructions in performance-critical operations:  AVX AVX2
To enable them in other operations, rebuild TensorFlow with the appropriate compiler flags.
2024-06-26 22:26:35.015989: I tensorflow/core/common_runtime/gpu/gpu_device.cc:1616] Created device /job:localhost/replica:0/task:0/device:GPU:0 with 6656 MB memory:  -> device: 0, name: NVIDIA GeForce RTX 4060 Ti, pci bus id: 0000:01:00.0, compute capability: 8.9
1 Physical GPUs, 1 Logical GPUs
Model: "sequential"
_________________________________________________________________
 Layer (type)                Output Shape              Param #   
=================================================================
 conv2d (Conv2D)             (None, 32, 32, 32)        896       
                                                                 
 max_pooling2d (MaxPooling2D  (None, 16, 16, 32)       0         
 )                                                               
                                                                 
 batch_normalization (BatchN  (None, 16, 16, 32)       128       
 ormalization)                                                   
                                                                 
 conv2d_1 (Conv2D)           (None, 16, 16, 256)       205056    
                                                                 
 dropout (Dropout)           (None, 16, 16, 256)       0         
                                                                 
 flatten (Flatten)           (None, 65536)             0         
                                                                 
 dense (Dense)               (None, 10)                655370    
                                                                 
=================================================================
Total params: 861,450
Trainable params: 861,386
Non-trainable params: 64
_________________________________________________________________
Taxa de aprendizado:  0.0001 Num de épocas:  109 Tamanho do lote:  512 Dropout:  0.26488
Epoch 1/109
2024-06-26 22:26:36.482650: I tensorflow/stream_executor/cuda/cuda_dnn.cc:384] Loaded cuDNN version 8100
2024-06-26 22:26:37.568344: W tensorflow/stream_executor/gpu/redzone_allocator.cc:314] INTERNAL: ptxas exited with non-zero error code -1, output: 
Relying on driver to perform ptx compilation. 
Modify $PATH to customize ptxas location.
This message will be only logged once.
2024-06-26 22:26:39.053902: I tensorflow/stream_executor/cuda/cuda_blas.cc:1614] TensorFloat-32 will be used for the matrix multiplication. This will only be logged once.

 1/98 [..............................] - ETA: 8:22 - loss: 2.3206 - accuracy: 0.1328
 2/98 [..............................] - ETA: 7s - loss: 2.2867 - accuracy: 0.1494  
 3/98 [..............................] - ETA: 7s - loss: 2.2399 - accuracy: 0.1738
 4/98 [>.............................] - ETA: 6s - loss: 2.1930 - accuracy: 0.1973
 5/98 [>.............................] - ETA: 6s - loss: 2.1655 - accuracy: 0.2109
 6/98 [>.............................] - ETA: 6s - loss: 2.1396 - accuracy: 0.2246
 7/98 [=>............................] - ETA: 6s - loss: 2.1139 - accuracy: 0.2372
 8/98 [=>............................] - ETA: 6s - loss: 2.0861 - accuracy: 0.2515
 9/98 [=>............................] - ETA: 6s - loss: 2.0652 - accuracy: 0.2617
10/98 [==>...........................] - ETA: 6s - loss: 2.0444 - accuracy: 0.2729
11/98 [==>...........................] - ETA: 6s - loss: 2.0294 - accuracy: 0.2786
12/98 [==>...........................] - ETA: 6s - loss: 2.0082 - accuracy: 0.2868
13/98 [==>...........................] - ETA: 6s - loss: 1.9899 - accuracy: 0.2937
14/98 [===>..........................] - ETA: 6s - loss: 1.9763 - accuracy: 0.2977
15/98 [===>..........................] - ETA: 6s - loss: 1.9624 - accuracy: 0.3027
16/98 [===>..........................] - ETA: 11s - loss: 1.9540 - accuracy: 0.3053
17/98 [====>.........................] - ETA: 11s - loss: 1.9390 - accuracy: 0.3111
18/98 [====>.........................] - ETA: 10s - loss: 1.9280 - accuracy: 0.3158
19/98 [====>.........................] - ETA: 10s - loss: 1.9142 - accuracy: 0.3216
20/98 [=====>........................] - ETA: 9s - loss: 1.9069 - accuracy: 0.3246 
21/98 [=====>........................] - ETA: 9s - loss: 1.8978 - accuracy: 0.3284
22/98 [=====>........................] - ETA: 9s - loss: 1.8847 - accuracy: 0.3329
23/98 [======>.......................] - ETA: 8s - loss: 1.8736 - accuracy: 0.3377
24/98 [======>.......................] - ETA: 8s - loss: 1.8667 - accuracy: 0.3410
25/98 [======>.......................] - ETA: 8s - loss: 1.8561 - accuracy: 0.3449
26/98 [======>.......................] - ETA: 8s - loss: 1.8464 - accuracy: 0.3481
27/98 [=======>......................] - ETA: 7s - loss: 1.8392 - accuracy: 0.3516
28/98 [=======>......................] - ETA: 7s - loss: 1.8311 - accuracy: 0.3538
29/98 [=======>......................] - ETA: 7s - loss: 1.8255 - accuracy: 0.3559
30/98 [========>.....................] - ETA: 7s - loss: 1.8175 - accuracy: 0.3589
32/98 [========>.....................] - ETA: 6s - loss: 1.8044 - accuracy: 0.3629
33/98 [=========>....................] - ETA: 6s - loss: 1.7972 - accuracy: 0.3653
35/98 [=========>....................] - ETA: 6s - loss: 1.7832 - accuracy: 0.3708
37/98 [==========>...................] - ETA: 5s - loss: 1.7681 - accuracy: 0.3765
39/98 [==========>...................] - ETA: 5s - loss: 1.7583 - accuracy: 0.3801
41/98 [===========>..................] - ETA: 5s - loss: 1.7491 - accuracy: 0.3837
42/98 [===========>..................] - ETA: 5s - loss: 1.7438 - accuracy: 0.3860
43/98 [============>.................] - ETA: 5s - loss: 1.7395 - accuracy: 0.3870
45/98 [============>.................] - ETA: 4s - loss: 1.7299 - accuracy: 0.3901
47/98 [=============>................] - ETA: 4s - loss: 1.7201 - accuracy: 0.3937
49/98 [==============>...............] - ETA: 4s - loss: 1.7114 - accuracy: 0.3964
50/98 [==============>...............] - ETA: 4s - loss: 1.7081 - accuracy: 0.3977
52/98 [==============>...............] - ETA: 3s - loss: 1.6993 - accuracy: 0.4008
53/98 [===============>..............] - ETA: 3s - loss: 1.6951 - accuracy: 0.4024
54/98 [===============>..............] - ETA: 3s - loss: 1.6912 - accuracy: 0.4036
55/98 [===============>..............] - ETA: 3s - loss: 1.6862 - accuracy: 0.4058
56/98 [================>.............] - ETA: 3s - loss: 1.6818 - accuracy: 0.4071
57/98 [================>.............] - ETA: 3s - loss: 1.6770 - accuracy: 0.4093
58/98 [================>.............] - ETA: 3s - loss: 1.6739 - accuracy: 0.4109
59/98 [=================>............] - ETA: 3s - loss: 1.6701 - accuracy: 0.4125
60/98 [=================>............] - ETA: 3s - loss: 1.6666 - accuracy: 0.4136
61/98 [=================>............] - ETA: 3s - loss: 1.6624 - accuracy: 0.4146
62/98 [=================>............] - ETA: 2s - loss: 1.6583 - accuracy: 0.4163
63/98 [==================>...........] - ETA: 2s - loss: 1.6537 - accuracy: 0.4179
64/98 [==================>...........] - ETA: 2s - loss: 1.6505 - accuracy: 0.4190
65/98 [==================>...........] - ETA: 2s - loss: 1.6468 - accuracy: 0.4206
66/98 [===================>..........] - ETA: 2s - loss: 1.6436 - accuracy: 0.4220
67/98 [===================>..........] - ETA: 2s - loss: 1.6404 - accuracy: 0.4232
68/98 [===================>..........] - ETA: 2s - loss: 1.6372 - accuracy: 0.4241
69/98 [====================>.........] - ETA: 2s - loss: 1.6340 - accuracy: 0.4254
70/98 [====================>.........] - ETA: 2s - loss: 1.6315 - accuracy: 0.4263
71/98 [====================>.........] - ETA: 2s - loss: 1.6282 - accuracy: 0.4279
72/98 [=====================>........] - ETA: 2s - loss: 1.6246 - accuracy: 0.4292
73/98 [=====================>........] - ETA: 2s - loss: 1.6224 - accuracy: 0.4297
74/98 [=====================>........] - ETA: 1s - loss: 1.6194 - accuracy: 0.4305
75/98 [=====================>........] - ETA: 1s - loss: 1.6169 - accuracy: 0.4314
76/98 [======================>.......] - ETA: 1s - loss: 1.6145 - accuracy: 0.4322
77/98 [======================>.......] - ETA: 1s - loss: 1.6125 - accuracy: 0.4326
78/98 [======================>.......] - ETA: 1s - loss: 1.6100 - accuracy: 0.4338
79/98 [=======================>......] - ETA: 1s - loss: 1.6071 - accuracy: 0.4345
80/98 [=======================>......] - ETA: 1s - loss: 1.6050 - accuracy: 0.4354
81/98 [=======================>......] - ETA: 1s - loss: 1.6020 - accuracy: 0.4367
82/98 [========================>.....] - ETA: 1s - loss: 1.5998 - accuracy: 0.4374
83/98 [========================>.....] - ETA: 1s - loss: 1.5965 - accuracy: 0.4385
84/98 [========================>.....] - ETA: 1s - loss: 1.5926 - accuracy: 0.4398
85/98 [=========================>....] - ETA: 1s - loss: 1.5906 - accuracy: 0.4405
86/98 [=========================>....] - ETA: 0s - loss: 1.5883 - accuracy: 0.4411
87/98 [=========================>....] - ETA: 0s - loss: 1.5849 - accuracy: 0.4426
88/98 [=========================>....] - ETA: 0s - loss: 1.5818 - accuracy: 0.4438
89/98 [==========================>...] - ETA: 0s - loss: 1.5794 - accuracy: 0.4447
90/98 [==========================>...] - ETA: 0s - loss: 1.5769 - accuracy: 0.4458
91/98 [==========================>...] - ETA: 0s - loss: 1.5742 - accuracy: 0.4470
92/98 [===========================>..] - ETA: 0s - loss: 1.5710 - accuracy: 0.4480
93/98 [===========================>..] - ETA: 0s - loss: 1.5683 - accuracy: 0.4493
94/98 [===========================>..] - ETA: 0s - loss: 1.5657 - accuracy: 0.4503
95/98 [============================>.] - ETA: 0s - loss: 1.5637 - accuracy: 0.4512
96/98 [============================>.] - ETA: 0s - loss: 1.5609 - accuracy: 0.4525
97/98 [============================>.] - ETA: 0s - loss: 1.5580 - accuracy: 0.4537
98/98 [==============================] - ETA: 0s - loss: 1.5556 - accuracy: 0.4548
98/98 [==============================] - 14s 91ms/step - loss: 1.5556 - accuracy: 0.4548 - val_loss: 2.1023 - val_accuracy: 0.3906
Epoch 2/109

 1/98 [..............................] - ETA: 9s - loss: 1.3682 - accuracy: 0.5332
 2/98 [..............................] - ETA: 7s - loss: 1.3345 - accuracy: 0.5430
 3/98 [..............................] - ETA: 6s - loss: 1.3207 - accuracy: 0.5410
 4/98 [>.............................] - ETA: 6s - loss: 1.3148 - accuracy: 0.5405
 5/98 [>.............................] - ETA: 6s - loss: 1.3121 - accuracy: 0.5449
 6/98 [>.............................] - ETA: 6s - loss: 1.2952 - accuracy: 0.5518
 7/98 [=>............................] - ETA: 6s - loss: 1.2866 - accuracy: 0.5572
 8/98 [=>............................] - ETA: 6s - loss: 1.2884 - accuracy: 0.5576
 9/98 [=>............................] - ETA: 6s - loss: 1.2873 - accuracy: 0.5540
10/98 [==>...........................] - ETA: 6s - loss: 1.2843 - accuracy: 0.5559
11/98 [==>...........................] - ETA: 6s - loss: 1.2793 - accuracy: 0.5600
12/98 [==>...........................] - ETA: 6s - loss: 1.2711 - accuracy: 0.5638
13/98 [==>...........................] - ETA: 6s - loss: 1.2719 - accuracy: 0.5630
14/98 [===>..........................] - ETA: 6s - loss: 1.2709 - accuracy: 0.5636
15/98 [===>..........................] - ETA: 6s - loss: 1.2667 - accuracy: 0.5626
16/98 [===>..........................] - ETA: 5s - loss: 1.2672 - accuracy: 0.5629
17/98 [====>.........................] - ETA: 5s - loss: 1.2668 - accuracy: 0.5610
18/98 [====>.........................] - ETA: 5s - loss: 1.2654 - accuracy: 0.5618
19/98 [====>.........................] - ETA: 5s - loss: 1.2668 - accuracy: 0.5615
20/98 [=====>........................] - ETA: 5s - loss: 1.2659 - accuracy: 0.5629
21/98 [=====>........................] - ETA: 5s - loss: 1.2655 - accuracy: 0.5638
22/98 [=====>........................] - ETA: 5s - loss: 1.2634 - accuracy: 0.5637
23/98 [======>.......................] - ETA: 5s - loss: 1.2621 - accuracy: 0.5642
24/98 [======>.......................] - ETA: 5s - loss: 1.2611 - accuracy: 0.5643
25/98 [======>.......................] - ETA: 5s - loss: 1.2580 - accuracy: 0.5652
26/98 [======>.......................] - ETA: 5s - loss: 1.2590 - accuracy: 0.5650
27/98 [=======>......................] - ETA: 5s - loss: 1.2574 - accuracy: 0.5662
28/98 [=======>......................] - ETA: 5s - loss: 1.2526 - accuracy: 0.5681
29/98 [=======>......................] - ETA: 4s - loss: 1.2539 - accuracy: 0.5668
30/98 [========>.....................] - ETA: 4s - loss: 1.2526 - accuracy: 0.5677
31/98 [========>.....................] - ETA: 4s - loss: 1.2511 - accuracy: 0.5682
32/98 [========>.....................] - ETA: 4s - loss: 1.2496 - accuracy: 0.5679
33/98 [=========>....................] - ETA: 4s - loss: 1.2496 - accuracy: 0.5683
34/98 [=========>....................] - ETA: 4s - loss: 1.2503 - accuracy: 0.5682
35/98 [=========>....................] - ETA: 4s - loss: 1.2485 - accuracy: 0.5685
36/98 [==========>...................] - ETA: 4s - loss: 1.2468 - accuracy: 0.5687
37/98 [==========>...................] - ETA: 4s - loss: 1.2453 - accuracy: 0.5692
38/98 [==========>...................] - ETA: 4s - loss: 1.2444 - accuracy: 0.5698
39/98 [==========>...................] - ETA: 4s - loss: 1.2441 - accuracy: 0.5697
40/98 [===========>..................] - ETA: 4s - loss: 1.2448 - accuracy: 0.5689
41/98 [===========>..................] - ETA: 4s - loss: 1.2448 - accuracy: 0.5691
42/98 [===========>..................] - ETA: 4s - loss: 1.2449 - accuracy: 0.5682
43/98 [============>.................] - ETA: 3s - loss: 1.2426 - accuracy: 0.5690
44/98 [============>.................] - ETA: 3s - loss: 1.2421 - accuracy: 0.5698
45/98 [============>.................] - ETA: 3s - loss: 1.2416 - accuracy: 0.5704
46/98 [=============>................] - ETA: 3s - loss: 1.2427 - accuracy: 0.5695
47/98 [=============>................] - ETA: 3s - loss: 1.2426 - accuracy: 0.5697
48/98 [=============>................] - ETA: 3s - loss: 1.2408 - accuracy: 0.5706
49/98 [==============>...............] - ETA: 3s - loss: 1.2406 - accuracy: 0.5704
50/98 [==============>...............] - ETA: 3s - loss: 1.2401 - accuracy: 0.5704
51/98 [==============>...............] - ETA: 3s - loss: 1.2403 - accuracy: 0.5699
52/98 [==============>...............] - ETA: 3s - loss: 1.2393 - accuracy: 0.5698
53/98 [===============>..............] - ETA: 3s - loss: 1.2385 - accuracy: 0.5704
54/98 [===============>..............] - ETA: 3s - loss: 1.2377 - accuracy: 0.5707
55/98 [===============>..............] - ETA: 3s - loss: 1.2375 - accuracy: 0.5706
56/98 [================>.............] - ETA: 3s - loss: 1.2364 - accuracy: 0.5711
57/98 [================>.............] - ETA: 2s - loss: 1.2366 - accuracy: 0.5714
58/98 [================>.............] - ETA: 2s - loss: 1.2359 - accuracy: 0.5717
59/98 [=================>............] - ETA: 2s - loss: 1.2347 - accuracy: 0.5718
60/98 [=================>............] - ETA: 2s - loss: 1.2334 - accuracy: 0.5719
61/98 [=================>............] - ETA: 2s - loss: 1.2312 - accuracy: 0.5726
63/98 [==================>...........] - ETA: 2s - loss: 1.2304 - accuracy: 0.5728
65/98 [==================>...........] - ETA: 2s - loss: 1.2299 - accuracy: 0.5729
67/98 [===================>..........] - ETA: 2s - loss: 1.2288 - accuracy: 0.5728
69/98 [====================>.........] - ETA: 2s - loss: 1.2278 - accuracy: 0.5735
70/98 [====================>.........] - ETA: 1s - loss: 1.2268 - accuracy: 0.5739
72/98 [=====================>........] - ETA: 1s - loss: 1.2245 - accuracy: 0.5750
74/98 [=====================>........] - ETA: 1s - loss: 1.2230 - accuracy: 0.5759
76/98 [======================>.......] - ETA: 1s - loss: 1.2229 - accuracy: 0.5760
78/98 [======================>.......] - ETA: 1s - loss: 1.2201 - accuracy: 0.5766
80/98 [=======================>......] - ETA: 1s - loss: 1.2180 - accuracy: 0.5769
82/98 [========================>.....] - ETA: 1s - loss: 1.2158 - accuracy: 0.5779
83/98 [========================>.....] - ETA: 1s - loss: 1.2153 - accuracy: 0.5782
84/98 [========================>.....] - ETA: 0s - loss: 1.2143 - accuracy: 0.5784
85/98 [=========================>....] - ETA: 0s - loss: 1.2144 - accuracy: 0.5783
86/98 [=========================>....] - ETA: 0s - loss: 1.2133 - accuracy: 0.5786
87/98 [=========================>....] - ETA: 0s - loss: 1.2133 - accuracy: 0.5788
88/98 [=========================>....] - ETA: 0s - loss: 1.2124 - accuracy: 0.5788
89/98 [==========================>...] - ETA: 0s - loss: 1.2120 - accuracy: 0.5792
90/98 [==========================>...] - ETA: 0s - loss: 1.2119 - accuracy: 0.5792
91/98 [==========================>...] - ETA: 0s - loss: 1.2110 - accuracy: 0.5797
92/98 [===========================>..] - ETA: 0s - loss: 1.2104 - accuracy: 0.5800
93/98 [===========================>..] - ETA: 0s - loss: 1.2096 - accuracy: 0.5806
94/98 [===========================>..] - ETA: 0s - loss: 1.2092 - accuracy: 0.5808
95/98 [============================>.] - ETA: 0s - loss: 1.2082 - accuracy: 0.5809
96/98 [============================>.] - ETA: 0s - loss: 1.2074 - accuracy: 0.5809
97/98 [============================>.] - ETA: 0s - loss: 1.2066 - accuracy: 0.5814
98/98 [==============================] - ETA: 0s - loss: 1.2050 - accuracy: 0.5821
98/98 [==============================] - 8s 77ms/step - loss: 1.2050 - accuracy: 0.5821 - val_loss: 1.8838 - val_accuracy: 0.5011
Epoch 3/109

 1/98 [..............................] - ETA: 7s - loss: 1.0459 - accuracy: 0.6523
 2/98 [..............................] - ETA: 7s - loss: 1.0904 - accuracy: 0.6309
 3/98 [..............................] - ETA: 7s - loss: 1.0836 - accuracy: 0.6257
 4/98 [>.............................] - ETA: 6s - loss: 1.0663 - accuracy: 0.6362
 5/98 [>.............................] - ETA: 6s - loss: 1.0709 - accuracy: 0.6352
 6/98 [>.............................] - ETA: 6s - loss: 1.0638 - accuracy: 0.6406
 7/98 [=>............................] - ETA: 6s - loss: 1.0672 - accuracy: 0.6356
 8/98 [=>............................] - ETA: 6s - loss: 1.0688 - accuracy: 0.6357
 9/98 [=>............................] - ETA: 6s - loss: 1.0822 - accuracy: 0.6289
10/98 [==>...........................] - ETA: 6s - loss: 1.0814 - accuracy: 0.6285
11/98 [==>...........................] - ETA: 6s - loss: 1.0807 - accuracy: 0.6277
12/98 [==>...........................] - ETA: 6s - loss: 1.0863 - accuracy: 0.6274
13/98 [==>...........................] - ETA: 6s - loss: 1.0804 - accuracy: 0.6303
14/98 [===>..........................] - ETA: 6s - loss: 1.0811 - accuracy: 0.6292
15/98 [===>..........................] - ETA: 6s - loss: 1.0827 - accuracy: 0.6275
16/98 [===>..........................] - ETA: 5s - loss: 1.0856 - accuracy: 0.6268
17/98 [====>.........................] - ETA: 5s - loss: 1.0862 - accuracy: 0.6266
18/98 [====>.........................] - ETA: 5s - loss: 1.0881 - accuracy: 0.6257
19/98 [====>.........................] - ETA: 5s - loss: 1.0918 - accuracy: 0.6229
20/98 [=====>........................] - ETA: 5s - loss: 1.0916 - accuracy: 0.6229
21/98 [=====>........................] - ETA: 5s - loss: 1.0939 - accuracy: 0.6217
22/98 [=====>........................] - ETA: 5s - loss: 1.0956 - accuracy: 0.6213
23/98 [======>.......................] - ETA: 5s - loss: 1.0955 - accuracy: 0.6204
24/98 [======>.......................] - ETA: 5s - loss: 1.0942 - accuracy: 0.6212
25/98 [======>.......................] - ETA: 5s - loss: 1.0959 - accuracy: 0.6204
26/98 [======>.......................] - ETA: 5s - loss: 1.0958 - accuracy: 0.6200
27/98 [=======>......................] - ETA: 5s - loss: 1.0971 - accuracy: 0.6196
28/98 [=======>......................] - ETA: 5s - loss: 1.0948 - accuracy: 0.6201
29/98 [=======>......................] - ETA: 5s - loss: 1.0961 - accuracy: 0.6193
30/98 [========>.....................] - ETA: 4s - loss: 1.0956 - accuracy: 0.6197
31/98 [========>.....................] - ETA: 4s - loss: 1.0967 - accuracy: 0.6200
32/98 [========>.....................] - ETA: 4s - loss: 1.0964 - accuracy: 0.6205
33/98 [=========>....................] - ETA: 4s - loss: 1.0962 - accuracy: 0.6203
34/98 [=========>....................] - ETA: 4s - loss: 1.0961 - accuracy: 0.6204
35/98 [=========>....................] - ETA: 4s - loss: 1.0954 - accuracy: 0.6219
36/98 [==========>...................] - ETA: 4s - loss: 1.0955 - accuracy: 0.6225
37/98 [==========>...................] - ETA: 4s - loss: 1.0949 - accuracy: 0.6223
38/98 [==========>...................] - ETA: 4s - loss: 1.0959 - accuracy: 0.6218
39/98 [==========>...................] - ETA: 4s - loss: 1.0957 - accuracy: 0.6220
40/98 [===========>..................] - ETA: 4s - loss: 1.0966 - accuracy: 0.6218
41/98 [===========>..................] - ETA: 4s - loss: 1.0969 - accuracy: 0.6217
42/98 [===========>..................] - ETA: 4s - loss: 1.0968 - accuracy: 0.6214
43/98 [============>.................] - ETA: 3s - loss: 1.0947 - accuracy: 0.6227
44/98 [============>.................] - ETA: 3s - loss: 1.0941 - accuracy: 0.6227
45/98 [============>.................] - ETA: 3s - loss: 1.0930 - accuracy: 0.6234
46/98 [=============>................] - ETA: 3s - loss: 1.0927 - accuracy: 0.6232
47/98 [=============>................] - ETA: 3s - loss: 1.0905 - accuracy: 0.6241
48/98 [=============>................] - ETA: 3s - loss: 1.0886 - accuracy: 0.6245
49/98 [==============>...............] - ETA: 3s - loss: 1.0884 - accuracy: 0.6245
50/98 [==============>...............] - ETA: 3s - loss: 1.0874 - accuracy: 0.6248
51/98 [==============>...............] - ETA: 3s - loss: 1.0870 - accuracy: 0.6252
52/98 [==============>...............] - ETA: 3s - loss: 1.0893 - accuracy: 0.6240
53/98 [===============>..............] - ETA: 3s - loss: 1.0880 - accuracy: 0.6247
54/98 [===============>..............] - ETA: 3s - loss: 1.0869 - accuracy: 0.6253
55/98 [===============>..............] - ETA: 3s - loss: 1.0863 - accuracy: 0.6256
56/98 [================>.............] - ETA: 3s - loss: 1.0850 - accuracy: 0.6258
57/98 [================>.............] - ETA: 2s - loss: 1.0848 - accuracy: 0.6252
58/98 [================>.............] - ETA: 2s - loss: 1.0843 - accuracy: 0.6253
59/98 [=================>............] - ETA: 2s - loss: 1.0843 - accuracy: 0.6253
60/98 [=================>............] - ETA: 2s - loss: 1.0844 - accuracy: 0.6255
61/98 [=================>............] - ETA: 2s - loss: 1.0846 - accuracy: 0.6255
62/98 [=================>............] - ETA: 2s - loss: 1.0847 - accuracy: 0.6253
63/98 [==================>...........] - ETA: 2s - loss: 1.0842 - accuracy: 0.6251
64/98 [==================>...........] - ETA: 2s - loss: 1.0845 - accuracy: 0.6253
65/98 [==================>...........] - ETA: 2s - loss: 1.0848 - accuracy: 0.6253
66/98 [===================>..........] - ETA: 2s - loss: 1.0846 - accuracy: 0.6251
67/98 [===================>..........] - ETA: 2s - loss: 1.0851 - accuracy: 0.6249
68/98 [===================>..........] - ETA: 2s - loss: 1.0845 - accuracy: 0.6250
69/98 [====================>.........] - ETA: 2s - loss: 1.0841 - accuracy: 0.6250
70/98 [====================>.........] - ETA: 2s - loss: 1.0835 - accuracy: 0.6254
71/98 [====================>.........] - ETA: 1s - loss: 1.0841 - accuracy: 0.6250
72/98 [=====================>........] - ETA: 1s - loss: 1.0826 - accuracy: 0.6258
73/98 [=====================>........] - ETA: 1s - loss: 1.0800 - accuracy: 0.6267
74/98 [=====================>........] - ETA: 1s - loss: 1.0800 - accuracy: 0.6266
75/98 [=====================>........] - ETA: 1s - loss: 1.0802 - accuracy: 0.6266
76/98 [======================>.......] - ETA: 1s - loss: 1.0796 - accuracy: 0.6270
77/98 [======================>.......] - ETA: 1s - loss: 1.0792 - accuracy: 0.6270
78/98 [======================>.......] - ETA: 1s - loss: 1.0785 - accuracy: 0.6275
79/98 [=======================>......] - ETA: 1s - loss: 1.0778 - accuracy: 0.6274
80/98 [=======================>......] - ETA: 1s - loss: 1.0774 - accuracy: 0.6276
81/98 [=======================>......] - ETA: 1s - loss: 1.0758 - accuracy: 0.6284
82/98 [========================>.....] - ETA: 1s - loss: 1.0741 - accuracy: 0.6288
83/98 [========================>.....] - ETA: 1s - loss: 1.0753 - accuracy: 0.6283
84/98 [========================>.....] - ETA: 1s - loss: 1.0755 - accuracy: 0.6282
85/98 [=========================>....] - ETA: 0s - loss: 1.0743 - accuracy: 0.6288
86/98 [=========================>....] - ETA: 0s - loss: 1.0744 - accuracy: 0.6290
88/98 [=========================>....] - ETA: 0s - loss: 1.0736 - accuracy: 0.6294
89/98 [==========================>...] - ETA: 0s - loss: 1.0732 - accuracy: 0.6293
90/98 [==========================>...] - ETA: 0s - loss: 1.0735 - accuracy: 0.6291
91/98 [==========================>...] - ETA: 0s - loss: 1.0730 - accuracy: 0.6292
92/98 [===========================>..] - ETA: 0s - loss: 1.0726 - accuracy: 0.6294
93/98 [===========================>..] - ETA: 0s - loss: 1.0714 - accuracy: 0.6298
94/98 [===========================>..] - ETA: 0s - loss: 1.0702 - accuracy: 0.6302
95/98 [============================>.] - ETA: 0s - loss: 1.0692 - accuracy: 0.6306
96/98 [============================>.] - ETA: 0s - loss: 1.0686 - accuracy: 0.6306
97/98 [============================>.] - ETA: 0s - loss: 1.0681 - accuracy: 0.6309
98/98 [==============================] - ETA: 0s - loss: 1.0672 - accuracy: 0.6311
98/98 [==============================] - 8s 79ms/step - loss: 1.0672 - accuracy: 0.6311 - val_loss: 1.6427 - val_accuracy: 0.5538
Epoch 4/109

 1/98 [..............................] - ETA: 6s - loss: 1.0292 - accuracy: 0.6680
 3/98 [..............................] - ETA: 5s - loss: 0.9774 - accuracy: 0.6680
 4/98 [>.............................] - ETA: 5s - loss: 0.9725 - accuracy: 0.6699
 5/98 [>.............................] - ETA: 6s - loss: 0.9749 - accuracy: 0.6699
 6/98 [>.............................] - ETA: 6s - loss: 0.9790 - accuracy: 0.6696
 7/98 [=>............................] - ETA: 6s - loss: 0.9685 - accuracy: 0.6735
 8/98 [=>............................] - ETA: 6s - loss: 0.9714 - accuracy: 0.6694
 9/98 [=>............................] - ETA: 6s - loss: 0.9755 - accuracy: 0.6664
10/98 [==>...........................] - ETA: 6s - loss: 0.9837 - accuracy: 0.6617
11/98 [==>...........................] - ETA: 6s - loss: 0.9809 - accuracy: 0.6639
12/98 [==>...........................] - ETA: 5s - loss: 0.9746 - accuracy: 0.6654
13/98 [==>...........................] - ETA: 5s - loss: 0.9761 - accuracy: 0.6651
14/98 [===>..........................] - ETA: 5s - loss: 0.9761 - accuracy: 0.6641
15/98 [===>..........................] - ETA: 5s - loss: 0.9798 - accuracy: 0.6625
16/98 [===>..........................] - ETA: 5s - loss: 0.9847 - accuracy: 0.6595
17/98 [====>.........................] - ETA: 5s - loss: 0.9854 - accuracy: 0.6605
19/98 [====>.........................] - ETA: 5s - loss: 0.9839 - accuracy: 0.6614
20/98 [=====>........................] - ETA: 5s - loss: 0.9810 - accuracy: 0.6627
21/98 [=====>........................] - ETA: 5s - loss: 0.9862 - accuracy: 0.6608
22/98 [=====>........................] - ETA: 5s - loss: 0.9883 - accuracy: 0.6606
23/98 [======>.......................] - ETA: 5s - loss: 0.9889 - accuracy: 0.6600
24/98 [======>.......................] - ETA: 5s - loss: 0.9894 - accuracy: 0.6593
25/98 [======>.......................] - ETA: 5s - loss: 0.9885 - accuracy: 0.6595
26/98 [======>.......................] - ETA: 5s - loss: 0.9880 - accuracy: 0.6591
27/98 [=======>......................] - ETA: 5s - loss: 0.9881 - accuracy: 0.6594
28/98 [=======>......................] - ETA: 4s - loss: 0.9876 - accuracy: 0.6600
29/98 [=======>......................] - ETA: 4s - loss: 0.9883 - accuracy: 0.6596
30/98 [========>.....................] - ETA: 4s - loss: 0.9862 - accuracy: 0.6600
31/98 [========>.....................] - ETA: 4s - loss: 0.9868 - accuracy: 0.6592
32/98 [========>.....................] - ETA: 4s - loss: 0.9871 - accuracy: 0.6591
33/98 [=========>....................] - ETA: 4s - loss: 0.9882 - accuracy: 0.6587
34/98 [=========>....................] - ETA: 4s - loss: 0.9870 - accuracy: 0.6590
35/98 [=========>....................] - ETA: 4s - loss: 0.9874 - accuracy: 0.6590
36/98 [==========>...................] - ETA: 4s - loss: 0.9841 - accuracy: 0.6598
37/98 [==========>...................] - ETA: 4s - loss: 0.9850 - accuracy: 0.6593
38/98 [==========>...................] - ETA: 4s - loss: 0.9857 - accuracy: 0.6588
39/98 [==========>...................] - ETA: 4s - loss: 0.9844 - accuracy: 0.6596
40/98 [===========>..................] - ETA: 4s - loss: 0.9837 - accuracy: 0.6600
41/98 [===========>..................] - ETA: 4s - loss: 0.9852 - accuracy: 0.6596
42/98 [===========>..................] - ETA: 3s - loss: 0.9846 - accuracy: 0.6595
43/98 [============>.................] - ETA: 3s - loss: 0.9857 - accuracy: 0.6591
44/98 [============>.................] - ETA: 3s - loss: 0.9851 - accuracy: 0.6594
45/98 [============>.................] - ETA: 3s - loss: 0.9859 - accuracy: 0.6596
46/98 [=============>................] - ETA: 3s - loss: 0.9862 - accuracy: 0.6596
47/98 [=============>................] - ETA: 3s - loss: 0.9857 - accuracy: 0.6599
48/98 [=============>................] - ETA: 3s - loss: 0.9855 - accuracy: 0.6602
49/98 [==============>...............] - ETA: 3s - loss: 0.9849 - accuracy: 0.6604
50/98 [==============>...............] - ETA: 3s - loss: 0.9847 - accuracy: 0.6605
51/98 [==============>...............] - ETA: 3s - loss: 0.9834 - accuracy: 0.6614
52/98 [==============>...............] - ETA: 3s - loss: 0.9830 - accuracy: 0.6616
53/98 [===============>..............] - ETA: 3s - loss: 0.9821 - accuracy: 0.6620
54/98 [===============>..............] - ETA: 3s - loss: 0.9821 - accuracy: 0.6619
55/98 [===============>..............] - ETA: 3s - loss: 0.9824 - accuracy: 0.6616
56/98 [================>.............] - ETA: 3s - loss: 0.9836 - accuracy: 0.6610
57/98 [================>.............] - ETA: 2s - loss: 0.9827 - accuracy: 0.6614
58/98 [================>.............] - ETA: 2s - loss: 0.9833 - accuracy: 0.6612
59/98 [=================>............] - ETA: 2s - loss: 0.9836 - accuracy: 0.6615
60/98 [=================>............] - ETA: 2s - loss: 0.9837 - accuracy: 0.6617
61/98 [=================>............] - ETA: 2s - loss: 0.9835 - accuracy: 0.6617
62/98 [=================>............] - ETA: 2s - loss: 0.9833 - accuracy: 0.6614
63/98 [==================>...........] - ETA: 2s - loss: 0.9828 - accuracy: 0.6616
64/98 [==================>...........] - ETA: 2s - loss: 0.9830 - accuracy: 0.6616
65/98 [==================>...........] - ETA: 2s - loss: 0.9846 - accuracy: 0.6605
66/98 [===================>..........] - ETA: 2s - loss: 0.9854 - accuracy: 0.6604
67/98 [===================>..........] - ETA: 2s - loss: 0.9844 - accuracy: 0.6608
68/98 [===================>..........] - ETA: 2s - loss: 0.9846 - accuracy: 0.6607
69/98 [====================>.........] - ETA: 2s - loss: 0.9829 - accuracy: 0.6613
70/98 [====================>.........] - ETA: 2s - loss: 0.9826 - accuracy: 0.6613
71/98 [====================>.........] - ETA: 1s - loss: 0.9826 - accuracy: 0.6613
72/98 [=====================>........] - ETA: 1s - loss: 0.9832 - accuracy: 0.6612
73/98 [=====================>........] - ETA: 1s - loss: 0.9829 - accuracy: 0.6614
74/98 [=====================>........] - ETA: 1s - loss: 0.9831 - accuracy: 0.6612
75/98 [=====================>........] - ETA: 1s - loss: 0.9823 - accuracy: 0.6611
76/98 [======================>.......] - ETA: 1s - loss: 0.9822 - accuracy: 0.6612
77/98 [======================>.......] - ETA: 1s - loss: 0.9813 - accuracy: 0.6614
78/98 [======================>.......] - ETA: 1s - loss: 0.9818 - accuracy: 0.6613
79/98 [=======================>......] - ETA: 1s - loss: 0.9811 - accuracy: 0.6618
80/98 [=======================>......] - ETA: 1s - loss: 0.9798 - accuracy: 0.6622
81/98 [=======================>......] - ETA: 1s - loss: 0.9789 - accuracy: 0.6624
82/98 [========================>.....] - ETA: 1s - loss: 0.9789 - accuracy: 0.6624
83/98 [========================>.....] - ETA: 1s - loss: 0.9791 - accuracy: 0.6623
84/98 [========================>.....] - ETA: 1s - loss: 0.9787 - accuracy: 0.6626
85/98 [=========================>....] - ETA: 0s - loss: 0.9781 - accuracy: 0.6628
86/98 [=========================>....] - ETA: 0s - loss: 0.9773 - accuracy: 0.6631
87/98 [=========================>....] - ETA: 0s - loss: 0.9766 - accuracy: 0.6633
88/98 [=========================>....] - ETA: 0s - loss: 0.9764 - accuracy: 0.6634
89/98 [==========================>...] - ETA: 0s - loss: 0.9767 - accuracy: 0.6635
90/98 [==========================>...] - ETA: 0s - loss: 0.9768 - accuracy: 0.6637
91/98 [==========================>...] - ETA: 0s - loss: 0.9755 - accuracy: 0.6642
92/98 [===========================>..] - ETA: 0s - loss: 0.9750 - accuracy: 0.6643
93/98 [===========================>..] - ETA: 0s - loss: 0.9744 - accuracy: 0.6643
94/98 [===========================>..] - ETA: 0s - loss: 0.9743 - accuracy: 0.6644
95/98 [============================>.] - ETA: 0s - loss: 0.9750 - accuracy: 0.6642
96/98 [============================>.] - ETA: 0s - loss: 0.9746 - accuracy: 0.6644
97/98 [============================>.] - ETA: 0s - loss: 0.9752 - accuracy: 0.6645
98/98 [==============================] - ETA: 0s - loss: 0.9747 - accuracy: 0.6649
98/98 [==============================] - 8s 80ms/step - loss: 0.9747 - accuracy: 0.6649 - val_loss: 1.3902 - val_accuracy: 0.5881
Epoch 5/109

 1/98 [..............................] - ETA: 7s - loss: 0.9543 - accuracy: 0.6797
 2/98 [..............................] - ETA: 7s - loss: 0.9638 - accuracy: 0.6758
 3/98 [..............................] - ETA: 7s - loss: 0.9690 - accuracy: 0.6719
 4/98 [>.............................] - ETA: 6s - loss: 0.9696 - accuracy: 0.6753
 5/98 [>.............................] - ETA: 6s - loss: 0.9462 - accuracy: 0.6816
 6/98 [>.............................] - ETA: 6s - loss: 0.9313 - accuracy: 0.6849
 7/98 [=>............................] - ETA: 6s - loss: 0.9258 - accuracy: 0.6844
 8/98 [=>............................] - ETA: 6s - loss: 0.9235 - accuracy: 0.6812
 9/98 [=>............................] - ETA: 6s - loss: 0.9284 - accuracy: 0.6812
10/98 [==>...........................] - ETA: 6s - loss: 0.9194 - accuracy: 0.6848
11/98 [==>...........................] - ETA: 6s - loss: 0.9177 - accuracy: 0.6861
12/98 [==>...........................] - ETA: 6s - loss: 0.9104 - accuracy: 0.6901
13/98 [==>...........................] - ETA: 6s - loss: 0.9063 - accuracy: 0.6910
14/98 [===>..........................] - ETA: 6s - loss: 0.9127 - accuracy: 0.6869
15/98 [===>..........................] - ETA: 6s - loss: 0.9042 - accuracy: 0.6895
16/98 [===>..........................] - ETA: 5s - loss: 0.9026 - accuracy: 0.6895
17/98 [====>.........................] - ETA: 5s - loss: 0.9053 - accuracy: 0.6891
18/98 [====>.........................] - ETA: 5s - loss: 0.9046 - accuracy: 0.6903
19/98 [====>.........................] - ETA: 5s - loss: 0.9051 - accuracy: 0.6904
20/98 [=====>........................] - ETA: 5s - loss: 0.9023 - accuracy: 0.6906
21/98 [=====>........................] - ETA: 5s - loss: 0.9038 - accuracy: 0.6906
23/98 [======>.......................] - ETA: 5s - loss: 0.9039 - accuracy: 0.6913
24/98 [======>.......................] - ETA: 5s - loss: 0.9046 - accuracy: 0.6913
26/98 [======>.......................] - ETA: 4s - loss: 0.9067 - accuracy: 0.6901
28/98 [=======>......................] - ETA: 4s - loss: 0.9046 - accuracy: 0.6915
30/98 [========>.....................] - ETA: 4s - loss: 0.9025 - accuracy: 0.6925
32/98 [========>.....................] - ETA: 4s - loss: 0.9032 - accuracy: 0.6921
34/98 [=========>....................] - ETA: 4s - loss: 0.9013 - accuracy: 0.6918
36/98 [==========>...................] - ETA: 4s - loss: 0.8999 - accuracy: 0.6932
38/98 [==========>...................] - ETA: 3s - loss: 0.8991 - accuracy: 0.6929
40/98 [===========>..................] - ETA: 3s - loss: 0.8979 - accuracy: 0.6934
42/98 [===========>..................] - ETA: 3s - loss: 0.8992 - accuracy: 0.6927
43/98 [============>.................] - ETA: 3s - loss: 0.9006 - accuracy: 0.6923
44/98 [============>.................] - ETA: 3s - loss: 0.9006 - accuracy: 0.6927
45/98 [============>.................] - ETA: 3s - loss: 0.9014 - accuracy: 0.6924
46/98 [=============>................] - ETA: 3s - loss: 0.9009 - accuracy: 0.6926
47/98 [=============>................] - ETA: 3s - loss: 0.9020 - accuracy: 0.6919
48/98 [=============>................] - ETA: 3s - loss: 0.9020 - accuracy: 0.6921
49/98 [==============>...............] - ETA: 3s - loss: 0.9012 - accuracy: 0.6928
50/98 [==============>...............] - ETA: 3s - loss: 0.9008 - accuracy: 0.6930
51/98 [==============>...............] - ETA: 3s - loss: 0.9003 - accuracy: 0.6931
52/98 [==============>...............] - ETA: 3s - loss: 0.8996 - accuracy: 0.6929
53/98 [===============>..............] - ETA: 2s - loss: 0.8993 - accuracy: 0.6930
54/98 [===============>..............] - ETA: 2s - loss: 0.9001 - accuracy: 0.6931
55/98 [===============>..............] - ETA: 2s - loss: 0.9003 - accuracy: 0.6928
56/98 [================>.............] - ETA: 2s - loss: 0.8994 - accuracy: 0.6929
57/98 [================>.............] - ETA: 2s - loss: 0.9006 - accuracy: 0.6924
58/98 [================>.............] - ETA: 2s - loss: 0.9001 - accuracy: 0.6925
59/98 [=================>............] - ETA: 2s - loss: 0.9007 - accuracy: 0.6925
60/98 [=================>............] - ETA: 2s - loss: 0.9010 - accuracy: 0.6925
61/98 [=================>............] - ETA: 2s - loss: 0.9016 - accuracy: 0.6924
62/98 [=================>............] - ETA: 2s - loss: 0.9006 - accuracy: 0.6926
63/98 [==================>...........] - ETA: 2s - loss: 0.9000 - accuracy: 0.6929
64/98 [==================>...........] - ETA: 2s - loss: 0.9003 - accuracy: 0.6926
65/98 [==================>...........] - ETA: 2s - loss: 0.9011 - accuracy: 0.6918
66/98 [===================>..........] - ETA: 2s - loss: 0.9012 - accuracy: 0.6916
67/98 [===================>..........] - ETA: 2s - loss: 0.9009 - accuracy: 0.6914
68/98 [===================>..........] - ETA: 2s - loss: 0.9008 - accuracy: 0.6914
69/98 [====================>.........] - ETA: 1s - loss: 0.9014 - accuracy: 0.6909
70/98 [====================>.........] - ETA: 1s - loss: 0.9019 - accuracy: 0.6909
71/98 [====================>.........] - ETA: 1s - loss: 0.9017 - accuracy: 0.6908
72/98 [=====================>........] - ETA: 1s - loss: 0.9013 - accuracy: 0.6907
73/98 [=====================>........] - ETA: 1s - loss: 0.9012 - accuracy: 0.6904
74/98 [=====================>........] - ETA: 1s - loss: 0.9009 - accuracy: 0.6908
75/98 [=====================>........] - ETA: 1s - loss: 0.8996 - accuracy: 0.6913
76/98 [======================>.......] - ETA: 1s - loss: 0.8987 - accuracy: 0.6916
77/98 [======================>.......] - ETA: 1s - loss: 0.8999 - accuracy: 0.6911
78/98 [======================>.......] - ETA: 1s - loss: 0.9006 - accuracy: 0.6909
79/98 [=======================>......] - ETA: 1s - loss: 0.9003 - accuracy: 0.6910
80/98 [=======================>......] - ETA: 1s - loss: 0.9011 - accuracy: 0.6907
81/98 [=======================>......] - ETA: 1s - loss: 0.9007 - accuracy: 0.6908
