2024-06-26 20:34:33.831405: I tensorflow/core/platform/cpu_feature_guard.cc:193] This TensorFlow binary is optimized with oneAPI Deep Neural Network Library (oneDNN) to use the following CPU instructions in performance-critical operations:  AVX AVX2
To enable them in other operations, rebuild TensorFlow with the appropriate compiler flags.
2024-06-26 20:34:34.668431: I tensorflow/core/common_runtime/gpu/gpu_device.cc:1616] Created device /job:localhost/replica:0/task:0/device:GPU:0 with 6656 MB memory:  -> device: 0, name: NVIDIA GeForce RTX 4060 Ti, pci bus id: 0000:01:00.0, compute capability: 8.9
1 Physical GPUs, 1 Logical GPUs
Model: "sequential"
_________________________________________________________________
 Layer (type)                Output Shape              Param #   
=================================================================
 conv2d (Conv2D)             (None, 32, 32, 32)        896       
                                                                 
 max_pooling2d (MaxPooling2D  (None, 16, 16, 32)       0         
 )                                                               
                                                                 
 batch_normalization (BatchN  (None, 16, 16, 32)       128       
 ormalization)                                                   
                                                                 
 conv2d_1 (Conv2D)           (None, 16, 16, 256)       205056    
                                                                 
 dropout (Dropout)           (None, 16, 16, 256)       0         
                                                                 
 flatten (Flatten)           (None, 65536)             0         
                                                                 
 dense (Dense)               (None, 10)                655370    
                                                                 
=================================================================
Total params: 861,450
Trainable params: 861,386
Non-trainable params: 64
_________________________________________________________________
Taxa de aprendizado:  0.0001 Num de épocas:  109 Tamanho do lote:  512 Dropout:  0.26488
Epoch 1/109
2024-06-26 20:34:36.291864: I tensorflow/stream_executor/cuda/cuda_dnn.cc:384] Loaded cuDNN version 8100
2024-06-26 20:34:37.432249: W tensorflow/stream_executor/gpu/redzone_allocator.cc:314] INTERNAL: ptxas exited with non-zero error code -1, output: 
Relying on driver to perform ptx compilation. 
Modify $PATH to customize ptxas location.
This message will be only logged once.
2024-06-26 20:34:38.922640: I tensorflow/stream_executor/cuda/cuda_blas.cc:1614] TensorFloat-32 will be used for the matrix multiplication. This will only be logged once.

 1/98 [..............................] - ETA: 8:49 - loss: 2.3668 - accuracy: 0.1191
 2/98 [..............................] - ETA: 7s - loss: 2.3036 - accuracy: 0.1387  
 3/98 [..............................] - ETA: 6s - loss: 2.2545 - accuracy: 0.1615
 4/98 [>.............................] - ETA: 6s - loss: 2.2141 - accuracy: 0.1807
 5/98 [>.............................] - ETA: 6s - loss: 2.1794 - accuracy: 0.1934
 6/98 [>.............................] - ETA: 6s - loss: 2.1452 - accuracy: 0.2100
 7/98 [=>............................] - ETA: 6s - loss: 2.1186 - accuracy: 0.2274
 8/98 [=>............................] - ETA: 6s - loss: 2.0970 - accuracy: 0.2395
 9/98 [=>............................] - ETA: 6s - loss: 2.0748 - accuracy: 0.2483
10/98 [==>...........................] - ETA: 6s - loss: 2.0590 - accuracy: 0.2557
11/98 [==>...........................] - ETA: 6s - loss: 2.0438 - accuracy: 0.2649
12/98 [==>...........................] - ETA: 6s - loss: 2.0315 - accuracy: 0.2700
13/98 [==>...........................] - ETA: 6s - loss: 2.0134 - accuracy: 0.2781
14/98 [===>..........................] - ETA: 6s - loss: 2.0025 - accuracy: 0.2839
15/98 [===>..........................] - ETA: 6s - loss: 1.9868 - accuracy: 0.2918
16/98 [===>..........................] - ETA: 5s - loss: 1.9762 - accuracy: 0.2942
17/98 [====>.........................] - ETA: 5s - loss: 1.9665 - accuracy: 0.2957
18/98 [====>.........................] - ETA: 5s - loss: 1.9514 - accuracy: 0.3028
19/98 [====>.........................] - ETA: 5s - loss: 1.9392 - accuracy: 0.3081
20/98 [=====>........................] - ETA: 5s - loss: 1.9312 - accuracy: 0.3120
21/98 [=====>........................] - ETA: 5s - loss: 1.9214 - accuracy: 0.3156
22/98 [=====>........................] - ETA: 5s - loss: 1.9119 - accuracy: 0.3196
23/98 [======>.......................] - ETA: 5s - loss: 1.9033 - accuracy: 0.3233
24/98 [======>.......................] - ETA: 5s - loss: 1.8971 - accuracy: 0.3271
25/98 [======>.......................] - ETA: 5s - loss: 1.8874 - accuracy: 0.3305
26/98 [======>.......................] - ETA: 5s - loss: 1.8808 - accuracy: 0.3335
27/98 [=======>......................] - ETA: 5s - loss: 1.8750 - accuracy: 0.3364
28/98 [=======>......................] - ETA: 5s - loss: 1.8690 - accuracy: 0.3391
29/98 [=======>......................] - ETA: 5s - loss: 1.8591 - accuracy: 0.3431
30/98 [========>.....................] - ETA: 4s - loss: 1.8520 - accuracy: 0.3452
31/98 [========>.....................] - ETA: 4s - loss: 1.8443 - accuracy: 0.3480
32/98 [========>.....................] - ETA: 4s - loss: 1.8386 - accuracy: 0.3509
33/98 [=========>....................] - ETA: 4s - loss: 1.8322 - accuracy: 0.3529
34/98 [=========>....................] - ETA: 4s - loss: 1.8270 - accuracy: 0.3548
35/98 [=========>....................] - ETA: 4s - loss: 1.8207 - accuracy: 0.3558
36/98 [==========>...................] - ETA: 4s - loss: 1.8145 - accuracy: 0.3583
37/98 [==========>...................] - ETA: 4s - loss: 1.8068 - accuracy: 0.3613
39/98 [==========>...................] - ETA: 4s - loss: 1.7943 - accuracy: 0.3668
41/98 [===========>..................] - ETA: 3s - loss: 1.7830 - accuracy: 0.3708
43/98 [============>.................] - ETA: 3s - loss: 1.7721 - accuracy: 0.3740
44/98 [============>.................] - ETA: 3s - loss: 1.7663 - accuracy: 0.3764
46/98 [=============>................] - ETA: 3s - loss: 1.7572 - accuracy: 0.3803
48/98 [=============>................] - ETA: 3s - loss: 1.7475 - accuracy: 0.3830
50/98 [==============>...............] - ETA: 3s - loss: 1.7390 - accuracy: 0.3858
52/98 [==============>...............] - ETA: 3s - loss: 1.7286 - accuracy: 0.3897
54/98 [===============>..............] - ETA: 2s - loss: 1.7200 - accuracy: 0.3929
55/98 [===============>..............] - ETA: 2s - loss: 1.7151 - accuracy: 0.3948
57/98 [================>.............] - ETA: 2s - loss: 1.7058 - accuracy: 0.3980
58/98 [================>.............] - ETA: 2s - loss: 1.7024 - accuracy: 0.3996
59/98 [=================>............] - ETA: 2s - loss: 1.7003 - accuracy: 0.4004
60/98 [=================>............] - ETA: 2s - loss: 1.6964 - accuracy: 0.4019
61/98 [=================>............] - ETA: 2s - loss: 1.6923 - accuracy: 0.4036
62/98 [=================>............] - ETA: 2s - loss: 1.6894 - accuracy: 0.4043
63/98 [==================>...........] - ETA: 2s - loss: 1.6856 - accuracy: 0.4055
64/98 [==================>...........] - ETA: 2s - loss: 1.6815 - accuracy: 0.4073
65/98 [==================>...........] - ETA: 2s - loss: 1.6791 - accuracy: 0.4081
66/98 [===================>..........] - ETA: 2s - loss: 1.6758 - accuracy: 0.4091
67/98 [===================>..........] - ETA: 2s - loss: 1.6731 - accuracy: 0.4102
68/98 [===================>..........] - ETA: 2s - loss: 1.6711 - accuracy: 0.4110
69/98 [====================>.........] - ETA: 2s - loss: 1.6683 - accuracy: 0.4120
70/98 [====================>.........] - ETA: 2s - loss: 1.6652 - accuracy: 0.4132
71/98 [====================>.........] - ETA: 2s - loss: 1.6623 - accuracy: 0.4142
72/98 [=====================>........] - ETA: 2s - loss: 1.6581 - accuracy: 0.4154
73/98 [=====================>........] - ETA: 2s - loss: 1.6554 - accuracy: 0.4163
74/98 [=====================>........] - ETA: 1s - loss: 1.6521 - accuracy: 0.4173
75/98 [=====================>........] - ETA: 1s - loss: 1.6488 - accuracy: 0.4188
76/98 [======================>.......] - ETA: 1s - loss: 1.6461 - accuracy: 0.4199
77/98 [======================>.......] - ETA: 1s - loss: 1.6429 - accuracy: 0.4212
78/98 [======================>.......] - ETA: 1s - loss: 1.6402 - accuracy: 0.4221
79/98 [=======================>......] - ETA: 1s - loss: 1.6361 - accuracy: 0.4235
80/98 [=======================>......] - ETA: 1s - loss: 1.6340 - accuracy: 0.4237
81/98 [=======================>......] - ETA: 1s - loss: 1.6313 - accuracy: 0.4247
82/98 [========================>.....] - ETA: 1s - loss: 1.6281 - accuracy: 0.4259
83/98 [========================>.....] - ETA: 1s - loss: 1.6251 - accuracy: 0.4268
84/98 [========================>.....] - ETA: 1s - loss: 1.6223 - accuracy: 0.4278
85/98 [=========================>....] - ETA: 1s - loss: 1.6196 - accuracy: 0.4289
86/98 [=========================>....] - ETA: 0s - loss: 1.6169 - accuracy: 0.4301
87/98 [=========================>....] - ETA: 0s - loss: 1.6140 - accuracy: 0.4313
88/98 [=========================>....] - ETA: 0s - loss: 1.6113 - accuracy: 0.4326
89/98 [==========================>...] - ETA: 0s - loss: 1.6085 - accuracy: 0.4336
90/98 [==========================>...] - ETA: 0s - loss: 1.6054 - accuracy: 0.4345
91/98 [==========================>...] - ETA: 0s - loss: 1.6018 - accuracy: 0.4358
92/98 [===========================>..] - ETA: 0s - loss: 1.5995 - accuracy: 0.4363
93/98 [===========================>..] - ETA: 0s - loss: 1.5964 - accuracy: 0.4372
94/98 [===========================>..] - ETA: 0s - loss: 1.5941 - accuracy: 0.4379
95/98 [============================>.] - ETA: 0s - loss: 1.5916 - accuracy: 0.4388
96/98 [============================>.] - ETA: 0s - loss: 1.5898 - accuracy: 0.4396
97/98 [============================>.] - ETA: 0s - loss: 1.5875 - accuracy: 0.4407
98/98 [==============================] - ETA: 0s - loss: 1.5851 - accuracy: 0.4415
98/98 [==============================] - 15s 94ms/step - loss: 1.5851 - accuracy: 0.4415 - val_loss: 2.0581 - val_accuracy: 0.3714
Epoch 2/109

 1/98 [..............................] - ETA: 10s - loss: 1.3939 - accuracy: 0.5293
 2/98 [..............................] - ETA: 10s - loss: 1.3748 - accuracy: 0.5391
 3/98 [..............................] - ETA: 9s - loss: 1.3390 - accuracy: 0.5430 
 4/98 [>.............................] - ETA: 9s - loss: 1.3041 - accuracy: 0.5566
 5/98 [>.............................] - ETA: 9s - loss: 1.3012 - accuracy: 0.5543
 6/98 [>.............................] - ETA: 8s - loss: 1.2963 - accuracy: 0.5583
 7/98 [=>............................] - ETA: 8s - loss: 1.2933 - accuracy: 0.5592
 8/98 [=>............................] - ETA: 8s - loss: 1.2824 - accuracy: 0.5649
 9/98 [=>............................] - ETA: 8s - loss: 1.2721 - accuracy: 0.5673
10/98 [==>...........................] - ETA: 8s - loss: 1.2822 - accuracy: 0.5617
11/98 [==>...........................] - ETA: 8s - loss: 1.2815 - accuracy: 0.5604
12/98 [==>...........................] - ETA: 8s - loss: 1.2783 - accuracy: 0.5601
13/98 [==>...........................] - ETA: 7s - loss: 1.2776 - accuracy: 0.5590
14/98 [===>..........................] - ETA: 7s - loss: 1.2709 - accuracy: 0.5636
15/98 [===>..........................] - ETA: 7s - loss: 1.2710 - accuracy: 0.5634
16/98 [===>..........................] - ETA: 7s - loss: 1.2766 - accuracy: 0.5614
17/98 [====>.........................] - ETA: 7s - loss: 1.2738 - accuracy: 0.5630
18/98 [====>.........................] - ETA: 7s - loss: 1.2785 - accuracy: 0.5613
19/98 [====>.........................] - ETA: 7s - loss: 1.2756 - accuracy: 0.5598
20/98 [=====>........................] - ETA: 6s - loss: 1.2764 - accuracy: 0.5582
21/98 [=====>........................] - ETA: 6s - loss: 1.2752 - accuracy: 0.5586
22/98 [=====>........................] - ETA: 6s - loss: 1.2684 - accuracy: 0.5617
23/98 [======>.......................] - ETA: 6s - loss: 1.2670 - accuracy: 0.5611
24/98 [======>.......................] - ETA: 6s - loss: 1.2685 - accuracy: 0.5608
25/98 [======>.......................] - ETA: 6s - loss: 1.2679 - accuracy: 0.5614
26/98 [======>.......................] - ETA: 6s - loss: 1.2703 - accuracy: 0.5607
27/98 [=======>......................] - ETA: 6s - loss: 1.2696 - accuracy: 0.5618
28/98 [=======>......................] - ETA: 5s - loss: 1.2687 - accuracy: 0.5612
29/98 [=======>......................] - ETA: 5s - loss: 1.2661 - accuracy: 0.5622
30/98 [========>.....................] - ETA: 5s - loss: 1.2656 - accuracy: 0.5626
31/98 [========>.....................] - ETA: 5s - loss: 1.2628 - accuracy: 0.5634
32/98 [========>.....................] - ETA: 5s - loss: 1.2617 - accuracy: 0.5641
33/98 [=========>....................] - ETA: 5s - loss: 1.2617 - accuracy: 0.5637
34/98 [=========>....................] - ETA: 5s - loss: 1.2633 - accuracy: 0.5630
35/98 [=========>....................] - ETA: 5s - loss: 1.2625 - accuracy: 0.5638
36/98 [==========>...................] - ETA: 5s - loss: 1.2608 - accuracy: 0.5638
37/98 [==========>...................] - ETA: 4s - loss: 1.2580 - accuracy: 0.5647
38/98 [==========>...................] - ETA: 4s - loss: 1.2580 - accuracy: 0.5643
39/98 [==========>...................] - ETA: 4s - loss: 1.2560 - accuracy: 0.5652
40/98 [===========>..................] - ETA: 4s - loss: 1.2556 - accuracy: 0.5651
41/98 [===========>..................] - ETA: 4s - loss: 1.2527 - accuracy: 0.5666
42/98 [===========>..................] - ETA: 4s - loss: 1.2527 - accuracy: 0.5667
43/98 [============>.................] - ETA: 4s - loss: 1.2501 - accuracy: 0.5680
44/98 [============>.................] - ETA: 4s - loss: 1.2484 - accuracy: 0.5689
45/98 [============>.................] - ETA: 4s - loss: 1.2468 - accuracy: 0.5691
46/98 [=============>................] - ETA: 4s - loss: 1.2458 - accuracy: 0.5692
47/98 [=============>................] - ETA: 4s - loss: 1.2439 - accuracy: 0.5700
48/98 [=============>................] - ETA: 3s - loss: 1.2437 - accuracy: 0.5698
49/98 [==============>...............] - ETA: 3s - loss: 1.2427 - accuracy: 0.5704
50/98 [==============>...............] - ETA: 3s - loss: 1.2400 - accuracy: 0.5713
51/98 [==============>...............] - ETA: 3s - loss: 1.2400 - accuracy: 0.5709
52/98 [==============>...............] - ETA: 3s - loss: 1.2403 - accuracy: 0.5706
53/98 [===============>..............] - ETA: 3s - loss: 1.2402 - accuracy: 0.5701
54/98 [===============>..............] - ETA: 3s - loss: 1.2396 - accuracy: 0.5703
55/98 [===============>..............] - ETA: 3s - loss: 1.2386 - accuracy: 0.5707
56/98 [================>.............] - ETA: 3s - loss: 1.2354 - accuracy: 0.5719
58/98 [================>.............] - ETA: 3s - loss: 1.2349 - accuracy: 0.5716
60/98 [=================>............] - ETA: 2s - loss: 1.2340 - accuracy: 0.5717
62/98 [=================>............] - ETA: 2s - loss: 1.2327 - accuracy: 0.5724
64/98 [==================>...........] - ETA: 2s - loss: 1.2301 - accuracy: 0.5727
66/98 [===================>..........] - ETA: 2s - loss: 1.2281 - accuracy: 0.5732
68/98 [===================>..........] - ETA: 2s - loss: 1.2248 - accuracy: 0.5739
70/98 [====================>.........] - ETA: 2s - loss: 1.2241 - accuracy: 0.5740
72/98 [=====================>........] - ETA: 1s - loss: 1.2213 - accuracy: 0.5749
74/98 [=====================>........] - ETA: 1s - loss: 1.2214 - accuracy: 0.5749
76/98 [======================>.......] - ETA: 1s - loss: 1.2206 - accuracy: 0.5750
77/98 [======================>.......] - ETA: 1s - loss: 1.2196 - accuracy: 0.5752
79/98 [=======================>......] - ETA: 1s - loss: 1.2187 - accuracy: 0.5753
80/98 [=======================>......] - ETA: 1s - loss: 1.2181 - accuracy: 0.5756
81/98 [=======================>......] - ETA: 1s - loss: 1.2171 - accuracy: 0.5760
82/98 [========================>.....] - ETA: 1s - loss: 1.2161 - accuracy: 0.5765
83/98 [========================>.....] - ETA: 1s - loss: 1.2147 - accuracy: 0.5772
84/98 [========================>.....] - ETA: 1s - loss: 1.2128 - accuracy: 0.5780
85/98 [=========================>....] - ETA: 0s - loss: 1.2114 - accuracy: 0.5782
86/98 [=========================>....] - ETA: 0s - loss: 1.2109 - accuracy: 0.5783
87/98 [=========================>....] - ETA: 0s - loss: 1.2103 - accuracy: 0.5788
88/98 [=========================>....] - ETA: 0s - loss: 1.2094 - accuracy: 0.5789
89/98 [==========================>...] - ETA: 0s - loss: 1.2087 - accuracy: 0.5790
90/98 [==========================>...] - ETA: 0s - loss: 1.2087 - accuracy: 0.5789
91/98 [==========================>...] - ETA: 0s - loss: 1.2081 - accuracy: 0.5789
92/98 [===========================>..] - ETA: 0s - loss: 1.2079 - accuracy: 0.5791
93/98 [===========================>..] - ETA: 0s - loss: 1.2079 - accuracy: 0.5791
94/98 [===========================>..] - ETA: 0s - loss: 1.2073 - accuracy: 0.5793
95/98 [============================>.] - ETA: 0s - loss: 1.2060 - accuracy: 0.5800
96/98 [============================>.] - ETA: 0s - loss: 1.2051 - accuracy: 0.5803
97/98 [============================>.] - ETA: 0s - loss: 1.2049 - accuracy: 0.5807
98/98 [==============================] - ETA: 0s - loss: 1.2048 - accuracy: 0.5807
98/98 [==============================] - 8s 81ms/step - loss: 1.2048 - accuracy: 0.5807 - val_loss: 1.8114 - val_accuracy: 0.4816
Epoch 3/109

 1/98 [..............................] - ETA: 8s - loss: 1.0616 - accuracy: 0.6562
 2/98 [..............................] - ETA: 6s - loss: 1.0643 - accuracy: 0.6455
 3/98 [..............................] - ETA: 6s - loss: 1.1008 - accuracy: 0.6322
 4/98 [>.............................] - ETA: 6s - loss: 1.0979 - accuracy: 0.6338
 5/98 [>.............................] - ETA: 6s - loss: 1.0957 - accuracy: 0.6336
 6/98 [>.............................] - ETA: 6s - loss: 1.0938 - accuracy: 0.6312
 7/98 [=>............................] - ETA: 6s - loss: 1.0956 - accuracy: 0.6278
 8/98 [=>............................] - ETA: 6s - loss: 1.0832 - accuracy: 0.6318
 9/98 [=>............................] - ETA: 6s - loss: 1.0757 - accuracy: 0.6330
10/98 [==>...........................] - ETA: 6s - loss: 1.0703 - accuracy: 0.6348
11/98 [==>...........................] - ETA: 6s - loss: 1.0736 - accuracy: 0.6312
12/98 [==>...........................] - ETA: 6s - loss: 1.0741 - accuracy: 0.6315
13/98 [==>...........................] - ETA: 6s - loss: 1.0803 - accuracy: 0.6282
14/98 [===>..........................] - ETA: 6s - loss: 1.0784 - accuracy: 0.6310
15/98 [===>..........................] - ETA: 5s - loss: 1.0821 - accuracy: 0.6313
16/98 [===>..........................] - ETA: 5s - loss: 1.0764 - accuracy: 0.6317
17/98 [====>.........................] - ETA: 5s - loss: 1.0772 - accuracy: 0.6313
18/98 [====>.........................] - ETA: 5s - loss: 1.0739 - accuracy: 0.6325
19/98 [====>.........................] - ETA: 5s - loss: 1.0764 - accuracy: 0.6303
20/98 [=====>........................] - ETA: 5s - loss: 1.0766 - accuracy: 0.6303
21/98 [=====>........................] - ETA: 5s - loss: 1.0770 - accuracy: 0.6309
22/98 [=====>........................] - ETA: 5s - loss: 1.0785 - accuracy: 0.6308
23/98 [======>.......................] - ETA: 5s - loss: 1.0772 - accuracy: 0.6303
24/98 [======>.......................] - ETA: 5s - loss: 1.0762 - accuracy: 0.6311
25/98 [======>.......................] - ETA: 5s - loss: 1.0766 - accuracy: 0.6302
26/98 [======>.......................] - ETA: 5s - loss: 1.0777 - accuracy: 0.6299
27/98 [=======>......................] - ETA: 5s - loss: 1.0783 - accuracy: 0.6300
28/98 [=======>......................] - ETA: 5s - loss: 1.0815 - accuracy: 0.6282
29/98 [=======>......................] - ETA: 4s - loss: 1.0816 - accuracy: 0.6273
30/98 [========>.....................] - ETA: 4s - loss: 1.0829 - accuracy: 0.6262
31/98 [========>.....................] - ETA: 4s - loss: 1.0833 - accuracy: 0.6266
32/98 [========>.....................] - ETA: 4s - loss: 1.0818 - accuracy: 0.6270
33/98 [=========>....................] - ETA: 4s - loss: 1.0829 - accuracy: 0.6266
34/98 [=========>....................] - ETA: 4s - loss: 1.0835 - accuracy: 0.6260
35/98 [=========>....................] - ETA: 4s - loss: 1.0818 - accuracy: 0.6261
36/98 [==========>...................] - ETA: 4s - loss: 1.0805 - accuracy: 0.6268
37/98 [==========>...................] - ETA: 4s - loss: 1.0815 - accuracy: 0.6269
38/98 [==========>...................] - ETA: 4s - loss: 1.0804 - accuracy: 0.6271
39/98 [==========>...................] - ETA: 4s - loss: 1.0800 - accuracy: 0.6279
40/98 [===========>..................] - ETA: 4s - loss: 1.0787 - accuracy: 0.6284
41/98 [===========>..................] - ETA: 4s - loss: 1.0774 - accuracy: 0.6287
42/98 [===========>..................] - ETA: 4s - loss: 1.0777 - accuracy: 0.6288
43/98 [============>.................] - ETA: 3s - loss: 1.0767 - accuracy: 0.6290
44/98 [============>.................] - ETA: 3s - loss: 1.0766 - accuracy: 0.6289
45/98 [============>.................] - ETA: 3s - loss: 1.0766 - accuracy: 0.6281
46/98 [=============>................] - ETA: 3s - loss: 1.0768 - accuracy: 0.6276
47/98 [=============>................] - ETA: 3s - loss: 1.0774 - accuracy: 0.6277
48/98 [=============>................] - ETA: 3s - loss: 1.0767 - accuracy: 0.6279
49/98 [==============>...............] - ETA: 3s - loss: 1.0762 - accuracy: 0.6285
50/98 [==============>...............] - ETA: 3s - loss: 1.0781 - accuracy: 0.6281
51/98 [==============>...............] - ETA: 3s - loss: 1.0788 - accuracy: 0.6279
52/98 [==============>...............] - ETA: 3s - loss: 1.0777 - accuracy: 0.6282
53/98 [===============>..............] - ETA: 3s - loss: 1.0790 - accuracy: 0.6277
54/98 [===============>..............] - ETA: 3s - loss: 1.0776 - accuracy: 0.6278
55/98 [===============>..............] - ETA: 3s - loss: 1.0780 - accuracy: 0.6273
56/98 [================>.............] - ETA: 3s - loss: 1.0789 - accuracy: 0.6267
57/98 [================>.............] - ETA: 2s - loss: 1.0781 - accuracy: 0.6269
58/98 [================>.............] - ETA: 2s - loss: 1.0772 - accuracy: 0.6272
59/98 [=================>............] - ETA: 2s - loss: 1.0770 - accuracy: 0.6271
60/98 [=================>............] - ETA: 2s - loss: 1.0778 - accuracy: 0.6273
61/98 [=================>............] - ETA: 2s - loss: 1.0763 - accuracy: 0.6280
62/98 [=================>............] - ETA: 2s - loss: 1.0765 - accuracy: 0.6276
63/98 [==================>...........] - ETA: 2s - loss: 1.0765 - accuracy: 0.6277
64/98 [==================>...........] - ETA: 2s - loss: 1.0769 - accuracy: 0.6275
65/98 [==================>...........] - ETA: 2s - loss: 1.0753 - accuracy: 0.6281
66/98 [===================>..........] - ETA: 2s - loss: 1.0739 - accuracy: 0.6286
67/98 [===================>..........] - ETA: 2s - loss: 1.0739 - accuracy: 0.6286
68/98 [===================>..........] - ETA: 2s - loss: 1.0737 - accuracy: 0.6288
69/98 [====================>.........] - ETA: 2s - loss: 1.0730 - accuracy: 0.6287
70/98 [====================>.........] - ETA: 2s - loss: 1.0722 - accuracy: 0.6290
71/98 [====================>.........] - ETA: 1s - loss: 1.0716 - accuracy: 0.6289
72/98 [=====================>........] - ETA: 1s - loss: 1.0702 - accuracy: 0.6298
73/98 [=====================>........] - ETA: 1s - loss: 1.0701 - accuracy: 0.6296
74/98 [=====================>........] - ETA: 1s - loss: 1.0696 - accuracy: 0.6298
75/98 [=====================>........] - ETA: 1s - loss: 1.0697 - accuracy: 0.6298
76/98 [======================>.......] - ETA: 1s - loss: 1.0699 - accuracy: 0.6297
77/98 [======================>.......] - ETA: 1s - loss: 1.0707 - accuracy: 0.6293
78/98 [======================>.......] - ETA: 1s - loss: 1.0717 - accuracy: 0.6292
79/98 [=======================>......] - ETA: 1s - loss: 1.0711 - accuracy: 0.6294
80/98 [=======================>......] - ETA: 1s - loss: 1.0704 - accuracy: 0.6295
81/98 [=======================>......] - ETA: 1s - loss: 1.0696 - accuracy: 0.6297
82/98 [========================>.....] - ETA: 1s - loss: 1.0688 - accuracy: 0.6300
83/98 [========================>.....] - ETA: 1s - loss: 1.0695 - accuracy: 0.6299
84/98 [========================>.....] - ETA: 1s - loss: 1.0687 - accuracy: 0.6303
85/98 [=========================>....] - ETA: 0s - loss: 1.0688 - accuracy: 0.6304
86/98 [=========================>....] - ETA: 0s - loss: 1.0678 - accuracy: 0.6309
87/98 [=========================>....] - ETA: 0s - loss: 1.0674 - accuracy: 0.6311
88/98 [=========================>....] - ETA: 0s - loss: 1.0670 - accuracy: 0.6312
89/98 [==========================>...] - ETA: 0s - loss: 1.0667 - accuracy: 0.6314
90/98 [==========================>...] - ETA: 0s - loss: 1.0658 - accuracy: 0.6315
92/98 [===========================>..] - ETA: 0s - loss: 1.0647 - accuracy: 0.6320
93/98 [===========================>..] - ETA: 0s - loss: 1.0655 - accuracy: 0.6318
94/98 [===========================>..] - ETA: 0s - loss: 1.0660 - accuracy: 0.6317
95/98 [============================>.] - ETA: 0s - loss: 1.0654 - accuracy: 0.6319
96/98 [============================>.] - ETA: 0s - loss: 1.0649 - accuracy: 0.6321
97/98 [============================>.] - ETA: 0s - loss: 1.0647 - accuracy: 0.6321
98/98 [==============================] - ETA: 0s - loss: 1.0638 - accuracy: 0.6323
98/98 [==============================] - 8s 79ms/step - loss: 1.0638 - accuracy: 0.6323 - val_loss: 1.5656 - val_accuracy: 0.5298
Epoch 4/109

 1/98 [..............................] - ETA: 7s - loss: 0.9456 - accuracy: 0.6895
 3/98 [..............................] - ETA: 5s - loss: 0.9867 - accuracy: 0.6569
 5/98 [>.............................] - ETA: 5s - loss: 0.9840 - accuracy: 0.6582
 7/98 [=>............................] - ETA: 4s - loss: 0.9735 - accuracy: 0.6610
 8/98 [=>............................] - ETA: 5s - loss: 0.9662 - accuracy: 0.6643
 9/98 [=>............................] - ETA: 5s - loss: 0.9716 - accuracy: 0.6632
10/98 [==>...........................] - ETA: 5s - loss: 0.9713 - accuracy: 0.6635
11/98 [==>...........................] - ETA: 5s - loss: 0.9686 - accuracy: 0.6626
12/98 [==>...........................] - ETA: 5s - loss: 0.9689 - accuracy: 0.6644
14/98 [===>..........................] - ETA: 5s - loss: 0.9738 - accuracy: 0.6632
15/98 [===>..........................] - ETA: 5s - loss: 0.9703 - accuracy: 0.6632
16/98 [===>..........................] - ETA: 5s - loss: 0.9718 - accuracy: 0.6622
17/98 [====>.........................] - ETA: 5s - loss: 0.9704 - accuracy: 0.6633
18/98 [====>.........................] - ETA: 5s - loss: 0.9760 - accuracy: 0.6610
19/98 [====>.........................] - ETA: 5s - loss: 0.9803 - accuracy: 0.6595
20/98 [=====>........................] - ETA: 5s - loss: 0.9800 - accuracy: 0.6584
21/98 [=====>........................] - ETA: 5s - loss: 0.9801 - accuracy: 0.6589
22/98 [=====>........................] - ETA: 5s - loss: 0.9815 - accuracy: 0.6589
23/98 [======>.......................] - ETA: 5s - loss: 0.9806 - accuracy: 0.6595
24/98 [======>.......................] - ETA: 4s - loss: 0.9792 - accuracy: 0.6601
25/98 [======>.......................] - ETA: 4s - loss: 0.9797 - accuracy: 0.6604
26/98 [======>.......................] - ETA: 4s - loss: 0.9815 - accuracy: 0.6602
27/98 [=======>......................] - ETA: 4s - loss: 0.9824 - accuracy: 0.6592
28/98 [=======>......................] - ETA: 4s - loss: 0.9830 - accuracy: 0.6587
29/98 [=======>......................] - ETA: 4s - loss: 0.9835 - accuracy: 0.6578
30/98 [========>.....................] - ETA: 4s - loss: 0.9809 - accuracy: 0.6592
31/98 [========>.....................] - ETA: 4s - loss: 0.9791 - accuracy: 0.6602
32/98 [========>.....................] - ETA: 4s - loss: 0.9797 - accuracy: 0.6597
33/98 [=========>....................] - ETA: 4s - loss: 0.9819 - accuracy: 0.6593
34/98 [=========>....................] - ETA: 4s - loss: 0.9810 - accuracy: 0.6600
35/98 [=========>....................] - ETA: 4s - loss: 0.9830 - accuracy: 0.6591
36/98 [==========>...................] - ETA: 4s - loss: 0.9819 - accuracy: 0.6601
37/98 [==========>...................] - ETA: 4s - loss: 0.9816 - accuracy: 0.6595
38/98 [==========>...................] - ETA: 4s - loss: 0.9827 - accuracy: 0.6596
39/98 [==========>...................] - ETA: 4s - loss: 0.9837 - accuracy: 0.6595
40/98 [===========>..................] - ETA: 4s - loss: 0.9824 - accuracy: 0.6595
41/98 [===========>..................] - ETA: 3s - loss: 0.9830 - accuracy: 0.6600
42/98 [===========>..................] - ETA: 3s - loss: 0.9842 - accuracy: 0.6597
43/98 [============>.................] - ETA: 3s - loss: 0.9838 - accuracy: 0.6594
44/98 [============>.................] - ETA: 3s - loss: 0.9838 - accuracy: 0.6593
45/98 [============>.................] - ETA: 3s - loss: 0.9829 - accuracy: 0.6599
46/98 [=============>................] - ETA: 3s - loss: 0.9829 - accuracy: 0.6598
47/98 [=============>................] - ETA: 3s - loss: 0.9834 - accuracy: 0.6595
48/98 [=============>................] - ETA: 3s - loss: 0.9817 - accuracy: 0.6602
49/98 [==============>...............] - ETA: 3s - loss: 0.9806 - accuracy: 0.6606
50/98 [==============>...............] - ETA: 3s - loss: 0.9816 - accuracy: 0.6609
51/98 [==============>...............] - ETA: 3s - loss: 0.9805 - accuracy: 0.6616
52/98 [==============>...............] - ETA: 3s - loss: 0.9804 - accuracy: 0.6618
53/98 [===============>..............] - ETA: 3s - loss: 0.9805 - accuracy: 0.6622
54/98 [===============>..............] - ETA: 3s - loss: 0.9801 - accuracy: 0.6623
55/98 [===============>..............] - ETA: 3s - loss: 0.9810 - accuracy: 0.6617
56/98 [================>.............] - ETA: 2s - loss: 0.9811 - accuracy: 0.6615
57/98 [================>.............] - ETA: 2s - loss: 0.9803 - accuracy: 0.6618
58/98 [================>.............] - ETA: 2s - loss: 0.9792 - accuracy: 0.6622
59/98 [=================>............] - ETA: 2s - loss: 0.9795 - accuracy: 0.6627
60/98 [=================>............] - ETA: 2s - loss: 0.9798 - accuracy: 0.6627
61/98 [=================>............] - ETA: 2s - loss: 0.9801 - accuracy: 0.6626
62/98 [=================>............] - ETA: 2s - loss: 0.9805 - accuracy: 0.6625
63/98 [==================>...........] - ETA: 2s - loss: 0.9808 - accuracy: 0.6622
64/98 [==================>...........] - ETA: 2s - loss: 0.9806 - accuracy: 0.6622
65/98 [==================>...........] - ETA: 2s - loss: 0.9798 - accuracy: 0.6629
66/98 [===================>..........] - ETA: 2s - loss: 0.9797 - accuracy: 0.6626
67/98 [===================>..........] - ETA: 2s - loss: 0.9799 - accuracy: 0.6626
68/98 [===================>..........] - ETA: 2s - loss: 0.9796 - accuracy: 0.6628
69/98 [====================>.........] - ETA: 2s - loss: 0.9790 - accuracy: 0.6629
70/98 [====================>.........] - ETA: 1s - loss: 0.9787 - accuracy: 0.6630
71/98 [====================>.........] - ETA: 1s - loss: 0.9790 - accuracy: 0.6628
72/98 [=====================>........] - ETA: 1s - loss: 0.9786 - accuracy: 0.6631
73/98 [=====================>........] - ETA: 1s - loss: 0.9788 - accuracy: 0.6629
74/98 [=====================>........] - ETA: 1s - loss: 0.9787 - accuracy: 0.6628
75/98 [=====================>........] - ETA: 1s - loss: 0.9784 - accuracy: 0.6632
76/98 [======================>.......] - ETA: 1s - loss: 0.9773 - accuracy: 0.6635
77/98 [======================>.......] - ETA: 1s - loss: 0.9777 - accuracy: 0.6634
78/98 [======================>.......] - ETA: 1s - loss: 0.9773 - accuracy: 0.6635
79/98 [=======================>......] - ETA: 1s - loss: 0.9772 - accuracy: 0.6633
80/98 [=======================>......] - ETA: 1s - loss: 0.9767 - accuracy: 0.6635
81/98 [=======================>......] - ETA: 1s - loss: 0.9768 - accuracy: 0.6637
82/98 [========================>.....] - ETA: 1s - loss: 0.9762 - accuracy: 0.6638
83/98 [========================>.....] - ETA: 1s - loss: 0.9765 - accuracy: 0.6638
84/98 [========================>.....] - ETA: 0s - loss: 0.9766 - accuracy: 0.6638
85/98 [=========================>....] - ETA: 0s - loss: 0.9765 - accuracy: 0.6639
86/98 [=========================>....] - ETA: 0s - loss: 0.9767 - accuracy: 0.6637
87/98 [=========================>....] - ETA: 0s - loss: 0.9771 - accuracy: 0.6634
88/98 [=========================>....] - ETA: 0s - loss: 0.9769 - accuracy: 0.6635
89/98 [==========================>...] - ETA: 0s - loss: 0.9766 - accuracy: 0.6637
90/98 [==========================>...] - ETA: 0s - loss: 0.9769 - accuracy: 0.6637
91/98 [==========================>...] - ETA: 0s - loss: 0.9770 - accuracy: 0.6635
92/98 [===========================>..] - ETA: 0s - loss: 0.9772 - accuracy: 0.6635
93/98 [===========================>..] - ETA: 0s - loss: 0.9763 - accuracy: 0.6637
94/98 [===========================>..] - ETA: 0s - loss: 0.9751 - accuracy: 0.6644
95/98 [============================>.] - ETA: 0s - loss: 0.9751 - accuracy: 0.6646
96/98 [============================>.] - ETA: 0s - loss: 0.9749 - accuracy: 0.6647
97/98 [============================>.] - ETA: 0s - loss: 0.9740 - accuracy: 0.6653
98/98 [==============================] - ETA: 0s - loss: 0.9735 - accuracy: 0.6654
98/98 [==============================] - 8s 80ms/step - loss: 0.9735 - accuracy: 0.6654 - val_loss: 1.3432 - val_accuracy: 0.5667
Epoch 5/109

 1/98 [..............................] - ETA: 7s - loss: 0.9399 - accuracy: 0.6953
 2/98 [..............................] - ETA: 7s - loss: 0.9314 - accuracy: 0.6963
 3/98 [..............................] - ETA: 7s - loss: 0.9043 - accuracy: 0.6992
 4/98 [>.............................] - ETA: 6s - loss: 0.9040 - accuracy: 0.6982
 5/98 [>.............................] - ETA: 6s - loss: 0.8982 - accuracy: 0.6973
 6/98 [>.............................] - ETA: 6s - loss: 0.9089 - accuracy: 0.6930
 7/98 [=>............................] - ETA: 6s - loss: 0.9095 - accuracy: 0.6897
 8/98 [=>............................] - ETA: 6s - loss: 0.9073 - accuracy: 0.6904
 9/98 [=>............................] - ETA: 6s - loss: 0.9069 - accuracy: 0.6912
10/98 [==>...........................] - ETA: 6s - loss: 0.9065 - accuracy: 0.6918
11/98 [==>...........................] - ETA: 6s - loss: 0.9072 - accuracy: 0.6926
12/98 [==>...........................] - ETA: 6s - loss: 0.9181 - accuracy: 0.6891
13/98 [==>...........................] - ETA: 6s - loss: 0.9264 - accuracy: 0.6858
14/98 [===>..........................] - ETA: 6s - loss: 0.9234 - accuracy: 0.6871
15/98 [===>..........................] - ETA: 6s - loss: 0.9183 - accuracy: 0.6898
16/98 [===>..........................] - ETA: 5s - loss: 0.9192 - accuracy: 0.6897
17/98 [====>.........................] - ETA: 5s - loss: 0.9150 - accuracy: 0.6915
18/98 [====>.........................] - ETA: 5s - loss: 0.9149 - accuracy: 0.6912
19/98 [====>.........................] - ETA: 5s - loss: 0.9128 - accuracy: 0.6924
20/98 [=====>........................] - ETA: 5s - loss: 0.9133 - accuracy: 0.6918
21/98 [=====>........................] - ETA: 5s - loss: 0.9142 - accuracy: 0.6922
22/98 [=====>........................] - ETA: 5s - loss: 0.9143 - accuracy: 0.6910
23/98 [======>.......................] - ETA: 5s - loss: 0.9117 - accuracy: 0.6919
24/98 [======>.......................] - ETA: 5s - loss: 0.9116 - accuracy: 0.6912
25/98 [======>.......................] - ETA: 5s - loss: 0.9126 - accuracy: 0.6905
26/98 [======>.......................] - ETA: 5s - loss: 0.9086 - accuracy: 0.6922
27/98 [=======>......................] - ETA: 5s - loss: 0.9099 - accuracy: 0.6911
28/98 [=======>......................] - ETA: 5s - loss: 0.9075 - accuracy: 0.6918
29/98 [=======>......................] - ETA: 5s - loss: 0.9081 - accuracy: 0.6911
31/98 [========>.....................] - ETA: 4s - loss: 0.9084 - accuracy: 0.6908
32/98 [========>.....................] - ETA: 4s - loss: 0.9065 - accuracy: 0.6914
33/98 [=========>....................] - ETA: 4s - loss: 0.9055 - accuracy: 0.6921
35/98 [=========>....................] - ETA: 4s - loss: 0.9083 - accuracy: 0.6913
36/98 [==========>...................] - ETA: 4s - loss: 0.9076 - accuracy: 0.6914
37/98 [==========>...................] - ETA: 4s - loss: 0.9067 - accuracy: 0.6918
39/98 [==========>...................] - ETA: 4s - loss: 0.9074 - accuracy: 0.6914
41/98 [===========>..................] - ETA: 3s - loss: 0.9084 - accuracy: 0.6910
43/98 [============>.................] - ETA: 3s - loss: 0.9080 - accuracy: 0.6908
45/98 [============>.................] - ETA: 3s - loss: 0.9087 - accuracy: 0.6905
47/98 [=============>................] - ETA: 3s - loss: 0.9092 - accuracy: 0.6900
49/98 [==============>...............] - ETA: 3s - loss: 0.9109 - accuracy: 0.6890
51/98 [==============>...............] - ETA: 3s - loss: 0.9092 - accuracy: 0.6894
52/98 [==============>...............] - ETA: 2s - loss: 0.9088 - accuracy: 0.6897
53/98 [===============>..............] - ETA: 2s - loss: 0.9092 - accuracy: 0.6895
54/98 [===============>..............] - ETA: 2s - loss: 0.9078 - accuracy: 0.6895
55/98 [===============>..............] - ETA: 2s - loss: 0.9078 - accuracy: 0.6891
56/98 [================>.............] - ETA: 2s - loss: 0.9071 - accuracy: 0.6899
57/98 [================>.............] - ETA: 2s - loss: 0.9085 - accuracy: 0.6892
58/98 [================>.............] - ETA: 2s - loss: 0.9091 - accuracy: 0.6888
59/98 [=================>............] - ETA: 2s - loss: 0.9090 - accuracy: 0.6888
61/98 [=================>............] - ETA: 2s - loss: 0.9082 - accuracy: 0.6891
62/98 [=================>............] - ETA: 2s - loss: 0.9085 - accuracy: 0.6891
63/98 [==================>...........] - ETA: 2s - loss: 0.9085 - accuracy: 0.6890
64/98 [==================>...........] - ETA: 2s - loss: 0.9090 - accuracy: 0.6889
65/98 [==================>...........] - ETA: 2s - loss: 0.9090 - accuracy: 0.6887
66/98 [===================>..........] - ETA: 2s - loss: 0.9094 - accuracy: 0.6884
67/98 [===================>..........] - ETA: 2s - loss: 0.9109 - accuracy: 0.6874
68/98 [===================>..........] - ETA: 2s - loss: 0.9106 - accuracy: 0.6874
69/98 [====================>.........] - ETA: 1s - loss: 0.9117 - accuracy: 0.6870
70/98 [====================>.........] - ETA: 1s - loss: 0.9112 - accuracy: 0.6869
71/98 [====================>.........] - ETA: 1s - loss: 0.9103 - accuracy: 0.6872
72/98 [=====================>........] - ETA: 1s - loss: 0.9103 - accuracy: 0.6871
73/98 [=====================>........] - ETA: 1s - loss: 0.9091 - accuracy: 0.6877
74/98 [=====================>........] - ETA: 1s - loss: 0.9093 - accuracy: 0.6876
75/98 [=====================>........] - ETA: 1s - loss: 0.9098 - accuracy: 0.6872
76/98 [======================>.......] - ETA: 1s - loss: 0.9099 - accuracy: 0.6871
77/98 [======================>.......] - ETA: 1s - loss: 0.9096 - accuracy: 0.6869
78/98 [======================>.......] - ETA: 1s - loss: 0.9101 - accuracy: 0.6870
79/98 [=======================>......] - ETA: 1s - loss: 0.9102 - accuracy: 0.6871
80/98 [=======================>......] - ETA: 1s - loss: 0.9098 - accuracy: 0.6871
81/98 [=======================>......] - ETA: 1s - loss: 0.9090 - accuracy: 0.6874
82/98 [========================>.....] - ETA: 1s - loss: 0.9093 - accuracy: 0.6871
83/98 [========================>.....] - ETA: 1s - loss: 0.9095 - accuracy: 0.6871
84/98 [========================>.....] - ETA: 0s - loss: 0.9097 - accuracy: 0.6870
