2024-06-25 12:09:15.662379: I tensorflow/core/platform/cpu_feature_guard.cc:193] This TensorFlow binary is optimized with oneAPI Deep Neural Network Library (oneDNN) to use the following CPU instructions in performance-critical operations:  AVX AVX2
To enable them in other operations, rebuild TensorFlow with the appropriate compiler flags.
2024-06-25 12:09:16.264412: I tensorflow/core/common_runtime/gpu/gpu_device.cc:1616] Created device /job:localhost/replica:0/task:0/device:GPU:0 with 6656 MB memory:  -> device: 0, name: NVIDIA GeForce RTX 4060 Ti, pci bus id: 0000:01:00.0, compute capability: 8.9
1 Physical GPUs, 1 Logical GPUs
Model: "sequential"
_________________________________________________________________
 Layer (type)                Output Shape              Param #   
=================================================================
 conv2d (Conv2D)             (None, 32, 32, 32)        896       
                                                                 
 max_pooling2d (MaxPooling2D  (None, 16, 16, 32)       0         
 )                                                               
                                                                 
 batch_normalization (BatchN  (None, 16, 16, 32)       128       
 ormalization)                                                   
                                                                 
 conv2d_1 (Conv2D)           (None, 16, 16, 256)       205056    
                                                                 
 dropout (Dropout)           (None, 16, 16, 256)       0         
                                                                 
 flatten (Flatten)           (None, 65536)             0         
                                                                 
 dense (Dense)               (None, 10)                655370    
                                                                 
=================================================================
Total params: 861,450
Trainable params: 861,386
Non-trainable params: 64
_________________________________________________________________
Taxa de aprendizado:  0.0001 Num de épocas:  109 Tamanho do lote:  512 Dropout:  0.26488
Epoch 1/109
2024-06-25 12:09:17.619998: I tensorflow/stream_executor/cuda/cuda_dnn.cc:384] Loaded cuDNN version 8100
2024-06-25 12:09:18.406459: W tensorflow/stream_executor/gpu/redzone_allocator.cc:314] INTERNAL: ptxas exited with non-zero error code -1, output: 
Relying on driver to perform ptx compilation. 
Modify $PATH to customize ptxas location.
This message will be only logged once.
2024-06-25 12:09:19.719311: I tensorflow/stream_executor/cuda/cuda_blas.cc:1614] TensorFloat-32 will be used for the matrix multiplication. This will only be logged once.

 1/98 [..............................] - ETA: 7:27 - loss: 2.3472 - accuracy: 0.1328
 2/98 [..............................] - ETA: 9s - loss: 2.3019 - accuracy: 0.1650  
 3/98 [..............................] - ETA: 8s - loss: 2.2674 - accuracy: 0.1810
 4/98 [>.............................] - ETA: 8s - loss: 2.2241 - accuracy: 0.1978
 5/98 [>.............................] - ETA: 38s - loss: 2.2020 - accuracy: 0.2030
 6/98 [>.............................] - ETA: 31s - loss: 2.1694 - accuracy: 0.2165
 7/98 [=>............................] - ETA: 27s - loss: 2.1452 - accuracy: 0.2236
 8/98 [=>............................] - ETA: 24s - loss: 2.1234 - accuracy: 0.2342
 9/98 [=>............................] - ETA: 22s - loss: 2.1038 - accuracy: 0.2448
10/98 [==>...........................] - ETA: 20s - loss: 2.0908 - accuracy: 0.2520
11/98 [==>...........................] - ETA: 19s - loss: 2.0762 - accuracy: 0.2568
12/98 [==>...........................] - ETA: 17s - loss: 2.0602 - accuracy: 0.2647
13/98 [==>...........................] - ETA: 16s - loss: 2.0452 - accuracy: 0.2704
14/98 [===>..........................] - ETA: 15s - loss: 2.0294 - accuracy: 0.2755
15/98 [===>..........................] - ETA: 15s - loss: 2.0147 - accuracy: 0.2817
16/98 [===>..........................] - ETA: 14s - loss: 2.0035 - accuracy: 0.2856
17/98 [====>.........................] - ETA: 13s - loss: 1.9958 - accuracy: 0.2889
18/98 [====>.........................] - ETA: 13s - loss: 1.9861 - accuracy: 0.2920
19/98 [====>.........................] - ETA: 12s - loss: 1.9755 - accuracy: 0.2968
20/98 [=====>........................] - ETA: 12s - loss: 1.9664 - accuracy: 0.2993
21/98 [=====>........................] - ETA: 11s - loss: 1.9594 - accuracy: 0.2999
22/98 [=====>........................] - ETA: 11s - loss: 1.9495 - accuracy: 0.3026
23/98 [======>.......................] - ETA: 11s - loss: 1.9416 - accuracy: 0.3053
24/98 [======>.......................] - ETA: 10s - loss: 1.9342 - accuracy: 0.3085
25/98 [======>.......................] - ETA: 10s - loss: 1.9247 - accuracy: 0.3123
26/98 [======>.......................] - ETA: 10s - loss: 1.9188 - accuracy: 0.3155
27/98 [=======>......................] - ETA: 9s - loss: 1.9103 - accuracy: 0.3201 
28/98 [=======>......................] - ETA: 9s - loss: 1.9030 - accuracy: 0.3223
29/98 [=======>......................] - ETA: 9s - loss: 1.8984 - accuracy: 0.3244
30/98 [========>.....................] - ETA: 9s - loss: 1.8913 - accuracy: 0.3277
31/98 [========>.....................] - ETA: 8s - loss: 1.8857 - accuracy: 0.3295
32/98 [========>.....................] - ETA: 8s - loss: 1.8795 - accuracy: 0.3326
33/98 [=========>....................] - ETA: 8s - loss: 1.8730 - accuracy: 0.3357
34/98 [=========>....................] - ETA: 8s - loss: 1.8658 - accuracy: 0.3393
35/98 [=========>....................] - ETA: 7s - loss: 1.8580 - accuracy: 0.3423
36/98 [==========>...................] - ETA: 7s - loss: 1.8514 - accuracy: 0.3444
37/98 [==========>...................] - ETA: 7s - loss: 1.8448 - accuracy: 0.3472
38/98 [==========>...................] - ETA: 7s - loss: 1.8384 - accuracy: 0.3499
39/98 [==========>...................] - ETA: 7s - loss: 1.8318 - accuracy: 0.3528
40/98 [===========>..................] - ETA: 7s - loss: 1.8269 - accuracy: 0.3545
41/98 [===========>..................] - ETA: 6s - loss: 1.8225 - accuracy: 0.3561
42/98 [===========>..................] - ETA: 6s - loss: 1.8177 - accuracy: 0.3577
43/98 [============>.................] - ETA: 6s - loss: 1.8128 - accuracy: 0.3602
44/98 [============>.................] - ETA: 6s - loss: 1.8074 - accuracy: 0.3627
45/98 [============>.................] - ETA: 6s - loss: 1.8025 - accuracy: 0.3644
46/98 [=============>................] - ETA: 6s - loss: 1.7987 - accuracy: 0.3663
47/98 [=============>................] - ETA: 5s - loss: 1.7945 - accuracy: 0.3682
48/98 [=============>................] - ETA: 5s - loss: 1.7915 - accuracy: 0.3697
49/98 [==============>...............] - ETA: 5s - loss: 1.7870 - accuracy: 0.3713
50/98 [==============>...............] - ETA: 5s - loss: 1.7806 - accuracy: 0.3733
51/98 [==============>...............] - ETA: 5s - loss: 1.7766 - accuracy: 0.3743
52/98 [==============>...............] - ETA: 5s - loss: 1.7719 - accuracy: 0.3766
53/98 [===============>..............] - ETA: 5s - loss: 1.7665 - accuracy: 0.3781
54/98 [===============>..............] - ETA: 4s - loss: 1.7615 - accuracy: 0.3793
55/98 [===============>..............] - ETA: 4s - loss: 1.7579 - accuracy: 0.3806
56/98 [================>.............] - ETA: 4s - loss: 1.7530 - accuracy: 0.3831
57/98 [================>.............] - ETA: 4s - loss: 1.7501 - accuracy: 0.3840
58/98 [================>.............] - ETA: 4s - loss: 1.7449 - accuracy: 0.3861
59/98 [=================>............] - ETA: 4s - loss: 1.7416 - accuracy: 0.3875
60/98 [=================>............] - ETA: 4s - loss: 1.7399 - accuracy: 0.3885
61/98 [=================>............] - ETA: 4s - loss: 1.7375 - accuracy: 0.3892
62/98 [=================>............] - ETA: 3s - loss: 1.7333 - accuracy: 0.3912
63/98 [==================>...........] - ETA: 3s - loss: 1.7297 - accuracy: 0.3929
64/98 [==================>...........] - ETA: 3s - loss: 1.7262 - accuracy: 0.3943
65/98 [==================>...........] - ETA: 3s - loss: 1.7227 - accuracy: 0.3954
66/98 [===================>..........] - ETA: 3s - loss: 1.7192 - accuracy: 0.3967
67/98 [===================>..........] - ETA: 3s - loss: 1.7155 - accuracy: 0.3983
68/98 [===================>..........] - ETA: 3s - loss: 1.7130 - accuracy: 0.3992
69/98 [====================>.........] - ETA: 3s - loss: 1.7094 - accuracy: 0.4003
70/98 [====================>.........] - ETA: 3s - loss: 1.7052 - accuracy: 0.4019
71/98 [====================>.........] - ETA: 2s - loss: 1.7006 - accuracy: 0.4033
72/98 [=====================>........] - ETA: 2s - loss: 1.6976 - accuracy: 0.4041
73/98 [=====================>........] - ETA: 2s - loss: 1.6940 - accuracy: 0.4055
74/98 [=====================>........] - ETA: 2s - loss: 1.6897 - accuracy: 0.4069
75/98 [=====================>........] - ETA: 2s - loss: 1.6867 - accuracy: 0.4078
76/98 [======================>.......] - ETA: 2s - loss: 1.6822 - accuracy: 0.4093
77/98 [======================>.......] - ETA: 2s - loss: 1.6790 - accuracy: 0.4105
78/98 [======================>.......] - ETA: 2s - loss: 1.6758 - accuracy: 0.4120
79/98 [=======================>......] - ETA: 1s - loss: 1.6720 - accuracy: 0.4137
80/98 [=======================>......] - ETA: 1s - loss: 1.6688 - accuracy: 0.4149
81/98 [=======================>......] - ETA: 1s - loss: 1.6656 - accuracy: 0.4159
82/98 [========================>.....] - ETA: 1s - loss: 1.6618 - accuracy: 0.4173
83/98 [========================>.....] - ETA: 1s - loss: 1.6584 - accuracy: 0.4186
84/98 [========================>.....] - ETA: 1s - loss: 1.6556 - accuracy: 0.4196
85/98 [=========================>....] - ETA: 1s - loss: 1.6522 - accuracy: 0.4209
86/98 [=========================>....] - ETA: 1s - loss: 1.6490 - accuracy: 0.4219
87/98 [=========================>....] - ETA: 1s - loss: 1.6448 - accuracy: 0.4234
88/98 [=========================>....] - ETA: 1s - loss: 1.6425 - accuracy: 0.4243
89/98 [==========================>...] - ETA: 0s - loss: 1.6395 - accuracy: 0.4253
90/98 [==========================>...] - ETA: 0s - loss: 1.6365 - accuracy: 0.4264
91/98 [==========================>...] - ETA: 0s - loss: 1.6335 - accuracy: 0.4276
92/98 [===========================>..] - ETA: 0s - loss: 1.6299 - accuracy: 0.4290
93/98 [===========================>..] - ETA: 0s - loss: 1.6273 - accuracy: 0.4301
94/98 [===========================>..] - ETA: 0s - loss: 1.6245 - accuracy: 0.4311
95/98 [============================>.] - ETA: 0s - loss: 1.6226 - accuracy: 0.4318
96/98 [============================>.] - ETA: 0s - loss: 1.6195 - accuracy: 0.4330
97/98 [============================>.] - ETA: 0s - loss: 1.6171 - accuracy: 0.4341
98/98 [==============================] - ETA: 0s - loss: 1.6140 - accuracy: 0.4350
98/98 [==============================] - 16s 115ms/step - loss: 1.6140 - accuracy: 0.4350 - val_loss: 2.0099 - val_accuracy: 0.4359
Epoch 2/109

 1/98 [..............................] - ETA: 10s - loss: 1.3628 - accuracy: 0.5156
 2/98 [..............................] - ETA: 7s - loss: 1.3371 - accuracy: 0.5137 
 3/98 [..............................] - ETA: 8s - loss: 1.3474 - accuracy: 0.5156
 4/98 [>.............................] - ETA: 8s - loss: 1.3384 - accuracy: 0.5176
 5/98 [>.............................] - ETA: 8s - loss: 1.3335 - accuracy: 0.5227
 6/98 [>.............................] - ETA: 8s - loss: 1.3370 - accuracy: 0.5244
 7/98 [=>............................] - ETA: 8s - loss: 1.3377 - accuracy: 0.5299
 8/98 [=>............................] - ETA: 8s - loss: 1.3303 - accuracy: 0.5330
 9/98 [=>............................] - ETA: 7s - loss: 1.3221 - accuracy: 0.5382
10/98 [==>...........................] - ETA: 7s - loss: 1.3181 - accuracy: 0.5387
11/98 [==>...........................] - ETA: 7s - loss: 1.3116 - accuracy: 0.5417
12/98 [==>...........................] - ETA: 7s - loss: 1.3011 - accuracy: 0.5461
13/98 [==>...........................] - ETA: 7s - loss: 1.3006 - accuracy: 0.5469
14/98 [===>..........................] - ETA: 7s - loss: 1.2941 - accuracy: 0.5505
15/98 [===>..........................] - ETA: 7s - loss: 1.2918 - accuracy: 0.5514
16/98 [===>..........................] - ETA: 7s - loss: 1.2963 - accuracy: 0.5498
17/98 [====>.........................] - ETA: 7s - loss: 1.2947 - accuracy: 0.5497
18/98 [====>.........................] - ETA: 7s - loss: 1.2930 - accuracy: 0.5500
19/98 [====>.........................] - ETA: 7s - loss: 1.2931 - accuracy: 0.5493
20/98 [=====>........................] - ETA: 6s - loss: 1.2978 - accuracy: 0.5483
21/98 [=====>........................] - ETA: 6s - loss: 1.3009 - accuracy: 0.5478
22/98 [=====>........................] - ETA: 6s - loss: 1.3029 - accuracy: 0.5491
23/98 [======>.......................] - ETA: 6s - loss: 1.2992 - accuracy: 0.5503
24/98 [======>.......................] - ETA: 6s - loss: 1.2964 - accuracy: 0.5504
25/98 [======>.......................] - ETA: 6s - loss: 1.2949 - accuracy: 0.5505
26/98 [======>.......................] - ETA: 6s - loss: 1.2960 - accuracy: 0.5504
27/98 [=======>......................] - ETA: 6s - loss: 1.2972 - accuracy: 0.5503
28/98 [=======>......................] - ETA: 6s - loss: 1.2967 - accuracy: 0.5504
29/98 [=======>......................] - ETA: 6s - loss: 1.2949 - accuracy: 0.5521
30/98 [========>.....................] - ETA: 6s - loss: 1.2926 - accuracy: 0.5534
31/98 [========>.....................] - ETA: 5s - loss: 1.2934 - accuracy: 0.5540
32/98 [========>.....................] - ETA: 5s - loss: 1.2917 - accuracy: 0.5540
33/98 [=========>....................] - ETA: 5s - loss: 1.2908 - accuracy: 0.5549
34/98 [=========>....................] - ETA: 5s - loss: 1.2910 - accuracy: 0.5543
35/98 [=========>....................] - ETA: 5s - loss: 1.2875 - accuracy: 0.5554
36/98 [==========>...................] - ETA: 5s - loss: 1.2842 - accuracy: 0.5565
37/98 [==========>...................] - ETA: 5s - loss: 1.2849 - accuracy: 0.5557
38/98 [==========>...................] - ETA: 5s - loss: 1.2858 - accuracy: 0.5559
39/98 [==========>...................] - ETA: 5s - loss: 1.2855 - accuracy: 0.5551
40/98 [===========>..................] - ETA: 5s - loss: 1.2829 - accuracy: 0.5564
41/98 [===========>..................] - ETA: 5s - loss: 1.2809 - accuracy: 0.5570
42/98 [===========>..................] - ETA: 4s - loss: 1.2794 - accuracy: 0.5570
43/98 [============>.................] - ETA: 4s - loss: 1.2794 - accuracy: 0.5566
44/98 [============>.................] - ETA: 4s - loss: 1.2805 - accuracy: 0.5556
45/98 [============>.................] - ETA: 4s - loss: 1.2792 - accuracy: 0.5559
46/98 [=============>................] - ETA: 4s - loss: 1.2771 - accuracy: 0.5573
47/98 [=============>................] - ETA: 4s - loss: 1.2763 - accuracy: 0.5573
48/98 [=============>................] - ETA: 4s - loss: 1.2743 - accuracy: 0.5582
49/98 [==============>...............] - ETA: 4s - loss: 1.2728 - accuracy: 0.5587
50/98 [==============>...............] - ETA: 4s - loss: 1.2708 - accuracy: 0.5595
51/98 [==============>...............] - ETA: 4s - loss: 1.2710 - accuracy: 0.5590
52/98 [==============>...............] - ETA: 4s - loss: 1.2707 - accuracy: 0.5589
53/98 [===============>..............] - ETA: 3s - loss: 1.2696 - accuracy: 0.5591
54/98 [===============>..............] - ETA: 3s - loss: 1.2691 - accuracy: 0.5594
55/98 [===============>..............] - ETA: 3s - loss: 1.2679 - accuracy: 0.5597
56/98 [================>.............] - ETA: 3s - loss: 1.2665 - accuracy: 0.5604
57/98 [================>.............] - ETA: 3s - loss: 1.2679 - accuracy: 0.5602
58/98 [================>.............] - ETA: 3s - loss: 1.2654 - accuracy: 0.5611
59/98 [=================>............] - ETA: 3s - loss: 1.2656 - accuracy: 0.5611
60/98 [=================>............] - ETA: 3s - loss: 1.2651 - accuracy: 0.5613
61/98 [=================>............] - ETA: 3s - loss: 1.2634 - accuracy: 0.5620
62/98 [=================>............] - ETA: 3s - loss: 1.2621 - accuracy: 0.5621
63/98 [==================>...........] - ETA: 3s - loss: 1.2616 - accuracy: 0.5622
64/98 [==================>...........] - ETA: 3s - loss: 1.2611 - accuracy: 0.5625
65/98 [==================>...........] - ETA: 2s - loss: 1.2605 - accuracy: 0.5626
66/98 [===================>..........] - ETA: 2s - loss: 1.2605 - accuracy: 0.5627
67/98 [===================>..........] - ETA: 2s - loss: 1.2596 - accuracy: 0.5636
68/98 [===================>..........] - ETA: 2s - loss: 1.2587 - accuracy: 0.5637
69/98 [====================>.........] - ETA: 2s - loss: 1.2580 - accuracy: 0.5636
70/98 [====================>.........] - ETA: 2s - loss: 1.2555 - accuracy: 0.5646
71/98 [====================>.........] - ETA: 2s - loss: 1.2546 - accuracy: 0.5650
72/98 [=====================>........] - ETA: 2s - loss: 1.2540 - accuracy: 0.5652
73/98 [=====================>........] - ETA: 2s - loss: 1.2522 - accuracy: 0.5658
74/98 [=====================>........] - ETA: 2s - loss: 1.2504 - accuracy: 0.5665
75/98 [=====================>........] - ETA: 2s - loss: 1.2501 - accuracy: 0.5663
76/98 [======================>.......] - ETA: 1s - loss: 1.2493 - accuracy: 0.5666
77/98 [======================>.......] - ETA: 1s - loss: 1.2493 - accuracy: 0.5666
78/98 [======================>.......] - ETA: 1s - loss: 1.2485 - accuracy: 0.5667
79/98 [=======================>......] - ETA: 1s - loss: 1.2479 - accuracy: 0.5667
80/98 [=======================>......] - ETA: 1s - loss: 1.2474 - accuracy: 0.5668
81/98 [=======================>......] - ETA: 1s - loss: 1.2473 - accuracy: 0.5667
82/98 [========================>.....] - ETA: 1s - loss: 1.2462 - accuracy: 0.5669
83/98 [========================>.....] - ETA: 1s - loss: 1.2451 - accuracy: 0.5675
84/98 [========================>.....] - ETA: 1s - loss: 1.2443 - accuracy: 0.5678
85/98 [=========================>....] - ETA: 1s - loss: 1.2441 - accuracy: 0.5678
86/98 [=========================>....] - ETA: 1s - loss: 1.2432 - accuracy: 0.5678
87/98 [=========================>....] - ETA: 0s - loss: 1.2426 - accuracy: 0.5680
88/98 [=========================>....] - ETA: 0s - loss: 1.2425 - accuracy: 0.5679
89/98 [==========================>...] - ETA: 0s - loss: 1.2411 - accuracy: 0.5681
90/98 [==========================>...] - ETA: 0s - loss: 1.2404 - accuracy: 0.5682
91/98 [==========================>...] - ETA: 0s - loss: 1.2400 - accuracy: 0.5682
92/98 [===========================>..] - ETA: 0s - loss: 1.2394 - accuracy: 0.5687
93/98 [===========================>..] - ETA: 0s - loss: 1.2384 - accuracy: 0.5690
94/98 [===========================>..] - ETA: 0s - loss: 1.2385 - accuracy: 0.5687
95/98 [============================>.] - ETA: 0s - loss: 1.2374 - accuracy: 0.5690
96/98 [============================>.] - ETA: 0s - loss: 1.2357 - accuracy: 0.5699
97/98 [============================>.] - ETA: 0s - loss: 1.2349 - accuracy: 0.5703
98/98 [==============================] - ETA: 0s - loss: 1.2345 - accuracy: 0.5705
98/98 [==============================] - 10s 99ms/step - loss: 1.2345 - accuracy: 0.5705 - val_loss: 1.7549 - val_accuracy: 0.5170
Epoch 3/109

 1/98 [..............................] - ETA: 10s - loss: 1.1515 - accuracy: 0.6133
 2/98 [..............................] - ETA: 7s - loss: 1.1278 - accuracy: 0.6074 
 3/98 [..............................] - ETA: 8s - loss: 1.1373 - accuracy: 0.6068
 4/98 [>.............................] - ETA: 8s - loss: 1.1367 - accuracy: 0.6108
 5/98 [>.............................] - ETA: 8s - loss: 1.1247 - accuracy: 0.6117
 6/98 [>.............................] - ETA: 8s - loss: 1.1269 - accuracy: 0.6097
 7/98 [=>............................] - ETA: 8s - loss: 1.1188 - accuracy: 0.6141
 8/98 [=>............................] - ETA: 8s - loss: 1.1231 - accuracy: 0.6108
 9/98 [=>............................] - ETA: 7s - loss: 1.1195 - accuracy: 0.6113
10/98 [==>...........................] - ETA: 7s - loss: 1.1126 - accuracy: 0.6143
11/98 [==>...........................] - ETA: 7s - loss: 1.1133 - accuracy: 0.6154
12/98 [==>...........................] - ETA: 7s - loss: 1.1133 - accuracy: 0.6170
13/98 [==>...........................] - ETA: 7s - loss: 1.1056 - accuracy: 0.6194
14/98 [===>..........................] - ETA: 7s - loss: 1.1061 - accuracy: 0.6182
15/98 [===>..........................] - ETA: 7s - loss: 1.1040 - accuracy: 0.6173
16/98 [===>..........................] - ETA: 7s - loss: 1.1070 - accuracy: 0.6160
17/98 [====>.........................] - ETA: 7s - loss: 1.1093 - accuracy: 0.6149
18/98 [====>.........................] - ETA: 6s - loss: 1.1071 - accuracy: 0.6159
19/98 [====>.........................] - ETA: 6s - loss: 1.1076 - accuracy: 0.6158
20/98 [=====>........................] - ETA: 6s - loss: 1.1059 - accuracy: 0.6174
21/98 [=====>........................] - ETA: 6s - loss: 1.1081 - accuracy: 0.6172
22/98 [=====>........................] - ETA: 6s - loss: 1.1054 - accuracy: 0.6190
23/98 [======>.......................] - ETA: 6s - loss: 1.1037 - accuracy: 0.6197
24/98 [======>.......................] - ETA: 6s - loss: 1.1015 - accuracy: 0.6202
25/98 [======>.......................] - ETA: 6s - loss: 1.1025 - accuracy: 0.6187
26/98 [======>.......................] - ETA: 6s - loss: 1.1015 - accuracy: 0.6187
27/98 [=======>......................] - ETA: 6s - loss: 1.1014 - accuracy: 0.6188
28/98 [=======>......................] - ETA: 6s - loss: 1.1020 - accuracy: 0.6188
29/98 [=======>......................] - ETA: 6s - loss: 1.1028 - accuracy: 0.6193
30/98 [========>.....................] - ETA: 6s - loss: 1.1042 - accuracy: 0.6195
31/98 [========>.....................] - ETA: 5s - loss: 1.1049 - accuracy: 0.6186
32/98 [========>.....................] - ETA: 5s - loss: 1.1027 - accuracy: 0.6202
33/98 [=========>....................] - ETA: 5s - loss: 1.1033 - accuracy: 0.6201
34/98 [=========>....................] - ETA: 5s - loss: 1.1038 - accuracy: 0.6195
35/98 [=========>....................] - ETA: 5s - loss: 1.1025 - accuracy: 0.6199
36/98 [==========>...................] - ETA: 5s - loss: 1.1041 - accuracy: 0.6193
37/98 [==========>...................] - ETA: 5s - loss: 1.1003 - accuracy: 0.6213
38/98 [==========>...................] - ETA: 5s - loss: 1.1034 - accuracy: 0.6201
39/98 [==========>...................] - ETA: 5s - loss: 1.1024 - accuracy: 0.6201
40/98 [===========>..................] - ETA: 5s - loss: 1.1032 - accuracy: 0.6200
41/98 [===========>..................] - ETA: 5s - loss: 1.1028 - accuracy: 0.6201
42/98 [===========>..................] - ETA: 4s - loss: 1.1030 - accuracy: 0.6199
43/98 [============>.................] - ETA: 4s - loss: 1.1017 - accuracy: 0.6198
44/98 [============>.................] - ETA: 4s - loss: 1.1018 - accuracy: 0.6198
45/98 [============>.................] - ETA: 4s - loss: 1.1017 - accuracy: 0.6198
46/98 [=============>................] - ETA: 4s - loss: 1.1028 - accuracy: 0.6193
47/98 [=============>................] - ETA: 4s - loss: 1.1028 - accuracy: 0.6197
48/98 [=============>................] - ETA: 4s - loss: 1.1017 - accuracy: 0.6199
49/98 [==============>...............] - ETA: 4s - loss: 1.0999 - accuracy: 0.6203
50/98 [==============>...............] - ETA: 4s - loss: 1.1000 - accuracy: 0.6204
51/98 [==============>...............] - ETA: 4s - loss: 1.0983 - accuracy: 0.6213
52/98 [==============>...............] - ETA: 4s - loss: 1.0978 - accuracy: 0.6214
53/98 [===============>..............] - ETA: 3s - loss: 1.0979 - accuracy: 0.6212
54/98 [===============>..............] - ETA: 3s - loss: 1.0974 - accuracy: 0.6210
55/98 [===============>..............] - ETA: 3s - loss: 1.0983 - accuracy: 0.6206
56/98 [================>.............] - ETA: 3s - loss: 1.0973 - accuracy: 0.6210
57/98 [================>.............] - ETA: 3s - loss: 1.0967 - accuracy: 0.6211
58/98 [================>.............] - ETA: 3s - loss: 1.0973 - accuracy: 0.6210
59/98 [=================>............] - ETA: 3s - loss: 1.0963 - accuracy: 0.6213
60/98 [=================>............] - ETA: 3s - loss: 1.0957 - accuracy: 0.6214
61/98 [=================>............] - ETA: 3s - loss: 1.0953 - accuracy: 0.6214
62/98 [=================>............] - ETA: 3s - loss: 1.0944 - accuracy: 0.6216
63/98 [==================>...........] - ETA: 3s - loss: 1.0939 - accuracy: 0.6221
64/98 [==================>...........] - ETA: 3s - loss: 1.0943 - accuracy: 0.6220
65/98 [==================>...........] - ETA: 2s - loss: 1.0947 - accuracy: 0.6221
66/98 [===================>..........] - ETA: 2s - loss: 1.0947 - accuracy: 0.6221
67/98 [===================>..........] - ETA: 2s - loss: 1.0937 - accuracy: 0.6224
68/98 [===================>..........] - ETA: 2s - loss: 1.0925 - accuracy: 0.6232
69/98 [====================>.........] - ETA: 2s - loss: 1.0920 - accuracy: 0.6233
70/98 [====================>.........] - ETA: 2s - loss: 1.0924 - accuracy: 0.6233
71/98 [====================>.........] - ETA: 2s - loss: 1.0934 - accuracy: 0.6231
72/98 [=====================>........] - ETA: 2s - loss: 1.0933 - accuracy: 0.6230
73/98 [=====================>........] - ETA: 2s - loss: 1.0928 - accuracy: 0.6233
74/98 [=====================>........] - ETA: 2s - loss: 1.0919 - accuracy: 0.6236
75/98 [=====================>........] - ETA: 2s - loss: 1.0918 - accuracy: 0.6238
76/98 [======================>.......] - ETA: 1s - loss: 1.0902 - accuracy: 0.6240
77/98 [======================>.......] - ETA: 1s - loss: 1.0904 - accuracy: 0.6240
78/98 [======================>.......] - ETA: 1s - loss: 1.0893 - accuracy: 0.6243
79/98 [=======================>......] - ETA: 1s - loss: 1.0897 - accuracy: 0.6240
80/98 [=======================>......] - ETA: 1s - loss: 1.0887 - accuracy: 0.6244
81/98 [=======================>......] - ETA: 1s - loss: 1.0882 - accuracy: 0.6246
82/98 [========================>.....] - ETA: 1s - loss: 1.0881 - accuracy: 0.6248
83/98 [========================>.....] - ETA: 1s - loss: 1.0874 - accuracy: 0.6250
84/98 [========================>.....] - ETA: 1s - loss: 1.0877 - accuracy: 0.6250
85/98 [=========================>....] - ETA: 1s - loss: 1.0867 - accuracy: 0.6250
86/98 [=========================>....] - ETA: 1s - loss: 1.0867 - accuracy: 0.6249
87/98 [=========================>....] - ETA: 0s - loss: 1.0865 - accuracy: 0.6250
88/98 [=========================>....] - ETA: 0s - loss: 1.0855 - accuracy: 0.6255
89/98 [==========================>...] - ETA: 0s - loss: 1.0863 - accuracy: 0.6252
90/98 [==========================>...] - ETA: 0s - loss: 1.0859 - accuracy: 0.6253
91/98 [==========================>...] - ETA: 0s - loss: 1.0850 - accuracy: 0.6255
92/98 [===========================>..] - ETA: 0s - loss: 1.0842 - accuracy: 0.6259
93/98 [===========================>..] - ETA: 0s - loss: 1.0838 - accuracy: 0.6259
94/98 [===========================>..] - ETA: 0s - loss: 1.0833 - accuracy: 0.6261
95/98 [============================>.] - ETA: 0s - loss: 1.0825 - accuracy: 0.6265
96/98 [============================>.] - ETA: 0s - loss: 1.0825 - accuracy: 0.6266
97/98 [============================>.] - ETA: 0s - loss: 1.0817 - accuracy: 0.6268
98/98 [==============================] - ETA: 0s - loss: 1.0809 - accuracy: 0.6270
98/98 [==============================] - 10s 99ms/step - loss: 1.0809 - accuracy: 0.6270 - val_loss: 1.5155 - val_accuracy: 0.5302
Epoch 4/109

 1/98 [..............................] - ETA: 9s - loss: 1.0477 - accuracy: 0.6523
 2/98 [..............................] - ETA: 9s - loss: 1.0325 - accuracy: 0.6553
 3/98 [..............................] - ETA: 8s - loss: 1.0265 - accuracy: 0.6556
 4/98 [>.............................] - ETA: 8s - loss: 1.0304 - accuracy: 0.6494
 5/98 [>.............................] - ETA: 8s - loss: 1.0174 - accuracy: 0.6527
 6/98 [>.............................] - ETA: 8s - loss: 1.0118 - accuracy: 0.6536
 7/98 [=>............................] - ETA: 8s - loss: 1.0148 - accuracy: 0.6501
 8/98 [=>............................] - ETA: 8s - loss: 1.0255 - accuracy: 0.6511
 9/98 [=>............................] - ETA: 7s - loss: 1.0175 - accuracy: 0.6539
10/98 [==>...........................] - ETA: 7s - loss: 1.0156 - accuracy: 0.6541
11/98 [==>...........................] - ETA: 7s - loss: 1.0151 - accuracy: 0.6525
12/98 [==>...........................] - ETA: 7s - loss: 1.0165 - accuracy: 0.6523
13/98 [==>...........................] - ETA: 7s - loss: 1.0156 - accuracy: 0.6499
14/98 [===>..........................] - ETA: 7s - loss: 1.0143 - accuracy: 0.6501
15/98 [===>..........................] - ETA: 7s - loss: 1.0080 - accuracy: 0.6539
16/98 [===>..........................] - ETA: 7s - loss: 1.0130 - accuracy: 0.6504
17/98 [====>.........................] - ETA: 7s - loss: 1.0145 - accuracy: 0.6488
18/98 [====>.........................] - ETA: 7s - loss: 1.0129 - accuracy: 0.6496
19/98 [====>.........................] - ETA: 6s - loss: 1.0139 - accuracy: 0.6495
20/98 [=====>........................] - ETA: 6s - loss: 1.0131 - accuracy: 0.6491
21/98 [=====>........................] - ETA: 6s - loss: 1.0111 - accuracy: 0.6512
22/98 [=====>........................] - ETA: 6s - loss: 1.0156 - accuracy: 0.6498
23/98 [======>.......................] - ETA: 6s - loss: 1.0133 - accuracy: 0.6492
24/98 [======>.......................] - ETA: 6s - loss: 1.0137 - accuracy: 0.6489
25/98 [======>.......................] - ETA: 6s - loss: 1.0147 - accuracy: 0.6480
26/98 [======>.......................] - ETA: 6s - loss: 1.0108 - accuracy: 0.6493
27/98 [=======>......................] - ETA: 6s - loss: 1.0119 - accuracy: 0.6488
28/98 [=======>......................] - ETA: 6s - loss: 1.0078 - accuracy: 0.6507
29/98 [=======>......................] - ETA: 6s - loss: 1.0083 - accuracy: 0.6503
30/98 [========>.....................] - ETA: 6s - loss: 1.0080 - accuracy: 0.6500
31/98 [========>.....................] - ETA: 5s - loss: 1.0070 - accuracy: 0.6501
32/98 [========>.....................] - ETA: 5s - loss: 1.0068 - accuracy: 0.6511
33/98 [=========>....................] - ETA: 5s - loss: 1.0039 - accuracy: 0.6521
34/98 [=========>....................] - ETA: 5s - loss: 1.0022 - accuracy: 0.6529
35/98 [=========>....................] - ETA: 5s - loss: 1.0006 - accuracy: 0.6530
36/98 [==========>...................] - ETA: 5s - loss: 1.0009 - accuracy: 0.6533
37/98 [==========>...................] - ETA: 5s - loss: 1.0009 - accuracy: 0.6538
38/98 [==========>...................] - ETA: 5s - loss: 0.9991 - accuracy: 0.6541
39/98 [==========>...................] - ETA: 5s - loss: 1.0000 - accuracy: 0.6541
40/98 [===========>..................] - ETA: 5s - loss: 1.0001 - accuracy: 0.6539
41/98 [===========>..................] - ETA: 5s - loss: 1.0018 - accuracy: 0.6527
42/98 [===========>..................] - ETA: 4s - loss: 1.0005 - accuracy: 0.6530
43/98 [============>.................] - ETA: 4s - loss: 1.0008 - accuracy: 0.6531
44/98 [============>.................] - ETA: 4s - loss: 0.9999 - accuracy: 0.6535
45/98 [============>.................] - ETA: 4s - loss: 0.9998 - accuracy: 0.6535
46/98 [=============>................] - ETA: 4s - loss: 0.9984 - accuracy: 0.6543
47/98 [=============>................] - ETA: 4s - loss: 0.9985 - accuracy: 0.6547
48/98 [=============>................] - ETA: 4s - loss: 0.9992 - accuracy: 0.6545
49/98 [==============>...............] - ETA: 4s - loss: 0.9997 - accuracy: 0.6545
50/98 [==============>...............] - ETA: 4s - loss: 0.9980 - accuracy: 0.6548
51/98 [==============>...............] - ETA: 4s - loss: 0.9978 - accuracy: 0.6550
52/98 [==============>...............] - ETA: 4s - loss: 0.9961 - accuracy: 0.6558
53/98 [===============>..............] - ETA: 4s - loss: 0.9962 - accuracy: 0.6561
54/98 [===============>..............] - ETA: 3s - loss: 0.9970 - accuracy: 0.6558
55/98 [===============>..............] - ETA: 3s - loss: 0.9970 - accuracy: 0.6560
56/98 [================>.............] - ETA: 3s - loss: 0.9973 - accuracy: 0.6556
57/98 [================>.............] - ETA: 3s - loss: 0.9975 - accuracy: 0.6558
58/98 [================>.............] - ETA: 3s - loss: 0.9968 - accuracy: 0.6559
59/98 [=================>............] - ETA: 3s - loss: 0.9978 - accuracy: 0.6553
60/98 [=================>............] - ETA: 3s - loss: 0.9986 - accuracy: 0.6554
61/98 [=================>............] - ETA: 3s - loss: 0.9983 - accuracy: 0.6557
62/98 [=================>............] - ETA: 3s - loss: 0.9982 - accuracy: 0.6559
63/98 [==================>...........] - ETA: 3s - loss: 0.9971 - accuracy: 0.6561
64/98 [==================>...........] - ETA: 3s - loss: 0.9967 - accuracy: 0.6565
65/98 [==================>...........] - ETA: 2s - loss: 0.9944 - accuracy: 0.6575
66/98 [===================>..........] - ETA: 2s - loss: 0.9951 - accuracy: 0.6577
67/98 [===================>..........] - ETA: 2s - loss: 0.9937 - accuracy: 0.6581
68/98 [===================>..........] - ETA: 2s - loss: 0.9926 - accuracy: 0.6583
69/98 [====================>.........] - ETA: 2s - loss: 0.9920 - accuracy: 0.6585
70/98 [====================>.........] - ETA: 2s - loss: 0.9918 - accuracy: 0.6585
71/98 [====================>.........] - ETA: 2s - loss: 0.9916 - accuracy: 0.6584
72/98 [=====================>........] - ETA: 2s - loss: 0.9924 - accuracy: 0.6581
73/98 [=====================>........] - ETA: 2s - loss: 0.9922 - accuracy: 0.6582
74/98 [=====================>........] - ETA: 2s - loss: 0.9916 - accuracy: 0.6582
75/98 [=====================>........] - ETA: 2s - loss: 0.9904 - accuracy: 0.6588
76/98 [======================>.......] - ETA: 1s - loss: 0.9910 - accuracy: 0.6585
77/98 [======================>.......] - ETA: 1s - loss: 0.9918 - accuracy: 0.6583
78/98 [======================>.......] - ETA: 1s - loss: 0.9921 - accuracy: 0.6582
79/98 [=======================>......] - ETA: 1s - loss: 0.9920 - accuracy: 0.6578
80/98 [=======================>......] - ETA: 1s - loss: 0.9922 - accuracy: 0.6576
81/98 [=======================>......] - ETA: 1s - loss: 0.9928 - accuracy: 0.6573
82/98 [========================>.....] - ETA: 1s - loss: 0.9937 - accuracy: 0.6569
83/98 [========================>.....] - ETA: 1s - loss: 0.9937 - accuracy: 0.6569
84/98 [========================>.....] - ETA: 1s - loss: 0.9938 - accuracy: 0.6567
85/98 [=========================>....] - ETA: 1s - loss: 0.9926 - accuracy: 0.6572
86/98 [=========================>....] - ETA: 1s - loss: 0.9931 - accuracy: 0.6569
87/98 [=========================>....] - ETA: 0s - loss: 0.9929 - accuracy: 0.6571
88/98 [=========================>....] - ETA: 0s - loss: 0.9926 - accuracy: 0.6568
89/98 [==========================>...] - ETA: 0s - loss: 0.9915 - accuracy: 0.6574
90/98 [==========================>...] - ETA: 0s - loss: 0.9918 - accuracy: 0.6577
91/98 [==========================>...] - ETA: 0s - loss: 0.9919 - accuracy: 0.6578
92/98 [===========================>..] - ETA: 0s - loss: 0.9914 - accuracy: 0.6581
93/98 [===========================>..] - ETA: 0s - loss: 0.9907 - accuracy: 0.6583
94/98 [===========================>..] - ETA: 0s - loss: 0.9904 - accuracy: 0.6586
95/98 [============================>.] - ETA: 0s - loss: 0.9894 - accuracy: 0.6590
96/98 [============================>.] - ETA: 0s - loss: 0.9898 - accuracy: 0.6585
97/98 [============================>.] - ETA: 0s - loss: 0.9893 - accuracy: 0.6586
98/98 [==============================] - ETA: 0s - loss: 0.9898 - accuracy: 0.6584
98/98 [==============================] - 10s 99ms/step - loss: 0.9898 - accuracy: 0.6584 - val_loss: 1.3145 - val_accuracy: 0.5671
Epoch 5/109

 1/98 [..............................] - ETA: 10s - loss: 0.9249 - accuracy: 0.6895
 2/98 [..............................] - ETA: 8s - loss: 0.9020 - accuracy: 0.7051 
 3/98 [..............................] - ETA: 8s - loss: 0.9139 - accuracy: 0.6966
 4/98 [>.............................] - ETA: 8s - loss: 0.9301 - accuracy: 0.6948
 5/98 [>.............................] - ETA: 8s - loss: 0.9304 - accuracy: 0.6883
 6/98 [>.............................] - ETA: 8s - loss: 0.9335 - accuracy: 0.6868
 7/98 [=>............................] - ETA: 8s - loss: 0.9300 - accuracy: 0.6861
 8/98 [=>............................] - ETA: 8s - loss: 0.9269 - accuracy: 0.6887
 9/98 [=>............................] - ETA: 7s - loss: 0.9314 - accuracy: 0.6853
10/98 [==>...........................] - ETA: 7s - loss: 0.9417 - accuracy: 0.6816
11/98 [==>...........................] - ETA: 7s - loss: 0.9398 - accuracy: 0.6820
12/98 [==>...........................] - ETA: 7s - loss: 0.9418 - accuracy: 0.6823
13/98 [==>...........................] - ETA: 7s - loss: 0.9458 - accuracy: 0.6795
14/98 [===>..........................] - ETA: 7s - loss: 0.9437 - accuracy: 0.6797
15/98 [===>..........................] - ETA: 7s - loss: 0.9382 - accuracy: 0.6809
16/98 [===>..........................] - ETA: 7s - loss: 0.9386 - accuracy: 0.6798
17/98 [====>.........................] - ETA: 7s - loss: 0.9371 - accuracy: 0.6805
18/98 [====>.........................] - ETA: 7s - loss: 0.9344 - accuracy: 0.6821
19/98 [====>.........................] - ETA: 6s - loss: 0.9336 - accuracy: 0.6819
20/98 [=====>........................] - ETA: 6s - loss: 0.9325 - accuracy: 0.6834
21/98 [=====>........................] - ETA: 6s - loss: 0.9299 - accuracy: 0.6840
22/98 [=====>........................] - ETA: 6s - loss: 0.9312 - accuracy: 0.6831
23/98 [======>.......................] - ETA: 6s - loss: 0.9278 - accuracy: 0.6843
24/98 [======>.......................] - ETA: 6s - loss: 0.9266 - accuracy: 0.6855
25/98 [======>.......................] - ETA: 6s - loss: 0.9262 - accuracy: 0.6848
26/98 [======>.......................] - ETA: 6s - loss: 0.9257 - accuracy: 0.6863
27/98 [=======>......................] - ETA: 6s - loss: 0.9249 - accuracy: 0.6861
28/98 [=======>......................] - ETA: 6s - loss: 0.9244 - accuracy: 0.6862
29/98 [=======>......................] - ETA: 6s - loss: 0.9232 - accuracy: 0.6866
30/98 [========>.....................] - ETA: 6s - loss: 0.9233 - accuracy: 0.6863
31/98 [========>.....................] - ETA: 5s - loss: 0.9231 - accuracy: 0.6866
32/98 [========>.....................] - ETA: 5s - loss: 0.9212 - accuracy: 0.6871
33/98 [=========>....................] - ETA: 5s - loss: 0.9210 - accuracy: 0.6867
34/98 [=========>....................] - ETA: 5s - loss: 0.9176 - accuracy: 0.6876
35/98 [=========>....................] - ETA: 5s - loss: 0.9170 - accuracy: 0.6884
36/98 [==========>...................] - ETA: 5s - loss: 0.9189 - accuracy: 0.6879
37/98 [==========>...................] - ETA: 5s - loss: 0.9184 - accuracy: 0.6879
38/98 [==========>...................] - ETA: 5s - loss: 0.9188 - accuracy: 0.6883
39/98 [==========>...................] - ETA: 5s - loss: 0.9194 - accuracy: 0.6875
40/98 [===========>..................] - ETA: 5s - loss: 0.9206 - accuracy: 0.6866
41/98 [===========>..................] - ETA: 5s - loss: 0.9199 - accuracy: 0.6864
43/98 [============>.................] - ETA: 4s - loss: 0.9163 - accuracy: 0.6873
45/98 [============>.................] - ETA: 4s - loss: 0.9159 - accuracy: 0.6883
47/98 [=============>................] - ETA: 4s - loss: 0.9168 - accuracy: 0.6875
49/98 [==============>...............] - ETA: 4s - loss: 0.9171 - accuracy: 0.6868
50/98 [==============>...............] - ETA: 3s - loss: 0.9169 - accuracy: 0.6868
51/98 [==============>...............] - ETA: 3s - loss: 0.9174 - accuracy: 0.6866
53/98 [===============>..............] - ETA: 3s - loss: 0.9167 - accuracy: 0.6864
54/98 [===============>..............] - ETA: 3s - loss: 0.9158 - accuracy: 0.6864
