2024-06-26 11:40:33.925349: I tensorflow/core/platform/cpu_feature_guard.cc:193] This TensorFlow binary is optimized with oneAPI Deep Neural Network Library (oneDNN) to use the following CPU instructions in performance-critical operations:  AVX AVX2
To enable them in other operations, rebuild TensorFlow with the appropriate compiler flags.
2024-06-26 11:40:34.644248: I tensorflow/core/common_runtime/gpu/gpu_device.cc:1616] Created device /job:localhost/replica:0/task:0/device:GPU:0 with 6656 MB memory:  -> device: 0, name: NVIDIA GeForce RTX 4060 Ti, pci bus id: 0000:01:00.0, compute capability: 8.9
1 Physical GPUs, 1 Logical GPUs
Model: "sequential"
_________________________________________________________________
 Layer (type)                Output Shape              Param #   
=================================================================
 conv2d (Conv2D)             (None, 32, 32, 32)        896       
                                                                 
 max_pooling2d (MaxPooling2D  (None, 16, 16, 32)       0         
 )                                                               
                                                                 
 batch_normalization (BatchN  (None, 16, 16, 32)       128       
 ormalization)                                                   
                                                                 
 conv2d_1 (Conv2D)           (None, 16, 16, 256)       205056    
                                                                 
 dropout (Dropout)           (None, 16, 16, 256)       0         
                                                                 
 flatten (Flatten)           (None, 65536)             0         
                                                                 
 dense (Dense)               (None, 10)                655370    
                                                                 
=================================================================
Total params: 861,450
Trainable params: 861,386
Non-trainable params: 64
_________________________________________________________________
Taxa de aprendizado:  0.0001 Num de épocas:  109 Tamanho do lote:  512 Dropout:  0.26488
Epoch 1/109
2024-06-26 11:40:36.118244: I tensorflow/stream_executor/cuda/cuda_dnn.cc:384] Loaded cuDNN version 8100
2024-06-26 11:40:37.242814: W tensorflow/stream_executor/gpu/redzone_allocator.cc:314] INTERNAL: ptxas exited with non-zero error code -1, output: 
Relying on driver to perform ptx compilation. 
Modify $PATH to customize ptxas location.
This message will be only logged once.
2024-06-26 11:40:38.722693: I tensorflow/stream_executor/cuda/cuda_blas.cc:1614] TensorFloat-32 will be used for the matrix multiplication. This will only be logged once.

 1/98 [..............................] - ETA: 7:56 - loss: 2.3504 - accuracy: 0.1074
 2/98 [..............................] - ETA: 7s - loss: 2.3208 - accuracy: 0.1367  
 3/98 [..............................] - ETA: 7s - loss: 2.2671 - accuracy: 0.1615
 4/98 [>.............................] - ETA: 6s - loss: 2.2189 - accuracy: 0.1899
 5/98 [>.............................] - ETA: 6s - loss: 2.1751 - accuracy: 0.2121
 6/98 [>.............................] - ETA: 6s - loss: 2.1453 - accuracy: 0.2275
 7/98 [=>............................] - ETA: 6s - loss: 2.1186 - accuracy: 0.2430
 8/98 [=>............................] - ETA: 6s - loss: 2.0962 - accuracy: 0.2529
 9/98 [=>............................] - ETA: 6s - loss: 2.0750 - accuracy: 0.2630
10/98 [==>...........................] - ETA: 6s - loss: 2.0586 - accuracy: 0.2725
11/98 [==>...........................] - ETA: 6s - loss: 2.0391 - accuracy: 0.2773
12/98 [==>...........................] - ETA: 6s - loss: 2.0271 - accuracy: 0.2830
13/98 [==>...........................] - ETA: 6s - loss: 2.0110 - accuracy: 0.2898
14/98 [===>..........................] - ETA: 6s - loss: 1.9910 - accuracy: 0.2967
15/98 [===>..........................] - ETA: 6s - loss: 1.9805 - accuracy: 0.2984
16/98 [===>..........................] - ETA: 5s - loss: 1.9655 - accuracy: 0.3025
17/98 [====>.........................] - ETA: 5s - loss: 1.9527 - accuracy: 0.3069
18/98 [====>.........................] - ETA: 5s - loss: 1.9423 - accuracy: 0.3109
19/98 [====>.........................] - ETA: 5s - loss: 1.9318 - accuracy: 0.3147
20/98 [=====>........................] - ETA: 5s - loss: 1.9210 - accuracy: 0.3181
21/98 [=====>........................] - ETA: 5s - loss: 1.9107 - accuracy: 0.3238
22/98 [=====>........................] - ETA: 5s - loss: 1.9007 - accuracy: 0.3283
23/98 [======>.......................] - ETA: 5s - loss: 1.8915 - accuracy: 0.3321
24/98 [======>.......................] - ETA: 5s - loss: 1.8809 - accuracy: 0.3368
25/98 [======>.......................] - ETA: 5s - loss: 1.8714 - accuracy: 0.3391
26/98 [======>.......................] - ETA: 5s - loss: 1.8615 - accuracy: 0.3425
27/98 [=======>......................] - ETA: 5s - loss: 1.8537 - accuracy: 0.3444
28/98 [=======>......................] - ETA: 5s - loss: 1.8426 - accuracy: 0.3477
29/98 [=======>......................] - ETA: 5s - loss: 1.8334 - accuracy: 0.3516
30/98 [========>.....................] - ETA: 4s - loss: 1.8249 - accuracy: 0.3542
31/98 [========>.....................] - ETA: 4s - loss: 1.8184 - accuracy: 0.3575
32/98 [========>.....................] - ETA: 4s - loss: 1.8128 - accuracy: 0.3600
33/98 [=========>....................] - ETA: 4s - loss: 1.8054 - accuracy: 0.3635
34/98 [=========>....................] - ETA: 4s - loss: 1.8008 - accuracy: 0.3656
35/98 [=========>....................] - ETA: 4s - loss: 1.7945 - accuracy: 0.3672
36/98 [==========>...................] - ETA: 4s - loss: 1.7873 - accuracy: 0.3700
37/98 [==========>...................] - ETA: 4s - loss: 1.7801 - accuracy: 0.3723
38/98 [==========>...................] - ETA: 4s - loss: 1.7743 - accuracy: 0.3739
39/98 [==========>...................] - ETA: 4s - loss: 1.7697 - accuracy: 0.3757
40/98 [===========>..................] - ETA: 4s - loss: 1.7649 - accuracy: 0.3782
41/98 [===========>..................] - ETA: 4s - loss: 1.7615 - accuracy: 0.3795
42/98 [===========>..................] - ETA: 4s - loss: 1.7564 - accuracy: 0.3816
43/98 [============>.................] - ETA: 4s - loss: 1.7492 - accuracy: 0.3842
44/98 [============>.................] - ETA: 3s - loss: 1.7465 - accuracy: 0.3848
45/98 [============>.................] - ETA: 3s - loss: 1.7408 - accuracy: 0.3865
46/98 [=============>................] - ETA: 5s - loss: 1.7389 - accuracy: 0.3873
47/98 [=============>................] - ETA: 4s - loss: 1.7337 - accuracy: 0.3887
48/98 [=============>................] - ETA: 4s - loss: 1.7280 - accuracy: 0.3904
49/98 [==============>...............] - ETA: 4s - loss: 1.7215 - accuracy: 0.3928
50/98 [==============>...............] - ETA: 4s - loss: 1.7157 - accuracy: 0.3953
51/98 [==============>...............] - ETA: 4s - loss: 1.7120 - accuracy: 0.3964
52/98 [==============>...............] - ETA: 4s - loss: 1.7084 - accuracy: 0.3982
53/98 [===============>..............] - ETA: 4s - loss: 1.7040 - accuracy: 0.3991
54/98 [===============>..............] - ETA: 4s - loss: 1.7003 - accuracy: 0.4005
55/98 [===============>..............] - ETA: 4s - loss: 1.6960 - accuracy: 0.4021
56/98 [================>.............] - ETA: 3s - loss: 1.6915 - accuracy: 0.4037
57/98 [================>.............] - ETA: 3s - loss: 1.6868 - accuracy: 0.4058
58/98 [================>.............] - ETA: 3s - loss: 1.6820 - accuracy: 0.4077
59/98 [=================>............] - ETA: 3s - loss: 1.6784 - accuracy: 0.4090
60/98 [=================>............] - ETA: 3s - loss: 1.6741 - accuracy: 0.4103
61/98 [=================>............] - ETA: 3s - loss: 1.6706 - accuracy: 0.4116
62/98 [=================>............] - ETA: 3s - loss: 1.6675 - accuracy: 0.4130
63/98 [==================>...........] - ETA: 3s - loss: 1.6642 - accuracy: 0.4144
64/98 [==================>...........] - ETA: 3s - loss: 1.6586 - accuracy: 0.4161
65/98 [==================>...........] - ETA: 2s - loss: 1.6552 - accuracy: 0.4171
66/98 [===================>..........] - ETA: 2s - loss: 1.6516 - accuracy: 0.4187
67/98 [===================>..........] - ETA: 2s - loss: 1.6480 - accuracy: 0.4202
68/98 [===================>..........] - ETA: 2s - loss: 1.6452 - accuracy: 0.4212
69/98 [====================>.........] - ETA: 2s - loss: 1.6415 - accuracy: 0.4228
70/98 [====================>.........] - ETA: 2s - loss: 1.6377 - accuracy: 0.4244
71/98 [====================>.........] - ETA: 2s - loss: 1.6336 - accuracy: 0.4255
72/98 [=====================>........] - ETA: 2s - loss: 1.6303 - accuracy: 0.4270
73/98 [=====================>........] - ETA: 2s - loss: 1.6260 - accuracy: 0.4285
74/98 [=====================>........] - ETA: 2s - loss: 1.6231 - accuracy: 0.4296
75/98 [=====================>........] - ETA: 2s - loss: 1.6201 - accuracy: 0.4305
76/98 [======================>.......] - ETA: 1s - loss: 1.6162 - accuracy: 0.4323
77/98 [======================>.......] - ETA: 1s - loss: 1.6136 - accuracy: 0.4331
78/98 [======================>.......] - ETA: 1s - loss: 1.6109 - accuracy: 0.4342
79/98 [=======================>......] - ETA: 1s - loss: 1.6070 - accuracy: 0.4354
80/98 [=======================>......] - ETA: 1s - loss: 1.6032 - accuracy: 0.4370
81/98 [=======================>......] - ETA: 1s - loss: 1.6011 - accuracy: 0.4373
82/98 [========================>.....] - ETA: 1s - loss: 1.5981 - accuracy: 0.4386
83/98 [========================>.....] - ETA: 1s - loss: 1.5951 - accuracy: 0.4396
84/98 [========================>.....] - ETA: 1s - loss: 1.5929 - accuracy: 0.4407
85/98 [=========================>....] - ETA: 1s - loss: 1.5903 - accuracy: 0.4417
86/98 [=========================>....] - ETA: 1s - loss: 1.5872 - accuracy: 0.4429
87/98 [=========================>....] - ETA: 0s - loss: 1.5840 - accuracy: 0.4438
88/98 [=========================>....] - ETA: 0s - loss: 1.5813 - accuracy: 0.4448
89/98 [==========================>...] - ETA: 0s - loss: 1.5781 - accuracy: 0.4458
90/98 [==========================>...] - ETA: 0s - loss: 1.5753 - accuracy: 0.4466
91/98 [==========================>...] - ETA: 0s - loss: 1.5726 - accuracy: 0.4474
92/98 [===========================>..] - ETA: 0s - loss: 1.5700 - accuracy: 0.4483
93/98 [===========================>..] - ETA: 0s - loss: 1.5666 - accuracy: 0.4498
94/98 [===========================>..] - ETA: 0s - loss: 1.5637 - accuracy: 0.4509
95/98 [============================>.] - ETA: 0s - loss: 1.5613 - accuracy: 0.4517
96/98 [============================>.] - ETA: 0s - loss: 1.5581 - accuracy: 0.4528
97/98 [============================>.] - ETA: 0s - loss: 1.5550 - accuracy: 0.4540
98/98 [==============================] - ETA: 0s - loss: 1.5524 - accuracy: 0.4550
98/98 [==============================] - 14s 96ms/step - loss: 1.5524 - accuracy: 0.4550 - val_loss: 2.0795 - val_accuracy: 0.2996
Epoch 2/109

 1/98 [..............................] - ETA: 7s - loss: 1.2935 - accuracy: 0.5488
 3/98 [..............................] - ETA: 5s - loss: 1.2913 - accuracy: 0.5521
 4/98 [>.............................] - ETA: 5s - loss: 1.2673 - accuracy: 0.5571
 6/98 [>.............................] - ETA: 5s - loss: 1.2641 - accuracy: 0.5615
 8/98 [=>............................] - ETA: 5s - loss: 1.2622 - accuracy: 0.5601
 9/98 [=>............................] - ETA: 5s - loss: 1.2627 - accuracy: 0.5612
11/98 [==>...........................] - ETA: 5s - loss: 1.2548 - accuracy: 0.5657
12/98 [==>...........................] - ETA: 5s - loss: 1.2535 - accuracy: 0.5654
13/98 [==>...........................] - ETA: 5s - loss: 1.2536 - accuracy: 0.5651
14/98 [===>..........................] - ETA: 5s - loss: 1.2506 - accuracy: 0.5661
15/98 [===>..........................] - ETA: 5s - loss: 1.2512 - accuracy: 0.5668
16/98 [===>..........................] - ETA: 5s - loss: 1.2478 - accuracy: 0.5673
17/98 [====>.........................] - ETA: 5s - loss: 1.2474 - accuracy: 0.5669
18/98 [====>.........................] - ETA: 5s - loss: 1.2476 - accuracy: 0.5666
19/98 [====>.........................] - ETA: 5s - loss: 1.2481 - accuracy: 0.5664
20/98 [=====>........................] - ETA: 5s - loss: 1.2471 - accuracy: 0.5669
21/98 [=====>........................] - ETA: 5s - loss: 1.2416 - accuracy: 0.5686
22/98 [=====>........................] - ETA: 4s - loss: 1.2409 - accuracy: 0.5693
23/98 [======>.......................] - ETA: 4s - loss: 1.2385 - accuracy: 0.5705
24/98 [======>.......................] - ETA: 4s - loss: 1.2376 - accuracy: 0.5703
25/98 [======>.......................] - ETA: 4s - loss: 1.2376 - accuracy: 0.5699
26/98 [======>.......................] - ETA: 4s - loss: 1.2364 - accuracy: 0.5703
27/98 [=======>......................] - ETA: 4s - loss: 1.2314 - accuracy: 0.5728
28/98 [=======>......................] - ETA: 4s - loss: 1.2321 - accuracy: 0.5720
29/98 [=======>......................] - ETA: 4s - loss: 1.2313 - accuracy: 0.5719
30/98 [========>.....................] - ETA: 4s - loss: 1.2319 - accuracy: 0.5710
31/98 [========>.....................] - ETA: 4s - loss: 1.2287 - accuracy: 0.5720
32/98 [========>.....................] - ETA: 4s - loss: 1.2271 - accuracy: 0.5715
33/98 [=========>....................] - ETA: 4s - loss: 1.2268 - accuracy: 0.5713
34/98 [=========>....................] - ETA: 4s - loss: 1.2259 - accuracy: 0.5715
35/98 [=========>....................] - ETA: 4s - loss: 1.2244 - accuracy: 0.5722
36/98 [==========>...................] - ETA: 4s - loss: 1.2246 - accuracy: 0.5715
37/98 [==========>...................] - ETA: 4s - loss: 1.2224 - accuracy: 0.5722
38/98 [==========>...................] - ETA: 4s - loss: 1.2207 - accuracy: 0.5731
39/98 [==========>...................] - ETA: 4s - loss: 1.2196 - accuracy: 0.5733
40/98 [===========>..................] - ETA: 4s - loss: 1.2207 - accuracy: 0.5730
41/98 [===========>..................] - ETA: 3s - loss: 1.2183 - accuracy: 0.5741
42/98 [===========>..................] - ETA: 3s - loss: 1.2164 - accuracy: 0.5750
43/98 [============>.................] - ETA: 3s - loss: 1.2184 - accuracy: 0.5741
44/98 [============>.................] - ETA: 3s - loss: 1.2180 - accuracy: 0.5740
45/98 [============>.................] - ETA: 3s - loss: 1.2165 - accuracy: 0.5749
46/98 [=============>................] - ETA: 3s - loss: 1.2151 - accuracy: 0.5758
48/98 [=============>................] - ETA: 3s - loss: 1.2147 - accuracy: 0.5758
49/98 [==============>...............] - ETA: 3s - loss: 1.2143 - accuracy: 0.5753
50/98 [==============>...............] - ETA: 3s - loss: 1.2131 - accuracy: 0.5752
51/98 [==============>...............] - ETA: 3s - loss: 1.2121 - accuracy: 0.5753
52/98 [==============>...............] - ETA: 3s - loss: 1.2123 - accuracy: 0.5759
53/98 [===============>..............] - ETA: 3s - loss: 1.2114 - accuracy: 0.5763
54/98 [===============>..............] - ETA: 3s - loss: 1.2102 - accuracy: 0.5768
55/98 [===============>..............] - ETA: 3s - loss: 1.2084 - accuracy: 0.5777
56/98 [================>.............] - ETA: 2s - loss: 1.2073 - accuracy: 0.5778
57/98 [================>.............] - ETA: 2s - loss: 1.2071 - accuracy: 0.5774
58/98 [================>.............] - ETA: 2s - loss: 1.2069 - accuracy: 0.5774
59/98 [=================>............] - ETA: 2s - loss: 1.2057 - accuracy: 0.5774
60/98 [=================>............] - ETA: 2s - loss: 1.2049 - accuracy: 0.5775
61/98 [=================>............] - ETA: 2s - loss: 1.2039 - accuracy: 0.5778
62/98 [=================>............] - ETA: 2s - loss: 1.2035 - accuracy: 0.5775
63/98 [==================>...........] - ETA: 2s - loss: 1.2038 - accuracy: 0.5774
64/98 [==================>...........] - ETA: 2s - loss: 1.2020 - accuracy: 0.5781
65/98 [==================>...........] - ETA: 2s - loss: 1.2009 - accuracy: 0.5788
66/98 [===================>..........] - ETA: 2s - loss: 1.1998 - accuracy: 0.5792
67/98 [===================>..........] - ETA: 2s - loss: 1.1998 - accuracy: 0.5792
68/98 [===================>..........] - ETA: 2s - loss: 1.1994 - accuracy: 0.5792
69/98 [====================>.........] - ETA: 2s - loss: 1.2000 - accuracy: 0.5793
70/98 [====================>.........] - ETA: 1s - loss: 1.2003 - accuracy: 0.5792
71/98 [====================>.........] - ETA: 1s - loss: 1.1998 - accuracy: 0.5796
72/98 [=====================>........] - ETA: 1s - loss: 1.1995 - accuracy: 0.5798
73/98 [=====================>........] - ETA: 1s - loss: 1.1977 - accuracy: 0.5801
74/98 [=====================>........] - ETA: 1s - loss: 1.1972 - accuracy: 0.5802
75/98 [=====================>........] - ETA: 1s - loss: 1.1973 - accuracy: 0.5801
76/98 [======================>.......] - ETA: 1s - loss: 1.1970 - accuracy: 0.5801
77/98 [======================>.......] - ETA: 1s - loss: 1.1966 - accuracy: 0.5805
78/98 [======================>.......] - ETA: 1s - loss: 1.1949 - accuracy: 0.5813
79/98 [=======================>......] - ETA: 1s - loss: 1.1936 - accuracy: 0.5816
80/98 [=======================>......] - ETA: 1s - loss: 1.1927 - accuracy: 0.5818
81/98 [=======================>......] - ETA: 1s - loss: 1.1914 - accuracy: 0.5825
82/98 [========================>.....] - ETA: 1s - loss: 1.1905 - accuracy: 0.5831
83/98 [========================>.....] - ETA: 1s - loss: 1.1893 - accuracy: 0.5837
84/98 [========================>.....] - ETA: 0s - loss: 1.1873 - accuracy: 0.5842
85/98 [=========================>....] - ETA: 0s - loss: 1.1862 - accuracy: 0.5846
86/98 [=========================>....] - ETA: 0s - loss: 1.1862 - accuracy: 0.5848
87/98 [=========================>....] - ETA: 0s - loss: 1.1861 - accuracy: 0.5847
88/98 [=========================>....] - ETA: 0s - loss: 1.1850 - accuracy: 0.5851
89/98 [==========================>...] - ETA: 0s - loss: 1.1845 - accuracy: 0.5853
90/98 [==========================>...] - ETA: 0s - loss: 1.1835 - accuracy: 0.5855
91/98 [==========================>...] - ETA: 0s - loss: 1.1842 - accuracy: 0.5851
92/98 [===========================>..] - ETA: 0s - loss: 1.1837 - accuracy: 0.5855
93/98 [===========================>..] - ETA: 0s - loss: 1.1829 - accuracy: 0.5857
94/98 [===========================>..] - ETA: 0s - loss: 1.1824 - accuracy: 0.5858
95/98 [============================>.] - ETA: 0s - loss: 1.1819 - accuracy: 0.5860
96/98 [============================>.] - ETA: 0s - loss: 1.1816 - accuracy: 0.5858
97/98 [============================>.] - ETA: 0s - loss: 1.1809 - accuracy: 0.5861
98/98 [==============================] - ETA: 0s - loss: 1.1806 - accuracy: 0.5862
98/98 [==============================] - 8s 80ms/step - loss: 1.1806 - accuracy: 0.5862 - val_loss: 1.8529 - val_accuracy: 0.4245
Epoch 3/109

 1/98 [..............................] - ETA: 7s - loss: 1.1045 - accuracy: 0.5762
 2/98 [..............................] - ETA: 7s - loss: 1.1197 - accuracy: 0.5791
 3/98 [..............................] - ETA: 7s - loss: 1.0960 - accuracy: 0.5931
 4/98 [>.............................] - ETA: 6s - loss: 1.0907 - accuracy: 0.6001
 5/98 [>.............................] - ETA: 6s - loss: 1.1018 - accuracy: 0.6027
 6/98 [>.............................] - ETA: 6s - loss: 1.1079 - accuracy: 0.6006
 7/98 [=>............................] - ETA: 6s - loss: 1.1106 - accuracy: 0.6013
 8/98 [=>............................] - ETA: 6s - loss: 1.1058 - accuracy: 0.6042
 9/98 [=>............................] - ETA: 6s - loss: 1.1081 - accuracy: 0.6050
10/98 [==>...........................] - ETA: 6s - loss: 1.1024 - accuracy: 0.6080
11/98 [==>...........................] - ETA: 6s - loss: 1.1022 - accuracy: 0.6096
12/98 [==>...........................] - ETA: 6s - loss: 1.1049 - accuracy: 0.6074
13/98 [==>...........................] - ETA: 6s - loss: 1.0985 - accuracy: 0.6113
14/98 [===>..........................] - ETA: 6s - loss: 1.0907 - accuracy: 0.6143
15/98 [===>..........................] - ETA: 6s - loss: 1.0912 - accuracy: 0.6158
16/98 [===>..........................] - ETA: 6s - loss: 1.0871 - accuracy: 0.6171
17/98 [====>.........................] - ETA: 6s - loss: 1.0863 - accuracy: 0.6165
18/98 [====>.........................] - ETA: 5s - loss: 1.0880 - accuracy: 0.6148
19/98 [====>.........................] - ETA: 5s - loss: 1.0818 - accuracy: 0.6176
20/98 [=====>........................] - ETA: 5s - loss: 1.0817 - accuracy: 0.6182
21/98 [=====>........................] - ETA: 5s - loss: 1.0820 - accuracy: 0.6177
22/98 [=====>........................] - ETA: 5s - loss: 1.0811 - accuracy: 0.6179
23/98 [======>.......................] - ETA: 5s - loss: 1.0808 - accuracy: 0.6187
24/98 [======>.......................] - ETA: 5s - loss: 1.0800 - accuracy: 0.6192
25/98 [======>.......................] - ETA: 5s - loss: 1.0804 - accuracy: 0.6194
26/98 [======>.......................] - ETA: 5s - loss: 1.0797 - accuracy: 0.6211
27/98 [=======>......................] - ETA: 5s - loss: 1.0793 - accuracy: 0.6207
29/98 [=======>......................] - ETA: 4s - loss: 1.0738 - accuracy: 0.6232
30/98 [========>.....................] - ETA: 4s - loss: 1.0739 - accuracy: 0.6238
31/98 [========>.....................] - ETA: 4s - loss: 1.0720 - accuracy: 0.6244
33/98 [=========>....................] - ETA: 4s - loss: 1.0708 - accuracy: 0.6259
35/98 [=========>....................] - ETA: 4s - loss: 1.0676 - accuracy: 0.6263
37/98 [==========>...................] - ETA: 4s - loss: 1.0670 - accuracy: 0.6272
38/98 [==========>...................] - ETA: 4s - loss: 1.0655 - accuracy: 0.6282
40/98 [===========>..................] - ETA: 3s - loss: 1.0622 - accuracy: 0.6291
42/98 [===========>..................] - ETA: 3s - loss: 1.0646 - accuracy: 0.6279
43/98 [============>.................] - ETA: 3s - loss: 1.0653 - accuracy: 0.6275
45/98 [============>.................] - ETA: 3s - loss: 1.0613 - accuracy: 0.6299
46/98 [=============>................] - ETA: 3s - loss: 1.0612 - accuracy: 0.6301
47/98 [=============>................] - ETA: 3s - loss: 1.0609 - accuracy: 0.6298
48/98 [=============>................] - ETA: 3s - loss: 1.0608 - accuracy: 0.6298
49/98 [==============>...............] - ETA: 3s - loss: 1.0591 - accuracy: 0.6302
50/98 [==============>...............] - ETA: 3s - loss: 1.0578 - accuracy: 0.6312
51/98 [==============>...............] - ETA: 3s - loss: 1.0565 - accuracy: 0.6323
52/98 [==============>...............] - ETA: 3s - loss: 1.0564 - accuracy: 0.6323
53/98 [===============>..............] - ETA: 3s - loss: 1.0565 - accuracy: 0.6327
54/98 [===============>..............] - ETA: 2s - loss: 1.0573 - accuracy: 0.6322
55/98 [===============>..............] - ETA: 2s - loss: 1.0573 - accuracy: 0.6321
57/98 [================>.............] - ETA: 2s - loss: 1.0568 - accuracy: 0.6325
58/98 [================>.............] - ETA: 2s - loss: 1.0548 - accuracy: 0.6327
59/98 [=================>............] - ETA: 2s - loss: 1.0541 - accuracy: 0.6334
60/98 [=================>............] - ETA: 2s - loss: 1.0543 - accuracy: 0.6334
61/98 [=================>............] - ETA: 2s - loss: 1.0537 - accuracy: 0.6338
62/98 [=================>............] - ETA: 2s - loss: 1.0551 - accuracy: 0.6334
63/98 [==================>...........] - ETA: 2s - loss: 1.0556 - accuracy: 0.6336
64/98 [==================>...........] - ETA: 2s - loss: 1.0548 - accuracy: 0.6338
65/98 [==================>...........] - ETA: 2s - loss: 1.0543 - accuracy: 0.6340
66/98 [===================>..........] - ETA: 2s - loss: 1.0544 - accuracy: 0.6340
67/98 [===================>..........] - ETA: 2s - loss: 1.0532 - accuracy: 0.6345
68/98 [===================>..........] - ETA: 2s - loss: 1.0521 - accuracy: 0.6347
69/98 [====================>.........] - ETA: 1s - loss: 1.0512 - accuracy: 0.6350
70/98 [====================>.........] - ETA: 1s - loss: 1.0506 - accuracy: 0.6350
71/98 [====================>.........] - ETA: 1s - loss: 1.0500 - accuracy: 0.6354
72/98 [=====================>........] - ETA: 1s - loss: 1.0490 - accuracy: 0.6357
73/98 [=====================>........] - ETA: 1s - loss: 1.0483 - accuracy: 0.6363
74/98 [=====================>........] - ETA: 1s - loss: 1.0473 - accuracy: 0.6368
75/98 [=====================>........] - ETA: 1s - loss: 1.0467 - accuracy: 0.6372
76/98 [======================>.......] - ETA: 1s - loss: 1.0469 - accuracy: 0.6373
77/98 [======================>.......] - ETA: 1s - loss: 1.0465 - accuracy: 0.6375
78/98 [======================>.......] - ETA: 1s - loss: 1.0462 - accuracy: 0.6376
79/98 [=======================>......] - ETA: 1s - loss: 1.0458 - accuracy: 0.6378
80/98 [=======================>......] - ETA: 1s - loss: 1.0453 - accuracy: 0.6380
81/98 [=======================>......] - ETA: 1s - loss: 1.0450 - accuracy: 0.6381
82/98 [========================>.....] - ETA: 1s - loss: 1.0450 - accuracy: 0.6381
83/98 [========================>.....] - ETA: 1s - loss: 1.0451 - accuracy: 0.6380
84/98 [========================>.....] - ETA: 0s - loss: 1.0445 - accuracy: 0.6381
85/98 [=========================>....] - ETA: 0s - loss: 1.0426 - accuracy: 0.6386
86/98 [=========================>....] - ETA: 0s - loss: 1.0424 - accuracy: 0.6385
87/98 [=========================>....] - ETA: 0s - loss: 1.0428 - accuracy: 0.6383
88/98 [=========================>....] - ETA: 0s - loss: 1.0419 - accuracy: 0.6387
89/98 [==========================>...] - ETA: 0s - loss: 1.0418 - accuracy: 0.6388
90/98 [==========================>...] - ETA: 0s - loss: 1.0413 - accuracy: 0.6389
91/98 [==========================>...] - ETA: 0s - loss: 1.0408 - accuracy: 0.6390
92/98 [===========================>..] - ETA: 0s - loss: 1.0392 - accuracy: 0.6399
93/98 [===========================>..] - ETA: 0s - loss: 1.0385 - accuracy: 0.6401
94/98 [===========================>..] - ETA: 0s - loss: 1.0381 - accuracy: 0.6398
95/98 [============================>.] - ETA: 0s - loss: 1.0382 - accuracy: 0.6397
96/98 [============================>.] - ETA: 0s - loss: 1.0374 - accuracy: 0.6401
97/98 [============================>.] - ETA: 0s - loss: 1.0374 - accuracy: 0.6402
98/98 [==============================] - ETA: 0s - loss: 1.0371 - accuracy: 0.6404
98/98 [==============================] - 8s 78ms/step - loss: 1.0371 - accuracy: 0.6404 - val_loss: 1.6211 - val_accuracy: 0.5074
Epoch 4/109

 1/98 [..............................] - ETA: 9s - loss: 0.9575 - accuracy: 0.6699
 2/98 [..............................] - ETA: 6s - loss: 0.9727 - accuracy: 0.6641
 3/98 [..............................] - ETA: 6s - loss: 0.9726 - accuracy: 0.6647
 4/98 [>.............................] - ETA: 6s - loss: 0.9681 - accuracy: 0.6709
 5/98 [>.............................] - ETA: 6s - loss: 0.9727 - accuracy: 0.6672
 6/98 [>.............................] - ETA: 6s - loss: 0.9695 - accuracy: 0.6686
 7/98 [=>............................] - ETA: 6s - loss: 0.9702 - accuracy: 0.6674
 8/98 [=>............................] - ETA: 6s - loss: 0.9593 - accuracy: 0.6724
 9/98 [=>............................] - ETA: 6s - loss: 0.9596 - accuracy: 0.6714
10/98 [==>...........................] - ETA: 6s - loss: 0.9628 - accuracy: 0.6709
11/98 [==>...........................] - ETA: 6s - loss: 0.9540 - accuracy: 0.6738
12/98 [==>...........................] - ETA: 6s - loss: 0.9560 - accuracy: 0.6736
13/98 [==>...........................] - ETA: 6s - loss: 0.9519 - accuracy: 0.6731
14/98 [===>..........................] - ETA: 5s - loss: 0.9502 - accuracy: 0.6752
15/98 [===>..........................] - ETA: 5s - loss: 0.9477 - accuracy: 0.6770
16/98 [===>..........................] - ETA: 5s - loss: 0.9472 - accuracy: 0.6769
17/98 [====>.........................] - ETA: 5s - loss: 0.9509 - accuracy: 0.6745
18/98 [====>.........................] - ETA: 5s - loss: 0.9537 - accuracy: 0.6721
19/98 [====>.........................] - ETA: 5s - loss: 0.9556 - accuracy: 0.6709
20/98 [=====>........................] - ETA: 5s - loss: 0.9542 - accuracy: 0.6711
21/98 [=====>........................] - ETA: 5s - loss: 0.9546 - accuracy: 0.6708
22/98 [=====>........................] - ETA: 5s - loss: 0.9545 - accuracy: 0.6705
23/98 [======>.......................] - ETA: 5s - loss: 0.9562 - accuracy: 0.6709
24/98 [======>.......................] - ETA: 5s - loss: 0.9566 - accuracy: 0.6707
25/98 [======>.......................] - ETA: 5s - loss: 0.9529 - accuracy: 0.6719
26/98 [======>.......................] - ETA: 5s - loss: 0.9538 - accuracy: 0.6711
27/98 [=======>......................] - ETA: 5s - loss: 0.9546 - accuracy: 0.6706
28/98 [=======>......................] - ETA: 5s - loss: 0.9559 - accuracy: 0.6701
29/98 [=======>......................] - ETA: 5s - loss: 0.9572 - accuracy: 0.6694
30/98 [========>.....................] - ETA: 4s - loss: 0.9570 - accuracy: 0.6692
31/98 [========>.....................] - ETA: 4s - loss: 0.9553 - accuracy: 0.6699
32/98 [========>.....................] - ETA: 4s - loss: 0.9566 - accuracy: 0.6689
33/98 [=========>....................] - ETA: 4s - loss: 0.9571 - accuracy: 0.6688
34/98 [=========>....................] - ETA: 4s - loss: 0.9566 - accuracy: 0.6688
35/98 [=========>....................] - ETA: 4s - loss: 0.9563 - accuracy: 0.6690
36/98 [==========>...................] - ETA: 4s - loss: 0.9586 - accuracy: 0.6676
37/98 [==========>...................] - ETA: 4s - loss: 0.9555 - accuracy: 0.6689
38/98 [==========>...................] - ETA: 4s - loss: 0.9557 - accuracy: 0.6685
39/98 [==========>...................] - ETA: 4s - loss: 0.9547 - accuracy: 0.6691
40/98 [===========>..................] - ETA: 4s - loss: 0.9546 - accuracy: 0.6690
41/98 [===========>..................] - ETA: 4s - loss: 0.9541 - accuracy: 0.6691
42/98 [===========>..................] - ETA: 4s - loss: 0.9549 - accuracy: 0.6691
43/98 [============>.................] - ETA: 4s - loss: 0.9543 - accuracy: 0.6697
44/98 [============>.................] - ETA: 3s - loss: 0.9532 - accuracy: 0.6699
45/98 [============>.................] - ETA: 3s - loss: 0.9538 - accuracy: 0.6696
46/98 [=============>................] - ETA: 3s - loss: 0.9539 - accuracy: 0.6697
47/98 [=============>................] - ETA: 3s - loss: 0.9532 - accuracy: 0.6702
48/98 [=============>................] - ETA: 3s - loss: 0.9536 - accuracy: 0.6700
49/98 [==============>...............] - ETA: 3s - loss: 0.9539 - accuracy: 0.6702
50/98 [==============>...............] - ETA: 3s - loss: 0.9531 - accuracy: 0.6709
51/98 [==============>...............] - ETA: 3s - loss: 0.9538 - accuracy: 0.6708
52/98 [==============>...............] - ETA: 3s - loss: 0.9523 - accuracy: 0.6716
53/98 [===============>..............] - ETA: 3s - loss: 0.9515 - accuracy: 0.6717
54/98 [===============>..............] - ETA: 3s - loss: 0.9510 - accuracy: 0.6720
55/98 [===============>..............] - ETA: 3s - loss: 0.9507 - accuracy: 0.6723
56/98 [================>.............] - ETA: 3s - loss: 0.9515 - accuracy: 0.6721
57/98 [================>.............] - ETA: 2s - loss: 0.9516 - accuracy: 0.6721
58/98 [================>.............] - ETA: 2s - loss: 0.9517 - accuracy: 0.6723
59/98 [=================>............] - ETA: 2s - loss: 0.9525 - accuracy: 0.6719
60/98 [=================>............] - ETA: 2s - loss: 0.9517 - accuracy: 0.6722
61/98 [=================>............] - ETA: 2s - loss: 0.9508 - accuracy: 0.6726
62/98 [=================>............] - ETA: 2s - loss: 0.9495 - accuracy: 0.6735
64/98 [==================>...........] - ETA: 2s - loss: 0.9493 - accuracy: 0.6735
65/98 [==================>...........] - ETA: 2s - loss: 0.9490 - accuracy: 0.6735
67/98 [===================>..........] - ETA: 2s - loss: 0.9498 - accuracy: 0.6726
69/98 [====================>.........] - ETA: 2s - loss: 0.9485 - accuracy: 0.6726
70/98 [====================>.........] - ETA: 1s - loss: 0.9482 - accuracy: 0.6727
72/98 [=====================>........] - ETA: 1s - loss: 0.9469 - accuracy: 0.6732
74/98 [=====================>........] - ETA: 1s - loss: 0.9459 - accuracy: 0.6733
75/98 [=====================>........] - ETA: 1s - loss: 0.9466 - accuracy: 0.6731
77/98 [======================>.......] - ETA: 1s - loss: 0.9481 - accuracy: 0.6726
79/98 [=======================>......] - ETA: 1s - loss: 0.9479 - accuracy: 0.6728
80/98 [=======================>......] - ETA: 1s - loss: 0.9480 - accuracy: 0.6725
81/98 [=======================>......] - ETA: 1s - loss: 0.9475 - accuracy: 0.6727
82/98 [========================>.....] - ETA: 1s - loss: 0.9476 - accuracy: 0.6729
83/98 [========================>.....] - ETA: 1s - loss: 0.9473 - accuracy: 0.6729
84/98 [========================>.....] - ETA: 0s - loss: 0.9476 - accuracy: 0.6727
85/98 [=========================>....] - ETA: 0s - loss: 0.9484 - accuracy: 0.6726
86/98 [=========================>....] - ETA: 0s - loss: 0.9473 - accuracy: 0.6728
87/98 [=========================>....] - ETA: 0s - loss: 0.9469 - accuracy: 0.6732
88/98 [=========================>....] - ETA: 0s - loss: 0.9470 - accuracy: 0.6732
89/98 [==========================>...] - ETA: 0s - loss: 0.9467 - accuracy: 0.6732
90/98 [==========================>...] - ETA: 0s - loss: 0.9468 - accuracy: 0.6731
91/98 [==========================>...] - ETA: 0s - loss: 0.9463 - accuracy: 0.6734
92/98 [===========================>..] - ETA: 0s - loss: 0.9468 - accuracy: 0.6730
93/98 [===========================>..] - ETA: 0s - loss: 0.9467 - accuracy: 0.6729
94/98 [===========================>..] - ETA: 0s - loss: 0.9470 - accuracy: 0.6727
95/98 [============================>.] - ETA: 0s - loss: 0.9460 - accuracy: 0.6731
96/98 [============================>.] - ETA: 0s - loss: 0.9472 - accuracy: 0.6731
97/98 [============================>.] - ETA: 0s - loss: 0.9472 - accuracy: 0.6730
98/98 [==============================] - ETA: 0s - loss: 0.9474 - accuracy: 0.6729
98/98 [==============================] - 8s 78ms/step - loss: 0.9474 - accuracy: 0.6729 - val_loss: 1.3952 - val_accuracy: 0.5662
Epoch 5/109

 1/98 [..............................] - ETA: 7s - loss: 0.8912 - accuracy: 0.7051
 2/98 [..............................] - ETA: 7s - loss: 0.8714 - accuracy: 0.6982
 3/98 [..............................] - ETA: 7s - loss: 0.9002 - accuracy: 0.6895
 4/98 [>.............................] - ETA: 6s - loss: 0.8854 - accuracy: 0.6938
 5/98 [>.............................] - ETA: 6s - loss: 0.8823 - accuracy: 0.6984
 6/98 [>.............................] - ETA: 6s - loss: 0.8724 - accuracy: 0.7041
 7/98 [=>............................] - ETA: 6s - loss: 0.8730 - accuracy: 0.7037
 8/98 [=>............................] - ETA: 6s - loss: 0.8795 - accuracy: 0.6982
 9/98 [=>............................] - ETA: 6s - loss: 0.8722 - accuracy: 0.7016
10/98 [==>...........................] - ETA: 6s - loss: 0.8723 - accuracy: 0.7021
11/98 [==>...........................] - ETA: 6s - loss: 0.8718 - accuracy: 0.7017
12/98 [==>...........................] - ETA: 6s - loss: 0.8735 - accuracy: 0.6991
13/98 [==>...........................] - ETA: 6s - loss: 0.8709 - accuracy: 0.7003
14/98 [===>..........................] - ETA: 6s - loss: 0.8754 - accuracy: 0.6977
15/98 [===>..........................] - ETA: 6s - loss: 0.8737 - accuracy: 0.6984
16/98 [===>..........................] - ETA: 6s - loss: 0.8770 - accuracy: 0.6971
17/98 [====>.........................] - ETA: 5s - loss: 0.8735 - accuracy: 0.6982
18/98 [====>.........................] - ETA: 5s - loss: 0.8731 - accuracy: 0.6984
19/98 [====>.........................] - ETA: 5s - loss: 0.8769 - accuracy: 0.6969
20/98 [=====>........................] - ETA: 5s - loss: 0.8801 - accuracy: 0.6960
21/98 [=====>........................] - ETA: 5s - loss: 0.8813 - accuracy: 0.6952
22/98 [=====>........................] - ETA: 5s - loss: 0.8783 - accuracy: 0.6962
23/98 [======>.......................] - ETA: 5s - loss: 0.8810 - accuracy: 0.6946
24/98 [======>.......................] - ETA: 5s - loss: 0.8833 - accuracy: 0.6939
25/98 [======>.......................] - ETA: 5s - loss: 0.8811 - accuracy: 0.6947
26/98 [======>.......................] - ETA: 5s - loss: 0.8800 - accuracy: 0.6948
27/98 [=======>......................] - ETA: 5s - loss: 0.8799 - accuracy: 0.6945
28/98 [=======>......................] - ETA: 5s - loss: 0.8798 - accuracy: 0.6949
29/98 [=======>......................] - ETA: 5s - loss: 0.8794 - accuracy: 0.6953
30/98 [========>.....................] - ETA: 4s - loss: 0.8805 - accuracy: 0.6949
31/98 [========>.....................] - ETA: 4s - loss: 0.8833 - accuracy: 0.6941
32/98 [========>.....................] - ETA: 4s - loss: 0.8821 - accuracy: 0.6942
33/98 [=========>....................] - ETA: 4s - loss: 0.8819 - accuracy: 0.6944
35/98 [=========>....................] - ETA: 4s - loss: 0.8797 - accuracy: 0.6953
36/98 [==========>...................] - ETA: 4s - loss: 0.8812 - accuracy: 0.6946
37/98 [==========>...................] - ETA: 4s - loss: 0.8797 - accuracy: 0.6952
38/98 [==========>...................] - ETA: 4s - loss: 0.8798 - accuracy: 0.6949
39/98 [==========>...................] - ETA: 4s - loss: 0.8779 - accuracy: 0.6957
40/98 [===========>..................] - ETA: 4s - loss: 0.8806 - accuracy: 0.6953
41/98 [===========>..................] - ETA: 4s - loss: 0.8790 - accuracy: 0.6962
42/98 [===========>..................] - ETA: 4s - loss: 0.8787 - accuracy: 0.6964
43/98 [============>.................] - ETA: 4s - loss: 0.8799 - accuracy: 0.6962
44/98 [============>.................] - ETA: 3s - loss: 0.8806 - accuracy: 0.6964
45/98 [============>.................] - ETA: 3s - loss: 0.8805 - accuracy: 0.6964
46/98 [=============>................] - ETA: 3s - loss: 0.8788 - accuracy: 0.6974
47/98 [=============>................] - ETA: 3s - loss: 0.8788 - accuracy: 0.6975
48/98 [=============>................] - ETA: 3s - loss: 0.8786 - accuracy: 0.6976
49/98 [==============>...............] - ETA: 3s - loss: 0.8801 - accuracy: 0.6971
50/98 [==============>...............] - ETA: 3s - loss: 0.8788 - accuracy: 0.6977
51/98 [==============>...............] - ETA: 3s - loss: 0.8768 - accuracy: 0.6984
52/98 [==============>...............] - ETA: 3s - loss: 0.8764 - accuracy: 0.6986
53/98 [===============>..............] - ETA: 3s - loss: 0.8764 - accuracy: 0.6980
54/98 [===============>..............] - ETA: 3s - loss: 0.8777 - accuracy: 0.6975
55/98 [===============>..............] - ETA: 3s - loss: 0.8772 - accuracy: 0.6980
56/98 [================>.............] - ETA: 3s - loss: 0.8775 - accuracy: 0.6977
57/98 [================>.............] - ETA: 2s - loss: 0.8782 - accuracy: 0.6971
58/98 [================>.............] - ETA: 2s - loss: 0.8793 - accuracy: 0.6964
59/98 [=================>............] - ETA: 2s - loss: 0.8798 - accuracy: 0.6965
60/98 [=================>............] - ETA: 2s - loss: 0.8798 - accuracy: 0.6968
61/98 [=================>............] - ETA: 2s - loss: 0.8789 - accuracy: 0.6971
62/98 [=================>............] - ETA: 2s - loss: 0.8787 - accuracy: 0.6974
63/98 [==================>...........] - ETA: 2s - loss: 0.8788 - accuracy: 0.6974
64/98 [==================>...........] - ETA: 2s - loss: 0.8791 - accuracy: 0.6970
65/98 [==================>...........] - ETA: 2s - loss: 0.8799 - accuracy: 0.6966
66/98 [===================>..........] - ETA: 2s - loss: 0.8796 - accuracy: 0.6967
67/98 [===================>..........] - ETA: 2s - loss: 0.8796 - accuracy: 0.6968
68/98 [===================>..........] - ETA: 2s - loss: 0.8790 - accuracy: 0.6970
69/98 [====================>.........] - ETA: 2s - loss: 0.8776 - accuracy: 0.6978
70/98 [====================>.........] - ETA: 2s - loss: 0.8779 - accuracy: 0.6973
