2024-06-26 06:18:17.820418: I tensorflow/core/platform/cpu_feature_guard.cc:193] This TensorFlow binary is optimized with oneAPI Deep Neural Network Library (oneDNN) to use the following CPU instructions in performance-critical operations:  AVX AVX2
To enable them in other operations, rebuild TensorFlow with the appropriate compiler flags.
2024-06-26 06:18:18.296155: I tensorflow/core/common_runtime/gpu/gpu_device.cc:1616] Created device /job:localhost/replica:0/task:0/device:GPU:0 with 6656 MB memory:  -> device: 0, name: NVIDIA GeForce RTX 4060 Ti, pci bus id: 0000:01:00.0, compute capability: 8.9
1 Physical GPUs, 1 Logical GPUs
Model: "sequential"
_________________________________________________________________
 Layer (type)                Output Shape              Param #   
=================================================================
 conv2d (Conv2D)             (None, 32, 32, 32)        896       
                                                                 
 max_pooling2d (MaxPooling2D  (None, 16, 16, 32)       0         
 )                                                               
                                                                 
 batch_normalization (BatchN  (None, 16, 16, 32)       128       
 ormalization)                                                   
                                                                 
 conv2d_1 (Conv2D)           (None, 16, 16, 256)       205056    
                                                                 
 dropout (Dropout)           (None, 16, 16, 256)       0         
                                                                 
 flatten (Flatten)           (None, 65536)             0         
                                                                 
 dense (Dense)               (None, 10)                655370    
                                                                 
=================================================================
Total params: 861,450
Trainable params: 861,386
Non-trainable params: 64
_________________________________________________________________
Taxa de aprendizado:  0.0001 Num de épocas:  109 Tamanho do lote:  512 Dropout:  0.26488
Epoch 1/109
2024-06-26 06:18:19.546381: I tensorflow/stream_executor/cuda/cuda_dnn.cc:384] Loaded cuDNN version 8100
2024-06-26 06:18:20.374069: W tensorflow/stream_executor/gpu/redzone_allocator.cc:314] INTERNAL: ptxas exited with non-zero error code -1, output: 
Relying on driver to perform ptx compilation. 
Modify $PATH to customize ptxas location.
This message will be only logged once.
2024-06-26 06:18:21.363715: I tensorflow/stream_executor/cuda/cuda_blas.cc:1614] TensorFloat-32 will be used for the matrix multiplication. This will only be logged once.

 1/98 [..............................] - ETA: 6:08 - loss: 2.3949 - accuracy: 0.0918
 3/98 [..............................] - ETA: 4s - loss: 2.2948 - accuracy: 0.1465  
 4/98 [>.............................] - ETA: 4s - loss: 2.2576 - accuracy: 0.1660
 6/98 [>.............................] - ETA: 4s - loss: 2.1733 - accuracy: 0.2074
 8/98 [=>............................] - ETA: 4s - loss: 2.1175 - accuracy: 0.2295
 9/98 [=>............................] - ETA: 4s - loss: 2.0945 - accuracy: 0.2409
10/98 [==>...........................] - ETA: 4s - loss: 2.0754 - accuracy: 0.2473
11/98 [==>...........................] - ETA: 4s - loss: 2.0546 - accuracy: 0.2583
13/98 [==>...........................] - ETA: 4s - loss: 2.0197 - accuracy: 0.2739
15/98 [===>..........................] - ETA: 4s - loss: 1.9885 - accuracy: 0.2842
17/98 [====>.........................] - ETA: 4s - loss: 1.9577 - accuracy: 0.2972
18/98 [====>.........................] - ETA: 4s - loss: 1.9460 - accuracy: 0.3015
19/98 [====>.........................] - ETA: 4s - loss: 1.9344 - accuracy: 0.3064
20/98 [=====>........................] - ETA: 4s - loss: 1.9247 - accuracy: 0.3098
21/98 [=====>........................] - ETA: 4s - loss: 1.9138 - accuracy: 0.3149
22/98 [=====>........................] - ETA: 4s - loss: 1.9012 - accuracy: 0.3212
23/98 [======>.......................] - ETA: 4s - loss: 1.8936 - accuracy: 0.3255
24/98 [======>.......................] - ETA: 4s - loss: 1.8835 - accuracy: 0.3294
25/98 [======>.......................] - ETA: 4s - loss: 1.8747 - accuracy: 0.3334
26/98 [======>.......................] - ETA: 4s - loss: 1.8670 - accuracy: 0.3357
27/98 [=======>......................] - ETA: 4s - loss: 1.8569 - accuracy: 0.3397
28/98 [=======>......................] - ETA: 4s - loss: 1.8494 - accuracy: 0.3425
29/98 [=======>......................] - ETA: 4s - loss: 1.8398 - accuracy: 0.3467
30/98 [========>.....................] - ETA: 3s - loss: 1.8332 - accuracy: 0.3502
31/98 [========>.....................] - ETA: 3s - loss: 1.8247 - accuracy: 0.3533
33/98 [=========>....................] - ETA: 3s - loss: 1.8111 - accuracy: 0.3591
34/98 [=========>....................] - ETA: 3s - loss: 1.8037 - accuracy: 0.3614
35/98 [=========>....................] - ETA: 3s - loss: 1.7968 - accuracy: 0.3628
36/98 [==========>...................] - ETA: 3s - loss: 1.7918 - accuracy: 0.3641
37/98 [==========>...................] - ETA: 3s - loss: 1.7866 - accuracy: 0.3666
38/98 [==========>...................] - ETA: 3s - loss: 1.7801 - accuracy: 0.3687
39/98 [==========>...................] - ETA: 3s - loss: 1.7734 - accuracy: 0.3710
40/98 [===========>..................] - ETA: 3s - loss: 1.7684 - accuracy: 0.3731
41/98 [===========>..................] - ETA: 3s - loss: 1.7638 - accuracy: 0.3749
42/98 [===========>..................] - ETA: 3s - loss: 1.7593 - accuracy: 0.3760
43/98 [============>.................] - ETA: 3s - loss: 1.7546 - accuracy: 0.3782
44/98 [============>.................] - ETA: 3s - loss: 1.7512 - accuracy: 0.3791
45/98 [============>.................] - ETA: 3s - loss: 1.7444 - accuracy: 0.3811
46/98 [=============>................] - ETA: 3s - loss: 1.7386 - accuracy: 0.3837
47/98 [=============>................] - ETA: 3s - loss: 1.7333 - accuracy: 0.3859
48/98 [=============>................] - ETA: 2s - loss: 1.7275 - accuracy: 0.3886
49/98 [==============>...............] - ETA: 2s - loss: 1.7226 - accuracy: 0.3902
51/98 [==============>...............] - ETA: 2s - loss: 1.7134 - accuracy: 0.3933
52/98 [==============>...............] - ETA: 2s - loss: 1.7079 - accuracy: 0.3956
53/98 [===============>..............] - ETA: 2s - loss: 1.7030 - accuracy: 0.3971
54/98 [===============>..............] - ETA: 2s - loss: 1.6986 - accuracy: 0.3981
55/98 [===============>..............] - ETA: 2s - loss: 1.6939 - accuracy: 0.3999
56/98 [================>.............] - ETA: 2s - loss: 1.6888 - accuracy: 0.4021
57/98 [================>.............] - ETA: 2s - loss: 1.6848 - accuracy: 0.4037
58/98 [================>.............] - ETA: 2s - loss: 1.6799 - accuracy: 0.4055
59/98 [=================>............] - ETA: 2s - loss: 1.6752 - accuracy: 0.4070
60/98 [=================>............] - ETA: 2s - loss: 1.6710 - accuracy: 0.4085
61/98 [=================>............] - ETA: 2s - loss: 1.6667 - accuracy: 0.4099
62/98 [=================>............] - ETA: 2s - loss: 1.6635 - accuracy: 0.4107
63/98 [==================>...........] - ETA: 2s - loss: 1.6590 - accuracy: 0.4129
64/98 [==================>...........] - ETA: 2s - loss: 1.6550 - accuracy: 0.4146
65/98 [==================>...........] - ETA: 1s - loss: 1.6522 - accuracy: 0.4159
66/98 [===================>..........] - ETA: 1s - loss: 1.6495 - accuracy: 0.4169
67/98 [===================>..........] - ETA: 1s - loss: 1.6459 - accuracy: 0.4179
68/98 [===================>..........] - ETA: 1s - loss: 1.6426 - accuracy: 0.4193
70/98 [====================>.........] - ETA: 1s - loss: 1.6359 - accuracy: 0.4212
71/98 [====================>.........] - ETA: 1s - loss: 1.6322 - accuracy: 0.4226
72/98 [=====================>........] - ETA: 1s - loss: 1.6300 - accuracy: 0.4234
74/98 [=====================>........] - ETA: 1s - loss: 1.6239 - accuracy: 0.4254
75/98 [=====================>........] - ETA: 1s - loss: 1.6209 - accuracy: 0.4265
76/98 [======================>.......] - ETA: 1s - loss: 1.6179 - accuracy: 0.4276
77/98 [======================>.......] - ETA: 1s - loss: 1.6146 - accuracy: 0.4290
78/98 [======================>.......] - ETA: 1s - loss: 1.6114 - accuracy: 0.4301
79/98 [=======================>......] - ETA: 1s - loss: 1.6086 - accuracy: 0.4312
80/98 [=======================>......] - ETA: 1s - loss: 1.6059 - accuracy: 0.4323
81/98 [=======================>......] - ETA: 1s - loss: 1.6026 - accuracy: 0.4337
82/98 [========================>.....] - ETA: 1s - loss: 1.5990 - accuracy: 0.4347
83/98 [========================>.....] - ETA: 1s - loss: 1.5955 - accuracy: 0.4359
84/98 [========================>.....] - ETA: 0s - loss: 1.5933 - accuracy: 0.4371
85/98 [=========================>....] - ETA: 0s - loss: 1.5904 - accuracy: 0.4380
86/98 [=========================>....] - ETA: 0s - loss: 1.5872 - accuracy: 0.4391
88/98 [=========================>....] - ETA: 0s - loss: 1.5818 - accuracy: 0.4410
89/98 [==========================>...] - ETA: 0s - loss: 1.5788 - accuracy: 0.4420
90/98 [==========================>...] - ETA: 0s - loss: 1.5759 - accuracy: 0.4429
91/98 [==========================>...] - ETA: 0s - loss: 1.5737 - accuracy: 0.4438
92/98 [===========================>..] - ETA: 0s - loss: 1.5710 - accuracy: 0.4448
93/98 [===========================>..] - ETA: 0s - loss: 1.5680 - accuracy: 0.4458
94/98 [===========================>..] - ETA: 0s - loss: 1.5654 - accuracy: 0.4467
95/98 [============================>.] - ETA: 0s - loss: 1.5630 - accuracy: 0.4476
96/98 [============================>.] - ETA: 0s - loss: 1.5613 - accuracy: 0.4480
97/98 [============================>.] - ETA: 0s - loss: 1.5595 - accuracy: 0.4489
98/98 [==============================] - ETA: 0s - loss: 1.5577 - accuracy: 0.4499
98/98 [==============================] - 12s 81ms/step - loss: 1.5577 - accuracy: 0.4499 - val_loss: 2.0671 - val_accuracy: 0.3967
Epoch 2/109

 1/98 [..............................] - ETA: 6s - loss: 1.2176 - accuracy: 0.5762
 2/98 [..............................] - ETA: 5s - loss: 1.2420 - accuracy: 0.5811
 3/98 [..............................] - ETA: 5s - loss: 1.2618 - accuracy: 0.5599
 4/98 [>.............................] - ETA: 5s - loss: 1.2729 - accuracy: 0.5581
 5/98 [>.............................] - ETA: 5s - loss: 1.2762 - accuracy: 0.5543
 6/98 [>.............................] - ETA: 5s - loss: 1.2914 - accuracy: 0.5485
 7/98 [=>............................] - ETA: 5s - loss: 1.2876 - accuracy: 0.5505
 8/98 [=>............................] - ETA: 5s - loss: 1.2835 - accuracy: 0.5496
 9/98 [=>............................] - ETA: 5s - loss: 1.2851 - accuracy: 0.5460
10/98 [==>...........................] - ETA: 5s - loss: 1.2869 - accuracy: 0.5471
12/98 [==>...........................] - ETA: 5s - loss: 1.2797 - accuracy: 0.5488
13/98 [==>...........................] - ETA: 5s - loss: 1.2763 - accuracy: 0.5503
14/98 [===>..........................] - ETA: 5s - loss: 1.2774 - accuracy: 0.5526
15/98 [===>..........................] - ETA: 5s - loss: 1.2759 - accuracy: 0.5533
16/98 [===>..........................] - ETA: 5s - loss: 1.2770 - accuracy: 0.5526
17/98 [====>.........................] - ETA: 4s - loss: 1.2726 - accuracy: 0.5541
18/98 [====>.........................] - ETA: 4s - loss: 1.2732 - accuracy: 0.5538
19/98 [====>.........................] - ETA: 4s - loss: 1.2684 - accuracy: 0.5557
20/98 [=====>........................] - ETA: 4s - loss: 1.2689 - accuracy: 0.5553
21/98 [=====>........................] - ETA: 4s - loss: 1.2629 - accuracy: 0.5574
22/98 [=====>........................] - ETA: 4s - loss: 1.2580 - accuracy: 0.5599
23/98 [======>.......................] - ETA: 4s - loss: 1.2558 - accuracy: 0.5616
24/98 [======>.......................] - ETA: 4s - loss: 1.2534 - accuracy: 0.5614
25/98 [======>.......................] - ETA: 4s - loss: 1.2541 - accuracy: 0.5603
27/98 [=======>......................] - ETA: 4s - loss: 1.2502 - accuracy: 0.5620
28/98 [=======>......................] - ETA: 4s - loss: 1.2472 - accuracy: 0.5635
29/98 [=======>......................] - ETA: 4s - loss: 1.2451 - accuracy: 0.5643
30/98 [========>.....................] - ETA: 4s - loss: 1.2452 - accuracy: 0.5648
31/98 [========>.....................] - ETA: 4s - loss: 1.2445 - accuracy: 0.5650
32/98 [========>.....................] - ETA: 4s - loss: 1.2455 - accuracy: 0.5651
33/98 [=========>....................] - ETA: 4s - loss: 1.2447 - accuracy: 0.5658
34/98 [=========>....................] - ETA: 3s - loss: 1.2441 - accuracy: 0.5662
35/98 [=========>....................] - ETA: 3s - loss: 1.2423 - accuracy: 0.5669
36/98 [==========>...................] - ETA: 3s - loss: 1.2413 - accuracy: 0.5675
37/98 [==========>...................] - ETA: 3s - loss: 1.2423 - accuracy: 0.5672
38/98 [==========>...................] - ETA: 3s - loss: 1.2416 - accuracy: 0.5675
39/98 [==========>...................] - ETA: 3s - loss: 1.2423 - accuracy: 0.5671
40/98 [===========>..................] - ETA: 3s - loss: 1.2413 - accuracy: 0.5670
41/98 [===========>..................] - ETA: 3s - loss: 1.2406 - accuracy: 0.5673
42/98 [===========>..................] - ETA: 3s - loss: 1.2392 - accuracy: 0.5677
43/98 [============>.................] - ETA: 3s - loss: 1.2387 - accuracy: 0.5683
44/98 [============>.................] - ETA: 3s - loss: 1.2365 - accuracy: 0.5687
45/98 [============>.................] - ETA: 3s - loss: 1.2362 - accuracy: 0.5683
46/98 [=============>................] - ETA: 3s - loss: 1.2344 - accuracy: 0.5686
47/98 [=============>................] - ETA: 3s - loss: 1.2332 - accuracy: 0.5693
48/98 [=============>................] - ETA: 3s - loss: 1.2330 - accuracy: 0.5693
49/98 [==============>...............] - ETA: 3s - loss: 1.2322 - accuracy: 0.5696
50/98 [==============>...............] - ETA: 2s - loss: 1.2325 - accuracy: 0.5695
52/98 [==============>...............] - ETA: 2s - loss: 1.2283 - accuracy: 0.5707
53/98 [===============>..............] - ETA: 2s - loss: 1.2282 - accuracy: 0.5707
54/98 [===============>..............] - ETA: 2s - loss: 1.2278 - accuracy: 0.5711
56/98 [================>.............] - ETA: 2s - loss: 1.2256 - accuracy: 0.5714
57/98 [================>.............] - ETA: 2s - loss: 1.2240 - accuracy: 0.5717
58/98 [================>.............] - ETA: 2s - loss: 1.2231 - accuracy: 0.5722
59/98 [=================>............] - ETA: 2s - loss: 1.2232 - accuracy: 0.5726
60/98 [=================>............] - ETA: 2s - loss: 1.2222 - accuracy: 0.5727
61/98 [=================>............] - ETA: 2s - loss: 1.2211 - accuracy: 0.5733
62/98 [=================>............] - ETA: 2s - loss: 1.2197 - accuracy: 0.5738
64/98 [==================>...........] - ETA: 2s - loss: 1.2193 - accuracy: 0.5735
65/98 [==================>...........] - ETA: 2s - loss: 1.2183 - accuracy: 0.5739
66/98 [===================>..........] - ETA: 1s - loss: 1.2171 - accuracy: 0.5742
67/98 [===================>..........] - ETA: 1s - loss: 1.2158 - accuracy: 0.5752
68/98 [===================>..........] - ETA: 1s - loss: 1.2143 - accuracy: 0.5759
69/98 [====================>.........] - ETA: 1s - loss: 1.2130 - accuracy: 0.5763
70/98 [====================>.........] - ETA: 1s - loss: 1.2117 - accuracy: 0.5767
71/98 [====================>.........] - ETA: 1s - loss: 1.2101 - accuracy: 0.5770
72/98 [=====================>........] - ETA: 1s - loss: 1.2088 - accuracy: 0.5772
73/98 [=====================>........] - ETA: 1s - loss: 1.2087 - accuracy: 0.5770
74/98 [=====================>........] - ETA: 1s - loss: 1.2081 - accuracy: 0.5769
75/98 [=====================>........] - ETA: 1s - loss: 1.2067 - accuracy: 0.5775
76/98 [======================>.......] - ETA: 1s - loss: 1.2059 - accuracy: 0.5778
77/98 [======================>.......] - ETA: 1s - loss: 1.2055 - accuracy: 0.5781
78/98 [======================>.......] - ETA: 1s - loss: 1.2048 - accuracy: 0.5784
80/98 [=======================>......] - ETA: 1s - loss: 1.2034 - accuracy: 0.5788
81/98 [=======================>......] - ETA: 1s - loss: 1.2022 - accuracy: 0.5792
82/98 [========================>.....] - ETA: 0s - loss: 1.2012 - accuracy: 0.5794
83/98 [========================>.....] - ETA: 0s - loss: 1.1999 - accuracy: 0.5798
84/98 [========================>.....] - ETA: 0s - loss: 1.1986 - accuracy: 0.5803
85/98 [=========================>....] - ETA: 0s - loss: 1.1987 - accuracy: 0.5801
86/98 [=========================>....] - ETA: 0s - loss: 1.1983 - accuracy: 0.5802
87/98 [=========================>....] - ETA: 0s - loss: 1.1974 - accuracy: 0.5807
88/98 [=========================>....] - ETA: 0s - loss: 1.1977 - accuracy: 0.5805
89/98 [==========================>...] - ETA: 0s - loss: 1.1965 - accuracy: 0.5807
90/98 [==========================>...] - ETA: 0s - loss: 1.1958 - accuracy: 0.5807
91/98 [==========================>...] - ETA: 0s - loss: 1.1946 - accuracy: 0.5810
92/98 [===========================>..] - ETA: 0s - loss: 1.1939 - accuracy: 0.5813
93/98 [===========================>..] - ETA: 0s - loss: 1.1936 - accuracy: 0.5814
94/98 [===========================>..] - ETA: 0s - loss: 1.1921 - accuracy: 0.5821
95/98 [============================>.] - ETA: 0s - loss: 1.1924 - accuracy: 0.5822
96/98 [============================>.] - ETA: 0s - loss: 1.1920 - accuracy: 0.5826
97/98 [============================>.] - ETA: 0s - loss: 1.1913 - accuracy: 0.5829
98/98 [==============================] - ETA: 0s - loss: 1.1909 - accuracy: 0.5829
98/98 [==============================] - 7s 69ms/step - loss: 1.1909 - accuracy: 0.5829 - val_loss: 1.8570 - val_accuracy: 0.5143
Epoch 3/109

 1/98 [..............................] - ETA: 7s - loss: 1.0680 - accuracy: 0.6211
 2/98 [..............................] - ETA: 6s - loss: 1.0920 - accuracy: 0.6309
 4/98 [>.............................] - ETA: 5s - loss: 1.0815 - accuracy: 0.6323
 5/98 [>.............................] - ETA: 5s - loss: 1.0918 - accuracy: 0.6277
 6/98 [>.............................] - ETA: 5s - loss: 1.0898 - accuracy: 0.6341
 7/98 [=>............................] - ETA: 5s - loss: 1.0888 - accuracy: 0.6339
 8/98 [=>............................] - ETA: 5s - loss: 1.0896 - accuracy: 0.6311
 9/98 [=>............................] - ETA: 5s - loss: 1.0925 - accuracy: 0.6311
10/98 [==>...........................] - ETA: 5s - loss: 1.0927 - accuracy: 0.6295
11/98 [==>...........................] - ETA: 5s - loss: 1.0913 - accuracy: 0.6278
12/98 [==>...........................] - ETA: 5s - loss: 1.0876 - accuracy: 0.6292
13/98 [==>...........................] - ETA: 5s - loss: 1.0828 - accuracy: 0.6310
14/98 [===>..........................] - ETA: 5s - loss: 1.0809 - accuracy: 0.6303
15/98 [===>..........................] - ETA: 5s - loss: 1.0768 - accuracy: 0.6333
16/98 [===>..........................] - ETA: 5s - loss: 1.0780 - accuracy: 0.6327
17/98 [====>.........................] - ETA: 4s - loss: 1.0793 - accuracy: 0.6312
19/98 [====>.........................] - ETA: 4s - loss: 1.0814 - accuracy: 0.6293
20/98 [=====>........................] - ETA: 4s - loss: 1.0816 - accuracy: 0.6287
21/98 [=====>........................] - ETA: 4s - loss: 1.0818 - accuracy: 0.6279
22/98 [=====>........................] - ETA: 4s - loss: 1.0805 - accuracy: 0.6283
23/98 [======>.......................] - ETA: 4s - loss: 1.0835 - accuracy: 0.6274
24/98 [======>.......................] - ETA: 4s - loss: 1.0848 - accuracy: 0.6261
25/98 [======>.......................] - ETA: 4s - loss: 1.0819 - accuracy: 0.6273
26/98 [======>.......................] - ETA: 4s - loss: 1.0795 - accuracy: 0.6280
27/98 [=======>......................] - ETA: 4s - loss: 1.0794 - accuracy: 0.6281
28/98 [=======>......................] - ETA: 4s - loss: 1.0791 - accuracy: 0.6281
29/98 [=======>......................] - ETA: 4s - loss: 1.0772 - accuracy: 0.6293
30/98 [========>.....................] - ETA: 4s - loss: 1.0764 - accuracy: 0.6301
31/98 [========>.....................] - ETA: 4s - loss: 1.0742 - accuracy: 0.6305
32/98 [========>.....................] - ETA: 4s - loss: 1.0731 - accuracy: 0.6310
33/98 [=========>....................] - ETA: 4s - loss: 1.0716 - accuracy: 0.6310
34/98 [=========>....................] - ETA: 3s - loss: 1.0729 - accuracy: 0.6308
35/98 [=========>....................] - ETA: 3s - loss: 1.0726 - accuracy: 0.6308
36/98 [==========>...................] - ETA: 3s - loss: 1.0725 - accuracy: 0.6309
37/98 [==========>...................] - ETA: 3s - loss: 1.0717 - accuracy: 0.6314
38/98 [==========>...................] - ETA: 3s - loss: 1.0707 - accuracy: 0.6310
39/98 [==========>...................] - ETA: 3s - loss: 1.0699 - accuracy: 0.6313
40/98 [===========>..................] - ETA: 3s - loss: 1.0697 - accuracy: 0.6313
41/98 [===========>..................] - ETA: 3s - loss: 1.0716 - accuracy: 0.6305
42/98 [===========>..................] - ETA: 3s - loss: 1.0709 - accuracy: 0.6311
43/98 [============>.................] - ETA: 3s - loss: 1.0699 - accuracy: 0.6317
44/98 [============>.................] - ETA: 3s - loss: 1.0665 - accuracy: 0.6324
46/98 [=============>................] - ETA: 3s - loss: 1.0654 - accuracy: 0.6329
47/98 [=============>................] - ETA: 3s - loss: 1.0631 - accuracy: 0.6339
48/98 [=============>................] - ETA: 3s - loss: 1.0623 - accuracy: 0.6344
49/98 [==============>...............] - ETA: 3s - loss: 1.0623 - accuracy: 0.6337
50/98 [==============>...............] - ETA: 2s - loss: 1.0607 - accuracy: 0.6343
51/98 [==============>...............] - ETA: 2s - loss: 1.0612 - accuracy: 0.6345
52/98 [==============>...............] - ETA: 2s - loss: 1.0597 - accuracy: 0.6347
53/98 [===============>..............] - ETA: 2s - loss: 1.0579 - accuracy: 0.6354
54/98 [===============>..............] - ETA: 2s - loss: 1.0579 - accuracy: 0.6352
55/98 [===============>..............] - ETA: 2s - loss: 1.0573 - accuracy: 0.6351
56/98 [================>.............] - ETA: 2s - loss: 1.0581 - accuracy: 0.6353
57/98 [================>.............] - ETA: 2s - loss: 1.0580 - accuracy: 0.6354
58/98 [================>.............] - ETA: 2s - loss: 1.0579 - accuracy: 0.6351
59/98 [=================>............] - ETA: 2s - loss: 1.0572 - accuracy: 0.6352
60/98 [=================>............] - ETA: 2s - loss: 1.0569 - accuracy: 0.6353
61/98 [=================>............] - ETA: 2s - loss: 1.0560 - accuracy: 0.6358
62/98 [=================>............] - ETA: 2s - loss: 1.0550 - accuracy: 0.6360
63/98 [==================>...........] - ETA: 2s - loss: 1.0547 - accuracy: 0.6362
64/98 [==================>...........] - ETA: 2s - loss: 1.0562 - accuracy: 0.6357
65/98 [==================>...........] - ETA: 2s - loss: 1.0565 - accuracy: 0.6359
66/98 [===================>..........] - ETA: 1s - loss: 1.0573 - accuracy: 0.6357
67/98 [===================>..........] - ETA: 1s - loss: 1.0572 - accuracy: 0.6357
68/98 [===================>..........] - ETA: 1s - loss: 1.0563 - accuracy: 0.6362
70/98 [====================>.........] - ETA: 1s - loss: 1.0546 - accuracy: 0.6364
71/98 [====================>.........] - ETA: 1s - loss: 1.0543 - accuracy: 0.6364
72/98 [=====================>........] - ETA: 1s - loss: 1.0543 - accuracy: 0.6364
73/98 [=====================>........] - ETA: 1s - loss: 1.0545 - accuracy: 0.6365
74/98 [=====================>........] - ETA: 1s - loss: 1.0553 - accuracy: 0.6362
75/98 [=====================>........] - ETA: 1s - loss: 1.0549 - accuracy: 0.6361
76/98 [======================>.......] - ETA: 1s - loss: 1.0536 - accuracy: 0.6366
77/98 [======================>.......] - ETA: 1s - loss: 1.0537 - accuracy: 0.6365
78/98 [======================>.......] - ETA: 1s - loss: 1.0535 - accuracy: 0.6365
79/98 [=======================>......] - ETA: 1s - loss: 1.0541 - accuracy: 0.6364
80/98 [=======================>......] - ETA: 1s - loss: 1.0529 - accuracy: 0.6367
81/98 [=======================>......] - ETA: 1s - loss: 1.0531 - accuracy: 0.6365
82/98 [========================>.....] - ETA: 0s - loss: 1.0525 - accuracy: 0.6368
83/98 [========================>.....] - ETA: 0s - loss: 1.0510 - accuracy: 0.6373
84/98 [========================>.....] - ETA: 0s - loss: 1.0505 - accuracy: 0.6373
85/98 [=========================>....] - ETA: 0s - loss: 1.0502 - accuracy: 0.6373
86/98 [=========================>....] - ETA: 0s - loss: 1.0491 - accuracy: 0.6379
87/98 [=========================>....] - ETA: 0s - loss: 1.0494 - accuracy: 0.6378
89/98 [==========================>...] - ETA: 0s - loss: 1.0501 - accuracy: 0.6377
90/98 [==========================>...] - ETA: 0s - loss: 1.0495 - accuracy: 0.6378
92/98 [===========================>..] - ETA: 0s - loss: 1.0476 - accuracy: 0.6384
93/98 [===========================>..] - ETA: 0s - loss: 1.0482 - accuracy: 0.6379
94/98 [===========================>..] - ETA: 0s - loss: 1.0483 - accuracy: 0.6378
95/98 [============================>.] - ETA: 0s - loss: 1.0476 - accuracy: 0.6381
96/98 [============================>.] - ETA: 0s - loss: 1.0467 - accuracy: 0.6384
97/98 [============================>.] - ETA: 0s - loss: 1.0466 - accuracy: 0.6383
98/98 [==============================] - ETA: 0s - loss: 1.0468 - accuracy: 0.6384
98/98 [==============================] - 7s 70ms/step - loss: 1.0468 - accuracy: 0.6384 - val_loss: 1.6114 - val_accuracy: 0.5453
Epoch 4/109

 1/98 [..............................] - ETA: 9s - loss: 1.0221 - accuracy: 0.6406
 2/98 [..............................] - ETA: 5s - loss: 1.0194 - accuracy: 0.6309
 3/98 [..............................] - ETA: 5s - loss: 0.9951 - accuracy: 0.6471
 5/98 [>.............................] - ETA: 5s - loss: 0.9918 - accuracy: 0.6648
 6/98 [>.............................] - ETA: 5s - loss: 0.9940 - accuracy: 0.6631
 7/98 [=>............................] - ETA: 5s - loss: 0.9931 - accuracy: 0.6602
 8/98 [=>............................] - ETA: 5s - loss: 0.9848 - accuracy: 0.6614
 9/98 [=>............................] - ETA: 5s - loss: 0.9891 - accuracy: 0.6599
10/98 [==>...........................] - ETA: 5s - loss: 0.9848 - accuracy: 0.6617
11/98 [==>...........................] - ETA: 5s - loss: 0.9819 - accuracy: 0.6610
12/98 [==>...........................] - ETA: 5s - loss: 0.9846 - accuracy: 0.6613
13/98 [==>...........................] - ETA: 5s - loss: 0.9816 - accuracy: 0.6614
14/98 [===>..........................] - ETA: 5s - loss: 0.9804 - accuracy: 0.6617
15/98 [===>..........................] - ETA: 5s - loss: 0.9782 - accuracy: 0.6620
16/98 [===>..........................] - ETA: 5s - loss: 0.9781 - accuracy: 0.6624
17/98 [====>.........................] - ETA: 4s - loss: 0.9761 - accuracy: 0.6644
18/98 [====>.........................] - ETA: 4s - loss: 0.9742 - accuracy: 0.6656
19/98 [====>.........................] - ETA: 4s - loss: 0.9739 - accuracy: 0.6651
20/98 [=====>........................] - ETA: 4s - loss: 0.9736 - accuracy: 0.6643
21/98 [=====>........................] - ETA: 4s - loss: 0.9778 - accuracy: 0.6630
22/98 [=====>........................] - ETA: 4s - loss: 0.9747 - accuracy: 0.6642
23/98 [======>.......................] - ETA: 4s - loss: 0.9768 - accuracy: 0.6636
24/98 [======>.......................] - ETA: 4s - loss: 0.9749 - accuracy: 0.6647
25/98 [======>.......................] - ETA: 4s - loss: 0.9727 - accuracy: 0.6657
26/98 [======>.......................] - ETA: 4s - loss: 0.9718 - accuracy: 0.6657
27/98 [=======>......................] - ETA: 4s - loss: 0.9715 - accuracy: 0.6663
28/98 [=======>......................] - ETA: 4s - loss: 0.9694 - accuracy: 0.6665
29/98 [=======>......................] - ETA: 4s - loss: 0.9703 - accuracy: 0.6663
30/98 [========>.....................] - ETA: 4s - loss: 0.9718 - accuracy: 0.6662
31/98 [========>.....................] - ETA: 4s - loss: 0.9699 - accuracy: 0.6677
32/98 [========>.....................] - ETA: 4s - loss: 0.9671 - accuracy: 0.6689
33/98 [=========>....................] - ETA: 4s - loss: 0.9678 - accuracy: 0.6684
34/98 [=========>....................] - ETA: 3s - loss: 0.9678 - accuracy: 0.6690
35/98 [=========>....................] - ETA: 3s - loss: 0.9683 - accuracy: 0.6689
37/98 [==========>...................] - ETA: 3s - loss: 0.9669 - accuracy: 0.6696
38/98 [==========>...................] - ETA: 3s - loss: 0.9669 - accuracy: 0.6695
39/98 [==========>...................] - ETA: 3s - loss: 0.9672 - accuracy: 0.6696
40/98 [===========>..................] - ETA: 3s - loss: 0.9658 - accuracy: 0.6699
41/98 [===========>..................] - ETA: 3s - loss: 0.9661 - accuracy: 0.6695
42/98 [===========>..................] - ETA: 3s - loss: 0.9654 - accuracy: 0.6692
43/98 [============>.................] - ETA: 3s - loss: 0.9655 - accuracy: 0.6688
44/98 [============>.................] - ETA: 3s - loss: 0.9653 - accuracy: 0.6686
45/98 [============>.................] - ETA: 3s - loss: 0.9642 - accuracy: 0.6691
46/98 [=============>................] - ETA: 3s - loss: 0.9632 - accuracy: 0.6697
47/98 [=============>................] - ETA: 3s - loss: 0.9628 - accuracy: 0.6700
48/98 [=============>................] - ETA: 3s - loss: 0.9616 - accuracy: 0.6701
49/98 [==============>...............] - ETA: 3s - loss: 0.9617 - accuracy: 0.6699
50/98 [==============>...............] - ETA: 2s - loss: 0.9605 - accuracy: 0.6704
52/98 [==============>...............] - ETA: 2s - loss: 0.9606 - accuracy: 0.6706
53/98 [===============>..............] - ETA: 2s - loss: 0.9594 - accuracy: 0.6716
54/98 [===============>..............] - ETA: 2s - loss: 0.9577 - accuracy: 0.6722
55/98 [===============>..............] - ETA: 2s - loss: 0.9571 - accuracy: 0.6723
56/98 [================>.............] - ETA: 2s - loss: 0.9582 - accuracy: 0.6720
57/98 [================>.............] - ETA: 2s - loss: 0.9586 - accuracy: 0.6719
58/98 [================>.............] - ETA: 2s - loss: 0.9588 - accuracy: 0.6715
59/98 [=================>............] - ETA: 2s - loss: 0.9573 - accuracy: 0.6718
60/98 [=================>............] - ETA: 2s - loss: 0.9581 - accuracy: 0.6717
61/98 [=================>............] - ETA: 2s - loss: 0.9574 - accuracy: 0.6721
62/98 [=================>............] - ETA: 2s - loss: 0.9572 - accuracy: 0.6722
63/98 [==================>...........] - ETA: 2s - loss: 0.9558 - accuracy: 0.6723
64/98 [==================>...........] - ETA: 2s - loss: 0.9552 - accuracy: 0.6727
65/98 [==================>...........] - ETA: 2s - loss: 0.9552 - accuracy: 0.6727
67/98 [===================>..........] - ETA: 1s - loss: 0.9540 - accuracy: 0.6736
68/98 [===================>..........] - ETA: 1s - loss: 0.9537 - accuracy: 0.6737
69/98 [====================>.........] - ETA: 1s - loss: 0.9533 - accuracy: 0.6737
70/98 [====================>.........] - ETA: 1s - loss: 0.9530 - accuracy: 0.6736
71/98 [====================>.........] - ETA: 1s - loss: 0.9529 - accuracy: 0.6737
72/98 [=====================>........] - ETA: 1s - loss: 0.9537 - accuracy: 0.6736
73/98 [=====================>........] - ETA: 1s - loss: 0.9539 - accuracy: 0.6735
74/98 [=====================>........] - ETA: 1s - loss: 0.9545 - accuracy: 0.6734
75/98 [=====================>........] - ETA: 1s - loss: 0.9541 - accuracy: 0.6733
76/98 [======================>.......] - ETA: 1s - loss: 0.9548 - accuracy: 0.6731
77/98 [======================>.......] - ETA: 1s - loss: 0.9547 - accuracy: 0.6729
78/98 [======================>.......] - ETA: 1s - loss: 0.9540 - accuracy: 0.6734
79/98 [=======================>......] - ETA: 1s - loss: 0.9536 - accuracy: 0.6734
81/98 [=======================>......] - ETA: 1s - loss: 0.9531 - accuracy: 0.6737
82/98 [========================>.....] - ETA: 0s - loss: 0.9527 - accuracy: 0.6738
83/98 [========================>.....] - ETA: 0s - loss: 0.9525 - accuracy: 0.6739
84/98 [========================>.....] - ETA: 0s - loss: 0.9525 - accuracy: 0.6738
85/98 [=========================>....] - ETA: 0s - loss: 0.9515 - accuracy: 0.6739
86/98 [=========================>....] - ETA: 0s - loss: 0.9511 - accuracy: 0.6741
87/98 [=========================>....] - ETA: 0s - loss: 0.9512 - accuracy: 0.6740
88/98 [=========================>....] - ETA: 0s - loss: 0.9505 - accuracy: 0.6744
89/98 [==========================>...] - ETA: 0s - loss: 0.9501 - accuracy: 0.6749
90/98 [==========================>...] - ETA: 0s - loss: 0.9495 - accuracy: 0.6749
91/98 [==========================>...] - ETA: 0s - loss: 0.9489 - accuracy: 0.6753
92/98 [===========================>..] - ETA: 0s - loss: 0.9484 - accuracy: 0.6758
93/98 [===========================>..] - ETA: 0s - loss: 0.9476 - accuracy: 0.6760
94/98 [===========================>..] - ETA: 0s - loss: 0.9470 - accuracy: 0.6761
95/98 [============================>.] - ETA: 0s - loss: 0.9467 - accuracy: 0.6762
97/98 [============================>.] - ETA: 0s - loss: 0.9463 - accuracy: 0.6765
98/98 [==============================] - ETA: 0s - loss: 0.9467 - accuracy: 0.6764
98/98 [==============================] - 7s 69ms/step - loss: 0.9467 - accuracy: 0.6764 - val_loss: 1.3462 - val_accuracy: 0.6037
Epoch 5/109

 1/98 [..............................] - ETA: 4s - loss: 0.8908 - accuracy: 0.6875
 2/98 [..............................] - ETA: 6s - loss: 0.8971 - accuracy: 0.6934
 3/98 [..............................] - ETA: 5s - loss: 0.9148 - accuracy: 0.6904
 4/98 [>.............................] - ETA: 5s - loss: 0.8975 - accuracy: 0.6955
 5/98 [>.............................] - ETA: 5s - loss: 0.8966 - accuracy: 0.6971
 6/98 [>.............................] - ETA: 5s - loss: 0.8984 - accuracy: 0.6934
 7/98 [=>............................] - ETA: 5s - loss: 0.8958 - accuracy: 0.6948
 8/98 [=>............................] - ETA: 5s - loss: 0.8968 - accuracy: 0.6936
 9/98 [=>............................] - ETA: 5s - loss: 0.9008 - accuracy: 0.6911
10/98 [==>...........................] - ETA: 5s - loss: 0.8937 - accuracy: 0.6946
11/98 [==>...........................] - ETA: 5s - loss: 0.8954 - accuracy: 0.6935
12/98 [==>...........................] - ETA: 5s - loss: 0.8957 - accuracy: 0.6922
13/98 [==>...........................] - ETA: 5s - loss: 0.8990 - accuracy: 0.6924
14/98 [===>..........................] - ETA: 5s - loss: 0.8993 - accuracy: 0.6928
16/98 [===>..........................] - ETA: 5s - loss: 0.9020 - accuracy: 0.6905
17/98 [====>.........................] - ETA: 4s - loss: 0.8996 - accuracy: 0.6913
18/98 [====>.........................] - ETA: 4s - loss: 0.9008 - accuracy: 0.6918
19/98 [====>.........................] - ETA: 4s - loss: 0.9007 - accuracy: 0.6926
20/98 [=====>........................] - ETA: 4s - loss: 0.8980 - accuracy: 0.6931
21/98 [=====>........................] - ETA: 4s - loss: 0.8997 - accuracy: 0.6923
22/98 [=====>........................] - ETA: 4s - loss: 0.9031 - accuracy: 0.6903
23/98 [======>.......................] - ETA: 4s - loss: 0.9039 - accuracy: 0.6897
24/98 [======>.......................] - ETA: 4s - loss: 0.9023 - accuracy: 0.6896
25/98 [======>.......................] - ETA: 4s - loss: 0.9021 - accuracy: 0.6905
26/98 [======>.......................] - ETA: 4s - loss: 0.8984 - accuracy: 0.6913
27/98 [=======>......................] - ETA: 4s - loss: 0.8980 - accuracy: 0.6912
28/98 [=======>......................] - ETA: 4s - loss: 0.8960 - accuracy: 0.6919
29/98 [=======>......................] - ETA: 4s - loss: 0.8970 - accuracy: 0.6917
30/98 [========>.....................] - ETA: 4s - loss: 0.8970 - accuracy: 0.6926
31/98 [========>.....................] - ETA: 4s - loss: 0.8947 - accuracy: 0.6937
32/98 [========>.....................] - ETA: 4s - loss: 0.8936 - accuracy: 0.6936
33/98 [=========>....................] - ETA: 4s - loss: 0.8921 - accuracy: 0.6947
35/98 [=========>....................] - ETA: 3s - loss: 0.8911 - accuracy: 0.6959
36/98 [==========>...................] - ETA: 3s - loss: 0.8918 - accuracy: 0.6960
37/98 [==========>...................] - ETA: 3s - loss: 0.8933 - accuracy: 0.6954
38/98 [==========>...................] - ETA: 3s - loss: 0.8926 - accuracy: 0.6955
39/98 [==========>...................] - ETA: 3s - loss: 0.8927 - accuracy: 0.6954
40/98 [===========>..................] - ETA: 3s - loss: 0.8930 - accuracy: 0.6951
41/98 [===========>..................] - ETA: 3s - loss: 0.8924 - accuracy: 0.6949
42/98 [===========>..................] - ETA: 3s - loss: 0.8917 - accuracy: 0.6951
43/98 [============>.................] - ETA: 3s - loss: 0.8916 - accuracy: 0.6959
44/98 [============>.................] - ETA: 3s - loss: 0.8907 - accuracy: 0.6962
45/98 [============>.................] - ETA: 3s - loss: 0.8903 - accuracy: 0.6966
46/98 [=============>................] - ETA: 3s - loss: 0.8902 - accuracy: 0.6965
47/98 [=============>................] - ETA: 3s - loss: 0.8897 - accuracy: 0.6966
48/98 [=============>................] - ETA: 3s - loss: 0.8901 - accuracy: 0.6966
49/98 [==============>...............] - ETA: 3s - loss: 0.8898 - accuracy: 0.6967
50/98 [==============>...............] - ETA: 2s - loss: 0.8894 - accuracy: 0.6969
51/98 [==============>...............] - ETA: 2s - loss: 0.8900 - accuracy: 0.6967
52/98 [==============>...............] - ETA: 2s - loss: 0.8902 - accuracy: 0.6962
53/98 [===============>..............] - ETA: 2s - loss: 0.8913 - accuracy: 0.6958
54/98 [===============>..............] - ETA: 2s - loss: 0.8901 - accuracy: 0.6963
55/98 [===============>..............] - ETA: 2s - loss: 0.8903 - accuracy: 0.6961
56/98 [================>.............] - ETA: 2s - loss: 0.8894 - accuracy: 0.6962
58/98 [================>.............] - ETA: 2s - loss: 0.8913 - accuracy: 0.6956
59/98 [=================>............] - ETA: 2s - loss: 0.8909 - accuracy: 0.6957
60/98 [=================>............] - ETA: 2s - loss: 0.8896 - accuracy: 0.6960
61/98 [=================>............] - ETA: 2s - loss: 0.8881 - accuracy: 0.6968
62/98 [=================>............] - ETA: 2s - loss: 0.8877 - accuracy: 0.6968
63/98 [==================>...........] - ETA: 2s - loss: 0.8886 - accuracy: 0.6964
64/98 [==================>...........] - ETA: 2s - loss: 0.8881 - accuracy: 0.6966
65/98 [==================>...........] - ETA: 2s - loss: 0.8873 - accuracy: 0.6969
66/98 [===================>..........] - ETA: 1s - loss: 0.8882 - accuracy: 0.6967
67/98 [===================>..........] - ETA: 1s - loss: 0.8883 - accuracy: 0.6967
68/98 [===================>..........] - ETA: 1s - loss: 0.8880 - accuracy: 0.6968
69/98 [====================>.........] - ETA: 1s - loss: 0.8876 - accuracy: 0.6970
70/98 [====================>.........] - ETA: 1s - loss: 0.8870 - accuracy: 0.6972
72/98 [=====================>........] - ETA: 1s - loss: 0.8880 - accuracy: 0.6970
74/98 [=====================>........] - ETA: 1s - loss: 0.8877 - accuracy: 0.6966
76/98 [======================>.......] - ETA: 1s - loss: 0.8858 - accuracy: 0.6977
78/98 [======================>.......] - ETA: 1s - loss: 0.8861 - accuracy: 0.6975
79/98 [=======================>......] - ETA: 1s - loss: 0.8858 - accuracy: 0.6978
81/98 [=======================>......] - ETA: 1s - loss: 0.8837 - accuracy: 0.6985
82/98 [========================>.....] - ETA: 0s - loss: 0.8830 - accuracy: 0.6985
83/98 [========================>.....] - ETA: 0s - loss: 0.8825 - accuracy: 0.6986
85/98 [=========================>....] - ETA: 0s - loss: 0.8821 - accuracy: 0.6988
86/98 [=========================>....] - ETA: 0s - loss: 0.8812 - accuracy: 0.6992
88/98 [=========================>....] - ETA: 0s - loss: 0.8806 - accuracy: 0.6994
