2024-06-25 15:12:59.056293: I tensorflow/core/platform/cpu_feature_guard.cc:193] This TensorFlow binary is optimized with oneAPI Deep Neural Network Library (oneDNN) to use the following CPU instructions in performance-critical operations:  AVX AVX2
To enable them in other operations, rebuild TensorFlow with the appropriate compiler flags.
2024-06-25 15:12:59.664040: I tensorflow/core/common_runtime/gpu/gpu_device.cc:1616] Created device /job:localhost/replica:0/task:0/device:GPU:0 with 6656 MB memory:  -> device: 0, name: NVIDIA GeForce RTX 4060 Ti, pci bus id: 0000:01:00.0, compute capability: 8.9
1 Physical GPUs, 1 Logical GPUs
Model: "sequential"
_________________________________________________________________
 Layer (type)                Output Shape              Param #   
=================================================================
 conv2d (Conv2D)             (None, 32, 32, 32)        896       
                                                                 
 max_pooling2d (MaxPooling2D  (None, 16, 16, 32)       0         
 )                                                               
                                                                 
 batch_normalization (BatchN  (None, 16, 16, 32)       128       
 ormalization)                                                   
                                                                 
 conv2d_1 (Conv2D)           (None, 16, 16, 256)       205056    
                                                                 
 dropout (Dropout)           (None, 16, 16, 256)       0         
                                                                 
 flatten (Flatten)           (None, 65536)             0         
                                                                 
 dense (Dense)               (None, 10)                655370    
                                                                 
=================================================================
Total params: 861,450
Trainable params: 861,386
Non-trainable params: 64
_________________________________________________________________
Taxa de aprendizado:  0.0001 Num de épocas:  109 Tamanho do lote:  512 Dropout:  0.26488
Epoch 1/109
2024-06-25 15:13:01.024048: I tensorflow/stream_executor/cuda/cuda_dnn.cc:384] Loaded cuDNN version 8100
2024-06-25 15:13:01.912728: W tensorflow/stream_executor/gpu/redzone_allocator.cc:314] INTERNAL: ptxas exited with non-zero error code -1, output: 
Relying on driver to perform ptx compilation. 
Modify $PATH to customize ptxas location.
This message will be only logged once.
2024-06-25 15:13:02.953160: I tensorflow/stream_executor/cuda/cuda_blas.cc:1614] TensorFloat-32 will be used for the matrix multiplication. This will only be logged once.

 1/98 [..............................] - ETA: 7:12 - loss: 2.3973 - accuracy: 0.0879
 2/98 [..............................] - ETA: 7s - loss: 2.3252 - accuracy: 0.1250  
 4/98 [>.............................] - ETA: 4s - loss: 2.2272 - accuracy: 0.1807
 6/98 [>.............................] - ETA: 4s - loss: 2.1541 - accuracy: 0.2210
 8/98 [=>............................] - ETA: 3s - loss: 2.1062 - accuracy: 0.2468
 9/98 [=>............................] - ETA: 3s - loss: 2.0837 - accuracy: 0.2552
11/98 [==>...........................] - ETA: 3s - loss: 2.0448 - accuracy: 0.2736
13/98 [==>...........................] - ETA: 3s - loss: 2.0129 - accuracy: 0.2874
15/98 [===>..........................] - ETA: 3s - loss: 1.9853 - accuracy: 0.2999
17/98 [====>.........................] - ETA: 3s - loss: 1.9588 - accuracy: 0.3101
19/98 [====>.........................] - ETA: 3s - loss: 1.9312 - accuracy: 0.3198
21/98 [=====>........................] - ETA: 3s - loss: 1.9074 - accuracy: 0.3291
23/98 [======>.......................] - ETA: 3s - loss: 1.8936 - accuracy: 0.3346
25/98 [======>.......................] - ETA: 3s - loss: 1.8760 - accuracy: 0.3418
26/98 [======>.......................] - ETA: 3s - loss: 1.8650 - accuracy: 0.3459
28/98 [=======>......................] - ETA: 3s - loss: 1.8521 - accuracy: 0.3507
30/98 [========>.....................] - ETA: 3s - loss: 1.8348 - accuracy: 0.3559
32/98 [========>.....................] - ETA: 3s - loss: 1.8204 - accuracy: 0.3616
33/98 [=========>....................] - ETA: 3s - loss: 1.8152 - accuracy: 0.3640
34/98 [=========>....................] - ETA: 3s - loss: 1.8100 - accuracy: 0.3653
35/98 [=========>....................] - ETA: 3s - loss: 1.8033 - accuracy: 0.3671
36/98 [==========>...................] - ETA: 3s - loss: 1.7981 - accuracy: 0.3690
37/98 [==========>...................] - ETA: 3s - loss: 1.7903 - accuracy: 0.3717
38/98 [==========>...................] - ETA: 3s - loss: 1.7823 - accuracy: 0.3749
39/98 [==========>...................] - ETA: 3s - loss: 1.7764 - accuracy: 0.3770
40/98 [===========>..................] - ETA: 3s - loss: 1.7724 - accuracy: 0.3784
41/98 [===========>..................] - ETA: 3s - loss: 1.7680 - accuracy: 0.3804
42/98 [===========>..................] - ETA: 3s - loss: 1.7616 - accuracy: 0.3819
43/98 [============>.................] - ETA: 3s - loss: 1.7559 - accuracy: 0.3841
44/98 [============>.................] - ETA: 3s - loss: 1.7513 - accuracy: 0.3858
45/98 [============>.................] - ETA: 3s - loss: 1.7453 - accuracy: 0.3883
46/98 [=============>................] - ETA: 2s - loss: 1.7399 - accuracy: 0.3900
47/98 [=============>................] - ETA: 2s - loss: 1.7347 - accuracy: 0.3922
48/98 [=============>................] - ETA: 2s - loss: 1.7314 - accuracy: 0.3932
49/98 [==============>...............] - ETA: 2s - loss: 1.7268 - accuracy: 0.3947
50/98 [==============>...............] - ETA: 2s - loss: 1.7225 - accuracy: 0.3952
51/98 [==============>...............] - ETA: 2s - loss: 1.7184 - accuracy: 0.3967
52/98 [==============>...............] - ETA: 2s - loss: 1.7156 - accuracy: 0.3978
53/98 [===============>..............] - ETA: 2s - loss: 1.7121 - accuracy: 0.3991
54/98 [===============>..............] - ETA: 2s - loss: 1.7080 - accuracy: 0.4004
56/98 [================>.............] - ETA: 2s - loss: 1.7002 - accuracy: 0.4026
58/98 [================>.............] - ETA: 2s - loss: 1.6926 - accuracy: 0.4058
59/98 [=================>............] - ETA: 2s - loss: 1.6907 - accuracy: 0.4068
61/98 [=================>............] - ETA: 2s - loss: 1.6839 - accuracy: 0.4085
63/98 [==================>...........] - ETA: 2s - loss: 1.6774 - accuracy: 0.4112
64/98 [==================>...........] - ETA: 1s - loss: 1.6734 - accuracy: 0.4127
66/98 [===================>..........] - ETA: 1s - loss: 1.6673 - accuracy: 0.4152
68/98 [===================>..........] - ETA: 1s - loss: 1.6620 - accuracy: 0.4167
69/98 [====================>.........] - ETA: 1s - loss: 1.6587 - accuracy: 0.4181
71/98 [====================>.........] - ETA: 1s - loss: 1.6529 - accuracy: 0.4204
73/98 [=====================>........] - ETA: 1s - loss: 1.6471 - accuracy: 0.4223
74/98 [=====================>........] - ETA: 1s - loss: 1.6447 - accuracy: 0.4229
75/98 [=====================>........] - ETA: 1s - loss: 1.6429 - accuracy: 0.4236
76/98 [======================>.......] - ETA: 1s - loss: 1.6395 - accuracy: 0.4247
77/98 [======================>.......] - ETA: 1s - loss: 1.6347 - accuracy: 0.4264
78/98 [======================>.......] - ETA: 1s - loss: 1.6327 - accuracy: 0.4273
79/98 [=======================>......] - ETA: 1s - loss: 1.6290 - accuracy: 0.4286
80/98 [=======================>......] - ETA: 1s - loss: 1.6271 - accuracy: 0.4292
81/98 [=======================>......] - ETA: 0s - loss: 1.6245 - accuracy: 0.4300
82/98 [========================>.....] - ETA: 0s - loss: 1.6223 - accuracy: 0.4308
83/98 [========================>.....] - ETA: 0s - loss: 1.6192 - accuracy: 0.4322
84/98 [========================>.....] - ETA: 1s - loss: 1.6168 - accuracy: 0.4330
86/98 [=========================>....] - ETA: 0s - loss: 1.6122 - accuracy: 0.4341
88/98 [=========================>....] - ETA: 0s - loss: 1.6064 - accuracy: 0.4357
90/98 [==========================>...] - ETA: 0s - loss: 1.6014 - accuracy: 0.4372
92/98 [===========================>..] - ETA: 0s - loss: 1.5972 - accuracy: 0.4381
94/98 [===========================>..] - ETA: 0s - loss: 1.5923 - accuracy: 0.4396
96/98 [============================>.] - ETA: 0s - loss: 1.5877 - accuracy: 0.4412
98/98 [==============================] - ETA: 0s - loss: 1.5835 - accuracy: 0.4426
98/98 [==============================] - 12s 81ms/step - loss: 1.5835 - accuracy: 0.4426 - val_loss: 2.0675 - val_accuracy: 0.3116
Epoch 2/109

 1/98 [..............................] - ETA: 7s - loss: 1.2593 - accuracy: 0.5547
 3/98 [..............................] - ETA: 4s - loss: 1.2612 - accuracy: 0.5612
 5/98 [>.............................] - ETA: 4s - loss: 1.2584 - accuracy: 0.5660
 6/98 [>.............................] - ETA: 4s - loss: 1.2762 - accuracy: 0.5583
 8/98 [=>............................] - ETA: 4s - loss: 1.2978 - accuracy: 0.5442
10/98 [==>...........................] - ETA: 4s - loss: 1.3014 - accuracy: 0.5424
12/98 [==>...........................] - ETA: 4s - loss: 1.3025 - accuracy: 0.5394
14/98 [===>..........................] - ETA: 4s - loss: 1.3023 - accuracy: 0.5386
15/98 [===>..........................] - ETA: 4s - loss: 1.3053 - accuracy: 0.5362
16/98 [===>..........................] - ETA: 4s - loss: 1.3014 - accuracy: 0.5369
18/98 [====>.........................] - ETA: 3s - loss: 1.2982 - accuracy: 0.5394
20/98 [=====>........................] - ETA: 3s - loss: 1.2968 - accuracy: 0.5404
21/98 [=====>........................] - ETA: 4s - loss: 1.2959 - accuracy: 0.5415
22/98 [=====>........................] - ETA: 4s - loss: 1.2958 - accuracy: 0.5407
23/98 [======>.......................] - ETA: 4s - loss: 1.2929 - accuracy: 0.5427
24/98 [======>.......................] - ETA: 4s - loss: 1.2911 - accuracy: 0.5444
25/98 [======>.......................] - ETA: 4s - loss: 1.2897 - accuracy: 0.5449
26/98 [======>.......................] - ETA: 4s - loss: 1.2887 - accuracy: 0.5454
27/98 [=======>......................] - ETA: 4s - loss: 1.2897 - accuracy: 0.5446
28/98 [=======>......................] - ETA: 4s - loss: 1.2897 - accuracy: 0.5440
29/98 [=======>......................] - ETA: 4s - loss: 1.2875 - accuracy: 0.5454
30/98 [========>.....................] - ETA: 4s - loss: 1.2856 - accuracy: 0.5460
31/98 [========>.....................] - ETA: 4s - loss: 1.2845 - accuracy: 0.5471
32/98 [========>.....................] - ETA: 4s - loss: 1.2810 - accuracy: 0.5476
33/98 [=========>....................] - ETA: 4s - loss: 1.2806 - accuracy: 0.5479
34/98 [=========>....................] - ETA: 3s - loss: 1.2810 - accuracy: 0.5483
35/98 [=========>....................] - ETA: 3s - loss: 1.2822 - accuracy: 0.5484
36/98 [==========>...................] - ETA: 3s - loss: 1.2805 - accuracy: 0.5486
37/98 [==========>...................] - ETA: 3s - loss: 1.2776 - accuracy: 0.5491
38/98 [==========>...................] - ETA: 3s - loss: 1.2770 - accuracy: 0.5491
39/98 [==========>...................] - ETA: 3s - loss: 1.2771 - accuracy: 0.5486
40/98 [===========>..................] - ETA: 3s - loss: 1.2758 - accuracy: 0.5491
41/98 [===========>..................] - ETA: 3s - loss: 1.2742 - accuracy: 0.5494
43/98 [============>.................] - ETA: 3s - loss: 1.2740 - accuracy: 0.5497
44/98 [============>.................] - ETA: 3s - loss: 1.2743 - accuracy: 0.5494
46/98 [=============>................] - ETA: 3s - loss: 1.2741 - accuracy: 0.5492
48/98 [=============>................] - ETA: 3s - loss: 1.2723 - accuracy: 0.5498
49/98 [==============>...............] - ETA: 3s - loss: 1.2722 - accuracy: 0.5497
51/98 [==============>...............] - ETA: 2s - loss: 1.2699 - accuracy: 0.5509
53/98 [===============>..............] - ETA: 2s - loss: 1.2688 - accuracy: 0.5518
55/98 [===============>..............] - ETA: 2s - loss: 1.2660 - accuracy: 0.5526
57/98 [================>.............] - ETA: 2s - loss: 1.2642 - accuracy: 0.5539
58/98 [================>.............] - ETA: 2s - loss: 1.2646 - accuracy: 0.5538
60/98 [=================>............] - ETA: 2s - loss: 1.2631 - accuracy: 0.5546
62/98 [=================>............] - ETA: 2s - loss: 1.2608 - accuracy: 0.5551
63/98 [==================>...........] - ETA: 2s - loss: 1.2600 - accuracy: 0.5553
64/98 [==================>...........] - ETA: 2s - loss: 1.2598 - accuracy: 0.5549
65/98 [==================>...........] - ETA: 1s - loss: 1.2588 - accuracy: 0.5553
66/98 [===================>..........] - ETA: 1s - loss: 1.2577 - accuracy: 0.5562
67/98 [===================>..........] - ETA: 1s - loss: 1.2574 - accuracy: 0.5562
68/98 [===================>..........] - ETA: 1s - loss: 1.2560 - accuracy: 0.5564
69/98 [====================>.........] - ETA: 1s - loss: 1.2553 - accuracy: 0.5568
70/98 [====================>.........] - ETA: 1s - loss: 1.2558 - accuracy: 0.5563
71/98 [====================>.........] - ETA: 1s - loss: 1.2562 - accuracy: 0.5564
72/98 [=====================>........] - ETA: 1s - loss: 1.2554 - accuracy: 0.5569
73/98 [=====================>........] - ETA: 1s - loss: 1.2550 - accuracy: 0.5571
74/98 [=====================>........] - ETA: 1s - loss: 1.2553 - accuracy: 0.5572
75/98 [=====================>........] - ETA: 1s - loss: 1.2546 - accuracy: 0.5574
76/98 [======================>.......] - ETA: 1s - loss: 1.2538 - accuracy: 0.5581
77/98 [======================>.......] - ETA: 1s - loss: 1.2526 - accuracy: 0.5583
78/98 [======================>.......] - ETA: 1s - loss: 1.2524 - accuracy: 0.5584
79/98 [=======================>......] - ETA: 1s - loss: 1.2512 - accuracy: 0.5591
80/98 [=======================>......] - ETA: 1s - loss: 1.2512 - accuracy: 0.5597
81/98 [=======================>......] - ETA: 1s - loss: 1.2505 - accuracy: 0.5599
82/98 [========================>.....] - ETA: 1s - loss: 1.2495 - accuracy: 0.5600
83/98 [========================>.....] - ETA: 0s - loss: 1.2490 - accuracy: 0.5601
85/98 [=========================>....] - ETA: 0s - loss: 1.2475 - accuracy: 0.5607
87/98 [=========================>....] - ETA: 0s - loss: 1.2453 - accuracy: 0.5617
88/98 [=========================>....] - ETA: 0s - loss: 1.2448 - accuracy: 0.5621
90/98 [==========================>...] - ETA: 0s - loss: 1.2436 - accuracy: 0.5627
92/98 [===========================>..] - ETA: 0s - loss: 1.2422 - accuracy: 0.5632
94/98 [===========================>..] - ETA: 0s - loss: 1.2405 - accuracy: 0.5637
96/98 [============================>.] - ETA: 0s - loss: 1.2394 - accuracy: 0.5645
98/98 [==============================] - ETA: 0s - loss: 1.2379 - accuracy: 0.5650
98/98 [==============================] - 7s 69ms/step - loss: 1.2379 - accuracy: 0.5650 - val_loss: 1.9197 - val_accuracy: 0.3223
Epoch 3/109

 1/98 [..............................] - ETA: 7s - loss: 1.1412 - accuracy: 0.5859
 2/98 [..............................] - ETA: 7s - loss: 1.0908 - accuracy: 0.6084
 3/98 [..............................] - ETA: 7s - loss: 1.1170 - accuracy: 0.5977
 4/98 [>.............................] - ETA: 7s - loss: 1.1248 - accuracy: 0.5972
 5/98 [>.............................] - ETA: 7s - loss: 1.1188 - accuracy: 0.5992
 6/98 [>.............................] - ETA: 7s - loss: 1.1045 - accuracy: 0.6117
 8/98 [=>............................] - ETA: 6s - loss: 1.1067 - accuracy: 0.6138
 9/98 [=>............................] - ETA: 6s - loss: 1.1127 - accuracy: 0.6126
11/98 [==>...........................] - ETA: 6s - loss: 1.1059 - accuracy: 0.6147
13/98 [==>...........................] - ETA: 5s - loss: 1.1026 - accuracy: 0.6145
15/98 [===>..........................] - ETA: 5s - loss: 1.1025 - accuracy: 0.6146
16/98 [===>..........................] - ETA: 5s - loss: 1.0986 - accuracy: 0.6166
18/98 [====>.........................] - ETA: 4s - loss: 1.1027 - accuracy: 0.6145
20/98 [=====>........................] - ETA: 4s - loss: 1.1089 - accuracy: 0.6118
21/98 [=====>........................] - ETA: 4s - loss: 1.1090 - accuracy: 0.6112
23/98 [======>.......................] - ETA: 4s - loss: 1.1097 - accuracy: 0.6109
25/98 [======>.......................] - ETA: 4s - loss: 1.1065 - accuracy: 0.6128
26/98 [======>.......................] - ETA: 4s - loss: 1.1044 - accuracy: 0.6134
28/98 [=======>......................] - ETA: 4s - loss: 1.1028 - accuracy: 0.6136
30/98 [========>.....................] - ETA: 3s - loss: 1.1062 - accuracy: 0.6123
31/98 [========>.....................] - ETA: 3s - loss: 1.1056 - accuracy: 0.6131
32/98 [========>.....................] - ETA: 3s - loss: 1.1020 - accuracy: 0.6146
33/98 [=========>....................] - ETA: 3s - loss: 1.1005 - accuracy: 0.6150
34/98 [=========>....................] - ETA: 3s - loss: 1.1023 - accuracy: 0.6154
35/98 [=========>....................] - ETA: 3s - loss: 1.1040 - accuracy: 0.6150
36/98 [==========>...................] - ETA: 3s - loss: 1.1039 - accuracy: 0.6150
37/98 [==========>...................] - ETA: 3s - loss: 1.1023 - accuracy: 0.6150
38/98 [==========>...................] - ETA: 3s - loss: 1.1008 - accuracy: 0.6162
39/98 [==========>...................] - ETA: 3s - loss: 1.0992 - accuracy: 0.6170
40/98 [===========>..................] - ETA: 3s - loss: 1.0991 - accuracy: 0.6173
41/98 [===========>..................] - ETA: 3s - loss: 1.0974 - accuracy: 0.6175
42/98 [===========>..................] - ETA: 3s - loss: 1.0977 - accuracy: 0.6175
43/98 [============>.................] - ETA: 3s - loss: 1.0957 - accuracy: 0.6183
44/98 [============>.................] - ETA: 3s - loss: 1.0943 - accuracy: 0.6192
45/98 [============>.................] - ETA: 3s - loss: 1.0933 - accuracy: 0.6195
46/98 [=============>................] - ETA: 3s - loss: 1.0946 - accuracy: 0.6192
47/98 [=============>................] - ETA: 3s - loss: 1.0944 - accuracy: 0.6201
48/98 [=============>................] - ETA: 3s - loss: 1.0946 - accuracy: 0.6200
49/98 [==============>...............] - ETA: 3s - loss: 1.0949 - accuracy: 0.6196
50/98 [==============>...............] - ETA: 3s - loss: 1.0951 - accuracy: 0.6198
51/98 [==============>...............] - ETA: 3s - loss: 1.0963 - accuracy: 0.6198
52/98 [==============>...............] - ETA: 2s - loss: 1.0968 - accuracy: 0.6193
54/98 [===============>..............] - ETA: 2s - loss: 1.0972 - accuracy: 0.6191
55/98 [===============>..............] - ETA: 2s - loss: 1.0957 - accuracy: 0.6195
57/98 [================>.............] - ETA: 2s - loss: 1.0940 - accuracy: 0.6205
59/98 [=================>............] - ETA: 2s - loss: 1.0933 - accuracy: 0.6206
61/98 [=================>............] - ETA: 2s - loss: 1.0913 - accuracy: 0.6211
63/98 [==================>...........] - ETA: 2s - loss: 1.0916 - accuracy: 0.6209
65/98 [==================>...........] - ETA: 2s - loss: 1.0922 - accuracy: 0.6208
67/98 [===================>..........] - ETA: 1s - loss: 1.0925 - accuracy: 0.6208
69/98 [====================>.........] - ETA: 1s - loss: 1.0905 - accuracy: 0.6217
71/98 [====================>.........] - ETA: 1s - loss: 1.0897 - accuracy: 0.6217
73/98 [=====================>........] - ETA: 1s - loss: 1.0892 - accuracy: 0.6219
74/98 [=====================>........] - ETA: 1s - loss: 1.0892 - accuracy: 0.6222
75/98 [=====================>........] - ETA: 1s - loss: 1.0889 - accuracy: 0.6223
76/98 [======================>.......] - ETA: 1s - loss: 1.0883 - accuracy: 0.6223
77/98 [======================>.......] - ETA: 1s - loss: 1.0896 - accuracy: 0.6219
78/98 [======================>.......] - ETA: 1s - loss: 1.0898 - accuracy: 0.6218
79/98 [=======================>......] - ETA: 1s - loss: 1.0895 - accuracy: 0.6220
80/98 [=======================>......] - ETA: 1s - loss: 1.0894 - accuracy: 0.6220
81/98 [=======================>......] - ETA: 1s - loss: 1.0895 - accuracy: 0.6218
82/98 [========================>.....] - ETA: 1s - loss: 1.0898 - accuracy: 0.6216
83/98 [========================>.....] - ETA: 0s - loss: 1.0899 - accuracy: 0.6216
84/98 [========================>.....] - ETA: 0s - loss: 1.0900 - accuracy: 0.6212
85/98 [=========================>....] - ETA: 0s - loss: 1.0894 - accuracy: 0.6214
86/98 [=========================>....] - ETA: 0s - loss: 1.0892 - accuracy: 0.6214
87/98 [=========================>....] - ETA: 0s - loss: 1.0893 - accuracy: 0.6215
88/98 [=========================>....] - ETA: 0s - loss: 1.0894 - accuracy: 0.6213
89/98 [==========================>...] - ETA: 0s - loss: 1.0888 - accuracy: 0.6217
90/98 [==========================>...] - ETA: 0s - loss: 1.0886 - accuracy: 0.6216
91/98 [==========================>...] - ETA: 0s - loss: 1.0884 - accuracy: 0.6217
92/98 [===========================>..] - ETA: 0s - loss: 1.0889 - accuracy: 0.6213
93/98 [===========================>..] - ETA: 0s - loss: 1.0886 - accuracy: 0.6217
94/98 [===========================>..] - ETA: 0s - loss: 1.0885 - accuracy: 0.6217
96/98 [============================>.] - ETA: 0s - loss: 1.0890 - accuracy: 0.6214
98/98 [==============================] - ETA: 0s - loss: 1.0879 - accuracy: 0.6220
98/98 [==============================] - 7s 71ms/step - loss: 1.0879 - accuracy: 0.6220 - val_loss: 1.7607 - val_accuracy: 0.3764
Epoch 4/109

 1/98 [..............................] - ETA: 9s - loss: 1.0062 - accuracy: 0.6465
 2/98 [..............................] - ETA: 6s - loss: 0.9985 - accuracy: 0.6504
 3/98 [..............................] - ETA: 6s - loss: 0.9910 - accuracy: 0.6504
 4/98 [>.............................] - ETA: 6s - loss: 0.9951 - accuracy: 0.6514
 5/98 [>.............................] - ETA: 6s - loss: 0.9988 - accuracy: 0.6473
 6/98 [>.............................] - ETA: 6s - loss: 0.9975 - accuracy: 0.6478
 7/98 [=>............................] - ETA: 6s - loss: 0.9969 - accuracy: 0.6532
 8/98 [=>............................] - ETA: 6s - loss: 1.0016 - accuracy: 0.6521
 9/98 [=>............................] - ETA: 6s - loss: 1.0052 - accuracy: 0.6487
10/98 [==>...........................] - ETA: 6s - loss: 1.0059 - accuracy: 0.6492
11/98 [==>...........................] - ETA: 6s - loss: 1.0071 - accuracy: 0.6511
12/98 [==>...........................] - ETA: 6s - loss: 1.0098 - accuracy: 0.6496
13/98 [==>...........................] - ETA: 6s - loss: 1.0122 - accuracy: 0.6481
14/98 [===>..........................] - ETA: 6s - loss: 1.0094 - accuracy: 0.6490
15/98 [===>..........................] - ETA: 6s - loss: 1.0108 - accuracy: 0.6474
16/98 [===>..........................] - ETA: 6s - loss: 1.0101 - accuracy: 0.6467
17/98 [====>.........................] - ETA: 6s - loss: 1.0092 - accuracy: 0.6473
18/98 [====>.........................] - ETA: 6s - loss: 1.0093 - accuracy: 0.6457
20/98 [=====>........................] - ETA: 5s - loss: 1.0053 - accuracy: 0.6475
22/98 [=====>........................] - ETA: 5s - loss: 1.0057 - accuracy: 0.6474
24/98 [======>.......................] - ETA: 5s - loss: 1.0075 - accuracy: 0.6471
26/98 [======>.......................] - ETA: 4s - loss: 1.0079 - accuracy: 0.6466
28/98 [=======>......................] - ETA: 4s - loss: 1.0057 - accuracy: 0.6480
30/98 [========>.....................] - ETA: 4s - loss: 1.0052 - accuracy: 0.6471
32/98 [========>.....................] - ETA: 4s - loss: 1.0064 - accuracy: 0.6475
33/98 [=========>....................] - ETA: 4s - loss: 1.0054 - accuracy: 0.6484
34/98 [=========>....................] - ETA: 4s - loss: 1.0021 - accuracy: 0.6496
36/98 [==========>...................] - ETA: 3s - loss: 1.0032 - accuracy: 0.6493
38/98 [==========>...................] - ETA: 3s - loss: 1.0012 - accuracy: 0.6492
39/98 [==========>...................] - ETA: 3s - loss: 1.0016 - accuracy: 0.6490
40/98 [===========>..................] - ETA: 3s - loss: 1.0011 - accuracy: 0.6491
41/98 [===========>..................] - ETA: 3s - loss: 1.0045 - accuracy: 0.6478
42/98 [===========>..................] - ETA: 3s - loss: 1.0034 - accuracy: 0.6486
43/98 [============>.................] - ETA: 3s - loss: 1.0027 - accuracy: 0.6495
44/98 [============>.................] - ETA: 3s - loss: 1.0018 - accuracy: 0.6499
45/98 [============>.................] - ETA: 3s - loss: 1.0017 - accuracy: 0.6504
46/98 [=============>................] - ETA: 3s - loss: 1.0014 - accuracy: 0.6506
47/98 [=============>................] - ETA: 3s - loss: 1.0001 - accuracy: 0.6513
48/98 [=============>................] - ETA: 3s - loss: 0.9992 - accuracy: 0.6520
49/98 [==============>...............] - ETA: 3s - loss: 0.9996 - accuracy: 0.6521
50/98 [==============>...............] - ETA: 3s - loss: 0.9995 - accuracy: 0.6522
51/98 [==============>...............] - ETA: 3s - loss: 0.9993 - accuracy: 0.6523
52/98 [==============>...............] - ETA: 3s - loss: 0.9986 - accuracy: 0.6529
53/98 [===============>..............] - ETA: 2s - loss: 0.9979 - accuracy: 0.6532
54/98 [===============>..............] - ETA: 2s - loss: 0.9981 - accuracy: 0.6531
55/98 [===============>..............] - ETA: 2s - loss: 0.9974 - accuracy: 0.6531
56/98 [================>.............] - ETA: 2s - loss: 0.9973 - accuracy: 0.6531
57/98 [================>.............] - ETA: 2s - loss: 0.9966 - accuracy: 0.6539
58/98 [================>.............] - ETA: 2s - loss: 0.9980 - accuracy: 0.6533
59/98 [=================>............] - ETA: 2s - loss: 0.9962 - accuracy: 0.6539
60/98 [=================>............] - ETA: 2s - loss: 0.9957 - accuracy: 0.6543
62/98 [=================>............] - ETA: 2s - loss: 0.9935 - accuracy: 0.6551
63/98 [==================>...........] - ETA: 2s - loss: 0.9917 - accuracy: 0.6556
65/98 [==================>...........] - ETA: 2s - loss: 0.9905 - accuracy: 0.6564
67/98 [===================>..........] - ETA: 2s - loss: 0.9887 - accuracy: 0.6571
68/98 [===================>..........] - ETA: 1s - loss: 0.9883 - accuracy: 0.6574
70/98 [====================>.........] - ETA: 1s - loss: 0.9887 - accuracy: 0.6570
72/98 [=====================>........] - ETA: 1s - loss: 0.9875 - accuracy: 0.6574
74/98 [=====================>........] - ETA: 1s - loss: 0.9872 - accuracy: 0.6580
76/98 [======================>.......] - ETA: 1s - loss: 0.9870 - accuracy: 0.6576
78/98 [======================>.......] - ETA: 1s - loss: 0.9857 - accuracy: 0.6584
79/98 [=======================>......] - ETA: 1s - loss: 0.9855 - accuracy: 0.6585
81/98 [=======================>......] - ETA: 1s - loss: 0.9846 - accuracy: 0.6590
82/98 [========================>.....] - ETA: 1s - loss: 0.9845 - accuracy: 0.6592
83/98 [========================>.....] - ETA: 0s - loss: 0.9847 - accuracy: 0.6592
84/98 [========================>.....] - ETA: 0s - loss: 0.9836 - accuracy: 0.6594
85/98 [=========================>....] - ETA: 0s - loss: 0.9839 - accuracy: 0.6591
86/98 [=========================>....] - ETA: 0s - loss: 0.9844 - accuracy: 0.6590
87/98 [=========================>....] - ETA: 0s - loss: 0.9840 - accuracy: 0.6590
88/98 [=========================>....] - ETA: 0s - loss: 0.9830 - accuracy: 0.6595
89/98 [==========================>...] - ETA: 0s - loss: 0.9836 - accuracy: 0.6595
90/98 [==========================>...] - ETA: 0s - loss: 0.9837 - accuracy: 0.6593
91/98 [==========================>...] - ETA: 0s - loss: 0.9834 - accuracy: 0.6595
92/98 [===========================>..] - ETA: 0s - loss: 0.9832 - accuracy: 0.6595
93/98 [===========================>..] - ETA: 0s - loss: 0.9842 - accuracy: 0.6595
94/98 [===========================>..] - ETA: 0s - loss: 0.9839 - accuracy: 0.6596
95/98 [============================>.] - ETA: 0s - loss: 0.9839 - accuracy: 0.6596
96/98 [============================>.] - ETA: 0s - loss: 0.9833 - accuracy: 0.6598
98/98 [==============================] - ETA: 0s - loss: 0.9830 - accuracy: 0.6601
98/98 [==============================] - 7s 72ms/step - loss: 0.9830 - accuracy: 0.6601 - val_loss: 1.5287 - val_accuracy: 0.4661
Epoch 5/109

 1/98 [..............................] - ETA: 6s - loss: 0.8993 - accuracy: 0.6738
 3/98 [..............................] - ETA: 4s - loss: 0.9137 - accuracy: 0.6842
 5/98 [>.............................] - ETA: 4s - loss: 0.9285 - accuracy: 0.6820
 6/98 [>.............................] - ETA: 5s - loss: 0.9244 - accuracy: 0.6803
 7/98 [=>............................] - ETA: 5s - loss: 0.9254 - accuracy: 0.6789
 8/98 [=>............................] - ETA: 5s - loss: 0.9164 - accuracy: 0.6809
 9/98 [=>............................] - ETA: 5s - loss: 0.9128 - accuracy: 0.6842
10/98 [==>...........................] - ETA: 5s - loss: 0.9086 - accuracy: 0.6877
11/98 [==>...........................] - ETA: 5s - loss: 0.9173 - accuracy: 0.6836
12/98 [==>...........................] - ETA: 5s - loss: 0.9103 - accuracy: 0.6865
13/98 [==>...........................] - ETA: 5s - loss: 0.9014 - accuracy: 0.6910
14/98 [===>..........................] - ETA: 5s - loss: 0.9027 - accuracy: 0.6910
15/98 [===>..........................] - ETA: 5s - loss: 0.9031 - accuracy: 0.6918
16/98 [===>..........................] - ETA: 5s - loss: 0.9030 - accuracy: 0.6921
17/98 [====>.........................] - ETA: 5s - loss: 0.9018 - accuracy: 0.6918
18/98 [====>.........................] - ETA: 5s - loss: 0.9052 - accuracy: 0.6925
19/98 [====>.........................] - ETA: 5s - loss: 0.9083 - accuracy: 0.6917
20/98 [=====>........................] - ETA: 5s - loss: 0.9106 - accuracy: 0.6915
21/98 [=====>........................] - ETA: 5s - loss: 0.9085 - accuracy: 0.6912
22/98 [=====>........................] - ETA: 5s - loss: 0.9112 - accuracy: 0.6903
23/98 [======>.......................] - ETA: 5s - loss: 0.9096 - accuracy: 0.6902
24/98 [======>.......................] - ETA: 5s - loss: 0.9094 - accuracy: 0.6912
25/98 [======>.......................] - ETA: 5s - loss: 0.9074 - accuracy: 0.6922
26/98 [======>.......................] - ETA: 5s - loss: 0.9099 - accuracy: 0.6910
27/98 [=======>......................] - ETA: 5s - loss: 0.9108 - accuracy: 0.6900
29/98 [=======>......................] - ETA: 4s - loss: 0.9124 - accuracy: 0.6896
31/98 [========>.....................] - ETA: 4s - loss: 0.9135 - accuracy: 0.6891
33/98 [=========>....................] - ETA: 4s - loss: 0.9138 - accuracy: 0.6889
34/98 [=========>....................] - ETA: 4s - loss: 0.9142 - accuracy: 0.6884
36/98 [==========>...................] - ETA: 4s - loss: 0.9162 - accuracy: 0.6874
38/98 [==========>...................] - ETA: 3s - loss: 0.9147 - accuracy: 0.6882
39/98 [==========>...................] - ETA: 3s - loss: 0.9139 - accuracy: 0.6886
41/98 [===========>..................] - ETA: 3s - loss: 0.9130 - accuracy: 0.6884
43/98 [============>.................] - ETA: 3s - loss: 0.9162 - accuracy: 0.6867
45/98 [============>.................] - ETA: 3s - loss: 0.9191 - accuracy: 0.6859
47/98 [=============>................] - ETA: 3s - loss: 0.9201 - accuracy: 0.6854
48/98 [=============>................] - ETA: 3s - loss: 0.9196 - accuracy: 0.6862
49/98 [==============>...............] - ETA: 3s - loss: 0.9174 - accuracy: 0.6872
50/98 [==============>...............] - ETA: 3s - loss: 0.9169 - accuracy: 0.6877
51/98 [==============>...............] - ETA: 2s - loss: 0.9164 - accuracy: 0.6873
52/98 [==============>...............] - ETA: 2s - loss: 0.9161 - accuracy: 0.6875
53/98 [===============>..............] - ETA: 2s - loss: 0.9158 - accuracy: 0.6873
54/98 [===============>..............] - ETA: 2s - loss: 0.9152 - accuracy: 0.6876
55/98 [===============>..............] - ETA: 2s - loss: 0.9156 - accuracy: 0.6874
56/98 [================>.............] - ETA: 2s - loss: 0.9155 - accuracy: 0.6873
57/98 [================>.............] - ETA: 2s - loss: 0.9156 - accuracy: 0.6868
58/98 [================>.............] - ETA: 2s - loss: 0.9161 - accuracy: 0.6869
59/98 [=================>............] - ETA: 2s - loss: 0.9166 - accuracy: 0.6865
60/98 [=================>............] - ETA: 2s - loss: 0.9164 - accuracy: 0.6865
61/98 [=================>............] - ETA: 2s - loss: 0.9174 - accuracy: 0.6857
62/98 [=================>............] - ETA: 2s - loss: 0.9166 - accuracy: 0.6856
63/98 [==================>...........] - ETA: 2s - loss: 0.9168 - accuracy: 0.6856
64/98 [==================>...........] - ETA: 2s - loss: 0.9157 - accuracy: 0.6861
65/98 [==================>...........] - ETA: 2s - loss: 0.9153 - accuracy: 0.6865
66/98 [===================>..........] - ETA: 2s - loss: 0.9149 - accuracy: 0.6865
67/98 [===================>..........] - ETA: 2s - loss: 0.9139 - accuracy: 0.6869
68/98 [===================>..........] - ETA: 1s - loss: 0.9135 - accuracy: 0.6872
69/98 [====================>.........] - ETA: 1s - loss: 0.9124 - accuracy: 0.6880
71/98 [====================>.........] - ETA: 1s - loss: 0.9102 - accuracy: 0.6885
73/98 [=====================>........] - ETA: 1s - loss: 0.9103 - accuracy: 0.6889
75/98 [=====================>........] - ETA: 1s - loss: 0.9103 - accuracy: 0.6890
77/98 [======================>.......] - ETA: 1s - loss: 0.9100 - accuracy: 0.6891
79/98 [=======================>......] - ETA: 1s - loss: 0.9082 - accuracy: 0.6894
80/98 [=======================>......] - ETA: 1s - loss: 0.9082 - accuracy: 0.6889
82/98 [========================>.....] - ETA: 1s - loss: 0.9076 - accuracy: 0.6889
84/98 [========================>.....] - ETA: 0s - loss: 0.9072 - accuracy: 0.6889
85/98 [=========================>....] - ETA: 0s - loss: 0.9068 - accuracy: 0.6892
87/98 [=========================>....] - ETA: 0s - loss: 0.9065 - accuracy: 0.6888
89/98 [==========================>...] - ETA: 0s - loss: 0.9059 - accuracy: 0.6888
90/98 [==========================>...] - ETA: 0s - loss: 0.9059 - accuracy: 0.6887
91/98 [==========================>...] - ETA: 0s - loss: 0.9059 - accuracy: 0.6886
92/98 [===========================>..] - ETA: 0s - loss: 0.9047 - accuracy: 0.6891
93/98 [===========================>..] - ETA: 0s - loss: 0.9042 - accuracy: 0.6891
94/98 [===========================>..] - ETA: 0s - loss: 0.9039 - accuracy: 0.6893
95/98 [============================>.] - ETA: 0s - loss: 0.9036 - accuracy: 0.6894
96/98 [============================>.] - ETA: 0s - loss: 0.9033 - accuracy: 0.6897
97/98 [============================>.] - ETA: 0s - loss: 0.9034 - accuracy: 0.6898
98/98 [==============================] - ETA: 0s - loss: 0.9034 - accuracy: 0.6900
98/98 [==============================] - 7s 72ms/step - loss: 0.9034 - accuracy: 0.6900 - val_loss: 1.2517 - val_accuracy: 0.5667
Epoch 6/109

 1/98 [..............................] - ETA: 6s - loss: 0.7490 - accuracy: 0.7383
 3/98 [..............................] - ETA: 4s - loss: 0.8069 - accuracy: 0.7188
 5/98 [>.............................] - ETA: 4s - loss: 0.8306 - accuracy: 0.7113
 6/98 [>.............................] - ETA: 4s - loss: 0.8388 - accuracy: 0.7103
 8/98 [=>............................] - ETA: 4s - loss: 0.8405 - accuracy: 0.7109
10/98 [==>...........................] - ETA: 4s - loss: 0.8376 - accuracy: 0.7117
11/98 [==>...........................] - ETA: 4s - loss: 0.8416 - accuracy: 0.7109
13/98 [==>...........................] - ETA: 4s - loss: 0.8467 - accuracy: 0.7070
14/98 [===>..........................] - ETA: 4s - loss: 0.8504 - accuracy: 0.7062
15/98 [===>..........................] - ETA: 4s - loss: 0.8427 - accuracy: 0.7103
16/98 [===>..........................] - ETA: 4s - loss: 0.8457 - accuracy: 0.7087
17/98 [====>.........................] - ETA: 4s - loss: 0.8427 - accuracy: 0.7105
18/98 [====>.........................] - ETA: 4s - loss: 0.8414 - accuracy: 0.7107
19/98 [====>.........................] - ETA: 4s - loss: 0.8388 - accuracy: 0.7124
20/98 [=====>........................] - ETA: 4s - loss: 0.8409 - accuracy: 0.7127
21/98 [=====>........................] - ETA: 4s - loss: 0.8418 - accuracy: 0.7124
22/98 [=====>........................] - ETA: 4s - loss: 0.8445 - accuracy: 0.7106
24/98 [======>.......................] - ETA: 4s - loss: 0.8425 - accuracy: 0.7129
25/98 [======>.......................] - ETA: 4s - loss: 0.8419 - accuracy: 0.7140
26/98 [======>.......................] - ETA: 4s - loss: 0.8433 - accuracy: 0.7136
27/98 [=======>......................] - ETA: 4s - loss: 0.8411 - accuracy: 0.7139
28/98 [=======>......................] - ETA: 4s - loss: 0.8408 - accuracy: 0.7147
29/98 [=======>......................] - ETA: 4s - loss: 0.8430 - accuracy: 0.7133
30/98 [========>.....................] - ETA: 4s - loss: 0.8414 - accuracy: 0.7137
31/98 [========>.....................] - ETA: 4s - loss: 0.8426 - accuracy: 0.7139
32/98 [========>.....................] - ETA: 4s - loss: 0.8407 - accuracy: 0.7141
34/98 [=========>....................] - ETA: 4s - loss: 0.8406 - accuracy: 0.7135
35/98 [=========>....................] - ETA: 4s - loss: 0.8433 - accuracy: 0.7122
36/98 [==========>...................] - ETA: 3s - loss: 0.8449 - accuracy: 0.7114
37/98 [==========>...................] - ETA: 3s - loss: 0.8456 - accuracy: 0.7107
39/98 [==========>...................] - ETA: 3s - loss: 0.8434 - accuracy: 0.7112
41/98 [===========>..................] - ETA: 3s - loss: 0.8438 - accuracy: 0.7116
43/98 [============>.................] - ETA: 3s - loss: 0.8416 - accuracy: 0.7123
45/98 [============>.................] - ETA: 3s - loss: 0.8407 - accuracy: 0.7124
47/98 [=============>................] - ETA: 3s - loss: 0.8406 - accuracy: 0.7129
48/98 [=============>................] - ETA: 3s - loss: 0.8405 - accuracy: 0.7132
49/98 [==============>...............] - ETA: 3s - loss: 0.8415 - accuracy: 0.7128
51/98 [==============>...............] - ETA: 2s - loss: 0.8419 - accuracy: 0.7121
53/98 [===============>..............] - ETA: 2s - loss: 0.8421 - accuracy: 0.7115
54/98 [===============>..............] - ETA: 2s - loss: 0.8420 - accuracy: 0.7114
56/98 [================>.............] - ETA: 2s - loss: 0.8419 - accuracy: 0.7111
58/98 [================>.............] - ETA: 2s - loss: 0.8424 - accuracy: 0.7112
59/98 [=================>............] - ETA: 2s - loss: 0.8436 - accuracy: 0.7108
60/98 [=================>............] - ETA: 2s - loss: 0.8437 - accuracy: 0.7107
61/98 [=================>............] - ETA: 2s - loss: 0.8430 - accuracy: 0.7107
62/98 [=================>............] - ETA: 2s - loss: 0.8432 - accuracy: 0.7104
63/98 [==================>...........] - ETA: 2s - loss: 0.8435 - accuracy: 0.7104
64/98 [==================>...........] - ETA: 2s - loss: 0.8433 - accuracy: 0.7105
65/98 [==================>...........] - ETA: 2s - loss: 0.8431 - accuracy: 0.7106
66/98 [===================>..........] - ETA: 1s - loss: 0.8434 - accuracy: 0.7103
67/98 [===================>..........] - ETA: 1s - loss: 0.8444 - accuracy: 0.7100
68/98 [===================>..........] - ETA: 1s - loss: 0.8434 - accuracy: 0.7103
69/98 [====================>.........] - ETA: 1s - loss: 0.8429 - accuracy: 0.7102
70/98 [====================>.........] - ETA: 1s - loss: 0.8422 - accuracy: 0.7103
71/98 [====================>.........] - ETA: 1s - loss: 0.8418 - accuracy: 0.7107
72/98 [=====================>........] - ETA: 1s - loss: 0.8415 - accuracy: 0.7109
73/98 [=====================>........] - ETA: 1s - loss: 0.8420 - accuracy: 0.7106
74/98 [=====================>........] - ETA: 1s - loss: 0.8414 - accuracy: 0.7108
75/98 [=====================>........] - ETA: 1s - loss: 0.8416 - accuracy: 0.7106
76/98 [======================>.......] - ETA: 1s - loss: 0.8419 - accuracy: 0.7106
77/98 [======================>.......] - ETA: 1s - loss: 0.8418 - accuracy: 0.7107
78/98 [======================>.......] - ETA: 1s - loss: 0.8416 - accuracy: 0.7109
79/98 [=======================>......] - ETA: 1s - loss: 0.8408 - accuracy: 0.7114
