2024-06-26 05:15:05.555528: I tensorflow/core/platform/cpu_feature_guard.cc:193] This TensorFlow binary is optimized with oneAPI Deep Neural Network Library (oneDNN) to use the following CPU instructions in performance-critical operations:  AVX AVX2
To enable them in other operations, rebuild TensorFlow with the appropriate compiler flags.
2024-06-26 05:15:06.102507: I tensorflow/core/common_runtime/gpu/gpu_device.cc:1616] Created device /job:localhost/replica:0/task:0/device:GPU:0 with 6656 MB memory:  -> device: 0, name: NVIDIA GeForce RTX 4060 Ti, pci bus id: 0000:01:00.0, compute capability: 8.9
1 Physical GPUs, 1 Logical GPUs
Model: "sequential"
_________________________________________________________________
 Layer (type)                Output Shape              Param #   
=================================================================
 conv2d (Conv2D)             (None, 32, 32, 32)        896       
                                                                 
 max_pooling2d (MaxPooling2D  (None, 16, 16, 32)       0         
 )                                                               
                                                                 
 batch_normalization (BatchN  (None, 16, 16, 32)       128       
 ormalization)                                                   
                                                                 
 conv2d_1 (Conv2D)           (None, 16, 16, 256)       401664    
                                                                 
 dropout (Dropout)           (None, 16, 16, 256)       0         
                                                                 
 flatten (Flatten)           (None, 65536)             0         
                                                                 
 dense (Dense)               (None, 10)                655370    
                                                                 
=================================================================
Total params: 1,058,058
Trainable params: 1,057,994
Non-trainable params: 64
_________________________________________________________________
Taxa de aprendizado:  0.0001 Num de épocas:  118 Tamanho do lote:  512 Dropout:  0.16174
Epoch 1/118
2024-06-26 05:15:07.383318: I tensorflow/stream_executor/cuda/cuda_dnn.cc:384] Loaded cuDNN version 8100
2024-06-26 05:15:08.217628: W tensorflow/stream_executor/gpu/redzone_allocator.cc:314] INTERNAL: ptxas exited with non-zero error code -1, output: 
Relying on driver to perform ptx compilation. 
Modify $PATH to customize ptxas location.
This message will be only logged once.
2024-06-26 05:15:09.377693: I tensorflow/stream_executor/cuda/cuda_blas.cc:1614] TensorFloat-32 will be used for the matrix multiplication. This will only be logged once.

 1/98 [..............................] - ETA: 9:04 - loss: 2.3375 - accuracy: 0.0938
 2/98 [..............................] - ETA: 12s - loss: 2.2817 - accuracy: 0.1387 
 3/98 [..............................] - ETA: 11s - loss: 2.2267 - accuracy: 0.1699
 4/98 [>.............................] - ETA: 11s - loss: 2.1804 - accuracy: 0.1919
 5/98 [>.............................] - ETA: 11s - loss: 2.1465 - accuracy: 0.2090
 6/98 [>.............................] - ETA: 11s - loss: 2.1189 - accuracy: 0.2236
 7/98 [=>............................] - ETA: 11s - loss: 2.0990 - accuracy: 0.2333
 8/98 [=>............................] - ETA: 10s - loss: 2.0722 - accuracy: 0.2456
 9/98 [=>............................] - ETA: 10s - loss: 2.0456 - accuracy: 0.2561
10/98 [==>...........................] - ETA: 10s - loss: 2.0240 - accuracy: 0.2629
11/98 [==>...........................] - ETA: 10s - loss: 2.0099 - accuracy: 0.2713
12/98 [==>...........................] - ETA: 10s - loss: 1.9896 - accuracy: 0.2796
13/98 [==>...........................] - ETA: 10s - loss: 1.9699 - accuracy: 0.2880
14/98 [===>..........................] - ETA: 10s - loss: 1.9576 - accuracy: 0.2912
15/98 [===>..........................] - ETA: 10s - loss: 1.9458 - accuracy: 0.2990
16/98 [===>..........................] - ETA: 9s - loss: 1.9332 - accuracy: 0.3049 
17/98 [====>.........................] - ETA: 9s - loss: 1.9212 - accuracy: 0.3092
18/98 [====>.........................] - ETA: 9s - loss: 1.9098 - accuracy: 0.3149
19/98 [====>.........................] - ETA: 9s - loss: 1.8991 - accuracy: 0.3190
20/98 [=====>........................] - ETA: 9s - loss: 1.8836 - accuracy: 0.3256
21/98 [=====>........................] - ETA: 9s - loss: 1.8736 - accuracy: 0.3303
22/98 [=====>........................] - ETA: 9s - loss: 1.8605 - accuracy: 0.3374
23/98 [======>.......................] - ETA: 9s - loss: 1.8498 - accuracy: 0.3417
24/98 [======>.......................] - ETA: 8s - loss: 1.8391 - accuracy: 0.3456
25/98 [======>.......................] - ETA: 8s - loss: 1.8285 - accuracy: 0.3504
26/98 [======>.......................] - ETA: 8s - loss: 1.8231 - accuracy: 0.3528
27/98 [=======>......................] - ETA: 8s - loss: 1.8145 - accuracy: 0.3555
28/98 [=======>......................] - ETA: 8s - loss: 1.8079 - accuracy: 0.3580
29/98 [=======>......................] - ETA: 8s - loss: 1.7968 - accuracy: 0.3623
30/98 [========>.....................] - ETA: 8s - loss: 1.7903 - accuracy: 0.3645
31/98 [========>.....................] - ETA: 8s - loss: 1.7846 - accuracy: 0.3667
32/98 [========>.....................] - ETA: 7s - loss: 1.7767 - accuracy: 0.3693
33/98 [=========>....................] - ETA: 7s - loss: 1.7677 - accuracy: 0.3722
34/98 [=========>....................] - ETA: 7s - loss: 1.7612 - accuracy: 0.3744
35/98 [=========>....................] - ETA: 7s - loss: 1.7541 - accuracy: 0.3772
36/98 [==========>...................] - ETA: 7s - loss: 1.7466 - accuracy: 0.3798
37/98 [==========>...................] - ETA: 7s - loss: 1.7395 - accuracy: 0.3824
38/98 [==========>...................] - ETA: 7s - loss: 1.7333 - accuracy: 0.3843
39/98 [==========>...................] - ETA: 7s - loss: 1.7276 - accuracy: 0.3863
40/98 [===========>..................] - ETA: 6s - loss: 1.7234 - accuracy: 0.3870
41/98 [===========>..................] - ETA: 6s - loss: 1.7188 - accuracy: 0.3890
42/98 [===========>..................] - ETA: 6s - loss: 1.7146 - accuracy: 0.3908
43/98 [============>.................] - ETA: 6s - loss: 1.7101 - accuracy: 0.3927
44/98 [============>.................] - ETA: 6s - loss: 1.7048 - accuracy: 0.3945
45/98 [============>.................] - ETA: 6s - loss: 1.6995 - accuracy: 0.3965
46/98 [=============>................] - ETA: 6s - loss: 1.6952 - accuracy: 0.3984
47/98 [=============>................] - ETA: 6s - loss: 1.6914 - accuracy: 0.3996
48/98 [=============>................] - ETA: 5s - loss: 1.6874 - accuracy: 0.4011
49/98 [==============>...............] - ETA: 5s - loss: 1.6826 - accuracy: 0.4028
50/98 [==============>...............] - ETA: 7s - loss: 1.6803 - accuracy: 0.4039
51/98 [==============>...............] - ETA: 6s - loss: 1.6759 - accuracy: 0.4059
52/98 [==============>...............] - ETA: 6s - loss: 1.6719 - accuracy: 0.4076
53/98 [===============>..............] - ETA: 6s - loss: 1.6689 - accuracy: 0.4085
54/98 [===============>..............] - ETA: 6s - loss: 1.6649 - accuracy: 0.4102
55/98 [===============>..............] - ETA: 6s - loss: 1.6619 - accuracy: 0.4112
56/98 [================>.............] - ETA: 5s - loss: 1.6573 - accuracy: 0.4125
57/98 [================>.............] - ETA: 5s - loss: 1.6529 - accuracy: 0.4139
58/98 [================>.............] - ETA: 5s - loss: 1.6482 - accuracy: 0.4158
59/98 [=================>............] - ETA: 5s - loss: 1.6441 - accuracy: 0.4174
60/98 [=================>............] - ETA: 5s - loss: 1.6393 - accuracy: 0.4193
61/98 [=================>............] - ETA: 5s - loss: 1.6353 - accuracy: 0.4206
62/98 [=================>............] - ETA: 4s - loss: 1.6316 - accuracy: 0.4220
63/98 [==================>...........] - ETA: 4s - loss: 1.6283 - accuracy: 0.4229
64/98 [==================>...........] - ETA: 4s - loss: 1.6240 - accuracy: 0.4246
65/98 [==================>...........] - ETA: 4s - loss: 1.6202 - accuracy: 0.4255
66/98 [===================>..........] - ETA: 4s - loss: 1.6174 - accuracy: 0.4267
67/98 [===================>..........] - ETA: 4s - loss: 1.6140 - accuracy: 0.4278
68/98 [===================>..........] - ETA: 4s - loss: 1.6109 - accuracy: 0.4287
69/98 [====================>.........] - ETA: 3s - loss: 1.6071 - accuracy: 0.4297
70/98 [====================>.........] - ETA: 3s - loss: 1.6046 - accuracy: 0.4310
71/98 [====================>.........] - ETA: 3s - loss: 1.6017 - accuracy: 0.4318
72/98 [=====================>........] - ETA: 3s - loss: 1.5981 - accuracy: 0.4328
73/98 [=====================>........] - ETA: 3s - loss: 1.5950 - accuracy: 0.4340
74/98 [=====================>........] - ETA: 3s - loss: 1.5916 - accuracy: 0.4354
75/98 [=====================>........] - ETA: 3s - loss: 1.5881 - accuracy: 0.4364
76/98 [======================>.......] - ETA: 2s - loss: 1.5844 - accuracy: 0.4379
77/98 [======================>.......] - ETA: 2s - loss: 1.5819 - accuracy: 0.4390
78/98 [======================>.......] - ETA: 2s - loss: 1.5789 - accuracy: 0.4399
79/98 [=======================>......] - ETA: 2s - loss: 1.5771 - accuracy: 0.4404
80/98 [=======================>......] - ETA: 2s - loss: 1.5745 - accuracy: 0.4415
81/98 [=======================>......] - ETA: 2s - loss: 1.5719 - accuracy: 0.4422
82/98 [========================>.....] - ETA: 2s - loss: 1.5685 - accuracy: 0.4437
83/98 [========================>.....] - ETA: 2s - loss: 1.5665 - accuracy: 0.4444
84/98 [========================>.....] - ETA: 1s - loss: 1.5633 - accuracy: 0.4457
85/98 [=========================>....] - ETA: 1s - loss: 1.5598 - accuracy: 0.4469
86/98 [=========================>....] - ETA: 1s - loss: 1.5569 - accuracy: 0.4479
87/98 [=========================>....] - ETA: 1s - loss: 1.5539 - accuracy: 0.4488
88/98 [=========================>....] - ETA: 1s - loss: 1.5506 - accuracy: 0.4496
89/98 [==========================>...] - ETA: 1s - loss: 1.5490 - accuracy: 0.4504
90/98 [==========================>...] - ETA: 1s - loss: 1.5460 - accuracy: 0.4513
91/98 [==========================>...] - ETA: 0s - loss: 1.5436 - accuracy: 0.4522
92/98 [===========================>..] - ETA: 0s - loss: 1.5419 - accuracy: 0.4525
93/98 [===========================>..] - ETA: 0s - loss: 1.5391 - accuracy: 0.4539
94/98 [===========================>..] - ETA: 0s - loss: 1.5368 - accuracy: 0.4545
95/98 [============================>.] - ETA: 0s - loss: 1.5345 - accuracy: 0.4553
96/98 [============================>.] - ETA: 0s - loss: 1.5324 - accuracy: 0.4560
97/98 [============================>.] - ETA: 0s - loss: 1.5299 - accuracy: 0.4571
98/98 [==============================] - ETA: 0s - loss: 1.5267 - accuracy: 0.4582
98/98 [==============================] - 20s 147ms/step - loss: 1.5267 - accuracy: 0.4582 - val_loss: 2.0800 - val_accuracy: 0.3805
Epoch 2/118

 1/98 [..............................] - ETA: 8s - loss: 1.2460 - accuracy: 0.5664
 2/98 [..............................] - ETA: 7s - loss: 1.2767 - accuracy: 0.5488
 3/98 [..............................] - ETA: 6s - loss: 1.2709 - accuracy: 0.5540
 4/98 [>.............................] - ETA: 6s - loss: 1.2623 - accuracy: 0.5562
 5/98 [>.............................] - ETA: 6s - loss: 1.2486 - accuracy: 0.5605
 6/98 [>.............................] - ETA: 6s - loss: 1.2495 - accuracy: 0.5609
 7/98 [=>............................] - ETA: 6s - loss: 1.2436 - accuracy: 0.5622
 8/98 [=>............................] - ETA: 6s - loss: 1.2316 - accuracy: 0.5696
 9/98 [=>............................] - ETA: 6s - loss: 1.2268 - accuracy: 0.5725
10/98 [==>...........................] - ETA: 6s - loss: 1.2267 - accuracy: 0.5732
11/98 [==>...........................] - ETA: 7s - loss: 1.2242 - accuracy: 0.5735
12/98 [==>...........................] - ETA: 7s - loss: 1.2275 - accuracy: 0.5737
13/98 [==>...........................] - ETA: 7s - loss: 1.2277 - accuracy: 0.5745
14/98 [===>..........................] - ETA: 7s - loss: 1.2230 - accuracy: 0.5766
15/98 [===>..........................] - ETA: 7s - loss: 1.2249 - accuracy: 0.5762
16/98 [===>..........................] - ETA: 7s - loss: 1.2238 - accuracy: 0.5759
17/98 [====>.........................] - ETA: 7s - loss: 1.2232 - accuracy: 0.5749
18/98 [====>.........................] - ETA: 7s - loss: 1.2224 - accuracy: 0.5752
19/98 [====>.........................] - ETA: 7s - loss: 1.2197 - accuracy: 0.5757
20/98 [=====>........................] - ETA: 7s - loss: 1.2191 - accuracy: 0.5768
21/98 [=====>........................] - ETA: 7s - loss: 1.2199 - accuracy: 0.5761
22/98 [=====>........................] - ETA: 7s - loss: 1.2196 - accuracy: 0.5769
23/98 [======>.......................] - ETA: 7s - loss: 1.2169 - accuracy: 0.5776
24/98 [======>.......................] - ETA: 7s - loss: 1.2166 - accuracy: 0.5783
25/98 [======>.......................] - ETA: 7s - loss: 1.2184 - accuracy: 0.5772
26/98 [======>.......................] - ETA: 7s - loss: 1.2181 - accuracy: 0.5763
27/98 [=======>......................] - ETA: 7s - loss: 1.2199 - accuracy: 0.5759
28/98 [=======>......................] - ETA: 7s - loss: 1.2205 - accuracy: 0.5749
29/98 [=======>......................] - ETA: 7s - loss: 1.2181 - accuracy: 0.5756
30/98 [========>.....................] - ETA: 7s - loss: 1.2190 - accuracy: 0.5752
31/98 [========>.....................] - ETA: 7s - loss: 1.2190 - accuracy: 0.5759
32/98 [========>.....................] - ETA: 7s - loss: 1.2158 - accuracy: 0.5768
33/98 [=========>....................] - ETA: 7s - loss: 1.2168 - accuracy: 0.5764
34/98 [=========>....................] - ETA: 6s - loss: 1.2156 - accuracy: 0.5777
35/98 [=========>....................] - ETA: 6s - loss: 1.2122 - accuracy: 0.5790
36/98 [==========>...................] - ETA: 6s - loss: 1.2131 - accuracy: 0.5786
37/98 [==========>...................] - ETA: 6s - loss: 1.2109 - accuracy: 0.5788
38/98 [==========>...................] - ETA: 6s - loss: 1.2105 - accuracy: 0.5789
39/98 [==========>...................] - ETA: 6s - loss: 1.2106 - accuracy: 0.5783
40/98 [===========>..................] - ETA: 6s - loss: 1.2097 - accuracy: 0.5787
41/98 [===========>..................] - ETA: 6s - loss: 1.2105 - accuracy: 0.5786
42/98 [===========>..................] - ETA: 6s - loss: 1.2102 - accuracy: 0.5779
43/98 [============>.................] - ETA: 6s - loss: 1.2105 - accuracy: 0.5778
44/98 [============>.................] - ETA: 5s - loss: 1.2105 - accuracy: 0.5772
45/98 [============>.................] - ETA: 5s - loss: 1.2101 - accuracy: 0.5777
46/98 [=============>................] - ETA: 5s - loss: 1.2089 - accuracy: 0.5779
47/98 [=============>................] - ETA: 5s - loss: 1.2093 - accuracy: 0.5772
48/98 [=============>................] - ETA: 5s - loss: 1.2100 - accuracy: 0.5772
49/98 [==============>...............] - ETA: 5s - loss: 1.2092 - accuracy: 0.5774
50/98 [==============>...............] - ETA: 5s - loss: 1.2087 - accuracy: 0.5778
51/98 [==============>...............] - ETA: 5s - loss: 1.2081 - accuracy: 0.5782
52/98 [==============>...............] - ETA: 5s - loss: 1.2076 - accuracy: 0.5781
53/98 [===============>..............] - ETA: 5s - loss: 1.2063 - accuracy: 0.5787
54/98 [===============>..............] - ETA: 4s - loss: 1.2060 - accuracy: 0.5787
55/98 [===============>..............] - ETA: 4s - loss: 1.2047 - accuracy: 0.5795
56/98 [================>.............] - ETA: 4s - loss: 1.2040 - accuracy: 0.5797
57/98 [================>.............] - ETA: 4s - loss: 1.2047 - accuracy: 0.5796
58/98 [================>.............] - ETA: 4s - loss: 1.2039 - accuracy: 0.5798
59/98 [=================>............] - ETA: 4s - loss: 1.2033 - accuracy: 0.5793
60/98 [=================>............] - ETA: 4s - loss: 1.2030 - accuracy: 0.5795
61/98 [=================>............] - ETA: 4s - loss: 1.2031 - accuracy: 0.5792
62/98 [=================>............] - ETA: 4s - loss: 1.2024 - accuracy: 0.5798
63/98 [==================>...........] - ETA: 3s - loss: 1.2005 - accuracy: 0.5806
64/98 [==================>...........] - ETA: 3s - loss: 1.2002 - accuracy: 0.5803
65/98 [==================>...........] - ETA: 3s - loss: 1.1984 - accuracy: 0.5812
66/98 [===================>..........] - ETA: 3s - loss: 1.1969 - accuracy: 0.5816
67/98 [===================>..........] - ETA: 3s - loss: 1.1958 - accuracy: 0.5818
68/98 [===================>..........] - ETA: 3s - loss: 1.1953 - accuracy: 0.5818
69/98 [====================>.........] - ETA: 3s - loss: 1.1949 - accuracy: 0.5820
70/98 [====================>.........] - ETA: 3s - loss: 1.1949 - accuracy: 0.5822
71/98 [====================>.........] - ETA: 3s - loss: 1.1943 - accuracy: 0.5825
72/98 [=====================>........] - ETA: 2s - loss: 1.1941 - accuracy: 0.5828
73/98 [=====================>........] - ETA: 2s - loss: 1.1941 - accuracy: 0.5829
74/98 [=====================>........] - ETA: 2s - loss: 1.1936 - accuracy: 0.5832
75/98 [=====================>........] - ETA: 2s - loss: 1.1930 - accuracy: 0.5836
76/98 [======================>.......] - ETA: 2s - loss: 1.1923 - accuracy: 0.5841
77/98 [======================>.......] - ETA: 2s - loss: 1.1907 - accuracy: 0.5848
78/98 [======================>.......] - ETA: 2s - loss: 1.1900 - accuracy: 0.5852
79/98 [=======================>......] - ETA: 2s - loss: 1.1900 - accuracy: 0.5851
80/98 [=======================>......] - ETA: 1s - loss: 1.1896 - accuracy: 0.5851
81/98 [=======================>......] - ETA: 1s - loss: 1.1892 - accuracy: 0.5855
82/98 [========================>.....] - ETA: 1s - loss: 1.1875 - accuracy: 0.5860
84/98 [========================>.....] - ETA: 1s - loss: 1.1868 - accuracy: 0.5864
85/98 [=========================>....] - ETA: 1s - loss: 1.1864 - accuracy: 0.5863
86/98 [=========================>....] - ETA: 1s - loss: 1.1866 - accuracy: 0.5861
87/98 [=========================>....] - ETA: 1s - loss: 1.1857 - accuracy: 0.5864
88/98 [=========================>....] - ETA: 1s - loss: 1.1845 - accuracy: 0.5867
89/98 [==========================>...] - ETA: 0s - loss: 1.1840 - accuracy: 0.5868
90/98 [==========================>...] - ETA: 0s - loss: 1.1840 - accuracy: 0.5866
91/98 [==========================>...] - ETA: 0s - loss: 1.1829 - accuracy: 0.5870
92/98 [===========================>..] - ETA: 0s - loss: 1.1826 - accuracy: 0.5871
93/98 [===========================>..] - ETA: 0s - loss: 1.1825 - accuracy: 0.5872
94/98 [===========================>..] - ETA: 0s - loss: 1.1818 - accuracy: 0.5877
95/98 [============================>.] - ETA: 0s - loss: 1.1809 - accuracy: 0.5881
96/98 [============================>.] - ETA: 0s - loss: 1.1800 - accuracy: 0.5885
97/98 [============================>.] - ETA: 0s - loss: 1.1796 - accuracy: 0.5887
98/98 [==============================] - ETA: 0s - loss: 1.1793 - accuracy: 0.5892
98/98 [==============================] - 12s 122ms/step - loss: 1.1793 - accuracy: 0.5892 - val_loss: 1.8743 - val_accuracy: 0.4240
Epoch 3/118

 1/98 [..............................] - ETA: 12s - loss: 1.1017 - accuracy: 0.6230
 2/98 [..............................] - ETA: 12s - loss: 1.0799 - accuracy: 0.6318
 3/98 [..............................] - ETA: 11s - loss: 1.0743 - accuracy: 0.6283
 4/98 [>.............................] - ETA: 11s - loss: 1.0705 - accuracy: 0.6304
 5/98 [>.............................] - ETA: 11s - loss: 1.0667 - accuracy: 0.6316
 6/98 [>.............................] - ETA: 11s - loss: 1.0657 - accuracy: 0.6325
 7/98 [=>............................] - ETA: 11s - loss: 1.0613 - accuracy: 0.6336
 8/98 [=>............................] - ETA: 10s - loss: 1.0552 - accuracy: 0.6377
 9/98 [=>............................] - ETA: 10s - loss: 1.0521 - accuracy: 0.6402
10/98 [==>...........................] - ETA: 10s - loss: 1.0558 - accuracy: 0.6408
11/98 [==>...........................] - ETA: 10s - loss: 1.0567 - accuracy: 0.6404
12/98 [==>...........................] - ETA: 10s - loss: 1.0663 - accuracy: 0.6349
13/98 [==>...........................] - ETA: 10s - loss: 1.0626 - accuracy: 0.6355
14/98 [===>..........................] - ETA: 10s - loss: 1.0635 - accuracy: 0.6341
15/98 [===>..........................] - ETA: 10s - loss: 1.0676 - accuracy: 0.6337
16/98 [===>..........................] - ETA: 9s - loss: 1.0647 - accuracy: 0.6355 
17/98 [====>.........................] - ETA: 9s - loss: 1.0688 - accuracy: 0.6342
18/98 [====>.........................] - ETA: 9s - loss: 1.0700 - accuracy: 0.6338
19/98 [====>.........................] - ETA: 9s - loss: 1.0698 - accuracy: 0.6341
20/98 [=====>........................] - ETA: 9s - loss: 1.0707 - accuracy: 0.6339
21/98 [=====>........................] - ETA: 9s - loss: 1.0704 - accuracy: 0.6345
22/98 [=====>........................] - ETA: 9s - loss: 1.0733 - accuracy: 0.6338
23/98 [======>.......................] - ETA: 9s - loss: 1.0700 - accuracy: 0.6354
24/98 [======>.......................] - ETA: 8s - loss: 1.0693 - accuracy: 0.6353
25/98 [======>.......................] - ETA: 8s - loss: 1.0681 - accuracy: 0.6352
26/98 [======>.......................] - ETA: 8s - loss: 1.0662 - accuracy: 0.6351
27/98 [=======>......................] - ETA: 8s - loss: 1.0631 - accuracy: 0.6360
28/98 [=======>......................] - ETA: 8s - loss: 1.0642 - accuracy: 0.6361
29/98 [=======>......................] - ETA: 7s - loss: 1.0636 - accuracy: 0.6360
30/98 [========>.....................] - ETA: 7s - loss: 1.0588 - accuracy: 0.6383
31/98 [========>.....................] - ETA: 7s - loss: 1.0583 - accuracy: 0.6385
32/98 [========>.....................] - ETA: 7s - loss: 1.0602 - accuracy: 0.6375
33/98 [=========>....................] - ETA: 7s - loss: 1.0600 - accuracy: 0.6368
34/98 [=========>....................] - ETA: 6s - loss: 1.0592 - accuracy: 0.6364
35/98 [=========>....................] - ETA: 6s - loss: 1.0599 - accuracy: 0.6360
36/98 [==========>...................] - ETA: 6s - loss: 1.0587 - accuracy: 0.6362
37/98 [==========>...................] - ETA: 6s - loss: 1.0585 - accuracy: 0.6368
38/98 [==========>...................] - ETA: 6s - loss: 1.0613 - accuracy: 0.6357
39/98 [==========>...................] - ETA: 6s - loss: 1.0596 - accuracy: 0.6365
40/98 [===========>..................] - ETA: 5s - loss: 1.0592 - accuracy: 0.6364
41/98 [===========>..................] - ETA: 5s - loss: 1.0577 - accuracy: 0.6364
42/98 [===========>..................] - ETA: 5s - loss: 1.0571 - accuracy: 0.6364
43/98 [============>.................] - ETA: 5s - loss: 1.0566 - accuracy: 0.6368
44/98 [============>.................] - ETA: 5s - loss: 1.0560 - accuracy: 0.6378
45/98 [============>.................] - ETA: 5s - loss: 1.0549 - accuracy: 0.6377
46/98 [=============>................] - ETA: 5s - loss: 1.0544 - accuracy: 0.6383
47/98 [=============>................] - ETA: 5s - loss: 1.0535 - accuracy: 0.6379
48/98 [=============>................] - ETA: 5s - loss: 1.0516 - accuracy: 0.6381
49/98 [==============>...............] - ETA: 5s - loss: 1.0502 - accuracy: 0.6384
50/98 [==============>...............] - ETA: 5s - loss: 1.0497 - accuracy: 0.6384
51/98 [==============>...............] - ETA: 4s - loss: 1.0477 - accuracy: 0.6393
52/98 [==============>...............] - ETA: 4s - loss: 1.0479 - accuracy: 0.6387
53/98 [===============>..............] - ETA: 4s - loss: 1.0477 - accuracy: 0.6390
54/98 [===============>..............] - ETA: 4s - loss: 1.0482 - accuracy: 0.6387
55/98 [===============>..............] - ETA: 4s - loss: 1.0465 - accuracy: 0.6393
56/98 [================>.............] - ETA: 4s - loss: 1.0442 - accuracy: 0.6404
57/98 [================>.............] - ETA: 4s - loss: 1.0444 - accuracy: 0.6406
58/98 [================>.............] - ETA: 4s - loss: 1.0435 - accuracy: 0.6409
59/98 [=================>............] - ETA: 4s - loss: 1.0430 - accuracy: 0.6412
60/98 [=================>............] - ETA: 4s - loss: 1.0419 - accuracy: 0.6415
61/98 [=================>............] - ETA: 3s - loss: 1.0410 - accuracy: 0.6417
62/98 [=================>............] - ETA: 3s - loss: 1.0406 - accuracy: 0.6417
63/98 [==================>...........] - ETA: 3s - loss: 1.0401 - accuracy: 0.6419
64/98 [==================>...........] - ETA: 3s - loss: 1.0400 - accuracy: 0.6415
65/98 [==================>...........] - ETA: 3s - loss: 1.0386 - accuracy: 0.6418
66/98 [===================>..........] - ETA: 3s - loss: 1.0384 - accuracy: 0.6421
67/98 [===================>..........] - ETA: 3s - loss: 1.0382 - accuracy: 0.6420
68/98 [===================>..........] - ETA: 3s - loss: 1.0377 - accuracy: 0.6420
69/98 [====================>.........] - ETA: 3s - loss: 1.0371 - accuracy: 0.6423
70/98 [====================>.........] - ETA: 3s - loss: 1.0366 - accuracy: 0.6426
71/98 [====================>.........] - ETA: 2s - loss: 1.0365 - accuracy: 0.6429
72/98 [=====================>........] - ETA: 2s - loss: 1.0358 - accuracy: 0.6432
73/98 [=====================>........] - ETA: 2s - loss: 1.0357 - accuracy: 0.6432
74/98 [=====================>........] - ETA: 2s - loss: 1.0345 - accuracy: 0.6437
75/98 [=====================>........] - ETA: 2s - loss: 1.0344 - accuracy: 0.6435
76/98 [======================>.......] - ETA: 2s - loss: 1.0331 - accuracy: 0.6441
77/98 [======================>.......] - ETA: 2s - loss: 1.0331 - accuracy: 0.6437
78/98 [======================>.......] - ETA: 2s - loss: 1.0332 - accuracy: 0.6435
79/98 [=======================>......] - ETA: 2s - loss: 1.0321 - accuracy: 0.6437
80/98 [=======================>......] - ETA: 1s - loss: 1.0320 - accuracy: 0.6437
81/98 [=======================>......] - ETA: 1s - loss: 1.0315 - accuracy: 0.6434
82/98 [========================>.....] - ETA: 1s - loss: 1.0303 - accuracy: 0.6438
83/98 [========================>.....] - ETA: 1s - loss: 1.0306 - accuracy: 0.6438
84/98 [========================>.....] - ETA: 1s - loss: 1.0307 - accuracy: 0.6438
85/98 [=========================>....] - ETA: 1s - loss: 1.0302 - accuracy: 0.6439
86/98 [=========================>....] - ETA: 1s - loss: 1.0309 - accuracy: 0.6439
87/98 [=========================>....] - ETA: 1s - loss: 1.0316 - accuracy: 0.6437
88/98 [=========================>....] - ETA: 1s - loss: 1.0305 - accuracy: 0.6444
89/98 [==========================>...] - ETA: 0s - loss: 1.0300 - accuracy: 0.6444
90/98 [==========================>...] - ETA: 0s - loss: 1.0303 - accuracy: 0.6444
91/98 [==========================>...] - ETA: 0s - loss: 1.0305 - accuracy: 0.6444
92/98 [===========================>..] - ETA: 0s - loss: 1.0299 - accuracy: 0.6446
93/98 [===========================>..] - ETA: 0s - loss: 1.0292 - accuracy: 0.6447
94/98 [===========================>..] - ETA: 0s - loss: 1.0289 - accuracy: 0.6451
95/98 [============================>.] - ETA: 0s - loss: 1.0295 - accuracy: 0.6451
96/98 [============================>.] - ETA: 0s - loss: 1.0286 - accuracy: 0.6454
97/98 [============================>.] - ETA: 0s - loss: 1.0287 - accuracy: 0.6452
98/98 [==============================] - ETA: 0s - loss: 1.0274 - accuracy: 0.6455
98/98 [==============================] - 12s 121ms/step - loss: 1.0274 - accuracy: 0.6455 - val_loss: 1.6514 - val_accuracy: 0.4757
Epoch 4/118

 1/98 [..............................] - ETA: 7s - loss: 0.9303 - accuracy: 0.6797
 2/98 [..............................] - ETA: 12s - loss: 0.9131 - accuracy: 0.6865
 3/98 [..............................] - ETA: 11s - loss: 0.9327 - accuracy: 0.6816
 4/98 [>.............................] - ETA: 11s - loss: 0.9375 - accuracy: 0.6846
 5/98 [>.............................] - ETA: 11s - loss: 0.9421 - accuracy: 0.6777
 6/98 [>.............................] - ETA: 11s - loss: 0.9477 - accuracy: 0.6755
 7/98 [=>............................] - ETA: 10s - loss: 0.9437 - accuracy: 0.6777
 8/98 [=>............................] - ETA: 10s - loss: 0.9406 - accuracy: 0.6782
 9/98 [=>............................] - ETA: 10s - loss: 0.9388 - accuracy: 0.6812
10/98 [==>...........................] - ETA: 10s - loss: 0.9282 - accuracy: 0.6842
11/98 [==>...........................] - ETA: 10s - loss: 0.9300 - accuracy: 0.6854
12/98 [==>...........................] - ETA: 10s - loss: 0.9299 - accuracy: 0.6834
13/98 [==>...........................] - ETA: 10s - loss: 0.9318 - accuracy: 0.6839
14/98 [===>..........................] - ETA: 10s - loss: 0.9376 - accuracy: 0.6812
15/98 [===>..........................] - ETA: 10s - loss: 0.9319 - accuracy: 0.6842
16/98 [===>..........................] - ETA: 9s - loss: 0.9327 - accuracy: 0.6836 
17/98 [====>.........................] - ETA: 9s - loss: 0.9343 - accuracy: 0.6828
18/98 [====>.........................] - ETA: 9s - loss: 0.9366 - accuracy: 0.6826
19/98 [====>.........................] - ETA: 9s - loss: 0.9424 - accuracy: 0.6793
20/98 [=====>........................] - ETA: 9s - loss: 0.9406 - accuracy: 0.6812
21/98 [=====>........................] - ETA: 9s - loss: 0.9404 - accuracy: 0.6807
22/98 [=====>........................] - ETA: 9s - loss: 0.9410 - accuracy: 0.6794
23/98 [======>.......................] - ETA: 9s - loss: 0.9390 - accuracy: 0.6804
24/98 [======>.......................] - ETA: 8s - loss: 0.9381 - accuracy: 0.6803
25/98 [======>.......................] - ETA: 8s - loss: 0.9405 - accuracy: 0.6792
26/98 [======>.......................] - ETA: 8s - loss: 0.9424 - accuracy: 0.6778
27/98 [=======>......................] - ETA: 8s - loss: 0.9398 - accuracy: 0.6790
28/98 [=======>......................] - ETA: 8s - loss: 0.9406 - accuracy: 0.6791
29/98 [=======>......................] - ETA: 8s - loss: 0.9407 - accuracy: 0.6791
30/98 [========>.....................] - ETA: 8s - loss: 0.9425 - accuracy: 0.6777
31/98 [========>.....................] - ETA: 8s - loss: 0.9417 - accuracy: 0.6783
32/98 [========>.....................] - ETA: 7s - loss: 0.9429 - accuracy: 0.6783
33/98 [=========>....................] - ETA: 7s - loss: 0.9418 - accuracy: 0.6789
34/98 [=========>....................] - ETA: 7s - loss: 0.9424 - accuracy: 0.6787
35/98 [=========>....................] - ETA: 7s - loss: 0.9413 - accuracy: 0.6792
36/98 [==========>...................] - ETA: 7s - loss: 0.9417 - accuracy: 0.6790
37/98 [==========>...................] - ETA: 7s - loss: 0.9416 - accuracy: 0.6786
38/98 [==========>...................] - ETA: 7s - loss: 0.9411 - accuracy: 0.6790
39/98 [==========>...................] - ETA: 7s - loss: 0.9403 - accuracy: 0.6793
40/98 [===========>..................] - ETA: 6s - loss: 0.9393 - accuracy: 0.6797
41/98 [===========>..................] - ETA: 6s - loss: 0.9395 - accuracy: 0.6792
42/98 [===========>..................] - ETA: 6s - loss: 0.9387 - accuracy: 0.6792
43/98 [============>.................] - ETA: 6s - loss: 0.9391 - accuracy: 0.6791
44/98 [============>.................] - ETA: 6s - loss: 0.9403 - accuracy: 0.6786
45/98 [============>.................] - ETA: 6s - loss: 0.9400 - accuracy: 0.6792
46/98 [=============>................] - ETA: 6s - loss: 0.9401 - accuracy: 0.6793
47/98 [=============>................] - ETA: 6s - loss: 0.9393 - accuracy: 0.6794
48/98 [=============>................] - ETA: 6s - loss: 0.9385 - accuracy: 0.6799
49/98 [==============>...............] - ETA: 5s - loss: 0.9382 - accuracy: 0.6799
50/98 [==============>...............] - ETA: 5s - loss: 0.9374 - accuracy: 0.6807
51/98 [==============>...............] - ETA: 5s - loss: 0.9371 - accuracy: 0.6807
52/98 [==============>...............] - ETA: 5s - loss: 0.9368 - accuracy: 0.6805
53/98 [===============>..............] - ETA: 5s - loss: 0.9367 - accuracy: 0.6803
54/98 [===============>..............] - ETA: 5s - loss: 0.9366 - accuracy: 0.6800
55/98 [===============>..............] - ETA: 5s - loss: 0.9347 - accuracy: 0.6807
56/98 [================>.............] - ETA: 5s - loss: 0.9334 - accuracy: 0.6811
57/98 [================>.............] - ETA: 4s - loss: 0.9334 - accuracy: 0.6812
58/98 [================>.............] - ETA: 4s - loss: 0.9343 - accuracy: 0.6810
59/98 [=================>............] - ETA: 4s - loss: 0.9347 - accuracy: 0.6807
60/98 [=================>............] - ETA: 4s - loss: 0.9351 - accuracy: 0.6807
61/98 [=================>............] - ETA: 4s - loss: 0.9350 - accuracy: 0.6810
62/98 [=================>............] - ETA: 4s - loss: 0.9338 - accuracy: 0.6813
63/98 [==================>...........] - ETA: 4s - loss: 0.9341 - accuracy: 0.6810
64/98 [==================>...........] - ETA: 3s - loss: 0.9351 - accuracy: 0.6805
65/98 [==================>...........] - ETA: 3s - loss: 0.9345 - accuracy: 0.6805
66/98 [===================>..........] - ETA: 3s - loss: 0.9335 - accuracy: 0.6808
67/98 [===================>..........] - ETA: 3s - loss: 0.9351 - accuracy: 0.6801
68/98 [===================>..........] - ETA: 3s - loss: 0.9354 - accuracy: 0.6799
69/98 [====================>.........] - ETA: 3s - loss: 0.9357 - accuracy: 0.6796
70/98 [====================>.........] - ETA: 3s - loss: 0.9351 - accuracy: 0.6802
71/98 [====================>.........] - ETA: 3s - loss: 0.9352 - accuracy: 0.6801
72/98 [=====================>........] - ETA: 2s - loss: 0.9354 - accuracy: 0.6801
73/98 [=====================>........] - ETA: 2s - loss: 0.9360 - accuracy: 0.6803
74/98 [=====================>........] - ETA: 2s - loss: 0.9364 - accuracy: 0.6801
75/98 [=====================>........] - ETA: 2s - loss: 0.9363 - accuracy: 0.6800
76/98 [======================>.......] - ETA: 2s - loss: 0.9356 - accuracy: 0.6800
77/98 [======================>.......] - ETA: 2s - loss: 0.9354 - accuracy: 0.6802
78/98 [======================>.......] - ETA: 2s - loss: 0.9344 - accuracy: 0.6806
79/98 [=======================>......] - ETA: 2s - loss: 0.9343 - accuracy: 0.6807
80/98 [=======================>......] - ETA: 1s - loss: 0.9338 - accuracy: 0.6810
81/98 [=======================>......] - ETA: 1s - loss: 0.9333 - accuracy: 0.6810
82/98 [========================>.....] - ETA: 1s - loss: 0.9336 - accuracy: 0.6811
83/98 [========================>.....] - ETA: 1s - loss: 0.9323 - accuracy: 0.6818
84/98 [========================>.....] - ETA: 1s - loss: 0.9326 - accuracy: 0.6818
85/98 [=========================>....] - ETA: 1s - loss: 0.9322 - accuracy: 0.6821
86/98 [=========================>....] - ETA: 1s - loss: 0.9305 - accuracy: 0.6829
87/98 [=========================>....] - ETA: 1s - loss: 0.9307 - accuracy: 0.6827
88/98 [=========================>....] - ETA: 1s - loss: 0.9298 - accuracy: 0.6831
89/98 [==========================>...] - ETA: 0s - loss: 0.9311 - accuracy: 0.6827
90/98 [==========================>...] - ETA: 0s - loss: 0.9310 - accuracy: 0.6827
91/98 [==========================>...] - ETA: 0s - loss: 0.9311 - accuracy: 0.6828
92/98 [===========================>..] - ETA: 0s - loss: 0.9313 - accuracy: 0.6826
93/98 [===========================>..] - ETA: 0s - loss: 0.9307 - accuracy: 0.6827
94/98 [===========================>..] - ETA: 0s - loss: 0.9303 - accuracy: 0.6831
95/98 [============================>.] - ETA: 0s - loss: 0.9300 - accuracy: 0.6831
96/98 [============================>.] - ETA: 0s - loss: 0.9296 - accuracy: 0.6831
97/98 [============================>.] - ETA: 0s - loss: 0.9292 - accuracy: 0.6832
98/98 [==============================] - ETA: 0s - loss: 0.9293 - accuracy: 0.6831
98/98 [==============================] - 12s 126ms/step - loss: 0.9293 - accuracy: 0.6831 - val_loss: 1.3936 - val_accuracy: 0.5527
Epoch 5/118

 1/98 [..............................] - ETA: 12s - loss: 0.8836 - accuracy: 0.6992
 2/98 [..............................] - ETA: 12s - loss: 0.8610 - accuracy: 0.7148
 3/98 [..............................] - ETA: 11s - loss: 0.8553 - accuracy: 0.7174
 4/98 [>.............................] - ETA: 11s - loss: 0.8561 - accuracy: 0.7158
 5/98 [>.............................] - ETA: 11s - loss: 0.8433 - accuracy: 0.7191
 6/98 [>.............................] - ETA: 11s - loss: 0.8594 - accuracy: 0.7155
 7/98 [=>............................] - ETA: 10s - loss: 0.8737 - accuracy: 0.7095
 8/98 [=>............................] - ETA: 10s - loss: 0.8806 - accuracy: 0.7070
 9/98 [=>............................] - ETA: 10s - loss: 0.8791 - accuracy: 0.7086
10/98 [==>...........................] - ETA: 10s - loss: 0.8935 - accuracy: 0.7008
11/98 [==>...........................] - ETA: 10s - loss: 0.8899 - accuracy: 0.7005
12/98 [==>...........................] - ETA: 10s - loss: 0.8851 - accuracy: 0.7013
13/98 [==>...........................] - ETA: 10s - loss: 0.8860 - accuracy: 0.7010
14/98 [===>..........................] - ETA: 10s - loss: 0.8813 - accuracy: 0.7026
15/98 [===>..........................] - ETA: 10s - loss: 0.8801 - accuracy: 0.7027
16/98 [===>..........................] - ETA: 9s - loss: 0.8795 - accuracy: 0.7024 
17/98 [====>.........................] - ETA: 9s - loss: 0.8800 - accuracy: 0.7023
18/98 [====>.........................] - ETA: 9s - loss: 0.8778 - accuracy: 0.7036
19/98 [====>.........................] - ETA: 9s - loss: 0.8775 - accuracy: 0.7030
20/98 [=====>........................] - ETA: 8s - loss: 0.8776 - accuracy: 0.7028
21/98 [=====>........................] - ETA: 8s - loss: 0.8777 - accuracy: 0.7025
22/98 [=====>........................] - ETA: 8s - loss: 0.8751 - accuracy: 0.7026
23/98 [======>.......................] - ETA: 8s - loss: 0.8745 - accuracy: 0.7030
24/98 [======>.......................] - ETA: 7s - loss: 0.8716 - accuracy: 0.7043
25/98 [======>.......................] - ETA: 7s - loss: 0.8714 - accuracy: 0.7047
26/98 [======>.......................] - ETA: 7s - loss: 0.8687 - accuracy: 0.7054
27/98 [=======>......................] - ETA: 7s - loss: 0.8677 - accuracy: 0.7054
28/98 [=======>......................] - ETA: 7s - loss: 0.8649 - accuracy: 0.7063
29/98 [=======>......................] - ETA: 6s - loss: 0.8661 - accuracy: 0.7057
30/98 [========>.....................] - ETA: 6s - loss: 0.8662 - accuracy: 0.7061
31/98 [========>.....................] - ETA: 6s - loss: 0.8659 - accuracy: 0.7053
32/98 [========>.....................] - ETA: 6s - loss: 0.8646 - accuracy: 0.7052
33/98 [=========>....................] - ETA: 6s - loss: 0.8637 - accuracy: 0.7055
34/98 [=========>....................] - ETA: 6s - loss: 0.8657 - accuracy: 0.7053
35/98 [=========>....................] - ETA: 6s - loss: 0.8653 - accuracy: 0.7053
36/98 [==========>...................] - ETA: 6s - loss: 0.8649 - accuracy: 0.7055
37/98 [==========>...................] - ETA: 6s - loss: 0.8662 - accuracy: 0.7053
38/98 [==========>...................] - ETA: 5s - loss: 0.8654 - accuracy: 0.7056
39/98 [==========>...................] - ETA: 5s - loss: 0.8646 - accuracy: 0.7062
40/98 [===========>..................] - ETA: 5s - loss: 0.8643 - accuracy: 0.7061
41/98 [===========>..................] - ETA: 5s - loss: 0.8640 - accuracy: 0.7057
42/98 [===========>..................] - ETA: 5s - loss: 0.8647 - accuracy: 0.7059
43/98 [============>.................] - ETA: 5s - loss: 0.8637 - accuracy: 0.7063
44/98 [============>.................] - ETA: 5s - loss: 0.8627 - accuracy: 0.7065
45/98 [============>.................] - ETA: 5s - loss: 0.8631 - accuracy: 0.7061
46/98 [=============>................] - ETA: 5s - loss: 0.8631 - accuracy: 0.7060
47/98 [=============>................] - ETA: 5s - loss: 0.8639 - accuracy: 0.7060
48/98 [=============>................] - ETA: 5s - loss: 0.8629 - accuracy: 0.7064
49/98 [==============>...............] - ETA: 5s - loss: 0.8635 - accuracy: 0.7062
