2024-06-26 04:50:14.673173: I tensorflow/core/platform/cpu_feature_guard.cc:193] This TensorFlow binary is optimized with oneAPI Deep Neural Network Library (oneDNN) to use the following CPU instructions in performance-critical operations:  AVX AVX2
To enable them in other operations, rebuild TensorFlow with the appropriate compiler flags.
2024-06-26 04:50:15.224728: I tensorflow/core/common_runtime/gpu/gpu_device.cc:1616] Created device /job:localhost/replica:0/task:0/device:GPU:0 with 6656 MB memory:  -> device: 0, name: NVIDIA GeForce RTX 4060 Ti, pci bus id: 0000:01:00.0, compute capability: 8.9
1 Physical GPUs, 1 Logical GPUs
Model: "sequential"
_________________________________________________________________
 Layer (type)                Output Shape              Param #   
=================================================================
 conv2d (Conv2D)             (None, 32, 32, 32)        896       
                                                                 
 max_pooling2d (MaxPooling2D  (None, 16, 16, 32)       0         
 )                                                               
                                                                 
 batch_normalization (BatchN  (None, 16, 16, 32)       128       
 ormalization)                                                   
                                                                 
 conv2d_1 (Conv2D)           (None, 16, 16, 256)       401664    
                                                                 
 dropout (Dropout)           (None, 16, 16, 256)       0         
                                                                 
 flatten (Flatten)           (None, 65536)             0         
                                                                 
 dense (Dense)               (None, 10)                655370    
                                                                 
=================================================================
Total params: 1,058,058
Trainable params: 1,057,994
Non-trainable params: 64
_________________________________________________________________
Taxa de aprendizado:  0.0001 Num de épocas:  118 Tamanho do lote:  512 Dropout:  0.16174
Epoch 1/118
2024-06-26 04:50:16.569318: I tensorflow/stream_executor/cuda/cuda_dnn.cc:384] Loaded cuDNN version 8100
2024-06-26 04:50:17.385030: W tensorflow/stream_executor/gpu/redzone_allocator.cc:314] INTERNAL: ptxas exited with non-zero error code -1, output: 
Relying on driver to perform ptx compilation. 
Modify $PATH to customize ptxas location.
This message will be only logged once.
2024-06-26 04:50:18.558449: I tensorflow/stream_executor/cuda/cuda_blas.cc:1614] TensorFloat-32 will be used for the matrix multiplication. This will only be logged once.

 1/98 [..............................] - ETA: 9:23 - loss: 2.3818 - accuracy: 0.0586
 2/98 [..............................] - ETA: 10s - loss: 2.3012 - accuracy: 0.1250 
 3/98 [..............................] - ETA: 11s - loss: 2.2575 - accuracy: 0.1484
 4/98 [>.............................] - ETA: 11s - loss: 2.2061 - accuracy: 0.1821
 5/98 [>.............................] - ETA: 10s - loss: 2.1653 - accuracy: 0.2082
 6/98 [>.............................] - ETA: 10s - loss: 2.1374 - accuracy: 0.2201
 7/98 [=>............................] - ETA: 10s - loss: 2.1170 - accuracy: 0.2274
 8/98 [=>............................] - ETA: 10s - loss: 2.0915 - accuracy: 0.2393
 9/98 [=>............................] - ETA: 10s - loss: 2.0700 - accuracy: 0.2504
10/98 [==>...........................] - ETA: 10s - loss: 2.0475 - accuracy: 0.2619
11/98 [==>...........................] - ETA: 10s - loss: 2.0280 - accuracy: 0.2702
12/98 [==>...........................] - ETA: 10s - loss: 2.0062 - accuracy: 0.2785
13/98 [==>...........................] - ETA: 10s - loss: 1.9871 - accuracy: 0.2864
14/98 [===>..........................] - ETA: 10s - loss: 1.9685 - accuracy: 0.2944
15/98 [===>..........................] - ETA: 9s - loss: 1.9572 - accuracy: 0.2969 
16/98 [===>..........................] - ETA: 9s - loss: 1.9410 - accuracy: 0.3033
17/98 [====>.........................] - ETA: 9s - loss: 1.9321 - accuracy: 0.3069
18/98 [====>.........................] - ETA: 9s - loss: 1.9224 - accuracy: 0.3095
19/98 [====>.........................] - ETA: 9s - loss: 1.9116 - accuracy: 0.3145
20/98 [=====>........................] - ETA: 9s - loss: 1.9024 - accuracy: 0.3181
21/98 [=====>........................] - ETA: 9s - loss: 1.8906 - accuracy: 0.3218
22/98 [=====>........................] - ETA: 9s - loss: 1.8836 - accuracy: 0.3256
23/98 [======>.......................] - ETA: 9s - loss: 1.8686 - accuracy: 0.3315
24/98 [======>.......................] - ETA: 8s - loss: 1.8581 - accuracy: 0.3350
25/98 [======>.......................] - ETA: 8s - loss: 1.8465 - accuracy: 0.3390
26/98 [======>.......................] - ETA: 8s - loss: 1.8361 - accuracy: 0.3427
27/98 [=======>......................] - ETA: 8s - loss: 1.8260 - accuracy: 0.3463
28/98 [=======>......................] - ETA: 8s - loss: 1.8170 - accuracy: 0.3500
29/98 [=======>......................] - ETA: 8s - loss: 1.8098 - accuracy: 0.3524
30/98 [========>.....................] - ETA: 8s - loss: 1.8030 - accuracy: 0.3554
31/98 [========>.....................] - ETA: 8s - loss: 1.7950 - accuracy: 0.3580
32/98 [========>.....................] - ETA: 7s - loss: 1.7882 - accuracy: 0.3608
33/98 [=========>....................] - ETA: 7s - loss: 1.7825 - accuracy: 0.3625
34/98 [=========>....................] - ETA: 7s - loss: 1.7787 - accuracy: 0.3638
35/98 [=========>....................] - ETA: 7s - loss: 1.7709 - accuracy: 0.3674
36/98 [==========>...................] - ETA: 7s - loss: 1.7627 - accuracy: 0.3707
37/98 [==========>...................] - ETA: 7s - loss: 1.7574 - accuracy: 0.3723
38/98 [==========>...................] - ETA: 7s - loss: 1.7512 - accuracy: 0.3745
39/98 [==========>...................] - ETA: 7s - loss: 1.7428 - accuracy: 0.3778
40/98 [===========>..................] - ETA: 6s - loss: 1.7367 - accuracy: 0.3793
41/98 [===========>..................] - ETA: 6s - loss: 1.7316 - accuracy: 0.3803
42/98 [===========>..................] - ETA: 6s - loss: 1.7271 - accuracy: 0.3823
43/98 [============>.................] - ETA: 6s - loss: 1.7224 - accuracy: 0.3836
44/98 [============>.................] - ETA: 6s - loss: 1.7167 - accuracy: 0.3869
45/98 [============>.................] - ETA: 6s - loss: 1.7128 - accuracy: 0.3881
46/98 [=============>................] - ETA: 6s - loss: 1.7079 - accuracy: 0.3905
47/98 [=============>................] - ETA: 6s - loss: 1.7045 - accuracy: 0.3922
48/98 [=============>................] - ETA: 6s - loss: 1.6996 - accuracy: 0.3941
49/98 [==============>...............] - ETA: 7s - loss: 1.6968 - accuracy: 0.3953
50/98 [==============>...............] - ETA: 7s - loss: 1.6927 - accuracy: 0.3967
51/98 [==============>...............] - ETA: 6s - loss: 1.6882 - accuracy: 0.3988
52/98 [==============>...............] - ETA: 6s - loss: 1.6855 - accuracy: 0.3998
53/98 [===============>..............] - ETA: 6s - loss: 1.6794 - accuracy: 0.4020
54/98 [===============>..............] - ETA: 6s - loss: 1.6743 - accuracy: 0.4038
55/98 [===============>..............] - ETA: 6s - loss: 1.6709 - accuracy: 0.4056
56/98 [================>.............] - ETA: 5s - loss: 1.6678 - accuracy: 0.4069
57/98 [================>.............] - ETA: 5s - loss: 1.6624 - accuracy: 0.4089
58/98 [================>.............] - ETA: 5s - loss: 1.6597 - accuracy: 0.4102
59/98 [=================>............] - ETA: 5s - loss: 1.6570 - accuracy: 0.4111
60/98 [=================>............] - ETA: 5s - loss: 1.6533 - accuracy: 0.4123
61/98 [=================>............] - ETA: 5s - loss: 1.6488 - accuracy: 0.4143
62/98 [=================>............] - ETA: 4s - loss: 1.6458 - accuracy: 0.4156
63/98 [==================>...........] - ETA: 4s - loss: 1.6415 - accuracy: 0.4170
64/98 [==================>...........] - ETA: 4s - loss: 1.6367 - accuracy: 0.4188
65/98 [==================>...........] - ETA: 4s - loss: 1.6324 - accuracy: 0.4204
66/98 [===================>..........] - ETA: 4s - loss: 1.6295 - accuracy: 0.4216
67/98 [===================>..........] - ETA: 4s - loss: 1.6254 - accuracy: 0.4234
68/98 [===================>..........] - ETA: 4s - loss: 1.6211 - accuracy: 0.4251
69/98 [====================>.........] - ETA: 3s - loss: 1.6169 - accuracy: 0.4268
70/98 [====================>.........] - ETA: 3s - loss: 1.6129 - accuracy: 0.4282
71/98 [====================>.........] - ETA: 3s - loss: 1.6093 - accuracy: 0.4293
72/98 [=====================>........] - ETA: 3s - loss: 1.6061 - accuracy: 0.4304
73/98 [=====================>........] - ETA: 3s - loss: 1.6035 - accuracy: 0.4312
74/98 [=====================>........] - ETA: 3s - loss: 1.6001 - accuracy: 0.4322
75/98 [=====================>........] - ETA: 3s - loss: 1.5974 - accuracy: 0.4331
76/98 [======================>.......] - ETA: 2s - loss: 1.5935 - accuracy: 0.4343
77/98 [======================>.......] - ETA: 2s - loss: 1.5917 - accuracy: 0.4353
78/98 [======================>.......] - ETA: 2s - loss: 1.5878 - accuracy: 0.4364
79/98 [=======================>......] - ETA: 2s - loss: 1.5851 - accuracy: 0.4371
80/98 [=======================>......] - ETA: 2s - loss: 1.5828 - accuracy: 0.4379
81/98 [=======================>......] - ETA: 2s - loss: 1.5800 - accuracy: 0.4387
82/98 [========================>.....] - ETA: 2s - loss: 1.5770 - accuracy: 0.4397
83/98 [========================>.....] - ETA: 2s - loss: 1.5738 - accuracy: 0.4408
84/98 [========================>.....] - ETA: 1s - loss: 1.5719 - accuracy: 0.4415
85/98 [=========================>....] - ETA: 1s - loss: 1.5696 - accuracy: 0.4422
86/98 [=========================>....] - ETA: 1s - loss: 1.5669 - accuracy: 0.4432
87/98 [=========================>....] - ETA: 1s - loss: 1.5640 - accuracy: 0.4446
88/98 [=========================>....] - ETA: 1s - loss: 1.5611 - accuracy: 0.4460
89/98 [==========================>...] - ETA: 1s - loss: 1.5582 - accuracy: 0.4471
90/98 [==========================>...] - ETA: 1s - loss: 1.5555 - accuracy: 0.4483
91/98 [==========================>...] - ETA: 0s - loss: 1.5534 - accuracy: 0.4491
92/98 [===========================>..] - ETA: 0s - loss: 1.5512 - accuracy: 0.4501
93/98 [===========================>..] - ETA: 0s - loss: 1.5486 - accuracy: 0.4509
94/98 [===========================>..] - ETA: 0s - loss: 1.5464 - accuracy: 0.4516
95/98 [============================>.] - ETA: 0s - loss: 1.5450 - accuracy: 0.4521
96/98 [============================>.] - ETA: 0s - loss: 1.5426 - accuracy: 0.4530
97/98 [============================>.] - ETA: 0s - loss: 1.5393 - accuracy: 0.4544
98/98 [==============================] - ETA: 0s - loss: 1.5365 - accuracy: 0.4552
98/98 [==============================] - 20s 146ms/step - loss: 1.5365 - accuracy: 0.4552 - val_loss: 2.0951 - val_accuracy: 0.3943
Epoch 2/118

 1/98 [..............................] - ETA: 10s - loss: 1.2408 - accuracy: 0.5977
 2/98 [..............................] - ETA: 6s - loss: 1.2794 - accuracy: 0.5684 
 3/98 [..............................] - ETA: 6s - loss: 1.3007 - accuracy: 0.5514
 4/98 [>.............................] - ETA: 6s - loss: 1.3094 - accuracy: 0.5415
 5/98 [>.............................] - ETA: 6s - loss: 1.2937 - accuracy: 0.5465
 6/98 [>.............................] - ETA: 6s - loss: 1.2839 - accuracy: 0.5531
 7/98 [=>............................] - ETA: 6s - loss: 1.2832 - accuracy: 0.5552
 8/98 [=>............................] - ETA: 7s - loss: 1.2773 - accuracy: 0.5586
 9/98 [=>............................] - ETA: 7s - loss: 1.2716 - accuracy: 0.5623
10/98 [==>...........................] - ETA: 7s - loss: 1.2654 - accuracy: 0.5627
11/98 [==>...........................] - ETA: 8s - loss: 1.2714 - accuracy: 0.5597
12/98 [==>...........................] - ETA: 8s - loss: 1.2659 - accuracy: 0.5605
13/98 [==>...........................] - ETA: 8s - loss: 1.2624 - accuracy: 0.5604
14/98 [===>..........................] - ETA: 8s - loss: 1.2618 - accuracy: 0.5607
15/98 [===>..........................] - ETA: 8s - loss: 1.2630 - accuracy: 0.5604
16/98 [===>..........................] - ETA: 8s - loss: 1.2617 - accuracy: 0.5607
17/98 [====>.........................] - ETA: 8s - loss: 1.2610 - accuracy: 0.5597
18/98 [====>.........................] - ETA: 8s - loss: 1.2599 - accuracy: 0.5598
19/98 [====>.........................] - ETA: 8s - loss: 1.2578 - accuracy: 0.5606
20/98 [=====>........................] - ETA: 8s - loss: 1.2593 - accuracy: 0.5589
21/98 [=====>........................] - ETA: 8s - loss: 1.2555 - accuracy: 0.5602
22/98 [=====>........................] - ETA: 8s - loss: 1.2521 - accuracy: 0.5629
23/98 [======>.......................] - ETA: 8s - loss: 1.2517 - accuracy: 0.5634
24/98 [======>.......................] - ETA: 8s - loss: 1.2516 - accuracy: 0.5637
25/98 [======>.......................] - ETA: 7s - loss: 1.2506 - accuracy: 0.5640
26/98 [======>.......................] - ETA: 7s - loss: 1.2485 - accuracy: 0.5639
27/98 [=======>......................] - ETA: 7s - loss: 1.2448 - accuracy: 0.5650
28/98 [=======>......................] - ETA: 7s - loss: 1.2410 - accuracy: 0.5665
29/98 [=======>......................] - ETA: 7s - loss: 1.2388 - accuracy: 0.5673
30/98 [========>.....................] - ETA: 7s - loss: 1.2382 - accuracy: 0.5675
31/98 [========>.....................] - ETA: 7s - loss: 1.2354 - accuracy: 0.5687
32/98 [========>.....................] - ETA: 7s - loss: 1.2356 - accuracy: 0.5682
33/98 [=========>....................] - ETA: 7s - loss: 1.2349 - accuracy: 0.5678
34/98 [=========>....................] - ETA: 7s - loss: 1.2366 - accuracy: 0.5669
35/98 [=========>....................] - ETA: 6s - loss: 1.2353 - accuracy: 0.5671
36/98 [==========>...................] - ETA: 6s - loss: 1.2356 - accuracy: 0.5663
37/98 [==========>...................] - ETA: 6s - loss: 1.2344 - accuracy: 0.5663
38/98 [==========>...................] - ETA: 6s - loss: 1.2309 - accuracy: 0.5680
39/98 [==========>...................] - ETA: 6s - loss: 1.2308 - accuracy: 0.5688
40/98 [===========>..................] - ETA: 6s - loss: 1.2296 - accuracy: 0.5695
41/98 [===========>..................] - ETA: 6s - loss: 1.2272 - accuracy: 0.5704
42/98 [===========>..................] - ETA: 6s - loss: 1.2272 - accuracy: 0.5702
43/98 [============>.................] - ETA: 6s - loss: 1.2266 - accuracy: 0.5701
44/98 [============>.................] - ETA: 6s - loss: 1.2256 - accuracy: 0.5705
45/98 [============>.................] - ETA: 6s - loss: 1.2246 - accuracy: 0.5705
46/98 [=============>................] - ETA: 5s - loss: 1.2245 - accuracy: 0.5705
47/98 [=============>................] - ETA: 5s - loss: 1.2246 - accuracy: 0.5702
48/98 [=============>................] - ETA: 5s - loss: 1.2241 - accuracy: 0.5696
49/98 [==============>...............] - ETA: 5s - loss: 1.2224 - accuracy: 0.5699
50/98 [==============>...............] - ETA: 5s - loss: 1.2216 - accuracy: 0.5706
51/98 [==============>...............] - ETA: 5s - loss: 1.2205 - accuracy: 0.5712
52/98 [==============>...............] - ETA: 5s - loss: 1.2189 - accuracy: 0.5721
53/98 [===============>..............] - ETA: 5s - loss: 1.2181 - accuracy: 0.5723
54/98 [===============>..............] - ETA: 5s - loss: 1.2176 - accuracy: 0.5729
55/98 [===============>..............] - ETA: 4s - loss: 1.2157 - accuracy: 0.5734
56/98 [================>.............] - ETA: 4s - loss: 1.2142 - accuracy: 0.5739
57/98 [================>.............] - ETA: 4s - loss: 1.2131 - accuracy: 0.5739
58/98 [================>.............] - ETA: 4s - loss: 1.2116 - accuracy: 0.5744
59/98 [=================>............] - ETA: 4s - loss: 1.2103 - accuracy: 0.5752
60/98 [=================>............] - ETA: 4s - loss: 1.2079 - accuracy: 0.5762
61/98 [=================>............] - ETA: 4s - loss: 1.2074 - accuracy: 0.5766
62/98 [=================>............] - ETA: 4s - loss: 1.2065 - accuracy: 0.5767
63/98 [==================>...........] - ETA: 4s - loss: 1.2068 - accuracy: 0.5766
64/98 [==================>...........] - ETA: 3s - loss: 1.2053 - accuracy: 0.5770
65/98 [==================>...........] - ETA: 3s - loss: 1.2054 - accuracy: 0.5768
66/98 [===================>..........] - ETA: 3s - loss: 1.2042 - accuracy: 0.5771
67/98 [===================>..........] - ETA: 3s - loss: 1.2034 - accuracy: 0.5772
68/98 [===================>..........] - ETA: 3s - loss: 1.2025 - accuracy: 0.5777
69/98 [====================>.........] - ETA: 3s - loss: 1.2006 - accuracy: 0.5788
70/98 [====================>.........] - ETA: 3s - loss: 1.1991 - accuracy: 0.5798
71/98 [====================>.........] - ETA: 3s - loss: 1.1975 - accuracy: 0.5806
72/98 [=====================>........] - ETA: 2s - loss: 1.1967 - accuracy: 0.5810
73/98 [=====================>........] - ETA: 2s - loss: 1.1959 - accuracy: 0.5814
74/98 [=====================>........] - ETA: 2s - loss: 1.1954 - accuracy: 0.5812
75/98 [=====================>........] - ETA: 2s - loss: 1.1948 - accuracy: 0.5817
76/98 [======================>.......] - ETA: 2s - loss: 1.1945 - accuracy: 0.5818
77/98 [======================>.......] - ETA: 2s - loss: 1.1944 - accuracy: 0.5816
78/98 [======================>.......] - ETA: 2s - loss: 1.1931 - accuracy: 0.5817
79/98 [=======================>......] - ETA: 2s - loss: 1.1922 - accuracy: 0.5820
80/98 [=======================>......] - ETA: 1s - loss: 1.1903 - accuracy: 0.5829
81/98 [=======================>......] - ETA: 1s - loss: 1.1896 - accuracy: 0.5833
82/98 [========================>.....] - ETA: 1s - loss: 1.1887 - accuracy: 0.5837
83/98 [========================>.....] - ETA: 1s - loss: 1.1882 - accuracy: 0.5841
84/98 [========================>.....] - ETA: 1s - loss: 1.1878 - accuracy: 0.5845
85/98 [=========================>....] - ETA: 1s - loss: 1.1873 - accuracy: 0.5845
86/98 [=========================>....] - ETA: 1s - loss: 1.1864 - accuracy: 0.5848
87/98 [=========================>....] - ETA: 1s - loss: 1.1848 - accuracy: 0.5854
88/98 [=========================>....] - ETA: 1s - loss: 1.1838 - accuracy: 0.5855
89/98 [==========================>...] - ETA: 0s - loss: 1.1835 - accuracy: 0.5856
90/98 [==========================>...] - ETA: 0s - loss: 1.1830 - accuracy: 0.5856
91/98 [==========================>...] - ETA: 0s - loss: 1.1820 - accuracy: 0.5862
92/98 [===========================>..] - ETA: 0s - loss: 1.1810 - accuracy: 0.5863
93/98 [===========================>..] - ETA: 0s - loss: 1.1795 - accuracy: 0.5869
94/98 [===========================>..] - ETA: 0s - loss: 1.1788 - accuracy: 0.5871
95/98 [============================>.] - ETA: 0s - loss: 1.1778 - accuracy: 0.5877
96/98 [============================>.] - ETA: 0s - loss: 1.1772 - accuracy: 0.5878
97/98 [============================>.] - ETA: 0s - loss: 1.1758 - accuracy: 0.5878
98/98 [==============================] - ETA: 0s - loss: 1.1755 - accuracy: 0.5880
98/98 [==============================] - 12s 123ms/step - loss: 1.1755 - accuracy: 0.5880 - val_loss: 1.8656 - val_accuracy: 0.4962
Epoch 3/118

 1/98 [..............................] - ETA: 12s - loss: 1.0760 - accuracy: 0.6094
 2/98 [..............................] - ETA: 11s - loss: 1.0354 - accuracy: 0.6357
 3/98 [..............................] - ETA: 11s - loss: 1.0434 - accuracy: 0.6328
 4/98 [>.............................] - ETA: 11s - loss: 1.0598 - accuracy: 0.6304
 5/98 [>.............................] - ETA: 11s - loss: 1.0641 - accuracy: 0.6258
 6/98 [>.............................] - ETA: 11s - loss: 1.0597 - accuracy: 0.6263
 7/98 [=>............................] - ETA: 11s - loss: 1.0592 - accuracy: 0.6264
 8/98 [=>............................] - ETA: 10s - loss: 1.0509 - accuracy: 0.6304
 9/98 [=>............................] - ETA: 10s - loss: 1.0496 - accuracy: 0.6315
10/98 [==>...........................] - ETA: 10s - loss: 1.0529 - accuracy: 0.6270
11/98 [==>...........................] - ETA: 10s - loss: 1.0556 - accuracy: 0.6268
12/98 [==>...........................] - ETA: 10s - loss: 1.0534 - accuracy: 0.6279
13/98 [==>...........................] - ETA: 10s - loss: 1.0564 - accuracy: 0.6273
14/98 [===>..........................] - ETA: 10s - loss: 1.0540 - accuracy: 0.6289
15/98 [===>..........................] - ETA: 10s - loss: 1.0554 - accuracy: 0.6279
16/98 [===>..........................] - ETA: 9s - loss: 1.0540 - accuracy: 0.6282 
17/98 [====>.........................] - ETA: 9s - loss: 1.0570 - accuracy: 0.6267
18/98 [====>.........................] - ETA: 9s - loss: 1.0557 - accuracy: 0.6267
19/98 [====>.........................] - ETA: 9s - loss: 1.0517 - accuracy: 0.6288
20/98 [=====>........................] - ETA: 9s - loss: 1.0538 - accuracy: 0.6289
21/98 [=====>........................] - ETA: 9s - loss: 1.0556 - accuracy: 0.6292
22/98 [=====>........................] - ETA: 9s - loss: 1.0537 - accuracy: 0.6283
23/98 [======>.......................] - ETA: 9s - loss: 1.0518 - accuracy: 0.6291
24/98 [======>.......................] - ETA: 8s - loss: 1.0546 - accuracy: 0.6292
25/98 [======>.......................] - ETA: 8s - loss: 1.0515 - accuracy: 0.6314
26/98 [======>.......................] - ETA: 8s - loss: 1.0487 - accuracy: 0.6318
27/98 [=======>......................] - ETA: 8s - loss: 1.0505 - accuracy: 0.6308
28/98 [=======>......................] - ETA: 7s - loss: 1.0524 - accuracy: 0.6300
29/98 [=======>......................] - ETA: 7s - loss: 1.0531 - accuracy: 0.6292
30/98 [========>.....................] - ETA: 7s - loss: 1.0534 - accuracy: 0.6295
31/98 [========>.....................] - ETA: 7s - loss: 1.0528 - accuracy: 0.6301
32/98 [========>.....................] - ETA: 7s - loss: 1.0523 - accuracy: 0.6303
33/98 [=========>....................] - ETA: 6s - loss: 1.0518 - accuracy: 0.6304
34/98 [=========>....................] - ETA: 6s - loss: 1.0500 - accuracy: 0.6309
35/98 [=========>....................] - ETA: 6s - loss: 1.0486 - accuracy: 0.6314
36/98 [==========>...................] - ETA: 6s - loss: 1.0487 - accuracy: 0.6321
37/98 [==========>...................] - ETA: 6s - loss: 1.0480 - accuracy: 0.6326
38/98 [==========>...................] - ETA: 6s - loss: 1.0454 - accuracy: 0.6338
39/98 [==========>...................] - ETA: 5s - loss: 1.0461 - accuracy: 0.6333
40/98 [===========>..................] - ETA: 5s - loss: 1.0449 - accuracy: 0.6340
41/98 [===========>..................] - ETA: 5s - loss: 1.0448 - accuracy: 0.6340
42/98 [===========>..................] - ETA: 5s - loss: 1.0467 - accuracy: 0.6336
43/98 [============>.................] - ETA: 5s - loss: 1.0479 - accuracy: 0.6330
44/98 [============>.................] - ETA: 5s - loss: 1.0465 - accuracy: 0.6339
45/98 [============>.................] - ETA: 5s - loss: 1.0460 - accuracy: 0.6339
46/98 [=============>................] - ETA: 5s - loss: 1.0457 - accuracy: 0.6341
47/98 [=============>................] - ETA: 5s - loss: 1.0445 - accuracy: 0.6346
48/98 [=============>................] - ETA: 5s - loss: 1.0455 - accuracy: 0.6345
49/98 [==============>...............] - ETA: 5s - loss: 1.0465 - accuracy: 0.6342
50/98 [==============>...............] - ETA: 5s - loss: 1.0457 - accuracy: 0.6346
51/98 [==============>...............] - ETA: 4s - loss: 1.0459 - accuracy: 0.6347
52/98 [==============>...............] - ETA: 4s - loss: 1.0454 - accuracy: 0.6348
53/98 [===============>..............] - ETA: 4s - loss: 1.0456 - accuracy: 0.6349
54/98 [===============>..............] - ETA: 4s - loss: 1.0465 - accuracy: 0.6348
55/98 [===============>..............] - ETA: 4s - loss: 1.0459 - accuracy: 0.6353
56/98 [================>.............] - ETA: 4s - loss: 1.0465 - accuracy: 0.6353
57/98 [================>.............] - ETA: 4s - loss: 1.0461 - accuracy: 0.6358
58/98 [================>.............] - ETA: 4s - loss: 1.0456 - accuracy: 0.6358
59/98 [=================>............] - ETA: 4s - loss: 1.0454 - accuracy: 0.6362
60/98 [=================>............] - ETA: 4s - loss: 1.0450 - accuracy: 0.6366
61/98 [=================>............] - ETA: 3s - loss: 1.0444 - accuracy: 0.6368
62/98 [=================>............] - ETA: 3s - loss: 1.0443 - accuracy: 0.6370
63/98 [==================>...........] - ETA: 3s - loss: 1.0449 - accuracy: 0.6369
64/98 [==================>...........] - ETA: 3s - loss: 1.0445 - accuracy: 0.6372
65/98 [==================>...........] - ETA: 3s - loss: 1.0424 - accuracy: 0.6382
66/98 [===================>..........] - ETA: 3s - loss: 1.0412 - accuracy: 0.6388
67/98 [===================>..........] - ETA: 3s - loss: 1.0414 - accuracy: 0.6386
68/98 [===================>..........] - ETA: 3s - loss: 1.0406 - accuracy: 0.6385
69/98 [====================>.........] - ETA: 3s - loss: 1.0409 - accuracy: 0.6382
70/98 [====================>.........] - ETA: 3s - loss: 1.0413 - accuracy: 0.6380
71/98 [====================>.........] - ETA: 2s - loss: 1.0414 - accuracy: 0.6379
72/98 [=====================>........] - ETA: 2s - loss: 1.0410 - accuracy: 0.6383
73/98 [=====================>........] - ETA: 2s - loss: 1.0413 - accuracy: 0.6381
74/98 [=====================>........] - ETA: 2s - loss: 1.0400 - accuracy: 0.6383
75/98 [=====================>........] - ETA: 2s - loss: 1.0387 - accuracy: 0.6390
76/98 [======================>.......] - ETA: 2s - loss: 1.0388 - accuracy: 0.6391
77/98 [======================>.......] - ETA: 2s - loss: 1.0390 - accuracy: 0.6388
78/98 [======================>.......] - ETA: 2s - loss: 1.0382 - accuracy: 0.6390
79/98 [=======================>......] - ETA: 2s - loss: 1.0380 - accuracy: 0.6391
80/98 [=======================>......] - ETA: 1s - loss: 1.0382 - accuracy: 0.6390
81/98 [=======================>......] - ETA: 1s - loss: 1.0374 - accuracy: 0.6392
82/98 [========================>.....] - ETA: 1s - loss: 1.0376 - accuracy: 0.6394
83/98 [========================>.....] - ETA: 1s - loss: 1.0382 - accuracy: 0.6393
84/98 [========================>.....] - ETA: 1s - loss: 1.0382 - accuracy: 0.6393
85/98 [=========================>....] - ETA: 1s - loss: 1.0372 - accuracy: 0.6399
86/98 [=========================>....] - ETA: 1s - loss: 1.0372 - accuracy: 0.6399
87/98 [=========================>....] - ETA: 1s - loss: 1.0364 - accuracy: 0.6401
88/98 [=========================>....] - ETA: 1s - loss: 1.0363 - accuracy: 0.6400
89/98 [==========================>...] - ETA: 1s - loss: 1.0356 - accuracy: 0.6403
90/98 [==========================>...] - ETA: 0s - loss: 1.0356 - accuracy: 0.6401
91/98 [==========================>...] - ETA: 0s - loss: 1.0349 - accuracy: 0.6405
92/98 [===========================>..] - ETA: 0s - loss: 1.0346 - accuracy: 0.6406
93/98 [===========================>..] - ETA: 0s - loss: 1.0347 - accuracy: 0.6407
94/98 [===========================>..] - ETA: 0s - loss: 1.0339 - accuracy: 0.6411
95/98 [============================>.] - ETA: 0s - loss: 1.0335 - accuracy: 0.6412
96/98 [============================>.] - ETA: 0s - loss: 1.0330 - accuracy: 0.6417
97/98 [============================>.] - ETA: 0s - loss: 1.0324 - accuracy: 0.6419
98/98 [==============================] - ETA: 0s - loss: 1.0321 - accuracy: 0.6421
98/98 [==============================] - 12s 120ms/step - loss: 1.0321 - accuracy: 0.6421 - val_loss: 1.6282 - val_accuracy: 0.5271
Epoch 4/118

 1/98 [..............................] - ETA: 13s - loss: 0.8961 - accuracy: 0.6914
 2/98 [..............................] - ETA: 10s - loss: 0.9222 - accuracy: 0.6904
 3/98 [..............................] - ETA: 11s - loss: 0.9280 - accuracy: 0.6777
 4/98 [>.............................] - ETA: 11s - loss: 0.9263 - accuracy: 0.6748
 5/98 [>.............................] - ETA: 10s - loss: 0.9329 - accuracy: 0.6762
 6/98 [>.............................] - ETA: 10s - loss: 0.9418 - accuracy: 0.6774
 7/98 [=>............................] - ETA: 10s - loss: 0.9448 - accuracy: 0.6747
 8/98 [=>............................] - ETA: 10s - loss: 0.9410 - accuracy: 0.6775
 9/98 [=>............................] - ETA: 10s - loss: 0.9330 - accuracy: 0.6803
10/98 [==>...........................] - ETA: 10s - loss: 0.9306 - accuracy: 0.6812
11/98 [==>...........................] - ETA: 10s - loss: 0.9286 - accuracy: 0.6820
12/98 [==>...........................] - ETA: 10s - loss: 0.9361 - accuracy: 0.6795
13/98 [==>...........................] - ETA: 10s - loss: 0.9368 - accuracy: 0.6809
14/98 [===>..........................] - ETA: 10s - loss: 0.9400 - accuracy: 0.6795
15/98 [===>..........................] - ETA: 9s - loss: 0.9386 - accuracy: 0.6797 
16/98 [===>..........................] - ETA: 9s - loss: 0.9384 - accuracy: 0.6783
17/98 [====>.........................] - ETA: 9s - loss: 0.9411 - accuracy: 0.6774
18/98 [====>.........................] - ETA: 9s - loss: 0.9386 - accuracy: 0.6781
19/98 [====>.........................] - ETA: 9s - loss: 0.9420 - accuracy: 0.6754
20/98 [=====>........................] - ETA: 9s - loss: 0.9386 - accuracy: 0.6763
21/98 [=====>........................] - ETA: 9s - loss: 0.9342 - accuracy: 0.6775
22/98 [=====>........................] - ETA: 9s - loss: 0.9370 - accuracy: 0.6764
23/98 [======>.......................] - ETA: 8s - loss: 0.9391 - accuracy: 0.6757
24/98 [======>.......................] - ETA: 8s - loss: 0.9400 - accuracy: 0.6749
25/98 [======>.......................] - ETA: 8s - loss: 0.9388 - accuracy: 0.6757
26/98 [======>.......................] - ETA: 8s - loss: 0.9401 - accuracy: 0.6759
27/98 [=======>......................] - ETA: 8s - loss: 0.9422 - accuracy: 0.6755
28/98 [=======>......................] - ETA: 8s - loss: 0.9426 - accuracy: 0.6758
29/98 [=======>......................] - ETA: 8s - loss: 0.9428 - accuracy: 0.6756
30/98 [========>.....................] - ETA: 8s - loss: 0.9444 - accuracy: 0.6754
31/98 [========>.....................] - ETA: 7s - loss: 0.9456 - accuracy: 0.6748
32/98 [========>.....................] - ETA: 7s - loss: 0.9453 - accuracy: 0.6758
33/98 [=========>....................] - ETA: 7s - loss: 0.9460 - accuracy: 0.6754
34/98 [=========>....................] - ETA: 7s - loss: 0.9460 - accuracy: 0.6748
35/98 [=========>....................] - ETA: 7s - loss: 0.9464 - accuracy: 0.6749
36/98 [==========>...................] - ETA: 7s - loss: 0.9477 - accuracy: 0.6748
37/98 [==========>...................] - ETA: 7s - loss: 0.9462 - accuracy: 0.6752
38/98 [==========>...................] - ETA: 7s - loss: 0.9460 - accuracy: 0.6751
39/98 [==========>...................] - ETA: 7s - loss: 0.9479 - accuracy: 0.6742
40/98 [===========>..................] - ETA: 6s - loss: 0.9484 - accuracy: 0.6740
41/98 [===========>..................] - ETA: 6s - loss: 0.9480 - accuracy: 0.6745
42/98 [===========>..................] - ETA: 6s - loss: 0.9473 - accuracy: 0.6747
43/98 [============>.................] - ETA: 6s - loss: 0.9464 - accuracy: 0.6753
44/98 [============>.................] - ETA: 6s - loss: 0.9467 - accuracy: 0.6752
45/98 [============>.................] - ETA: 6s - loss: 0.9464 - accuracy: 0.6748
46/98 [=============>................] - ETA: 6s - loss: 0.9452 - accuracy: 0.6754
47/98 [=============>................] - ETA: 6s - loss: 0.9458 - accuracy: 0.6756
48/98 [=============>................] - ETA: 5s - loss: 0.9467 - accuracy: 0.6754
49/98 [==============>...............] - ETA: 5s - loss: 0.9457 - accuracy: 0.6757
50/98 [==============>...............] - ETA: 5s - loss: 0.9441 - accuracy: 0.6763
51/98 [==============>...............] - ETA: 5s - loss: 0.9437 - accuracy: 0.6764
52/98 [==============>...............] - ETA: 5s - loss: 0.9441 - accuracy: 0.6761
53/98 [===============>..............] - ETA: 5s - loss: 0.9443 - accuracy: 0.6766
54/98 [===============>..............] - ETA: 5s - loss: 0.9441 - accuracy: 0.6766
55/98 [===============>..............] - ETA: 5s - loss: 0.9441 - accuracy: 0.6764
56/98 [================>.............] - ETA: 5s - loss: 0.9444 - accuracy: 0.6762
57/98 [================>.............] - ETA: 4s - loss: 0.9438 - accuracy: 0.6763
58/98 [================>.............] - ETA: 4s - loss: 0.9450 - accuracy: 0.6759
59/98 [=================>............] - ETA: 4s - loss: 0.9448 - accuracy: 0.6758
60/98 [=================>............] - ETA: 4s - loss: 0.9446 - accuracy: 0.6759
61/98 [=================>............] - ETA: 4s - loss: 0.9449 - accuracy: 0.6758
62/98 [=================>............] - ETA: 4s - loss: 0.9454 - accuracy: 0.6752
63/98 [==================>...........] - ETA: 4s - loss: 0.9456 - accuracy: 0.6752
64/98 [==================>...........] - ETA: 3s - loss: 0.9449 - accuracy: 0.6755
65/98 [==================>...........] - ETA: 3s - loss: 0.9449 - accuracy: 0.6757
66/98 [===================>..........] - ETA: 3s - loss: 0.9450 - accuracy: 0.6755
67/98 [===================>..........] - ETA: 3s - loss: 0.9456 - accuracy: 0.6752
68/98 [===================>..........] - ETA: 3s - loss: 0.9452 - accuracy: 0.6752
69/98 [====================>.........] - ETA: 3s - loss: 0.9457 - accuracy: 0.6751
70/98 [====================>.........] - ETA: 3s - loss: 0.9462 - accuracy: 0.6749
71/98 [====================>.........] - ETA: 2s - loss: 0.9463 - accuracy: 0.6747
72/98 [=====================>........] - ETA: 2s - loss: 0.9458 - accuracy: 0.6753
73/98 [=====================>........] - ETA: 2s - loss: 0.9458 - accuracy: 0.6751
74/98 [=====================>........] - ETA: 2s - loss: 0.9458 - accuracy: 0.6750
75/98 [=====================>........] - ETA: 2s - loss: 0.9463 - accuracy: 0.6749
76/98 [======================>.......] - ETA: 2s - loss: 0.9455 - accuracy: 0.6750
77/98 [======================>.......] - ETA: 2s - loss: 0.9446 - accuracy: 0.6753
78/98 [======================>.......] - ETA: 2s - loss: 0.9438 - accuracy: 0.6757
79/98 [=======================>......] - ETA: 2s - loss: 0.9444 - accuracy: 0.6754
80/98 [=======================>......] - ETA: 1s - loss: 0.9439 - accuracy: 0.6756
81/98 [=======================>......] - ETA: 1s - loss: 0.9437 - accuracy: 0.6755
82/98 [========================>.....] - ETA: 1s - loss: 0.9433 - accuracy: 0.6757
83/98 [========================>.....] - ETA: 1s - loss: 0.9422 - accuracy: 0.6763
84/98 [========================>.....] - ETA: 1s - loss: 0.9421 - accuracy: 0.6763
85/98 [=========================>....] - ETA: 1s - loss: 0.9407 - accuracy: 0.6769
86/98 [=========================>....] - ETA: 1s - loss: 0.9410 - accuracy: 0.6770
87/98 [=========================>....] - ETA: 1s - loss: 0.9406 - accuracy: 0.6771
88/98 [=========================>....] - ETA: 1s - loss: 0.9399 - accuracy: 0.6774
89/98 [==========================>...] - ETA: 1s - loss: 0.9398 - accuracy: 0.6775
90/98 [==========================>...] - ETA: 0s - loss: 0.9394 - accuracy: 0.6775
91/98 [==========================>...] - ETA: 0s - loss: 0.9394 - accuracy: 0.6776
92/98 [===========================>..] - ETA: 0s - loss: 0.9396 - accuracy: 0.6776
93/98 [===========================>..] - ETA: 0s - loss: 0.9398 - accuracy: 0.6775
94/98 [===========================>..] - ETA: 0s - loss: 0.9399 - accuracy: 0.6774
95/98 [============================>.] - ETA: 0s - loss: 0.9393 - accuracy: 0.6777
96/98 [============================>.] - ETA: 0s - loss: 0.9387 - accuracy: 0.6780
97/98 [============================>.] - ETA: 0s - loss: 0.9391 - accuracy: 0.6779
98/98 [==============================] - ETA: 0s - loss: 0.9384 - accuracy: 0.6782
98/98 [==============================] - 12s 126ms/step - loss: 0.9384 - accuracy: 0.6782 - val_loss: 1.3898 - val_accuracy: 0.5672
Epoch 5/118

 1/98 [..............................] - ETA: 12s - loss: 0.7989 - accuracy: 0.7441
 2/98 [..............................] - ETA: 11s - loss: 0.8171 - accuracy: 0.7197
 3/98 [..............................] - ETA: 11s - loss: 0.8370 - accuracy: 0.7090
 4/98 [>.............................] - ETA: 11s - loss: 0.8385 - accuracy: 0.7080
 5/98 [>.............................] - ETA: 11s - loss: 0.8339 - accuracy: 0.7059
 6/98 [>.............................] - ETA: 11s - loss: 0.8340 - accuracy: 0.7067
 7/98 [=>............................] - ETA: 11s - loss: 0.8477 - accuracy: 0.7045
 8/98 [=>............................] - ETA: 11s - loss: 0.8559 - accuracy: 0.7014
 9/98 [=>............................] - ETA: 10s - loss: 0.8545 - accuracy: 0.7044
10/98 [==>...........................] - ETA: 10s - loss: 0.8552 - accuracy: 0.7057
11/98 [==>...........................] - ETA: 10s - loss: 0.8519 - accuracy: 0.7060
12/98 [==>...........................] - ETA: 10s - loss: 0.8548 - accuracy: 0.7054
13/98 [==>...........................] - ETA: 10s - loss: 0.8580 - accuracy: 0.7037
14/98 [===>..........................] - ETA: 10s - loss: 0.8631 - accuracy: 0.7002
15/98 [===>..........................] - ETA: 9s - loss: 0.8592 - accuracy: 0.7038 
16/98 [===>..........................] - ETA: 9s - loss: 0.8624 - accuracy: 0.7050
17/98 [====>.........................] - ETA: 9s - loss: 0.8618 - accuracy: 0.7052
18/98 [====>.........................] - ETA: 8s - loss: 0.8576 - accuracy: 0.7068
19/98 [====>.........................] - ETA: 8s - loss: 0.8602 - accuracy: 0.7059
20/98 [=====>........................] - ETA: 8s - loss: 0.8606 - accuracy: 0.7051
21/98 [=====>........................] - ETA: 8s - loss: 0.8599 - accuracy: 0.7059
22/98 [=====>........................] - ETA: 7s - loss: 0.8607 - accuracy: 0.7064
23/98 [======>.......................] - ETA: 7s - loss: 0.8619 - accuracy: 0.7052
24/98 [======>.......................] - ETA: 7s - loss: 0.8600 - accuracy: 0.7059
25/98 [======>.......................] - ETA: 7s - loss: 0.8608 - accuracy: 0.7059
26/98 [======>.......................] - ETA: 7s - loss: 0.8606 - accuracy: 0.7055
27/98 [=======>......................] - ETA: 6s - loss: 0.8585 - accuracy: 0.7063
28/98 [=======>......................] - ETA: 6s - loss: 0.8614 - accuracy: 0.7054
29/98 [=======>......................] - ETA: 6s - loss: 0.8629 - accuracy: 0.7052
30/98 [========>.....................] - ETA: 6s - loss: 0.8622 - accuracy: 0.7050
31/98 [========>.....................] - ETA: 6s - loss: 0.8623 - accuracy: 0.7050
32/98 [========>.....................] - ETA: 6s - loss: 0.8634 - accuracy: 0.7053
33/98 [=========>....................] - ETA: 6s - loss: 0.8642 - accuracy: 0.7045
34/98 [=========>....................] - ETA: 6s - loss: 0.8616 - accuracy: 0.7059
35/98 [=========>....................] - ETA: 6s - loss: 0.8620 - accuracy: 0.7057
36/98 [==========>...................] - ETA: 6s - loss: 0.8617 - accuracy: 0.7058
37/98 [==========>...................] - ETA: 6s - loss: 0.8621 - accuracy: 0.7059
38/98 [==========>...................] - ETA: 6s - loss: 0.8629 - accuracy: 0.7059
39/98 [==========>...................] - ETA: 5s - loss: 0.8644 - accuracy: 0.7051
40/98 [===========>..................] - ETA: 5s - loss: 0.8629 - accuracy: 0.7056
41/98 [===========>..................] - ETA: 5s - loss: 0.8663 - accuracy: 0.7044
42/98 [===========>..................] - ETA: 5s - loss: 0.8657 - accuracy: 0.7046
43/98 [============>.................] - ETA: 5s - loss: 0.8641 - accuracy: 0.7056
44/98 [============>.................] - ETA: 5s - loss: 0.8645 - accuracy: 0.7055
45/98 [============>.................] - ETA: 5s - loss: 0.8657 - accuracy: 0.7047
46/98 [=============>................] - ETA: 5s - loss: 0.8651 - accuracy: 0.7052
47/98 [=============>................] - ETA: 5s - loss: 0.8648 - accuracy: 0.7051
48/98 [=============>................] - ETA: 5s - loss: 0.8661 - accuracy: 0.7044
