2024-06-26 06:02:03.325177: I tensorflow/core/platform/cpu_feature_guard.cc:193] This TensorFlow binary is optimized with oneAPI Deep Neural Network Library (oneDNN) to use the following CPU instructions in performance-critical operations:  AVX AVX2
To enable them in other operations, rebuild TensorFlow with the appropriate compiler flags.
2024-06-26 06:02:04.282095: I tensorflow/core/common_runtime/gpu/gpu_device.cc:1616] Created device /job:localhost/replica:0/task:0/device:GPU:0 with 6656 MB memory:  -> device: 0, name: NVIDIA GeForce RTX 4060 Ti, pci bus id: 0000:01:00.0, compute capability: 8.9
1 Physical GPUs, 1 Logical GPUs
Model: "sequential"
_________________________________________________________________
 Layer (type)                Output Shape              Param #   
=================================================================
 conv2d (Conv2D)             (None, 32, 32, 32)        896       
                                                                 
 max_pooling2d (MaxPooling2D  (None, 16, 16, 32)       0         
 )                                                               
                                                                 
 batch_normalization (BatchN  (None, 16, 16, 32)       128       
 ormalization)                                                   
                                                                 
 conv2d_1 (Conv2D)           (None, 16, 16, 256)       401664    
                                                                 
 dropout (Dropout)           (None, 16, 16, 256)       0         
                                                                 
 flatten (Flatten)           (None, 65536)             0         
                                                                 
 dense (Dense)               (None, 10)                655370    
                                                                 
=================================================================
Total params: 1,058,058
Trainable params: 1,057,994
Non-trainable params: 64
_________________________________________________________________
Taxa de aprendizado:  0.0001 Num de épocas:  118 Tamanho do lote:  512 Dropout:  0.16174
Epoch 1/118
2024-06-26 06:02:06.093185: I tensorflow/stream_executor/cuda/cuda_dnn.cc:384] Loaded cuDNN version 8100
2024-06-26 06:02:07.517800: W tensorflow/stream_executor/gpu/redzone_allocator.cc:314] INTERNAL: ptxas exited with non-zero error code -1, output: 
Relying on driver to perform ptx compilation. 
Modify $PATH to customize ptxas location.
This message will be only logged once.
2024-06-26 06:02:09.574099: I tensorflow/stream_executor/cuda/cuda_blas.cc:1614] TensorFloat-32 will be used for the matrix multiplication. This will only be logged once.

 1/98 [..............................] - ETA: 12:40 - loss: 2.3720 - accuracy: 0.0938
 2/98 [..............................] - ETA: 10s - loss: 2.2990 - accuracy: 0.1367  
 3/98 [..............................] - ETA: 10s - loss: 2.2469 - accuracy: 0.1608
 4/98 [>.............................] - ETA: 10s - loss: 2.1981 - accuracy: 0.1841
 5/98 [>.............................] - ETA: 10s - loss: 2.1527 - accuracy: 0.2098
 6/98 [>.............................] - ETA: 10s - loss: 2.1207 - accuracy: 0.2262
 7/98 [=>............................] - ETA: 10s - loss: 2.0871 - accuracy: 0.2416
 8/98 [=>............................] - ETA: 10s - loss: 2.0517 - accuracy: 0.2544
 9/98 [=>............................] - ETA: 9s - loss: 2.0335 - accuracy: 0.2624 
10/98 [==>...........................] - ETA: 9s - loss: 2.0131 - accuracy: 0.2727
11/98 [==>...........................] - ETA: 9s - loss: 1.9963 - accuracy: 0.2812
12/98 [==>...........................] - ETA: 9s - loss: 1.9792 - accuracy: 0.2896
13/98 [==>...........................] - ETA: 9s - loss: 1.9686 - accuracy: 0.2934
14/98 [===>..........................] - ETA: 9s - loss: 1.9501 - accuracy: 0.3008
15/98 [===>..........................] - ETA: 9s - loss: 1.9371 - accuracy: 0.3078
16/98 [===>..........................] - ETA: 9s - loss: 1.9208 - accuracy: 0.3157
17/98 [====>.........................] - ETA: 9s - loss: 1.9058 - accuracy: 0.3227
18/98 [====>.........................] - ETA: 8s - loss: 1.8946 - accuracy: 0.3254
19/98 [====>.........................] - ETA: 8s - loss: 1.8852 - accuracy: 0.3293
20/98 [=====>........................] - ETA: 8s - loss: 1.8724 - accuracy: 0.3340
21/98 [=====>........................] - ETA: 8s - loss: 1.8606 - accuracy: 0.3372
22/98 [=====>........................] - ETA: 8s - loss: 1.8512 - accuracy: 0.3417
23/98 [======>.......................] - ETA: 8s - loss: 1.8426 - accuracy: 0.3446
24/98 [======>.......................] - ETA: 8s - loss: 1.8339 - accuracy: 0.3488
25/98 [======>.......................] - ETA: 8s - loss: 1.8233 - accuracy: 0.3541
26/98 [======>.......................] - ETA: 8s - loss: 1.8146 - accuracy: 0.3579
27/98 [=======>......................] - ETA: 7s - loss: 1.8054 - accuracy: 0.3618
28/98 [=======>......................] - ETA: 7s - loss: 1.7964 - accuracy: 0.3651
29/98 [=======>......................] - ETA: 7s - loss: 1.7872 - accuracy: 0.3691
30/98 [========>.....................] - ETA: 7s - loss: 1.7811 - accuracy: 0.3701
31/98 [========>.....................] - ETA: 7s - loss: 1.7742 - accuracy: 0.3721
32/98 [========>.....................] - ETA: 7s - loss: 1.7651 - accuracy: 0.3749
33/98 [=========>....................] - ETA: 7s - loss: 1.7588 - accuracy: 0.3782
34/98 [=========>....................] - ETA: 7s - loss: 1.7526 - accuracy: 0.3813
35/98 [=========>....................] - ETA: 7s - loss: 1.7466 - accuracy: 0.3827
36/98 [==========>...................] - ETA: 6s - loss: 1.7393 - accuracy: 0.3859
37/98 [==========>...................] - ETA: 6s - loss: 1.7329 - accuracy: 0.3885
38/98 [==========>...................] - ETA: 6s - loss: 1.7259 - accuracy: 0.3911
39/98 [==========>...................] - ETA: 6s - loss: 1.7199 - accuracy: 0.3932
40/98 [===========>..................] - ETA: 6s - loss: 1.7141 - accuracy: 0.3955
41/98 [===========>..................] - ETA: 6s - loss: 1.7079 - accuracy: 0.3980
42/98 [===========>..................] - ETA: 6s - loss: 1.7033 - accuracy: 0.3992
43/98 [============>.................] - ETA: 6s - loss: 1.6976 - accuracy: 0.4014
44/98 [============>.................] - ETA: 6s - loss: 1.6922 - accuracy: 0.4038
45/98 [============>.................] - ETA: 5s - loss: 1.6855 - accuracy: 0.4062
46/98 [=============>................] - ETA: 5s - loss: 1.6819 - accuracy: 0.4071
47/98 [=============>................] - ETA: 5s - loss: 1.6785 - accuracy: 0.4081
48/98 [=============>................] - ETA: 5s - loss: 1.6745 - accuracy: 0.4097
49/98 [==============>...............] - ETA: 5s - loss: 1.6707 - accuracy: 0.4106
50/98 [==============>...............] - ETA: 5s - loss: 1.6650 - accuracy: 0.4127
51/98 [==============>...............] - ETA: 5s - loss: 1.6609 - accuracy: 0.4143
52/98 [==============>...............] - ETA: 5s - loss: 1.6568 - accuracy: 0.4166
53/98 [===============>..............] - ETA: 5s - loss: 1.6518 - accuracy: 0.4183
54/98 [===============>..............] - ETA: 4s - loss: 1.6478 - accuracy: 0.4198
55/98 [===============>..............] - ETA: 4s - loss: 1.6430 - accuracy: 0.4212
56/98 [================>.............] - ETA: 4s - loss: 1.6392 - accuracy: 0.4227
57/98 [================>.............] - ETA: 4s - loss: 1.6345 - accuracy: 0.4244
58/98 [================>.............] - ETA: 4s - loss: 1.6309 - accuracy: 0.4260
59/98 [=================>............] - ETA: 4s - loss: 1.6277 - accuracy: 0.4272
60/98 [=================>............] - ETA: 4s - loss: 1.6234 - accuracy: 0.4286
61/98 [=================>............] - ETA: 4s - loss: 1.6190 - accuracy: 0.4302
62/98 [=================>............] - ETA: 3s - loss: 1.6165 - accuracy: 0.4311
63/98 [==================>...........] - ETA: 3s - loss: 1.6132 - accuracy: 0.4319
64/98 [==================>...........] - ETA: 3s - loss: 1.6099 - accuracy: 0.4333
65/98 [==================>...........] - ETA: 3s - loss: 1.6060 - accuracy: 0.4347
66/98 [===================>..........] - ETA: 3s - loss: 1.6024 - accuracy: 0.4360
67/98 [===================>..........] - ETA: 4s - loss: 1.6001 - accuracy: 0.4366
68/98 [===================>..........] - ETA: 4s - loss: 1.5970 - accuracy: 0.4372
69/98 [====================>.........] - ETA: 3s - loss: 1.5950 - accuracy: 0.4378
70/98 [====================>.........] - ETA: 3s - loss: 1.5917 - accuracy: 0.4390
71/98 [====================>.........] - ETA: 3s - loss: 1.5884 - accuracy: 0.4404
72/98 [=====================>........] - ETA: 3s - loss: 1.5863 - accuracy: 0.4415
73/98 [=====================>........] - ETA: 3s - loss: 1.5829 - accuracy: 0.4427
74/98 [=====================>........] - ETA: 3s - loss: 1.5791 - accuracy: 0.4442
75/98 [=====================>........] - ETA: 3s - loss: 1.5757 - accuracy: 0.4455
76/98 [======================>.......] - ETA: 2s - loss: 1.5730 - accuracy: 0.4469
77/98 [======================>.......] - ETA: 2s - loss: 1.5715 - accuracy: 0.4469
78/98 [======================>.......] - ETA: 2s - loss: 1.5693 - accuracy: 0.4479
79/98 [=======================>......] - ETA: 2s - loss: 1.5675 - accuracy: 0.4486
80/98 [=======================>......] - ETA: 2s - loss: 1.5652 - accuracy: 0.4492
81/98 [=======================>......] - ETA: 2s - loss: 1.5612 - accuracy: 0.4506
82/98 [========================>.....] - ETA: 2s - loss: 1.5588 - accuracy: 0.4513
83/98 [========================>.....] - ETA: 1s - loss: 1.5560 - accuracy: 0.4522
84/98 [========================>.....] - ETA: 1s - loss: 1.5538 - accuracy: 0.4529
85/98 [=========================>....] - ETA: 1s - loss: 1.5517 - accuracy: 0.4538
86/98 [=========================>....] - ETA: 1s - loss: 1.5487 - accuracy: 0.4548
87/98 [=========================>....] - ETA: 1s - loss: 1.5469 - accuracy: 0.4555
88/98 [=========================>....] - ETA: 1s - loss: 1.5439 - accuracy: 0.4566
89/98 [==========================>...] - ETA: 1s - loss: 1.5417 - accuracy: 0.4574
90/98 [==========================>...] - ETA: 1s - loss: 1.5393 - accuracy: 0.4582
91/98 [==========================>...] - ETA: 0s - loss: 1.5373 - accuracy: 0.4589
92/98 [===========================>..] - ETA: 0s - loss: 1.5337 - accuracy: 0.4604
93/98 [===========================>..] - ETA: 0s - loss: 1.5310 - accuracy: 0.4613
94/98 [===========================>..] - ETA: 0s - loss: 1.5282 - accuracy: 0.4623
95/98 [============================>.] - ETA: 0s - loss: 1.5258 - accuracy: 0.4632
96/98 [============================>.] - ETA: 0s - loss: 1.5233 - accuracy: 0.4640
97/98 [============================>.] - ETA: 0s - loss: 1.5215 - accuracy: 0.4646
98/98 [==============================] - ETA: 0s - loss: 1.5194 - accuracy: 0.4654
98/98 [==============================] - 22s 145ms/step - loss: 1.5194 - accuracy: 0.4654 - val_loss: 2.0555 - val_accuracy: 0.3321
Epoch 2/118

 1/98 [..............................] - ETA: 12s - loss: 1.2181 - accuracy: 0.5996
 2/98 [..............................] - ETA: 12s - loss: 1.1957 - accuracy: 0.5957
 3/98 [..............................] - ETA: 11s - loss: 1.2023 - accuracy: 0.5833
 4/98 [>.............................] - ETA: 10s - loss: 1.2048 - accuracy: 0.5771
 5/98 [>.............................] - ETA: 10s - loss: 1.2167 - accuracy: 0.5684
 6/98 [>.............................] - ETA: 10s - loss: 1.2145 - accuracy: 0.5697
 7/98 [=>............................] - ETA: 10s - loss: 1.2068 - accuracy: 0.5711
 8/98 [=>............................] - ETA: 10s - loss: 1.2040 - accuracy: 0.5774
 9/98 [=>............................] - ETA: 10s - loss: 1.2078 - accuracy: 0.5777
10/98 [==>...........................] - ETA: 9s - loss: 1.2114 - accuracy: 0.5781 
11/98 [==>...........................] - ETA: 9s - loss: 1.2177 - accuracy: 0.5763
12/98 [==>...........................] - ETA: 9s - loss: 1.2259 - accuracy: 0.5747
13/98 [==>...........................] - ETA: 9s - loss: 1.2258 - accuracy: 0.5738
14/98 [===>..........................] - ETA: 9s - loss: 1.2256 - accuracy: 0.5724
15/98 [===>..........................] - ETA: 9s - loss: 1.2288 - accuracy: 0.5716
16/98 [===>..........................] - ETA: 9s - loss: 1.2243 - accuracy: 0.5736
17/98 [====>.........................] - ETA: 9s - loss: 1.2204 - accuracy: 0.5749
18/98 [====>.........................] - ETA: 8s - loss: 1.2178 - accuracy: 0.5764
19/98 [====>.........................] - ETA: 8s - loss: 1.2152 - accuracy: 0.5771
20/98 [=====>........................] - ETA: 8s - loss: 1.2149 - accuracy: 0.5772
21/98 [=====>........................] - ETA: 8s - loss: 1.2116 - accuracy: 0.5782
22/98 [=====>........................] - ETA: 8s - loss: 1.2123 - accuracy: 0.5772
23/98 [======>.......................] - ETA: 8s - loss: 1.2107 - accuracy: 0.5768
24/98 [======>.......................] - ETA: 8s - loss: 1.2121 - accuracy: 0.5758
25/98 [======>.......................] - ETA: 8s - loss: 1.2116 - accuracy: 0.5767
26/98 [======>.......................] - ETA: 8s - loss: 1.2127 - accuracy: 0.5764
27/98 [=======>......................] - ETA: 7s - loss: 1.2133 - accuracy: 0.5759
28/98 [=======>......................] - ETA: 7s - loss: 1.2119 - accuracy: 0.5758
29/98 [=======>......................] - ETA: 7s - loss: 1.2102 - accuracy: 0.5766
30/98 [========>.....................] - ETA: 7s - loss: 1.2086 - accuracy: 0.5766
31/98 [========>.....................] - ETA: 7s - loss: 1.2086 - accuracy: 0.5779
32/98 [========>.....................] - ETA: 7s - loss: 1.2095 - accuracy: 0.5770
33/98 [=========>....................] - ETA: 7s - loss: 1.2089 - accuracy: 0.5777
34/98 [=========>....................] - ETA: 7s - loss: 1.2089 - accuracy: 0.5775
35/98 [=========>....................] - ETA: 7s - loss: 1.2077 - accuracy: 0.5782
36/98 [==========>...................] - ETA: 6s - loss: 1.2069 - accuracy: 0.5792
37/98 [==========>...................] - ETA: 6s - loss: 1.2055 - accuracy: 0.5797
38/98 [==========>...................] - ETA: 6s - loss: 1.2063 - accuracy: 0.5793
39/98 [==========>...................] - ETA: 6s - loss: 1.2060 - accuracy: 0.5798
40/98 [===========>..................] - ETA: 6s - loss: 1.2053 - accuracy: 0.5803
41/98 [===========>..................] - ETA: 6s - loss: 1.2039 - accuracy: 0.5814
42/98 [===========>..................] - ETA: 6s - loss: 1.2026 - accuracy: 0.5817
43/98 [============>.................] - ETA: 6s - loss: 1.2015 - accuracy: 0.5818
44/98 [============>.................] - ETA: 6s - loss: 1.2014 - accuracy: 0.5822
45/98 [============>.................] - ETA: 5s - loss: 1.1983 - accuracy: 0.5831
46/98 [=============>................] - ETA: 5s - loss: 1.1974 - accuracy: 0.5836
47/98 [=============>................] - ETA: 5s - loss: 1.1991 - accuracy: 0.5827
48/98 [=============>................] - ETA: 5s - loss: 1.1974 - accuracy: 0.5833
49/98 [==============>...............] - ETA: 5s - loss: 1.1982 - accuracy: 0.5831
50/98 [==============>...............] - ETA: 5s - loss: 1.1975 - accuracy: 0.5832
51/98 [==============>...............] - ETA: 5s - loss: 1.1959 - accuracy: 0.5839
52/98 [==============>...............] - ETA: 5s - loss: 1.1951 - accuracy: 0.5844
53/98 [===============>..............] - ETA: 5s - loss: 1.1947 - accuracy: 0.5848
54/98 [===============>..............] - ETA: 4s - loss: 1.1945 - accuracy: 0.5844
55/98 [===============>..............] - ETA: 4s - loss: 1.1935 - accuracy: 0.5847
56/98 [================>.............] - ETA: 4s - loss: 1.1916 - accuracy: 0.5851
57/98 [================>.............] - ETA: 4s - loss: 1.1909 - accuracy: 0.5851
58/98 [================>.............] - ETA: 4s - loss: 1.1907 - accuracy: 0.5849
59/98 [=================>............] - ETA: 4s - loss: 1.1897 - accuracy: 0.5850
60/98 [=================>............] - ETA: 4s - loss: 1.1897 - accuracy: 0.5850
61/98 [=================>............] - ETA: 4s - loss: 1.1898 - accuracy: 0.5849
62/98 [=================>............] - ETA: 4s - loss: 1.1883 - accuracy: 0.5850
63/98 [==================>...........] - ETA: 3s - loss: 1.1875 - accuracy: 0.5855
64/98 [==================>...........] - ETA: 3s - loss: 1.1874 - accuracy: 0.5858
65/98 [==================>...........] - ETA: 3s - loss: 1.1867 - accuracy: 0.5858
66/98 [===================>..........] - ETA: 3s - loss: 1.1852 - accuracy: 0.5865
67/98 [===================>..........] - ETA: 3s - loss: 1.1842 - accuracy: 0.5868
68/98 [===================>..........] - ETA: 3s - loss: 1.1836 - accuracy: 0.5870
69/98 [====================>.........] - ETA: 3s - loss: 1.1834 - accuracy: 0.5870
70/98 [====================>.........] - ETA: 3s - loss: 1.1828 - accuracy: 0.5876
71/98 [====================>.........] - ETA: 3s - loss: 1.1816 - accuracy: 0.5884
72/98 [=====================>........] - ETA: 2s - loss: 1.1812 - accuracy: 0.5883
73/98 [=====================>........] - ETA: 2s - loss: 1.1810 - accuracy: 0.5888
74/98 [=====================>........] - ETA: 2s - loss: 1.1801 - accuracy: 0.5891
75/98 [=====================>........] - ETA: 2s - loss: 1.1784 - accuracy: 0.5899
76/98 [======================>.......] - ETA: 2s - loss: 1.1789 - accuracy: 0.5897
77/98 [======================>.......] - ETA: 2s - loss: 1.1785 - accuracy: 0.5899
78/98 [======================>.......] - ETA: 2s - loss: 1.1775 - accuracy: 0.5904
79/98 [=======================>......] - ETA: 2s - loss: 1.1773 - accuracy: 0.5904
80/98 [=======================>......] - ETA: 2s - loss: 1.1769 - accuracy: 0.5906
81/98 [=======================>......] - ETA: 1s - loss: 1.1763 - accuracy: 0.5905
82/98 [========================>.....] - ETA: 1s - loss: 1.1758 - accuracy: 0.5907
83/98 [========================>.....] - ETA: 1s - loss: 1.1756 - accuracy: 0.5907
84/98 [========================>.....] - ETA: 1s - loss: 1.1751 - accuracy: 0.5907
85/98 [=========================>....] - ETA: 1s - loss: 1.1741 - accuracy: 0.5909
86/98 [=========================>....] - ETA: 1s - loss: 1.1732 - accuracy: 0.5911
87/98 [=========================>....] - ETA: 1s - loss: 1.1724 - accuracy: 0.5913
88/98 [=========================>....] - ETA: 1s - loss: 1.1721 - accuracy: 0.5913
89/98 [==========================>...] - ETA: 1s - loss: 1.1725 - accuracy: 0.5912
90/98 [==========================>...] - ETA: 0s - loss: 1.1711 - accuracy: 0.5918
91/98 [==========================>...] - ETA: 0s - loss: 1.1709 - accuracy: 0.5916
92/98 [===========================>..] - ETA: 0s - loss: 1.1709 - accuracy: 0.5917
93/98 [===========================>..] - ETA: 0s - loss: 1.1694 - accuracy: 0.5922
94/98 [===========================>..] - ETA: 0s - loss: 1.1683 - accuracy: 0.5926
95/98 [============================>.] - ETA: 0s - loss: 1.1679 - accuracy: 0.5927
96/98 [============================>.] - ETA: 0s - loss: 1.1677 - accuracy: 0.5927
97/98 [============================>.] - ETA: 0s - loss: 1.1673 - accuracy: 0.5928
98/98 [==============================] - ETA: 0s - loss: 1.1667 - accuracy: 0.5930
98/98 [==============================] - 12s 125ms/step - loss: 1.1667 - accuracy: 0.5930 - val_loss: 1.8712 - val_accuracy: 0.3947
Epoch 3/118

 1/98 [..............................] - ETA: 12s - loss: 1.0556 - accuracy: 0.6641
 2/98 [..............................] - ETA: 10s - loss: 1.0805 - accuracy: 0.6377
 3/98 [..............................] - ETA: 10s - loss: 1.0560 - accuracy: 0.6426
 4/98 [>.............................] - ETA: 10s - loss: 1.0592 - accuracy: 0.6357
 5/98 [>.............................] - ETA: 10s - loss: 1.0580 - accuracy: 0.6352
 6/98 [>.............................] - ETA: 10s - loss: 1.0575 - accuracy: 0.6367
 7/98 [=>............................] - ETA: 10s - loss: 1.0534 - accuracy: 0.6395
 8/98 [=>............................] - ETA: 10s - loss: 1.0464 - accuracy: 0.6414
 9/98 [=>............................] - ETA: 10s - loss: 1.0577 - accuracy: 0.6385
10/98 [==>...........................] - ETA: 9s - loss: 1.0598 - accuracy: 0.6369 
11/98 [==>...........................] - ETA: 9s - loss: 1.0529 - accuracy: 0.6429
12/98 [==>...........................] - ETA: 9s - loss: 1.0521 - accuracy: 0.6442
13/98 [==>...........................] - ETA: 9s - loss: 1.0490 - accuracy: 0.6430
14/98 [===>..........................] - ETA: 9s - loss: 1.0492 - accuracy: 0.6423
15/98 [===>..........................] - ETA: 9s - loss: 1.0498 - accuracy: 0.6427
16/98 [===>..........................] - ETA: 9s - loss: 1.0494 - accuracy: 0.6423
17/98 [====>.........................] - ETA: 9s - loss: 1.0496 - accuracy: 0.6421
18/98 [====>.........................] - ETA: 9s - loss: 1.0489 - accuracy: 0.6414
19/98 [====>.........................] - ETA: 8s - loss: 1.0514 - accuracy: 0.6409
20/98 [=====>........................] - ETA: 8s - loss: 1.0541 - accuracy: 0.6396
21/98 [=====>........................] - ETA: 8s - loss: 1.0563 - accuracy: 0.6394
22/98 [=====>........................] - ETA: 8s - loss: 1.0590 - accuracy: 0.6371
23/98 [======>.......................] - ETA: 8s - loss: 1.0573 - accuracy: 0.6378
24/98 [======>.......................] - ETA: 8s - loss: 1.0539 - accuracy: 0.6389
25/98 [======>.......................] - ETA: 8s - loss: 1.0586 - accuracy: 0.6369
26/98 [======>.......................] - ETA: 8s - loss: 1.0573 - accuracy: 0.6377
27/98 [=======>......................] - ETA: 8s - loss: 1.0572 - accuracy: 0.6373
28/98 [=======>......................] - ETA: 7s - loss: 1.0547 - accuracy: 0.6390
29/98 [=======>......................] - ETA: 7s - loss: 1.0547 - accuracy: 0.6385
30/98 [========>.....................] - ETA: 7s - loss: 1.0541 - accuracy: 0.6392
31/98 [========>.....................] - ETA: 7s - loss: 1.0548 - accuracy: 0.6385
32/98 [========>.....................] - ETA: 7s - loss: 1.0547 - accuracy: 0.6379
33/98 [=========>....................] - ETA: 7s - loss: 1.0552 - accuracy: 0.6377
34/98 [=========>....................] - ETA: 7s - loss: 1.0544 - accuracy: 0.6378
35/98 [=========>....................] - ETA: 7s - loss: 1.0529 - accuracy: 0.6378
36/98 [==========>...................] - ETA: 6s - loss: 1.0519 - accuracy: 0.6379
37/98 [==========>...................] - ETA: 6s - loss: 1.0487 - accuracy: 0.6390
38/98 [==========>...................] - ETA: 6s - loss: 1.0491 - accuracy: 0.6384
39/98 [==========>...................] - ETA: 6s - loss: 1.0496 - accuracy: 0.6377
40/98 [===========>..................] - ETA: 6s - loss: 1.0498 - accuracy: 0.6369
41/98 [===========>..................] - ETA: 6s - loss: 1.0486 - accuracy: 0.6375
42/98 [===========>..................] - ETA: 6s - loss: 1.0488 - accuracy: 0.6379
43/98 [============>.................] - ETA: 6s - loss: 1.0473 - accuracy: 0.6384
44/98 [============>.................] - ETA: 6s - loss: 1.0457 - accuracy: 0.6388
45/98 [============>.................] - ETA: 5s - loss: 1.0447 - accuracy: 0.6394
46/98 [=============>................] - ETA: 5s - loss: 1.0431 - accuracy: 0.6397
47/98 [=============>................] - ETA: 5s - loss: 1.0429 - accuracy: 0.6401
48/98 [=============>................] - ETA: 5s - loss: 1.0451 - accuracy: 0.6391
49/98 [==============>...............] - ETA: 5s - loss: 1.0440 - accuracy: 0.6395
50/98 [==============>...............] - ETA: 5s - loss: 1.0431 - accuracy: 0.6399
51/98 [==============>...............] - ETA: 5s - loss: 1.0422 - accuracy: 0.6405
53/98 [===============>..............] - ETA: 4s - loss: 1.0438 - accuracy: 0.6392
54/98 [===============>..............] - ETA: 4s - loss: 1.0430 - accuracy: 0.6394
55/98 [===============>..............] - ETA: 4s - loss: 1.0437 - accuracy: 0.6389
56/98 [================>.............] - ETA: 4s - loss: 1.0436 - accuracy: 0.6391
57/98 [================>.............] - ETA: 4s - loss: 1.0426 - accuracy: 0.6394
58/98 [================>.............] - ETA: 4s - loss: 1.0413 - accuracy: 0.6397
59/98 [=================>............] - ETA: 4s - loss: 1.0420 - accuracy: 0.6394
60/98 [=================>............] - ETA: 3s - loss: 1.0406 - accuracy: 0.6398
61/98 [=================>............] - ETA: 3s - loss: 1.0391 - accuracy: 0.6403
62/98 [=================>............] - ETA: 3s - loss: 1.0388 - accuracy: 0.6406
63/98 [==================>...........] - ETA: 3s - loss: 1.0386 - accuracy: 0.6405
64/98 [==================>...........] - ETA: 3s - loss: 1.0378 - accuracy: 0.6407
65/98 [==================>...........] - ETA: 3s - loss: 1.0365 - accuracy: 0.6413
66/98 [===================>..........] - ETA: 3s - loss: 1.0373 - accuracy: 0.6409
67/98 [===================>..........] - ETA: 3s - loss: 1.0370 - accuracy: 0.6412
68/98 [===================>..........] - ETA: 3s - loss: 1.0363 - accuracy: 0.6419
69/98 [====================>.........] - ETA: 2s - loss: 1.0353 - accuracy: 0.6420
70/98 [====================>.........] - ETA: 2s - loss: 1.0360 - accuracy: 0.6417
71/98 [====================>.........] - ETA: 2s - loss: 1.0354 - accuracy: 0.6418
72/98 [=====================>........] - ETA: 2s - loss: 1.0352 - accuracy: 0.6419
73/98 [=====================>........] - ETA: 2s - loss: 1.0339 - accuracy: 0.6423
74/98 [=====================>........] - ETA: 2s - loss: 1.0342 - accuracy: 0.6417
75/98 [=====================>........] - ETA: 2s - loss: 1.0343 - accuracy: 0.6418
76/98 [======================>.......] - ETA: 2s - loss: 1.0328 - accuracy: 0.6422
77/98 [======================>.......] - ETA: 2s - loss: 1.0323 - accuracy: 0.6421
78/98 [======================>.......] - ETA: 2s - loss: 1.0325 - accuracy: 0.6419
79/98 [=======================>......] - ETA: 1s - loss: 1.0329 - accuracy: 0.6416
80/98 [=======================>......] - ETA: 1s - loss: 1.0315 - accuracy: 0.6422
81/98 [=======================>......] - ETA: 1s - loss: 1.0309 - accuracy: 0.6422
82/98 [========================>.....] - ETA: 1s - loss: 1.0304 - accuracy: 0.6425
83/98 [========================>.....] - ETA: 1s - loss: 1.0299 - accuracy: 0.6425
84/98 [========================>.....] - ETA: 1s - loss: 1.0298 - accuracy: 0.6427
85/98 [=========================>....] - ETA: 1s - loss: 1.0301 - accuracy: 0.6421
86/98 [=========================>....] - ETA: 1s - loss: 1.0286 - accuracy: 0.6428
87/98 [=========================>....] - ETA: 1s - loss: 1.0280 - accuracy: 0.6433
88/98 [=========================>....] - ETA: 1s - loss: 1.0279 - accuracy: 0.6434
89/98 [==========================>...] - ETA: 0s - loss: 1.0269 - accuracy: 0.6439
90/98 [==========================>...] - ETA: 0s - loss: 1.0265 - accuracy: 0.6440
91/98 [==========================>...] - ETA: 0s - loss: 1.0257 - accuracy: 0.6445
92/98 [===========================>..] - ETA: 0s - loss: 1.0253 - accuracy: 0.6446
93/98 [===========================>..] - ETA: 0s - loss: 1.0246 - accuracy: 0.6449
94/98 [===========================>..] - ETA: 0s - loss: 1.0242 - accuracy: 0.6451
95/98 [============================>.] - ETA: 0s - loss: 1.0237 - accuracy: 0.6453
96/98 [============================>.] - ETA: 0s - loss: 1.0228 - accuracy: 0.6457
97/98 [============================>.] - ETA: 0s - loss: 1.0225 - accuracy: 0.6457
98/98 [==============================] - ETA: 0s - loss: 1.0224 - accuracy: 0.6457
98/98 [==============================] - 12s 119ms/step - loss: 1.0224 - accuracy: 0.6457 - val_loss: 1.6270 - val_accuracy: 0.4946
Epoch 4/118

 1/98 [..............................] - ETA: 12s - loss: 0.9573 - accuracy: 0.6914
 2/98 [..............................] - ETA: 10s - loss: 0.9536 - accuracy: 0.7012
 3/98 [..............................] - ETA: 11s - loss: 0.9794 - accuracy: 0.6829
 4/98 [>.............................] - ETA: 10s - loss: 0.9833 - accuracy: 0.6743
 5/98 [>.............................] - ETA: 10s - loss: 0.9715 - accuracy: 0.6738
 6/98 [>.............................] - ETA: 10s - loss: 0.9545 - accuracy: 0.6803
 7/98 [=>............................] - ETA: 10s - loss: 0.9490 - accuracy: 0.6789
 8/98 [=>............................] - ETA: 10s - loss: 0.9460 - accuracy: 0.6807
 9/98 [=>............................] - ETA: 9s - loss: 0.9405 - accuracy: 0.6827 
10/98 [==>...........................] - ETA: 9s - loss: 0.9440 - accuracy: 0.6812
11/98 [==>...........................] - ETA: 9s - loss: 0.9369 - accuracy: 0.6822
12/98 [==>...........................] - ETA: 9s - loss: 0.9329 - accuracy: 0.6833
13/98 [==>...........................] - ETA: 9s - loss: 0.9282 - accuracy: 0.6864
14/98 [===>..........................] - ETA: 9s - loss: 0.9263 - accuracy: 0.6871
15/98 [===>..........................] - ETA: 9s - loss: 0.9274 - accuracy: 0.6861
16/98 [===>..........................] - ETA: 9s - loss: 0.9290 - accuracy: 0.6851
17/98 [====>.........................] - ETA: 9s - loss: 0.9355 - accuracy: 0.6828
18/98 [====>.........................] - ETA: 8s - loss: 0.9350 - accuracy: 0.6811
19/98 [====>.........................] - ETA: 8s - loss: 0.9335 - accuracy: 0.6801
20/98 [=====>........................] - ETA: 8s - loss: 0.9343 - accuracy: 0.6793
21/98 [=====>........................] - ETA: 8s - loss: 0.9345 - accuracy: 0.6784
22/98 [=====>........................] - ETA: 8s - loss: 0.9397 - accuracy: 0.6767
23/98 [======>.......................] - ETA: 8s - loss: 0.9359 - accuracy: 0.6785
24/98 [======>.......................] - ETA: 8s - loss: 0.9371 - accuracy: 0.6783
25/98 [======>.......................] - ETA: 8s - loss: 0.9338 - accuracy: 0.6798
26/98 [======>.......................] - ETA: 8s - loss: 0.9311 - accuracy: 0.6814
27/98 [=======>......................] - ETA: 7s - loss: 0.9325 - accuracy: 0.6796
28/98 [=======>......................] - ETA: 7s - loss: 0.9323 - accuracy: 0.6799
29/98 [=======>......................] - ETA: 7s - loss: 0.9312 - accuracy: 0.6800
30/98 [========>.....................] - ETA: 7s - loss: 0.9301 - accuracy: 0.6811
31/98 [========>.....................] - ETA: 7s - loss: 0.9307 - accuracy: 0.6808
32/98 [========>.....................] - ETA: 7s - loss: 0.9300 - accuracy: 0.6808
33/98 [=========>....................] - ETA: 7s - loss: 0.9286 - accuracy: 0.6810
34/98 [=========>....................] - ETA: 7s - loss: 0.9303 - accuracy: 0.6802
35/98 [=========>....................] - ETA: 7s - loss: 0.9297 - accuracy: 0.6798
36/98 [==========>...................] - ETA: 6s - loss: 0.9291 - accuracy: 0.6799
37/98 [==========>...................] - ETA: 6s - loss: 0.9300 - accuracy: 0.6795
38/98 [==========>...................] - ETA: 6s - loss: 0.9292 - accuracy: 0.6806
39/98 [==========>...................] - ETA: 6s - loss: 0.9283 - accuracy: 0.6812
40/98 [===========>..................] - ETA: 6s - loss: 0.9273 - accuracy: 0.6813
41/98 [===========>..................] - ETA: 6s - loss: 0.9284 - accuracy: 0.6807
42/98 [===========>..................] - ETA: 6s - loss: 0.9274 - accuracy: 0.6809
43/98 [============>.................] - ETA: 6s - loss: 0.9255 - accuracy: 0.6820
44/98 [============>.................] - ETA: 6s - loss: 0.9236 - accuracy: 0.6828
45/98 [============>.................] - ETA: 5s - loss: 0.9226 - accuracy: 0.6828
46/98 [=============>................] - ETA: 5s - loss: 0.9218 - accuracy: 0.6834
47/98 [=============>................] - ETA: 5s - loss: 0.9214 - accuracy: 0.6837
48/98 [=============>................] - ETA: 5s - loss: 0.9218 - accuracy: 0.6831
49/98 [==============>...............] - ETA: 5s - loss: 0.9219 - accuracy: 0.6833
50/98 [==============>...............] - ETA: 5s - loss: 0.9226 - accuracy: 0.6829
51/98 [==============>...............] - ETA: 5s - loss: 0.9229 - accuracy: 0.6824
52/98 [==============>...............] - ETA: 5s - loss: 0.9241 - accuracy: 0.6822
53/98 [===============>..............] - ETA: 5s - loss: 0.9240 - accuracy: 0.6821
54/98 [===============>..............] - ETA: 4s - loss: 0.9243 - accuracy: 0.6823
55/98 [===============>..............] - ETA: 4s - loss: 0.9245 - accuracy: 0.6819
56/98 [================>.............] - ETA: 4s - loss: 0.9231 - accuracy: 0.6823
57/98 [================>.............] - ETA: 4s - loss: 0.9223 - accuracy: 0.6822
58/98 [================>.............] - ETA: 4s - loss: 0.9226 - accuracy: 0.6819
59/98 [=================>............] - ETA: 4s - loss: 0.9236 - accuracy: 0.6813
60/98 [=================>............] - ETA: 4s - loss: 0.9228 - accuracy: 0.6817
61/98 [=================>............] - ETA: 4s - loss: 0.9220 - accuracy: 0.6818
62/98 [=================>............] - ETA: 4s - loss: 0.9223 - accuracy: 0.6821
63/98 [==================>...........] - ETA: 3s - loss: 0.9219 - accuracy: 0.6825
64/98 [==================>...........] - ETA: 3s - loss: 0.9213 - accuracy: 0.6823
65/98 [==================>...........] - ETA: 3s - loss: 0.9216 - accuracy: 0.6826
66/98 [===================>..........] - ETA: 3s - loss: 0.9217 - accuracy: 0.6827
67/98 [===================>..........] - ETA: 3s - loss: 0.9210 - accuracy: 0.6831
68/98 [===================>..........] - ETA: 3s - loss: 0.9205 - accuracy: 0.6832
69/98 [====================>.........] - ETA: 3s - loss: 0.9202 - accuracy: 0.6832
70/98 [====================>.........] - ETA: 3s - loss: 0.9207 - accuracy: 0.6835
71/98 [====================>.........] - ETA: 3s - loss: 0.9213 - accuracy: 0.6833
72/98 [=====================>........] - ETA: 2s - loss: 0.9208 - accuracy: 0.6838
73/98 [=====================>........] - ETA: 2s - loss: 0.9199 - accuracy: 0.6842
74/98 [=====================>........] - ETA: 2s - loss: 0.9198 - accuracy: 0.6842
75/98 [=====================>........] - ETA: 2s - loss: 0.9202 - accuracy: 0.6840
76/98 [======================>.......] - ETA: 2s - loss: 0.9203 - accuracy: 0.6838
77/98 [======================>.......] - ETA: 2s - loss: 0.9203 - accuracy: 0.6836
78/98 [======================>.......] - ETA: 2s - loss: 0.9197 - accuracy: 0.6836
79/98 [=======================>......] - ETA: 2s - loss: 0.9194 - accuracy: 0.6841
80/98 [=======================>......] - ETA: 2s - loss: 0.9194 - accuracy: 0.6838
81/98 [=======================>......] - ETA: 1s - loss: 0.9184 - accuracy: 0.6840
82/98 [========================>.....] - ETA: 1s - loss: 0.9179 - accuracy: 0.6844
83/98 [========================>.....] - ETA: 1s - loss: 0.9172 - accuracy: 0.6847
84/98 [========================>.....] - ETA: 1s - loss: 0.9171 - accuracy: 0.6850
85/98 [=========================>....] - ETA: 1s - loss: 0.9169 - accuracy: 0.6849
86/98 [=========================>....] - ETA: 1s - loss: 0.9164 - accuracy: 0.6853
87/98 [=========================>....] - ETA: 1s - loss: 0.9167 - accuracy: 0.6854
88/98 [=========================>....] - ETA: 1s - loss: 0.9167 - accuracy: 0.6853
89/98 [==========================>...] - ETA: 1s - loss: 0.9176 - accuracy: 0.6850
90/98 [==========================>...] - ETA: 0s - loss: 0.9168 - accuracy: 0.6851
91/98 [==========================>...] - ETA: 0s - loss: 0.9170 - accuracy: 0.6850
92/98 [===========================>..] - ETA: 0s - loss: 0.9170 - accuracy: 0.6850
93/98 [===========================>..] - ETA: 0s - loss: 0.9169 - accuracy: 0.6849
94/98 [===========================>..] - ETA: 0s - loss: 0.9170 - accuracy: 0.6848
95/98 [============================>.] - ETA: 0s - loss: 0.9167 - accuracy: 0.6850
96/98 [============================>.] - ETA: 0s - loss: 0.9179 - accuracy: 0.6846
97/98 [============================>.] - ETA: 0s - loss: 0.9179 - accuracy: 0.6842
98/98 [==============================] - ETA: 0s - loss: 0.9178 - accuracy: 0.6841
98/98 [==============================] - 12s 125ms/step - loss: 0.9178 - accuracy: 0.6841 - val_loss: 1.3409 - val_accuracy: 0.5821
Epoch 5/118

 1/98 [..............................] - ETA: 12s - loss: 0.8225 - accuracy: 0.7266
 2/98 [..............................] - ETA: 11s - loss: 0.8111 - accuracy: 0.7275
 3/98 [..............................] - ETA: 11s - loss: 0.8226 - accuracy: 0.7207
 4/98 [>.............................] - ETA: 10s - loss: 0.8299 - accuracy: 0.7207
 5/98 [>.............................] - ETA: 10s - loss: 0.8384 - accuracy: 0.7184
 6/98 [>.............................] - ETA: 10s - loss: 0.8301 - accuracy: 0.7220
 7/98 [=>............................] - ETA: 10s - loss: 0.8301 - accuracy: 0.7215
 8/98 [=>............................] - ETA: 10s - loss: 0.8377 - accuracy: 0.7190
 9/98 [=>............................] - ETA: 10s - loss: 0.8441 - accuracy: 0.7138
10/98 [==>...........................] - ETA: 9s - loss: 0.8361 - accuracy: 0.7154 
11/98 [==>...........................] - ETA: 9s - loss: 0.8383 - accuracy: 0.7157
12/98 [==>...........................] - ETA: 9s - loss: 0.8401 - accuracy: 0.7152
13/98 [==>...........................] - ETA: 9s - loss: 0.8379 - accuracy: 0.7177
14/98 [===>..........................] - ETA: 9s - loss: 0.8380 - accuracy: 0.7157
15/98 [===>..........................] - ETA: 9s - loss: 0.8363 - accuracy: 0.7159
16/98 [===>..........................] - ETA: 9s - loss: 0.8389 - accuracy: 0.7146
17/98 [====>.........................] - ETA: 9s - loss: 0.8426 - accuracy: 0.7120
18/98 [====>.........................] - ETA: 9s - loss: 0.8427 - accuracy: 0.7119
19/98 [====>.........................] - ETA: 8s - loss: 0.8424 - accuracy: 0.7118
20/98 [=====>........................] - ETA: 8s - loss: 0.8428 - accuracy: 0.7117
21/98 [=====>........................] - ETA: 8s - loss: 0.8434 - accuracy: 0.7102
22/98 [=====>........................] - ETA: 8s - loss: 0.8433 - accuracy: 0.7108
23/98 [======>.......................] - ETA: 8s - loss: 0.8410 - accuracy: 0.7119
24/98 [======>.......................] - ETA: 8s - loss: 0.8448 - accuracy: 0.7100
25/98 [======>.......................] - ETA: 8s - loss: 0.8444 - accuracy: 0.7098
26/98 [======>.......................] - ETA: 8s - loss: 0.8451 - accuracy: 0.7100
27/98 [=======>......................] - ETA: 8s - loss: 0.8465 - accuracy: 0.7104
28/98 [=======>......................] - ETA: 7s - loss: 0.8464 - accuracy: 0.7100
29/98 [=======>......................] - ETA: 7s - loss: 0.8493 - accuracy: 0.7098
30/98 [========>.....................] - ETA: 7s - loss: 0.8499 - accuracy: 0.7095
31/98 [========>.....................] - ETA: 7s - loss: 0.8505 - accuracy: 0.7092
32/98 [========>.....................] - ETA: 7s - loss: 0.8504 - accuracy: 0.7093
33/98 [=========>....................] - ETA: 7s - loss: 0.8491 - accuracy: 0.7099
34/98 [=========>....................] - ETA: 7s - loss: 0.8490 - accuracy: 0.7100
35/98 [=========>....................] - ETA: 7s - loss: 0.8507 - accuracy: 0.7094
36/98 [==========>...................] - ETA: 6s - loss: 0.8510 - accuracy: 0.7088
37/98 [==========>...................] - ETA: 6s - loss: 0.8505 - accuracy: 0.7091
38/98 [==========>...................] - ETA: 6s - loss: 0.8496 - accuracy: 0.7099
39/98 [==========>...................] - ETA: 6s - loss: 0.8475 - accuracy: 0.7108
40/98 [===========>..................] - ETA: 6s - loss: 0.8477 - accuracy: 0.7114
41/98 [===========>..................] - ETA: 6s - loss: 0.8470 - accuracy: 0.7117
42/98 [===========>..................] - ETA: 6s - loss: 0.8469 - accuracy: 0.7117
43/98 [============>.................] - ETA: 6s - loss: 0.8473 - accuracy: 0.7115
44/98 [============>.................] - ETA: 6s - loss: 0.8476 - accuracy: 0.7109
45/98 [============>.................] - ETA: 5s - loss: 0.8486 - accuracy: 0.7103
46/98 [=============>................] - ETA: 5s - loss: 0.8493 - accuracy: 0.7101
47/98 [=============>................] - ETA: 5s - loss: 0.8482 - accuracy: 0.7105
48/98 [=============>................] - ETA: 5s - loss: 0.8480 - accuracy: 0.7105
49/98 [==============>...............] - ETA: 5s - loss: 0.8473 - accuracy: 0.7111
