2024-06-26 04:28:16.776519: I tensorflow/core/platform/cpu_feature_guard.cc:193] This TensorFlow binary is optimized with oneAPI Deep Neural Network Library (oneDNN) to use the following CPU instructions in performance-critical operations:  AVX AVX2
To enable them in other operations, rebuild TensorFlow with the appropriate compiler flags.
2024-06-26 04:28:17.518297: I tensorflow/core/common_runtime/gpu/gpu_device.cc:1616] Created device /job:localhost/replica:0/task:0/device:GPU:0 with 6656 MB memory:  -> device: 0, name: NVIDIA GeForce RTX 4060 Ti, pci bus id: 0000:01:00.0, compute capability: 8.9
1 Physical GPUs, 1 Logical GPUs
Model: "sequential"
_________________________________________________________________
 Layer (type)                Output Shape              Param #   
=================================================================
 conv2d (Conv2D)             (None, 32, 32, 32)        896       
                                                                 
 max_pooling2d (MaxPooling2D  (None, 16, 16, 32)       0         
 )                                                               
                                                                 
 batch_normalization (BatchN  (None, 16, 16, 32)       128       
 ormalization)                                                   
                                                                 
 conv2d_1 (Conv2D)           (None, 16, 16, 256)       401664    
                                                                 
 dropout (Dropout)           (None, 16, 16, 256)       0         
                                                                 
 flatten (Flatten)           (None, 65536)             0         
                                                                 
 dense (Dense)               (None, 10)                655370    
                                                                 
=================================================================
Total params: 1,058,058
Trainable params: 1,057,994
Non-trainable params: 64
_________________________________________________________________
Taxa de aprendizado:  0.0001 Num de épocas:  118 Tamanho do lote:  512 Dropout:  0.16174
Epoch 1/118
2024-06-26 04:28:19.533949: I tensorflow/stream_executor/cuda/cuda_dnn.cc:384] Loaded cuDNN version 8100
2024-06-26 04:28:20.516408: W tensorflow/stream_executor/gpu/redzone_allocator.cc:314] INTERNAL: ptxas exited with non-zero error code -1, output: 
Relying on driver to perform ptx compilation. 
Modify $PATH to customize ptxas location.
This message will be only logged once.
2024-06-26 04:28:22.492040: I tensorflow/stream_executor/cuda/cuda_blas.cc:1614] TensorFloat-32 will be used for the matrix multiplication. This will only be logged once.

 1/98 [..............................] - ETA: 11:53 - loss: 2.3094 - accuracy: 0.1035
 2/98 [..............................] - ETA: 10s - loss: 2.2542 - accuracy: 0.1621  
 3/98 [..............................] - ETA: 11s - loss: 2.2075 - accuracy: 0.1842
 4/98 [>.............................] - ETA: 10s - loss: 2.1588 - accuracy: 0.2080
 5/98 [>.............................] - ETA: 10s - loss: 2.1347 - accuracy: 0.2184
 6/98 [>.............................] - ETA: 11s - loss: 2.0973 - accuracy: 0.2402
 7/98 [=>............................] - ETA: 10s - loss: 2.0772 - accuracy: 0.2483
 8/98 [=>............................] - ETA: 9s - loss: 2.0479 - accuracy: 0.2605 
 9/98 [=>............................] - ETA: 9s - loss: 2.0374 - accuracy: 0.2650
10/98 [==>...........................] - ETA: 8s - loss: 2.0193 - accuracy: 0.2719
11/98 [==>...........................] - ETA: 8s - loss: 2.0058 - accuracy: 0.2786
12/98 [==>...........................] - ETA: 8s - loss: 1.9879 - accuracy: 0.2860
13/98 [==>...........................] - ETA: 7s - loss: 1.9741 - accuracy: 0.2922
14/98 [===>..........................] - ETA: 7s - loss: 1.9586 - accuracy: 0.2998
15/98 [===>..........................] - ETA: 7s - loss: 1.9503 - accuracy: 0.3031
16/98 [===>..........................] - ETA: 7s - loss: 1.9383 - accuracy: 0.3086
17/98 [====>.........................] - ETA: 7s - loss: 1.9279 - accuracy: 0.3146
18/98 [====>.........................] - ETA: 6s - loss: 1.9147 - accuracy: 0.3198
19/98 [====>.........................] - ETA: 6s - loss: 1.9016 - accuracy: 0.3251
20/98 [=====>........................] - ETA: 6s - loss: 1.8934 - accuracy: 0.3276
22/98 [=====>........................] - ETA: 6s - loss: 1.8743 - accuracy: 0.3348
23/98 [======>.......................] - ETA: 6s - loss: 1.8644 - accuracy: 0.3407
24/98 [======>.......................] - ETA: 6s - loss: 1.8551 - accuracy: 0.3440
25/98 [======>.......................] - ETA: 6s - loss: 1.8435 - accuracy: 0.3491
26/98 [======>.......................] - ETA: 6s - loss: 1.8389 - accuracy: 0.3506
27/98 [=======>......................] - ETA: 6s - loss: 1.8330 - accuracy: 0.3540
28/98 [=======>......................] - ETA: 6s - loss: 1.8246 - accuracy: 0.3577
29/98 [=======>......................] - ETA: 6s - loss: 1.8154 - accuracy: 0.3609
30/98 [========>.....................] - ETA: 6s - loss: 1.8098 - accuracy: 0.3631
31/98 [========>.....................] - ETA: 6s - loss: 1.8002 - accuracy: 0.3661
32/98 [========>.....................] - ETA: 6s - loss: 1.7934 - accuracy: 0.3683
33/98 [=========>....................] - ETA: 6s - loss: 1.7860 - accuracy: 0.3707
34/98 [=========>....................] - ETA: 6s - loss: 1.7807 - accuracy: 0.3718
35/98 [=========>....................] - ETA: 6s - loss: 1.7765 - accuracy: 0.3737
36/98 [==========>...................] - ETA: 6s - loss: 1.7695 - accuracy: 0.3763
37/98 [==========>...................] - ETA: 5s - loss: 1.7643 - accuracy: 0.3780
38/98 [==========>...................] - ETA: 5s - loss: 1.7577 - accuracy: 0.3803
39/98 [==========>...................] - ETA: 5s - loss: 1.7499 - accuracy: 0.3829
40/98 [===========>..................] - ETA: 5s - loss: 1.7418 - accuracy: 0.3868
41/98 [===========>..................] - ETA: 5s - loss: 1.7359 - accuracy: 0.3885
42/98 [===========>..................] - ETA: 5s - loss: 1.7309 - accuracy: 0.3899
43/98 [============>.................] - ETA: 5s - loss: 1.7249 - accuracy: 0.3922
44/98 [============>.................] - ETA: 5s - loss: 1.7201 - accuracy: 0.3930
45/98 [============>.................] - ETA: 5s - loss: 1.7156 - accuracy: 0.3940
46/98 [=============>................] - ETA: 5s - loss: 1.7111 - accuracy: 0.3957
47/98 [=============>................] - ETA: 5s - loss: 1.7094 - accuracy: 0.3968
48/98 [=============>................] - ETA: 5s - loss: 1.7049 - accuracy: 0.3984
49/98 [==============>...............] - ETA: 4s - loss: 1.7006 - accuracy: 0.3997
50/98 [==============>...............] - ETA: 4s - loss: 1.6962 - accuracy: 0.4012
51/98 [==============>...............] - ETA: 4s - loss: 1.6907 - accuracy: 0.4037
52/98 [==============>...............] - ETA: 4s - loss: 1.6863 - accuracy: 0.4047
53/98 [===============>..............] - ETA: 4s - loss: 1.6827 - accuracy: 0.4059
54/98 [===============>..............] - ETA: 4s - loss: 1.6789 - accuracy: 0.4069
55/98 [===============>..............] - ETA: 4s - loss: 1.6773 - accuracy: 0.4070
56/98 [================>.............] - ETA: 4s - loss: 1.6737 - accuracy: 0.4086
57/98 [================>.............] - ETA: 3s - loss: 1.6709 - accuracy: 0.4101
58/98 [================>.............] - ETA: 3s - loss: 1.6662 - accuracy: 0.4115
59/98 [=================>............] - ETA: 3s - loss: 1.6633 - accuracy: 0.4125
60/98 [=================>............] - ETA: 3s - loss: 1.6579 - accuracy: 0.4142
61/98 [=================>............] - ETA: 3s - loss: 1.6540 - accuracy: 0.4160
62/98 [=================>............] - ETA: 3s - loss: 1.6502 - accuracy: 0.4167
63/98 [==================>...........] - ETA: 3s - loss: 1.6469 - accuracy: 0.4172
64/98 [==================>...........] - ETA: 3s - loss: 1.6434 - accuracy: 0.4187
65/98 [==================>...........] - ETA: 3s - loss: 1.6392 - accuracy: 0.4201
66/98 [===================>..........] - ETA: 3s - loss: 1.6362 - accuracy: 0.4214
67/98 [===================>..........] - ETA: 3s - loss: 1.6324 - accuracy: 0.4229
68/98 [===================>..........] - ETA: 2s - loss: 1.6286 - accuracy: 0.4242
69/98 [====================>.........] - ETA: 3s - loss: 1.6262 - accuracy: 0.4248
70/98 [====================>.........] - ETA: 3s - loss: 1.6217 - accuracy: 0.4268
71/98 [====================>.........] - ETA: 3s - loss: 1.6170 - accuracy: 0.4284
72/98 [=====================>........] - ETA: 3s - loss: 1.6137 - accuracy: 0.4296
73/98 [=====================>........] - ETA: 3s - loss: 1.6090 - accuracy: 0.4313
74/98 [=====================>........] - ETA: 2s - loss: 1.6053 - accuracy: 0.4328
75/98 [=====================>........] - ETA: 2s - loss: 1.6015 - accuracy: 0.4341
76/98 [======================>.......] - ETA: 2s - loss: 1.5992 - accuracy: 0.4352
77/98 [======================>.......] - ETA: 2s - loss: 1.5964 - accuracy: 0.4358
78/98 [======================>.......] - ETA: 2s - loss: 1.5932 - accuracy: 0.4373
79/98 [=======================>......] - ETA: 2s - loss: 1.5893 - accuracy: 0.4386
81/98 [=======================>......] - ETA: 2s - loss: 1.5815 - accuracy: 0.4415
82/98 [========================>.....] - ETA: 1s - loss: 1.5792 - accuracy: 0.4422
83/98 [========================>.....] - ETA: 1s - loss: 1.5758 - accuracy: 0.4437
84/98 [========================>.....] - ETA: 1s - loss: 1.5729 - accuracy: 0.4448
85/98 [=========================>....] - ETA: 1s - loss: 1.5693 - accuracy: 0.4461
86/98 [=========================>....] - ETA: 1s - loss: 1.5660 - accuracy: 0.4476
87/98 [=========================>....] - ETA: 1s - loss: 1.5633 - accuracy: 0.4486
88/98 [=========================>....] - ETA: 1s - loss: 1.5613 - accuracy: 0.4494
89/98 [==========================>...] - ETA: 1s - loss: 1.5587 - accuracy: 0.4504
90/98 [==========================>...] - ETA: 0s - loss: 1.5549 - accuracy: 0.4520
91/98 [==========================>...] - ETA: 0s - loss: 1.5525 - accuracy: 0.4529
92/98 [===========================>..] - ETA: 0s - loss: 1.5506 - accuracy: 0.4537
93/98 [===========================>..] - ETA: 0s - loss: 1.5481 - accuracy: 0.4545
94/98 [===========================>..] - ETA: 0s - loss: 1.5453 - accuracy: 0.4555
95/98 [============================>.] - ETA: 0s - loss: 1.5431 - accuracy: 0.4564
96/98 [============================>.] - ETA: 0s - loss: 1.5413 - accuracy: 0.4570
97/98 [============================>.] - ETA: 0s - loss: 1.5381 - accuracy: 0.4581
98/98 [==============================] - ETA: 0s - loss: 1.5355 - accuracy: 0.4591
98/98 [==============================] - 20s 132ms/step - loss: 1.5355 - accuracy: 0.4591 - val_loss: 2.0578 - val_accuracy: 0.3653
Epoch 2/118

 1/98 [..............................] - ETA: 12s - loss: 1.2240 - accuracy: 0.5781
 2/98 [..............................] - ETA: 12s - loss: 1.2787 - accuracy: 0.5596
 3/98 [..............................] - ETA: 11s - loss: 1.2765 - accuracy: 0.5710
 4/98 [>.............................] - ETA: 11s - loss: 1.2716 - accuracy: 0.5757
 5/98 [>.............................] - ETA: 10s - loss: 1.2597 - accuracy: 0.5746
 6/98 [>.............................] - ETA: 10s - loss: 1.2462 - accuracy: 0.5781
 7/98 [=>............................] - ETA: 10s - loss: 1.2520 - accuracy: 0.5745
 8/98 [=>............................] - ETA: 10s - loss: 1.2430 - accuracy: 0.5762
 9/98 [=>............................] - ETA: 10s - loss: 1.2433 - accuracy: 0.5718
10/98 [==>...........................] - ETA: 10s - loss: 1.2440 - accuracy: 0.5715
11/98 [==>...........................] - ETA: 10s - loss: 1.2444 - accuracy: 0.5714
12/98 [==>...........................] - ETA: 10s - loss: 1.2443 - accuracy: 0.5718
13/98 [==>...........................] - ETA: 10s - loss: 1.2426 - accuracy: 0.5720
14/98 [===>..........................] - ETA: 10s - loss: 1.2471 - accuracy: 0.5685
15/98 [===>..........................] - ETA: 9s - loss: 1.2509 - accuracy: 0.5666 
16/98 [===>..........................] - ETA: 9s - loss: 1.2447 - accuracy: 0.5682
17/98 [====>.........................] - ETA: 9s - loss: 1.2362 - accuracy: 0.5704
18/98 [====>.........................] - ETA: 9s - loss: 1.2355 - accuracy: 0.5723
19/98 [====>.........................] - ETA: 9s - loss: 1.2319 - accuracy: 0.5739
20/98 [=====>........................] - ETA: 9s - loss: 1.2299 - accuracy: 0.5730
21/98 [=====>........................] - ETA: 9s - loss: 1.2272 - accuracy: 0.5739
22/98 [=====>........................] - ETA: 8s - loss: 1.2251 - accuracy: 0.5738
23/98 [======>.......................] - ETA: 8s - loss: 1.2261 - accuracy: 0.5732
24/98 [======>.......................] - ETA: 8s - loss: 1.2250 - accuracy: 0.5741
25/98 [======>.......................] - ETA: 8s - loss: 1.2216 - accuracy: 0.5764
26/98 [======>.......................] - ETA: 8s - loss: 1.2211 - accuracy: 0.5765
27/98 [=======>......................] - ETA: 7s - loss: 1.2188 - accuracy: 0.5786
28/98 [=======>......................] - ETA: 7s - loss: 1.2159 - accuracy: 0.5796
29/98 [=======>......................] - ETA: 7s - loss: 1.2152 - accuracy: 0.5788
30/98 [========>.....................] - ETA: 7s - loss: 1.2146 - accuracy: 0.5790
31/98 [========>.....................] - ETA: 7s - loss: 1.2145 - accuracy: 0.5793
32/98 [========>.....................] - ETA: 6s - loss: 1.2123 - accuracy: 0.5793
33/98 [=========>....................] - ETA: 6s - loss: 1.2092 - accuracy: 0.5803
34/98 [=========>....................] - ETA: 6s - loss: 1.2082 - accuracy: 0.5816
35/98 [=========>....................] - ETA: 6s - loss: 1.2077 - accuracy: 0.5821
36/98 [==========>...................] - ETA: 6s - loss: 1.2059 - accuracy: 0.5825
37/98 [==========>...................] - ETA: 6s - loss: 1.2056 - accuracy: 0.5830
38/98 [==========>...................] - ETA: 5s - loss: 1.2060 - accuracy: 0.5824
39/98 [==========>...................] - ETA: 5s - loss: 1.2041 - accuracy: 0.5827
40/98 [===========>..................] - ETA: 5s - loss: 1.2036 - accuracy: 0.5827
41/98 [===========>..................] - ETA: 5s - loss: 1.2030 - accuracy: 0.5824
42/98 [===========>..................] - ETA: 5s - loss: 1.2037 - accuracy: 0.5821
43/98 [============>.................] - ETA: 5s - loss: 1.2039 - accuracy: 0.5814
44/98 [============>.................] - ETA: 5s - loss: 1.2030 - accuracy: 0.5818
45/98 [============>.................] - ETA: 5s - loss: 1.2008 - accuracy: 0.5821
46/98 [=============>................] - ETA: 5s - loss: 1.1995 - accuracy: 0.5827
47/98 [=============>................] - ETA: 5s - loss: 1.1994 - accuracy: 0.5830
48/98 [=============>................] - ETA: 5s - loss: 1.1977 - accuracy: 0.5837
49/98 [==============>...............] - ETA: 5s - loss: 1.1973 - accuracy: 0.5836
50/98 [==============>...............] - ETA: 4s - loss: 1.1966 - accuracy: 0.5836
51/98 [==============>...............] - ETA: 4s - loss: 1.1973 - accuracy: 0.5836
52/98 [==============>...............] - ETA: 4s - loss: 1.1971 - accuracy: 0.5839
53/98 [===============>..............] - ETA: 4s - loss: 1.1963 - accuracy: 0.5839
54/98 [===============>..............] - ETA: 4s - loss: 1.1959 - accuracy: 0.5840
55/98 [===============>..............] - ETA: 4s - loss: 1.1942 - accuracy: 0.5848
56/98 [================>.............] - ETA: 4s - loss: 1.1940 - accuracy: 0.5846
57/98 [================>.............] - ETA: 4s - loss: 1.1932 - accuracy: 0.5848
58/98 [================>.............] - ETA: 4s - loss: 1.1932 - accuracy: 0.5850
59/98 [=================>............] - ETA: 4s - loss: 1.1934 - accuracy: 0.5850
60/98 [=================>............] - ETA: 4s - loss: 1.1928 - accuracy: 0.5858
61/98 [=================>............] - ETA: 3s - loss: 1.1919 - accuracy: 0.5860
62/98 [=================>............] - ETA: 3s - loss: 1.1921 - accuracy: 0.5864
63/98 [==================>...........] - ETA: 3s - loss: 1.1915 - accuracy: 0.5864
64/98 [==================>...........] - ETA: 3s - loss: 1.1914 - accuracy: 0.5863
65/98 [==================>...........] - ETA: 3s - loss: 1.1913 - accuracy: 0.5863
66/98 [===================>..........] - ETA: 3s - loss: 1.1894 - accuracy: 0.5871
67/98 [===================>..........] - ETA: 3s - loss: 1.1891 - accuracy: 0.5868
68/98 [===================>..........] - ETA: 3s - loss: 1.1883 - accuracy: 0.5871
69/98 [====================>.........] - ETA: 2s - loss: 1.1881 - accuracy: 0.5872
70/98 [====================>.........] - ETA: 2s - loss: 1.1862 - accuracy: 0.5881
71/98 [====================>.........] - ETA: 2s - loss: 1.1856 - accuracy: 0.5882
72/98 [=====================>........] - ETA: 2s - loss: 1.1853 - accuracy: 0.5883
73/98 [=====================>........] - ETA: 2s - loss: 1.1849 - accuracy: 0.5885
74/98 [=====================>........] - ETA: 2s - loss: 1.1841 - accuracy: 0.5886
75/98 [=====================>........] - ETA: 2s - loss: 1.1834 - accuracy: 0.5887
76/98 [======================>.......] - ETA: 2s - loss: 1.1833 - accuracy: 0.5885
77/98 [======================>.......] - ETA: 2s - loss: 1.1826 - accuracy: 0.5892
78/98 [======================>.......] - ETA: 1s - loss: 1.1823 - accuracy: 0.5893
79/98 [=======================>......] - ETA: 1s - loss: 1.1826 - accuracy: 0.5895
80/98 [=======================>......] - ETA: 1s - loss: 1.1828 - accuracy: 0.5893
81/98 [=======================>......] - ETA: 1s - loss: 1.1830 - accuracy: 0.5897
82/98 [========================>.....] - ETA: 1s - loss: 1.1827 - accuracy: 0.5898
83/98 [========================>.....] - ETA: 1s - loss: 1.1815 - accuracy: 0.5904
84/98 [========================>.....] - ETA: 1s - loss: 1.1803 - accuracy: 0.5909
85/98 [=========================>....] - ETA: 1s - loss: 1.1792 - accuracy: 0.5916
86/98 [=========================>....] - ETA: 1s - loss: 1.1792 - accuracy: 0.5913
87/98 [=========================>....] - ETA: 1s - loss: 1.1786 - accuracy: 0.5914
88/98 [=========================>....] - ETA: 1s - loss: 1.1786 - accuracy: 0.5915
89/98 [==========================>...] - ETA: 0s - loss: 1.1779 - accuracy: 0.5919
90/98 [==========================>...] - ETA: 0s - loss: 1.1768 - accuracy: 0.5922
91/98 [==========================>...] - ETA: 0s - loss: 1.1757 - accuracy: 0.5926
92/98 [===========================>..] - ETA: 0s - loss: 1.1749 - accuracy: 0.5927
93/98 [===========================>..] - ETA: 0s - loss: 1.1748 - accuracy: 0.5928
94/98 [===========================>..] - ETA: 0s - loss: 1.1743 - accuracy: 0.5929
95/98 [============================>.] - ETA: 0s - loss: 1.1739 - accuracy: 0.5931
96/98 [============================>.] - ETA: 0s - loss: 1.1732 - accuracy: 0.5933
97/98 [============================>.] - ETA: 0s - loss: 1.1725 - accuracy: 0.5936
98/98 [==============================] - ETA: 0s - loss: 1.1715 - accuracy: 0.5940
98/98 [==============================] - 11s 113ms/step - loss: 1.1715 - accuracy: 0.5940 - val_loss: 1.8654 - val_accuracy: 0.4633
Epoch 3/118

 1/98 [..............................] - ETA: 9s - loss: 1.0795 - accuracy: 0.6426
 2/98 [..............................] - ETA: 11s - loss: 1.0650 - accuracy: 0.6387
 3/98 [..............................] - ETA: 11s - loss: 1.0577 - accuracy: 0.6400
 4/98 [>.............................] - ETA: 11s - loss: 1.0544 - accuracy: 0.6455
 5/98 [>.............................] - ETA: 11s - loss: 1.0389 - accuracy: 0.6504
 6/98 [>.............................] - ETA: 11s - loss: 1.0410 - accuracy: 0.6478
 7/98 [=>............................] - ETA: 10s - loss: 1.0496 - accuracy: 0.6445
 8/98 [=>............................] - ETA: 10s - loss: 1.0573 - accuracy: 0.6433
 9/98 [=>............................] - ETA: 10s - loss: 1.0601 - accuracy: 0.6426
10/98 [==>...........................] - ETA: 10s - loss: 1.0663 - accuracy: 0.6430
11/98 [==>...........................] - ETA: 10s - loss: 1.0668 - accuracy: 0.6431
12/98 [==>...........................] - ETA: 10s - loss: 1.0683 - accuracy: 0.6429
13/98 [==>...........................] - ETA: 10s - loss: 1.0716 - accuracy: 0.6384
14/98 [===>..........................] - ETA: 9s - loss: 1.0678 - accuracy: 0.6371 
15/98 [===>..........................] - ETA: 9s - loss: 1.0680 - accuracy: 0.6380
16/98 [===>..........................] - ETA: 9s - loss: 1.0663 - accuracy: 0.6387
17/98 [====>.........................] - ETA: 9s - loss: 1.0629 - accuracy: 0.6388
18/98 [====>.........................] - ETA: 9s - loss: 1.0604 - accuracy: 0.6402
19/98 [====>.........................] - ETA: 9s - loss: 1.0586 - accuracy: 0.6410
20/98 [=====>........................] - ETA: 9s - loss: 1.0561 - accuracy: 0.6407
21/98 [=====>........................] - ETA: 9s - loss: 1.0590 - accuracy: 0.6394
22/98 [=====>........................] - ETA: 9s - loss: 1.0584 - accuracy: 0.6402
23/98 [======>.......................] - ETA: 8s - loss: 1.0588 - accuracy: 0.6395
24/98 [======>.......................] - ETA: 8s - loss: 1.0572 - accuracy: 0.6391
25/98 [======>.......................] - ETA: 8s - loss: 1.0550 - accuracy: 0.6395
26/98 [======>.......................] - ETA: 8s - loss: 1.0544 - accuracy: 0.6393
27/98 [=======>......................] - ETA: 8s - loss: 1.0548 - accuracy: 0.6385
28/98 [=======>......................] - ETA: 8s - loss: 1.0547 - accuracy: 0.6394
29/98 [=======>......................] - ETA: 7s - loss: 1.0600 - accuracy: 0.6371
30/98 [========>.....................] - ETA: 7s - loss: 1.0594 - accuracy: 0.6376
31/98 [========>.....................] - ETA: 7s - loss: 1.0603 - accuracy: 0.6369
32/98 [========>.....................] - ETA: 7s - loss: 1.0595 - accuracy: 0.6372
33/98 [=========>....................] - ETA: 6s - loss: 1.0588 - accuracy: 0.6371
34/98 [=========>....................] - ETA: 6s - loss: 1.0578 - accuracy: 0.6375
35/98 [=========>....................] - ETA: 6s - loss: 1.0562 - accuracy: 0.6381
36/98 [==========>...................] - ETA: 6s - loss: 1.0548 - accuracy: 0.6387
37/98 [==========>...................] - ETA: 6s - loss: 1.0525 - accuracy: 0.6398
38/98 [==========>...................] - ETA: 6s - loss: 1.0518 - accuracy: 0.6395
39/98 [==========>...................] - ETA: 5s - loss: 1.0503 - accuracy: 0.6401
40/98 [===========>..................] - ETA: 5s - loss: 1.0495 - accuracy: 0.6396
41/98 [===========>..................] - ETA: 5s - loss: 1.0476 - accuracy: 0.6400
42/98 [===========>..................] - ETA: 5s - loss: 1.0466 - accuracy: 0.6403
43/98 [============>.................] - ETA: 5s - loss: 1.0457 - accuracy: 0.6404
44/98 [============>.................] - ETA: 5s - loss: 1.0440 - accuracy: 0.6410
45/98 [============>.................] - ETA: 5s - loss: 1.0438 - accuracy: 0.6410
46/98 [=============>................] - ETA: 5s - loss: 1.0427 - accuracy: 0.6415
47/98 [=============>................] - ETA: 5s - loss: 1.0426 - accuracy: 0.6417
48/98 [=============>................] - ETA: 5s - loss: 1.0444 - accuracy: 0.6411
49/98 [==============>...............] - ETA: 5s - loss: 1.0427 - accuracy: 0.6420
50/98 [==============>...............] - ETA: 4s - loss: 1.0422 - accuracy: 0.6424
51/98 [==============>...............] - ETA: 4s - loss: 1.0411 - accuracy: 0.6430
52/98 [==============>...............] - ETA: 4s - loss: 1.0405 - accuracy: 0.6432
53/98 [===============>..............] - ETA: 4s - loss: 1.0402 - accuracy: 0.6430
54/98 [===============>..............] - ETA: 4s - loss: 1.0412 - accuracy: 0.6423
55/98 [===============>..............] - ETA: 4s - loss: 1.0404 - accuracy: 0.6426
56/98 [================>.............] - ETA: 4s - loss: 1.0394 - accuracy: 0.6428
57/98 [================>.............] - ETA: 4s - loss: 1.0384 - accuracy: 0.6429
58/98 [================>.............] - ETA: 4s - loss: 1.0380 - accuracy: 0.6429
59/98 [=================>............] - ETA: 4s - loss: 1.0380 - accuracy: 0.6424
60/98 [=================>............] - ETA: 4s - loss: 1.0390 - accuracy: 0.6418
61/98 [=================>............] - ETA: 3s - loss: 1.0390 - accuracy: 0.6420
62/98 [=================>............] - ETA: 3s - loss: 1.0392 - accuracy: 0.6415
63/98 [==================>...........] - ETA: 3s - loss: 1.0389 - accuracy: 0.6416
64/98 [==================>...........] - ETA: 3s - loss: 1.0391 - accuracy: 0.6413
65/98 [==================>...........] - ETA: 3s - loss: 1.0385 - accuracy: 0.6412
66/98 [===================>..........] - ETA: 3s - loss: 1.0390 - accuracy: 0.6412
67/98 [===================>..........] - ETA: 3s - loss: 1.0397 - accuracy: 0.6410
68/98 [===================>..........] - ETA: 3s - loss: 1.0388 - accuracy: 0.6413
69/98 [====================>.........] - ETA: 3s - loss: 1.0381 - accuracy: 0.6412
70/98 [====================>.........] - ETA: 2s - loss: 1.0371 - accuracy: 0.6417
71/98 [====================>.........] - ETA: 2s - loss: 1.0367 - accuracy: 0.6417
72/98 [=====================>........] - ETA: 2s - loss: 1.0365 - accuracy: 0.6418
73/98 [=====================>........] - ETA: 2s - loss: 1.0368 - accuracy: 0.6418
74/98 [=====================>........] - ETA: 2s - loss: 1.0364 - accuracy: 0.6423
75/98 [=====================>........] - ETA: 2s - loss: 1.0353 - accuracy: 0.6426
76/98 [======================>.......] - ETA: 2s - loss: 1.0346 - accuracy: 0.6430
77/98 [======================>.......] - ETA: 2s - loss: 1.0350 - accuracy: 0.6431
78/98 [======================>.......] - ETA: 2s - loss: 1.0349 - accuracy: 0.6433
79/98 [=======================>......] - ETA: 1s - loss: 1.0346 - accuracy: 0.6433
80/98 [=======================>......] - ETA: 1s - loss: 1.0352 - accuracy: 0.6433
81/98 [=======================>......] - ETA: 1s - loss: 1.0355 - accuracy: 0.6432
82/98 [========================>.....] - ETA: 1s - loss: 1.0358 - accuracy: 0.6432
83/98 [========================>.....] - ETA: 1s - loss: 1.0362 - accuracy: 0.6432
84/98 [========================>.....] - ETA: 1s - loss: 1.0364 - accuracy: 0.6433
85/98 [=========================>....] - ETA: 1s - loss: 1.0371 - accuracy: 0.6425
86/98 [=========================>....] - ETA: 1s - loss: 1.0359 - accuracy: 0.6429
87/98 [=========================>....] - ETA: 1s - loss: 1.0356 - accuracy: 0.6429
88/98 [=========================>....] - ETA: 1s - loss: 1.0351 - accuracy: 0.6432
89/98 [==========================>...] - ETA: 0s - loss: 1.0354 - accuracy: 0.6432
90/98 [==========================>...] - ETA: 0s - loss: 1.0350 - accuracy: 0.6432
91/98 [==========================>...] - ETA: 0s - loss: 1.0345 - accuracy: 0.6435
92/98 [===========================>..] - ETA: 0s - loss: 1.0339 - accuracy: 0.6437
93/98 [===========================>..] - ETA: 0s - loss: 1.0332 - accuracy: 0.6440
94/98 [===========================>..] - ETA: 0s - loss: 1.0329 - accuracy: 0.6437
95/98 [============================>.] - ETA: 0s - loss: 1.0338 - accuracy: 0.6431
96/98 [============================>.] - ETA: 0s - loss: 1.0332 - accuracy: 0.6434
97/98 [============================>.] - ETA: 0s - loss: 1.0334 - accuracy: 0.6434
98/98 [==============================] - ETA: 0s - loss: 1.0326 - accuracy: 0.6436
98/98 [==============================] - 11s 114ms/step - loss: 1.0326 - accuracy: 0.6436 - val_loss: 1.6261 - val_accuracy: 0.5062
Epoch 4/118

 1/98 [..............................] - ETA: 7s - loss: 0.9100 - accuracy: 0.6836
 2/98 [..............................] - ETA: 7s - loss: 0.8865 - accuracy: 0.6963
 3/98 [..............................] - ETA: 7s - loss: 0.9133 - accuracy: 0.6842
 4/98 [>.............................] - ETA: 8s - loss: 0.9273 - accuracy: 0.6826
 5/98 [>.............................] - ETA: 9s - loss: 0.9291 - accuracy: 0.6836
 6/98 [>.............................] - ETA: 9s - loss: 0.9397 - accuracy: 0.6829
 7/98 [=>............................] - ETA: 9s - loss: 0.9444 - accuracy: 0.6783
 8/98 [=>............................] - ETA: 9s - loss: 0.9361 - accuracy: 0.6790
 9/98 [=>............................] - ETA: 9s - loss: 0.9389 - accuracy: 0.6782
10/98 [==>...........................] - ETA: 9s - loss: 0.9393 - accuracy: 0.6791
11/98 [==>...........................] - ETA: 9s - loss: 0.9396 - accuracy: 0.6785
12/98 [==>...........................] - ETA: 9s - loss: 0.9381 - accuracy: 0.6791
13/98 [==>...........................] - ETA: 9s - loss: 0.9401 - accuracy: 0.6795
14/98 [===>..........................] - ETA: 9s - loss: 0.9382 - accuracy: 0.6805
15/98 [===>..........................] - ETA: 9s - loss: 0.9406 - accuracy: 0.6799
16/98 [===>..........................] - ETA: 9s - loss: 0.9421 - accuracy: 0.6784
17/98 [====>.........................] - ETA: 9s - loss: 0.9416 - accuracy: 0.6769
18/98 [====>.........................] - ETA: 8s - loss: 0.9379 - accuracy: 0.6782
19/98 [====>.........................] - ETA: 8s - loss: 0.9380 - accuracy: 0.6774
20/98 [=====>........................] - ETA: 8s - loss: 0.9381 - accuracy: 0.6773
21/98 [=====>........................] - ETA: 8s - loss: 0.9379 - accuracy: 0.6782
22/98 [=====>........................] - ETA: 8s - loss: 0.9353 - accuracy: 0.6794
23/98 [======>.......................] - ETA: 8s - loss: 0.9367 - accuracy: 0.6784
24/98 [======>.......................] - ETA: 8s - loss: 0.9386 - accuracy: 0.6783
25/98 [======>.......................] - ETA: 8s - loss: 0.9380 - accuracy: 0.6771
26/98 [======>.......................] - ETA: 8s - loss: 0.9362 - accuracy: 0.6783
27/98 [=======>......................] - ETA: 8s - loss: 0.9361 - accuracy: 0.6772
28/98 [=======>......................] - ETA: 7s - loss: 0.9353 - accuracy: 0.6769
29/98 [=======>......................] - ETA: 7s - loss: 0.9362 - accuracy: 0.6765
30/98 [========>.....................] - ETA: 7s - loss: 0.9346 - accuracy: 0.6774
31/98 [========>.....................] - ETA: 7s - loss: 0.9346 - accuracy: 0.6779
32/98 [========>.....................] - ETA: 7s - loss: 0.9355 - accuracy: 0.6778
33/98 [=========>....................] - ETA: 6s - loss: 0.9371 - accuracy: 0.6770
34/98 [=========>....................] - ETA: 6s - loss: 0.9379 - accuracy: 0.6769
35/98 [=========>....................] - ETA: 6s - loss: 0.9394 - accuracy: 0.6771
36/98 [==========>...................] - ETA: 6s - loss: 0.9394 - accuracy: 0.6769
37/98 [==========>...................] - ETA: 6s - loss: 0.9410 - accuracy: 0.6770
38/98 [==========>...................] - ETA: 6s - loss: 0.9414 - accuracy: 0.6770
39/98 [==========>...................] - ETA: 5s - loss: 0.9420 - accuracy: 0.6768
40/98 [===========>..................] - ETA: 5s - loss: 0.9445 - accuracy: 0.6759
41/98 [===========>..................] - ETA: 5s - loss: 0.9456 - accuracy: 0.6755
42/98 [===========>..................] - ETA: 5s - loss: 0.9465 - accuracy: 0.6751
43/98 [============>.................] - ETA: 5s - loss: 0.9459 - accuracy: 0.6749
44/98 [============>.................] - ETA: 5s - loss: 0.9458 - accuracy: 0.6751
45/98 [============>.................] - ETA: 5s - loss: 0.9452 - accuracy: 0.6756
46/98 [=============>................] - ETA: 5s - loss: 0.9436 - accuracy: 0.6759
47/98 [=============>................] - ETA: 5s - loss: 0.9446 - accuracy: 0.6758
48/98 [=============>................] - ETA: 5s - loss: 0.9437 - accuracy: 0.6763
49/98 [==============>...............] - ETA: 4s - loss: 0.9428 - accuracy: 0.6763
50/98 [==============>...............] - ETA: 4s - loss: 0.9416 - accuracy: 0.6768
51/98 [==============>...............] - ETA: 4s - loss: 0.9408 - accuracy: 0.6769
52/98 [==============>...............] - ETA: 4s - loss: 0.9420 - accuracy: 0.6766
53/98 [===============>..............] - ETA: 4s - loss: 0.9420 - accuracy: 0.6766
54/98 [===============>..............] - ETA: 4s - loss: 0.9422 - accuracy: 0.6764
55/98 [===============>..............] - ETA: 4s - loss: 0.9431 - accuracy: 0.6755
56/98 [================>.............] - ETA: 4s - loss: 0.9427 - accuracy: 0.6758
57/98 [================>.............] - ETA: 4s - loss: 0.9432 - accuracy: 0.6757
58/98 [================>.............] - ETA: 4s - loss: 0.9433 - accuracy: 0.6754
59/98 [=================>............] - ETA: 4s - loss: 0.9440 - accuracy: 0.6749
60/98 [=================>............] - ETA: 3s - loss: 0.9432 - accuracy: 0.6756
61/98 [=================>............] - ETA: 3s - loss: 0.9436 - accuracy: 0.6753
62/98 [=================>............] - ETA: 3s - loss: 0.9415 - accuracy: 0.6762
63/98 [==================>...........] - ETA: 3s - loss: 0.9409 - accuracy: 0.6761
64/98 [==================>...........] - ETA: 3s - loss: 0.9405 - accuracy: 0.6760
65/98 [==================>...........] - ETA: 3s - loss: 0.9406 - accuracy: 0.6759
66/98 [===================>..........] - ETA: 3s - loss: 0.9392 - accuracy: 0.6764
67/98 [===================>..........] - ETA: 3s - loss: 0.9390 - accuracy: 0.6766
68/98 [===================>..........] - ETA: 3s - loss: 0.9395 - accuracy: 0.6764
69/98 [====================>.........] - ETA: 3s - loss: 0.9384 - accuracy: 0.6768
70/98 [====================>.........] - ETA: 2s - loss: 0.9385 - accuracy: 0.6771
71/98 [====================>.........] - ETA: 2s - loss: 0.9390 - accuracy: 0.6769
72/98 [=====================>........] - ETA: 2s - loss: 0.9383 - accuracy: 0.6774
73/98 [=====================>........] - ETA: 2s - loss: 0.9373 - accuracy: 0.6774
74/98 [=====================>........] - ETA: 2s - loss: 0.9367 - accuracy: 0.6775
75/98 [=====================>........] - ETA: 2s - loss: 0.9374 - accuracy: 0.6770
76/98 [======================>.......] - ETA: 2s - loss: 0.9371 - accuracy: 0.6774
77/98 [======================>.......] - ETA: 2s - loss: 0.9368 - accuracy: 0.6773
78/98 [======================>.......] - ETA: 2s - loss: 0.9374 - accuracy: 0.6770
79/98 [=======================>......] - ETA: 1s - loss: 0.9369 - accuracy: 0.6771
80/98 [=======================>......] - ETA: 1s - loss: 0.9361 - accuracy: 0.6775
81/98 [=======================>......] - ETA: 1s - loss: 0.9361 - accuracy: 0.6777
82/98 [========================>.....] - ETA: 1s - loss: 0.9356 - accuracy: 0.6780
83/98 [========================>.....] - ETA: 1s - loss: 0.9358 - accuracy: 0.6781
84/98 [========================>.....] - ETA: 1s - loss: 0.9356 - accuracy: 0.6782
85/98 [=========================>....] - ETA: 1s - loss: 0.9349 - accuracy: 0.6786
86/98 [=========================>....] - ETA: 1s - loss: 0.9348 - accuracy: 0.6786
87/98 [=========================>....] - ETA: 1s - loss: 0.9348 - accuracy: 0.6786
88/98 [=========================>....] - ETA: 1s - loss: 0.9345 - accuracy: 0.6786
89/98 [==========================>...] - ETA: 0s - loss: 0.9337 - accuracy: 0.6790
90/98 [==========================>...] - ETA: 0s - loss: 0.9335 - accuracy: 0.6790
91/98 [==========================>...] - ETA: 0s - loss: 0.9329 - accuracy: 0.6792
92/98 [===========================>..] - ETA: 0s - loss: 0.9332 - accuracy: 0.6791
93/98 [===========================>..] - ETA: 0s - loss: 0.9328 - accuracy: 0.6793
94/98 [===========================>..] - ETA: 0s - loss: 0.9326 - accuracy: 0.6793
95/98 [============================>.] - ETA: 0s - loss: 0.9328 - accuracy: 0.6791
96/98 [============================>.] - ETA: 0s - loss: 0.9328 - accuracy: 0.6792
97/98 [============================>.] - ETA: 0s - loss: 0.9325 - accuracy: 0.6793
98/98 [==============================] - ETA: 0s - loss: 0.9329 - accuracy: 0.6792
98/98 [==============================] - 11s 114ms/step - loss: 0.9329 - accuracy: 0.6792 - val_loss: 1.3548 - val_accuracy: 0.5738
Epoch 5/118

 1/98 [..............................] - ETA: 9s - loss: 0.8734 - accuracy: 0.7090
 2/98 [..............................] - ETA: 5s - loss: 0.9028 - accuracy: 0.6953
 3/98 [..............................] - ETA: 5s - loss: 0.9105 - accuracy: 0.6966
 4/98 [>.............................] - ETA: 5s - loss: 0.8919 - accuracy: 0.7061
 5/98 [>.............................] - ETA: 6s - loss: 0.9022 - accuracy: 0.6969
 6/98 [>.............................] - ETA: 7s - loss: 0.9125 - accuracy: 0.6950
 7/98 [=>............................] - ETA: 7s - loss: 0.9105 - accuracy: 0.6967
 8/98 [=>............................] - ETA: 8s - loss: 0.8962 - accuracy: 0.6987
 9/98 [=>............................] - ETA: 8s - loss: 0.8946 - accuracy: 0.6979
10/98 [==>...........................] - ETA: 8s - loss: 0.8929 - accuracy: 0.6979
11/98 [==>...........................] - ETA: 8s - loss: 0.8864 - accuracy: 0.6998
12/98 [==>...........................] - ETA: 8s - loss: 0.8840 - accuracy: 0.7017
13/98 [==>...........................] - ETA: 8s - loss: 0.8821 - accuracy: 0.7030
14/98 [===>..........................] - ETA: 8s - loss: 0.8825 - accuracy: 0.7016
15/98 [===>..........................] - ETA: 8s - loss: 0.8826 - accuracy: 0.7022
16/98 [===>..........................] - ETA: 8s - loss: 0.8819 - accuracy: 0.7024
17/98 [====>.........................] - ETA: 8s - loss: 0.8824 - accuracy: 0.7021
18/98 [====>.........................] - ETA: 8s - loss: 0.8789 - accuracy: 0.7028
19/98 [====>.........................] - ETA: 8s - loss: 0.8728 - accuracy: 0.7053
20/98 [=====>........................] - ETA: 8s - loss: 0.8723 - accuracy: 0.7053
21/98 [=====>........................] - ETA: 8s - loss: 0.8710 - accuracy: 0.7058
22/98 [=====>........................] - ETA: 8s - loss: 0.8702 - accuracy: 0.7067
23/98 [======>.......................] - ETA: 8s - loss: 0.8688 - accuracy: 0.7069
24/98 [======>.......................] - ETA: 8s - loss: 0.8661 - accuracy: 0.7076
25/98 [======>.......................] - ETA: 8s - loss: 0.8664 - accuracy: 0.7077
26/98 [======>.......................] - ETA: 8s - loss: 0.8670 - accuracy: 0.7074
27/98 [=======>......................] - ETA: 7s - loss: 0.8690 - accuracy: 0.7066
28/98 [=======>......................] - ETA: 7s - loss: 0.8681 - accuracy: 0.7074
29/98 [=======>......................] - ETA: 7s - loss: 0.8675 - accuracy: 0.7072
30/98 [========>.....................] - ETA: 7s - loss: 0.8707 - accuracy: 0.7057
31/98 [========>.....................] - ETA: 7s - loss: 0.8724 - accuracy: 0.7044
32/98 [========>.....................] - ETA: 7s - loss: 0.8721 - accuracy: 0.7044
33/98 [=========>....................] - ETA: 6s - loss: 0.8708 - accuracy: 0.7040
34/98 [=========>....................] - ETA: 6s - loss: 0.8724 - accuracy: 0.7033
35/98 [=========>....................] - ETA: 6s - loss: 0.8717 - accuracy: 0.7034
36/98 [==========>...................] - ETA: 6s - loss: 0.8724 - accuracy: 0.7023
37/98 [==========>...................] - ETA: 6s - loss: 0.8733 - accuracy: 0.7014
38/98 [==========>...................] - ETA: 6s - loss: 0.8723 - accuracy: 0.7018
39/98 [==========>...................] - ETA: 5s - loss: 0.8721 - accuracy: 0.7018
40/98 [===========>..................] - ETA: 5s - loss: 0.8706 - accuracy: 0.7024
41/98 [===========>..................] - ETA: 5s - loss: 0.8699 - accuracy: 0.7028
42/98 [===========>..................] - ETA: 5s - loss: 0.8728 - accuracy: 0.7017
43/98 [============>.................] - ETA: 5s - loss: 0.8747 - accuracy: 0.7012
44/98 [============>.................] - ETA: 5s - loss: 0.8747 - accuracy: 0.7017
45/98 [============>.................] - ETA: 5s - loss: 0.8740 - accuracy: 0.7023
46/98 [=============>................] - ETA: 5s - loss: 0.8758 - accuracy: 0.7017
47/98 [=============>................] - ETA: 5s - loss: 0.8764 - accuracy: 0.7016
48/98 [=============>................] - ETA: 4s - loss: 0.8763 - accuracy: 0.7013
49/98 [==============>...............] - ETA: 4s - loss: 0.8776 - accuracy: 0.7007
50/98 [==============>...............] - ETA: 4s - loss: 0.8769 - accuracy: 0.7011
51/98 [==============>...............] - ETA: 4s - loss: 0.8764 - accuracy: 0.7010
