2024-06-26 03:40:23.812465: I tensorflow/core/platform/cpu_feature_guard.cc:193] This TensorFlow binary is optimized with oneAPI Deep Neural Network Library (oneDNN) to use the following CPU instructions in performance-critical operations:  AVX AVX2
To enable them in other operations, rebuild TensorFlow with the appropriate compiler flags.
2024-06-26 03:40:24.485547: I tensorflow/core/common_runtime/gpu/gpu_device.cc:1616] Created device /job:localhost/replica:0/task:0/device:GPU:0 with 6656 MB memory:  -> device: 0, name: NVIDIA GeForce RTX 4060 Ti, pci bus id: 0000:01:00.0, compute capability: 8.9
1 Physical GPUs, 1 Logical GPUs
Model: "sequential"
_________________________________________________________________
 Layer (type)                Output Shape              Param #   
=================================================================
 conv2d (Conv2D)             (None, 32, 32, 32)        896       
                                                                 
 max_pooling2d (MaxPooling2D  (None, 16, 16, 32)       0         
 )                                                               
                                                                 
 batch_normalization (BatchN  (None, 16, 16, 32)       128       
 ormalization)                                                   
                                                                 
 conv2d_1 (Conv2D)           (None, 16, 16, 256)       401664    
                                                                 
 dropout (Dropout)           (None, 16, 16, 256)       0         
                                                                 
 flatten (Flatten)           (None, 65536)             0         
                                                                 
 dense (Dense)               (None, 10)                655370    
                                                                 
=================================================================
Total params: 1,058,058
Trainable params: 1,057,994
Non-trainable params: 64
_________________________________________________________________
Taxa de aprendizado:  0.0001 Num de épocas:  118 Tamanho do lote:  512 Dropout:  0.16174
Epoch 1/118
2024-06-26 03:40:25.765773: I tensorflow/stream_executor/cuda/cuda_dnn.cc:384] Loaded cuDNN version 8100
2024-06-26 03:40:26.624566: W tensorflow/stream_executor/gpu/redzone_allocator.cc:314] INTERNAL: ptxas exited with non-zero error code -1, output: 
Relying on driver to perform ptx compilation. 
Modify $PATH to customize ptxas location.
This message will be only logged once.
2024-06-26 03:40:27.994832: I tensorflow/stream_executor/cuda/cuda_blas.cc:1614] TensorFloat-32 will be used for the matrix multiplication. This will only be logged once.

 1/98 [..............................] - ETA: 10:13 - loss: 2.3708 - accuracy: 0.0664
 2/98 [..............................] - ETA: 12s - loss: 2.3344 - accuracy: 0.1055  
 3/98 [..............................] - ETA: 11s - loss: 2.2751 - accuracy: 0.1419
 4/98 [>.............................] - ETA: 11s - loss: 2.2241 - accuracy: 0.1650
 5/98 [>.............................] - ETA: 11s - loss: 2.1953 - accuracy: 0.1875
 6/98 [>.............................] - ETA: 11s - loss: 2.1582 - accuracy: 0.2087
 7/98 [=>............................] - ETA: 11s - loss: 2.1222 - accuracy: 0.2252
 8/98 [=>............................] - ETA: 11s - loss: 2.0967 - accuracy: 0.2407
 9/98 [=>............................] - ETA: 10s - loss: 2.0793 - accuracy: 0.2520
10/98 [==>...........................] - ETA: 10s - loss: 2.0555 - accuracy: 0.2631
11/98 [==>...........................] - ETA: 10s - loss: 2.0390 - accuracy: 0.2681
12/98 [==>...........................] - ETA: 10s - loss: 2.0204 - accuracy: 0.2749
13/98 [==>...........................] - ETA: 10s - loss: 2.0080 - accuracy: 0.2796
14/98 [===>..........................] - ETA: 10s - loss: 1.9920 - accuracy: 0.2879
15/98 [===>..........................] - ETA: 10s - loss: 1.9767 - accuracy: 0.2947
16/98 [===>..........................] - ETA: 10s - loss: 1.9674 - accuracy: 0.2976
17/98 [====>.........................] - ETA: 9s - loss: 1.9545 - accuracy: 0.3015 
18/98 [====>.........................] - ETA: 9s - loss: 1.9413 - accuracy: 0.3049
19/98 [====>.........................] - ETA: 9s - loss: 1.9293 - accuracy: 0.3085
20/98 [=====>........................] - ETA: 9s - loss: 1.9172 - accuracy: 0.3133
21/98 [=====>........................] - ETA: 9s - loss: 1.9054 - accuracy: 0.3200
22/98 [=====>........................] - ETA: 9s - loss: 1.8972 - accuracy: 0.3240
23/98 [======>.......................] - ETA: 9s - loss: 1.8839 - accuracy: 0.3295
24/98 [======>.......................] - ETA: 9s - loss: 1.8724 - accuracy: 0.3338
25/98 [======>.......................] - ETA: 8s - loss: 1.8646 - accuracy: 0.3377
26/98 [======>.......................] - ETA: 8s - loss: 1.8540 - accuracy: 0.3419
27/98 [=======>......................] - ETA: 8s - loss: 1.8467 - accuracy: 0.3460
28/98 [=======>......................] - ETA: 8s - loss: 1.8372 - accuracy: 0.3488
29/98 [=======>......................] - ETA: 8s - loss: 1.8319 - accuracy: 0.3516
30/98 [========>.....................] - ETA: 8s - loss: 1.8232 - accuracy: 0.3552
31/98 [========>.....................] - ETA: 8s - loss: 1.8164 - accuracy: 0.3579
32/98 [========>.....................] - ETA: 8s - loss: 1.8099 - accuracy: 0.3600
33/98 [=========>....................] - ETA: 7s - loss: 1.8009 - accuracy: 0.3634
34/98 [=========>....................] - ETA: 7s - loss: 1.7919 - accuracy: 0.3665
35/98 [=========>....................] - ETA: 7s - loss: 1.7843 - accuracy: 0.3693
36/98 [==========>...................] - ETA: 7s - loss: 1.7774 - accuracy: 0.3713
37/98 [==========>...................] - ETA: 7s - loss: 1.7716 - accuracy: 0.3728
38/98 [==========>...................] - ETA: 7s - loss: 1.7632 - accuracy: 0.3759
39/98 [==========>...................] - ETA: 7s - loss: 1.7577 - accuracy: 0.3783
40/98 [===========>..................] - ETA: 7s - loss: 1.7531 - accuracy: 0.3792
41/98 [===========>..................] - ETA: 6s - loss: 1.7478 - accuracy: 0.3808
42/98 [===========>..................] - ETA: 6s - loss: 1.7412 - accuracy: 0.3832
43/98 [============>.................] - ETA: 6s - loss: 1.7358 - accuracy: 0.3853
44/98 [============>.................] - ETA: 6s - loss: 1.7286 - accuracy: 0.3881
45/98 [============>.................] - ETA: 6s - loss: 1.7242 - accuracy: 0.3900
46/98 [=============>................] - ETA: 6s - loss: 1.7193 - accuracy: 0.3920
47/98 [=============>................] - ETA: 6s - loss: 1.7154 - accuracy: 0.3935
48/98 [=============>................] - ETA: 6s - loss: 1.7113 - accuracy: 0.3951
49/98 [==============>...............] - ETA: 5s - loss: 1.7062 - accuracy: 0.3972
50/98 [==============>...............] - ETA: 5s - loss: 1.7014 - accuracy: 0.3985
51/98 [==============>...............] - ETA: 5s - loss: 1.6969 - accuracy: 0.4000
52/98 [==============>...............] - ETA: 5s - loss: 1.6929 - accuracy: 0.4012
53/98 [===============>..............] - ETA: 5s - loss: 1.6887 - accuracy: 0.4024
54/98 [===============>..............] - ETA: 5s - loss: 1.6853 - accuracy: 0.4038
55/98 [===============>..............] - ETA: 5s - loss: 1.6815 - accuracy: 0.4052
56/98 [================>.............] - ETA: 5s - loss: 1.6774 - accuracy: 0.4064
57/98 [================>.............] - ETA: 4s - loss: 1.6732 - accuracy: 0.4077
58/98 [================>.............] - ETA: 4s - loss: 1.6698 - accuracy: 0.4087
59/98 [=================>............] - ETA: 4s - loss: 1.6652 - accuracy: 0.4103
60/98 [=================>............] - ETA: 4s - loss: 1.6594 - accuracy: 0.4126
61/98 [=================>............] - ETA: 4s - loss: 1.6565 - accuracy: 0.4134
62/98 [=================>............] - ETA: 4s - loss: 1.6517 - accuracy: 0.4151
63/98 [==================>...........] - ETA: 4s - loss: 1.6478 - accuracy: 0.4169
64/98 [==================>...........] - ETA: 4s - loss: 1.6437 - accuracy: 0.4183
65/98 [==================>...........] - ETA: 4s - loss: 1.6400 - accuracy: 0.4196
66/98 [===================>..........] - ETA: 3s - loss: 1.6361 - accuracy: 0.4210
67/98 [===================>..........] - ETA: 3s - loss: 1.6314 - accuracy: 0.4228
68/98 [===================>..........] - ETA: 3s - loss: 1.6270 - accuracy: 0.4243
69/98 [====================>.........] - ETA: 3s - loss: 1.6237 - accuracy: 0.4255
70/98 [====================>.........] - ETA: 3s - loss: 1.6197 - accuracy: 0.4270
71/98 [====================>.........] - ETA: 3s - loss: 1.6182 - accuracy: 0.4275
72/98 [=====================>........] - ETA: 3s - loss: 1.6150 - accuracy: 0.4289
73/98 [=====================>........] - ETA: 3s - loss: 1.6122 - accuracy: 0.4298
74/98 [=====================>........] - ETA: 3s - loss: 1.6089 - accuracy: 0.4313
75/98 [=====================>........] - ETA: 3s - loss: 1.6061 - accuracy: 0.4322
76/98 [======================>.......] - ETA: 3s - loss: 1.6046 - accuracy: 0.4327
77/98 [======================>.......] - ETA: 2s - loss: 1.6013 - accuracy: 0.4340
78/98 [======================>.......] - ETA: 2s - loss: 1.5985 - accuracy: 0.4351
79/98 [=======================>......] - ETA: 2s - loss: 1.5941 - accuracy: 0.4370
80/98 [=======================>......] - ETA: 2s - loss: 1.5901 - accuracy: 0.4388
81/98 [=======================>......] - ETA: 2s - loss: 1.5868 - accuracy: 0.4400
82/98 [========================>.....] - ETA: 2s - loss: 1.5833 - accuracy: 0.4414
83/98 [========================>.....] - ETA: 2s - loss: 1.5804 - accuracy: 0.4424
84/98 [========================>.....] - ETA: 1s - loss: 1.5769 - accuracy: 0.4438
85/98 [=========================>....] - ETA: 1s - loss: 1.5750 - accuracy: 0.4445
86/98 [=========================>....] - ETA: 1s - loss: 1.5724 - accuracy: 0.4455
87/98 [=========================>....] - ETA: 1s - loss: 1.5693 - accuracy: 0.4467
88/98 [=========================>....] - ETA: 1s - loss: 1.5671 - accuracy: 0.4475
89/98 [==========================>...] - ETA: 1s - loss: 1.5634 - accuracy: 0.4489
90/98 [==========================>...] - ETA: 1s - loss: 1.5602 - accuracy: 0.4503
91/98 [==========================>...] - ETA: 0s - loss: 1.5572 - accuracy: 0.4515
92/98 [===========================>..] - ETA: 0s - loss: 1.5541 - accuracy: 0.4523
93/98 [===========================>..] - ETA: 0s - loss: 1.5511 - accuracy: 0.4533
94/98 [===========================>..] - ETA: 0s - loss: 1.5485 - accuracy: 0.4545
95/98 [============================>.] - ETA: 0s - loss: 1.5461 - accuracy: 0.4555
96/98 [============================>.] - ETA: 0s - loss: 1.5432 - accuracy: 0.4566
97/98 [============================>.] - ETA: 0s - loss: 1.5406 - accuracy: 0.4576
98/98 [==============================] - ETA: 0s - loss: 1.5379 - accuracy: 0.4586
98/98 [==============================] - 21s 154ms/step - loss: 1.5379 - accuracy: 0.4586 - val_loss: 2.0519 - val_accuracy: 0.3774
Epoch 2/118

 1/98 [..............................] - ETA: 13s - loss: 1.2892 - accuracy: 0.5293
 2/98 [..............................] - ETA: 12s - loss: 1.2795 - accuracy: 0.5332
 3/98 [..............................] - ETA: 11s - loss: 1.2685 - accuracy: 0.5423
 4/98 [>.............................] - ETA: 11s - loss: 1.2627 - accuracy: 0.5483
 5/98 [>.............................] - ETA: 11s - loss: 1.2342 - accuracy: 0.5555
 6/98 [>.............................] - ETA: 11s - loss: 1.2233 - accuracy: 0.5592
 7/98 [=>............................] - ETA: 11s - loss: 1.2256 - accuracy: 0.5628
 8/98 [=>............................] - ETA: 11s - loss: 1.2223 - accuracy: 0.5645
 9/98 [=>............................] - ETA: 10s - loss: 1.2320 - accuracy: 0.5610
10/98 [==>...........................] - ETA: 10s - loss: 1.2300 - accuracy: 0.5633
11/98 [==>...........................] - ETA: 10s - loss: 1.2291 - accuracy: 0.5623
12/98 [==>...........................] - ETA: 10s - loss: 1.2291 - accuracy: 0.5622
13/98 [==>...........................] - ETA: 10s - loss: 1.2305 - accuracy: 0.5627
14/98 [===>..........................] - ETA: 10s - loss: 1.2276 - accuracy: 0.5659
15/98 [===>..........................] - ETA: 9s - loss: 1.2254 - accuracy: 0.5676 
16/98 [===>..........................] - ETA: 9s - loss: 1.2207 - accuracy: 0.5694
17/98 [====>.........................] - ETA: 9s - loss: 1.2270 - accuracy: 0.5670
18/98 [====>.........................] - ETA: 9s - loss: 1.2264 - accuracy: 0.5669
19/98 [====>.........................] - ETA: 9s - loss: 1.2229 - accuracy: 0.5686
20/98 [=====>........................] - ETA: 9s - loss: 1.2236 - accuracy: 0.5683
21/98 [=====>........................] - ETA: 9s - loss: 1.2204 - accuracy: 0.5702
22/98 [=====>........................] - ETA: 9s - loss: 1.2179 - accuracy: 0.5716
23/98 [======>.......................] - ETA: 9s - loss: 1.2170 - accuracy: 0.5719
24/98 [======>.......................] - ETA: 8s - loss: 1.2170 - accuracy: 0.5721
25/98 [======>.......................] - ETA: 8s - loss: 1.2181 - accuracy: 0.5709
26/98 [======>.......................] - ETA: 8s - loss: 1.2165 - accuracy: 0.5714
27/98 [=======>......................] - ETA: 8s - loss: 1.2153 - accuracy: 0.5729
28/98 [=======>......................] - ETA: 8s - loss: 1.2118 - accuracy: 0.5740
29/98 [=======>......................] - ETA: 8s - loss: 1.2106 - accuracy: 0.5748
30/98 [========>.....................] - ETA: 8s - loss: 1.2108 - accuracy: 0.5763
31/98 [========>.....................] - ETA: 8s - loss: 1.2093 - accuracy: 0.5766
32/98 [========>.....................] - ETA: 8s - loss: 1.2083 - accuracy: 0.5774
33/98 [=========>....................] - ETA: 7s - loss: 1.2084 - accuracy: 0.5773
34/98 [=========>....................] - ETA: 7s - loss: 1.2097 - accuracy: 0.5771
35/98 [=========>....................] - ETA: 7s - loss: 1.2115 - accuracy: 0.5765
36/98 [==========>...................] - ETA: 7s - loss: 1.2086 - accuracy: 0.5780
37/98 [==========>...................] - ETA: 7s - loss: 1.2058 - accuracy: 0.5790
38/98 [==========>...................] - ETA: 6s - loss: 1.2059 - accuracy: 0.5788
39/98 [==========>...................] - ETA: 6s - loss: 1.2061 - accuracy: 0.5782
40/98 [===========>..................] - ETA: 6s - loss: 1.2040 - accuracy: 0.5791
41/98 [===========>..................] - ETA: 6s - loss: 1.2023 - accuracy: 0.5800
42/98 [===========>..................] - ETA: 6s - loss: 1.1991 - accuracy: 0.5813
43/98 [============>.................] - ETA: 6s - loss: 1.1987 - accuracy: 0.5812
44/98 [============>.................] - ETA: 5s - loss: 1.1977 - accuracy: 0.5819
45/98 [============>.................] - ETA: 5s - loss: 1.1965 - accuracy: 0.5827
46/98 [=============>................] - ETA: 5s - loss: 1.1961 - accuracy: 0.5823
47/98 [=============>................] - ETA: 5s - loss: 1.1962 - accuracy: 0.5819
48/98 [=============>................] - ETA: 5s - loss: 1.1966 - accuracy: 0.5820
49/98 [==============>...............] - ETA: 5s - loss: 1.1966 - accuracy: 0.5823
50/98 [==============>...............] - ETA: 5s - loss: 1.1964 - accuracy: 0.5829
51/98 [==============>...............] - ETA: 5s - loss: 1.1969 - accuracy: 0.5829
52/98 [==============>...............] - ETA: 5s - loss: 1.1961 - accuracy: 0.5827
53/98 [===============>..............] - ETA: 4s - loss: 1.1942 - accuracy: 0.5834
54/98 [===============>..............] - ETA: 4s - loss: 1.1906 - accuracy: 0.5846
55/98 [===============>..............] - ETA: 4s - loss: 1.1904 - accuracy: 0.5842
56/98 [================>.............] - ETA: 4s - loss: 1.1893 - accuracy: 0.5843
57/98 [================>.............] - ETA: 4s - loss: 1.1886 - accuracy: 0.5845
58/98 [================>.............] - ETA: 4s - loss: 1.1876 - accuracy: 0.5850
59/98 [=================>............] - ETA: 4s - loss: 1.1878 - accuracy: 0.5851
60/98 [=================>............] - ETA: 4s - loss: 1.1867 - accuracy: 0.5857
61/98 [=================>............] - ETA: 4s - loss: 1.1854 - accuracy: 0.5864
62/98 [=================>............] - ETA: 4s - loss: 1.1842 - accuracy: 0.5869
63/98 [==================>...........] - ETA: 3s - loss: 1.1835 - accuracy: 0.5873
64/98 [==================>...........] - ETA: 3s - loss: 1.1817 - accuracy: 0.5879
65/98 [==================>...........] - ETA: 3s - loss: 1.1811 - accuracy: 0.5877
66/98 [===================>..........] - ETA: 3s - loss: 1.1807 - accuracy: 0.5875
67/98 [===================>..........] - ETA: 3s - loss: 1.1808 - accuracy: 0.5874
68/98 [===================>..........] - ETA: 3s - loss: 1.1788 - accuracy: 0.5885
69/98 [====================>.........] - ETA: 3s - loss: 1.1769 - accuracy: 0.5892
70/98 [====================>.........] - ETA: 3s - loss: 1.1772 - accuracy: 0.5895
71/98 [====================>.........] - ETA: 3s - loss: 1.1762 - accuracy: 0.5898
72/98 [=====================>........] - ETA: 2s - loss: 1.1756 - accuracy: 0.5901
73/98 [=====================>........] - ETA: 2s - loss: 1.1757 - accuracy: 0.5902
74/98 [=====================>........] - ETA: 2s - loss: 1.1755 - accuracy: 0.5903
75/98 [=====================>........] - ETA: 2s - loss: 1.1741 - accuracy: 0.5911
76/98 [======================>.......] - ETA: 2s - loss: 1.1730 - accuracy: 0.5913
77/98 [======================>.......] - ETA: 2s - loss: 1.1725 - accuracy: 0.5914
78/98 [======================>.......] - ETA: 2s - loss: 1.1714 - accuracy: 0.5921
79/98 [=======================>......] - ETA: 2s - loss: 1.1709 - accuracy: 0.5923
80/98 [=======================>......] - ETA: 2s - loss: 1.1702 - accuracy: 0.5926
81/98 [=======================>......] - ETA: 1s - loss: 1.1706 - accuracy: 0.5928
82/98 [========================>.....] - ETA: 1s - loss: 1.1694 - accuracy: 0.5933
83/98 [========================>.....] - ETA: 1s - loss: 1.1686 - accuracy: 0.5937
84/98 [========================>.....] - ETA: 1s - loss: 1.1673 - accuracy: 0.5941
85/98 [=========================>....] - ETA: 1s - loss: 1.1664 - accuracy: 0.5947
86/98 [=========================>....] - ETA: 1s - loss: 1.1660 - accuracy: 0.5951
87/98 [=========================>....] - ETA: 1s - loss: 1.1662 - accuracy: 0.5947
88/98 [=========================>....] - ETA: 1s - loss: 1.1669 - accuracy: 0.5943
89/98 [==========================>...] - ETA: 1s - loss: 1.1672 - accuracy: 0.5944
90/98 [==========================>...] - ETA: 0s - loss: 1.1665 - accuracy: 0.5948
91/98 [==========================>...] - ETA: 0s - loss: 1.1660 - accuracy: 0.5947
92/98 [===========================>..] - ETA: 0s - loss: 1.1656 - accuracy: 0.5949
93/98 [===========================>..] - ETA: 0s - loss: 1.1649 - accuracy: 0.5953
94/98 [===========================>..] - ETA: 0s - loss: 1.1651 - accuracy: 0.5954
95/98 [============================>.] - ETA: 0s - loss: 1.1648 - accuracy: 0.5957
96/98 [============================>.] - ETA: 0s - loss: 1.1643 - accuracy: 0.5957
97/98 [============================>.] - ETA: 0s - loss: 1.1634 - accuracy: 0.5954
98/98 [==============================] - ETA: 0s - loss: 1.1626 - accuracy: 0.5957
98/98 [==============================] - 13s 130ms/step - loss: 1.1626 - accuracy: 0.5957 - val_loss: 1.8142 - val_accuracy: 0.4873
Epoch 3/118

 1/98 [..............................] - ETA: 13s - loss: 1.0562 - accuracy: 0.6191
 2/98 [..............................] - ETA: 10s - loss: 1.0160 - accuracy: 0.6416
 3/98 [..............................] - ETA: 11s - loss: 1.0284 - accuracy: 0.6406
 4/98 [>.............................] - ETA: 11s - loss: 1.0287 - accuracy: 0.6494
 5/98 [>.............................] - ETA: 11s - loss: 1.0422 - accuracy: 0.6441
 6/98 [>.............................] - ETA: 11s - loss: 1.0269 - accuracy: 0.6501
 7/98 [=>............................] - ETA: 11s - loss: 1.0276 - accuracy: 0.6504
 8/98 [=>............................] - ETA: 11s - loss: 1.0325 - accuracy: 0.6487
 9/98 [=>............................] - ETA: 10s - loss: 1.0332 - accuracy: 0.6476
10/98 [==>...........................] - ETA: 9s - loss: 1.0339 - accuracy: 0.6475 
11/98 [==>...........................] - ETA: 9s - loss: 1.0326 - accuracy: 0.6472
12/98 [==>...........................] - ETA: 9s - loss: 1.0300 - accuracy: 0.6486
13/98 [==>...........................] - ETA: 8s - loss: 1.0244 - accuracy: 0.6493
14/98 [===>..........................] - ETA: 8s - loss: 1.0302 - accuracy: 0.6475
15/98 [===>..........................] - ETA: 8s - loss: 1.0248 - accuracy: 0.6491
16/98 [===>..........................] - ETA: 8s - loss: 1.0295 - accuracy: 0.6473
17/98 [====>.........................] - ETA: 7s - loss: 1.0254 - accuracy: 0.6489
18/98 [====>.........................] - ETA: 7s - loss: 1.0300 - accuracy: 0.6483
19/98 [====>.........................] - ETA: 7s - loss: 1.0342 - accuracy: 0.6470
20/98 [=====>........................] - ETA: 7s - loss: 1.0375 - accuracy: 0.6447
21/98 [=====>........................] - ETA: 7s - loss: 1.0381 - accuracy: 0.6450
22/98 [=====>........................] - ETA: 7s - loss: 1.0389 - accuracy: 0.6433
23/98 [======>.......................] - ETA: 7s - loss: 1.0383 - accuracy: 0.6429
24/98 [======>.......................] - ETA: 7s - loss: 1.0408 - accuracy: 0.6410
25/98 [======>.......................] - ETA: 7s - loss: 1.0399 - accuracy: 0.6416
26/98 [======>.......................] - ETA: 7s - loss: 1.0408 - accuracy: 0.6415
27/98 [=======>......................] - ETA: 7s - loss: 1.0405 - accuracy: 0.6416
28/98 [=======>......................] - ETA: 7s - loss: 1.0390 - accuracy: 0.6421
29/98 [=======>......................] - ETA: 6s - loss: 1.0412 - accuracy: 0.6413
30/98 [========>.....................] - ETA: 6s - loss: 1.0402 - accuracy: 0.6417
31/98 [========>.....................] - ETA: 6s - loss: 1.0407 - accuracy: 0.6413
32/98 [========>.....................] - ETA: 6s - loss: 1.0423 - accuracy: 0.6408
33/98 [=========>....................] - ETA: 6s - loss: 1.0448 - accuracy: 0.6397
34/98 [=========>....................] - ETA: 6s - loss: 1.0440 - accuracy: 0.6403
35/98 [=========>....................] - ETA: 6s - loss: 1.0455 - accuracy: 0.6390
36/98 [==========>...................] - ETA: 6s - loss: 1.0434 - accuracy: 0.6401
37/98 [==========>...................] - ETA: 6s - loss: 1.0435 - accuracy: 0.6397
38/98 [==========>...................] - ETA: 6s - loss: 1.0425 - accuracy: 0.6402
39/98 [==========>...................] - ETA: 6s - loss: 1.0430 - accuracy: 0.6394
40/98 [===========>..................] - ETA: 6s - loss: 1.0431 - accuracy: 0.6397
41/98 [===========>..................] - ETA: 6s - loss: 1.0435 - accuracy: 0.6398
42/98 [===========>..................] - ETA: 6s - loss: 1.0420 - accuracy: 0.6403
43/98 [============>.................] - ETA: 5s - loss: 1.0418 - accuracy: 0.6405
44/98 [============>.................] - ETA: 5s - loss: 1.0430 - accuracy: 0.6396
45/98 [============>.................] - ETA: 5s - loss: 1.0425 - accuracy: 0.6395
46/98 [=============>................] - ETA: 5s - loss: 1.0403 - accuracy: 0.6402
47/98 [=============>................] - ETA: 5s - loss: 1.0405 - accuracy: 0.6401
48/98 [=============>................] - ETA: 5s - loss: 1.0402 - accuracy: 0.6406
49/98 [==============>...............] - ETA: 5s - loss: 1.0410 - accuracy: 0.6407
50/98 [==============>...............] - ETA: 5s - loss: 1.0414 - accuracy: 0.6406
51/98 [==============>...............] - ETA: 5s - loss: 1.0406 - accuracy: 0.6407
52/98 [==============>...............] - ETA: 5s - loss: 1.0405 - accuracy: 0.6410
53/98 [===============>..............] - ETA: 4s - loss: 1.0392 - accuracy: 0.6414
54/98 [===============>..............] - ETA: 4s - loss: 1.0395 - accuracy: 0.6410
55/98 [===============>..............] - ETA: 4s - loss: 1.0384 - accuracy: 0.6414
56/98 [================>.............] - ETA: 4s - loss: 1.0361 - accuracy: 0.6420
57/98 [================>.............] - ETA: 4s - loss: 1.0353 - accuracy: 0.6423
58/98 [================>.............] - ETA: 4s - loss: 1.0362 - accuracy: 0.6422
59/98 [=================>............] - ETA: 4s - loss: 1.0360 - accuracy: 0.6421
60/98 [=================>............] - ETA: 4s - loss: 1.0363 - accuracy: 0.6421
61/98 [=================>............] - ETA: 4s - loss: 1.0353 - accuracy: 0.6425
62/98 [=================>............] - ETA: 4s - loss: 1.0351 - accuracy: 0.6425
63/98 [==================>...........] - ETA: 3s - loss: 1.0354 - accuracy: 0.6425
64/98 [==================>...........] - ETA: 3s - loss: 1.0337 - accuracy: 0.6432
65/98 [==================>...........] - ETA: 3s - loss: 1.0339 - accuracy: 0.6431
66/98 [===================>..........] - ETA: 3s - loss: 1.0344 - accuracy: 0.6428
67/98 [===================>..........] - ETA: 3s - loss: 1.0334 - accuracy: 0.6432
68/98 [===================>..........] - ETA: 3s - loss: 1.0339 - accuracy: 0.6430
69/98 [====================>.........] - ETA: 3s - loss: 1.0336 - accuracy: 0.6429
70/98 [====================>.........] - ETA: 3s - loss: 1.0327 - accuracy: 0.6432
71/98 [====================>.........] - ETA: 3s - loss: 1.0320 - accuracy: 0.6438
72/98 [=====================>........] - ETA: 2s - loss: 1.0315 - accuracy: 0.6440
73/98 [=====================>........] - ETA: 2s - loss: 1.0313 - accuracy: 0.6442
74/98 [=====================>........] - ETA: 2s - loss: 1.0314 - accuracy: 0.6440
75/98 [=====================>........] - ETA: 2s - loss: 1.0301 - accuracy: 0.6438
76/98 [======================>.......] - ETA: 2s - loss: 1.0294 - accuracy: 0.6439
77/98 [======================>.......] - ETA: 2s - loss: 1.0282 - accuracy: 0.6444
78/98 [======================>.......] - ETA: 2s - loss: 1.0291 - accuracy: 0.6444
79/98 [=======================>......] - ETA: 2s - loss: 1.0286 - accuracy: 0.6448
80/98 [=======================>......] - ETA: 2s - loss: 1.0285 - accuracy: 0.6447
81/98 [=======================>......] - ETA: 1s - loss: 1.0284 - accuracy: 0.6449
82/98 [========================>.....] - ETA: 1s - loss: 1.0280 - accuracy: 0.6449
83/98 [========================>.....] - ETA: 1s - loss: 1.0280 - accuracy: 0.6448
84/98 [========================>.....] - ETA: 1s - loss: 1.0275 - accuracy: 0.6450
85/98 [=========================>....] - ETA: 1s - loss: 1.0273 - accuracy: 0.6451
86/98 [=========================>....] - ETA: 1s - loss: 1.0268 - accuracy: 0.6451
87/98 [=========================>....] - ETA: 1s - loss: 1.0260 - accuracy: 0.6454
88/98 [=========================>....] - ETA: 1s - loss: 1.0247 - accuracy: 0.6459
89/98 [==========================>...] - ETA: 1s - loss: 1.0243 - accuracy: 0.6460
90/98 [==========================>...] - ETA: 0s - loss: 1.0235 - accuracy: 0.6462
91/98 [==========================>...] - ETA: 0s - loss: 1.0234 - accuracy: 0.6461
92/98 [===========================>..] - ETA: 0s - loss: 1.0232 - accuracy: 0.6463
93/98 [===========================>..] - ETA: 0s - loss: 1.0228 - accuracy: 0.6463
94/98 [===========================>..] - ETA: 0s - loss: 1.0230 - accuracy: 0.6460
95/98 [============================>.] - ETA: 0s - loss: 1.0231 - accuracy: 0.6460
96/98 [============================>.] - ETA: 0s - loss: 1.0217 - accuracy: 0.6465
97/98 [============================>.] - ETA: 0s - loss: 1.0210 - accuracy: 0.6470
98/98 [==============================] - ETA: 0s - loss: 1.0207 - accuracy: 0.6474
98/98 [==============================] - 12s 125ms/step - loss: 1.0207 - accuracy: 0.6474 - val_loss: 1.5766 - val_accuracy: 0.5356
Epoch 4/118

 1/98 [..............................] - ETA: 13s - loss: 0.9660 - accuracy: 0.6738
 2/98 [..............................] - ETA: 12s - loss: 0.9534 - accuracy: 0.6768
 3/98 [..............................] - ETA: 11s - loss: 0.9389 - accuracy: 0.6784
 4/98 [>.............................] - ETA: 11s - loss: 0.9513 - accuracy: 0.6724
 5/98 [>.............................] - ETA: 11s - loss: 0.9424 - accuracy: 0.6730
 6/98 [>.............................] - ETA: 11s - loss: 0.9398 - accuracy: 0.6732
 7/98 [=>............................] - ETA: 11s - loss: 0.9275 - accuracy: 0.6800
 8/98 [=>............................] - ETA: 11s - loss: 0.9320 - accuracy: 0.6782
 9/98 [=>............................] - ETA: 10s - loss: 0.9279 - accuracy: 0.6788
10/98 [==>...........................] - ETA: 10s - loss: 0.9299 - accuracy: 0.6779
11/98 [==>...........................] - ETA: 10s - loss: 0.9231 - accuracy: 0.6822
12/98 [==>...........................] - ETA: 10s - loss: 0.9220 - accuracy: 0.6823
13/98 [==>...........................] - ETA: 10s - loss: 0.9211 - accuracy: 0.6828
14/98 [===>..........................] - ETA: 10s - loss: 0.9191 - accuracy: 0.6842
15/98 [===>..........................] - ETA: 10s - loss: 0.9157 - accuracy: 0.6846
16/98 [===>..........................] - ETA: 10s - loss: 0.9215 - accuracy: 0.6840
17/98 [====>.........................] - ETA: 9s - loss: 0.9237 - accuracy: 0.6845 
18/98 [====>.........................] - ETA: 9s - loss: 0.9211 - accuracy: 0.6848
19/98 [====>.........................] - ETA: 9s - loss: 0.9207 - accuracy: 0.6838
20/98 [=====>........................] - ETA: 9s - loss: 0.9209 - accuracy: 0.6838
21/98 [=====>........................] - ETA: 9s - loss: 0.9210 - accuracy: 0.6838
22/98 [=====>........................] - ETA: 9s - loss: 0.9213 - accuracy: 0.6846
23/98 [======>.......................] - ETA: 9s - loss: 0.9243 - accuracy: 0.6823
24/98 [======>.......................] - ETA: 9s - loss: 0.9239 - accuracy: 0.6833
25/98 [======>.......................] - ETA: 8s - loss: 0.9235 - accuracy: 0.6829
26/98 [======>.......................] - ETA: 8s - loss: 0.9230 - accuracy: 0.6829
27/98 [=======>......................] - ETA: 8s - loss: 0.9225 - accuracy: 0.6834
28/98 [=======>......................] - ETA: 8s - loss: 0.9236 - accuracy: 0.6828
29/98 [=======>......................] - ETA: 8s - loss: 0.9266 - accuracy: 0.6825
30/98 [========>.....................] - ETA: 8s - loss: 0.9288 - accuracy: 0.6824
31/98 [========>.....................] - ETA: 8s - loss: 0.9277 - accuracy: 0.6830
32/98 [========>.....................] - ETA: 8s - loss: 0.9297 - accuracy: 0.6827
33/98 [=========>....................] - ETA: 7s - loss: 0.9283 - accuracy: 0.6831
34/98 [=========>....................] - ETA: 7s - loss: 0.9276 - accuracy: 0.6829
35/98 [=========>....................] - ETA: 7s - loss: 0.9273 - accuracy: 0.6830
36/98 [==========>...................] - ETA: 7s - loss: 0.9287 - accuracy: 0.6820
37/98 [==========>...................] - ETA: 7s - loss: 0.9278 - accuracy: 0.6821
38/98 [==========>...................] - ETA: 7s - loss: 0.9290 - accuracy: 0.6812
39/98 [==========>...................] - ETA: 7s - loss: 0.9281 - accuracy: 0.6816
40/98 [===========>..................] - ETA: 7s - loss: 0.9277 - accuracy: 0.6815
41/98 [===========>..................] - ETA: 6s - loss: 0.9290 - accuracy: 0.6810
42/98 [===========>..................] - ETA: 6s - loss: 0.9286 - accuracy: 0.6821
43/98 [============>.................] - ETA: 6s - loss: 0.9287 - accuracy: 0.6820
44/98 [============>.................] - ETA: 6s - loss: 0.9297 - accuracy: 0.6816
45/98 [============>.................] - ETA: 6s - loss: 0.9288 - accuracy: 0.6823
46/98 [=============>................] - ETA: 6s - loss: 0.9316 - accuracy: 0.6818
47/98 [=============>................] - ETA: 6s - loss: 0.9318 - accuracy: 0.6819
48/98 [=============>................] - ETA: 6s - loss: 0.9318 - accuracy: 0.6818
49/98 [==============>...............] - ETA: 6s - loss: 0.9322 - accuracy: 0.6817
50/98 [==============>...............] - ETA: 5s - loss: 0.9307 - accuracy: 0.6826
51/98 [==============>...............] - ETA: 5s - loss: 0.9317 - accuracy: 0.6823
52/98 [==============>...............] - ETA: 5s - loss: 0.9309 - accuracy: 0.6826
53/98 [===============>..............] - ETA: 5s - loss: 0.9310 - accuracy: 0.6825
54/98 [===============>..............] - ETA: 5s - loss: 0.9304 - accuracy: 0.6829
55/98 [===============>..............] - ETA: 5s - loss: 0.9306 - accuracy: 0.6825
56/98 [================>.............] - ETA: 5s - loss: 0.9302 - accuracy: 0.6822
57/98 [================>.............] - ETA: 5s - loss: 0.9297 - accuracy: 0.6819
58/98 [================>.............] - ETA: 4s - loss: 0.9293 - accuracy: 0.6822
59/98 [=================>............] - ETA: 4s - loss: 0.9294 - accuracy: 0.6825
60/98 [=================>............] - ETA: 4s - loss: 0.9283 - accuracy: 0.6828
61/98 [=================>............] - ETA: 4s - loss: 0.9289 - accuracy: 0.6824
62/98 [=================>............] - ETA: 4s - loss: 0.9297 - accuracy: 0.6822
63/98 [==================>...........] - ETA: 4s - loss: 0.9290 - accuracy: 0.6826
64/98 [==================>...........] - ETA: 4s - loss: 0.9287 - accuracy: 0.6826
65/98 [==================>...........] - ETA: 4s - loss: 0.9291 - accuracy: 0.6823
66/98 [===================>..........] - ETA: 3s - loss: 0.9277 - accuracy: 0.6830
67/98 [===================>..........] - ETA: 3s - loss: 0.9264 - accuracy: 0.6838
68/98 [===================>..........] - ETA: 3s - loss: 0.9251 - accuracy: 0.6842
69/98 [====================>.........] - ETA: 3s - loss: 0.9251 - accuracy: 0.6837
70/98 [====================>.........] - ETA: 3s - loss: 0.9250 - accuracy: 0.6837
71/98 [====================>.........] - ETA: 3s - loss: 0.9249 - accuracy: 0.6834
72/98 [=====================>........] - ETA: 3s - loss: 0.9256 - accuracy: 0.6832
73/98 [=====================>........] - ETA: 3s - loss: 0.9256 - accuracy: 0.6831
74/98 [=====================>........] - ETA: 2s - loss: 0.9258 - accuracy: 0.6830
75/98 [=====================>........] - ETA: 2s - loss: 0.9272 - accuracy: 0.6822
76/98 [======================>.......] - ETA: 2s - loss: 0.9275 - accuracy: 0.6821
77/98 [======================>.......] - ETA: 2s - loss: 0.9272 - accuracy: 0.6821
78/98 [======================>.......] - ETA: 2s - loss: 0.9273 - accuracy: 0.6823
79/98 [=======================>......] - ETA: 2s - loss: 0.9273 - accuracy: 0.6824
80/98 [=======================>......] - ETA: 2s - loss: 0.9271 - accuracy: 0.6824
81/98 [=======================>......] - ETA: 2s - loss: 0.9277 - accuracy: 0.6822
82/98 [========================>.....] - ETA: 1s - loss: 0.9277 - accuracy: 0.6824
83/98 [========================>.....] - ETA: 1s - loss: 0.9281 - accuracy: 0.6824
84/98 [========================>.....] - ETA: 1s - loss: 0.9276 - accuracy: 0.6826
85/98 [=========================>....] - ETA: 1s - loss: 0.9267 - accuracy: 0.6828
86/98 [=========================>....] - ETA: 1s - loss: 0.9260 - accuracy: 0.6829
87/98 [=========================>....] - ETA: 1s - loss: 0.9256 - accuracy: 0.6834
88/98 [=========================>....] - ETA: 1s - loss: 0.9245 - accuracy: 0.6835
89/98 [==========================>...] - ETA: 1s - loss: 0.9251 - accuracy: 0.6831
90/98 [==========================>...] - ETA: 0s - loss: 0.9247 - accuracy: 0.6835
91/98 [==========================>...] - ETA: 0s - loss: 0.9246 - accuracy: 0.6836
92/98 [===========================>..] - ETA: 0s - loss: 0.9238 - accuracy: 0.6840
93/98 [===========================>..] - ETA: 0s - loss: 0.9233 - accuracy: 0.6842
94/98 [===========================>..] - ETA: 0s - loss: 0.9233 - accuracy: 0.6840
95/98 [============================>.] - ETA: 0s - loss: 0.9232 - accuracy: 0.6841
96/98 [============================>.] - ETA: 0s - loss: 0.9240 - accuracy: 0.6839
97/98 [============================>.] - ETA: 0s - loss: 0.9238 - accuracy: 0.6840
98/98 [==============================] - ETA: 0s - loss: 0.9240 - accuracy: 0.6836
98/98 [==============================] - 13s 131ms/step - loss: 0.9240 - accuracy: 0.6836 - val_loss: 1.3460 - val_accuracy: 0.5696
Epoch 5/118

 1/98 [..............................] - ETA: 13s - loss: 0.8982 - accuracy: 0.7148
 2/98 [..............................] - ETA: 12s - loss: 0.9029 - accuracy: 0.7080
 3/98 [..............................] - ETA: 11s - loss: 0.8943 - accuracy: 0.7103
 4/98 [>.............................] - ETA: 10s - loss: 0.8761 - accuracy: 0.7089
 5/98 [>.............................] - ETA: 10s - loss: 0.8553 - accuracy: 0.7156
 6/98 [>.............................] - ETA: 10s - loss: 0.8455 - accuracy: 0.7169
 7/98 [=>............................] - ETA: 10s - loss: 0.8430 - accuracy: 0.7151
 8/98 [=>............................] - ETA: 10s - loss: 0.8575 - accuracy: 0.7107
 9/98 [=>............................] - ETA: 10s - loss: 0.8628 - accuracy: 0.7083
10/98 [==>...........................] - ETA: 10s - loss: 0.8569 - accuracy: 0.7122
11/98 [==>...........................] - ETA: 10s - loss: 0.8602 - accuracy: 0.7093
12/98 [==>...........................] - ETA: 10s - loss: 0.8567 - accuracy: 0.7093
13/98 [==>...........................] - ETA: 10s - loss: 0.8553 - accuracy: 0.7090
14/98 [===>..........................] - ETA: 10s - loss: 0.8528 - accuracy: 0.7098
15/98 [===>..........................] - ETA: 10s - loss: 0.8529 - accuracy: 0.7098
16/98 [===>..........................] - ETA: 9s - loss: 0.8615 - accuracy: 0.7052 
17/98 [====>.........................] - ETA: 9s - loss: 0.8597 - accuracy: 0.7061
18/98 [====>.........................] - ETA: 9s - loss: 0.8602 - accuracy: 0.7069
19/98 [====>.........................] - ETA: 9s - loss: 0.8583 - accuracy: 0.7073
20/98 [=====>........................] - ETA: 9s - loss: 0.8599 - accuracy: 0.7058
21/98 [=====>........................] - ETA: 9s - loss: 0.8577 - accuracy: 0.7072
22/98 [=====>........................] - ETA: 9s - loss: 0.8575 - accuracy: 0.7078
23/98 [======>.......................] - ETA: 9s - loss: 0.8599 - accuracy: 0.7067
24/98 [======>.......................] - ETA: 9s - loss: 0.8570 - accuracy: 0.7075
25/98 [======>.......................] - ETA: 8s - loss: 0.8572 - accuracy: 0.7072
26/98 [======>.......................] - ETA: 8s - loss: 0.8567 - accuracy: 0.7068
27/98 [=======>......................] - ETA: 8s - loss: 0.8580 - accuracy: 0.7066
28/98 [=======>......................] - ETA: 8s - loss: 0.8554 - accuracy: 0.7069
29/98 [=======>......................] - ETA: 8s - loss: 0.8549 - accuracy: 0.7073
30/98 [========>.....................] - ETA: 8s - loss: 0.8566 - accuracy: 0.7070
31/98 [========>.....................] - ETA: 8s - loss: 0.8562 - accuracy: 0.7076
32/98 [========>.....................] - ETA: 8s - loss: 0.8547 - accuracy: 0.7087
33/98 [=========>....................] - ETA: 7s - loss: 0.8533 - accuracy: 0.7094
34/98 [=========>....................] - ETA: 7s - loss: 0.8532 - accuracy: 0.7089
35/98 [=========>....................] - ETA: 7s - loss: 0.8523 - accuracy: 0.7094
36/98 [==========>...................] - ETA: 7s - loss: 0.8522 - accuracy: 0.7098
37/98 [==========>...................] - ETA: 7s - loss: 0.8513 - accuracy: 0.7105
38/98 [==========>...................] - ETA: 7s - loss: 0.8541 - accuracy: 0.7096
39/98 [==========>...................] - ETA: 7s - loss: 0.8536 - accuracy: 0.7093
40/98 [===========>..................] - ETA: 7s - loss: 0.8535 - accuracy: 0.7092
41/98 [===========>..................] - ETA: 6s - loss: 0.8535 - accuracy: 0.7087
42/98 [===========>..................] - ETA: 6s - loss: 0.8525 - accuracy: 0.7087
43/98 [============>.................] - ETA: 6s - loss: 0.8515 - accuracy: 0.7090
44/98 [============>.................] - ETA: 6s - loss: 0.8505 - accuracy: 0.7091
45/98 [============>.................] - ETA: 6s - loss: 0.8499 - accuracy: 0.7095
46/98 [=============>................] - ETA: 6s - loss: 0.8485 - accuracy: 0.7097
47/98 [=============>................] - ETA: 6s - loss: 0.8493 - accuracy: 0.7098
48/98 [=============>................] - ETA: 6s - loss: 0.8491 - accuracy: 0.7100
