2024-06-26 03:55:23.254854: I tensorflow/core/platform/cpu_feature_guard.cc:193] This TensorFlow binary is optimized with oneAPI Deep Neural Network Library (oneDNN) to use the following CPU instructions in performance-critical operations:  AVX AVX2
To enable them in other operations, rebuild TensorFlow with the appropriate compiler flags.
2024-06-26 03:55:23.897406: I tensorflow/core/common_runtime/gpu/gpu_device.cc:1616] Created device /job:localhost/replica:0/task:0/device:GPU:0 with 6656 MB memory:  -> device: 0, name: NVIDIA GeForce RTX 4060 Ti, pci bus id: 0000:01:00.0, compute capability: 8.9
1 Physical GPUs, 1 Logical GPUs
Model: "sequential"
_________________________________________________________________
 Layer (type)                Output Shape              Param #   
=================================================================
 conv2d (Conv2D)             (None, 32, 32, 32)        896       
                                                                 
 batch_normalization (BatchN  (None, 32, 32, 32)       128       
 ormalization)                                                   
                                                                 
 conv2d_1 (Conv2D)           (None, 32, 32, 64)        18496     
                                                                 
 max_pooling2d (MaxPooling2D  (None, 16, 16, 64)       0         
 )                                                               
                                                                 
 batch_normalization_1 (Batc  (None, 16, 16, 64)       256       
 hNormalization)                                                 
                                                                 
 dropout (Dropout)           (None, 16, 16, 64)        0         
                                                                 
 flatten (Flatten)           (None, 16384)             0         
                                                                 
 dense (Dense)               (None, 52)                852020    
                                                                 
 dropout_1 (Dropout)         (None, 52)                0         
                                                                 
 dense_1 (Dense)             (None, 10)                530       
                                                                 
=================================================================
Total params: 872,326
Trainable params: 872,134
Non-trainable params: 192
_________________________________________________________________
Taxa de aprendizado:  0.1 Num de épocas:  196 Tamanho do lote:  512 Dropout:  0.12999
Epoch 1/196
2024-06-26 03:55:25.487425: I tensorflow/stream_executor/cuda/cuda_dnn.cc:384] Loaded cuDNN version 8100
2024-06-26 03:55:26.520253: W tensorflow/stream_executor/gpu/redzone_allocator.cc:314] INTERNAL: ptxas exited with non-zero error code -1, output: 
Relying on driver to perform ptx compilation. 
Modify $PATH to customize ptxas location.
This message will be only logged once.
2024-06-26 03:55:27.541636: I tensorflow/stream_executor/cuda/cuda_blas.cc:1614] TensorFloat-32 will be used for the matrix multiplication. This will only be logged once.

 1/98 [..............................] - ETA: 6:31 - loss: 2.7710 - accuracy: 0.0918
 2/98 [..............................] - ETA: 5s - loss: 3.1902 - accuracy: 0.1221  
 3/98 [..............................] - ETA: 5s - loss: 2.9799 - accuracy: 0.1302
 4/98 [>.............................] - ETA: 5s - loss: 2.9097 - accuracy: 0.1392
 6/98 [>.............................] - ETA: 5s - loss: 2.8330 - accuracy: 0.1465
 8/98 [=>............................] - ETA: 5s - loss: 2.7814 - accuracy: 0.1562
 9/98 [=>............................] - ETA: 5s - loss: 2.7472 - accuracy: 0.1634
11/98 [==>...........................] - ETA: 4s - loss: 2.6951 - accuracy: 0.1625
12/98 [==>...........................] - ETA: 4s - loss: 2.6774 - accuracy: 0.1621
14/98 [===>..........................] - ETA: 4s - loss: 2.6343 - accuracy: 0.1648
15/98 [===>..........................] - ETA: 4s - loss: 2.6151 - accuracy: 0.1659
17/98 [====>.........................] - ETA: 4s - loss: 2.5771 - accuracy: 0.1692
19/98 [====>.........................] - ETA: 4s - loss: 2.5401 - accuracy: 0.1735
20/98 [=====>........................] - ETA: 4s - loss: 2.5222 - accuracy: 0.1759
22/98 [=====>........................] - ETA: 4s - loss: 2.4968 - accuracy: 0.1785
23/98 [======>.......................] - ETA: 4s - loss: 2.4859 - accuracy: 0.1796
25/98 [======>.......................] - ETA: 4s - loss: 2.4651 - accuracy: 0.1826
27/98 [=======>......................] - ETA: 4s - loss: 2.4384 - accuracy: 0.1874
28/98 [=======>......................] - ETA: 3s - loss: 2.4284 - accuracy: 0.1899
30/98 [========>.....................] - ETA: 3s - loss: 2.4077 - accuracy: 0.1928
32/98 [========>.....................] - ETA: 3s - loss: 2.3915 - accuracy: 0.1943
34/98 [=========>....................] - ETA: 3s - loss: 2.3745 - accuracy: 0.1978
35/98 [=========>....................] - ETA: 3s - loss: 2.3677 - accuracy: 0.1992
37/98 [==========>...................] - ETA: 3s - loss: 2.3550 - accuracy: 0.2010
39/98 [==========>...................] - ETA: 3s - loss: 2.3432 - accuracy: 0.2022
40/98 [===========>..................] - ETA: 3s - loss: 2.3395 - accuracy: 0.2026
42/98 [===========>..................] - ETA: 3s - loss: 2.3322 - accuracy: 0.2025
44/98 [============>.................] - ETA: 3s - loss: 2.3227 - accuracy: 0.2035
45/98 [============>.................] - ETA: 2s - loss: 2.3190 - accuracy: 0.2045
47/98 [=============>................] - ETA: 2s - loss: 2.3118 - accuracy: 0.2054
48/98 [=============>................] - ETA: 2s - loss: 2.3080 - accuracy: 0.2050
50/98 [==============>...............] - ETA: 2s - loss: 2.3006 - accuracy: 0.2054
52/98 [==============>...............] - ETA: 2s - loss: 2.2942 - accuracy: 0.2074
54/98 [===============>..............] - ETA: 2s - loss: 2.2939 - accuracy: 0.2071
56/98 [================>.............] - ETA: 2s - loss: 2.2876 - accuracy: 0.2074
58/98 [================>.............] - ETA: 2s - loss: 2.2845 - accuracy: 0.2078
60/98 [=================>............] - ETA: 2s - loss: 2.2780 - accuracy: 0.2089
62/98 [=================>............] - ETA: 1s - loss: 2.2745 - accuracy: 0.2090
64/98 [==================>...........] - ETA: 1s - loss: 2.2720 - accuracy: 0.2090
66/98 [===================>..........] - ETA: 1s - loss: 2.2693 - accuracy: 0.2095
68/98 [===================>..........] - ETA: 1s - loss: 2.2669 - accuracy: 0.2094
70/98 [====================>.........] - ETA: 1s - loss: 2.2658 - accuracy: 0.2101
71/98 [====================>.........] - ETA: 1s - loss: 2.2646 - accuracy: 0.2107
73/98 [=====================>........] - ETA: 1s - loss: 2.2612 - accuracy: 0.2112
75/98 [=====================>........] - ETA: 1s - loss: 2.2580 - accuracy: 0.2119
76/98 [======================>.......] - ETA: 1s - loss: 2.2579 - accuracy: 0.2122
78/98 [======================>.......] - ETA: 1s - loss: 2.2551 - accuracy: 0.2134
80/98 [=======================>......] - ETA: 1s - loss: 2.2517 - accuracy: 0.2137
81/98 [=======================>......] - ETA: 0s - loss: 2.2505 - accuracy: 0.2140
83/98 [========================>.....] - ETA: 0s - loss: 2.2474 - accuracy: 0.2144
85/98 [=========================>....] - ETA: 0s - loss: 2.2441 - accuracy: 0.2150
87/98 [=========================>....] - ETA: 0s - loss: 2.2416 - accuracy: 0.2157
88/98 [=========================>....] - ETA: 0s - loss: 2.2409 - accuracy: 0.2156
90/98 [==========================>...] - ETA: 0s - loss: 2.2390 - accuracy: 0.2158
91/98 [==========================>...] - ETA: 0s - loss: 2.2381 - accuracy: 0.2160
93/98 [===========================>..] - ETA: 0s - loss: 2.2353 - accuracy: 0.2164
95/98 [============================>.] - ETA: 0s - loss: 2.2333 - accuracy: 0.2165
97/98 [============================>.] - ETA: 0s - loss: 2.2325 - accuracy: 0.2164
98/98 [==============================] - ETA: 0s - loss: 2.2304 - accuracy: 0.2169
98/98 [==============================] - 11s 70ms/step - loss: 2.2304 - accuracy: 0.2169 - val_loss: 2.3959 - val_accuracy: 0.1808
Epoch 2/196

 1/98 [..............................] - ETA: 6s - loss: 2.1828 - accuracy: 0.1992
 3/98 [..............................] - ETA: 4s - loss: 2.1105 - accuracy: 0.2214
 5/98 [>.............................] - ETA: 3s - loss: 2.1086 - accuracy: 0.2258
 7/98 [=>............................] - ETA: 3s - loss: 2.1070 - accuracy: 0.2296
 9/98 [=>............................] - ETA: 3s - loss: 2.1021 - accuracy: 0.2344
11/98 [==>...........................] - ETA: 3s - loss: 2.1019 - accuracy: 0.2368
13/98 [==>...........................] - ETA: 3s - loss: 2.1094 - accuracy: 0.2341
15/98 [===>..........................] - ETA: 3s - loss: 2.1125 - accuracy: 0.2351
17/98 [====>.........................] - ETA: 3s - loss: 2.1072 - accuracy: 0.2359
18/98 [====>.........................] - ETA: 3s - loss: 2.1056 - accuracy: 0.2368
20/98 [=====>........................] - ETA: 3s - loss: 2.1067 - accuracy: 0.2379
22/98 [=====>........................] - ETA: 3s - loss: 2.1077 - accuracy: 0.2383
24/98 [======>.......................] - ETA: 3s - loss: 2.1136 - accuracy: 0.2374
25/98 [======>.......................] - ETA: 3s - loss: 2.1155 - accuracy: 0.2366
27/98 [=======>......................] - ETA: 3s - loss: 2.1191 - accuracy: 0.2357
29/98 [=======>......................] - ETA: 3s - loss: 2.1212 - accuracy: 0.2349
30/98 [========>.....................] - ETA: 3s - loss: 2.1182 - accuracy: 0.2360
32/98 [========>.....................] - ETA: 3s - loss: 2.1204 - accuracy: 0.2357
34/98 [=========>....................] - ETA: 2s - loss: 2.1214 - accuracy: 0.2359
35/98 [=========>....................] - ETA: 2s - loss: 2.1221 - accuracy: 0.2357
36/98 [==========>...................] - ETA: 2s - loss: 2.1231 - accuracy: 0.2364
38/98 [==========>...................] - ETA: 2s - loss: 2.1225 - accuracy: 0.2365
40/98 [===========>..................] - ETA: 2s - loss: 2.1259 - accuracy: 0.2357
41/98 [===========>..................] - ETA: 2s - loss: 2.1262 - accuracy: 0.2359
43/98 [============>.................] - ETA: 2s - loss: 2.1269 - accuracy: 0.2346
44/98 [============>.................] - ETA: 2s - loss: 2.1279 - accuracy: 0.2341
46/98 [=============>................] - ETA: 2s - loss: 2.1301 - accuracy: 0.2335
48/98 [=============>................] - ETA: 2s - loss: 2.1337 - accuracy: 0.2331
49/98 [==============>...............] - ETA: 2s - loss: 2.1328 - accuracy: 0.2338
51/98 [==============>...............] - ETA: 2s - loss: 2.1351 - accuracy: 0.2325
52/98 [==============>...............] - ETA: 2s - loss: 2.1380 - accuracy: 0.2320
54/98 [===============>..............] - ETA: 2s - loss: 2.1423 - accuracy: 0.2307
56/98 [================>.............] - ETA: 2s - loss: 2.1439 - accuracy: 0.2306
57/98 [================>.............] - ETA: 2s - loss: 2.1458 - accuracy: 0.2301
59/98 [=================>............] - ETA: 1s - loss: 2.1486 - accuracy: 0.2298
61/98 [=================>............] - ETA: 1s - loss: 2.1493 - accuracy: 0.2296
62/98 [=================>............] - ETA: 1s - loss: 2.1503 - accuracy: 0.2297
63/98 [==================>...........] - ETA: 1s - loss: 2.1512 - accuracy: 0.2292
65/98 [==================>...........] - ETA: 1s - loss: 2.1529 - accuracy: 0.2279
67/98 [===================>..........] - ETA: 1s - loss: 2.1538 - accuracy: 0.2277
68/98 [===================>..........] - ETA: 1s - loss: 2.1543 - accuracy: 0.2277
70/98 [====================>.........] - ETA: 1s - loss: 2.1561 - accuracy: 0.2271
72/98 [=====================>........] - ETA: 1s - loss: 2.1567 - accuracy: 0.2263
73/98 [=====================>........] - ETA: 1s - loss: 2.1572 - accuracy: 0.2261
75/98 [=====================>........] - ETA: 1s - loss: 2.1560 - accuracy: 0.2263
77/98 [======================>.......] - ETA: 1s - loss: 2.1580 - accuracy: 0.2258
78/98 [======================>.......] - ETA: 1s - loss: 2.1579 - accuracy: 0.2261
80/98 [=======================>......] - ETA: 0s - loss: 2.1590 - accuracy: 0.2256
81/98 [=======================>......] - ETA: 0s - loss: 2.1593 - accuracy: 0.2254
83/98 [========================>.....] - ETA: 0s - loss: 2.1606 - accuracy: 0.2256
85/98 [=========================>....] - ETA: 0s - loss: 2.1605 - accuracy: 0.2257
87/98 [=========================>....] - ETA: 0s - loss: 2.1607 - accuracy: 0.2258
89/98 [==========================>...] - ETA: 0s - loss: 2.1609 - accuracy: 0.2257
91/98 [==========================>...] - ETA: 0s - loss: 2.1606 - accuracy: 0.2257
93/98 [===========================>..] - ETA: 0s - loss: 2.1609 - accuracy: 0.2259
95/98 [============================>.] - ETA: 0s - loss: 2.1610 - accuracy: 0.2257
97/98 [============================>.] - ETA: 0s - loss: 2.1605 - accuracy: 0.2257
98/98 [==============================] - 6s 59ms/step - loss: 2.1600 - accuracy: 0.2259 - val_loss: 2.1327 - val_accuracy: 0.2402
Epoch 3/196

 1/98 [..............................] - ETA: 6s - loss: 2.2092 - accuracy: 0.2012
 2/98 [..............................] - ETA: 5s - loss: 2.1556 - accuracy: 0.2168
 3/98 [..............................] - ETA: 5s - loss: 2.1578 - accuracy: 0.2207
 5/98 [>.............................] - ETA: 5s - loss: 2.1494 - accuracy: 0.2258
 7/98 [=>............................] - ETA: 5s - loss: 2.1384 - accuracy: 0.2294
 8/98 [=>............................] - ETA: 5s - loss: 2.1402 - accuracy: 0.2292
10/98 [==>...........................] - ETA: 5s - loss: 2.1471 - accuracy: 0.2262
12/98 [==>...........................] - ETA: 4s - loss: 2.1454 - accuracy: 0.2253
13/98 [==>...........................] - ETA: 4s - loss: 2.1489 - accuracy: 0.2248
15/98 [===>..........................] - ETA: 4s - loss: 2.1485 - accuracy: 0.2245
17/98 [====>.........................] - ETA: 4s - loss: 2.1543 - accuracy: 0.2228
18/98 [====>.........................] - ETA: 4s - loss: 2.1544 - accuracy: 0.2234
20/98 [=====>........................] - ETA: 4s - loss: 2.1551 - accuracy: 0.2226
21/98 [=====>........................] - ETA: 4s - loss: 2.1565 - accuracy: 0.2192
23/98 [======>.......................] - ETA: 4s - loss: 2.1553 - accuracy: 0.2193
25/98 [======>.......................] - ETA: 4s - loss: 2.1564 - accuracy: 0.2198
26/98 [======>.......................] - ETA: 4s - loss: 2.1564 - accuracy: 0.2186
28/98 [=======>......................] - ETA: 3s - loss: 2.1644 - accuracy: 0.2159
30/98 [========>.....................] - ETA: 3s - loss: 2.1676 - accuracy: 0.2130
32/98 [========>.....................] - ETA: 3s - loss: 2.1723 - accuracy: 0.2115
33/98 [=========>....................] - ETA: 3s - loss: 2.1732 - accuracy: 0.2107
35/98 [=========>....................] - ETA: 3s - loss: 2.1757 - accuracy: 0.2104
37/98 [==========>...................] - ETA: 3s - loss: 2.1784 - accuracy: 0.2099
39/98 [==========>...................] - ETA: 3s - loss: 2.1793 - accuracy: 0.2092
40/98 [===========>..................] - ETA: 3s - loss: 2.1793 - accuracy: 0.2097
42/98 [===========>..................] - ETA: 3s - loss: 2.1818 - accuracy: 0.2097
44/98 [============>.................] - ETA: 3s - loss: 2.1846 - accuracy: 0.2089
45/98 [============>.................] - ETA: 2s - loss: 2.1849 - accuracy: 0.2084
46/98 [=============>................] - ETA: 2s - loss: 2.1875 - accuracy: 0.2074
48/98 [=============>................] - ETA: 2s - loss: 2.1905 - accuracy: 0.2067
49/98 [==============>...............] - ETA: 2s - loss: 2.1932 - accuracy: 0.2057
50/98 [==============>...............] - ETA: 2s - loss: 2.1932 - accuracy: 0.2057
52/98 [==============>...............] - ETA: 2s - loss: 2.1970 - accuracy: 0.2046
54/98 [===============>..............] - ETA: 2s - loss: 2.1978 - accuracy: 0.2047
56/98 [================>.............] - ETA: 2s - loss: 2.2014 - accuracy: 0.2038
58/98 [================>.............] - ETA: 2s - loss: 2.2046 - accuracy: 0.2023
60/98 [=================>............] - ETA: 2s - loss: 2.2091 - accuracy: 0.2020
62/98 [=================>............] - ETA: 1s - loss: 2.2120 - accuracy: 0.2015
64/98 [==================>...........] - ETA: 1s - loss: 2.2134 - accuracy: 0.2014
66/98 [===================>..........] - ETA: 1s - loss: 2.2150 - accuracy: 0.2009
68/98 [===================>..........] - ETA: 1s - loss: 2.2160 - accuracy: 0.2003
70/98 [====================>.........] - ETA: 1s - loss: 2.2171 - accuracy: 0.2001
72/98 [=====================>........] - ETA: 1s - loss: 2.2195 - accuracy: 0.1997
74/98 [=====================>........] - ETA: 1s - loss: 2.2209 - accuracy: 0.2000
76/98 [======================>.......] - ETA: 1s - loss: 2.2203 - accuracy: 0.1998
78/98 [======================>.......] - ETA: 1s - loss: 2.2225 - accuracy: 0.1995
79/98 [=======================>......] - ETA: 0s - loss: 2.2218 - accuracy: 0.1993
81/98 [=======================>......] - ETA: 0s - loss: 2.2236 - accuracy: 0.1987
83/98 [========================>.....] - ETA: 0s - loss: 2.2237 - accuracy: 0.1978
84/98 [========================>.....] - ETA: 0s - loss: 2.2249 - accuracy: 0.1971
86/98 [=========================>....] - ETA: 0s - loss: 2.2261 - accuracy: 0.1963
88/98 [=========================>....] - ETA: 0s - loss: 2.2265 - accuracy: 0.1960
89/98 [==========================>...] - ETA: 0s - loss: 2.2270 - accuracy: 0.1957
91/98 [==========================>...] - ETA: 0s - loss: 2.2268 - accuracy: 0.1952
93/98 [===========================>..] - ETA: 0s - loss: 2.2277 - accuracy: 0.1950
94/98 [===========================>..] - ETA: 0s - loss: 2.2278 - accuracy: 0.1949
96/98 [============================>.] - ETA: 0s - loss: 2.2300 - accuracy: 0.1944
98/98 [==============================] - ETA: 0s - loss: 2.2310 - accuracy: 0.1946
98/98 [==============================] - 6s 61ms/step - loss: 2.2310 - accuracy: 0.1946 - val_loss: 2.3648 - val_accuracy: 0.1508
Epoch 4/196

 1/98 [..............................] - ETA: 7s - loss: 2.3638 - accuracy: 0.1699
 2/98 [..............................] - ETA: 6s - loss: 2.3393 - accuracy: 0.1680
 4/98 [>.............................] - ETA: 5s - loss: 2.3255 - accuracy: 0.1572
 6/98 [>.............................] - ETA: 5s - loss: 2.2941 - accuracy: 0.1647
 7/98 [=>............................] - ETA: 5s - loss: 2.2889 - accuracy: 0.1649
 9/98 [=>............................] - ETA: 5s - loss: 2.2862 - accuracy: 0.1671
10/98 [==>...........................] - ETA: 5s - loss: 2.2849 - accuracy: 0.1666
12/98 [==>...........................] - ETA: 4s - loss: 2.2954 - accuracy: 0.1668
14/98 [===>..........................] - ETA: 4s - loss: 2.2972 - accuracy: 0.1691
15/98 [===>..........................] - ETA: 4s - loss: 2.3057 - accuracy: 0.1693
17/98 [====>.........................] - ETA: 4s - loss: 2.3119 - accuracy: 0.1660
19/98 [====>.........................] - ETA: 4s - loss: 2.3130 - accuracy: 0.1658
21/98 [=====>........................] - ETA: 4s - loss: 2.3110 - accuracy: 0.1653
23/98 [======>.......................] - ETA: 3s - loss: 2.3128 - accuracy: 0.1651
25/98 [======>.......................] - ETA: 3s - loss: 2.3134 - accuracy: 0.1666
27/98 [=======>......................] - ETA: 3s - loss: 2.3076 - accuracy: 0.1674
29/98 [=======>......................] - ETA: 3s - loss: 2.3015 - accuracy: 0.1675
31/98 [========>.....................] - ETA: 3s - loss: 2.2936 - accuracy: 0.1690
33/98 [=========>....................] - ETA: 3s - loss: 2.2865 - accuracy: 0.1712
35/98 [=========>....................] - ETA: 3s - loss: 2.2803 - accuracy: 0.1729
37/98 [==========>...................] - ETA: 2s - loss: 2.2765 - accuracy: 0.1734
39/98 [==========>...................] - ETA: 2s - loss: 2.2713 - accuracy: 0.1751
41/98 [===========>..................] - ETA: 2s - loss: 2.2670 - accuracy: 0.1771
42/98 [===========>..................] - ETA: 2s - loss: 2.2648 - accuracy: 0.1777
43/98 [============>.................] - ETA: 2s - loss: 2.2620 - accuracy: 0.1786
45/98 [============>.................] - ETA: 2s - loss: 2.2588 - accuracy: 0.1795
46/98 [=============>................] - ETA: 2s - loss: 2.2577 - accuracy: 0.1796
48/98 [=============>................] - ETA: 2s - loss: 2.2559 - accuracy: 0.1789
50/98 [==============>...............] - ETA: 2s - loss: 2.2567 - accuracy: 0.1789
51/98 [==============>...............] - ETA: 2s - loss: 2.2553 - accuracy: 0.1794
53/98 [===============>..............] - ETA: 2s - loss: 2.2533 - accuracy: 0.1796
54/98 [===============>..............] - ETA: 2s - loss: 2.2531 - accuracy: 0.1794
56/98 [================>.............] - ETA: 2s - loss: 2.2550 - accuracy: 0.1799
58/98 [================>.............] - ETA: 1s - loss: 2.2553 - accuracy: 0.1799
60/98 [=================>............] - ETA: 1s - loss: 2.2539 - accuracy: 0.1799
61/98 [=================>............] - ETA: 1s - loss: 2.2530 - accuracy: 0.1804
63/98 [==================>...........] - ETA: 1s - loss: 2.2522 - accuracy: 0.1803
65/98 [==================>...........] - ETA: 1s - loss: 2.2517 - accuracy: 0.1797
67/98 [===================>..........] - ETA: 1s - loss: 2.2513 - accuracy: 0.1799
68/98 [===================>..........] - ETA: 1s - loss: 2.2512 - accuracy: 0.1802
70/98 [====================>.........] - ETA: 1s - loss: 2.2516 - accuracy: 0.1797
71/98 [====================>.........] - ETA: 1s - loss: 2.2524 - accuracy: 0.1795
73/98 [=====================>........] - ETA: 1s - loss: 2.2549 - accuracy: 0.1790
74/98 [=====================>........] - ETA: 1s - loss: 2.2563 - accuracy: 0.1790
76/98 [======================>.......] - ETA: 1s - loss: 2.2580 - accuracy: 0.1788
78/98 [======================>.......] - ETA: 1s - loss: 2.2592 - accuracy: 0.1786
80/98 [=======================>......] - ETA: 0s - loss: 2.2612 - accuracy: 0.1777
81/98 [=======================>......] - ETA: 0s - loss: 2.2620 - accuracy: 0.1769
83/98 [========================>.....] - ETA: 0s - loss: 2.2642 - accuracy: 0.1762
84/98 [========================>.....] - ETA: 0s - loss: 2.2651 - accuracy: 0.1762
86/98 [=========================>....] - ETA: 0s - loss: 2.2678 - accuracy: 0.1757
88/98 [=========================>....] - ETA: 0s - loss: 2.2699 - accuracy: 0.1752
89/98 [==========================>...] - ETA: 0s - loss: 2.2716 - accuracy: 0.1751
91/98 [==========================>...] - ETA: 0s - loss: 2.2747 - accuracy: 0.1747
92/98 [===========================>..] - ETA: 0s - loss: 2.2763 - accuracy: 0.1743
94/98 [===========================>..] - ETA: 0s - loss: 2.2790 - accuracy: 0.1738
95/98 [============================>.] - ETA: 0s - loss: 2.2794 - accuracy: 0.1736
97/98 [============================>.] - ETA: 0s - loss: 2.2804 - accuracy: 0.1733
98/98 [==============================] - 6s 59ms/step - loss: 2.2809 - accuracy: 0.1734 - val_loss: 2.2911 - val_accuracy: 0.1825
Epoch 5/196

 1/98 [..............................] - ETA: 4s - loss: 2.3026 - accuracy: 0.1738
 3/98 [..............................] - ETA: 4s - loss: 2.3226 - accuracy: 0.1647
 5/98 [>.............................] - ETA: 3s - loss: 2.3239 - accuracy: 0.1695
 7/98 [=>............................] - ETA: 3s - loss: 2.3313 - accuracy: 0.1681
 9/98 [=>............................] - ETA: 4s - loss: 2.3362 - accuracy: 0.1652
10/98 [==>...........................] - ETA: 4s - loss: 2.3389 - accuracy: 0.1646
12/98 [==>...........................] - ETA: 4s - loss: 2.3331 - accuracy: 0.1655
14/98 [===>..........................] - ETA: 4s - loss: 2.3188 - accuracy: 0.1688
15/98 [===>..........................] - ETA: 4s - loss: 2.3133 - accuracy: 0.1695
16/98 [===>..........................] - ETA: 4s - loss: 2.3085 - accuracy: 0.1695
18/98 [====>.........................] - ETA: 4s - loss: 2.2917 - accuracy: 0.1736
20/98 [=====>........................] - ETA: 4s - loss: 2.2782 - accuracy: 0.1763
21/98 [=====>........................] - ETA: 4s - loss: 2.2729 - accuracy: 0.1776
23/98 [======>.......................] - ETA: 3s - loss: 2.2669 - accuracy: 0.1798
25/98 [======>.......................] - ETA: 3s - loss: 2.2555 - accuracy: 0.1825
26/98 [======>.......................] - ETA: 3s - loss: 2.2538 - accuracy: 0.1823
28/98 [=======>......................] - ETA: 3s - loss: 2.2464 - accuracy: 0.1838
29/98 [=======>......................] - ETA: 3s - loss: 2.2442 - accuracy: 0.1845
31/98 [========>.....................] - ETA: 3s - loss: 2.2388 - accuracy: 0.1852
33/98 [=========>....................] - ETA: 3s - loss: 2.2310 - accuracy: 0.1879
34/98 [=========>....................] - ETA: 3s - loss: 2.2301 - accuracy: 0.1890
36/98 [==========>...................] - ETA: 3s - loss: 2.2246 - accuracy: 0.1900
37/98 [==========>...................] - ETA: 3s - loss: 2.2234 - accuracy: 0.1903
39/98 [==========>...................] - ETA: 3s - loss: 2.2199 - accuracy: 0.1910
40/98 [===========>..................] - ETA: 3s - loss: 2.2192 - accuracy: 0.1914
42/98 [===========>..................] - ETA: 3s - loss: 2.2168 - accuracy: 0.1917
44/98 [============>.................] - ETA: 2s - loss: 2.2159 - accuracy: 0.1911
45/98 [============>.................] - ETA: 2s - loss: 2.2144 - accuracy: 0.1915
47/98 [=============>................] - ETA: 2s - loss: 2.2116 - accuracy: 0.1929
48/98 [=============>................] - ETA: 2s - loss: 2.2111 - accuracy: 0.1934
50/98 [==============>...............] - ETA: 2s - loss: 2.2081 - accuracy: 0.1946
51/98 [==============>...............] - ETA: 2s - loss: 2.2065 - accuracy: 0.1951
53/98 [===============>..............] - ETA: 2s - loss: 2.2038 - accuracy: 0.1955
55/98 [===============>..............] - ETA: 2s - loss: 2.2023 - accuracy: 0.1955
56/98 [================>.............] - ETA: 2s - loss: 2.2024 - accuracy: 0.1955
58/98 [================>.............] - ETA: 2s - loss: 2.2021 - accuracy: 0.1956
60/98 [=================>............] - ETA: 2s - loss: 2.2014 - accuracy: 0.1958
62/98 [=================>............] - ETA: 1s - loss: 2.2022 - accuracy: 0.1956
63/98 [==================>...........] - ETA: 1s - loss: 2.2025 - accuracy: 0.1956
65/98 [==================>...........] - ETA: 1s - loss: 2.2029 - accuracy: 0.1957
66/98 [===================>..........] - ETA: 1s - loss: 2.2028 - accuracy: 0.1951
68/98 [===================>..........] - ETA: 1s - loss: 2.2021 - accuracy: 0.1949
70/98 [====================>.........] - ETA: 1s - loss: 2.2021 - accuracy: 0.1949
72/98 [=====================>........] - ETA: 1s - loss: 2.2027 - accuracy: 0.1944
74/98 [=====================>........] - ETA: 1s - loss: 2.2000 - accuracy: 0.1952
76/98 [======================>.......] - ETA: 1s - loss: 2.2002 - accuracy: 0.1948
78/98 [======================>.......] - ETA: 1s - loss: 2.1986 - accuracy: 0.1955
80/98 [=======================>......] - ETA: 0s - loss: 2.1975 - accuracy: 0.1958
82/98 [========================>.....] - ETA: 0s - loss: 2.1979 - accuracy: 0.1960
84/98 [========================>.....] - ETA: 0s - loss: 2.1982 - accuracy: 0.1962
86/98 [=========================>....] - ETA: 0s - loss: 2.1994 - accuracy: 0.1959
88/98 [=========================>....] - ETA: 0s - loss: 2.2008 - accuracy: 0.1959
90/98 [==========================>...] - ETA: 0s - loss: 2.2017 - accuracy: 0.1961
92/98 [===========================>..] - ETA: 0s - loss: 2.2027 - accuracy: 0.1959
94/98 [===========================>..] - ETA: 0s - loss: 2.2039 - accuracy: 0.1958
96/98 [============================>.] - ETA: 0s - loss: 2.2038 - accuracy: 0.1960
97/98 [============================>.] - ETA: 0s - loss: 2.2036 - accuracy: 0.1956
98/98 [==============================] - 6s 61ms/step - loss: 2.2039 - accuracy: 0.1955 - val_loss: 2.2151 - val_accuracy: 0.2136
Epoch 6/196

 1/98 [..............................] - ETA: 7s - loss: 2.2442 - accuracy: 0.1777
 3/98 [..............................] - ETA: 5s - loss: 2.2347 - accuracy: 0.1927
 5/98 [>.............................] - ETA: 5s - loss: 2.2193 - accuracy: 0.1937
 7/98 [=>............................] - ETA: 4s - loss: 2.2288 - accuracy: 0.1903
 8/98 [=>............................] - ETA: 5s - loss: 2.2412 - accuracy: 0.1895
10/98 [==>...........................] - ETA: 4s - loss: 2.2429 - accuracy: 0.1846
12/98 [==>...........................] - ETA: 4s - loss: 2.2410 - accuracy: 0.1859
13/98 [==>...........................] - ETA: 4s - loss: 2.2423 - accuracy: 0.1855
14/98 [===>..........................] - ETA: 4s - loss: 2.2440 - accuracy: 0.1861
15/98 [===>..........................] - ETA: 4s - loss: 2.2467 - accuracy: 0.1842
17/98 [====>.........................] - ETA: 4s - loss: 2.2448 - accuracy: 0.1828
18/98 [====>.........................] - ETA: 4s - loss: 2.2455 - accuracy: 0.1829
19/98 [====>.........................] - ETA: 4s - loss: 2.2453 - accuracy: 0.1825
20/98 [=====>........................] - ETA: 4s - loss: 2.2459 - accuracy: 0.1809
21/98 [=====>........................] - ETA: 4s - loss: 2.2473 - accuracy: 0.1786
22/98 [=====>........................] - ETA: 4s - loss: 2.2445 - accuracy: 0.1790
23/98 [======>.......................] - ETA: 4s - loss: 2.2427 - accuracy: 0.1805
25/98 [======>.......................] - ETA: 4s - loss: 2.2418 - accuracy: 0.1813
27/98 [=======>......................] - ETA: 3s - loss: 2.2403 - accuracy: 0.1817
28/98 [=======>......................] - ETA: 3s - loss: 2.2411 - accuracy: 0.1821
30/98 [========>.....................] - ETA: 3s - loss: 2.2413 - accuracy: 0.1833
31/98 [========>.....................] - ETA: 3s - loss: 2.2452 - accuracy: 0.1815
33/98 [=========>....................] - ETA: 3s - loss: 2.2449 - accuracy: 0.1828
35/98 [=========>....................] - ETA: 3s - loss: 2.2487 - accuracy: 0.1818
37/98 [==========>...................] - ETA: 3s - loss: 2.2490 - accuracy: 0.1805
39/98 [==========>...................] - ETA: 3s - loss: 2.2501 - accuracy: 0.1815
41/98 [===========>..................] - ETA: 3s - loss: 2.2519 - accuracy: 0.1810
43/98 [============>.................] - ETA: 2s - loss: 2.2515 - accuracy: 0.1806
45/98 [============>.................] - ETA: 2s - loss: 2.2517 - accuracy: 0.1809
47/98 [=============>................] - ETA: 2s - loss: 2.2485 - accuracy: 0.1825
49/98 [==============>...............] - ETA: 2s - loss: 2.2473 - accuracy: 0.1829
51/98 [==============>...............] - ETA: 2s - loss: 2.2481 - accuracy: 0.1824
53/98 [===============>..............] - ETA: 2s - loss: 2.2482 - accuracy: 0.1822
55/98 [===============>..............] - ETA: 2s - loss: 2.2476 - accuracy: 0.1827
57/98 [================>.............] - ETA: 2s - loss: 2.2447 - accuracy: 0.1841
59/98 [=================>............] - ETA: 1s - loss: 2.2438 - accuracy: 0.1840
61/98 [=================>............] - ETA: 1s - loss: 2.2439 - accuracy: 0.1838
62/98 [=================>............] - ETA: 1s - loss: 2.2431 - accuracy: 0.1841
63/98 [==================>...........] - ETA: 1s - loss: 2.2420 - accuracy: 0.1843
65/98 [==================>...........] - ETA: 1s - loss: 2.2406 - accuracy: 0.1846
66/98 [===================>..........] - ETA: 1s - loss: 2.2420 - accuracy: 0.1845
68/98 [===================>..........] - ETA: 1s - loss: 2.2416 - accuracy: 0.1854
70/98 [====================>.........] - ETA: 1s - loss: 2.2427 - accuracy: 0.1862
71/98 [====================>.........] - ETA: 1s - loss: 2.2430 - accuracy: 0.1863
73/98 [=====================>........] - ETA: 1s - loss: 2.2427 - accuracy: 0.1860
75/98 [=====================>........] - ETA: 1s - loss: 2.2431 - accuracy: 0.1862
76/98 [======================>.......] - ETA: 1s - loss: 2.2434 - accuracy: 0.1860
78/98 [======================>.......] - ETA: 1s - loss: 2.2445 - accuracy: 0.1858
80/98 [=======================>......] - ETA: 0s - loss: 2.2438 - accuracy: 0.1857
81/98 [=======================>......] - ETA: 0s - loss: 2.2440 - accuracy: 0.1854
83/98 [========================>.....] - ETA: 0s - loss: 2.2448 - accuracy: 0.1852
84/98 [========================>.....] - ETA: 0s - loss: 2.2441 - accuracy: 0.1856
86/98 [=========================>....] - ETA: 0s - loss: 2.2438 - accuracy: 0.1855
88/98 [=========================>....] - ETA: 0s - loss: 2.2417 - accuracy: 0.1861
89/98 [==========================>...] - ETA: 0s - loss: 2.2402 - accuracy: 0.1867
91/98 [==========================>...] - ETA: 0s - loss: 2.2390 - accuracy: 0.1868
92/98 [===========================>..] - ETA: 0s - loss: 2.2378 - accuracy: 0.1871
94/98 [===========================>..] - ETA: 0s - loss: 2.2346 - accuracy: 0.1883
96/98 [============================>.] - ETA: 0s - loss: 2.2332 - accuracy: 0.1887
98/98 [==============================] - ETA: 0s - loss: 2.2317 - accuracy: 0.1886
98/98 [==============================] - 6s 61ms/step - loss: 2.2317 - accuracy: 0.1886 - val_loss: 2.6519 - val_accuracy: 0.1375
Epoch 7/196

 1/98 [..............................] - ETA: 5s - loss: 2.2804 - accuracy: 0.1816
 3/98 [..............................] - ETA: 3s - loss: 2.2739 - accuracy: 0.1790
 5/98 [>.............................] - ETA: 3s - loss: 2.2865 - accuracy: 0.1801
 7/98 [=>............................] - ETA: 3s - loss: 2.2961 - accuracy: 0.1769
 9/98 [=>............................] - ETA: 3s - loss: 2.3021 - accuracy: 0.1749
11/98 [==>...........................] - ETA: 3s - loss: 2.3056 - accuracy: 0.1756
13/98 [==>...........................] - ETA: 3s - loss: 2.3039 - accuracy: 0.1741
15/98 [===>..........................] - ETA: 3s - loss: 2.3085 - accuracy: 0.1749
17/98 [====>.........................] - ETA: 3s - loss: 2.3032 - accuracy: 0.1750
19/98 [====>.........................] - ETA: 3s - loss: 2.3086 - accuracy: 0.1725
21/98 [=====>........................] - ETA: 3s - loss: 2.3073 - accuracy: 0.1734
23/98 [======>.......................] - ETA: 3s - loss: 2.3048 - accuracy: 0.1756
24/98 [======>.......................] - ETA: 3s - loss: 2.3064 - accuracy: 0.1742
25/98 [======>.......................] - ETA: 3s - loss: 2.3073 - accuracy: 0.1734
27/98 [=======>......................] - ETA: 3s - loss: 2.3042 - accuracy: 0.1751
28/98 [=======>......................] - ETA: 3s - loss: 2.3021 - accuracy: 0.1758
30/98 [========>.....................] - ETA: 3s - loss: 2.2983 - accuracy: 0.1770
32/98 [========>.....................] - ETA: 3s - loss: 2.2929 - accuracy: 0.1780
34/98 [=========>....................] - ETA: 2s - loss: 2.2905 - accuracy: 0.1783
35/98 [=========>....................] - ETA: 2s - loss: 2.2886 - accuracy: 0.1782
37/98 [==========>...................] - ETA: 2s - loss: 2.2863 - accuracy: 0.1782
38/98 [==========>...................] - ETA: 2s - loss: 2.2861 - accuracy: 0.1784
40/98 [===========>..................] - ETA: 2s - loss: 2.2844 - accuracy: 0.1796
42/98 [===========>..................] - ETA: 2s - loss: 2.2816 - accuracy: 0.1801
43/98 [============>.................] - ETA: 2s - loss: 2.2798 - accuracy: 0.1805
45/98 [============>.................] - ETA: 2s - loss: 2.2768 - accuracy: 0.1830
46/98 [=============>................] - ETA: 2s - loss: 2.2741 - accuracy: 0.1840
48/98 [=============>................] - ETA: 2s - loss: 2.2712 - accuracy: 0.1847
49/98 [==============>...............] - ETA: 2s - loss: 2.2688 - accuracy: 0.1861
51/98 [==============>...............] - ETA: 2s - loss: 2.2635 - accuracy: 0.1878
53/98 [===============>..............] - ETA: 2s - loss: 2.2595 - accuracy: 0.1900
54/98 [===============>..............] - ETA: 2s - loss: 2.2579 - accuracy: 0.1905
56/98 [================>.............] - ETA: 2s - loss: 2.2544 - accuracy: 0.1899
57/98 [================>.............] - ETA: 2s - loss: 2.2535 - accuracy: 0.1897
59/98 [=================>............] - ETA: 1s - loss: 2.2518 - accuracy: 0.1900
61/98 [=================>............] - ETA: 1s - loss: 2.2496 - accuracy: 0.1910
62/98 [=================>............] - ETA: 1s - loss: 2.2481 - accuracy: 0.1912
64/98 [==================>...........] - ETA: 1s - loss: 2.2468 - accuracy: 0.1919
66/98 [===================>..........] - ETA: 1s - loss: 2.2464 - accuracy: 0.1923
67/98 [===================>..........] - ETA: 1s - loss: 2.2452 - accuracy: 0.1925
69/98 [====================>.........] - ETA: 1s - loss: 2.2428 - accuracy: 0.1928
71/98 [====================>.........] - ETA: 1s - loss: 2.2398 - accuracy: 0.1935
72/98 [=====================>........] - ETA: 1s - loss: 2.2395 - accuracy: 0.1934
74/98 [=====================>........] - ETA: 1s - loss: 2.2368 - accuracy: 0.1935
75/98 [=====================>........] - ETA: 1s - loss: 2.2356 - accuracy: 0.1936
77/98 [======================>.......] - ETA: 1s - loss: 2.2328 - accuracy: 0.1944
79/98 [=======================>......] - ETA: 0s - loss: 2.2317 - accuracy: 0.1938
80/98 [=======================>......] - ETA: 0s - loss: 2.2311 - accuracy: 0.1938
82/98 [========================>.....] - ETA: 0s - loss: 2.2291 - accuracy: 0.1942
83/98 [========================>.....] - ETA: 0s - loss: 2.2280 - accuracy: 0.1945
85/98 [=========================>....] - ETA: 0s - loss: 2.2284 - accuracy: 0.1949
87/98 [=========================>....] - ETA: 0s - loss: 2.2282 - accuracy: 0.1952
88/98 [=========================>....] - ETA: 0s - loss: 2.2289 - accuracy: 0.1948
90/98 [==========================>...] - ETA: 0s - loss: 2.2301 - accuracy: 0.1943
92/98 [===========================>..] - ETA: 0s - loss: 2.2314 - accuracy: 0.1941
94/98 [===========================>..] - ETA: 0s - loss: 2.2324 - accuracy: 0.1934
96/98 [============================>.] - ETA: 0s - loss: 2.2328 - accuracy: 0.1924
98/98 [==============================] - ETA: 0s - loss: 2.2332 - accuracy: 0.1921
98/98 [==============================] - 6s 59ms/step - loss: 2.2332 - accuracy: 0.1921 - val_loss: 2.3080 - val_accuracy: 0.1551
Epoch 8/196

 1/98 [..............................] - ETA: 7s - loss: 2.1670 - accuracy: 0.2227
 3/98 [..............................] - ETA: 5s - loss: 2.1830 - accuracy: 0.1966
 4/98 [>.............................] - ETA: 5s - loss: 2.1809 - accuracy: 0.1968
 6/98 [>.............................] - ETA: 5s - loss: 2.1931 - accuracy: 0.2025
 8/98 [=>............................] - ETA: 5s - loss: 2.1937 - accuracy: 0.1960
10/98 [==>...........................] - ETA: 4s - loss: 2.1938 - accuracy: 0.1941
11/98 [==>...........................] - ETA: 4s - loss: 2.1931 - accuracy: 0.1957
12/98 [==>...........................] - ETA: 4s - loss: 2.1990 - accuracy: 0.1930
13/98 [==>...........................] - ETA: 4s - loss: 2.1985 - accuracy: 0.1923
15/98 [===>..........................] - ETA: 4s - loss: 2.2008 - accuracy: 0.1893
16/98 [===>..........................] - ETA: 4s - loss: 2.2087 - accuracy: 0.1879
18/98 [====>.........................] - ETA: 4s - loss: 2.2150 - accuracy: 0.1867
19/98 [====>.........................] - ETA: 4s - loss: 2.2177 - accuracy: 0.1862
21/98 [=====>........................] - ETA: 4s - loss: 2.2195 - accuracy: 0.1852
23/98 [======>.......................] - ETA: 4s - loss: 2.2216 - accuracy: 0.1841
24/98 [======>.......................] - ETA: 4s - loss: 2.2235 - accuracy: 0.1829
26/98 [======>.......................] - ETA: 4s - loss: 2.2210 - accuracy: 0.1826
27/98 [=======>......................] - ETA: 4s - loss: 2.2205 - accuracy: 0.1821
29/98 [=======>......................] - ETA: 3s - loss: 2.2174 - accuracy: 0.1835
31/98 [========>.....................] - ETA: 3s - loss: 2.2188 - accuracy: 0.1843
33/98 [=========>....................] - ETA: 3s - loss: 2.2195 - accuracy: 0.1840
34/98 [=========>....................] - ETA: 3s - loss: 2.2183 - accuracy: 0.1845
36/98 [==========>...................] - ETA: 3s - loss: 2.2180 - accuracy: 0.1855
