2024-06-26 05:15:05.555528: I tensorflow/core/platform/cpu_feature_guard.cc:193] This TensorFlow binary is optimized with oneAPI Deep Neural Network Library (oneDNN) to use the following CPU instructions in performance-critical operations:  AVX AVX2
To enable them in other operations, rebuild TensorFlow with the appropriate compiler flags.
2024-06-26 05:15:06.158851: I tensorflow/core/common_runtime/gpu/gpu_device.cc:1616] Created device /job:localhost/replica:0/task:0/device:GPU:0 with 6656 MB memory:  -> device: 0, name: NVIDIA GeForce RTX 4060 Ti, pci bus id: 0000:01:00.0, compute capability: 8.9
1 Physical GPUs, 1 Logical GPUs
Model: "sequential"
_________________________________________________________________
 Layer (type)                Output Shape              Param #   
=================================================================
 conv2d (Conv2D)             (None, 32, 32, 32)        896       
                                                                 
 batch_normalization (BatchN  (None, 32, 32, 32)       128       
 ormalization)                                                   
                                                                 
 conv2d_1 (Conv2D)           (None, 32, 32, 64)        18496     
                                                                 
 max_pooling2d (MaxPooling2D  (None, 16, 16, 64)       0         
 )                                                               
                                                                 
 batch_normalization_1 (Batc  (None, 16, 16, 64)       256       
 hNormalization)                                                 
                                                                 
 dropout (Dropout)           (None, 16, 16, 64)        0         
                                                                 
 flatten (Flatten)           (None, 16384)             0         
                                                                 
 dense (Dense)               (None, 52)                852020    
                                                                 
 dropout_1 (Dropout)         (None, 52)                0         
                                                                 
 dense_1 (Dense)             (None, 10)                530       
                                                                 
=================================================================
Total params: 872,326
Trainable params: 872,134
Non-trainable params: 192
_________________________________________________________________
Taxa de aprendizado:  0.1 Num de épocas:  196 Tamanho do lote:  512 Dropout:  0.12999
Epoch 1/196
2024-06-26 05:15:07.569249: I tensorflow/stream_executor/cuda/cuda_dnn.cc:384] Loaded cuDNN version 8100
2024-06-26 05:15:08.421489: W tensorflow/stream_executor/gpu/redzone_allocator.cc:314] INTERNAL: ptxas exited with non-zero error code -1, output: 
Relying on driver to perform ptx compilation. 
Modify $PATH to customize ptxas location.
This message will be only logged once.
2024-06-26 05:15:09.632493: I tensorflow/stream_executor/cuda/cuda_blas.cc:1614] TensorFloat-32 will be used for the matrix multiplication. This will only be logged once.

 1/98 [..............................] - ETA: 6:43 - loss: 2.8541 - accuracy: 0.0781
 2/98 [..............................] - ETA: 7s - loss: 3.3626 - accuracy: 0.1211  
 3/98 [..............................] - ETA: 6s - loss: 3.1295 - accuracy: 0.1419
 4/98 [>.............................] - ETA: 6s - loss: 3.0531 - accuracy: 0.1509
 5/98 [>.............................] - ETA: 6s - loss: 2.9963 - accuracy: 0.1535
 6/98 [>.............................] - ETA: 6s - loss: 2.9785 - accuracy: 0.1445
 7/98 [=>............................] - ETA: 6s - loss: 2.9436 - accuracy: 0.1403
 8/98 [=>............................] - ETA: 6s - loss: 2.9089 - accuracy: 0.1421
 9/98 [=>............................] - ETA: 6s - loss: 2.8729 - accuracy: 0.1389
10/98 [==>...........................] - ETA: 6s - loss: 2.8374 - accuracy: 0.1383
11/98 [==>...........................] - ETA: 6s - loss: 2.8025 - accuracy: 0.1406
12/98 [==>...........................] - ETA: 6s - loss: 2.7843 - accuracy: 0.1405
13/98 [==>...........................] - ETA: 6s - loss: 2.7613 - accuracy: 0.1436
14/98 [===>..........................] - ETA: 6s - loss: 2.7321 - accuracy: 0.1437
15/98 [===>..........................] - ETA: 5s - loss: 2.7094 - accuracy: 0.1453
16/98 [===>..........................] - ETA: 5s - loss: 2.6914 - accuracy: 0.1466
17/98 [====>.........................] - ETA: 5s - loss: 2.6640 - accuracy: 0.1510
18/98 [====>.........................] - ETA: 5s - loss: 2.6470 - accuracy: 0.1520
19/98 [====>.........................] - ETA: 5s - loss: 2.6304 - accuracy: 0.1529
20/98 [=====>........................] - ETA: 5s - loss: 2.6154 - accuracy: 0.1522
21/98 [=====>........................] - ETA: 5s - loss: 2.5983 - accuracy: 0.1547
22/98 [=====>........................] - ETA: 5s - loss: 2.5879 - accuracy: 0.1550
23/98 [======>.......................] - ETA: 5s - loss: 2.5762 - accuracy: 0.1568
24/98 [======>.......................] - ETA: 5s - loss: 2.5654 - accuracy: 0.1574
25/98 [======>.......................] - ETA: 5s - loss: 2.5565 - accuracy: 0.1570
26/98 [======>.......................] - ETA: 5s - loss: 2.5475 - accuracy: 0.1578
27/98 [=======>......................] - ETA: 5s - loss: 2.5387 - accuracy: 0.1594
28/98 [=======>......................] - ETA: 4s - loss: 2.5288 - accuracy: 0.1609
29/98 [=======>......................] - ETA: 4s - loss: 2.5227 - accuracy: 0.1609
30/98 [========>.....................] - ETA: 4s - loss: 2.5143 - accuracy: 0.1620
31/98 [========>.....................] - ETA: 4s - loss: 2.5044 - accuracy: 0.1634
32/98 [========>.....................] - ETA: 4s - loss: 2.4985 - accuracy: 0.1634
33/98 [=========>....................] - ETA: 4s - loss: 2.4907 - accuracy: 0.1639
34/98 [=========>....................] - ETA: 4s - loss: 2.4832 - accuracy: 0.1651
35/98 [=========>....................] - ETA: 4s - loss: 2.4780 - accuracy: 0.1653
36/98 [==========>...................] - ETA: 4s - loss: 2.4717 - accuracy: 0.1655
37/98 [==========>...................] - ETA: 4s - loss: 2.4646 - accuracy: 0.1659
38/98 [==========>...................] - ETA: 4s - loss: 2.4596 - accuracy: 0.1667
39/98 [==========>...................] - ETA: 4s - loss: 2.4547 - accuracy: 0.1678
40/98 [===========>..................] - ETA: 4s - loss: 2.4485 - accuracy: 0.1691
41/98 [===========>..................] - ETA: 4s - loss: 2.4440 - accuracy: 0.1697
42/98 [===========>..................] - ETA: 3s - loss: 2.4380 - accuracy: 0.1710
43/98 [============>.................] - ETA: 3s - loss: 2.4343 - accuracy: 0.1711
44/98 [============>.................] - ETA: 3s - loss: 2.4291 - accuracy: 0.1719
45/98 [============>.................] - ETA: 3s - loss: 2.4242 - accuracy: 0.1721
46/98 [=============>................] - ETA: 3s - loss: 2.4204 - accuracy: 0.1729
47/98 [=============>................] - ETA: 3s - loss: 2.4156 - accuracy: 0.1735
48/98 [=============>................] - ETA: 3s - loss: 2.4120 - accuracy: 0.1733
49/98 [==============>...............] - ETA: 3s - loss: 2.4078 - accuracy: 0.1738
50/98 [==============>...............] - ETA: 3s - loss: 2.4046 - accuracy: 0.1744
51/98 [==============>...............] - ETA: 3s - loss: 2.3992 - accuracy: 0.1760
52/98 [==============>...............] - ETA: 3s - loss: 2.3957 - accuracy: 0.1766
53/98 [===============>..............] - ETA: 3s - loss: 2.3913 - accuracy: 0.1777
54/98 [===============>..............] - ETA: 3s - loss: 2.3879 - accuracy: 0.1780
55/98 [===============>..............] - ETA: 3s - loss: 2.3852 - accuracy: 0.1786
56/98 [================>.............] - ETA: 3s - loss: 2.3817 - accuracy: 0.1793
57/98 [================>.............] - ETA: 2s - loss: 2.3783 - accuracy: 0.1802
58/98 [================>.............] - ETA: 2s - loss: 2.3761 - accuracy: 0.1807
59/98 [=================>............] - ETA: 2s - loss: 2.3732 - accuracy: 0.1814
60/98 [=================>............] - ETA: 2s - loss: 2.3703 - accuracy: 0.1816
61/98 [=================>............] - ETA: 3s - loss: 2.3694 - accuracy: 0.1816
62/98 [=================>............] - ETA: 2s - loss: 2.3675 - accuracy: 0.1816
63/98 [==================>...........] - ETA: 2s - loss: 2.3657 - accuracy: 0.1818
64/98 [==================>...........] - ETA: 2s - loss: 2.3630 - accuracy: 0.1823
65/98 [==================>...........] - ETA: 2s - loss: 2.3601 - accuracy: 0.1825
66/98 [===================>..........] - ETA: 2s - loss: 2.3582 - accuracy: 0.1827
67/98 [===================>..........] - ETA: 2s - loss: 2.3559 - accuracy: 0.1830
68/98 [===================>..........] - ETA: 2s - loss: 2.3540 - accuracy: 0.1834
69/98 [====================>.........] - ETA: 2s - loss: 2.3518 - accuracy: 0.1834
70/98 [====================>.........] - ETA: 2s - loss: 2.3499 - accuracy: 0.1833
71/98 [====================>.........] - ETA: 2s - loss: 2.3477 - accuracy: 0.1832
72/98 [=====================>........] - ETA: 2s - loss: 2.3459 - accuracy: 0.1833
73/98 [=====================>........] - ETA: 2s - loss: 2.3444 - accuracy: 0.1831
74/98 [=====================>........] - ETA: 1s - loss: 2.3423 - accuracy: 0.1835
75/98 [=====================>........] - ETA: 1s - loss: 2.3404 - accuracy: 0.1839
76/98 [======================>.......] - ETA: 1s - loss: 2.3387 - accuracy: 0.1842
77/98 [======================>.......] - ETA: 1s - loss: 2.3372 - accuracy: 0.1844
78/98 [======================>.......] - ETA: 1s - loss: 2.3348 - accuracy: 0.1849
79/98 [=======================>......] - ETA: 1s - loss: 2.3330 - accuracy: 0.1852
80/98 [=======================>......] - ETA: 1s - loss: 2.3311 - accuracy: 0.1853
81/98 [=======================>......] - ETA: 1s - loss: 2.3288 - accuracy: 0.1857
82/98 [========================>.....] - ETA: 1s - loss: 2.3250 - accuracy: 0.1865
83/98 [========================>.....] - ETA: 1s - loss: 2.3237 - accuracy: 0.1871
84/98 [========================>.....] - ETA: 1s - loss: 2.3219 - accuracy: 0.1877
85/98 [=========================>....] - ETA: 1s - loss: 2.3198 - accuracy: 0.1883
86/98 [=========================>....] - ETA: 0s - loss: 2.3182 - accuracy: 0.1886
87/98 [=========================>....] - ETA: 0s - loss: 2.3163 - accuracy: 0.1889
88/98 [=========================>....] - ETA: 0s - loss: 2.3151 - accuracy: 0.1890
89/98 [==========================>...] - ETA: 0s - loss: 2.3140 - accuracy: 0.1893
90/98 [==========================>...] - ETA: 0s - loss: 2.3124 - accuracy: 0.1899
91/98 [==========================>...] - ETA: 0s - loss: 2.3099 - accuracy: 0.1905
92/98 [===========================>..] - ETA: 0s - loss: 2.3083 - accuracy: 0.1909
93/98 [===========================>..] - ETA: 0s - loss: 2.3081 - accuracy: 0.1913
94/98 [===========================>..] - ETA: 0s - loss: 2.3075 - accuracy: 0.1917
95/98 [============================>.] - ETA: 0s - loss: 2.3061 - accuracy: 0.1923
96/98 [============================>.] - ETA: 0s - loss: 2.3045 - accuracy: 0.1928
97/98 [============================>.] - ETA: 0s - loss: 2.3037 - accuracy: 0.1931
98/98 [==============================] - ETA: 0s - loss: 2.3031 - accuracy: 0.1931
98/98 [==============================] - 13s 93ms/step - loss: 2.3031 - accuracy: 0.1931 - val_loss: 2.4962 - val_accuracy: 0.1013
Epoch 2/196

 1/98 [..............................] - ETA: 9s - loss: 2.1828 - accuracy: 0.2031
 2/98 [..............................] - ETA: 6s - loss: 2.1941 - accuracy: 0.2227
 3/98 [..............................] - ETA: 6s - loss: 2.1692 - accuracy: 0.2305
 4/98 [>.............................] - ETA: 6s - loss: 2.2005 - accuracy: 0.2241
 5/98 [>.............................] - ETA: 6s - loss: 2.1869 - accuracy: 0.2277
 6/98 [>.............................] - ETA: 6s - loss: 2.1781 - accuracy: 0.2298
 7/98 [=>............................] - ETA: 6s - loss: 2.1871 - accuracy: 0.2246
 8/98 [=>............................] - ETA: 6s - loss: 2.1752 - accuracy: 0.2263
 9/98 [=>............................] - ETA: 6s - loss: 2.1723 - accuracy: 0.2233
10/98 [==>...........................] - ETA: 6s - loss: 2.1727 - accuracy: 0.2209
11/98 [==>...........................] - ETA: 6s - loss: 2.1704 - accuracy: 0.2202
12/98 [==>...........................] - ETA: 6s - loss: 2.1718 - accuracy: 0.2184
13/98 [==>...........................] - ETA: 6s - loss: 2.1687 - accuracy: 0.2181
14/98 [===>..........................] - ETA: 5s - loss: 2.1693 - accuracy: 0.2175
15/98 [===>..........................] - ETA: 5s - loss: 2.1694 - accuracy: 0.2182
16/98 [===>..........................] - ETA: 5s - loss: 2.1736 - accuracy: 0.2157
17/98 [====>.........................] - ETA: 5s - loss: 2.1742 - accuracy: 0.2171
18/98 [====>.........................] - ETA: 5s - loss: 2.1773 - accuracy: 0.2148
19/98 [====>.........................] - ETA: 5s - loss: 2.1754 - accuracy: 0.2156
20/98 [=====>........................] - ETA: 5s - loss: 2.1803 - accuracy: 0.2143
21/98 [=====>........................] - ETA: 5s - loss: 2.1792 - accuracy: 0.2148
22/98 [=====>........................] - ETA: 5s - loss: 2.1820 - accuracy: 0.2140
23/98 [======>.......................] - ETA: 5s - loss: 2.1824 - accuracy: 0.2133
24/98 [======>.......................] - ETA: 5s - loss: 2.1812 - accuracy: 0.2139
25/98 [======>.......................] - ETA: 5s - loss: 2.1816 - accuracy: 0.2140
26/98 [======>.......................] - ETA: 5s - loss: 2.1822 - accuracy: 0.2148
27/98 [=======>......................] - ETA: 5s - loss: 2.1814 - accuracy: 0.2150
28/98 [=======>......................] - ETA: 4s - loss: 2.1845 - accuracy: 0.2142
29/98 [=======>......................] - ETA: 4s - loss: 2.1858 - accuracy: 0.2130
30/98 [========>.....................] - ETA: 4s - loss: 2.1886 - accuracy: 0.2115
31/98 [========>.....................] - ETA: 4s - loss: 2.1893 - accuracy: 0.2115
32/98 [========>.....................] - ETA: 4s - loss: 2.1873 - accuracy: 0.2117
33/98 [=========>....................] - ETA: 4s - loss: 2.1876 - accuracy: 0.2122
34/98 [=========>....................] - ETA: 4s - loss: 2.1876 - accuracy: 0.2119
35/98 [=========>....................] - ETA: 4s - loss: 2.1870 - accuracy: 0.2116
36/98 [==========>...................] - ETA: 4s - loss: 2.1861 - accuracy: 0.2116
37/98 [==========>...................] - ETA: 4s - loss: 2.1856 - accuracy: 0.2117
38/98 [==========>...................] - ETA: 4s - loss: 2.1854 - accuracy: 0.2120
39/98 [==========>...................] - ETA: 4s - loss: 2.1867 - accuracy: 0.2117
40/98 [===========>..................] - ETA: 4s - loss: 2.1882 - accuracy: 0.2116
41/98 [===========>..................] - ETA: 4s - loss: 2.1882 - accuracy: 0.2124
42/98 [===========>..................] - ETA: 4s - loss: 2.1868 - accuracy: 0.2118
43/98 [============>.................] - ETA: 3s - loss: 2.1875 - accuracy: 0.2118
44/98 [============>.................] - ETA: 3s - loss: 2.1882 - accuracy: 0.2115
45/98 [============>.................] - ETA: 3s - loss: 2.1880 - accuracy: 0.2117
46/98 [=============>................] - ETA: 3s - loss: 2.1890 - accuracy: 0.2116
47/98 [=============>................] - ETA: 3s - loss: 2.1903 - accuracy: 0.2108
48/98 [=============>................] - ETA: 3s - loss: 2.1897 - accuracy: 0.2111
49/98 [==============>...............] - ETA: 3s - loss: 2.1904 - accuracy: 0.2107
50/98 [==============>...............] - ETA: 3s - loss: 2.1912 - accuracy: 0.2105
51/98 [==============>...............] - ETA: 3s - loss: 2.1905 - accuracy: 0.2108
52/98 [==============>...............] - ETA: 3s - loss: 2.1907 - accuracy: 0.2111
53/98 [===============>..............] - ETA: 3s - loss: 2.1923 - accuracy: 0.2103
54/98 [===============>..............] - ETA: 3s - loss: 2.1910 - accuracy: 0.2112
55/98 [===============>..............] - ETA: 3s - loss: 2.1912 - accuracy: 0.2109
56/98 [================>.............] - ETA: 3s - loss: 2.1910 - accuracy: 0.2112
57/98 [================>.............] - ETA: 2s - loss: 2.1910 - accuracy: 0.2111
58/98 [================>.............] - ETA: 2s - loss: 2.1910 - accuracy: 0.2110
59/98 [=================>............] - ETA: 2s - loss: 2.1905 - accuracy: 0.2111
60/98 [=================>............] - ETA: 2s - loss: 2.1899 - accuracy: 0.2116
61/98 [=================>............] - ETA: 2s - loss: 2.1883 - accuracy: 0.2122
62/98 [=================>............] - ETA: 2s - loss: 2.1867 - accuracy: 0.2130
63/98 [==================>...........] - ETA: 2s - loss: 2.1866 - accuracy: 0.2129
64/98 [==================>...........] - ETA: 2s - loss: 2.1870 - accuracy: 0.2126
65/98 [==================>...........] - ETA: 2s - loss: 2.1874 - accuracy: 0.2127
66/98 [===================>..........] - ETA: 2s - loss: 2.1879 - accuracy: 0.2127
67/98 [===================>..........] - ETA: 2s - loss: 2.1870 - accuracy: 0.2131
68/98 [===================>..........] - ETA: 2s - loss: 2.1869 - accuracy: 0.2132
69/98 [====================>.........] - ETA: 2s - loss: 2.1882 - accuracy: 0.2127
70/98 [====================>.........] - ETA: 2s - loss: 2.1879 - accuracy: 0.2129
72/98 [=====================>........] - ETA: 1s - loss: 2.1872 - accuracy: 0.2130
74/98 [=====================>........] - ETA: 1s - loss: 2.1880 - accuracy: 0.2128
76/98 [======================>.......] - ETA: 1s - loss: 2.1872 - accuracy: 0.2124
79/98 [=======================>......] - ETA: 1s - loss: 2.1877 - accuracy: 0.2125
80/98 [=======================>......] - ETA: 1s - loss: 2.1874 - accuracy: 0.2123
82/98 [========================>.....] - ETA: 1s - loss: 2.1889 - accuracy: 0.2118
84/98 [========================>.....] - ETA: 0s - loss: 2.1894 - accuracy: 0.2119
86/98 [=========================>....] - ETA: 0s - loss: 2.1902 - accuracy: 0.2116
88/98 [=========================>....] - ETA: 0s - loss: 2.1907 - accuracy: 0.2117
90/98 [==========================>...] - ETA: 0s - loss: 2.1927 - accuracy: 0.2110
91/98 [==========================>...] - ETA: 0s - loss: 2.1932 - accuracy: 0.2109
93/98 [===========================>..] - ETA: 0s - loss: 2.1935 - accuracy: 0.2107
95/98 [============================>.] - ETA: 0s - loss: 2.1927 - accuracy: 0.2107
96/98 [============================>.] - ETA: 0s - loss: 2.1928 - accuracy: 0.2107
98/98 [==============================] - ETA: 0s - loss: 2.1925 - accuracy: 0.2110
98/98 [==============================] - 7s 73ms/step - loss: 2.1925 - accuracy: 0.2110 - val_loss: 2.3553 - val_accuracy: 0.1566
Epoch 3/196

 1/98 [..............................] - ETA: 7s - loss: 2.2068 - accuracy: 0.1992
 2/98 [..............................] - ETA: 7s - loss: 2.1891 - accuracy: 0.1924
 3/98 [..............................] - ETA: 6s - loss: 2.1929 - accuracy: 0.1927
 4/98 [>.............................] - ETA: 6s - loss: 2.2011 - accuracy: 0.2021
 5/98 [>.............................] - ETA: 6s - loss: 2.2077 - accuracy: 0.2043
 6/98 [>.............................] - ETA: 6s - loss: 2.2148 - accuracy: 0.2041
 7/98 [=>............................] - ETA: 6s - loss: 2.2134 - accuracy: 0.2012
 8/98 [=>............................] - ETA: 6s - loss: 2.2018 - accuracy: 0.2075
 9/98 [=>............................] - ETA: 6s - loss: 2.1926 - accuracy: 0.2122
10/98 [==>...........................] - ETA: 6s - loss: 2.1932 - accuracy: 0.2137
11/98 [==>...........................] - ETA: 6s - loss: 2.1889 - accuracy: 0.2141
12/98 [==>...........................] - ETA: 6s - loss: 2.1962 - accuracy: 0.2132
13/98 [==>...........................] - ETA: 6s - loss: 2.1952 - accuracy: 0.2126
14/98 [===>..........................] - ETA: 6s - loss: 2.2014 - accuracy: 0.2100
15/98 [===>..........................] - ETA: 6s - loss: 2.2034 - accuracy: 0.2092
16/98 [===>..........................] - ETA: 5s - loss: 2.2044 - accuracy: 0.2070
17/98 [====>.........................] - ETA: 5s - loss: 2.2078 - accuracy: 0.2067
18/98 [====>.........................] - ETA: 5s - loss: 2.2097 - accuracy: 0.2075
19/98 [====>.........................] - ETA: 5s - loss: 2.2091 - accuracy: 0.2061
20/98 [=====>........................] - ETA: 5s - loss: 2.2098 - accuracy: 0.2058
21/98 [=====>........................] - ETA: 5s - loss: 2.2076 - accuracy: 0.2068
22/98 [=====>........................] - ETA: 5s - loss: 2.2057 - accuracy: 0.2072
23/98 [======>.......................] - ETA: 5s - loss: 2.2075 - accuracy: 0.2069
24/98 [======>.......................] - ETA: 5s - loss: 2.2083 - accuracy: 0.2069
25/98 [======>.......................] - ETA: 5s - loss: 2.2075 - accuracy: 0.2073
26/98 [======>.......................] - ETA: 5s - loss: 2.2115 - accuracy: 0.2059
27/98 [=======>......................] - ETA: 5s - loss: 2.2119 - accuracy: 0.2061
28/98 [=======>......................] - ETA: 5s - loss: 2.2143 - accuracy: 0.2060
29/98 [=======>......................] - ETA: 4s - loss: 2.2166 - accuracy: 0.2051
30/98 [========>.....................] - ETA: 4s - loss: 2.2139 - accuracy: 0.2059
31/98 [========>.....................] - ETA: 4s - loss: 2.2150 - accuracy: 0.2050
32/98 [========>.....................] - ETA: 4s - loss: 2.2182 - accuracy: 0.2047
33/98 [=========>....................] - ETA: 4s - loss: 2.2183 - accuracy: 0.2047
34/98 [=========>....................] - ETA: 4s - loss: 2.2180 - accuracy: 0.2045
35/98 [=========>....................] - ETA: 4s - loss: 2.2178 - accuracy: 0.2047
36/98 [==========>...................] - ETA: 4s - loss: 2.2186 - accuracy: 0.2044
37/98 [==========>...................] - ETA: 4s - loss: 2.2169 - accuracy: 0.2045
38/98 [==========>...................] - ETA: 4s - loss: 2.2181 - accuracy: 0.2037
39/98 [==========>...................] - ETA: 4s - loss: 2.2188 - accuracy: 0.2035
40/98 [===========>..................] - ETA: 4s - loss: 2.2194 - accuracy: 0.2034
41/98 [===========>..................] - ETA: 4s - loss: 2.2188 - accuracy: 0.2036
42/98 [===========>..................] - ETA: 4s - loss: 2.2188 - accuracy: 0.2034
43/98 [============>.................] - ETA: 3s - loss: 2.2183 - accuracy: 0.2027
44/98 [============>.................] - ETA: 3s - loss: 2.2181 - accuracy: 0.2027
45/98 [============>.................] - ETA: 3s - loss: 2.2167 - accuracy: 0.2033
46/98 [=============>................] - ETA: 3s - loss: 2.2168 - accuracy: 0.2031
47/98 [=============>................] - ETA: 3s - loss: 2.2171 - accuracy: 0.2030
48/98 [=============>................] - ETA: 3s - loss: 2.2164 - accuracy: 0.2030
49/98 [==============>...............] - ETA: 3s - loss: 2.2161 - accuracy: 0.2027
50/98 [==============>...............] - ETA: 3s - loss: 2.2160 - accuracy: 0.2028
52/98 [==============>...............] - ETA: 3s - loss: 2.2169 - accuracy: 0.2023
53/98 [===============>..............] - ETA: 3s - loss: 2.2181 - accuracy: 0.2016
54/98 [===============>..............] - ETA: 3s - loss: 2.2165 - accuracy: 0.2020
55/98 [===============>..............] - ETA: 3s - loss: 2.2155 - accuracy: 0.2022
56/98 [================>.............] - ETA: 2s - loss: 2.2161 - accuracy: 0.2022
57/98 [================>.............] - ETA: 2s - loss: 2.2162 - accuracy: 0.2025
58/98 [================>.............] - ETA: 2s - loss: 2.2169 - accuracy: 0.2026
59/98 [=================>............] - ETA: 2s - loss: 2.2171 - accuracy: 0.2025
60/98 [=================>............] - ETA: 2s - loss: 2.2178 - accuracy: 0.2023
61/98 [=================>............] - ETA: 2s - loss: 2.2183 - accuracy: 0.2022
62/98 [=================>............] - ETA: 2s - loss: 2.2183 - accuracy: 0.2018
63/98 [==================>...........] - ETA: 2s - loss: 2.2191 - accuracy: 0.2017
64/98 [==================>...........] - ETA: 2s - loss: 2.2191 - accuracy: 0.2014
65/98 [==================>...........] - ETA: 2s - loss: 2.2198 - accuracy: 0.2013
66/98 [===================>..........] - ETA: 2s - loss: 2.2187 - accuracy: 0.2015
67/98 [===================>..........] - ETA: 2s - loss: 2.2190 - accuracy: 0.2014
68/98 [===================>..........] - ETA: 2s - loss: 2.2203 - accuracy: 0.2014
69/98 [====================>.........] - ETA: 2s - loss: 2.2206 - accuracy: 0.2016
70/98 [====================>.........] - ETA: 2s - loss: 2.2211 - accuracy: 0.2014
71/98 [====================>.........] - ETA: 1s - loss: 2.2205 - accuracy: 0.2018
72/98 [=====================>........] - ETA: 1s - loss: 2.2208 - accuracy: 0.2013
73/98 [=====================>........] - ETA: 1s - loss: 2.2212 - accuracy: 0.2007
74/98 [=====================>........] - ETA: 1s - loss: 2.2217 - accuracy: 0.2005
75/98 [=====================>........] - ETA: 1s - loss: 2.2213 - accuracy: 0.2009
76/98 [======================>.......] - ETA: 1s - loss: 2.2214 - accuracy: 0.2011
77/98 [======================>.......] - ETA: 1s - loss: 2.2215 - accuracy: 0.2014
78/98 [======================>.......] - ETA: 1s - loss: 2.2215 - accuracy: 0.2015
79/98 [=======================>......] - ETA: 1s - loss: 2.2217 - accuracy: 0.2013
80/98 [=======================>......] - ETA: 1s - loss: 2.2219 - accuracy: 0.2011
81/98 [=======================>......] - ETA: 1s - loss: 2.2216 - accuracy: 0.2011
82/98 [========================>.....] - ETA: 1s - loss: 2.2219 - accuracy: 0.2010
83/98 [========================>.....] - ETA: 1s - loss: 2.2219 - accuracy: 0.2009
84/98 [========================>.....] - ETA: 1s - loss: 2.2221 - accuracy: 0.2008
85/98 [=========================>....] - ETA: 0s - loss: 2.2216 - accuracy: 0.2008
86/98 [=========================>....] - ETA: 0s - loss: 2.2219 - accuracy: 0.2009
87/98 [=========================>....] - ETA: 0s - loss: 2.2221 - accuracy: 0.2007
88/98 [=========================>....] - ETA: 0s - loss: 2.2223 - accuracy: 0.2006
89/98 [==========================>...] - ETA: 0s - loss: 2.2227 - accuracy: 0.2004
90/98 [==========================>...] - ETA: 0s - loss: 2.2228 - accuracy: 0.2005
91/98 [==========================>...] - ETA: 0s - loss: 2.2233 - accuracy: 0.2004
92/98 [===========================>..] - ETA: 0s - loss: 2.2229 - accuracy: 0.2006
93/98 [===========================>..] - ETA: 0s - loss: 2.2235 - accuracy: 0.2003
94/98 [===========================>..] - ETA: 0s - loss: 2.2235 - accuracy: 0.2004
95/98 [============================>.] - ETA: 0s - loss: 2.2233 - accuracy: 0.2007
96/98 [============================>.] - ETA: 0s - loss: 2.2237 - accuracy: 0.2008
97/98 [============================>.] - ETA: 0s - loss: 2.2231 - accuracy: 0.2009
98/98 [==============================] - ETA: 0s - loss: 2.2230 - accuracy: 0.2007
98/98 [==============================] - 8s 83ms/step - loss: 2.2230 - accuracy: 0.2007 - val_loss: 2.2929 - val_accuracy: 0.1677
Epoch 4/196

 1/98 [..............................] - ETA: 9s - loss: 2.2019 - accuracy: 0.2051
 2/98 [..............................] - ETA: 5s - loss: 2.1857 - accuracy: 0.2109
 3/98 [..............................] - ETA: 6s - loss: 2.1800 - accuracy: 0.2188
 4/98 [>.............................] - ETA: 6s - loss: 2.1992 - accuracy: 0.2134
 5/98 [>.............................] - ETA: 6s - loss: 2.1894 - accuracy: 0.2125
 6/98 [>.............................] - ETA: 6s - loss: 2.1802 - accuracy: 0.2161
 7/98 [=>............................] - ETA: 6s - loss: 2.1937 - accuracy: 0.2129
 8/98 [=>............................] - ETA: 6s - loss: 2.2078 - accuracy: 0.2095
 9/98 [=>............................] - ETA: 6s - loss: 2.2023 - accuracy: 0.2114
10/98 [==>...........................] - ETA: 6s - loss: 2.1999 - accuracy: 0.2123
11/98 [==>...........................] - ETA: 6s - loss: 2.1994 - accuracy: 0.2132
12/98 [==>...........................] - ETA: 6s - loss: 2.1999 - accuracy: 0.2124
13/98 [==>...........................] - ETA: 6s - loss: 2.1941 - accuracy: 0.2129
14/98 [===>..........................] - ETA: 6s - loss: 2.1966 - accuracy: 0.2118
15/98 [===>..........................] - ETA: 5s - loss: 2.1938 - accuracy: 0.2126
16/98 [===>..........................] - ETA: 5s - loss: 2.1932 - accuracy: 0.2137
17/98 [====>.........................] - ETA: 5s - loss: 2.1964 - accuracy: 0.2135
18/98 [====>.........................] - ETA: 5s - loss: 2.1910 - accuracy: 0.2140
19/98 [====>.........................] - ETA: 5s - loss: 2.1905 - accuracy: 0.2142
20/98 [=====>........................] - ETA: 5s - loss: 2.1875 - accuracy: 0.2148
21/98 [=====>........................] - ETA: 5s - loss: 2.1867 - accuracy: 0.2148
22/98 [=====>........................] - ETA: 5s - loss: 2.1884 - accuracy: 0.2144
23/98 [======>.......................] - ETA: 5s - loss: 2.1845 - accuracy: 0.2164
24/98 [======>.......................] - ETA: 5s - loss: 2.1837 - accuracy: 0.2164
26/98 [======>.......................] - ETA: 5s - loss: 2.1812 - accuracy: 0.2169
28/98 [=======>......................] - ETA: 4s - loss: 2.1794 - accuracy: 0.2173
30/98 [========>.....................] - ETA: 4s - loss: 2.1791 - accuracy: 0.2163
32/98 [========>.....................] - ETA: 4s - loss: 2.1757 - accuracy: 0.2169
33/98 [=========>....................] - ETA: 4s - loss: 2.1756 - accuracy: 0.2169
35/98 [=========>....................] - ETA: 4s - loss: 2.1737 - accuracy: 0.2172
37/98 [==========>...................] - ETA: 3s - loss: 2.1734 - accuracy: 0.2178
39/98 [==========>...................] - ETA: 3s - loss: 2.1748 - accuracy: 0.2174
41/98 [===========>..................] - ETA: 3s - loss: 2.1743 - accuracy: 0.2171
42/98 [===========>..................] - ETA: 3s - loss: 2.1766 - accuracy: 0.2163
44/98 [============>.................] - ETA: 3s - loss: 2.1771 - accuracy: 0.2162
46/98 [=============>................] - ETA: 3s - loss: 2.1793 - accuracy: 0.2153
48/98 [=============>................] - ETA: 2s - loss: 2.1810 - accuracy: 0.2153
49/98 [==============>...............] - ETA: 2s - loss: 2.1804 - accuracy: 0.2161
51/98 [==============>...............] - ETA: 2s - loss: 2.1794 - accuracy: 0.2158
53/98 [===============>..............] - ETA: 2s - loss: 2.1758 - accuracy: 0.2159
55/98 [===============>..............] - ETA: 2s - loss: 2.1742 - accuracy: 0.2161
56/98 [================>.............] - ETA: 2s - loss: 2.1728 - accuracy: 0.2163
57/98 [================>.............] - ETA: 2s - loss: 2.1731 - accuracy: 0.2161
58/98 [================>.............] - ETA: 2s - loss: 2.1724 - accuracy: 0.2163
59/98 [=================>............] - ETA: 2s - loss: 2.1696 - accuracy: 0.2173
60/98 [=================>............] - ETA: 2s - loss: 2.1687 - accuracy: 0.2174
61/98 [=================>............] - ETA: 2s - loss: 2.1681 - accuracy: 0.2176
62/98 [=================>............] - ETA: 2s - loss: 2.1685 - accuracy: 0.2178
63/98 [==================>...........] - ETA: 2s - loss: 2.1681 - accuracy: 0.2180
64/98 [==================>...........] - ETA: 2s - loss: 2.1671 - accuracy: 0.2182
65/98 [==================>...........] - ETA: 1s - loss: 2.1683 - accuracy: 0.2179
66/98 [===================>..........] - ETA: 1s - loss: 2.1683 - accuracy: 0.2179
67/98 [===================>..........] - ETA: 1s - loss: 2.1691 - accuracy: 0.2178
68/98 [===================>..........] - ETA: 1s - loss: 2.1701 - accuracy: 0.2172
69/98 [====================>.........] - ETA: 1s - loss: 2.1698 - accuracy: 0.2173
70/98 [====================>.........] - ETA: 1s - loss: 2.1716 - accuracy: 0.2171
71/98 [====================>.........] - ETA: 1s - loss: 2.1714 - accuracy: 0.2172
72/98 [=====================>........] - ETA: 1s - loss: 2.1717 - accuracy: 0.2171
73/98 [=====================>........] - ETA: 1s - loss: 2.1725 - accuracy: 0.2168
74/98 [=====================>........] - ETA: 1s - loss: 2.1717 - accuracy: 0.2168
75/98 [=====================>........] - ETA: 1s - loss: 2.1724 - accuracy: 0.2169
76/98 [======================>.......] - ETA: 1s - loss: 2.1723 - accuracy: 0.2169
77/98 [======================>.......] - ETA: 1s - loss: 2.1709 - accuracy: 0.2170
78/98 [======================>.......] - ETA: 1s - loss: 2.1720 - accuracy: 0.2169
79/98 [=======================>......] - ETA: 1s - loss: 2.1718 - accuracy: 0.2170
80/98 [=======================>......] - ETA: 1s - loss: 2.1709 - accuracy: 0.2175
81/98 [=======================>......] - ETA: 1s - loss: 2.1716 - accuracy: 0.2176
82/98 [========================>.....] - ETA: 1s - loss: 2.1714 - accuracy: 0.2176
83/98 [========================>.....] - ETA: 0s - loss: 2.1716 - accuracy: 0.2177
84/98 [========================>.....] - ETA: 0s - loss: 2.1716 - accuracy: 0.2178
85/98 [=========================>....] - ETA: 0s - loss: 2.1714 - accuracy: 0.2177
86/98 [=========================>....] - ETA: 0s - loss: 2.1706 - accuracy: 0.2180
87/98 [=========================>....] - ETA: 0s - loss: 2.1712 - accuracy: 0.2179
88/98 [=========================>....] - ETA: 0s - loss: 2.1713 - accuracy: 0.2179
89/98 [==========================>...] - ETA: 0s - loss: 2.1707 - accuracy: 0.2180
90/98 [==========================>...] - ETA: 0s - loss: 2.1703 - accuracy: 0.2180
91/98 [==========================>...] - ETA: 0s - loss: 2.1697 - accuracy: 0.2183
92/98 [===========================>..] - ETA: 0s - loss: 2.1693 - accuracy: 0.2187
93/98 [===========================>..] - ETA: 0s - loss: 2.1690 - accuracy: 0.2189
94/98 [===========================>..] - ETA: 0s - loss: 2.1682 - accuracy: 0.2192
95/98 [============================>.] - ETA: 0s - loss: 2.1676 - accuracy: 0.2195
96/98 [============================>.] - ETA: 0s - loss: 2.1675 - accuracy: 0.2197
97/98 [============================>.] - ETA: 0s - loss: 2.1673 - accuracy: 0.2198
98/98 [==============================] - ETA: 0s - loss: 2.1664 - accuracy: 0.2198
98/98 [==============================] - 7s 75ms/step - loss: 2.1664 - accuracy: 0.2198 - val_loss: 2.1158 - val_accuracy: 0.2046
Epoch 5/196

 1/98 [..............................] - ETA: 7s - loss: 2.1382 - accuracy: 0.2012
 2/98 [..............................] - ETA: 7s - loss: 2.1527 - accuracy: 0.2002
 3/98 [..............................] - ETA: 7s - loss: 2.1464 - accuracy: 0.2135
 4/98 [>.............................] - ETA: 6s - loss: 2.1473 - accuracy: 0.2197
 5/98 [>.............................] - ETA: 6s - loss: 2.1436 - accuracy: 0.2191
 6/98 [>.............................] - ETA: 6s - loss: 2.1466 - accuracy: 0.2188
 7/98 [=>............................] - ETA: 6s - loss: 2.1538 - accuracy: 0.2115
 8/98 [=>............................] - ETA: 6s - loss: 2.1560 - accuracy: 0.2139
 9/98 [=>............................] - ETA: 6s - loss: 2.1526 - accuracy: 0.2166
10/98 [==>...........................] - ETA: 6s - loss: 2.1481 - accuracy: 0.2197
11/98 [==>...........................] - ETA: 6s - loss: 2.1510 - accuracy: 0.2196
12/98 [==>...........................] - ETA: 6s - loss: 2.1487 - accuracy: 0.2210
13/98 [==>...........................] - ETA: 6s - loss: 2.1520 - accuracy: 0.2197
14/98 [===>..........................] - ETA: 6s - loss: 2.1530 - accuracy: 0.2175
15/98 [===>..........................] - ETA: 6s - loss: 2.1468 - accuracy: 0.2203
16/98 [===>..........................] - ETA: 5s - loss: 2.1508 - accuracy: 0.2205
17/98 [====>.........................] - ETA: 5s - loss: 2.1524 - accuracy: 0.2188
18/98 [====>.........................] - ETA: 5s - loss: 2.1530 - accuracy: 0.2172
19/98 [====>.........................] - ETA: 5s - loss: 2.1536 - accuracy: 0.2178
20/98 [=====>........................] - ETA: 5s - loss: 2.1526 - accuracy: 0.2189
21/98 [=====>........................] - ETA: 5s - loss: 2.1499 - accuracy: 0.2202
22/98 [=====>........................] - ETA: 5s - loss: 2.1526 - accuracy: 0.2200
23/98 [======>.......................] - ETA: 5s - loss: 2.1507 - accuracy: 0.2214
24/98 [======>.......................] - ETA: 5s - loss: 2.1517 - accuracy: 0.2223
25/98 [======>.......................] - ETA: 5s - loss: 2.1575 - accuracy: 0.2198
26/98 [======>.......................] - ETA: 5s - loss: 2.1575 - accuracy: 0.2190
27/98 [=======>......................] - ETA: 5s - loss: 2.1574 - accuracy: 0.2185
28/98 [=======>......................] - ETA: 5s - loss: 2.1582 - accuracy: 0.2177
29/98 [=======>......................] - ETA: 4s - loss: 2.1600 - accuracy: 0.2177
30/98 [========>.....................] - ETA: 4s - loss: 2.1585 - accuracy: 0.2195
31/98 [========>.....................] - ETA: 4s - loss: 2.1594 - accuracy: 0.2208
32/98 [========>.....................] - ETA: 4s - loss: 2.1572 - accuracy: 0.2213
33/98 [=========>....................] - ETA: 4s - loss: 2.1555 - accuracy: 0.2218
34/98 [=========>....................] - ETA: 4s - loss: 2.1575 - accuracy: 0.2206
35/98 [=========>....................] - ETA: 4s - loss: 2.1562 - accuracy: 0.2211
36/98 [==========>...................] - ETA: 4s - loss: 2.1608 - accuracy: 0.2201
37/98 [==========>...................] - ETA: 4s - loss: 2.1605 - accuracy: 0.2209
38/98 [==========>...................] - ETA: 4s - loss: 2.1609 - accuracy: 0.2200
39/98 [==========>...................] - ETA: 4s - loss: 2.1613 - accuracy: 0.2199
40/98 [===========>..................] - ETA: 4s - loss: 2.1609 - accuracy: 0.2194
41/98 [===========>..................] - ETA: 4s - loss: 2.1588 - accuracy: 0.2197
42/98 [===========>..................] - ETA: 4s - loss: 2.1563 - accuracy: 0.2206
43/98 [============>.................] - ETA: 3s - loss: 2.1552 - accuracy: 0.2206
44/98 [============>.................] - ETA: 3s - loss: 2.1554 - accuracy: 0.2202
45/98 [============>.................] - ETA: 3s - loss: 2.1562 - accuracy: 0.2202
46/98 [=============>................] - ETA: 3s - loss: 2.1552 - accuracy: 0.2210
47/98 [=============>................] - ETA: 3s - loss: 2.1557 - accuracy: 0.2204
48/98 [=============>................] - ETA: 3s - loss: 2.1540 - accuracy: 0.2211
49/98 [==============>...............] - ETA: 3s - loss: 2.1524 - accuracy: 0.2215
50/98 [==============>...............] - ETA: 3s - loss: 2.1524 - accuracy: 0.2212
51/98 [==============>...............] - ETA: 3s - loss: 2.1534 - accuracy: 0.2207
52/98 [==============>...............] - ETA: 3s - loss: 2.1535 - accuracy: 0.2209
53/98 [===============>..............] - ETA: 3s - loss: 2.1525 - accuracy: 0.2209
54/98 [===============>..............] - ETA: 3s - loss: 2.1518 - accuracy: 0.2211
55/98 [===============>..............] - ETA: 3s - loss: 2.1519 - accuracy: 0.2209
56/98 [================>.............] - ETA: 3s - loss: 2.1524 - accuracy: 0.2204
57/98 [================>.............] - ETA: 2s - loss: 2.1514 - accuracy: 0.2204
58/98 [================>.............] - ETA: 2s - loss: 2.1525 - accuracy: 0.2202
59/98 [=================>............] - ETA: 2s - loss: 2.1538 - accuracy: 0.2195
60/98 [=================>............] - ETA: 2s - loss: 2.1533 - accuracy: 0.2200
61/98 [=================>............] - ETA: 2s - loss: 2.1552 - accuracy: 0.2193
62/98 [=================>............] - ETA: 2s - loss: 2.1561 - accuracy: 0.2193
63/98 [==================>...........] - ETA: 2s - loss: 2.1555 - accuracy: 0.2197
64/98 [==================>...........] - ETA: 2s - loss: 2.1565 - accuracy: 0.2196
65/98 [==================>...........] - ETA: 2s - loss: 2.1575 - accuracy: 0.2193
66/98 [===================>..........] - ETA: 2s - loss: 2.1574 - accuracy: 0.2197
68/98 [===================>..........] - ETA: 2s - loss: 2.1575 - accuracy: 0.2199
69/98 [====================>.........] - ETA: 2s - loss: 2.1583 - accuracy: 0.2201
70/98 [====================>.........] - ETA: 2s - loss: 2.1583 - accuracy: 0.2204
71/98 [====================>.........] - ETA: 1s - loss: 2.1590 - accuracy: 0.2207
72/98 [=====================>........] - ETA: 1s - loss: 2.1600 - accuracy: 0.2206
73/98 [=====================>........] - ETA: 1s - loss: 2.1606 - accuracy: 0.2204
