2024-06-26 05:48:02.653747: I tensorflow/core/platform/cpu_feature_guard.cc:193] This TensorFlow binary is optimized with oneAPI Deep Neural Network Library (oneDNN) to use the following CPU instructions in performance-critical operations:  AVX AVX2
To enable them in other operations, rebuild TensorFlow with the appropriate compiler flags.
2024-06-26 05:48:03.167111: I tensorflow/core/common_runtime/gpu/gpu_device.cc:1616] Created device /job:localhost/replica:0/task:0/device:GPU:0 with 6656 MB memory:  -> device: 0, name: NVIDIA GeForce RTX 4060 Ti, pci bus id: 0000:01:00.0, compute capability: 8.9
1 Physical GPUs, 1 Logical GPUs
Model: "sequential"
_________________________________________________________________
 Layer (type)                Output Shape              Param #   
=================================================================
 conv2d (Conv2D)             (None, 32, 32, 32)        896       
                                                                 
 batch_normalization (BatchN  (None, 32, 32, 32)       128       
 ormalization)                                                   
                                                                 
 conv2d_1 (Conv2D)           (None, 32, 32, 64)        18496     
                                                                 
 max_pooling2d (MaxPooling2D  (None, 16, 16, 64)       0         
 )                                                               
                                                                 
 batch_normalization_1 (Batc  (None, 16, 16, 64)       256       
 hNormalization)                                                 
                                                                 
 dropout (Dropout)           (None, 16, 16, 64)        0         
                                                                 
 flatten (Flatten)           (None, 16384)             0         
                                                                 
 dense (Dense)               (None, 52)                852020    
                                                                 
 dropout_1 (Dropout)         (None, 52)                0         
                                                                 
 dense_1 (Dense)             (None, 10)                530       
                                                                 
=================================================================
Total params: 872,326
Trainable params: 872,134
Non-trainable params: 192
_________________________________________________________________
Taxa de aprendizado:  0.1 Num de épocas:  196 Tamanho do lote:  512 Dropout:  0.12999
Epoch 1/196
2024-06-26 05:48:04.750633: I tensorflow/stream_executor/cuda/cuda_dnn.cc:384] Loaded cuDNN version 8100
2024-06-26 05:48:05.670744: W tensorflow/stream_executor/gpu/redzone_allocator.cc:314] INTERNAL: ptxas exited with non-zero error code -1, output: 
Relying on driver to perform ptx compilation. 
Modify $PATH to customize ptxas location.
This message will be only logged once.
2024-06-26 05:48:06.839144: I tensorflow/stream_executor/cuda/cuda_blas.cc:1614] TensorFloat-32 will be used for the matrix multiplication. This will only be logged once.

 1/98 [..............................] - ETA: 6:33 - loss: 2.7402 - accuracy: 0.1074
 2/98 [..............................] - ETA: 6s - loss: 3.3954 - accuracy: 0.1104  
 3/98 [..............................] - ETA: 5s - loss: 3.2417 - accuracy: 0.1185
 5/98 [>.............................] - ETA: 5s - loss: 3.0507 - accuracy: 0.1242
 6/98 [>.............................] - ETA: 5s - loss: 3.0280 - accuracy: 0.1224
 8/98 [=>............................] - ETA: 5s - loss: 2.9643 - accuracy: 0.1235
10/98 [==>...........................] - ETA: 5s - loss: 2.8942 - accuracy: 0.1301
12/98 [==>...........................] - ETA: 4s - loss: 2.8108 - accuracy: 0.1380
13/98 [==>...........................] - ETA: 4s - loss: 2.7710 - accuracy: 0.1415
14/98 [===>..........................] - ETA: 4s - loss: 2.7331 - accuracy: 0.1456
16/98 [===>..........................] - ETA: 4s - loss: 2.6788 - accuracy: 0.1527
18/98 [====>.........................] - ETA: 4s - loss: 2.6265 - accuracy: 0.1633
20/98 [=====>........................] - ETA: 4s - loss: 2.5805 - accuracy: 0.1721
21/98 [=====>........................] - ETA: 4s - loss: 2.5633 - accuracy: 0.1747
23/98 [======>.......................] - ETA: 4s - loss: 2.5307 - accuracy: 0.1813
24/98 [======>.......................] - ETA: 4s - loss: 2.5211 - accuracy: 0.1815
26/98 [======>.......................] - ETA: 4s - loss: 2.5010 - accuracy: 0.1846
28/98 [=======>......................] - ETA: 3s - loss: 2.4834 - accuracy: 0.1851
30/98 [========>.....................] - ETA: 3s - loss: 2.4655 - accuracy: 0.1862
32/98 [========>.....................] - ETA: 3s - loss: 2.4501 - accuracy: 0.1871
34/98 [=========>....................] - ETA: 3s - loss: 2.4353 - accuracy: 0.1892
36/98 [==========>...................] - ETA: 3s - loss: 2.4184 - accuracy: 0.1921
37/98 [==========>...................] - ETA: 3s - loss: 2.4142 - accuracy: 0.1933
39/98 [==========>...................] - ETA: 3s - loss: 2.4004 - accuracy: 0.1945
41/98 [===========>..................] - ETA: 3s - loss: 2.3848 - accuracy: 0.1973
43/98 [============>.................] - ETA: 3s - loss: 2.3728 - accuracy: 0.1994
44/98 [============>.................] - ETA: 3s - loss: 2.3681 - accuracy: 0.1998
46/98 [=============>................] - ETA: 3s - loss: 2.3561 - accuracy: 0.2015
47/98 [=============>................] - ETA: 3s - loss: 2.3494 - accuracy: 0.2025
48/98 [=============>................] - ETA: 2s - loss: 2.3445 - accuracy: 0.2032
49/98 [==============>...............] - ETA: 2s - loss: 2.3409 - accuracy: 0.2035
51/98 [==============>...............] - ETA: 2s - loss: 2.3322 - accuracy: 0.2049
53/98 [===============>..............] - ETA: 2s - loss: 2.3257 - accuracy: 0.2052
54/98 [===============>..............] - ETA: 2s - loss: 2.3221 - accuracy: 0.2054
56/98 [================>.............] - ETA: 2s - loss: 2.3156 - accuracy: 0.2060
58/98 [================>.............] - ETA: 2s - loss: 2.3088 - accuracy: 0.2069
60/98 [=================>............] - ETA: 2s - loss: 2.3035 - accuracy: 0.2071
62/98 [=================>............] - ETA: 2s - loss: 2.2976 - accuracy: 0.2077
63/98 [==================>...........] - ETA: 2s - loss: 2.2936 - accuracy: 0.2085
65/98 [==================>...........] - ETA: 1s - loss: 2.2882 - accuracy: 0.2095
67/98 [===================>..........] - ETA: 1s - loss: 2.2845 - accuracy: 0.2096
69/98 [====================>.........] - ETA: 1s - loss: 2.2826 - accuracy: 0.2091
70/98 [====================>.........] - ETA: 1s - loss: 2.2819 - accuracy: 0.2089
72/98 [=====================>........] - ETA: 1s - loss: 2.2804 - accuracy: 0.2087
73/98 [=====================>........] - ETA: 1s - loss: 2.2787 - accuracy: 0.2093
74/98 [=====================>........] - ETA: 1s - loss: 2.2781 - accuracy: 0.2091
75/98 [=====================>........] - ETA: 1s - loss: 2.2772 - accuracy: 0.2092
77/98 [======================>.......] - ETA: 1s - loss: 2.2740 - accuracy: 0.2097
79/98 [=======================>......] - ETA: 1s - loss: 2.2714 - accuracy: 0.2099
81/98 [=======================>......] - ETA: 0s - loss: 2.2694 - accuracy: 0.2100
82/98 [========================>.....] - ETA: 0s - loss: 2.2683 - accuracy: 0.2100
84/98 [========================>.....] - ETA: 0s - loss: 2.2669 - accuracy: 0.2098
86/98 [=========================>....] - ETA: 0s - loss: 2.2640 - accuracy: 0.2103
88/98 [=========================>....] - ETA: 0s - loss: 2.2631 - accuracy: 0.2101
89/98 [==========================>...] - ETA: 0s - loss: 2.2620 - accuracy: 0.2102
91/98 [==========================>...] - ETA: 0s - loss: 2.2599 - accuracy: 0.2101
93/98 [===========================>..] - ETA: 0s - loss: 2.2566 - accuracy: 0.2108
95/98 [============================>.] - ETA: 0s - loss: 2.2537 - accuracy: 0.2111
96/98 [============================>.] - ETA: 0s - loss: 2.2525 - accuracy: 0.2109
98/98 [==============================] - ETA: 0s - loss: 2.2493 - accuracy: 0.2113
98/98 [==============================] - 11s 67ms/step - loss: 2.2493 - accuracy: 0.2113 - val_loss: 2.2586 - val_accuracy: 0.1770
Epoch 2/196

 1/98 [..............................] - ETA: 6s - loss: 2.1390 - accuracy: 0.2383
 2/98 [..............................] - ETA: 6s - loss: 2.1058 - accuracy: 0.2422
 4/98 [>.............................] - ETA: 5s - loss: 2.1026 - accuracy: 0.2441
 6/98 [>.............................] - ETA: 5s - loss: 2.1091 - accuracy: 0.2432
 8/98 [=>............................] - ETA: 5s - loss: 2.1133 - accuracy: 0.2380
10/98 [==>...........................] - ETA: 4s - loss: 2.1066 - accuracy: 0.2387
11/98 [==>...........................] - ETA: 4s - loss: 2.1074 - accuracy: 0.2377
13/98 [==>...........................] - ETA: 4s - loss: 2.1063 - accuracy: 0.2351
14/98 [===>..........................] - ETA: 4s - loss: 2.1100 - accuracy: 0.2330
15/98 [===>..........................] - ETA: 4s - loss: 2.1101 - accuracy: 0.2323
17/98 [====>.........................] - ETA: 4s - loss: 2.1135 - accuracy: 0.2316
19/98 [====>.........................] - ETA: 4s - loss: 2.1086 - accuracy: 0.2332
20/98 [=====>........................] - ETA: 4s - loss: 2.1107 - accuracy: 0.2316
21/98 [=====>........................] - ETA: 4s - loss: 2.1067 - accuracy: 0.2334
22/98 [=====>........................] - ETA: 4s - loss: 2.1053 - accuracy: 0.2343
24/98 [======>.......................] - ETA: 4s - loss: 2.1067 - accuracy: 0.2334
26/98 [======>.......................] - ETA: 4s - loss: 2.1071 - accuracy: 0.2326
28/98 [=======>......................] - ETA: 3s - loss: 2.1101 - accuracy: 0.2319
30/98 [========>.....................] - ETA: 3s - loss: 2.1147 - accuracy: 0.2299
31/98 [========>.....................] - ETA: 3s - loss: 2.1135 - accuracy: 0.2301
33/98 [=========>....................] - ETA: 3s - loss: 2.1206 - accuracy: 0.2290
35/98 [=========>....................] - ETA: 3s - loss: 2.1236 - accuracy: 0.2275
36/98 [==========>...................] - ETA: 3s - loss: 2.1264 - accuracy: 0.2256
38/98 [==========>...................] - ETA: 3s - loss: 2.1275 - accuracy: 0.2249
40/98 [===========>..................] - ETA: 3s - loss: 2.1285 - accuracy: 0.2252
41/98 [===========>..................] - ETA: 3s - loss: 2.1298 - accuracy: 0.2241
43/98 [============>.................] - ETA: 3s - loss: 2.1317 - accuracy: 0.2233
45/98 [============>.................] - ETA: 2s - loss: 2.1353 - accuracy: 0.2226
47/98 [=============>................] - ETA: 2s - loss: 2.1373 - accuracy: 0.2215
48/98 [=============>................] - ETA: 2s - loss: 2.1385 - accuracy: 0.2209
50/98 [==============>...............] - ETA: 2s - loss: 2.1406 - accuracy: 0.2212
52/98 [==============>...............] - ETA: 2s - loss: 2.1403 - accuracy: 0.2206
53/98 [===============>..............] - ETA: 2s - loss: 2.1431 - accuracy: 0.2196
54/98 [===============>..............] - ETA: 2s - loss: 2.1431 - accuracy: 0.2201
55/98 [===============>..............] - ETA: 2s - loss: 2.1440 - accuracy: 0.2198
57/98 [================>.............] - ETA: 2s - loss: 2.1451 - accuracy: 0.2197
59/98 [=================>............] - ETA: 2s - loss: 2.1473 - accuracy: 0.2185
60/98 [=================>............] - ETA: 2s - loss: 2.1491 - accuracy: 0.2181
62/98 [=================>............] - ETA: 2s - loss: 2.1495 - accuracy: 0.2175
64/98 [==================>...........] - ETA: 1s - loss: 2.1520 - accuracy: 0.2164
66/98 [===================>..........] - ETA: 1s - loss: 2.1527 - accuracy: 0.2168
68/98 [===================>..........] - ETA: 1s - loss: 2.1532 - accuracy: 0.2163
70/98 [====================>.........] - ETA: 1s - loss: 2.1550 - accuracy: 0.2158
72/98 [=====================>........] - ETA: 1s - loss: 2.1557 - accuracy: 0.2163
74/98 [=====================>........] - ETA: 1s - loss: 2.1567 - accuracy: 0.2161
76/98 [======================>.......] - ETA: 1s - loss: 2.1568 - accuracy: 0.2158
78/98 [======================>.......] - ETA: 1s - loss: 2.1578 - accuracy: 0.2159
80/98 [=======================>......] - ETA: 0s - loss: 2.1577 - accuracy: 0.2153
82/98 [========================>.....] - ETA: 0s - loss: 2.1582 - accuracy: 0.2146
84/98 [========================>.....] - ETA: 0s - loss: 2.1599 - accuracy: 0.2140
86/98 [=========================>....] - ETA: 0s - loss: 2.1622 - accuracy: 0.2134
88/98 [=========================>....] - ETA: 0s - loss: 2.1636 - accuracy: 0.2132
90/98 [==========================>...] - ETA: 0s - loss: 2.1646 - accuracy: 0.2132
91/98 [==========================>...] - ETA: 0s - loss: 2.1653 - accuracy: 0.2129
93/98 [===========================>..] - ETA: 0s - loss: 2.1658 - accuracy: 0.2126
95/98 [============================>.] - ETA: 0s - loss: 2.1672 - accuracy: 0.2120
97/98 [============================>.] - ETA: 0s - loss: 2.1688 - accuracy: 0.2117
98/98 [==============================] - ETA: 0s - loss: 2.1688 - accuracy: 0.2116
98/98 [==============================] - 6s 61ms/step - loss: 2.1688 - accuracy: 0.2116 - val_loss: 2.6046 - val_accuracy: 0.1295
Epoch 3/196

 1/98 [..............................] - ETA: 7s - loss: 2.2698 - accuracy: 0.1953
 2/98 [..............................] - ETA: 6s - loss: 2.2587 - accuracy: 0.1973
 4/98 [>.............................] - ETA: 5s - loss: 2.2362 - accuracy: 0.2012
 6/98 [>.............................] - ETA: 5s - loss: 2.2395 - accuracy: 0.2028
 8/98 [=>............................] - ETA: 5s - loss: 2.2431 - accuracy: 0.2039
10/98 [==>...........................] - ETA: 4s - loss: 2.2391 - accuracy: 0.1998
12/98 [==>...........................] - ETA: 4s - loss: 2.2258 - accuracy: 0.2015
14/98 [===>..........................] - ETA: 4s - loss: 2.2128 - accuracy: 0.2038
15/98 [===>..........................] - ETA: 4s - loss: 2.2088 - accuracy: 0.2043
17/98 [====>.........................] - ETA: 4s - loss: 2.2041 - accuracy: 0.2058
19/98 [====>.........................] - ETA: 4s - loss: 2.1996 - accuracy: 0.2070
21/98 [=====>........................] - ETA: 4s - loss: 2.1952 - accuracy: 0.2068
23/98 [======>.......................] - ETA: 4s - loss: 2.1897 - accuracy: 0.2096
24/98 [======>.......................] - ETA: 4s - loss: 2.1899 - accuracy: 0.2094
26/98 [======>.......................] - ETA: 4s - loss: 2.1877 - accuracy: 0.2085
28/98 [=======>......................] - ETA: 3s - loss: 2.1894 - accuracy: 0.2080
30/98 [========>.....................] - ETA: 3s - loss: 2.1898 - accuracy: 0.2075
32/98 [========>.....................] - ETA: 3s - loss: 2.1934 - accuracy: 0.2072
34/98 [=========>....................] - ETA: 3s - loss: 2.1984 - accuracy: 0.2058
36/98 [==========>...................] - ETA: 3s - loss: 2.2026 - accuracy: 0.2055
38/98 [==========>...................] - ETA: 3s - loss: 2.2072 - accuracy: 0.2039
40/98 [===========>..................] - ETA: 2s - loss: 2.2098 - accuracy: 0.2021
42/98 [===========>..................] - ETA: 2s - loss: 2.2119 - accuracy: 0.2017
44/98 [============>.................] - ETA: 2s - loss: 2.2151 - accuracy: 0.2001
46/98 [=============>................] - ETA: 2s - loss: 2.2147 - accuracy: 0.1995
48/98 [=============>................] - ETA: 2s - loss: 2.2145 - accuracy: 0.1994
50/98 [==============>...............] - ETA: 2s - loss: 2.2178 - accuracy: 0.1977
52/98 [==============>...............] - ETA: 2s - loss: 2.2217 - accuracy: 0.1972
54/98 [===============>..............] - ETA: 2s - loss: 2.2251 - accuracy: 0.1959
55/98 [===============>..............] - ETA: 2s - loss: 2.2258 - accuracy: 0.1951
57/98 [================>.............] - ETA: 1s - loss: 2.2253 - accuracy: 0.1954
58/98 [================>.............] - ETA: 1s - loss: 2.2250 - accuracy: 0.1955
60/98 [=================>............] - ETA: 1s - loss: 2.2251 - accuracy: 0.1954
62/98 [=================>............] - ETA: 1s - loss: 2.2235 - accuracy: 0.1959
64/98 [==================>...........] - ETA: 1s - loss: 2.2237 - accuracy: 0.1960
66/98 [===================>..........] - ETA: 1s - loss: 2.2231 - accuracy: 0.1962
67/98 [===================>..........] - ETA: 1s - loss: 2.2234 - accuracy: 0.1959
69/98 [====================>.........] - ETA: 1s - loss: 2.2230 - accuracy: 0.1966
71/98 [====================>.........] - ETA: 1s - loss: 2.2221 - accuracy: 0.1971
73/98 [=====================>........] - ETA: 1s - loss: 2.2200 - accuracy: 0.1979
74/98 [=====================>........] - ETA: 1s - loss: 2.2194 - accuracy: 0.1981
76/98 [======================>.......] - ETA: 1s - loss: 2.2181 - accuracy: 0.1990
78/98 [======================>.......] - ETA: 1s - loss: 2.2185 - accuracy: 0.1992
79/98 [=======================>......] - ETA: 0s - loss: 2.2185 - accuracy: 0.1994
81/98 [=======================>......] - ETA: 0s - loss: 2.2173 - accuracy: 0.2001
83/98 [========================>.....] - ETA: 0s - loss: 2.2157 - accuracy: 0.2001
85/98 [=========================>....] - ETA: 0s - loss: 2.2158 - accuracy: 0.1999
86/98 [=========================>....] - ETA: 0s - loss: 2.2144 - accuracy: 0.2002
88/98 [=========================>....] - ETA: 0s - loss: 2.2148 - accuracy: 0.2008
89/98 [==========================>...] - ETA: 0s - loss: 2.2137 - accuracy: 0.2007
91/98 [==========================>...] - ETA: 0s - loss: 2.2144 - accuracy: 0.2006
92/98 [===========================>..] - ETA: 0s - loss: 2.2137 - accuracy: 0.2008
94/98 [===========================>..] - ETA: 0s - loss: 2.2124 - accuracy: 0.2015
96/98 [============================>.] - ETA: 0s - loss: 2.2106 - accuracy: 0.2019
98/98 [==============================] - ETA: 0s - loss: 2.2101 - accuracy: 0.2016
98/98 [==============================] - 6s 60ms/step - loss: 2.2101 - accuracy: 0.2016 - val_loss: 2.7136 - val_accuracy: 0.1219
Epoch 4/196

 1/98 [..............................] - ETA: 4s - loss: 2.1475 - accuracy: 0.2246
 3/98 [..............................] - ETA: 4s - loss: 2.1416 - accuracy: 0.2207
 5/98 [>.............................] - ETA: 3s - loss: 2.1485 - accuracy: 0.2125
 7/98 [=>............................] - ETA: 3s - loss: 2.1515 - accuracy: 0.2095
 9/98 [=>............................] - ETA: 3s - loss: 2.1554 - accuracy: 0.2092
11/98 [==>...........................] - ETA: 3s - loss: 2.1538 - accuracy: 0.2124
13/98 [==>...........................] - ETA: 3s - loss: 2.1534 - accuracy: 0.2105
15/98 [===>..........................] - ETA: 3s - loss: 2.1655 - accuracy: 0.2096
17/98 [====>.........................] - ETA: 3s - loss: 2.1680 - accuracy: 0.2097
19/98 [====>.........................] - ETA: 3s - loss: 2.1676 - accuracy: 0.2111
21/98 [=====>........................] - ETA: 3s - loss: 2.1672 - accuracy: 0.2129
23/98 [======>.......................] - ETA: 3s - loss: 2.1636 - accuracy: 0.2137
24/98 [======>.......................] - ETA: 3s - loss: 2.1629 - accuracy: 0.2148
26/98 [======>.......................] - ETA: 3s - loss: 2.1633 - accuracy: 0.2146
28/98 [=======>......................] - ETA: 3s - loss: 2.1570 - accuracy: 0.2171
30/98 [========>.....................] - ETA: 3s - loss: 2.1547 - accuracy: 0.2169
31/98 [========>.....................] - ETA: 3s - loss: 2.1519 - accuracy: 0.2182
33/98 [=========>....................] - ETA: 3s - loss: 2.1527 - accuracy: 0.2183
35/98 [=========>....................] - ETA: 3s - loss: 2.1508 - accuracy: 0.2192
37/98 [==========>...................] - ETA: 2s - loss: 2.1502 - accuracy: 0.2182
39/98 [==========>...................] - ETA: 2s - loss: 2.1478 - accuracy: 0.2184
40/98 [===========>..................] - ETA: 2s - loss: 2.1490 - accuracy: 0.2179
42/98 [===========>..................] - ETA: 2s - loss: 2.1474 - accuracy: 0.2180
44/98 [============>.................] - ETA: 2s - loss: 2.1503 - accuracy: 0.2182
46/98 [=============>................] - ETA: 2s - loss: 2.1497 - accuracy: 0.2179
47/98 [=============>................] - ETA: 2s - loss: 2.1482 - accuracy: 0.2191
49/98 [==============>...............] - ETA: 2s - loss: 2.1450 - accuracy: 0.2201
51/98 [==============>...............] - ETA: 2s - loss: 2.1449 - accuracy: 0.2202
52/98 [==============>...............] - ETA: 2s - loss: 2.1446 - accuracy: 0.2207
54/98 [===============>..............] - ETA: 2s - loss: 2.1455 - accuracy: 0.2203
56/98 [================>.............] - ETA: 2s - loss: 2.1470 - accuracy: 0.2196
58/98 [================>.............] - ETA: 2s - loss: 2.1494 - accuracy: 0.2208
59/98 [=================>............] - ETA: 2s - loss: 2.1496 - accuracy: 0.2210
61/98 [=================>............] - ETA: 1s - loss: 2.1512 - accuracy: 0.2203
63/98 [==================>...........] - ETA: 1s - loss: 2.1504 - accuracy: 0.2200
64/98 [==================>...........] - ETA: 1s - loss: 2.1502 - accuracy: 0.2204
66/98 [===================>..........] - ETA: 1s - loss: 2.1534 - accuracy: 0.2204
68/98 [===================>..........] - ETA: 1s - loss: 2.1506 - accuracy: 0.2214
70/98 [====================>.........] - ETA: 1s - loss: 2.1503 - accuracy: 0.2210
71/98 [====================>.........] - ETA: 1s - loss: 2.1501 - accuracy: 0.2212
72/98 [=====================>........] - ETA: 1s - loss: 2.1507 - accuracy: 0.2216
73/98 [=====================>........] - ETA: 1s - loss: 2.1489 - accuracy: 0.2220
75/98 [=====================>........] - ETA: 1s - loss: 2.1470 - accuracy: 0.2225
77/98 [======================>.......] - ETA: 1s - loss: 2.1466 - accuracy: 0.2230
79/98 [=======================>......] - ETA: 0s - loss: 2.1464 - accuracy: 0.2237
80/98 [=======================>......] - ETA: 0s - loss: 2.1467 - accuracy: 0.2238
82/98 [========================>.....] - ETA: 0s - loss: 2.1466 - accuracy: 0.2239
84/98 [========================>.....] - ETA: 0s - loss: 2.1463 - accuracy: 0.2238
86/98 [=========================>....] - ETA: 0s - loss: 2.1490 - accuracy: 0.2233
88/98 [=========================>....] - ETA: 0s - loss: 2.1521 - accuracy: 0.2233
90/98 [==========================>...] - ETA: 0s - loss: 2.1526 - accuracy: 0.2228
92/98 [===========================>..] - ETA: 0s - loss: 2.1535 - accuracy: 0.2229
94/98 [===========================>..] - ETA: 0s - loss: 2.1535 - accuracy: 0.2228
96/98 [============================>.] - ETA: 0s - loss: 2.1545 - accuracy: 0.2226
98/98 [==============================] - ETA: 0s - loss: 2.1552 - accuracy: 0.2225
98/98 [==============================] - 6s 58ms/step - loss: 2.1552 - accuracy: 0.2225 - val_loss: 2.5406 - val_accuracy: 0.1144
Epoch 5/196

 1/98 [..............................] - ETA: 6s - loss: 2.1820 - accuracy: 0.2344
 2/98 [..............................] - ETA: 6s - loss: 2.1329 - accuracy: 0.2432
 4/98 [>.............................] - ETA: 5s - loss: 2.1530 - accuracy: 0.2319
 5/98 [>.............................] - ETA: 5s - loss: 2.1407 - accuracy: 0.2363
 7/98 [=>............................] - ETA: 5s - loss: 2.1400 - accuracy: 0.2377
 9/98 [=>............................] - ETA: 5s - loss: 2.1382 - accuracy: 0.2335
11/98 [==>...........................] - ETA: 4s - loss: 2.1439 - accuracy: 0.2326
12/98 [==>...........................] - ETA: 4s - loss: 2.1503 - accuracy: 0.2295
14/98 [===>..........................] - ETA: 4s - loss: 2.1569 - accuracy: 0.2246
16/98 [===>..........................] - ETA: 4s - loss: 2.1623 - accuracy: 0.2198
17/98 [====>.........................] - ETA: 4s - loss: 2.1593 - accuracy: 0.2205
19/98 [====>.........................] - ETA: 4s - loss: 2.1658 - accuracy: 0.2194
21/98 [=====>........................] - ETA: 4s - loss: 2.1696 - accuracy: 0.2174
22/98 [=====>........................] - ETA: 4s - loss: 2.1697 - accuracy: 0.2168
24/98 [======>.......................] - ETA: 4s - loss: 2.1708 - accuracy: 0.2163
26/98 [======>.......................] - ETA: 4s - loss: 2.1719 - accuracy: 0.2169
28/98 [=======>......................] - ETA: 3s - loss: 2.1746 - accuracy: 0.2163
30/98 [========>.....................] - ETA: 3s - loss: 2.1745 - accuracy: 0.2158
32/98 [========>.....................] - ETA: 3s - loss: 2.1760 - accuracy: 0.2125
33/98 [=========>....................] - ETA: 3s - loss: 2.1757 - accuracy: 0.2120
35/98 [=========>....................] - ETA: 3s - loss: 2.1717 - accuracy: 0.2117
37/98 [==========>...................] - ETA: 3s - loss: 2.1703 - accuracy: 0.2123
39/98 [==========>...................] - ETA: 3s - loss: 2.1666 - accuracy: 0.2126
40/98 [===========>..................] - ETA: 3s - loss: 2.1658 - accuracy: 0.2122
42/98 [===========>..................] - ETA: 3s - loss: 2.1659 - accuracy: 0.2123
43/98 [============>.................] - ETA: 3s - loss: 2.1675 - accuracy: 0.2122
45/98 [============>.................] - ETA: 2s - loss: 2.1651 - accuracy: 0.2129
47/98 [=============>................] - ETA: 2s - loss: 2.1672 - accuracy: 0.2122
49/98 [==============>...............] - ETA: 2s - loss: 2.1674 - accuracy: 0.2129
50/98 [==============>...............] - ETA: 2s - loss: 2.1674 - accuracy: 0.2134
52/98 [==============>...............] - ETA: 2s - loss: 2.1668 - accuracy: 0.2137
54/98 [===============>..............] - ETA: 2s - loss: 2.1687 - accuracy: 0.2136
56/98 [================>.............] - ETA: 2s - loss: 2.1690 - accuracy: 0.2142
58/98 [================>.............] - ETA: 2s - loss: 2.1692 - accuracy: 0.2140
60/98 [=================>............] - ETA: 2s - loss: 2.1688 - accuracy: 0.2137
62/98 [=================>............] - ETA: 1s - loss: 2.1711 - accuracy: 0.2138
64/98 [==================>...........] - ETA: 1s - loss: 2.1719 - accuracy: 0.2134
66/98 [===================>..........] - ETA: 1s - loss: 2.1713 - accuracy: 0.2137
68/98 [===================>..........] - ETA: 1s - loss: 2.1716 - accuracy: 0.2135
70/98 [====================>.........] - ETA: 1s - loss: 2.1719 - accuracy: 0.2134
72/98 [=====================>........] - ETA: 1s - loss: 2.1707 - accuracy: 0.2138
74/98 [=====================>........] - ETA: 1s - loss: 2.1710 - accuracy: 0.2141
76/98 [======================>.......] - ETA: 1s - loss: 2.1718 - accuracy: 0.2144
78/98 [======================>.......] - ETA: 1s - loss: 2.1711 - accuracy: 0.2149
80/98 [=======================>......] - ETA: 0s - loss: 2.1711 - accuracy: 0.2148
82/98 [========================>.....] - ETA: 0s - loss: 2.1713 - accuracy: 0.2151
83/98 [========================>.....] - ETA: 0s - loss: 2.1706 - accuracy: 0.2154
85/98 [=========================>....] - ETA: 0s - loss: 2.1695 - accuracy: 0.2161
87/98 [=========================>....] - ETA: 0s - loss: 2.1697 - accuracy: 0.2166
88/98 [=========================>....] - ETA: 0s - loss: 2.1690 - accuracy: 0.2168
90/98 [==========================>...] - ETA: 0s - loss: 2.1690 - accuracy: 0.2170
92/98 [===========================>..] - ETA: 0s - loss: 2.1679 - accuracy: 0.2173
93/98 [===========================>..] - ETA: 0s - loss: 2.1678 - accuracy: 0.2175
95/98 [============================>.] - ETA: 0s - loss: 2.1667 - accuracy: 0.2177
97/98 [============================>.] - ETA: 0s - loss: 2.1664 - accuracy: 0.2179
98/98 [==============================] - ETA: 0s - loss: 2.1657 - accuracy: 0.2181
98/98 [==============================] - 6s 61ms/step - loss: 2.1657 - accuracy: 0.2181 - val_loss: 2.4874 - val_accuracy: 0.1671
Epoch 6/196

 1/98 [..............................] - ETA: 7s - loss: 2.1391 - accuracy: 0.2109
 2/98 [..............................] - ETA: 5s - loss: 2.1604 - accuracy: 0.2158
 4/98 [>.............................] - ETA: 5s - loss: 2.1429 - accuracy: 0.2310
 5/98 [>.............................] - ETA: 5s - loss: 2.1359 - accuracy: 0.2309
 7/98 [=>............................] - ETA: 5s - loss: 2.1365 - accuracy: 0.2288
 9/98 [=>............................] - ETA: 5s - loss: 2.1347 - accuracy: 0.2270
11/98 [==>...........................] - ETA: 4s - loss: 2.1403 - accuracy: 0.2264
12/98 [==>...........................] - ETA: 4s - loss: 2.1420 - accuracy: 0.2275
14/98 [===>..........................] - ETA: 4s - loss: 2.1382 - accuracy: 0.2296
16/98 [===>..........................] - ETA: 4s - loss: 2.1401 - accuracy: 0.2284
18/98 [====>.........................] - ETA: 4s - loss: 2.1462 - accuracy: 0.2268
20/98 [=====>........................] - ETA: 4s - loss: 2.1459 - accuracy: 0.2289
22/98 [=====>........................] - ETA: 3s - loss: 2.1455 - accuracy: 0.2275
24/98 [======>.......................] - ETA: 3s - loss: 2.1456 - accuracy: 0.2271
26/98 [======>.......................] - ETA: 3s - loss: 2.1503 - accuracy: 0.2259
28/98 [=======>......................] - ETA: 3s - loss: 2.1488 - accuracy: 0.2263
30/98 [========>.....................] - ETA: 3s - loss: 2.1482 - accuracy: 0.2279
32/98 [========>.....................] - ETA: 3s - loss: 2.1505 - accuracy: 0.2269
34/98 [=========>....................] - ETA: 3s - loss: 2.1476 - accuracy: 0.2280
36/98 [==========>...................] - ETA: 2s - loss: 2.1474 - accuracy: 0.2291
38/98 [==========>...................] - ETA: 2s - loss: 2.1457 - accuracy: 0.2297
40/98 [===========>..................] - ETA: 2s - loss: 2.1472 - accuracy: 0.2286
42/98 [===========>..................] - ETA: 2s - loss: 2.1497 - accuracy: 0.2277
44/98 [============>.................] - ETA: 2s - loss: 2.1494 - accuracy: 0.2271
45/98 [============>.................] - ETA: 2s - loss: 2.1488 - accuracy: 0.2271
47/98 [=============>................] - ETA: 2s - loss: 2.1509 - accuracy: 0.2266
49/98 [==============>...............] - ETA: 2s - loss: 2.1526 - accuracy: 0.2258
51/98 [==============>...............] - ETA: 2s - loss: 2.1520 - accuracy: 0.2267
52/98 [==============>...............] - ETA: 2s - loss: 2.1526 - accuracy: 0.2269
54/98 [===============>..............] - ETA: 2s - loss: 2.1530 - accuracy: 0.2259
56/98 [================>.............] - ETA: 2s - loss: 2.1534 - accuracy: 0.2255
57/98 [================>.............] - ETA: 2s - loss: 2.1540 - accuracy: 0.2254
59/98 [=================>............] - ETA: 1s - loss: 2.1522 - accuracy: 0.2264
60/98 [=================>............] - ETA: 1s - loss: 2.1520 - accuracy: 0.2262
61/98 [=================>............] - ETA: 1s - loss: 2.1528 - accuracy: 0.2256
63/98 [==================>...........] - ETA: 1s - loss: 2.1524 - accuracy: 0.2253
65/98 [==================>...........] - ETA: 1s - loss: 2.1524 - accuracy: 0.2254
66/98 [===================>..........] - ETA: 1s - loss: 2.1522 - accuracy: 0.2256
68/98 [===================>..........] - ETA: 1s - loss: 2.1518 - accuracy: 0.2256
70/98 [====================>.........] - ETA: 1s - loss: 2.1527 - accuracy: 0.2248
71/98 [====================>.........] - ETA: 1s - loss: 2.1533 - accuracy: 0.2246
73/98 [=====================>........] - ETA: 1s - loss: 2.1531 - accuracy: 0.2252
75/98 [=====================>........] - ETA: 1s - loss: 2.1532 - accuracy: 0.2253
76/98 [======================>.......] - ETA: 1s - loss: 2.1530 - accuracy: 0.2254
78/98 [======================>.......] - ETA: 1s - loss: 2.1524 - accuracy: 0.2262
80/98 [=======================>......] - ETA: 0s - loss: 2.1526 - accuracy: 0.2262
81/98 [=======================>......] - ETA: 0s - loss: 2.1527 - accuracy: 0.2261
83/98 [========================>.....] - ETA: 0s - loss: 2.1519 - accuracy: 0.2261
84/98 [========================>.....] - ETA: 0s - loss: 2.1509 - accuracy: 0.2263
86/98 [=========================>....] - ETA: 0s - loss: 2.1507 - accuracy: 0.2258
88/98 [=========================>....] - ETA: 0s - loss: 2.1506 - accuracy: 0.2256
89/98 [==========================>...] - ETA: 0s - loss: 2.1504 - accuracy: 0.2258
91/98 [==========================>...] - ETA: 0s - loss: 2.1501 - accuracy: 0.2253
93/98 [===========================>..] - ETA: 0s - loss: 2.1496 - accuracy: 0.2251
95/98 [============================>.] - ETA: 0s - loss: 2.1496 - accuracy: 0.2250
96/98 [============================>.] - ETA: 0s - loss: 2.1504 - accuracy: 0.2246
98/98 [==============================] - ETA: 0s - loss: 2.1489 - accuracy: 0.2250
98/98 [==============================] - 6s 59ms/step - loss: 2.1489 - accuracy: 0.2250 - val_loss: 2.1621 - val_accuracy: 0.2278
Epoch 7/196

 1/98 [..............................] - ETA: 6s - loss: 2.1351 - accuracy: 0.2051
 3/98 [..............................] - ETA: 3s - loss: 2.1071 - accuracy: 0.2331
 5/98 [>.............................] - ETA: 3s - loss: 2.1147 - accuracy: 0.2316
 7/98 [=>............................] - ETA: 3s - loss: 2.1208 - accuracy: 0.2302
 9/98 [=>............................] - ETA: 3s - loss: 2.1302 - accuracy: 0.2292
10/98 [==>...........................] - ETA: 3s - loss: 2.1304 - accuracy: 0.2305
12/98 [==>...........................] - ETA: 3s - loss: 2.1293 - accuracy: 0.2319
14/98 [===>..........................] - ETA: 3s - loss: 2.1166 - accuracy: 0.2369
15/98 [===>..........................] - ETA: 3s - loss: 2.1155 - accuracy: 0.2376
17/98 [====>.........................] - ETA: 3s - loss: 2.1141 - accuracy: 0.2381
19/98 [====>.........................] - ETA: 3s - loss: 2.1100 - accuracy: 0.2389
21/98 [=====>........................] - ETA: 3s - loss: 2.1030 - accuracy: 0.2422
23/98 [======>.......................] - ETA: 3s - loss: 2.1025 - accuracy: 0.2435
24/98 [======>.......................] - ETA: 3s - loss: 2.1025 - accuracy: 0.2425
26/98 [======>.......................] - ETA: 3s - loss: 2.1011 - accuracy: 0.2411
28/98 [=======>......................] - ETA: 3s - loss: 2.1030 - accuracy: 0.2403
30/98 [========>.....................] - ETA: 3s - loss: 2.1051 - accuracy: 0.2392
32/98 [========>.....................] - ETA: 3s - loss: 2.1015 - accuracy: 0.2391
33/98 [=========>....................] - ETA: 3s - loss: 2.1005 - accuracy: 0.2393
35/98 [=========>....................] - ETA: 3s - loss: 2.0976 - accuracy: 0.2403
37/98 [==========>...................] - ETA: 3s - loss: 2.0969 - accuracy: 0.2390
38/98 [==========>...................] - ETA: 3s - loss: 2.0973 - accuracy: 0.2391
40/98 [===========>..................] - ETA: 3s - loss: 2.0993 - accuracy: 0.2393
42/98 [===========>..................] - ETA: 2s - loss: 2.1002 - accuracy: 0.2391
43/98 [============>.................] - ETA: 2s - loss: 2.1008 - accuracy: 0.2390
45/98 [============>.................] - ETA: 2s - loss: 2.1025 - accuracy: 0.2381
47/98 [=============>................] - ETA: 2s - loss: 2.1040 - accuracy: 0.2378
48/98 [=============>................] - ETA: 2s - loss: 2.1026 - accuracy: 0.2382
50/98 [==============>...............] - ETA: 2s - loss: 2.1031 - accuracy: 0.2383
52/98 [==============>...............] - ETA: 2s - loss: 2.1044 - accuracy: 0.2379
54/98 [===============>..............] - ETA: 2s - loss: 2.1031 - accuracy: 0.2384
55/98 [===============>..............] - ETA: 2s - loss: 2.1032 - accuracy: 0.2388
57/98 [================>.............] - ETA: 2s - loss: 2.1035 - accuracy: 0.2393
59/98 [=================>............] - ETA: 2s - loss: 2.1046 - accuracy: 0.2389
60/98 [=================>............] - ETA: 2s - loss: 2.1068 - accuracy: 0.2381
62/98 [=================>............] - ETA: 1s - loss: 2.1078 - accuracy: 0.2377
64/98 [==================>...........] - ETA: 1s - loss: 2.1084 - accuracy: 0.2382
66/98 [===================>..........] - ETA: 1s - loss: 2.1100 - accuracy: 0.2384
68/98 [===================>..........] - ETA: 1s - loss: 2.1105 - accuracy: 0.2384
69/98 [====================>.........] - ETA: 1s - loss: 2.1115 - accuracy: 0.2379
71/98 [====================>.........] - ETA: 1s - loss: 2.1123 - accuracy: 0.2375
73/98 [=====================>........] - ETA: 1s - loss: 2.1124 - accuracy: 0.2374
75/98 [=====================>........] - ETA: 1s - loss: 2.1138 - accuracy: 0.2370
77/98 [======================>.......] - ETA: 1s - loss: 2.1152 - accuracy: 0.2367
79/98 [=======================>......] - ETA: 1s - loss: 2.1162 - accuracy: 0.2365
81/98 [=======================>......] - ETA: 0s - loss: 2.1170 - accuracy: 0.2357
83/98 [========================>.....] - ETA: 0s - loss: 2.1168 - accuracy: 0.2357
85/98 [=========================>....] - ETA: 0s - loss: 2.1172 - accuracy: 0.2351
87/98 [=========================>....] - ETA: 0s - loss: 2.1172 - accuracy: 0.2350
89/98 [==========================>...] - ETA: 0s - loss: 2.1180 - accuracy: 0.2352
91/98 [==========================>...] - ETA: 0s - loss: 2.1175 - accuracy: 0.2355
93/98 [===========================>..] - ETA: 0s - loss: 2.1179 - accuracy: 0.2358
95/98 [============================>.] - ETA: 0s - loss: 2.1197 - accuracy: 0.2355
97/98 [============================>.] - ETA: 0s - loss: 2.1196 - accuracy: 0.2356
98/98 [==============================] - 6s 60ms/step - loss: 2.1197 - accuracy: 0.2356 - val_loss: 2.3010 - val_accuracy: 0.1800
Epoch 8/196

 1/98 [..............................] - ETA: 6s - loss: 2.1466 - accuracy: 0.2363
 2/98 [..............................] - ETA: 5s - loss: 2.1725 - accuracy: 0.2080
 3/98 [..............................] - ETA: 5s - loss: 2.1746 - accuracy: 0.2142
 5/98 [>.............................] - ETA: 5s - loss: 2.1837 - accuracy: 0.2176
 7/98 [=>............................] - ETA: 5s - loss: 2.1817 - accuracy: 0.2148
 8/98 [=>............................] - ETA: 5s - loss: 2.1810 - accuracy: 0.2166
10/98 [==>...........................] - ETA: 5s - loss: 2.1962 - accuracy: 0.2150
12/98 [==>...........................] - ETA: 4s - loss: 2.2116 - accuracy: 0.2106
14/98 [===>..........................] - ETA: 4s - loss: 2.2217 - accuracy: 0.2044
15/98 [===>..........................] - ETA: 4s - loss: 2.2176 - accuracy: 0.2055
16/98 [===>..........................] - ETA: 4s - loss: 2.2159 - accuracy: 0.2069
18/98 [====>.........................] - ETA: 4s - loss: 2.2130 - accuracy: 0.2054
20/98 [=====>........................] - ETA: 4s - loss: 2.2097 - accuracy: 0.2058
22/98 [=====>........................] - ETA: 4s - loss: 2.2093 - accuracy: 0.2063
23/98 [======>.......................] - ETA: 4s - loss: 2.2091 - accuracy: 0.2069
25/98 [======>.......................] - ETA: 4s - loss: 2.2045 - accuracy: 0.2097
27/98 [=======>......................] - ETA: 4s - loss: 2.2041 - accuracy: 0.2096
29/98 [=======>......................] - ETA: 3s - loss: 2.2002 - accuracy: 0.2109
30/98 [========>.....................] - ETA: 3s - loss: 2.2029 - accuracy: 0.2100
32/98 [========>.....................] - ETA: 3s - loss: 2.2035 - accuracy: 0.2089
33/98 [=========>....................] - ETA: 3s - loss: 2.2051 - accuracy: 0.2085
34/98 [=========>....................] - ETA: 3s - loss: 2.2048 - accuracy: 0.2092
35/98 [=========>....................] - ETA: 3s - loss: 2.2045 - accuracy: 0.2095
37/98 [==========>...................] - ETA: 3s - loss: 2.2033 - accuracy: 0.2092
39/98 [==========>...................] - ETA: 3s - loss: 2.2014 - accuracy: 0.2094
41/98 [===========>..................] - ETA: 3s - loss: 2.1992 - accuracy: 0.2105
43/98 [============>.................] - ETA: 3s - loss: 2.2003 - accuracy: 0.2106
45/98 [============>.................] - ETA: 2s - loss: 2.2014 - accuracy: 0.2102
47/98 [=============>................] - ETA: 2s - loss: 2.2008 - accuracy: 0.2103
49/98 [==============>...............] - ETA: 2s - loss: 2.2013 - accuracy: 0.2097
51/98 [==============>...............] - ETA: 2s - loss: 2.2010 - accuracy: 0.2100
53/98 [===============>..............] - ETA: 2s - loss: 2.2002 - accuracy: 0.2099
55/98 [===============>..............] - ETA: 2s - loss: 2.1998 - accuracy: 0.2105
57/98 [================>.............] - ETA: 2s - loss: 2.1996 - accuracy: 0.2102
59/98 [=================>............] - ETA: 1s - loss: 2.1983 - accuracy: 0.2099
