2024-06-26 04:23:52.952460: I tensorflow/core/platform/cpu_feature_guard.cc:193] This TensorFlow binary is optimized with oneAPI Deep Neural Network Library (oneDNN) to use the following CPU instructions in performance-critical operations:  AVX AVX2
To enable them in other operations, rebuild TensorFlow with the appropriate compiler flags.
2024-06-26 04:23:53.688667: I tensorflow/core/common_runtime/gpu/gpu_device.cc:1616] Created device /job:localhost/replica:0/task:0/device:GPU:0 with 6656 MB memory:  -> device: 0, name: NVIDIA GeForce RTX 4060 Ti, pci bus id: 0000:01:00.0, compute capability: 8.9
1 Physical GPUs, 1 Logical GPUs
Model: "sequential"
_________________________________________________________________
 Layer (type)                Output Shape              Param #   
=================================================================
 conv2d (Conv2D)             (None, 32, 32, 32)        896       
                                                                 
 batch_normalization (BatchN  (None, 32, 32, 32)       128       
 ormalization)                                                   
                                                                 
 conv2d_1 (Conv2D)           (None, 32, 32, 64)        18496     
                                                                 
 max_pooling2d (MaxPooling2D  (None, 16, 16, 64)       0         
 )                                                               
                                                                 
 batch_normalization_1 (Batc  (None, 16, 16, 64)       256       
 hNormalization)                                                 
                                                                 
 dropout (Dropout)           (None, 16, 16, 64)        0         
                                                                 
 flatten (Flatten)           (None, 16384)             0         
                                                                 
 dense (Dense)               (None, 52)                852020    
                                                                 
 dropout_1 (Dropout)         (None, 52)                0         
                                                                 
 dense_1 (Dense)             (None, 10)                530       
                                                                 
=================================================================
Total params: 872,326
Trainable params: 872,134
Non-trainable params: 192
_________________________________________________________________
Taxa de aprendizado:  0.1 Num de épocas:  196 Tamanho do lote:  512 Dropout:  0.12999
Epoch 1/196
2024-06-26 04:23:56.227504: I tensorflow/stream_executor/cuda/cuda_dnn.cc:384] Loaded cuDNN version 8100
2024-06-26 04:23:58.251227: W tensorflow/stream_executor/gpu/redzone_allocator.cc:314] INTERNAL: ptxas exited with non-zero error code -1, output: 
Relying on driver to perform ptx compilation. 
Modify $PATH to customize ptxas location.
This message will be only logged once.
2024-06-26 04:24:00.657971: I tensorflow/stream_executor/cuda/cuda_blas.cc:1614] TensorFloat-32 will be used for the matrix multiplication. This will only be logged once.

 1/98 [..............................] - ETA: 12:28 - loss: 2.8706 - accuracy: 0.0703
 2/98 [..............................] - ETA: 7s - loss: 3.3403 - accuracy: 0.0859   
 3/98 [..............................] - ETA: 6s - loss: 3.3171 - accuracy: 0.1100
 4/98 [>.............................] - ETA: 6s - loss: 3.2266 - accuracy: 0.1055
 5/98 [>.............................] - ETA: 6s - loss: 3.1226 - accuracy: 0.1047
 6/98 [>.............................] - ETA: 6s - loss: 3.0770 - accuracy: 0.1100
 7/98 [=>............................] - ETA: 6s - loss: 3.0180 - accuracy: 0.1219
 8/98 [=>............................] - ETA: 6s - loss: 2.9771 - accuracy: 0.1284
 9/98 [=>............................] - ETA: 6s - loss: 2.9368 - accuracy: 0.1367
10/98 [==>...........................] - ETA: 6s - loss: 2.9006 - accuracy: 0.1412
11/98 [==>...........................] - ETA: 6s - loss: 2.8614 - accuracy: 0.1451
12/98 [==>...........................] - ETA: 6s - loss: 2.8333 - accuracy: 0.1484
13/98 [==>...........................] - ETA: 6s - loss: 2.8154 - accuracy: 0.1480
14/98 [===>..........................] - ETA: 6s - loss: 2.7942 - accuracy: 0.1477
15/98 [===>..........................] - ETA: 6s - loss: 2.7641 - accuracy: 0.1500
16/98 [===>..........................] - ETA: 5s - loss: 2.7347 - accuracy: 0.1526
17/98 [====>.........................] - ETA: 5s - loss: 2.7137 - accuracy: 0.1552
18/98 [====>.........................] - ETA: 5s - loss: 2.6839 - accuracy: 0.1591
19/98 [====>.........................] - ETA: 5s - loss: 2.6649 - accuracy: 0.1609
20/98 [=====>........................] - ETA: 5s - loss: 2.6507 - accuracy: 0.1635
21/98 [=====>........................] - ETA: 5s - loss: 2.6322 - accuracy: 0.1678
22/98 [=====>........................] - ETA: 5s - loss: 2.6188 - accuracy: 0.1705
23/98 [======>.......................] - ETA: 5s - loss: 2.6077 - accuracy: 0.1715
24/98 [======>.......................] - ETA: 5s - loss: 2.5947 - accuracy: 0.1737
25/98 [======>.......................] - ETA: 5s - loss: 2.5782 - accuracy: 0.1752
26/98 [======>.......................] - ETA: 5s - loss: 2.5612 - accuracy: 0.1778
27/98 [=======>......................] - ETA: 5s - loss: 2.5478 - accuracy: 0.1800
28/98 [=======>......................] - ETA: 5s - loss: 2.5357 - accuracy: 0.1807
29/98 [=======>......................] - ETA: 4s - loss: 2.5259 - accuracy: 0.1805
30/98 [========>.....................] - ETA: 4s - loss: 2.5133 - accuracy: 0.1825
31/98 [========>.....................] - ETA: 4s - loss: 2.5032 - accuracy: 0.1838
32/98 [========>.....................] - ETA: 4s - loss: 2.4975 - accuracy: 0.1838
33/98 [=========>....................] - ETA: 4s - loss: 2.4860 - accuracy: 0.1855
34/98 [=========>....................] - ETA: 4s - loss: 2.4793 - accuracy: 0.1857
35/98 [=========>....................] - ETA: 4s - loss: 2.4744 - accuracy: 0.1858
36/98 [==========>...................] - ETA: 4s - loss: 2.4690 - accuracy: 0.1858
37/98 [==========>...................] - ETA: 4s - loss: 2.4629 - accuracy: 0.1861
38/98 [==========>...................] - ETA: 4s - loss: 2.4572 - accuracy: 0.1858
39/98 [==========>...................] - ETA: 4s - loss: 2.4522 - accuracy: 0.1856
40/98 [===========>..................] - ETA: 4s - loss: 2.4466 - accuracy: 0.1853
41/98 [===========>..................] - ETA: 4s - loss: 2.4416 - accuracy: 0.1852
42/98 [===========>..................] - ETA: 4s - loss: 2.4394 - accuracy: 0.1847
43/98 [============>.................] - ETA: 3s - loss: 2.4352 - accuracy: 0.1841
44/98 [============>.................] - ETA: 3s - loss: 2.4300 - accuracy: 0.1847
45/98 [============>.................] - ETA: 3s - loss: 2.4260 - accuracy: 0.1842
46/98 [=============>................] - ETA: 3s - loss: 2.4243 - accuracy: 0.1833
47/98 [=============>................] - ETA: 3s - loss: 2.4241 - accuracy: 0.1823
48/98 [=============>................] - ETA: 3s - loss: 2.4230 - accuracy: 0.1815
49/98 [==============>...............] - ETA: 3s - loss: 2.4205 - accuracy: 0.1809
50/98 [==============>...............] - ETA: 3s - loss: 2.4187 - accuracy: 0.1806
51/98 [==============>...............] - ETA: 3s - loss: 2.4161 - accuracy: 0.1810
52/98 [==============>...............] - ETA: 3s - loss: 2.4142 - accuracy: 0.1810
53/98 [===============>..............] - ETA: 3s - loss: 2.4107 - accuracy: 0.1814
54/98 [===============>..............] - ETA: 3s - loss: 2.4084 - accuracy: 0.1821
55/98 [===============>..............] - ETA: 3s - loss: 2.4063 - accuracy: 0.1826
56/98 [================>.............] - ETA: 3s - loss: 2.4016 - accuracy: 0.1831
57/98 [================>.............] - ETA: 2s - loss: 2.3992 - accuracy: 0.1833
58/98 [================>.............] - ETA: 2s - loss: 2.3968 - accuracy: 0.1834
59/98 [=================>............] - ETA: 2s - loss: 2.3941 - accuracy: 0.1836
60/98 [=================>............] - ETA: 2s - loss: 2.3914 - accuracy: 0.1842
61/98 [=================>............] - ETA: 2s - loss: 2.3893 - accuracy: 0.1847
62/98 [=================>............] - ETA: 2s - loss: 2.3870 - accuracy: 0.1850
63/98 [==================>...........] - ETA: 2s - loss: 2.3848 - accuracy: 0.1849
64/98 [==================>...........] - ETA: 2s - loss: 2.3832 - accuracy: 0.1846
65/98 [==================>...........] - ETA: 2s - loss: 2.3832 - accuracy: 0.1846
66/98 [===================>..........] - ETA: 2s - loss: 2.3817 - accuracy: 0.1843
67/98 [===================>..........] - ETA: 2s - loss: 2.3816 - accuracy: 0.1838
68/98 [===================>..........] - ETA: 2s - loss: 2.3808 - accuracy: 0.1830
69/98 [====================>.........] - ETA: 2s - loss: 2.3797 - accuracy: 0.1831
70/98 [====================>.........] - ETA: 2s - loss: 2.3796 - accuracy: 0.1832
71/98 [====================>.........] - ETA: 1s - loss: 2.3777 - accuracy: 0.1830
72/98 [=====================>........] - ETA: 1s - loss: 2.3766 - accuracy: 0.1826
73/98 [=====================>........] - ETA: 1s - loss: 2.3768 - accuracy: 0.1822
74/98 [=====================>........] - ETA: 1s - loss: 2.3749 - accuracy: 0.1822
75/98 [=====================>........] - ETA: 1s - loss: 2.3744 - accuracy: 0.1818
76/98 [======================>.......] - ETA: 1s - loss: 2.3736 - accuracy: 0.1813
77/98 [======================>.......] - ETA: 1s - loss: 2.3738 - accuracy: 0.1804
78/98 [======================>.......] - ETA: 1s - loss: 2.3734 - accuracy: 0.1797
79/98 [=======================>......] - ETA: 1s - loss: 2.3735 - accuracy: 0.1793
80/98 [=======================>......] - ETA: 1s - loss: 2.3735 - accuracy: 0.1790
81/98 [=======================>......] - ETA: 1s - loss: 2.3735 - accuracy: 0.1782
82/98 [========================>.....] - ETA: 1s - loss: 2.3736 - accuracy: 0.1781
83/98 [========================>.....] - ETA: 1s - loss: 2.3744 - accuracy: 0.1773
84/98 [========================>.....] - ETA: 1s - loss: 2.3747 - accuracy: 0.1769
85/98 [=========================>....] - ETA: 1s - loss: 2.3753 - accuracy: 0.1764
86/98 [=========================>....] - ETA: 0s - loss: 2.3746 - accuracy: 0.1762
87/98 [=========================>....] - ETA: 0s - loss: 2.3732 - accuracy: 0.1761
88/98 [=========================>....] - ETA: 0s - loss: 2.3729 - accuracy: 0.1758
89/98 [==========================>...] - ETA: 0s - loss: 2.3723 - accuracy: 0.1757
90/98 [==========================>...] - ETA: 0s - loss: 2.3714 - accuracy: 0.1753
91/98 [==========================>...] - ETA: 0s - loss: 2.3703 - accuracy: 0.1754
92/98 [===========================>..] - ETA: 0s - loss: 2.3695 - accuracy: 0.1752
93/98 [===========================>..] - ETA: 0s - loss: 2.3683 - accuracy: 0.1750
94/98 [===========================>..] - ETA: 0s - loss: 2.3682 - accuracy: 0.1744
95/98 [============================>.] - ETA: 0s - loss: 2.3670 - accuracy: 0.1741
96/98 [============================>.] - ETA: 0s - loss: 2.3665 - accuracy: 0.1738
97/98 [============================>.] - ETA: 0s - loss: 2.3661 - accuracy: 0.1737
98/98 [==============================] - ETA: 0s - loss: 2.3654 - accuracy: 0.1734
98/98 [==============================] - 17s 92ms/step - loss: 2.3654 - accuracy: 0.1734 - val_loss: 2.3648 - val_accuracy: 0.1662
Epoch 2/196

 1/98 [..............................] - ETA: 6s - loss: 2.3697 - accuracy: 0.1426
 2/98 [..............................] - ETA: 6s - loss: 2.3418 - accuracy: 0.1455
 3/98 [..............................] - ETA: 5s - loss: 2.3329 - accuracy: 0.1458
 5/98 [>.............................] - ETA: 5s - loss: 2.3392 - accuracy: 0.1469
 6/98 [>.............................] - ETA: 5s - loss: 2.3391 - accuracy: 0.1510
 8/98 [=>............................] - ETA: 5s - loss: 2.3509 - accuracy: 0.1458
 9/98 [=>............................] - ETA: 5s - loss: 2.3430 - accuracy: 0.1480
11/98 [==>...........................] - ETA: 4s - loss: 2.3243 - accuracy: 0.1543
12/98 [==>...........................] - ETA: 4s - loss: 2.3160 - accuracy: 0.1543
13/98 [==>...........................] - ETA: 4s - loss: 2.3117 - accuracy: 0.1544
14/98 [===>..........................] - ETA: 4s - loss: 2.3050 - accuracy: 0.1564
15/98 [===>..........................] - ETA: 5s - loss: 2.2982 - accuracy: 0.1569
16/98 [===>..........................] - ETA: 5s - loss: 2.2933 - accuracy: 0.1588
17/98 [====>.........................] - ETA: 5s - loss: 2.2910 - accuracy: 0.1595
18/98 [====>.........................] - ETA: 5s - loss: 2.2862 - accuracy: 0.1611
19/98 [====>.........................] - ETA: 5s - loss: 2.2849 - accuracy: 0.1619
20/98 [=====>........................] - ETA: 4s - loss: 2.2818 - accuracy: 0.1628
21/98 [=====>........................] - ETA: 4s - loss: 2.2791 - accuracy: 0.1629
22/98 [=====>........................] - ETA: 4s - loss: 2.2746 - accuracy: 0.1640
23/98 [======>.......................] - ETA: 4s - loss: 2.2702 - accuracy: 0.1644
24/98 [======>.......................] - ETA: 4s - loss: 2.2693 - accuracy: 0.1651
25/98 [======>.......................] - ETA: 4s - loss: 2.2671 - accuracy: 0.1655
26/98 [======>.......................] - ETA: 4s - loss: 2.2626 - accuracy: 0.1665
27/98 [=======>......................] - ETA: 4s - loss: 2.2603 - accuracy: 0.1670
28/98 [=======>......................] - ETA: 4s - loss: 2.2591 - accuracy: 0.1675
29/98 [=======>......................] - ETA: 4s - loss: 2.2568 - accuracy: 0.1684
30/98 [========>.....................] - ETA: 4s - loss: 2.2532 - accuracy: 0.1689
31/98 [========>.....................] - ETA: 4s - loss: 2.2503 - accuracy: 0.1695
32/98 [========>.....................] - ETA: 4s - loss: 2.2487 - accuracy: 0.1705
33/98 [=========>....................] - ETA: 4s - loss: 2.2470 - accuracy: 0.1710
34/98 [=========>....................] - ETA: 4s - loss: 2.2454 - accuracy: 0.1708
35/98 [=========>....................] - ETA: 4s - loss: 2.2441 - accuracy: 0.1712
36/98 [==========>...................] - ETA: 4s - loss: 2.2433 - accuracy: 0.1722
37/98 [==========>...................] - ETA: 4s - loss: 2.2424 - accuracy: 0.1727
39/98 [==========>...................] - ETA: 3s - loss: 2.2446 - accuracy: 0.1727
40/98 [===========>..................] - ETA: 3s - loss: 2.2452 - accuracy: 0.1730
41/98 [===========>..................] - ETA: 3s - loss: 2.2466 - accuracy: 0.1730
42/98 [===========>..................] - ETA: 3s - loss: 2.2448 - accuracy: 0.1740
43/98 [============>.................] - ETA: 3s - loss: 2.2454 - accuracy: 0.1740
44/98 [============>.................] - ETA: 3s - loss: 2.2467 - accuracy: 0.1738
45/98 [============>.................] - ETA: 3s - loss: 2.2474 - accuracy: 0.1734
46/98 [=============>................] - ETA: 3s - loss: 2.2501 - accuracy: 0.1727
47/98 [=============>................] - ETA: 3s - loss: 2.2510 - accuracy: 0.1719
48/98 [=============>................] - ETA: 3s - loss: 2.2506 - accuracy: 0.1724
49/98 [==============>...............] - ETA: 3s - loss: 2.2531 - accuracy: 0.1717
50/98 [==============>...............] - ETA: 3s - loss: 2.2532 - accuracy: 0.1711
51/98 [==============>...............] - ETA: 3s - loss: 2.2541 - accuracy: 0.1709
52/98 [==============>...............] - ETA: 3s - loss: 2.2557 - accuracy: 0.1714
53/98 [===============>..............] - ETA: 3s - loss: 2.2554 - accuracy: 0.1715
54/98 [===============>..............] - ETA: 3s - loss: 2.2573 - accuracy: 0.1713
55/98 [===============>..............] - ETA: 2s - loss: 2.2571 - accuracy: 0.1712
56/98 [================>.............] - ETA: 2s - loss: 2.2571 - accuracy: 0.1711
57/98 [================>.............] - ETA: 2s - loss: 2.2563 - accuracy: 0.1716
58/98 [================>.............] - ETA: 2s - loss: 2.2556 - accuracy: 0.1716
59/98 [=================>............] - ETA: 2s - loss: 2.2555 - accuracy: 0.1714
60/98 [=================>............] - ETA: 2s - loss: 2.2562 - accuracy: 0.1710
61/98 [=================>............] - ETA: 2s - loss: 2.2563 - accuracy: 0.1711
62/98 [=================>............] - ETA: 2s - loss: 2.2570 - accuracy: 0.1708
63/98 [==================>...........] - ETA: 2s - loss: 2.2577 - accuracy: 0.1702
64/98 [==================>...........] - ETA: 2s - loss: 2.2572 - accuracy: 0.1702
65/98 [==================>...........] - ETA: 2s - loss: 2.2572 - accuracy: 0.1701
66/98 [===================>..........] - ETA: 2s - loss: 2.2570 - accuracy: 0.1704
67/98 [===================>..........] - ETA: 2s - loss: 2.2569 - accuracy: 0.1703
68/98 [===================>..........] - ETA: 2s - loss: 2.2587 - accuracy: 0.1698
69/98 [====================>.........] - ETA: 2s - loss: 2.2582 - accuracy: 0.1699
70/98 [====================>.........] - ETA: 1s - loss: 2.2587 - accuracy: 0.1700
71/98 [====================>.........] - ETA: 1s - loss: 2.2593 - accuracy: 0.1701
72/98 [=====================>........] - ETA: 1s - loss: 2.2582 - accuracy: 0.1702
73/98 [=====================>........] - ETA: 1s - loss: 2.2589 - accuracy: 0.1701
74/98 [=====================>........] - ETA: 1s - loss: 2.2594 - accuracy: 0.1696
75/98 [=====================>........] - ETA: 1s - loss: 2.2596 - accuracy: 0.1693
76/98 [======================>.......] - ETA: 1s - loss: 2.2601 - accuracy: 0.1694
77/98 [======================>.......] - ETA: 1s - loss: 2.2599 - accuracy: 0.1694
78/98 [======================>.......] - ETA: 1s - loss: 2.2594 - accuracy: 0.1698
79/98 [=======================>......] - ETA: 1s - loss: 2.2610 - accuracy: 0.1698
80/98 [=======================>......] - ETA: 1s - loss: 2.2621 - accuracy: 0.1697
81/98 [=======================>......] - ETA: 1s - loss: 2.2615 - accuracy: 0.1697
82/98 [========================>.....] - ETA: 1s - loss: 2.2635 - accuracy: 0.1693
83/98 [========================>.....] - ETA: 1s - loss: 2.2633 - accuracy: 0.1693
84/98 [========================>.....] - ETA: 0s - loss: 2.2634 - accuracy: 0.1694
85/98 [=========================>....] - ETA: 0s - loss: 2.2642 - accuracy: 0.1693
86/98 [=========================>....] - ETA: 0s - loss: 2.2640 - accuracy: 0.1694
87/98 [=========================>....] - ETA: 0s - loss: 2.2637 - accuracy: 0.1699
88/98 [=========================>....] - ETA: 0s - loss: 2.2634 - accuracy: 0.1701
89/98 [==========================>...] - ETA: 0s - loss: 2.2621 - accuracy: 0.1704
90/98 [==========================>...] - ETA: 0s - loss: 2.2623 - accuracy: 0.1701
91/98 [==========================>...] - ETA: 0s - loss: 2.2616 - accuracy: 0.1704
92/98 [===========================>..] - ETA: 0s - loss: 2.2605 - accuracy: 0.1708
93/98 [===========================>..] - ETA: 0s - loss: 2.2604 - accuracy: 0.1710
94/98 [===========================>..] - ETA: 0s - loss: 2.2593 - accuracy: 0.1715
95/98 [============================>.] - ETA: 0s - loss: 2.2579 - accuracy: 0.1721
96/98 [============================>.] - ETA: 0s - loss: 2.2571 - accuracy: 0.1723
97/98 [============================>.] - ETA: 0s - loss: 2.2558 - accuracy: 0.1728
98/98 [==============================] - ETA: 0s - loss: 2.2549 - accuracy: 0.1732
98/98 [==============================] - 8s 82ms/step - loss: 2.2549 - accuracy: 0.1732 - val_loss: 2.7058 - val_accuracy: 0.1228
Epoch 3/196

 1/98 [..............................] - ETA: 7s - loss: 2.1501 - accuracy: 0.2402
 2/98 [..............................] - ETA: 7s - loss: 2.0824 - accuracy: 0.2520
 3/98 [..............................] - ETA: 6s - loss: 2.1158 - accuracy: 0.2318
 4/98 [>.............................] - ETA: 6s - loss: 2.1185 - accuracy: 0.2241
 5/98 [>.............................] - ETA: 6s - loss: 2.1118 - accuracy: 0.2203
 6/98 [>.............................] - ETA: 6s - loss: 2.1188 - accuracy: 0.2158
 7/98 [=>............................] - ETA: 6s - loss: 2.1161 - accuracy: 0.2207
 8/98 [=>............................] - ETA: 6s - loss: 2.1205 - accuracy: 0.2246
 9/98 [=>............................] - ETA: 6s - loss: 2.1140 - accuracy: 0.2233
10/98 [==>...........................] - ETA: 6s - loss: 2.1152 - accuracy: 0.2238
11/98 [==>...........................] - ETA: 6s - loss: 2.1086 - accuracy: 0.2239
12/98 [==>...........................] - ETA: 6s - loss: 2.1089 - accuracy: 0.2228
13/98 [==>...........................] - ETA: 6s - loss: 2.1139 - accuracy: 0.2240
14/98 [===>..........................] - ETA: 6s - loss: 2.1159 - accuracy: 0.2239
15/98 [===>..........................] - ETA: 6s - loss: 2.1142 - accuracy: 0.2243
16/98 [===>..........................] - ETA: 5s - loss: 2.1184 - accuracy: 0.2217
17/98 [====>.........................] - ETA: 5s - loss: 2.1197 - accuracy: 0.2232
18/98 [====>.........................] - ETA: 5s - loss: 2.1212 - accuracy: 0.2224
19/98 [====>.........................] - ETA: 5s - loss: 2.1180 - accuracy: 0.2240
20/98 [=====>........................] - ETA: 5s - loss: 2.1188 - accuracy: 0.2237
21/98 [=====>........................] - ETA: 5s - loss: 2.1232 - accuracy: 0.2232
22/98 [=====>........................] - ETA: 5s - loss: 2.1199 - accuracy: 0.2244
23/98 [======>.......................] - ETA: 5s - loss: 2.1209 - accuracy: 0.2246
24/98 [======>.......................] - ETA: 5s - loss: 2.1192 - accuracy: 0.2252
25/98 [======>.......................] - ETA: 5s - loss: 2.1157 - accuracy: 0.2259
26/98 [======>.......................] - ETA: 5s - loss: 2.1168 - accuracy: 0.2256
27/98 [=======>......................] - ETA: 5s - loss: 2.1183 - accuracy: 0.2267
28/98 [=======>......................] - ETA: 5s - loss: 2.1189 - accuracy: 0.2268
29/98 [=======>......................] - ETA: 5s - loss: 2.1152 - accuracy: 0.2281
30/98 [========>.....................] - ETA: 4s - loss: 2.1141 - accuracy: 0.2277
31/98 [========>.....................] - ETA: 4s - loss: 2.1162 - accuracy: 0.2273
32/98 [========>.....................] - ETA: 4s - loss: 2.1152 - accuracy: 0.2271
33/98 [=========>....................] - ETA: 4s - loss: 2.1158 - accuracy: 0.2267
34/98 [=========>....................] - ETA: 4s - loss: 2.1158 - accuracy: 0.2265
35/98 [=========>....................] - ETA: 4s - loss: 2.1169 - accuracy: 0.2259
36/98 [==========>...................] - ETA: 4s - loss: 2.1172 - accuracy: 0.2266
37/98 [==========>...................] - ETA: 4s - loss: 2.1153 - accuracy: 0.2272
38/98 [==========>...................] - ETA: 4s - loss: 2.1152 - accuracy: 0.2279
39/98 [==========>...................] - ETA: 4s - loss: 2.1139 - accuracy: 0.2284
40/98 [===========>..................] - ETA: 4s - loss: 2.1133 - accuracy: 0.2287
41/98 [===========>..................] - ETA: 4s - loss: 2.1130 - accuracy: 0.2290
42/98 [===========>..................] - ETA: 4s - loss: 2.1127 - accuracy: 0.2290
43/98 [============>.................] - ETA: 3s - loss: 2.1118 - accuracy: 0.2292
44/98 [============>.................] - ETA: 3s - loss: 2.1122 - accuracy: 0.2290
45/98 [============>.................] - ETA: 3s - loss: 2.1121 - accuracy: 0.2287
46/98 [=============>................] - ETA: 3s - loss: 2.1128 - accuracy: 0.2285
47/98 [=============>................] - ETA: 3s - loss: 2.1124 - accuracy: 0.2283
48/98 [=============>................] - ETA: 3s - loss: 2.1113 - accuracy: 0.2295
49/98 [==============>...............] - ETA: 3s - loss: 2.1093 - accuracy: 0.2307
50/98 [==============>...............] - ETA: 3s - loss: 2.1092 - accuracy: 0.2309
51/98 [==============>...............] - ETA: 3s - loss: 2.1079 - accuracy: 0.2315
52/98 [==============>...............] - ETA: 3s - loss: 2.1078 - accuracy: 0.2316
53/98 [===============>..............] - ETA: 3s - loss: 2.1071 - accuracy: 0.2321
54/98 [===============>..............] - ETA: 3s - loss: 2.1047 - accuracy: 0.2334
55/98 [===============>..............] - ETA: 3s - loss: 2.1050 - accuracy: 0.2331
56/98 [================>.............] - ETA: 3s - loss: 2.1050 - accuracy: 0.2330
57/98 [================>.............] - ETA: 2s - loss: 2.1043 - accuracy: 0.2332
58/98 [================>.............] - ETA: 2s - loss: 2.1036 - accuracy: 0.2333
59/98 [=================>............] - ETA: 2s - loss: 2.1035 - accuracy: 0.2335
60/98 [=================>............] - ETA: 2s - loss: 2.1035 - accuracy: 0.2336
61/98 [=================>............] - ETA: 2s - loss: 2.1024 - accuracy: 0.2341
62/98 [=================>............] - ETA: 2s - loss: 2.1018 - accuracy: 0.2342
63/98 [==================>...........] - ETA: 2s - loss: 2.1009 - accuracy: 0.2342
64/98 [==================>...........] - ETA: 2s - loss: 2.0998 - accuracy: 0.2346
65/98 [==================>...........] - ETA: 2s - loss: 2.0988 - accuracy: 0.2345
66/98 [===================>..........] - ETA: 2s - loss: 2.0975 - accuracy: 0.2346
67/98 [===================>..........] - ETA: 2s - loss: 2.0968 - accuracy: 0.2342
68/98 [===================>..........] - ETA: 2s - loss: 2.0993 - accuracy: 0.2336
69/98 [====================>.........] - ETA: 2s - loss: 2.1016 - accuracy: 0.2332
70/98 [====================>.........] - ETA: 2s - loss: 2.1049 - accuracy: 0.2325
71/98 [====================>.........] - ETA: 1s - loss: 2.1074 - accuracy: 0.2322
72/98 [=====================>........] - ETA: 1s - loss: 2.1082 - accuracy: 0.2319
73/98 [=====================>........] - ETA: 1s - loss: 2.1078 - accuracy: 0.2323
74/98 [=====================>........] - ETA: 1s - loss: 2.1078 - accuracy: 0.2323
75/98 [=====================>........] - ETA: 1s - loss: 2.1081 - accuracy: 0.2321
76/98 [======================>.......] - ETA: 1s - loss: 2.1081 - accuracy: 0.2321
77/98 [======================>.......] - ETA: 1s - loss: 2.1090 - accuracy: 0.2322
78/98 [======================>.......] - ETA: 1s - loss: 2.1090 - accuracy: 0.2319
79/98 [=======================>......] - ETA: 1s - loss: 2.1088 - accuracy: 0.2322
80/98 [=======================>......] - ETA: 1s - loss: 2.1085 - accuracy: 0.2324
82/98 [========================>.....] - ETA: 1s - loss: 2.1104 - accuracy: 0.2324
83/98 [========================>.....] - ETA: 1s - loss: 2.1103 - accuracy: 0.2328
84/98 [========================>.....] - ETA: 1s - loss: 2.1106 - accuracy: 0.2328
85/98 [=========================>....] - ETA: 0s - loss: 2.1111 - accuracy: 0.2330
86/98 [=========================>....] - ETA: 0s - loss: 2.1105 - accuracy: 0.2334
87/98 [=========================>....] - ETA: 0s - loss: 2.1094 - accuracy: 0.2340
88/98 [=========================>....] - ETA: 0s - loss: 2.1080 - accuracy: 0.2344
89/98 [==========================>...] - ETA: 0s - loss: 2.1070 - accuracy: 0.2350
90/98 [==========================>...] - ETA: 0s - loss: 2.1066 - accuracy: 0.2354
91/98 [==========================>...] - ETA: 0s - loss: 2.1058 - accuracy: 0.2357
92/98 [===========================>..] - ETA: 0s - loss: 2.1061 - accuracy: 0.2356
93/98 [===========================>..] - ETA: 0s - loss: 2.1060 - accuracy: 0.2355
94/98 [===========================>..] - ETA: 0s - loss: 2.1057 - accuracy: 0.2355
95/98 [============================>.] - ETA: 0s - loss: 2.1046 - accuracy: 0.2359
96/98 [============================>.] - ETA: 0s - loss: 2.1043 - accuracy: 0.2359
97/98 [============================>.] - ETA: 0s - loss: 2.1043 - accuracy: 0.2358
98/98 [==============================] - ETA: 0s - loss: 2.1035 - accuracy: 0.2360
98/98 [==============================] - 8s 84ms/step - loss: 2.1035 - accuracy: 0.2360 - val_loss: 2.5661 - val_accuracy: 0.1185
Epoch 4/196

 1/98 [..............................] - ETA: 9s - loss: 2.0844 - accuracy: 0.2227
 2/98 [..............................] - ETA: 5s - loss: 2.0698 - accuracy: 0.2393
 3/98 [..............................] - ETA: 6s - loss: 2.0704 - accuracy: 0.2389
 4/98 [>.............................] - ETA: 6s - loss: 2.1027 - accuracy: 0.2329
 5/98 [>.............................] - ETA: 6s - loss: 2.0977 - accuracy: 0.2387
 6/98 [>.............................] - ETA: 6s - loss: 2.1016 - accuracy: 0.2321
 7/98 [=>............................] - ETA: 6s - loss: 2.1026 - accuracy: 0.2366
 8/98 [=>............................] - ETA: 6s - loss: 2.1048 - accuracy: 0.2371
 9/98 [=>............................] - ETA: 6s - loss: 2.1077 - accuracy: 0.2352
10/98 [==>...........................] - ETA: 6s - loss: 2.1084 - accuracy: 0.2346
11/98 [==>...........................] - ETA: 6s - loss: 2.1001 - accuracy: 0.2358
12/98 [==>...........................] - ETA: 6s - loss: 2.0995 - accuracy: 0.2358
13/98 [==>...........................] - ETA: 6s - loss: 2.0971 - accuracy: 0.2351
14/98 [===>..........................] - ETA: 5s - loss: 2.0981 - accuracy: 0.2321
15/98 [===>..........................] - ETA: 5s - loss: 2.0926 - accuracy: 0.2335
16/98 [===>..........................] - ETA: 5s - loss: 2.0879 - accuracy: 0.2345
17/98 [====>.........................] - ETA: 5s - loss: 2.0816 - accuracy: 0.2361
18/98 [====>.........................] - ETA: 5s - loss: 2.0797 - accuracy: 0.2363
19/98 [====>.........................] - ETA: 5s - loss: 2.0755 - accuracy: 0.2372
20/98 [=====>........................] - ETA: 5s - loss: 2.0767 - accuracy: 0.2367
21/98 [=====>........................] - ETA: 5s - loss: 2.0722 - accuracy: 0.2390
22/98 [=====>........................] - ETA: 5s - loss: 2.0667 - accuracy: 0.2417
23/98 [======>.......................] - ETA: 5s - loss: 2.0646 - accuracy: 0.2431
24/98 [======>.......................] - ETA: 5s - loss: 2.0663 - accuracy: 0.2427
25/98 [======>.......................] - ETA: 5s - loss: 2.0633 - accuracy: 0.2441
26/98 [======>.......................] - ETA: 5s - loss: 2.0643 - accuracy: 0.2453
27/98 [=======>......................] - ETA: 5s - loss: 2.0636 - accuracy: 0.2467
28/98 [=======>......................] - ETA: 5s - loss: 2.0645 - accuracy: 0.2482
29/98 [=======>......................] - ETA: 4s - loss: 2.0646 - accuracy: 0.2482
30/98 [========>.....................] - ETA: 4s - loss: 2.0631 - accuracy: 0.2491
31/98 [========>.....................] - ETA: 4s - loss: 2.0625 - accuracy: 0.2491
32/98 [========>.....................] - ETA: 4s - loss: 2.0613 - accuracy: 0.2490
33/98 [=========>....................] - ETA: 4s - loss: 2.0620 - accuracy: 0.2494
34/98 [=========>....................] - ETA: 4s - loss: 2.0615 - accuracy: 0.2497
35/98 [=========>....................] - ETA: 4s - loss: 2.0609 - accuracy: 0.2498
36/98 [==========>...................] - ETA: 4s - loss: 2.0592 - accuracy: 0.2505
37/98 [==========>...................] - ETA: 4s - loss: 2.0587 - accuracy: 0.2503
39/98 [==========>...................] - ETA: 4s - loss: 2.0558 - accuracy: 0.2520
40/98 [===========>..................] - ETA: 4s - loss: 2.0565 - accuracy: 0.2517
41/98 [===========>..................] - ETA: 4s - loss: 2.0565 - accuracy: 0.2515
42/98 [===========>..................] - ETA: 3s - loss: 2.0546 - accuracy: 0.2522
43/98 [============>.................] - ETA: 3s - loss: 2.0529 - accuracy: 0.2526
44/98 [============>.................] - ETA: 3s - loss: 2.0529 - accuracy: 0.2529
45/98 [============>.................] - ETA: 3s - loss: 2.0538 - accuracy: 0.2528
46/98 [=============>................] - ETA: 3s - loss: 2.0536 - accuracy: 0.2530
47/98 [=============>................] - ETA: 3s - loss: 2.0540 - accuracy: 0.2528
48/98 [=============>................] - ETA: 3s - loss: 2.0552 - accuracy: 0.2520
49/98 [==============>...............] - ETA: 3s - loss: 2.0555 - accuracy: 0.2524
50/98 [==============>...............] - ETA: 3s - loss: 2.0555 - accuracy: 0.2522
51/98 [==============>...............] - ETA: 3s - loss: 2.0562 - accuracy: 0.2525
52/98 [==============>...............] - ETA: 3s - loss: 2.0565 - accuracy: 0.2522
54/98 [===============>..............] - ETA: 3s - loss: 2.0560 - accuracy: 0.2526
55/98 [===============>..............] - ETA: 3s - loss: 2.0571 - accuracy: 0.2523
57/98 [================>.............] - ETA: 2s - loss: 2.0573 - accuracy: 0.2519
58/98 [================>.............] - ETA: 2s - loss: 2.0577 - accuracy: 0.2519
60/98 [=================>............] - ETA: 2s - loss: 2.0602 - accuracy: 0.2516
61/98 [=================>............] - ETA: 2s - loss: 2.0597 - accuracy: 0.2515
62/98 [=================>............] - ETA: 2s - loss: 2.0600 - accuracy: 0.2513
63/98 [==================>...........] - ETA: 2s - loss: 2.0602 - accuracy: 0.2513
64/98 [==================>...........] - ETA: 2s - loss: 2.0609 - accuracy: 0.2516
66/98 [===================>..........] - ETA: 2s - loss: 2.0610 - accuracy: 0.2519
68/98 [===================>..........] - ETA: 2s - loss: 2.0613 - accuracy: 0.2522
70/98 [====================>.........] - ETA: 1s - loss: 2.0626 - accuracy: 0.2520
71/98 [====================>.........] - ETA: 1s - loss: 2.0624 - accuracy: 0.2522
72/98 [=====================>........] - ETA: 1s - loss: 2.0620 - accuracy: 0.2522
74/98 [=====================>........] - ETA: 1s - loss: 2.0618 - accuracy: 0.2528
75/98 [=====================>........] - ETA: 1s - loss: 2.0618 - accuracy: 0.2529
77/98 [======================>.......] - ETA: 1s - loss: 2.0621 - accuracy: 0.2530
79/98 [=======================>......] - ETA: 1s - loss: 2.0622 - accuracy: 0.2534
80/98 [=======================>......] - ETA: 1s - loss: 2.0619 - accuracy: 0.2538
82/98 [========================>.....] - ETA: 1s - loss: 2.0606 - accuracy: 0.2542
83/98 [========================>.....] - ETA: 0s - loss: 2.0601 - accuracy: 0.2542
85/98 [=========================>....] - ETA: 0s - loss: 2.0593 - accuracy: 0.2543
86/98 [=========================>....] - ETA: 0s - loss: 2.0591 - accuracy: 0.2542
88/98 [=========================>....] - ETA: 0s - loss: 2.0602 - accuracy: 0.2537
89/98 [==========================>...] - ETA: 0s - loss: 2.0602 - accuracy: 0.2534
91/98 [==========================>...] - ETA: 0s - loss: 2.0602 - accuracy: 0.2534
92/98 [===========================>..] - ETA: 0s - loss: 2.0601 - accuracy: 0.2535
93/98 [===========================>..] - ETA: 0s - loss: 2.0599 - accuracy: 0.2536
95/98 [============================>.] - ETA: 0s - loss: 2.0592 - accuracy: 0.2541
96/98 [============================>.] - ETA: 0s - loss: 2.0599 - accuracy: 0.2544
98/98 [==============================] - ETA: 0s - loss: 2.0605 - accuracy: 0.2544
98/98 [==============================] - 7s 75ms/step - loss: 2.0605 - accuracy: 0.2544 - val_loss: 2.4793 - val_accuracy: 0.2025
Epoch 5/196

 1/98 [..............................] - ETA: 9s - loss: 2.0086 - accuracy: 0.2891
 2/98 [..............................] - ETA: 7s - loss: 2.0220 - accuracy: 0.2705
 3/98 [..............................] - ETA: 6s - loss: 2.0357 - accuracy: 0.2656
 4/98 [>.............................] - ETA: 6s - loss: 2.0492 - accuracy: 0.2637
 5/98 [>.............................] - ETA: 6s - loss: 2.0453 - accuracy: 0.2656
 6/98 [>.............................] - ETA: 6s - loss: 2.0421 - accuracy: 0.2686
 7/98 [=>............................] - ETA: 6s - loss: 2.0401 - accuracy: 0.2723
 8/98 [=>............................] - ETA: 6s - loss: 2.0362 - accuracy: 0.2751
 9/98 [=>............................] - ETA: 6s - loss: 2.0451 - accuracy: 0.2687
10/98 [==>...........................] - ETA: 6s - loss: 2.0474 - accuracy: 0.2660
11/98 [==>...........................] - ETA: 6s - loss: 2.0556 - accuracy: 0.2589
12/98 [==>...........................] - ETA: 6s - loss: 2.0577 - accuracy: 0.2572
13/98 [==>...........................] - ETA: 6s - loss: 2.0594 - accuracy: 0.2569
14/98 [===>..........................] - ETA: 6s - loss: 2.0587 - accuracy: 0.2574
15/98 [===>..........................] - ETA: 6s - loss: 2.0597 - accuracy: 0.2579
16/98 [===>..........................] - ETA: 5s - loss: 2.0612 - accuracy: 0.2577
17/98 [====>.........................] - ETA: 5s - loss: 2.0599 - accuracy: 0.2605
18/98 [====>.........................] - ETA: 5s - loss: 2.0593 - accuracy: 0.2617
19/98 [====>.........................] - ETA: 5s - loss: 2.0596 - accuracy: 0.2626
20/98 [=====>........................] - ETA: 5s - loss: 2.0594 - accuracy: 0.2636
21/98 [=====>........................] - ETA: 5s - loss: 2.0595 - accuracy: 0.2627
22/98 [=====>........................] - ETA: 5s - loss: 2.0621 - accuracy: 0.2622
23/98 [======>.......................] - ETA: 5s - loss: 2.0647 - accuracy: 0.2604
24/98 [======>.......................] - ETA: 5s - loss: 2.0635 - accuracy: 0.2598
25/98 [======>.......................] - ETA: 5s - loss: 2.0652 - accuracy: 0.2591
26/98 [======>.......................] - ETA: 5s - loss: 2.0693 - accuracy: 0.2583
27/98 [=======>......................] - ETA: 5s - loss: 2.0702 - accuracy: 0.2580
28/98 [=======>......................] - ETA: 5s - loss: 2.0702 - accuracy: 0.2583
29/98 [=======>......................] - ETA: 5s - loss: 2.0711 - accuracy: 0.2583
30/98 [========>.....................] - ETA: 4s - loss: 2.0722 - accuracy: 0.2578
31/98 [========>.....................] - ETA: 4s - loss: 2.0730 - accuracy: 0.2572
32/98 [========>.....................] - ETA: 4s - loss: 2.0748 - accuracy: 0.2564
33/98 [=========>....................] - ETA: 4s - loss: 2.0759 - accuracy: 0.2555
34/98 [=========>....................] - ETA: 4s - loss: 2.0758 - accuracy: 0.2550
35/98 [=========>....................] - ETA: 4s - loss: 2.0752 - accuracy: 0.2563
36/98 [==========>...................] - ETA: 4s - loss: 2.0775 - accuracy: 0.2547
37/98 [==========>...................] - ETA: 4s - loss: 2.0791 - accuracy: 0.2543
38/98 [==========>...................] - ETA: 4s - loss: 2.0796 - accuracy: 0.2537
39/98 [==========>...................] - ETA: 4s - loss: 2.0814 - accuracy: 0.2531
40/98 [===========>..................] - ETA: 4s - loss: 2.0828 - accuracy: 0.2524
41/98 [===========>..................] - ETA: 4s - loss: 2.0845 - accuracy: 0.2517
42/98 [===========>..................] - ETA: 4s - loss: 2.0841 - accuracy: 0.2518
43/98 [============>.................] - ETA: 3s - loss: 2.0836 - accuracy: 0.2515
44/98 [============>.................] - ETA: 3s - loss: 2.0834 - accuracy: 0.2513
45/98 [============>.................] - ETA: 3s - loss: 2.0832 - accuracy: 0.2514
46/98 [=============>................] - ETA: 3s - loss: 2.0833 - accuracy: 0.2510
47/98 [=============>................] - ETA: 3s - loss: 2.0840 - accuracy: 0.2499
48/98 [=============>................] - ETA: 3s - loss: 2.0851 - accuracy: 0.2492
49/98 [==============>...............] - ETA: 3s - loss: 2.0850 - accuracy: 0.2491
50/98 [==============>...............] - ETA: 3s - loss: 2.0843 - accuracy: 0.2493
51/98 [==============>...............] - ETA: 3s - loss: 2.0842 - accuracy: 0.2495
52/98 [==============>...............] - ETA: 3s - loss: 2.0838 - accuracy: 0.2497
53/98 [===============>..............] - ETA: 3s - loss: 2.0846 - accuracy: 0.2492
54/98 [===============>..............] - ETA: 3s - loss: 2.0849 - accuracy: 0.2495
55/98 [===============>..............] - ETA: 3s - loss: 2.0863 - accuracy: 0.2495
56/98 [================>.............] - ETA: 3s - loss: 2.0883 - accuracy: 0.2488
57/98 [================>.............] - ETA: 2s - loss: 2.0883 - accuracy: 0.2494
58/98 [================>.............] - ETA: 2s - loss: 2.0891 - accuracy: 0.2491
59/98 [=================>............] - ETA: 2s - loss: 2.0897 - accuracy: 0.2487
60/98 [=================>............] - ETA: 2s - loss: 2.0896 - accuracy: 0.2486
61/98 [=================>............] - ETA: 2s - loss: 2.0903 - accuracy: 0.2480
62/98 [=================>............] - ETA: 2s - loss: 2.0913 - accuracy: 0.2478
63/98 [==================>...........] - ETA: 2s - loss: 2.0915 - accuracy: 0.2476
64/98 [==================>...........] - ETA: 2s - loss: 2.0910 - accuracy: 0.2476
65/98 [==================>...........] - ETA: 2s - loss: 2.0907 - accuracy: 0.2478
