2024-06-26 04:56:57.045809: I tensorflow/core/platform/cpu_feature_guard.cc:193] This TensorFlow binary is optimized with oneAPI Deep Neural Network Library (oneDNN) to use the following CPU instructions in performance-critical operations:  AVX AVX2
To enable them in other operations, rebuild TensorFlow with the appropriate compiler flags.
2024-06-26 04:56:58.134187: I tensorflow/core/common_runtime/gpu/gpu_device.cc:1616] Created device /job:localhost/replica:0/task:0/device:GPU:0 with 6656 MB memory:  -> device: 0, name: NVIDIA GeForce RTX 4060 Ti, pci bus id: 0000:01:00.0, compute capability: 8.9
1 Physical GPUs, 1 Logical GPUs
Model: "sequential"
_________________________________________________________________
 Layer (type)                Output Shape              Param #   
=================================================================
 conv2d (Conv2D)             (None, 32, 32, 32)        896       
                                                                 
 max_pooling2d (MaxPooling2D  (None, 16, 16, 32)       0         
 )                                                               
                                                                 
 batch_normalization (BatchN  (None, 16, 16, 32)       128       
 ormalization)                                                   
                                                                 
 conv2d_1 (Conv2D)           (None, 16, 16, 32)        25632     
                                                                 
 max_pooling2d_1 (MaxPooling  (None, 8, 8, 32)         0         
 2D)                                                             
                                                                 
 conv2d_2 (Conv2D)           (None, 8, 8, 256)         991488    
                                                                 
 dropout (Dropout)           (None, 8, 8, 256)         0         
                                                                 
 flatten (Flatten)           (None, 16384)             0         
                                                                 
 dense (Dense)               (None, 10)                163850    
                                                                 
=================================================================
Total params: 1,181,994
Trainable params: 1,181,930
Non-trainable params: 64
_________________________________________________________________
Taxa de aprendizado:  0.01 Num de épocas:  21 Tamanho do lote:  512 Dropout:  0.38436
Epoch 1/21
2024-06-26 04:57:00.116028: I tensorflow/stream_executor/cuda/cuda_dnn.cc:384] Loaded cuDNN version 8100
2024-06-26 04:57:01.651385: W tensorflow/stream_executor/gpu/redzone_allocator.cc:314] INTERNAL: ptxas exited with non-zero error code -1, output: 
Relying on driver to perform ptx compilation. 
Modify $PATH to customize ptxas location.
This message will be only logged once.
2024-06-26 04:57:03.730930: I tensorflow/stream_executor/cuda/cuda_blas.cc:1614] TensorFloat-32 will be used for the matrix multiplication. This will only be logged once.

 1/98 [..............................] - ETA: 11:04 - loss: 2.3374 - accuracy: 0.0879
 2/98 [..............................] - ETA: 6s - loss: 115.4325 - accuracy: 0.0908 
 3/98 [..............................] - ETA: 5s - loss: 78.1088 - accuracy: 0.0996 
 4/98 [>.............................] - ETA: 5s - loss: 59.2197 - accuracy: 0.0928
 5/98 [>.............................] - ETA: 5s - loss: 47.8944 - accuracy: 0.0934
 6/98 [>.............................] - ETA: 5s - loss: 40.2965 - accuracy: 0.0957
 7/98 [=>............................] - ETA: 5s - loss: 34.8674 - accuracy: 0.0988
 8/98 [=>............................] - ETA: 5s - loss: 30.7968 - accuracy: 0.1072
 9/98 [=>............................] - ETA: 5s - loss: 27.6340 - accuracy: 0.1100
10/98 [==>...........................] - ETA: 5s - loss: 25.0984 - accuracy: 0.1123
11/98 [==>...........................] - ETA: 5s - loss: 23.0245 - accuracy: 0.1142
12/98 [==>...........................] - ETA: 5s - loss: 21.2978 - accuracy: 0.1146
13/98 [==>...........................] - ETA: 5s - loss: 19.8377 - accuracy: 0.1154
14/98 [===>..........................] - ETA: 5s - loss: 18.5859 - accuracy: 0.1158
15/98 [===>..........................] - ETA: 5s - loss: 17.4964 - accuracy: 0.1184
16/98 [===>..........................] - ETA: 5s - loss: 16.5457 - accuracy: 0.1194
17/98 [====>.........................] - ETA: 11s - loss: 15.9834 - accuracy: 0.1195
18/98 [====>.........................] - ETA: 10s - loss: 15.2072 - accuracy: 0.1194
19/98 [====>.........................] - ETA: 10s - loss: 14.5155 - accuracy: 0.1189
20/98 [=====>........................] - ETA: 10s - loss: 13.8928 - accuracy: 0.1192
21/98 [=====>........................] - ETA: 9s - loss: 13.3307 - accuracy: 0.1197 
22/98 [=====>........................] - ETA: 9s - loss: 12.8211 - accuracy: 0.1199
23/98 [======>.......................] - ETA: 9s - loss: 12.3550 - accuracy: 0.1197
24/98 [======>.......................] - ETA: 9s - loss: 11.9282 - accuracy: 0.1214
25/98 [======>.......................] - ETA: 8s - loss: 11.5372 - accuracy: 0.1221
26/98 [======>.......................] - ETA: 8s - loss: 11.1773 - accuracy: 0.1217
27/98 [=======>......................] - ETA: 8s - loss: 10.8430 - accuracy: 0.1224
28/98 [=======>......................] - ETA: 8s - loss: 10.5332 - accuracy: 0.1239
29/98 [=======>......................] - ETA: 7s - loss: 10.2451 - accuracy: 0.1254
30/98 [========>.....................] - ETA: 7s - loss: 9.9755 - accuracy: 0.1266 
31/98 [========>.....................] - ETA: 7s - loss: 9.7242 - accuracy: 0.1268
32/98 [========>.....................] - ETA: 7s - loss: 9.4881 - accuracy: 0.1275
33/98 [=========>....................] - ETA: 7s - loss: 9.2669 - accuracy: 0.1279
34/98 [=========>....................] - ETA: 7s - loss: 9.0592 - accuracy: 0.1288
35/98 [=========>....................] - ETA: 6s - loss: 8.8631 - accuracy: 0.1296
36/98 [==========>...................] - ETA: 6s - loss: 8.6781 - accuracy: 0.1299
37/98 [==========>...................] - ETA: 6s - loss: 8.5026 - accuracy: 0.1311
38/98 [==========>...................] - ETA: 6s - loss: 8.3376 - accuracy: 0.1315
39/98 [==========>...................] - ETA: 6s - loss: 8.1802 - accuracy: 0.1324
40/98 [===========>..................] - ETA: 6s - loss: 8.0305 - accuracy: 0.1335
41/98 [===========>..................] - ETA: 6s - loss: 7.8888 - accuracy: 0.1340
42/98 [===========>..................] - ETA: 5s - loss: 7.7544 - accuracy: 0.1338
43/98 [============>.................] - ETA: 5s - loss: 7.6256 - accuracy: 0.1349
44/98 [============>.................] - ETA: 5s - loss: 7.5017 - accuracy: 0.1362
45/98 [============>.................] - ETA: 5s - loss: 7.3843 - accuracy: 0.1364
46/98 [=============>................] - ETA: 5s - loss: 7.2711 - accuracy: 0.1371
47/98 [=============>................] - ETA: 5s - loss: 7.1623 - accuracy: 0.1381
48/98 [=============>................] - ETA: 5s - loss: 7.0582 - accuracy: 0.1384
49/98 [==============>...............] - ETA: 4s - loss: 6.9581 - accuracy: 0.1395
50/98 [==============>...............] - ETA: 4s - loss: 6.8616 - accuracy: 0.1400
51/98 [==============>...............] - ETA: 4s - loss: 6.7679 - accuracy: 0.1406
52/98 [==============>...............] - ETA: 4s - loss: 6.6793 - accuracy: 0.1409
53/98 [===============>..............] - ETA: 4s - loss: 6.5934 - accuracy: 0.1421
54/98 [===============>..............] - ETA: 4s - loss: 6.5117 - accuracy: 0.1421
55/98 [===============>..............] - ETA: 4s - loss: 6.4322 - accuracy: 0.1430
56/98 [================>.............] - ETA: 4s - loss: 6.3564 - accuracy: 0.1436
57/98 [================>.............] - ETA: 4s - loss: 6.2820 - accuracy: 0.1439
58/98 [================>.............] - ETA: 3s - loss: 6.2107 - accuracy: 0.1441
59/98 [=================>............] - ETA: 3s - loss: 6.1422 - accuracy: 0.1445
60/98 [=================>............] - ETA: 3s - loss: 6.0756 - accuracy: 0.1454
61/98 [=================>............] - ETA: 3s - loss: 6.0110 - accuracy: 0.1463
62/98 [=================>............] - ETA: 3s - loss: 5.9481 - accuracy: 0.1471
63/98 [==================>...........] - ETA: 3s - loss: 5.8869 - accuracy: 0.1482
64/98 [==================>...........] - ETA: 3s - loss: 5.8284 - accuracy: 0.1485
65/98 [==================>...........] - ETA: 3s - loss: 5.7708 - accuracy: 0.1494
66/98 [===================>..........] - ETA: 3s - loss: 5.7150 - accuracy: 0.1504
67/98 [===================>..........] - ETA: 2s - loss: 5.6603 - accuracy: 0.1517
68/98 [===================>..........] - ETA: 2s - loss: 5.6075 - accuracy: 0.1527
69/98 [====================>.........] - ETA: 2s - loss: 5.5563 - accuracy: 0.1537
70/98 [====================>.........] - ETA: 2s - loss: 5.5069 - accuracy: 0.1548
71/98 [====================>.........] - ETA: 2s - loss: 5.4588 - accuracy: 0.1556
72/98 [=====================>........] - ETA: 2s - loss: 5.4116 - accuracy: 0.1565
73/98 [=====================>........] - ETA: 2s - loss: 5.3657 - accuracy: 0.1569
74/98 [=====================>........] - ETA: 2s - loss: 5.3208 - accuracy: 0.1573
75/98 [=====================>........] - ETA: 2s - loss: 5.2769 - accuracy: 0.1580
76/98 [======================>.......] - ETA: 2s - loss: 5.2334 - accuracy: 0.1586
77/98 [======================>.......] - ETA: 1s - loss: 5.1912 - accuracy: 0.1596
78/98 [======================>.......] - ETA: 1s - loss: 5.1507 - accuracy: 0.1603
79/98 [=======================>......] - ETA: 1s - loss: 5.1109 - accuracy: 0.1610
80/98 [=======================>......] - ETA: 1s - loss: 5.0723 - accuracy: 0.1616
81/98 [=======================>......] - ETA: 1s - loss: 5.0339 - accuracy: 0.1632
82/98 [========================>.....] - ETA: 1s - loss: 4.9966 - accuracy: 0.1642
83/98 [========================>.....] - ETA: 1s - loss: 4.9599 - accuracy: 0.1650
84/98 [========================>.....] - ETA: 1s - loss: 4.9244 - accuracy: 0.1663
85/98 [=========================>....] - ETA: 1s - loss: 4.8894 - accuracy: 0.1677
86/98 [=========================>....] - ETA: 1s - loss: 4.8558 - accuracy: 0.1691
87/98 [=========================>....] - ETA: 1s - loss: 4.8221 - accuracy: 0.1706
88/98 [=========================>....] - ETA: 0s - loss: 4.7900 - accuracy: 0.1717
89/98 [==========================>...] - ETA: 0s - loss: 4.7588 - accuracy: 0.1726
90/98 [==========================>...] - ETA: 0s - loss: 4.7274 - accuracy: 0.1738
91/98 [==========================>...] - ETA: 0s - loss: 4.6969 - accuracy: 0.1747
92/98 [===========================>..] - ETA: 0s - loss: 4.6666 - accuracy: 0.1758
93/98 [===========================>..] - ETA: 0s - loss: 4.6371 - accuracy: 0.1769
94/98 [===========================>..] - ETA: 0s - loss: 4.6085 - accuracy: 0.1779
95/98 [============================>.] - ETA: 0s - loss: 4.5806 - accuracy: 0.1789
96/98 [============================>.] - ETA: 0s - loss: 4.5531 - accuracy: 0.1797
97/98 [============================>.] - ETA: 0s - loss: 4.5260 - accuracy: 0.1809
98/98 [==============================] - ETA: 0s - loss: 4.4991 - accuracy: 0.1819
98/98 [==============================] - 17s 110ms/step - loss: 4.4991 - accuracy: 0.1819 - val_loss: 2.2121 - val_accuracy: 0.1951
Epoch 2/21

 1/98 [..............................] - ETA: 9s - loss: 1.9017 - accuracy: 0.3086
 2/98 [..............................] - ETA: 7s - loss: 1.9286 - accuracy: 0.2979
 3/98 [..............................] - ETA: 7s - loss: 1.9169 - accuracy: 0.2949
 4/98 [>.............................] - ETA: 7s - loss: 1.9233 - accuracy: 0.2852
 5/98 [>.............................] - ETA: 7s - loss: 1.9195 - accuracy: 0.2801
 6/98 [>.............................] - ETA: 7s - loss: 1.9200 - accuracy: 0.2812
 7/98 [=>............................] - ETA: 7s - loss: 1.9227 - accuracy: 0.2821
 8/98 [=>............................] - ETA: 7s - loss: 1.9190 - accuracy: 0.2866
 9/98 [=>............................] - ETA: 7s - loss: 1.9171 - accuracy: 0.2849
10/98 [==>...........................] - ETA: 7s - loss: 1.9177 - accuracy: 0.2871
11/98 [==>...........................] - ETA: 7s - loss: 1.9109 - accuracy: 0.2882
12/98 [==>...........................] - ETA: 7s - loss: 1.9019 - accuracy: 0.2892
13/98 [==>...........................] - ETA: 6s - loss: 1.8939 - accuracy: 0.2930
14/98 [===>..........................] - ETA: 6s - loss: 1.8958 - accuracy: 0.2941
15/98 [===>..........................] - ETA: 6s - loss: 1.8938 - accuracy: 0.2954
16/98 [===>..........................] - ETA: 6s - loss: 1.8937 - accuracy: 0.2968
17/98 [====>.........................] - ETA: 6s - loss: 1.8921 - accuracy: 0.2974
18/98 [====>.........................] - ETA: 6s - loss: 1.8886 - accuracy: 0.2979
19/98 [====>.........................] - ETA: 6s - loss: 1.8890 - accuracy: 0.2969
20/98 [=====>........................] - ETA: 6s - loss: 1.8889 - accuracy: 0.2973
21/98 [=====>........................] - ETA: 6s - loss: 1.8846 - accuracy: 0.2987
22/98 [=====>........................] - ETA: 6s - loss: 1.8841 - accuracy: 0.3000
23/98 [======>.......................] - ETA: 6s - loss: 1.8834 - accuracy: 0.2998
24/98 [======>.......................] - ETA: 6s - loss: 1.8843 - accuracy: 0.2995
25/98 [======>.......................] - ETA: 6s - loss: 1.8849 - accuracy: 0.2991
26/98 [======>.......................] - ETA: 5s - loss: 1.8838 - accuracy: 0.2996
27/98 [=======>......................] - ETA: 5s - loss: 1.8815 - accuracy: 0.2996
28/98 [=======>......................] - ETA: 5s - loss: 1.8808 - accuracy: 0.2994
29/98 [=======>......................] - ETA: 5s - loss: 1.8793 - accuracy: 0.3010
30/98 [========>.....................] - ETA: 5s - loss: 1.8782 - accuracy: 0.3008
31/98 [========>.....................] - ETA: 5s - loss: 1.8777 - accuracy: 0.3003
32/98 [========>.....................] - ETA: 5s - loss: 1.8763 - accuracy: 0.3018
34/98 [=========>....................] - ETA: 5s - loss: 1.8761 - accuracy: 0.3018
35/98 [=========>....................] - ETA: 5s - loss: 1.8756 - accuracy: 0.3016
36/98 [==========>...................] - ETA: 5s - loss: 1.8751 - accuracy: 0.3026
37/98 [==========>...................] - ETA: 4s - loss: 1.8733 - accuracy: 0.3039
38/98 [==========>...................] - ETA: 4s - loss: 1.8716 - accuracy: 0.3043
39/98 [==========>...................] - ETA: 4s - loss: 1.8724 - accuracy: 0.3039
40/98 [===========>..................] - ETA: 4s - loss: 1.8710 - accuracy: 0.3048
41/98 [===========>..................] - ETA: 4s - loss: 1.8718 - accuracy: 0.3051
42/98 [===========>..................] - ETA: 4s - loss: 1.8686 - accuracy: 0.3058
43/98 [============>.................] - ETA: 4s - loss: 1.8662 - accuracy: 0.3065
44/98 [============>.................] - ETA: 4s - loss: 1.8642 - accuracy: 0.3069
45/98 [============>.................] - ETA: 4s - loss: 1.8619 - accuracy: 0.3074
46/98 [=============>................] - ETA: 4s - loss: 1.8598 - accuracy: 0.3089
47/98 [=============>................] - ETA: 4s - loss: 1.8578 - accuracy: 0.3100
48/98 [=============>................] - ETA: 4s - loss: 1.8550 - accuracy: 0.3114
49/98 [==============>...............] - ETA: 4s - loss: 1.8530 - accuracy: 0.3116
50/98 [==============>...............] - ETA: 3s - loss: 1.8507 - accuracy: 0.3134
51/98 [==============>...............] - ETA: 3s - loss: 1.8485 - accuracy: 0.3145
52/98 [==============>...............] - ETA: 3s - loss: 1.8460 - accuracy: 0.3150
53/98 [===============>..............] - ETA: 3s - loss: 1.8427 - accuracy: 0.3169
54/98 [===============>..............] - ETA: 3s - loss: 1.8406 - accuracy: 0.3179
55/98 [===============>..............] - ETA: 3s - loss: 1.8369 - accuracy: 0.3200
56/98 [================>.............] - ETA: 3s - loss: 1.8347 - accuracy: 0.3208
57/98 [================>.............] - ETA: 3s - loss: 1.8341 - accuracy: 0.3209
58/98 [================>.............] - ETA: 3s - loss: 1.8336 - accuracy: 0.3209
59/98 [=================>............] - ETA: 3s - loss: 1.8309 - accuracy: 0.3218
60/98 [=================>............] - ETA: 3s - loss: 1.8287 - accuracy: 0.3231
61/98 [=================>............] - ETA: 3s - loss: 1.8256 - accuracy: 0.3244
62/98 [=================>............] - ETA: 2s - loss: 1.8247 - accuracy: 0.3251
63/98 [==================>...........] - ETA: 2s - loss: 1.8224 - accuracy: 0.3261
64/98 [==================>...........] - ETA: 2s - loss: 1.8209 - accuracy: 0.3266
65/98 [==================>...........] - ETA: 2s - loss: 1.8176 - accuracy: 0.3279
66/98 [===================>..........] - ETA: 2s - loss: 1.8168 - accuracy: 0.3286
67/98 [===================>..........] - ETA: 2s - loss: 1.8153 - accuracy: 0.3294
68/98 [===================>..........] - ETA: 2s - loss: 1.8148 - accuracy: 0.3299
69/98 [====================>.........] - ETA: 2s - loss: 1.8134 - accuracy: 0.3306
70/98 [====================>.........] - ETA: 2s - loss: 1.8120 - accuracy: 0.3314
71/98 [====================>.........] - ETA: 2s - loss: 1.8098 - accuracy: 0.3320
72/98 [=====================>........] - ETA: 2s - loss: 1.8074 - accuracy: 0.3330
73/98 [=====================>........] - ETA: 2s - loss: 1.8054 - accuracy: 0.3338
74/98 [=====================>........] - ETA: 1s - loss: 1.8051 - accuracy: 0.3341
75/98 [=====================>........] - ETA: 1s - loss: 1.8036 - accuracy: 0.3346
76/98 [======================>.......] - ETA: 1s - loss: 1.8027 - accuracy: 0.3347
77/98 [======================>.......] - ETA: 1s - loss: 1.8007 - accuracy: 0.3350
78/98 [======================>.......] - ETA: 1s - loss: 1.7999 - accuracy: 0.3354
79/98 [=======================>......] - ETA: 1s - loss: 1.7983 - accuracy: 0.3361
80/98 [=======================>......] - ETA: 1s - loss: 1.7960 - accuracy: 0.3371
81/98 [=======================>......] - ETA: 1s - loss: 1.7939 - accuracy: 0.3377
82/98 [========================>.....] - ETA: 1s - loss: 1.7909 - accuracy: 0.3390
83/98 [========================>.....] - ETA: 1s - loss: 1.7892 - accuracy: 0.3396
84/98 [========================>.....] - ETA: 1s - loss: 1.7892 - accuracy: 0.3399
85/98 [=========================>....] - ETA: 1s - loss: 1.7868 - accuracy: 0.3406
86/98 [=========================>....] - ETA: 0s - loss: 1.7856 - accuracy: 0.3408
87/98 [=========================>....] - ETA: 0s - loss: 1.7847 - accuracy: 0.3415
88/98 [=========================>....] - ETA: 0s - loss: 1.7827 - accuracy: 0.3420
89/98 [==========================>...] - ETA: 0s - loss: 1.7816 - accuracy: 0.3422
90/98 [==========================>...] - ETA: 0s - loss: 1.7808 - accuracy: 0.3425
91/98 [==========================>...] - ETA: 0s - loss: 1.7794 - accuracy: 0.3427
92/98 [===========================>..] - ETA: 0s - loss: 1.7786 - accuracy: 0.3432
93/98 [===========================>..] - ETA: 0s - loss: 1.7771 - accuracy: 0.3439
94/98 [===========================>..] - ETA: 0s - loss: 1.7751 - accuracy: 0.3448
95/98 [============================>.] - ETA: 0s - loss: 1.7741 - accuracy: 0.3451
96/98 [============================>.] - ETA: 0s - loss: 1.7731 - accuracy: 0.3455
97/98 [============================>.] - ETA: 0s - loss: 1.7723 - accuracy: 0.3457
98/98 [==============================] - ETA: 0s - loss: 1.7706 - accuracy: 0.3464
98/98 [==============================] - 9s 96ms/step - loss: 1.7706 - accuracy: 0.3464 - val_loss: 2.1555 - val_accuracy: 0.1968
Epoch 3/21

 1/98 [..............................] - ETA: 9s - loss: 1.6059 - accuracy: 0.4492
 2/98 [..............................] - ETA: 9s - loss: 1.6448 - accuracy: 0.4199
 3/98 [..............................] - ETA: 8s - loss: 1.6523 - accuracy: 0.4141
 4/98 [>.............................] - ETA: 7s - loss: 1.6658 - accuracy: 0.4028
 5/98 [>.............................] - ETA: 8s - loss: 1.6562 - accuracy: 0.4055
 6/98 [>.............................] - ETA: 7s - loss: 1.6535 - accuracy: 0.4010
 7/98 [=>............................] - ETA: 7s - loss: 1.6484 - accuracy: 0.3976
 8/98 [=>............................] - ETA: 7s - loss: 1.6489 - accuracy: 0.4038
 9/98 [=>............................] - ETA: 7s - loss: 1.6420 - accuracy: 0.4067
10/98 [==>...........................] - ETA: 7s - loss: 1.6434 - accuracy: 0.4061
11/98 [==>...........................] - ETA: 7s - loss: 1.6358 - accuracy: 0.4091
12/98 [==>...........................] - ETA: 7s - loss: 1.6324 - accuracy: 0.4103
13/98 [==>...........................] - ETA: 7s - loss: 1.6268 - accuracy: 0.4115
14/98 [===>..........................] - ETA: 6s - loss: 1.6253 - accuracy: 0.4121
15/98 [===>..........................] - ETA: 6s - loss: 1.6210 - accuracy: 0.4135
16/98 [===>..........................] - ETA: 6s - loss: 1.6265 - accuracy: 0.4136
17/98 [====>.........................] - ETA: 6s - loss: 1.6248 - accuracy: 0.4125
18/98 [====>.........................] - ETA: 6s - loss: 1.6197 - accuracy: 0.4143
19/98 [====>.........................] - ETA: 6s - loss: 1.6196 - accuracy: 0.4142
20/98 [=====>........................] - ETA: 6s - loss: 1.6190 - accuracy: 0.4128
21/98 [=====>........................] - ETA: 6s - loss: 1.6176 - accuracy: 0.4128
22/98 [=====>........................] - ETA: 6s - loss: 1.6161 - accuracy: 0.4129
23/98 [======>.......................] - ETA: 6s - loss: 1.6182 - accuracy: 0.4110
24/98 [======>.......................] - ETA: 5s - loss: 1.6172 - accuracy: 0.4111
25/98 [======>.......................] - ETA: 5s - loss: 1.6184 - accuracy: 0.4114
26/98 [======>.......................] - ETA: 5s - loss: 1.6172 - accuracy: 0.4105
27/98 [=======>......................] - ETA: 5s - loss: 1.6161 - accuracy: 0.4101
28/98 [=======>......................] - ETA: 5s - loss: 1.6172 - accuracy: 0.4104
29/98 [=======>......................] - ETA: 5s - loss: 1.6155 - accuracy: 0.4116
30/98 [========>.....................] - ETA: 5s - loss: 1.6183 - accuracy: 0.4110
31/98 [========>.....................] - ETA: 5s - loss: 1.6172 - accuracy: 0.4110
32/98 [========>.....................] - ETA: 5s - loss: 1.6161 - accuracy: 0.4114
33/98 [=========>....................] - ETA: 4s - loss: 1.6129 - accuracy: 0.4114
34/98 [=========>....................] - ETA: 4s - loss: 1.6124 - accuracy: 0.4107
35/98 [=========>....................] - ETA: 4s - loss: 1.6123 - accuracy: 0.4113
36/98 [==========>...................] - ETA: 4s - loss: 1.6122 - accuracy: 0.4113
37/98 [==========>...................] - ETA: 4s - loss: 1.6114 - accuracy: 0.4112
38/98 [==========>...................] - ETA: 4s - loss: 1.6096 - accuracy: 0.4112
39/98 [==========>...................] - ETA: 4s - loss: 1.6102 - accuracy: 0.4105
40/98 [===========>..................] - ETA: 4s - loss: 1.6093 - accuracy: 0.4107
41/98 [===========>..................] - ETA: 4s - loss: 1.6097 - accuracy: 0.4100
42/98 [===========>..................] - ETA: 4s - loss: 1.6102 - accuracy: 0.4101
43/98 [============>.................] - ETA: 4s - loss: 1.6092 - accuracy: 0.4108
44/98 [============>.................] - ETA: 3s - loss: 1.6094 - accuracy: 0.4106
45/98 [============>.................] - ETA: 3s - loss: 1.6082 - accuracy: 0.4109
46/98 [=============>................] - ETA: 3s - loss: 1.6080 - accuracy: 0.4111
47/98 [=============>................] - ETA: 3s - loss: 1.6067 - accuracy: 0.4107
48/98 [=============>................] - ETA: 3s - loss: 1.6044 - accuracy: 0.4114
49/98 [==============>...............] - ETA: 3s - loss: 1.6055 - accuracy: 0.4113
50/98 [==============>...............] - ETA: 3s - loss: 1.6056 - accuracy: 0.4107
51/98 [==============>...............] - ETA: 3s - loss: 1.6049 - accuracy: 0.4110
52/98 [==============>...............] - ETA: 3s - loss: 1.6037 - accuracy: 0.4115
53/98 [===============>..............] - ETA: 3s - loss: 1.6039 - accuracy: 0.4117
54/98 [===============>..............] - ETA: 3s - loss: 1.6026 - accuracy: 0.4127
55/98 [===============>..............] - ETA: 3s - loss: 1.6009 - accuracy: 0.4134
56/98 [================>.............] - ETA: 3s - loss: 1.6007 - accuracy: 0.4132
57/98 [================>.............] - ETA: 2s - loss: 1.6007 - accuracy: 0.4134
58/98 [================>.............] - ETA: 2s - loss: 1.6012 - accuracy: 0.4135
59/98 [=================>............] - ETA: 2s - loss: 1.6004 - accuracy: 0.4136
60/98 [=================>............] - ETA: 2s - loss: 1.5992 - accuracy: 0.4137
61/98 [=================>............] - ETA: 2s - loss: 1.6000 - accuracy: 0.4138
62/98 [=================>............] - ETA: 2s - loss: 1.6001 - accuracy: 0.4136
63/98 [==================>...........] - ETA: 2s - loss: 1.5999 - accuracy: 0.4132
64/98 [==================>...........] - ETA: 2s - loss: 1.6001 - accuracy: 0.4131
65/98 [==================>...........] - ETA: 2s - loss: 1.5983 - accuracy: 0.4139
66/98 [===================>..........] - ETA: 2s - loss: 1.5968 - accuracy: 0.4148
68/98 [===================>..........] - ETA: 2s - loss: 1.5958 - accuracy: 0.4153
69/98 [====================>.........] - ETA: 2s - loss: 1.5952 - accuracy: 0.4160
70/98 [====================>.........] - ETA: 2s - loss: 1.5936 - accuracy: 0.4169
71/98 [====================>.........] - ETA: 2s - loss: 1.5930 - accuracy: 0.4172
72/98 [=====================>........] - ETA: 1s - loss: 1.5916 - accuracy: 0.4175
73/98 [=====================>........] - ETA: 1s - loss: 1.5904 - accuracy: 0.4180
74/98 [=====================>........] - ETA: 1s - loss: 1.5903 - accuracy: 0.4180
75/98 [=====================>........] - ETA: 1s - loss: 1.5904 - accuracy: 0.4181
76/98 [======================>.......] - ETA: 1s - loss: 1.5901 - accuracy: 0.4185
77/98 [======================>.......] - ETA: 1s - loss: 1.5901 - accuracy: 0.4187
78/98 [======================>.......] - ETA: 1s - loss: 1.5893 - accuracy: 0.4188
79/98 [=======================>......] - ETA: 1s - loss: 1.5879 - accuracy: 0.4194
80/98 [=======================>......] - ETA: 1s - loss: 1.5876 - accuracy: 0.4199
81/98 [=======================>......] - ETA: 1s - loss: 1.5860 - accuracy: 0.4202
82/98 [========================>.....] - ETA: 1s - loss: 1.5851 - accuracy: 0.4201
83/98 [========================>.....] - ETA: 1s - loss: 1.5856 - accuracy: 0.4201
84/98 [========================>.....] - ETA: 1s - loss: 1.5845 - accuracy: 0.4206
85/98 [=========================>....] - ETA: 0s - loss: 1.5841 - accuracy: 0.4209
86/98 [=========================>....] - ETA: 0s - loss: 1.5841 - accuracy: 0.4211
87/98 [=========================>....] - ETA: 0s - loss: 1.5834 - accuracy: 0.4215
88/98 [=========================>....] - ETA: 0s - loss: 1.5821 - accuracy: 0.4221
89/98 [==========================>...] - ETA: 0s - loss: 1.5815 - accuracy: 0.4226
90/98 [==========================>...] - ETA: 0s - loss: 1.5798 - accuracy: 0.4233
91/98 [==========================>...] - ETA: 0s - loss: 1.5782 - accuracy: 0.4239
92/98 [===========================>..] - ETA: 0s - loss: 1.5778 - accuracy: 0.4241
93/98 [===========================>..] - ETA: 0s - loss: 1.5770 - accuracy: 0.4242
94/98 [===========================>..] - ETA: 0s - loss: 1.5772 - accuracy: 0.4241
95/98 [============================>.] - ETA: 0s - loss: 1.5775 - accuracy: 0.4243
96/98 [============================>.] - ETA: 0s - loss: 1.5773 - accuracy: 0.4243
97/98 [============================>.] - ETA: 0s - loss: 1.5762 - accuracy: 0.4248
98/98 [==============================] - ETA: 0s - loss: 1.5752 - accuracy: 0.4255
98/98 [==============================] - 9s 90ms/step - loss: 1.5752 - accuracy: 0.4255 - val_loss: 2.2179 - val_accuracy: 0.2481
Epoch 4/21

 1/98 [..............................] - ETA: 9s - loss: 1.5092 - accuracy: 0.4375
 2/98 [..............................] - ETA: 7s - loss: 1.5333 - accuracy: 0.4346
 3/98 [..............................] - ETA: 8s - loss: 1.5115 - accuracy: 0.4303
 4/98 [>.............................] - ETA: 7s - loss: 1.5229 - accuracy: 0.4326
 5/98 [>.............................] - ETA: 7s - loss: 1.5202 - accuracy: 0.4262
 6/98 [>.............................] - ETA: 7s - loss: 1.5315 - accuracy: 0.4294
 7/98 [=>............................] - ETA: 7s - loss: 1.5185 - accuracy: 0.4372
 8/98 [=>............................] - ETA: 7s - loss: 1.5113 - accuracy: 0.4363
 9/98 [=>............................] - ETA: 7s - loss: 1.5096 - accuracy: 0.4360
10/98 [==>...........................] - ETA: 7s - loss: 1.5144 - accuracy: 0.4350
11/98 [==>...........................] - ETA: 7s - loss: 1.5071 - accuracy: 0.4389
12/98 [==>...........................] - ETA: 7s - loss: 1.5093 - accuracy: 0.4370
13/98 [==>...........................] - ETA: 6s - loss: 1.5064 - accuracy: 0.4405
14/98 [===>..........................] - ETA: 6s - loss: 1.5049 - accuracy: 0.4400
15/98 [===>..........................] - ETA: 6s - loss: 1.5141 - accuracy: 0.4362
16/98 [===>..........................] - ETA: 6s - loss: 1.5105 - accuracy: 0.4380
17/98 [====>.........................] - ETA: 6s - loss: 1.5158 - accuracy: 0.4370
18/98 [====>.........................] - ETA: 6s - loss: 1.5128 - accuracy: 0.4373
19/98 [====>.........................] - ETA: 6s - loss: 1.5132 - accuracy: 0.4376
20/98 [=====>........................] - ETA: 6s - loss: 1.5111 - accuracy: 0.4385
21/98 [=====>........................] - ETA: 6s - loss: 1.5115 - accuracy: 0.4382
22/98 [=====>........................] - ETA: 6s - loss: 1.5104 - accuracy: 0.4399
23/98 [======>.......................] - ETA: 6s - loss: 1.5112 - accuracy: 0.4403
24/98 [======>.......................] - ETA: 6s - loss: 1.5091 - accuracy: 0.4412
26/98 [======>.......................] - ETA: 5s - loss: 1.5090 - accuracy: 0.4416
27/98 [=======>......................] - ETA: 5s - loss: 1.5093 - accuracy: 0.4421
28/98 [=======>......................] - ETA: 5s - loss: 1.5134 - accuracy: 0.4416
29/98 [=======>......................] - ETA: 5s - loss: 1.5106 - accuracy: 0.4426
30/98 [========>.....................] - ETA: 5s - loss: 1.5071 - accuracy: 0.4449
31/98 [========>.....................] - ETA: 5s - loss: 1.5049 - accuracy: 0.4456
32/98 [========>.....................] - ETA: 5s - loss: 1.5059 - accuracy: 0.4450
33/98 [=========>....................] - ETA: 5s - loss: 1.5020 - accuracy: 0.4465
34/98 [=========>....................] - ETA: 5s - loss: 1.4988 - accuracy: 0.4473
35/98 [=========>....................] - ETA: 5s - loss: 1.4982 - accuracy: 0.4476
36/98 [==========>...................] - ETA: 5s - loss: 1.4994 - accuracy: 0.4473
37/98 [==========>...................] - ETA: 5s - loss: 1.4989 - accuracy: 0.4481
38/98 [==========>...................] - ETA: 4s - loss: 1.4965 - accuracy: 0.4487
39/98 [==========>...................] - ETA: 4s - loss: 1.4973 - accuracy: 0.4493
40/98 [===========>..................] - ETA: 4s - loss: 1.4960 - accuracy: 0.4498
41/98 [===========>..................] - ETA: 4s - loss: 1.4948 - accuracy: 0.4506
42/98 [===========>..................] - ETA: 4s - loss: 1.4957 - accuracy: 0.4499
43/98 [============>.................] - ETA: 4s - loss: 1.4944 - accuracy: 0.4506
44/98 [============>.................] - ETA: 4s - loss: 1.4957 - accuracy: 0.4501
45/98 [============>.................] - ETA: 4s - loss: 1.4958 - accuracy: 0.4510
46/98 [=============>................] - ETA: 4s - loss: 1.4944 - accuracy: 0.4524
47/98 [=============>................] - ETA: 4s - loss: 1.4943 - accuracy: 0.4519
48/98 [=============>................] - ETA: 4s - loss: 1.4918 - accuracy: 0.4532
49/98 [==============>...............] - ETA: 4s - loss: 1.4917 - accuracy: 0.4536
50/98 [==============>...............] - ETA: 3s - loss: 1.4906 - accuracy: 0.4541
51/98 [==============>...............] - ETA: 3s - loss: 1.4886 - accuracy: 0.4555
52/98 [==============>...............] - ETA: 3s - loss: 1.4888 - accuracy: 0.4560
53/98 [===============>..............] - ETA: 3s - loss: 1.4880 - accuracy: 0.4561
54/98 [===============>..............] - ETA: 3s - loss: 1.4881 - accuracy: 0.4564
55/98 [===============>..............] - ETA: 3s - loss: 1.4862 - accuracy: 0.4571
56/98 [================>.............] - ETA: 3s - loss: 1.4877 - accuracy: 0.4565
57/98 [================>.............] - ETA: 3s - loss: 1.4869 - accuracy: 0.4570
58/98 [================>.............] - ETA: 3s - loss: 1.4858 - accuracy: 0.4574
59/98 [=================>............] - ETA: 3s - loss: 1.4856 - accuracy: 0.4576
60/98 [=================>............] - ETA: 3s - loss: 1.4847 - accuracy: 0.4581
61/98 [=================>............] - ETA: 3s - loss: 1.4840 - accuracy: 0.4581
62/98 [=================>............] - ETA: 2s - loss: 1.4827 - accuracy: 0.4587
63/98 [==================>...........] - ETA: 2s - loss: 1.4817 - accuracy: 0.4594
64/98 [==================>...........] - ETA: 2s - loss: 1.4815 - accuracy: 0.4596
65/98 [==================>...........] - ETA: 2s - loss: 1.4825 - accuracy: 0.4599
66/98 [===================>..........] - ETA: 2s - loss: 1.4827 - accuracy: 0.4596
67/98 [===================>..........] - ETA: 2s - loss: 1.4815 - accuracy: 0.4604
68/98 [===================>..........] - ETA: 2s - loss: 1.4800 - accuracy: 0.4609
69/98 [====================>.........] - ETA: 2s - loss: 1.4790 - accuracy: 0.4614
70/98 [====================>.........] - ETA: 2s - loss: 1.4783 - accuracy: 0.4613
71/98 [====================>.........] - ETA: 2s - loss: 1.4791 - accuracy: 0.4612
72/98 [=====================>........] - ETA: 2s - loss: 1.4777 - accuracy: 0.4616
73/98 [=====================>........] - ETA: 2s - loss: 1.4761 - accuracy: 0.4622
74/98 [=====================>........] - ETA: 1s - loss: 1.4764 - accuracy: 0.4621
75/98 [=====================>........] - ETA: 1s - loss: 1.4744 - accuracy: 0.4624
76/98 [======================>.......] - ETA: 1s - loss: 1.4747 - accuracy: 0.4624
77/98 [======================>.......] - ETA: 1s - loss: 1.4733 - accuracy: 0.4626
78/98 [======================>.......] - ETA: 1s - loss: 1.4720 - accuracy: 0.4630
79/98 [=======================>......] - ETA: 1s - loss: 1.4708 - accuracy: 0.4636
80/98 [=======================>......] - ETA: 1s - loss: 1.4703 - accuracy: 0.4641
81/98 [=======================>......] - ETA: 1s - loss: 1.4705 - accuracy: 0.4643
82/98 [========================>.....] - ETA: 1s - loss: 1.4705 - accuracy: 0.4644
83/98 [========================>.....] - ETA: 1s - loss: 1.4701 - accuracy: 0.4649
84/98 [========================>.....] - ETA: 1s - loss: 1.4696 - accuracy: 0.4649
85/98 [=========================>....] - ETA: 1s - loss: 1.4685 - accuracy: 0.4655
86/98 [=========================>....] - ETA: 0s - loss: 1.4676 - accuracy: 0.4656
87/98 [=========================>....] - ETA: 0s - loss: 1.4662 - accuracy: 0.4660
88/98 [=========================>....] - ETA: 0s - loss: 1.4648 - accuracy: 0.4666
89/98 [==========================>...] - ETA: 0s - loss: 1.4647 - accuracy: 0.4664
90/98 [==========================>...] - ETA: 0s - loss: 1.4637 - accuracy: 0.4669
91/98 [==========================>...] - ETA: 0s - loss: 1.4636 - accuracy: 0.4673
92/98 [===========================>..] - ETA: 0s - loss: 1.4631 - accuracy: 0.4675
93/98 [===========================>..] - ETA: 0s - loss: 1.4625 - accuracy: 0.4677
94/98 [===========================>..] - ETA: 0s - loss: 1.4619 - accuracy: 0.4682
95/98 [============================>.] - ETA: 0s - loss: 1.4613 - accuracy: 0.4685
96/98 [============================>.] - ETA: 0s - loss: 1.4606 - accuracy: 0.4686
97/98 [============================>.] - ETA: 0s - loss: 1.4596 - accuracy: 0.4688
98/98 [==============================] - ETA: 0s - loss: 1.4591 - accuracy: 0.4689
98/98 [==============================] - 9s 96ms/step - loss: 1.4591 - accuracy: 0.4689 - val_loss: 1.8123 - val_accuracy: 0.3710
Epoch 5/21

 1/98 [..............................] - ETA: 9s - loss: 1.3545 - accuracy: 0.4961
 2/98 [..............................] - ETA: 6s - loss: 1.4177 - accuracy: 0.4785
 3/98 [..............................] - ETA: 7s - loss: 1.4065 - accuracy: 0.4792
 4/98 [>.............................] - ETA: 7s - loss: 1.4090 - accuracy: 0.4839
 5/98 [>.............................] - ETA: 7s - loss: 1.4192 - accuracy: 0.4898
 6/98 [>.............................] - ETA: 7s - loss: 1.4355 - accuracy: 0.4827
 7/98 [=>............................] - ETA: 7s - loss: 1.4180 - accuracy: 0.4866
 8/98 [=>............................] - ETA: 7s - loss: 1.4069 - accuracy: 0.4907
 9/98 [=>............................] - ETA: 7s - loss: 1.4067 - accuracy: 0.4889
10/98 [==>...........................] - ETA: 7s - loss: 1.4007 - accuracy: 0.4900
11/98 [==>...........................] - ETA: 7s - loss: 1.4072 - accuracy: 0.4877
12/98 [==>...........................] - ETA: 7s - loss: 1.4042 - accuracy: 0.4884
13/98 [==>...........................] - ETA: 7s - loss: 1.4027 - accuracy: 0.4883
14/98 [===>..........................] - ETA: 6s - loss: 1.3993 - accuracy: 0.4895
15/98 [===>..........................] - ETA: 6s - loss: 1.3994 - accuracy: 0.4910
16/98 [===>..........................] - ETA: 6s - loss: 1.4005 - accuracy: 0.4911
17/98 [====>.........................] - ETA: 6s - loss: 1.4023 - accuracy: 0.4907
18/98 [====>.........................] - ETA: 6s - loss: 1.4036 - accuracy: 0.4921
19/98 [====>.........................] - ETA: 6s - loss: 1.4062 - accuracy: 0.4923
20/98 [=====>........................] - ETA: 6s - loss: 1.4101 - accuracy: 0.4924
21/98 [=====>........................] - ETA: 6s - loss: 1.4118 - accuracy: 0.4925
22/98 [=====>........................] - ETA: 6s - loss: 1.4126 - accuracy: 0.4928
23/98 [======>.......................] - ETA: 6s - loss: 1.4164 - accuracy: 0.4913
24/98 [======>.......................] - ETA: 6s - loss: 1.4171 - accuracy: 0.4910
25/98 [======>.......................] - ETA: 6s - loss: 1.4158 - accuracy: 0.4930
26/98 [======>.......................] - ETA: 5s - loss: 1.4166 - accuracy: 0.4923
27/98 [=======>......................] - ETA: 5s - loss: 1.4142 - accuracy: 0.4923
28/98 [=======>......................] - ETA: 5s - loss: 1.4170 - accuracy: 0.4911
29/98 [=======>......................] - ETA: 5s - loss: 1.4164 - accuracy: 0.4923
30/98 [========>.....................] - ETA: 5s - loss: 1.4198 - accuracy: 0.4906
31/98 [========>.....................] - ETA: 5s - loss: 1.4222 - accuracy: 0.4894
32/98 [========>.....................] - ETA: 5s - loss: 1.4233 - accuracy: 0.4893
33/98 [=========>....................] - ETA: 5s - loss: 1.4227 - accuracy: 0.4891
34/98 [=========>....................] - ETA: 5s - loss: 1.4224 - accuracy: 0.4894
35/98 [=========>....................] - ETA: 5s - loss: 1.4234 - accuracy: 0.4885
36/98 [==========>...................] - ETA: 5s - loss: 1.4230 - accuracy: 0.4881
37/98 [==========>...................] - ETA: 5s - loss: 1.4229 - accuracy: 0.4876
38/98 [==========>...................] - ETA: 4s - loss: 1.4229 - accuracy: 0.4867
39/98 [==========>...................] - ETA: 4s - loss: 1.4221 - accuracy: 0.4863
40/98 [===========>..................] - ETA: 4s - loss: 1.4251 - accuracy: 0.4854
41/98 [===========>..................] - ETA: 4s - loss: 1.4249 - accuracy: 0.4851
42/98 [===========>..................] - ETA: 4s - loss: 1.4261 - accuracy: 0.4847
43/98 [============>.................] - ETA: 4s - loss: 1.4289 - accuracy: 0.4833
44/98 [============>.................] - ETA: 4s - loss: 1.4290 - accuracy: 0.4836
45/98 [============>.................] - ETA: 4s - loss: 1.4293 - accuracy: 0.4837
46/98 [=============>................] - ETA: 4s - loss: 1.4276 - accuracy: 0.4843
47/98 [=============>................] - ETA: 4s - loss: 1.4264 - accuracy: 0.4847
48/98 [=============>................] - ETA: 4s - loss: 1.4269 - accuracy: 0.4843
