2024-06-26 05:21:17.239867: I tensorflow/core/platform/cpu_feature_guard.cc:193] This TensorFlow binary is optimized with oneAPI Deep Neural Network Library (oneDNN) to use the following CPU instructions in performance-critical operations:  AVX AVX2
To enable them in other operations, rebuild TensorFlow with the appropriate compiler flags.
2024-06-26 05:21:18.311318: I tensorflow/core/common_runtime/gpu/gpu_device.cc:1616] Created device /job:localhost/replica:0/task:0/device:GPU:0 with 6656 MB memory:  -> device: 0, name: NVIDIA GeForce RTX 4060 Ti, pci bus id: 0000:01:00.0, compute capability: 8.9
1 Physical GPUs, 1 Logical GPUs
Model: "sequential"
_________________________________________________________________
 Layer (type)                Output Shape              Param #   
=================================================================
 conv2d (Conv2D)             (None, 32, 32, 32)        896       
                                                                 
 max_pooling2d (MaxPooling2D  (None, 16, 16, 32)       0         
 )                                                               
                                                                 
 batch_normalization (BatchN  (None, 16, 16, 32)       128       
 ormalization)                                                   
                                                                 
 conv2d_1 (Conv2D)           (None, 16, 16, 32)        25632     
                                                                 
 max_pooling2d_1 (MaxPooling  (None, 8, 8, 32)         0         
 2D)                                                             
                                                                 
 conv2d_2 (Conv2D)           (None, 8, 8, 256)         991488    
                                                                 
 dropout (Dropout)           (None, 8, 8, 256)         0         
                                                                 
 flatten (Flatten)           (None, 16384)             0         
                                                                 
 dense (Dense)               (None, 10)                163850    
                                                                 
=================================================================
Total params: 1,181,994
Trainable params: 1,181,930
Non-trainable params: 64
_________________________________________________________________
Taxa de aprendizado:  0.01 Num de épocas:  21 Tamanho do lote:  512 Dropout:  0.38436
Epoch 1/21
2024-06-26 05:21:20.281641: I tensorflow/stream_executor/cuda/cuda_dnn.cc:384] Loaded cuDNN version 8100
2024-06-26 05:21:21.840198: W tensorflow/stream_executor/gpu/redzone_allocator.cc:314] INTERNAL: ptxas exited with non-zero error code -1, output: 
Relying on driver to perform ptx compilation. 
Modify $PATH to customize ptxas location.
This message will be only logged once.
2024-06-26 05:21:23.900781: I tensorflow/stream_executor/cuda/cuda_blas.cc:1614] TensorFloat-32 will be used for the matrix multiplication. This will only be logged once.

 1/98 [..............................] - ETA: 11:00 - loss: 2.3441 - accuracy: 0.0898
 2/98 [..............................] - ETA: 6s - loss: 140.3109 - accuracy: 0.0811 
 3/98 [..............................] - ETA: 6s - loss: 94.8840 - accuracy: 0.0924 
 4/98 [>.............................] - ETA: 6s - loss: 72.1803 - accuracy: 0.0972
 5/98 [>.............................] - ETA: 6s - loss: 58.2560 - accuracy: 0.0973
 6/98 [>.............................] - ETA: 6s - loss: 48.9339 - accuracy: 0.0983
 7/98 [=>............................] - ETA: 6s - loss: 42.2712 - accuracy: 0.0991
 8/98 [=>............................] - ETA: 6s - loss: 37.2736 - accuracy: 0.1025
 9/98 [=>............................] - ETA: 5s - loss: 33.3871 - accuracy: 0.1048
10/98 [==>...........................] - ETA: 5s - loss: 30.2820 - accuracy: 0.1061
11/98 [==>...........................] - ETA: 5s - loss: 27.7432 - accuracy: 0.1065
12/98 [==>...........................] - ETA: 5s - loss: 25.6234 - accuracy: 0.1063
13/98 [==>...........................] - ETA: 5s - loss: 23.8292 - accuracy: 0.1082
14/98 [===>..........................] - ETA: 5s - loss: 22.2908 - accuracy: 0.1083
15/98 [===>..........................] - ETA: 5s - loss: 20.9580 - accuracy: 0.1086
16/98 [===>..........................] - ETA: 5s - loss: 19.7917 - accuracy: 0.1071
17/98 [====>.........................] - ETA: 5s - loss: 18.7617 - accuracy: 0.1068
18/98 [====>.........................] - ETA: 5s - loss: 17.8464 - accuracy: 0.1073
20/98 [=====>........................] - ETA: 5s - loss: 16.2903 - accuracy: 0.1078
21/98 [=====>........................] - ETA: 5s - loss: 15.6217 - accuracy: 0.1091
22/98 [=====>........................] - ETA: 5s - loss: 15.0156 - accuracy: 0.1105
23/98 [======>.......................] - ETA: 5s - loss: 14.4628 - accuracy: 0.1126
24/98 [======>.......................] - ETA: 5s - loss: 13.9556 - accuracy: 0.1130
25/98 [======>.......................] - ETA: 5s - loss: 13.4884 - accuracy: 0.1136
26/98 [======>.......................] - ETA: 5s - loss: 13.0561 - accuracy: 0.1145
27/98 [=======>......................] - ETA: 5s - loss: 12.6571 - accuracy: 0.1150
28/98 [=======>......................] - ETA: 4s - loss: 12.2859 - accuracy: 0.1153
29/98 [=======>......................] - ETA: 4s - loss: 11.9398 - accuracy: 0.1154
30/98 [========>.....................] - ETA: 4s - loss: 11.6182 - accuracy: 0.1155
31/98 [========>.....................] - ETA: 4s - loss: 11.3169 - accuracy: 0.1176
32/98 [========>.....................] - ETA: 4s - loss: 11.0336 - accuracy: 0.1189
33/98 [=========>....................] - ETA: 4s - loss: 10.7674 - accuracy: 0.1198
34/98 [=========>....................] - ETA: 4s - loss: 10.5168 - accuracy: 0.1210
35/98 [=========>....................] - ETA: 4s - loss: 10.2801 - accuracy: 0.1222
36/98 [==========>...................] - ETA: 4s - loss: 10.0569 - accuracy: 0.1232
37/98 [==========>...................] - ETA: 4s - loss: 9.8466 - accuracy: 0.1239 
38/98 [==========>...................] - ETA: 4s - loss: 9.6460 - accuracy: 0.1249
39/98 [==========>...................] - ETA: 4s - loss: 9.4559 - accuracy: 0.1253
40/98 [===========>..................] - ETA: 4s - loss: 9.2746 - accuracy: 0.1255
41/98 [===========>..................] - ETA: 4s - loss: 9.1016 - accuracy: 0.1264
42/98 [===========>..................] - ETA: 4s - loss: 8.9377 - accuracy: 0.1273
43/98 [============>.................] - ETA: 4s - loss: 8.7814 - accuracy: 0.1273
44/98 [============>.................] - ETA: 4s - loss: 8.6313 - accuracy: 0.1278
45/98 [============>.................] - ETA: 4s - loss: 8.4890 - accuracy: 0.1280
46/98 [=============>................] - ETA: 3s - loss: 8.3519 - accuracy: 0.1284
47/98 [=============>................] - ETA: 3s - loss: 8.2206 - accuracy: 0.1292
48/98 [=============>................] - ETA: 3s - loss: 8.0957 - accuracy: 0.1298
49/98 [==============>...............] - ETA: 3s - loss: 7.9744 - accuracy: 0.1305
50/98 [==============>...............] - ETA: 3s - loss: 7.8590 - accuracy: 0.1315
51/98 [==============>...............] - ETA: 3s - loss: 7.7468 - accuracy: 0.1319
52/98 [==============>...............] - ETA: 3s - loss: 7.6406 - accuracy: 0.1325
53/98 [===============>..............] - ETA: 3s - loss: 7.5358 - accuracy: 0.1341
54/98 [===============>..............] - ETA: 3s - loss: 7.4358 - accuracy: 0.1348
55/98 [===============>..............] - ETA: 3s - loss: 7.3391 - accuracy: 0.1353
56/98 [================>.............] - ETA: 3s - loss: 7.2456 - accuracy: 0.1361
57/98 [================>.............] - ETA: 3s - loss: 7.1559 - accuracy: 0.1370
58/98 [================>.............] - ETA: 3s - loss: 7.0688 - accuracy: 0.1379
59/98 [=================>............] - ETA: 3s - loss: 6.9846 - accuracy: 0.1386
60/98 [=================>............] - ETA: 2s - loss: 6.9032 - accuracy: 0.1396
61/98 [=================>............] - ETA: 3s - loss: 6.8512 - accuracy: 0.1399
62/98 [=================>............] - ETA: 3s - loss: 6.7735 - accuracy: 0.1406
63/98 [==================>...........] - ETA: 3s - loss: 6.6987 - accuracy: 0.1414
64/98 [==================>...........] - ETA: 3s - loss: 6.6264 - accuracy: 0.1426
65/98 [==================>...........] - ETA: 3s - loss: 6.5564 - accuracy: 0.1431
66/98 [===================>..........] - ETA: 3s - loss: 6.4879 - accuracy: 0.1435
67/98 [===================>..........] - ETA: 3s - loss: 6.4210 - accuracy: 0.1440
68/98 [===================>..........] - ETA: 2s - loss: 6.3565 - accuracy: 0.1446
69/98 [====================>.........] - ETA: 2s - loss: 6.2936 - accuracy: 0.1455
70/98 [====================>.........] - ETA: 2s - loss: 6.2322 - accuracy: 0.1464
71/98 [====================>.........] - ETA: 2s - loss: 6.1725 - accuracy: 0.1474
72/98 [=====================>........] - ETA: 2s - loss: 6.1152 - accuracy: 0.1481
73/98 [=====================>........] - ETA: 2s - loss: 6.0579 - accuracy: 0.1494
74/98 [=====================>........] - ETA: 2s - loss: 6.0026 - accuracy: 0.1505
75/98 [=====================>........] - ETA: 2s - loss: 5.9495 - accuracy: 0.1513
76/98 [======================>.......] - ETA: 2s - loss: 5.8974 - accuracy: 0.1522
77/98 [======================>.......] - ETA: 2s - loss: 5.8470 - accuracy: 0.1530
78/98 [======================>.......] - ETA: 1s - loss: 5.7980 - accuracy: 0.1534
79/98 [=======================>......] - ETA: 1s - loss: 5.7499 - accuracy: 0.1540
80/98 [=======================>......] - ETA: 1s - loss: 5.7032 - accuracy: 0.1546
81/98 [=======================>......] - ETA: 1s - loss: 5.6576 - accuracy: 0.1552
82/98 [========================>.....] - ETA: 1s - loss: 5.6125 - accuracy: 0.1565
83/98 [========================>.....] - ETA: 1s - loss: 5.5679 - accuracy: 0.1573
84/98 [========================>.....] - ETA: 1s - loss: 5.5247 - accuracy: 0.1583
85/98 [=========================>....] - ETA: 1s - loss: 5.4835 - accuracy: 0.1593
86/98 [=========================>....] - ETA: 1s - loss: 5.4428 - accuracy: 0.1598
87/98 [=========================>....] - ETA: 1s - loss: 5.4033 - accuracy: 0.1604
88/98 [=========================>....] - ETA: 0s - loss: 5.3642 - accuracy: 0.1611
89/98 [==========================>...] - ETA: 0s - loss: 5.3268 - accuracy: 0.1614
90/98 [==========================>...] - ETA: 0s - loss: 5.2891 - accuracy: 0.1623
91/98 [==========================>...] - ETA: 0s - loss: 5.2529 - accuracy: 0.1629
92/98 [===========================>..] - ETA: 0s - loss: 5.2174 - accuracy: 0.1634
93/98 [===========================>..] - ETA: 0s - loss: 5.1816 - accuracy: 0.1642
94/98 [===========================>..] - ETA: 0s - loss: 5.1475 - accuracy: 0.1649
95/98 [============================>.] - ETA: 0s - loss: 5.1135 - accuracy: 0.1656
96/98 [============================>.] - ETA: 0s - loss: 5.0805 - accuracy: 0.1662
97/98 [============================>.] - ETA: 0s - loss: 5.0479 - accuracy: 0.1671
98/98 [==============================] - ETA: 0s - loss: 5.0160 - accuracy: 0.1679
98/98 [==============================] - 18s 112ms/step - loss: 5.0160 - accuracy: 0.1679 - val_loss: 2.3092 - val_accuracy: 0.1334
Epoch 2/21

 1/98 [..............................] - ETA: 9s - loss: 1.9829 - accuracy: 0.2363
 2/98 [..............................] - ETA: 8s - loss: 1.9565 - accuracy: 0.2480
 3/98 [..............................] - ETA: 8s - loss: 1.9481 - accuracy: 0.2533
 4/98 [>.............................] - ETA: 8s - loss: 1.9488 - accuracy: 0.2549
 5/98 [>.............................] - ETA: 8s - loss: 1.9500 - accuracy: 0.2453
 6/98 [>.............................] - ETA: 7s - loss: 1.9541 - accuracy: 0.2422
 7/98 [=>............................] - ETA: 7s - loss: 1.9501 - accuracy: 0.2422
 8/98 [=>............................] - ETA: 7s - loss: 1.9440 - accuracy: 0.2429
 9/98 [=>............................] - ETA: 7s - loss: 1.9405 - accuracy: 0.2424
10/98 [==>...........................] - ETA: 7s - loss: 1.9380 - accuracy: 0.2416
11/98 [==>...........................] - ETA: 7s - loss: 1.9315 - accuracy: 0.2440
12/98 [==>...........................] - ETA: 7s - loss: 1.9261 - accuracy: 0.2459
13/98 [==>...........................] - ETA: 7s - loss: 1.9252 - accuracy: 0.2479
14/98 [===>..........................] - ETA: 7s - loss: 1.9265 - accuracy: 0.2462
15/98 [===>..........................] - ETA: 6s - loss: 1.9243 - accuracy: 0.2456
16/98 [===>..........................] - ETA: 6s - loss: 1.9234 - accuracy: 0.2455
17/98 [====>.........................] - ETA: 6s - loss: 1.9230 - accuracy: 0.2456
18/98 [====>.........................] - ETA: 6s - loss: 1.9224 - accuracy: 0.2449
19/98 [====>.........................] - ETA: 6s - loss: 1.9241 - accuracy: 0.2454
20/98 [=====>........................] - ETA: 6s - loss: 1.9199 - accuracy: 0.2454
21/98 [=====>........................] - ETA: 6s - loss: 1.9205 - accuracy: 0.2472
22/98 [=====>........................] - ETA: 6s - loss: 1.9177 - accuracy: 0.2461
23/98 [======>.......................] - ETA: 6s - loss: 1.9181 - accuracy: 0.2474
24/98 [======>.......................] - ETA: 6s - loss: 1.9173 - accuracy: 0.2482
25/98 [======>.......................] - ETA: 6s - loss: 1.9137 - accuracy: 0.2487
26/98 [======>.......................] - ETA: 6s - loss: 1.9124 - accuracy: 0.2498
27/98 [=======>......................] - ETA: 5s - loss: 1.9103 - accuracy: 0.2503
28/98 [=======>......................] - ETA: 5s - loss: 1.9111 - accuracy: 0.2503
29/98 [=======>......................] - ETA: 5s - loss: 1.9094 - accuracy: 0.2507
30/98 [========>.....................] - ETA: 5s - loss: 1.9072 - accuracy: 0.2517
31/98 [========>.....................] - ETA: 5s - loss: 1.9077 - accuracy: 0.2521
32/98 [========>.....................] - ETA: 5s - loss: 1.9074 - accuracy: 0.2536
33/98 [=========>....................] - ETA: 5s - loss: 1.9060 - accuracy: 0.2541
34/98 [=========>....................] - ETA: 5s - loss: 1.9075 - accuracy: 0.2533
35/98 [=========>....................] - ETA: 5s - loss: 1.9052 - accuracy: 0.2536
36/98 [==========>...................] - ETA: 5s - loss: 1.9041 - accuracy: 0.2542
37/98 [==========>...................] - ETA: 5s - loss: 1.9029 - accuracy: 0.2549
38/98 [==========>...................] - ETA: 5s - loss: 1.9009 - accuracy: 0.2562
39/98 [==========>...................] - ETA: 4s - loss: 1.9003 - accuracy: 0.2573
40/98 [===========>..................] - ETA: 4s - loss: 1.8983 - accuracy: 0.2583
41/98 [===========>..................] - ETA: 4s - loss: 1.8964 - accuracy: 0.2595
42/98 [===========>..................] - ETA: 4s - loss: 1.8945 - accuracy: 0.2600
43/98 [============>.................] - ETA: 4s - loss: 1.8929 - accuracy: 0.2611
44/98 [============>.................] - ETA: 4s - loss: 1.8929 - accuracy: 0.2617
45/98 [============>.................] - ETA: 4s - loss: 1.8937 - accuracy: 0.2611
46/98 [=============>................] - ETA: 4s - loss: 1.8931 - accuracy: 0.2612
47/98 [=============>................] - ETA: 4s - loss: 1.8933 - accuracy: 0.2611
48/98 [=============>................] - ETA: 4s - loss: 1.8915 - accuracy: 0.2619
49/98 [==============>...............] - ETA: 4s - loss: 1.8906 - accuracy: 0.2626
50/98 [==============>...............] - ETA: 4s - loss: 1.8897 - accuracy: 0.2633
51/98 [==============>...............] - ETA: 3s - loss: 1.8897 - accuracy: 0.2640
52/98 [==============>...............] - ETA: 3s - loss: 1.8897 - accuracy: 0.2637
53/98 [===============>..............] - ETA: 3s - loss: 1.8881 - accuracy: 0.2647
54/98 [===============>..............] - ETA: 3s - loss: 1.8876 - accuracy: 0.2653
55/98 [===============>..............] - ETA: 3s - loss: 1.8865 - accuracy: 0.2666
56/98 [================>.............] - ETA: 3s - loss: 1.8853 - accuracy: 0.2672
57/98 [================>.............] - ETA: 3s - loss: 1.8844 - accuracy: 0.2678
58/98 [================>.............] - ETA: 3s - loss: 1.8833 - accuracy: 0.2682
59/98 [=================>............] - ETA: 3s - loss: 1.8822 - accuracy: 0.2691
60/98 [=================>............] - ETA: 3s - loss: 1.8842 - accuracy: 0.2697
61/98 [=================>............] - ETA: 3s - loss: 1.8828 - accuracy: 0.2700
62/98 [=================>............] - ETA: 3s - loss: 1.8816 - accuracy: 0.2710
63/98 [==================>...........] - ETA: 2s - loss: 1.8812 - accuracy: 0.2712
64/98 [==================>...........] - ETA: 2s - loss: 1.8811 - accuracy: 0.2713
65/98 [==================>...........] - ETA: 2s - loss: 1.8812 - accuracy: 0.2713
66/98 [===================>..........] - ETA: 2s - loss: 1.8804 - accuracy: 0.2711
67/98 [===================>..........] - ETA: 2s - loss: 1.8785 - accuracy: 0.2716
68/98 [===================>..........] - ETA: 2s - loss: 1.8768 - accuracy: 0.2727
69/98 [====================>.........] - ETA: 2s - loss: 1.8769 - accuracy: 0.2733
70/98 [====================>.........] - ETA: 2s - loss: 1.8779 - accuracy: 0.2736
71/98 [====================>.........] - ETA: 2s - loss: 1.8769 - accuracy: 0.2743
72/98 [=====================>........] - ETA: 2s - loss: 1.8759 - accuracy: 0.2746
73/98 [=====================>........] - ETA: 2s - loss: 1.8753 - accuracy: 0.2756
74/98 [=====================>........] - ETA: 2s - loss: 1.8744 - accuracy: 0.2759
75/98 [=====================>........] - ETA: 1s - loss: 1.8744 - accuracy: 0.2761
76/98 [======================>.......] - ETA: 1s - loss: 1.8738 - accuracy: 0.2765
77/98 [======================>.......] - ETA: 1s - loss: 1.8728 - accuracy: 0.2774
78/98 [======================>.......] - ETA: 1s - loss: 1.8712 - accuracy: 0.2783
79/98 [=======================>......] - ETA: 1s - loss: 1.8704 - accuracy: 0.2786
80/98 [=======================>......] - ETA: 1s - loss: 1.8690 - accuracy: 0.2798
81/98 [=======================>......] - ETA: 1s - loss: 1.8689 - accuracy: 0.2804
82/98 [========================>.....] - ETA: 1s - loss: 1.8682 - accuracy: 0.2812
84/98 [========================>.....] - ETA: 1s - loss: 1.8657 - accuracy: 0.2823
85/98 [=========================>....] - ETA: 1s - loss: 1.8648 - accuracy: 0.2828
86/98 [=========================>....] - ETA: 1s - loss: 1.8643 - accuracy: 0.2834
87/98 [=========================>....] - ETA: 0s - loss: 1.8629 - accuracy: 0.2837
88/98 [=========================>....] - ETA: 0s - loss: 1.8612 - accuracy: 0.2843
89/98 [==========================>...] - ETA: 0s - loss: 1.8599 - accuracy: 0.2848
90/98 [==========================>...] - ETA: 0s - loss: 1.8590 - accuracy: 0.2852
91/98 [==========================>...] - ETA: 0s - loss: 1.8570 - accuracy: 0.2860
92/98 [===========================>..] - ETA: 0s - loss: 1.8564 - accuracy: 0.2866
93/98 [===========================>..] - ETA: 0s - loss: 1.8552 - accuracy: 0.2880
94/98 [===========================>..] - ETA: 0s - loss: 1.8540 - accuracy: 0.2886
95/98 [============================>.] - ETA: 0s - loss: 1.8527 - accuracy: 0.2891
96/98 [============================>.] - ETA: 0s - loss: 1.8517 - accuracy: 0.2895
97/98 [============================>.] - ETA: 0s - loss: 1.8505 - accuracy: 0.2904
98/98 [==============================] - ETA: 0s - loss: 1.8504 - accuracy: 0.2907
98/98 [==============================] - 10s 98ms/step - loss: 1.8504 - accuracy: 0.2907 - val_loss: 2.2605 - val_accuracy: 0.1603
Epoch 3/21

 1/98 [..............................] - ETA: 5s - loss: 1.8026 - accuracy: 0.3301
 2/98 [..............................] - ETA: 7s - loss: 1.7959 - accuracy: 0.3398
 3/98 [..............................] - ETA: 6s - loss: 1.7601 - accuracy: 0.3392
 4/98 [>.............................] - ETA: 6s - loss: 1.7363 - accuracy: 0.3457
 5/98 [>.............................] - ETA: 6s - loss: 1.7455 - accuracy: 0.3465
 6/98 [>.............................] - ETA: 6s - loss: 1.7387 - accuracy: 0.3503
 7/98 [=>............................] - ETA: 6s - loss: 1.7427 - accuracy: 0.3493
 8/98 [=>............................] - ETA: 6s - loss: 1.7368 - accuracy: 0.3508
 9/98 [=>............................] - ETA: 5s - loss: 1.7398 - accuracy: 0.3492
10/98 [==>...........................] - ETA: 5s - loss: 1.7364 - accuracy: 0.3514
11/98 [==>...........................] - ETA: 5s - loss: 1.7371 - accuracy: 0.3521
12/98 [==>...........................] - ETA: 5s - loss: 1.7332 - accuracy: 0.3537
13/98 [==>...........................] - ETA: 5s - loss: 1.7306 - accuracy: 0.3534
14/98 [===>..........................] - ETA: 5s - loss: 1.7302 - accuracy: 0.3546
15/98 [===>..........................] - ETA: 5s - loss: 1.7266 - accuracy: 0.3568
16/98 [===>..........................] - ETA: 5s - loss: 1.7254 - accuracy: 0.3571
17/98 [====>.........................] - ETA: 5s - loss: 1.7238 - accuracy: 0.3548
18/98 [====>.........................] - ETA: 5s - loss: 1.7193 - accuracy: 0.3576
19/98 [====>.........................] - ETA: 5s - loss: 1.7135 - accuracy: 0.3595
20/98 [=====>........................] - ETA: 5s - loss: 1.7106 - accuracy: 0.3604
21/98 [=====>........................] - ETA: 5s - loss: 1.7076 - accuracy: 0.3618
22/98 [=====>........................] - ETA: 5s - loss: 1.7050 - accuracy: 0.3623
23/98 [======>.......................] - ETA: 4s - loss: 1.7037 - accuracy: 0.3631
24/98 [======>.......................] - ETA: 4s - loss: 1.7029 - accuracy: 0.3655
25/98 [======>.......................] - ETA: 4s - loss: 1.7012 - accuracy: 0.3659
26/98 [======>.......................] - ETA: 4s - loss: 1.6995 - accuracy: 0.3664
27/98 [=======>......................] - ETA: 4s - loss: 1.6999 - accuracy: 0.3655
28/98 [=======>......................] - ETA: 4s - loss: 1.6999 - accuracy: 0.3648
29/98 [=======>......................] - ETA: 4s - loss: 1.7006 - accuracy: 0.3651
30/98 [========>.....................] - ETA: 4s - loss: 1.6997 - accuracy: 0.3656
31/98 [========>.....................] - ETA: 4s - loss: 1.6983 - accuracy: 0.3656
32/98 [========>.....................] - ETA: 4s - loss: 1.6966 - accuracy: 0.3672
33/98 [=========>....................] - ETA: 4s - loss: 1.6940 - accuracy: 0.3684
34/98 [=========>....................] - ETA: 4s - loss: 1.6939 - accuracy: 0.3693
35/98 [=========>....................] - ETA: 4s - loss: 1.6920 - accuracy: 0.3693
36/98 [==========>...................] - ETA: 4s - loss: 1.6917 - accuracy: 0.3693
37/98 [==========>...................] - ETA: 4s - loss: 1.6909 - accuracy: 0.3702
38/98 [==========>...................] - ETA: 4s - loss: 1.6879 - accuracy: 0.3709
39/98 [==========>...................] - ETA: 4s - loss: 1.6875 - accuracy: 0.3715
40/98 [===========>..................] - ETA: 4s - loss: 1.6883 - accuracy: 0.3715
41/98 [===========>..................] - ETA: 4s - loss: 1.6874 - accuracy: 0.3717
42/98 [===========>..................] - ETA: 3s - loss: 1.6880 - accuracy: 0.3726
43/98 [============>.................] - ETA: 3s - loss: 1.6846 - accuracy: 0.3734
44/98 [============>.................] - ETA: 3s - loss: 1.6824 - accuracy: 0.3741
45/98 [============>.................] - ETA: 3s - loss: 1.6813 - accuracy: 0.3752
46/98 [=============>................] - ETA: 3s - loss: 1.6816 - accuracy: 0.3743
47/98 [=============>................] - ETA: 3s - loss: 1.6788 - accuracy: 0.3757
48/98 [=============>................] - ETA: 3s - loss: 1.6788 - accuracy: 0.3759
49/98 [==============>...............] - ETA: 3s - loss: 1.6776 - accuracy: 0.3759
50/98 [==============>...............] - ETA: 3s - loss: 1.6765 - accuracy: 0.3761
51/98 [==============>...............] - ETA: 3s - loss: 1.6754 - accuracy: 0.3763
52/98 [==============>...............] - ETA: 3s - loss: 1.6732 - accuracy: 0.3774
53/98 [===============>..............] - ETA: 3s - loss: 1.6719 - accuracy: 0.3780
54/98 [===============>..............] - ETA: 3s - loss: 1.6719 - accuracy: 0.3782
55/98 [===============>..............] - ETA: 3s - loss: 1.6711 - accuracy: 0.3776
56/98 [================>.............] - ETA: 3s - loss: 1.6699 - accuracy: 0.3778
57/98 [================>.............] - ETA: 3s - loss: 1.6689 - accuracy: 0.3782
58/98 [================>.............] - ETA: 2s - loss: 1.6682 - accuracy: 0.3787
59/98 [=================>............] - ETA: 2s - loss: 1.6680 - accuracy: 0.3795
60/98 [=================>............] - ETA: 2s - loss: 1.6658 - accuracy: 0.3806
61/98 [=================>............] - ETA: 2s - loss: 1.6643 - accuracy: 0.3812
62/98 [=================>............] - ETA: 2s - loss: 1.6618 - accuracy: 0.3819
63/98 [==================>...........] - ETA: 2s - loss: 1.6616 - accuracy: 0.3819
64/98 [==================>...........] - ETA: 2s - loss: 1.6588 - accuracy: 0.3828
65/98 [==================>...........] - ETA: 2s - loss: 1.6597 - accuracy: 0.3824
66/98 [===================>..........] - ETA: 2s - loss: 1.6589 - accuracy: 0.3829
67/98 [===================>..........] - ETA: 2s - loss: 1.6583 - accuracy: 0.3837
68/98 [===================>..........] - ETA: 2s - loss: 1.6579 - accuracy: 0.3840
69/98 [====================>.........] - ETA: 2s - loss: 1.6570 - accuracy: 0.3845
70/98 [====================>.........] - ETA: 2s - loss: 1.6554 - accuracy: 0.3850
71/98 [====================>.........] - ETA: 2s - loss: 1.6535 - accuracy: 0.3855
72/98 [=====================>........] - ETA: 1s - loss: 1.6522 - accuracy: 0.3859
73/98 [=====================>........] - ETA: 1s - loss: 1.6507 - accuracy: 0.3865
74/98 [=====================>........] - ETA: 1s - loss: 1.6497 - accuracy: 0.3869
75/98 [=====================>........] - ETA: 1s - loss: 1.6487 - accuracy: 0.3873
76/98 [======================>.......] - ETA: 1s - loss: 1.6473 - accuracy: 0.3880
77/98 [======================>.......] - ETA: 1s - loss: 1.6461 - accuracy: 0.3887
78/98 [======================>.......] - ETA: 1s - loss: 1.6456 - accuracy: 0.3887
79/98 [=======================>......] - ETA: 1s - loss: 1.6448 - accuracy: 0.3891
80/98 [=======================>......] - ETA: 1s - loss: 1.6441 - accuracy: 0.3897
81/98 [=======================>......] - ETA: 1s - loss: 1.6431 - accuracy: 0.3903
82/98 [========================>.....] - ETA: 1s - loss: 1.6428 - accuracy: 0.3907
83/98 [========================>.....] - ETA: 1s - loss: 1.6432 - accuracy: 0.3909
84/98 [========================>.....] - ETA: 1s - loss: 1.6426 - accuracy: 0.3915
85/98 [=========================>....] - ETA: 1s - loss: 1.6429 - accuracy: 0.3915
86/98 [=========================>....] - ETA: 0s - loss: 1.6418 - accuracy: 0.3920
87/98 [=========================>....] - ETA: 0s - loss: 1.6410 - accuracy: 0.3919
88/98 [=========================>....] - ETA: 0s - loss: 1.6401 - accuracy: 0.3922
89/98 [==========================>...] - ETA: 0s - loss: 1.6389 - accuracy: 0.3923
90/98 [==========================>...] - ETA: 0s - loss: 1.6372 - accuracy: 0.3928
91/98 [==========================>...] - ETA: 0s - loss: 1.6364 - accuracy: 0.3932
92/98 [===========================>..] - ETA: 0s - loss: 1.6365 - accuracy: 0.3932
93/98 [===========================>..] - ETA: 0s - loss: 1.6359 - accuracy: 0.3934
94/98 [===========================>..] - ETA: 0s - loss: 1.6354 - accuracy: 0.3935
95/98 [============================>.] - ETA: 0s - loss: 1.6353 - accuracy: 0.3937
96/98 [============================>.] - ETA: 0s - loss: 1.6360 - accuracy: 0.3936
97/98 [============================>.] - ETA: 0s - loss: 1.6351 - accuracy: 0.3940
98/98 [==============================] - ETA: 0s - loss: 1.6341 - accuracy: 0.3945
98/98 [==============================] - 9s 92ms/step - loss: 1.6341 - accuracy: 0.3945 - val_loss: 2.2511 - val_accuracy: 0.1805
Epoch 4/21

 1/98 [..............................] - ETA: 9s - loss: 1.5449 - accuracy: 0.4453
 2/98 [..............................] - ETA: 9s - loss: 1.5506 - accuracy: 0.4365
 3/98 [..............................] - ETA: 8s - loss: 1.5314 - accuracy: 0.4453
 4/98 [>.............................] - ETA: 8s - loss: 1.5440 - accuracy: 0.4419
 5/98 [>.............................] - ETA: 8s - loss: 1.5259 - accuracy: 0.4422
 6/98 [>.............................] - ETA: 8s - loss: 1.5228 - accuracy: 0.4417
 7/98 [=>............................] - ETA: 7s - loss: 1.5410 - accuracy: 0.4316
 8/98 [=>............................] - ETA: 7s - loss: 1.5361 - accuracy: 0.4341
 9/98 [=>............................] - ETA: 7s - loss: 1.5427 - accuracy: 0.4334
10/98 [==>...........................] - ETA: 7s - loss: 1.5362 - accuracy: 0.4367
11/98 [==>...........................] - ETA: 7s - loss: 1.5342 - accuracy: 0.4370
12/98 [==>...........................] - ETA: 7s - loss: 1.5339 - accuracy: 0.4373
13/98 [==>...........................] - ETA: 7s - loss: 1.5331 - accuracy: 0.4387
14/98 [===>..........................] - ETA: 7s - loss: 1.5291 - accuracy: 0.4402
15/98 [===>..........................] - ETA: 7s - loss: 1.5322 - accuracy: 0.4378
16/98 [===>..........................] - ETA: 6s - loss: 1.5397 - accuracy: 0.4365
17/98 [====>.........................] - ETA: 6s - loss: 1.5402 - accuracy: 0.4365
18/98 [====>.........................] - ETA: 6s - loss: 1.5408 - accuracy: 0.4374
19/98 [====>.........................] - ETA: 6s - loss: 1.5436 - accuracy: 0.4360
20/98 [=====>........................] - ETA: 6s - loss: 1.5450 - accuracy: 0.4355
21/98 [=====>........................] - ETA: 6s - loss: 1.5474 - accuracy: 0.4352
22/98 [=====>........................] - ETA: 6s - loss: 1.5459 - accuracy: 0.4363
23/98 [======>.......................] - ETA: 6s - loss: 1.5446 - accuracy: 0.4362
24/98 [======>.......................] - ETA: 6s - loss: 1.5453 - accuracy: 0.4360
25/98 [======>.......................] - ETA: 6s - loss: 1.5452 - accuracy: 0.4361
26/98 [======>.......................] - ETA: 6s - loss: 1.5419 - accuracy: 0.4378
27/98 [=======>......................] - ETA: 6s - loss: 1.5426 - accuracy: 0.4368
28/98 [=======>......................] - ETA: 5s - loss: 1.5426 - accuracy: 0.4355
29/98 [=======>......................] - ETA: 5s - loss: 1.5407 - accuracy: 0.4351
30/98 [========>.....................] - ETA: 5s - loss: 1.5390 - accuracy: 0.4361
31/98 [========>.....................] - ETA: 5s - loss: 1.5398 - accuracy: 0.4354
32/98 [========>.....................] - ETA: 5s - loss: 1.5375 - accuracy: 0.4355
33/98 [=========>....................] - ETA: 5s - loss: 1.5340 - accuracy: 0.4363
34/98 [=========>....................] - ETA: 5s - loss: 1.5341 - accuracy: 0.4369
35/98 [=========>....................] - ETA: 5s - loss: 1.5345 - accuracy: 0.4374
36/98 [==========>...................] - ETA: 5s - loss: 1.5346 - accuracy: 0.4380
37/98 [==========>...................] - ETA: 5s - loss: 1.5345 - accuracy: 0.4386
38/98 [==========>...................] - ETA: 5s - loss: 1.5325 - accuracy: 0.4397
39/98 [==========>...................] - ETA: 4s - loss: 1.5361 - accuracy: 0.4388
40/98 [===========>..................] - ETA: 4s - loss: 1.5363 - accuracy: 0.4384
41/98 [===========>..................] - ETA: 4s - loss: 1.5380 - accuracy: 0.4378
42/98 [===========>..................] - ETA: 4s - loss: 1.5386 - accuracy: 0.4382
43/98 [============>.................] - ETA: 4s - loss: 1.5392 - accuracy: 0.4379
44/98 [============>.................] - ETA: 4s - loss: 1.5398 - accuracy: 0.4383
45/98 [============>.................] - ETA: 4s - loss: 1.5414 - accuracy: 0.4384
46/98 [=============>................] - ETA: 4s - loss: 1.5410 - accuracy: 0.4382
47/98 [=============>................] - ETA: 4s - loss: 1.5434 - accuracy: 0.4375
48/98 [=============>................] - ETA: 4s - loss: 1.5437 - accuracy: 0.4378
49/98 [==============>...............] - ETA: 4s - loss: 1.5456 - accuracy: 0.4369
50/98 [==============>...............] - ETA: 4s - loss: 1.5441 - accuracy: 0.4377
51/98 [==============>...............] - ETA: 3s - loss: 1.5443 - accuracy: 0.4372
52/98 [==============>...............] - ETA: 3s - loss: 1.5454 - accuracy: 0.4371
53/98 [===============>..............] - ETA: 3s - loss: 1.5456 - accuracy: 0.4373
54/98 [===============>..............] - ETA: 3s - loss: 1.5456 - accuracy: 0.4373
55/98 [===============>..............] - ETA: 3s - loss: 1.5457 - accuracy: 0.4373
56/98 [================>.............] - ETA: 3s - loss: 1.5457 - accuracy: 0.4376
57/98 [================>.............] - ETA: 3s - loss: 1.5440 - accuracy: 0.4385
58/98 [================>.............] - ETA: 3s - loss: 1.5425 - accuracy: 0.4394
59/98 [=================>............] - ETA: 3s - loss: 1.5420 - accuracy: 0.4392
60/98 [=================>............] - ETA: 3s - loss: 1.5387 - accuracy: 0.4408
61/98 [=================>............] - ETA: 3s - loss: 1.5383 - accuracy: 0.4408
62/98 [=================>............] - ETA: 3s - loss: 1.5370 - accuracy: 0.4416
63/98 [==================>...........] - ETA: 2s - loss: 1.5367 - accuracy: 0.4416
64/98 [==================>...........] - ETA: 2s - loss: 1.5353 - accuracy: 0.4421
65/98 [==================>...........] - ETA: 2s - loss: 1.5349 - accuracy: 0.4423
66/98 [===================>..........] - ETA: 2s - loss: 1.5346 - accuracy: 0.4426
67/98 [===================>..........] - ETA: 2s - loss: 1.5335 - accuracy: 0.4435
68/98 [===================>..........] - ETA: 2s - loss: 1.5318 - accuracy: 0.4440
69/98 [====================>.........] - ETA: 2s - loss: 1.5316 - accuracy: 0.4444
70/98 [====================>.........] - ETA: 2s - loss: 1.5305 - accuracy: 0.4448
71/98 [====================>.........] - ETA: 2s - loss: 1.5292 - accuracy: 0.4449
72/98 [=====================>........] - ETA: 2s - loss: 1.5285 - accuracy: 0.4451
73/98 [=====================>........] - ETA: 2s - loss: 1.5279 - accuracy: 0.4454
74/98 [=====================>........] - ETA: 2s - loss: 1.5265 - accuracy: 0.4460
75/98 [=====================>........] - ETA: 1s - loss: 1.5262 - accuracy: 0.4461
76/98 [======================>.......] - ETA: 1s - loss: 1.5257 - accuracy: 0.4465
77/98 [======================>.......] - ETA: 1s - loss: 1.5259 - accuracy: 0.4466
78/98 [======================>.......] - ETA: 1s - loss: 1.5264 - accuracy: 0.4463
79/98 [=======================>......] - ETA: 1s - loss: 1.5251 - accuracy: 0.4463
80/98 [=======================>......] - ETA: 1s - loss: 1.5245 - accuracy: 0.4465
81/98 [=======================>......] - ETA: 1s - loss: 1.5252 - accuracy: 0.4463
82/98 [========================>.....] - ETA: 1s - loss: 1.5244 - accuracy: 0.4463
83/98 [========================>.....] - ETA: 1s - loss: 1.5243 - accuracy: 0.4467
84/98 [========================>.....] - ETA: 1s - loss: 1.5247 - accuracy: 0.4466
85/98 [=========================>....] - ETA: 1s - loss: 1.5241 - accuracy: 0.4468
86/98 [=========================>....] - ETA: 1s - loss: 1.5241 - accuracy: 0.4466
87/98 [=========================>....] - ETA: 0s - loss: 1.5241 - accuracy: 0.4465
88/98 [=========================>....] - ETA: 0s - loss: 1.5243 - accuracy: 0.4467
89/98 [==========================>...] - ETA: 0s - loss: 1.5242 - accuracy: 0.4467
90/98 [==========================>...] - ETA: 0s - loss: 1.5237 - accuracy: 0.4467
91/98 [==========================>...] - ETA: 0s - loss: 1.5234 - accuracy: 0.4469
92/98 [===========================>..] - ETA: 0s - loss: 1.5224 - accuracy: 0.4470
93/98 [===========================>..] - ETA: 0s - loss: 1.5221 - accuracy: 0.4473
94/98 [===========================>..] - ETA: 0s - loss: 1.5216 - accuracy: 0.4474
95/98 [============================>.] - ETA: 0s - loss: 1.5209 - accuracy: 0.4476
96/98 [============================>.] - ETA: 0s - loss: 1.5207 - accuracy: 0.4478
97/98 [============================>.] - ETA: 0s - loss: 1.5206 - accuracy: 0.4481
98/98 [==============================] - ETA: 0s - loss: 1.5205 - accuracy: 0.4481
98/98 [==============================] - 10s 98ms/step - loss: 1.5205 - accuracy: 0.4481 - val_loss: 1.7310 - val_accuracy: 0.3574
Epoch 5/21

 1/98 [..............................] - ETA: 9s - loss: 1.5547 - accuracy: 0.4473
 2/98 [..............................] - ETA: 7s - loss: 1.5038 - accuracy: 0.4707
 3/98 [..............................] - ETA: 8s - loss: 1.4833 - accuracy: 0.4772
 4/98 [>.............................] - ETA: 7s - loss: 1.4775 - accuracy: 0.4761
 5/98 [>.............................] - ETA: 7s - loss: 1.4682 - accuracy: 0.4820
 6/98 [>.............................] - ETA: 7s - loss: 1.4628 - accuracy: 0.4779
 7/98 [=>............................] - ETA: 7s - loss: 1.4531 - accuracy: 0.4782
 8/98 [=>............................] - ETA: 7s - loss: 1.4379 - accuracy: 0.4788
 9/98 [=>............................] - ETA: 7s - loss: 1.4317 - accuracy: 0.4826
10/98 [==>...........................] - ETA: 7s - loss: 1.4240 - accuracy: 0.4852
11/98 [==>...........................] - ETA: 7s - loss: 1.4194 - accuracy: 0.4862
12/98 [==>...........................] - ETA: 7s - loss: 1.4215 - accuracy: 0.4873
13/98 [==>...........................] - ETA: 7s - loss: 1.4209 - accuracy: 0.4881
14/98 [===>..........................] - ETA: 6s - loss: 1.4244 - accuracy: 0.4855
15/98 [===>..........................] - ETA: 6s - loss: 1.4193 - accuracy: 0.4882
16/98 [===>..........................] - ETA: 6s - loss: 1.4191 - accuracy: 0.4900
17/98 [====>.........................] - ETA: 6s - loss: 1.4168 - accuracy: 0.4901
18/98 [====>.........................] - ETA: 6s - loss: 1.4190 - accuracy: 0.4889
19/98 [====>.........................] - ETA: 6s - loss: 1.4240 - accuracy: 0.4879
20/98 [=====>........................] - ETA: 6s - loss: 1.4249 - accuracy: 0.4877
21/98 [=====>........................] - ETA: 6s - loss: 1.4288 - accuracy: 0.4862
22/98 [=====>........................] - ETA: 6s - loss: 1.4340 - accuracy: 0.4843
23/98 [======>.......................] - ETA: 6s - loss: 1.4300 - accuracy: 0.4849
24/98 [======>.......................] - ETA: 6s - loss: 1.4282 - accuracy: 0.4855
25/98 [======>.......................] - ETA: 6s - loss: 1.4279 - accuracy: 0.4845
26/98 [======>.......................] - ETA: 6s - loss: 1.4281 - accuracy: 0.4839
27/98 [=======>......................] - ETA: 5s - loss: 1.4301 - accuracy: 0.4829
28/98 [=======>......................] - ETA: 5s - loss: 1.4295 - accuracy: 0.4828
29/98 [=======>......................] - ETA: 5s - loss: 1.4295 - accuracy: 0.4825
30/98 [========>.....................] - ETA: 5s - loss: 1.4276 - accuracy: 0.4820
31/98 [========>.....................] - ETA: 5s - loss: 1.4265 - accuracy: 0.4827
32/98 [========>.....................] - ETA: 5s - loss: 1.4262 - accuracy: 0.4831
33/98 [=========>....................] - ETA: 5s - loss: 1.4256 - accuracy: 0.4833
34/98 [=========>....................] - ETA: 5s - loss: 1.4261 - accuracy: 0.4834
35/98 [=========>....................] - ETA: 5s - loss: 1.4266 - accuracy: 0.4845
36/98 [==========>...................] - ETA: 5s - loss: 1.4296 - accuracy: 0.4838
37/98 [==========>...................] - ETA: 5s - loss: 1.4278 - accuracy: 0.4839
38/98 [==========>...................] - ETA: 5s - loss: 1.4288 - accuracy: 0.4838
39/98 [==========>...................] - ETA: 4s - loss: 1.4291 - accuracy: 0.4836
40/98 [===========>..................] - ETA: 4s - loss: 1.4296 - accuracy: 0.4839
41/98 [===========>..................] - ETA: 4s - loss: 1.4295 - accuracy: 0.4837
42/98 [===========>..................] - ETA: 4s - loss: 1.4297 - accuracy: 0.4842
43/98 [============>.................] - ETA: 4s - loss: 1.4308 - accuracy: 0.4838
44/98 [============>.................] - ETA: 4s - loss: 1.4343 - accuracy: 0.4827
45/98 [============>.................] - ETA: 4s - loss: 1.4340 - accuracy: 0.4830
46/98 [=============>................] - ETA: 4s - loss: 1.4342 - accuracy: 0.4830
47/98 [=============>................] - ETA: 4s - loss: 1.4344 - accuracy: 0.4828
