2024-06-26 05:52:49.632673: I tensorflow/core/platform/cpu_feature_guard.cc:193] This TensorFlow binary is optimized with oneAPI Deep Neural Network Library (oneDNN) to use the following CPU instructions in performance-critical operations:  AVX AVX2
To enable them in other operations, rebuild TensorFlow with the appropriate compiler flags.
2024-06-26 05:52:50.344438: I tensorflow/core/common_runtime/gpu/gpu_device.cc:1616] Created device /job:localhost/replica:0/task:0/device:GPU:0 with 6656 MB memory:  -> device: 0, name: NVIDIA GeForce RTX 4060 Ti, pci bus id: 0000:01:00.0, compute capability: 8.9
1 Physical GPUs, 1 Logical GPUs
Model: "sequential"
_________________________________________________________________
 Layer (type)                Output Shape              Param #   
=================================================================
 conv2d (Conv2D)             (None, 32, 32, 32)        896       
                                                                 
 max_pooling2d (MaxPooling2D  (None, 16, 16, 32)       0         
 )                                                               
                                                                 
 batch_normalization (BatchN  (None, 16, 16, 32)       128       
 ormalization)                                                   
                                                                 
 conv2d_1 (Conv2D)           (None, 16, 16, 32)        25632     
                                                                 
 max_pooling2d_1 (MaxPooling  (None, 8, 8, 32)         0         
 2D)                                                             
                                                                 
 conv2d_2 (Conv2D)           (None, 8, 8, 256)         991488    
                                                                 
 dropout (Dropout)           (None, 8, 8, 256)         0         
                                                                 
 flatten (Flatten)           (None, 16384)             0         
                                                                 
 dense (Dense)               (None, 10)                163850    
                                                                 
=================================================================
Total params: 1,181,994
Trainable params: 1,181,930
Non-trainable params: 64
_________________________________________________________________
Taxa de aprendizado:  0.01 Num de épocas:  21 Tamanho do lote:  512 Dropout:  0.38436
Epoch 1/21
2024-06-26 05:52:51.690951: I tensorflow/stream_executor/cuda/cuda_dnn.cc:384] Loaded cuDNN version 8100
2024-06-26 05:52:52.408837: W tensorflow/stream_executor/gpu/redzone_allocator.cc:314] INTERNAL: ptxas exited with non-zero error code -1, output: 
Relying on driver to perform ptx compilation. 
Modify $PATH to customize ptxas location.
This message will be only logged once.
2024-06-26 05:52:53.270545: I tensorflow/stream_executor/cuda/cuda_blas.cc:1614] TensorFloat-32 will be used for the matrix multiplication. This will only be logged once.

 1/98 [..............................] - ETA: 5:16 - loss: 2.3617 - accuracy: 0.0801
 3/98 [..............................] - ETA: 3s - loss: 96.8702 - accuracy: 0.0931 
 5/98 [>.............................] - ETA: 3s - loss: 67.8432 - accuracy: 0.0965
 7/98 [=>............................] - ETA: 3s - loss: 49.8527 - accuracy: 0.0971
 9/98 [=>............................] - ETA: 3s - loss: 39.2972 - accuracy: 0.1024
11/98 [==>...........................] - ETA: 3s - loss: 32.5701 - accuracy: 0.1021
13/98 [==>...........................] - ETA: 3s - loss: 27.9084 - accuracy: 0.1073
15/98 [===>..........................] - ETA: 3s - loss: 24.4822 - accuracy: 0.1156
17/98 [====>.........................] - ETA: 2s - loss: 21.8612 - accuracy: 0.1243
19/98 [====>.........................] - ETA: 2s - loss: 19.7907 - accuracy: 0.1312
21/98 [=====>........................] - ETA: 2s - loss: 18.1100 - accuracy: 0.1388
23/98 [======>.......................] - ETA: 2s - loss: 16.7216 - accuracy: 0.1448
25/98 [======>.......................] - ETA: 2s - loss: 15.5544 - accuracy: 0.1489
27/98 [=======>......................] - ETA: 2s - loss: 14.5601 - accuracy: 0.1529
29/98 [=======>......................] - ETA: 2s - loss: 13.7023 - accuracy: 0.1561
31/98 [========>.....................] - ETA: 2s - loss: 12.9507 - accuracy: 0.1604
33/98 [=========>....................] - ETA: 2s - loss: 12.2920 - accuracy: 0.1646
35/98 [=========>....................] - ETA: 2s - loss: 11.7072 - accuracy: 0.1708
37/98 [==========>...................] - ETA: 3s - loss: 11.2676 - accuracy: 0.1752
39/98 [==========>...................] - ETA: 2s - loss: 10.7888 - accuracy: 0.1796
41/98 [===========>..................] - ETA: 2s - loss: 10.3588 - accuracy: 0.1822
43/98 [============>.................] - ETA: 2s - loss: 9.9681 - accuracy: 0.1854 
45/98 [============>.................] - ETA: 2s - loss: 9.6128 - accuracy: 0.1888
47/98 [=============>................] - ETA: 2s - loss: 9.2877 - accuracy: 0.1916
49/98 [==============>...............] - ETA: 2s - loss: 8.9862 - accuracy: 0.1957
51/98 [==============>...............] - ETA: 2s - loss: 8.7111 - accuracy: 0.1986
53/98 [===============>..............] - ETA: 2s - loss: 8.4559 - accuracy: 0.2011
55/98 [===============>..............] - ETA: 1s - loss: 8.2187 - accuracy: 0.2044
57/98 [================>.............] - ETA: 1s - loss: 7.9982 - accuracy: 0.2069
59/98 [=================>............] - ETA: 1s - loss: 7.7934 - accuracy: 0.2102
61/98 [=================>............] - ETA: 1s - loss: 7.6007 - accuracy: 0.2131
63/98 [==================>...........] - ETA: 1s - loss: 7.4205 - accuracy: 0.2148
65/98 [==================>...........] - ETA: 1s - loss: 7.2525 - accuracy: 0.2169
67/98 [===================>..........] - ETA: 1s - loss: 7.0925 - accuracy: 0.2193
69/98 [====================>.........] - ETA: 1s - loss: 6.9416 - accuracy: 0.2212
71/98 [====================>.........] - ETA: 1s - loss: 6.7992 - accuracy: 0.2229
72/98 [=====================>........] - ETA: 1s - loss: 6.7307 - accuracy: 0.2239
74/98 [=====================>........] - ETA: 1s - loss: 6.5993 - accuracy: 0.2269
75/98 [=====================>........] - ETA: 1s - loss: 6.5371 - accuracy: 0.2277
77/98 [======================>.......] - ETA: 0s - loss: 6.4162 - accuracy: 0.2295
79/98 [=======================>......] - ETA: 0s - loss: 6.3017 - accuracy: 0.2312
81/98 [=======================>......] - ETA: 0s - loss: 6.1928 - accuracy: 0.2331
82/98 [========================>.....] - ETA: 0s - loss: 6.1398 - accuracy: 0.2344
84/98 [========================>.....] - ETA: 0s - loss: 6.0396 - accuracy: 0.2361
86/98 [=========================>....] - ETA: 0s - loss: 5.9432 - accuracy: 0.2377
88/98 [=========================>....] - ETA: 0s - loss: 5.8503 - accuracy: 0.2395
89/98 [==========================>...] - ETA: 0s - loss: 5.8067 - accuracy: 0.2400
91/98 [==========================>...] - ETA: 0s - loss: 5.7208 - accuracy: 0.2420
93/98 [===========================>..] - ETA: 0s - loss: 5.6384 - accuracy: 0.2438
95/98 [============================>.] - ETA: 0s - loss: 5.5598 - accuracy: 0.2447
97/98 [============================>.] - ETA: 0s - loss: 5.4836 - accuracy: 0.2462
98/98 [==============================] - 9s 56ms/step - loss: 5.4464 - accuracy: 0.2468 - val_loss: 3.3169 - val_accuracy: 0.1000
Epoch 2/21

 1/98 [..............................] - ETA: 6s - loss: 1.8476 - accuracy: 0.3418
 3/98 [..............................] - ETA: 4s - loss: 1.8374 - accuracy: 0.3451
 5/98 [>.............................] - ETA: 4s - loss: 1.8339 - accuracy: 0.3414
 7/98 [=>............................] - ETA: 4s - loss: 1.8157 - accuracy: 0.3477
 9/98 [=>............................] - ETA: 4s - loss: 1.8091 - accuracy: 0.3490
10/98 [==>...........................] - ETA: 4s - loss: 1.8151 - accuracy: 0.3471
12/98 [==>...........................] - ETA: 4s - loss: 1.8103 - accuracy: 0.3490
14/98 [===>..........................] - ETA: 4s - loss: 1.8119 - accuracy: 0.3482
16/98 [===>..........................] - ETA: 3s - loss: 1.8137 - accuracy: 0.3474
18/98 [====>.........................] - ETA: 3s - loss: 1.8109 - accuracy: 0.3471
20/98 [=====>........................] - ETA: 3s - loss: 1.8131 - accuracy: 0.3464
22/98 [=====>........................] - ETA: 3s - loss: 1.8155 - accuracy: 0.3464
24/98 [======>.......................] - ETA: 3s - loss: 1.8153 - accuracy: 0.3451
26/98 [======>.......................] - ETA: 3s - loss: 1.8173 - accuracy: 0.3459
28/98 [=======>......................] - ETA: 3s - loss: 1.8154 - accuracy: 0.3467
30/98 [========>.....................] - ETA: 3s - loss: 1.8140 - accuracy: 0.3471
32/98 [========>.....................] - ETA: 3s - loss: 1.8120 - accuracy: 0.3475
33/98 [=========>....................] - ETA: 3s - loss: 1.8107 - accuracy: 0.3478
35/98 [=========>....................] - ETA: 3s - loss: 1.8104 - accuracy: 0.3461
37/98 [==========>...................] - ETA: 2s - loss: 1.8096 - accuracy: 0.3469
39/98 [==========>...................] - ETA: 2s - loss: 1.8088 - accuracy: 0.3474
40/98 [===========>..................] - ETA: 2s - loss: 1.8092 - accuracy: 0.3467
41/98 [===========>..................] - ETA: 2s - loss: 1.8078 - accuracy: 0.3480
43/98 [============>.................] - ETA: 2s - loss: 1.8081 - accuracy: 0.3474
44/98 [============>.................] - ETA: 2s - loss: 1.8063 - accuracy: 0.3481
46/98 [=============>................] - ETA: 2s - loss: 1.8059 - accuracy: 0.3483
48/98 [=============>................] - ETA: 2s - loss: 1.8044 - accuracy: 0.3479
49/98 [==============>...............] - ETA: 2s - loss: 1.8036 - accuracy: 0.3480
51/98 [==============>...............] - ETA: 2s - loss: 1.8040 - accuracy: 0.3478
53/98 [===============>..............] - ETA: 2s - loss: 1.8020 - accuracy: 0.3488
55/98 [===============>..............] - ETA: 2s - loss: 1.8007 - accuracy: 0.3490
56/98 [================>.............] - ETA: 2s - loss: 1.8012 - accuracy: 0.3484
58/98 [================>.............] - ETA: 1s - loss: 1.8006 - accuracy: 0.3480
60/98 [=================>............] - ETA: 1s - loss: 1.7984 - accuracy: 0.3489
61/98 [=================>............] - ETA: 1s - loss: 1.7985 - accuracy: 0.3488
63/98 [==================>...........] - ETA: 1s - loss: 1.7971 - accuracy: 0.3492
65/98 [==================>...........] - ETA: 1s - loss: 1.7958 - accuracy: 0.3495
67/98 [===================>..........] - ETA: 1s - loss: 1.7937 - accuracy: 0.3502
69/98 [====================>.........] - ETA: 1s - loss: 1.7909 - accuracy: 0.3514
71/98 [====================>.........] - ETA: 1s - loss: 1.7893 - accuracy: 0.3517
73/98 [=====================>........] - ETA: 1s - loss: 1.7892 - accuracy: 0.3519
75/98 [=====================>........] - ETA: 1s - loss: 1.7881 - accuracy: 0.3525
76/98 [======================>.......] - ETA: 1s - loss: 1.7874 - accuracy: 0.3531
77/98 [======================>.......] - ETA: 1s - loss: 1.7877 - accuracy: 0.3530
78/98 [======================>.......] - ETA: 1s - loss: 1.7881 - accuracy: 0.3530
79/98 [=======================>......] - ETA: 0s - loss: 1.7882 - accuracy: 0.3525
80/98 [=======================>......] - ETA: 0s - loss: 1.7874 - accuracy: 0.3529
81/98 [=======================>......] - ETA: 0s - loss: 1.7873 - accuracy: 0.3531
82/98 [========================>.....] - ETA: 0s - loss: 1.7868 - accuracy: 0.3532
83/98 [========================>.....] - ETA: 0s - loss: 1.7863 - accuracy: 0.3534
84/98 [========================>.....] - ETA: 0s - loss: 1.7853 - accuracy: 0.3540
85/98 [=========================>....] - ETA: 0s - loss: 1.7853 - accuracy: 0.3538
86/98 [=========================>....] - ETA: 0s - loss: 1.7848 - accuracy: 0.3537
87/98 [=========================>....] - ETA: 0s - loss: 1.7831 - accuracy: 0.3544
88/98 [=========================>....] - ETA: 0s - loss: 1.7823 - accuracy: 0.3548
89/98 [==========================>...] - ETA: 0s - loss: 1.7821 - accuracy: 0.3552
90/98 [==========================>...] - ETA: 0s - loss: 1.7810 - accuracy: 0.3556
91/98 [==========================>...] - ETA: 0s - loss: 1.7802 - accuracy: 0.3560
92/98 [===========================>..] - ETA: 0s - loss: 1.7790 - accuracy: 0.3567
93/98 [===========================>..] - ETA: 0s - loss: 1.7784 - accuracy: 0.3571
94/98 [===========================>..] - ETA: 0s - loss: 1.7775 - accuracy: 0.3576
95/98 [============================>.] - ETA: 0s - loss: 1.7764 - accuracy: 0.3579
96/98 [============================>.] - ETA: 0s - loss: 1.7760 - accuracy: 0.3582
98/98 [==============================] - ETA: 0s - loss: 1.7760 - accuracy: 0.3584
98/98 [==============================] - 7s 72ms/step - loss: 1.7760 - accuracy: 0.3584 - val_loss: 4.7229 - val_accuracy: 0.0964
Epoch 3/21

 1/98 [..............................] - ETA: 10s - loss: 1.6300 - accuracy: 0.4199
 2/98 [..............................] - ETA: 7s - loss: 1.6460 - accuracy: 0.3945 
 3/98 [..............................] - ETA: 8s - loss: 1.6439 - accuracy: 0.4056
 4/98 [>.............................] - ETA: 8s - loss: 1.6412 - accuracy: 0.4058
 5/98 [>.............................] - ETA: 7s - loss: 1.6347 - accuracy: 0.4074
 6/98 [>.............................] - ETA: 8s - loss: 1.6566 - accuracy: 0.3968
 7/98 [=>............................] - ETA: 8s - loss: 1.6635 - accuracy: 0.3909
 8/98 [=>............................] - ETA: 7s - loss: 1.6566 - accuracy: 0.3967
 9/98 [=>............................] - ETA: 7s - loss: 1.6628 - accuracy: 0.3926
10/98 [==>...........................] - ETA: 7s - loss: 1.6589 - accuracy: 0.3924
11/98 [==>...........................] - ETA: 7s - loss: 1.6582 - accuracy: 0.3933
12/98 [==>...........................] - ETA: 7s - loss: 1.6548 - accuracy: 0.3940
13/98 [==>...........................] - ETA: 7s - loss: 1.6555 - accuracy: 0.3957
14/98 [===>..........................] - ETA: 7s - loss: 1.6594 - accuracy: 0.3956
15/98 [===>..........................] - ETA: 7s - loss: 1.6616 - accuracy: 0.3964
16/98 [===>..........................] - ETA: 7s - loss: 1.6566 - accuracy: 0.3990
17/98 [====>.........................] - ETA: 7s - loss: 1.6568 - accuracy: 0.3981
18/98 [====>.........................] - ETA: 6s - loss: 1.6565 - accuracy: 0.3996
19/98 [====>.........................] - ETA: 6s - loss: 1.6557 - accuracy: 0.3996
20/98 [=====>........................] - ETA: 6s - loss: 1.6593 - accuracy: 0.3982
21/98 [=====>........................] - ETA: 6s - loss: 1.6601 - accuracy: 0.3983
22/98 [=====>........................] - ETA: 6s - loss: 1.6584 - accuracy: 0.3978
23/98 [======>.......................] - ETA: 6s - loss: 1.6594 - accuracy: 0.3977
24/98 [======>.......................] - ETA: 6s - loss: 1.6603 - accuracy: 0.3980
25/98 [======>.......................] - ETA: 6s - loss: 1.6609 - accuracy: 0.3980
26/98 [======>.......................] - ETA: 6s - loss: 1.6592 - accuracy: 0.3995
27/98 [=======>......................] - ETA: 6s - loss: 1.6625 - accuracy: 0.3998
28/98 [=======>......................] - ETA: 6s - loss: 1.6631 - accuracy: 0.3989
29/98 [=======>......................] - ETA: 6s - loss: 1.6638 - accuracy: 0.3992
30/98 [========>.....................] - ETA: 5s - loss: 1.6641 - accuracy: 0.3986
31/98 [========>.....................] - ETA: 5s - loss: 1.6649 - accuracy: 0.3982
32/98 [========>.....................] - ETA: 5s - loss: 1.6632 - accuracy: 0.3989
33/98 [=========>....................] - ETA: 5s - loss: 1.6640 - accuracy: 0.3983
34/98 [=========>....................] - ETA: 5s - loss: 1.6627 - accuracy: 0.3990
35/98 [=========>....................] - ETA: 5s - loss: 1.6616 - accuracy: 0.4001
36/98 [==========>...................] - ETA: 5s - loss: 1.6602 - accuracy: 0.4013
37/98 [==========>...................] - ETA: 5s - loss: 1.6597 - accuracy: 0.4020
38/98 [==========>...................] - ETA: 5s - loss: 1.6605 - accuracy: 0.4021
39/98 [==========>...................] - ETA: 5s - loss: 1.6617 - accuracy: 0.4014
40/98 [===========>..................] - ETA: 5s - loss: 1.6579 - accuracy: 0.4028
41/98 [===========>..................] - ETA: 5s - loss: 1.6577 - accuracy: 0.4025
42/98 [===========>..................] - ETA: 4s - loss: 1.6584 - accuracy: 0.4018
43/98 [============>.................] - ETA: 4s - loss: 1.6579 - accuracy: 0.4018
44/98 [============>.................] - ETA: 4s - loss: 1.6596 - accuracy: 0.4015
45/98 [============>.................] - ETA: 4s - loss: 1.6581 - accuracy: 0.4020
46/98 [=============>................] - ETA: 4s - loss: 1.6572 - accuracy: 0.4023
47/98 [=============>................] - ETA: 4s - loss: 1.6554 - accuracy: 0.4028
48/98 [=============>................] - ETA: 4s - loss: 1.6559 - accuracy: 0.4037
49/98 [==============>...............] - ETA: 4s - loss: 1.6537 - accuracy: 0.4049
50/98 [==============>...............] - ETA: 4s - loss: 1.6541 - accuracy: 0.4042
51/98 [==============>...............] - ETA: 4s - loss: 1.6544 - accuracy: 0.4035
52/98 [==============>...............] - ETA: 4s - loss: 1.6542 - accuracy: 0.4034
53/98 [===============>..............] - ETA: 3s - loss: 1.6544 - accuracy: 0.4036
54/98 [===============>..............] - ETA: 3s - loss: 1.6544 - accuracy: 0.4036
55/98 [===============>..............] - ETA: 3s - loss: 1.6546 - accuracy: 0.4033
56/98 [================>.............] - ETA: 3s - loss: 1.6540 - accuracy: 0.4036
57/98 [================>.............] - ETA: 3s - loss: 1.6530 - accuracy: 0.4044
58/98 [================>.............] - ETA: 3s - loss: 1.6534 - accuracy: 0.4039
59/98 [=================>............] - ETA: 3s - loss: 1.6532 - accuracy: 0.4037
60/98 [=================>............] - ETA: 3s - loss: 1.6520 - accuracy: 0.4040
61/98 [=================>............] - ETA: 3s - loss: 1.6534 - accuracy: 0.4037
62/98 [=================>............] - ETA: 3s - loss: 1.6528 - accuracy: 0.4037
63/98 [==================>...........] - ETA: 3s - loss: 1.6526 - accuracy: 0.4038
64/98 [==================>...........] - ETA: 2s - loss: 1.6510 - accuracy: 0.4042
65/98 [==================>...........] - ETA: 2s - loss: 1.6516 - accuracy: 0.4040
66/98 [===================>..........] - ETA: 2s - loss: 1.6506 - accuracy: 0.4042
67/98 [===================>..........] - ETA: 2s - loss: 1.6517 - accuracy: 0.4042
68/98 [===================>..........] - ETA: 2s - loss: 1.6509 - accuracy: 0.4042
69/98 [====================>.........] - ETA: 2s - loss: 1.6511 - accuracy: 0.4044
70/98 [====================>.........] - ETA: 2s - loss: 1.6489 - accuracy: 0.4052
71/98 [====================>.........] - ETA: 2s - loss: 1.6480 - accuracy: 0.4056
72/98 [=====================>........] - ETA: 2s - loss: 1.6472 - accuracy: 0.4060
73/98 [=====================>........] - ETA: 2s - loss: 1.6456 - accuracy: 0.4065
74/98 [=====================>........] - ETA: 2s - loss: 1.6455 - accuracy: 0.4063
75/98 [=====================>........] - ETA: 2s - loss: 1.6453 - accuracy: 0.4065
76/98 [======================>.......] - ETA: 1s - loss: 1.6438 - accuracy: 0.4069
77/98 [======================>.......] - ETA: 1s - loss: 1.6429 - accuracy: 0.4072
78/98 [======================>.......] - ETA: 1s - loss: 1.6428 - accuracy: 0.4074
79/98 [=======================>......] - ETA: 1s - loss: 1.6425 - accuracy: 0.4072
80/98 [=======================>......] - ETA: 1s - loss: 1.6424 - accuracy: 0.4069
81/98 [=======================>......] - ETA: 1s - loss: 1.6426 - accuracy: 0.4072
82/98 [========================>.....] - ETA: 1s - loss: 1.6425 - accuracy: 0.4070
83/98 [========================>.....] - ETA: 1s - loss: 1.6426 - accuracy: 0.4069
84/98 [========================>.....] - ETA: 1s - loss: 1.6435 - accuracy: 0.4065
85/98 [=========================>....] - ETA: 1s - loss: 1.6434 - accuracy: 0.4064
86/98 [=========================>....] - ETA: 1s - loss: 1.6419 - accuracy: 0.4068
87/98 [=========================>....] - ETA: 0s - loss: 1.6419 - accuracy: 0.4067
88/98 [=========================>....] - ETA: 0s - loss: 1.6416 - accuracy: 0.4065
89/98 [==========================>...] - ETA: 0s - loss: 1.6421 - accuracy: 0.4063
90/98 [==========================>...] - ETA: 0s - loss: 1.6424 - accuracy: 0.4063
91/98 [==========================>...] - ETA: 0s - loss: 1.6416 - accuracy: 0.4067
92/98 [===========================>..] - ETA: 0s - loss: 1.6412 - accuracy: 0.4064
93/98 [===========================>..] - ETA: 0s - loss: 1.6417 - accuracy: 0.4066
94/98 [===========================>..] - ETA: 0s - loss: 1.6418 - accuracy: 0.4064
95/98 [============================>.] - ETA: 0s - loss: 1.6419 - accuracy: 0.4065
96/98 [============================>.] - ETA: 0s - loss: 1.6414 - accuracy: 0.4068
97/98 [============================>.] - ETA: 0s - loss: 1.6406 - accuracy: 0.4071
98/98 [==============================] - ETA: 0s - loss: 1.6391 - accuracy: 0.4076
98/98 [==============================] - 10s 101ms/step - loss: 1.6391 - accuracy: 0.4076 - val_loss: 4.0276 - val_accuracy: 0.1183
Epoch 4/21

 1/98 [..............................] - ETA: 10s - loss: 1.6177 - accuracy: 0.4297
 2/98 [..............................] - ETA: 8s - loss: 1.5682 - accuracy: 0.4365 
 3/98 [..............................] - ETA: 8s - loss: 1.5790 - accuracy: 0.4284
 4/98 [>.............................] - ETA: 8s - loss: 1.5683 - accuracy: 0.4292
 5/98 [>.............................] - ETA: 8s - loss: 1.5781 - accuracy: 0.4246
 6/98 [>.............................] - ETA: 8s - loss: 1.5745 - accuracy: 0.4261
 7/98 [=>............................] - ETA: 8s - loss: 1.5740 - accuracy: 0.4266
 8/98 [=>............................] - ETA: 8s - loss: 1.5764 - accuracy: 0.4250
 9/98 [=>............................] - ETA: 7s - loss: 1.5750 - accuracy: 0.4247
10/98 [==>...........................] - ETA: 7s - loss: 1.5834 - accuracy: 0.4205
11/98 [==>...........................] - ETA: 7s - loss: 1.5801 - accuracy: 0.4235
12/98 [==>...........................] - ETA: 7s - loss: 1.5780 - accuracy: 0.4238
13/98 [==>...........................] - ETA: 7s - loss: 1.5718 - accuracy: 0.4259
14/98 [===>..........................] - ETA: 7s - loss: 1.5703 - accuracy: 0.4270
15/98 [===>..........................] - ETA: 7s - loss: 1.5785 - accuracy: 0.4262
16/98 [===>..........................] - ETA: 7s - loss: 1.5744 - accuracy: 0.4254
17/98 [====>.........................] - ETA: 7s - loss: 1.5735 - accuracy: 0.4272
18/98 [====>.........................] - ETA: 7s - loss: 1.5725 - accuracy: 0.4271
19/98 [====>.........................] - ETA: 7s - loss: 1.5703 - accuracy: 0.4264
20/98 [=====>........................] - ETA: 6s - loss: 1.5710 - accuracy: 0.4278
21/98 [=====>........................] - ETA: 6s - loss: 1.5720 - accuracy: 0.4276
22/98 [=====>........................] - ETA: 6s - loss: 1.5708 - accuracy: 0.4298
23/98 [======>.......................] - ETA: 6s - loss: 1.5722 - accuracy: 0.4295
24/98 [======>.......................] - ETA: 6s - loss: 1.5697 - accuracy: 0.4305
25/98 [======>.......................] - ETA: 6s - loss: 1.5679 - accuracy: 0.4316
26/98 [======>.......................] - ETA: 6s - loss: 1.5661 - accuracy: 0.4330
27/98 [=======>......................] - ETA: 6s - loss: 1.5673 - accuracy: 0.4327
28/98 [=======>......................] - ETA: 6s - loss: 1.5662 - accuracy: 0.4349
29/98 [=======>......................] - ETA: 6s - loss: 1.5642 - accuracy: 0.4353
30/98 [========>.....................] - ETA: 6s - loss: 1.5652 - accuracy: 0.4349
31/98 [========>.....................] - ETA: 5s - loss: 1.5657 - accuracy: 0.4341
32/98 [========>.....................] - ETA: 5s - loss: 1.5649 - accuracy: 0.4348
33/98 [=========>....................] - ETA: 5s - loss: 1.5666 - accuracy: 0.4339
34/98 [=========>....................] - ETA: 5s - loss: 1.5659 - accuracy: 0.4354
35/98 [=========>....................] - ETA: 5s - loss: 1.5650 - accuracy: 0.4353
36/98 [==========>...................] - ETA: 5s - loss: 1.5643 - accuracy: 0.4358
37/98 [==========>...................] - ETA: 5s - loss: 1.5630 - accuracy: 0.4365
38/98 [==========>...................] - ETA: 5s - loss: 1.5602 - accuracy: 0.4374
39/98 [==========>...................] - ETA: 5s - loss: 1.5606 - accuracy: 0.4376
40/98 [===========>..................] - ETA: 5s - loss: 1.5602 - accuracy: 0.4380
41/98 [===========>..................] - ETA: 5s - loss: 1.5598 - accuracy: 0.4383
42/98 [===========>..................] - ETA: 4s - loss: 1.5599 - accuracy: 0.4387
43/98 [============>.................] - ETA: 4s - loss: 1.5596 - accuracy: 0.4389
44/98 [============>.................] - ETA: 4s - loss: 1.5605 - accuracy: 0.4382
45/98 [============>.................] - ETA: 4s - loss: 1.5593 - accuracy: 0.4388
46/98 [=============>................] - ETA: 4s - loss: 1.5588 - accuracy: 0.4389
47/98 [=============>................] - ETA: 4s - loss: 1.5592 - accuracy: 0.4387
48/98 [=============>................] - ETA: 4s - loss: 1.5579 - accuracy: 0.4393
49/98 [==============>...............] - ETA: 4s - loss: 1.5582 - accuracy: 0.4385
50/98 [==============>...............] - ETA: 4s - loss: 1.5589 - accuracy: 0.4386
51/98 [==============>...............] - ETA: 4s - loss: 1.5589 - accuracy: 0.4386
52/98 [==============>...............] - ETA: 4s - loss: 1.5586 - accuracy: 0.4385
53/98 [===============>..............] - ETA: 3s - loss: 1.5588 - accuracy: 0.4382
54/98 [===============>..............] - ETA: 3s - loss: 1.5589 - accuracy: 0.4384
55/98 [===============>..............] - ETA: 3s - loss: 1.5567 - accuracy: 0.4396
56/98 [================>.............] - ETA: 3s - loss: 1.5566 - accuracy: 0.4398
57/98 [================>.............] - ETA: 3s - loss: 1.5574 - accuracy: 0.4393
58/98 [================>.............] - ETA: 3s - loss: 1.5570 - accuracy: 0.4393
59/98 [=================>............] - ETA: 3s - loss: 1.5567 - accuracy: 0.4394
60/98 [=================>............] - ETA: 3s - loss: 1.5557 - accuracy: 0.4396
61/98 [=================>............] - ETA: 3s - loss: 1.5556 - accuracy: 0.4395
62/98 [=================>............] - ETA: 3s - loss: 1.5547 - accuracy: 0.4395
63/98 [==================>...........] - ETA: 3s - loss: 1.5540 - accuracy: 0.4401
64/98 [==================>...........] - ETA: 3s - loss: 1.5537 - accuracy: 0.4400
65/98 [==================>...........] - ETA: 2s - loss: 1.5545 - accuracy: 0.4397
66/98 [===================>..........] - ETA: 2s - loss: 1.5535 - accuracy: 0.4401
67/98 [===================>..........] - ETA: 2s - loss: 1.5532 - accuracy: 0.4403
68/98 [===================>..........] - ETA: 2s - loss: 1.5520 - accuracy: 0.4406
69/98 [====================>.........] - ETA: 2s - loss: 1.5529 - accuracy: 0.4402
70/98 [====================>.........] - ETA: 2s - loss: 1.5528 - accuracy: 0.4404
71/98 [====================>.........] - ETA: 2s - loss: 1.5512 - accuracy: 0.4411
72/98 [=====================>........] - ETA: 2s - loss: 1.5513 - accuracy: 0.4411
73/98 [=====================>........] - ETA: 2s - loss: 1.5515 - accuracy: 0.4413
74/98 [=====================>........] - ETA: 2s - loss: 1.5501 - accuracy: 0.4418
75/98 [=====================>........] - ETA: 2s - loss: 1.5480 - accuracy: 0.4428
76/98 [======================>.......] - ETA: 1s - loss: 1.5480 - accuracy: 0.4429
77/98 [======================>.......] - ETA: 1s - loss: 1.5476 - accuracy: 0.4431
78/98 [======================>.......] - ETA: 1s - loss: 1.5468 - accuracy: 0.4435
79/98 [=======================>......] - ETA: 1s - loss: 1.5462 - accuracy: 0.4437
80/98 [=======================>......] - ETA: 1s - loss: 1.5458 - accuracy: 0.4436
81/98 [=======================>......] - ETA: 1s - loss: 1.5464 - accuracy: 0.4432
82/98 [========================>.....] - ETA: 1s - loss: 1.5467 - accuracy: 0.4429
83/98 [========================>.....] - ETA: 1s - loss: 1.5461 - accuracy: 0.4426
84/98 [========================>.....] - ETA: 1s - loss: 1.5467 - accuracy: 0.4426
85/98 [=========================>....] - ETA: 1s - loss: 1.5458 - accuracy: 0.4428
86/98 [=========================>....] - ETA: 1s - loss: 1.5459 - accuracy: 0.4431
87/98 [=========================>....] - ETA: 0s - loss: 1.5460 - accuracy: 0.4430
88/98 [=========================>....] - ETA: 0s - loss: 1.5464 - accuracy: 0.4428
89/98 [==========================>...] - ETA: 0s - loss: 1.5470 - accuracy: 0.4423
90/98 [==========================>...] - ETA: 0s - loss: 1.5473 - accuracy: 0.4422
91/98 [==========================>...] - ETA: 0s - loss: 1.5475 - accuracy: 0.4420
92/98 [===========================>..] - ETA: 0s - loss: 1.5483 - accuracy: 0.4420
93/98 [===========================>..] - ETA: 0s - loss: 1.5478 - accuracy: 0.4425
94/98 [===========================>..] - ETA: 0s - loss: 1.5464 - accuracy: 0.4428
95/98 [============================>.] - ETA: 0s - loss: 1.5456 - accuracy: 0.4431
96/98 [============================>.] - ETA: 0s - loss: 1.5453 - accuracy: 0.4432
97/98 [============================>.] - ETA: 0s - loss: 1.5450 - accuracy: 0.4435
98/98 [==============================] - ETA: 0s - loss: 1.5448 - accuracy: 0.4436
98/98 [==============================] - 10s 101ms/step - loss: 1.5448 - accuracy: 0.4436 - val_loss: 2.3314 - val_accuracy: 0.2683
Epoch 5/21

 1/98 [..............................] - ETA: 9s - loss: 1.5024 - accuracy: 0.4395
 2/98 [..............................] - ETA: 8s - loss: 1.5366 - accuracy: 0.4375
 3/98 [..............................] - ETA: 8s - loss: 1.4978 - accuracy: 0.4642
 4/98 [>.............................] - ETA: 8s - loss: 1.5131 - accuracy: 0.4624
 5/98 [>.............................] - ETA: 8s - loss: 1.5265 - accuracy: 0.4551
 6/98 [>.............................] - ETA: 8s - loss: 1.5182 - accuracy: 0.4600
 7/98 [=>............................] - ETA: 8s - loss: 1.5075 - accuracy: 0.4685
 8/98 [=>............................] - ETA: 8s - loss: 1.5113 - accuracy: 0.4634
 9/98 [=>............................] - ETA: 8s - loss: 1.5014 - accuracy: 0.4655
10/98 [==>...........................] - ETA: 7s - loss: 1.5045 - accuracy: 0.4652
11/98 [==>...........................] - ETA: 7s - loss: 1.4998 - accuracy: 0.4689
12/98 [==>...........................] - ETA: 7s - loss: 1.4891 - accuracy: 0.4730
13/98 [==>...........................] - ETA: 7s - loss: 1.4887 - accuracy: 0.4728
14/98 [===>..........................] - ETA: 7s - loss: 1.4872 - accuracy: 0.4714
15/98 [===>..........................] - ETA: 7s - loss: 1.4832 - accuracy: 0.4724
16/98 [===>..........................] - ETA: 7s - loss: 1.4811 - accuracy: 0.4709
17/98 [====>.........................] - ETA: 7s - loss: 1.4794 - accuracy: 0.4700
18/98 [====>.........................] - ETA: 7s - loss: 1.4811 - accuracy: 0.4694
19/98 [====>.........................] - ETA: 7s - loss: 1.4825 - accuracy: 0.4690
20/98 [=====>........................] - ETA: 7s - loss: 1.4810 - accuracy: 0.4690
21/98 [=====>........................] - ETA: 6s - loss: 1.4777 - accuracy: 0.4716
22/98 [=====>........................] - ETA: 6s - loss: 1.4743 - accuracy: 0.4735
23/98 [======>.......................] - ETA: 6s - loss: 1.4733 - accuracy: 0.4740
24/98 [======>.......................] - ETA: 6s - loss: 1.4713 - accuracy: 0.4739
25/98 [======>.......................] - ETA: 6s - loss: 1.4697 - accuracy: 0.4740
26/98 [======>.......................] - ETA: 6s - loss: 1.4724 - accuracy: 0.4741
27/98 [=======>......................] - ETA: 6s - loss: 1.4741 - accuracy: 0.4728
28/98 [=======>......................] - ETA: 6s - loss: 1.4763 - accuracy: 0.4720
29/98 [=======>......................] - ETA: 6s - loss: 1.4763 - accuracy: 0.4719
30/98 [========>.....................] - ETA: 6s - loss: 1.4792 - accuracy: 0.4709
31/98 [========>.....................] - ETA: 5s - loss: 1.4802 - accuracy: 0.4706
32/98 [========>.....................] - ETA: 5s - loss: 1.4825 - accuracy: 0.4703
33/98 [=========>....................] - ETA: 5s - loss: 1.4829 - accuracy: 0.4699
34/98 [=========>....................] - ETA: 5s - loss: 1.4824 - accuracy: 0.4696
35/98 [=========>....................] - ETA: 5s - loss: 1.4814 - accuracy: 0.4704
36/98 [==========>...................] - ETA: 5s - loss: 1.4806 - accuracy: 0.4705
37/98 [==========>...................] - ETA: 5s - loss: 1.4792 - accuracy: 0.4713
38/98 [==========>...................] - ETA: 5s - loss: 1.4802 - accuracy: 0.4718
39/98 [==========>...................] - ETA: 5s - loss: 1.4796 - accuracy: 0.4720
40/98 [===========>..................] - ETA: 5s - loss: 1.4775 - accuracy: 0.4718
41/98 [===========>..................] - ETA: 5s - loss: 1.4782 - accuracy: 0.4724
42/98 [===========>..................] - ETA: 4s - loss: 1.4799 - accuracy: 0.4723
43/98 [============>.................] - ETA: 4s - loss: 1.4779 - accuracy: 0.4724
44/98 [============>.................] - ETA: 4s - loss: 1.4781 - accuracy: 0.4721
45/98 [============>.................] - ETA: 4s - loss: 1.4795 - accuracy: 0.4714
46/98 [=============>................] - ETA: 4s - loss: 1.4804 - accuracy: 0.4716
47/98 [=============>................] - ETA: 4s - loss: 1.4793 - accuracy: 0.4713
48/98 [=============>................] - ETA: 4s - loss: 1.4784 - accuracy: 0.4716
49/98 [==============>...............] - ETA: 4s - loss: 1.4784 - accuracy: 0.4719
50/98 [==============>...............] - ETA: 4s - loss: 1.4777 - accuracy: 0.4719
51/98 [==============>...............] - ETA: 4s - loss: 1.4776 - accuracy: 0.4717
52/98 [==============>...............] - ETA: 4s - loss: 1.4779 - accuracy: 0.4710
53/98 [===============>..............] - ETA: 4s - loss: 1.4790 - accuracy: 0.4703
54/98 [===============>..............] - ETA: 3s - loss: 1.4776 - accuracy: 0.4706
55/98 [===============>..............] - ETA: 3s - loss: 1.4776 - accuracy: 0.4704
56/98 [================>.............] - ETA: 3s - loss: 1.4779 - accuracy: 0.4703
57/98 [================>.............] - ETA: 3s - loss: 1.4766 - accuracy: 0.4706
58/98 [================>.............] - ETA: 3s - loss: 1.4756 - accuracy: 0.4711
59/98 [=================>............] - ETA: 3s - loss: 1.4753 - accuracy: 0.4715
60/98 [=================>............] - ETA: 3s - loss: 1.4755 - accuracy: 0.4714
61/98 [=================>............] - ETA: 3s - loss: 1.4760 - accuracy: 0.4713
62/98 [=================>............] - ETA: 3s - loss: 1.4756 - accuracy: 0.4716
63/98 [==================>...........] - ETA: 3s - loss: 1.4748 - accuracy: 0.4716
64/98 [==================>...........] - ETA: 3s - loss: 1.4739 - accuracy: 0.4718
65/98 [==================>...........] - ETA: 2s - loss: 1.4736 - accuracy: 0.4720
66/98 [===================>..........] - ETA: 2s - loss: 1.4736 - accuracy: 0.4722
67/98 [===================>..........] - ETA: 2s - loss: 1.4748 - accuracy: 0.4720
68/98 [===================>..........] - ETA: 2s - loss: 1.4739 - accuracy: 0.4723
69/98 [====================>.........] - ETA: 2s - loss: 1.4738 - accuracy: 0.4727
70/98 [====================>.........] - ETA: 2s - loss: 1.4729 - accuracy: 0.4730
71/98 [====================>.........] - ETA: 2s - loss: 1.4733 - accuracy: 0.4731
72/98 [=====================>........] - ETA: 2s - loss: 1.4728 - accuracy: 0.4731
73/98 [=====================>........] - ETA: 2s - loss: 1.4733 - accuracy: 0.4734
74/98 [=====================>........] - ETA: 2s - loss: 1.4727 - accuracy: 0.4739
75/98 [=====================>........] - ETA: 2s - loss: 1.4736 - accuracy: 0.4736
76/98 [======================>.......] - ETA: 1s - loss: 1.4730 - accuracy: 0.4739
77/98 [======================>.......] - ETA: 1s - loss: 1.4724 - accuracy: 0.4742
78/98 [======================>.......] - ETA: 1s - loss: 1.4722 - accuracy: 0.4742
79/98 [=======================>......] - ETA: 1s - loss: 1.4721 - accuracy: 0.4745
80/98 [=======================>......] - ETA: 1s - loss: 1.4730 - accuracy: 0.4744
81/98 [=======================>......] - ETA: 1s - loss: 1.4726 - accuracy: 0.4744
82/98 [========================>.....] - ETA: 1s - loss: 1.4719 - accuracy: 0.4745
83/98 [========================>.....] - ETA: 1s - loss: 1.4724 - accuracy: 0.4744
84/98 [========================>.....] - ETA: 1s - loss: 1.4726 - accuracy: 0.4744
85/98 [=========================>....] - ETA: 1s - loss: 1.4725 - accuracy: 0.4743
86/98 [=========================>....] - ETA: 1s - loss: 1.4740 - accuracy: 0.4739
87/98 [=========================>....] - ETA: 0s - loss: 1.4744 - accuracy: 0.4737
88/98 [=========================>....] - ETA: 0s - loss: 1.4739 - accuracy: 0.4739
89/98 [==========================>...] - ETA: 0s - loss: 1.4736 - accuracy: 0.4737
90/98 [==========================>...] - ETA: 0s - loss: 1.4751 - accuracy: 0.4734
91/98 [==========================>...] - ETA: 0s - loss: 1.4742 - accuracy: 0.4735
92/98 [===========================>..] - ETA: 0s - loss: 1.4732 - accuracy: 0.4739
93/98 [===========================>..] - ETA: 0s - loss: 1.4733 - accuracy: 0.4739
94/98 [===========================>..] - ETA: 0s - loss: 1.4729 - accuracy: 0.4739
95/98 [============================>.] - ETA: 0s - loss: 1.4727 - accuracy: 0.4740
96/98 [============================>.] - ETA: 0s - loss: 1.4721 - accuracy: 0.4741
97/98 [============================>.] - ETA: 0s - loss: 1.4723 - accuracy: 0.4740
98/98 [==============================] - ETA: 0s - loss: 1.4727 - accuracy: 0.4737
98/98 [==============================] - 10s 103ms/step - loss: 1.4727 - accuracy: 0.4737 - val_loss: 1.7683 - val_accuracy: 0.3913
Epoch 6/21

 1/98 [..............................] - ETA: 9s - loss: 1.3625 - accuracy: 0.5234
 2/98 [..............................] - ETA: 8s - loss: 1.3485 - accuracy: 0.5176
 3/98 [..............................] - ETA: 8s - loss: 1.3566 - accuracy: 0.5124
 4/98 [>.............................] - ETA: 8s - loss: 1.3998 - accuracy: 0.4961
 5/98 [>.............................] - ETA: 8s - loss: 1.4075 - accuracy: 0.4977
 6/98 [>.............................] - ETA: 8s - loss: 1.4005 - accuracy: 0.4958
 7/98 [=>............................] - ETA: 8s - loss: 1.4124 - accuracy: 0.4939
 8/98 [=>............................] - ETA: 7s - loss: 1.4200 - accuracy: 0.4924
 9/98 [=>............................] - ETA: 7s - loss: 1.4215 - accuracy: 0.4928
10/98 [==>...........................] - ETA: 7s - loss: 1.4140 - accuracy: 0.4994
11/98 [==>...........................] - ETA: 7s - loss: 1.4198 - accuracy: 0.4995
12/98 [==>...........................] - ETA: 7s - loss: 1.4226 - accuracy: 0.4967
13/98 [==>...........................] - ETA: 7s - loss: 1.4193 - accuracy: 0.4974
14/98 [===>..........................] - ETA: 7s - loss: 1.4156 - accuracy: 0.4965
15/98 [===>..........................] - ETA: 7s - loss: 1.4205 - accuracy: 0.4928
16/98 [===>..........................] - ETA: 7s - loss: 1.4242 - accuracy: 0.4919
17/98 [====>.........................] - ETA: 7s - loss: 1.4222 - accuracy: 0.4914
18/98 [====>.........................] - ETA: 7s - loss: 1.4188 - accuracy: 0.4919
19/98 [====>.........................] - ETA: 7s - loss: 1.4165 - accuracy: 0.4932
20/98 [=====>........................] - ETA: 6s - loss: 1.4136 - accuracy: 0.4944
21/98 [=====>........................] - ETA: 6s - loss: 1.4202 - accuracy: 0.4921
22/98 [=====>........................] - ETA: 6s - loss: 1.4212 - accuracy: 0.4922
23/98 [======>.......................] - ETA: 6s - loss: 1.4218 - accuracy: 0.4918
24/98 [======>.......................] - ETA: 6s - loss: 1.4204 - accuracy: 0.4923
25/98 [======>.......................] - ETA: 6s - loss: 1.4195 - accuracy: 0.4909
26/98 [======>.......................] - ETA: 6s - loss: 1.4220 - accuracy: 0.4909
