2024-06-26 04:30:09.485877: I tensorflow/core/platform/cpu_feature_guard.cc:193] This TensorFlow binary is optimized with oneAPI Deep Neural Network Library (oneDNN) to use the following CPU instructions in performance-critical operations:  AVX AVX2
To enable them in other operations, rebuild TensorFlow with the appropriate compiler flags.
2024-06-26 04:30:10.855395: I tensorflow/core/common_runtime/gpu/gpu_device.cc:1616] Created device /job:localhost/replica:0/task:0/device:GPU:0 with 6656 MB memory:  -> device: 0, name: NVIDIA GeForce RTX 4060 Ti, pci bus id: 0000:01:00.0, compute capability: 8.9
1 Physical GPUs, 1 Logical GPUs
Model: "sequential"
_________________________________________________________________
 Layer (type)                Output Shape              Param #   
=================================================================
 conv2d (Conv2D)             (None, 32, 32, 32)        896       
                                                                 
 max_pooling2d (MaxPooling2D  (None, 16, 16, 32)       0         
 )                                                               
                                                                 
 batch_normalization (BatchN  (None, 16, 16, 32)       128       
 ormalization)                                                   
                                                                 
 conv2d_1 (Conv2D)           (None, 16, 16, 32)        25632     
                                                                 
 max_pooling2d_1 (MaxPooling  (None, 8, 8, 32)         0         
 2D)                                                             
                                                                 
 conv2d_2 (Conv2D)           (None, 8, 8, 256)         991488    
                                                                 
 dropout (Dropout)           (None, 8, 8, 256)         0         
                                                                 
 flatten (Flatten)           (None, 16384)             0         
                                                                 
 dense (Dense)               (None, 10)                163850    
                                                                 
=================================================================
Total params: 1,181,994
Trainable params: 1,181,930
Non-trainable params: 64
_________________________________________________________________
Taxa de aprendizado:  0.01 Num de épocas:  21 Tamanho do lote:  512 Dropout:  0.38436
Epoch 1/21
2024-06-26 04:30:13.155651: I tensorflow/stream_executor/cuda/cuda_dnn.cc:384] Loaded cuDNN version 8100
2024-06-26 04:30:14.952980: W tensorflow/stream_executor/gpu/redzone_allocator.cc:314] INTERNAL: ptxas exited with non-zero error code -1, output: 
Relying on driver to perform ptx compilation. 
Modify $PATH to customize ptxas location.
This message will be only logged once.
2024-06-26 04:30:16.509386: I tensorflow/stream_executor/cuda/cuda_blas.cc:1614] TensorFloat-32 will be used for the matrix multiplication. This will only be logged once.

 1/98 [..............................] - ETA: 11:45 - loss: 2.3566 - accuracy: 0.0742
 2/98 [..............................] - ETA: 8s - loss: 163.4680 - accuracy: 0.0977 
 3/98 [..............................] - ETA: 8s - loss: 111.7157 - accuracy: 0.1068
 4/98 [>.............................] - ETA: 8s - loss: 84.4995 - accuracy: 0.1040 
 5/98 [>.............................] - ETA: 8s - loss: 68.0566 - accuracy: 0.1039
 6/98 [>.............................] - ETA: 8s - loss: 57.0960 - accuracy: 0.1130
 7/98 [=>............................] - ETA: 8s - loss: 49.2636 - accuracy: 0.1172
 8/98 [=>............................] - ETA: 8s - loss: 43.3913 - accuracy: 0.1147
 9/98 [=>............................] - ETA: 7s - loss: 38.8233 - accuracy: 0.1174
10/98 [==>...........................] - ETA: 7s - loss: 35.1709 - accuracy: 0.1170
11/98 [==>...........................] - ETA: 7s - loss: 32.1823 - accuracy: 0.1163
12/98 [==>...........................] - ETA: 7s - loss: 29.6927 - accuracy: 0.1167
13/98 [==>...........................] - ETA: 7s - loss: 27.5850 - accuracy: 0.1161
14/98 [===>..........................] - ETA: 7s - loss: 25.7770 - accuracy: 0.1169
15/98 [===>..........................] - ETA: 7s - loss: 24.2114 - accuracy: 0.1177
16/98 [===>..........................] - ETA: 7s - loss: 22.8410 - accuracy: 0.1182
17/98 [====>.........................] - ETA: 7s - loss: 21.6315 - accuracy: 0.1186
18/98 [====>.........................] - ETA: 7s - loss: 20.5559 - accuracy: 0.1184
19/98 [====>.........................] - ETA: 7s - loss: 19.5931 - accuracy: 0.1194
20/98 [=====>........................] - ETA: 6s - loss: 18.7261 - accuracy: 0.1211
21/98 [=====>........................] - ETA: 6s - loss: 17.9418 - accuracy: 0.1213
22/98 [=====>........................] - ETA: 6s - loss: 17.2279 - accuracy: 0.1238
23/98 [======>.......................] - ETA: 6s - loss: 16.5750 - accuracy: 0.1256
24/98 [======>.......................] - ETA: 6s - loss: 15.9782 - accuracy: 0.1261
25/98 [======>.......................] - ETA: 6s - loss: 15.4293 - accuracy: 0.1264
26/98 [======>.......................] - ETA: 6s - loss: 14.9220 - accuracy: 0.1276
27/98 [=======>......................] - ETA: 6s - loss: 14.4526 - accuracy: 0.1286
28/98 [=======>......................] - ETA: 6s - loss: 14.0187 - accuracy: 0.1295
29/98 [=======>......................] - ETA: 6s - loss: 13.6126 - accuracy: 0.1311
30/98 [========>.....................] - ETA: 6s - loss: 13.2328 - accuracy: 0.1338
31/98 [========>.....................] - ETA: 6s - loss: 12.8772 - accuracy: 0.1356
32/98 [========>.....................] - ETA: 5s - loss: 12.5436 - accuracy: 0.1367
33/98 [=========>....................] - ETA: 5s - loss: 12.2296 - accuracy: 0.1383
34/98 [=========>....................] - ETA: 5s - loss: 11.9340 - accuracy: 0.1394
35/98 [=========>....................] - ETA: 5s - loss: 11.6561 - accuracy: 0.1409
36/98 [==========>...................] - ETA: 5s - loss: 11.3942 - accuracy: 0.1415
37/98 [==========>...................] - ETA: 5s - loss: 11.1454 - accuracy: 0.1421
38/98 [==========>...................] - ETA: 5s - loss: 10.9100 - accuracy: 0.1434
39/98 [==========>...................] - ETA: 5s - loss: 10.6855 - accuracy: 0.1441
40/98 [===========>..................] - ETA: 5s - loss: 10.4724 - accuracy: 0.1457
41/98 [===========>..................] - ETA: 5s - loss: 10.2694 - accuracy: 0.1474
42/98 [===========>..................] - ETA: 5s - loss: 10.0762 - accuracy: 0.1490
43/98 [============>.................] - ETA: 4s - loss: 9.8912 - accuracy: 0.1504 
44/98 [============>.................] - ETA: 4s - loss: 9.7141 - accuracy: 0.1515
45/98 [============>.................] - ETA: 4s - loss: 9.5443 - accuracy: 0.1528
46/98 [=============>................] - ETA: 4s - loss: 9.3828 - accuracy: 0.1541
47/98 [=============>................] - ETA: 4s - loss: 9.2273 - accuracy: 0.1547
48/98 [=============>................] - ETA: 4s - loss: 9.0788 - accuracy: 0.1554
49/98 [==============>...............] - ETA: 4s - loss: 8.9363 - accuracy: 0.1565
50/98 [==============>...............] - ETA: 4s - loss: 8.7993 - accuracy: 0.1573
51/98 [==============>...............] - ETA: 4s - loss: 8.6691 - accuracy: 0.1579
52/98 [==============>...............] - ETA: 4s - loss: 8.5416 - accuracy: 0.1592
53/98 [===============>..............] - ETA: 4s - loss: 8.4188 - accuracy: 0.1605
54/98 [===============>..............] - ETA: 3s - loss: 8.3015 - accuracy: 0.1613
55/98 [===============>..............] - ETA: 3s - loss: 8.1875 - accuracy: 0.1626
56/98 [================>.............] - ETA: 3s - loss: 8.0775 - accuracy: 0.1639
57/98 [================>.............] - ETA: 3s - loss: 7.9730 - accuracy: 0.1652
58/98 [================>.............] - ETA: 3s - loss: 7.8714 - accuracy: 0.1669
59/98 [=================>............] - ETA: 3s - loss: 7.7723 - accuracy: 0.1685
60/98 [=================>............] - ETA: 3s - loss: 7.6762 - accuracy: 0.1703
61/98 [=================>............] - ETA: 3s - loss: 7.5830 - accuracy: 0.1722
62/98 [=================>............] - ETA: 3s - loss: 7.4923 - accuracy: 0.1737
63/98 [==================>...........] - ETA: 3s - loss: 7.4054 - accuracy: 0.1745
64/98 [==================>...........] - ETA: 3s - loss: 7.3212 - accuracy: 0.1758
65/98 [==================>...........] - ETA: 2s - loss: 7.2395 - accuracy: 0.1778
66/98 [===================>..........] - ETA: 2s - loss: 7.1593 - accuracy: 0.1789
67/98 [===================>..........] - ETA: 2s - loss: 7.0813 - accuracy: 0.1803
68/98 [===================>..........] - ETA: 2s - loss: 7.0054 - accuracy: 0.1822
69/98 [====================>.........] - ETA: 2s - loss: 6.9318 - accuracy: 0.1834
70/98 [====================>.........] - ETA: 2s - loss: 6.8609 - accuracy: 0.1844
71/98 [====================>.........] - ETA: 2s - loss: 6.7924 - accuracy: 0.1854
72/98 [=====================>........] - ETA: 2s - loss: 6.7242 - accuracy: 0.1868
73/98 [=====================>........] - ETA: 2s - loss: 6.6599 - accuracy: 0.1882
74/98 [=====================>........] - ETA: 2s - loss: 6.5948 - accuracy: 0.1899
75/98 [=====================>........] - ETA: 2s - loss: 6.5324 - accuracy: 0.1908
76/98 [======================>.......] - ETA: 1s - loss: 6.4728 - accuracy: 0.1915
77/98 [======================>.......] - ETA: 1s - loss: 6.4137 - accuracy: 0.1924
78/98 [======================>.......] - ETA: 1s - loss: 6.3567 - accuracy: 0.1931
79/98 [=======================>......] - ETA: 1s - loss: 6.3012 - accuracy: 0.1938
80/98 [=======================>......] - ETA: 1s - loss: 6.2477 - accuracy: 0.1942
81/98 [=======================>......] - ETA: 1s - loss: 6.1944 - accuracy: 0.1953
82/98 [========================>.....] - ETA: 1s - loss: 6.1601 - accuracy: 0.1959
83/98 [========================>.....] - ETA: 1s - loss: 6.1082 - accuracy: 0.1977
84/98 [========================>.....] - ETA: 1s - loss: 6.0590 - accuracy: 0.1985
85/98 [=========================>....] - ETA: 1s - loss: 6.0102 - accuracy: 0.1993
86/98 [=========================>....] - ETA: 1s - loss: 5.9629 - accuracy: 0.2005
87/98 [=========================>....] - ETA: 1s - loss: 5.9168 - accuracy: 0.2015
88/98 [=========================>....] - ETA: 1s - loss: 5.8717 - accuracy: 0.2020
89/98 [==========================>...] - ETA: 0s - loss: 5.8280 - accuracy: 0.2026
90/98 [==========================>...] - ETA: 0s - loss: 5.7851 - accuracy: 0.2030
91/98 [==========================>...] - ETA: 0s - loss: 5.7430 - accuracy: 0.2039
93/98 [===========================>..] - ETA: 0s - loss: 5.6614 - accuracy: 0.2050
94/98 [===========================>..] - ETA: 0s - loss: 5.6211 - accuracy: 0.2061
95/98 [============================>.] - ETA: 0s - loss: 5.5818 - accuracy: 0.2069
96/98 [============================>.] - ETA: 0s - loss: 5.5435 - accuracy: 0.2076
97/98 [============================>.] - ETA: 0s - loss: 5.5062 - accuracy: 0.2085
98/98 [==============================] - 19s 119ms/step - loss: 5.4698 - accuracy: 0.2089 - val_loss: 2.1915 - val_accuracy: 0.1727
Epoch 2/21

 1/98 [..............................] - ETA: 10s - loss: 1.8569 - accuracy: 0.2832
 2/98 [..............................] - ETA: 9s - loss: 1.8865 - accuracy: 0.2793 
 3/98 [..............................] - ETA: 8s - loss: 1.9177 - accuracy: 0.2741
 4/98 [>.............................] - ETA: 8s - loss: 1.9008 - accuracy: 0.2856
 5/98 [>.............................] - ETA: 8s - loss: 1.8953 - accuracy: 0.2863
 6/98 [>.............................] - ETA: 8s - loss: 1.8878 - accuracy: 0.2839
 7/98 [=>............................] - ETA: 8s - loss: 1.8900 - accuracy: 0.2812
 8/98 [=>............................] - ETA: 8s - loss: 1.8764 - accuracy: 0.2866
 9/98 [=>............................] - ETA: 8s - loss: 1.8656 - accuracy: 0.2878
10/98 [==>...........................] - ETA: 7s - loss: 1.8627 - accuracy: 0.2922
11/98 [==>...........................] - ETA: 7s - loss: 1.8573 - accuracy: 0.2937
12/98 [==>...........................] - ETA: 7s - loss: 1.8580 - accuracy: 0.2948
13/98 [==>...........................] - ETA: 7s - loss: 1.8579 - accuracy: 0.2942
14/98 [===>..........................] - ETA: 7s - loss: 1.8569 - accuracy: 0.2941
15/98 [===>..........................] - ETA: 7s - loss: 1.8521 - accuracy: 0.2964
16/98 [===>..........................] - ETA: 7s - loss: 1.8490 - accuracy: 0.2988
17/98 [====>.........................] - ETA: 7s - loss: 1.8491 - accuracy: 0.2989
18/98 [====>.........................] - ETA: 7s - loss: 1.8493 - accuracy: 0.2993
19/98 [====>.........................] - ETA: 7s - loss: 1.8473 - accuracy: 0.3004
20/98 [=====>........................] - ETA: 6s - loss: 1.8444 - accuracy: 0.3025
21/98 [=====>........................] - ETA: 6s - loss: 1.8416 - accuracy: 0.3052
22/98 [=====>........................] - ETA: 6s - loss: 1.8388 - accuracy: 0.3077
23/98 [======>.......................] - ETA: 6s - loss: 1.8378 - accuracy: 0.3090
24/98 [======>.......................] - ETA: 6s - loss: 1.8371 - accuracy: 0.3109
25/98 [======>.......................] - ETA: 6s - loss: 1.8356 - accuracy: 0.3130
26/98 [======>.......................] - ETA: 6s - loss: 1.8336 - accuracy: 0.3123
27/98 [=======>......................] - ETA: 6s - loss: 1.8307 - accuracy: 0.3136
28/98 [=======>......................] - ETA: 6s - loss: 1.8278 - accuracy: 0.3147
29/98 [=======>......................] - ETA: 6s - loss: 1.8280 - accuracy: 0.3147
30/98 [========>.....................] - ETA: 6s - loss: 1.8281 - accuracy: 0.3156
31/98 [========>.....................] - ETA: 6s - loss: 1.8245 - accuracy: 0.3173
32/98 [========>.....................] - ETA: 5s - loss: 1.8237 - accuracy: 0.3176
33/98 [=========>....................] - ETA: 5s - loss: 1.8226 - accuracy: 0.3174
34/98 [=========>....................] - ETA: 5s - loss: 1.8226 - accuracy: 0.3174
35/98 [=========>....................] - ETA: 5s - loss: 1.8208 - accuracy: 0.3189
36/98 [==========>...................] - ETA: 5s - loss: 1.8195 - accuracy: 0.3191
37/98 [==========>...................] - ETA: 5s - loss: 1.8178 - accuracy: 0.3195
39/98 [==========>...................] - ETA: 5s - loss: 1.8174 - accuracy: 0.3199
40/98 [===========>..................] - ETA: 5s - loss: 1.8177 - accuracy: 0.3200
41/98 [===========>..................] - ETA: 5s - loss: 1.8178 - accuracy: 0.3195
42/98 [===========>..................] - ETA: 4s - loss: 1.8173 - accuracy: 0.3195
43/98 [============>.................] - ETA: 4s - loss: 1.8167 - accuracy: 0.3193
44/98 [============>.................] - ETA: 4s - loss: 1.8153 - accuracy: 0.3198
45/98 [============>.................] - ETA: 4s - loss: 1.8131 - accuracy: 0.3212
46/98 [=============>................] - ETA: 4s - loss: 1.8113 - accuracy: 0.3222
47/98 [=============>................] - ETA: 4s - loss: 1.8118 - accuracy: 0.3232
48/98 [=============>................] - ETA: 4s - loss: 1.8110 - accuracy: 0.3235
49/98 [==============>...............] - ETA: 4s - loss: 1.8102 - accuracy: 0.3241
50/98 [==============>...............] - ETA: 4s - loss: 1.8101 - accuracy: 0.3247
51/98 [==============>...............] - ETA: 4s - loss: 1.8083 - accuracy: 0.3255
52/98 [==============>...............] - ETA: 4s - loss: 1.8069 - accuracy: 0.3257
53/98 [===============>..............] - ETA: 3s - loss: 1.8056 - accuracy: 0.3264
54/98 [===============>..............] - ETA: 3s - loss: 1.8040 - accuracy: 0.3271
55/98 [===============>..............] - ETA: 3s - loss: 1.8027 - accuracy: 0.3273
56/98 [================>.............] - ETA: 3s - loss: 1.8005 - accuracy: 0.3279
57/98 [================>.............] - ETA: 3s - loss: 1.7989 - accuracy: 0.3286
58/98 [================>.............] - ETA: 3s - loss: 1.7976 - accuracy: 0.3290
59/98 [=================>............] - ETA: 3s - loss: 1.7961 - accuracy: 0.3290
60/98 [=================>............] - ETA: 3s - loss: 1.7958 - accuracy: 0.3288
61/98 [=================>............] - ETA: 3s - loss: 1.7947 - accuracy: 0.3291
62/98 [=================>............] - ETA: 3s - loss: 1.7941 - accuracy: 0.3296
63/98 [==================>...........] - ETA: 3s - loss: 1.7938 - accuracy: 0.3305
64/98 [==================>...........] - ETA: 3s - loss: 1.7926 - accuracy: 0.3310
65/98 [==================>...........] - ETA: 2s - loss: 1.7933 - accuracy: 0.3306
66/98 [===================>..........] - ETA: 2s - loss: 1.7926 - accuracy: 0.3304
67/98 [===================>..........] - ETA: 2s - loss: 1.7918 - accuracy: 0.3307
68/98 [===================>..........] - ETA: 2s - loss: 1.7912 - accuracy: 0.3306
69/98 [====================>.........] - ETA: 2s - loss: 1.7908 - accuracy: 0.3311
70/98 [====================>.........] - ETA: 2s - loss: 1.7907 - accuracy: 0.3310
71/98 [====================>.........] - ETA: 2s - loss: 1.7902 - accuracy: 0.3313
72/98 [=====================>........] - ETA: 2s - loss: 1.7885 - accuracy: 0.3322
73/98 [=====================>........] - ETA: 2s - loss: 1.7872 - accuracy: 0.3324
74/98 [=====================>........] - ETA: 2s - loss: 1.7856 - accuracy: 0.3331
75/98 [=====================>........] - ETA: 2s - loss: 1.7845 - accuracy: 0.3331
76/98 [======================>.......] - ETA: 1s - loss: 1.7835 - accuracy: 0.3337
77/98 [======================>.......] - ETA: 1s - loss: 1.7827 - accuracy: 0.3337
78/98 [======================>.......] - ETA: 1s - loss: 1.7809 - accuracy: 0.3340
79/98 [=======================>......] - ETA: 1s - loss: 1.7798 - accuracy: 0.3343
80/98 [=======================>......] - ETA: 1s - loss: 1.7783 - accuracy: 0.3350
81/98 [=======================>......] - ETA: 1s - loss: 1.7767 - accuracy: 0.3355
82/98 [========================>.....] - ETA: 1s - loss: 1.7748 - accuracy: 0.3362
83/98 [========================>.....] - ETA: 1s - loss: 1.7736 - accuracy: 0.3366
84/98 [========================>.....] - ETA: 1s - loss: 1.7733 - accuracy: 0.3369
85/98 [=========================>....] - ETA: 1s - loss: 1.7717 - accuracy: 0.3373
86/98 [=========================>....] - ETA: 1s - loss: 1.7706 - accuracy: 0.3376
87/98 [=========================>....] - ETA: 0s - loss: 1.7697 - accuracy: 0.3380
88/98 [=========================>....] - ETA: 0s - loss: 1.7690 - accuracy: 0.3384
89/98 [==========================>...] - ETA: 0s - loss: 1.7677 - accuracy: 0.3388
90/98 [==========================>...] - ETA: 0s - loss: 1.7670 - accuracy: 0.3389
91/98 [==========================>...] - ETA: 0s - loss: 1.7671 - accuracy: 0.3390
92/98 [===========================>..] - ETA: 0s - loss: 1.7667 - accuracy: 0.3393
93/98 [===========================>..] - ETA: 0s - loss: 1.7659 - accuracy: 0.3398
94/98 [===========================>..] - ETA: 0s - loss: 1.7642 - accuracy: 0.3403
95/98 [============================>.] - ETA: 0s - loss: 1.7636 - accuracy: 0.3409
96/98 [============================>.] - ETA: 0s - loss: 1.7621 - accuracy: 0.3414
97/98 [============================>.] - ETA: 0s - loss: 1.7615 - accuracy: 0.3417
98/98 [==============================] - ETA: 0s - loss: 1.7607 - accuracy: 0.3419
98/98 [==============================] - 10s 102ms/step - loss: 1.7607 - accuracy: 0.3419 - val_loss: 2.1121 - val_accuracy: 0.2251
Epoch 3/21

 1/98 [..............................] - ETA: 7s - loss: 1.5955 - accuracy: 0.3828
 2/98 [..............................] - ETA: 6s - loss: 1.6683 - accuracy: 0.3691
 3/98 [..............................] - ETA: 5s - loss: 1.6504 - accuracy: 0.3815
 4/98 [>.............................] - ETA: 5s - loss: 1.6331 - accuracy: 0.3906
 5/98 [>.............................] - ETA: 5s - loss: 1.6316 - accuracy: 0.3984
 6/98 [>.............................] - ETA: 5s - loss: 1.6398 - accuracy: 0.3923
 7/98 [=>............................] - ETA: 5s - loss: 1.6382 - accuracy: 0.3898
 8/98 [=>............................] - ETA: 5s - loss: 1.6441 - accuracy: 0.3838
10/98 [==>...........................] - ETA: 5s - loss: 1.6382 - accuracy: 0.3879
11/98 [==>...........................] - ETA: 5s - loss: 1.6393 - accuracy: 0.3890
12/98 [==>...........................] - ETA: 5s - loss: 1.6358 - accuracy: 0.3906
13/98 [==>...........................] - ETA: 5s - loss: 1.6408 - accuracy: 0.3929
14/98 [===>..........................] - ETA: 5s - loss: 1.6394 - accuracy: 0.3941
16/98 [===>..........................] - ETA: 5s - loss: 1.6450 - accuracy: 0.3947
17/98 [====>.........................] - ETA: 5s - loss: 1.6467 - accuracy: 0.3915
18/98 [====>.........................] - ETA: 5s - loss: 1.6408 - accuracy: 0.3942
19/98 [====>.........................] - ETA: 5s - loss: 1.6356 - accuracy: 0.3959
20/98 [=====>........................] - ETA: 5s - loss: 1.6345 - accuracy: 0.3963
21/98 [=====>........................] - ETA: 5s - loss: 1.6377 - accuracy: 0.3950
22/98 [=====>........................] - ETA: 5s - loss: 1.6422 - accuracy: 0.3943
23/98 [======>.......................] - ETA: 5s - loss: 1.6444 - accuracy: 0.3943
24/98 [======>.......................] - ETA: 5s - loss: 1.6439 - accuracy: 0.3937
25/98 [======>.......................] - ETA: 5s - loss: 1.6454 - accuracy: 0.3926
26/98 [======>.......................] - ETA: 5s - loss: 1.6452 - accuracy: 0.3919
27/98 [=======>......................] - ETA: 5s - loss: 1.6457 - accuracy: 0.3924
28/98 [=======>......................] - ETA: 5s - loss: 1.6471 - accuracy: 0.3919
29/98 [=======>......................] - ETA: 5s - loss: 1.6470 - accuracy: 0.3914
30/98 [========>.....................] - ETA: 5s - loss: 1.6451 - accuracy: 0.3924
31/98 [========>.....................] - ETA: 5s - loss: 1.6475 - accuracy: 0.3902
32/98 [========>.....................] - ETA: 5s - loss: 1.6478 - accuracy: 0.3903
33/98 [=========>....................] - ETA: 4s - loss: 1.6479 - accuracy: 0.3902
34/98 [=========>....................] - ETA: 4s - loss: 1.6466 - accuracy: 0.3908
35/98 [=========>....................] - ETA: 4s - loss: 1.6470 - accuracy: 0.3904
36/98 [==========>...................] - ETA: 4s - loss: 1.6507 - accuracy: 0.3885
37/98 [==========>...................] - ETA: 4s - loss: 1.6510 - accuracy: 0.3881
38/98 [==========>...................] - ETA: 4s - loss: 1.6504 - accuracy: 0.3878
39/98 [==========>...................] - ETA: 4s - loss: 1.6503 - accuracy: 0.3876
40/98 [===========>..................] - ETA: 4s - loss: 1.6493 - accuracy: 0.3888
41/98 [===========>..................] - ETA: 4s - loss: 1.6487 - accuracy: 0.3892
42/98 [===========>..................] - ETA: 4s - loss: 1.6493 - accuracy: 0.3884
43/98 [============>.................] - ETA: 4s - loss: 1.6474 - accuracy: 0.3894
44/98 [============>.................] - ETA: 4s - loss: 1.6460 - accuracy: 0.3899
45/98 [============>.................] - ETA: 4s - loss: 1.6456 - accuracy: 0.3900
46/98 [=============>................] - ETA: 4s - loss: 1.6472 - accuracy: 0.3900
47/98 [=============>................] - ETA: 4s - loss: 1.6459 - accuracy: 0.3903
48/98 [=============>................] - ETA: 4s - loss: 1.6448 - accuracy: 0.3905
49/98 [==============>...............] - ETA: 3s - loss: 1.6429 - accuracy: 0.3914
50/98 [==============>...............] - ETA: 3s - loss: 1.6446 - accuracy: 0.3905
51/98 [==============>...............] - ETA: 3s - loss: 1.6447 - accuracy: 0.3911
52/98 [==============>...............] - ETA: 3s - loss: 1.6444 - accuracy: 0.3909
53/98 [===============>..............] - ETA: 3s - loss: 1.6450 - accuracy: 0.3916
54/98 [===============>..............] - ETA: 3s - loss: 1.6464 - accuracy: 0.3909
55/98 [===============>..............] - ETA: 3s - loss: 1.6435 - accuracy: 0.3922
56/98 [================>.............] - ETA: 3s - loss: 1.6425 - accuracy: 0.3924
57/98 [================>.............] - ETA: 3s - loss: 1.6428 - accuracy: 0.3920
58/98 [================>.............] - ETA: 3s - loss: 1.6416 - accuracy: 0.3920
59/98 [=================>............] - ETA: 3s - loss: 1.6427 - accuracy: 0.3918
60/98 [=================>............] - ETA: 3s - loss: 1.6424 - accuracy: 0.3914
61/98 [=================>............] - ETA: 3s - loss: 1.6418 - accuracy: 0.3912
62/98 [=================>............] - ETA: 2s - loss: 1.6426 - accuracy: 0.3913
63/98 [==================>...........] - ETA: 2s - loss: 1.6404 - accuracy: 0.3918
64/98 [==================>...........] - ETA: 2s - loss: 1.6405 - accuracy: 0.3922
65/98 [==================>...........] - ETA: 2s - loss: 1.6394 - accuracy: 0.3926
66/98 [===================>..........] - ETA: 2s - loss: 1.6401 - accuracy: 0.3925
67/98 [===================>..........] - ETA: 2s - loss: 1.6393 - accuracy: 0.3929
68/98 [===================>..........] - ETA: 2s - loss: 1.6399 - accuracy: 0.3930
69/98 [====================>.........] - ETA: 2s - loss: 1.6385 - accuracy: 0.3933
70/98 [====================>.........] - ETA: 2s - loss: 1.6380 - accuracy: 0.3934
71/98 [====================>.........] - ETA: 2s - loss: 1.6386 - accuracy: 0.3935
72/98 [=====================>........] - ETA: 2s - loss: 1.6378 - accuracy: 0.3939
73/98 [=====================>........] - ETA: 2s - loss: 1.6367 - accuracy: 0.3942
74/98 [=====================>........] - ETA: 2s - loss: 1.6358 - accuracy: 0.3947
75/98 [=====================>........] - ETA: 1s - loss: 1.6356 - accuracy: 0.3949
76/98 [======================>.......] - ETA: 1s - loss: 1.6358 - accuracy: 0.3953
77/98 [======================>.......] - ETA: 1s - loss: 1.6353 - accuracy: 0.3956
78/98 [======================>.......] - ETA: 1s - loss: 1.6349 - accuracy: 0.3960
79/98 [=======================>......] - ETA: 1s - loss: 1.6358 - accuracy: 0.3961
80/98 [=======================>......] - ETA: 1s - loss: 1.6357 - accuracy: 0.3965
81/98 [=======================>......] - ETA: 1s - loss: 1.6350 - accuracy: 0.3965
82/98 [========================>.....] - ETA: 1s - loss: 1.6346 - accuracy: 0.3968
83/98 [========================>.....] - ETA: 1s - loss: 1.6343 - accuracy: 0.3970
84/98 [========================>.....] - ETA: 1s - loss: 1.6337 - accuracy: 0.3974
85/98 [=========================>....] - ETA: 1s - loss: 1.6335 - accuracy: 0.3972
86/98 [=========================>....] - ETA: 1s - loss: 1.6325 - accuracy: 0.3975
87/98 [=========================>....] - ETA: 0s - loss: 1.6322 - accuracy: 0.3977
88/98 [=========================>....] - ETA: 0s - loss: 1.6315 - accuracy: 0.3980
89/98 [==========================>...] - ETA: 0s - loss: 1.6304 - accuracy: 0.3985
90/98 [==========================>...] - ETA: 0s - loss: 1.6303 - accuracy: 0.3988
91/98 [==========================>...] - ETA: 0s - loss: 1.6290 - accuracy: 0.3993
92/98 [===========================>..] - ETA: 0s - loss: 1.6285 - accuracy: 0.3994
93/98 [===========================>..] - ETA: 0s - loss: 1.6279 - accuracy: 0.3998
94/98 [===========================>..] - ETA: 0s - loss: 1.6274 - accuracy: 0.3999
95/98 [============================>.] - ETA: 0s - loss: 1.6256 - accuracy: 0.4007
96/98 [============================>.] - ETA: 0s - loss: 1.6257 - accuracy: 0.4010
97/98 [============================>.] - ETA: 0s - loss: 1.6249 - accuracy: 0.4013
98/98 [==============================] - ETA: 0s - loss: 1.6240 - accuracy: 0.4017
98/98 [==============================] - 10s 98ms/step - loss: 1.6240 - accuracy: 0.4017 - val_loss: 1.9321 - val_accuracy: 0.2671
Epoch 4/21

 1/98 [..............................] - ETA: 10s - loss: 1.5043 - accuracy: 0.4414
 2/98 [..............................] - ETA: 9s - loss: 1.5171 - accuracy: 0.4395 
 3/98 [..............................] - ETA: 8s - loss: 1.5128 - accuracy: 0.4453
 4/98 [>.............................] - ETA: 8s - loss: 1.5112 - accuracy: 0.4517
 5/98 [>.............................] - ETA: 8s - loss: 1.5171 - accuracy: 0.4492
 6/98 [>.............................] - ETA: 8s - loss: 1.5207 - accuracy: 0.4450
 7/98 [=>............................] - ETA: 8s - loss: 1.5160 - accuracy: 0.4428
 8/98 [=>............................] - ETA: 8s - loss: 1.5184 - accuracy: 0.4441
 9/98 [=>............................] - ETA: 8s - loss: 1.5311 - accuracy: 0.4427
10/98 [==>...........................] - ETA: 7s - loss: 1.5270 - accuracy: 0.4439
11/98 [==>...........................] - ETA: 7s - loss: 1.5277 - accuracy: 0.4423
12/98 [==>...........................] - ETA: 7s - loss: 1.5228 - accuracy: 0.4425
13/98 [==>...........................] - ETA: 7s - loss: 1.5210 - accuracy: 0.4422
14/98 [===>..........................] - ETA: 7s - loss: 1.5190 - accuracy: 0.4421
15/98 [===>..........................] - ETA: 7s - loss: 1.5169 - accuracy: 0.4439
16/98 [===>..........................] - ETA: 7s - loss: 1.5150 - accuracy: 0.4468
17/98 [====>.........................] - ETA: 7s - loss: 1.5119 - accuracy: 0.4468
18/98 [====>.........................] - ETA: 7s - loss: 1.5137 - accuracy: 0.4479
19/98 [====>.........................] - ETA: 7s - loss: 1.5152 - accuracy: 0.4463
20/98 [=====>........................] - ETA: 6s - loss: 1.5175 - accuracy: 0.4451
21/98 [=====>........................] - ETA: 6s - loss: 1.5176 - accuracy: 0.4449
22/98 [=====>........................] - ETA: 6s - loss: 1.5187 - accuracy: 0.4453
23/98 [======>.......................] - ETA: 6s - loss: 1.5200 - accuracy: 0.4451
24/98 [======>.......................] - ETA: 6s - loss: 1.5175 - accuracy: 0.4460
25/98 [======>.......................] - ETA: 6s - loss: 1.5168 - accuracy: 0.4457
26/98 [======>.......................] - ETA: 6s - loss: 1.5173 - accuracy: 0.4458
27/98 [=======>......................] - ETA: 6s - loss: 1.5241 - accuracy: 0.4446
29/98 [=======>......................] - ETA: 5s - loss: 1.5247 - accuracy: 0.4450
30/98 [========>.....................] - ETA: 5s - loss: 1.5240 - accuracy: 0.4448
31/98 [========>.....................] - ETA: 5s - loss: 1.5252 - accuracy: 0.4448
32/98 [========>.....................] - ETA: 5s - loss: 1.5270 - accuracy: 0.4443
33/98 [=========>....................] - ETA: 5s - loss: 1.5254 - accuracy: 0.4453
34/98 [=========>....................] - ETA: 5s - loss: 1.5232 - accuracy: 0.4467
35/98 [=========>....................] - ETA: 5s - loss: 1.5241 - accuracy: 0.4461
36/98 [==========>...................] - ETA: 5s - loss: 1.5243 - accuracy: 0.4461
38/98 [==========>...................] - ETA: 4s - loss: 1.5275 - accuracy: 0.4445
39/98 [==========>...................] - ETA: 4s - loss: 1.5261 - accuracy: 0.4457
40/98 [===========>..................] - ETA: 4s - loss: 1.5280 - accuracy: 0.4446
41/98 [===========>..................] - ETA: 4s - loss: 1.5283 - accuracy: 0.4443
43/98 [============>.................] - ETA: 4s - loss: 1.5302 - accuracy: 0.4436
44/98 [============>.................] - ETA: 4s - loss: 1.5300 - accuracy: 0.4439
45/98 [============>.................] - ETA: 4s - loss: 1.5304 - accuracy: 0.4432
46/98 [=============>................] - ETA: 3s - loss: 1.5294 - accuracy: 0.4431
47/98 [=============>................] - ETA: 3s - loss: 1.5302 - accuracy: 0.4431
48/98 [=============>................] - ETA: 3s - loss: 1.5294 - accuracy: 0.4436
50/98 [==============>...............] - ETA: 3s - loss: 1.5312 - accuracy: 0.4434
51/98 [==============>...............] - ETA: 3s - loss: 1.5299 - accuracy: 0.4440
52/98 [==============>...............] - ETA: 3s - loss: 1.5313 - accuracy: 0.4434
53/98 [===============>..............] - ETA: 3s - loss: 1.5320 - accuracy: 0.4426
54/98 [===============>..............] - ETA: 3s - loss: 1.5309 - accuracy: 0.4430
55/98 [===============>..............] - ETA: 3s - loss: 1.5303 - accuracy: 0.4433
56/98 [================>.............] - ETA: 3s - loss: 1.5314 - accuracy: 0.4430
57/98 [================>.............] - ETA: 3s - loss: 1.5317 - accuracy: 0.4433
58/98 [================>.............] - ETA: 3s - loss: 1.5308 - accuracy: 0.4441
59/98 [=================>............] - ETA: 3s - loss: 1.5296 - accuracy: 0.4453
60/98 [=================>............] - ETA: 2s - loss: 1.5301 - accuracy: 0.4450
61/98 [=================>............] - ETA: 2s - loss: 1.5295 - accuracy: 0.4452
62/98 [=================>............] - ETA: 2s - loss: 1.5291 - accuracy: 0.4454
63/98 [==================>...........] - ETA: 2s - loss: 1.5291 - accuracy: 0.4454
64/98 [==================>...........] - ETA: 2s - loss: 1.5286 - accuracy: 0.4458
65/98 [==================>...........] - ETA: 2s - loss: 1.5282 - accuracy: 0.4462
66/98 [===================>..........] - ETA: 2s - loss: 1.5300 - accuracy: 0.4454
67/98 [===================>..........] - ETA: 2s - loss: 1.5295 - accuracy: 0.4453
68/98 [===================>..........] - ETA: 2s - loss: 1.5292 - accuracy: 0.4453
69/98 [====================>.........] - ETA: 2s - loss: 1.5286 - accuracy: 0.4456
70/98 [====================>.........] - ETA: 2s - loss: 1.5285 - accuracy: 0.4455
71/98 [====================>.........] - ETA: 2s - loss: 1.5297 - accuracy: 0.4452
72/98 [=====================>........] - ETA: 2s - loss: 1.5292 - accuracy: 0.4455
73/98 [=====================>........] - ETA: 1s - loss: 1.5285 - accuracy: 0.4461
74/98 [=====================>........] - ETA: 1s - loss: 1.5284 - accuracy: 0.4462
75/98 [=====================>........] - ETA: 1s - loss: 1.5284 - accuracy: 0.4460
76/98 [======================>.......] - ETA: 1s - loss: 1.5282 - accuracy: 0.4458
77/98 [======================>.......] - ETA: 1s - loss: 1.5284 - accuracy: 0.4456
78/98 [======================>.......] - ETA: 1s - loss: 1.5286 - accuracy: 0.4455
79/98 [=======================>......] - ETA: 1s - loss: 1.5276 - accuracy: 0.4461
80/98 [=======================>......] - ETA: 1s - loss: 1.5290 - accuracy: 0.4455
81/98 [=======================>......] - ETA: 1s - loss: 1.5303 - accuracy: 0.4448
82/98 [========================>.....] - ETA: 1s - loss: 1.5305 - accuracy: 0.4446
83/98 [========================>.....] - ETA: 1s - loss: 1.5312 - accuracy: 0.4445
84/98 [========================>.....] - ETA: 1s - loss: 1.5318 - accuracy: 0.4439
85/98 [=========================>....] - ETA: 1s - loss: 1.5317 - accuracy: 0.4439
86/98 [=========================>....] - ETA: 0s - loss: 1.5307 - accuracy: 0.4441
87/98 [=========================>....] - ETA: 0s - loss: 1.5298 - accuracy: 0.4444
88/98 [=========================>....] - ETA: 0s - loss: 1.5295 - accuracy: 0.4450
89/98 [==========================>...] - ETA: 0s - loss: 1.5293 - accuracy: 0.4453
90/98 [==========================>...] - ETA: 0s - loss: 1.5287 - accuracy: 0.4453
91/98 [==========================>...] - ETA: 0s - loss: 1.5294 - accuracy: 0.4453
92/98 [===========================>..] - ETA: 0s - loss: 1.5297 - accuracy: 0.4454
93/98 [===========================>..] - ETA: 0s - loss: 1.5289 - accuracy: 0.4457
94/98 [===========================>..] - ETA: 0s - loss: 1.5285 - accuracy: 0.4459
95/98 [============================>.] - ETA: 0s - loss: 1.5284 - accuracy: 0.4459
96/98 [============================>.] - ETA: 0s - loss: 1.5276 - accuracy: 0.4461
97/98 [============================>.] - ETA: 0s - loss: 1.5271 - accuracy: 0.4461
98/98 [==============================] - ETA: 0s - loss: 1.5264 - accuracy: 0.4464
98/98 [==============================] - 9s 95ms/step - loss: 1.5264 - accuracy: 0.4464 - val_loss: 1.6820 - val_accuracy: 0.3832
Epoch 5/21

 1/98 [..............................] - ETA: 10s - loss: 1.4213 - accuracy: 0.4863
 2/98 [..............................] - ETA: 7s - loss: 1.4675 - accuracy: 0.4795 
 3/98 [..............................] - ETA: 8s - loss: 1.4634 - accuracy: 0.4740
 4/98 [>.............................] - ETA: 8s - loss: 1.4389 - accuracy: 0.4902
 5/98 [>.............................] - ETA: 8s - loss: 1.4371 - accuracy: 0.4941
 6/98 [>.............................] - ETA: 8s - loss: 1.4478 - accuracy: 0.4899
 7/98 [=>............................] - ETA: 8s - loss: 1.4505 - accuracy: 0.4900
 8/98 [=>............................] - ETA: 8s - loss: 1.4641 - accuracy: 0.4871
 9/98 [=>............................] - ETA: 7s - loss: 1.4734 - accuracy: 0.4826
10/98 [==>...........................] - ETA: 7s - loss: 1.4827 - accuracy: 0.4771
11/98 [==>...........................] - ETA: 7s - loss: 1.4801 - accuracy: 0.4769
12/98 [==>...........................] - ETA: 7s - loss: 1.4875 - accuracy: 0.4731
13/98 [==>...........................] - ETA: 7s - loss: 1.4950 - accuracy: 0.4712
14/98 [===>..........................] - ETA: 7s - loss: 1.4944 - accuracy: 0.4714
15/98 [===>..........................] - ETA: 7s - loss: 1.4907 - accuracy: 0.4719
16/98 [===>..........................] - ETA: 7s - loss: 1.4845 - accuracy: 0.4740
17/98 [====>.........................] - ETA: 7s - loss: 1.4819 - accuracy: 0.4739
18/98 [====>.........................] - ETA: 7s - loss: 1.4826 - accuracy: 0.4729
19/98 [====>.........................] - ETA: 7s - loss: 1.4812 - accuracy: 0.4736
20/98 [=====>........................] - ETA: 6s - loss: 1.4837 - accuracy: 0.4724
21/98 [=====>........................] - ETA: 6s - loss: 1.4828 - accuracy: 0.4727
22/98 [=====>........................] - ETA: 6s - loss: 1.4810 - accuracy: 0.4726
23/98 [======>.......................] - ETA: 6s - loss: 1.4762 - accuracy: 0.4744
24/98 [======>.......................] - ETA: 6s - loss: 1.4733 - accuracy: 0.4740
25/98 [======>.......................] - ETA: 6s - loss: 1.4723 - accuracy: 0.4744
26/98 [======>.......................] - ETA: 6s - loss: 1.4711 - accuracy: 0.4749
27/98 [=======>......................] - ETA: 6s - loss: 1.4678 - accuracy: 0.4757
28/98 [=======>......................] - ETA: 6s - loss: 1.4693 - accuracy: 0.4757
29/98 [=======>......................] - ETA: 6s - loss: 1.4703 - accuracy: 0.4754
30/98 [========>.....................] - ETA: 6s - loss: 1.4710 - accuracy: 0.4750
31/98 [========>.....................] - ETA: 5s - loss: 1.4731 - accuracy: 0.4745
32/98 [========>.....................] - ETA: 5s - loss: 1.4703 - accuracy: 0.4751
33/98 [=========>....................] - ETA: 5s - loss: 1.4666 - accuracy: 0.4758
34/98 [=========>....................] - ETA: 5s - loss: 1.4692 - accuracy: 0.4745
35/98 [=========>....................] - ETA: 5s - loss: 1.4684 - accuracy: 0.4752
36/98 [==========>...................] - ETA: 5s - loss: 1.4671 - accuracy: 0.4755
37/98 [==========>...................] - ETA: 5s - loss: 1.4683 - accuracy: 0.4747
38/98 [==========>...................] - ETA: 5s - loss: 1.4697 - accuracy: 0.4740
39/98 [==========>...................] - ETA: 5s - loss: 1.4672 - accuracy: 0.4755
40/98 [===========>..................] - ETA: 5s - loss: 1.4664 - accuracy: 0.4753
41/98 [===========>..................] - ETA: 5s - loss: 1.4654 - accuracy: 0.4759
42/98 [===========>..................] - ETA: 4s - loss: 1.4650 - accuracy: 0.4761
43/98 [============>.................] - ETA: 4s - loss: 1.4640 - accuracy: 0.4768
44/98 [============>.................] - ETA: 4s - loss: 1.4616 - accuracy: 0.4767
45/98 [============>.................] - ETA: 4s - loss: 1.4599 - accuracy: 0.4773
46/98 [=============>................] - ETA: 4s - loss: 1.4588 - accuracy: 0.4779
47/98 [=============>................] - ETA: 4s - loss: 1.4593 - accuracy: 0.4779
48/98 [=============>................] - ETA: 4s - loss: 1.4572 - accuracy: 0.4782
49/98 [==============>...............] - ETA: 4s - loss: 1.4559 - accuracy: 0.4791
50/98 [==============>...............] - ETA: 4s - loss: 1.4546 - accuracy: 0.4799
51/98 [==============>...............] - ETA: 4s - loss: 1.4532 - accuracy: 0.4807
52/98 [==============>...............] - ETA: 4s - loss: 1.4527 - accuracy: 0.4813
53/98 [===============>..............] - ETA: 4s - loss: 1.4532 - accuracy: 0.4812
