2024-06-26 03:59:12.791946: I tensorflow/core/platform/cpu_feature_guard.cc:193] This TensorFlow binary is optimized with oneAPI Deep Neural Network Library (oneDNN) to use the following CPU instructions in performance-critical operations:  AVX AVX2
To enable them in other operations, rebuild TensorFlow with the appropriate compiler flags.
2024-06-26 03:59:13.336948: I tensorflow/core/common_runtime/gpu/gpu_device.cc:1616] Created device /job:localhost/replica:0/task:0/device:GPU:0 with 6656 MB memory:  -> device: 0, name: NVIDIA GeForce RTX 4060 Ti, pci bus id: 0000:01:00.0, compute capability: 8.9
1 Physical GPUs, 1 Logical GPUs
Model: "sequential"
_________________________________________________________________
 Layer (type)                Output Shape              Param #   
=================================================================
 conv2d (Conv2D)             (None, 32, 32, 32)        896       
                                                                 
 max_pooling2d (MaxPooling2D  (None, 16, 16, 32)       0         
 )                                                               
                                                                 
 batch_normalization (BatchN  (None, 16, 16, 32)       128       
 ormalization)                                                   
                                                                 
 conv2d_1 (Conv2D)           (None, 16, 16, 32)        25632     
                                                                 
 max_pooling2d_1 (MaxPooling  (None, 8, 8, 32)         0         
 2D)                                                             
                                                                 
 conv2d_2 (Conv2D)           (None, 8, 8, 256)         991488    
                                                                 
 dropout (Dropout)           (None, 8, 8, 256)         0         
                                                                 
 flatten (Flatten)           (None, 16384)             0         
                                                                 
 dense (Dense)               (None, 10)                163850    
                                                                 
=================================================================
Total params: 1,181,994
Trainable params: 1,181,930
Non-trainable params: 64
_________________________________________________________________
Taxa de aprendizado:  0.01 Num de épocas:  21 Tamanho do lote:  512 Dropout:  0.38436
Epoch 1/21
2024-06-26 03:59:14.896601: I tensorflow/stream_executor/cuda/cuda_dnn.cc:384] Loaded cuDNN version 8100
2024-06-26 03:59:15.787668: W tensorflow/stream_executor/gpu/redzone_allocator.cc:314] INTERNAL: ptxas exited with non-zero error code -1, output: 
Relying on driver to perform ptx compilation. 
Modify $PATH to customize ptxas location.
This message will be only logged once.
2024-06-26 03:59:17.144074: I tensorflow/stream_executor/cuda/cuda_blas.cc:1614] TensorFloat-32 will be used for the matrix multiplication. This will only be logged once.

 1/98 [..............................] - ETA: 7:55 - loss: 2.3109 - accuracy: 0.0957
 2/98 [..............................] - ETA: 7s - loss: 37.7528 - accuracy: 0.1016 
 3/98 [..............................] - ETA: 6s - loss: 46.2485 - accuracy: 0.0931
 4/98 [>.............................] - ETA: 6s - loss: 45.7697 - accuracy: 0.1006
 5/98 [>.............................] - ETA: 6s - loss: 41.3901 - accuracy: 0.1051
 6/98 [>.............................] - ETA: 6s - loss: 35.6254 - accuracy: 0.1058
 8/98 [=>............................] - ETA: 5s - loss: 27.4080 - accuracy: 0.1140
10/98 [==>...........................] - ETA: 5s - loss: 22.3878 - accuracy: 0.1217
12/98 [==>...........................] - ETA: 5s - loss: 19.0310 - accuracy: 0.1283
14/98 [===>..........................] - ETA: 4s - loss: 16.6278 - accuracy: 0.1353
15/98 [===>..........................] - ETA: 4s - loss: 15.6659 - accuracy: 0.1380
17/98 [====>.........................] - ETA: 4s - loss: 14.0835 - accuracy: 0.1441
18/98 [====>.........................] - ETA: 4s - loss: 13.4210 - accuracy: 0.1482
20/98 [=====>........................] - ETA: 4s - loss: 12.2959 - accuracy: 0.1548
22/98 [=====>........................] - ETA: 4s - loss: 11.3696 - accuracy: 0.1627
23/98 [======>.......................] - ETA: 4s - loss: 10.9661 - accuracy: 0.1675
25/98 [======>.......................] - ETA: 3s - loss: 10.2568 - accuracy: 0.1718
27/98 [=======>......................] - ETA: 3s - loss: 9.6498 - accuracy: 0.1755 
28/98 [=======>......................] - ETA: 3s - loss: 9.3800 - accuracy: 0.1783
29/98 [=======>......................] - ETA: 3s - loss: 9.1263 - accuracy: 0.1804
30/98 [========>.....................] - ETA: 3s - loss: 8.8909 - accuracy: 0.1822
31/98 [========>.....................] - ETA: 3s - loss: 8.6703 - accuracy: 0.1842
32/98 [========>.....................] - ETA: 3s - loss: 8.4634 - accuracy: 0.1853
33/98 [=========>....................] - ETA: 3s - loss: 8.2672 - accuracy: 0.1883
34/98 [=========>....................] - ETA: 3s - loss: 8.0831 - accuracy: 0.1916
35/98 [=========>....................] - ETA: 3s - loss: 7.9092 - accuracy: 0.1942
36/98 [==========>...................] - ETA: 3s - loss: 7.7451 - accuracy: 0.1972
37/98 [==========>...................] - ETA: 3s - loss: 7.5914 - accuracy: 0.1995
38/98 [==========>...................] - ETA: 3s - loss: 7.4426 - accuracy: 0.2020
39/98 [==========>...................] - ETA: 3s - loss: 7.3038 - accuracy: 0.2042
40/98 [===========>..................] - ETA: 3s - loss: 7.1685 - accuracy: 0.2077
41/98 [===========>..................] - ETA: 3s - loss: 7.0419 - accuracy: 0.2094
42/98 [===========>..................] - ETA: 3s - loss: 6.9220 - accuracy: 0.2117
43/98 [============>.................] - ETA: 3s - loss: 6.8071 - accuracy: 0.2133
44/98 [============>.................] - ETA: 3s - loss: 6.6970 - accuracy: 0.2153
45/98 [============>.................] - ETA: 3s - loss: 6.5916 - accuracy: 0.2173
46/98 [=============>................] - ETA: 3s - loss: 6.4906 - accuracy: 0.2192
47/98 [=============>................] - ETA: 3s - loss: 6.3938 - accuracy: 0.2215
48/98 [=============>................] - ETA: 3s - loss: 6.3001 - accuracy: 0.2235
49/98 [==============>...............] - ETA: 3s - loss: 6.2107 - accuracy: 0.2248
50/98 [==============>...............] - ETA: 2s - loss: 6.1247 - accuracy: 0.2270
51/98 [==============>...............] - ETA: 2s - loss: 6.0419 - accuracy: 0.2292
52/98 [==============>...............] - ETA: 2s - loss: 5.9624 - accuracy: 0.2311
53/98 [===============>..............] - ETA: 2s - loss: 5.8853 - accuracy: 0.2328
54/98 [===============>..............] - ETA: 2s - loss: 5.8108 - accuracy: 0.2347
55/98 [===============>..............] - ETA: 2s - loss: 5.7385 - accuracy: 0.2364
56/98 [================>.............] - ETA: 2s - loss: 5.6714 - accuracy: 0.2372
57/98 [================>.............] - ETA: 2s - loss: 5.6053 - accuracy: 0.2383
58/98 [================>.............] - ETA: 2s - loss: 5.5434 - accuracy: 0.2394
59/98 [=================>............] - ETA: 2s - loss: 5.4818 - accuracy: 0.2405
60/98 [=================>............] - ETA: 2s - loss: 5.4207 - accuracy: 0.2422
61/98 [=================>............] - ETA: 2s - loss: 5.3642 - accuracy: 0.2431
62/98 [=================>............] - ETA: 2s - loss: 5.3081 - accuracy: 0.2443
63/98 [==================>...........] - ETA: 2s - loss: 5.2542 - accuracy: 0.2457
64/98 [==================>...........] - ETA: 2s - loss: 5.2020 - accuracy: 0.2473
65/98 [==================>...........] - ETA: 2s - loss: 5.1500 - accuracy: 0.2490
66/98 [===================>..........] - ETA: 2s - loss: 5.1000 - accuracy: 0.2510
67/98 [===================>..........] - ETA: 1s - loss: 5.0530 - accuracy: 0.2520
68/98 [===================>..........] - ETA: 1s - loss: 5.0061 - accuracy: 0.2530
69/98 [====================>.........] - ETA: 1s - loss: 4.9604 - accuracy: 0.2545
70/98 [====================>.........] - ETA: 1s - loss: 4.9164 - accuracy: 0.2552
71/98 [====================>.........] - ETA: 2s - loss: 4.8882 - accuracy: 0.2561
73/98 [=====================>........] - ETA: 1s - loss: 4.8045 - accuracy: 0.2583
74/98 [=====================>........] - ETA: 1s - loss: 4.7644 - accuracy: 0.2591
76/98 [======================>.......] - ETA: 1s - loss: 4.6876 - accuracy: 0.2616
78/98 [======================>.......] - ETA: 1s - loss: 4.6165 - accuracy: 0.2631
80/98 [=======================>......] - ETA: 1s - loss: 4.5474 - accuracy: 0.2643
82/98 [========================>.....] - ETA: 1s - loss: 4.4807 - accuracy: 0.2659
84/98 [========================>.....] - ETA: 1s - loss: 4.4184 - accuracy: 0.2676
86/98 [=========================>....] - ETA: 0s - loss: 4.3586 - accuracy: 0.2690
87/98 [=========================>....] - ETA: 0s - loss: 4.3306 - accuracy: 0.2695
88/98 [=========================>....] - ETA: 0s - loss: 4.3028 - accuracy: 0.2704
89/98 [==========================>...] - ETA: 0s - loss: 4.2751 - accuracy: 0.2711
90/98 [==========================>...] - ETA: 0s - loss: 4.2480 - accuracy: 0.2718
91/98 [==========================>...] - ETA: 0s - loss: 4.2221 - accuracy: 0.2723
92/98 [===========================>..] - ETA: 0s - loss: 4.1957 - accuracy: 0.2733
93/98 [===========================>..] - ETA: 0s - loss: 4.1708 - accuracy: 0.2737
94/98 [===========================>..] - ETA: 0s - loss: 4.1459 - accuracy: 0.2743
95/98 [============================>.] - ETA: 0s - loss: 4.1219 - accuracy: 0.2749
96/98 [============================>.] - ETA: 0s - loss: 4.0980 - accuracy: 0.2755
97/98 [============================>.] - ETA: 0s - loss: 4.0739 - accuracy: 0.2766
98/98 [==============================] - ETA: 0s - loss: 4.0511 - accuracy: 0.2771
98/98 [==============================] - 13s 87ms/step - loss: 4.0511 - accuracy: 0.2771 - val_loss: 2.6463 - val_accuracy: 0.1051
Epoch 2/21

 1/98 [..............................] - ETA: 7s - loss: 1.8590 - accuracy: 0.3281
 2/98 [..............................] - ETA: 5s - loss: 1.8188 - accuracy: 0.3418
 3/98 [..............................] - ETA: 6s - loss: 1.7951 - accuracy: 0.3503
 4/98 [>.............................] - ETA: 6s - loss: 1.7976 - accuracy: 0.3516
 5/98 [>.............................] - ETA: 6s - loss: 1.7874 - accuracy: 0.3594
 6/98 [>.............................] - ETA: 6s - loss: 1.7968 - accuracy: 0.3561
 7/98 [=>............................] - ETA: 6s - loss: 1.7915 - accuracy: 0.3560
 9/98 [=>............................] - ETA: 5s - loss: 1.7916 - accuracy: 0.3559
11/98 [==>...........................] - ETA: 5s - loss: 1.7807 - accuracy: 0.3587
13/98 [==>...........................] - ETA: 4s - loss: 1.7716 - accuracy: 0.3617
15/98 [===>..........................] - ETA: 4s - loss: 1.7594 - accuracy: 0.3654
17/98 [====>.........................] - ETA: 4s - loss: 1.7579 - accuracy: 0.3660
19/98 [====>.........................] - ETA: 4s - loss: 1.7637 - accuracy: 0.3656
21/98 [=====>........................] - ETA: 4s - loss: 1.7637 - accuracy: 0.3637
22/98 [=====>........................] - ETA: 4s - loss: 1.7654 - accuracy: 0.3635
24/98 [======>.......................] - ETA: 4s - loss: 1.7656 - accuracy: 0.3641
25/98 [======>.......................] - ETA: 3s - loss: 1.7638 - accuracy: 0.3651
27/98 [=======>......................] - ETA: 3s - loss: 1.7649 - accuracy: 0.3653
28/98 [=======>......................] - ETA: 3s - loss: 1.7641 - accuracy: 0.3660
29/98 [=======>......................] - ETA: 3s - loss: 1.7663 - accuracy: 0.3654
30/98 [========>.....................] - ETA: 3s - loss: 1.7666 - accuracy: 0.3645
31/98 [========>.....................] - ETA: 3s - loss: 1.7638 - accuracy: 0.3655
32/98 [========>.....................] - ETA: 3s - loss: 1.7652 - accuracy: 0.3649
33/98 [=========>....................] - ETA: 3s - loss: 1.7640 - accuracy: 0.3660
34/98 [=========>....................] - ETA: 3s - loss: 1.7673 - accuracy: 0.3659
35/98 [=========>....................] - ETA: 3s - loss: 1.7650 - accuracy: 0.3663
36/98 [==========>...................] - ETA: 3s - loss: 1.7633 - accuracy: 0.3668
37/98 [==========>...................] - ETA: 3s - loss: 1.7641 - accuracy: 0.3671
38/98 [==========>...................] - ETA: 3s - loss: 1.7634 - accuracy: 0.3673
39/98 [==========>...................] - ETA: 3s - loss: 1.7647 - accuracy: 0.3673
40/98 [===========>..................] - ETA: 3s - loss: 1.7633 - accuracy: 0.3676
41/98 [===========>..................] - ETA: 3s - loss: 1.7625 - accuracy: 0.3682
42/98 [===========>..................] - ETA: 3s - loss: 1.7623 - accuracy: 0.3680
43/98 [============>.................] - ETA: 3s - loss: 1.7615 - accuracy: 0.3686
44/98 [============>.................] - ETA: 3s - loss: 1.7599 - accuracy: 0.3703
45/98 [============>.................] - ETA: 3s - loss: 1.7588 - accuracy: 0.3711
46/98 [=============>................] - ETA: 3s - loss: 1.7589 - accuracy: 0.3710
47/98 [=============>................] - ETA: 3s - loss: 1.7580 - accuracy: 0.3709
48/98 [=============>................] - ETA: 3s - loss: 1.7584 - accuracy: 0.3709
49/98 [==============>...............] - ETA: 2s - loss: 1.7581 - accuracy: 0.3711
50/98 [==============>...............] - ETA: 2s - loss: 1.7588 - accuracy: 0.3705
51/98 [==============>...............] - ETA: 2s - loss: 1.7586 - accuracy: 0.3708
52/98 [==============>...............] - ETA: 2s - loss: 1.7593 - accuracy: 0.3704
53/98 [===============>..............] - ETA: 2s - loss: 1.7592 - accuracy: 0.3698
54/98 [===============>..............] - ETA: 2s - loss: 1.7594 - accuracy: 0.3700
55/98 [===============>..............] - ETA: 2s - loss: 1.7612 - accuracy: 0.3692
56/98 [================>.............] - ETA: 2s - loss: 1.7604 - accuracy: 0.3697
57/98 [================>.............] - ETA: 2s - loss: 1.7604 - accuracy: 0.3694
58/98 [================>.............] - ETA: 2s - loss: 1.7609 - accuracy: 0.3696
59/98 [=================>............] - ETA: 2s - loss: 1.7595 - accuracy: 0.3701
60/98 [=================>............] - ETA: 2s - loss: 1.7605 - accuracy: 0.3701
61/98 [=================>............] - ETA: 2s - loss: 1.7602 - accuracy: 0.3700
62/98 [=================>............] - ETA: 2s - loss: 1.7599 - accuracy: 0.3698
63/98 [==================>...........] - ETA: 2s - loss: 1.7586 - accuracy: 0.3699
64/98 [==================>...........] - ETA: 2s - loss: 1.7589 - accuracy: 0.3699
65/98 [==================>...........] - ETA: 2s - loss: 1.7582 - accuracy: 0.3698
66/98 [===================>..........] - ETA: 2s - loss: 1.7568 - accuracy: 0.3699
67/98 [===================>..........] - ETA: 1s - loss: 1.7561 - accuracy: 0.3701
68/98 [===================>..........] - ETA: 1s - loss: 1.7550 - accuracy: 0.3706
69/98 [====================>.........] - ETA: 1s - loss: 1.7537 - accuracy: 0.3710
70/98 [====================>.........] - ETA: 1s - loss: 1.7537 - accuracy: 0.3709
71/98 [====================>.........] - ETA: 1s - loss: 1.7533 - accuracy: 0.3712
72/98 [=====================>........] - ETA: 1s - loss: 1.7528 - accuracy: 0.3716
73/98 [=====================>........] - ETA: 1s - loss: 1.7515 - accuracy: 0.3721
74/98 [=====================>........] - ETA: 1s - loss: 1.7500 - accuracy: 0.3725
75/98 [=====================>........] - ETA: 1s - loss: 1.7502 - accuracy: 0.3726
76/98 [======================>.......] - ETA: 1s - loss: 1.7491 - accuracy: 0.3729
77/98 [======================>.......] - ETA: 1s - loss: 1.7480 - accuracy: 0.3732
78/98 [======================>.......] - ETA: 1s - loss: 1.7468 - accuracy: 0.3736
79/98 [=======================>......] - ETA: 1s - loss: 1.7454 - accuracy: 0.3744
80/98 [=======================>......] - ETA: 1s - loss: 1.7449 - accuracy: 0.3742
81/98 [=======================>......] - ETA: 1s - loss: 1.7449 - accuracy: 0.3742
83/98 [========================>.....] - ETA: 0s - loss: 1.7430 - accuracy: 0.3751
84/98 [========================>.....] - ETA: 0s - loss: 1.7426 - accuracy: 0.3752
86/98 [=========================>....] - ETA: 0s - loss: 1.7405 - accuracy: 0.3761
87/98 [=========================>....] - ETA: 0s - loss: 1.7401 - accuracy: 0.3766
89/98 [==========================>...] - ETA: 0s - loss: 1.7385 - accuracy: 0.3771
91/98 [==========================>...] - ETA: 0s - loss: 1.7376 - accuracy: 0.3776
93/98 [===========================>..] - ETA: 0s - loss: 1.7358 - accuracy: 0.3781
95/98 [============================>.] - ETA: 0s - loss: 1.7347 - accuracy: 0.3784
96/98 [============================>.] - ETA: 0s - loss: 1.7336 - accuracy: 0.3788
98/98 [==============================] - ETA: 0s - loss: 1.7312 - accuracy: 0.3795
98/98 [==============================] - 7s 73ms/step - loss: 1.7312 - accuracy: 0.3795 - val_loss: 3.1048 - val_accuracy: 0.1171
Epoch 3/21

 1/98 [..............................] - ETA: 7s - loss: 1.5712 - accuracy: 0.4219
 2/98 [..............................] - ETA: 7s - loss: 1.5930 - accuracy: 0.4297
 3/98 [..............................] - ETA: 6s - loss: 1.5990 - accuracy: 0.4232
 4/98 [>.............................] - ETA: 6s - loss: 1.5953 - accuracy: 0.4316
 5/98 [>.............................] - ETA: 6s - loss: 1.6072 - accuracy: 0.4270
 6/98 [>.............................] - ETA: 6s - loss: 1.6021 - accuracy: 0.4294
 7/98 [=>............................] - ETA: 6s - loss: 1.5949 - accuracy: 0.4322
 8/98 [=>............................] - ETA: 6s - loss: 1.6021 - accuracy: 0.4294
 9/98 [=>............................] - ETA: 6s - loss: 1.6047 - accuracy: 0.4277
10/98 [==>...........................] - ETA: 6s - loss: 1.6111 - accuracy: 0.4275
11/98 [==>...........................] - ETA: 6s - loss: 1.6142 - accuracy: 0.4251
12/98 [==>...........................] - ETA: 5s - loss: 1.6111 - accuracy: 0.4269
13/98 [==>...........................] - ETA: 5s - loss: 1.6093 - accuracy: 0.4258
14/98 [===>..........................] - ETA: 5s - loss: 1.6058 - accuracy: 0.4255
15/98 [===>..........................] - ETA: 5s - loss: 1.6018 - accuracy: 0.4264
16/98 [===>..........................] - ETA: 5s - loss: 1.6012 - accuracy: 0.4270
17/98 [====>.........................] - ETA: 5s - loss: 1.6005 - accuracy: 0.4267
18/98 [====>.........................] - ETA: 5s - loss: 1.6015 - accuracy: 0.4268
19/98 [====>.........................] - ETA: 5s - loss: 1.6001 - accuracy: 0.4280
20/98 [=====>........................] - ETA: 5s - loss: 1.5971 - accuracy: 0.4287
21/98 [=====>........................] - ETA: 5s - loss: 1.5979 - accuracy: 0.4287
22/98 [=====>........................] - ETA: 5s - loss: 1.5972 - accuracy: 0.4275
23/98 [======>.......................] - ETA: 5s - loss: 1.5965 - accuracy: 0.4278
24/98 [======>.......................] - ETA: 5s - loss: 1.5921 - accuracy: 0.4305
25/98 [======>.......................] - ETA: 5s - loss: 1.5934 - accuracy: 0.4300
26/98 [======>.......................] - ETA: 5s - loss: 1.5930 - accuracy: 0.4301
27/98 [=======>......................] - ETA: 4s - loss: 1.5914 - accuracy: 0.4312
28/98 [=======>......................] - ETA: 4s - loss: 1.5922 - accuracy: 0.4313
29/98 [=======>......................] - ETA: 4s - loss: 1.5924 - accuracy: 0.4308
30/98 [========>.....................] - ETA: 4s - loss: 1.5938 - accuracy: 0.4305
31/98 [========>.....................] - ETA: 4s - loss: 1.5936 - accuracy: 0.4304
32/98 [========>.....................] - ETA: 4s - loss: 1.5914 - accuracy: 0.4313
33/98 [=========>....................] - ETA: 4s - loss: 1.5912 - accuracy: 0.4308
35/98 [=========>....................] - ETA: 4s - loss: 1.5894 - accuracy: 0.4310
37/98 [==========>...................] - ETA: 4s - loss: 1.5898 - accuracy: 0.4307
38/98 [==========>...................] - ETA: 4s - loss: 1.5918 - accuracy: 0.4305
40/98 [===========>..................] - ETA: 3s - loss: 1.5922 - accuracy: 0.4304
42/98 [===========>..................] - ETA: 3s - loss: 1.5934 - accuracy: 0.4295
43/98 [============>.................] - ETA: 3s - loss: 1.5932 - accuracy: 0.4292
45/98 [============>.................] - ETA: 3s - loss: 1.5961 - accuracy: 0.4278
47/98 [=============>................] - ETA: 3s - loss: 1.5980 - accuracy: 0.4263
48/98 [=============>................] - ETA: 3s - loss: 1.5991 - accuracy: 0.4261
50/98 [==============>...............] - ETA: 3s - loss: 1.5987 - accuracy: 0.4258
52/98 [==============>...............] - ETA: 2s - loss: 1.6021 - accuracy: 0.4245
54/98 [===============>..............] - ETA: 2s - loss: 1.6026 - accuracy: 0.4249
55/98 [===============>..............] - ETA: 2s - loss: 1.6032 - accuracy: 0.4249
56/98 [================>.............] - ETA: 2s - loss: 1.6027 - accuracy: 0.4249
57/98 [================>.............] - ETA: 2s - loss: 1.6047 - accuracy: 0.4241
58/98 [================>.............] - ETA: 2s - loss: 1.6046 - accuracy: 0.4241
59/98 [=================>............] - ETA: 2s - loss: 1.6044 - accuracy: 0.4244
60/98 [=================>............] - ETA: 2s - loss: 1.6050 - accuracy: 0.4239
61/98 [=================>............] - ETA: 2s - loss: 1.6065 - accuracy: 0.4237
62/98 [=================>............] - ETA: 2s - loss: 1.6055 - accuracy: 0.4234
63/98 [==================>...........] - ETA: 2s - loss: 1.6047 - accuracy: 0.4237
64/98 [==================>...........] - ETA: 2s - loss: 1.6037 - accuracy: 0.4242
65/98 [==================>...........] - ETA: 2s - loss: 1.6043 - accuracy: 0.4240
66/98 [===================>..........] - ETA: 2s - loss: 1.6040 - accuracy: 0.4242
67/98 [===================>..........] - ETA: 1s - loss: 1.6045 - accuracy: 0.4241
68/98 [===================>..........] - ETA: 1s - loss: 1.6053 - accuracy: 0.4239
69/98 [====================>.........] - ETA: 1s - loss: 1.6041 - accuracy: 0.4241
70/98 [====================>.........] - ETA: 1s - loss: 1.6044 - accuracy: 0.4242
71/98 [====================>.........] - ETA: 1s - loss: 1.6036 - accuracy: 0.4241
72/98 [=====================>........] - ETA: 1s - loss: 1.6022 - accuracy: 0.4248
73/98 [=====================>........] - ETA: 1s - loss: 1.6011 - accuracy: 0.4253
74/98 [=====================>........] - ETA: 1s - loss: 1.5995 - accuracy: 0.4262
75/98 [=====================>........] - ETA: 1s - loss: 1.5995 - accuracy: 0.4264
76/98 [======================>.......] - ETA: 1s - loss: 1.5988 - accuracy: 0.4266
77/98 [======================>.......] - ETA: 1s - loss: 1.5988 - accuracy: 0.4264
78/98 [======================>.......] - ETA: 1s - loss: 1.5990 - accuracy: 0.4267
79/98 [=======================>......] - ETA: 1s - loss: 1.5985 - accuracy: 0.4266
80/98 [=======================>......] - ETA: 1s - loss: 1.5981 - accuracy: 0.4264
81/98 [=======================>......] - ETA: 1s - loss: 1.5987 - accuracy: 0.4262
82/98 [========================>.....] - ETA: 1s - loss: 1.5981 - accuracy: 0.4264
83/98 [========================>.....] - ETA: 0s - loss: 1.5976 - accuracy: 0.4267
84/98 [========================>.....] - ETA: 0s - loss: 1.5978 - accuracy: 0.4266
85/98 [=========================>....] - ETA: 0s - loss: 1.5976 - accuracy: 0.4269
86/98 [=========================>....] - ETA: 0s - loss: 1.5975 - accuracy: 0.4272
87/98 [=========================>....] - ETA: 0s - loss: 1.5970 - accuracy: 0.4270
88/98 [=========================>....] - ETA: 0s - loss: 1.5970 - accuracy: 0.4271
89/98 [==========================>...] - ETA: 0s - loss: 1.5964 - accuracy: 0.4272
90/98 [==========================>...] - ETA: 0s - loss: 1.5957 - accuracy: 0.4273
91/98 [==========================>...] - ETA: 0s - loss: 1.5957 - accuracy: 0.4275
92/98 [===========================>..] - ETA: 0s - loss: 1.5947 - accuracy: 0.4278
93/98 [===========================>..] - ETA: 0s - loss: 1.5953 - accuracy: 0.4275
94/98 [===========================>..] - ETA: 0s - loss: 1.5955 - accuracy: 0.4273
95/98 [============================>.] - ETA: 0s - loss: 1.5944 - accuracy: 0.4273
96/98 [============================>.] - ETA: 0s - loss: 1.5950 - accuracy: 0.4271
97/98 [============================>.] - ETA: 0s - loss: 1.5942 - accuracy: 0.4274
98/98 [==============================] - ETA: 0s - loss: 1.5938 - accuracy: 0.4278
98/98 [==============================] - 7s 75ms/step - loss: 1.5938 - accuracy: 0.4278 - val_loss: 1.8491 - val_accuracy: 0.3212
Epoch 4/21

 1/98 [..............................] - ETA: 7s - loss: 1.5289 - accuracy: 0.4473
 3/98 [..............................] - ETA: 4s - loss: 1.4993 - accuracy: 0.4727
 5/98 [>.............................] - ETA: 4s - loss: 1.5033 - accuracy: 0.4711
 6/98 [>.............................] - ETA: 4s - loss: 1.5115 - accuracy: 0.4694
 7/98 [=>............................] - ETA: 5s - loss: 1.5141 - accuracy: 0.4688
 8/98 [=>............................] - ETA: 5s - loss: 1.5100 - accuracy: 0.4690
 9/98 [=>............................] - ETA: 5s - loss: 1.5063 - accuracy: 0.4694
10/98 [==>...........................] - ETA: 5s - loss: 1.5128 - accuracy: 0.4656
11/98 [==>...........................] - ETA: 5s - loss: 1.5134 - accuracy: 0.4641
12/98 [==>...........................] - ETA: 5s - loss: 1.5069 - accuracy: 0.4652
13/98 [==>...........................] - ETA: 5s - loss: 1.4980 - accuracy: 0.4678
14/98 [===>..........................] - ETA: 5s - loss: 1.4981 - accuracy: 0.4688
15/98 [===>..........................] - ETA: 5s - loss: 1.5000 - accuracy: 0.4686
16/98 [===>..........................] - ETA: 5s - loss: 1.5001 - accuracy: 0.4701
17/98 [====>.........................] - ETA: 5s - loss: 1.4946 - accuracy: 0.4716
18/98 [====>.........................] - ETA: 5s - loss: 1.4973 - accuracy: 0.4702
19/98 [====>.........................] - ETA: 5s - loss: 1.4952 - accuracy: 0.4706
20/98 [=====>........................] - ETA: 5s - loss: 1.4978 - accuracy: 0.4713
21/98 [=====>........................] - ETA: 5s - loss: 1.5017 - accuracy: 0.4701
22/98 [=====>........................] - ETA: 4s - loss: 1.5007 - accuracy: 0.4705
23/98 [======>.......................] - ETA: 4s - loss: 1.5001 - accuracy: 0.4699
24/98 [======>.......................] - ETA: 4s - loss: 1.4984 - accuracy: 0.4704
25/98 [======>.......................] - ETA: 4s - loss: 1.5000 - accuracy: 0.4705
26/98 [======>.......................] - ETA: 4s - loss: 1.5003 - accuracy: 0.4691
27/98 [=======>......................] - ETA: 4s - loss: 1.5000 - accuracy: 0.4685
28/98 [=======>......................] - ETA: 4s - loss: 1.5003 - accuracy: 0.4681
30/98 [========>.....................] - ETA: 4s - loss: 1.4987 - accuracy: 0.4690
31/98 [========>.....................] - ETA: 4s - loss: 1.4975 - accuracy: 0.4698
32/98 [========>.....................] - ETA: 4s - loss: 1.4971 - accuracy: 0.4704
33/98 [=========>....................] - ETA: 4s - loss: 1.4986 - accuracy: 0.4699
34/98 [=========>....................] - ETA: 4s - loss: 1.4988 - accuracy: 0.4692
35/98 [=========>....................] - ETA: 4s - loss: 1.4985 - accuracy: 0.4686
36/98 [==========>...................] - ETA: 4s - loss: 1.4978 - accuracy: 0.4682
37/98 [==========>...................] - ETA: 4s - loss: 1.4959 - accuracy: 0.4692
38/98 [==========>...................] - ETA: 3s - loss: 1.4961 - accuracy: 0.4684
39/98 [==========>...................] - ETA: 3s - loss: 1.4941 - accuracy: 0.4691
40/98 [===========>..................] - ETA: 3s - loss: 1.4922 - accuracy: 0.4698
41/98 [===========>..................] - ETA: 3s - loss: 1.4942 - accuracy: 0.4687
42/98 [===========>..................] - ETA: 3s - loss: 1.4936 - accuracy: 0.4690
43/98 [============>.................] - ETA: 3s - loss: 1.4947 - accuracy: 0.4692
44/98 [============>.................] - ETA: 3s - loss: 1.4939 - accuracy: 0.4689
45/98 [============>.................] - ETA: 3s - loss: 1.4921 - accuracy: 0.4697
46/98 [=============>................] - ETA: 3s - loss: 1.4928 - accuracy: 0.4692
47/98 [=============>................] - ETA: 3s - loss: 1.4904 - accuracy: 0.4701
48/98 [=============>................] - ETA: 3s - loss: 1.4908 - accuracy: 0.4704
49/98 [==============>...............] - ETA: 3s - loss: 1.4906 - accuracy: 0.4701
50/98 [==============>...............] - ETA: 3s - loss: 1.4916 - accuracy: 0.4694
51/98 [==============>...............] - ETA: 3s - loss: 1.4903 - accuracy: 0.4696
52/98 [==============>...............] - ETA: 3s - loss: 1.4904 - accuracy: 0.4695
53/98 [===============>..............] - ETA: 3s - loss: 1.4895 - accuracy: 0.4705
54/98 [===============>..............] - ETA: 2s - loss: 1.4879 - accuracy: 0.4709
55/98 [===============>..............] - ETA: 2s - loss: 1.4880 - accuracy: 0.4710
56/98 [================>.............] - ETA: 2s - loss: 1.4871 - accuracy: 0.4710
57/98 [================>.............] - ETA: 2s - loss: 1.4876 - accuracy: 0.4707
58/98 [================>.............] - ETA: 2s - loss: 1.4890 - accuracy: 0.4704
59/98 [=================>............] - ETA: 2s - loss: 1.4884 - accuracy: 0.4702
61/98 [=================>............] - ETA: 2s - loss: 1.4882 - accuracy: 0.4698
63/98 [==================>...........] - ETA: 2s - loss: 1.4902 - accuracy: 0.4690
65/98 [==================>...........] - ETA: 2s - loss: 1.4900 - accuracy: 0.4697
67/98 [===================>..........] - ETA: 2s - loss: 1.4905 - accuracy: 0.4689
69/98 [====================>.........] - ETA: 1s - loss: 1.4912 - accuracy: 0.4685
71/98 [====================>.........] - ETA: 1s - loss: 1.4918 - accuracy: 0.4687
72/98 [=====================>........] - ETA: 1s - loss: 1.4924 - accuracy: 0.4686
74/98 [=====================>........] - ETA: 1s - loss: 1.4921 - accuracy: 0.4688
76/98 [======================>.......] - ETA: 1s - loss: 1.4914 - accuracy: 0.4689
77/98 [======================>.......] - ETA: 1s - loss: 1.4922 - accuracy: 0.4684
79/98 [=======================>......] - ETA: 1s - loss: 1.4904 - accuracy: 0.4690
80/98 [=======================>......] - ETA: 1s - loss: 1.4902 - accuracy: 0.4689
81/98 [=======================>......] - ETA: 1s - loss: 1.4903 - accuracy: 0.4690
82/98 [========================>.....] - ETA: 1s - loss: 1.4886 - accuracy: 0.4697
83/98 [========================>.....] - ETA: 0s - loss: 1.4892 - accuracy: 0.4691
84/98 [========================>.....] - ETA: 0s - loss: 1.4880 - accuracy: 0.4693
85/98 [=========================>....] - ETA: 0s - loss: 1.4881 - accuracy: 0.4695
86/98 [=========================>....] - ETA: 0s - loss: 1.4892 - accuracy: 0.4691
87/98 [=========================>....] - ETA: 0s - loss: 1.4890 - accuracy: 0.4689
88/98 [=========================>....] - ETA: 0s - loss: 1.4882 - accuracy: 0.4692
89/98 [==========================>...] - ETA: 0s - loss: 1.4884 - accuracy: 0.4689
90/98 [==========================>...] - ETA: 0s - loss: 1.4874 - accuracy: 0.4690
91/98 [==========================>...] - ETA: 0s - loss: 1.4878 - accuracy: 0.4690
92/98 [===========================>..] - ETA: 0s - loss: 1.4887 - accuracy: 0.4686
93/98 [===========================>..] - ETA: 0s - loss: 1.4879 - accuracy: 0.4688
94/98 [===========================>..] - ETA: 0s - loss: 1.4880 - accuracy: 0.4684
95/98 [============================>.] - ETA: 0s - loss: 1.4883 - accuracy: 0.4686
96/98 [============================>.] - ETA: 0s - loss: 1.4882 - accuracy: 0.4684
97/98 [============================>.] - ETA: 0s - loss: 1.4878 - accuracy: 0.4687
98/98 [==============================] - ETA: 0s - loss: 1.4871 - accuracy: 0.4690
98/98 [==============================] - 7s 75ms/step - loss: 1.4871 - accuracy: 0.4690 - val_loss: 1.5577 - val_accuracy: 0.4492
Epoch 5/21

 1/98 [..............................] - ETA: 9s - loss: 1.4156 - accuracy: 0.4941
 2/98 [..............................] - ETA: 6s - loss: 1.4366 - accuracy: 0.4707
 3/98 [..............................] - ETA: 6s - loss: 1.4113 - accuracy: 0.4883
 5/98 [>.............................] - ETA: 5s - loss: 1.4185 - accuracy: 0.4862
 6/98 [>.............................] - ETA: 5s - loss: 1.4245 - accuracy: 0.4834
 7/98 [=>............................] - ETA: 5s - loss: 1.4154 - accuracy: 0.4830
 8/98 [=>............................] - ETA: 5s - loss: 1.4149 - accuracy: 0.4855
 9/98 [=>............................] - ETA: 5s - loss: 1.4165 - accuracy: 0.4892
10/98 [==>...........................] - ETA: 5s - loss: 1.4057 - accuracy: 0.4937
11/98 [==>...........................] - ETA: 5s - loss: 1.4055 - accuracy: 0.4925
13/98 [==>...........................] - ETA: 5s - loss: 1.4027 - accuracy: 0.4920
15/98 [===>..........................] - ETA: 5s - loss: 1.4029 - accuracy: 0.4948
17/98 [====>.........................] - ETA: 4s - loss: 1.4034 - accuracy: 0.4950
19/98 [====>.........................] - ETA: 4s - loss: 1.4155 - accuracy: 0.4909
20/98 [=====>........................] - ETA: 4s - loss: 1.4182 - accuracy: 0.4904
22/98 [=====>........................] - ETA: 4s - loss: 1.4203 - accuracy: 0.4909
24/98 [======>.......................] - ETA: 4s - loss: 1.4219 - accuracy: 0.4899
25/98 [======>.......................] - ETA: 4s - loss: 1.4210 - accuracy: 0.4904
27/98 [=======>......................] - ETA: 4s - loss: 1.4219 - accuracy: 0.4891
29/98 [=======>......................] - ETA: 3s - loss: 1.4229 - accuracy: 0.4896
31/98 [========>.....................] - ETA: 3s - loss: 1.4236 - accuracy: 0.4887
32/98 [========>.....................] - ETA: 3s - loss: 1.4264 - accuracy: 0.4880
33/98 [=========>....................] - ETA: 3s - loss: 1.4259 - accuracy: 0.4886
34/98 [=========>....................] - ETA: 3s - loss: 1.4266 - accuracy: 0.4889
35/98 [=========>....................] - ETA: 3s - loss: 1.4286 - accuracy: 0.4890
36/98 [==========>...................] - ETA: 3s - loss: 1.4300 - accuracy: 0.4875
37/98 [==========>...................] - ETA: 3s - loss: 1.4310 - accuracy: 0.4884
38/98 [==========>...................] - ETA: 3s - loss: 1.4300 - accuracy: 0.4894
39/98 [==========>...................] - ETA: 3s - loss: 1.4309 - accuracy: 0.4882
40/98 [===========>..................] - ETA: 3s - loss: 1.4288 - accuracy: 0.4891
41/98 [===========>..................] - ETA: 3s - loss: 1.4273 - accuracy: 0.4898
42/98 [===========>..................] - ETA: 3s - loss: 1.4273 - accuracy: 0.4893
43/98 [============>.................] - ETA: 3s - loss: 1.4263 - accuracy: 0.4887
44/98 [============>.................] - ETA: 3s - loss: 1.4273 - accuracy: 0.4888
45/98 [============>.................] - ETA: 3s - loss: 1.4275 - accuracy: 0.4885
46/98 [=============>................] - ETA: 3s - loss: 1.4269 - accuracy: 0.4883
47/98 [=============>................] - ETA: 3s - loss: 1.4279 - accuracy: 0.4882
48/98 [=============>................] - ETA: 3s - loss: 1.4278 - accuracy: 0.4880
49/98 [==============>...............] - ETA: 2s - loss: 1.4283 - accuracy: 0.4878
50/98 [==============>...............] - ETA: 2s - loss: 1.4290 - accuracy: 0.4875
51/98 [==============>...............] - ETA: 2s - loss: 1.4281 - accuracy: 0.4877
52/98 [==============>...............] - ETA: 2s - loss: 1.4284 - accuracy: 0.4876
53/98 [===============>..............] - ETA: 2s - loss: 1.4291 - accuracy: 0.4873
54/98 [===============>..............] - ETA: 2s - loss: 1.4303 - accuracy: 0.4870
55/98 [===============>..............] - ETA: 2s - loss: 1.4303 - accuracy: 0.4870
56/98 [================>.............] - ETA: 2s - loss: 1.4296 - accuracy: 0.4871
57/98 [================>.............] - ETA: 2s - loss: 1.4301 - accuracy: 0.4868
58/98 [================>.............] - ETA: 2s - loss: 1.4274 - accuracy: 0.4878
59/98 [=================>............] - ETA: 2s - loss: 1.4273 - accuracy: 0.4881
60/98 [=================>............] - ETA: 2s - loss: 1.4275 - accuracy: 0.4876
61/98 [=================>............] - ETA: 2s - loss: 1.4272 - accuracy: 0.4879
62/98 [=================>............] - ETA: 2s - loss: 1.4260 - accuracy: 0.4884
63/98 [==================>...........] - ETA: 2s - loss: 1.4241 - accuracy: 0.4894
64/98 [==================>...........] - ETA: 2s - loss: 1.4233 - accuracy: 0.4895
65/98 [==================>...........] - ETA: 2s - loss: 1.4218 - accuracy: 0.4903
66/98 [===================>..........] - ETA: 2s - loss: 1.4219 - accuracy: 0.4905
67/98 [===================>..........] - ETA: 1s - loss: 1.4211 - accuracy: 0.4907
68/98 [===================>..........] - ETA: 1s - loss: 1.4212 - accuracy: 0.4904
69/98 [====================>.........] - ETA: 1s - loss: 1.4215 - accuracy: 0.4905
70/98 [====================>.........] - ETA: 1s - loss: 1.4223 - accuracy: 0.4902
71/98 [====================>.........] - ETA: 1s - loss: 1.4224 - accuracy: 0.4900
72/98 [=====================>........] - ETA: 1s - loss: 1.4220 - accuracy: 0.4902
73/98 [=====================>........] - ETA: 1s - loss: 1.4219 - accuracy: 0.4902
74/98 [=====================>........] - ETA: 1s - loss: 1.4224 - accuracy: 0.4900
75/98 [=====================>........] - ETA: 1s - loss: 1.4217 - accuracy: 0.4901
76/98 [======================>.......] - ETA: 1s - loss: 1.4215 - accuracy: 0.4902
77/98 [======================>.......] - ETA: 1s - loss: 1.4211 - accuracy: 0.4903
78/98 [======================>.......] - ETA: 1s - loss: 1.4196 - accuracy: 0.4910
79/98 [=======================>......] - ETA: 1s - loss: 1.4190 - accuracy: 0.4912
80/98 [=======================>......] - ETA: 1s - loss: 1.4182 - accuracy: 0.4914
81/98 [=======================>......] - ETA: 1s - loss: 1.4176 - accuracy: 0.4919
82/98 [========================>.....] - ETA: 1s - loss: 1.4171 - accuracy: 0.4923
83/98 [========================>.....] - ETA: 0s - loss: 1.4170 - accuracy: 0.4921
84/98 [========================>.....] - ETA: 0s - loss: 1.4175 - accuracy: 0.4920
85/98 [=========================>....] - ETA: 0s - loss: 1.4183 - accuracy: 0.4920
87/98 [=========================>....] - ETA: 0s - loss: 1.4199 - accuracy: 0.4912
89/98 [==========================>...] - ETA: 0s - loss: 1.4199 - accuracy: 0.4913
90/98 [==========================>...] - ETA: 0s - loss: 1.4191 - accuracy: 0.4916
92/98 [===========================>..] - ETA: 0s - loss: 1.4181 - accuracy: 0.4919
93/98 [===========================>..] - ETA: 0s - loss: 1.4176 - accuracy: 0.4921
95/98 [============================>.] - ETA: 0s - loss: 1.4180 - accuracy: 0.4919
97/98 [============================>.] - ETA: 0s - loss: 1.4182 - accuracy: 0.4923
98/98 [==============================] - ETA: 0s - loss: 1.4184 - accuracy: 0.4922
98/98 [==============================] - 7s 73ms/step - loss: 1.4184 - accuracy: 0.4922 - val_loss: 1.4709 - val_accuracy: 0.4805
Epoch 6/21

 1/98 [..............................] - ETA: 7s - loss: 1.3479 - accuracy: 0.5176
 2/98 [..............................] - ETA: 6s - loss: 1.3489 - accuracy: 0.5117
 3/98 [..............................] - ETA: 6s - loss: 1.3559 - accuracy: 0.5182
 4/98 [>.............................] - ETA: 6s - loss: 1.3527 - accuracy: 0.5205
 5/98 [>.............................] - ETA: 6s - loss: 1.3546 - accuracy: 0.5242
 6/98 [>.............................] - ETA: 6s - loss: 1.3601 - accuracy: 0.5234
 7/98 [=>............................] - ETA: 6s - loss: 1.3654 - accuracy: 0.5206
 8/98 [=>............................] - ETA: 6s - loss: 1.3568 - accuracy: 0.5193
 9/98 [=>............................] - ETA: 6s - loss: 1.3557 - accuracy: 0.5187
10/98 [==>...........................] - ETA: 6s - loss: 1.3517 - accuracy: 0.5188
11/98 [==>...........................] - ETA: 6s - loss: 1.3509 - accuracy: 0.5170
12/98 [==>...........................] - ETA: 5s - loss: 1.3476 - accuracy: 0.5161
13/98 [==>...........................] - ETA: 5s - loss: 1.3425 - accuracy: 0.5185
