2024-06-26 04:41:01.513331: I tensorflow/core/platform/cpu_feature_guard.cc:193] This TensorFlow binary is optimized with oneAPI Deep Neural Network Library (oneDNN) to use the following CPU instructions in performance-critical operations:  AVX AVX2
To enable them in other operations, rebuild TensorFlow with the appropriate compiler flags.
2024-06-26 04:41:01.959305: I tensorflow/core/common_runtime/gpu/gpu_device.cc:1616] Created device /job:localhost/replica:0/task:0/device:GPU:0 with 6656 MB memory:  -> device: 0, name: NVIDIA GeForce RTX 4060 Ti, pci bus id: 0000:01:00.0, compute capability: 8.9
1 Physical GPUs, 1 Logical GPUs
Model: "sequential"
_________________________________________________________________
 Layer (type)                Output Shape              Param #   
=================================================================
 conv2d (Conv2D)             (None, 32, 32, 32)        896       
                                                                 
 max_pooling2d (MaxPooling2D  (None, 16, 16, 32)       0         
 )                                                               
                                                                 
 batch_normalization (BatchN  (None, 16, 16, 32)       128       
 ormalization)                                                   
                                                                 
 dropout (Dropout)           (None, 16, 16, 32)        0         
                                                                 
 flatten (Flatten)           (None, 8192)              0         
                                                                 
 dense (Dense)               (None, 10)                81930     
                                                                 
=================================================================
Total params: 82,954
Trainable params: 82,890
Non-trainable params: 64
_________________________________________________________________
Taxa de aprendizado:  1e-05 Num de épocas:  132 Tamanho do lote:  512 Dropout:  0.41872
Epoch 1/132
2024-06-26 04:41:03.014569: I tensorflow/stream_executor/cuda/cuda_dnn.cc:384] Loaded cuDNN version 8100
2024-06-26 04:41:03.704822: W tensorflow/stream_executor/gpu/redzone_allocator.cc:314] INTERNAL: ptxas exited with non-zero error code -1, output: 
Relying on driver to perform ptx compilation. 
Modify $PATH to customize ptxas location.
This message will be only logged once.
2024-06-26 04:41:04.322320: I tensorflow/stream_executor/cuda/cuda_blas.cc:1614] TensorFloat-32 will be used for the matrix multiplication. This will only be logged once.

 1/98 [..............................] - ETA: 3:39 - loss: 3.0877 - accuracy: 0.1074
 8/98 [=>............................] - ETA: 0s - loss: 3.0082 - accuracy: 0.1052  
14/98 [===>..........................] - ETA: 0s - loss: 2.9577 - accuracy: 0.1098
21/98 [=====>........................] - ETA: 0s - loss: 2.9230 - accuracy: 0.1119
28/98 [=======>......................] - ETA: 0s - loss: 2.8996 - accuracy: 0.1145
34/98 [=========>....................] - ETA: 0s - loss: 2.8764 - accuracy: 0.1170
41/98 [===========>..................] - ETA: 0s - loss: 2.8518 - accuracy: 0.1216
47/98 [=============>................] - ETA: 0s - loss: 2.8298 - accuracy: 0.1238
53/98 [===============>..............] - ETA: 0s - loss: 2.8131 - accuracy: 0.1259
60/98 [=================>............] - ETA: 0s - loss: 2.7938 - accuracy: 0.1284
66/98 [===================>..........] - ETA: 0s - loss: 2.7775 - accuracy: 0.1308
70/98 [====================>.........] - ETA: 0s - loss: 2.7677 - accuracy: 0.1320
77/98 [======================>.......] - ETA: 0s - loss: 2.7481 - accuracy: 0.1347
83/98 [========================>.....] - ETA: 0s - loss: 2.7376 - accuracy: 0.1364
89/98 [==========================>...] - ETA: 0s - loss: 2.7221 - accuracy: 0.1390
95/98 [============================>.] - ETA: 0s - loss: 2.7098 - accuracy: 0.1403
98/98 [==============================] - 4s 16ms/step - loss: 2.7020 - accuracy: 0.1414 - val_loss: 2.2476 - val_accuracy: 0.1708
Epoch 2/132

 1/98 [..............................] - ETA: 0s - loss: 2.4131 - accuracy: 0.1699
 6/98 [>.............................] - ETA: 1s - loss: 2.4907 - accuracy: 0.1732
13/98 [==>...........................] - ETA: 0s - loss: 2.4938 - accuracy: 0.1755
19/98 [====>.........................] - ETA: 0s - loss: 2.4778 - accuracy: 0.1792
25/98 [======>.......................] - ETA: 0s - loss: 2.4679 - accuracy: 0.1795
31/98 [========>.....................] - ETA: 0s - loss: 2.4552 - accuracy: 0.1818
38/98 [==========>...................] - ETA: 0s - loss: 2.4508 - accuracy: 0.1834
44/98 [============>.................] - ETA: 0s - loss: 2.4500 - accuracy: 0.1832
51/98 [==============>...............] - ETA: 0s - loss: 2.4400 - accuracy: 0.1856
57/98 [================>.............] - ETA: 0s - loss: 2.4354 - accuracy: 0.1876
64/98 [==================>...........] - ETA: 0s - loss: 2.4326 - accuracy: 0.1892
70/98 [====================>.........] - ETA: 0s - loss: 2.4268 - accuracy: 0.1911
76/98 [======================>.......] - ETA: 0s - loss: 2.4236 - accuracy: 0.1918
82/98 [========================>.....] - ETA: 0s - loss: 2.4163 - accuracy: 0.1934
88/98 [=========================>....] - ETA: 0s - loss: 2.4111 - accuracy: 0.1949
94/98 [===========================>..] - ETA: 0s - loss: 2.4079 - accuracy: 0.1961
98/98 [==============================] - 1s 14ms/step - loss: 2.4048 - accuracy: 0.1975 - val_loss: 2.1735 - val_accuracy: 0.2472
Epoch 3/132

 1/98 [..............................] - ETA: 1s - loss: 2.3434 - accuracy: 0.2266
 6/98 [>.............................] - ETA: 1s - loss: 2.3445 - accuracy: 0.2184
12/98 [==>...........................] - ETA: 0s - loss: 2.3185 - accuracy: 0.2212
18/98 [====>.........................] - ETA: 0s - loss: 2.3162 - accuracy: 0.2229
24/98 [======>.......................] - ETA: 0s - loss: 2.3153 - accuracy: 0.2224
30/98 [========>.....................] - ETA: 0s - loss: 2.3165 - accuracy: 0.2224
37/98 [==========>...................] - ETA: 0s - loss: 2.3107 - accuracy: 0.2231
43/98 [============>.................] - ETA: 0s - loss: 2.3075 - accuracy: 0.2230
50/98 [==============>...............] - ETA: 0s - loss: 2.3001 - accuracy: 0.2244
56/98 [================>.............] - ETA: 0s - loss: 2.2984 - accuracy: 0.2250
62/98 [=================>............] - ETA: 0s - loss: 2.2944 - accuracy: 0.2248
68/98 [===================>..........] - ETA: 0s - loss: 2.2926 - accuracy: 0.2249
74/98 [=====================>........] - ETA: 0s - loss: 2.2931 - accuracy: 0.2247
80/98 [=======================>......] - ETA: 0s - loss: 2.2887 - accuracy: 0.2259
86/98 [=========================>....] - ETA: 0s - loss: 2.2844 - accuracy: 0.2267
92/98 [===========================>..] - ETA: 0s - loss: 2.2812 - accuracy: 0.2274
98/98 [==============================] - ETA: 0s - loss: 2.2775 - accuracy: 0.2282
98/98 [==============================] - 1s 15ms/step - loss: 2.2775 - accuracy: 0.2282 - val_loss: 2.0798 - val_accuracy: 0.2906
Epoch 4/132

 1/98 [..............................] - ETA: 3s - loss: 2.2436 - accuracy: 0.2520
 8/98 [=>............................] - ETA: 0s - loss: 2.2240 - accuracy: 0.2542
14/98 [===>..........................] - ETA: 0s - loss: 2.2243 - accuracy: 0.2517
21/98 [=====>........................] - ETA: 0s - loss: 2.2188 - accuracy: 0.2506
27/98 [=======>......................] - ETA: 0s - loss: 2.2090 - accuracy: 0.2541
34/98 [=========>....................] - ETA: 0s - loss: 2.2122 - accuracy: 0.2509
40/98 [===========>..................] - ETA: 0s - loss: 2.2136 - accuracy: 0.2498
46/98 [=============>................] - ETA: 0s - loss: 2.2070 - accuracy: 0.2504
53/98 [===============>..............] - ETA: 0s - loss: 2.2026 - accuracy: 0.2494
59/98 [=================>............] - ETA: 0s - loss: 2.2062 - accuracy: 0.2493
65/98 [==================>...........] - ETA: 0s - loss: 2.2004 - accuracy: 0.2508
72/98 [=====================>........] - ETA: 0s - loss: 2.1970 - accuracy: 0.2517
78/98 [======================>.......] - ETA: 0s - loss: 2.1979 - accuracy: 0.2524
85/98 [=========================>....] - ETA: 0s - loss: 2.1968 - accuracy: 0.2527
91/98 [==========================>...] - ETA: 0s - loss: 2.1929 - accuracy: 0.2534
98/98 [==============================] - ETA: 0s - loss: 2.1865 - accuracy: 0.2550
98/98 [==============================] - 1s 14ms/step - loss: 2.1865 - accuracy: 0.2550 - val_loss: 1.9776 - val_accuracy: 0.3187
Epoch 5/132

 1/98 [..............................] - ETA: 3s - loss: 2.1892 - accuracy: 0.2656
 7/98 [=>............................] - ETA: 0s - loss: 2.1257 - accuracy: 0.2771
14/98 [===>..........................] - ETA: 0s - loss: 2.1500 - accuracy: 0.2656
20/98 [=====>........................] - ETA: 0s - loss: 2.1498 - accuracy: 0.2636
26/98 [======>.......................] - ETA: 0s - loss: 2.1478 - accuracy: 0.2638
32/98 [========>.....................] - ETA: 0s - loss: 2.1497 - accuracy: 0.2646
38/98 [==========>...................] - ETA: 0s - loss: 2.1427 - accuracy: 0.2653
44/98 [============>.................] - ETA: 0s - loss: 2.1417 - accuracy: 0.2675
50/98 [==============>...............] - ETA: 0s - loss: 2.1381 - accuracy: 0.2687
57/98 [================>.............] - ETA: 0s - loss: 2.1328 - accuracy: 0.2708
63/98 [==================>...........] - ETA: 0s - loss: 2.1287 - accuracy: 0.2722
69/98 [====================>.........] - ETA: 0s - loss: 2.1284 - accuracy: 0.2711
75/98 [=====================>........] - ETA: 0s - loss: 2.1265 - accuracy: 0.2713
82/98 [========================>.....] - ETA: 0s - loss: 2.1233 - accuracy: 0.2721
88/98 [=========================>....] - ETA: 0s - loss: 2.1208 - accuracy: 0.2732
95/98 [============================>.] - ETA: 0s - loss: 2.1194 - accuracy: 0.2739
98/98 [==============================] - 1s 14ms/step - loss: 2.1189 - accuracy: 0.2742 - val_loss: 1.8859 - val_accuracy: 0.3380
Epoch 6/132

 1/98 [..............................] - ETA: 1s - loss: 2.1400 - accuracy: 0.2734
 7/98 [=>............................] - ETA: 0s - loss: 2.1163 - accuracy: 0.2846
13/98 [==>...........................] - ETA: 0s - loss: 2.0946 - accuracy: 0.2859
20/98 [=====>........................] - ETA: 0s - loss: 2.0905 - accuracy: 0.2866
27/98 [=======>......................] - ETA: 0s - loss: 2.0923 - accuracy: 0.2880
33/98 [=========>....................] - ETA: 0s - loss: 2.0890 - accuracy: 0.2883
39/98 [==========>...................] - ETA: 0s - loss: 2.0879 - accuracy: 0.2881
46/98 [=============>................] - ETA: 0s - loss: 2.0865 - accuracy: 0.2877
53/98 [===============>..............] - ETA: 0s - loss: 2.0846 - accuracy: 0.2876
59/98 [=================>............] - ETA: 0s - loss: 2.0837 - accuracy: 0.2878
65/98 [==================>...........] - ETA: 0s - loss: 2.0788 - accuracy: 0.2885
72/98 [=====================>........] - ETA: 0s - loss: 2.0772 - accuracy: 0.2885
78/98 [======================>.......] - ETA: 0s - loss: 2.0758 - accuracy: 0.2888
84/98 [========================>.....] - ETA: 0s - loss: 2.0736 - accuracy: 0.2900
90/98 [==========================>...] - ETA: 0s - loss: 2.0728 - accuracy: 0.2908
97/98 [============================>.] - ETA: 0s - loss: 2.0714 - accuracy: 0.2911
98/98 [==============================] - 1s 14ms/step - loss: 2.0705 - accuracy: 0.2914 - val_loss: 1.8153 - val_accuracy: 0.3602
Epoch 7/132

 1/98 [..............................] - ETA: 3s - loss: 2.0959 - accuracy: 0.2949
 7/98 [=>............................] - ETA: 0s - loss: 2.0682 - accuracy: 0.2977
14/98 [===>..........................] - ETA: 0s - loss: 2.0494 - accuracy: 0.3037
20/98 [=====>........................] - ETA: 0s - loss: 2.0446 - accuracy: 0.3036
27/98 [=======>......................] - ETA: 0s - loss: 2.0374 - accuracy: 0.3055
32/98 [========>.....................] - ETA: 0s - loss: 2.0323 - accuracy: 0.3066
39/98 [==========>...................] - ETA: 0s - loss: 2.0288 - accuracy: 0.3079
46/98 [=============>................] - ETA: 0s - loss: 2.0271 - accuracy: 0.3068
52/98 [==============>...............] - ETA: 0s - loss: 2.0308 - accuracy: 0.3041
59/98 [=================>............] - ETA: 0s - loss: 2.0287 - accuracy: 0.3052
65/98 [==================>...........] - ETA: 0s - loss: 2.0228 - accuracy: 0.3075
72/98 [=====================>........] - ETA: 0s - loss: 2.0216 - accuracy: 0.3086
78/98 [======================>.......] - ETA: 0s - loss: 2.0208 - accuracy: 0.3090
85/98 [=========================>....] - ETA: 0s - loss: 2.0212 - accuracy: 0.3074
91/98 [==========================>...] - ETA: 0s - loss: 2.0190 - accuracy: 0.3079
98/98 [==============================] - ETA: 0s - loss: 2.0185 - accuracy: 0.3075
98/98 [==============================] - 1s 14ms/step - loss: 2.0185 - accuracy: 0.3075 - val_loss: 1.7637 - val_accuracy: 0.3769
Epoch 8/132

 1/98 [..............................] - ETA: 1s - loss: 1.9777 - accuracy: 0.3203
 7/98 [=>............................] - ETA: 0s - loss: 2.0151 - accuracy: 0.3114
13/98 [==>...........................] - ETA: 0s - loss: 1.9986 - accuracy: 0.3185
20/98 [=====>........................] - ETA: 0s - loss: 2.0025 - accuracy: 0.3152
27/98 [=======>......................] - ETA: 0s - loss: 1.9909 - accuracy: 0.3149
33/98 [=========>....................] - ETA: 0s - loss: 1.9899 - accuracy: 0.3156
40/98 [===========>..................] - ETA: 0s - loss: 1.9863 - accuracy: 0.3166
46/98 [=============>................] - ETA: 0s - loss: 1.9846 - accuracy: 0.3167
53/98 [===============>..............] - ETA: 0s - loss: 1.9853 - accuracy: 0.3167
60/98 [=================>............] - ETA: 0s - loss: 1.9826 - accuracy: 0.3178
66/98 [===================>..........] - ETA: 0s - loss: 1.9824 - accuracy: 0.3182
73/98 [=====================>........] - ETA: 0s - loss: 1.9849 - accuracy: 0.3179
80/98 [=======================>......] - ETA: 0s - loss: 1.9812 - accuracy: 0.3194
86/98 [=========================>....] - ETA: 0s - loss: 1.9802 - accuracy: 0.3195
92/98 [===========================>..] - ETA: 0s - loss: 1.9793 - accuracy: 0.3188
98/98 [==============================] - ETA: 0s - loss: 1.9772 - accuracy: 0.3190
98/98 [==============================] - 1s 14ms/step - loss: 1.9772 - accuracy: 0.3190 - val_loss: 1.7240 - val_accuracy: 0.3914
Epoch 9/132

 1/98 [..............................] - ETA: 3s - loss: 1.9730 - accuracy: 0.3086
 7/98 [=>............................] - ETA: 0s - loss: 1.9566 - accuracy: 0.3284
14/98 [===>..........................] - ETA: 0s - loss: 1.9536 - accuracy: 0.3265
21/98 [=====>........................] - ETA: 0s - loss: 1.9423 - accuracy: 0.3291
27/98 [=======>......................] - ETA: 0s - loss: 1.9436 - accuracy: 0.3287
33/98 [=========>....................] - ETA: 0s - loss: 1.9455 - accuracy: 0.3267
40/98 [===========>..................] - ETA: 0s - loss: 1.9483 - accuracy: 0.3255
46/98 [=============>................] - ETA: 0s - loss: 1.9486 - accuracy: 0.3274
51/98 [==============>...............] - ETA: 0s - loss: 1.9452 - accuracy: 0.3280
57/98 [================>.............] - ETA: 0s - loss: 1.9443 - accuracy: 0.3271
64/98 [==================>...........] - ETA: 0s - loss: 1.9416 - accuracy: 0.3281
71/98 [====================>.........] - ETA: 0s - loss: 1.9384 - accuracy: 0.3296
77/98 [======================>.......] - ETA: 0s - loss: 1.9352 - accuracy: 0.3303
83/98 [========================>.....] - ETA: 0s - loss: 1.9330 - accuracy: 0.3310
89/98 [==========================>...] - ETA: 0s - loss: 1.9356 - accuracy: 0.3298
96/98 [============================>.] - ETA: 0s - loss: 1.9379 - accuracy: 0.3291
98/98 [==============================] - 1s 14ms/step - loss: 1.9383 - accuracy: 0.3292 - val_loss: 1.6902 - val_accuracy: 0.4052
Epoch 10/132

 1/98 [..............................] - ETA: 3s - loss: 1.9806 - accuracy: 0.2969
 7/98 [=>............................] - ETA: 0s - loss: 1.9390 - accuracy: 0.3323
13/98 [==>...........................] - ETA: 0s - loss: 1.9163 - accuracy: 0.3418
19/98 [====>.........................] - ETA: 0s - loss: 1.9237 - accuracy: 0.3421
26/98 [======>.......................] - ETA: 0s - loss: 1.9204 - accuracy: 0.3398
33/98 [=========>....................] - ETA: 0s - loss: 1.9088 - accuracy: 0.3432
39/98 [==========>...................] - ETA: 0s - loss: 1.9066 - accuracy: 0.3431
46/98 [=============>................] - ETA: 0s - loss: 1.9053 - accuracy: 0.3431
52/98 [==============>...............] - ETA: 0s - loss: 1.9058 - accuracy: 0.3421
59/98 [=================>............] - ETA: 0s - loss: 1.9071 - accuracy: 0.3421
65/98 [==================>...........] - ETA: 0s - loss: 1.9065 - accuracy: 0.3414
71/98 [====================>.........] - ETA: 0s - loss: 1.9065 - accuracy: 0.3421
78/98 [======================>.......] - ETA: 0s - loss: 1.9073 - accuracy: 0.3431
84/98 [========================>.....] - ETA: 0s - loss: 1.9067 - accuracy: 0.3429
91/98 [==========================>...] - ETA: 0s - loss: 1.9078 - accuracy: 0.3427
98/98 [==============================] - ETA: 0s - loss: 1.9084 - accuracy: 0.3431
98/98 [==============================] - 1s 14ms/step - loss: 1.9084 - accuracy: 0.3431 - val_loss: 1.6607 - val_accuracy: 0.4162
Epoch 11/132

 1/98 [..............................] - ETA: 1s - loss: 1.9334 - accuracy: 0.3281
 7/98 [=>............................] - ETA: 0s - loss: 1.9170 - accuracy: 0.3418
13/98 [==>...........................] - ETA: 0s - loss: 1.8838 - accuracy: 0.3459
20/98 [=====>........................] - ETA: 0s - loss: 1.8876 - accuracy: 0.3449
26/98 [======>.......................] - ETA: 0s - loss: 1.8909 - accuracy: 0.3432
33/98 [=========>....................] - ETA: 0s - loss: 1.8941 - accuracy: 0.3446
40/98 [===========>..................] - ETA: 0s - loss: 1.8873 - accuracy: 0.3466
46/98 [=============>................] - ETA: 0s - loss: 1.8832 - accuracy: 0.3472
53/98 [===============>..............] - ETA: 0s - loss: 1.8843 - accuracy: 0.3469
59/98 [=================>............] - ETA: 0s - loss: 1.8854 - accuracy: 0.3466
66/98 [===================>..........] - ETA: 0s - loss: 1.8859 - accuracy: 0.3469
72/98 [=====================>........] - ETA: 0s - loss: 1.8856 - accuracy: 0.3466
78/98 [======================>.......] - ETA: 0s - loss: 1.8848 - accuracy: 0.3466
85/98 [=========================>....] - ETA: 0s - loss: 1.8856 - accuracy: 0.3469
91/98 [==========================>...] - ETA: 0s - loss: 1.8814 - accuracy: 0.3482
98/98 [==============================] - ETA: 0s - loss: 1.8810 - accuracy: 0.3477
98/98 [==============================] - 1s 14ms/step - loss: 1.8810 - accuracy: 0.3477 - val_loss: 1.6367 - val_accuracy: 0.4236
Epoch 12/132

 1/98 [..............................] - ETA: 3s - loss: 1.8067 - accuracy: 0.3926
 8/98 [=>............................] - ETA: 0s - loss: 1.8711 - accuracy: 0.3528
14/98 [===>..........................] - ETA: 0s - loss: 1.8597 - accuracy: 0.3538
21/98 [=====>........................] - ETA: 0s - loss: 1.8645 - accuracy: 0.3529
27/98 [=======>......................] - ETA: 0s - loss: 1.8610 - accuracy: 0.3548
33/98 [=========>....................] - ETA: 0s - loss: 1.8601 - accuracy: 0.3556
40/98 [===========>..................] - ETA: 0s - loss: 1.8542 - accuracy: 0.3566
46/98 [=============>................] - ETA: 0s - loss: 1.8517 - accuracy: 0.3580
52/98 [==============>...............] - ETA: 0s - loss: 1.8530 - accuracy: 0.3586
59/98 [=================>............] - ETA: 0s - loss: 1.8493 - accuracy: 0.3596
65/98 [==================>...........] - ETA: 0s - loss: 1.8462 - accuracy: 0.3606
71/98 [====================>.........] - ETA: 0s - loss: 1.8445 - accuracy: 0.3611
78/98 [======================>.......] - ETA: 0s - loss: 1.8427 - accuracy: 0.3617
84/98 [========================>.....] - ETA: 0s - loss: 1.8434 - accuracy: 0.3614
91/98 [==========================>...] - ETA: 0s - loss: 1.8460 - accuracy: 0.3605
97/98 [============================>.] - ETA: 0s - loss: 1.8471 - accuracy: 0.3608
98/98 [==============================] - 1s 14ms/step - loss: 1.8464 - accuracy: 0.3610 - val_loss: 1.6155 - val_accuracy: 0.4324
Epoch 13/132

 1/98 [..............................] - ETA: 3s - loss: 1.8687 - accuracy: 0.3398
 7/98 [=>............................] - ETA: 0s - loss: 1.8593 - accuracy: 0.3571
14/98 [===>..........................] - ETA: 0s - loss: 1.8192 - accuracy: 0.3613
21/98 [=====>........................] - ETA: 0s - loss: 1.8293 - accuracy: 0.3581
28/98 [=======>......................] - ETA: 0s - loss: 1.8255 - accuracy: 0.3603
34/98 [=========>....................] - ETA: 0s - loss: 1.8267 - accuracy: 0.3617
41/98 [===========>..................] - ETA: 0s - loss: 1.8225 - accuracy: 0.3631
47/98 [=============>................] - ETA: 0s - loss: 1.8196 - accuracy: 0.3633
54/98 [===============>..............] - ETA: 0s - loss: 1.8163 - accuracy: 0.3657
60/98 [=================>............] - ETA: 0s - loss: 1.8183 - accuracy: 0.3655
67/98 [===================>..........] - ETA: 0s - loss: 1.8195 - accuracy: 0.3660
74/98 [=====================>........] - ETA: 0s - loss: 1.8204 - accuracy: 0.3659
80/98 [=======================>......] - ETA: 0s - loss: 1.8176 - accuracy: 0.3665
87/98 [=========================>....] - ETA: 0s - loss: 1.8209 - accuracy: 0.3658
93/98 [===========================>..] - ETA: 0s - loss: 1.8206 - accuracy: 0.3660
98/98 [==============================] - 1s 14ms/step - loss: 1.8210 - accuracy: 0.3661 - val_loss: 1.5968 - val_accuracy: 0.4388
Epoch 14/132

 1/98 [..............................] - ETA: 1s - loss: 1.8724 - accuracy: 0.3418
 7/98 [=>............................] - ETA: 0s - loss: 1.7934 - accuracy: 0.3722
14/98 [===>..........................] - ETA: 0s - loss: 1.8071 - accuracy: 0.3697
20/98 [=====>........................] - ETA: 0s - loss: 1.8099 - accuracy: 0.3704
27/98 [=======>......................] - ETA: 0s - loss: 1.8169 - accuracy: 0.3694
34/98 [=========>....................] - ETA: 0s - loss: 1.8194 - accuracy: 0.3693
40/98 [===========>..................] - ETA: 0s - loss: 1.8162 - accuracy: 0.3700
47/98 [=============>................] - ETA: 0s - loss: 1.8117 - accuracy: 0.3715
54/98 [===============>..............] - ETA: 0s - loss: 1.8065 - accuracy: 0.3737
60/98 [=================>............] - ETA: 0s - loss: 1.8068 - accuracy: 0.3738
66/98 [===================>..........] - ETA: 0s - loss: 1.8064 - accuracy: 0.3733
73/98 [=====================>........] - ETA: 0s - loss: 1.8049 - accuracy: 0.3731
79/98 [=======================>......] - ETA: 0s - loss: 1.8022 - accuracy: 0.3728
86/98 [=========================>....] - ETA: 0s - loss: 1.8006 - accuracy: 0.3731
92/98 [===========================>..] - ETA: 0s - loss: 1.8007 - accuracy: 0.3734
98/98 [==============================] - 1s 13ms/step - loss: 1.8017 - accuracy: 0.3738 - val_loss: 1.5799 - val_accuracy: 0.4443
Epoch 15/132

 1/98 [..............................] - ETA: 1s - loss: 1.8715 - accuracy: 0.3516
 7/98 [=>............................] - ETA: 0s - loss: 1.8178 - accuracy: 0.3733
13/98 [==>...........................] - ETA: 0s - loss: 1.8054 - accuracy: 0.3764
20/98 [=====>........................] - ETA: 0s - loss: 1.7974 - accuracy: 0.3738
26/98 [======>.......................] - ETA: 0s - loss: 1.7951 - accuracy: 0.3752
32/98 [========>.....................] - ETA: 0s - loss: 1.7951 - accuracy: 0.3749
39/98 [==========>...................] - ETA: 0s - loss: 1.7910 - accuracy: 0.3776
45/98 [============>.................] - ETA: 0s - loss: 1.7942 - accuracy: 0.3786
51/98 [==============>...............] - ETA: 0s - loss: 1.7951 - accuracy: 0.3762
58/98 [================>.............] - ETA: 0s - loss: 1.7888 - accuracy: 0.3772
64/98 [==================>...........] - ETA: 0s - loss: 1.7857 - accuracy: 0.3785
71/98 [====================>.........] - ETA: 0s - loss: 1.7822 - accuracy: 0.3784
77/98 [======================>.......] - ETA: 0s - loss: 1.7836 - accuracy: 0.3784
84/98 [========================>.....] - ETA: 0s - loss: 1.7825 - accuracy: 0.3792
90/98 [==========================>...] - ETA: 0s - loss: 1.7800 - accuracy: 0.3802
97/98 [============================>.] - ETA: 0s - loss: 1.7786 - accuracy: 0.3810
98/98 [==============================] - 1s 14ms/step - loss: 1.7783 - accuracy: 0.3810 - val_loss: 1.5650 - val_accuracy: 0.4504
Epoch 16/132

 1/98 [..............................] - ETA: 1s - loss: 1.8841 - accuracy: 0.3320
 7/98 [=>............................] - ETA: 0s - loss: 1.7706 - accuracy: 0.3853
13/98 [==>...........................] - ETA: 0s - loss: 1.7716 - accuracy: 0.3848
20/98 [=====>........................] - ETA: 0s - loss: 1.7647 - accuracy: 0.3877
27/98 [=======>......................] - ETA: 0s - loss: 1.7593 - accuracy: 0.3910
33/98 [=========>....................] - ETA: 0s - loss: 1.7621 - accuracy: 0.3877
35/98 [=========>....................] - ETA: 0s - loss: 1.7643 - accuracy: 0.3862
41/98 [===========>..................] - ETA: 0s - loss: 1.7670 - accuracy: 0.3855
47/98 [=============>................] - ETA: 0s - loss: 1.7693 - accuracy: 0.3857
54/98 [===============>..............] - ETA: 0s - loss: 1.7649 - accuracy: 0.3868
61/98 [=================>............] - ETA: 0s - loss: 1.7686 - accuracy: 0.3851
67/98 [===================>..........] - ETA: 0s - loss: 1.7686 - accuracy: 0.3849
75/98 [=====================>........] - ETA: 0s - loss: 1.7682 - accuracy: 0.3845
81/98 [=======================>......] - ETA: 0s - loss: 1.7664 - accuracy: 0.3848
88/98 [=========================>....] - ETA: 0s - loss: 1.7627 - accuracy: 0.3858
94/98 [===========================>..] - ETA: 0s - loss: 1.7605 - accuracy: 0.3868
98/98 [==============================] - 1s 14ms/step - loss: 1.7597 - accuracy: 0.3866 - val_loss: 1.5492 - val_accuracy: 0.4592
Epoch 17/132

 1/98 [..............................] - ETA: 1s - loss: 1.8308 - accuracy: 0.3652
 7/98 [=>............................] - ETA: 0s - loss: 1.7455 - accuracy: 0.3929
13/98 [==>...........................] - ETA: 0s - loss: 1.7531 - accuracy: 0.3893
20/98 [=====>........................] - ETA: 0s - loss: 1.7448 - accuracy: 0.3913
26/98 [======>.......................] - ETA: 0s - loss: 1.7466 - accuracy: 0.3900
33/98 [=========>....................] - ETA: 0s - loss: 1.7525 - accuracy: 0.3864
40/98 [===========>..................] - ETA: 0s - loss: 1.7546 - accuracy: 0.3858
46/98 [=============>................] - ETA: 0s - loss: 1.7522 - accuracy: 0.3862
53/98 [===============>..............] - ETA: 0s - loss: 1.7528 - accuracy: 0.3870
59/98 [=================>............] - ETA: 0s - loss: 1.7497 - accuracy: 0.3879
65/98 [==================>...........] - ETA: 0s - loss: 1.7481 - accuracy: 0.3892
72/98 [=====================>........] - ETA: 0s - loss: 1.7468 - accuracy: 0.3908
78/98 [======================>.......] - ETA: 0s - loss: 1.7439 - accuracy: 0.3905
85/98 [=========================>....] - ETA: 0s - loss: 1.7438 - accuracy: 0.3906
91/98 [==========================>...] - ETA: 0s - loss: 1.7454 - accuracy: 0.3907
98/98 [==============================] - ETA: 0s - loss: 1.7445 - accuracy: 0.3911
98/98 [==============================] - 1s 14ms/step - loss: 1.7445 - accuracy: 0.3911 - val_loss: 1.5364 - val_accuracy: 0.4661
Epoch 18/132

 1/98 [..............................] - ETA: 1s - loss: 1.7792 - accuracy: 0.4023
 7/98 [=>............................] - ETA: 0s - loss: 1.7227 - accuracy: 0.3895
13/98 [==>...........................] - ETA: 0s - loss: 1.7134 - accuracy: 0.3986
19/98 [====>.........................] - ETA: 0s - loss: 1.7150 - accuracy: 0.3959
26/98 [======>.......................] - ETA: 0s - loss: 1.7181 - accuracy: 0.3965
32/98 [========>.....................] - ETA: 0s - loss: 1.7140 - accuracy: 0.3979
39/98 [==========>...................] - ETA: 0s - loss: 1.7165 - accuracy: 0.3973
46/98 [=============>................] - ETA: 0s - loss: 1.7206 - accuracy: 0.3961
52/98 [==============>...............] - ETA: 0s - loss: 1.7219 - accuracy: 0.3962
59/98 [=================>............] - ETA: 0s - loss: 1.7225 - accuracy: 0.3965
65/98 [==================>...........] - ETA: 0s - loss: 1.7202 - accuracy: 0.3970
71/98 [====================>.........] - ETA: 0s - loss: 1.7198 - accuracy: 0.3972
77/98 [======================>.......] - ETA: 0s - loss: 1.7198 - accuracy: 0.3975
84/98 [========================>.....] - ETA: 0s - loss: 1.7218 - accuracy: 0.3964
91/98 [==========================>...] - ETA: 0s - loss: 1.7203 - accuracy: 0.3973
97/98 [============================>.] - ETA: 0s - loss: 1.7198 - accuracy: 0.3981
98/98 [==============================] - 1s 14ms/step - loss: 1.7196 - accuracy: 0.3982 - val_loss: 1.5237 - val_accuracy: 0.4715
Epoch 19/132

 1/98 [..............................] - ETA: 3s - loss: 1.6970 - accuracy: 0.4062
 7/98 [=>............................] - ETA: 0s - loss: 1.6961 - accuracy: 0.4079
14/98 [===>..........................] - ETA: 0s - loss: 1.7081 - accuracy: 0.3984
20/98 [=====>........................] - ETA: 0s - loss: 1.6981 - accuracy: 0.4017
27/98 [=======>......................] - ETA: 0s - loss: 1.7014 - accuracy: 0.4031
34/98 [=========>....................] - ETA: 0s - loss: 1.7032 - accuracy: 0.4040
41/98 [===========>..................] - ETA: 0s - loss: 1.6993 - accuracy: 0.4055
47/98 [=============>................] - ETA: 0s - loss: 1.6980 - accuracy: 0.4070
54/98 [===============>..............] - ETA: 0s - loss: 1.6999 - accuracy: 0.4066
61/98 [=================>............] - ETA: 0s - loss: 1.6996 - accuracy: 0.4056
68/98 [===================>..........] - ETA: 0s - loss: 1.7005 - accuracy: 0.4064
73/98 [=====================>........] - ETA: 0s - loss: 1.7027 - accuracy: 0.4055
79/98 [=======================>......] - ETA: 0s - loss: 1.7022 - accuracy: 0.4057
85/98 [=========================>....] - ETA: 0s - loss: 1.7014 - accuracy: 0.4058
92/98 [===========================>..] - ETA: 0s - loss: 1.7007 - accuracy: 0.4061
98/98 [==============================] - 1s 14ms/step - loss: 1.7000 - accuracy: 0.4059 - val_loss: 1.5107 - val_accuracy: 0.4764
Epoch 20/132

 1/98 [..............................] - ETA: 3s - loss: 1.7312 - accuracy: 0.3809
 7/98 [=>............................] - ETA: 0s - loss: 1.6810 - accuracy: 0.4093
14/98 [===>..........................] - ETA: 0s - loss: 1.6919 - accuracy: 0.4069
21/98 [=====>........................] - ETA: 0s - loss: 1.7039 - accuracy: 0.4035
27/98 [=======>......................] - ETA: 0s - loss: 1.6963 - accuracy: 0.4052
34/98 [=========>....................] - ETA: 0s - loss: 1.6955 - accuracy: 0.4052
40/98 [===========>..................] - ETA: 0s - loss: 1.6958 - accuracy: 0.4039
46/98 [=============>................] - ETA: 0s - loss: 1.6885 - accuracy: 0.4062
52/98 [==============>...............] - ETA: 0s - loss: 1.6921 - accuracy: 0.4062
59/98 [=================>............] - ETA: 0s - loss: 1.6909 - accuracy: 0.4062
66/98 [===================>..........] - ETA: 0s - loss: 1.6955 - accuracy: 0.4050
72/98 [=====================>........] - ETA: 0s - loss: 1.6949 - accuracy: 0.4053
80/98 [=======================>......] - ETA: 0s - loss: 1.6950 - accuracy: 0.4054
86/98 [=========================>....] - ETA: 0s - loss: 1.6928 - accuracy: 0.4058
93/98 [===========================>..] - ETA: 0s - loss: 1.6933 - accuracy: 0.4060
98/98 [==============================] - 1s 13ms/step - loss: 1.6928 - accuracy: 0.4067 - val_loss: 1.4995 - val_accuracy: 0.4780
Epoch 21/132

 1/98 [..............................] - ETA: 1s - loss: 1.7516 - accuracy: 0.3809
 7/98 [=>............................] - ETA: 0s - loss: 1.7104 - accuracy: 0.3970
13/98 [==>...........................] - ETA: 0s - loss: 1.7036 - accuracy: 0.4042
19/98 [====>.........................] - ETA: 0s - loss: 1.6868 - accuracy: 0.4113
26/98 [======>.......................] - ETA: 0s - loss: 1.6733 - accuracy: 0.4139
32/98 [========>.....................] - ETA: 0s - loss: 1.6789 - accuracy: 0.4108
39/98 [==========>...................] - ETA: 0s - loss: 1.6796 - accuracy: 0.4097
46/98 [=============>................] - ETA: 0s - loss: 1.6798 - accuracy: 0.4105
52/98 [==============>...............] - ETA: 0s - loss: 1.6761 - accuracy: 0.4127
59/98 [=================>............] - ETA: 0s - loss: 1.6763 - accuracy: 0.4126
66/98 [===================>..........] - ETA: 0s - loss: 1.6710 - accuracy: 0.4143
72/98 [=====================>........] - ETA: 0s - loss: 1.6698 - accuracy: 0.4148
79/98 [=======================>......] - ETA: 0s - loss: 1.6695 - accuracy: 0.4149
85/98 [=========================>....] - ETA: 0s - loss: 1.6694 - accuracy: 0.4149
92/98 [===========================>..] - ETA: 0s - loss: 1.6704 - accuracy: 0.4153
98/98 [==============================] - 1s 14ms/step - loss: 1.6696 - accuracy: 0.4160 - val_loss: 1.4890 - val_accuracy: 0.4836
Epoch 22/132

 1/98 [..............................] - ETA: 1s - loss: 1.6460 - accuracy: 0.4286
 7/98 [=>............................] - ETA: 0s - loss: 1.6711 - accuracy: 0.4149
13/98 [==>...........................] - ETA: 0s - loss: 1.6470 - accuracy: 0.4241
20/98 [=====>........................] - ETA: 0s - loss: 1.6454 - accuracy: 0.4254
26/98 [======>.......................] - ETA: 0s - loss: 1.6524 - accuracy: 0.4231
32/98 [========>.....................] - ETA: 0s - loss: 1.6556 - accuracy: 0.4229
39/98 [==========>...................] - ETA: 0s - loss: 1.6523 - accuracy: 0.4228
45/98 [============>.................] - ETA: 0s - loss: 1.6581 - accuracy: 0.4209
52/98 [==============>...............] - ETA: 0s - loss: 1.6590 - accuracy: 0.4208
58/98 [================>.............] - ETA: 0s - loss: 1.6595 - accuracy: 0.4208
65/98 [==================>...........] - ETA: 0s - loss: 1.6601 - accuracy: 0.4199
71/98 [====================>.........] - ETA: 0s - loss: 1.6565 - accuracy: 0.4208
77/98 [======================>.......] - ETA: 0s - loss: 1.6575 - accuracy: 0.4204
83/98 [========================>.....] - ETA: 0s - loss: 1.6566 - accuracy: 0.4206
90/98 [==========================>...] - ETA: 0s - loss: 1.6562 - accuracy: 0.4203
96/98 [============================>.] - ETA: 0s - loss: 1.6572 - accuracy: 0.4200
98/98 [==============================] - 1s 14ms/step - loss: 1.6579 - accuracy: 0.4195 - val_loss: 1.4781 - val_accuracy: 0.4868
Epoch 23/132

 1/98 [..............................] - ETA: 1s - loss: 1.7231 - accuracy: 0.3945
 7/98 [=>............................] - ETA: 0s - loss: 1.6762 - accuracy: 0.4118
14/98 [===>..........................] - ETA: 0s - loss: 1.6683 - accuracy: 0.4103
20/98 [=====>........................] - ETA: 0s - loss: 1.6560 - accuracy: 0.4178
27/98 [=======>......................] - ETA: 0s - loss: 1.6537 - accuracy: 0.4181
33/98 [=========>....................] - ETA: 0s - loss: 1.6538 - accuracy: 0.4200
39/98 [==========>...................] - ETA: 0s - loss: 1.6498 - accuracy: 0.4201
45/98 [============>.................] - ETA: 0s - loss: 1.6446 - accuracy: 0.4213
51/98 [==============>...............] - ETA: 0s - loss: 1.6432 - accuracy: 0.4223
56/98 [================>.............] - ETA: 0s - loss: 1.6432 - accuracy: 0.4221
62/98 [=================>............] - ETA: 0s - loss: 1.6451 - accuracy: 0.4221
69/98 [====================>.........] - ETA: 0s - loss: 1.6478 - accuracy: 0.4214
75/98 [=====================>........] - ETA: 0s - loss: 1.6480 - accuracy: 0.4220
81/98 [=======================>......] - ETA: 0s - loss: 1.6459 - accuracy: 0.4229
88/98 [=========================>....] - ETA: 0s - loss: 1.6455 - accuracy: 0.4226
95/98 [============================>.] - ETA: 0s - loss: 1.6464 - accuracy: 0.4228
98/98 [==============================] - 1s 14ms/step - loss: 1.6460 - accuracy: 0.4233 - val_loss: 1.4682 - val_accuracy: 0.4907
Epoch 24/132

 1/98 [..............................] - ETA: 1s - loss: 1.6558 - accuracy: 0.4102
 7/98 [=>............................] - ETA: 0s - loss: 1.6408 - accuracy: 0.4160
13/98 [==>...........................] - ETA: 0s - loss: 1.6433 - accuracy: 0.4174
20/98 [=====>........................] - ETA: 0s - loss: 1.6326 - accuracy: 0.4280
26/98 [======>.......................] - ETA: 0s - loss: 1.6389 - accuracy: 0.4265
33/98 [=========>....................] - ETA: 0s - loss: 1.6306 - accuracy: 0.4305
39/98 [==========>...................] - ETA: 0s - loss: 1.6310 - accuracy: 0.4294
46/98 [=============>................] - ETA: 0s - loss: 1.6327 - accuracy: 0.4300
52/98 [==============>...............] - ETA: 0s - loss: 1.6334 - accuracy: 0.4297
59/98 [=================>............] - ETA: 0s - loss: 1.6324 - accuracy: 0.4291
65/98 [==================>...........] - ETA: 0s - loss: 1.6348 - accuracy: 0.4279
72/98 [=====================>........] - ETA: 0s - loss: 1.6334 - accuracy: 0.4282
79/98 [=======================>......] - ETA: 0s - loss: 1.6344 - accuracy: 0.4266
85/98 [=========================>....] - ETA: 0s - loss: 1.6336 - accuracy: 0.4268
93/98 [===========================>..] - ETA: 0s - loss: 1.6333 - accuracy: 0.4267
98/98 [==============================] - 1s 14ms/step - loss: 1.6328 - accuracy: 0.4261 - val_loss: 1.4587 - val_accuracy: 0.4937
Epoch 25/132

 1/98 [..............................] - ETA: 3s - loss: 1.6076 - accuracy: 0.4570
 8/98 [=>............................] - ETA: 0s - loss: 1.6095 - accuracy: 0.4373
15/98 [===>..........................] - ETA: 0s - loss: 1.6120 - accuracy: 0.4316
21/98 [=====>........................] - ETA: 0s - loss: 1.6112 - accuracy: 0.4342
28/98 [=======>......................] - ETA: 0s - loss: 1.6135 - accuracy: 0.4315
34/98 [=========>....................] - ETA: 0s - loss: 1.6120 - accuracy: 0.4338
41/98 [===========>..................] - ETA: 0s - loss: 1.6170 - accuracy: 0.4314
48/98 [=============>................] - ETA: 0s - loss: 1.6203 - accuracy: 0.4299
55/98 [===============>..............] - ETA: 0s - loss: 1.6211 - accuracy: 0.4307
61/98 [=================>............] - ETA: 0s - loss: 1.6211 - accuracy: 0.4309
67/98 [===================>..........] - ETA: 0s - loss: 1.6192 - accuracy: 0.4307
73/98 [=====================>........] - ETA: 0s - loss: 1.6192 - accuracy: 0.4304
80/98 [=======================>......] - ETA: 0s - loss: 1.6188 - accuracy: 0.4303
87/98 [=========================>....] - ETA: 0s - loss: 1.6174 - accuracy: 0.4309
93/98 [===========================>..] - ETA: 0s - loss: 1.6153 - accuracy: 0.4313
98/98 [==============================] - 1s 14ms/step - loss: 1.6148 - accuracy: 0.4315 - val_loss: 1.4489 - val_accuracy: 0.4968
Epoch 26/132

 1/98 [..............................] - ETA: 1s - loss: 1.5313 - accuracy: 0.4746
 7/98 [=>............................] - ETA: 0s - loss: 1.6088 - accuracy: 0.4422
14/98 [===>..........................] - ETA: 0s - loss: 1.5878 - accuracy: 0.4506
20/98 [=====>........................] - ETA: 0s - loss: 1.5872 - accuracy: 0.4494
26/98 [======>.......................] - ETA: 0s - loss: 1.5876 - accuracy: 0.4463
33/98 [=========>....................] - ETA: 0s - loss: 1.6068 - accuracy: 0.4392
39/98 [==========>...................] - ETA: 0s - loss: 1.6143 - accuracy: 0.4375
46/98 [=============>................] - ETA: 0s - loss: 1.6140 - accuracy: 0.4374
53/98 [===============>..............] - ETA: 0s - loss: 1.6160 - accuracy: 0.4367
59/98 [=================>............] - ETA: 0s - loss: 1.6182 - accuracy: 0.4365
66/98 [===================>..........] - ETA: 0s - loss: 1.6183 - accuracy: 0.4364
73/98 [=====================>........] - ETA: 0s - loss: 1.6184 - accuracy: 0.4355
