2024-06-26 05:31:36.757867: I tensorflow/core/platform/cpu_feature_guard.cc:193] This TensorFlow binary is optimized with oneAPI Deep Neural Network Library (oneDNN) to use the following CPU instructions in performance-critical operations:  AVX AVX2
To enable them in other operations, rebuild TensorFlow with the appropriate compiler flags.
2024-06-26 05:31:37.206274: I tensorflow/core/common_runtime/gpu/gpu_device.cc:1616] Created device /job:localhost/replica:0/task:0/device:GPU:0 with 6656 MB memory:  -> device: 0, name: NVIDIA GeForce RTX 4060 Ti, pci bus id: 0000:01:00.0, compute capability: 8.9
1 Physical GPUs, 1 Logical GPUs
Model: "sequential"
_________________________________________________________________
 Layer (type)                Output Shape              Param #   
=================================================================
 conv2d (Conv2D)             (None, 32, 32, 32)        896       
                                                                 
 max_pooling2d (MaxPooling2D  (None, 16, 16, 32)       0         
 )                                                               
                                                                 
 batch_normalization (BatchN  (None, 16, 16, 32)       128       
 ormalization)                                                   
                                                                 
 dropout (Dropout)           (None, 16, 16, 32)        0         
                                                                 
 flatten (Flatten)           (None, 8192)              0         
                                                                 
 dense (Dense)               (None, 10)                81930     
                                                                 
=================================================================
Total params: 82,954
Trainable params: 82,890
Non-trainable params: 64
_________________________________________________________________
Taxa de aprendizado:  1e-05 Num de épocas:  132 Tamanho do lote:  512 Dropout:  0.41872
Epoch 1/132
2024-06-26 05:31:38.272343: I tensorflow/stream_executor/cuda/cuda_dnn.cc:384] Loaded cuDNN version 8100
2024-06-26 05:31:38.962745: W tensorflow/stream_executor/gpu/redzone_allocator.cc:314] INTERNAL: ptxas exited with non-zero error code -1, output: 
Relying on driver to perform ptx compilation. 
Modify $PATH to customize ptxas location.
This message will be only logged once.
2024-06-26 05:31:39.573790: I tensorflow/stream_executor/cuda/cuda_blas.cc:1614] TensorFloat-32 will be used for the matrix multiplication. This will only be logged once.

 1/98 [..............................] - ETA: 3:38 - loss: 3.1130 - accuracy: 0.1035
 8/98 [=>............................] - ETA: 0s - loss: 2.9927 - accuracy: 0.0999  
14/98 [===>..........................] - ETA: 0s - loss: 2.9540 - accuracy: 0.1009
19/98 [====>.........................] - ETA: 0s - loss: 2.9214 - accuracy: 0.1055
25/98 [======>.......................] - ETA: 0s - loss: 2.8881 - accuracy: 0.1103
32/98 [========>.....................] - ETA: 0s - loss: 2.8610 - accuracy: 0.1136
39/98 [==========>...................] - ETA: 0s - loss: 2.8410 - accuracy: 0.1161
45/98 [============>.................] - ETA: 0s - loss: 2.8157 - accuracy: 0.1194
52/98 [==============>...............] - ETA: 0s - loss: 2.7931 - accuracy: 0.1225
58/98 [================>.............] - ETA: 0s - loss: 2.7801 - accuracy: 0.1247
64/98 [==================>...........] - ETA: 0s - loss: 2.7648 - accuracy: 0.1263
70/98 [====================>.........] - ETA: 0s - loss: 2.7488 - accuracy: 0.1283
76/98 [======================>.......] - ETA: 0s - loss: 2.7341 - accuracy: 0.1299
82/98 [========================>.....] - ETA: 0s - loss: 2.7211 - accuracy: 0.1321
88/98 [=========================>....] - ETA: 0s - loss: 2.7110 - accuracy: 0.1335
95/98 [============================>.] - ETA: 0s - loss: 2.6971 - accuracy: 0.1354
98/98 [==============================] - 4s 16ms/step - loss: 2.6924 - accuracy: 0.1363 - val_loss: 2.2647 - val_accuracy: 0.1676
Epoch 2/132

 1/98 [..............................] - ETA: 3s - loss: 2.4070 - accuracy: 0.1875
 8/98 [=>............................] - ETA: 0s - loss: 2.4740 - accuracy: 0.1724
14/98 [===>..........................] - ETA: 0s - loss: 2.4656 - accuracy: 0.1745
20/98 [=====>........................] - ETA: 0s - loss: 2.4640 - accuracy: 0.1723
26/98 [======>.......................] - ETA: 0s - loss: 2.4569 - accuracy: 0.1760
33/98 [=========>....................] - ETA: 0s - loss: 2.4465 - accuracy: 0.1767
40/98 [===========>..................] - ETA: 0s - loss: 2.4447 - accuracy: 0.1786
46/98 [=============>................] - ETA: 0s - loss: 2.4414 - accuracy: 0.1796
52/98 [==============>...............] - ETA: 0s - loss: 2.4374 - accuracy: 0.1799
58/98 [================>.............] - ETA: 0s - loss: 2.4309 - accuracy: 0.1817
65/98 [==================>...........] - ETA: 0s - loss: 2.4238 - accuracy: 0.1835
71/98 [====================>.........] - ETA: 0s - loss: 2.4174 - accuracy: 0.1842
77/98 [======================>.......] - ETA: 0s - loss: 2.4134 - accuracy: 0.1857
84/98 [========================>.....] - ETA: 0s - loss: 2.4063 - accuracy: 0.1888
89/98 [==========================>...] - ETA: 0s - loss: 2.4013 - accuracy: 0.1896
94/98 [===========================>..] - ETA: 0s - loss: 2.3979 - accuracy: 0.1907
98/98 [==============================] - 1s 14ms/step - loss: 2.3956 - accuracy: 0.1910 - val_loss: 2.1960 - val_accuracy: 0.2311
Epoch 3/132

 1/98 [..............................] - ETA: 1s - loss: 2.3150 - accuracy: 0.2031
 7/98 [=>............................] - ETA: 0s - loss: 2.2894 - accuracy: 0.2227
14/98 [===>..........................] - ETA: 0s - loss: 2.2850 - accuracy: 0.2172
20/98 [=====>........................] - ETA: 0s - loss: 2.2831 - accuracy: 0.2168
26/98 [======>.......................] - ETA: 0s - loss: 2.2920 - accuracy: 0.2154
32/98 [========>.....................] - ETA: 0s - loss: 2.2870 - accuracy: 0.2194
39/98 [==========>...................] - ETA: 0s - loss: 2.2853 - accuracy: 0.2221
45/98 [============>.................] - ETA: 0s - loss: 2.2854 - accuracy: 0.2230
52/98 [==============>...............] - ETA: 0s - loss: 2.2827 - accuracy: 0.2218
58/98 [================>.............] - ETA: 0s - loss: 2.2835 - accuracy: 0.2206
65/98 [==================>...........] - ETA: 0s - loss: 2.2817 - accuracy: 0.2198
71/98 [====================>.........] - ETA: 0s - loss: 2.2797 - accuracy: 0.2204
77/98 [======================>.......] - ETA: 0s - loss: 2.2776 - accuracy: 0.2215
83/98 [========================>.....] - ETA: 0s - loss: 2.2748 - accuracy: 0.2221
89/98 [==========================>...] - ETA: 0s - loss: 2.2708 - accuracy: 0.2229
95/98 [============================>.] - ETA: 0s - loss: 2.2649 - accuracy: 0.2244
98/98 [==============================] - 1s 14ms/step - loss: 2.2642 - accuracy: 0.2247 - val_loss: 2.1061 - val_accuracy: 0.2741
Epoch 4/132

 1/98 [..............................] - ETA: 1s - loss: 2.2171 - accuracy: 0.2422
 7/98 [=>............................] - ETA: 0s - loss: 2.2195 - accuracy: 0.2380
14/98 [===>..........................] - ETA: 0s - loss: 2.2030 - accuracy: 0.2411
20/98 [=====>........................] - ETA: 0s - loss: 2.2112 - accuracy: 0.2408
26/98 [======>.......................] - ETA: 0s - loss: 2.2061 - accuracy: 0.2429
32/98 [========>.....................] - ETA: 0s - loss: 2.2011 - accuracy: 0.2462
38/98 [==========>...................] - ETA: 0s - loss: 2.1982 - accuracy: 0.2471
44/98 [============>.................] - ETA: 0s - loss: 2.1912 - accuracy: 0.2470
50/98 [==============>...............] - ETA: 0s - loss: 2.1907 - accuracy: 0.2467
57/98 [================>.............] - ETA: 0s - loss: 2.1885 - accuracy: 0.2471
63/98 [==================>...........] - ETA: 0s - loss: 2.1871 - accuracy: 0.2468
69/98 [====================>.........] - ETA: 0s - loss: 2.1833 - accuracy: 0.2476
75/98 [=====================>........] - ETA: 0s - loss: 2.1826 - accuracy: 0.2475
81/98 [=======================>......] - ETA: 0s - loss: 2.1820 - accuracy: 0.2471
88/98 [=========================>....] - ETA: 0s - loss: 2.1794 - accuracy: 0.2481
94/98 [===========================>..] - ETA: 0s - loss: 2.1794 - accuracy: 0.2482
98/98 [==============================] - 1s 14ms/step - loss: 2.1785 - accuracy: 0.2482 - val_loss: 2.0022 - val_accuracy: 0.3057
Epoch 5/132

 1/98 [..............................] - ETA: 1s - loss: 2.1275 - accuracy: 0.2637
 7/98 [=>............................] - ETA: 0s - loss: 2.1209 - accuracy: 0.2667
13/98 [==>...........................] - ETA: 0s - loss: 2.1292 - accuracy: 0.2617
20/98 [=====>........................] - ETA: 0s - loss: 2.1302 - accuracy: 0.2641
25/98 [======>.......................] - ETA: 0s - loss: 2.1338 - accuracy: 0.2642
30/98 [========>.....................] - ETA: 0s - loss: 2.1284 - accuracy: 0.2644
36/98 [==========>...................] - ETA: 0s - loss: 2.1299 - accuracy: 0.2652
42/98 [===========>..................] - ETA: 0s - loss: 2.1278 - accuracy: 0.2664
49/98 [==============>...............] - ETA: 0s - loss: 2.1249 - accuracy: 0.2657
55/98 [===============>..............] - ETA: 0s - loss: 2.1235 - accuracy: 0.2662
62/98 [=================>............] - ETA: 0s - loss: 2.1236 - accuracy: 0.2658
69/98 [====================>.........] - ETA: 0s - loss: 2.1203 - accuracy: 0.2672
76/98 [======================>.......] - ETA: 0s - loss: 2.1146 - accuracy: 0.2682
82/98 [========================>.....] - ETA: 0s - loss: 2.1129 - accuracy: 0.2686
89/98 [==========================>...] - ETA: 0s - loss: 2.1114 - accuracy: 0.2690
94/98 [===========================>..] - ETA: 0s - loss: 2.1107 - accuracy: 0.2697
98/98 [==============================] - 1s 14ms/step - loss: 2.1103 - accuracy: 0.2701 - val_loss: 1.9028 - val_accuracy: 0.3337
Epoch 6/132

 1/98 [..............................] - ETA: 1s - loss: 2.2529 - accuracy: 0.2589
 7/98 [=>............................] - ETA: 0s - loss: 2.0878 - accuracy: 0.2881
13/98 [==>...........................] - ETA: 0s - loss: 2.0840 - accuracy: 0.2838
20/98 [=====>........................] - ETA: 0s - loss: 2.0801 - accuracy: 0.2802
26/98 [======>.......................] - ETA: 0s - loss: 2.0810 - accuracy: 0.2815
31/98 [========>.....................] - ETA: 0s - loss: 2.0777 - accuracy: 0.2833
37/98 [==========>...................] - ETA: 0s - loss: 2.0769 - accuracy: 0.2838
43/98 [============>.................] - ETA: 0s - loss: 2.0737 - accuracy: 0.2847
49/98 [==============>...............] - ETA: 0s - loss: 2.0711 - accuracy: 0.2854
55/98 [===============>..............] - ETA: 0s - loss: 2.0682 - accuracy: 0.2858
62/98 [=================>............] - ETA: 0s - loss: 2.0647 - accuracy: 0.2859
67/98 [===================>..........] - ETA: 0s - loss: 2.0631 - accuracy: 0.2865
74/98 [=====================>........] - ETA: 0s - loss: 2.0647 - accuracy: 0.2863
80/98 [=======================>......] - ETA: 0s - loss: 2.0622 - accuracy: 0.2869
87/98 [=========================>....] - ETA: 0s - loss: 2.0610 - accuracy: 0.2871
93/98 [===========================>..] - ETA: 0s - loss: 2.0607 - accuracy: 0.2863
98/98 [==============================] - 1s 14ms/step - loss: 2.0575 - accuracy: 0.2869 - val_loss: 1.8228 - val_accuracy: 0.3586
Epoch 7/132

 1/98 [..............................] - ETA: 1s - loss: 2.0247 - accuracy: 0.2949
 7/98 [=>............................] - ETA: 0s - loss: 2.0047 - accuracy: 0.2966
14/98 [===>..........................] - ETA: 0s - loss: 2.0038 - accuracy: 0.2977
20/98 [=====>........................] - ETA: 0s - loss: 2.0110 - accuracy: 0.2953
25/98 [======>.......................] - ETA: 0s - loss: 2.0136 - accuracy: 0.2959
31/98 [========>.....................] - ETA: 0s - loss: 2.0134 - accuracy: 0.2983
37/98 [==========>...................] - ETA: 0s - loss: 2.0102 - accuracy: 0.2981
44/98 [============>.................] - ETA: 0s - loss: 2.0070 - accuracy: 0.3001
51/98 [==============>...............] - ETA: 0s - loss: 2.0087 - accuracy: 0.3013
57/98 [================>.............] - ETA: 0s - loss: 2.0090 - accuracy: 0.3015
63/98 [==================>...........] - ETA: 0s - loss: 2.0084 - accuracy: 0.3021
69/98 [====================>.........] - ETA: 0s - loss: 2.0070 - accuracy: 0.3032
75/98 [=====================>........] - ETA: 0s - loss: 2.0056 - accuracy: 0.3033
82/98 [========================>.....] - ETA: 0s - loss: 2.0042 - accuracy: 0.3039
88/98 [=========================>....] - ETA: 0s - loss: 2.0022 - accuracy: 0.3044
94/98 [===========================>..] - ETA: 0s - loss: 2.0051 - accuracy: 0.3034
98/98 [==============================] - 1s 15ms/step - loss: 2.0062 - accuracy: 0.3031 - val_loss: 1.7641 - val_accuracy: 0.3771
Epoch 8/132

 1/98 [..............................] - ETA: 3s - loss: 1.8937 - accuracy: 0.3301
 7/98 [=>............................] - ETA: 0s - loss: 1.9950 - accuracy: 0.3019
14/98 [===>..........................] - ETA: 0s - loss: 1.9828 - accuracy: 0.3069
20/98 [=====>........................] - ETA: 0s - loss: 1.9815 - accuracy: 0.3106
27/98 [=======>......................] - ETA: 0s - loss: 1.9741 - accuracy: 0.3123
33/98 [=========>....................] - ETA: 0s - loss: 1.9771 - accuracy: 0.3129
39/98 [==========>...................] - ETA: 0s - loss: 1.9776 - accuracy: 0.3131
45/98 [============>.................] - ETA: 0s - loss: 1.9781 - accuracy: 0.3129
52/98 [==============>...............] - ETA: 0s - loss: 1.9780 - accuracy: 0.3133
58/98 [================>.............] - ETA: 0s - loss: 1.9733 - accuracy: 0.3146
65/98 [==================>...........] - ETA: 0s - loss: 1.9729 - accuracy: 0.3152
71/98 [====================>.........] - ETA: 0s - loss: 1.9739 - accuracy: 0.3144
77/98 [======================>.......] - ETA: 0s - loss: 1.9728 - accuracy: 0.3139
83/98 [========================>.....] - ETA: 0s - loss: 1.9727 - accuracy: 0.3146
90/98 [==========================>...] - ETA: 0s - loss: 1.9704 - accuracy: 0.3152
96/98 [============================>.] - ETA: 0s - loss: 1.9686 - accuracy: 0.3157
98/98 [==============================] - 1s 14ms/step - loss: 1.9686 - accuracy: 0.3156 - val_loss: 1.7223 - val_accuracy: 0.3891
Epoch 9/132

 1/98 [..............................] - ETA: 3s - loss: 1.9701 - accuracy: 0.3242
 7/98 [=>............................] - ETA: 0s - loss: 1.9216 - accuracy: 0.3326
14/98 [===>..........................] - ETA: 0s - loss: 1.9273 - accuracy: 0.3287
20/98 [=====>........................] - ETA: 0s - loss: 1.9194 - accuracy: 0.3335
25/98 [======>.......................] - ETA: 0s - loss: 1.9240 - accuracy: 0.3298
31/98 [========>.....................] - ETA: 0s - loss: 1.9256 - accuracy: 0.3286
37/98 [==========>...................] - ETA: 0s - loss: 1.9297 - accuracy: 0.3262
44/98 [============>.................] - ETA: 0s - loss: 1.9316 - accuracy: 0.3270
50/98 [==============>...............] - ETA: 0s - loss: 1.9307 - accuracy: 0.3276
56/98 [================>.............] - ETA: 0s - loss: 1.9299 - accuracy: 0.3274
62/98 [=================>............] - ETA: 0s - loss: 1.9299 - accuracy: 0.3275
69/98 [====================>.........] - ETA: 0s - loss: 1.9315 - accuracy: 0.3265
76/98 [======================>.......] - ETA: 0s - loss: 1.9316 - accuracy: 0.3272
82/98 [========================>.....] - ETA: 0s - loss: 1.9304 - accuracy: 0.3273
87/98 [=========================>....] - ETA: 0s - loss: 1.9308 - accuracy: 0.3273
93/98 [===========================>..] - ETA: 0s - loss: 1.9301 - accuracy: 0.3269
98/98 [==============================] - 1s 14ms/step - loss: 1.9298 - accuracy: 0.3274 - val_loss: 1.6902 - val_accuracy: 0.4036
Epoch 10/132

 1/98 [..............................] - ETA: 3s - loss: 1.8983 - accuracy: 0.3145
 8/98 [=>............................] - ETA: 0s - loss: 1.9176 - accuracy: 0.3201
14/98 [===>..........................] - ETA: 0s - loss: 1.9125 - accuracy: 0.3278
21/98 [=====>........................] - ETA: 0s - loss: 1.9128 - accuracy: 0.3268
26/98 [======>.......................] - ETA: 0s - loss: 1.9071 - accuracy: 0.3323
31/98 [========>.....................] - ETA: 0s - loss: 1.9062 - accuracy: 0.3328
37/98 [==========>...................] - ETA: 0s - loss: 1.9042 - accuracy: 0.3335
44/98 [============>.................] - ETA: 0s - loss: 1.9042 - accuracy: 0.3339
51/98 [==============>...............] - ETA: 0s - loss: 1.9075 - accuracy: 0.3349
57/98 [================>.............] - ETA: 0s - loss: 1.9066 - accuracy: 0.3357
64/98 [==================>...........] - ETA: 0s - loss: 1.9065 - accuracy: 0.3363
70/98 [====================>.........] - ETA: 0s - loss: 1.9049 - accuracy: 0.3372
77/98 [======================>.......] - ETA: 0s - loss: 1.9052 - accuracy: 0.3373
84/98 [========================>.....] - ETA: 0s - loss: 1.9056 - accuracy: 0.3371
90/98 [==========================>...] - ETA: 0s - loss: 1.9023 - accuracy: 0.3383
96/98 [============================>.] - ETA: 0s - loss: 1.9013 - accuracy: 0.3383
98/98 [==============================] - 1s 14ms/step - loss: 1.9012 - accuracy: 0.3383 - val_loss: 1.6642 - val_accuracy: 0.4128
Epoch 11/132

 1/98 [..............................] - ETA: 3s - loss: 2.0294 - accuracy: 0.3008
 8/98 [=>............................] - ETA: 0s - loss: 1.8838 - accuracy: 0.3435
14/98 [===>..........................] - ETA: 0s - loss: 1.8718 - accuracy: 0.3446
21/98 [=====>........................] - ETA: 0s - loss: 1.8668 - accuracy: 0.3464
27/98 [=======>......................] - ETA: 0s - loss: 1.8754 - accuracy: 0.3442
33/98 [=========>....................] - ETA: 0s - loss: 1.8722 - accuracy: 0.3448
39/98 [==========>...................] - ETA: 0s - loss: 1.8678 - accuracy: 0.3464
46/98 [=============>................] - ETA: 0s - loss: 1.8681 - accuracy: 0.3465
52/98 [==============>...............] - ETA: 0s - loss: 1.8662 - accuracy: 0.3484
58/98 [================>.............] - ETA: 0s - loss: 1.8650 - accuracy: 0.3487
65/98 [==================>...........] - ETA: 0s - loss: 1.8655 - accuracy: 0.3493
71/98 [====================>.........] - ETA: 0s - loss: 1.8666 - accuracy: 0.3483
78/98 [======================>.......] - ETA: 0s - loss: 1.8659 - accuracy: 0.3477
85/98 [=========================>....] - ETA: 0s - loss: 1.8658 - accuracy: 0.3479
91/98 [==========================>...] - ETA: 0s - loss: 1.8692 - accuracy: 0.3476
97/98 [============================>.] - ETA: 0s - loss: 1.8681 - accuracy: 0.3476
98/98 [==============================] - 1s 14ms/step - loss: 1.8678 - accuracy: 0.3477 - val_loss: 1.6415 - val_accuracy: 0.4205
Epoch 12/132

 1/98 [..............................] - ETA: 3s - loss: 1.7600 - accuracy: 0.3906
 7/98 [=>............................] - ETA: 0s - loss: 1.8197 - accuracy: 0.3658
13/98 [==>...........................] - ETA: 0s - loss: 1.8351 - accuracy: 0.3579
20/98 [=====>........................] - ETA: 0s - loss: 1.8408 - accuracy: 0.3559
26/98 [======>.......................] - ETA: 0s - loss: 1.8437 - accuracy: 0.3550
32/98 [========>.....................] - ETA: 0s - loss: 1.8478 - accuracy: 0.3534
38/98 [==========>...................] - ETA: 0s - loss: 1.8496 - accuracy: 0.3534
45/98 [============>.................] - ETA: 0s - loss: 1.8448 - accuracy: 0.3550
51/98 [==============>...............] - ETA: 0s - loss: 1.8467 - accuracy: 0.3542
58/98 [================>.............] - ETA: 0s - loss: 1.8441 - accuracy: 0.3540
65/98 [==================>...........] - ETA: 0s - loss: 1.8469 - accuracy: 0.3537
71/98 [====================>.........] - ETA: 0s - loss: 1.8462 - accuracy: 0.3539
78/98 [======================>.......] - ETA: 0s - loss: 1.8436 - accuracy: 0.3549
84/98 [========================>.....] - ETA: 0s - loss: 1.8418 - accuracy: 0.3548
91/98 [==========================>...] - ETA: 0s - loss: 1.8417 - accuracy: 0.3550
97/98 [============================>.] - ETA: 0s - loss: 1.8397 - accuracy: 0.3557
98/98 [==============================] - 1s 14ms/step - loss: 1.8394 - accuracy: 0.3557 - val_loss: 1.6214 - val_accuracy: 0.4262
Epoch 13/132

 1/98 [..............................] - ETA: 3s - loss: 1.8370 - accuracy: 0.3477
 8/98 [=>............................] - ETA: 0s - loss: 1.8355 - accuracy: 0.3630
14/98 [===>..........................] - ETA: 0s - loss: 1.8253 - accuracy: 0.3671
21/98 [=====>........................] - ETA: 0s - loss: 1.8208 - accuracy: 0.3663
28/98 [=======>......................] - ETA: 0s - loss: 1.8160 - accuracy: 0.3673
34/98 [=========>....................] - ETA: 0s - loss: 1.8213 - accuracy: 0.3639
40/98 [===========>..................] - ETA: 0s - loss: 1.8204 - accuracy: 0.3633
46/98 [=============>................] - ETA: 0s - loss: 1.8202 - accuracy: 0.3621
52/98 [==============>...............] - ETA: 0s - loss: 1.8176 - accuracy: 0.3631
58/98 [================>.............] - ETA: 0s - loss: 1.8182 - accuracy: 0.3632
65/98 [==================>...........] - ETA: 0s - loss: 1.8173 - accuracy: 0.3641
72/98 [=====================>........] - ETA: 0s - loss: 1.8170 - accuracy: 0.3637
78/98 [======================>.......] - ETA: 0s - loss: 1.8138 - accuracy: 0.3651
84/98 [========================>.....] - ETA: 0s - loss: 1.8157 - accuracy: 0.3644
90/98 [==========================>...] - ETA: 0s - loss: 1.8112 - accuracy: 0.3655
97/98 [============================>.] - ETA: 0s - loss: 1.8120 - accuracy: 0.3660
98/98 [==============================] - 1s 14ms/step - loss: 1.8132 - accuracy: 0.3655 - val_loss: 1.6025 - val_accuracy: 0.4316
Epoch 14/132

 1/98 [..............................] - ETA: 3s - loss: 1.7894 - accuracy: 0.3926
 8/98 [=>............................] - ETA: 0s - loss: 1.7930 - accuracy: 0.3813
14/98 [===>..........................] - ETA: 0s - loss: 1.7948 - accuracy: 0.3746
21/98 [=====>........................] - ETA: 0s - loss: 1.8000 - accuracy: 0.3686
27/98 [=======>......................] - ETA: 0s - loss: 1.7978 - accuracy: 0.3682
34/98 [=========>....................] - ETA: 0s - loss: 1.7992 - accuracy: 0.3680
40/98 [===========>..................] - ETA: 0s - loss: 1.7975 - accuracy: 0.3693
46/98 [=============>................] - ETA: 0s - loss: 1.8003 - accuracy: 0.3689
52/98 [==============>...............] - ETA: 0s - loss: 1.8004 - accuracy: 0.3670
59/98 [=================>............] - ETA: 0s - loss: 1.7986 - accuracy: 0.3677
65/98 [==================>...........] - ETA: 0s - loss: 1.7998 - accuracy: 0.3684
70/98 [====================>.........] - ETA: 0s - loss: 1.7974 - accuracy: 0.3691
77/98 [======================>.......] - ETA: 0s - loss: 1.7963 - accuracy: 0.3690
84/98 [========================>.....] - ETA: 0s - loss: 1.7965 - accuracy: 0.3692
91/98 [==========================>...] - ETA: 0s - loss: 1.7963 - accuracy: 0.3699
98/98 [==============================] - ETA: 0s - loss: 1.7933 - accuracy: 0.3705
98/98 [==============================] - 1s 14ms/step - loss: 1.7933 - accuracy: 0.3705 - val_loss: 1.5869 - val_accuracy: 0.4372
Epoch 15/132

 1/98 [..............................] - ETA: 0s - loss: 1.7526 - accuracy: 0.3848
 6/98 [>.............................] - ETA: 1s - loss: 1.7628 - accuracy: 0.3796
12/98 [==>...........................] - ETA: 0s - loss: 1.7780 - accuracy: 0.3789
18/98 [====>.........................] - ETA: 0s - loss: 1.7711 - accuracy: 0.3791
25/98 [======>.......................] - ETA: 0s - loss: 1.7771 - accuracy: 0.3803
31/98 [========>.....................] - ETA: 0s - loss: 1.7790 - accuracy: 0.3795
38/98 [==========>...................] - ETA: 0s - loss: 1.7775 - accuracy: 0.3770
44/98 [============>.................] - ETA: 0s - loss: 1.7770 - accuracy: 0.3774
50/98 [==============>...............] - ETA: 0s - loss: 1.7800 - accuracy: 0.3762
57/98 [================>.............] - ETA: 0s - loss: 1.7800 - accuracy: 0.3758
63/98 [==================>...........] - ETA: 0s - loss: 1.7774 - accuracy: 0.3763
69/98 [====================>.........] - ETA: 0s - loss: 1.7764 - accuracy: 0.3761
75/98 [=====================>........] - ETA: 0s - loss: 1.7757 - accuracy: 0.3758
81/98 [=======================>......] - ETA: 0s - loss: 1.7726 - accuracy: 0.3762
88/98 [=========================>....] - ETA: 0s - loss: 1.7716 - accuracy: 0.3777
95/98 [============================>.] - ETA: 0s - loss: 1.7679 - accuracy: 0.3790
98/98 [==============================] - 1s 14ms/step - loss: 1.7679 - accuracy: 0.3795 - val_loss: 1.5705 - val_accuracy: 0.4453
Epoch 16/132

 1/98 [..............................] - ETA: 2s - loss: 1.7561 - accuracy: 0.3516
 7/98 [=>............................] - ETA: 0s - loss: 1.7574 - accuracy: 0.3867
13/98 [==>...........................] - ETA: 0s - loss: 1.7518 - accuracy: 0.3851
19/98 [====>.........................] - ETA: 0s - loss: 1.7557 - accuracy: 0.3847
25/98 [======>.......................] - ETA: 0s - loss: 1.7610 - accuracy: 0.3823
31/98 [========>.....................] - ETA: 0s - loss: 1.7632 - accuracy: 0.3822
37/98 [==========>...................] - ETA: 0s - loss: 1.7652 - accuracy: 0.3808
42/98 [===========>..................] - ETA: 0s - loss: 1.7649 - accuracy: 0.3804
49/98 [==============>...............] - ETA: 0s - loss: 1.7661 - accuracy: 0.3813
55/98 [===============>..............] - ETA: 0s - loss: 1.7640 - accuracy: 0.3819
61/98 [=================>............] - ETA: 0s - loss: 1.7635 - accuracy: 0.3812
67/98 [===================>..........] - ETA: 0s - loss: 1.7606 - accuracy: 0.3819
73/98 [=====================>........] - ETA: 0s - loss: 1.7612 - accuracy: 0.3820
80/98 [=======================>......] - ETA: 0s - loss: 1.7583 - accuracy: 0.3832
86/98 [=========================>....] - ETA: 0s - loss: 1.7566 - accuracy: 0.3844
93/98 [===========================>..] - ETA: 0s - loss: 1.7558 - accuracy: 0.3849
98/98 [==============================] - 1s 14ms/step - loss: 1.7553 - accuracy: 0.3852 - val_loss: 1.5559 - val_accuracy: 0.4503
Epoch 17/132

 1/98 [..............................] - ETA: 1s - loss: 1.7558 - accuracy: 0.3984
 7/98 [=>............................] - ETA: 0s - loss: 1.7387 - accuracy: 0.3887
13/98 [==>...........................] - ETA: 0s - loss: 1.7421 - accuracy: 0.3810
18/98 [====>.........................] - ETA: 0s - loss: 1.7370 - accuracy: 0.3827
25/98 [======>.......................] - ETA: 0s - loss: 1.7354 - accuracy: 0.3822
31/98 [========>.....................] - ETA: 0s - loss: 1.7367 - accuracy: 0.3832
38/98 [==========>...................] - ETA: 0s - loss: 1.7373 - accuracy: 0.3844
44/98 [============>.................] - ETA: 0s - loss: 1.7397 - accuracy: 0.3841
51/98 [==============>...............] - ETA: 0s - loss: 1.7356 - accuracy: 0.3860
58/98 [================>.............] - ETA: 0s - loss: 1.7388 - accuracy: 0.3854
64/98 [==================>...........] - ETA: 0s - loss: 1.7385 - accuracy: 0.3864
69/98 [====================>.........] - ETA: 0s - loss: 1.7385 - accuracy: 0.3870
75/98 [=====================>........] - ETA: 0s - loss: 1.7398 - accuracy: 0.3864
81/98 [=======================>......] - ETA: 0s - loss: 1.7404 - accuracy: 0.3867
88/98 [=========================>....] - ETA: 0s - loss: 1.7392 - accuracy: 0.3871
94/98 [===========================>..] - ETA: 0s - loss: 1.7392 - accuracy: 0.3876
98/98 [==============================] - 1s 14ms/step - loss: 1.7384 - accuracy: 0.3881 - val_loss: 1.5421 - val_accuracy: 0.4559
Epoch 18/132

 1/98 [..............................] - ETA: 3s - loss: 1.7370 - accuracy: 0.3672
 7/98 [=>............................] - ETA: 0s - loss: 1.7290 - accuracy: 0.3923
14/98 [===>..........................] - ETA: 0s - loss: 1.7260 - accuracy: 0.3956
20/98 [=====>........................] - ETA: 0s - loss: 1.7233 - accuracy: 0.3943
27/98 [=======>......................] - ETA: 0s - loss: 1.7238 - accuracy: 0.3937
34/98 [=========>....................] - ETA: 0s - loss: 1.7240 - accuracy: 0.3917
40/98 [===========>..................] - ETA: 0s - loss: 1.7270 - accuracy: 0.3910
47/98 [=============>................] - ETA: 0s - loss: 1.7232 - accuracy: 0.3918
53/98 [===============>..............] - ETA: 0s - loss: 1.7209 - accuracy: 0.3929
60/98 [=================>............] - ETA: 0s - loss: 1.7196 - accuracy: 0.3939
67/98 [===================>..........] - ETA: 0s - loss: 1.7222 - accuracy: 0.3937
73/98 [=====================>........] - ETA: 0s - loss: 1.7241 - accuracy: 0.3931
79/98 [=======================>......] - ETA: 0s - loss: 1.7232 - accuracy: 0.3926
85/98 [=========================>....] - ETA: 0s - loss: 1.7217 - accuracy: 0.3929
90/98 [==========================>...] - ETA: 0s - loss: 1.7211 - accuracy: 0.3931
97/98 [============================>.] - ETA: 0s - loss: 1.7214 - accuracy: 0.3936
98/98 [==============================] - 1s 14ms/step - loss: 1.7214 - accuracy: 0.3938 - val_loss: 1.5295 - val_accuracy: 0.4625
Epoch 19/132

 1/98 [..............................] - ETA: 1s - loss: 1.7129 - accuracy: 0.3887
 6/98 [>.............................] - ETA: 1s - loss: 1.7324 - accuracy: 0.3828
12/98 [==>...........................] - ETA: 0s - loss: 1.7324 - accuracy: 0.3840
18/98 [====>.........................] - ETA: 0s - loss: 1.7214 - accuracy: 0.3908
24/98 [======>.......................] - ETA: 0s - loss: 1.7215 - accuracy: 0.3927
31/98 [========>.....................] - ETA: 0s - loss: 1.7281 - accuracy: 0.3939
38/98 [==========>...................] - ETA: 0s - loss: 1.7225 - accuracy: 0.3959
44/98 [============>.................] - ETA: 0s - loss: 1.7159 - accuracy: 0.3976
50/98 [==============>...............] - ETA: 0s - loss: 1.7134 - accuracy: 0.3979
57/98 [================>.............] - ETA: 0s - loss: 1.7086 - accuracy: 0.3990
63/98 [==================>...........] - ETA: 0s - loss: 1.7053 - accuracy: 0.4007
69/98 [====================>.........] - ETA: 0s - loss: 1.7041 - accuracy: 0.4017
75/98 [=====================>........] - ETA: 0s - loss: 1.7043 - accuracy: 0.4021
82/98 [========================>.....] - ETA: 0s - loss: 1.7041 - accuracy: 0.4021
88/98 [=========================>....] - ETA: 0s - loss: 1.7030 - accuracy: 0.4025
95/98 [============================>.] - ETA: 0s - loss: 1.7037 - accuracy: 0.4021
98/98 [==============================] - 1s 14ms/step - loss: 1.7026 - accuracy: 0.4025 - val_loss: 1.5178 - val_accuracy: 0.4672
Epoch 20/132

 1/98 [..............................] - ETA: 3s - loss: 1.6297 - accuracy: 0.4453
 7/98 [=>............................] - ETA: 0s - loss: 1.6913 - accuracy: 0.4093
13/98 [==>...........................] - ETA: 0s - loss: 1.6951 - accuracy: 0.4127
20/98 [=====>........................] - ETA: 0s - loss: 1.6962 - accuracy: 0.4119
27/98 [=======>......................] - ETA: 0s - loss: 1.6932 - accuracy: 0.4107
33/98 [=========>....................] - ETA: 0s - loss: 1.6949 - accuracy: 0.4090
39/98 [==========>...................] - ETA: 0s - loss: 1.6947 - accuracy: 0.4084
46/98 [=============>................] - ETA: 0s - loss: 1.6954 - accuracy: 0.4081
52/98 [==============>...............] - ETA: 0s - loss: 1.6951 - accuracy: 0.4083
59/98 [=================>............] - ETA: 0s - loss: 1.6950 - accuracy: 0.4077
66/98 [===================>..........] - ETA: 0s - loss: 1.6906 - accuracy: 0.4087
72/98 [=====================>........] - ETA: 0s - loss: 1.6900 - accuracy: 0.4087
78/98 [======================>.......] - ETA: 0s - loss: 1.6880 - accuracy: 0.4083
84/98 [========================>.....] - ETA: 0s - loss: 1.6882 - accuracy: 0.4085
90/98 [==========================>...] - ETA: 0s - loss: 1.6890 - accuracy: 0.4082
97/98 [============================>.] - ETA: 0s - loss: 1.6878 - accuracy: 0.4086
98/98 [==============================] - 1s 14ms/step - loss: 1.6880 - accuracy: 0.4087 - val_loss: 1.5063 - val_accuracy: 0.4714
Epoch 21/132

 1/98 [..............................] - ETA: 3s - loss: 1.7424 - accuracy: 0.3867
 7/98 [=>............................] - ETA: 0s - loss: 1.6941 - accuracy: 0.4068
13/98 [==>...........................] - ETA: 0s - loss: 1.6740 - accuracy: 0.4111
19/98 [====>.........................] - ETA: 0s - loss: 1.6883 - accuracy: 0.4059
26/98 [======>.......................] - ETA: 0s - loss: 1.6881 - accuracy: 0.4078
33/98 [=========>....................] - ETA: 0s - loss: 1.6861 - accuracy: 0.4086
40/98 [===========>..................] - ETA: 0s - loss: 1.6864 - accuracy: 0.4099
46/98 [=============>................] - ETA: 0s - loss: 1.6899 - accuracy: 0.4080
53/98 [===============>..............] - ETA: 0s - loss: 1.6843 - accuracy: 0.4094
60/98 [=================>............] - ETA: 0s - loss: 1.6843 - accuracy: 0.4099
66/98 [===================>..........] - ETA: 0s - loss: 1.6845 - accuracy: 0.4096
72/98 [=====================>........] - ETA: 0s - loss: 1.6867 - accuracy: 0.4078
78/98 [======================>.......] - ETA: 0s - loss: 1.6853 - accuracy: 0.4081
84/98 [========================>.....] - ETA: 0s - loss: 1.6821 - accuracy: 0.4086
90/98 [==========================>...] - ETA: 0s - loss: 1.6816 - accuracy: 0.4088
97/98 [============================>.] - ETA: 0s - loss: 1.6816 - accuracy: 0.4083
98/98 [==============================] - 1s 14ms/step - loss: 1.6810 - accuracy: 0.4085 - val_loss: 1.4953 - val_accuracy: 0.4752
Epoch 22/132

 1/98 [..............................] - ETA: 1s - loss: 1.6370 - accuracy: 0.4258
 7/98 [=>............................] - ETA: 0s - loss: 1.6438 - accuracy: 0.4113
13/98 [==>...........................] - ETA: 0s - loss: 1.6336 - accuracy: 0.4133
19/98 [====>.........................] - ETA: 0s - loss: 1.6399 - accuracy: 0.4128
25/98 [======>.......................] - ETA: 0s - loss: 1.6444 - accuracy: 0.4128
31/98 [========>.....................] - ETA: 0s - loss: 1.6493 - accuracy: 0.4155
37/98 [==========>...................] - ETA: 0s - loss: 1.6461 - accuracy: 0.4175
44/98 [============>.................] - ETA: 0s - loss: 1.6531 - accuracy: 0.4164
51/98 [==============>...............] - ETA: 0s - loss: 1.6555 - accuracy: 0.4165
57/98 [================>.............] - ETA: 0s - loss: 1.6557 - accuracy: 0.4163
64/98 [==================>...........] - ETA: 0s - loss: 1.6580 - accuracy: 0.4153
70/98 [====================>.........] - ETA: 0s - loss: 1.6582 - accuracy: 0.4152
77/98 [======================>.......] - ETA: 0s - loss: 1.6578 - accuracy: 0.4154
83/98 [========================>.....] - ETA: 0s - loss: 1.6569 - accuracy: 0.4166
89/98 [==========================>...] - ETA: 0s - loss: 1.6579 - accuracy: 0.4164
96/98 [============================>.] - ETA: 0s - loss: 1.6579 - accuracy: 0.4162
98/98 [==============================] - 1s 14ms/step - loss: 1.6593 - accuracy: 0.4159 - val_loss: 1.4853 - val_accuracy: 0.4789
Epoch 23/132

 1/98 [..............................] - ETA: 1s - loss: 1.6310 - accuracy: 0.4355
 7/98 [=>............................] - ETA: 0s - loss: 1.6684 - accuracy: 0.4213
13/98 [==>...........................] - ETA: 0s - loss: 1.6636 - accuracy: 0.4195
19/98 [====>.........................] - ETA: 0s - loss: 1.6561 - accuracy: 0.4212
25/98 [======>.......................] - ETA: 0s - loss: 1.6589 - accuracy: 0.4216
32/98 [========>.....................] - ETA: 0s - loss: 1.6598 - accuracy: 0.4207
39/98 [==========>...................] - ETA: 0s - loss: 1.6562 - accuracy: 0.4204
45/98 [============>.................] - ETA: 0s - loss: 1.6580 - accuracy: 0.4184
52/98 [==============>...............] - ETA: 0s - loss: 1.6601 - accuracy: 0.4180
59/98 [=================>............] - ETA: 0s - loss: 1.6606 - accuracy: 0.4175
65/98 [==================>...........] - ETA: 0s - loss: 1.6554 - accuracy: 0.4198
72/98 [=====================>........] - ETA: 0s - loss: 1.6543 - accuracy: 0.4204
79/98 [=======================>......] - ETA: 0s - loss: 1.6553 - accuracy: 0.4193
85/98 [=========================>....] - ETA: 0s - loss: 1.6514 - accuracy: 0.4199
91/98 [==========================>...] - ETA: 0s - loss: 1.6497 - accuracy: 0.4201
97/98 [============================>.] - ETA: 0s - loss: 1.6492 - accuracy: 0.4200
98/98 [==============================] - 1s 14ms/step - loss: 1.6489 - accuracy: 0.4202 - val_loss: 1.4767 - val_accuracy: 0.4828
Epoch 24/132

 1/98 [..............................] - ETA: 3s - loss: 1.5643 - accuracy: 0.4375
 7/98 [=>............................] - ETA: 0s - loss: 1.6208 - accuracy: 0.4294
13/98 [==>...........................] - ETA: 0s - loss: 1.6382 - accuracy: 0.4243
19/98 [====>.........................] - ETA: 0s - loss: 1.6506 - accuracy: 0.4189
25/98 [======>.......................] - ETA: 0s - loss: 1.6482 - accuracy: 0.4218
31/98 [========>.....................] - ETA: 0s - loss: 1.6399 - accuracy: 0.4248
38/98 [==========>...................] - ETA: 0s - loss: 1.6350 - accuracy: 0.4251
45/98 [============>.................] - ETA: 0s - loss: 1.6356 - accuracy: 0.4243
51/98 [==============>...............] - ETA: 0s - loss: 1.6352 - accuracy: 0.4249
57/98 [================>.............] - ETA: 0s - loss: 1.6320 - accuracy: 0.4265
64/98 [==================>...........] - ETA: 0s - loss: 1.6330 - accuracy: 0.4261
70/98 [====================>.........] - ETA: 0s - loss: 1.6367 - accuracy: 0.4246
77/98 [======================>.......] - ETA: 0s - loss: 1.6385 - accuracy: 0.4245
83/98 [========================>.....] - ETA: 0s - loss: 1.6385 - accuracy: 0.4243
89/98 [==========================>...] - ETA: 0s - loss: 1.6377 - accuracy: 0.4237
95/98 [============================>.] - ETA: 0s - loss: 1.6376 - accuracy: 0.4245
98/98 [==============================] - 1s 14ms/step - loss: 1.6377 - accuracy: 0.4246 - val_loss: 1.4673 - val_accuracy: 0.4858
Epoch 25/132

 1/98 [..............................] - ETA: 1s - loss: 1.6541 - accuracy: 0.4238
 7/98 [=>............................] - ETA: 0s - loss: 1.6205 - accuracy: 0.4403
13/98 [==>...........................] - ETA: 0s - loss: 1.6430 - accuracy: 0.4274
19/98 [====>.........................] - ETA: 0s - loss: 1.6402 - accuracy: 0.4267
25/98 [======>.......................] - ETA: 0s - loss: 1.6420 - accuracy: 0.4239
31/98 [========>.....................] - ETA: 0s - loss: 1.6307 - accuracy: 0.4241
38/98 [==========>...................] - ETA: 0s - loss: 1.6241 - accuracy: 0.4275
44/98 [============>.................] - ETA: 0s - loss: 1.6243 - accuracy: 0.4283
51/98 [==============>...............] - ETA: 0s - loss: 1.6269 - accuracy: 0.4285
57/98 [================>.............] - ETA: 0s - loss: 1.6251 - accuracy: 0.4289
64/98 [==================>...........] - ETA: 0s - loss: 1.6239 - accuracy: 0.4279
71/98 [====================>.........] - ETA: 0s - loss: 1.6233 - accuracy: 0.4285
77/98 [======================>.......] - ETA: 0s - loss: 1.6243 - accuracy: 0.4279
84/98 [========================>.....] - ETA: 0s - loss: 1.6259 - accuracy: 0.4272
90/98 [==========================>...] - ETA: 0s - loss: 1.6257 - accuracy: 0.4270
96/98 [============================>.] - ETA: 0s - loss: 1.6237 - accuracy: 0.4280
98/98 [==============================] - 1s 14ms/step - loss: 1.6247 - accuracy: 0.4277 - val_loss: 1.4593 - val_accuracy: 0.4889
Epoch 26/132

 1/98 [..............................] - ETA: 1s - loss: 1.5757 - accuracy: 0.4355
 7/98 [=>............................] - ETA: 0s - loss: 1.6156 - accuracy: 0.4339
14/98 [===>..........................] - ETA: 0s - loss: 1.6257 - accuracy: 0.4311
20/98 [=====>........................] - ETA: 0s - loss: 1.6239 - accuracy: 0.4319
26/98 [======>.......................] - ETA: 0s - loss: 1.6141 - accuracy: 0.4362
33/98 [=========>....................] - ETA: 0s - loss: 1.6165 - accuracy: 0.4348
