2024-06-26 04:10:49.991279: I tensorflow/core/platform/cpu_feature_guard.cc:193] This TensorFlow binary is optimized with oneAPI Deep Neural Network Library (oneDNN) to use the following CPU instructions in performance-critical operations:  AVX AVX2
To enable them in other operations, rebuild TensorFlow with the appropriate compiler flags.
2024-06-26 04:10:50.445214: I tensorflow/core/common_runtime/gpu/gpu_device.cc:1616] Created device /job:localhost/replica:0/task:0/device:GPU:0 with 6656 MB memory:  -> device: 0, name: NVIDIA GeForce RTX 4060 Ti, pci bus id: 0000:01:00.0, compute capability: 8.9
1 Physical GPUs, 1 Logical GPUs
Model: "sequential"
_________________________________________________________________
 Layer (type)                Output Shape              Param #   
=================================================================
 conv2d (Conv2D)             (None, 32, 32, 32)        896       
                                                                 
 max_pooling2d (MaxPooling2D  (None, 16, 16, 32)       0         
 )                                                               
                                                                 
 batch_normalization (BatchN  (None, 16, 16, 32)       128       
 ormalization)                                                   
                                                                 
 dropout (Dropout)           (None, 16, 16, 32)        0         
                                                                 
 flatten (Flatten)           (None, 8192)              0         
                                                                 
 dense (Dense)               (None, 10)                81930     
                                                                 
=================================================================
Total params: 82,954
Trainable params: 82,890
Non-trainable params: 64
_________________________________________________________________
Taxa de aprendizado:  1e-05 Num de épocas:  132 Tamanho do lote:  512 Dropout:  0.41872
Epoch 1/132
2024-06-26 04:10:51.498893: I tensorflow/stream_executor/cuda/cuda_dnn.cc:384] Loaded cuDNN version 8100
2024-06-26 04:10:52.135103: W tensorflow/stream_executor/gpu/redzone_allocator.cc:314] INTERNAL: ptxas exited with non-zero error code -1, output: 
Relying on driver to perform ptx compilation. 
Modify $PATH to customize ptxas location.
This message will be only logged once.
2024-06-26 04:10:52.770338: I tensorflow/stream_executor/cuda/cuda_blas.cc:1614] TensorFloat-32 will be used for the matrix multiplication. This will only be logged once.

 1/98 [..............................] - ETA: 3:34 - loss: 3.1052 - accuracy: 0.0801
 7/98 [=>............................] - ETA: 0s - loss: 3.0783 - accuracy: 0.0910  
13/98 [==>...........................] - ETA: 0s - loss: 3.0539 - accuracy: 0.0944
19/98 [====>.........................] - ETA: 0s - loss: 3.0325 - accuracy: 0.0952
25/98 [======>.......................] - ETA: 0s - loss: 3.0125 - accuracy: 0.0984
31/98 [========>.....................] - ETA: 0s - loss: 2.9910 - accuracy: 0.0990
38/98 [==========>...................] - ETA: 0s - loss: 2.9691 - accuracy: 0.1028
42/98 [===========>..................] - ETA: 0s - loss: 2.9594 - accuracy: 0.1033
49/98 [==============>...............] - ETA: 0s - loss: 2.9394 - accuracy: 0.1054
55/98 [===============>..............] - ETA: 0s - loss: 2.9262 - accuracy: 0.1064
62/98 [=================>............] - ETA: 0s - loss: 2.9082 - accuracy: 0.1095
69/98 [====================>.........] - ETA: 0s - loss: 2.8911 - accuracy: 0.1114
76/98 [======================>.......] - ETA: 0s - loss: 2.8708 - accuracy: 0.1150
83/98 [========================>.....] - ETA: 0s - loss: 2.8533 - accuracy: 0.1179
90/98 [==========================>...] - ETA: 0s - loss: 2.8357 - accuracy: 0.1204
96/98 [============================>.] - ETA: 0s - loss: 2.8210 - accuracy: 0.1225
98/98 [==============================] - 4s 16ms/step - loss: 2.8170 - accuracy: 0.1230 - val_loss: 2.2640 - val_accuracy: 0.1561
Epoch 2/132

 1/98 [..............................] - ETA: 3s - loss: 2.6581 - accuracy: 0.1328
 6/98 [>.............................] - ETA: 1s - loss: 2.5889 - accuracy: 0.1595
12/98 [==>...........................] - ETA: 0s - loss: 2.5679 - accuracy: 0.1635
18/98 [====>.........................] - ETA: 0s - loss: 2.5569 - accuracy: 0.1671
24/98 [======>.......................] - ETA: 0s - loss: 2.5559 - accuracy: 0.1674
29/98 [=======>......................] - ETA: 0s - loss: 2.5553 - accuracy: 0.1682
35/98 [=========>....................] - ETA: 0s - loss: 2.5469 - accuracy: 0.1706
41/98 [===========>..................] - ETA: 0s - loss: 2.5383 - accuracy: 0.1728
47/98 [=============>................] - ETA: 0s - loss: 2.5298 - accuracy: 0.1743
53/98 [===============>..............] - ETA: 0s - loss: 2.5199 - accuracy: 0.1768
59/98 [=================>............] - ETA: 0s - loss: 2.5173 - accuracy: 0.1763
64/98 [==================>...........] - ETA: 0s - loss: 2.5138 - accuracy: 0.1777
70/98 [====================>.........] - ETA: 0s - loss: 2.5074 - accuracy: 0.1796
76/98 [======================>.......] - ETA: 0s - loss: 2.5042 - accuracy: 0.1801
82/98 [========================>.....] - ETA: 0s - loss: 2.5014 - accuracy: 0.1800
88/98 [=========================>....] - ETA: 0s - loss: 2.4944 - accuracy: 0.1818
94/98 [===========================>..] - ETA: 0s - loss: 2.4916 - accuracy: 0.1826
98/98 [==============================] - 1s 15ms/step - loss: 2.4877 - accuracy: 0.1831 - val_loss: 2.1939 - val_accuracy: 0.2169
Epoch 3/132

 1/98 [..............................] - ETA: 1s - loss: 2.4106 - accuracy: 0.1973
 7/98 [=>............................] - ETA: 0s - loss: 2.3648 - accuracy: 0.2146
14/98 [===>..........................] - ETA: 0s - loss: 2.3554 - accuracy: 0.2158
20/98 [=====>........................] - ETA: 0s - loss: 2.3547 - accuracy: 0.2155
26/98 [======>.......................] - ETA: 0s - loss: 2.3518 - accuracy: 0.2161
32/98 [========>.....................] - ETA: 0s - loss: 2.3568 - accuracy: 0.2161
39/98 [==========>...................] - ETA: 0s - loss: 2.3534 - accuracy: 0.2165
45/98 [============>.................] - ETA: 0s - loss: 2.3518 - accuracy: 0.2164
52/98 [==============>...............] - ETA: 0s - loss: 2.3512 - accuracy: 0.2176
59/98 [=================>............] - ETA: 0s - loss: 2.3479 - accuracy: 0.2165
65/98 [==================>...........] - ETA: 0s - loss: 2.3455 - accuracy: 0.2177
72/98 [=====================>........] - ETA: 0s - loss: 2.3407 - accuracy: 0.2184
79/98 [=======================>......] - ETA: 0s - loss: 2.3402 - accuracy: 0.2180
86/98 [=========================>....] - ETA: 0s - loss: 2.3342 - accuracy: 0.2191
92/98 [===========================>..] - ETA: 0s - loss: 2.3342 - accuracy: 0.2196
98/98 [==============================] - 1s 14ms/step - loss: 2.3297 - accuracy: 0.2210 - val_loss: 2.1069 - val_accuracy: 0.2622
Epoch 4/132

 1/98 [..............................] - ETA: 3s - loss: 2.3711 - accuracy: 0.1914
 7/98 [=>............................] - ETA: 0s - loss: 2.3129 - accuracy: 0.2218
14/98 [===>..........................] - ETA: 0s - loss: 2.3021 - accuracy: 0.2243
20/98 [=====>........................] - ETA: 0s - loss: 2.2856 - accuracy: 0.2296
25/98 [======>.......................] - ETA: 0s - loss: 2.2801 - accuracy: 0.2323
32/98 [========>.....................] - ETA: 0s - loss: 2.2815 - accuracy: 0.2330
38/98 [==========>...................] - ETA: 0s - loss: 2.2761 - accuracy: 0.2337
45/98 [============>.................] - ETA: 0s - loss: 2.2661 - accuracy: 0.2356
51/98 [==============>...............] - ETA: 0s - loss: 2.2587 - accuracy: 0.2367
58/98 [================>.............] - ETA: 0s - loss: 2.2542 - accuracy: 0.2373
64/98 [==================>...........] - ETA: 0s - loss: 2.2495 - accuracy: 0.2390
71/98 [====================>.........] - ETA: 0s - loss: 2.2428 - accuracy: 0.2410
78/98 [======================>.......] - ETA: 0s - loss: 2.2396 - accuracy: 0.2420
84/98 [========================>.....] - ETA: 0s - loss: 2.2384 - accuracy: 0.2426
90/98 [==========================>...] - ETA: 0s - loss: 2.2375 - accuracy: 0.2438
96/98 [============================>.] - ETA: 0s - loss: 2.2357 - accuracy: 0.2448
98/98 [==============================] - 1s 14ms/step - loss: 2.2350 - accuracy: 0.2450 - val_loss: 2.0130 - val_accuracy: 0.2951
Epoch 5/132

 1/98 [..............................] - ETA: 3s - loss: 2.1671 - accuracy: 0.2461
 8/98 [=>............................] - ETA: 0s - loss: 2.1819 - accuracy: 0.2622
14/98 [===>..........................] - ETA: 0s - loss: 2.1816 - accuracy: 0.2590
21/98 [=====>........................] - ETA: 0s - loss: 2.1750 - accuracy: 0.2619
27/98 [=======>......................] - ETA: 0s - loss: 2.1749 - accuracy: 0.2609
34/98 [=========>....................] - ETA: 0s - loss: 2.1780 - accuracy: 0.2609
40/98 [===========>..................] - ETA: 0s - loss: 2.1812 - accuracy: 0.2607
47/98 [=============>................] - ETA: 0s - loss: 2.1769 - accuracy: 0.2628
53/98 [===============>..............] - ETA: 0s - loss: 2.1727 - accuracy: 0.2645
59/98 [=================>............] - ETA: 0s - loss: 2.1732 - accuracy: 0.2648
65/98 [==================>...........] - ETA: 0s - loss: 2.1744 - accuracy: 0.2640
70/98 [====================>.........] - ETA: 0s - loss: 2.1733 - accuracy: 0.2648
76/98 [======================>.......] - ETA: 0s - loss: 2.1695 - accuracy: 0.2664
83/98 [========================>.....] - ETA: 0s - loss: 2.1675 - accuracy: 0.2665
89/98 [==========================>...] - ETA: 0s - loss: 2.1652 - accuracy: 0.2669
96/98 [============================>.] - ETA: 0s - loss: 2.1595 - accuracy: 0.2682
98/98 [==============================] - 1s 14ms/step - loss: 2.1586 - accuracy: 0.2683 - val_loss: 1.9268 - val_accuracy: 0.3232
Epoch 6/132

 1/98 [..............................] - ETA: 1s - loss: 2.0759 - accuracy: 0.2891
 6/98 [>.............................] - ETA: 1s - loss: 2.0979 - accuracy: 0.2845
12/98 [==>...........................] - ETA: 0s - loss: 2.1091 - accuracy: 0.2814
18/98 [====>.........................] - ETA: 0s - loss: 2.1193 - accuracy: 0.2810
25/98 [======>.......................] - ETA: 0s - loss: 2.1199 - accuracy: 0.2816
32/98 [========>.....................] - ETA: 0s - loss: 2.1214 - accuracy: 0.2794
38/98 [==========>...................] - ETA: 0s - loss: 2.1174 - accuracy: 0.2816
45/98 [============>.................] - ETA: 0s - loss: 2.1162 - accuracy: 0.2812
51/98 [==============>...............] - ETA: 0s - loss: 2.1147 - accuracy: 0.2813
58/98 [================>.............] - ETA: 0s - loss: 2.1079 - accuracy: 0.2829
64/98 [==================>...........] - ETA: 0s - loss: 2.1079 - accuracy: 0.2830
71/98 [====================>.........] - ETA: 0s - loss: 2.1062 - accuracy: 0.2830
77/98 [======================>.......] - ETA: 0s - loss: 2.1060 - accuracy: 0.2837
84/98 [========================>.....] - ETA: 0s - loss: 2.1038 - accuracy: 0.2842
90/98 [==========================>...] - ETA: 0s - loss: 2.1017 - accuracy: 0.2847
97/98 [============================>.] - ETA: 0s - loss: 2.1011 - accuracy: 0.2849
98/98 [==============================] - 1s 14ms/step - loss: 2.1001 - accuracy: 0.2852 - val_loss: 1.8562 - val_accuracy: 0.3461
Epoch 7/132

 1/98 [..............................] - ETA: 3s - loss: 1.9813 - accuracy: 0.3301
 8/98 [=>............................] - ETA: 0s - loss: 2.0331 - accuracy: 0.2947
15/98 [===>..........................] - ETA: 0s - loss: 2.0611 - accuracy: 0.2888
21/98 [=====>........................] - ETA: 0s - loss: 2.0746 - accuracy: 0.2884
27/98 [=======>......................] - ETA: 0s - loss: 2.0782 - accuracy: 0.2880
33/98 [=========>....................] - ETA: 0s - loss: 2.0748 - accuracy: 0.2889
40/98 [===========>..................] - ETA: 0s - loss: 2.0713 - accuracy: 0.2893
46/98 [=============>................] - ETA: 0s - loss: 2.0737 - accuracy: 0.2903
53/98 [===============>..............] - ETA: 0s - loss: 2.0748 - accuracy: 0.2901
59/98 [=================>............] - ETA: 0s - loss: 2.0712 - accuracy: 0.2912
66/98 [===================>..........] - ETA: 0s - loss: 2.0724 - accuracy: 0.2908
72/98 [=====================>........] - ETA: 0s - loss: 2.0674 - accuracy: 0.2925
78/98 [======================>.......] - ETA: 0s - loss: 2.0662 - accuracy: 0.2930
84/98 [========================>.....] - ETA: 0s - loss: 2.0641 - accuracy: 0.2941
91/98 [==========================>...] - ETA: 0s - loss: 2.0644 - accuracy: 0.2931
98/98 [==============================] - ETA: 0s - loss: 2.0627 - accuracy: 0.2939
98/98 [==============================] - 1s 14ms/step - loss: 2.0627 - accuracy: 0.2939 - val_loss: 1.8038 - val_accuracy: 0.3653
Epoch 8/132

 1/98 [..............................] - ETA: 1s - loss: 2.0883 - accuracy: 0.2910
 6/98 [>.............................] - ETA: 1s - loss: 2.0537 - accuracy: 0.2972
12/98 [==>...........................] - ETA: 0s - loss: 2.0547 - accuracy: 0.2987
18/98 [====>.........................] - ETA: 0s - loss: 2.0352 - accuracy: 0.3061
25/98 [======>.......................] - ETA: 0s - loss: 2.0313 - accuracy: 0.3064
31/98 [========>.....................] - ETA: 0s - loss: 2.0284 - accuracy: 0.3053
37/98 [==========>...................] - ETA: 0s - loss: 2.0328 - accuracy: 0.3047
43/98 [============>.................] - ETA: 0s - loss: 2.0310 - accuracy: 0.3057
50/98 [==============>...............] - ETA: 0s - loss: 2.0260 - accuracy: 0.3074
57/98 [================>.............] - ETA: 0s - loss: 2.0211 - accuracy: 0.3088
63/98 [==================>...........] - ETA: 0s - loss: 2.0199 - accuracy: 0.3093
70/98 [====================>.........] - ETA: 0s - loss: 2.0184 - accuracy: 0.3105
77/98 [======================>.......] - ETA: 0s - loss: 2.0169 - accuracy: 0.3104
83/98 [========================>.....] - ETA: 0s - loss: 2.0162 - accuracy: 0.3113
90/98 [==========================>...] - ETA: 0s - loss: 2.0151 - accuracy: 0.3116
96/98 [============================>.] - ETA: 0s - loss: 2.0139 - accuracy: 0.3117
98/98 [==============================] - 1s 14ms/step - loss: 2.0131 - accuracy: 0.3123 - val_loss: 1.7619 - val_accuracy: 0.3792
Epoch 9/132

 1/98 [..............................] - ETA: 3s - loss: 2.0157 - accuracy: 0.3086
 7/98 [=>............................] - ETA: 0s - loss: 1.9965 - accuracy: 0.3128
13/98 [==>...........................] - ETA: 0s - loss: 1.9988 - accuracy: 0.3182
20/98 [=====>........................] - ETA: 0s - loss: 1.9878 - accuracy: 0.3217
26/98 [======>.......................] - ETA: 0s - loss: 1.9868 - accuracy: 0.3190
33/98 [=========>....................] - ETA: 0s - loss: 1.9870 - accuracy: 0.3184
39/98 [==========>...................] - ETA: 0s - loss: 1.9815 - accuracy: 0.3195
46/98 [=============>................] - ETA: 0s - loss: 1.9789 - accuracy: 0.3212
52/98 [==============>...............] - ETA: 0s - loss: 1.9772 - accuracy: 0.3222
59/98 [=================>............] - ETA: 0s - loss: 1.9800 - accuracy: 0.3233
66/98 [===================>..........] - ETA: 0s - loss: 1.9772 - accuracy: 0.3238
72/98 [=====================>........] - ETA: 0s - loss: 1.9747 - accuracy: 0.3247
79/98 [=======================>......] - ETA: 0s - loss: 1.9734 - accuracy: 0.3252
86/98 [=========================>....] - ETA: 0s - loss: 1.9711 - accuracy: 0.3260
92/98 [===========================>..] - ETA: 0s - loss: 1.9722 - accuracy: 0.3247
98/98 [==============================] - ETA: 0s - loss: 1.9735 - accuracy: 0.3243
98/98 [==============================] - 1s 14ms/step - loss: 1.9735 - accuracy: 0.3243 - val_loss: 1.7289 - val_accuracy: 0.3886
Epoch 10/132

 1/98 [..............................] - ETA: 1s - loss: 1.9736 - accuracy: 0.3105
 6/98 [>.............................] - ETA: 1s - loss: 1.9409 - accuracy: 0.3285
12/98 [==>...........................] - ETA: 0s - loss: 1.9512 - accuracy: 0.3236
19/98 [====>.........................] - ETA: 0s - loss: 1.9400 - accuracy: 0.3264
25/98 [======>.......................] - ETA: 0s - loss: 1.9526 - accuracy: 0.3248
32/98 [========>.....................] - ETA: 0s - loss: 1.9479 - accuracy: 0.3265
39/98 [==========>...................] - ETA: 0s - loss: 1.9446 - accuracy: 0.3294
45/98 [============>.................] - ETA: 0s - loss: 1.9412 - accuracy: 0.3318
52/98 [==============>...............] - ETA: 0s - loss: 1.9402 - accuracy: 0.3318
58/98 [================>.............] - ETA: 0s - loss: 1.9390 - accuracy: 0.3323
64/98 [==================>...........] - ETA: 0s - loss: 1.9431 - accuracy: 0.3319
70/98 [====================>.........] - ETA: 0s - loss: 1.9448 - accuracy: 0.3316
77/98 [======================>.......] - ETA: 0s - loss: 1.9460 - accuracy: 0.3308
84/98 [========================>.....] - ETA: 0s - loss: 1.9435 - accuracy: 0.3317
90/98 [==========================>...] - ETA: 0s - loss: 1.9420 - accuracy: 0.3317
97/98 [============================>.] - ETA: 0s - loss: 1.9396 - accuracy: 0.3322
98/98 [==============================] - 1s 14ms/step - loss: 1.9398 - accuracy: 0.3321 - val_loss: 1.6997 - val_accuracy: 0.3991
Epoch 11/132

 1/98 [..............................] - ETA: 2s - loss: 1.9629 - accuracy: 0.3398
 7/98 [=>............................] - ETA: 0s - loss: 1.9277 - accuracy: 0.3354
13/98 [==>...........................] - ETA: 0s - loss: 1.9291 - accuracy: 0.3376
20/98 [=====>........................] - ETA: 0s - loss: 1.9211 - accuracy: 0.3362
26/98 [======>.......................] - ETA: 0s - loss: 1.9166 - accuracy: 0.3387
33/98 [=========>....................] - ETA: 0s - loss: 1.9194 - accuracy: 0.3377
39/98 [==========>...................] - ETA: 0s - loss: 1.9185 - accuracy: 0.3384
46/98 [=============>................] - ETA: 0s - loss: 1.9115 - accuracy: 0.3405
53/98 [===============>..............] - ETA: 0s - loss: 1.9106 - accuracy: 0.3403
59/98 [=================>............] - ETA: 0s - loss: 1.9109 - accuracy: 0.3400
66/98 [===================>..........] - ETA: 0s - loss: 1.9107 - accuracy: 0.3406
72/98 [=====================>........] - ETA: 0s - loss: 1.9099 - accuracy: 0.3417
79/98 [=======================>......] - ETA: 0s - loss: 1.9085 - accuracy: 0.3426
86/98 [=========================>....] - ETA: 0s - loss: 1.9052 - accuracy: 0.3436
93/98 [===========================>..] - ETA: 0s - loss: 1.9021 - accuracy: 0.3446
98/98 [==============================] - 1s 14ms/step - loss: 1.9033 - accuracy: 0.3443 - val_loss: 1.6734 - val_accuracy: 0.4084
Epoch 12/132

 1/98 [..............................] - ETA: 3s - loss: 1.9123 - accuracy: 0.3633
 8/98 [=>............................] - ETA: 0s - loss: 1.8958 - accuracy: 0.3467
15/98 [===>..........................] - ETA: 0s - loss: 1.9041 - accuracy: 0.3418
21/98 [=====>........................] - ETA: 0s - loss: 1.8944 - accuracy: 0.3451
28/98 [=======>......................] - ETA: 0s - loss: 1.8937 - accuracy: 0.3458
35/98 [=========>....................] - ETA: 0s - loss: 1.8823 - accuracy: 0.3485
41/98 [===========>..................] - ETA: 0s - loss: 1.8805 - accuracy: 0.3477
48/98 [=============>................] - ETA: 0s - loss: 1.8819 - accuracy: 0.3482
53/98 [===============>..............] - ETA: 0s - loss: 1.8794 - accuracy: 0.3497
60/98 [=================>............] - ETA: 0s - loss: 1.8740 - accuracy: 0.3519
66/98 [===================>..........] - ETA: 0s - loss: 1.8747 - accuracy: 0.3517
73/98 [=====================>........] - ETA: 0s - loss: 1.8786 - accuracy: 0.3507
79/98 [=======================>......] - ETA: 0s - loss: 1.8774 - accuracy: 0.3516
85/98 [=========================>....] - ETA: 0s - loss: 1.8777 - accuracy: 0.3515
91/98 [==========================>...] - ETA: 0s - loss: 1.8767 - accuracy: 0.3525
98/98 [==============================] - ETA: 0s - loss: 1.8759 - accuracy: 0.3526
98/98 [==============================] - 1s 14ms/step - loss: 1.8759 - accuracy: 0.3526 - val_loss: 1.6506 - val_accuracy: 0.4155
Epoch 13/132

 1/98 [..............................] - ETA: 3s - loss: 1.8951 - accuracy: 0.3535
 8/98 [=>............................] - ETA: 0s - loss: 1.8569 - accuracy: 0.3560
14/98 [===>..........................] - ETA: 0s - loss: 1.8622 - accuracy: 0.3588
21/98 [=====>........................] - ETA: 0s - loss: 1.8586 - accuracy: 0.3612
27/98 [=======>......................] - ETA: 0s - loss: 1.8549 - accuracy: 0.3612
34/98 [=========>....................] - ETA: 0s - loss: 1.8497 - accuracy: 0.3632
40/98 [===========>..................] - ETA: 0s - loss: 1.8503 - accuracy: 0.3626
46/98 [=============>................] - ETA: 0s - loss: 1.8513 - accuracy: 0.3604
53/98 [===============>..............] - ETA: 0s - loss: 1.8481 - accuracy: 0.3613
59/98 [=================>............] - ETA: 0s - loss: 1.8491 - accuracy: 0.3617
66/98 [===================>..........] - ETA: 0s - loss: 1.8492 - accuracy: 0.3623
73/98 [=====================>........] - ETA: 0s - loss: 1.8477 - accuracy: 0.3642
80/98 [=======================>......] - ETA: 0s - loss: 1.8443 - accuracy: 0.3647
87/98 [=========================>....] - ETA: 0s - loss: 1.8438 - accuracy: 0.3650
93/98 [===========================>..] - ETA: 0s - loss: 1.8436 - accuracy: 0.3653
98/98 [==============================] - 1s 14ms/step - loss: 1.8438 - accuracy: 0.3655 - val_loss: 1.6287 - val_accuracy: 0.4236
Epoch 14/132

 1/98 [..............................] - ETA: 1s - loss: 1.7989 - accuracy: 0.3887
 7/98 [=>............................] - ETA: 0s - loss: 1.8230 - accuracy: 0.3677
13/98 [==>...........................] - ETA: 0s - loss: 1.8207 - accuracy: 0.3696
20/98 [=====>........................] - ETA: 0s - loss: 1.8172 - accuracy: 0.3674
27/98 [=======>......................] - ETA: 0s - loss: 1.8192 - accuracy: 0.3676
33/98 [=========>....................] - ETA: 0s - loss: 1.8133 - accuracy: 0.3716
40/98 [===========>..................] - ETA: 0s - loss: 1.8141 - accuracy: 0.3701
47/98 [=============>................] - ETA: 0s - loss: 1.8214 - accuracy: 0.3689
54/98 [===============>..............] - ETA: 0s - loss: 1.8226 - accuracy: 0.3686
60/98 [=================>............] - ETA: 0s - loss: 1.8242 - accuracy: 0.3682
66/98 [===================>..........] - ETA: 0s - loss: 1.8245 - accuracy: 0.3684
73/98 [=====================>........] - ETA: 0s - loss: 1.8265 - accuracy: 0.3688
79/98 [=======================>......] - ETA: 0s - loss: 1.8243 - accuracy: 0.3698
86/98 [=========================>....] - ETA: 0s - loss: 1.8234 - accuracy: 0.3698
92/98 [===========================>..] - ETA: 0s - loss: 1.8231 - accuracy: 0.3694
98/98 [==============================] - 1s 14ms/step - loss: 1.8232 - accuracy: 0.3704 - val_loss: 1.6093 - val_accuracy: 0.4296
Epoch 15/132

 1/98 [..............................] - ETA: 1s - loss: 1.8629 - accuracy: 0.3457
 7/98 [=>............................] - ETA: 0s - loss: 1.8133 - accuracy: 0.3714
14/98 [===>..........................] - ETA: 0s - loss: 1.8146 - accuracy: 0.3735
21/98 [=====>........................] - ETA: 0s - loss: 1.8167 - accuracy: 0.3688
27/98 [=======>......................] - ETA: 0s - loss: 1.8191 - accuracy: 0.3689
34/98 [=========>....................] - ETA: 0s - loss: 1.8190 - accuracy: 0.3695
40/98 [===========>..................] - ETA: 0s - loss: 1.8158 - accuracy: 0.3704
47/98 [=============>................] - ETA: 0s - loss: 1.8135 - accuracy: 0.3705
53/98 [===============>..............] - ETA: 0s - loss: 1.8117 - accuracy: 0.3720
60/98 [=================>............] - ETA: 0s - loss: 1.8093 - accuracy: 0.3726
67/98 [===================>..........] - ETA: 0s - loss: 1.8060 - accuracy: 0.3744
73/98 [=====================>........] - ETA: 0s - loss: 1.8080 - accuracy: 0.3740
79/98 [=======================>......] - ETA: 0s - loss: 1.8072 - accuracy: 0.3741
85/98 [=========================>....] - ETA: 0s - loss: 1.8060 - accuracy: 0.3746
92/98 [===========================>..] - ETA: 0s - loss: 1.8074 - accuracy: 0.3743
98/98 [==============================] - 1s 14ms/step - loss: 1.8050 - accuracy: 0.3753 - val_loss: 1.5885 - val_accuracy: 0.4382
Epoch 16/132

 1/98 [..............................] - ETA: 1s - loss: 1.8038 - accuracy: 0.3652
 7/98 [=>............................] - ETA: 0s - loss: 1.7765 - accuracy: 0.3708
13/98 [==>...........................] - ETA: 0s - loss: 1.7750 - accuracy: 0.3748
19/98 [====>.........................] - ETA: 0s - loss: 1.7855 - accuracy: 0.3717
26/98 [======>.......................] - ETA: 0s - loss: 1.7906 - accuracy: 0.3733
32/98 [========>.....................] - ETA: 0s - loss: 1.7839 - accuracy: 0.3769
38/98 [==========>...................] - ETA: 0s - loss: 1.7833 - accuracy: 0.3771
40/98 [===========>..................] - ETA: 0s - loss: 1.7817 - accuracy: 0.3780
47/98 [=============>................] - ETA: 0s - loss: 1.7831 - accuracy: 0.3783
53/98 [===============>..............] - ETA: 0s - loss: 1.7854 - accuracy: 0.3777
60/98 [=================>............] - ETA: 0s - loss: 1.7836 - accuracy: 0.3787
66/98 [===================>..........] - ETA: 0s - loss: 1.7855 - accuracy: 0.3787
73/98 [=====================>........] - ETA: 0s - loss: 1.7844 - accuracy: 0.3798
80/98 [=======================>......] - ETA: 0s - loss: 1.7824 - accuracy: 0.3809
86/98 [=========================>....] - ETA: 0s - loss: 1.7844 - accuracy: 0.3813
93/98 [===========================>..] - ETA: 0s - loss: 1.7821 - accuracy: 0.3825
98/98 [==============================] - 1s 14ms/step - loss: 1.7803 - accuracy: 0.3828 - val_loss: 1.5713 - val_accuracy: 0.4462
Epoch 17/132

 1/98 [..............................] - ETA: 3s - loss: 1.7492 - accuracy: 0.4004
 7/98 [=>............................] - ETA: 0s - loss: 1.7755 - accuracy: 0.3906
14/98 [===>..........................] - ETA: 0s - loss: 1.7926 - accuracy: 0.3894
21/98 [=====>........................] - ETA: 0s - loss: 1.7806 - accuracy: 0.3880
27/98 [=======>......................] - ETA: 0s - loss: 1.7847 - accuracy: 0.3849
34/98 [=========>....................] - ETA: 0s - loss: 1.7797 - accuracy: 0.3844
41/98 [===========>..................] - ETA: 0s - loss: 1.7773 - accuracy: 0.3863
48/98 [=============>................] - ETA: 0s - loss: 1.7769 - accuracy: 0.3858
54/98 [===============>..............] - ETA: 0s - loss: 1.7701 - accuracy: 0.3880
61/98 [=================>............] - ETA: 0s - loss: 1.7700 - accuracy: 0.3874
67/98 [===================>..........] - ETA: 0s - loss: 1.7661 - accuracy: 0.3878
74/98 [=====================>........] - ETA: 0s - loss: 1.7634 - accuracy: 0.3883
81/98 [=======================>......] - ETA: 0s - loss: 1.7607 - accuracy: 0.3878
87/98 [=========================>....] - ETA: 0s - loss: 1.7575 - accuracy: 0.3886
94/98 [===========================>..] - ETA: 0s - loss: 1.7558 - accuracy: 0.3897
98/98 [==============================] - 1s 14ms/step - loss: 1.7561 - accuracy: 0.3896 - val_loss: 1.5555 - val_accuracy: 0.4523
Epoch 18/132

 1/98 [..............................] - ETA: 3s - loss: 1.7708 - accuracy: 0.4023
 8/98 [=>............................] - ETA: 0s - loss: 1.7617 - accuracy: 0.3782
15/98 [===>..........................] - ETA: 0s - loss: 1.7618 - accuracy: 0.3881
21/98 [=====>........................] - ETA: 0s - loss: 1.7572 - accuracy: 0.3892
28/98 [=======>......................] - ETA: 0s - loss: 1.7549 - accuracy: 0.3907
34/98 [=========>....................] - ETA: 0s - loss: 1.7502 - accuracy: 0.3918
41/98 [===========>..................] - ETA: 0s - loss: 1.7528 - accuracy: 0.3906
47/98 [=============>................] - ETA: 0s - loss: 1.7503 - accuracy: 0.3913
54/98 [===============>..............] - ETA: 0s - loss: 1.7473 - accuracy: 0.3924
59/98 [=================>............] - ETA: 0s - loss: 1.7429 - accuracy: 0.3939
66/98 [===================>..........] - ETA: 0s - loss: 1.7392 - accuracy: 0.3950
72/98 [=====================>........] - ETA: 0s - loss: 1.7393 - accuracy: 0.3950
79/98 [=======================>......] - ETA: 0s - loss: 1.7421 - accuracy: 0.3945
85/98 [=========================>....] - ETA: 0s - loss: 1.7431 - accuracy: 0.3938
92/98 [===========================>..] - ETA: 0s - loss: 1.7425 - accuracy: 0.3949
98/98 [==============================] - 1s 14ms/step - loss: 1.7440 - accuracy: 0.3949 - val_loss: 1.5412 - val_accuracy: 0.4580
Epoch 19/132

 1/98 [..............................] - ETA: 1s - loss: 1.7197 - accuracy: 0.3926
 6/98 [>.............................] - ETA: 1s - loss: 1.7216 - accuracy: 0.3896
13/98 [==>...........................] - ETA: 0s - loss: 1.7160 - accuracy: 0.3975
19/98 [====>.........................] - ETA: 0s - loss: 1.7241 - accuracy: 0.3937
25/98 [======>.......................] - ETA: 0s - loss: 1.7308 - accuracy: 0.3923
31/98 [========>.....................] - ETA: 0s - loss: 1.7346 - accuracy: 0.3933
37/98 [==========>...................] - ETA: 0s - loss: 1.7356 - accuracy: 0.3950
43/98 [============>.................] - ETA: 0s - loss: 1.7311 - accuracy: 0.3966
50/98 [==============>...............] - ETA: 0s - loss: 1.7339 - accuracy: 0.3945
56/98 [================>.............] - ETA: 0s - loss: 1.7298 - accuracy: 0.3961
63/98 [==================>...........] - ETA: 0s - loss: 1.7291 - accuracy: 0.3972
70/98 [====================>.........] - ETA: 0s - loss: 1.7318 - accuracy: 0.3961
76/98 [======================>.......] - ETA: 0s - loss: 1.7320 - accuracy: 0.3963
83/98 [========================>.....] - ETA: 0s - loss: 1.7307 - accuracy: 0.3960
90/98 [==========================>...] - ETA: 0s - loss: 1.7266 - accuracy: 0.3979
97/98 [============================>.] - ETA: 0s - loss: 1.7262 - accuracy: 0.3985
98/98 [==============================] - 1s 14ms/step - loss: 1.7246 - accuracy: 0.3992 - val_loss: 1.5282 - val_accuracy: 0.4651
Epoch 20/132

 1/98 [..............................] - ETA: 3s - loss: 1.6793 - accuracy: 0.3926
 8/98 [=>............................] - ETA: 0s - loss: 1.7225 - accuracy: 0.3948
14/98 [===>..........................] - ETA: 0s - loss: 1.7127 - accuracy: 0.3994
21/98 [=====>........................] - ETA: 0s - loss: 1.7017 - accuracy: 0.4065
27/98 [=======>......................] - ETA: 0s - loss: 1.7062 - accuracy: 0.4075
33/98 [=========>....................] - ETA: 0s - loss: 1.7048 - accuracy: 0.4073
40/98 [===========>..................] - ETA: 0s - loss: 1.7078 - accuracy: 0.4056
47/98 [=============>................] - ETA: 0s - loss: 1.7090 - accuracy: 0.4052
53/98 [===============>..............] - ETA: 0s - loss: 1.7079 - accuracy: 0.4052
59/98 [=================>............] - ETA: 0s - loss: 1.7058 - accuracy: 0.4060
65/98 [==================>...........] - ETA: 0s - loss: 1.7042 - accuracy: 0.4064
72/98 [=====================>........] - ETA: 0s - loss: 1.7051 - accuracy: 0.4066
79/98 [=======================>......] - ETA: 0s - loss: 1.7060 - accuracy: 0.4074
85/98 [=========================>....] - ETA: 0s - loss: 1.7066 - accuracy: 0.4068
91/98 [==========================>...] - ETA: 0s - loss: 1.7054 - accuracy: 0.4068
97/98 [============================>.] - ETA: 0s - loss: 1.7048 - accuracy: 0.4066
98/98 [==============================] - 1s 14ms/step - loss: 1.7047 - accuracy: 0.4067 - val_loss: 1.5155 - val_accuracy: 0.4693
Epoch 21/132

 1/98 [..............................] - ETA: 1s - loss: 1.6536 - accuracy: 0.4160
 7/98 [=>............................] - ETA: 0s - loss: 1.6628 - accuracy: 0.4155
13/98 [==>...........................] - ETA: 0s - loss: 1.7026 - accuracy: 0.4025
20/98 [=====>........................] - ETA: 0s - loss: 1.6993 - accuracy: 0.4035
27/98 [=======>......................] - ETA: 0s - loss: 1.6998 - accuracy: 0.4057
34/98 [=========>....................] - ETA: 0s - loss: 1.6978 - accuracy: 0.4069
40/98 [===========>..................] - ETA: 0s - loss: 1.6975 - accuracy: 0.4083
46/98 [=============>................] - ETA: 0s - loss: 1.6965 - accuracy: 0.4085
53/98 [===============>..............] - ETA: 0s - loss: 1.6930 - accuracy: 0.4098
59/98 [=================>............] - ETA: 0s - loss: 1.6993 - accuracy: 0.4092
66/98 [===================>..........] - ETA: 0s - loss: 1.6939 - accuracy: 0.4106
72/98 [=====================>........] - ETA: 0s - loss: 1.6917 - accuracy: 0.4111
79/98 [=======================>......] - ETA: 0s - loss: 1.6915 - accuracy: 0.4114
86/98 [=========================>....] - ETA: 0s - loss: 1.6920 - accuracy: 0.4115
92/98 [===========================>..] - ETA: 0s - loss: 1.6921 - accuracy: 0.4117
98/98 [==============================] - 1s 14ms/step - loss: 1.6923 - accuracy: 0.4120 - val_loss: 1.5039 - val_accuracy: 0.4754
Epoch 22/132

 1/98 [..............................] - ETA: 1s - loss: 1.6867 - accuracy: 0.4062
 7/98 [=>............................] - ETA: 0s - loss: 1.6819 - accuracy: 0.4157
13/98 [==>...........................] - ETA: 0s - loss: 1.6991 - accuracy: 0.4105
19/98 [====>.........................] - ETA: 0s - loss: 1.6818 - accuracy: 0.4131
25/98 [======>.......................] - ETA: 0s - loss: 1.6798 - accuracy: 0.4125
32/98 [========>.....................] - ETA: 0s - loss: 1.6823 - accuracy: 0.4111
39/98 [==========>...................] - ETA: 0s - loss: 1.6831 - accuracy: 0.4107
44/98 [============>.................] - ETA: 0s - loss: 1.6795 - accuracy: 0.4116
50/98 [==============>...............] - ETA: 0s - loss: 1.6775 - accuracy: 0.4119
57/98 [================>.............] - ETA: 0s - loss: 1.6788 - accuracy: 0.4130
64/98 [==================>...........] - ETA: 0s - loss: 1.6763 - accuracy: 0.4146
71/98 [====================>.........] - ETA: 0s - loss: 1.6730 - accuracy: 0.4153
77/98 [======================>.......] - ETA: 0s - loss: 1.6756 - accuracy: 0.4158
84/98 [========================>.....] - ETA: 0s - loss: 1.6773 - accuracy: 0.4148
91/98 [==========================>...] - ETA: 0s - loss: 1.6762 - accuracy: 0.4157
98/98 [==============================] - ETA: 0s - loss: 1.6753 - accuracy: 0.4167
98/98 [==============================] - 1s 14ms/step - loss: 1.6753 - accuracy: 0.4167 - val_loss: 1.4930 - val_accuracy: 0.4783
Epoch 23/132

 1/98 [..............................] - ETA: 3s - loss: 1.8198 - accuracy: 0.3848
 8/98 [=>............................] - ETA: 0s - loss: 1.6892 - accuracy: 0.4102
15/98 [===>..........................] - ETA: 0s - loss: 1.6805 - accuracy: 0.4150
21/98 [=====>........................] - ETA: 0s - loss: 1.6677 - accuracy: 0.4187
28/98 [=======>......................] - ETA: 0s - loss: 1.6737 - accuracy: 0.4189
35/98 [=========>....................] - ETA: 0s - loss: 1.6755 - accuracy: 0.4184
41/98 [===========>..................] - ETA: 0s - loss: 1.6725 - accuracy: 0.4195
48/98 [=============>................] - ETA: 0s - loss: 1.6706 - accuracy: 0.4190
55/98 [===============>..............] - ETA: 0s - loss: 1.6666 - accuracy: 0.4201
61/98 [=================>............] - ETA: 0s - loss: 1.6629 - accuracy: 0.4215
68/98 [===================>..........] - ETA: 0s - loss: 1.6632 - accuracy: 0.4210
74/98 [=====================>........] - ETA: 0s - loss: 1.6663 - accuracy: 0.4196
80/98 [=======================>......] - ETA: 0s - loss: 1.6679 - accuracy: 0.4191
87/98 [=========================>....] - ETA: 0s - loss: 1.6656 - accuracy: 0.4199
93/98 [===========================>..] - ETA: 0s - loss: 1.6642 - accuracy: 0.4202
98/98 [==============================] - 1s 14ms/step - loss: 1.6646 - accuracy: 0.4203 - val_loss: 1.4829 - val_accuracy: 0.4830
Epoch 24/132

 1/98 [..............................] - ETA: 1s - loss: 1.5573 - accuracy: 0.4590
 7/98 [=>............................] - ETA: 0s - loss: 1.6311 - accuracy: 0.4378
13/98 [==>...........................] - ETA: 0s - loss: 1.6334 - accuracy: 0.4340
20/98 [=====>........................] - ETA: 0s - loss: 1.6505 - accuracy: 0.4300
27/98 [=======>......................] - ETA: 0s - loss: 1.6547 - accuracy: 0.4292
33/98 [=========>....................] - ETA: 0s - loss: 1.6571 - accuracy: 0.4288
39/98 [==========>...................] - ETA: 0s - loss: 1.6526 - accuracy: 0.4296
45/98 [============>.................] - ETA: 0s - loss: 1.6566 - accuracy: 0.4266
52/98 [==============>...............] - ETA: 0s - loss: 1.6505 - accuracy: 0.4282
58/98 [================>.............] - ETA: 0s - loss: 1.6498 - accuracy: 0.4277
65/98 [==================>...........] - ETA: 0s - loss: 1.6485 - accuracy: 0.4271
71/98 [====================>.........] - ETA: 0s - loss: 1.6491 - accuracy: 0.4270
77/98 [======================>.......] - ETA: 0s - loss: 1.6471 - accuracy: 0.4273
84/98 [========================>.....] - ETA: 0s - loss: 1.6474 - accuracy: 0.4277
90/98 [==========================>...] - ETA: 0s - loss: 1.6486 - accuracy: 0.4274
97/98 [============================>.] - ETA: 0s - loss: 1.6479 - accuracy: 0.4284
98/98 [==============================] - 1s 14ms/step - loss: 1.6473 - accuracy: 0.4284 - val_loss: 1.4729 - val_accuracy: 0.4842
Epoch 25/132

 1/98 [..............................] - ETA: 1s - loss: 1.6540 - accuracy: 0.4375
 6/98 [>.............................] - ETA: 1s - loss: 1.6402 - accuracy: 0.4242
13/98 [==>...........................] - ETA: 0s - loss: 1.6362 - accuracy: 0.4264
19/98 [====>.........................] - ETA: 0s - loss: 1.6448 - accuracy: 0.4276
25/98 [======>.......................] - ETA: 0s - loss: 1.6409 - accuracy: 0.4243
32/98 [========>.....................] - ETA: 0s - loss: 1.6413 - accuracy: 0.4232
39/98 [==========>...................] - ETA: 0s - loss: 1.6430 - accuracy: 0.4235
45/98 [============>.................] - ETA: 0s - loss: 1.6431 - accuracy: 0.4236
52/98 [==============>...............] - ETA: 0s - loss: 1.6417 - accuracy: 0.4240
58/98 [================>.............] - ETA: 0s - loss: 1.6395 - accuracy: 0.4240
65/98 [==================>...........] - ETA: 0s - loss: 1.6354 - accuracy: 0.4258
71/98 [====================>.........] - ETA: 0s - loss: 1.6357 - accuracy: 0.4261
77/98 [======================>.......] - ETA: 0s - loss: 1.6374 - accuracy: 0.4254
84/98 [========================>.....] - ETA: 0s - loss: 1.6361 - accuracy: 0.4256
91/98 [==========================>...] - ETA: 0s - loss: 1.6366 - accuracy: 0.4258
97/98 [============================>.] - ETA: 0s - loss: 1.6369 - accuracy: 0.4259
98/98 [==============================] - 1s 14ms/step - loss: 1.6366 - accuracy: 0.4260 - val_loss: 1.4628 - val_accuracy: 0.4879
Epoch 26/132

 1/98 [..............................] - ETA: 1s - loss: 1.6068 - accuracy: 0.4414
 7/98 [=>............................] - ETA: 0s - loss: 1.6102 - accuracy: 0.4272
14/98 [===>..........................] - ETA: 0s - loss: 1.6222 - accuracy: 0.4259
20/98 [=====>........................] - ETA: 0s - loss: 1.6362 - accuracy: 0.4267
27/98 [=======>......................] - ETA: 0s - loss: 1.6337 - accuracy: 0.4294
34/98 [=========>....................] - ETA: 0s - loss: 1.6310 - accuracy: 0.4305
40/98 [===========>..................] - ETA: 0s - loss: 1.6358 - accuracy: 0.4292
47/98 [=============>................] - ETA: 0s - loss: 1.6328 - accuracy: 0.4303
54/98 [===============>..............] - ETA: 0s - loss: 1.6351 - accuracy: 0.4305
60/98 [=================>............] - ETA: 0s - loss: 1.6325 - accuracy: 0.4309
66/98 [===================>..........] - ETA: 0s - loss: 1.6334 - accuracy: 0.4306
73/98 [=====================>........] - ETA: 0s - loss: 1.6334 - accuracy: 0.4302
79/98 [=======================>......] - ETA: 0s - loss: 1.6290 - accuracy: 0.4310
86/98 [=========================>....] - ETA: 0s - loss: 1.6258 - accuracy: 0.4318
