2024-06-26 06:05:46.761157: I tensorflow/core/platform/cpu_feature_guard.cc:193] This TensorFlow binary is optimized with oneAPI Deep Neural Network Library (oneDNN) to use the following CPU instructions in performance-critical operations:  AVX AVX2
To enable them in other operations, rebuild TensorFlow with the appropriate compiler flags.
2024-06-26 06:05:47.210794: I tensorflow/core/common_runtime/gpu/gpu_device.cc:1616] Created device /job:localhost/replica:0/task:0/device:GPU:0 with 6656 MB memory:  -> device: 0, name: NVIDIA GeForce RTX 4060 Ti, pci bus id: 0000:01:00.0, compute capability: 8.9
1 Physical GPUs, 1 Logical GPUs
Model: "sequential"
_________________________________________________________________
 Layer (type)                Output Shape              Param #   
=================================================================
 conv2d (Conv2D)             (None, 32, 32, 32)        896       
                                                                 
 max_pooling2d (MaxPooling2D  (None, 16, 16, 32)       0         
 )                                                               
                                                                 
 batch_normalization (BatchN  (None, 16, 16, 32)       128       
 ormalization)                                                   
                                                                 
 dropout (Dropout)           (None, 16, 16, 32)        0         
                                                                 
 flatten (Flatten)           (None, 8192)              0         
                                                                 
 dense (Dense)               (None, 10)                81930     
                                                                 
=================================================================
Total params: 82,954
Trainable params: 82,890
Non-trainable params: 64
_________________________________________________________________
Taxa de aprendizado:  1e-05 Num de épocas:  132 Tamanho do lote:  512 Dropout:  0.41872
Epoch 1/132
2024-06-26 06:05:48.325184: I tensorflow/stream_executor/cuda/cuda_dnn.cc:384] Loaded cuDNN version 8100
2024-06-26 06:05:49.004706: W tensorflow/stream_executor/gpu/redzone_allocator.cc:314] INTERNAL: ptxas exited with non-zero error code -1, output: 
Relying on driver to perform ptx compilation. 
Modify $PATH to customize ptxas location.
This message will be only logged once.
2024-06-26 06:05:49.666825: I tensorflow/stream_executor/cuda/cuda_blas.cc:1614] TensorFloat-32 will be used for the matrix multiplication. This will only be logged once.

 1/98 [..............................] - ETA: 3:45 - loss: 3.2270 - accuracy: 0.0957
 7/98 [=>............................] - ETA: 0s - loss: 3.1864 - accuracy: 0.0957  
13/98 [==>...........................] - ETA: 0s - loss: 3.1595 - accuracy: 0.0941
20/98 [=====>........................] - ETA: 0s - loss: 3.1093 - accuracy: 0.1004
26/98 [======>.......................] - ETA: 0s - loss: 3.0857 - accuracy: 0.1019
32/98 [========>.....................] - ETA: 0s - loss: 3.0531 - accuracy: 0.1050
38/98 [==========>...................] - ETA: 0s - loss: 3.0261 - accuracy: 0.1084
44/98 [============>.................] - ETA: 0s - loss: 3.0060 - accuracy: 0.1098
50/98 [==============>...............] - ETA: 0s - loss: 2.9848 - accuracy: 0.1129
56/98 [================>.............] - ETA: 0s - loss: 2.9704 - accuracy: 0.1156
62/98 [=================>............] - ETA: 0s - loss: 2.9502 - accuracy: 0.1182
68/98 [===================>..........] - ETA: 0s - loss: 2.9341 - accuracy: 0.1201
74/98 [=====================>........] - ETA: 0s - loss: 2.9195 - accuracy: 0.1223
80/98 [=======================>......] - ETA: 0s - loss: 2.9022 - accuracy: 0.1240
86/98 [=========================>....] - ETA: 0s - loss: 2.8858 - accuracy: 0.1264
90/98 [==========================>...] - ETA: 0s - loss: 2.8760 - accuracy: 0.1283
96/98 [============================>.] - ETA: 0s - loss: 2.8585 - accuracy: 0.1312
98/98 [==============================] - 4s 17ms/step - loss: 2.8538 - accuracy: 0.1319 - val_loss: 2.2483 - val_accuracy: 0.1627
Epoch 2/132

 1/98 [..............................] - ETA: 3s - loss: 2.5767 - accuracy: 0.1992
 7/98 [=>............................] - ETA: 0s - loss: 2.6059 - accuracy: 0.1722
12/98 [==>...........................] - ETA: 0s - loss: 2.5983 - accuracy: 0.1746
17/98 [====>.........................] - ETA: 0s - loss: 2.5937 - accuracy: 0.1770
23/98 [======>.......................] - ETA: 0s - loss: 2.5823 - accuracy: 0.1788
29/98 [=======>......................] - ETA: 0s - loss: 2.5739 - accuracy: 0.1791
35/98 [=========>....................] - ETA: 0s - loss: 2.5686 - accuracy: 0.1820
41/98 [===========>..................] - ETA: 0s - loss: 2.5609 - accuracy: 0.1847
47/98 [=============>................] - ETA: 0s - loss: 2.5494 - accuracy: 0.1870
53/98 [===============>..............] - ETA: 0s - loss: 2.5417 - accuracy: 0.1872
59/98 [=================>............] - ETA: 0s - loss: 2.5339 - accuracy: 0.1889
65/98 [==================>...........] - ETA: 0s - loss: 2.5286 - accuracy: 0.1904
71/98 [====================>.........] - ETA: 0s - loss: 2.5228 - accuracy: 0.1908
77/98 [======================>.......] - ETA: 0s - loss: 2.5195 - accuracy: 0.1917
83/98 [========================>.....] - ETA: 0s - loss: 2.5153 - accuracy: 0.1929
89/98 [==========================>...] - ETA: 0s - loss: 2.5107 - accuracy: 0.1937
95/98 [============================>.] - ETA: 0s - loss: 2.5049 - accuracy: 0.1953
98/98 [==============================] - 1s 15ms/step - loss: 2.5017 - accuracy: 0.1959 - val_loss: 2.1595 - val_accuracy: 0.2491
Epoch 3/132

 1/98 [..............................] - ETA: 3s - loss: 2.4515 - accuracy: 0.2012
 7/98 [=>............................] - ETA: 0s - loss: 2.3774 - accuracy: 0.2140
13/98 [==>...........................] - ETA: 0s - loss: 2.3667 - accuracy: 0.2212
19/98 [====>.........................] - ETA: 0s - loss: 2.3709 - accuracy: 0.2220
25/98 [======>.......................] - ETA: 0s - loss: 2.3649 - accuracy: 0.2253
31/98 [========>.....................] - ETA: 0s - loss: 2.3705 - accuracy: 0.2233
37/98 [==========>...................] - ETA: 0s - loss: 2.3703 - accuracy: 0.2256
43/98 [============>.................] - ETA: 0s - loss: 2.3670 - accuracy: 0.2254
49/98 [==============>...............] - ETA: 0s - loss: 2.3665 - accuracy: 0.2248
55/98 [===============>..............] - ETA: 0s - loss: 2.3670 - accuracy: 0.2252
61/98 [=================>............] - ETA: 0s - loss: 2.3707 - accuracy: 0.2251
67/98 [===================>..........] - ETA: 0s - loss: 2.3654 - accuracy: 0.2259
73/98 [=====================>........] - ETA: 0s - loss: 2.3588 - accuracy: 0.2276
79/98 [=======================>......] - ETA: 0s - loss: 2.3546 - accuracy: 0.2290
85/98 [=========================>....] - ETA: 0s - loss: 2.3551 - accuracy: 0.2297
90/98 [==========================>...] - ETA: 0s - loss: 2.3531 - accuracy: 0.2298
96/98 [============================>.] - ETA: 0s - loss: 2.3498 - accuracy: 0.2304
98/98 [==============================] - 1s 15ms/step - loss: 2.3485 - accuracy: 0.2304 - val_loss: 2.0570 - val_accuracy: 0.2896
Epoch 4/132

 1/98 [..............................] - ETA: 1s - loss: 2.2357 - accuracy: 0.2461
 7/98 [=>............................] - ETA: 0s - loss: 2.2574 - accuracy: 0.2522
12/98 [==>...........................] - ETA: 0s - loss: 2.2600 - accuracy: 0.2550
18/98 [====>.........................] - ETA: 0s - loss: 2.2598 - accuracy: 0.2565
25/98 [======>.......................] - ETA: 0s - loss: 2.2633 - accuracy: 0.2554
31/98 [========>.....................] - ETA: 0s - loss: 2.2664 - accuracy: 0.2523
37/98 [==========>...................] - ETA: 0s - loss: 2.2567 - accuracy: 0.2536
44/98 [============>.................] - ETA: 0s - loss: 2.2585 - accuracy: 0.2532
50/98 [==============>...............] - ETA: 0s - loss: 2.2566 - accuracy: 0.2531
57/98 [================>.............] - ETA: 0s - loss: 2.2537 - accuracy: 0.2543
64/98 [==================>...........] - ETA: 0s - loss: 2.2542 - accuracy: 0.2540
69/98 [====================>.........] - ETA: 0s - loss: 2.2548 - accuracy: 0.2540
75/98 [=====================>........] - ETA: 0s - loss: 2.2517 - accuracy: 0.2549
81/98 [=======================>......] - ETA: 0s - loss: 2.2504 - accuracy: 0.2558
87/98 [=========================>....] - ETA: 0s - loss: 2.2447 - accuracy: 0.2568
94/98 [===========================>..] - ETA: 0s - loss: 2.2413 - accuracy: 0.2576
98/98 [==============================] - 1s 14ms/step - loss: 2.2412 - accuracy: 0.2578 - val_loss: 1.9555 - val_accuracy: 0.3215
Epoch 5/132

 1/98 [..............................] - ETA: 1s - loss: 2.2341 - accuracy: 0.2520
 7/98 [=>............................] - ETA: 0s - loss: 2.2169 - accuracy: 0.2570
13/98 [==>...........................] - ETA: 0s - loss: 2.2289 - accuracy: 0.2547
20/98 [=====>........................] - ETA: 0s - loss: 2.2061 - accuracy: 0.2617
26/98 [======>.......................] - ETA: 0s - loss: 2.2029 - accuracy: 0.2614
32/98 [========>.....................] - ETA: 0s - loss: 2.2031 - accuracy: 0.2623
38/98 [==========>...................] - ETA: 0s - loss: 2.2003 - accuracy: 0.2639
44/98 [============>.................] - ETA: 0s - loss: 2.1943 - accuracy: 0.2657
51/98 [==============>...............] - ETA: 0s - loss: 2.1907 - accuracy: 0.2675
57/98 [================>.............] - ETA: 0s - loss: 2.1885 - accuracy: 0.2682
63/98 [==================>...........] - ETA: 0s - loss: 2.1846 - accuracy: 0.2702
70/98 [====================>.........] - ETA: 0s - loss: 2.1865 - accuracy: 0.2699
76/98 [======================>.......] - ETA: 0s - loss: 2.1853 - accuracy: 0.2702
82/98 [========================>.....] - ETA: 0s - loss: 2.1836 - accuracy: 0.2705
87/98 [=========================>....] - ETA: 0s - loss: 2.1813 - accuracy: 0.2717
93/98 [===========================>..] - ETA: 0s - loss: 2.1770 - accuracy: 0.2726
98/98 [==============================] - 1s 14ms/step - loss: 2.1720 - accuracy: 0.2742 - val_loss: 1.8667 - val_accuracy: 0.3486
Epoch 6/132

 1/98 [..............................] - ETA: 3s - loss: 2.1265 - accuracy: 0.2734
 7/98 [=>............................] - ETA: 0s - loss: 2.1477 - accuracy: 0.2826
14/98 [===>..........................] - ETA: 0s - loss: 2.1188 - accuracy: 0.2926
21/98 [=====>........................] - ETA: 0s - loss: 2.1271 - accuracy: 0.2885
27/98 [=======>......................] - ETA: 0s - loss: 2.1296 - accuracy: 0.2876
33/98 [=========>....................] - ETA: 0s - loss: 2.1280 - accuracy: 0.2886
39/98 [==========>...................] - ETA: 0s - loss: 2.1251 - accuracy: 0.2876
45/98 [============>.................] - ETA: 0s - loss: 2.1318 - accuracy: 0.2882
52/98 [==============>...............] - ETA: 0s - loss: 2.1316 - accuracy: 0.2878
59/98 [=================>............] - ETA: 0s - loss: 2.1329 - accuracy: 0.2870
65/98 [==================>...........] - ETA: 0s - loss: 2.1302 - accuracy: 0.2871
71/98 [====================>.........] - ETA: 0s - loss: 2.1313 - accuracy: 0.2864
77/98 [======================>.......] - ETA: 0s - loss: 2.1286 - accuracy: 0.2869
83/98 [========================>.....] - ETA: 0s - loss: 2.1233 - accuracy: 0.2874
90/98 [==========================>...] - ETA: 0s - loss: 2.1203 - accuracy: 0.2894
96/98 [============================>.] - ETA: 0s - loss: 2.1179 - accuracy: 0.2901
98/98 [==============================] - 1s 14ms/step - loss: 2.1181 - accuracy: 0.2900 - val_loss: 1.7959 - val_accuracy: 0.3730
Epoch 7/132

 1/98 [..............................] - ETA: 1s - loss: 2.0779 - accuracy: 0.2949
 6/98 [>.............................] - ETA: 1s - loss: 2.1065 - accuracy: 0.2842
12/98 [==>...........................] - ETA: 0s - loss: 2.0897 - accuracy: 0.2920
19/98 [====>.........................] - ETA: 0s - loss: 2.0874 - accuracy: 0.2927
25/98 [======>.......................] - ETA: 0s - loss: 2.0772 - accuracy: 0.2966
32/98 [========>.....................] - ETA: 0s - loss: 2.0669 - accuracy: 0.3012
38/98 [==========>...................] - ETA: 0s - loss: 2.0712 - accuracy: 0.3016
44/98 [============>.................] - ETA: 0s - loss: 2.0696 - accuracy: 0.3010
51/98 [==============>...............] - ETA: 0s - loss: 2.0679 - accuracy: 0.3017
58/98 [================>.............] - ETA: 0s - loss: 2.0659 - accuracy: 0.3027
64/98 [==================>...........] - ETA: 0s - loss: 2.0649 - accuracy: 0.3031
70/98 [====================>.........] - ETA: 0s - loss: 2.0650 - accuracy: 0.3032
75/98 [=====================>........] - ETA: 0s - loss: 2.0649 - accuracy: 0.3029
80/98 [=======================>......] - ETA: 0s - loss: 2.0668 - accuracy: 0.3014
87/98 [=========================>....] - ETA: 0s - loss: 2.0677 - accuracy: 0.3024
93/98 [===========================>..] - ETA: 0s - loss: 2.0695 - accuracy: 0.3016
98/98 [==============================] - 1s 14ms/step - loss: 2.0676 - accuracy: 0.3026 - val_loss: 1.7457 - val_accuracy: 0.3895
Epoch 8/132

 1/98 [..............................] - ETA: 3s - loss: 2.1177 - accuracy: 0.3262
 7/98 [=>............................] - ETA: 0s - loss: 2.0456 - accuracy: 0.3086
13/98 [==>...........................] - ETA: 0s - loss: 2.0490 - accuracy: 0.3101
19/98 [====>.........................] - ETA: 0s - loss: 2.0400 - accuracy: 0.3165
25/98 [======>.......................] - ETA: 0s - loss: 2.0389 - accuracy: 0.3166
32/98 [========>.....................] - ETA: 0s - loss: 2.0384 - accuracy: 0.3158
38/98 [==========>...................] - ETA: 0s - loss: 2.0350 - accuracy: 0.3152
45/98 [============>.................] - ETA: 0s - loss: 2.0303 - accuracy: 0.3169
51/98 [==============>...............] - ETA: 0s - loss: 2.0269 - accuracy: 0.3171
58/98 [================>.............] - ETA: 0s - loss: 2.0251 - accuracy: 0.3180
64/98 [==================>...........] - ETA: 0s - loss: 2.0266 - accuracy: 0.3185
70/98 [====================>.........] - ETA: 0s - loss: 2.0233 - accuracy: 0.3177
76/98 [======================>.......] - ETA: 0s - loss: 2.0243 - accuracy: 0.3172
82/98 [========================>.....] - ETA: 0s - loss: 2.0216 - accuracy: 0.3181
88/98 [=========================>....] - ETA: 0s - loss: 2.0210 - accuracy: 0.3175
94/98 [===========================>..] - ETA: 0s - loss: 2.0199 - accuracy: 0.3173
98/98 [==============================] - 1s 15ms/step - loss: 2.0178 - accuracy: 0.3180 - val_loss: 1.7077 - val_accuracy: 0.4028
Epoch 9/132

 1/98 [..............................] - ETA: 3s - loss: 1.9532 - accuracy: 0.3398
 7/98 [=>............................] - ETA: 0s - loss: 2.0028 - accuracy: 0.3147
12/98 [==>...........................] - ETA: 0s - loss: 1.9956 - accuracy: 0.3205
18/98 [====>.........................] - ETA: 0s - loss: 1.9875 - accuracy: 0.3253
24/98 [======>.......................] - ETA: 0s - loss: 1.9935 - accuracy: 0.3229
30/98 [========>.....................] - ETA: 0s - loss: 1.9994 - accuracy: 0.3226
36/98 [==========>...................] - ETA: 0s - loss: 2.0148 - accuracy: 0.3208
42/98 [===========>..................] - ETA: 0s - loss: 2.0130 - accuracy: 0.3214
49/98 [==============>...............] - ETA: 0s - loss: 2.0081 - accuracy: 0.3224
55/98 [===============>..............] - ETA: 0s - loss: 2.0033 - accuracy: 0.3231
62/98 [=================>............] - ETA: 0s - loss: 2.0031 - accuracy: 0.3232
69/98 [====================>.........] - ETA: 0s - loss: 1.9992 - accuracy: 0.3244
75/98 [=====================>........] - ETA: 0s - loss: 1.9994 - accuracy: 0.3245
81/98 [=======================>......] - ETA: 0s - loss: 1.9941 - accuracy: 0.3260
87/98 [=========================>....] - ETA: 0s - loss: 1.9923 - accuracy: 0.3256
94/98 [===========================>..] - ETA: 0s - loss: 1.9871 - accuracy: 0.3269
98/98 [==============================] - 1s 14ms/step - loss: 1.9871 - accuracy: 0.3271 - val_loss: 1.6784 - val_accuracy: 0.4152
Epoch 10/132

 1/98 [..............................] - ETA: 3s - loss: 1.9155 - accuracy: 0.3633
 6/98 [>.............................] - ETA: 1s - loss: 1.9238 - accuracy: 0.3294
11/98 [==>...........................] - ETA: 1s - loss: 1.9431 - accuracy: 0.3374
17/98 [====>.........................] - ETA: 0s - loss: 1.9502 - accuracy: 0.3355
23/98 [======>.......................] - ETA: 0s - loss: 1.9540 - accuracy: 0.3370
29/98 [=======>......................] - ETA: 0s - loss: 1.9606 - accuracy: 0.3359
34/98 [=========>....................] - ETA: 0s - loss: 1.9637 - accuracy: 0.3355
40/98 [===========>..................] - ETA: 0s - loss: 1.9644 - accuracy: 0.3343
46/98 [=============>................] - ETA: 0s - loss: 1.9541 - accuracy: 0.3362
52/98 [==============>...............] - ETA: 0s - loss: 1.9586 - accuracy: 0.3357
59/98 [=================>............] - ETA: 0s - loss: 1.9583 - accuracy: 0.3351
65/98 [==================>...........] - ETA: 0s - loss: 1.9574 - accuracy: 0.3361
72/98 [=====================>........] - ETA: 0s - loss: 1.9572 - accuracy: 0.3365
77/98 [======================>.......] - ETA: 0s - loss: 1.9533 - accuracy: 0.3370
82/98 [========================>.....] - ETA: 0s - loss: 1.9534 - accuracy: 0.3374
88/98 [=========================>....] - ETA: 0s - loss: 1.9540 - accuracy: 0.3378
94/98 [===========================>..] - ETA: 0s - loss: 1.9535 - accuracy: 0.3391
98/98 [==============================] - 1s 15ms/step - loss: 1.9518 - accuracy: 0.3389 - val_loss: 1.6520 - val_accuracy: 0.4256
Epoch 11/132

 1/98 [..............................] - ETA: 1s - loss: 1.9475 - accuracy: 0.3398
 5/98 [>.............................] - ETA: 1s - loss: 1.9651 - accuracy: 0.3402
11/98 [==>...........................] - ETA: 0s - loss: 1.9381 - accuracy: 0.3489
17/98 [====>.........................] - ETA: 0s - loss: 1.9472 - accuracy: 0.3432
23/98 [======>.......................] - ETA: 0s - loss: 1.9364 - accuracy: 0.3428
30/98 [========>.....................] - ETA: 0s - loss: 1.9297 - accuracy: 0.3448
36/98 [==========>...................] - ETA: 0s - loss: 1.9256 - accuracy: 0.3464
42/98 [===========>..................] - ETA: 0s - loss: 1.9233 - accuracy: 0.3472
49/98 [==============>...............] - ETA: 0s - loss: 1.9236 - accuracy: 0.3460
56/98 [================>.............] - ETA: 0s - loss: 1.9224 - accuracy: 0.3465
63/98 [==================>...........] - ETA: 0s - loss: 1.9230 - accuracy: 0.3471
69/98 [====================>.........] - ETA: 0s - loss: 1.9252 - accuracy: 0.3461
76/98 [======================>.......] - ETA: 0s - loss: 1.9308 - accuracy: 0.3450
82/98 [========================>.....] - ETA: 0s - loss: 1.9300 - accuracy: 0.3450
88/98 [=========================>....] - ETA: 0s - loss: 1.9299 - accuracy: 0.3447
95/98 [============================>.] - ETA: 0s - loss: 1.9287 - accuracy: 0.3453
98/98 [==============================] - 1s 14ms/step - loss: 1.9273 - accuracy: 0.3455 - val_loss: 1.6297 - val_accuracy: 0.4320
Epoch 12/132

 1/98 [..............................] - ETA: 3s - loss: 1.8861 - accuracy: 0.3555
 7/98 [=>............................] - ETA: 1s - loss: 1.9078 - accuracy: 0.3435
13/98 [==>...........................] - ETA: 0s - loss: 1.8803 - accuracy: 0.3505
19/98 [====>.........................] - ETA: 0s - loss: 1.8938 - accuracy: 0.3480
26/98 [======>.......................] - ETA: 0s - loss: 1.9019 - accuracy: 0.3484
32/98 [========>.....................] - ETA: 0s - loss: 1.9021 - accuracy: 0.3491
39/98 [==========>...................] - ETA: 0s - loss: 1.9006 - accuracy: 0.3507
46/98 [=============>................] - ETA: 0s - loss: 1.9003 - accuracy: 0.3498
52/98 [==============>...............] - ETA: 0s - loss: 1.8996 - accuracy: 0.3501
59/98 [=================>............] - ETA: 0s - loss: 1.8995 - accuracy: 0.3499
66/98 [===================>..........] - ETA: 0s - loss: 1.8914 - accuracy: 0.3524
72/98 [=====================>........] - ETA: 0s - loss: 1.8920 - accuracy: 0.3535
78/98 [======================>.......] - ETA: 0s - loss: 1.8937 - accuracy: 0.3530
83/98 [========================>.....] - ETA: 0s - loss: 1.8961 - accuracy: 0.3514
89/98 [==========================>...] - ETA: 0s - loss: 1.8953 - accuracy: 0.3520
95/98 [============================>.] - ETA: 0s - loss: 1.8939 - accuracy: 0.3529
98/98 [==============================] - 1s 14ms/step - loss: 1.8944 - accuracy: 0.3531 - val_loss: 1.6095 - val_accuracy: 0.4370
Epoch 13/132

 1/98 [..............................] - ETA: 1s - loss: 1.7786 - accuracy: 0.3926
 6/98 [>.............................] - ETA: 1s - loss: 1.8925 - accuracy: 0.3617
11/98 [==>...........................] - ETA: 1s - loss: 1.9138 - accuracy: 0.3533
17/98 [====>.........................] - ETA: 0s - loss: 1.9038 - accuracy: 0.3548
23/98 [======>.......................] - ETA: 0s - loss: 1.8920 - accuracy: 0.3564
29/98 [=======>......................] - ETA: 0s - loss: 1.8840 - accuracy: 0.3584
36/98 [==========>...................] - ETA: 0s - loss: 1.8792 - accuracy: 0.3589
42/98 [===========>..................] - ETA: 0s - loss: 1.8789 - accuracy: 0.3595
48/98 [=============>................] - ETA: 0s - loss: 1.8781 - accuracy: 0.3596
55/98 [===============>..............] - ETA: 0s - loss: 1.8803 - accuracy: 0.3584
61/98 [=================>............] - ETA: 0s - loss: 1.8759 - accuracy: 0.3596
67/98 [===================>..........] - ETA: 0s - loss: 1.8774 - accuracy: 0.3599
74/98 [=====================>........] - ETA: 0s - loss: 1.8751 - accuracy: 0.3603
80/98 [=======================>......] - ETA: 0s - loss: 1.8738 - accuracy: 0.3609
86/98 [=========================>....] - ETA: 0s - loss: 1.8738 - accuracy: 0.3613
92/98 [===========================>..] - ETA: 0s - loss: 1.8684 - accuracy: 0.3625
98/98 [==============================] - 1s 15ms/step - loss: 1.8706 - accuracy: 0.3626 - val_loss: 1.5907 - val_accuracy: 0.4441
Epoch 14/132

 1/98 [..............................] - ETA: 3s - loss: 2.0177 - accuracy: 0.3574
 8/98 [=>............................] - ETA: 0s - loss: 1.8376 - accuracy: 0.3745
14/98 [===>..........................] - ETA: 0s - loss: 1.8469 - accuracy: 0.3719
20/98 [=====>........................] - ETA: 0s - loss: 1.8580 - accuracy: 0.3682
26/98 [======>.......................] - ETA: 0s - loss: 1.8592 - accuracy: 0.3666
33/98 [=========>....................] - ETA: 0s - loss: 1.8514 - accuracy: 0.3688
39/98 [==========>...................] - ETA: 0s - loss: 1.8538 - accuracy: 0.3667
46/98 [=============>................] - ETA: 0s - loss: 1.8532 - accuracy: 0.3660
53/98 [===============>..............] - ETA: 0s - loss: 1.8558 - accuracy: 0.3667
60/98 [=================>............] - ETA: 0s - loss: 1.8523 - accuracy: 0.3660
67/98 [===================>..........] - ETA: 0s - loss: 1.8504 - accuracy: 0.3666
73/98 [=====================>........] - ETA: 0s - loss: 1.8530 - accuracy: 0.3663
80/98 [=======================>......] - ETA: 0s - loss: 1.8546 - accuracy: 0.3660
86/98 [=========================>....] - ETA: 0s - loss: 1.8538 - accuracy: 0.3662
92/98 [===========================>..] - ETA: 0s - loss: 1.8513 - accuracy: 0.3661
98/98 [==============================] - ETA: 0s - loss: 1.8478 - accuracy: 0.3675
98/98 [==============================] - 1s 14ms/step - loss: 1.8478 - accuracy: 0.3675 - val_loss: 1.5744 - val_accuracy: 0.4507
Epoch 15/132

 1/98 [..............................] - ETA: 1s - loss: 1.8819 - accuracy: 0.3398
 7/98 [=>............................] - ETA: 0s - loss: 1.8375 - accuracy: 0.3588
13/98 [==>...........................] - ETA: 0s - loss: 1.8393 - accuracy: 0.3603
19/98 [====>.........................] - ETA: 0s - loss: 1.8353 - accuracy: 0.3675
25/98 [======>.......................] - ETA: 0s - loss: 1.8287 - accuracy: 0.3698
31/98 [========>.....................] - ETA: 0s - loss: 1.8306 - accuracy: 0.3715
38/98 [==========>...................] - ETA: 0s - loss: 1.8290 - accuracy: 0.3724
44/98 [============>.................] - ETA: 0s - loss: 1.8288 - accuracy: 0.3734
51/98 [==============>...............] - ETA: 0s - loss: 1.8288 - accuracy: 0.3741
57/98 [================>.............] - ETA: 0s - loss: 1.8268 - accuracy: 0.3735
63/98 [==================>...........] - ETA: 0s - loss: 1.8222 - accuracy: 0.3749
69/98 [====================>.........] - ETA: 0s - loss: 1.8207 - accuracy: 0.3754
75/98 [=====================>........] - ETA: 0s - loss: 1.8221 - accuracy: 0.3751
82/98 [========================>.....] - ETA: 0s - loss: 1.8205 - accuracy: 0.3752
87/98 [=========================>....] - ETA: 0s - loss: 1.8194 - accuracy: 0.3752
93/98 [===========================>..] - ETA: 0s - loss: 1.8216 - accuracy: 0.3753
98/98 [==============================] - 1s 14ms/step - loss: 1.8222 - accuracy: 0.3751 - val_loss: 1.5592 - val_accuracy: 0.4541
Epoch 16/132

 1/98 [..............................] - ETA: 1s - loss: 1.8105 - accuracy: 0.4023
 7/98 [=>............................] - ETA: 0s - loss: 1.8259 - accuracy: 0.3758
13/98 [==>...........................] - ETA: 0s - loss: 1.8170 - accuracy: 0.3785
19/98 [====>.........................] - ETA: 0s - loss: 1.8134 - accuracy: 0.3762
24/98 [======>.......................] - ETA: 0s - loss: 1.8067 - accuracy: 0.3789
28/98 [=======>......................] - ETA: 0s - loss: 1.8086 - accuracy: 0.3793
35/98 [=========>....................] - ETA: 0s - loss: 1.8094 - accuracy: 0.3809
41/98 [===========>..................] - ETA: 0s - loss: 1.8029 - accuracy: 0.3822
48/98 [=============>................] - ETA: 0s - loss: 1.8047 - accuracy: 0.3817
54/98 [===============>..............] - ETA: 0s - loss: 1.8027 - accuracy: 0.3824
61/98 [=================>............] - ETA: 0s - loss: 1.7999 - accuracy: 0.3828
67/98 [===================>..........] - ETA: 0s - loss: 1.7987 - accuracy: 0.3834
73/98 [=====================>........] - ETA: 0s - loss: 1.7963 - accuracy: 0.3838
79/98 [=======================>......] - ETA: 0s - loss: 1.7984 - accuracy: 0.3822
85/98 [=========================>....] - ETA: 0s - loss: 1.7997 - accuracy: 0.3826
91/98 [==========================>...] - ETA: 0s - loss: 1.8026 - accuracy: 0.3822
97/98 [============================>.] - ETA: 0s - loss: 1.8042 - accuracy: 0.3823
98/98 [==============================] - 1s 15ms/step - loss: 1.8043 - accuracy: 0.3821 - val_loss: 1.5450 - val_accuracy: 0.4586
Epoch 17/132

 1/98 [..............................] - ETA: 3s - loss: 1.7291 - accuracy: 0.4062
 7/98 [=>............................] - ETA: 0s - loss: 1.7895 - accuracy: 0.3856
14/98 [===>..........................] - ETA: 0s - loss: 1.7865 - accuracy: 0.3883
20/98 [=====>........................] - ETA: 0s - loss: 1.7816 - accuracy: 0.3893
26/98 [======>.......................] - ETA: 0s - loss: 1.7815 - accuracy: 0.3875
33/98 [=========>....................] - ETA: 0s - loss: 1.7794 - accuracy: 0.3891
39/98 [==========>...................] - ETA: 0s - loss: 1.7772 - accuracy: 0.3903
45/98 [============>.................] - ETA: 0s - loss: 1.7802 - accuracy: 0.3890
52/98 [==============>...............] - ETA: 0s - loss: 1.7820 - accuracy: 0.3878
59/98 [=================>............] - ETA: 0s - loss: 1.7839 - accuracy: 0.3885
65/98 [==================>...........] - ETA: 0s - loss: 1.7840 - accuracy: 0.3870
72/98 [=====================>........] - ETA: 0s - loss: 1.7810 - accuracy: 0.3885
79/98 [=======================>......] - ETA: 0s - loss: 1.7792 - accuracy: 0.3896
85/98 [=========================>....] - ETA: 0s - loss: 1.7838 - accuracy: 0.3887
91/98 [==========================>...] - ETA: 0s - loss: 1.7847 - accuracy: 0.3885
97/98 [============================>.] - ETA: 0s - loss: 1.7828 - accuracy: 0.3894
98/98 [==============================] - 1s 14ms/step - loss: 1.7840 - accuracy: 0.3889 - val_loss: 1.5313 - val_accuracy: 0.4643
Epoch 18/132

 1/98 [..............................] - ETA: 3s - loss: 1.8829 - accuracy: 0.3691
 7/98 [=>............................] - ETA: 0s - loss: 1.8090 - accuracy: 0.3906
14/98 [===>..........................] - ETA: 0s - loss: 1.8010 - accuracy: 0.3906
20/98 [=====>........................] - ETA: 0s - loss: 1.7782 - accuracy: 0.3942
26/98 [======>.......................] - ETA: 0s - loss: 1.7763 - accuracy: 0.3970
31/98 [========>.....................] - ETA: 0s - loss: 1.7678 - accuracy: 0.3985
37/98 [==========>...................] - ETA: 0s - loss: 1.7639 - accuracy: 0.4000
43/98 [============>.................] - ETA: 0s - loss: 1.7655 - accuracy: 0.4000
49/98 [==============>...............] - ETA: 0s - loss: 1.7667 - accuracy: 0.3996
55/98 [===============>..............] - ETA: 0s - loss: 1.7637 - accuracy: 0.3994
61/98 [=================>............] - ETA: 0s - loss: 1.7654 - accuracy: 0.3989
67/98 [===================>..........] - ETA: 0s - loss: 1.7628 - accuracy: 0.3984
73/98 [=====================>........] - ETA: 0s - loss: 1.7640 - accuracy: 0.3979
80/98 [=======================>......] - ETA: 0s - loss: 1.7659 - accuracy: 0.3965
86/98 [=========================>....] - ETA: 0s - loss: 1.7653 - accuracy: 0.3964
93/98 [===========================>..] - ETA: 0s - loss: 1.7630 - accuracy: 0.3975
98/98 [==============================] - 1s 14ms/step - loss: 1.7643 - accuracy: 0.3969 - val_loss: 1.5186 - val_accuracy: 0.4694
Epoch 19/132

 1/98 [..............................] - ETA: 1s - loss: 1.8268 - accuracy: 0.3672
 7/98 [=>............................] - ETA: 0s - loss: 1.7476 - accuracy: 0.3884
13/98 [==>...........................] - ETA: 0s - loss: 1.7269 - accuracy: 0.4014
19/98 [====>.........................] - ETA: 0s - loss: 1.7340 - accuracy: 0.4023
25/98 [======>.......................] - ETA: 0s - loss: 1.7378 - accuracy: 0.3997
31/98 [========>.....................] - ETA: 0s - loss: 1.7428 - accuracy: 0.3983
37/98 [==========>...................] - ETA: 0s - loss: 1.7464 - accuracy: 0.3969
44/98 [============>.................] - ETA: 0s - loss: 1.7518 - accuracy: 0.3954
50/98 [==============>...............] - ETA: 0s - loss: 1.7534 - accuracy: 0.3958
56/98 [================>.............] - ETA: 0s - loss: 1.7529 - accuracy: 0.3956
62/98 [=================>............] - ETA: 0s - loss: 1.7502 - accuracy: 0.3964
69/98 [====================>.........] - ETA: 0s - loss: 1.7534 - accuracy: 0.3965
75/98 [=====================>........] - ETA: 0s - loss: 1.7525 - accuracy: 0.3962
82/98 [========================>.....] - ETA: 0s - loss: 1.7516 - accuracy: 0.3957
88/98 [=========================>....] - ETA: 0s - loss: 1.7501 - accuracy: 0.3962
94/98 [===========================>..] - ETA: 0s - loss: 1.7494 - accuracy: 0.3965
98/98 [==============================] - 1s 14ms/step - loss: 1.7493 - accuracy: 0.3974 - val_loss: 1.5066 - val_accuracy: 0.4738
Epoch 20/132

 1/98 [..............................] - ETA: 1s - loss: 1.7680 - accuracy: 0.4062
 6/98 [>.............................] - ETA: 1s - loss: 1.7421 - accuracy: 0.3929
13/98 [==>...........................] - ETA: 0s - loss: 1.7418 - accuracy: 0.3999
19/98 [====>.........................] - ETA: 0s - loss: 1.7417 - accuracy: 0.3995
25/98 [======>.......................] - ETA: 0s - loss: 1.7273 - accuracy: 0.4033
31/98 [========>.....................] - ETA: 0s - loss: 1.7234 - accuracy: 0.4035
37/98 [==========>...................] - ETA: 0s - loss: 1.7203 - accuracy: 0.4029
44/98 [============>.................] - ETA: 0s - loss: 1.7253 - accuracy: 0.4022
50/98 [==============>...............] - ETA: 0s - loss: 1.7239 - accuracy: 0.4032
56/98 [================>.............] - ETA: 0s - loss: 1.7271 - accuracy: 0.4036
63/98 [==================>...........] - ETA: 0s - loss: 1.7244 - accuracy: 0.4045
69/98 [====================>.........] - ETA: 0s - loss: 1.7263 - accuracy: 0.4055
75/98 [=====================>........] - ETA: 0s - loss: 1.7285 - accuracy: 0.4048
82/98 [========================>.....] - ETA: 0s - loss: 1.7288 - accuracy: 0.4048
88/98 [=========================>....] - ETA: 0s - loss: 1.7266 - accuracy: 0.4062
95/98 [============================>.] - ETA: 0s - loss: 1.7258 - accuracy: 0.4056
98/98 [==============================] - 1s 14ms/step - loss: 1.7273 - accuracy: 0.4055 - val_loss: 1.4952 - val_accuracy: 0.4775
Epoch 21/132

 1/98 [..............................] - ETA: 1s - loss: 1.6437 - accuracy: 0.4336
 6/98 [>.............................] - ETA: 1s - loss: 1.7074 - accuracy: 0.4108
13/98 [==>...........................] - ETA: 0s - loss: 1.7261 - accuracy: 0.4037
20/98 [=====>........................] - ETA: 0s - loss: 1.7117 - accuracy: 0.4057
27/98 [=======>......................] - ETA: 0s - loss: 1.7071 - accuracy: 0.4075
33/98 [=========>....................] - ETA: 0s - loss: 1.7086 - accuracy: 0.4068
38/98 [==========>...................] - ETA: 0s - loss: 1.7063 - accuracy: 0.4076
44/98 [============>.................] - ETA: 0s - loss: 1.7110 - accuracy: 0.4087
51/98 [==============>...............] - ETA: 0s - loss: 1.7072 - accuracy: 0.4099
57/98 [================>.............] - ETA: 0s - loss: 1.7057 - accuracy: 0.4099
64/98 [==================>...........] - ETA: 0s - loss: 1.7083 - accuracy: 0.4098
71/98 [====================>.........] - ETA: 0s - loss: 1.7046 - accuracy: 0.4106
78/98 [======================>.......] - ETA: 0s - loss: 1.7050 - accuracy: 0.4106
84/98 [========================>.....] - ETA: 0s - loss: 1.7067 - accuracy: 0.4096
91/98 [==========================>...] - ETA: 0s - loss: 1.7094 - accuracy: 0.4089
97/98 [============================>.] - ETA: 0s - loss: 1.7091 - accuracy: 0.4096
98/98 [==============================] - 1s 14ms/step - loss: 1.7105 - accuracy: 0.4094 - val_loss: 1.4841 - val_accuracy: 0.4825
Epoch 22/132

 1/98 [..............................] - ETA: 1s - loss: 1.7163 - accuracy: 0.3988
 7/98 [=>............................] - ETA: 0s - loss: 1.6904 - accuracy: 0.4196
13/98 [==>...........................] - ETA: 0s - loss: 1.6724 - accuracy: 0.4225
19/98 [====>.........................] - ETA: 0s - loss: 1.6801 - accuracy: 0.4221
25/98 [======>.......................] - ETA: 0s - loss: 1.6955 - accuracy: 0.4179
32/98 [========>.....................] - ETA: 0s - loss: 1.7015 - accuracy: 0.4154
39/98 [==========>...................] - ETA: 0s - loss: 1.6972 - accuracy: 0.4153
45/98 [============>.................] - ETA: 0s - loss: 1.6966 - accuracy: 0.4156
52/98 [==============>...............] - ETA: 0s - loss: 1.6964 - accuracy: 0.4142
59/98 [=================>............] - ETA: 0s - loss: 1.6952 - accuracy: 0.4145
65/98 [==================>...........] - ETA: 0s - loss: 1.6953 - accuracy: 0.4145
71/98 [====================>.........] - ETA: 0s - loss: 1.6949 - accuracy: 0.4153
76/98 [======================>.......] - ETA: 0s - loss: 1.6948 - accuracy: 0.4150
82/98 [========================>.....] - ETA: 0s - loss: 1.6928 - accuracy: 0.4150
89/98 [==========================>...] - ETA: 0s - loss: 1.6929 - accuracy: 0.4153
94/98 [===========================>..] - ETA: 0s - loss: 1.6949 - accuracy: 0.4148
98/98 [==============================] - 1s 14ms/step - loss: 1.6975 - accuracy: 0.4141 - val_loss: 1.4747 - val_accuracy: 0.4853
Epoch 23/132

 1/98 [..............................] - ETA: 2s - loss: 1.6391 - accuracy: 0.4219
 7/98 [=>............................] - ETA: 0s - loss: 1.6935 - accuracy: 0.4146
13/98 [==>...........................] - ETA: 0s - loss: 1.7069 - accuracy: 0.4117
19/98 [====>.........................] - ETA: 0s - loss: 1.6853 - accuracy: 0.4180
25/98 [======>.......................] - ETA: 0s - loss: 1.6827 - accuracy: 0.4173
32/98 [========>.....................] - ETA: 0s - loss: 1.6917 - accuracy: 0.4163
39/98 [==========>...................] - ETA: 0s - loss: 1.6930 - accuracy: 0.4164
45/98 [============>.................] - ETA: 0s - loss: 1.6894 - accuracy: 0.4173
52/98 [==============>...............] - ETA: 0s - loss: 1.6908 - accuracy: 0.4185
58/98 [================>.............] - ETA: 0s - loss: 1.6867 - accuracy: 0.4195
64/98 [==================>...........] - ETA: 0s - loss: 1.6872 - accuracy: 0.4196
70/98 [====================>.........] - ETA: 0s - loss: 1.6867 - accuracy: 0.4196
77/98 [======================>.......] - ETA: 0s - loss: 1.6860 - accuracy: 0.4194
83/98 [========================>.....] - ETA: 0s - loss: 1.6810 - accuracy: 0.4214
89/98 [==========================>...] - ETA: 0s - loss: 1.6788 - accuracy: 0.4220
96/98 [============================>.] - ETA: 0s - loss: 1.6804 - accuracy: 0.4218
98/98 [==============================] - 1s 14ms/step - loss: 1.6803 - accuracy: 0.4216 - val_loss: 1.4648 - val_accuracy: 0.4893
Epoch 24/132

 1/98 [..............................] - ETA: 1s - loss: 1.6427 - accuracy: 0.4141
 6/98 [>.............................] - ETA: 1s - loss: 1.6505 - accuracy: 0.4268
12/98 [==>...........................] - ETA: 0s - loss: 1.6482 - accuracy: 0.4282
18/98 [====>.........................] - ETA: 0s - loss: 1.6677 - accuracy: 0.4195
24/98 [======>.......................] - ETA: 0s - loss: 1.6710 - accuracy: 0.4200
30/98 [========>.....................] - ETA: 0s - loss: 1.6676 - accuracy: 0.4218
37/98 [==========>...................] - ETA: 0s - loss: 1.6681 - accuracy: 0.4221
44/98 [============>.................] - ETA: 0s - loss: 1.6651 - accuracy: 0.4244
50/98 [==============>...............] - ETA: 0s - loss: 1.6688 - accuracy: 0.4221
57/98 [================>.............] - ETA: 0s - loss: 1.6710 - accuracy: 0.4219
64/98 [==================>...........] - ETA: 0s - loss: 1.6729 - accuracy: 0.4218
71/98 [====================>.........] - ETA: 0s - loss: 1.6730 - accuracy: 0.4222
77/98 [======================>.......] - ETA: 0s - loss: 1.6711 - accuracy: 0.4230
83/98 [========================>.....] - ETA: 0s - loss: 1.6716 - accuracy: 0.4225
89/98 [==========================>...] - ETA: 0s - loss: 1.6694 - accuracy: 0.4228
95/98 [============================>.] - ETA: 0s - loss: 1.6714 - accuracy: 0.4219
98/98 [==============================] - 1s 14ms/step - loss: 1.6700 - accuracy: 0.4226 - val_loss: 1.4555 - val_accuracy: 0.4921
Epoch 25/132

 1/98 [..............................] - ETA: 3s - loss: 1.5492 - accuracy: 0.4336
 8/98 [=>............................] - ETA: 0s - loss: 1.6561 - accuracy: 0.4268
13/98 [==>...........................] - ETA: 0s - loss: 1.6469 - accuracy: 0.4282
20/98 [=====>........................] - ETA: 0s - loss: 1.6497 - accuracy: 0.4271
26/98 [======>.......................] - ETA: 0s - loss: 1.6590 - accuracy: 0.4232
33/98 [=========>....................] - ETA: 0s - loss: 1.6654 - accuracy: 0.4228
39/98 [==========>...................] - ETA: 0s - loss: 1.6679 - accuracy: 0.4223
46/98 [=============>................] - ETA: 0s - loss: 1.6613 - accuracy: 0.4238
53/98 [===============>..............] - ETA: 0s - loss: 1.6595 - accuracy: 0.4236
59/98 [=================>............] - ETA: 0s - loss: 1.6583 - accuracy: 0.4242
66/98 [===================>..........] - ETA: 0s - loss: 1.6570 - accuracy: 0.4249
72/98 [=====================>........] - ETA: 0s - loss: 1.6563 - accuracy: 0.4247
79/98 [=======================>......] - ETA: 0s - loss: 1.6560 - accuracy: 0.4250
85/98 [=========================>....] - ETA: 0s - loss: 1.6541 - accuracy: 0.4262
91/98 [==========================>...] - ETA: 0s - loss: 1.6536 - accuracy: 0.4261
97/98 [============================>.] - ETA: 0s - loss: 1.6527 - accuracy: 0.4261
98/98 [==============================] - 1s 14ms/step - loss: 1.6528 - accuracy: 0.4262 - val_loss: 1.4459 - val_accuracy: 0.4971
Epoch 26/132

 1/98 [..............................] - ETA: 3s - loss: 1.6746 - accuracy: 0.4336
