2024-06-26 05:05:48.920366: I tensorflow/core/platform/cpu_feature_guard.cc:193] This TensorFlow binary is optimized with oneAPI Deep Neural Network Library (oneDNN) to use the following CPU instructions in performance-critical operations:  AVX AVX2
To enable them in other operations, rebuild TensorFlow with the appropriate compiler flags.
2024-06-26 05:05:49.387364: I tensorflow/core/common_runtime/gpu/gpu_device.cc:1616] Created device /job:localhost/replica:0/task:0/device:GPU:0 with 6656 MB memory:  -> device: 0, name: NVIDIA GeForce RTX 4060 Ti, pci bus id: 0000:01:00.0, compute capability: 8.9
1 Physical GPUs, 1 Logical GPUs
Model: "sequential"
_________________________________________________________________
 Layer (type)                Output Shape              Param #   
=================================================================
 conv2d (Conv2D)             (None, 32, 32, 32)        896       
                                                                 
 max_pooling2d (MaxPooling2D  (None, 16, 16, 32)       0         
 )                                                               
                                                                 
 batch_normalization (BatchN  (None, 16, 16, 32)       128       
 ormalization)                                                   
                                                                 
 dropout (Dropout)           (None, 16, 16, 32)        0         
                                                                 
 flatten (Flatten)           (None, 8192)              0         
                                                                 
 dense (Dense)               (None, 10)                81930     
                                                                 
=================================================================
Total params: 82,954
Trainable params: 82,890
Non-trainable params: 64
_________________________________________________________________
Taxa de aprendizado:  1e-05 Num de épocas:  132 Tamanho do lote:  512 Dropout:  0.41872
Epoch 1/132
2024-06-26 05:05:50.468051: I tensorflow/stream_executor/cuda/cuda_dnn.cc:384] Loaded cuDNN version 8100
2024-06-26 05:05:51.120367: W tensorflow/stream_executor/gpu/redzone_allocator.cc:314] INTERNAL: ptxas exited with non-zero error code -1, output: 
Relying on driver to perform ptx compilation. 
Modify $PATH to customize ptxas location.
This message will be only logged once.
2024-06-26 05:05:51.745773: I tensorflow/stream_executor/cuda/cuda_blas.cc:1614] TensorFloat-32 will be used for the matrix multiplication. This will only be logged once.

 1/98 [..............................] - ETA: 3:38 - loss: 2.8004 - accuracy: 0.1348
 7/98 [=>............................] - ETA: 0s - loss: 2.8586 - accuracy: 0.1233  
12/98 [==>...........................] - ETA: 0s - loss: 2.8514 - accuracy: 0.1214
19/98 [====>.........................] - ETA: 0s - loss: 2.8198 - accuracy: 0.1259
25/98 [======>.......................] - ETA: 0s - loss: 2.7981 - accuracy: 0.1260
32/98 [========>.....................] - ETA: 0s - loss: 2.7772 - accuracy: 0.1295
38/98 [==========>...................] - ETA: 0s - loss: 2.7553 - accuracy: 0.1320
45/98 [============>.................] - ETA: 0s - loss: 2.7388 - accuracy: 0.1355
49/98 [==============>...............] - ETA: 0s - loss: 2.7315 - accuracy: 0.1358
55/98 [===============>..............] - ETA: 0s - loss: 2.7157 - accuracy: 0.1394
62/98 [=================>............] - ETA: 0s - loss: 2.6993 - accuracy: 0.1416
68/98 [===================>..........] - ETA: 0s - loss: 2.6842 - accuracy: 0.1439
75/98 [=====================>........] - ETA: 0s - loss: 2.6647 - accuracy: 0.1476
81/98 [=======================>......] - ETA: 0s - loss: 2.6533 - accuracy: 0.1500
88/98 [=========================>....] - ETA: 0s - loss: 2.6368 - accuracy: 0.1533
94/98 [===========================>..] - ETA: 0s - loss: 2.6256 - accuracy: 0.1554
98/98 [==============================] - 4s 16ms/step - loss: 2.6173 - accuracy: 0.1572 - val_loss: 2.2524 - val_accuracy: 0.1868
Epoch 2/132

 1/98 [..............................] - ETA: 3s - loss: 2.3837 - accuracy: 0.2168
 7/98 [=>............................] - ETA: 0s - loss: 2.4124 - accuracy: 0.1945
14/98 [===>..........................] - ETA: 0s - loss: 2.4262 - accuracy: 0.1861
20/98 [=====>........................] - ETA: 0s - loss: 2.4152 - accuracy: 0.1882
26/98 [======>.......................] - ETA: 0s - loss: 2.4180 - accuracy: 0.1894
33/98 [=========>....................] - ETA: 0s - loss: 2.4112 - accuracy: 0.1929
40/98 [===========>..................] - ETA: 0s - loss: 2.4029 - accuracy: 0.1946
46/98 [=============>................] - ETA: 0s - loss: 2.3988 - accuracy: 0.1958
52/98 [==============>...............] - ETA: 0s - loss: 2.3901 - accuracy: 0.1974
59/98 [=================>............] - ETA: 0s - loss: 2.3835 - accuracy: 0.1989
65/98 [==================>...........] - ETA: 0s - loss: 2.3761 - accuracy: 0.2010
71/98 [====================>.........] - ETA: 0s - loss: 2.3706 - accuracy: 0.2031
77/98 [======================>.......] - ETA: 0s - loss: 2.3671 - accuracy: 0.2037
83/98 [========================>.....] - ETA: 0s - loss: 2.3592 - accuracy: 0.2051
89/98 [==========================>...] - ETA: 0s - loss: 2.3556 - accuracy: 0.2060
95/98 [============================>.] - ETA: 0s - loss: 2.3511 - accuracy: 0.2070
98/98 [==============================] - 1s 14ms/step - loss: 2.3484 - accuracy: 0.2081 - val_loss: 2.1849 - val_accuracy: 0.2398
Epoch 3/132

 1/98 [..............................] - ETA: 3s - loss: 2.2981 - accuracy: 0.2207
 7/98 [=>............................] - ETA: 0s - loss: 2.2597 - accuracy: 0.2316
14/98 [===>..........................] - ETA: 0s - loss: 2.2423 - accuracy: 0.2347
20/98 [=====>........................] - ETA: 0s - loss: 2.2396 - accuracy: 0.2300
27/98 [=======>......................] - ETA: 0s - loss: 2.2402 - accuracy: 0.2316
33/98 [=========>....................] - ETA: 0s - loss: 2.2386 - accuracy: 0.2303
40/98 [===========>..................] - ETA: 0s - loss: 2.2330 - accuracy: 0.2324
46/98 [=============>................] - ETA: 0s - loss: 2.2367 - accuracy: 0.2320
51/98 [==============>...............] - ETA: 0s - loss: 2.2351 - accuracy: 0.2321
56/98 [================>.............] - ETA: 0s - loss: 2.2350 - accuracy: 0.2332
63/98 [==================>...........] - ETA: 0s - loss: 2.2300 - accuracy: 0.2354
69/98 [====================>.........] - ETA: 0s - loss: 2.2283 - accuracy: 0.2370
76/98 [======================>.......] - ETA: 0s - loss: 2.2241 - accuracy: 0.2384
82/98 [========================>.....] - ETA: 0s - loss: 2.2213 - accuracy: 0.2393
89/98 [==========================>...] - ETA: 0s - loss: 2.2168 - accuracy: 0.2403
95/98 [============================>.] - ETA: 0s - loss: 2.2157 - accuracy: 0.2408
98/98 [==============================] - 1s 14ms/step - loss: 2.2131 - accuracy: 0.2417 - val_loss: 2.0947 - val_accuracy: 0.2823
Epoch 4/132

 1/98 [..............................] - ETA: 3s - loss: 2.2304 - accuracy: 0.2324
 7/98 [=>............................] - ETA: 0s - loss: 2.1386 - accuracy: 0.2573
13/98 [==>...........................] - ETA: 0s - loss: 2.1395 - accuracy: 0.2571
19/98 [====>.........................] - ETA: 0s - loss: 2.1381 - accuracy: 0.2584
26/98 [======>.......................] - ETA: 0s - loss: 2.1430 - accuracy: 0.2574
33/98 [=========>....................] - ETA: 0s - loss: 2.1369 - accuracy: 0.2579
40/98 [===========>..................] - ETA: 0s - loss: 2.1345 - accuracy: 0.2599
46/98 [=============>................] - ETA: 0s - loss: 2.1339 - accuracy: 0.2605
53/98 [===============>..............] - ETA: 0s - loss: 2.1314 - accuracy: 0.2619
60/98 [=================>............] - ETA: 0s - loss: 2.1346 - accuracy: 0.2613
66/98 [===================>..........] - ETA: 0s - loss: 2.1295 - accuracy: 0.2621
73/98 [=====================>........] - ETA: 0s - loss: 2.1301 - accuracy: 0.2621
79/98 [=======================>......] - ETA: 0s - loss: 2.1282 - accuracy: 0.2628
86/98 [=========================>....] - ETA: 0s - loss: 2.1256 - accuracy: 0.2630
93/98 [===========================>..] - ETA: 0s - loss: 2.1238 - accuracy: 0.2641
98/98 [==============================] - 1s 14ms/step - loss: 2.1218 - accuracy: 0.2642 - val_loss: 1.9898 - val_accuracy: 0.3141
Epoch 5/132

 1/98 [..............................] - ETA: 1s - loss: 2.0894 - accuracy: 0.2500
 6/98 [>.............................] - ETA: 1s - loss: 2.1143 - accuracy: 0.2699
13/98 [==>...........................] - ETA: 0s - loss: 2.1045 - accuracy: 0.2689
20/98 [=====>........................] - ETA: 0s - loss: 2.0900 - accuracy: 0.2716
26/98 [======>.......................] - ETA: 0s - loss: 2.0890 - accuracy: 0.2730
33/98 [=========>....................] - ETA: 0s - loss: 2.0861 - accuracy: 0.2768
39/98 [==========>...................] - ETA: 0s - loss: 2.0810 - accuracy: 0.2795
46/98 [=============>................] - ETA: 0s - loss: 2.0737 - accuracy: 0.2799
53/98 [===============>..............] - ETA: 0s - loss: 2.0715 - accuracy: 0.2810
59/98 [=================>............] - ETA: 0s - loss: 2.0676 - accuracy: 0.2828
66/98 [===================>..........] - ETA: 0s - loss: 2.0643 - accuracy: 0.2836
72/98 [=====================>........] - ETA: 0s - loss: 2.0624 - accuracy: 0.2845
79/98 [=======================>......] - ETA: 0s - loss: 2.0634 - accuracy: 0.2844
85/98 [=========================>....] - ETA: 0s - loss: 2.0607 - accuracy: 0.2845
91/98 [==========================>...] - ETA: 0s - loss: 2.0579 - accuracy: 0.2857
97/98 [============================>.] - ETA: 0s - loss: 2.0533 - accuracy: 0.2866
98/98 [==============================] - 1s 14ms/step - loss: 2.0526 - accuracy: 0.2868 - val_loss: 1.8897 - val_accuracy: 0.3429
Epoch 6/132

 1/98 [..............................] - ETA: 1s - loss: 1.9609 - accuracy: 0.3105
 7/98 [=>............................] - ETA: 0s - loss: 2.0044 - accuracy: 0.3027
13/98 [==>...........................] - ETA: 0s - loss: 2.0304 - accuracy: 0.2957
19/98 [====>.........................] - ETA: 0s - loss: 2.0194 - accuracy: 0.2978
26/98 [======>.......................] - ETA: 0s - loss: 2.0178 - accuracy: 0.2997
33/98 [=========>....................] - ETA: 0s - loss: 2.0213 - accuracy: 0.2980
39/98 [==========>...................] - ETA: 0s - loss: 2.0180 - accuracy: 0.2991
44/98 [============>.................] - ETA: 0s - loss: 2.0167 - accuracy: 0.2998
49/98 [==============>...............] - ETA: 0s - loss: 2.0167 - accuracy: 0.3006
56/98 [================>.............] - ETA: 0s - loss: 2.0149 - accuracy: 0.3008
62/98 [=================>............] - ETA: 0s - loss: 2.0154 - accuracy: 0.3000
69/98 [====================>.........] - ETA: 0s - loss: 2.0100 - accuracy: 0.3015
75/98 [=====================>........] - ETA: 0s - loss: 2.0088 - accuracy: 0.3018
82/98 [========================>.....] - ETA: 0s - loss: 2.0075 - accuracy: 0.3030
89/98 [==========================>...] - ETA: 0s - loss: 2.0095 - accuracy: 0.3029
95/98 [============================>.] - ETA: 0s - loss: 2.0107 - accuracy: 0.3028
98/98 [==============================] - 1s 14ms/step - loss: 2.0087 - accuracy: 0.3031 - val_loss: 1.8100 - val_accuracy: 0.3680
Epoch 7/132

 1/98 [..............................] - ETA: 3s - loss: 1.9153 - accuracy: 0.3301
 8/98 [=>............................] - ETA: 0s - loss: 1.9836 - accuracy: 0.3102
14/98 [===>..........................] - ETA: 0s - loss: 1.9617 - accuracy: 0.3155
21/98 [=====>........................] - ETA: 0s - loss: 1.9670 - accuracy: 0.3125
27/98 [=======>......................] - ETA: 0s - loss: 1.9638 - accuracy: 0.3155
34/98 [=========>....................] - ETA: 0s - loss: 1.9666 - accuracy: 0.3126
40/98 [===========>..................] - ETA: 0s - loss: 1.9634 - accuracy: 0.3130
47/98 [=============>................] - ETA: 0s - loss: 1.9644 - accuracy: 0.3138
53/98 [===============>..............] - ETA: 0s - loss: 1.9661 - accuracy: 0.3136
59/98 [=================>............] - ETA: 0s - loss: 1.9652 - accuracy: 0.3146
66/98 [===================>..........] - ETA: 0s - loss: 1.9615 - accuracy: 0.3158
73/98 [=====================>........] - ETA: 0s - loss: 1.9605 - accuracy: 0.3168
79/98 [=======================>......] - ETA: 0s - loss: 1.9583 - accuracy: 0.3180
86/98 [=========================>....] - ETA: 0s - loss: 1.9612 - accuracy: 0.3175
92/98 [===========================>..] - ETA: 0s - loss: 1.9605 - accuracy: 0.3179
98/98 [==============================] - 1s 14ms/step - loss: 1.9591 - accuracy: 0.3184 - val_loss: 1.7545 - val_accuracy: 0.3841
Epoch 8/132

 1/98 [..............................] - ETA: 3s - loss: 1.8673 - accuracy: 0.3379
 6/98 [>.............................] - ETA: 1s - loss: 1.9414 - accuracy: 0.3145
11/98 [==>...........................] - ETA: 1s - loss: 1.9308 - accuracy: 0.3208
17/98 [====>.........................] - ETA: 0s - loss: 1.9283 - accuracy: 0.3209
22/98 [=====>........................] - ETA: 0s - loss: 1.9251 - accuracy: 0.3220
28/98 [=======>......................] - ETA: 0s - loss: 1.9178 - accuracy: 0.3235
34/98 [=========>....................] - ETA: 0s - loss: 1.9258 - accuracy: 0.3223
41/98 [===========>..................] - ETA: 0s - loss: 1.9272 - accuracy: 0.3225
48/98 [=============>................] - ETA: 0s - loss: 1.9273 - accuracy: 0.3225
54/98 [===============>..............] - ETA: 0s - loss: 1.9291 - accuracy: 0.3223
60/98 [=================>............] - ETA: 0s - loss: 1.9299 - accuracy: 0.3223
66/98 [===================>..........] - ETA: 0s - loss: 1.9321 - accuracy: 0.3219
73/98 [=====================>........] - ETA: 0s - loss: 1.9300 - accuracy: 0.3231
79/98 [=======================>......] - ETA: 0s - loss: 1.9272 - accuracy: 0.3245
86/98 [=========================>....] - ETA: 0s - loss: 1.9268 - accuracy: 0.3252
93/98 [===========================>..] - ETA: 0s - loss: 1.9256 - accuracy: 0.3262
98/98 [==============================] - 1s 14ms/step - loss: 1.9240 - accuracy: 0.3267 - val_loss: 1.7151 - val_accuracy: 0.3985
Epoch 9/132

 1/98 [..............................] - ETA: 1s - loss: 1.8063 - accuracy: 0.3477
 6/98 [>.............................] - ETA: 1s - loss: 1.8929 - accuracy: 0.3447
13/98 [==>...........................] - ETA: 0s - loss: 1.8990 - accuracy: 0.3376
19/98 [====>.........................] - ETA: 0s - loss: 1.8990 - accuracy: 0.3368
25/98 [======>.......................] - ETA: 0s - loss: 1.8999 - accuracy: 0.3373
31/98 [========>.....................] - ETA: 0s - loss: 1.9078 - accuracy: 0.3335
38/98 [==========>...................] - ETA: 0s - loss: 1.9035 - accuracy: 0.3349
44/98 [============>.................] - ETA: 0s - loss: 1.9036 - accuracy: 0.3358
50/98 [==============>...............] - ETA: 0s - loss: 1.9022 - accuracy: 0.3368
57/98 [================>.............] - ETA: 0s - loss: 1.8989 - accuracy: 0.3382
63/98 [==================>...........] - ETA: 0s - loss: 1.8980 - accuracy: 0.3380
69/98 [====================>.........] - ETA: 0s - loss: 1.8980 - accuracy: 0.3385
75/98 [=====================>........] - ETA: 0s - loss: 1.8968 - accuracy: 0.3388
82/98 [========================>.....] - ETA: 0s - loss: 1.8947 - accuracy: 0.3400
88/98 [=========================>....] - ETA: 0s - loss: 1.8951 - accuracy: 0.3395
94/98 [===========================>..] - ETA: 0s - loss: 1.8927 - accuracy: 0.3404
98/98 [==============================] - 1s 14ms/step - loss: 1.8922 - accuracy: 0.3405 - val_loss: 1.6853 - val_accuracy: 0.4092
Epoch 10/132

 1/98 [..............................] - ETA: 1s - loss: 1.9103 - accuracy: 0.3516
 7/98 [=>............................] - ETA: 0s - loss: 1.9114 - accuracy: 0.3440
13/98 [==>...........................] - ETA: 0s - loss: 1.8976 - accuracy: 0.3441
20/98 [=====>........................] - ETA: 0s - loss: 1.8869 - accuracy: 0.3509
27/98 [=======>......................] - ETA: 0s - loss: 1.8786 - accuracy: 0.3498
34/98 [=========>....................] - ETA: 0s - loss: 1.8731 - accuracy: 0.3494
40/98 [===========>..................] - ETA: 0s - loss: 1.8750 - accuracy: 0.3478
47/98 [=============>................] - ETA: 0s - loss: 1.8769 - accuracy: 0.3480
54/98 [===============>..............] - ETA: 0s - loss: 1.8766 - accuracy: 0.3466
60/98 [=================>............] - ETA: 0s - loss: 1.8724 - accuracy: 0.3481
67/98 [===================>..........] - ETA: 0s - loss: 1.8740 - accuracy: 0.3463
74/98 [=====================>........] - ETA: 0s - loss: 1.8750 - accuracy: 0.3460
80/98 [=======================>......] - ETA: 0s - loss: 1.8735 - accuracy: 0.3460
86/98 [=========================>....] - ETA: 0s - loss: 1.8709 - accuracy: 0.3470
92/98 [===========================>..] - ETA: 0s - loss: 1.8685 - accuracy: 0.3479
98/98 [==============================] - 1s 14ms/step - loss: 1.8660 - accuracy: 0.3485 - val_loss: 1.6614 - val_accuracy: 0.4166
Epoch 11/132

 1/98 [..............................] - ETA: 1s - loss: 1.7886 - accuracy: 0.3535
 7/98 [=>............................] - ETA: 0s - loss: 1.8268 - accuracy: 0.3556
14/98 [===>..........................] - ETA: 0s - loss: 1.8524 - accuracy: 0.3475
20/98 [=====>........................] - ETA: 0s - loss: 1.8532 - accuracy: 0.3460
27/98 [=======>......................] - ETA: 0s - loss: 1.8494 - accuracy: 0.3506
34/98 [=========>....................] - ETA: 0s - loss: 1.8509 - accuracy: 0.3486
40/98 [===========>..................] - ETA: 0s - loss: 1.8447 - accuracy: 0.3513
46/98 [=============>................] - ETA: 0s - loss: 1.8451 - accuracy: 0.3527
52/98 [==============>...............] - ETA: 0s - loss: 1.8460 - accuracy: 0.3541
59/98 [=================>............] - ETA: 0s - loss: 1.8391 - accuracy: 0.3560
65/98 [==================>...........] - ETA: 0s - loss: 1.8397 - accuracy: 0.3554
72/98 [=====================>........] - ETA: 0s - loss: 1.8430 - accuracy: 0.3549
78/98 [======================>.......] - ETA: 0s - loss: 1.8416 - accuracy: 0.3558
85/98 [=========================>....] - ETA: 0s - loss: 1.8398 - accuracy: 0.3560
92/98 [===========================>..] - ETA: 0s - loss: 1.8409 - accuracy: 0.3558
98/98 [==============================] - ETA: 0s - loss: 1.8402 - accuracy: 0.3560
98/98 [==============================] - 1s 14ms/step - loss: 1.8402 - accuracy: 0.3560 - val_loss: 1.6405 - val_accuracy: 0.4236
Epoch 12/132

 1/98 [..............................] - ETA: 3s - loss: 1.8920 - accuracy: 0.3359
 7/98 [=>............................] - ETA: 0s - loss: 1.8509 - accuracy: 0.3496
13/98 [==>...........................] - ETA: 0s - loss: 1.8320 - accuracy: 0.3586
19/98 [====>.........................] - ETA: 0s - loss: 1.8227 - accuracy: 0.3608
26/98 [======>.......................] - ETA: 0s - loss: 1.8265 - accuracy: 0.3587
32/98 [========>.....................] - ETA: 0s - loss: 1.8249 - accuracy: 0.3598
39/98 [==========>...................] - ETA: 0s - loss: 1.8309 - accuracy: 0.3575
45/98 [============>.................] - ETA: 0s - loss: 1.8326 - accuracy: 0.3586
52/98 [==============>...............] - ETA: 0s - loss: 1.8343 - accuracy: 0.3576
58/98 [================>.............] - ETA: 0s - loss: 1.8311 - accuracy: 0.3585
65/98 [==================>...........] - ETA: 0s - loss: 1.8279 - accuracy: 0.3588
72/98 [=====================>........] - ETA: 0s - loss: 1.8264 - accuracy: 0.3587
78/98 [======================>.......] - ETA: 0s - loss: 1.8245 - accuracy: 0.3598
85/98 [=========================>....] - ETA: 0s - loss: 1.8220 - accuracy: 0.3611
92/98 [===========================>..] - ETA: 0s - loss: 1.8197 - accuracy: 0.3617
98/98 [==============================] - ETA: 0s - loss: 1.8199 - accuracy: 0.3615
98/98 [==============================] - 1s 14ms/step - loss: 1.8199 - accuracy: 0.3615 - val_loss: 1.6214 - val_accuracy: 0.4298
Epoch 13/132

 1/98 [..............................] - ETA: 1s - loss: 1.9148 - accuracy: 0.3496
 7/98 [=>............................] - ETA: 0s - loss: 1.8594 - accuracy: 0.3605
13/98 [==>...........................] - ETA: 0s - loss: 1.8106 - accuracy: 0.3709
20/98 [=====>........................] - ETA: 0s - loss: 1.8155 - accuracy: 0.3667
26/98 [======>.......................] - ETA: 0s - loss: 1.8093 - accuracy: 0.3684
33/98 [=========>....................] - ETA: 0s - loss: 1.8112 - accuracy: 0.3677
40/98 [===========>..................] - ETA: 0s - loss: 1.8069 - accuracy: 0.3678
46/98 [=============>................] - ETA: 0s - loss: 1.8053 - accuracy: 0.3681
53/98 [===============>..............] - ETA: 0s - loss: 1.8026 - accuracy: 0.3695
59/98 [=================>............] - ETA: 0s - loss: 1.8050 - accuracy: 0.3690
66/98 [===================>..........] - ETA: 0s - loss: 1.8034 - accuracy: 0.3690
72/98 [=====================>........] - ETA: 0s - loss: 1.8037 - accuracy: 0.3691
78/98 [======================>.......] - ETA: 0s - loss: 1.8012 - accuracy: 0.3698
84/98 [========================>.....] - ETA: 0s - loss: 1.7999 - accuracy: 0.3708
91/98 [==========================>...] - ETA: 0s - loss: 1.7998 - accuracy: 0.3701
97/98 [============================>.] - ETA: 0s - loss: 1.7987 - accuracy: 0.3710
98/98 [==============================] - 1s 14ms/step - loss: 1.7983 - accuracy: 0.3711 - val_loss: 1.6042 - val_accuracy: 0.4364
Epoch 14/132

 1/98 [..............................] - ETA: 3s - loss: 1.7670 - accuracy: 0.3691
 8/98 [=>............................] - ETA: 0s - loss: 1.7770 - accuracy: 0.3757
14/98 [===>..........................] - ETA: 0s - loss: 1.7671 - accuracy: 0.3848
21/98 [=====>........................] - ETA: 0s - loss: 1.7701 - accuracy: 0.3817
27/98 [=======>......................] - ETA: 0s - loss: 1.7697 - accuracy: 0.3811
34/98 [=========>....................] - ETA: 0s - loss: 1.7741 - accuracy: 0.3805
40/98 [===========>..................] - ETA: 0s - loss: 1.7761 - accuracy: 0.3792
46/98 [=============>................] - ETA: 0s - loss: 1.7732 - accuracy: 0.3793
53/98 [===============>..............] - ETA: 0s - loss: 1.7747 - accuracy: 0.3792
60/98 [=================>............] - ETA: 0s - loss: 1.7770 - accuracy: 0.3779
67/98 [===================>..........] - ETA: 0s - loss: 1.7737 - accuracy: 0.3792
73/98 [=====================>........] - ETA: 0s - loss: 1.7770 - accuracy: 0.3784
80/98 [=======================>......] - ETA: 0s - loss: 1.7781 - accuracy: 0.3787
87/98 [=========================>....] - ETA: 0s - loss: 1.7791 - accuracy: 0.3781
94/98 [===========================>..] - ETA: 0s - loss: 1.7778 - accuracy: 0.3785
98/98 [==============================] - 1s 13ms/step - loss: 1.7781 - accuracy: 0.3786 - val_loss: 1.5877 - val_accuracy: 0.4429
Epoch 15/132

 1/98 [..............................] - ETA: 3s - loss: 1.6745 - accuracy: 0.3867
 7/98 [=>............................] - ETA: 0s - loss: 1.7361 - accuracy: 0.3890
13/98 [==>...........................] - ETA: 0s - loss: 1.7450 - accuracy: 0.3825
20/98 [=====>........................] - ETA: 0s - loss: 1.7540 - accuracy: 0.3782
26/98 [======>.......................] - ETA: 0s - loss: 1.7590 - accuracy: 0.3772
32/98 [========>.....................] - ETA: 0s - loss: 1.7586 - accuracy: 0.3788
38/98 [==========>...................] - ETA: 0s - loss: 1.7595 - accuracy: 0.3789
45/98 [============>.................] - ETA: 0s - loss: 1.7620 - accuracy: 0.3792
51/98 [==============>...............] - ETA: 0s - loss: 1.7607 - accuracy: 0.3810
58/98 [================>.............] - ETA: 0s - loss: 1.7596 - accuracy: 0.3812
64/98 [==================>...........] - ETA: 0s - loss: 1.7588 - accuracy: 0.3809
70/98 [====================>.........] - ETA: 0s - loss: 1.7581 - accuracy: 0.3812
76/98 [======================>.......] - ETA: 0s - loss: 1.7578 - accuracy: 0.3812
82/98 [========================>.....] - ETA: 0s - loss: 1.7572 - accuracy: 0.3817
89/98 [==========================>...] - ETA: 0s - loss: 1.7551 - accuracy: 0.3822
95/98 [============================>.] - ETA: 0s - loss: 1.7551 - accuracy: 0.3817
98/98 [==============================] - 1s 14ms/step - loss: 1.7553 - accuracy: 0.3815 - val_loss: 1.5728 - val_accuracy: 0.4474
Epoch 16/132

 1/98 [..............................] - ETA: 1s - loss: 1.7276 - accuracy: 0.3906
 7/98 [=>............................] - ETA: 0s - loss: 1.7407 - accuracy: 0.3912
13/98 [==>...........................] - ETA: 0s - loss: 1.7331 - accuracy: 0.3902
20/98 [=====>........................] - ETA: 0s - loss: 1.7382 - accuracy: 0.3915
27/98 [=======>......................] - ETA: 0s - loss: 1.7509 - accuracy: 0.3866
31/98 [========>.....................] - ETA: 0s - loss: 1.7557 - accuracy: 0.3840
37/98 [==========>...................] - ETA: 0s - loss: 1.7459 - accuracy: 0.3869
44/98 [============>.................] - ETA: 0s - loss: 1.7451 - accuracy: 0.3883
50/98 [==============>...............] - ETA: 0s - loss: 1.7431 - accuracy: 0.3886
56/98 [================>.............] - ETA: 0s - loss: 1.7414 - accuracy: 0.3891
62/98 [=================>............] - ETA: 0s - loss: 1.7397 - accuracy: 0.3906
69/98 [====================>.........] - ETA: 0s - loss: 1.7430 - accuracy: 0.3897
76/98 [======================>.......] - ETA: 0s - loss: 1.7410 - accuracy: 0.3910
82/98 [========================>.....] - ETA: 0s - loss: 1.7396 - accuracy: 0.3919
89/98 [==========================>...] - ETA: 0s - loss: 1.7417 - accuracy: 0.3914
96/98 [============================>.] - ETA: 0s - loss: 1.7412 - accuracy: 0.3916
98/98 [==============================] - 1s 14ms/step - loss: 1.7411 - accuracy: 0.3911 - val_loss: 1.5584 - val_accuracy: 0.4525
Epoch 17/132

 1/98 [..............................] - ETA: 3s - loss: 1.6633 - accuracy: 0.4082
 7/98 [=>............................] - ETA: 0s - loss: 1.7038 - accuracy: 0.4074
14/98 [===>..........................] - ETA: 0s - loss: 1.7221 - accuracy: 0.4011
20/98 [=====>........................] - ETA: 0s - loss: 1.7164 - accuracy: 0.4016
26/98 [======>.......................] - ETA: 0s - loss: 1.7143 - accuracy: 0.4001
32/98 [========>.....................] - ETA: 0s - loss: 1.7195 - accuracy: 0.3995
39/98 [==========>...................] - ETA: 0s - loss: 1.7199 - accuracy: 0.3995
46/98 [=============>................] - ETA: 0s - loss: 1.7189 - accuracy: 0.3995
53/98 [===============>..............] - ETA: 0s - loss: 1.7208 - accuracy: 0.3987
59/98 [=================>............] - ETA: 0s - loss: 1.7239 - accuracy: 0.3982
66/98 [===================>..........] - ETA: 0s - loss: 1.7215 - accuracy: 0.3975
72/98 [=====================>........] - ETA: 0s - loss: 1.7198 - accuracy: 0.3982
79/98 [=======================>......] - ETA: 0s - loss: 1.7176 - accuracy: 0.3988
85/98 [=========================>....] - ETA: 0s - loss: 1.7215 - accuracy: 0.3975
92/98 [===========================>..] - ETA: 0s - loss: 1.7222 - accuracy: 0.3974
98/98 [==============================] - ETA: 0s - loss: 1.7213 - accuracy: 0.3968
98/98 [==============================] - 1s 14ms/step - loss: 1.7213 - accuracy: 0.3968 - val_loss: 1.5445 - val_accuracy: 0.4595
Epoch 18/132

 1/98 [..............................] - ETA: 3s - loss: 1.7322 - accuracy: 0.3867
 7/98 [=>............................] - ETA: 0s - loss: 1.7095 - accuracy: 0.3898
13/98 [==>...........................] - ETA: 0s - loss: 1.7130 - accuracy: 0.3941
20/98 [=====>........................] - ETA: 0s - loss: 1.7212 - accuracy: 0.3938
26/98 [======>.......................] - ETA: 0s - loss: 1.7163 - accuracy: 0.3953
33/98 [=========>....................] - ETA: 0s - loss: 1.7097 - accuracy: 0.3981
39/98 [==========>...................] - ETA: 0s - loss: 1.7085 - accuracy: 0.3994
45/98 [============>.................] - ETA: 0s - loss: 1.7059 - accuracy: 0.4007
52/98 [==============>...............] - ETA: 0s - loss: 1.7077 - accuracy: 0.4003
58/98 [================>.............] - ETA: 0s - loss: 1.7090 - accuracy: 0.3995
65/98 [==================>...........] - ETA: 0s - loss: 1.7098 - accuracy: 0.3990
71/98 [====================>.........] - ETA: 0s - loss: 1.7088 - accuracy: 0.3990
77/98 [======================>.......] - ETA: 0s - loss: 1.7106 - accuracy: 0.3988
83/98 [========================>.....] - ETA: 0s - loss: 1.7098 - accuracy: 0.3990
89/98 [==========================>...] - ETA: 0s - loss: 1.7092 - accuracy: 0.3985
95/98 [============================>.] - ETA: 0s - loss: 1.7072 - accuracy: 0.3993
98/98 [==============================] - 1s 14ms/step - loss: 1.7061 - accuracy: 0.3995 - val_loss: 1.5323 - val_accuracy: 0.4620
Epoch 19/132

 1/98 [..............................] - ETA: 1s - loss: 1.7165 - accuracy: 0.4102
 6/98 [>.............................] - ETA: 1s - loss: 1.7022 - accuracy: 0.4128
13/98 [==>...........................] - ETA: 0s - loss: 1.7052 - accuracy: 0.4114
19/98 [====>.........................] - ETA: 0s - loss: 1.6949 - accuracy: 0.4106
26/98 [======>.......................] - ETA: 0s - loss: 1.6987 - accuracy: 0.4059
33/98 [=========>....................] - ETA: 0s - loss: 1.7012 - accuracy: 0.4035
39/98 [==========>...................] - ETA: 0s - loss: 1.6994 - accuracy: 0.4023
45/98 [============>.................] - ETA: 0s - loss: 1.7006 - accuracy: 0.4026
51/98 [==============>...............] - ETA: 0s - loss: 1.7044 - accuracy: 0.4022
57/98 [================>.............] - ETA: 0s - loss: 1.7030 - accuracy: 0.4020
64/98 [==================>...........] - ETA: 0s - loss: 1.7028 - accuracy: 0.4021
70/98 [====================>.........] - ETA: 0s - loss: 1.7013 - accuracy: 0.4020
77/98 [======================>.......] - ETA: 0s - loss: 1.6983 - accuracy: 0.4031
83/98 [========================>.....] - ETA: 0s - loss: 1.6949 - accuracy: 0.4032
90/98 [==========================>...] - ETA: 0s - loss: 1.6945 - accuracy: 0.4033
96/98 [============================>.] - ETA: 0s - loss: 1.6937 - accuracy: 0.4034
98/98 [==============================] - 1s 14ms/step - loss: 1.6936 - accuracy: 0.4036 - val_loss: 1.5197 - val_accuracy: 0.4680
Epoch 20/132

 1/98 [..............................] - ETA: 1s - loss: 1.6215 - accuracy: 0.4219
 6/98 [>.............................] - ETA: 1s - loss: 1.6619 - accuracy: 0.4141
12/98 [==>...........................] - ETA: 0s - loss: 1.6712 - accuracy: 0.4141
19/98 [====>.........................] - ETA: 0s - loss: 1.6763 - accuracy: 0.4122
25/98 [======>.......................] - ETA: 0s - loss: 1.6776 - accuracy: 0.4143
32/98 [========>.....................] - ETA: 0s - loss: 1.6812 - accuracy: 0.4123
39/98 [==========>...................] - ETA: 0s - loss: 1.6822 - accuracy: 0.4118
45/98 [============>.................] - ETA: 0s - loss: 1.6811 - accuracy: 0.4109
52/98 [==============>...............] - ETA: 0s - loss: 1.6779 - accuracy: 0.4115
59/98 [=================>............] - ETA: 0s - loss: 1.6758 - accuracy: 0.4120
65/98 [==================>...........] - ETA: 0s - loss: 1.6803 - accuracy: 0.4114
72/98 [=====================>........] - ETA: 0s - loss: 1.6816 - accuracy: 0.4106
79/98 [=======================>......] - ETA: 0s - loss: 1.6805 - accuracy: 0.4118
85/98 [=========================>....] - ETA: 0s - loss: 1.6796 - accuracy: 0.4127
92/98 [===========================>..] - ETA: 0s - loss: 1.6776 - accuracy: 0.4124
98/98 [==============================] - 1s 13ms/step - loss: 1.6780 - accuracy: 0.4123 - val_loss: 1.5081 - val_accuracy: 0.4721
Epoch 21/132

 1/98 [..............................] - ETA: 1s - loss: 1.7140 - accuracy: 0.4102
 7/98 [=>............................] - ETA: 0s - loss: 1.6632 - accuracy: 0.4157
14/98 [===>..........................] - ETA: 0s - loss: 1.6654 - accuracy: 0.4162
20/98 [=====>........................] - ETA: 0s - loss: 1.6686 - accuracy: 0.4152
27/98 [=======>......................] - ETA: 0s - loss: 1.6673 - accuracy: 0.4146
33/98 [=========>....................] - ETA: 0s - loss: 1.6607 - accuracy: 0.4179
40/98 [===========>..................] - ETA: 0s - loss: 1.6615 - accuracy: 0.4185
47/98 [=============>................] - ETA: 0s - loss: 1.6616 - accuracy: 0.4184
53/98 [===============>..............] - ETA: 0s - loss: 1.6633 - accuracy: 0.4180
60/98 [=================>............] - ETA: 0s - loss: 1.6620 - accuracy: 0.4189
66/98 [===================>..........] - ETA: 0s - loss: 1.6600 - accuracy: 0.4194
73/98 [=====================>........] - ETA: 0s - loss: 1.6615 - accuracy: 0.4186
79/98 [=======================>......] - ETA: 0s - loss: 1.6623 - accuracy: 0.4182
85/98 [=========================>....] - ETA: 0s - loss: 1.6625 - accuracy: 0.4183
92/98 [===========================>..] - ETA: 0s - loss: 1.6610 - accuracy: 0.4185
98/98 [==============================] - ETA: 0s - loss: 1.6603 - accuracy: 0.4189
98/98 [==============================] - 1s 14ms/step - loss: 1.6603 - accuracy: 0.4189 - val_loss: 1.4970 - val_accuracy: 0.4765
Epoch 22/132

 1/98 [..............................] - ETA: 3s - loss: 1.5697 - accuracy: 0.4648
 8/98 [=>............................] - ETA: 0s - loss: 1.6217 - accuracy: 0.4360
14/98 [===>..........................] - ETA: 0s - loss: 1.6413 - accuracy: 0.4238
21/98 [=====>........................] - ETA: 0s - loss: 1.6479 - accuracy: 0.4231
27/98 [=======>......................] - ETA: 0s - loss: 1.6535 - accuracy: 0.4197
34/98 [=========>....................] - ETA: 0s - loss: 1.6519 - accuracy: 0.4200
40/98 [===========>..................] - ETA: 0s - loss: 1.6525 - accuracy: 0.4196
46/98 [=============>................] - ETA: 0s - loss: 1.6538 - accuracy: 0.4182
52/98 [==============>...............] - ETA: 0s - loss: 1.6551 - accuracy: 0.4180
59/98 [=================>............] - ETA: 0s - loss: 1.6558 - accuracy: 0.4188
65/98 [==================>...........] - ETA: 0s - loss: 1.6550 - accuracy: 0.4184
72/98 [=====================>........] - ETA: 0s - loss: 1.6565 - accuracy: 0.4181
79/98 [=======================>......] - ETA: 0s - loss: 1.6554 - accuracy: 0.4184
86/98 [=========================>....] - ETA: 0s - loss: 1.6558 - accuracy: 0.4186
92/98 [===========================>..] - ETA: 0s - loss: 1.6548 - accuracy: 0.4186
98/98 [==============================] - 1s 14ms/step - loss: 1.6523 - accuracy: 0.4193 - val_loss: 1.4866 - val_accuracy: 0.4797
Epoch 23/132

 1/98 [..............................] - ETA: 0s - loss: 1.6777 - accuracy: 0.4121
 7/98 [=>............................] - ETA: 0s - loss: 1.6583 - accuracy: 0.4294
13/98 [==>...........................] - ETA: 0s - loss: 1.6423 - accuracy: 0.4249
19/98 [====>.........................] - ETA: 0s - loss: 1.6489 - accuracy: 0.4227
25/98 [======>.......................] - ETA: 0s - loss: 1.6406 - accuracy: 0.4216
32/98 [========>.....................] - ETA: 0s - loss: 1.6423 - accuracy: 0.4225
38/98 [==========>...................] - ETA: 0s - loss: 1.6406 - accuracy: 0.4228
44/98 [============>.................] - ETA: 0s - loss: 1.6384 - accuracy: 0.4248
51/98 [==============>...............] - ETA: 0s - loss: 1.6392 - accuracy: 0.4250
58/98 [================>.............] - ETA: 0s - loss: 1.6337 - accuracy: 0.4263
64/98 [==================>...........] - ETA: 0s - loss: 1.6333 - accuracy: 0.4257
71/98 [====================>.........] - ETA: 0s - loss: 1.6358 - accuracy: 0.4258
77/98 [======================>.......] - ETA: 0s - loss: 1.6361 - accuracy: 0.4259
84/98 [========================>.....] - ETA: 0s - loss: 1.6352 - accuracy: 0.4265
91/98 [==========================>...] - ETA: 0s - loss: 1.6358 - accuracy: 0.4261
97/98 [============================>.] - ETA: 0s - loss: 1.6367 - accuracy: 0.4260
98/98 [==============================] - 1s 14ms/step - loss: 1.6349 - accuracy: 0.4265 - val_loss: 1.4769 - val_accuracy: 0.4831
Epoch 24/132

 1/98 [..............................] - ETA: 1s - loss: 1.6285 - accuracy: 0.4121
 7/98 [=>............................] - ETA: 0s - loss: 1.6407 - accuracy: 0.4199
13/98 [==>...........................] - ETA: 0s - loss: 1.6415 - accuracy: 0.4222
20/98 [=====>........................] - ETA: 0s - loss: 1.6296 - accuracy: 0.4271
26/98 [======>.......................] - ETA: 0s - loss: 1.6349 - accuracy: 0.4253
33/98 [=========>....................] - ETA: 0s - loss: 1.6327 - accuracy: 0.4248
40/98 [===========>..................] - ETA: 0s - loss: 1.6231 - accuracy: 0.4271
46/98 [=============>................] - ETA: 0s - loss: 1.6251 - accuracy: 0.4274
53/98 [===============>..............] - ETA: 0s - loss: 1.6254 - accuracy: 0.4272
60/98 [=================>............] - ETA: 0s - loss: 1.6267 - accuracy: 0.4280
65/98 [==================>...........] - ETA: 0s - loss: 1.6261 - accuracy: 0.4282
71/98 [====================>.........] - ETA: 0s - loss: 1.6279 - accuracy: 0.4277
78/98 [======================>.......] - ETA: 0s - loss: 1.6332 - accuracy: 0.4263
84/98 [========================>.....] - ETA: 0s - loss: 1.6314 - accuracy: 0.4272
91/98 [==========================>...] - ETA: 0s - loss: 1.6277 - accuracy: 0.4284
97/98 [============================>.] - ETA: 0s - loss: 1.6261 - accuracy: 0.4288
98/98 [==============================] - 1s 14ms/step - loss: 1.6254 - accuracy: 0.4290 - val_loss: 1.4674 - val_accuracy: 0.4852
Epoch 25/132

 1/98 [..............................] - ETA: 3s - loss: 1.6213 - accuracy: 0.4141
 8/98 [=>............................] - ETA: 0s - loss: 1.5991 - accuracy: 0.4409
14/98 [===>..........................] - ETA: 0s - loss: 1.6121 - accuracy: 0.4385
21/98 [=====>........................] - ETA: 0s - loss: 1.6168 - accuracy: 0.4368
27/98 [=======>......................] - ETA: 0s - loss: 1.6077 - accuracy: 0.4382
32/98 [========>.....................] - ETA: 0s - loss: 1.6091 - accuracy: 0.4365
38/98 [==========>...................] - ETA: 0s - loss: 1.6080 - accuracy: 0.4360
44/98 [============>.................] - ETA: 0s - loss: 1.6140 - accuracy: 0.4341
50/98 [==============>...............] - ETA: 0s - loss: 1.6145 - accuracy: 0.4344
56/98 [================>.............] - ETA: 0s - loss: 1.6139 - accuracy: 0.4341
61/98 [=================>............] - ETA: 0s - loss: 1.6132 - accuracy: 0.4338
67/98 [===================>..........] - ETA: 0s - loss: 1.6146 - accuracy: 0.4342
74/98 [=====================>........] - ETA: 0s - loss: 1.6107 - accuracy: 0.4345
80/98 [=======================>......] - ETA: 0s - loss: 1.6123 - accuracy: 0.4349
86/98 [=========================>....] - ETA: 0s - loss: 1.6134 - accuracy: 0.4352
92/98 [===========================>..] - ETA: 0s - loss: 1.6120 - accuracy: 0.4345
98/98 [==============================] - 1s 14ms/step - loss: 1.6119 - accuracy: 0.4343 - val_loss: 1.4585 - val_accuracy: 0.4888
Epoch 26/132

 1/98 [..............................] - ETA: 1s - loss: 1.5900 - accuracy: 0.4375
 7/98 [=>............................] - ETA: 0s - loss: 1.5988 - accuracy: 0.4369
13/98 [==>...........................] - ETA: 0s - loss: 1.6008 - accuracy: 0.4383
20/98 [=====>........................] - ETA: 0s - loss: 1.5993 - accuracy: 0.4376
27/98 [=======>......................] - ETA: 0s - loss: 1.6053 - accuracy: 0.4381
33/98 [=========>....................] - ETA: 0s - loss: 1.6054 - accuracy: 0.4393
40/98 [===========>..................] - ETA: 0s - loss: 1.6037 - accuracy: 0.4389
46/98 [=============>................] - ETA: 0s - loss: 1.6016 - accuracy: 0.4400
53/98 [===============>..............] - ETA: 0s - loss: 1.6013 - accuracy: 0.4397
60/98 [=================>............] - ETA: 0s - loss: 1.6018 - accuracy: 0.4407
66/98 [===================>..........] - ETA: 0s - loss: 1.5995 - accuracy: 0.4393
73/98 [=====================>........] - ETA: 0s - loss: 1.5972 - accuracy: 0.4401
