2024-06-26 06:55:18.784850: I tensorflow/core/platform/cpu_feature_guard.cc:193] This TensorFlow binary is optimized with oneAPI Deep Neural Network Library (oneDNN) to use the following CPU instructions in performance-critical operations:  AVX AVX2
To enable them in other operations, rebuild TensorFlow with the appropriate compiler flags.
2024-06-26 06:55:20.232507: I tensorflow/core/common_runtime/gpu/gpu_device.cc:1616] Created device /job:localhost/replica:0/task:0/device:GPU:0 with 6656 MB memory:  -> device: 0, name: NVIDIA GeForce RTX 4060 Ti, pci bus id: 0000:01:00.0, compute capability: 8.9
1 Physical GPUs, 1 Logical GPUs
Model: "sequential"
_________________________________________________________________
 Layer (type)                Output Shape              Param #   
=================================================================
 conv2d (Conv2D)             (None, 32, 32, 32)        896       
                                                                 
 max_pooling2d (MaxPooling2D  (None, 16, 16, 32)       0         
 )                                                               
                                                                 
 batch_normalization (BatchN  (None, 16, 16, 32)       128       
 ormalization)                                                   
                                                                 
 conv2d_1 (Conv2D)           (None, 16, 16, 256)       73984     
                                                                 
 dropout (Dropout)           (None, 16, 16, 256)       0         
                                                                 
 flatten (Flatten)           (None, 65536)             0         
                                                                 
 dense (Dense)               (None, 10)                655370    
                                                                 
=================================================================
Total params: 730,378
Trainable params: 730,314
Non-trainable params: 64
_________________________________________________________________
Taxa de aprendizado:  0.1 Num de épocas:  153 Tamanho do lote:  512 Dropout:  0.48556
Epoch 1/153
2024-06-26 06:55:22.680374: I tensorflow/stream_executor/cuda/cuda_dnn.cc:384] Loaded cuDNN version 8100
2024-06-26 06:55:24.734697: W tensorflow/stream_executor/gpu/redzone_allocator.cc:314] INTERNAL: ptxas exited with non-zero error code -1, output: 
Relying on driver to perform ptx compilation. 
Modify $PATH to customize ptxas location.
This message will be only logged once.
2024-06-26 06:55:27.084664: I tensorflow/stream_executor/cuda/cuda_blas.cc:1614] TensorFloat-32 will be used for the matrix multiplication. This will only be logged once.

 1/98 [..............................] - ETA: 12:20 - loss: 2.4256 - accuracy: 0.1035
 2/98 [..............................] - ETA: 5s - loss: 1710.7249 - accuracy: 0.1035
 3/98 [..............................] - ETA: 5s - loss: 2308.1013 - accuracy: 0.0996
 4/98 [>.............................] - ETA: 5s - loss: 1840.9623 - accuracy: 0.1138
 5/98 [>.............................] - ETA: 5s - loss: 1479.7277 - accuracy: 0.1027
 6/98 [>.............................] - ETA: 5s - loss: 1234.9618 - accuracy: 0.1006
 7/98 [=>............................] - ETA: 5s - loss: 1059.1211 - accuracy: 0.1010
 8/98 [=>............................] - ETA: 5s - loss: 927.0486 - accuracy: 0.0984 
 9/98 [=>............................] - ETA: 5s - loss: 824.3005 - accuracy: 0.0979
10/98 [==>...........................] - ETA: 5s - loss: 742.1017 - accuracy: 0.0988
11/98 [==>...........................] - ETA: 5s - loss: 674.8481 - accuracy: 0.0996
12/98 [==>...........................] - ETA: 5s - loss: 618.8021 - accuracy: 0.1014
13/98 [==>...........................] - ETA: 5s - loss: 571.3797 - accuracy: 0.1025
14/98 [===>..........................] - ETA: 5s - loss: 530.7336 - accuracy: 0.1009
15/98 [===>..........................] - ETA: 5s - loss: 495.5052 - accuracy: 0.1027
16/98 [===>..........................] - ETA: 5s - loss: 464.6823 - accuracy: 0.1031
17/98 [====>.........................] - ETA: 5s - loss: 437.4844 - accuracy: 0.1013
19/98 [====>.........................] - ETA: 5s - loss: 391.6774 - accuracy: 0.1024
21/98 [=====>........................] - ETA: 4s - loss: 354.5956 - accuracy: 0.1008
22/98 [=====>........................] - ETA: 4s - loss: 338.5830 - accuracy: 0.1001
23/98 [======>.......................] - ETA: 4s - loss: 323.9622 - accuracy: 0.1005
24/98 [======>.......................] - ETA: 4s - loss: 310.5600 - accuracy: 0.1007
25/98 [======>.......................] - ETA: 4s - loss: 298.2298 - accuracy: 0.1010
26/98 [======>.......................] - ETA: 4s - loss: 286.8483 - accuracy: 0.1010
27/98 [=======>......................] - ETA: 4s - loss: 276.3099 - accuracy: 0.1005
28/98 [=======>......................] - ETA: 4s - loss: 266.5241 - accuracy: 0.1007
29/98 [=======>......................] - ETA: 4s - loss: 257.4131 - accuracy: 0.1004
30/98 [========>.....................] - ETA: 4s - loss: 248.9095 - accuracy: 0.1004
31/98 [========>.....................] - ETA: 4s - loss: 240.9546 - accuracy: 0.1001
32/98 [========>.....................] - ETA: 4s - loss: 233.4968 - accuracy: 0.1002
33/98 [=========>....................] - ETA: 4s - loss: 226.4910 - accuracy: 0.1000
34/98 [=========>....................] - ETA: 4s - loss: 219.8973 - accuracy: 0.0996
35/98 [=========>....................] - ETA: 3s - loss: 213.6804 - accuracy: 0.0991
36/98 [==========>...................] - ETA: 3s - loss: 207.8088 - accuracy: 0.0991
37/98 [==========>...................] - ETA: 3s - loss: 202.2546 - accuracy: 0.0989
38/98 [==========>...................] - ETA: 3s - loss: 196.9928 - accuracy: 0.0988
39/98 [==========>...................] - ETA: 3s - loss: 192.0008 - accuracy: 0.0993
40/98 [===========>..................] - ETA: 3s - loss: 187.2583 - accuracy: 0.0998
41/98 [===========>..................] - ETA: 3s - loss: 182.7472 - accuracy: 0.1002
42/98 [===========>..................] - ETA: 3s - loss: 178.4509 - accuracy: 0.0999
44/98 [============>.................] - ETA: 3s - loss: 170.4441 - accuracy: 0.0996
45/98 [============>.................] - ETA: 3s - loss: 166.7078 - accuracy: 0.0992
46/98 [=============>................] - ETA: 3s - loss: 163.1338 - accuracy: 0.0995
47/98 [=============>................] - ETA: 3s - loss: 159.7119 - accuracy: 0.0994
48/98 [=============>................] - ETA: 3s - loss: 156.4325 - accuracy: 0.0996
49/98 [==============>...............] - ETA: 3s - loss: 153.2870 - accuracy: 0.0995
50/98 [==============>...............] - ETA: 3s - loss: 150.2673 - accuracy: 0.0994
51/98 [==============>...............] - ETA: 2s - loss: 147.3660 - accuracy: 0.1000
52/98 [==============>...............] - ETA: 2s - loss: 144.5765 - accuracy: 0.1001
54/98 [===============>..............] - ETA: 2s - loss: 139.3072 - accuracy: 0.1000
55/98 [===============>..............] - ETA: 2s - loss: 136.8162 - accuracy: 0.1001
56/98 [================>.............] - ETA: 2s - loss: 134.4142 - accuracy: 0.1003
57/98 [================>.............] - ETA: 2s - loss: 132.0965 - accuracy: 0.1000
58/98 [================>.............] - ETA: 2s - loss: 129.8587 - accuracy: 0.1001
59/98 [=================>............] - ETA: 2s - loss: 127.6969 - accuracy: 0.1000
60/98 [=================>............] - ETA: 2s - loss: 125.6071 - accuracy: 0.1000
61/98 [=================>............] - ETA: 2s - loss: 123.5857 - accuracy: 0.0998
62/98 [=================>............] - ETA: 2s - loss: 121.6295 - accuracy: 0.0999
63/98 [==================>...........] - ETA: 2s - loss: 119.7355 - accuracy: 0.0996
64/98 [==================>...........] - ETA: 2s - loss: 117.9006 - accuracy: 0.0993
65/98 [==================>...........] - ETA: 2s - loss: 116.1221 - accuracy: 0.0995
66/98 [===================>..........] - ETA: 2s - loss: 114.3976 - accuracy: 0.0999
67/98 [===================>..........] - ETA: 1s - loss: 112.7245 - accuracy: 0.1003
68/98 [===================>..........] - ETA: 1s - loss: 111.1007 - accuracy: 0.1003
69/98 [====================>.........] - ETA: 1s - loss: 109.5239 - accuracy: 0.1000
70/98 [====================>.........] - ETA: 1s - loss: 107.9923 - accuracy: 0.0997
71/98 [====================>.........] - ETA: 1s - loss: 106.5038 - accuracy: 0.0999
72/98 [=====================>........] - ETA: 1s - loss: 105.5495 - accuracy: 0.1000
73/98 [=====================>........] - ETA: 1s - loss: 104.1285 - accuracy: 0.1000
74/98 [=====================>........] - ETA: 1s - loss: 102.7460 - accuracy: 0.1002
75/98 [=====================>........] - ETA: 1s - loss: 101.4006 - accuracy: 0.1002
76/98 [======================>.......] - ETA: 1s - loss: 100.0908 - accuracy: 0.1004
77/98 [======================>.......] - ETA: 1s - loss: 98.8151 - accuracy: 0.1004 
78/98 [======================>.......] - ETA: 1s - loss: 97.5723 - accuracy: 0.1004
79/98 [=======================>......] - ETA: 1s - loss: 96.3611 - accuracy: 0.1001
80/98 [=======================>......] - ETA: 1s - loss: 95.1803 - accuracy: 0.1005
81/98 [=======================>......] - ETA: 1s - loss: 94.0288 - accuracy: 0.1006
82/98 [========================>.....] - ETA: 1s - loss: 92.9054 - accuracy: 0.1007
84/98 [========================>.....] - ETA: 0s - loss: 90.7394 - accuracy: 0.1008
85/98 [=========================>....] - ETA: 0s - loss: 89.6947 - accuracy: 0.1011
86/98 [=========================>....] - ETA: 0s - loss: 88.6745 - accuracy: 0.1012
87/98 [=========================>....] - ETA: 0s - loss: 87.6778 - accuracy: 0.1010
88/98 [=========================>....] - ETA: 0s - loss: 86.7039 - accuracy: 0.1011
89/98 [==========================>...] - ETA: 0s - loss: 85.7519 - accuracy: 0.1013
90/98 [==========================>...] - ETA: 0s - loss: 84.8212 - accuracy: 0.1012
91/98 [==========================>...] - ETA: 0s - loss: 83.9109 - accuracy: 0.1013
92/98 [===========================>..] - ETA: 0s - loss: 83.0205 - accuracy: 0.1013
93/98 [===========================>..] - ETA: 0s - loss: 82.1494 - accuracy: 0.1015
94/98 [===========================>..] - ETA: 0s - loss: 81.2969 - accuracy: 0.1013
95/98 [============================>.] - ETA: 0s - loss: 80.4624 - accuracy: 0.1013
96/98 [============================>.] - ETA: 0s - loss: 79.6453 - accuracy: 0.1012
97/98 [============================>.] - ETA: 0s - loss: 78.8452 - accuracy: 0.1009
98/98 [==============================] - ETA: 0s - loss: 78.0614 - accuracy: 0.1007
98/98 [==============================] - 16s 82ms/step - loss: 78.0614 - accuracy: 0.1007 - val_loss: 2.3044 - val_accuracy: 0.1000
Epoch 2/153

 1/98 [..............................] - ETA: 6s - loss: 2.3106 - accuracy: 0.0918
 2/98 [..............................] - ETA: 6s - loss: 2.3090 - accuracy: 0.0977
 3/98 [..............................] - ETA: 5s - loss: 2.3076 - accuracy: 0.0996
 4/98 [>.............................] - ETA: 5s - loss: 2.3071 - accuracy: 0.0996
 5/98 [>.............................] - ETA: 5s - loss: 2.3062 - accuracy: 0.0984
 6/98 [>.............................] - ETA: 5s - loss: 2.3062 - accuracy: 0.0973
 7/98 [=>............................] - ETA: 5s - loss: 2.3054 - accuracy: 0.0982
 8/98 [=>............................] - ETA: 5s - loss: 2.3053 - accuracy: 0.0955
 9/98 [=>............................] - ETA: 5s - loss: 2.3049 - accuracy: 0.0968
10/98 [==>...........................] - ETA: 5s - loss: 2.3050 - accuracy: 0.0967
11/98 [==>...........................] - ETA: 5s - loss: 2.3050 - accuracy: 0.0973
12/98 [==>...........................] - ETA: 5s - loss: 2.3049 - accuracy: 0.0967
13/98 [==>...........................] - ETA: 5s - loss: 2.3052 - accuracy: 0.0951
14/98 [===>..........................] - ETA: 5s - loss: 2.3050 - accuracy: 0.0936
15/98 [===>..........................] - ETA: 5s - loss: 2.3049 - accuracy: 0.0935
16/98 [===>..........................] - ETA: 5s - loss: 2.3047 - accuracy: 0.0946
17/98 [====>.........................] - ETA: 5s - loss: 2.3047 - accuracy: 0.0943
18/98 [====>.........................] - ETA: 5s - loss: 2.3046 - accuracy: 0.0958
20/98 [=====>........................] - ETA: 4s - loss: 2.3046 - accuracy: 0.0965
21/98 [=====>........................] - ETA: 4s - loss: 2.3047 - accuracy: 0.0964
22/98 [=====>........................] - ETA: 4s - loss: 2.3046 - accuracy: 0.0975
23/98 [======>.......................] - ETA: 4s - loss: 2.3045 - accuracy: 0.0969
24/98 [======>.......................] - ETA: 4s - loss: 2.3045 - accuracy: 0.0963
25/98 [======>.......................] - ETA: 4s - loss: 2.3045 - accuracy: 0.0962
26/98 [======>.......................] - ETA: 4s - loss: 2.3045 - accuracy: 0.0960
27/98 [=======>......................] - ETA: 4s - loss: 2.3044 - accuracy: 0.0965
28/98 [=======>......................] - ETA: 4s - loss: 2.3044 - accuracy: 0.0970
29/98 [=======>......................] - ETA: 4s - loss: 2.3044 - accuracy: 0.0968
30/98 [========>.....................] - ETA: 4s - loss: 2.3042 - accuracy: 0.0982
31/98 [========>.....................] - ETA: 4s - loss: 2.3043 - accuracy: 0.0984
32/98 [========>.....................] - ETA: 4s - loss: 2.3041 - accuracy: 0.0981
33/98 [=========>....................] - ETA: 4s - loss: 2.3040 - accuracy: 0.0989
34/98 [=========>....................] - ETA: 4s - loss: 2.3040 - accuracy: 0.0992
35/98 [=========>....................] - ETA: 3s - loss: 2.3041 - accuracy: 0.0987
36/98 [==========>...................] - ETA: 3s - loss: 2.3040 - accuracy: 0.0984
37/98 [==========>...................] - ETA: 3s - loss: 2.3041 - accuracy: 0.0986
38/98 [==========>...................] - ETA: 3s - loss: 2.3043 - accuracy: 0.0995
39/98 [==========>...................] - ETA: 3s - loss: 2.3043 - accuracy: 0.0993
40/98 [===========>..................] - ETA: 3s - loss: 2.3042 - accuracy: 0.0995
41/98 [===========>..................] - ETA: 3s - loss: 2.3043 - accuracy: 0.0997
42/98 [===========>..................] - ETA: 3s - loss: 2.3044 - accuracy: 0.0997
43/98 [============>.................] - ETA: 3s - loss: 2.3043 - accuracy: 0.0996
45/98 [============>.................] - ETA: 3s - loss: 2.3045 - accuracy: 0.0993
46/98 [=============>................] - ETA: 3s - loss: 2.3046 - accuracy: 0.0991
47/98 [=============>................] - ETA: 3s - loss: 2.3047 - accuracy: 0.0989
48/98 [=============>................] - ETA: 3s - loss: 2.3046 - accuracy: 0.0990
49/98 [==============>...............] - ETA: 3s - loss: 2.3045 - accuracy: 0.0996
51/98 [==============>...............] - ETA: 2s - loss: 2.3044 - accuracy: 0.0996
52/98 [==============>...............] - ETA: 2s - loss: 2.3045 - accuracy: 0.0997
53/98 [===============>..............] - ETA: 2s - loss: 2.3046 - accuracy: 0.0996
54/98 [===============>..............] - ETA: 2s - loss: 2.3046 - accuracy: 0.0996
56/98 [================>.............] - ETA: 2s - loss: 2.3047 - accuracy: 0.0997
57/98 [================>.............] - ETA: 2s - loss: 2.3048 - accuracy: 0.0997
58/98 [================>.............] - ETA: 2s - loss: 2.3049 - accuracy: 0.0997
59/98 [=================>............] - ETA: 2s - loss: 2.3049 - accuracy: 0.0999
60/98 [=================>............] - ETA: 2s - loss: 2.3049 - accuracy: 0.0994
61/98 [=================>............] - ETA: 2s - loss: 2.3049 - accuracy: 0.0998
62/98 [=================>............] - ETA: 2s - loss: 2.3049 - accuracy: 0.0998
64/98 [==================>...........] - ETA: 2s - loss: 2.3049 - accuracy: 0.0995
65/98 [==================>...........] - ETA: 2s - loss: 2.3048 - accuracy: 0.0996
66/98 [===================>..........] - ETA: 1s - loss: 2.3048 - accuracy: 0.0994
67/98 [===================>..........] - ETA: 1s - loss: 2.3048 - accuracy: 0.0995
68/98 [===================>..........] - ETA: 1s - loss: 2.3048 - accuracy: 0.0995
69/98 [====================>.........] - ETA: 1s - loss: 2.3049 - accuracy: 0.0994
70/98 [====================>.........] - ETA: 1s - loss: 2.3049 - accuracy: 0.0992
71/98 [====================>.........] - ETA: 1s - loss: 2.3049 - accuracy: 0.0991
72/98 [=====================>........] - ETA: 1s - loss: 2.3048 - accuracy: 0.0994
73/98 [=====================>........] - ETA: 1s - loss: 2.3048 - accuracy: 0.0999
74/98 [=====================>........] - ETA: 1s - loss: 2.3047 - accuracy: 0.0999
75/98 [=====================>........] - ETA: 1s - loss: 2.3048 - accuracy: 0.1001
76/98 [======================>.......] - ETA: 1s - loss: 2.3048 - accuracy: 0.1001
77/98 [======================>.......] - ETA: 1s - loss: 2.3048 - accuracy: 0.1002
78/98 [======================>.......] - ETA: 1s - loss: 2.3048 - accuracy: 0.1001
79/98 [=======================>......] - ETA: 1s - loss: 2.3048 - accuracy: 0.1002
80/98 [=======================>......] - ETA: 1s - loss: 2.3048 - accuracy: 0.0999
81/98 [=======================>......] - ETA: 1s - loss: 2.3048 - accuracy: 0.0998
83/98 [========================>.....] - ETA: 0s - loss: 2.3047 - accuracy: 0.1000
84/98 [========================>.....] - ETA: 0s - loss: 2.3047 - accuracy: 0.1001
85/98 [=========================>....] - ETA: 0s - loss: 2.3047 - accuracy: 0.0999
86/98 [=========================>....] - ETA: 0s - loss: 2.3047 - accuracy: 0.0998
87/98 [=========================>....] - ETA: 0s - loss: 2.3048 - accuracy: 0.0996
88/98 [=========================>....] - ETA: 0s - loss: 2.3048 - accuracy: 0.0995
89/98 [==========================>...] - ETA: 0s - loss: 2.3049 - accuracy: 0.0993
90/98 [==========================>...] - ETA: 0s - loss: 2.3049 - accuracy: 0.0993
91/98 [==========================>...] - ETA: 0s - loss: 2.3049 - accuracy: 0.0993
92/98 [===========================>..] - ETA: 0s - loss: 2.3048 - accuracy: 0.0991
93/98 [===========================>..] - ETA: 0s - loss: 2.3048 - accuracy: 0.0991
94/98 [===========================>..] - ETA: 0s - loss: 2.3048 - accuracy: 0.0990
95/98 [============================>.] - ETA: 0s - loss: 2.3048 - accuracy: 0.0988
96/98 [============================>.] - ETA: 0s - loss: 2.3048 - accuracy: 0.0988
97/98 [============================>.] - ETA: 0s - loss: 2.3048 - accuracy: 0.0987
98/98 [==============================] - ETA: 0s - loss: 2.3048 - accuracy: 0.0988
98/98 [==============================] - 7s 72ms/step - loss: 2.3048 - accuracy: 0.0988 - val_loss: 2.3041 - val_accuracy: 0.1000
Epoch 3/153

 1/98 [..............................] - ETA: 7s - loss: 2.3015 - accuracy: 0.1074
 2/98 [..............................] - ETA: 6s - loss: 2.3012 - accuracy: 0.1035
 3/98 [..............................] - ETA: 6s - loss: 2.3020 - accuracy: 0.1061
 4/98 [>.............................] - ETA: 6s - loss: 2.3032 - accuracy: 0.1006
 5/98 [>.............................] - ETA: 6s - loss: 2.3030 - accuracy: 0.0996
 6/98 [>.............................] - ETA: 6s - loss: 2.3039 - accuracy: 0.0986
 7/98 [=>............................] - ETA: 5s - loss: 2.3034 - accuracy: 0.1024
 8/98 [=>............................] - ETA: 5s - loss: 2.3031 - accuracy: 0.1047
 9/98 [=>............................] - ETA: 5s - loss: 2.3034 - accuracy: 0.1035
10/98 [==>...........................] - ETA: 5s - loss: 2.3030 - accuracy: 0.1041
11/98 [==>...........................] - ETA: 5s - loss: 2.3031 - accuracy: 0.1048
12/98 [==>...........................] - ETA: 5s - loss: 2.3033 - accuracy: 0.1047
13/98 [==>...........................] - ETA: 5s - loss: 2.3032 - accuracy: 0.1046
14/98 [===>..........................] - ETA: 5s - loss: 2.3035 - accuracy: 0.1042
15/98 [===>..........................] - ETA: 5s - loss: 2.3034 - accuracy: 0.1038
16/98 [===>..........................] - ETA: 5s - loss: 2.3035 - accuracy: 0.1042
17/98 [====>.........................] - ETA: 5s - loss: 2.3038 - accuracy: 0.1034
18/98 [====>.........................] - ETA: 5s - loss: 2.3037 - accuracy: 0.1043
19/98 [====>.........................] - ETA: 5s - loss: 2.3035 - accuracy: 0.1037
20/98 [=====>........................] - ETA: 4s - loss: 2.3034 - accuracy: 0.1043
21/98 [=====>........................] - ETA: 4s - loss: 2.3035 - accuracy: 0.1036
22/98 [=====>........................] - ETA: 4s - loss: 2.3036 - accuracy: 0.1039
23/98 [======>.......................] - ETA: 4s - loss: 2.3038 - accuracy: 0.1030
24/98 [======>.......................] - ETA: 4s - loss: 2.3037 - accuracy: 0.1036
25/98 [======>.......................] - ETA: 4s - loss: 2.3039 - accuracy: 0.1033
26/98 [======>.......................] - ETA: 4s - loss: 2.3039 - accuracy: 0.1037
27/98 [=======>......................] - ETA: 4s - loss: 2.3040 - accuracy: 0.1039
28/98 [=======>......................] - ETA: 4s - loss: 2.3040 - accuracy: 0.1041
29/98 [=======>......................] - ETA: 4s - loss: 2.3040 - accuracy: 0.1040
30/98 [========>.....................] - ETA: 4s - loss: 2.3041 - accuracy: 0.1034
31/98 [========>.....................] - ETA: 4s - loss: 2.3040 - accuracy: 0.1036
32/98 [========>.....................] - ETA: 4s - loss: 2.3040 - accuracy: 0.1032
33/98 [=========>....................] - ETA: 4s - loss: 2.3040 - accuracy: 0.1030
34/98 [=========>....................] - ETA: 4s - loss: 2.3041 - accuracy: 0.1027
35/98 [=========>....................] - ETA: 3s - loss: 2.3040 - accuracy: 0.1029
36/98 [==========>...................] - ETA: 3s - loss: 2.3043 - accuracy: 0.1022
37/98 [==========>...................] - ETA: 3s - loss: 2.3043 - accuracy: 0.1021
38/98 [==========>...................] - ETA: 3s - loss: 2.3045 - accuracy: 0.1023
39/98 [==========>...................] - ETA: 3s - loss: 2.3045 - accuracy: 0.1020
40/98 [===========>..................] - ETA: 3s - loss: 2.3045 - accuracy: 0.1025
41/98 [===========>..................] - ETA: 3s - loss: 2.3044 - accuracy: 0.1028
42/98 [===========>..................] - ETA: 3s - loss: 2.3045 - accuracy: 0.1028
44/98 [============>.................] - ETA: 3s - loss: 2.3046 - accuracy: 0.1026
45/98 [============>.................] - ETA: 3s - loss: 2.3045 - accuracy: 0.1028
46/98 [=============>................] - ETA: 3s - loss: 2.3046 - accuracy: 0.1027
47/98 [=============>................] - ETA: 3s - loss: 2.3046 - accuracy: 0.1028
48/98 [=============>................] - ETA: 3s - loss: 2.3047 - accuracy: 0.1025
49/98 [==============>...............] - ETA: 3s - loss: 2.3046 - accuracy: 0.1029
50/98 [==============>...............] - ETA: 3s - loss: 2.3047 - accuracy: 0.1026
51/98 [==============>...............] - ETA: 2s - loss: 2.3047 - accuracy: 0.1025
52/98 [==============>...............] - ETA: 2s - loss: 2.3046 - accuracy: 0.1030
53/98 [===============>..............] - ETA: 2s - loss: 2.3047 - accuracy: 0.1030
54/98 [===============>..............] - ETA: 2s - loss: 2.3048 - accuracy: 0.1025
55/98 [===============>..............] - ETA: 2s - loss: 2.3049 - accuracy: 0.1023
56/98 [================>.............] - ETA: 2s - loss: 2.3049 - accuracy: 0.1025
57/98 [================>.............] - ETA: 2s - loss: 2.3049 - accuracy: 0.1025
58/98 [================>.............] - ETA: 2s - loss: 2.3050 - accuracy: 0.1023
59/98 [=================>............] - ETA: 2s - loss: 2.3049 - accuracy: 0.1024
60/98 [=================>............] - ETA: 2s - loss: 2.3049 - accuracy: 0.1025
61/98 [=================>............] - ETA: 2s - loss: 2.3049 - accuracy: 0.1023
62/98 [=================>............] - ETA: 2s - loss: 2.3049 - accuracy: 0.1023
63/98 [==================>...........] - ETA: 2s - loss: 2.3049 - accuracy: 0.1024
64/98 [==================>...........] - ETA: 2s - loss: 2.3049 - accuracy: 0.1020
65/98 [==================>...........] - ETA: 2s - loss: 2.3049 - accuracy: 0.1017
67/98 [===================>..........] - ETA: 1s - loss: 2.3049 - accuracy: 0.1015
68/98 [===================>..........] - ETA: 1s - loss: 2.3049 - accuracy: 0.1014
70/98 [====================>.........] - ETA: 1s - loss: 2.3049 - accuracy: 0.1013
71/98 [====================>.........] - ETA: 1s - loss: 2.3049 - accuracy: 0.1011
72/98 [=====================>........] - ETA: 1s - loss: 2.3049 - accuracy: 0.1010
73/98 [=====================>........] - ETA: 1s - loss: 2.3048 - accuracy: 0.1013
74/98 [=====================>........] - ETA: 1s - loss: 2.3048 - accuracy: 0.1011
75/98 [=====================>........] - ETA: 1s - loss: 2.3048 - accuracy: 0.1010
76/98 [======================>.......] - ETA: 1s - loss: 2.3048 - accuracy: 0.1010
77/98 [======================>.......] - ETA: 1s - loss: 2.3048 - accuracy: 0.1010
78/98 [======================>.......] - ETA: 1s - loss: 2.3048 - accuracy: 0.1010
79/98 [=======================>......] - ETA: 1s - loss: 2.3049 - accuracy: 0.1012
81/98 [=======================>......] - ETA: 1s - loss: 2.3048 - accuracy: 0.1013
82/98 [========================>.....] - ETA: 1s - loss: 2.3048 - accuracy: 0.1012
83/98 [========================>.....] - ETA: 0s - loss: 2.3048 - accuracy: 0.1015
84/98 [========================>.....] - ETA: 0s - loss: 2.3048 - accuracy: 0.1014
85/98 [=========================>....] - ETA: 0s - loss: 2.3047 - accuracy: 0.1014
86/98 [=========================>....] - ETA: 0s - loss: 2.3048 - accuracy: 0.1016
87/98 [=========================>....] - ETA: 0s - loss: 2.3047 - accuracy: 0.1017
88/98 [=========================>....] - ETA: 0s - loss: 2.3047 - accuracy: 0.1017
89/98 [==========================>...] - ETA: 0s - loss: 2.3047 - accuracy: 0.1019
90/98 [==========================>...] - ETA: 0s - loss: 2.3047 - accuracy: 0.1018
91/98 [==========================>...] - ETA: 0s - loss: 2.3047 - accuracy: 0.1017
92/98 [===========================>..] - ETA: 0s - loss: 2.3047 - accuracy: 0.1019
93/98 [===========================>..] - ETA: 0s - loss: 2.3047 - accuracy: 0.1016
94/98 [===========================>..] - ETA: 0s - loss: 2.3047 - accuracy: 0.1018
95/98 [============================>.] - ETA: 0s - loss: 2.3047 - accuracy: 0.1020
96/98 [============================>.] - ETA: 0s - loss: 2.3047 - accuracy: 0.1021
97/98 [============================>.] - ETA: 0s - loss: 2.3047 - accuracy: 0.1021
98/98 [==============================] - ETA: 0s - loss: 2.3047 - accuracy: 0.1020
98/98 [==============================] - 7s 72ms/step - loss: 2.3047 - accuracy: 0.1020 - val_loss: 2.3039 - val_accuracy: 0.1000
Epoch 4/153

 1/98 [..............................] - ETA: 7s - loss: 2.3011 - accuracy: 0.1191
 2/98 [..............................] - ETA: 5s - loss: 2.3028 - accuracy: 0.1133
 3/98 [..............................] - ETA: 5s - loss: 2.3024 - accuracy: 0.1094
 4/98 [>.............................] - ETA: 6s - loss: 2.3022 - accuracy: 0.1094
 5/98 [>.............................] - ETA: 6s - loss: 2.3029 - accuracy: 0.1074
 6/98 [>.............................] - ETA: 6s - loss: 2.3038 - accuracy: 0.1019
 7/98 [=>............................] - ETA: 5s - loss: 2.3038 - accuracy: 0.0996
 8/98 [=>............................] - ETA: 5s - loss: 2.3037 - accuracy: 0.0984
10/98 [==>...........................] - ETA: 5s - loss: 2.3038 - accuracy: 0.0975
11/98 [==>...........................] - ETA: 5s - loss: 2.3039 - accuracy: 0.0971
12/98 [==>...........................] - ETA: 5s - loss: 2.3041 - accuracy: 0.0972
13/98 [==>...........................] - ETA: 5s - loss: 2.3043 - accuracy: 0.0968
14/98 [===>..........................] - ETA: 5s - loss: 2.3043 - accuracy: 0.0975
15/98 [===>..........................] - ETA: 5s - loss: 2.3042 - accuracy: 0.0980
16/98 [===>..........................] - ETA: 5s - loss: 2.3037 - accuracy: 0.0995
17/98 [====>.........................] - ETA: 5s - loss: 2.3039 - accuracy: 0.0997
18/98 [====>.........................] - ETA: 5s - loss: 2.3039 - accuracy: 0.1010
19/98 [====>.........................] - ETA: 4s - loss: 2.3041 - accuracy: 0.1009
20/98 [=====>........................] - ETA: 4s - loss: 2.3043 - accuracy: 0.1002
21/98 [=====>........................] - ETA: 4s - loss: 2.3043 - accuracy: 0.1012
22/98 [=====>........................] - ETA: 4s - loss: 2.3042 - accuracy: 0.1019
23/98 [======>.......................] - ETA: 4s - loss: 2.3041 - accuracy: 0.1030
24/98 [======>.......................] - ETA: 4s - loss: 2.3041 - accuracy: 0.1036
25/98 [======>.......................] - ETA: 4s - loss: 2.3041 - accuracy: 0.1033
26/98 [======>.......................] - ETA: 4s - loss: 2.3043 - accuracy: 0.1030
27/98 [=======>......................] - ETA: 4s - loss: 2.3044 - accuracy: 0.1024
29/98 [=======>......................] - ETA: 4s - loss: 2.3044 - accuracy: 0.1025
30/98 [========>.....................] - ETA: 4s - loss: 2.3044 - accuracy: 0.1022
31/98 [========>.....................] - ETA: 4s - loss: 2.3044 - accuracy: 0.1021
32/98 [========>.....................] - ETA: 4s - loss: 2.3043 - accuracy: 0.1022
33/98 [=========>....................] - ETA: 4s - loss: 2.3044 - accuracy: 0.1017
34/98 [=========>....................] - ETA: 4s - loss: 2.3044 - accuracy: 0.1016
35/98 [=========>....................] - ETA: 3s - loss: 2.3044 - accuracy: 0.1018
36/98 [==========>...................] - ETA: 3s - loss: 2.3044 - accuracy: 0.1018
37/98 [==========>...................] - ETA: 3s - loss: 2.3045 - accuracy: 0.1015
38/98 [==========>...................] - ETA: 3s - loss: 2.3044 - accuracy: 0.1020
39/98 [==========>...................] - ETA: 3s - loss: 2.3044 - accuracy: 0.1020
40/98 [===========>..................] - ETA: 3s - loss: 2.3043 - accuracy: 0.1025
41/98 [===========>..................] - ETA: 3s - loss: 2.3043 - accuracy: 0.1026
42/98 [===========>..................] - ETA: 3s - loss: 2.3043 - accuracy: 0.1024
43/98 [============>.................] - ETA: 3s - loss: 2.3043 - accuracy: 0.1032
44/98 [============>.................] - ETA: 3s - loss: 2.3042 - accuracy: 0.1032
45/98 [============>.................] - ETA: 3s - loss: 2.3043 - accuracy: 0.1031
47/98 [=============>................] - ETA: 3s - loss: 2.3043 - accuracy: 0.1024
48/98 [=============>................] - ETA: 3s - loss: 2.3042 - accuracy: 0.1023
49/98 [==============>...............] - ETA: 3s - loss: 2.3041 - accuracy: 0.1026
50/98 [==============>...............] - ETA: 3s - loss: 2.3041 - accuracy: 0.1026
51/98 [==============>...............] - ETA: 2s - loss: 2.3042 - accuracy: 0.1025
52/98 [==============>...............] - ETA: 2s - loss: 2.3043 - accuracy: 0.1019
53/98 [===============>..............] - ETA: 2s - loss: 2.3043 - accuracy: 0.1016
54/98 [===============>..............] - ETA: 2s - loss: 2.3043 - accuracy: 0.1014
55/98 [===============>..............] - ETA: 2s - loss: 2.3043 - accuracy: 0.1018
56/98 [================>.............] - ETA: 2s - loss: 2.3043 - accuracy: 0.1013
57/98 [================>.............] - ETA: 2s - loss: 2.3043 - accuracy: 0.1010
58/98 [================>.............] - ETA: 2s - loss: 2.3043 - accuracy: 0.1011
59/98 [=================>............] - ETA: 2s - loss: 2.3043 - accuracy: 0.1010
60/98 [=================>............] - ETA: 2s - loss: 2.3043 - accuracy: 0.1007
61/98 [=================>............] - ETA: 2s - loss: 2.3043 - accuracy: 0.1008
62/98 [=================>............] - ETA: 2s - loss: 2.3043 - accuracy: 0.1006
63/98 [==================>...........] - ETA: 2s - loss: 2.3043 - accuracy: 0.1009
65/98 [==================>...........] - ETA: 2s - loss: 2.3042 - accuracy: 0.1009
66/98 [===================>..........] - ETA: 2s - loss: 2.3043 - accuracy: 0.1009
67/98 [===================>..........] - ETA: 1s - loss: 2.3044 - accuracy: 0.1006
68/98 [===================>..........] - ETA: 1s - loss: 2.3044 - accuracy: 0.1004
69/98 [====================>.........] - ETA: 1s - loss: 2.3044 - accuracy: 0.1003
70/98 [====================>.........] - ETA: 1s - loss: 2.3044 - accuracy: 0.1006
71/98 [====================>.........] - ETA: 1s - loss: 2.3044 - accuracy: 0.1005
72/98 [=====================>........] - ETA: 1s - loss: 2.3044 - accuracy: 0.1007
73/98 [=====================>........] - ETA: 1s - loss: 2.3043 - accuracy: 0.1008
74/98 [=====================>........] - ETA: 1s - loss: 2.3043 - accuracy: 0.1012
75/98 [=====================>........] - ETA: 1s - loss: 2.3042 - accuracy: 0.1013
77/98 [======================>.......] - ETA: 1s - loss: 2.3043 - accuracy: 0.1011
79/98 [=======================>......] - ETA: 1s - loss: 2.3043 - accuracy: 0.1011
81/98 [=======================>......] - ETA: 1s - loss: 2.3043 - accuracy: 0.1008
82/98 [========================>.....] - ETA: 0s - loss: 2.3043 - accuracy: 0.1008
84/98 [========================>.....] - ETA: 0s - loss: 2.3043 - accuracy: 0.1011
85/98 [=========================>....] - ETA: 0s - loss: 2.3042 - accuracy: 0.1011
87/98 [=========================>....] - ETA: 0s - loss: 2.3044 - accuracy: 0.1011
88/98 [=========================>....] - ETA: 0s - loss: 2.3044 - accuracy: 0.1011
90/98 [==========================>...] - ETA: 0s - loss: 2.3043 - accuracy: 0.1014
92/98 [===========================>..] - ETA: 0s - loss: 2.3044 - accuracy: 0.1010
93/98 [===========================>..] - ETA: 0s - loss: 2.3044 - accuracy: 0.1011
95/98 [============================>.] - ETA: 0s - loss: 2.3045 - accuracy: 0.1010
96/98 [============================>.] - ETA: 0s - loss: 2.3045 - accuracy: 0.1012
98/98 [==============================] - ETA: 0s - loss: 2.3045 - accuracy: 0.1011
98/98 [==============================] - 7s 70ms/step - loss: 2.3045 - accuracy: 0.1011 - val_loss: 2.3060 - val_accuracy: 0.1000
Epoch 5/153

 1/98 [..............................] - ETA: 4s - loss: 2.3076 - accuracy: 0.1220
 2/98 [..............................] - ETA: 5s - loss: 2.3073 - accuracy: 0.1050
 4/98 [>.............................] - ETA: 5s - loss: 2.3051 - accuracy: 0.1074
 5/98 [>.............................] - ETA: 5s - loss: 2.3062 - accuracy: 0.1061
 7/98 [=>............................] - ETA: 5s - loss: 2.3074 - accuracy: 0.0995
 8/98 [=>............................] - ETA: 5s - loss: 2.3079 - accuracy: 0.0987
10/98 [==>...........................] - ETA: 5s - loss: 2.3071 - accuracy: 0.1011
12/98 [==>...........................] - ETA: 4s - loss: 2.3072 - accuracy: 0.1005
13/98 [==>...........................] - ETA: 4s - loss: 2.3072 - accuracy: 0.1005
15/98 [===>..........................] - ETA: 4s - loss: 2.3071 - accuracy: 0.1010
16/98 [===>..........................] - ETA: 4s - loss: 2.3071 - accuracy: 0.1007
18/98 [====>.........................] - ETA: 4s - loss: 2.3068 - accuracy: 0.1014
20/98 [=====>........................] - ETA: 4s - loss: 2.3073 - accuracy: 0.1004
21/98 [=====>........................] - ETA: 4s - loss: 2.3076 - accuracy: 0.1003
23/98 [======>.......................] - ETA: 4s - loss: 2.3070 - accuracy: 0.1003
25/98 [======>.......................] - ETA: 4s - loss: 2.3071 - accuracy: 0.0998
26/98 [======>.......................] - ETA: 4s - loss: 2.3071 - accuracy: 0.0996
28/98 [=======>......................] - ETA: 3s - loss: 2.3071 - accuracy: 0.0996
29/98 [=======>......................] - ETA: 3s - loss: 2.3070 - accuracy: 0.0995
31/98 [========>.....................] - ETA: 3s - loss: 2.3069 - accuracy: 0.0983
32/98 [========>.....................] - ETA: 3s - loss: 2.3067 - accuracy: 0.0985
34/98 [=========>....................] - ETA: 3s - loss: 2.3066 - accuracy: 0.0980
36/98 [==========>...................] - ETA: 3s - loss: 2.3065 - accuracy: 0.0980
37/98 [==========>...................] - ETA: 3s - loss: 2.3066 - accuracy: 0.0980
39/98 [==========>...................] - ETA: 3s - loss: 2.3065 - accuracy: 0.0985
40/98 [===========>..................] - ETA: 3s - loss: 2.3064 - accuracy: 0.0989
42/98 [===========>..................] - ETA: 3s - loss: 2.3062 - accuracy: 0.0993
43/98 [============>.................] - ETA: 3s - loss: 2.3062 - accuracy: 0.0989
45/98 [============>.................] - ETA: 3s - loss: 2.3063 - accuracy: 0.0989
46/98 [=============>................] - ETA: 2s - loss: 2.3064 - accuracy: 0.0988
48/98 [=============>................] - ETA: 2s - loss: 2.3063 - accuracy: 0.0989
49/98 [==============>...............] - ETA: 2s - loss: 2.3063 - accuracy: 0.0989
51/98 [==============>...............] - ETA: 2s - loss: 2.3061 - accuracy: 0.0991
53/98 [===============>..............] - ETA: 2s - loss: 2.3060 - accuracy: 0.0990
54/98 [===============>..............] - ETA: 2s - loss: 2.3061 - accuracy: 0.0991
56/98 [================>.............] - ETA: 2s - loss: 2.3060 - accuracy: 0.0992
58/98 [================>.............] - ETA: 2s - loss: 2.3060 - accuracy: 0.0994
59/98 [=================>............] - ETA: 2s - loss: 2.3060 - accuracy: 0.0995
61/98 [=================>............] - ETA: 2s - loss: 2.3059 - accuracy: 0.0996
62/98 [=================>............] - ETA: 2s - loss: 2.3058 - accuracy: 0.0995
64/98 [==================>...........] - ETA: 1s - loss: 2.3057 - accuracy: 0.0997
65/98 [==================>...........] - ETA: 1s - loss: 2.3057 - accuracy: 0.0998
67/98 [===================>..........] - ETA: 1s - loss: 2.3057 - accuracy: 0.0997
68/98 [===================>..........] - ETA: 1s - loss: 2.3057 - accuracy: 0.0998
70/98 [====================>.........] - ETA: 1s - loss: 2.3057 - accuracy: 0.0995
72/98 [=====================>........] - ETA: 1s - loss: 2.3056 - accuracy: 0.1002
73/98 [=====================>........] - ETA: 1s - loss: 2.3055 - accuracy: 0.1005
75/98 [=====================>........] - ETA: 1s - loss: 2.3056 - accuracy: 0.1005
76/98 [======================>.......] - ETA: 1s - loss: 2.3057 - accuracy: 0.1005
78/98 [======================>.......] - ETA: 1s - loss: 2.3058 - accuracy: 0.1006
80/98 [=======================>......] - ETA: 1s - loss: 2.3057 - accuracy: 0.1006
81/98 [=======================>......] - ETA: 0s - loss: 2.3057 - accuracy: 0.1003
82/98 [========================>.....] - ETA: 0s - loss: 2.3058 - accuracy: 0.1002
83/98 [========================>.....] - ETA: 0s - loss: 2.3057 - accuracy: 0.1004
84/98 [========================>.....] - ETA: 0s - loss: 2.3058 - accuracy: 0.1001
85/98 [=========================>....] - ETA: 0s - loss: 2.3058 - accuracy: 0.1001
87/98 [=========================>....] - ETA: 0s - loss: 2.3057 - accuracy: 0.1003
89/98 [==========================>...] - ETA: 0s - loss: 2.3057 - accuracy: 0.1000
90/98 [==========================>...] - ETA: 0s - loss: 2.3057 - accuracy: 0.1003
91/98 [==========================>...] - ETA: 0s - loss: 2.3057 - accuracy: 0.1001
92/98 [===========================>..] - ETA: 0s - loss: 2.3058 - accuracy: 0.0999
93/98 [===========================>..] - ETA: 0s - loss: 2.3058 - accuracy: 0.1000
94/98 [===========================>..] - ETA: 0s - loss: 2.3058 - accuracy: 0.0999
95/98 [============================>.] - ETA: 0s - loss: 2.3058 - accuracy: 0.0999
96/98 [============================>.] - ETA: 0s - loss: 2.3058 - accuracy: 0.1000
97/98 [============================>.] - ETA: 0s - loss: 2.3058 - accuracy: 0.0999
98/98 [==============================] - ETA: 0s - loss: 2.3057 - accuracy: 0.1001
98/98 [==============================] - 7s 67ms/step - loss: 2.3057 - accuracy: 0.1001 - val_loss: 2.3038 - val_accuracy: 0.1000
Epoch 6/153

 1/98 [..............................] - ETA: 7s - loss: 2.3047 - accuracy: 0.0918
 2/98 [..............................] - ETA: 5s - loss: 2.3045 - accuracy: 0.0908
 3/98 [..............................] - ETA: 5s - loss: 2.3056 - accuracy: 0.0898
 4/98 [>.............................] - ETA: 5s - loss: 2.3049 - accuracy: 0.0898
 6/98 [>.............................] - ETA: 5s - loss: 2.3051 - accuracy: 0.0908
 7/98 [=>............................] - ETA: 5s - loss: 2.3047 - accuracy: 0.0915
