2024-06-26 10:40:22.905903: I tensorflow/core/platform/cpu_feature_guard.cc:193] This TensorFlow binary is optimized with oneAPI Deep Neural Network Library (oneDNN) to use the following CPU instructions in performance-critical operations:  AVX AVX2
To enable them in other operations, rebuild TensorFlow with the appropriate compiler flags.
2024-06-26 10:40:24.194769: I tensorflow/core/common_runtime/gpu/gpu_device.cc:1616] Created device /job:localhost/replica:0/task:0/device:GPU:0 with 6656 MB memory:  -> device: 0, name: NVIDIA GeForce RTX 4060 Ti, pci bus id: 0000:01:00.0, compute capability: 8.9
1 Physical GPUs, 1 Logical GPUs
Model: "sequential"
_________________________________________________________________
 Layer (type)                Output Shape              Param #   
=================================================================
 conv2d (Conv2D)             (None, 32, 32, 32)        896       
                                                                 
 max_pooling2d (MaxPooling2D  (None, 16, 16, 32)       0         
 )                                                               
                                                                 
 batch_normalization (BatchN  (None, 16, 16, 32)       128       
 ormalization)                                                   
                                                                 
 conv2d_1 (Conv2D)           (None, 16, 16, 256)       73984     
                                                                 
 dropout (Dropout)           (None, 16, 16, 256)       0         
                                                                 
 flatten (Flatten)           (None, 65536)             0         
                                                                 
 dense (Dense)               (None, 10)                655370    
                                                                 
=================================================================
Total params: 730,378
Trainable params: 730,314
Non-trainable params: 64
_________________________________________________________________
Taxa de aprendizado:  0.1 Num de épocas:  153 Tamanho do lote:  512 Dropout:  0.48556
Epoch 1/153
2024-06-26 10:40:25.870019: I tensorflow/stream_executor/cuda/cuda_dnn.cc:384] Loaded cuDNN version 8100
2024-06-26 10:40:27.754506: W tensorflow/stream_executor/gpu/redzone_allocator.cc:314] INTERNAL: ptxas exited with non-zero error code -1, output: 
Relying on driver to perform ptx compilation. 
Modify $PATH to customize ptxas location.
This message will be only logged once.
2024-06-26 10:40:29.281809: I tensorflow/stream_executor/cuda/cuda_blas.cc:1614] TensorFloat-32 will be used for the matrix multiplication. This will only be logged once.

 1/98 [..............................] - ETA: 8:59 - loss: 2.4284 - accuracy: 0.0898
 2/98 [..............................] - ETA: 5s - loss: 2363.9795 - accuracy: 0.0840
 3/98 [..............................] - ETA: 5s - loss: 2700.7144 - accuracy: 0.0905
 4/98 [>.............................] - ETA: 5s - loss: 2295.8162 - accuracy: 0.1030
 5/98 [>.............................] - ETA: 5s - loss: 2087.7942 - accuracy: 0.0949
 6/98 [>.............................] - ETA: 6s - loss: 1757.1240 - accuracy: 0.0970
 7/98 [=>............................] - ETA: 5s - loss: 1509.9277 - accuracy: 0.0988
 8/98 [=>............................] - ETA: 5s - loss: 1321.5116 - accuracy: 0.0999
 9/98 [=>............................] - ETA: 5s - loss: 1174.9396 - accuracy: 0.0992
10/98 [==>...........................] - ETA: 5s - loss: 1057.6787 - accuracy: 0.1008
11/98 [==>...........................] - ETA: 5s - loss: 961.7387 - accuracy: 0.1017 
12/98 [==>...........................] - ETA: 5s - loss: 881.7873 - accuracy: 0.1030
13/98 [==>...........................] - ETA: 5s - loss: 814.1363 - accuracy: 0.1034
14/98 [===>..........................] - ETA: 5s - loss: 756.1495 - accuracy: 0.1023
15/98 [===>..........................] - ETA: 5s - loss: 705.8936 - accuracy: 0.1021
16/98 [===>..........................] - ETA: 5s - loss: 661.9199 - accuracy: 0.1025
17/98 [====>.........................] - ETA: 5s - loss: 623.1194 - accuracy: 0.1032
18/98 [====>.........................] - ETA: 5s - loss: 588.6304 - accuracy: 0.1037
19/98 [====>.........................] - ETA: 5s - loss: 557.7720 - accuracy: 0.1027
20/98 [=====>........................] - ETA: 4s - loss: 529.9988 - accuracy: 0.1030
21/98 [=====>........................] - ETA: 4s - loss: 504.8705 - accuracy: 0.1036
22/98 [=====>........................] - ETA: 4s - loss: 482.0267 - accuracy: 0.1038
23/98 [======>.......................] - ETA: 4s - loss: 461.1693 - accuracy: 0.1039
24/98 [======>.......................] - ETA: 4s - loss: 442.0500 - accuracy: 0.1039
25/98 [======>.......................] - ETA: 4s - loss: 424.4602 - accuracy: 0.1030
26/98 [======>.......................] - ETA: 4s - loss: 408.2234 - accuracy: 0.1031
27/98 [=======>......................] - ETA: 4s - loss: 393.1892 - accuracy: 0.1034
28/98 [=======>......................] - ETA: 4s - loss: 379.2290 - accuracy: 0.1039
29/98 [=======>......................] - ETA: 4s - loss: 366.2315 - accuracy: 0.1037
30/98 [========>.....................] - ETA: 4s - loss: 354.1007 - accuracy: 0.1038
31/98 [========>.....................] - ETA: 4s - loss: 342.7525 - accuracy: 0.1033
33/98 [=========>....................] - ETA: 4s - loss: 322.1195 - accuracy: 0.1022
34/98 [=========>....................] - ETA: 4s - loss: 312.7133 - accuracy: 0.1022
36/98 [==========>...................] - ETA: 3s - loss: 295.4682 - accuracy: 0.1026
37/98 [==========>...................] - ETA: 3s - loss: 287.5449 - accuracy: 0.1028
38/98 [==========>...................] - ETA: 3s - loss: 280.0385 - accuracy: 0.1031
39/98 [==========>...................] - ETA: 3s - loss: 272.9171 - accuracy: 0.1027
40/98 [===========>..................] - ETA: 3s - loss: 266.1519 - accuracy: 0.1020
41/98 [===========>..................] - ETA: 3s - loss: 259.7165 - accuracy: 0.1018
42/98 [===========>..................] - ETA: 3s - loss: 253.5877 - accuracy: 0.1014
43/98 [============>.................] - ETA: 3s - loss: 247.7439 - accuracy: 0.1006
44/98 [============>.................] - ETA: 3s - loss: 242.1657 - accuracy: 0.1002
45/98 [============>.................] - ETA: 3s - loss: 236.8354 - accuracy: 0.1002
46/98 [=============>................] - ETA: 3s - loss: 231.7369 - accuracy: 0.1003
47/98 [=============>................] - ETA: 3s - loss: 226.8553 - accuracy: 0.1001
48/98 [=============>................] - ETA: 3s - loss: 222.1771 - accuracy: 0.1006
49/98 [==============>...............] - ETA: 3s - loss: 217.6899 - accuracy: 0.1007
50/98 [==============>...............] - ETA: 3s - loss: 213.3823 - accuracy: 0.1002
51/98 [==============>...............] - ETA: 2s - loss: 209.2434 - accuracy: 0.1007
52/98 [==============>...............] - ETA: 2s - loss: 205.2638 - accuracy: 0.1005
53/98 [===============>..............] - ETA: 2s - loss: 201.4344 - accuracy: 0.1004
54/98 [===============>..............] - ETA: 2s - loss: 197.7468 - accuracy: 0.1004
55/98 [===============>..............] - ETA: 2s - loss: 194.1933 - accuracy: 0.1006
56/98 [================>.............] - ETA: 2s - loss: 190.7667 - accuracy: 0.1006
57/98 [================>.............] - ETA: 2s - loss: 187.4603 - accuracy: 0.1013
58/98 [================>.............] - ETA: 2s - loss: 184.2680 - accuracy: 0.1011
59/98 [=================>............] - ETA: 2s - loss: 181.1838 - accuracy: 0.1010
60/98 [=================>............] - ETA: 2s - loss: 178.2025 - accuracy: 0.1008
61/98 [=================>............] - ETA: 2s - loss: 175.3190 - accuracy: 0.1005
62/98 [=================>............] - ETA: 2s - loss: 172.5284 - accuracy: 0.1003
63/98 [==================>...........] - ETA: 2s - loss: 169.8264 - accuracy: 0.1002
64/98 [==================>...........] - ETA: 2s - loss: 167.2088 - accuracy: 0.1000
65/98 [==================>...........] - ETA: 2s - loss: 164.6718 - accuracy: 0.1000
67/98 [===================>..........] - ETA: 2s - loss: 160.6373 - accuracy: 0.1002
68/98 [===================>..........] - ETA: 2s - loss: 158.2971 - accuracy: 0.0999
69/98 [====================>.........] - ETA: 2s - loss: 156.0250 - accuracy: 0.0999
70/98 [====================>.........] - ETA: 2s - loss: 153.8181 - accuracy: 0.1001
71/98 [====================>.........] - ETA: 1s - loss: 151.6737 - accuracy: 0.0999
72/98 [=====================>........] - ETA: 1s - loss: 149.5892 - accuracy: 0.1002
73/98 [=====================>........] - ETA: 1s - loss: 147.5620 - accuracy: 0.0999
74/98 [=====================>........] - ETA: 1s - loss: 145.5899 - accuracy: 0.0998
75/98 [=====================>........] - ETA: 1s - loss: 143.6706 - accuracy: 0.0999
76/98 [======================>.......] - ETA: 1s - loss: 141.8021 - accuracy: 0.0997
78/98 [======================>.......] - ETA: 1s - loss: 138.2094 - accuracy: 0.0998
80/98 [=======================>......] - ETA: 1s - loss: 134.7972 - accuracy: 0.1001
82/98 [========================>.....] - ETA: 1s - loss: 131.5521 - accuracy: 0.0999
84/98 [========================>.....] - ETA: 0s - loss: 128.4621 - accuracy: 0.0998
86/98 [=========================>....] - ETA: 0s - loss: 125.5164 - accuracy: 0.0998
88/98 [=========================>....] - ETA: 0s - loss: 122.7051 - accuracy: 0.0998
90/98 [==========================>...] - ETA: 0s - loss: 120.0193 - accuracy: 0.0997
92/98 [===========================>..] - ETA: 0s - loss: 117.4506 - accuracy: 0.0999
94/98 [===========================>..] - ETA: 0s - loss: 114.9917 - accuracy: 0.0998
96/98 [============================>.] - ETA: 0s - loss: 112.6357 - accuracy: 0.0998
98/98 [==============================] - ETA: 0s - loss: 110.3762 - accuracy: 0.0996
98/98 [==============================] - 13s 77ms/step - loss: 110.3762 - accuracy: 0.0996 - val_loss: 2.3041 - val_accuracy: 0.1000
Epoch 2/153

 1/98 [..............................] - ETA: 7s - loss: 2.3026 - accuracy: 0.1191
 2/98 [..............................] - ETA: 5s - loss: 2.3033 - accuracy: 0.1094
 3/98 [..............................] - ETA: 5s - loss: 2.3027 - accuracy: 0.1074
 4/98 [>.............................] - ETA: 5s - loss: 2.3023 - accuracy: 0.1108
 5/98 [>.............................] - ETA: 5s - loss: 2.3029 - accuracy: 0.1063
 6/98 [>.............................] - ETA: 5s - loss: 2.3032 - accuracy: 0.1038
 7/98 [=>............................] - ETA: 5s - loss: 2.3037 - accuracy: 0.1018
 8/98 [=>............................] - ETA: 5s - loss: 2.3035 - accuracy: 0.1038
 9/98 [=>............................] - ETA: 5s - loss: 2.3038 - accuracy: 0.1044
10/98 [==>...........................] - ETA: 5s - loss: 2.3038 - accuracy: 0.1039
11/98 [==>...........................] - ETA: 5s - loss: 2.3037 - accuracy: 0.1028
12/98 [==>...........................] - ETA: 5s - loss: 2.3033 - accuracy: 0.1034
13/98 [==>...........................] - ETA: 5s - loss: 2.3036 - accuracy: 0.1020
15/98 [===>..........................] - ETA: 5s - loss: 2.3038 - accuracy: 0.1009
17/98 [====>.........................] - ETA: 5s - loss: 2.3035 - accuracy: 0.0998
18/98 [====>.........................] - ETA: 5s - loss: 2.3034 - accuracy: 0.0990
19/98 [====>.........................] - ETA: 4s - loss: 2.3035 - accuracy: 0.0980
20/98 [=====>........................] - ETA: 4s - loss: 2.3037 - accuracy: 0.0978
21/98 [=====>........................] - ETA: 4s - loss: 2.3037 - accuracy: 0.0976
22/98 [=====>........................] - ETA: 4s - loss: 2.3035 - accuracy: 0.0976
23/98 [======>.......................] - ETA: 4s - loss: 2.3035 - accuracy: 0.0976
24/98 [======>.......................] - ETA: 4s - loss: 2.3034 - accuracy: 0.0981
25/98 [======>.......................] - ETA: 4s - loss: 2.3034 - accuracy: 0.0981
26/98 [======>.......................] - ETA: 4s - loss: 2.3034 - accuracy: 0.0984
27/98 [=======>......................] - ETA: 4s - loss: 2.3035 - accuracy: 0.0981
29/98 [=======>......................] - ETA: 4s - loss: 2.3036 - accuracy: 0.0978
30/98 [========>.....................] - ETA: 4s - loss: 2.3035 - accuracy: 0.0985
31/98 [========>.....................] - ETA: 4s - loss: 2.3034 - accuracy: 0.0990
32/98 [========>.....................] - ETA: 4s - loss: 2.3034 - accuracy: 0.0997
33/98 [=========>....................] - ETA: 4s - loss: 2.3034 - accuracy: 0.0997
34/98 [=========>....................] - ETA: 4s - loss: 2.3034 - accuracy: 0.1000
35/98 [=========>....................] - ETA: 3s - loss: 2.3034 - accuracy: 0.1002
37/98 [==========>...................] - ETA: 3s - loss: 2.3036 - accuracy: 0.0999
39/98 [==========>...................] - ETA: 3s - loss: 2.3036 - accuracy: 0.1000
40/98 [===========>..................] - ETA: 3s - loss: 2.3037 - accuracy: 0.0995
41/98 [===========>..................] - ETA: 3s - loss: 2.3037 - accuracy: 0.0996
42/98 [===========>..................] - ETA: 3s - loss: 2.3038 - accuracy: 0.0986
43/98 [============>.................] - ETA: 3s - loss: 2.3037 - accuracy: 0.0991
44/98 [============>.................] - ETA: 3s - loss: 2.3037 - accuracy: 0.0994
45/98 [============>.................] - ETA: 3s - loss: 2.3036 - accuracy: 0.0997
46/98 [=============>................] - ETA: 3s - loss: 2.3036 - accuracy: 0.0997
47/98 [=============>................] - ETA: 3s - loss: 2.3036 - accuracy: 0.0998
48/98 [=============>................] - ETA: 3s - loss: 2.3036 - accuracy: 0.0999
49/98 [==============>...............] - ETA: 3s - loss: 2.3038 - accuracy: 0.1000
50/98 [==============>...............] - ETA: 3s - loss: 2.3037 - accuracy: 0.1007
51/98 [==============>...............] - ETA: 2s - loss: 2.3038 - accuracy: 0.1005
52/98 [==============>...............] - ETA: 2s - loss: 2.3038 - accuracy: 0.1004
53/98 [===============>..............] - ETA: 2s - loss: 2.3038 - accuracy: 0.1003
54/98 [===============>..............] - ETA: 2s - loss: 2.3039 - accuracy: 0.1002
55/98 [===============>..............] - ETA: 2s - loss: 2.3039 - accuracy: 0.1004
56/98 [================>.............] - ETA: 2s - loss: 2.3039 - accuracy: 0.1002
57/98 [================>.............] - ETA: 2s - loss: 2.3039 - accuracy: 0.1003
58/98 [================>.............] - ETA: 2s - loss: 2.3039 - accuracy: 0.1002
59/98 [=================>............] - ETA: 2s - loss: 2.3038 - accuracy: 0.1002
60/98 [=================>............] - ETA: 2s - loss: 2.3039 - accuracy: 0.0998
61/98 [=================>............] - ETA: 2s - loss: 2.3039 - accuracy: 0.0999
62/98 [=================>............] - ETA: 2s - loss: 2.3039 - accuracy: 0.0999
63/98 [==================>...........] - ETA: 2s - loss: 2.3039 - accuracy: 0.0998
64/98 [==================>...........] - ETA: 2s - loss: 2.3039 - accuracy: 0.0996
65/98 [==================>...........] - ETA: 2s - loss: 2.3039 - accuracy: 0.0995
67/98 [===================>..........] - ETA: 1s - loss: 2.3040 - accuracy: 0.0995
69/98 [====================>.........] - ETA: 1s - loss: 2.3040 - accuracy: 0.0992
71/98 [====================>.........] - ETA: 1s - loss: 2.3039 - accuracy: 0.0987
73/98 [=====================>........] - ETA: 1s - loss: 2.3039 - accuracy: 0.0992
75/98 [=====================>........] - ETA: 1s - loss: 2.3039 - accuracy: 0.0991
77/98 [======================>.......] - ETA: 1s - loss: 2.3039 - accuracy: 0.0996
79/98 [=======================>......] - ETA: 1s - loss: 2.3039 - accuracy: 0.0994
81/98 [=======================>......] - ETA: 0s - loss: 2.3039 - accuracy: 0.0994
83/98 [========================>.....] - ETA: 0s - loss: 2.3040 - accuracy: 0.0995
85/98 [=========================>....] - ETA: 0s - loss: 2.3040 - accuracy: 0.0993
87/98 [=========================>....] - ETA: 0s - loss: 2.3040 - accuracy: 0.0995
89/98 [==========================>...] - ETA: 0s - loss: 2.3040 - accuracy: 0.0991
91/98 [==========================>...] - ETA: 0s - loss: 2.3040 - accuracy: 0.0993
93/98 [===========================>..] - ETA: 0s - loss: 2.3039 - accuracy: 0.0994
95/98 [============================>.] - ETA: 0s - loss: 2.3039 - accuracy: 0.0993
96/98 [============================>.] - ETA: 0s - loss: 2.3039 - accuracy: 0.0994
97/98 [============================>.] - ETA: 0s - loss: 2.3039 - accuracy: 0.0993
98/98 [==============================] - ETA: 0s - loss: 2.3039 - accuracy: 0.0993
98/98 [==============================] - 6s 64ms/step - loss: 2.3039 - accuracy: 0.0993 - val_loss: 2.3044 - val_accuracy: 0.1000
Epoch 3/153

 1/98 [..............................] - ETA: 7s - loss: 2.3050 - accuracy: 0.0898
 2/98 [..............................] - ETA: 5s - loss: 2.3056 - accuracy: 0.0977
 3/98 [..............................] - ETA: 5s - loss: 2.3046 - accuracy: 0.0970
 4/98 [>.............................] - ETA: 5s - loss: 2.3044 - accuracy: 0.0957
 5/98 [>.............................] - ETA: 5s - loss: 2.3038 - accuracy: 0.1004
 6/98 [>.............................] - ETA: 5s - loss: 2.3037 - accuracy: 0.1006
 7/98 [=>............................] - ETA: 5s - loss: 2.3038 - accuracy: 0.0993
 8/98 [=>............................] - ETA: 5s - loss: 2.3035 - accuracy: 0.0981
 9/98 [=>............................] - ETA: 5s - loss: 2.3035 - accuracy: 0.0974
10/98 [==>...........................] - ETA: 5s - loss: 2.3040 - accuracy: 0.0961
11/98 [==>...........................] - ETA: 5s - loss: 2.3040 - accuracy: 0.0969
12/98 [==>...........................] - ETA: 5s - loss: 2.3041 - accuracy: 0.0970
13/98 [==>...........................] - ETA: 5s - loss: 2.3038 - accuracy: 0.0974
14/98 [===>..........................] - ETA: 5s - loss: 2.3040 - accuracy: 0.0974
15/98 [===>..........................] - ETA: 5s - loss: 2.3039 - accuracy: 0.0984
16/98 [===>..........................] - ETA: 5s - loss: 2.3040 - accuracy: 0.0988
17/98 [====>.........................] - ETA: 5s - loss: 2.3040 - accuracy: 0.0980
18/98 [====>.........................] - ETA: 4s - loss: 2.3041 - accuracy: 0.0986
19/98 [====>.........................] - ETA: 4s - loss: 2.3041 - accuracy: 0.0996
20/98 [=====>........................] - ETA: 4s - loss: 2.3041 - accuracy: 0.0989
21/98 [=====>........................] - ETA: 4s - loss: 2.3042 - accuracy: 0.0982
22/98 [=====>........................] - ETA: 4s - loss: 2.3042 - accuracy: 0.0975
23/98 [======>.......................] - ETA: 4s - loss: 2.3044 - accuracy: 0.0976
24/98 [======>.......................] - ETA: 4s - loss: 2.3043 - accuracy: 0.0975
25/98 [======>.......................] - ETA: 4s - loss: 2.3042 - accuracy: 0.0973
26/98 [======>.......................] - ETA: 4s - loss: 2.3041 - accuracy: 0.0981
27/98 [=======>......................] - ETA: 4s - loss: 2.3040 - accuracy: 0.0985
28/98 [=======>......................] - ETA: 4s - loss: 2.3041 - accuracy: 0.0979
29/98 [=======>......................] - ETA: 4s - loss: 2.3041 - accuracy: 0.0977
30/98 [========>.....................] - ETA: 4s - loss: 2.3044 - accuracy: 0.0975
31/98 [========>.....................] - ETA: 4s - loss: 2.3044 - accuracy: 0.0978
32/98 [========>.....................] - ETA: 4s - loss: 2.3045 - accuracy: 0.0977
33/98 [=========>....................] - ETA: 4s - loss: 2.3046 - accuracy: 0.0972
34/98 [=========>....................] - ETA: 4s - loss: 2.3045 - accuracy: 0.0975
35/98 [=========>....................] - ETA: 3s - loss: 2.3045 - accuracy: 0.0977
36/98 [==========>...................] - ETA: 3s - loss: 2.3044 - accuracy: 0.0978
37/98 [==========>...................] - ETA: 3s - loss: 2.3044 - accuracy: 0.0980
38/98 [==========>...................] - ETA: 3s - loss: 2.3045 - accuracy: 0.0977
39/98 [==========>...................] - ETA: 3s - loss: 2.3045 - accuracy: 0.0978
40/98 [===========>..................] - ETA: 3s - loss: 2.3045 - accuracy: 0.0976
41/98 [===========>..................] - ETA: 3s - loss: 2.3047 - accuracy: 0.0973
42/98 [===========>..................] - ETA: 3s - loss: 2.3046 - accuracy: 0.0975
43/98 [============>.................] - ETA: 3s - loss: 2.3046 - accuracy: 0.0977
44/98 [============>.................] - ETA: 3s - loss: 2.3045 - accuracy: 0.0980
45/98 [============>.................] - ETA: 3s - loss: 2.3045 - accuracy: 0.0977
46/98 [=============>................] - ETA: 3s - loss: 2.3045 - accuracy: 0.0978
47/98 [=============>................] - ETA: 3s - loss: 2.3045 - accuracy: 0.0980
48/98 [=============>................] - ETA: 3s - loss: 2.3044 - accuracy: 0.0983
49/98 [==============>...............] - ETA: 3s - loss: 2.3043 - accuracy: 0.0986
50/98 [==============>...............] - ETA: 3s - loss: 2.3043 - accuracy: 0.0988
51/98 [==============>...............] - ETA: 2s - loss: 2.3044 - accuracy: 0.0986
53/98 [===============>..............] - ETA: 2s - loss: 2.3044 - accuracy: 0.0986
55/98 [===============>..............] - ETA: 2s - loss: 2.3044 - accuracy: 0.0987
57/98 [================>.............] - ETA: 2s - loss: 2.3043 - accuracy: 0.0992
59/98 [=================>............] - ETA: 2s - loss: 2.3043 - accuracy: 0.0989
61/98 [=================>............] - ETA: 2s - loss: 2.3043 - accuracy: 0.0987
63/98 [==================>...........] - ETA: 2s - loss: 2.3043 - accuracy: 0.0985
65/98 [==================>...........] - ETA: 2s - loss: 2.3043 - accuracy: 0.0984
67/98 [===================>..........] - ETA: 1s - loss: 2.3042 - accuracy: 0.0990
69/98 [====================>.........] - ETA: 1s - loss: 2.3042 - accuracy: 0.0988
71/98 [====================>.........] - ETA: 1s - loss: 2.3043 - accuracy: 0.0988
73/98 [=====================>........] - ETA: 1s - loss: 2.3044 - accuracy: 0.0988
75/98 [=====================>........] - ETA: 1s - loss: 2.3044 - accuracy: 0.0991
77/98 [======================>.......] - ETA: 1s - loss: 2.3044 - accuracy: 0.0991
79/98 [=======================>......] - ETA: 1s - loss: 2.3044 - accuracy: 0.0990
81/98 [=======================>......] - ETA: 0s - loss: 2.3045 - accuracy: 0.0987
83/98 [========================>.....] - ETA: 0s - loss: 2.3045 - accuracy: 0.0989
85/98 [=========================>....] - ETA: 0s - loss: 2.3045 - accuracy: 0.0986
87/98 [=========================>....] - ETA: 0s - loss: 2.3045 - accuracy: 0.0985
89/98 [==========================>...] - ETA: 0s - loss: 2.3045 - accuracy: 0.0986
91/98 [==========================>...] - ETA: 0s - loss: 2.3045 - accuracy: 0.0987
93/98 [===========================>..] - ETA: 0s - loss: 2.3045 - accuracy: 0.0984
95/98 [============================>.] - ETA: 0s - loss: 2.3045 - accuracy: 0.0981
97/98 [============================>.] - ETA: 0s - loss: 2.3045 - accuracy: 0.0983
98/98 [==============================] - ETA: 0s - loss: 2.3045 - accuracy: 0.0983
98/98 [==============================] - 6s 64ms/step - loss: 2.3045 - accuracy: 0.0983 - val_loss: 2.3031 - val_accuracy: 0.1000
Epoch 4/153

 1/98 [..............................] - ETA: 6s - loss: 2.3008 - accuracy: 0.1074
 2/98 [..............................] - ETA: 7s - loss: 2.3019 - accuracy: 0.1074
 4/98 [>.............................] - ETA: 6s - loss: 2.3022 - accuracy: 0.1045
 6/98 [>.............................] - ETA: 6s - loss: 2.3023 - accuracy: 0.1019
 7/98 [=>............................] - ETA: 5s - loss: 2.3026 - accuracy: 0.1035
 8/98 [=>............................] - ETA: 5s - loss: 2.3027 - accuracy: 0.1018
 9/98 [=>............................] - ETA: 5s - loss: 2.3026 - accuracy: 0.1016
10/98 [==>...........................] - ETA: 5s - loss: 2.3025 - accuracy: 0.1043
11/98 [==>...........................] - ETA: 5s - loss: 2.3024 - accuracy: 0.1048
12/98 [==>...........................] - ETA: 5s - loss: 2.3026 - accuracy: 0.1034
13/98 [==>...........................] - ETA: 5s - loss: 2.3028 - accuracy: 0.1022
14/98 [===>..........................] - ETA: 5s - loss: 2.3025 - accuracy: 0.1025
15/98 [===>..........................] - ETA: 5s - loss: 2.3025 - accuracy: 0.1029
16/98 [===>..........................] - ETA: 5s - loss: 2.3023 - accuracy: 0.1025
17/98 [====>.........................] - ETA: 5s - loss: 2.3026 - accuracy: 0.1034
18/98 [====>.........................] - ETA: 5s - loss: 2.3024 - accuracy: 0.1029
19/98 [====>.........................] - ETA: 5s - loss: 2.3029 - accuracy: 0.1022
20/98 [=====>........................] - ETA: 4s - loss: 2.3030 - accuracy: 0.1016
21/98 [=====>........................] - ETA: 4s - loss: 2.3030 - accuracy: 0.1024
22/98 [=====>........................] - ETA: 4s - loss: 2.3030 - accuracy: 0.1027
23/98 [======>.......................] - ETA: 4s - loss: 2.3032 - accuracy: 0.1027
24/98 [======>.......................] - ETA: 4s - loss: 2.3034 - accuracy: 0.1023
25/98 [======>.......................] - ETA: 4s - loss: 2.3034 - accuracy: 0.1025
26/98 [======>.......................] - ETA: 4s - loss: 2.3034 - accuracy: 0.1022
27/98 [=======>......................] - ETA: 4s - loss: 2.3034 - accuracy: 0.1026
28/98 [=======>......................] - ETA: 4s - loss: 2.3034 - accuracy: 0.1028
29/98 [=======>......................] - ETA: 4s - loss: 2.3034 - accuracy: 0.1027
30/98 [========>.....................] - ETA: 4s - loss: 2.3034 - accuracy: 0.1033
31/98 [========>.....................] - ETA: 4s - loss: 2.3035 - accuracy: 0.1024
32/98 [========>.....................] - ETA: 4s - loss: 2.3037 - accuracy: 0.1017
33/98 [=========>....................] - ETA: 4s - loss: 2.3038 - accuracy: 0.1014
34/98 [=========>....................] - ETA: 4s - loss: 2.3038 - accuracy: 0.1012
35/98 [=========>....................] - ETA: 3s - loss: 2.3037 - accuracy: 0.1010
36/98 [==========>...................] - ETA: 3s - loss: 2.3038 - accuracy: 0.1011
37/98 [==========>...................] - ETA: 3s - loss: 2.3038 - accuracy: 0.1015
38/98 [==========>...................] - ETA: 3s - loss: 2.3038 - accuracy: 0.1016
39/98 [==========>...................] - ETA: 3s - loss: 2.3039 - accuracy: 0.1013
40/98 [===========>..................] - ETA: 3s - loss: 2.3038 - accuracy: 0.1016
41/98 [===========>..................] - ETA: 3s - loss: 2.3037 - accuracy: 0.1019
42/98 [===========>..................] - ETA: 3s - loss: 2.3038 - accuracy: 0.1017
43/98 [============>.................] - ETA: 3s - loss: 2.3038 - accuracy: 0.1016
44/98 [============>.................] - ETA: 3s - loss: 2.3039 - accuracy: 0.1015
45/98 [============>.................] - ETA: 3s - loss: 2.3037 - accuracy: 0.1022
46/98 [=============>................] - ETA: 3s - loss: 2.3039 - accuracy: 0.1020
47/98 [=============>................] - ETA: 3s - loss: 2.3038 - accuracy: 0.1024
48/98 [=============>................] - ETA: 3s - loss: 2.3038 - accuracy: 0.1027
49/98 [==============>...............] - ETA: 3s - loss: 2.3040 - accuracy: 0.1025
50/98 [==============>...............] - ETA: 3s - loss: 2.3040 - accuracy: 0.1026
51/98 [==============>...............] - ETA: 2s - loss: 2.3041 - accuracy: 0.1020
52/98 [==============>...............] - ETA: 2s - loss: 2.3041 - accuracy: 0.1020
53/98 [===============>..............] - ETA: 2s - loss: 2.3041 - accuracy: 0.1016
54/98 [===============>..............] - ETA: 2s - loss: 2.3041 - accuracy: 0.1019
55/98 [===============>..............] - ETA: 2s - loss: 2.3040 - accuracy: 0.1023
56/98 [================>.............] - ETA: 2s - loss: 2.3040 - accuracy: 0.1022
57/98 [================>.............] - ETA: 2s - loss: 2.3039 - accuracy: 0.1027
58/98 [================>.............] - ETA: 2s - loss: 2.3040 - accuracy: 0.1024
59/98 [=================>............] - ETA: 2s - loss: 2.3040 - accuracy: 0.1027
60/98 [=================>............] - ETA: 2s - loss: 2.3040 - accuracy: 0.1030
61/98 [=================>............] - ETA: 2s - loss: 2.3040 - accuracy: 0.1032
62/98 [=================>............] - ETA: 2s - loss: 2.3041 - accuracy: 0.1034
63/98 [==================>...........] - ETA: 2s - loss: 2.3040 - accuracy: 0.1035
64/98 [==================>...........] - ETA: 2s - loss: 2.3039 - accuracy: 0.1036
65/98 [==================>...........] - ETA: 2s - loss: 2.3039 - accuracy: 0.1038
66/98 [===================>..........] - ETA: 2s - loss: 2.3039 - accuracy: 0.1037
67/98 [===================>..........] - ETA: 1s - loss: 2.3039 - accuracy: 0.1036
68/98 [===================>..........] - ETA: 1s - loss: 2.3040 - accuracy: 0.1034
69/98 [====================>.........] - ETA: 1s - loss: 2.3040 - accuracy: 0.1034
71/98 [====================>.........] - ETA: 1s - loss: 2.3040 - accuracy: 0.1034
73/98 [=====================>........] - ETA: 1s - loss: 2.3040 - accuracy: 0.1034
75/98 [=====================>........] - ETA: 1s - loss: 2.3040 - accuracy: 0.1034
77/98 [======================>.......] - ETA: 1s - loss: 2.3041 - accuracy: 0.1032
79/98 [=======================>......] - ETA: 1s - loss: 2.3040 - accuracy: 0.1035
81/98 [=======================>......] - ETA: 1s - loss: 2.3040 - accuracy: 0.1035
83/98 [========================>.....] - ETA: 0s - loss: 2.3041 - accuracy: 0.1033
85/98 [=========================>....] - ETA: 0s - loss: 2.3041 - accuracy: 0.1031
87/98 [=========================>....] - ETA: 0s - loss: 2.3042 - accuracy: 0.1030
89/98 [==========================>...] - ETA: 0s - loss: 2.3042 - accuracy: 0.1030
91/98 [==========================>...] - ETA: 0s - loss: 2.3042 - accuracy: 0.1026
93/98 [===========================>..] - ETA: 0s - loss: 2.3042 - accuracy: 0.1026
95/98 [============================>.] - ETA: 0s - loss: 2.3041 - accuracy: 0.1021
96/98 [============================>.] - ETA: 0s - loss: 2.3041 - accuracy: 0.1021
98/98 [==============================] - ETA: 0s - loss: 2.3042 - accuracy: 0.1024
98/98 [==============================] - 6s 64ms/step - loss: 2.3042 - accuracy: 0.1024 - val_loss: 2.3072 - val_accuracy: 0.1000
Epoch 5/153

 1/98 [..............................] - ETA: 7s - loss: 2.3096 - accuracy: 0.0938
 2/98 [..............................] - ETA: 6s - loss: 2.3041 - accuracy: 0.1025
 3/98 [..............................] - ETA: 5s - loss: 2.3062 - accuracy: 0.0983
 4/98 [>.............................] - ETA: 5s - loss: 2.3054 - accuracy: 0.0952
 5/98 [>.............................] - ETA: 5s - loss: 2.3057 - accuracy: 0.0941
 6/98 [>.............................] - ETA: 5s - loss: 2.3056 - accuracy: 0.0938
 7/98 [=>............................] - ETA: 5s - loss: 2.3055 - accuracy: 0.0951
 8/98 [=>............................] - ETA: 5s - loss: 2.3056 - accuracy: 0.0945
 9/98 [=>............................] - ETA: 5s - loss: 2.3052 - accuracy: 0.0970
10/98 [==>...........................] - ETA: 5s - loss: 2.3051 - accuracy: 0.0967
11/98 [==>...........................] - ETA: 5s - loss: 2.3051 - accuracy: 0.0959
12/98 [==>...........................] - ETA: 5s - loss: 2.3049 - accuracy: 0.0970
13/98 [==>...........................] - ETA: 5s - loss: 2.3051 - accuracy: 0.0971
14/98 [===>..........................] - ETA: 5s - loss: 2.3051 - accuracy: 0.0979
15/98 [===>..........................] - ETA: 5s - loss: 2.3051 - accuracy: 0.0974
16/98 [===>..........................] - ETA: 5s - loss: 2.3051 - accuracy: 0.0969
17/98 [====>.........................] - ETA: 5s - loss: 2.3051 - accuracy: 0.0967
18/98 [====>.........................] - ETA: 5s - loss: 2.3050 - accuracy: 0.0967
19/98 [====>.........................] - ETA: 5s - loss: 2.3048 - accuracy: 0.0971
20/98 [=====>........................] - ETA: 4s - loss: 2.3047 - accuracy: 0.0970
21/98 [=====>........................] - ETA: 4s - loss: 2.3048 - accuracy: 0.0970
22/98 [=====>........................] - ETA: 4s - loss: 2.3048 - accuracy: 0.0963
23/98 [======>.......................] - ETA: 4s - loss: 2.3048 - accuracy: 0.0969
24/98 [======>.......................] - ETA: 4s - loss: 2.3047 - accuracy: 0.0971
25/98 [======>.......................] - ETA: 4s - loss: 2.3047 - accuracy: 0.0971
26/98 [======>.......................] - ETA: 4s - loss: 2.3046 - accuracy: 0.0978
27/98 [=======>......................] - ETA: 4s - loss: 2.3045 - accuracy: 0.0976
28/98 [=======>......................] - ETA: 4s - loss: 2.3046 - accuracy: 0.0973
29/98 [=======>......................] - ETA: 4s - loss: 2.3047 - accuracy: 0.0968
30/98 [========>.....................] - ETA: 4s - loss: 2.3047 - accuracy: 0.0976
31/98 [========>.....................] - ETA: 4s - loss: 2.3047 - accuracy: 0.0969
32/98 [========>.....................] - ETA: 4s - loss: 2.3047 - accuracy: 0.0974
33/98 [=========>....................] - ETA: 4s - loss: 2.3046 - accuracy: 0.0978
34/98 [=========>....................] - ETA: 4s - loss: 2.3046 - accuracy: 0.0974
35/98 [=========>....................] - ETA: 3s - loss: 2.3046 - accuracy: 0.0976
36/98 [==========>...................] - ETA: 3s - loss: 2.3046 - accuracy: 0.0977
37/98 [==========>...................] - ETA: 3s - loss: 2.3047 - accuracy: 0.0976
38/98 [==========>...................] - ETA: 3s - loss: 2.3047 - accuracy: 0.0982
39/98 [==========>...................] - ETA: 3s - loss: 2.3047 - accuracy: 0.0981
40/98 [===========>..................] - ETA: 3s - loss: 2.3048 - accuracy: 0.0978
41/98 [===========>..................] - ETA: 3s - loss: 2.3048 - accuracy: 0.0971
42/98 [===========>..................] - ETA: 3s - loss: 2.3048 - accuracy: 0.0965
43/98 [============>.................] - ETA: 3s - loss: 2.3048 - accuracy: 0.0965
44/98 [============>.................] - ETA: 3s - loss: 2.3048 - accuracy: 0.0967
45/98 [============>.................] - ETA: 3s - loss: 2.3050 - accuracy: 0.0968
46/98 [=============>................] - ETA: 3s - loss: 2.3051 - accuracy: 0.0968
47/98 [=============>................] - ETA: 3s - loss: 2.3052 - accuracy: 0.0968
48/98 [=============>................] - ETA: 3s - loss: 2.3052 - accuracy: 0.0970
49/98 [==============>...............] - ETA: 3s - loss: 2.3054 - accuracy: 0.0969
50/98 [==============>...............] - ETA: 3s - loss: 2.3055 - accuracy: 0.0966
51/98 [==============>...............] - ETA: 2s - loss: 2.3056 - accuracy: 0.0970
52/98 [==============>...............] - ETA: 2s - loss: 2.3056 - accuracy: 0.0971
53/98 [===============>..............] - ETA: 2s - loss: 2.3056 - accuracy: 0.0969
54/98 [===============>..............] - ETA: 2s - loss: 2.3055 - accuracy: 0.0967
55/98 [===============>..............] - ETA: 2s - loss: 2.3055 - accuracy: 0.0968
56/98 [================>.............] - ETA: 2s - loss: 2.3055 - accuracy: 0.0967
58/98 [================>.............] - ETA: 2s - loss: 2.3054 - accuracy: 0.0974
59/98 [=================>............] - ETA: 2s - loss: 2.3054 - accuracy: 0.0975
60/98 [=================>............] - ETA: 2s - loss: 2.3053 - accuracy: 0.0978
62/98 [=================>............] - ETA: 2s - loss: 2.3054 - accuracy: 0.0976
63/98 [==================>...........] - ETA: 2s - loss: 2.3054 - accuracy: 0.0976
64/98 [==================>...........] - ETA: 2s - loss: 2.3053 - accuracy: 0.0980
65/98 [==================>...........] - ETA: 2s - loss: 2.3053 - accuracy: 0.0981
66/98 [===================>..........] - ETA: 2s - loss: 2.3053 - accuracy: 0.0981
67/98 [===================>..........] - ETA: 1s - loss: 2.3052 - accuracy: 0.0984
68/98 [===================>..........] - ETA: 1s - loss: 2.3052 - accuracy: 0.0984
69/98 [====================>.........] - ETA: 1s - loss: 2.3051 - accuracy: 0.0987
70/98 [====================>.........] - ETA: 1s - loss: 2.3051 - accuracy: 0.0991
71/98 [====================>.........] - ETA: 1s - loss: 2.3050 - accuracy: 0.0994
72/98 [=====================>........] - ETA: 1s - loss: 2.3049 - accuracy: 0.0995
74/98 [=====================>........] - ETA: 1s - loss: 2.3050 - accuracy: 0.0997
76/98 [======================>.......] - ETA: 1s - loss: 2.3051 - accuracy: 0.0994
78/98 [======================>.......] - ETA: 1s - loss: 2.3052 - accuracy: 0.0990
80/98 [=======================>......] - ETA: 1s - loss: 2.3052 - accuracy: 0.0987
82/98 [========================>.....] - ETA: 0s - loss: 2.3052 - accuracy: 0.0990
84/98 [========================>.....] - ETA: 0s - loss: 2.3051 - accuracy: 0.0991
86/98 [=========================>....] - ETA: 0s - loss: 2.3051 - accuracy: 0.0993
88/98 [=========================>....] - ETA: 0s - loss: 2.3051 - accuracy: 0.0995
89/98 [==========================>...] - ETA: 0s - loss: 2.3052 - accuracy: 0.0996
91/98 [==========================>...] - ETA: 0s - loss: 2.3051 - accuracy: 0.0997
93/98 [===========================>..] - ETA: 0s - loss: 2.3051 - accuracy: 0.0998
95/98 [============================>.] - ETA: 0s - loss: 2.3051 - accuracy: 0.1001
97/98 [============================>.] - ETA: 0s - loss: 2.3051 - accuracy: 0.1002
98/98 [==============================] - 6s 65ms/step - loss: 2.3050 - accuracy: 0.1002 - val_loss: 2.3056 - val_accuracy: 0.1000
Epoch 6/153

 1/98 [..............................] - ETA: 7s - loss: 2.3096 - accuracy: 0.0859
 2/98 [..............................] - ETA: 6s - loss: 2.3058 - accuracy: 0.0928
 3/98 [..............................] - ETA: 5s - loss: 2.3054 - accuracy: 0.0983
 4/98 [>.............................] - ETA: 5s - loss: 2.3047 - accuracy: 0.1025
 5/98 [>.............................] - ETA: 5s - loss: 2.3057 - accuracy: 0.0996
 6/98 [>.............................] - ETA: 5s - loss: 2.3056 - accuracy: 0.0999
 7/98 [=>............................] - ETA: 5s - loss: 2.3060 - accuracy: 0.1018
 8/98 [=>............................] - ETA: 5s - loss: 2.3059 - accuracy: 0.1025
 9/98 [=>............................] - ETA: 5s - loss: 2.3056 - accuracy: 0.1024
10/98 [==>...........................] - ETA: 5s - loss: 2.3051 - accuracy: 0.1041
11/98 [==>...........................] - ETA: 5s - loss: 2.3053 - accuracy: 0.1016
12/98 [==>...........................] - ETA: 5s - loss: 2.3051 - accuracy: 0.1007
13/98 [==>...........................] - ETA: 5s - loss: 2.3050 - accuracy: 0.1014
14/98 [===>..........................] - ETA: 5s - loss: 2.3051 - accuracy: 0.1002
15/98 [===>..........................] - ETA: 5s - loss: 2.3054 - accuracy: 0.0995
16/98 [===>..........................] - ETA: 5s - loss: 2.3052 - accuracy: 0.0997
17/98 [====>.........................] - ETA: 5s - loss: 2.3050 - accuracy: 0.0989
18/98 [====>.........................] - ETA: 5s - loss: 2.3048 - accuracy: 0.0997
19/98 [====>.........................] - ETA: 5s - loss: 2.3048 - accuracy: 0.0994
20/98 [=====>........................] - ETA: 4s - loss: 2.3046 - accuracy: 0.0988
21/98 [=====>........................] - ETA: 4s - loss: 2.3046 - accuracy: 0.0988
22/98 [=====>........................] - ETA: 4s - loss: 2.3045 - accuracy: 0.0996
23/98 [======>.......................] - ETA: 4s - loss: 2.3045 - accuracy: 0.0990
24/98 [======>.......................] - ETA: 4s - loss: 2.3045 - accuracy: 0.0992
25/98 [======>.......................] - ETA: 4s - loss: 2.3044 - accuracy: 0.0989
26/98 [======>.......................] - ETA: 4s - loss: 2.3045 - accuracy: 0.0985
27/98 [=======>......................] - ETA: 4s - loss: 2.3044 - accuracy: 0.0981
28/98 [=======>......................] - ETA: 4s - loss: 2.3043 - accuracy: 0.0981
29/98 [=======>......................] - ETA: 4s - loss: 2.3043 - accuracy: 0.0975
30/98 [========>.....................] - ETA: 4s - loss: 2.3044 - accuracy: 0.0976
31/98 [========>.....................] - ETA: 4s - loss: 2.3044 - accuracy: 0.0980
32/98 [========>.....................] - ETA: 4s - loss: 2.3046 - accuracy: 0.0981
33/98 [=========>....................] - ETA: 4s - loss: 2.3046 - accuracy: 0.0981
34/98 [=========>....................] - ETA: 4s - loss: 2.3045 - accuracy: 0.0978
35/98 [=========>....................] - ETA: 3s - loss: 2.3045 - accuracy: 0.0982
