2024-06-26 07:43:43.742484: I tensorflow/core/platform/cpu_feature_guard.cc:193] This TensorFlow binary is optimized with oneAPI Deep Neural Network Library (oneDNN) to use the following CPU instructions in performance-critical operations:  AVX AVX2
To enable them in other operations, rebuild TensorFlow with the appropriate compiler flags.
2024-06-26 07:43:45.187697: I tensorflow/core/common_runtime/gpu/gpu_device.cc:1616] Created device /job:localhost/replica:0/task:0/device:GPU:0 with 6656 MB memory:  -> device: 0, name: NVIDIA GeForce RTX 4060 Ti, pci bus id: 0000:01:00.0, compute capability: 8.9
1 Physical GPUs, 1 Logical GPUs
Model: "sequential"
_________________________________________________________________
 Layer (type)                Output Shape              Param #   
=================================================================
 conv2d (Conv2D)             (None, 32, 32, 32)        896       
                                                                 
 max_pooling2d (MaxPooling2D  (None, 16, 16, 32)       0         
 )                                                               
                                                                 
 batch_normalization (BatchN  (None, 16, 16, 32)       128       
 ormalization)                                                   
                                                                 
 conv2d_1 (Conv2D)           (None, 16, 16, 256)       73984     
                                                                 
 dropout (Dropout)           (None, 16, 16, 256)       0         
                                                                 
 flatten (Flatten)           (None, 65536)             0         
                                                                 
 dense (Dense)               (None, 10)                655370    
                                                                 
=================================================================
Total params: 730,378
Trainable params: 730,314
Non-trainable params: 64
_________________________________________________________________
Taxa de aprendizado:  0.1 Num de épocas:  153 Tamanho do lote:  512 Dropout:  0.48556
Epoch 1/153
2024-06-26 07:43:47.672943: I tensorflow/stream_executor/cuda/cuda_dnn.cc:384] Loaded cuDNN version 8100
2024-06-26 07:43:49.706306: W tensorflow/stream_executor/gpu/redzone_allocator.cc:314] INTERNAL: ptxas exited with non-zero error code -1, output: 
Relying on driver to perform ptx compilation. 
Modify $PATH to customize ptxas location.
This message will be only logged once.
2024-06-26 07:43:52.013846: I tensorflow/stream_executor/cuda/cuda_blas.cc:1614] TensorFloat-32 will be used for the matrix multiplication. This will only be logged once.

 1/98 [..............................] - ETA: 12:15 - loss: 2.4217 - accuracy: 0.0820
 2/98 [..............................] - ETA: 5s - loss: 2776.5989 - accuracy: 0.0947
 3/98 [..............................] - ETA: 5s - loss: 2625.9729 - accuracy: 0.1081
 4/98 [>.............................] - ETA: 6s - loss: 2119.2222 - accuracy: 0.1021
 5/98 [>.............................] - ETA: 6s - loss: 1713.9441 - accuracy: 0.0980
 6/98 [>.............................] - ETA: 6s - loss: 1444.4521 - accuracy: 0.1025
 7/98 [=>............................] - ETA: 5s - loss: 1259.6853 - accuracy: 0.1030
 8/98 [=>............................] - ETA: 5s - loss: 1103.2086 - accuracy: 0.1028
 9/98 [=>............................] - ETA: 5s - loss: 980.9001 - accuracy: 0.1013 
10/98 [==>...........................] - ETA: 5s - loss: 883.0424 - accuracy: 0.1021
11/98 [==>...........................] - ETA: 5s - loss: 802.9767 - accuracy: 0.1001
12/98 [==>...........................] - ETA: 5s - loss: 736.2547 - accuracy: 0.1003
14/98 [===>..........................] - ETA: 5s - loss: 631.4080 - accuracy: 0.1020
15/98 [===>..........................] - ETA: 5s - loss: 589.4696 - accuracy: 0.1017
16/98 [===>..........................] - ETA: 5s - loss: 552.7730 - accuracy: 0.1010
17/98 [====>.........................] - ETA: 5s - loss: 520.3943 - accuracy: 0.0997
18/98 [====>.........................] - ETA: 5s - loss: 491.6116 - accuracy: 0.1012
19/98 [====>.........................] - ETA: 5s - loss: 465.8594 - accuracy: 0.1008
20/98 [=====>........................] - ETA: 4s - loss: 442.6822 - accuracy: 0.1008
21/98 [=====>........................] - ETA: 4s - loss: 421.7122 - accuracy: 0.1009
22/98 [=====>........................] - ETA: 4s - loss: 402.6484 - accuracy: 0.0998
23/98 [======>.......................] - ETA: 4s - loss: 385.2424 - accuracy: 0.0990
25/98 [======>.......................] - ETA: 4s - loss: 354.6077 - accuracy: 0.0985
26/98 [======>.......................] - ETA: 4s - loss: 341.0578 - accuracy: 0.0982
27/98 [=======>......................] - ETA: 4s - loss: 328.5116 - accuracy: 0.0983
28/98 [=======>......................] - ETA: 4s - loss: 316.8614 - accuracy: 0.0988
29/98 [=======>......................] - ETA: 4s - loss: 306.0149 - accuracy: 0.0979
30/98 [========>.....................] - ETA: 4s - loss: 295.8913 - accuracy: 0.0979
31/98 [========>.....................] - ETA: 4s - loss: 286.4208 - accuracy: 0.0984
32/98 [========>.....................] - ETA: 4s - loss: 277.5422 - accuracy: 0.0980
33/98 [=========>....................] - ETA: 4s - loss: 269.2016 - accuracy: 0.0977
34/98 [=========>....................] - ETA: 4s - loss: 261.3516 - accuracy: 0.0980
35/98 [=========>....................] - ETA: 3s - loss: 253.9502 - accuracy: 0.0978
36/98 [==========>...................] - ETA: 3s - loss: 246.9600 - accuracy: 0.0980
37/98 [==========>...................] - ETA: 3s - loss: 240.3478 - accuracy: 0.0984
38/98 [==========>...................] - ETA: 3s - loss: 234.0834 - accuracy: 0.0986
39/98 [==========>...................] - ETA: 3s - loss: 228.1405 - accuracy: 0.0978
40/98 [===========>..................] - ETA: 3s - loss: 222.4946 - accuracy: 0.0974
41/98 [===========>..................] - ETA: 3s - loss: 217.1241 - accuracy: 0.0982
42/98 [===========>..................] - ETA: 3s - loss: 212.0093 - accuracy: 0.0981
43/98 [============>.................] - ETA: 3s - loss: 207.1326 - accuracy: 0.0982
44/98 [============>.................] - ETA: 3s - loss: 202.4775 - accuracy: 0.0980
45/98 [============>.................] - ETA: 3s - loss: 198.0293 - accuracy: 0.0981
46/98 [=============>................] - ETA: 3s - loss: 193.7743 - accuracy: 0.0984
47/98 [=============>................] - ETA: 3s - loss: 189.7005 - accuracy: 0.0983
48/98 [=============>................] - ETA: 3s - loss: 185.7964 - accuracy: 0.0979
49/98 [==============>...............] - ETA: 3s - loss: 182.0516 - accuracy: 0.0981
50/98 [==============>...............] - ETA: 3s - loss: 178.4566 - accuracy: 0.0985
51/98 [==============>...............] - ETA: 2s - loss: 175.0027 - accuracy: 0.0982
52/98 [==============>...............] - ETA: 2s - loss: 171.6816 - accuracy: 0.0976
53/98 [===============>..............] - ETA: 2s - loss: 168.4857 - accuracy: 0.0976
54/98 [===============>..............] - ETA: 2s - loss: 165.4083 - accuracy: 0.0977
55/98 [===============>..............] - ETA: 2s - loss: 162.4427 - accuracy: 0.0978
56/98 [================>.............] - ETA: 2s - loss: 159.5832 - accuracy: 0.0974
57/98 [================>.............] - ETA: 2s - loss: 156.8239 - accuracy: 0.0977
58/98 [================>.............] - ETA: 2s - loss: 154.1597 - accuracy: 0.0979
59/98 [=================>............] - ETA: 2s - loss: 151.5859 - accuracy: 0.0975
60/98 [=================>............] - ETA: 2s - loss: 149.0979 - accuracy: 0.0975
61/98 [=================>............] - ETA: 2s - loss: 146.6914 - accuracy: 0.0976
62/98 [=================>............] - ETA: 2s - loss: 144.3626 - accuracy: 0.0974
63/98 [==================>...........] - ETA: 2s - loss: 142.1076 - accuracy: 0.0980
64/98 [==================>...........] - ETA: 2s - loss: 139.9231 - accuracy: 0.0980
65/98 [==================>...........] - ETA: 2s - loss: 137.8059 - accuracy: 0.0982
66/98 [===================>..........] - ETA: 2s - loss: 135.7528 - accuracy: 0.0981
67/98 [===================>..........] - ETA: 1s - loss: 133.7611 - accuracy: 0.0979
68/98 [===================>..........] - ETA: 1s - loss: 131.8279 - accuracy: 0.0978
69/98 [====================>.........] - ETA: 2s - loss: 130.5899 - accuracy: 0.0978
70/98 [====================>.........] - ETA: 2s - loss: 128.7482 - accuracy: 0.0977
71/98 [====================>.........] - ETA: 1s - loss: 126.9587 - accuracy: 0.0977
72/98 [=====================>........] - ETA: 1s - loss: 125.2190 - accuracy: 0.0980
73/98 [=====================>........] - ETA: 1s - loss: 123.5274 - accuracy: 0.0980
74/98 [=====================>........] - ETA: 1s - loss: 121.8816 - accuracy: 0.0978
75/98 [=====================>........] - ETA: 1s - loss: 120.2799 - accuracy: 0.0975
76/98 [======================>.......] - ETA: 1s - loss: 118.7205 - accuracy: 0.0975
77/98 [======================>.......] - ETA: 1s - loss: 117.2018 - accuracy: 0.0973
78/98 [======================>.......] - ETA: 1s - loss: 115.7222 - accuracy: 0.0971
79/98 [=======================>......] - ETA: 1s - loss: 114.2803 - accuracy: 0.0971
80/98 [=======================>......] - ETA: 1s - loss: 112.8745 - accuracy: 0.0972
81/98 [=======================>......] - ETA: 1s - loss: 111.5036 - accuracy: 0.0973
82/98 [========================>.....] - ETA: 1s - loss: 110.1663 - accuracy: 0.0973
83/98 [========================>.....] - ETA: 1s - loss: 108.8613 - accuracy: 0.0975
84/98 [========================>.....] - ETA: 0s - loss: 107.5876 - accuracy: 0.0977
85/98 [=========================>....] - ETA: 0s - loss: 106.3440 - accuracy: 0.0976
86/98 [=========================>....] - ETA: 0s - loss: 105.1294 - accuracy: 0.0975
87/98 [=========================>....] - ETA: 0s - loss: 103.9428 - accuracy: 0.0975
88/98 [=========================>....] - ETA: 0s - loss: 102.7833 - accuracy: 0.0978
89/98 [==========================>...] - ETA: 0s - loss: 101.6499 - accuracy: 0.0979
90/98 [==========================>...] - ETA: 0s - loss: 100.5419 - accuracy: 0.0977
91/98 [==========================>...] - ETA: 0s - loss: 99.4582 - accuracy: 0.0978 
93/98 [===========================>..] - ETA: 0s - loss: 97.3611 - accuracy: 0.0981
94/98 [===========================>..] - ETA: 0s - loss: 96.3462 - accuracy: 0.0980
95/98 [============================>.] - ETA: 0s - loss: 95.3527 - accuracy: 0.0978
97/98 [============================>.] - ETA: 0s - loss: 93.4273 - accuracy: 0.0976
98/98 [==============================] - ETA: 0s - loss: 92.4942 - accuracy: 0.0978
98/98 [==============================] - 16s 83ms/step - loss: 92.4942 - accuracy: 0.0978 - val_loss: 2.3035 - val_accuracy: 0.1000
Epoch 2/153

 1/98 [..............................] - ETA: 7s - loss: 2.3033 - accuracy: 0.1035
 2/98 [..............................] - ETA: 5s - loss: 2.3034 - accuracy: 0.0986
 3/98 [..............................] - ETA: 5s - loss: 2.3025 - accuracy: 0.1003
 4/98 [>.............................] - ETA: 6s - loss: 2.3029 - accuracy: 0.0962
 5/98 [>.............................] - ETA: 6s - loss: 2.3031 - accuracy: 0.1008
 6/98 [>.............................] - ETA: 6s - loss: 2.3032 - accuracy: 0.1012
 7/98 [=>............................] - ETA: 5s - loss: 2.3027 - accuracy: 0.1041
 8/98 [=>............................] - ETA: 5s - loss: 2.3030 - accuracy: 0.1030
 9/98 [=>............................] - ETA: 5s - loss: 2.3032 - accuracy: 0.1037
10/98 [==>...........................] - ETA: 5s - loss: 2.3031 - accuracy: 0.1041
11/98 [==>...........................] - ETA: 5s - loss: 2.3030 - accuracy: 0.1033
12/98 [==>...........................] - ETA: 5s - loss: 2.3030 - accuracy: 0.1030
13/98 [==>...........................] - ETA: 5s - loss: 2.3031 - accuracy: 0.1029
15/98 [===>..........................] - ETA: 5s - loss: 2.3035 - accuracy: 0.1013
16/98 [===>..........................] - ETA: 5s - loss: 2.3037 - accuracy: 0.1019
17/98 [====>.........................] - ETA: 4s - loss: 2.3037 - accuracy: 0.1024
18/98 [====>.........................] - ETA: 4s - loss: 2.3037 - accuracy: 0.1024
19/98 [====>.........................] - ETA: 4s - loss: 2.3039 - accuracy: 0.1018
20/98 [=====>........................] - ETA: 4s - loss: 2.3037 - accuracy: 0.1016
21/98 [=====>........................] - ETA: 4s - loss: 2.3036 - accuracy: 0.1025
22/98 [=====>........................] - ETA: 4s - loss: 2.3035 - accuracy: 0.1019
23/98 [======>.......................] - ETA: 4s - loss: 2.3035 - accuracy: 0.1018
24/98 [======>.......................] - ETA: 4s - loss: 2.3034 - accuracy: 0.1027
25/98 [======>.......................] - ETA: 4s - loss: 2.3032 - accuracy: 0.1032
26/98 [======>.......................] - ETA: 4s - loss: 2.3031 - accuracy: 0.1036
27/98 [=======>......................] - ETA: 4s - loss: 2.3033 - accuracy: 0.1032
28/98 [=======>......................] - ETA: 4s - loss: 2.3037 - accuracy: 0.1024
29/98 [=======>......................] - ETA: 4s - loss: 2.3038 - accuracy: 0.1022
30/98 [========>.....................] - ETA: 4s - loss: 2.3038 - accuracy: 0.1026
31/98 [========>.....................] - ETA: 4s - loss: 2.3038 - accuracy: 0.1028
32/98 [========>.....................] - ETA: 4s - loss: 2.3039 - accuracy: 0.1033
33/98 [=========>....................] - ETA: 4s - loss: 2.3040 - accuracy: 0.1035
34/98 [=========>....................] - ETA: 4s - loss: 2.3041 - accuracy: 0.1031
35/98 [=========>....................] - ETA: 3s - loss: 2.3041 - accuracy: 0.1030
36/98 [==========>...................] - ETA: 3s - loss: 2.3040 - accuracy: 0.1033
37/98 [==========>...................] - ETA: 3s - loss: 2.3041 - accuracy: 0.1028
38/98 [==========>...................] - ETA: 3s - loss: 2.3041 - accuracy: 0.1027
39/98 [==========>...................] - ETA: 3s - loss: 2.3041 - accuracy: 0.1026
40/98 [===========>..................] - ETA: 3s - loss: 2.3041 - accuracy: 0.1027
41/98 [===========>..................] - ETA: 3s - loss: 2.3042 - accuracy: 0.1026
42/98 [===========>..................] - ETA: 3s - loss: 2.3042 - accuracy: 0.1023
43/98 [============>.................] - ETA: 3s - loss: 2.3043 - accuracy: 0.1030
44/98 [============>.................] - ETA: 3s - loss: 2.3043 - accuracy: 0.1028
45/98 [============>.................] - ETA: 3s - loss: 2.3042 - accuracy: 0.1028
46/98 [=============>................] - ETA: 3s - loss: 2.3041 - accuracy: 0.1029
47/98 [=============>................] - ETA: 3s - loss: 2.3041 - accuracy: 0.1026
48/98 [=============>................] - ETA: 3s - loss: 2.3042 - accuracy: 0.1023
49/98 [==============>...............] - ETA: 3s - loss: 2.3042 - accuracy: 0.1025
50/98 [==============>...............] - ETA: 3s - loss: 2.3041 - accuracy: 0.1025
51/98 [==============>...............] - ETA: 2s - loss: 2.3041 - accuracy: 0.1025
52/98 [==============>...............] - ETA: 2s - loss: 2.3040 - accuracy: 0.1023
53/98 [===============>..............] - ETA: 2s - loss: 2.3040 - accuracy: 0.1023
54/98 [===============>..............] - ETA: 2s - loss: 2.3041 - accuracy: 0.1018
55/98 [===============>..............] - ETA: 2s - loss: 2.3042 - accuracy: 0.1016
56/98 [================>.............] - ETA: 2s - loss: 2.3042 - accuracy: 0.1021
57/98 [================>.............] - ETA: 2s - loss: 2.3040 - accuracy: 0.1025
58/98 [================>.............] - ETA: 2s - loss: 2.3040 - accuracy: 0.1026
59/98 [=================>............] - ETA: 2s - loss: 2.3040 - accuracy: 0.1025
60/98 [=================>............] - ETA: 2s - loss: 2.3041 - accuracy: 0.1025
61/98 [=================>............] - ETA: 2s - loss: 2.3041 - accuracy: 0.1028
62/98 [=================>............] - ETA: 2s - loss: 2.3040 - accuracy: 0.1030
63/98 [==================>...........] - ETA: 2s - loss: 2.3040 - accuracy: 0.1030
64/98 [==================>...........] - ETA: 2s - loss: 2.3040 - accuracy: 0.1028
65/98 [==================>...........] - ETA: 2s - loss: 2.3040 - accuracy: 0.1030
66/98 [===================>..........] - ETA: 2s - loss: 2.3040 - accuracy: 0.1029
67/98 [===================>..........] - ETA: 1s - loss: 2.3040 - accuracy: 0.1028
68/98 [===================>..........] - ETA: 1s - loss: 2.3041 - accuracy: 0.1027
69/98 [====================>.........] - ETA: 1s - loss: 2.3041 - accuracy: 0.1029
70/98 [====================>.........] - ETA: 1s - loss: 2.3041 - accuracy: 0.1027
71/98 [====================>.........] - ETA: 1s - loss: 2.3041 - accuracy: 0.1027
72/98 [=====================>........] - ETA: 1s - loss: 2.3042 - accuracy: 0.1025
73/98 [=====================>........] - ETA: 1s - loss: 2.3042 - accuracy: 0.1022
74/98 [=====================>........] - ETA: 1s - loss: 2.3041 - accuracy: 0.1021
75/98 [=====================>........] - ETA: 1s - loss: 2.3041 - accuracy: 0.1021
76/98 [======================>.......] - ETA: 1s - loss: 2.3041 - accuracy: 0.1020
77/98 [======================>.......] - ETA: 1s - loss: 2.3041 - accuracy: 0.1019
78/98 [======================>.......] - ETA: 1s - loss: 2.3041 - accuracy: 0.1021
79/98 [=======================>......] - ETA: 1s - loss: 2.3041 - accuracy: 0.1018
80/98 [=======================>......] - ETA: 1s - loss: 2.3041 - accuracy: 0.1021
81/98 [=======================>......] - ETA: 1s - loss: 2.3041 - accuracy: 0.1019
82/98 [========================>.....] - ETA: 1s - loss: 2.3042 - accuracy: 0.1017
83/98 [========================>.....] - ETA: 0s - loss: 2.3042 - accuracy: 0.1015
84/98 [========================>.....] - ETA: 0s - loss: 2.3042 - accuracy: 0.1014
85/98 [=========================>....] - ETA: 0s - loss: 2.3042 - accuracy: 0.1015
86/98 [=========================>....] - ETA: 0s - loss: 2.3042 - accuracy: 0.1018
87/98 [=========================>....] - ETA: 0s - loss: 2.3042 - accuracy: 0.1016
88/98 [=========================>....] - ETA: 0s - loss: 2.3042 - accuracy: 0.1015
89/98 [==========================>...] - ETA: 0s - loss: 2.3042 - accuracy: 0.1014
90/98 [==========================>...] - ETA: 0s - loss: 2.3041 - accuracy: 0.1017
91/98 [==========================>...] - ETA: 0s - loss: 2.3042 - accuracy: 0.1017
92/98 [===========================>..] - ETA: 0s - loss: 2.3041 - accuracy: 0.1017
93/98 [===========================>..] - ETA: 0s - loss: 2.3041 - accuracy: 0.1018
94/98 [===========================>..] - ETA: 0s - loss: 2.3041 - accuracy: 0.1018
95/98 [============================>.] - ETA: 0s - loss: 2.3042 - accuracy: 0.1016
96/98 [============================>.] - ETA: 0s - loss: 2.3042 - accuracy: 0.1013
97/98 [============================>.] - ETA: 0s - loss: 2.3042 - accuracy: 0.1011
98/98 [==============================] - ETA: 0s - loss: 2.3042 - accuracy: 0.1011
98/98 [==============================] - 7s 73ms/step - loss: 2.3042 - accuracy: 0.1011 - val_loss: 2.3048 - val_accuracy: 0.1000
Epoch 3/153

 1/98 [..............................] - ETA: 7s - loss: 2.3029 - accuracy: 0.1074
 2/98 [..............................] - ETA: 6s - loss: 2.3026 - accuracy: 0.1035
 3/98 [..............................] - ETA: 5s - loss: 2.3058 - accuracy: 0.0970
 4/98 [>.............................] - ETA: 5s - loss: 2.3051 - accuracy: 0.0952
 5/98 [>.............................] - ETA: 5s - loss: 2.3054 - accuracy: 0.0941
 6/98 [>.............................] - ETA: 5s - loss: 2.3064 - accuracy: 0.0967
 7/98 [=>............................] - ETA: 5s - loss: 2.3055 - accuracy: 0.0979
 8/98 [=>............................] - ETA: 5s - loss: 2.3063 - accuracy: 0.0967
 9/98 [=>............................] - ETA: 5s - loss: 2.3061 - accuracy: 0.0994
10/98 [==>...........................] - ETA: 5s - loss: 2.3056 - accuracy: 0.0996
11/98 [==>...........................] - ETA: 5s - loss: 2.3054 - accuracy: 0.1012
12/98 [==>...........................] - ETA: 5s - loss: 2.3053 - accuracy: 0.1014
13/98 [==>...........................] - ETA: 5s - loss: 2.3050 - accuracy: 0.1004
14/98 [===>..........................] - ETA: 5s - loss: 2.3053 - accuracy: 0.1004
15/98 [===>..........................] - ETA: 5s - loss: 2.3050 - accuracy: 0.1009
16/98 [===>..........................] - ETA: 5s - loss: 2.3050 - accuracy: 0.1012
17/98 [====>.........................] - ETA: 5s - loss: 2.3049 - accuracy: 0.1013
18/98 [====>.........................] - ETA: 5s - loss: 2.3050 - accuracy: 0.1002
19/98 [====>.........................] - ETA: 5s - loss: 2.3050 - accuracy: 0.0997
20/98 [=====>........................] - ETA: 4s - loss: 2.3052 - accuracy: 0.0992
21/98 [=====>........................] - ETA: 4s - loss: 2.3049 - accuracy: 0.1000
22/98 [=====>........................] - ETA: 4s - loss: 2.3046 - accuracy: 0.1004
23/98 [======>.......................] - ETA: 4s - loss: 2.3047 - accuracy: 0.0994
24/98 [======>.......................] - ETA: 4s - loss: 2.3049 - accuracy: 0.0990
25/98 [======>.......................] - ETA: 4s - loss: 2.3048 - accuracy: 0.1000
26/98 [======>.......................] - ETA: 4s - loss: 2.3050 - accuracy: 0.1001
27/98 [=======>......................] - ETA: 4s - loss: 2.3051 - accuracy: 0.0998
28/98 [=======>......................] - ETA: 4s - loss: 2.3054 - accuracy: 0.1000
29/98 [=======>......................] - ETA: 4s - loss: 2.3052 - accuracy: 0.1003
30/98 [========>.....................] - ETA: 4s - loss: 2.3051 - accuracy: 0.1005
31/98 [========>.....................] - ETA: 4s - loss: 2.3051 - accuracy: 0.1009
33/98 [=========>....................] - ETA: 4s - loss: 2.3051 - accuracy: 0.1004
34/98 [=========>....................] - ETA: 4s - loss: 2.3051 - accuracy: 0.0999
35/98 [=========>....................] - ETA: 3s - loss: 2.3052 - accuracy: 0.0994
36/98 [==========>...................] - ETA: 3s - loss: 2.3052 - accuracy: 0.0996
37/98 [==========>...................] - ETA: 3s - loss: 2.3049 - accuracy: 0.1003
38/98 [==========>...................] - ETA: 3s - loss: 2.3050 - accuracy: 0.0996
39/98 [==========>...................] - ETA: 3s - loss: 2.3049 - accuracy: 0.1007
40/98 [===========>..................] - ETA: 3s - loss: 2.3050 - accuracy: 0.1000
41/98 [===========>..................] - ETA: 3s - loss: 2.3050 - accuracy: 0.1006
42/98 [===========>..................] - ETA: 3s - loss: 2.3050 - accuracy: 0.1004
44/98 [============>.................] - ETA: 3s - loss: 2.3052 - accuracy: 0.1002
45/98 [============>.................] - ETA: 3s - loss: 2.3052 - accuracy: 0.1003
46/98 [=============>................] - ETA: 3s - loss: 2.3052 - accuracy: 0.1002
47/98 [=============>................] - ETA: 3s - loss: 2.3053 - accuracy: 0.0997
49/98 [==============>...............] - ETA: 3s - loss: 2.3052 - accuracy: 0.0995
50/98 [==============>...............] - ETA: 2s - loss: 2.3051 - accuracy: 0.0994
52/98 [==============>...............] - ETA: 2s - loss: 2.3052 - accuracy: 0.0996
53/98 [===============>..............] - ETA: 2s - loss: 2.3052 - accuracy: 0.1000
54/98 [===============>..............] - ETA: 2s - loss: 2.3052 - accuracy: 0.0995
55/98 [===============>..............] - ETA: 2s - loss: 2.3052 - accuracy: 0.0995
56/98 [================>.............] - ETA: 2s - loss: 2.3051 - accuracy: 0.0995
57/98 [================>.............] - ETA: 2s - loss: 2.3051 - accuracy: 0.0992
58/98 [================>.............] - ETA: 2s - loss: 2.3051 - accuracy: 0.0988
59/98 [=================>............] - ETA: 2s - loss: 2.3051 - accuracy: 0.0988
60/98 [=================>............] - ETA: 2s - loss: 2.3050 - accuracy: 0.0989
61/98 [=================>............] - ETA: 2s - loss: 2.3050 - accuracy: 0.0989
62/98 [=================>............] - ETA: 2s - loss: 2.3050 - accuracy: 0.0989
64/98 [==================>...........] - ETA: 2s - loss: 2.3050 - accuracy: 0.0986
65/98 [==================>...........] - ETA: 2s - loss: 2.3050 - accuracy: 0.0987
66/98 [===================>..........] - ETA: 1s - loss: 2.3049 - accuracy: 0.0991
67/98 [===================>..........] - ETA: 1s - loss: 2.3049 - accuracy: 0.0991
69/98 [====================>.........] - ETA: 1s - loss: 2.3049 - accuracy: 0.0989
70/98 [====================>.........] - ETA: 1s - loss: 2.3049 - accuracy: 0.0990
71/98 [====================>.........] - ETA: 1s - loss: 2.3049 - accuracy: 0.0991
72/98 [=====================>........] - ETA: 1s - loss: 2.3049 - accuracy: 0.0992
74/98 [=====================>........] - ETA: 1s - loss: 2.3049 - accuracy: 0.0989
75/98 [=====================>........] - ETA: 1s - loss: 2.3049 - accuracy: 0.0991
76/98 [======================>.......] - ETA: 1s - loss: 2.3048 - accuracy: 0.0992
78/98 [======================>.......] - ETA: 1s - loss: 2.3048 - accuracy: 0.0992
79/98 [=======================>......] - ETA: 1s - loss: 2.3048 - accuracy: 0.0991
80/98 [=======================>......] - ETA: 1s - loss: 2.3048 - accuracy: 0.0991
82/98 [========================>.....] - ETA: 0s - loss: 2.3048 - accuracy: 0.0992
83/98 [========================>.....] - ETA: 0s - loss: 2.3047 - accuracy: 0.0992
84/98 [========================>.....] - ETA: 0s - loss: 2.3048 - accuracy: 0.0990
85/98 [=========================>....] - ETA: 0s - loss: 2.3048 - accuracy: 0.0988
87/98 [=========================>....] - ETA: 0s - loss: 2.3048 - accuracy: 0.0989
88/98 [=========================>....] - ETA: 0s - loss: 2.3048 - accuracy: 0.0988
89/98 [==========================>...] - ETA: 0s - loss: 2.3047 - accuracy: 0.0989
91/98 [==========================>...] - ETA: 0s - loss: 2.3047 - accuracy: 0.0990
92/98 [===========================>..] - ETA: 0s - loss: 2.3047 - accuracy: 0.0989
93/98 [===========================>..] - ETA: 0s - loss: 2.3047 - accuracy: 0.0989
94/98 [===========================>..] - ETA: 0s - loss: 2.3047 - accuracy: 0.0988
96/98 [============================>.] - ETA: 0s - loss: 2.3047 - accuracy: 0.0987
97/98 [============================>.] - ETA: 0s - loss: 2.3047 - accuracy: 0.0988
98/98 [==============================] - ETA: 0s - loss: 2.3046 - accuracy: 0.0988
98/98 [==============================] - 7s 69ms/step - loss: 2.3046 - accuracy: 0.0988 - val_loss: 2.3040 - val_accuracy: 0.1000
Epoch 4/153

 1/98 [..............................] - ETA: 7s - loss: 2.3018 - accuracy: 0.0918
 3/98 [..............................] - ETA: 5s - loss: 2.3034 - accuracy: 0.0964
 4/98 [>.............................] - ETA: 5s - loss: 2.3036 - accuracy: 0.0962
 5/98 [>.............................] - ETA: 5s - loss: 2.3048 - accuracy: 0.0898
 7/98 [=>............................] - ETA: 5s - loss: 2.3044 - accuracy: 0.0943
 8/98 [=>............................] - ETA: 5s - loss: 2.3040 - accuracy: 0.0974
 9/98 [=>............................] - ETA: 5s - loss: 2.3039 - accuracy: 0.0974
11/98 [==>...........................] - ETA: 4s - loss: 2.3038 - accuracy: 0.0982
12/98 [==>...........................] - ETA: 4s - loss: 2.3040 - accuracy: 0.0958
14/98 [===>..........................] - ETA: 4s - loss: 2.3039 - accuracy: 0.0974
15/98 [===>..........................] - ETA: 4s - loss: 2.3038 - accuracy: 0.0987
16/98 [===>..........................] - ETA: 4s - loss: 2.3038 - accuracy: 0.0983
18/98 [====>.........................] - ETA: 4s - loss: 2.3036 - accuracy: 0.0987
19/98 [====>.........................] - ETA: 4s - loss: 2.3036 - accuracy: 0.0995
20/98 [=====>........................] - ETA: 4s - loss: 2.3037 - accuracy: 0.0989
21/98 [=====>........................] - ETA: 4s - loss: 2.3037 - accuracy: 0.0991
23/98 [======>.......................] - ETA: 4s - loss: 2.3037 - accuracy: 0.0994
24/98 [======>.......................] - ETA: 4s - loss: 2.3037 - accuracy: 0.1004
25/98 [======>.......................] - ETA: 4s - loss: 2.3037 - accuracy: 0.0999
27/98 [=======>......................] - ETA: 4s - loss: 2.3038 - accuracy: 0.0994
28/98 [=======>......................] - ETA: 4s - loss: 2.3039 - accuracy: 0.0987
30/98 [========>.....................] - ETA: 3s - loss: 2.3040 - accuracy: 0.0986
31/98 [========>.....................] - ETA: 3s - loss: 2.3039 - accuracy: 0.0986
32/98 [========>.....................] - ETA: 3s - loss: 2.3038 - accuracy: 0.0987
34/98 [=========>....................] - ETA: 3s - loss: 2.3041 - accuracy: 0.0985
35/98 [=========>....................] - ETA: 3s - loss: 2.3042 - accuracy: 0.0985
36/98 [==========>...................] - ETA: 3s - loss: 2.3042 - accuracy: 0.0985
37/98 [==========>...................] - ETA: 3s - loss: 2.3043 - accuracy: 0.0985
39/98 [==========>...................] - ETA: 3s - loss: 2.3043 - accuracy: 0.0984
40/98 [===========>..................] - ETA: 3s - loss: 2.3043 - accuracy: 0.0979
42/98 [===========>..................] - ETA: 3s - loss: 2.3043 - accuracy: 0.0986
43/98 [============>.................] - ETA: 3s - loss: 2.3044 - accuracy: 0.0984
44/98 [============>.................] - ETA: 3s - loss: 2.3044 - accuracy: 0.0987
45/98 [============>.................] - ETA: 3s - loss: 2.3045 - accuracy: 0.0987
47/98 [=============>................] - ETA: 2s - loss: 2.3044 - accuracy: 0.0997
48/98 [=============>................] - ETA: 2s - loss: 2.3044 - accuracy: 0.0999
49/98 [==============>...............] - ETA: 2s - loss: 2.3045 - accuracy: 0.1001
50/98 [==============>...............] - ETA: 2s - loss: 2.3046 - accuracy: 0.0996
51/98 [==============>...............] - ETA: 2s - loss: 2.3046 - accuracy: 0.0997
52/98 [==============>...............] - ETA: 2s - loss: 2.3046 - accuracy: 0.0997
53/98 [===============>..............] - ETA: 2s - loss: 2.3046 - accuracy: 0.0992
54/98 [===============>..............] - ETA: 2s - loss: 2.3046 - accuracy: 0.0993
55/98 [===============>..............] - ETA: 2s - loss: 2.3045 - accuracy: 0.0993
56/98 [================>.............] - ETA: 2s - loss: 2.3046 - accuracy: 0.0992
57/98 [================>.............] - ETA: 2s - loss: 2.3046 - accuracy: 0.0990
58/98 [================>.............] - ETA: 2s - loss: 2.3046 - accuracy: 0.0993
59/98 [=================>............] - ETA: 2s - loss: 2.3046 - accuracy: 0.0995
60/98 [=================>............] - ETA: 2s - loss: 2.3047 - accuracy: 0.0995
61/98 [=================>............] - ETA: 2s - loss: 2.3047 - accuracy: 0.0995
62/98 [=================>............] - ETA: 2s - loss: 2.3047 - accuracy: 0.0993
63/98 [==================>...........] - ETA: 2s - loss: 2.3048 - accuracy: 0.0991
64/98 [==================>...........] - ETA: 2s - loss: 2.3048 - accuracy: 0.0990
66/98 [===================>..........] - ETA: 1s - loss: 2.3048 - accuracy: 0.0990
67/98 [===================>..........] - ETA: 1s - loss: 2.3047 - accuracy: 0.0990
68/98 [===================>..........] - ETA: 1s - loss: 2.3048 - accuracy: 0.0988
69/98 [====================>.........] - ETA: 1s - loss: 2.3048 - accuracy: 0.0988
70/98 [====================>.........] - ETA: 1s - loss: 2.3047 - accuracy: 0.0990
71/98 [====================>.........] - ETA: 1s - loss: 2.3047 - accuracy: 0.0990
72/98 [=====================>........] - ETA: 1s - loss: 2.3048 - accuracy: 0.0987
73/98 [=====================>........] - ETA: 1s - loss: 2.3048 - accuracy: 0.0989
74/98 [=====================>........] - ETA: 1s - loss: 2.3048 - accuracy: 0.0990
75/98 [=====================>........] - ETA: 1s - loss: 2.3048 - accuracy: 0.0991
76/98 [======================>.......] - ETA: 1s - loss: 2.3048 - accuracy: 0.0990
77/98 [======================>.......] - ETA: 1s - loss: 2.3047 - accuracy: 0.0991
78/98 [======================>.......] - ETA: 1s - loss: 2.3047 - accuracy: 0.0994
79/98 [=======================>......] - ETA: 1s - loss: 2.3048 - accuracy: 0.0991
80/98 [=======================>......] - ETA: 1s - loss: 2.3047 - accuracy: 0.0994
81/98 [=======================>......] - ETA: 1s - loss: 2.3047 - accuracy: 0.0993
82/98 [========================>.....] - ETA: 0s - loss: 2.3047 - accuracy: 0.0993
83/98 [========================>.....] - ETA: 0s - loss: 2.3048 - accuracy: 0.0991
84/98 [========================>.....] - ETA: 0s - loss: 2.3048 - accuracy: 0.0990
85/98 [=========================>....] - ETA: 0s - loss: 2.3047 - accuracy: 0.0992
86/98 [=========================>....] - ETA: 0s - loss: 2.3047 - accuracy: 0.0993
87/98 [=========================>....] - ETA: 0s - loss: 2.3047 - accuracy: 0.0996
88/98 [=========================>....] - ETA: 0s - loss: 2.3047 - accuracy: 0.0994
89/98 [==========================>...] - ETA: 0s - loss: 2.3047 - accuracy: 0.0995
90/98 [==========================>...] - ETA: 0s - loss: 2.3047 - accuracy: 0.0995
91/98 [==========================>...] - ETA: 0s - loss: 2.3047 - accuracy: 0.0995
92/98 [===========================>..] - ETA: 0s - loss: 2.3047 - accuracy: 0.0994
93/98 [===========================>..] - ETA: 0s - loss: 2.3047 - accuracy: 0.0995
94/98 [===========================>..] - ETA: 0s - loss: 2.3047 - accuracy: 0.0993
95/98 [============================>.] - ETA: 0s - loss: 2.3046 - accuracy: 0.0994
96/98 [============================>.] - ETA: 0s - loss: 2.3046 - accuracy: 0.0994
97/98 [============================>.] - ETA: 0s - loss: 2.3046 - accuracy: 0.0997
98/98 [==============================] - ETA: 0s - loss: 2.3046 - accuracy: 0.0999
98/98 [==============================] - 7s 70ms/step - loss: 2.3046 - accuracy: 0.0999 - val_loss: 2.3045 - val_accuracy: 0.1000
Epoch 5/153

 1/98 [..............................] - ETA: 7s - loss: 2.3074 - accuracy: 0.0879
 2/98 [..............................] - ETA: 5s - loss: 2.3078 - accuracy: 0.0869
 3/98 [..............................] - ETA: 5s - loss: 2.3071 - accuracy: 0.0905
 4/98 [>.............................] - ETA: 5s - loss: 2.3070 - accuracy: 0.0884
 5/98 [>.............................] - ETA: 5s - loss: 2.3063 - accuracy: 0.0844
 6/98 [>.............................] - ETA: 5s - loss: 2.3056 - accuracy: 0.0879
 7/98 [=>............................] - ETA: 5s - loss: 2.3052 - accuracy: 0.0904
 8/98 [=>............................] - ETA: 5s - loss: 2.3053 - accuracy: 0.0918
 9/98 [=>............................] - ETA: 5s - loss: 2.3060 - accuracy: 0.0914
10/98 [==>...........................] - ETA: 5s - loss: 2.3063 - accuracy: 0.0920
11/98 [==>...........................] - ETA: 5s - loss: 2.3065 - accuracy: 0.0939
12/98 [==>...........................] - ETA: 5s - loss: 2.3062 - accuracy: 0.0946
13/98 [==>...........................] - ETA: 5s - loss: 2.3060 - accuracy: 0.0944
14/98 [===>..........................] - ETA: 5s - loss: 2.3059 - accuracy: 0.0949
15/98 [===>..........................] - ETA: 5s - loss: 2.3055 - accuracy: 0.0938
16/98 [===>..........................] - ETA: 5s - loss: 2.3054 - accuracy: 0.0945
17/98 [====>.........................] - ETA: 5s - loss: 2.3055 - accuracy: 0.0947
18/98 [====>.........................] - ETA: 5s - loss: 2.3052 - accuracy: 0.0956
19/98 [====>.........................] - ETA: 5s - loss: 2.3052 - accuracy: 0.0962
20/98 [=====>........................] - ETA: 4s - loss: 2.3051 - accuracy: 0.0960
21/98 [=====>........................] - ETA: 4s - loss: 2.3052 - accuracy: 0.0958
22/98 [=====>........................] - ETA: 4s - loss: 2.3050 - accuracy: 0.0963
23/98 [======>.......................] - ETA: 4s - loss: 2.3051 - accuracy: 0.0960
24/98 [======>.......................] - ETA: 4s - loss: 2.3051 - accuracy: 0.0956
25/98 [======>.......................] - ETA: 4s - loss: 2.3051 - accuracy: 0.0962
26/98 [======>.......................] - ETA: 4s - loss: 2.3049 - accuracy: 0.0967
27/98 [=======>......................] - ETA: 4s - loss: 2.3052 - accuracy: 0.0964
28/98 [=======>......................] - ETA: 4s - loss: 2.3053 - accuracy: 0.0968
29/98 [=======>......................] - ETA: 4s - loss: 2.3052 - accuracy: 0.0969
30/98 [========>.....................] - ETA: 4s - loss: 2.3052 - accuracy: 0.0969
31/98 [========>.....................] - ETA: 4s - loss: 2.3051 - accuracy: 0.0971
32/98 [========>.....................] - ETA: 4s - loss: 2.3052 - accuracy: 0.0969
33/98 [=========>....................] - ETA: 4s - loss: 2.3051 - accuracy: 0.0975
34/98 [=========>....................] - ETA: 4s - loss: 2.3051 - accuracy: 0.0976
35/98 [=========>....................] - ETA: 3s - loss: 2.3050 - accuracy: 0.0973
36/98 [==========>...................] - ETA: 3s - loss: 2.3050 - accuracy: 0.0968
37/98 [==========>...................] - ETA: 3s - loss: 2.3049 - accuracy: 0.0963
38/98 [==========>...................] - ETA: 3s - loss: 2.3049 - accuracy: 0.0963
39/98 [==========>...................] - ETA: 3s - loss: 2.3049 - accuracy: 0.0965
40/98 [===========>..................] - ETA: 3s - loss: 2.3050 - accuracy: 0.0965
41/98 [===========>..................] - ETA: 3s - loss: 2.3050 - accuracy: 0.0966
42/98 [===========>..................] - ETA: 3s - loss: 2.3050 - accuracy: 0.0964
43/98 [============>.................] - ETA: 3s - loss: 2.3050 - accuracy: 0.0964
44/98 [============>.................] - ETA: 3s - loss: 2.3050 - accuracy: 0.0964
45/98 [============>.................] - ETA: 3s - loss: 2.3050 - accuracy: 0.0957
46/98 [=============>................] - ETA: 3s - loss: 2.3049 - accuracy: 0.0956
47/98 [=============>................] - ETA: 3s - loss: 2.3049 - accuracy: 0.0959
48/98 [=============>................] - ETA: 3s - loss: 2.3050 - accuracy: 0.0958
49/98 [==============>...............] - ETA: 3s - loss: 2.3051 - accuracy: 0.0957
50/98 [==============>...............] - ETA: 3s - loss: 2.3051 - accuracy: 0.0955
51/98 [==============>...............] - ETA: 2s - loss: 2.3051 - accuracy: 0.0955
52/98 [==============>...............] - ETA: 2s - loss: 2.3052 - accuracy: 0.0955
53/98 [===============>..............] - ETA: 2s - loss: 2.3051 - accuracy: 0.0957
54/98 [===============>..............] - ETA: 2s - loss: 2.3051 - accuracy: 0.0959
55/98 [===============>..............] - ETA: 2s - loss: 2.3052 - accuracy: 0.0958
57/98 [================>.............] - ETA: 2s - loss: 2.3051 - accuracy: 0.0961
58/98 [================>.............] - ETA: 2s - loss: 2.3051 - accuracy: 0.0964
60/98 [=================>............] - ETA: 2s - loss: 2.3051 - accuracy: 0.0965
61/98 [=================>............] - ETA: 2s - loss: 2.3051 - accuracy: 0.0966
62/98 [=================>............] - ETA: 2s - loss: 2.3051 - accuracy: 0.0966
63/98 [==================>...........] - ETA: 2s - loss: 2.3052 - accuracy: 0.0969
64/98 [==================>...........] - ETA: 2s - loss: 2.3052 - accuracy: 0.0968
65/98 [==================>...........] - ETA: 2s - loss: 2.3052 - accuracy: 0.0969
66/98 [===================>..........] - ETA: 2s - loss: 2.3052 - accuracy: 0.0969
67/98 [===================>..........] - ETA: 1s - loss: 2.3051 - accuracy: 0.0974
68/98 [===================>..........] - ETA: 1s - loss: 2.3051 - accuracy: 0.0973
69/98 [====================>.........] - ETA: 1s - loss: 2.3051 - accuracy: 0.0973
71/98 [====================>.........] - ETA: 1s - loss: 2.3051 - accuracy: 0.0973
72/98 [=====================>........] - ETA: 1s - loss: 2.3051 - accuracy: 0.0974
73/98 [=====================>........] - ETA: 1s - loss: 2.3051 - accuracy: 0.0975
74/98 [=====================>........] - ETA: 1s - loss: 2.3051 - accuracy: 0.0974
76/98 [======================>.......] - ETA: 1s - loss: 2.3051 - accuracy: 0.0975
78/98 [======================>.......] - ETA: 1s - loss: 2.3051 - accuracy: 0.0973
79/98 [=======================>......] - ETA: 1s - loss: 2.3051 - accuracy: 0.0975
80/98 [=======================>......] - ETA: 1s - loss: 2.3051 - accuracy: 0.0976
81/98 [=======================>......] - ETA: 1s - loss: 2.3051 - accuracy: 0.0976
82/98 [========================>.....] - ETA: 1s - loss: 2.3052 - accuracy: 0.0978
