2024-06-26 08:45:36.983230: I tensorflow/core/platform/cpu_feature_guard.cc:193] This TensorFlow binary is optimized with oneAPI Deep Neural Network Library (oneDNN) to use the following CPU instructions in performance-critical operations:  AVX AVX2
To enable them in other operations, rebuild TensorFlow with the appropriate compiler flags.
2024-06-26 08:45:38.216789: I tensorflow/core/common_runtime/gpu/gpu_device.cc:1616] Created device /job:localhost/replica:0/task:0/device:GPU:0 with 6656 MB memory:  -> device: 0, name: NVIDIA GeForce RTX 4060 Ti, pci bus id: 0000:01:00.0, compute capability: 8.9
1 Physical GPUs, 1 Logical GPUs
Model: "sequential"
_________________________________________________________________
 Layer (type)                Output Shape              Param #   
=================================================================
 conv2d (Conv2D)             (None, 32, 32, 32)        896       
                                                                 
 max_pooling2d (MaxPooling2D  (None, 16, 16, 32)       0         
 )                                                               
                                                                 
 batch_normalization (BatchN  (None, 16, 16, 32)       128       
 ormalization)                                                   
                                                                 
 conv2d_1 (Conv2D)           (None, 16, 16, 256)       73984     
                                                                 
 dropout (Dropout)           (None, 16, 16, 256)       0         
                                                                 
 flatten (Flatten)           (None, 65536)             0         
                                                                 
 dense (Dense)               (None, 10)                655370    
                                                                 
=================================================================
Total params: 730,378
Trainable params: 730,314
Non-trainable params: 64
_________________________________________________________________
Taxa de aprendizado:  0.1 Num de épocas:  153 Tamanho do lote:  512 Dropout:  0.48556
Epoch 1/153
2024-06-26 08:45:39.987525: I tensorflow/stream_executor/cuda/cuda_dnn.cc:384] Loaded cuDNN version 8100
2024-06-26 08:45:41.806559: W tensorflow/stream_executor/gpu/redzone_allocator.cc:314] INTERNAL: ptxas exited with non-zero error code -1, output: 
Relying on driver to perform ptx compilation. 
Modify $PATH to customize ptxas location.
This message will be only logged once.
2024-06-26 08:45:43.275304: I tensorflow/stream_executor/cuda/cuda_blas.cc:1614] TensorFloat-32 will be used for the matrix multiplication. This will only be logged once.

 1/98 [..............................] - ETA: 9:00 - loss: 2.3780 - accuracy: 0.1172
 2/98 [..............................] - ETA: 5s - loss: 2157.2554 - accuracy: 0.1162
 3/98 [..............................] - ETA: 6s - loss: 1986.8698 - accuracy: 0.1159
 4/98 [>.............................] - ETA: 6s - loss: 2037.0105 - accuracy: 0.1113
 5/98 [>.............................] - ETA: 6s - loss: 1674.3577 - accuracy: 0.1090
 6/98 [>.............................] - ETA: 6s - loss: 1401.3126 - accuracy: 0.1068
 7/98 [=>............................] - ETA: 5s - loss: 1202.1516 - accuracy: 0.1049
 9/98 [=>............................] - ETA: 5s - loss: 935.5671 - accuracy: 0.1050 
11/98 [==>...........................] - ETA: 5s - loss: 765.8894 - accuracy: 0.1030
13/98 [==>...........................] - ETA: 5s - loss: 648.4229 - accuracy: 0.1005
15/98 [===>..........................] - ETA: 5s - loss: 562.2797 - accuracy: 0.1000
16/98 [===>..........................] - ETA: 5s - loss: 527.2835 - accuracy: 0.0996
17/98 [====>.........................] - ETA: 5s - loss: 496.4036 - accuracy: 0.1005
18/98 [====>.........................] - ETA: 5s - loss: 468.9548 - accuracy: 0.1004
19/98 [====>.........................] - ETA: 5s - loss: 444.3959 - accuracy: 0.1005
20/98 [=====>........................] - ETA: 4s - loss: 422.2924 - accuracy: 0.0994
21/98 [=====>........................] - ETA: 4s - loss: 402.2938 - accuracy: 0.0988
22/98 [=====>........................] - ETA: 4s - loss: 384.1131 - accuracy: 0.0979
23/98 [======>.......................] - ETA: 4s - loss: 367.5135 - accuracy: 0.0977
24/98 [======>.......................] - ETA: 4s - loss: 352.2965 - accuracy: 0.0984
25/98 [======>.......................] - ETA: 4s - loss: 338.2971 - accuracy: 0.0992
26/98 [======>.......................] - ETA: 4s - loss: 325.3747 - accuracy: 0.1000
27/98 [=======>......................] - ETA: 4s - loss: 313.4092 - accuracy: 0.1003
28/98 [=======>......................] - ETA: 4s - loss: 302.2983 - accuracy: 0.0996
29/98 [=======>......................] - ETA: 4s - loss: 291.9540 - accuracy: 0.0999
30/98 [========>.....................] - ETA: 4s - loss: 282.2990 - accuracy: 0.0999
31/98 [========>.....................] - ETA: 4s - loss: 273.2673 - accuracy: 0.0994
32/98 [========>.....................] - ETA: 4s - loss: 264.7998 - accuracy: 0.0993
33/98 [=========>....................] - ETA: 4s - loss: 256.8455 - accuracy: 0.0984
34/98 [=========>....................] - ETA: 4s - loss: 249.3591 - accuracy: 0.0986
35/98 [=========>....................] - ETA: 3s - loss: 242.3001 - accuracy: 0.0994
36/98 [==========>...................] - ETA: 3s - loss: 235.6337 - accuracy: 0.0993
37/98 [==========>...................] - ETA: 3s - loss: 229.3276 - accuracy: 0.0995
38/98 [==========>...................] - ETA: 3s - loss: 223.3535 - accuracy: 0.0993
39/98 [==========>...................] - ETA: 3s - loss: 217.6855 - accuracy: 0.0995
40/98 [===========>..................] - ETA: 3s - loss: 212.3010 - accuracy: 0.0995
41/98 [===========>..................] - ETA: 3s - loss: 207.1792 - accuracy: 0.0990
42/98 [===========>..................] - ETA: 3s - loss: 202.3013 - accuracy: 0.0996
43/98 [============>.................] - ETA: 3s - loss: 197.6502 - accuracy: 0.0995
44/98 [============>.................] - ETA: 3s - loss: 193.2105 - accuracy: 0.0997
45/98 [============>.................] - ETA: 3s - loss: 188.9681 - accuracy: 0.0994
46/98 [=============>................] - ETA: 3s - loss: 184.9103 - accuracy: 0.0991
47/98 [=============>................] - ETA: 3s - loss: 181.0250 - accuracy: 0.0993
48/98 [=============>................] - ETA: 3s - loss: 177.3017 - accuracy: 0.0996
49/98 [==============>...............] - ETA: 3s - loss: 173.7303 - accuracy: 0.0994
50/98 [==============>...............] - ETA: 3s - loss: 171.4647 - accuracy: 0.0994
51/98 [==============>...............] - ETA: 3s - loss: 168.1253 - accuracy: 0.0995
52/98 [==============>...............] - ETA: 3s - loss: 164.9154 - accuracy: 0.0990
53/98 [===============>..............] - ETA: 3s - loss: 161.8272 - accuracy: 0.0991
54/98 [===============>..............] - ETA: 3s - loss: 158.8541 - accuracy: 0.0994
55/98 [===============>..............] - ETA: 3s - loss: 155.9898 - accuracy: 0.0998
56/98 [================>.............] - ETA: 3s - loss: 153.2284 - accuracy: 0.0995
58/98 [================>.............] - ETA: 2s - loss: 147.9931 - accuracy: 0.0990
59/98 [=================>............] - ETA: 2s - loss: 145.5093 - accuracy: 0.0988
60/98 [=================>............] - ETA: 2s - loss: 143.1088 - accuracy: 0.0988
61/98 [=================>............] - ETA: 2s - loss: 140.7875 - accuracy: 0.0987
62/98 [=================>............] - ETA: 2s - loss: 138.5414 - accuracy: 0.0986
63/98 [==================>...........] - ETA: 2s - loss: 136.3671 - accuracy: 0.0987
64/98 [==================>...........] - ETA: 2s - loss: 134.2610 - accuracy: 0.0986
65/98 [==================>...........] - ETA: 2s - loss: 132.2201 - accuracy: 0.0991
66/98 [===================>..........] - ETA: 2s - loss: 130.2413 - accuracy: 0.0990
67/98 [===================>..........] - ETA: 2s - loss: 128.3219 - accuracy: 0.0990
68/98 [===================>..........] - ETA: 2s - loss: 126.4593 - accuracy: 0.0989
69/98 [====================>.........] - ETA: 2s - loss: 124.6509 - accuracy: 0.0992
70/98 [====================>.........] - ETA: 2s - loss: 122.8945 - accuracy: 0.0991
71/98 [====================>.........] - ETA: 1s - loss: 121.1878 - accuracy: 0.0988
72/98 [=====================>........] - ETA: 1s - loss: 119.5287 - accuracy: 0.0990
73/98 [=====================>........] - ETA: 1s - loss: 117.9152 - accuracy: 0.0991
74/98 [=====================>........] - ETA: 1s - loss: 116.3457 - accuracy: 0.0990
76/98 [======================>.......] - ETA: 1s - loss: 113.3309 - accuracy: 0.0993
78/98 [======================>.......] - ETA: 1s - loss: 110.4714 - accuracy: 0.0994
80/98 [=======================>......] - ETA: 1s - loss: 107.7556 - accuracy: 0.0995
82/98 [========================>.....] - ETA: 1s - loss: 105.1727 - accuracy: 0.0997
84/98 [========================>.....] - ETA: 0s - loss: 102.7133 - accuracy: 0.1001
86/98 [=========================>....] - ETA: 0s - loss: 100.3689 - accuracy: 0.0999
88/98 [=========================>....] - ETA: 0s - loss: 98.1314 - accuracy: 0.0996 
90/98 [==========================>...] - ETA: 0s - loss: 95.9937 - accuracy: 0.1000
92/98 [===========================>..] - ETA: 0s - loss: 93.9493 - accuracy: 0.1000
94/98 [===========================>..] - ETA: 0s - loss: 91.9923 - accuracy: 0.0998
96/98 [============================>.] - ETA: 0s - loss: 90.1171 - accuracy: 0.0998
98/98 [==============================] - ETA: 0s - loss: 88.3187 - accuracy: 0.1000
98/98 [==============================] - 13s 77ms/step - loss: 88.3187 - accuracy: 0.1000 - val_loss: 2.3035 - val_accuracy: 0.1000
Epoch 2/153

 1/98 [..............................] - ETA: 7s - loss: 2.3043 - accuracy: 0.0918
 2/98 [..............................] - ETA: 5s - loss: 2.3032 - accuracy: 0.0986
 3/98 [..............................] - ETA: 5s - loss: 2.3025 - accuracy: 0.1009
 4/98 [>.............................] - ETA: 5s - loss: 2.3031 - accuracy: 0.0972
 5/98 [>.............................] - ETA: 5s - loss: 2.3038 - accuracy: 0.0965
 6/98 [>.............................] - ETA: 5s - loss: 2.3038 - accuracy: 0.0980
 7/98 [=>............................] - ETA: 5s - loss: 2.3037 - accuracy: 0.0999
 8/98 [=>............................] - ETA: 5s - loss: 2.3038 - accuracy: 0.1008
 9/98 [=>............................] - ETA: 5s - loss: 2.3037 - accuracy: 0.1026
10/98 [==>...........................] - ETA: 5s - loss: 2.3034 - accuracy: 0.1025
11/98 [==>...........................] - ETA: 5s - loss: 2.3034 - accuracy: 0.1037
12/98 [==>...........................] - ETA: 5s - loss: 2.3033 - accuracy: 0.1055
13/98 [==>...........................] - ETA: 5s - loss: 2.3035 - accuracy: 0.1038
14/98 [===>..........................] - ETA: 5s - loss: 2.3036 - accuracy: 0.1016
15/98 [===>..........................] - ETA: 5s - loss: 2.3036 - accuracy: 0.1022
16/98 [===>..........................] - ETA: 5s - loss: 2.3037 - accuracy: 0.1023
17/98 [====>.........................] - ETA: 5s - loss: 2.3037 - accuracy: 0.1014
18/98 [====>.........................] - ETA: 5s - loss: 2.3037 - accuracy: 0.1020
19/98 [====>.........................] - ETA: 4s - loss: 2.3037 - accuracy: 0.1013
20/98 [=====>........................] - ETA: 4s - loss: 2.3036 - accuracy: 0.1016
21/98 [=====>........................] - ETA: 4s - loss: 2.3035 - accuracy: 0.1019
22/98 [=====>........................] - ETA: 4s - loss: 2.3036 - accuracy: 0.1004
23/98 [======>.......................] - ETA: 4s - loss: 2.3035 - accuracy: 0.1008
24/98 [======>.......................] - ETA: 4s - loss: 2.3035 - accuracy: 0.1001
25/98 [======>.......................] - ETA: 4s - loss: 2.3035 - accuracy: 0.1001
26/98 [======>.......................] - ETA: 4s - loss: 2.3036 - accuracy: 0.0998
27/98 [=======>......................] - ETA: 4s - loss: 2.3037 - accuracy: 0.0990
28/98 [=======>......................] - ETA: 4s - loss: 2.3037 - accuracy: 0.0991
29/98 [=======>......................] - ETA: 4s - loss: 2.3036 - accuracy: 0.0993
30/98 [========>.....................] - ETA: 4s - loss: 2.3036 - accuracy: 0.0999
31/98 [========>.....................] - ETA: 4s - loss: 2.3036 - accuracy: 0.1004
32/98 [========>.....................] - ETA: 4s - loss: 2.3036 - accuracy: 0.0997
33/98 [=========>....................] - ETA: 4s - loss: 2.3036 - accuracy: 0.0997
34/98 [=========>....................] - ETA: 4s - loss: 2.3036 - accuracy: 0.0998
35/98 [=========>....................] - ETA: 3s - loss: 2.3036 - accuracy: 0.0997
36/98 [==========>...................] - ETA: 3s - loss: 2.3036 - accuracy: 0.0994
37/98 [==========>...................] - ETA: 3s - loss: 2.3036 - accuracy: 0.0997
38/98 [==========>...................] - ETA: 3s - loss: 2.3035 - accuracy: 0.1002
39/98 [==========>...................] - ETA: 3s - loss: 2.3035 - accuracy: 0.1004
40/98 [===========>..................] - ETA: 3s - loss: 2.3035 - accuracy: 0.1000
41/98 [===========>..................] - ETA: 3s - loss: 2.3036 - accuracy: 0.1003
42/98 [===========>..................] - ETA: 3s - loss: 2.3035 - accuracy: 0.1004
43/98 [============>.................] - ETA: 3s - loss: 2.3036 - accuracy: 0.0999
44/98 [============>.................] - ETA: 3s - loss: 2.3036 - accuracy: 0.0999
45/98 [============>.................] - ETA: 3s - loss: 2.3036 - accuracy: 0.0993
46/98 [=============>................] - ETA: 3s - loss: 2.3036 - accuracy: 0.0991
47/98 [=============>................] - ETA: 3s - loss: 2.3036 - accuracy: 0.0992
48/98 [=============>................] - ETA: 3s - loss: 2.3036 - accuracy: 0.0993
49/98 [==============>...............] - ETA: 3s - loss: 2.3037 - accuracy: 0.0991
50/98 [==============>...............] - ETA: 3s - loss: 2.3037 - accuracy: 0.0991
51/98 [==============>...............] - ETA: 2s - loss: 2.3036 - accuracy: 0.0992
52/98 [==============>...............] - ETA: 2s - loss: 2.3037 - accuracy: 0.0990
53/98 [===============>..............] - ETA: 2s - loss: 2.3037 - accuracy: 0.0991
54/98 [===============>..............] - ETA: 2s - loss: 2.3039 - accuracy: 0.0985
55/98 [===============>..............] - ETA: 2s - loss: 2.3038 - accuracy: 0.0986
56/98 [================>.............] - ETA: 2s - loss: 2.3038 - accuracy: 0.0984
57/98 [================>.............] - ETA: 2s - loss: 2.3038 - accuracy: 0.0983
58/98 [================>.............] - ETA: 2s - loss: 2.3039 - accuracy: 0.0983
59/98 [=================>............] - ETA: 2s - loss: 2.3038 - accuracy: 0.0986
60/98 [=================>............] - ETA: 2s - loss: 2.3039 - accuracy: 0.0983
61/98 [=================>............] - ETA: 2s - loss: 2.3039 - accuracy: 0.0981
62/98 [=================>............] - ETA: 2s - loss: 2.3039 - accuracy: 0.0981
64/98 [==================>...........] - ETA: 2s - loss: 2.3039 - accuracy: 0.0983
66/98 [===================>..........] - ETA: 1s - loss: 2.3039 - accuracy: 0.0988
68/98 [===================>..........] - ETA: 1s - loss: 2.3039 - accuracy: 0.0990
70/98 [====================>.........] - ETA: 1s - loss: 2.3039 - accuracy: 0.0993
72/98 [=====================>........] - ETA: 1s - loss: 2.3040 - accuracy: 0.0994
74/98 [=====================>........] - ETA: 1s - loss: 2.3040 - accuracy: 0.0993
76/98 [======================>.......] - ETA: 1s - loss: 2.3041 - accuracy: 0.0992
78/98 [======================>.......] - ETA: 1s - loss: 2.3041 - accuracy: 0.0992
80/98 [=======================>......] - ETA: 1s - loss: 2.3040 - accuracy: 0.0993
82/98 [========================>.....] - ETA: 0s - loss: 2.3041 - accuracy: 0.0993
84/98 [========================>.....] - ETA: 0s - loss: 2.3041 - accuracy: 0.0995
86/98 [=========================>....] - ETA: 0s - loss: 2.3041 - accuracy: 0.0995
88/98 [=========================>....] - ETA: 0s - loss: 2.3041 - accuracy: 0.0994
90/98 [==========================>...] - ETA: 0s - loss: 2.3041 - accuracy: 0.0994
92/98 [===========================>..] - ETA: 0s - loss: 2.3041 - accuracy: 0.0994
93/98 [===========================>..] - ETA: 0s - loss: 2.3041 - accuracy: 0.0992
94/98 [===========================>..] - ETA: 0s - loss: 2.3042 - accuracy: 0.0992
95/98 [============================>.] - ETA: 0s - loss: 2.3042 - accuracy: 0.0992
96/98 [============================>.] - ETA: 0s - loss: 2.3042 - accuracy: 0.0993
97/98 [============================>.] - ETA: 0s - loss: 2.3042 - accuracy: 0.0993
98/98 [==============================] - ETA: 0s - loss: 2.3041 - accuracy: 0.0995
98/98 [==============================] - 6s 64ms/step - loss: 2.3041 - accuracy: 0.0995 - val_loss: 2.3036 - val_accuracy: 0.1000
Epoch 3/153

 1/98 [..............................] - ETA: 7s - loss: 2.3039 - accuracy: 0.0996
 2/98 [..............................] - ETA: 6s - loss: 2.3040 - accuracy: 0.0938
 3/98 [..............................] - ETA: 5s - loss: 2.3033 - accuracy: 0.0951
 5/98 [>.............................] - ETA: 5s - loss: 2.3038 - accuracy: 0.0922
 7/98 [=>............................] - ETA: 5s - loss: 2.3037 - accuracy: 0.0915
 9/98 [=>............................] - ETA: 5s - loss: 2.3037 - accuracy: 0.0914
10/98 [==>...........................] - ETA: 5s - loss: 2.3041 - accuracy: 0.0893
11/98 [==>...........................] - ETA: 5s - loss: 2.3038 - accuracy: 0.0907
12/98 [==>...........................] - ETA: 5s - loss: 2.3037 - accuracy: 0.0923
13/98 [==>...........................] - ETA: 5s - loss: 2.3038 - accuracy: 0.0921
14/98 [===>..........................] - ETA: 5s - loss: 2.3040 - accuracy: 0.0900
15/98 [===>..........................] - ETA: 5s - loss: 2.3039 - accuracy: 0.0919
16/98 [===>..........................] - ETA: 5s - loss: 2.3037 - accuracy: 0.0933
17/98 [====>.........................] - ETA: 4s - loss: 2.3038 - accuracy: 0.0956
18/98 [====>.........................] - ETA: 4s - loss: 2.3039 - accuracy: 0.0961
19/98 [====>.........................] - ETA: 4s - loss: 2.3039 - accuracy: 0.0971
20/98 [=====>........................] - ETA: 4s - loss: 2.3041 - accuracy: 0.0967
21/98 [=====>........................] - ETA: 4s - loss: 2.3041 - accuracy: 0.0973
22/98 [=====>........................] - ETA: 4s - loss: 2.3040 - accuracy: 0.0981
23/98 [======>.......................] - ETA: 4s - loss: 2.3040 - accuracy: 0.0977
24/98 [======>.......................] - ETA: 4s - loss: 2.3040 - accuracy: 0.0975
25/98 [======>.......................] - ETA: 4s - loss: 2.3039 - accuracy: 0.0980
26/98 [======>.......................] - ETA: 4s - loss: 2.3041 - accuracy: 0.0980
27/98 [=======>......................] - ETA: 4s - loss: 2.3039 - accuracy: 0.0985
28/98 [=======>......................] - ETA: 4s - loss: 2.3038 - accuracy: 0.0994
29/98 [=======>......................] - ETA: 4s - loss: 2.3038 - accuracy: 0.1001
30/98 [========>.....................] - ETA: 4s - loss: 2.3038 - accuracy: 0.1001
31/98 [========>.....................] - ETA: 4s - loss: 2.3039 - accuracy: 0.0999
32/98 [========>.....................] - ETA: 4s - loss: 2.3040 - accuracy: 0.0992
33/98 [=========>....................] - ETA: 4s - loss: 2.3040 - accuracy: 0.0995
34/98 [=========>....................] - ETA: 3s - loss: 2.3042 - accuracy: 0.0985
35/98 [=========>....................] - ETA: 3s - loss: 2.3043 - accuracy: 0.0984
36/98 [==========>...................] - ETA: 3s - loss: 2.3042 - accuracy: 0.0979
37/98 [==========>...................] - ETA: 3s - loss: 2.3043 - accuracy: 0.0983
38/98 [==========>...................] - ETA: 3s - loss: 2.3042 - accuracy: 0.0983
39/98 [==========>...................] - ETA: 3s - loss: 2.3042 - accuracy: 0.0980
40/98 [===========>..................] - ETA: 3s - loss: 2.3042 - accuracy: 0.0977
41/98 [===========>..................] - ETA: 3s - loss: 2.3043 - accuracy: 0.0972
42/98 [===========>..................] - ETA: 3s - loss: 2.3042 - accuracy: 0.0975
43/98 [============>.................] - ETA: 3s - loss: 2.3042 - accuracy: 0.0972
45/98 [============>.................] - ETA: 3s - loss: 2.3042 - accuracy: 0.0969
47/98 [=============>................] - ETA: 3s - loss: 2.3042 - accuracy: 0.0969
48/98 [=============>................] - ETA: 3s - loss: 2.3041 - accuracy: 0.0973
49/98 [==============>...............] - ETA: 3s - loss: 2.3042 - accuracy: 0.0974
50/98 [==============>...............] - ETA: 2s - loss: 2.3041 - accuracy: 0.0973
52/98 [==============>...............] - ETA: 2s - loss: 2.3042 - accuracy: 0.0972
53/98 [===============>..............] - ETA: 2s - loss: 2.3042 - accuracy: 0.0971
54/98 [===============>..............] - ETA: 2s - loss: 2.3041 - accuracy: 0.0972
55/98 [===============>..............] - ETA: 2s - loss: 2.3041 - accuracy: 0.0973
56/98 [================>.............] - ETA: 2s - loss: 2.3042 - accuracy: 0.0970
57/98 [================>.............] - ETA: 2s - loss: 2.3041 - accuracy: 0.0973
58/98 [================>.............] - ETA: 2s - loss: 2.3042 - accuracy: 0.0974
59/98 [=================>............] - ETA: 2s - loss: 2.3041 - accuracy: 0.0973
60/98 [=================>............] - ETA: 2s - loss: 2.3041 - accuracy: 0.0975
61/98 [=================>............] - ETA: 2s - loss: 2.3041 - accuracy: 0.0977
62/98 [=================>............] - ETA: 2s - loss: 2.3041 - accuracy: 0.0979
63/98 [==================>...........] - ETA: 2s - loss: 2.3041 - accuracy: 0.0979
64/98 [==================>...........] - ETA: 2s - loss: 2.3041 - accuracy: 0.0979
65/98 [==================>...........] - ETA: 2s - loss: 2.3040 - accuracy: 0.0983
67/98 [===================>..........] - ETA: 1s - loss: 2.3040 - accuracy: 0.0985
69/98 [====================>.........] - ETA: 1s - loss: 2.3039 - accuracy: 0.0985
71/98 [====================>.........] - ETA: 1s - loss: 2.3040 - accuracy: 0.0983
73/98 [=====================>........] - ETA: 1s - loss: 2.3040 - accuracy: 0.0987
75/98 [=====================>........] - ETA: 1s - loss: 2.3040 - accuracy: 0.0986
77/98 [======================>.......] - ETA: 1s - loss: 2.3041 - accuracy: 0.0987
79/98 [=======================>......] - ETA: 1s - loss: 2.3041 - accuracy: 0.0987
81/98 [=======================>......] - ETA: 0s - loss: 2.3040 - accuracy: 0.0987
83/98 [========================>.....] - ETA: 0s - loss: 2.3041 - accuracy: 0.0988
85/98 [=========================>....] - ETA: 0s - loss: 2.3040 - accuracy: 0.0992
87/98 [=========================>....] - ETA: 0s - loss: 2.3040 - accuracy: 0.0989
89/98 [==========================>...] - ETA: 0s - loss: 2.3041 - accuracy: 0.0988
91/98 [==========================>...] - ETA: 0s - loss: 2.3041 - accuracy: 0.0990
93/98 [===========================>..] - ETA: 0s - loss: 2.3041 - accuracy: 0.0989
95/98 [============================>.] - ETA: 0s - loss: 2.3041 - accuracy: 0.0991
96/98 [============================>.] - ETA: 0s - loss: 2.3041 - accuracy: 0.0992
97/98 [============================>.] - ETA: 0s - loss: 2.3041 - accuracy: 0.0992
98/98 [==============================] - ETA: 0s - loss: 2.3041 - accuracy: 0.0993
98/98 [==============================] - 6s 64ms/step - loss: 2.3041 - accuracy: 0.0993 - val_loss: 2.3045 - val_accuracy: 0.1000
Epoch 4/153

 1/98 [..............................] - ETA: 7s - loss: 2.3019 - accuracy: 0.0938
 2/98 [..............................] - ETA: 5s - loss: 2.3032 - accuracy: 0.0967
 3/98 [..............................] - ETA: 5s - loss: 2.3046 - accuracy: 0.0964
 4/98 [>.............................] - ETA: 5s - loss: 2.3050 - accuracy: 0.0918
 5/98 [>.............................] - ETA: 5s - loss: 2.3057 - accuracy: 0.0875
 6/98 [>.............................] - ETA: 5s - loss: 2.3053 - accuracy: 0.0889
 7/98 [=>............................] - ETA: 5s - loss: 2.3050 - accuracy: 0.0901
 8/98 [=>............................] - ETA: 5s - loss: 2.3044 - accuracy: 0.0950
 9/98 [=>............................] - ETA: 5s - loss: 2.3046 - accuracy: 0.0940
10/98 [==>...........................] - ETA: 5s - loss: 2.3046 - accuracy: 0.0930
11/98 [==>...........................] - ETA: 5s - loss: 2.3046 - accuracy: 0.0945
12/98 [==>...........................] - ETA: 5s - loss: 2.3044 - accuracy: 0.0973
13/98 [==>...........................] - ETA: 5s - loss: 2.3045 - accuracy: 0.0974
15/98 [===>..........................] - ETA: 5s - loss: 2.3048 - accuracy: 0.0957
17/98 [====>.........................] - ETA: 5s - loss: 2.3047 - accuracy: 0.0963
19/98 [====>.........................] - ETA: 4s - loss: 2.3047 - accuracy: 0.0967
20/98 [=====>........................] - ETA: 4s - loss: 2.3047 - accuracy: 0.0965
21/98 [=====>........................] - ETA: 4s - loss: 2.3046 - accuracy: 0.0960
22/98 [=====>........................] - ETA: 4s - loss: 2.3046 - accuracy: 0.0955
23/98 [======>.......................] - ETA: 4s - loss: 2.3049 - accuracy: 0.0950
24/98 [======>.......................] - ETA: 4s - loss: 2.3050 - accuracy: 0.0951
25/98 [======>.......................] - ETA: 4s - loss: 2.3051 - accuracy: 0.0945
26/98 [======>.......................] - ETA: 4s - loss: 2.3049 - accuracy: 0.0953
27/98 [=======>......................] - ETA: 4s - loss: 2.3048 - accuracy: 0.0965
28/98 [=======>......................] - ETA: 4s - loss: 2.3048 - accuracy: 0.0963
29/98 [=======>......................] - ETA: 4s - loss: 2.3048 - accuracy: 0.0958
30/98 [========>.....................] - ETA: 4s - loss: 2.3047 - accuracy: 0.0958
31/98 [========>.....................] - ETA: 4s - loss: 2.3047 - accuracy: 0.0962
32/98 [========>.....................] - ETA: 4s - loss: 2.3047 - accuracy: 0.0967
33/98 [=========>....................] - ETA: 4s - loss: 2.3048 - accuracy: 0.0968
34/98 [=========>....................] - ETA: 4s - loss: 2.3047 - accuracy: 0.0967
35/98 [=========>....................] - ETA: 3s - loss: 2.3047 - accuracy: 0.0968
36/98 [==========>...................] - ETA: 3s - loss: 2.3047 - accuracy: 0.0970
37/98 [==========>...................] - ETA: 3s - loss: 2.3047 - accuracy: 0.0967
38/98 [==========>...................] - ETA: 3s - loss: 2.3046 - accuracy: 0.0967
39/98 [==========>...................] - ETA: 3s - loss: 2.3046 - accuracy: 0.0965
40/98 [===========>..................] - ETA: 3s - loss: 2.3045 - accuracy: 0.0966
41/98 [===========>..................] - ETA: 3s - loss: 2.3046 - accuracy: 0.0968
42/98 [===========>..................] - ETA: 3s - loss: 2.3045 - accuracy: 0.0969
43/98 [============>.................] - ETA: 3s - loss: 2.3046 - accuracy: 0.0967
44/98 [============>.................] - ETA: 3s - loss: 2.3046 - accuracy: 0.0963
45/98 [============>.................] - ETA: 3s - loss: 2.3046 - accuracy: 0.0970
46/98 [=============>................] - ETA: 3s - loss: 2.3046 - accuracy: 0.0970
47/98 [=============>................] - ETA: 3s - loss: 2.3046 - accuracy: 0.0972
48/98 [=============>................] - ETA: 3s - loss: 2.3045 - accuracy: 0.0973
49/98 [==============>...............] - ETA: 3s - loss: 2.3045 - accuracy: 0.0973
50/98 [==============>...............] - ETA: 3s - loss: 2.3046 - accuracy: 0.0971
51/98 [==============>...............] - ETA: 2s - loss: 2.3047 - accuracy: 0.0972
52/98 [==============>...............] - ETA: 2s - loss: 2.3046 - accuracy: 0.0973
54/98 [===============>..............] - ETA: 2s - loss: 2.3045 - accuracy: 0.0981
55/98 [===============>..............] - ETA: 2s - loss: 2.3045 - accuracy: 0.0979
56/98 [================>.............] - ETA: 2s - loss: 2.3045 - accuracy: 0.0981
57/98 [================>.............] - ETA: 2s - loss: 2.3045 - accuracy: 0.0981
58/98 [================>.............] - ETA: 2s - loss: 2.3045 - accuracy: 0.0984
59/98 [=================>............] - ETA: 2s - loss: 2.3045 - accuracy: 0.0981
60/98 [=================>............] - ETA: 2s - loss: 2.3045 - accuracy: 0.0980
61/98 [=================>............] - ETA: 2s - loss: 2.3044 - accuracy: 0.0983
62/98 [=================>............] - ETA: 2s - loss: 2.3045 - accuracy: 0.0982
63/98 [==================>...........] - ETA: 2s - loss: 2.3045 - accuracy: 0.0982
64/98 [==================>...........] - ETA: 2s - loss: 2.3044 - accuracy: 0.0984
65/98 [==================>...........] - ETA: 2s - loss: 2.3044 - accuracy: 0.0983
66/98 [===================>..........] - ETA: 2s - loss: 2.3044 - accuracy: 0.0980
67/98 [===================>..........] - ETA: 1s - loss: 2.3044 - accuracy: 0.0982
68/98 [===================>..........] - ETA: 1s - loss: 2.3043 - accuracy: 0.0988
69/98 [====================>.........] - ETA: 1s - loss: 2.3043 - accuracy: 0.0987
71/98 [====================>.........] - ETA: 1s - loss: 2.3043 - accuracy: 0.0985
73/98 [=====================>........] - ETA: 1s - loss: 2.3043 - accuracy: 0.0987
75/98 [=====================>........] - ETA: 1s - loss: 2.3043 - accuracy: 0.0987
77/98 [======================>.......] - ETA: 1s - loss: 2.3043 - accuracy: 0.0987
79/98 [=======================>......] - ETA: 1s - loss: 2.3043 - accuracy: 0.0986
81/98 [=======================>......] - ETA: 0s - loss: 2.3043 - accuracy: 0.0983
83/98 [========================>.....] - ETA: 0s - loss: 2.3043 - accuracy: 0.0982
85/98 [=========================>....] - ETA: 0s - loss: 2.3043 - accuracy: 0.0982
87/98 [=========================>....] - ETA: 0s - loss: 2.3043 - accuracy: 0.0983
89/98 [==========================>...] - ETA: 0s - loss: 2.3043 - accuracy: 0.0984
91/98 [==========================>...] - ETA: 0s - loss: 2.3043 - accuracy: 0.0983
93/98 [===========================>..] - ETA: 0s - loss: 2.3043 - accuracy: 0.0985
95/98 [============================>.] - ETA: 0s - loss: 2.3042 - accuracy: 0.0983
97/98 [============================>.] - ETA: 0s - loss: 2.3042 - accuracy: 0.0980
98/98 [==============================] - 6s 64ms/step - loss: 2.3043 - accuracy: 0.0981 - val_loss: 2.3041 - val_accuracy: 0.1000
Epoch 5/153

 1/98 [..............................] - ETA: 6s - loss: 2.3041 - accuracy: 0.0957
 2/98 [..............................] - ETA: 7s - loss: 2.3053 - accuracy: 0.0947
 4/98 [>.............................] - ETA: 6s - loss: 2.3050 - accuracy: 0.0928
 6/98 [>.............................] - ETA: 5s - loss: 2.3045 - accuracy: 0.0970
 7/98 [=>............................] - ETA: 5s - loss: 2.3046 - accuracy: 0.0974
 8/98 [=>............................] - ETA: 5s - loss: 2.3045 - accuracy: 0.0979
 9/98 [=>............................] - ETA: 5s - loss: 2.3044 - accuracy: 0.0977
10/98 [==>...........................] - ETA: 5s - loss: 2.3042 - accuracy: 0.0986
12/98 [==>...........................] - ETA: 5s - loss: 2.3037 - accuracy: 0.0972
14/98 [===>..........................] - ETA: 5s - loss: 2.3042 - accuracy: 0.0968
16/98 [===>..........................] - ETA: 5s - loss: 2.3044 - accuracy: 0.0972
18/98 [====>.........................] - ETA: 5s - loss: 2.3043 - accuracy: 0.0986
20/98 [=====>........................] - ETA: 4s - loss: 2.3046 - accuracy: 0.0981
22/98 [=====>........................] - ETA: 4s - loss: 2.3050 - accuracy: 0.0965
24/98 [======>.......................] - ETA: 4s - loss: 2.3053 - accuracy: 0.0954
25/98 [======>.......................] - ETA: 4s - loss: 2.3053 - accuracy: 0.0955
26/98 [======>.......................] - ETA: 4s - loss: 2.3053 - accuracy: 0.0953
27/98 [=======>......................] - ETA: 4s - loss: 2.3053 - accuracy: 0.0959
28/98 [=======>......................] - ETA: 4s - loss: 2.3054 - accuracy: 0.0967
29/98 [=======>......................] - ETA: 4s - loss: 2.3053 - accuracy: 0.0966
30/98 [========>.....................] - ETA: 4s - loss: 2.3052 - accuracy: 0.0975
31/98 [========>.....................] - ETA: 4s - loss: 2.3053 - accuracy: 0.0978
32/98 [========>.....................] - ETA: 4s - loss: 2.3053 - accuracy: 0.0980
33/98 [=========>....................] - ETA: 4s - loss: 2.3053 - accuracy: 0.0980
34/98 [=========>....................] - ETA: 4s - loss: 2.3053 - accuracy: 0.0981
35/98 [=========>....................] - ETA: 3s - loss: 2.3053 - accuracy: 0.0975
36/98 [==========>...................] - ETA: 3s - loss: 2.3054 - accuracy: 0.0974
37/98 [==========>...................] - ETA: 3s - loss: 2.3054 - accuracy: 0.0976
38/98 [==========>...................] - ETA: 3s - loss: 2.3053 - accuracy: 0.0979
39/98 [==========>...................] - ETA: 3s - loss: 2.3051 - accuracy: 0.0985
40/98 [===========>..................] - ETA: 3s - loss: 2.3052 - accuracy: 0.0979
41/98 [===========>..................] - ETA: 3s - loss: 2.3053 - accuracy: 0.0978
42/98 [===========>..................] - ETA: 3s - loss: 2.3053 - accuracy: 0.0978
43/98 [============>.................] - ETA: 3s - loss: 2.3051 - accuracy: 0.0983
44/98 [============>.................] - ETA: 3s - loss: 2.3050 - accuracy: 0.0985
45/98 [============>.................] - ETA: 3s - loss: 2.3051 - accuracy: 0.0984
46/98 [=============>................] - ETA: 3s - loss: 2.3052 - accuracy: 0.0985
47/98 [=============>................] - ETA: 3s - loss: 2.3052 - accuracy: 0.0981
48/98 [=============>................] - ETA: 3s - loss: 2.3054 - accuracy: 0.0979
49/98 [==============>...............] - ETA: 3s - loss: 2.3054 - accuracy: 0.0980
50/98 [==============>...............] - ETA: 3s - loss: 2.3053 - accuracy: 0.0978
51/98 [==============>...............] - ETA: 2s - loss: 2.3053 - accuracy: 0.0975
52/98 [==============>...............] - ETA: 2s - loss: 2.3053 - accuracy: 0.0975
53/98 [===============>..............] - ETA: 2s - loss: 2.3053 - accuracy: 0.0977
54/98 [===============>..............] - ETA: 2s - loss: 2.3052 - accuracy: 0.0979
55/98 [===============>..............] - ETA: 2s - loss: 2.3051 - accuracy: 0.0982
56/98 [================>.............] - ETA: 2s - loss: 2.3051 - accuracy: 0.0979
57/98 [================>.............] - ETA: 2s - loss: 2.3051 - accuracy: 0.0976
58/98 [================>.............] - ETA: 2s - loss: 2.3051 - accuracy: 0.0978
59/98 [=================>............] - ETA: 2s - loss: 2.3051 - accuracy: 0.0975
60/98 [=================>............] - ETA: 2s - loss: 2.3051 - accuracy: 0.0979
61/98 [=================>............] - ETA: 2s - loss: 2.3052 - accuracy: 0.0980
62/98 [=================>............] - ETA: 2s - loss: 2.3053 - accuracy: 0.0980
64/98 [==================>...........] - ETA: 2s - loss: 2.3053 - accuracy: 0.0980
66/98 [===================>..........] - ETA: 2s - loss: 2.3052 - accuracy: 0.0979
68/98 [===================>..........] - ETA: 1s - loss: 2.3052 - accuracy: 0.0977
69/98 [====================>.........] - ETA: 1s - loss: 2.3052 - accuracy: 0.0977
70/98 [====================>.........] - ETA: 1s - loss: 2.3052 - accuracy: 0.0979
71/98 [====================>.........] - ETA: 1s - loss: 2.3052 - accuracy: 0.0980
72/98 [=====================>........] - ETA: 1s - loss: 2.3052 - accuracy: 0.0979
74/98 [=====================>........] - ETA: 1s - loss: 2.3051 - accuracy: 0.0981
76/98 [======================>.......] - ETA: 1s - loss: 2.3051 - accuracy: 0.0979
78/98 [======================>.......] - ETA: 1s - loss: 2.3051 - accuracy: 0.0977
80/98 [=======================>......] - ETA: 1s - loss: 2.3052 - accuracy: 0.0977
82/98 [========================>.....] - ETA: 0s - loss: 2.3052 - accuracy: 0.0977
84/98 [========================>.....] - ETA: 0s - loss: 2.3052 - accuracy: 0.0975
86/98 [=========================>....] - ETA: 0s - loss: 2.3052 - accuracy: 0.0976
88/98 [=========================>....] - ETA: 0s - loss: 2.3051 - accuracy: 0.0977
90/98 [==========================>...] - ETA: 0s - loss: 2.3051 - accuracy: 0.0978
92/98 [===========================>..] - ETA: 0s - loss: 2.3051 - accuracy: 0.0979
94/98 [===========================>..] - ETA: 0s - loss: 2.3050 - accuracy: 0.0978
96/98 [============================>.] - ETA: 0s - loss: 2.3051 - accuracy: 0.0980
98/98 [==============================] - ETA: 0s - loss: 2.3050 - accuracy: 0.0982
98/98 [==============================] - 6s 65ms/step - loss: 2.3050 - accuracy: 0.0982 - val_loss: 2.3047 - val_accuracy: 0.1000
Epoch 6/153

 1/98 [..............................] - ETA: 4s - loss: 2.3012 - accuracy: 0.1131
 2/98 [..............................] - ETA: 7s - loss: 2.3057 - accuracy: 0.0932
 4/98 [>.............................] - ETA: 6s - loss: 2.3041 - accuracy: 0.0903
 6/98 [>.............................] - ETA: 6s - loss: 2.3037 - accuracy: 0.0998
 8/98 [=>............................] - ETA: 5s - loss: 2.3041 - accuracy: 0.1026
10/98 [==>...........................] - ETA: 5s - loss: 2.3044 - accuracy: 0.1021
11/98 [==>...........................] - ETA: 5s - loss: 2.3039 - accuracy: 0.1028
12/98 [==>...........................] - ETA: 5s - loss: 2.3038 - accuracy: 0.1034
13/98 [==>...........................] - ETA: 5s - loss: 2.3042 - accuracy: 0.1029
14/98 [===>..........................] - ETA: 5s - loss: 2.3045 - accuracy: 0.1021
15/98 [===>..........................] - ETA: 5s - loss: 2.3048 - accuracy: 0.1019
16/98 [===>..........................] - ETA: 5s - loss: 2.3046 - accuracy: 0.1023
17/98 [====>.........................] - ETA: 5s - loss: 2.3046 - accuracy: 0.1032
18/98 [====>.........................] - ETA: 5s - loss: 2.3047 - accuracy: 0.1013
19/98 [====>.........................] - ETA: 4s - loss: 2.3049 - accuracy: 0.1010
20/98 [=====>........................] - ETA: 4s - loss: 2.3050 - accuracy: 0.1014
21/98 [=====>........................] - ETA: 4s - loss: 2.3050 - accuracy: 0.1016
22/98 [=====>........................] - ETA: 4s - loss: 2.3049 - accuracy: 0.1018
23/98 [======>.......................] - ETA: 4s - loss: 2.3048 - accuracy: 0.1027
24/98 [======>.......................] - ETA: 4s - loss: 2.3046 - accuracy: 0.1034
25/98 [======>.......................] - ETA: 4s - loss: 2.3044 - accuracy: 0.1034
26/98 [======>.......................] - ETA: 4s - loss: 2.3045 - accuracy: 0.1028
27/98 [=======>......................] - ETA: 4s - loss: 2.3044 - accuracy: 0.1028
28/98 [=======>......................] - ETA: 4s - loss: 2.3045 - accuracy: 0.1029
29/98 [=======>......................] - ETA: 4s - loss: 2.3046 - accuracy: 0.1031
30/98 [========>.....................] - ETA: 4s - loss: 2.3046 - accuracy: 0.1032
31/98 [========>.....................] - ETA: 4s - loss: 2.3045 - accuracy: 0.1034
32/98 [========>.....................] - ETA: 4s - loss: 2.3046 - accuracy: 0.1032
33/98 [=========>....................] - ETA: 4s - loss: 2.3047 - accuracy: 0.1037
34/98 [=========>....................] - ETA: 4s - loss: 2.3046 - accuracy: 0.1036
35/98 [=========>....................] - ETA: 3s - loss: 2.3046 - accuracy: 0.1037
36/98 [==========>...................] - ETA: 3s - loss: 2.3045 - accuracy: 0.1039
37/98 [==========>...................] - ETA: 3s - loss: 2.3045 - accuracy: 0.1036
38/98 [==========>...................] - ETA: 3s - loss: 2.3044 - accuracy: 0.1037
39/98 [==========>...................] - ETA: 3s - loss: 2.3045 - accuracy: 0.1034
40/98 [===========>..................] - ETA: 3s - loss: 2.3045 - accuracy: 0.1035
41/98 [===========>..................] - ETA: 3s - loss: 2.3045 - accuracy: 0.1035
42/98 [===========>..................] - ETA: 3s - loss: 2.3044 - accuracy: 0.1036
44/98 [============>.................] - ETA: 3s - loss: 2.3044 - accuracy: 0.1032
45/98 [============>.................] - ETA: 3s - loss: 2.3043 - accuracy: 0.1030
46/98 [=============>................] - ETA: 3s - loss: 2.3043 - accuracy: 0.1024
47/98 [=============>................] - ETA: 3s - loss: 2.3043 - accuracy: 0.1026
48/98 [=============>................] - ETA: 3s - loss: 2.3043 - accuracy: 0.1021
49/98 [==============>...............] - ETA: 3s - loss: 2.3044 - accuracy: 0.1022
