2024-06-26 09:40:55.272938: I tensorflow/core/platform/cpu_feature_guard.cc:193] This TensorFlow binary is optimized with oneAPI Deep Neural Network Library (oneDNN) to use the following CPU instructions in performance-critical operations:  AVX AVX2
To enable them in other operations, rebuild TensorFlow with the appropriate compiler flags.
2024-06-26 09:40:56.069599: I tensorflow/core/common_runtime/gpu/gpu_device.cc:1616] Created device /job:localhost/replica:0/task:0/device:GPU:0 with 6656 MB memory:  -> device: 0, name: NVIDIA GeForce RTX 4060 Ti, pci bus id: 0000:01:00.0, compute capability: 8.9
1 Physical GPUs, 1 Logical GPUs
Model: "sequential"
_________________________________________________________________
 Layer (type)                Output Shape              Param #   
=================================================================
 conv2d (Conv2D)             (None, 32, 32, 32)        896       
                                                                 
 max_pooling2d (MaxPooling2D  (None, 16, 16, 32)       0         
 )                                                               
                                                                 
 batch_normalization (BatchN  (None, 16, 16, 32)       128       
 ormalization)                                                   
                                                                 
 conv2d_1 (Conv2D)           (None, 16, 16, 256)       73984     
                                                                 
 dropout (Dropout)           (None, 16, 16, 256)       0         
                                                                 
 flatten (Flatten)           (None, 65536)             0         
                                                                 
 dense (Dense)               (None, 10)                655370    
                                                                 
=================================================================
Total params: 730,378
Trainable params: 730,314
Non-trainable params: 64
_________________________________________________________________
Taxa de aprendizado:  0.1 Num de épocas:  153 Tamanho do lote:  512 Dropout:  0.48556
Epoch 1/153
2024-06-26 09:40:57.403635: I tensorflow/stream_executor/cuda/cuda_dnn.cc:384] Loaded cuDNN version 8100
2024-06-26 09:40:58.165436: W tensorflow/stream_executor/gpu/redzone_allocator.cc:314] INTERNAL: ptxas exited with non-zero error code -1, output: 
Relying on driver to perform ptx compilation. 
Modify $PATH to customize ptxas location.
This message will be only logged once.
2024-06-26 09:40:58.928936: I tensorflow/stream_executor/cuda/cuda_blas.cc:1614] TensorFloat-32 will be used for the matrix multiplication. This will only be logged once.

 1/98 [..............................] - ETA: 4:45 - loss: 2.4133 - accuracy: 0.0957
 4/98 [>.............................] - ETA: 2s - loss: 1689.2565 - accuracy: 0.1006
 7/98 [=>............................] - ETA: 2s - loss: 967.0323 - accuracy: 0.1018 
10/98 [==>...........................] - ETA: 2s - loss: 677.6261 - accuracy: 0.1016
13/98 [==>...........................] - ETA: 2s - loss: 521.7833 - accuracy: 0.1037
16/98 [===>..........................] - ETA: 2s - loss: 424.3824 - accuracy: 0.1038
19/98 [====>.........................] - ETA: 2s - loss: 357.7397 - accuracy: 0.1032
22/98 [=====>........................] - ETA: 1s - loss: 309.2719 - accuracy: 0.1029
25/98 [======>.......................] - ETA: 1s - loss: 272.4361 - accuracy: 0.1023
27/98 [=======>......................] - ETA: 1s - loss: 252.4264 - accuracy: 0.1019
30/98 [========>.....................] - ETA: 1s - loss: 227.4145 - accuracy: 0.1014
33/98 [=========>....................] - ETA: 1s - loss: 206.9502 - accuracy: 0.1002
36/98 [==========>...................] - ETA: 1s - loss: 189.8964 - accuracy: 0.1001
39/98 [==========>...................] - ETA: 1s - loss: 175.4663 - accuracy: 0.1005
42/98 [===========>..................] - ETA: 1s - loss: 163.0977 - accuracy: 0.0998
45/98 [============>.................] - ETA: 1s - loss: 152.3784 - accuracy: 0.0988
48/98 [=============>................] - ETA: 1s - loss: 142.9987 - accuracy: 0.0992
51/98 [==============>...............] - ETA: 1s - loss: 134.7226 - accuracy: 0.0988
54/98 [===============>..............] - ETA: 1s - loss: 127.3661 - accuracy: 0.0990
57/98 [================>.............] - ETA: 1s - loss: 120.7838 - accuracy: 0.0992
60/98 [=================>............] - ETA: 0s - loss: 114.8598 - accuracy: 0.0993
63/98 [==================>...........] - ETA: 0s - loss: 109.4999 - accuracy: 0.0992
66/98 [===================>..........] - ETA: 0s - loss: 104.6274 - accuracy: 0.0990
69/98 [====================>.........] - ETA: 0s - loss: 100.1786 - accuracy: 0.0989
72/98 [=====================>........] - ETA: 0s - loss: 96.1006 - accuracy: 0.0980 
75/98 [=====================>........] - ETA: 0s - loss: 92.3487 - accuracy: 0.0984
78/98 [======================>.......] - ETA: 0s - loss: 88.8854 - accuracy: 0.0984
81/98 [=======================>......] - ETA: 0s - loss: 85.6790 - accuracy: 0.0982
84/98 [========================>.....] - ETA: 0s - loss: 83.0316 - accuracy: 0.0985
86/98 [=========================>....] - ETA: 0s - loss: 81.1467 - accuracy: 0.0985
89/98 [==========================>...] - ETA: 0s - loss: 78.4788 - accuracy: 0.0985
92/98 [===========================>..] - ETA: 0s - loss: 75.9854 - accuracy: 0.0989
95/98 [============================>.] - ETA: 0s - loss: 73.6502 - accuracy: 0.0990
98/98 [==============================] - ETA: 0s - loss: 71.4584 - accuracy: 0.0990
98/98 [==============================] - 6s 37ms/step - loss: 71.4584 - accuracy: 0.0990 - val_loss: 2.3043 - val_accuracy: 0.1000
Epoch 2/153

 1/98 [..............................] - ETA: 6s - loss: 2.3036 - accuracy: 0.0898
 3/98 [..............................] - ETA: 2s - loss: 2.3042 - accuracy: 0.0951
 5/98 [>.............................] - ETA: 2s - loss: 2.3040 - accuracy: 0.0980
 7/98 [=>............................] - ETA: 3s - loss: 2.3037 - accuracy: 0.1010
 9/98 [=>............................] - ETA: 3s - loss: 2.3036 - accuracy: 0.1029
11/98 [==>...........................] - ETA: 2s - loss: 2.3035 - accuracy: 0.0998
12/98 [==>...........................] - ETA: 3s - loss: 2.3034 - accuracy: 0.1001
14/98 [===>..........................] - ETA: 3s - loss: 2.3036 - accuracy: 0.0992
16/98 [===>..........................] - ETA: 2s - loss: 2.3038 - accuracy: 0.0984
18/98 [====>.........................] - ETA: 2s - loss: 2.3037 - accuracy: 0.1000
20/98 [=====>........................] - ETA: 2s - loss: 2.3038 - accuracy: 0.0995
22/98 [=====>........................] - ETA: 2s - loss: 2.3039 - accuracy: 0.0997
24/98 [======>.......................] - ETA: 2s - loss: 2.3040 - accuracy: 0.0996
26/98 [======>.......................] - ETA: 2s - loss: 2.3039 - accuracy: 0.0992
28/98 [=======>......................] - ETA: 2s - loss: 2.3039 - accuracy: 0.0979
30/98 [========>.....................] - ETA: 2s - loss: 2.3039 - accuracy: 0.0975
33/98 [=========>....................] - ETA: 2s - loss: 2.3039 - accuracy: 0.0959
35/98 [=========>....................] - ETA: 2s - loss: 2.3039 - accuracy: 0.0959
37/98 [==========>...................] - ETA: 2s - loss: 2.3039 - accuracy: 0.0964
40/98 [===========>..................] - ETA: 1s - loss: 2.3039 - accuracy: 0.0964
43/98 [============>.................] - ETA: 1s - loss: 2.3038 - accuracy: 0.0967
46/98 [=============>................] - ETA: 1s - loss: 2.3039 - accuracy: 0.0971
49/98 [==============>...............] - ETA: 1s - loss: 2.3039 - accuracy: 0.0972
52/98 [==============>...............] - ETA: 1s - loss: 2.3039 - accuracy: 0.0976
54/98 [===============>..............] - ETA: 1s - loss: 2.3040 - accuracy: 0.0974
56/98 [================>.............] - ETA: 1s - loss: 2.3041 - accuracy: 0.0973
58/98 [================>.............] - ETA: 1s - loss: 2.3041 - accuracy: 0.0973
60/98 [=================>............] - ETA: 1s - loss: 2.3041 - accuracy: 0.0980
62/98 [=================>............] - ETA: 1s - loss: 2.3040 - accuracy: 0.0982
64/98 [==================>...........] - ETA: 1s - loss: 2.3039 - accuracy: 0.0983
66/98 [===================>..........] - ETA: 1s - loss: 2.3039 - accuracy: 0.0988
68/98 [===================>..........] - ETA: 0s - loss: 2.3041 - accuracy: 0.0986
70/98 [====================>.........] - ETA: 0s - loss: 2.3042 - accuracy: 0.0985
72/98 [=====================>........] - ETA: 0s - loss: 2.3042 - accuracy: 0.0988
74/98 [=====================>........] - ETA: 0s - loss: 2.3042 - accuracy: 0.0988
76/98 [======================>.......] - ETA: 0s - loss: 2.3042 - accuracy: 0.0989
78/98 [======================>.......] - ETA: 0s - loss: 2.3042 - accuracy: 0.0993
80/98 [=======================>......] - ETA: 0s - loss: 2.3042 - accuracy: 0.0995
82/98 [========================>.....] - ETA: 0s - loss: 2.3043 - accuracy: 0.0993
84/98 [========================>.....] - ETA: 0s - loss: 2.3043 - accuracy: 0.0994
86/98 [=========================>....] - ETA: 0s - loss: 2.3044 - accuracy: 0.0989
88/98 [=========================>....] - ETA: 0s - loss: 2.3043 - accuracy: 0.0991
91/98 [==========================>...] - ETA: 0s - loss: 2.3043 - accuracy: 0.0990
93/98 [===========================>..] - ETA: 0s - loss: 2.3043 - accuracy: 0.0989
95/98 [============================>.] - ETA: 0s - loss: 2.3044 - accuracy: 0.0987
97/98 [============================>.] - ETA: 0s - loss: 2.3044 - accuracy: 0.0985
98/98 [==============================] - 4s 39ms/step - loss: 2.3044 - accuracy: 0.0987 - val_loss: 2.3037 - val_accuracy: 0.1000
Epoch 3/153

 1/98 [..............................] - ETA: 4s - loss: 2.3014 - accuracy: 0.1074
 3/98 [..............................] - ETA: 3s - loss: 2.3032 - accuracy: 0.1022
 5/98 [>.............................] - ETA: 3s - loss: 2.3037 - accuracy: 0.0988
 8/98 [=>............................] - ETA: 3s - loss: 2.3041 - accuracy: 0.0944
 9/98 [=>............................] - ETA: 3s - loss: 2.3038 - accuracy: 0.0948
10/98 [==>...........................] - ETA: 3s - loss: 2.3042 - accuracy: 0.0924
12/98 [==>...........................] - ETA: 3s - loss: 2.3041 - accuracy: 0.0943
14/98 [===>..........................] - ETA: 3s - loss: 2.3041 - accuracy: 0.0938
16/98 [===>..........................] - ETA: 3s - loss: 2.3040 - accuracy: 0.0938
18/98 [====>.........................] - ETA: 3s - loss: 2.3038 - accuracy: 0.0955
20/98 [=====>........................] - ETA: 2s - loss: 2.3036 - accuracy: 0.0980
22/98 [=====>........................] - ETA: 2s - loss: 2.3038 - accuracy: 0.0976
24/98 [======>.......................] - ETA: 2s - loss: 2.3039 - accuracy: 0.0975
26/98 [======>.......................] - ETA: 2s - loss: 2.3039 - accuracy: 0.0987
28/98 [=======>......................] - ETA: 2s - loss: 2.3039 - accuracy: 0.0992
30/98 [========>.....................] - ETA: 2s - loss: 2.3038 - accuracy: 0.0987
32/98 [========>.....................] - ETA: 2s - loss: 2.3040 - accuracy: 0.0986
34/98 [=========>....................] - ETA: 2s - loss: 2.3042 - accuracy: 0.0974
36/98 [==========>...................] - ETA: 2s - loss: 2.3041 - accuracy: 0.0971
38/98 [==========>...................] - ETA: 2s - loss: 2.3042 - accuracy: 0.0970
40/98 [===========>..................] - ETA: 2s - loss: 2.3041 - accuracy: 0.0971
42/98 [===========>..................] - ETA: 2s - loss: 2.3042 - accuracy: 0.0971
44/98 [============>.................] - ETA: 1s - loss: 2.3041 - accuracy: 0.0973
46/98 [=============>................] - ETA: 1s - loss: 2.3040 - accuracy: 0.0977
48/98 [=============>................] - ETA: 1s - loss: 2.3041 - accuracy: 0.0974
50/98 [==============>...............] - ETA: 1s - loss: 2.3041 - accuracy: 0.0970
52/98 [==============>...............] - ETA: 1s - loss: 2.3041 - accuracy: 0.0962
54/98 [===============>..............] - ETA: 1s - loss: 2.3041 - accuracy: 0.0963
55/98 [===============>..............] - ETA: 1s - loss: 2.3041 - accuracy: 0.0967
56/98 [================>.............] - ETA: 1s - loss: 2.3041 - accuracy: 0.0967
57/98 [================>.............] - ETA: 1s - loss: 2.3041 - accuracy: 0.0968
58/98 [================>.............] - ETA: 1s - loss: 2.3041 - accuracy: 0.0967
59/98 [=================>............] - ETA: 1s - loss: 2.3041 - accuracy: 0.0963
60/98 [=================>............] - ETA: 1s - loss: 2.3041 - accuracy: 0.0960
61/98 [=================>............] - ETA: 1s - loss: 2.3041 - accuracy: 0.0960
62/98 [=================>............] - ETA: 1s - loss: 2.3041 - accuracy: 0.0965
63/98 [==================>...........] - ETA: 1s - loss: 2.3041 - accuracy: 0.0963
64/98 [==================>...........] - ETA: 1s - loss: 2.3041 - accuracy: 0.0966
66/98 [===================>..........] - ETA: 1s - loss: 2.3041 - accuracy: 0.0967
68/98 [===================>..........] - ETA: 1s - loss: 2.3041 - accuracy: 0.0968
70/98 [====================>.........] - ETA: 1s - loss: 2.3041 - accuracy: 0.0965
72/98 [=====================>........] - ETA: 1s - loss: 2.3042 - accuracy: 0.0965
74/98 [=====================>........] - ETA: 0s - loss: 2.3042 - accuracy: 0.0965
76/98 [======================>.......] - ETA: 0s - loss: 2.3041 - accuracy: 0.0966
77/98 [======================>.......] - ETA: 0s - loss: 2.3041 - accuracy: 0.0968
78/98 [======================>.......] - ETA: 0s - loss: 2.3040 - accuracy: 0.0969
79/98 [=======================>......] - ETA: 0s - loss: 2.3041 - accuracy: 0.0967
81/98 [=======================>......] - ETA: 0s - loss: 2.3040 - accuracy: 0.0969
82/98 [========================>.....] - ETA: 0s - loss: 2.3041 - accuracy: 0.0970
83/98 [========================>.....] - ETA: 0s - loss: 2.3041 - accuracy: 0.0972
84/98 [========================>.....] - ETA: 0s - loss: 2.3042 - accuracy: 0.0972
85/98 [=========================>....] - ETA: 0s - loss: 2.3041 - accuracy: 0.0975
86/98 [=========================>....] - ETA: 0s - loss: 2.3041 - accuracy: 0.0976
87/98 [=========================>....] - ETA: 0s - loss: 2.3041 - accuracy: 0.0979
88/98 [=========================>....] - ETA: 0s - loss: 2.3041 - accuracy: 0.0981
89/98 [==========================>...] - ETA: 0s - loss: 2.3040 - accuracy: 0.0981
90/98 [==========================>...] - ETA: 0s - loss: 2.3041 - accuracy: 0.0980
91/98 [==========================>...] - ETA: 0s - loss: 2.3041 - accuracy: 0.0980
92/98 [===========================>..] - ETA: 0s - loss: 2.3041 - accuracy: 0.0982
93/98 [===========================>..] - ETA: 0s - loss: 2.3040 - accuracy: 0.0980
94/98 [===========================>..] - ETA: 0s - loss: 2.3040 - accuracy: 0.0982
96/98 [============================>.] - ETA: 0s - loss: 2.3041 - accuracy: 0.0983
98/98 [==============================] - ETA: 0s - loss: 2.3041 - accuracy: 0.0982
98/98 [==============================] - 5s 55ms/step - loss: 2.3041 - accuracy: 0.0982 - val_loss: 2.3052 - val_accuracy: 0.1000
Epoch 4/153

 1/98 [..............................] - ETA: 8s - loss: 2.3048 - accuracy: 0.0977
 2/98 [..............................] - ETA: 5s - loss: 2.3040 - accuracy: 0.1006
 3/98 [..............................] - ETA: 5s - loss: 2.3038 - accuracy: 0.1042
 4/98 [>.............................] - ETA: 5s - loss: 2.3042 - accuracy: 0.1016
 5/98 [>.............................] - ETA: 5s - loss: 2.3043 - accuracy: 0.0992
 6/98 [>.............................] - ETA: 5s - loss: 2.3040 - accuracy: 0.0967
 7/98 [=>............................] - ETA: 5s - loss: 2.3044 - accuracy: 0.0940
 8/98 [=>............................] - ETA: 5s - loss: 2.3048 - accuracy: 0.0938
 9/98 [=>............................] - ETA: 5s - loss: 2.3048 - accuracy: 0.0938
10/98 [==>...........................] - ETA: 5s - loss: 2.3047 - accuracy: 0.0930
11/98 [==>...........................] - ETA: 5s - loss: 2.3042 - accuracy: 0.0953
12/98 [==>...........................] - ETA: 5s - loss: 2.3039 - accuracy: 0.0975
13/98 [==>...........................] - ETA: 5s - loss: 2.3038 - accuracy: 0.0977
14/98 [===>..........................] - ETA: 5s - loss: 2.3042 - accuracy: 0.0971
15/98 [===>..........................] - ETA: 5s - loss: 2.3044 - accuracy: 0.0961
16/98 [===>..........................] - ETA: 5s - loss: 2.3049 - accuracy: 0.0953
17/98 [====>.........................] - ETA: 5s - loss: 2.3051 - accuracy: 0.0943
18/98 [====>.........................] - ETA: 4s - loss: 2.3053 - accuracy: 0.0947
19/98 [====>.........................] - ETA: 4s - loss: 2.3051 - accuracy: 0.0953
20/98 [=====>........................] - ETA: 4s - loss: 2.3049 - accuracy: 0.0954
21/98 [=====>........................] - ETA: 4s - loss: 2.3049 - accuracy: 0.0952
22/98 [=====>........................] - ETA: 4s - loss: 2.3048 - accuracy: 0.0952
23/98 [======>.......................] - ETA: 4s - loss: 2.3049 - accuracy: 0.0938
24/98 [======>.......................] - ETA: 4s - loss: 2.3048 - accuracy: 0.0941
25/98 [======>.......................] - ETA: 4s - loss: 2.3047 - accuracy: 0.0948
26/98 [======>.......................] - ETA: 4s - loss: 2.3046 - accuracy: 0.0952
27/98 [=======>......................] - ETA: 4s - loss: 2.3047 - accuracy: 0.0954
28/98 [=======>......................] - ETA: 4s - loss: 2.3045 - accuracy: 0.0967
29/98 [=======>......................] - ETA: 4s - loss: 2.3045 - accuracy: 0.0967
30/98 [========>.....................] - ETA: 4s - loss: 2.3046 - accuracy: 0.0962
31/98 [========>.....................] - ETA: 4s - loss: 2.3044 - accuracy: 0.0972
32/98 [========>.....................] - ETA: 4s - loss: 2.3044 - accuracy: 0.0978
33/98 [=========>....................] - ETA: 4s - loss: 2.3045 - accuracy: 0.0972
34/98 [=========>....................] - ETA: 3s - loss: 2.3044 - accuracy: 0.0977
35/98 [=========>....................] - ETA: 3s - loss: 2.3043 - accuracy: 0.0970
36/98 [==========>...................] - ETA: 3s - loss: 2.3044 - accuracy: 0.0972
37/98 [==========>...................] - ETA: 3s - loss: 2.3043 - accuracy: 0.0977
38/98 [==========>...................] - ETA: 3s - loss: 2.3043 - accuracy: 0.0975
39/98 [==========>...................] - ETA: 3s - loss: 2.3043 - accuracy: 0.0980
40/98 [===========>..................] - ETA: 3s - loss: 2.3043 - accuracy: 0.0978
41/98 [===========>..................] - ETA: 3s - loss: 2.3042 - accuracy: 0.0978
42/98 [===========>..................] - ETA: 3s - loss: 2.3043 - accuracy: 0.0979
43/98 [============>.................] - ETA: 3s - loss: 2.3042 - accuracy: 0.0980
44/98 [============>.................] - ETA: 3s - loss: 2.3042 - accuracy: 0.0974
45/98 [============>.................] - ETA: 3s - loss: 2.3043 - accuracy: 0.0968
46/98 [=============>................] - ETA: 3s - loss: 2.3042 - accuracy: 0.0968
47/98 [=============>................] - ETA: 3s - loss: 2.3042 - accuracy: 0.0972
48/98 [=============>................] - ETA: 3s - loss: 2.3042 - accuracy: 0.0969
49/98 [==============>...............] - ETA: 3s - loss: 2.3042 - accuracy: 0.0969
50/98 [==============>...............] - ETA: 2s - loss: 2.3041 - accuracy: 0.0970
51/98 [==============>...............] - ETA: 2s - loss: 2.3042 - accuracy: 0.0970
52/98 [==============>...............] - ETA: 2s - loss: 2.3042 - accuracy: 0.0966
53/98 [===============>..............] - ETA: 2s - loss: 2.3042 - accuracy: 0.0968
54/98 [===============>..............] - ETA: 2s - loss: 2.3042 - accuracy: 0.0966
55/98 [===============>..............] - ETA: 2s - loss: 2.3042 - accuracy: 0.0966
56/98 [================>.............] - ETA: 2s - loss: 2.3042 - accuracy: 0.0966
57/98 [================>.............] - ETA: 2s - loss: 2.3042 - accuracy: 0.0969
58/98 [================>.............] - ETA: 2s - loss: 2.3042 - accuracy: 0.0970
59/98 [=================>............] - ETA: 2s - loss: 2.3042 - accuracy: 0.0969
60/98 [=================>............] - ETA: 2s - loss: 2.3042 - accuracy: 0.0970
61/98 [=================>............] - ETA: 2s - loss: 2.3042 - accuracy: 0.0966
62/98 [=================>............] - ETA: 2s - loss: 2.3042 - accuracy: 0.0967
63/98 [==================>...........] - ETA: 2s - loss: 2.3041 - accuracy: 0.0965
64/98 [==================>...........] - ETA: 2s - loss: 2.3041 - accuracy: 0.0964
65/98 [==================>...........] - ETA: 2s - loss: 2.3041 - accuracy: 0.0965
66/98 [===================>..........] - ETA: 1s - loss: 2.3042 - accuracy: 0.0964
67/98 [===================>..........] - ETA: 1s - loss: 2.3042 - accuracy: 0.0963
68/98 [===================>..........] - ETA: 1s - loss: 2.3042 - accuracy: 0.0962
69/98 [====================>.........] - ETA: 1s - loss: 2.3042 - accuracy: 0.0962
71/98 [====================>.........] - ETA: 1s - loss: 2.3042 - accuracy: 0.0965
72/98 [=====================>........] - ETA: 1s - loss: 2.3042 - accuracy: 0.0964
73/98 [=====================>........] - ETA: 1s - loss: 2.3042 - accuracy: 0.0965
74/98 [=====================>........] - ETA: 1s - loss: 2.3043 - accuracy: 0.0962
75/98 [=====================>........] - ETA: 1s - loss: 2.3043 - accuracy: 0.0963
76/98 [======================>.......] - ETA: 1s - loss: 2.3043 - accuracy: 0.0962
77/98 [======================>.......] - ETA: 1s - loss: 2.3043 - accuracy: 0.0961
78/98 [======================>.......] - ETA: 1s - loss: 2.3043 - accuracy: 0.0961
79/98 [=======================>......] - ETA: 1s - loss: 2.3043 - accuracy: 0.0961
80/98 [=======================>......] - ETA: 1s - loss: 2.3043 - accuracy: 0.0959
81/98 [=======================>......] - ETA: 1s - loss: 2.3043 - accuracy: 0.0959
82/98 [========================>.....] - ETA: 0s - loss: 2.3043 - accuracy: 0.0962
83/98 [========================>.....] - ETA: 0s - loss: 2.3043 - accuracy: 0.0961
84/98 [========================>.....] - ETA: 0s - loss: 2.3044 - accuracy: 0.0958
85/98 [=========================>....] - ETA: 0s - loss: 2.3044 - accuracy: 0.0958
86/98 [=========================>....] - ETA: 0s - loss: 2.3044 - accuracy: 0.0957
87/98 [=========================>....] - ETA: 0s - loss: 2.3044 - accuracy: 0.0958
88/98 [=========================>....] - ETA: 0s - loss: 2.3044 - accuracy: 0.0960
89/98 [==========================>...] - ETA: 0s - loss: 2.3044 - accuracy: 0.0960
90/98 [==========================>...] - ETA: 0s - loss: 2.3044 - accuracy: 0.0959
91/98 [==========================>...] - ETA: 0s - loss: 2.3044 - accuracy: 0.0960
92/98 [===========================>..] - ETA: 0s - loss: 2.3044 - accuracy: 0.0959
93/98 [===========================>..] - ETA: 0s - loss: 2.3044 - accuracy: 0.0961
94/98 [===========================>..] - ETA: 0s - loss: 2.3044 - accuracy: 0.0962
95/98 [============================>.] - ETA: 0s - loss: 2.3045 - accuracy: 0.0963
98/98 [==============================] - ETA: 0s - loss: 2.3045 - accuracy: 0.0960
98/98 [==============================] - 7s 67ms/step - loss: 2.3045 - accuracy: 0.0960 - val_loss: 2.3039 - val_accuracy: 0.1000
Epoch 5/153

 1/98 [..............................] - ETA: 5s - loss: 2.3029 - accuracy: 0.0918
 3/98 [..............................] - ETA: 2s - loss: 2.3055 - accuracy: 0.0977
 5/98 [>.............................] - ETA: 3s - loss: 2.3051 - accuracy: 0.1051
 7/98 [=>............................] - ETA: 3s - loss: 2.3060 - accuracy: 0.1041
 9/98 [=>............................] - ETA: 3s - loss: 2.3059 - accuracy: 0.1042
11/98 [==>...........................] - ETA: 3s - loss: 2.3057 - accuracy: 0.1009
13/98 [==>...........................] - ETA: 3s - loss: 2.3052 - accuracy: 0.1014
14/98 [===>..........................] - ETA: 3s - loss: 2.3055 - accuracy: 0.1004
15/98 [===>..........................] - ETA: 3s - loss: 2.3056 - accuracy: 0.1013
16/98 [===>..........................] - ETA: 3s - loss: 2.3059 - accuracy: 0.1001
17/98 [====>.........................] - ETA: 3s - loss: 2.3057 - accuracy: 0.1010
19/98 [====>.........................] - ETA: 3s - loss: 2.3055 - accuracy: 0.1007
20/98 [=====>........................] - ETA: 3s - loss: 2.3054 - accuracy: 0.1017
21/98 [=====>........................] - ETA: 3s - loss: 2.3055 - accuracy: 0.1008
22/98 [=====>........................] - ETA: 3s - loss: 2.3053 - accuracy: 0.1003
23/98 [======>.......................] - ETA: 3s - loss: 2.3053 - accuracy: 0.1003
24/98 [======>.......................] - ETA: 3s - loss: 2.3052 - accuracy: 0.0999
25/98 [======>.......................] - ETA: 3s - loss: 2.3051 - accuracy: 0.1002
26/98 [======>.......................] - ETA: 3s - loss: 2.3050 - accuracy: 0.1000
27/98 [=======>......................] - ETA: 3s - loss: 2.3050 - accuracy: 0.0998
28/98 [=======>......................] - ETA: 3s - loss: 2.3048 - accuracy: 0.1006
29/98 [=======>......................] - ETA: 3s - loss: 2.3049 - accuracy: 0.1004
30/98 [========>.....................] - ETA: 3s - loss: 2.3050 - accuracy: 0.1000
31/98 [========>.....................] - ETA: 3s - loss: 2.3049 - accuracy: 0.1007
32/98 [========>.....................] - ETA: 3s - loss: 2.3048 - accuracy: 0.1009
33/98 [=========>....................] - ETA: 3s - loss: 2.3049 - accuracy: 0.1012
34/98 [=========>....................] - ETA: 3s - loss: 2.3051 - accuracy: 0.1002
35/98 [=========>....................] - ETA: 3s - loss: 2.3050 - accuracy: 0.0996
36/98 [==========>...................] - ETA: 3s - loss: 2.3050 - accuracy: 0.0994
37/98 [==========>...................] - ETA: 3s - loss: 2.3050 - accuracy: 0.0993
38/98 [==========>...................] - ETA: 3s - loss: 2.3050 - accuracy: 0.0991
39/98 [==========>...................] - ETA: 3s - loss: 2.3049 - accuracy: 0.0997
40/98 [===========>..................] - ETA: 3s - loss: 2.3049 - accuracy: 0.0999
41/98 [===========>..................] - ETA: 3s - loss: 2.3049 - accuracy: 0.0994
42/98 [===========>..................] - ETA: 3s - loss: 2.3049 - accuracy: 0.0992
43/98 [============>.................] - ETA: 3s - loss: 2.3051 - accuracy: 0.0988
44/98 [============>.................] - ETA: 3s - loss: 2.3052 - accuracy: 0.0986
45/98 [============>.................] - ETA: 2s - loss: 2.3052 - accuracy: 0.0984
46/98 [=============>................] - ETA: 2s - loss: 2.3052 - accuracy: 0.0985
47/98 [=============>................] - ETA: 2s - loss: 2.3052 - accuracy: 0.0981
48/98 [=============>................] - ETA: 2s - loss: 2.3052 - accuracy: 0.0979
49/98 [==============>...............] - ETA: 2s - loss: 2.3052 - accuracy: 0.0977
50/98 [==============>...............] - ETA: 2s - loss: 2.3052 - accuracy: 0.0980
51/98 [==============>...............] - ETA: 2s - loss: 2.3054 - accuracy: 0.0979
52/98 [==============>...............] - ETA: 2s - loss: 2.3053 - accuracy: 0.0983
53/98 [===============>..............] - ETA: 2s - loss: 2.3053 - accuracy: 0.0981
55/98 [===============>..............] - ETA: 2s - loss: 2.3053 - accuracy: 0.0981
56/98 [================>.............] - ETA: 2s - loss: 2.3053 - accuracy: 0.0983
57/98 [================>.............] - ETA: 2s - loss: 2.3052 - accuracy: 0.0983
58/98 [================>.............] - ETA: 2s - loss: 2.3052 - accuracy: 0.0984
59/98 [=================>............] - ETA: 2s - loss: 2.3052 - accuracy: 0.0984
60/98 [=================>............] - ETA: 2s - loss: 2.3052 - accuracy: 0.0985
61/98 [=================>............] - ETA: 2s - loss: 2.3052 - accuracy: 0.0987
62/98 [=================>............] - ETA: 2s - loss: 2.3052 - accuracy: 0.0985
63/98 [==================>...........] - ETA: 2s - loss: 2.3052 - accuracy: 0.0988
64/98 [==================>...........] - ETA: 1s - loss: 2.3051 - accuracy: 0.0990
65/98 [==================>...........] - ETA: 1s - loss: 2.3052 - accuracy: 0.0988
66/98 [===================>..........] - ETA: 1s - loss: 2.3052 - accuracy: 0.0988
67/98 [===================>..........] - ETA: 1s - loss: 2.3051 - accuracy: 0.0991
69/98 [====================>.........] - ETA: 1s - loss: 2.3050 - accuracy: 0.0991
70/98 [====================>.........] - ETA: 1s - loss: 2.3050 - accuracy: 0.0988
71/98 [====================>.........] - ETA: 1s - loss: 2.3050 - accuracy: 0.0988
73/98 [=====================>........] - ETA: 1s - loss: 2.3051 - accuracy: 0.0985
75/98 [=====================>........] - ETA: 1s - loss: 2.3051 - accuracy: 0.0984
77/98 [======================>.......] - ETA: 1s - loss: 2.3051 - accuracy: 0.0983
79/98 [=======================>......] - ETA: 1s - loss: 2.3050 - accuracy: 0.0981
81/98 [=======================>......] - ETA: 1s - loss: 2.3050 - accuracy: 0.0981
83/98 [========================>.....] - ETA: 0s - loss: 2.3050 - accuracy: 0.0979
84/98 [========================>.....] - ETA: 0s - loss: 2.3050 - accuracy: 0.0979
85/98 [=========================>....] - ETA: 0s - loss: 2.3049 - accuracy: 0.0981
87/98 [=========================>....] - ETA: 0s - loss: 2.3049 - accuracy: 0.0981
89/98 [==========================>...] - ETA: 0s - loss: 2.3049 - accuracy: 0.0981
91/98 [==========================>...] - ETA: 0s - loss: 2.3049 - accuracy: 0.0982
92/98 [===========================>..] - ETA: 0s - loss: 2.3049 - accuracy: 0.0983
93/98 [===========================>..] - ETA: 0s - loss: 2.3049 - accuracy: 0.0987
95/98 [============================>.] - ETA: 0s - loss: 2.3050 - accuracy: 0.0984
96/98 [============================>.] - ETA: 0s - loss: 2.3050 - accuracy: 0.0983
97/98 [============================>.] - ETA: 0s - loss: 2.3049 - accuracy: 0.0982
98/98 [==============================] - ETA: 0s - loss: 2.3050 - accuracy: 0.0981
98/98 [==============================] - 7s 67ms/step - loss: 2.3050 - accuracy: 0.0981 - val_loss: 2.3059 - val_accuracy: 0.1000
Epoch 6/153

 1/98 [..............................] - ETA: 4s - loss: 2.3004 - accuracy: 0.0879
 3/98 [..............................] - ETA: 3s - loss: 2.3054 - accuracy: 0.0898
 5/98 [>.............................] - ETA: 3s - loss: 2.3064 - accuracy: 0.0922
 7/98 [=>............................] - ETA: 3s - loss: 2.3062 - accuracy: 0.0943
 9/98 [=>............................] - ETA: 3s - loss: 2.3057 - accuracy: 0.0966
11/98 [==>...........................] - ETA: 3s - loss: 2.3054 - accuracy: 0.0953
13/98 [==>...........................] - ETA: 3s - loss: 2.3054 - accuracy: 0.0962
15/98 [===>..........................] - ETA: 3s - loss: 2.3057 - accuracy: 0.0948
16/98 [===>..........................] - ETA: 3s - loss: 2.3053 - accuracy: 0.0966
17/98 [====>.........................] - ETA: 3s - loss: 2.3052 - accuracy: 0.0972
18/98 [====>.........................] - ETA: 3s - loss: 2.3051 - accuracy: 0.0969
19/98 [====>.........................] - ETA: 3s - loss: 2.3049 - accuracy: 0.0973
20/98 [=====>........................] - ETA: 3s - loss: 2.3048 - accuracy: 0.0982
21/98 [=====>........................] - ETA: 3s - loss: 2.3050 - accuracy: 0.0977
22/98 [=====>........................] - ETA: 3s - loss: 2.3050 - accuracy: 0.0979
23/98 [======>.......................] - ETA: 3s - loss: 2.3049 - accuracy: 0.0985
24/98 [======>.......................] - ETA: 3s - loss: 2.3049 - accuracy: 0.0984
25/98 [======>.......................] - ETA: 3s - loss: 2.3050 - accuracy: 0.0984
26/98 [======>.......................] - ETA: 3s - loss: 2.3050 - accuracy: 0.0986
27/98 [=======>......................] - ETA: 3s - loss: 2.3051 - accuracy: 0.0982
28/98 [=======>......................] - ETA: 3s - loss: 2.3050 - accuracy: 0.0983
29/98 [=======>......................] - ETA: 3s - loss: 2.3049 - accuracy: 0.0986
30/98 [========>.....................] - ETA: 3s - loss: 2.3049 - accuracy: 0.0989
31/98 [========>.....................] - ETA: 3s - loss: 2.3049 - accuracy: 0.1000
32/98 [========>.....................] - ETA: 3s - loss: 2.3048 - accuracy: 0.0998
34/98 [=========>....................] - ETA: 3s - loss: 2.3048 - accuracy: 0.0999
35/98 [=========>....................] - ETA: 3s - loss: 2.3048 - accuracy: 0.0999
36/98 [==========>...................] - ETA: 3s - loss: 2.3047 - accuracy: 0.1000
37/98 [==========>...................] - ETA: 3s - loss: 2.3048 - accuracy: 0.1001
38/98 [==========>...................] - ETA: 3s - loss: 2.3048 - accuracy: 0.0995
39/98 [==========>...................] - ETA: 3s - loss: 2.3048 - accuracy: 0.0995
40/98 [===========>..................] - ETA: 3s - loss: 2.3048 - accuracy: 0.0998
42/98 [===========>..................] - ETA: 3s - loss: 2.3048 - accuracy: 0.0993
43/98 [============>.................] - ETA: 2s - loss: 2.3047 - accuracy: 0.0996
44/98 [============>.................] - ETA: 2s - loss: 2.3046 - accuracy: 0.0995
45/98 [============>.................] - ETA: 2s - loss: 2.3047 - accuracy: 0.0990
46/98 [=============>................] - ETA: 2s - loss: 2.3047 - accuracy: 0.0989
47/98 [=============>................] - ETA: 2s - loss: 2.3045 - accuracy: 0.0993
48/98 [=============>................] - ETA: 2s - loss: 2.3045 - accuracy: 0.0993
49/98 [==============>...............] - ETA: 2s - loss: 2.3045 - accuracy: 0.0996
50/98 [==============>...............] - ETA: 2s - loss: 2.3045 - accuracy: 0.0992
51/98 [==============>...............] - ETA: 2s - loss: 2.3045 - accuracy: 0.0991
52/98 [==============>...............] - ETA: 2s - loss: 2.3045 - accuracy: 0.0989
53/98 [===============>..............] - ETA: 2s - loss: 2.3045 - accuracy: 0.0990
54/98 [===============>..............] - ETA: 2s - loss: 2.3045 - accuracy: 0.0992
55/98 [===============>..............] - ETA: 2s - loss: 2.3045 - accuracy: 0.0993
56/98 [================>.............] - ETA: 2s - loss: 2.3045 - accuracy: 0.0992
57/98 [================>.............] - ETA: 2s - loss: 2.3046 - accuracy: 0.0987
58/98 [================>.............] - ETA: 2s - loss: 2.3046 - accuracy: 0.0985
59/98 [=================>............] - ETA: 2s - loss: 2.3046 - accuracy: 0.0989
60/98 [=================>............] - ETA: 2s - loss: 2.3046 - accuracy: 0.0991
61/98 [=================>............] - ETA: 2s - loss: 2.3046 - accuracy: 0.0990
62/98 [=================>............] - ETA: 2s - loss: 2.3046 - accuracy: 0.0992
63/98 [==================>...........] - ETA: 1s - loss: 2.3046 - accuracy: 0.0990
64/98 [==================>...........] - ETA: 1s - loss: 2.3046 - accuracy: 0.0991
65/98 [==================>...........] - ETA: 1s - loss: 2.3046 - accuracy: 0.0993
66/98 [===================>..........] - ETA: 1s - loss: 2.3046 - accuracy: 0.0995
67/98 [===================>..........] - ETA: 1s - loss: 2.3046 - accuracy: 0.0995
68/98 [===================>..........] - ETA: 1s - loss: 2.3046 - accuracy: 0.0993
69/98 [====================>.........] - ETA: 1s - loss: 2.3046 - accuracy: 0.0991
70/98 [====================>.........] - ETA: 1s - loss: 2.3046 - accuracy: 0.0994
71/98 [====================>.........] - ETA: 1s - loss: 2.3045 - accuracy: 0.0996
72/98 [=====================>........] - ETA: 1s - loss: 2.3046 - accuracy: 0.0995
73/98 [=====================>........] - ETA: 1s - loss: 2.3046 - accuracy: 0.0997
74/98 [=====================>........] - ETA: 1s - loss: 2.3045 - accuracy: 0.0999
75/98 [=====================>........] - ETA: 1s - loss: 2.3045 - accuracy: 0.1000
76/98 [======================>.......] - ETA: 1s - loss: 2.3046 - accuracy: 0.0998
77/98 [======================>.......] - ETA: 1s - loss: 2.3045 - accuracy: 0.1001
78/98 [======================>.......] - ETA: 1s - loss: 2.3045 - accuracy: 0.0999
79/98 [=======================>......] - ETA: 1s - loss: 2.3045 - accuracy: 0.0995
80/98 [=======================>......] - ETA: 1s - loss: 2.3046 - accuracy: 0.0993
81/98 [=======================>......] - ETA: 0s - loss: 2.3047 - accuracy: 0.0993
82/98 [========================>.....] - ETA: 0s - loss: 2.3047 - accuracy: 0.0997
83/98 [========================>.....] - ETA: 0s - loss: 2.3047 - accuracy: 0.0996
84/98 [========================>.....] - ETA: 0s - loss: 2.3047 - accuracy: 0.0996
85/98 [=========================>....] - ETA: 0s - loss: 2.3047 - accuracy: 0.0996
86/98 [=========================>....] - ETA: 0s - loss: 2.3047 - accuracy: 0.0998
87/98 [=========================>....] - ETA: 0s - loss: 2.3047 - accuracy: 0.0998
88/98 [=========================>....] - ETA: 0s - loss: 2.3048 - accuracy: 0.0997
89/98 [==========================>...] - ETA: 0s - loss: 2.3048 - accuracy: 0.0999
90/98 [==========================>...] - ETA: 0s - loss: 2.3049 - accuracy: 0.0998
91/98 [==========================>...] - ETA: 0s - loss: 2.3049 - accuracy: 0.0999
92/98 [===========================>..] - ETA: 0s - loss: 2.3049 - accuracy: 0.0998
93/98 [===========================>..] - ETA: 0s - loss: 2.3049 - accuracy: 0.0997
94/98 [===========================>..] - ETA: 0s - loss: 2.3049 - accuracy: 0.0998
95/98 [============================>.] - ETA: 0s - loss: 2.3048 - accuracy: 0.0998
96/98 [============================>.] - ETA: 0s - loss: 2.3048 - accuracy: 0.1000
97/98 [============================>.] - ETA: 0s - loss: 2.3048 - accuracy: 0.1000
98/98 [==============================] - ETA: 0s - loss: 2.3048 - accuracy: 0.1001
98/98 [==============================] - 7s 67ms/step - loss: 2.3048 - accuracy: 0.1001 - val_loss: 2.3059 - val_accuracy: 0.1000
Epoch 7/153

 1/98 [..............................] - ETA: 4s - loss: 2.3145 - accuracy: 0.0625
 3/98 [..............................] - ETA: 3s - loss: 2.3063 - accuracy: 0.0879
 5/98 [>.............................] - ETA: 3s - loss: 2.3040 - accuracy: 0.1008
 7/98 [=>............................] - ETA: 3s - loss: 2.3049 - accuracy: 0.0979
 9/98 [=>............................] - ETA: 3s - loss: 2.3052 - accuracy: 0.0966
11/98 [==>...........................] - ETA: 3s - loss: 2.3046 - accuracy: 0.0957
13/98 [==>...........................] - ETA: 3s - loss: 2.3041 - accuracy: 0.0980
15/98 [===>..........................] - ETA: 3s - loss: 2.3040 - accuracy: 0.0979
17/98 [====>.........................] - ETA: 2s - loss: 2.3049 - accuracy: 0.0952
19/98 [====>.........................] - ETA: 3s - loss: 2.3046 - accuracy: 0.0956
20/98 [=====>........................] - ETA: 3s - loss: 2.3047 - accuracy: 0.0959
21/98 [=====>........................] - ETA: 3s - loss: 2.3049 - accuracy: 0.0957
22/98 [=====>........................] - ETA: 3s - loss: 2.3048 - accuracy: 0.0954
23/98 [======>.......................] - ETA: 3s - loss: 2.3048 - accuracy: 0.0956
25/98 [======>.......................] - ETA: 3s - loss: 2.3047 - accuracy: 0.0962
27/98 [=======>......................] - ETA: 3s - loss: 2.3048 - accuracy: 0.0966
29/98 [=======>......................] - ETA: 3s - loss: 2.3045 - accuracy: 0.0975
30/98 [========>.....................] - ETA: 3s - loss: 2.3046 - accuracy: 0.0974
31/98 [========>.....................] - ETA: 3s - loss: 2.3046 - accuracy: 0.0974
32/98 [========>.....................] - ETA: 3s - loss: 2.3048 - accuracy: 0.0972
33/98 [=========>....................] - ETA: 3s - loss: 2.3048 - accuracy: 0.0974
34/98 [=========>....................] - ETA: 3s - loss: 2.3051 - accuracy: 0.0973
35/98 [=========>....................] - ETA: 3s - loss: 2.3050 - accuracy: 0.0976
36/98 [==========>...................] - ETA: 3s - loss: 2.3050 - accuracy: 0.0973
37/98 [==========>...................] - ETA: 3s - loss: 2.3051 - accuracy: 0.0972
38/98 [==========>...................] - ETA: 2s - loss: 2.3051 - accuracy: 0.0970
39/98 [==========>...................] - ETA: 2s - loss: 2.3050 - accuracy: 0.0969
40/98 [===========>..................] - ETA: 2s - loss: 2.3049 - accuracy: 0.0970
41/98 [===========>..................] - ETA: 2s - loss: 2.3048 - accuracy: 0.0969
43/98 [============>.................] - ETA: 2s - loss: 2.3048 - accuracy: 0.0978
44/98 [============>.................] - ETA: 2s - loss: 2.3048 - accuracy: 0.0978
