2024-06-26 07:05:35.002780: I tensorflow/core/platform/cpu_feature_guard.cc:193] This TensorFlow binary is optimized with oneAPI Deep Neural Network Library (oneDNN) to use the following CPU instructions in performance-critical operations:  AVX AVX2
To enable them in other operations, rebuild TensorFlow with the appropriate compiler flags.
2024-06-26 07:05:35.769145: I tensorflow/core/common_runtime/gpu/gpu_device.cc:1616] Created device /job:localhost/replica:0/task:0/device:GPU:0 with 6656 MB memory:  -> device: 0, name: NVIDIA GeForce RTX 4060 Ti, pci bus id: 0000:01:00.0, compute capability: 8.9
1 Physical GPUs, 1 Logical GPUs
Model: "sequential"
_________________________________________________________________
 Layer (type)                Output Shape              Param #   
=================================================================
 conv2d (Conv2D)             (None, 32, 32, 32)        896       
                                                                 
 max_pooling2d (MaxPooling2D  (None, 16, 16, 32)       0         
 )                                                               
                                                                 
 batch_normalization (BatchN  (None, 16, 16, 32)       128       
 ormalization)                                                   
                                                                 
 conv2d_1 (Conv2D)           (None, 16, 16, 256)       73984     
                                                                 
 conv2d_2 (Conv2D)           (None, 16, 16, 256)       590080    
                                                                 
 dropout (Dropout)           (None, 16, 16, 256)       0         
                                                                 
 flatten (Flatten)           (None, 65536)             0         
                                                                 
 dense (Dense)               (None, 22)                1441814   
                                                                 
 dropout_1 (Dropout)         (None, 22)                0         
                                                                 
 dense_1 (Dense)             (None, 10)                230       
                                                                 
=================================================================
Total params: 2,107,132
Trainable params: 2,107,068
Non-trainable params: 64
_________________________________________________________________
Taxa de aprendizado:  1e-05 Num de épocas:  121 Tamanho do lote:  512 Dropout:  0.27489
Epoch 1/121
2024-06-26 07:05:37.393787: I tensorflow/stream_executor/cuda/cuda_dnn.cc:384] Loaded cuDNN version 8100
2024-06-26 07:05:38.500230: W tensorflow/stream_executor/gpu/redzone_allocator.cc:314] INTERNAL: ptxas exited with non-zero error code -1, output: 
Relying on driver to perform ptx compilation. 
Modify $PATH to customize ptxas location.
This message will be only logged once.
2024-06-26 07:05:40.998478: I tensorflow/stream_executor/cuda/cuda_blas.cc:1614] TensorFloat-32 will be used for the matrix multiplication. This will only be logged once.

 1/98 [..............................] - ETA: 14:02 - loss: 2.3473 - accuracy: 0.0977
 2/98 [..............................] - ETA: 10s - loss: 2.3422 - accuracy: 0.1045  
 3/98 [..............................] - ETA: 10s - loss: 2.3360 - accuracy: 0.1081
 4/98 [>.............................] - ETA: 10s - loss: 2.3321 - accuracy: 0.1108
 5/98 [>.............................] - ETA: 10s - loss: 2.3254 - accuracy: 0.1117
 6/98 [>.............................] - ETA: 1:15 - loss: 2.3213 - accuracy: 0.1150
 7/98 [=>............................] - ETA: 1:04 - loss: 2.3151 - accuracy: 0.1215
 8/98 [=>............................] - ETA: 55s - loss: 2.3090 - accuracy: 0.1293 
 9/98 [=>............................] - ETA: 49s - loss: 2.3020 - accuracy: 0.1322
10/98 [==>...........................] - ETA: 44s - loss: 2.2990 - accuracy: 0.1361
11/98 [==>...........................] - ETA: 40s - loss: 2.2906 - accuracy: 0.1419
12/98 [==>...........................] - ETA: 37s - loss: 2.2862 - accuracy: 0.1429
13/98 [==>...........................] - ETA: 34s - loss: 2.2811 - accuracy: 0.1424
14/98 [===>..........................] - ETA: 32s - loss: 2.2730 - accuracy: 0.1467
15/98 [===>..........................] - ETA: 30s - loss: 2.2681 - accuracy: 0.1503
16/98 [===>..........................] - ETA: 28s - loss: 2.2632 - accuracy: 0.1532
17/98 [====>.........................] - ETA: 27s - loss: 2.2591 - accuracy: 0.1542
18/98 [====>.........................] - ETA: 25s - loss: 2.2539 - accuracy: 0.1570
19/98 [====>.........................] - ETA: 24s - loss: 2.2504 - accuracy: 0.1593
20/98 [=====>........................] - ETA: 23s - loss: 2.2463 - accuracy: 0.1604
21/98 [=====>........................] - ETA: 22s - loss: 2.2425 - accuracy: 0.1629
22/98 [=====>........................] - ETA: 21s - loss: 2.2370 - accuracy: 0.1669
23/98 [======>.......................] - ETA: 20s - loss: 2.2328 - accuracy: 0.1694
24/98 [======>.......................] - ETA: 19s - loss: 2.2296 - accuracy: 0.1713
25/98 [======>.......................] - ETA: 19s - loss: 2.2251 - accuracy: 0.1736
26/98 [======>.......................] - ETA: 18s - loss: 2.2226 - accuracy: 0.1745
27/98 [=======>......................] - ETA: 17s - loss: 2.2186 - accuracy: 0.1765
28/98 [=======>......................] - ETA: 17s - loss: 2.2145 - accuracy: 0.1785
29/98 [=======>......................] - ETA: 16s - loss: 2.2106 - accuracy: 0.1812
30/98 [========>.....................] - ETA: 16s - loss: 2.2065 - accuracy: 0.1830
31/98 [========>.....................] - ETA: 15s - loss: 2.2034 - accuracy: 0.1858
32/98 [========>.....................] - ETA: 15s - loss: 2.2011 - accuracy: 0.1863
33/98 [=========>....................] - ETA: 14s - loss: 2.1966 - accuracy: 0.1893
34/98 [=========>....................] - ETA: 14s - loss: 2.1937 - accuracy: 0.1907
35/98 [=========>....................] - ETA: 13s - loss: 2.1904 - accuracy: 0.1929
36/98 [==========>...................] - ETA: 13s - loss: 2.1856 - accuracy: 0.1952
37/98 [==========>...................] - ETA: 13s - loss: 2.1828 - accuracy: 0.1965
38/98 [==========>...................] - ETA: 12s - loss: 2.1809 - accuracy: 0.1971
39/98 [==========>...................] - ETA: 12s - loss: 2.1771 - accuracy: 0.1991
40/98 [===========>..................] - ETA: 11s - loss: 2.1741 - accuracy: 0.2016
41/98 [===========>..................] - ETA: 11s - loss: 2.1721 - accuracy: 0.2027
42/98 [===========>..................] - ETA: 11s - loss: 2.1695 - accuracy: 0.2037
43/98 [============>.................] - ETA: 10s - loss: 2.1665 - accuracy: 0.2047
44/98 [============>.................] - ETA: 10s - loss: 2.1631 - accuracy: 0.2069
45/98 [============>.................] - ETA: 10s - loss: 2.1601 - accuracy: 0.2091
46/98 [=============>................] - ETA: 9s - loss: 2.1582 - accuracy: 0.2095 
47/98 [=============>................] - ETA: 9s - loss: 2.1555 - accuracy: 0.2111
48/98 [=============>................] - ETA: 9s - loss: 2.1531 - accuracy: 0.2120
49/98 [==============>...............] - ETA: 9s - loss: 2.1515 - accuracy: 0.2133
50/98 [==============>...............] - ETA: 8s - loss: 2.1490 - accuracy: 0.2148
51/98 [==============>...............] - ETA: 8s - loss: 2.1459 - accuracy: 0.2162
52/98 [==============>...............] - ETA: 8s - loss: 2.1437 - accuracy: 0.2174
53/98 [===============>..............] - ETA: 8s - loss: 2.1418 - accuracy: 0.2185
54/98 [===============>..............] - ETA: 7s - loss: 2.1398 - accuracy: 0.2195
55/98 [===============>..............] - ETA: 7s - loss: 2.1369 - accuracy: 0.2210
56/98 [================>.............] - ETA: 7s - loss: 2.1354 - accuracy: 0.2216
57/98 [================>.............] - ETA: 7s - loss: 2.1336 - accuracy: 0.2223
58/98 [================>.............] - ETA: 6s - loss: 2.1318 - accuracy: 0.2237
59/98 [=================>............] - ETA: 6s - loss: 2.1299 - accuracy: 0.2249
60/98 [=================>............] - ETA: 6s - loss: 2.1275 - accuracy: 0.2257
61/98 [=================>............] - ETA: 6s - loss: 2.1255 - accuracy: 0.2267
62/98 [=================>............] - ETA: 6s - loss: 2.1244 - accuracy: 0.2270
63/98 [==================>...........] - ETA: 5s - loss: 2.1222 - accuracy: 0.2279
64/98 [==================>...........] - ETA: 5s - loss: 2.1211 - accuracy: 0.2283
65/98 [==================>...........] - ETA: 5s - loss: 2.1189 - accuracy: 0.2295
66/98 [===================>..........] - ETA: 5s - loss: 2.1176 - accuracy: 0.2306
67/98 [===================>..........] - ETA: 5s - loss: 2.1157 - accuracy: 0.2315
68/98 [===================>..........] - ETA: 4s - loss: 2.1140 - accuracy: 0.2322
69/98 [====================>.........] - ETA: 4s - loss: 2.1118 - accuracy: 0.2332
70/98 [====================>.........] - ETA: 4s - loss: 2.1095 - accuracy: 0.2344
71/98 [====================>.........] - ETA: 4s - loss: 2.1078 - accuracy: 0.2353
72/98 [=====================>........] - ETA: 4s - loss: 2.1062 - accuracy: 0.2361
73/98 [=====================>........] - ETA: 3s - loss: 2.1048 - accuracy: 0.2368
74/98 [=====================>........] - ETA: 3s - loss: 2.1029 - accuracy: 0.2376
75/98 [=====================>........] - ETA: 3s - loss: 2.1011 - accuracy: 0.2385
76/98 [======================>.......] - ETA: 3s - loss: 2.0992 - accuracy: 0.2394
77/98 [======================>.......] - ETA: 3s - loss: 2.0977 - accuracy: 0.2399
78/98 [======================>.......] - ETA: 3s - loss: 2.0953 - accuracy: 0.2411
79/98 [=======================>......] - ETA: 2s - loss: 2.0934 - accuracy: 0.2417
80/98 [=======================>......] - ETA: 2s - loss: 2.0914 - accuracy: 0.2429
81/98 [=======================>......] - ETA: 2s - loss: 2.0898 - accuracy: 0.2438
82/98 [========================>.....] - ETA: 2s - loss: 2.0880 - accuracy: 0.2445
83/98 [========================>.....] - ETA: 2s - loss: 2.0863 - accuracy: 0.2458
84/98 [========================>.....] - ETA: 2s - loss: 2.0846 - accuracy: 0.2464
85/98 [=========================>....] - ETA: 1s - loss: 2.0832 - accuracy: 0.2468
86/98 [=========================>....] - ETA: 1s - loss: 2.0812 - accuracy: 0.2479
87/98 [=========================>....] - ETA: 1s - loss: 2.0797 - accuracy: 0.2486
88/98 [=========================>....] - ETA: 1s - loss: 2.0781 - accuracy: 0.2494
89/98 [==========================>...] - ETA: 1s - loss: 2.0766 - accuracy: 0.2502
90/98 [==========================>...] - ETA: 1s - loss: 2.0759 - accuracy: 0.2505
91/98 [==========================>...] - ETA: 1s - loss: 2.0747 - accuracy: 0.2510
92/98 [===========================>..] - ETA: 0s - loss: 2.0732 - accuracy: 0.2520
93/98 [===========================>..] - ETA: 0s - loss: 2.0710 - accuracy: 0.2527
94/98 [===========================>..] - ETA: 0s - loss: 2.0692 - accuracy: 0.2536
95/98 [============================>.] - ETA: 0s - loss: 2.0678 - accuracy: 0.2545
96/98 [============================>.] - ETA: 0s - loss: 2.0664 - accuracy: 0.2554
97/98 [============================>.] - ETA: 0s - loss: 2.0655 - accuracy: 0.2557
98/98 [==============================] - ETA: 0s - loss: 2.0640 - accuracy: 0.2563
98/98 [==============================] - 25s 166ms/step - loss: 2.0640 - accuracy: 0.2563 - val_loss: 2.2070 - val_accuracy: 0.2943
Epoch 2/121

 1/98 [..............................] - ETA: 12s - loss: 1.8761 - accuracy: 0.3320
 2/98 [..............................] - ETA: 11s - loss: 1.9028 - accuracy: 0.3164
 3/98 [..............................] - ETA: 11s - loss: 1.8772 - accuracy: 0.3392
 4/98 [>.............................] - ETA: 11s - loss: 1.8797 - accuracy: 0.3418
 5/98 [>.............................] - ETA: 10s - loss: 1.8908 - accuracy: 0.3430
 6/98 [>.............................] - ETA: 10s - loss: 1.8963 - accuracy: 0.3444
 7/98 [=>............................] - ETA: 10s - loss: 1.8940 - accuracy: 0.3446
 8/98 [=>............................] - ETA: 10s - loss: 1.8908 - accuracy: 0.3452
 9/98 [=>............................] - ETA: 10s - loss: 1.8926 - accuracy: 0.3416
10/98 [==>...........................] - ETA: 10s - loss: 1.8946 - accuracy: 0.3383
11/98 [==>...........................] - ETA: 10s - loss: 1.8921 - accuracy: 0.3381
12/98 [==>...........................] - ETA: 10s - loss: 1.8908 - accuracy: 0.3387
13/98 [==>...........................] - ETA: 9s - loss: 1.8947 - accuracy: 0.3380 
14/98 [===>..........................] - ETA: 9s - loss: 1.8959 - accuracy: 0.3369
15/98 [===>..........................] - ETA: 9s - loss: 1.8964 - accuracy: 0.3358
16/98 [===>..........................] - ETA: 8s - loss: 1.8955 - accuracy: 0.3357
17/98 [====>.........................] - ETA: 8s - loss: 1.8962 - accuracy: 0.3355
18/98 [====>.........................] - ETA: 8s - loss: 1.8962 - accuracy: 0.3355
19/98 [====>.........................] - ETA: 8s - loss: 1.8958 - accuracy: 0.3360
20/98 [=====>........................] - ETA: 8s - loss: 1.8965 - accuracy: 0.3370
21/98 [=====>........................] - ETA: 8s - loss: 1.8978 - accuracy: 0.3362
22/98 [=====>........................] - ETA: 7s - loss: 1.8983 - accuracy: 0.3361
23/98 [======>.......................] - ETA: 7s - loss: 1.8980 - accuracy: 0.3361
24/98 [======>.......................] - ETA: 7s - loss: 1.8959 - accuracy: 0.3364
25/98 [======>.......................] - ETA: 7s - loss: 1.8944 - accuracy: 0.3358
26/98 [======>.......................] - ETA: 7s - loss: 1.8932 - accuracy: 0.3357
27/98 [=======>......................] - ETA: 7s - loss: 1.8918 - accuracy: 0.3360
28/98 [=======>......................] - ETA: 7s - loss: 1.8907 - accuracy: 0.3366
29/98 [=======>......................] - ETA: 7s - loss: 1.8900 - accuracy: 0.3363
30/98 [========>.....................] - ETA: 6s - loss: 1.8893 - accuracy: 0.3362
31/98 [========>.....................] - ETA: 6s - loss: 1.8890 - accuracy: 0.3369
32/98 [========>.....................] - ETA: 6s - loss: 1.8868 - accuracy: 0.3382
33/98 [=========>....................] - ETA: 6s - loss: 1.8861 - accuracy: 0.3390
34/98 [=========>....................] - ETA: 6s - loss: 1.8846 - accuracy: 0.3390
35/98 [=========>....................] - ETA: 6s - loss: 1.8830 - accuracy: 0.3392
36/98 [==========>...................] - ETA: 6s - loss: 1.8814 - accuracy: 0.3403
37/98 [==========>...................] - ETA: 6s - loss: 1.8801 - accuracy: 0.3410
38/98 [==========>...................] - ETA: 6s - loss: 1.8781 - accuracy: 0.3418
39/98 [==========>...................] - ETA: 6s - loss: 1.8773 - accuracy: 0.3428
40/98 [===========>..................] - ETA: 6s - loss: 1.8761 - accuracy: 0.3438
41/98 [===========>..................] - ETA: 6s - loss: 1.8756 - accuracy: 0.3437
42/98 [===========>..................] - ETA: 5s - loss: 1.8747 - accuracy: 0.3443
43/98 [============>.................] - ETA: 5s - loss: 1.8744 - accuracy: 0.3445
44/98 [============>.................] - ETA: 5s - loss: 1.8754 - accuracy: 0.3441
45/98 [============>.................] - ETA: 5s - loss: 1.8736 - accuracy: 0.3453
46/98 [=============>................] - ETA: 5s - loss: 1.8726 - accuracy: 0.3457
47/98 [=============>................] - ETA: 5s - loss: 1.8727 - accuracy: 0.3452
48/98 [=============>................] - ETA: 5s - loss: 1.8707 - accuracy: 0.3459
49/98 [==============>...............] - ETA: 5s - loss: 1.8696 - accuracy: 0.3465
50/98 [==============>...............] - ETA: 5s - loss: 1.8684 - accuracy: 0.3473
51/98 [==============>...............] - ETA: 5s - loss: 1.8677 - accuracy: 0.3477
52/98 [==============>...............] - ETA: 4s - loss: 1.8670 - accuracy: 0.3481
53/98 [===============>..............] - ETA: 4s - loss: 1.8668 - accuracy: 0.3486
54/98 [===============>..............] - ETA: 4s - loss: 1.8655 - accuracy: 0.3491
55/98 [===============>..............] - ETA: 4s - loss: 1.8649 - accuracy: 0.3492
56/98 [================>.............] - ETA: 4s - loss: 1.8636 - accuracy: 0.3497
57/98 [================>.............] - ETA: 4s - loss: 1.8626 - accuracy: 0.3499
58/98 [================>.............] - ETA: 4s - loss: 1.8613 - accuracy: 0.3500
59/98 [=================>............] - ETA: 4s - loss: 1.8608 - accuracy: 0.3505
60/98 [=================>............] - ETA: 4s - loss: 1.8595 - accuracy: 0.3506
61/98 [=================>............] - ETA: 4s - loss: 1.8594 - accuracy: 0.3507
62/98 [=================>............] - ETA: 3s - loss: 1.8592 - accuracy: 0.3509
63/98 [==================>...........] - ETA: 3s - loss: 1.8588 - accuracy: 0.3510
64/98 [==================>...........] - ETA: 3s - loss: 1.8580 - accuracy: 0.3513
65/98 [==================>...........] - ETA: 3s - loss: 1.8578 - accuracy: 0.3516
66/98 [===================>..........] - ETA: 3s - loss: 1.8580 - accuracy: 0.3514
67/98 [===================>..........] - ETA: 3s - loss: 1.8571 - accuracy: 0.3517
68/98 [===================>..........] - ETA: 3s - loss: 1.8567 - accuracy: 0.3523
69/98 [====================>.........] - ETA: 3s - loss: 1.8565 - accuracy: 0.3524
70/98 [====================>.........] - ETA: 3s - loss: 1.8553 - accuracy: 0.3532
71/98 [====================>.........] - ETA: 2s - loss: 1.8548 - accuracy: 0.3532
72/98 [=====================>........] - ETA: 2s - loss: 1.8541 - accuracy: 0.3533
73/98 [=====================>........] - ETA: 2s - loss: 1.8532 - accuracy: 0.3535
74/98 [=====================>........] - ETA: 2s - loss: 1.8519 - accuracy: 0.3541
75/98 [=====================>........] - ETA: 2s - loss: 1.8516 - accuracy: 0.3539
76/98 [======================>.......] - ETA: 2s - loss: 1.8505 - accuracy: 0.3546
77/98 [======================>.......] - ETA: 2s - loss: 1.8495 - accuracy: 0.3549
78/98 [======================>.......] - ETA: 2s - loss: 1.8489 - accuracy: 0.3553
79/98 [=======================>......] - ETA: 2s - loss: 1.8479 - accuracy: 0.3558
80/98 [=======================>......] - ETA: 1s - loss: 1.8471 - accuracy: 0.3562
81/98 [=======================>......] - ETA: 1s - loss: 1.8463 - accuracy: 0.3565
82/98 [========================>.....] - ETA: 1s - loss: 1.8454 - accuracy: 0.3573
83/98 [========================>.....] - ETA: 1s - loss: 1.8447 - accuracy: 0.3574
84/98 [========================>.....] - ETA: 1s - loss: 1.8441 - accuracy: 0.3578
85/98 [=========================>....] - ETA: 1s - loss: 1.8434 - accuracy: 0.3581
86/98 [=========================>....] - ETA: 1s - loss: 1.8434 - accuracy: 0.3581
87/98 [=========================>....] - ETA: 1s - loss: 1.8426 - accuracy: 0.3586
88/98 [=========================>....] - ETA: 1s - loss: 1.8425 - accuracy: 0.3587
89/98 [==========================>...] - ETA: 0s - loss: 1.8418 - accuracy: 0.3591
90/98 [==========================>...] - ETA: 0s - loss: 1.8421 - accuracy: 0.3586
91/98 [==========================>...] - ETA: 0s - loss: 1.8411 - accuracy: 0.3590
92/98 [===========================>..] - ETA: 0s - loss: 1.8402 - accuracy: 0.3596
93/98 [===========================>..] - ETA: 0s - loss: 1.8399 - accuracy: 0.3599
94/98 [===========================>..] - ETA: 0s - loss: 1.8393 - accuracy: 0.3602
95/98 [============================>.] - ETA: 0s - loss: 1.8389 - accuracy: 0.3608
96/98 [============================>.] - ETA: 0s - loss: 1.8384 - accuracy: 0.3610
97/98 [============================>.] - ETA: 0s - loss: 1.8381 - accuracy: 0.3611
98/98 [==============================] - ETA: 0s - loss: 1.8378 - accuracy: 0.3613
98/98 [==============================] - 12s 121ms/step - loss: 1.8378 - accuracy: 0.3613 - val_loss: 2.0790 - val_accuracy: 0.4007
Epoch 3/121

 1/98 [..............................] - ETA: 9s - loss: 1.8135 - accuracy: 0.3711
 2/98 [..............................] - ETA: 9s - loss: 1.7924 - accuracy: 0.3896
 3/98 [..............................] - ETA: 8s - loss: 1.7671 - accuracy: 0.3984
 4/98 [>.............................] - ETA: 8s - loss: 1.7636 - accuracy: 0.3994
 5/98 [>.............................] - ETA: 8s - loss: 1.7641 - accuracy: 0.3969
 6/98 [>.............................] - ETA: 8s - loss: 1.7553 - accuracy: 0.4010
 7/98 [=>............................] - ETA: 8s - loss: 1.7484 - accuracy: 0.4026
 8/98 [=>............................] - ETA: 8s - loss: 1.7484 - accuracy: 0.4043
 9/98 [=>............................] - ETA: 9s - loss: 1.7498 - accuracy: 0.4032
10/98 [==>...........................] - ETA: 9s - loss: 1.7483 - accuracy: 0.4020
11/98 [==>...........................] - ETA: 9s - loss: 1.7498 - accuracy: 0.3997
12/98 [==>...........................] - ETA: 9s - loss: 1.7513 - accuracy: 0.3979
13/98 [==>...........................] - ETA: 9s - loss: 1.7522 - accuracy: 0.3963
14/98 [===>..........................] - ETA: 9s - loss: 1.7548 - accuracy: 0.3938
15/98 [===>..........................] - ETA: 8s - loss: 1.7569 - accuracy: 0.3930
16/98 [===>..........................] - ETA: 8s - loss: 1.7596 - accuracy: 0.3925
17/98 [====>.........................] - ETA: 8s - loss: 1.7597 - accuracy: 0.3921
18/98 [====>.........................] - ETA: 8s - loss: 1.7588 - accuracy: 0.3916
19/98 [====>.........................] - ETA: 8s - loss: 1.7572 - accuracy: 0.3920
20/98 [=====>........................] - ETA: 8s - loss: 1.7560 - accuracy: 0.3932
21/98 [=====>........................] - ETA: 8s - loss: 1.7564 - accuracy: 0.3930
22/98 [=====>........................] - ETA: 8s - loss: 1.7565 - accuracy: 0.3932
23/98 [======>.......................] - ETA: 8s - loss: 1.7577 - accuracy: 0.3931
24/98 [======>.......................] - ETA: 8s - loss: 1.7584 - accuracy: 0.3928
25/98 [======>.......................] - ETA: 8s - loss: 1.7590 - accuracy: 0.3925
26/98 [======>.......................] - ETA: 7s - loss: 1.7564 - accuracy: 0.3944
27/98 [=======>......................] - ETA: 7s - loss: 1.7560 - accuracy: 0.3944
28/98 [=======>......................] - ETA: 7s - loss: 1.7544 - accuracy: 0.3946
29/98 [=======>......................] - ETA: 7s - loss: 1.7529 - accuracy: 0.3961
30/98 [========>.....................] - ETA: 7s - loss: 1.7524 - accuracy: 0.3966
31/98 [========>.....................] - ETA: 7s - loss: 1.7511 - accuracy: 0.3973
32/98 [========>.....................] - ETA: 7s - loss: 1.7520 - accuracy: 0.3972
33/98 [=========>....................] - ETA: 7s - loss: 1.7528 - accuracy: 0.3965
34/98 [=========>....................] - ETA: 7s - loss: 1.7531 - accuracy: 0.3962
35/98 [=========>....................] - ETA: 7s - loss: 1.7533 - accuracy: 0.3965
36/98 [==========>...................] - ETA: 6s - loss: 1.7529 - accuracy: 0.3965
37/98 [==========>...................] - ETA: 6s - loss: 1.7514 - accuracy: 0.3977
38/98 [==========>...................] - ETA: 6s - loss: 1.7509 - accuracy: 0.3976
39/98 [==========>...................] - ETA: 6s - loss: 1.7496 - accuracy: 0.3980
40/98 [===========>..................] - ETA: 6s - loss: 1.7488 - accuracy: 0.3975
41/98 [===========>..................] - ETA: 6s - loss: 1.7487 - accuracy: 0.3976
42/98 [===========>..................] - ETA: 6s - loss: 1.7494 - accuracy: 0.3969
43/98 [============>.................] - ETA: 6s - loss: 1.7480 - accuracy: 0.3980
44/98 [============>.................] - ETA: 6s - loss: 1.7476 - accuracy: 0.3974
45/98 [============>.................] - ETA: 5s - loss: 1.7466 - accuracy: 0.3981
46/98 [=============>................] - ETA: 5s - loss: 1.7468 - accuracy: 0.3977
47/98 [=============>................] - ETA: 5s - loss: 1.7479 - accuracy: 0.3972
48/98 [=============>................] - ETA: 5s - loss: 1.7478 - accuracy: 0.3971
49/98 [==============>...............] - ETA: 5s - loss: 1.7468 - accuracy: 0.3975
50/98 [==============>...............] - ETA: 5s - loss: 1.7466 - accuracy: 0.3979
51/98 [==============>...............] - ETA: 5s - loss: 1.7453 - accuracy: 0.3983
52/98 [==============>...............] - ETA: 5s - loss: 1.7444 - accuracy: 0.3990
53/98 [===============>..............] - ETA: 5s - loss: 1.7443 - accuracy: 0.3995
54/98 [===============>..............] - ETA: 4s - loss: 1.7440 - accuracy: 0.4002
55/98 [===============>..............] - ETA: 4s - loss: 1.7434 - accuracy: 0.4009
56/98 [================>.............] - ETA: 4s - loss: 1.7427 - accuracy: 0.4010
57/98 [================>.............] - ETA: 4s - loss: 1.7419 - accuracy: 0.4014
58/98 [================>.............] - ETA: 4s - loss: 1.7421 - accuracy: 0.4011
59/98 [=================>............] - ETA: 4s - loss: 1.7408 - accuracy: 0.4015
60/98 [=================>............] - ETA: 4s - loss: 1.7400 - accuracy: 0.4017
61/98 [=================>............] - ETA: 4s - loss: 1.7396 - accuracy: 0.4014
62/98 [=================>............] - ETA: 4s - loss: 1.7389 - accuracy: 0.4015
63/98 [==================>...........] - ETA: 3s - loss: 1.7393 - accuracy: 0.4007
64/98 [==================>...........] - ETA: 3s - loss: 1.7394 - accuracy: 0.4005
65/98 [==================>...........] - ETA: 3s - loss: 1.7391 - accuracy: 0.4007
66/98 [===================>..........] - ETA: 3s - loss: 1.7384 - accuracy: 0.4012
67/98 [===================>..........] - ETA: 3s - loss: 1.7379 - accuracy: 0.4014
68/98 [===================>..........] - ETA: 3s - loss: 1.7364 - accuracy: 0.4019
69/98 [====================>.........] - ETA: 3s - loss: 1.7357 - accuracy: 0.4021
70/98 [====================>.........] - ETA: 3s - loss: 1.7355 - accuracy: 0.4021
71/98 [====================>.........] - ETA: 3s - loss: 1.7350 - accuracy: 0.4022
72/98 [=====================>........] - ETA: 2s - loss: 1.7342 - accuracy: 0.4028
73/98 [=====================>........] - ETA: 2s - loss: 1.7344 - accuracy: 0.4026
74/98 [=====================>........] - ETA: 2s - loss: 1.7339 - accuracy: 0.4029
75/98 [=====================>........] - ETA: 2s - loss: 1.7335 - accuracy: 0.4025
76/98 [======================>.......] - ETA: 2s - loss: 1.7323 - accuracy: 0.4034
77/98 [======================>.......] - ETA: 2s - loss: 1.7315 - accuracy: 0.4036
78/98 [======================>.......] - ETA: 2s - loss: 1.7309 - accuracy: 0.4036
79/98 [=======================>......] - ETA: 2s - loss: 1.7302 - accuracy: 0.4039
80/98 [=======================>......] - ETA: 2s - loss: 1.7299 - accuracy: 0.4041
81/98 [=======================>......] - ETA: 1s - loss: 1.7299 - accuracy: 0.4042
82/98 [========================>.....] - ETA: 1s - loss: 1.7292 - accuracy: 0.4046
83/98 [========================>.....] - ETA: 1s - loss: 1.7289 - accuracy: 0.4045
84/98 [========================>.....] - ETA: 1s - loss: 1.7289 - accuracy: 0.4044
85/98 [=========================>....] - ETA: 1s - loss: 1.7284 - accuracy: 0.4049
86/98 [=========================>....] - ETA: 1s - loss: 1.7280 - accuracy: 0.4049
87/98 [=========================>....] - ETA: 1s - loss: 1.7270 - accuracy: 0.4057
88/98 [=========================>....] - ETA: 1s - loss: 1.7272 - accuracy: 0.4058
89/98 [==========================>...] - ETA: 1s - loss: 1.7267 - accuracy: 0.4062
90/98 [==========================>...] - ETA: 0s - loss: 1.7269 - accuracy: 0.4060
91/98 [==========================>...] - ETA: 0s - loss: 1.7274 - accuracy: 0.4060
92/98 [===========================>..] - ETA: 0s - loss: 1.7266 - accuracy: 0.4062
93/98 [===========================>..] - ETA: 0s - loss: 1.7268 - accuracy: 0.4062
94/98 [===========================>..] - ETA: 0s - loss: 1.7264 - accuracy: 0.4065
95/98 [============================>.] - ETA: 0s - loss: 1.7254 - accuracy: 0.4071
96/98 [============================>.] - ETA: 0s - loss: 1.7251 - accuracy: 0.4070
97/98 [============================>.] - ETA: 0s - loss: 1.7244 - accuracy: 0.4072
98/98 [==============================] - ETA: 0s - loss: 1.7237 - accuracy: 0.4074
98/98 [==============================] - 12s 123ms/step - loss: 1.7237 - accuracy: 0.4074 - val_loss: 1.9158 - val_accuracy: 0.4422
Epoch 4/121

 1/98 [..............................] - ETA: 13s - loss: 1.6300 - accuracy: 0.4375
 2/98 [..............................] - ETA: 10s - loss: 1.6887 - accuracy: 0.4248
 3/98 [..............................] - ETA: 10s - loss: 1.6899 - accuracy: 0.4212
 4/98 [>.............................] - ETA: 10s - loss: 1.6852 - accuracy: 0.4180
 5/98 [>.............................] - ETA: 10s - loss: 1.6920 - accuracy: 0.4152
 6/98 [>.............................] - ETA: 10s - loss: 1.6933 - accuracy: 0.4124
 7/98 [=>............................] - ETA: 10s - loss: 1.6899 - accuracy: 0.4160
 8/98 [=>............................] - ETA: 10s - loss: 1.6846 - accuracy: 0.4185
 9/98 [=>............................] - ETA: 10s - loss: 1.6892 - accuracy: 0.4182
10/98 [==>...........................] - ETA: 10s - loss: 1.6914 - accuracy: 0.4168
11/98 [==>...........................] - ETA: 9s - loss: 1.6865 - accuracy: 0.4197 
12/98 [==>...........................] - ETA: 9s - loss: 1.6827 - accuracy: 0.4238
13/98 [==>...........................] - ETA: 9s - loss: 1.6793 - accuracy: 0.4259
14/98 [===>..........................] - ETA: 9s - loss: 1.6782 - accuracy: 0.4279
15/98 [===>..........................] - ETA: 9s - loss: 1.6750 - accuracy: 0.4286
16/98 [===>..........................] - ETA: 9s - loss: 1.6738 - accuracy: 0.4291
17/98 [====>.........................] - ETA: 9s - loss: 1.6747 - accuracy: 0.4287
18/98 [====>.........................] - ETA: 9s - loss: 1.6773 - accuracy: 0.4269
19/98 [====>.........................] - ETA: 9s - loss: 1.6775 - accuracy: 0.4261
20/98 [=====>........................] - ETA: 8s - loss: 1.6768 - accuracy: 0.4282
21/98 [=====>........................] - ETA: 8s - loss: 1.6763 - accuracy: 0.4289
22/98 [=====>........................] - ETA: 8s - loss: 1.6745 - accuracy: 0.4308
23/98 [======>.......................] - ETA: 8s - loss: 1.6749 - accuracy: 0.4313
24/98 [======>.......................] - ETA: 8s - loss: 1.6778 - accuracy: 0.4300
25/98 [======>.......................] - ETA: 8s - loss: 1.6752 - accuracy: 0.4297
26/98 [======>.......................] - ETA: 8s - loss: 1.6756 - accuracy: 0.4289
27/98 [=======>......................] - ETA: 8s - loss: 1.6759 - accuracy: 0.4292
28/98 [=======>......................] - ETA: 8s - loss: 1.6754 - accuracy: 0.4293
29/98 [=======>......................] - ETA: 7s - loss: 1.6765 - accuracy: 0.4281
30/98 [========>.....................] - ETA: 7s - loss: 1.6759 - accuracy: 0.4279
31/98 [========>.....................] - ETA: 7s - loss: 1.6746 - accuracy: 0.4282
32/98 [========>.....................] - ETA: 7s - loss: 1.6719 - accuracy: 0.4293
33/98 [=========>....................] - ETA: 7s - loss: 1.6704 - accuracy: 0.4305
34/98 [=========>....................] - ETA: 7s - loss: 1.6685 - accuracy: 0.4317
35/98 [=========>....................] - ETA: 7s - loss: 1.6667 - accuracy: 0.4329
36/98 [==========>...................] - ETA: 7s - loss: 1.6660 - accuracy: 0.4329
37/98 [==========>...................] - ETA: 7s - loss: 1.6659 - accuracy: 0.4326
38/98 [==========>...................] - ETA: 6s - loss: 1.6648 - accuracy: 0.4326
39/98 [==========>...................] - ETA: 6s - loss: 1.6646 - accuracy: 0.4332
40/98 [===========>..................] - ETA: 6s - loss: 1.6635 - accuracy: 0.4332
41/98 [===========>..................] - ETA: 6s - loss: 1.6642 - accuracy: 0.4329
42/98 [===========>..................] - ETA: 6s - loss: 1.6644 - accuracy: 0.4323
43/98 [============>.................] - ETA: 6s - loss: 1.6644 - accuracy: 0.4326
44/98 [============>.................] - ETA: 6s - loss: 1.6648 - accuracy: 0.4317
45/98 [============>.................] - ETA: 6s - loss: 1.6638 - accuracy: 0.4317
46/98 [=============>................] - ETA: 6s - loss: 1.6627 - accuracy: 0.4320
47/98 [=============>................] - ETA: 5s - loss: 1.6616 - accuracy: 0.4328
48/98 [=============>................] - ETA: 5s - loss: 1.6607 - accuracy: 0.4332
49/98 [==============>...............] - ETA: 5s - loss: 1.6602 - accuracy: 0.4332
50/98 [==============>...............] - ETA: 5s - loss: 1.6593 - accuracy: 0.4330
51/98 [==============>...............] - ETA: 5s - loss: 1.6581 - accuracy: 0.4335
52/98 [==============>...............] - ETA: 5s - loss: 1.6573 - accuracy: 0.4338
53/98 [===============>..............] - ETA: 5s - loss: 1.6573 - accuracy: 0.4336
54/98 [===============>..............] - ETA: 5s - loss: 1.6557 - accuracy: 0.4344
55/98 [===============>..............] - ETA: 4s - loss: 1.6557 - accuracy: 0.4342
56/98 [================>.............] - ETA: 4s - loss: 1.6556 - accuracy: 0.4344
57/98 [================>.............] - ETA: 4s - loss: 1.6569 - accuracy: 0.4339
58/98 [================>.............] - ETA: 4s - loss: 1.6560 - accuracy: 0.4340
59/98 [=================>............] - ETA: 4s - loss: 1.6558 - accuracy: 0.4340
60/98 [=================>............] - ETA: 4s - loss: 1.6564 - accuracy: 0.4330
61/98 [=================>............] - ETA: 4s - loss: 1.6557 - accuracy: 0.4336
62/98 [=================>............] - ETA: 4s - loss: 1.6560 - accuracy: 0.4335
63/98 [==================>...........] - ETA: 4s - loss: 1.6561 - accuracy: 0.4333
64/98 [==================>...........] - ETA: 3s - loss: 1.6559 - accuracy: 0.4329
65/98 [==================>...........] - ETA: 3s - loss: 1.6560 - accuracy: 0.4328
66/98 [===================>..........] - ETA: 3s - loss: 1.6561 - accuracy: 0.4329
67/98 [===================>..........] - ETA: 3s - loss: 1.6557 - accuracy: 0.4326
68/98 [===================>..........] - ETA: 3s - loss: 1.6555 - accuracy: 0.4328
69/98 [====================>.........] - ETA: 3s - loss: 1.6552 - accuracy: 0.4329
70/98 [====================>.........] - ETA: 3s - loss: 1.6541 - accuracy: 0.4332
71/98 [====================>.........] - ETA: 3s - loss: 1.6538 - accuracy: 0.4332
72/98 [=====================>........] - ETA: 2s - loss: 1.6531 - accuracy: 0.4338
73/98 [=====================>........] - ETA: 2s - loss: 1.6525 - accuracy: 0.4340
74/98 [=====================>........] - ETA: 2s - loss: 1.6527 - accuracy: 0.4342
75/98 [=====================>........] - ETA: 2s - loss: 1.6523 - accuracy: 0.4346
76/98 [======================>.......] - ETA: 2s - loss: 1.6522 - accuracy: 0.4347
77/98 [======================>.......] - ETA: 2s - loss: 1.6511 - accuracy: 0.4354
78/98 [======================>.......] - ETA: 2s - loss: 1.6507 - accuracy: 0.4356
79/98 [=======================>......] - ETA: 2s - loss: 1.6509 - accuracy: 0.4357
80/98 [=======================>......] - ETA: 1s - loss: 1.6501 - accuracy: 0.4356
81/98 [=======================>......] - ETA: 1s - loss: 1.6507 - accuracy: 0.4354
82/98 [========================>.....] - ETA: 1s - loss: 1.6503 - accuracy: 0.4353
83/98 [========================>.....] - ETA: 1s - loss: 1.6503 - accuracy: 0.4355
84/98 [========================>.....] - ETA: 1s - loss: 1.6500 - accuracy: 0.4355
85/98 [=========================>....] - ETA: 1s - loss: 1.6496 - accuracy: 0.4357
86/98 [=========================>....] - ETA: 1s - loss: 1.6502 - accuracy: 0.4354
87/98 [=========================>....] - ETA: 1s - loss: 1.6503 - accuracy: 0.4351
88/98 [=========================>....] - ETA: 1s - loss: 1.6502 - accuracy: 0.4351
89/98 [==========================>...] - ETA: 0s - loss: 1.6501 - accuracy: 0.4352
90/98 [==========================>...] - ETA: 0s - loss: 1.6504 - accuracy: 0.4349
91/98 [==========================>...] - ETA: 0s - loss: 1.6497 - accuracy: 0.4351
92/98 [===========================>..] - ETA: 0s - loss: 1.6492 - accuracy: 0.4353
93/98 [===========================>..] - ETA: 0s - loss: 1.6491 - accuracy: 0.4353
94/98 [===========================>..] - ETA: 0s - loss: 1.6483 - accuracy: 0.4359
95/98 [============================>.] - ETA: 0s - loss: 1.6480 - accuracy: 0.4361
96/98 [============================>.] - ETA: 0s - loss: 1.6483 - accuracy: 0.4360
97/98 [============================>.] - ETA: 0s - loss: 1.6489 - accuracy: 0.4361
98/98 [==============================] - ETA: 0s - loss: 1.6484 - accuracy: 0.4362
98/98 [==============================] - 12s 123ms/step - loss: 1.6484 - accuracy: 0.4362 - val_loss: 1.7502 - val_accuracy: 0.4676
Epoch 5/121

 1/98 [..............................] - ETA: 9s - loss: 1.5877 - accuracy: 0.4435
 2/98 [..............................] - ETA: 10s - loss: 1.5681 - accuracy: 0.4458
 3/98 [..............................] - ETA: 11s - loss: 1.6038 - accuracy: 0.4353
 4/98 [>.............................] - ETA: 10s - loss: 1.6120 - accuracy: 0.4354
 5/98 [>.............................] - ETA: 10s - loss: 1.6061 - accuracy: 0.4421
 6/98 [>.............................] - ETA: 10s - loss: 1.6034 - accuracy: 0.4475
 7/98 [=>............................] - ETA: 10s - loss: 1.5985 - accuracy: 0.4478
 8/98 [=>............................] - ETA: 10s - loss: 1.6058 - accuracy: 0.4472
 9/98 [=>............................] - ETA: 10s - loss: 1.6033 - accuracy: 0.4486
10/98 [==>...........................] - ETA: 10s - loss: 1.6080 - accuracy: 0.4470
11/98 [==>...........................] - ETA: 9s - loss: 1.6096 - accuracy: 0.4445 
12/98 [==>...........................] - ETA: 9s - loss: 1.6095 - accuracy: 0.4457
13/98 [==>...........................] - ETA: 9s - loss: 1.6186 - accuracy: 0.4423
14/98 [===>..........................] - ETA: 9s - loss: 1.6173 - accuracy: 0.4418
15/98 [===>..........................] - ETA: 9s - loss: 1.6180 - accuracy: 0.4408
16/98 [===>..........................] - ETA: 9s - loss: 1.6171 - accuracy: 0.4412
17/98 [====>.........................] - ETA: 9s - loss: 1.6174 - accuracy: 0.4411
18/98 [====>.........................] - ETA: 9s - loss: 1.6201 - accuracy: 0.4408
19/98 [====>.........................] - ETA: 9s - loss: 1.6193 - accuracy: 0.4415
20/98 [=====>........................] - ETA: 8s - loss: 1.6182 - accuracy: 0.4412
21/98 [=====>........................] - ETA: 8s - loss: 1.6192 - accuracy: 0.4395
22/98 [=====>........................] - ETA: 8s - loss: 1.6189 - accuracy: 0.4404
23/98 [======>.......................] - ETA: 8s - loss: 1.6191 - accuracy: 0.4403
24/98 [======>.......................] - ETA: 8s - loss: 1.6205 - accuracy: 0.4399
25/98 [======>.......................] - ETA: 8s - loss: 1.6193 - accuracy: 0.4414
26/98 [======>.......................] - ETA: 8s - loss: 1.6174 - accuracy: 0.4423
27/98 [=======>......................] - ETA: 8s - loss: 1.6179 - accuracy: 0.4424
28/98 [=======>......................] - ETA: 8s - loss: 1.6152 - accuracy: 0.4439
29/98 [=======>......................] - ETA: 7s - loss: 1.6147 - accuracy: 0.4446
30/98 [========>.....................] - ETA: 7s - loss: 1.6122 - accuracy: 0.4462
31/98 [========>.....................] - ETA: 7s - loss: 1.6117 - accuracy: 0.4465
32/98 [========>.....................] - ETA: 7s - loss: 1.6101 - accuracy: 0.4471
33/98 [=========>....................] - ETA: 7s - loss: 1.6101 - accuracy: 0.4476
34/98 [=========>....................] - ETA: 7s - loss: 1.6102 - accuracy: 0.4479
35/98 [=========>....................] - ETA: 7s - loss: 1.6120 - accuracy: 0.4472
36/98 [==========>...................] - ETA: 7s - loss: 1.6108 - accuracy: 0.4476
37/98 [==========>...................] - ETA: 7s - loss: 1.6116 - accuracy: 0.4473
38/98 [==========>...................] - ETA: 6s - loss: 1.6119 - accuracy: 0.4466
39/98 [==========>...................] - ETA: 6s - loss: 1.6110 - accuracy: 0.4473
40/98 [===========>..................] - ETA: 6s - loss: 1.6114 - accuracy: 0.4472
41/98 [===========>..................] - ETA: 6s - loss: 1.6115 - accuracy: 0.4469
42/98 [===========>..................] - ETA: 6s - loss: 1.6100 - accuracy: 0.4479
43/98 [============>.................] - ETA: 6s - loss: 1.6112 - accuracy: 0.4471
