2024-06-26 10:15:42.851700: I tensorflow/core/platform/cpu_feature_guard.cc:193] This TensorFlow binary is optimized with oneAPI Deep Neural Network Library (oneDNN) to use the following CPU instructions in performance-critical operations:  AVX AVX2
To enable them in other operations, rebuild TensorFlow with the appropriate compiler flags.
2024-06-26 10:15:43.274176: I tensorflow/core/common_runtime/gpu/gpu_device.cc:1616] Created device /job:localhost/replica:0/task:0/device:GPU:0 with 6656 MB memory:  -> device: 0, name: NVIDIA GeForce RTX 4060 Ti, pci bus id: 0000:01:00.0, compute capability: 8.9
1 Physical GPUs, 1 Logical GPUs
Model: "sequential"
_________________________________________________________________
 Layer (type)                Output Shape              Param #   
=================================================================
 conv2d (Conv2D)             (None, 32, 32, 32)        896       
                                                                 
 max_pooling2d (MaxPooling2D  (None, 16, 16, 32)       0         
 )                                                               
                                                                 
 batch_normalization (BatchN  (None, 16, 16, 32)       128       
 ormalization)                                                   
                                                                 
 conv2d_1 (Conv2D)           (None, 16, 16, 256)       73984     
                                                                 
 conv2d_2 (Conv2D)           (None, 16, 16, 256)       590080    
                                                                 
 dropout (Dropout)           (None, 16, 16, 256)       0         
                                                                 
 flatten (Flatten)           (None, 65536)             0         
                                                                 
 dense (Dense)               (None, 22)                1441814   
                                                                 
 dropout_1 (Dropout)         (None, 22)                0         
                                                                 
 dense_1 (Dense)             (None, 10)                230       
                                                                 
=================================================================
Total params: 2,107,132
Trainable params: 2,107,068
Non-trainable params: 64
_________________________________________________________________
Taxa de aprendizado:  1e-05 Num de épocas:  121 Tamanho do lote:  512 Dropout:  0.27489
Epoch 1/121
2024-06-26 10:15:44.419200: I tensorflow/stream_executor/cuda/cuda_dnn.cc:384] Loaded cuDNN version 8100
2024-06-26 10:15:45.065760: W tensorflow/stream_executor/gpu/redzone_allocator.cc:314] INTERNAL: ptxas exited with non-zero error code -1, output: 
Relying on driver to perform ptx compilation. 
Modify $PATH to customize ptxas location.
This message will be only logged once.
2024-06-26 10:15:46.325631: I tensorflow/stream_executor/cuda/cuda_blas.cc:1614] TensorFloat-32 will be used for the matrix multiplication. This will only be logged once.

 1/98 [..............................] - ETA: 7:49 - loss: 2.3200 - accuracy: 0.1309
 3/98 [..............................] - ETA: 5s - loss: 2.3075 - accuracy: 0.1328  
 4/98 [>.............................] - ETA: 5s - loss: 2.3100 - accuracy: 0.1279
 5/98 [>.............................] - ETA: 5s - loss: 2.3036 - accuracy: 0.1355
 7/98 [=>............................] - ETA: 5s - loss: 2.2988 - accuracy: 0.1342
 9/98 [=>............................] - ETA: 5s - loss: 2.2894 - accuracy: 0.1406
10/98 [==>...........................] - ETA: 5s - loss: 2.2853 - accuracy: 0.1441
11/98 [==>...........................] - ETA: 5s - loss: 2.2808 - accuracy: 0.1481
13/98 [==>...........................] - ETA: 4s - loss: 2.2719 - accuracy: 0.1513
15/98 [===>..........................] - ETA: 4s - loss: 2.2644 - accuracy: 0.1543
16/98 [===>..........................] - ETA: 4s - loss: 2.2602 - accuracy: 0.1577
18/98 [====>.........................] - ETA: 4s - loss: 2.2541 - accuracy: 0.1607
19/98 [====>.........................] - ETA: 4s - loss: 2.2509 - accuracy: 0.1624
21/98 [=====>........................] - ETA: 4s - loss: 2.2437 - accuracy: 0.1675
22/98 [=====>........................] - ETA: 4s - loss: 2.2401 - accuracy: 0.1716
24/98 [======>.......................] - ETA: 4s - loss: 2.2342 - accuracy: 0.1774
25/98 [======>.......................] - ETA: 4s - loss: 2.2326 - accuracy: 0.1776
27/98 [=======>......................] - ETA: 4s - loss: 2.2277 - accuracy: 0.1811
28/98 [=======>......................] - ETA: 4s - loss: 2.2251 - accuracy: 0.1828
29/98 [=======>......................] - ETA: 3s - loss: 2.2228 - accuracy: 0.1837
31/98 [========>.....................] - ETA: 7s - loss: 2.2182 - accuracy: 0.1857
32/98 [========>.....................] - ETA: 7s - loss: 2.2154 - accuracy: 0.1882
34/98 [=========>....................] - ETA: 6s - loss: 2.2094 - accuracy: 0.1911
35/98 [=========>....................] - ETA: 6s - loss: 2.2067 - accuracy: 0.1927
37/98 [==========>...................] - ETA: 6s - loss: 2.2006 - accuracy: 0.1956
38/98 [==========>...................] - ETA: 6s - loss: 2.1996 - accuracy: 0.1967
40/98 [===========>..................] - ETA: 5s - loss: 2.1941 - accuracy: 0.1996
41/98 [===========>..................] - ETA: 5s - loss: 2.1918 - accuracy: 0.2010
43/98 [============>.................] - ETA: 5s - loss: 2.1856 - accuracy: 0.2043
44/98 [============>.................] - ETA: 5s - loss: 2.1833 - accuracy: 0.2051
46/98 [=============>................] - ETA: 4s - loss: 2.1792 - accuracy: 0.2083
47/98 [=============>................] - ETA: 4s - loss: 2.1770 - accuracy: 0.2090
49/98 [==============>...............] - ETA: 4s - loss: 2.1730 - accuracy: 0.2108
50/98 [==============>...............] - ETA: 4s - loss: 2.1708 - accuracy: 0.2123
52/98 [==============>...............] - ETA: 4s - loss: 2.1657 - accuracy: 0.2151
53/98 [===============>..............] - ETA: 4s - loss: 2.1637 - accuracy: 0.2164
55/98 [===============>..............] - ETA: 3s - loss: 2.1584 - accuracy: 0.2184
57/98 [================>.............] - ETA: 3s - loss: 2.1537 - accuracy: 0.2207
58/98 [================>.............] - ETA: 3s - loss: 2.1517 - accuracy: 0.2220
60/98 [=================>............] - ETA: 3s - loss: 2.1482 - accuracy: 0.2234
61/98 [=================>............] - ETA: 3s - loss: 2.1459 - accuracy: 0.2251
63/98 [==================>...........] - ETA: 2s - loss: 2.1419 - accuracy: 0.2271
64/98 [==================>...........] - ETA: 2s - loss: 2.1404 - accuracy: 0.2280
66/98 [===================>..........] - ETA: 2s - loss: 2.1365 - accuracy: 0.2298
67/98 [===================>..........] - ETA: 2s - loss: 2.1345 - accuracy: 0.2309
69/98 [====================>.........] - ETA: 2s - loss: 2.1305 - accuracy: 0.2329
71/98 [====================>.........] - ETA: 2s - loss: 2.1270 - accuracy: 0.2344
72/98 [=====================>........] - ETA: 2s - loss: 2.1251 - accuracy: 0.2350
74/98 [=====================>........] - ETA: 1s - loss: 2.1206 - accuracy: 0.2373
75/98 [=====================>........] - ETA: 1s - loss: 2.1191 - accuracy: 0.2383
77/98 [======================>.......] - ETA: 1s - loss: 2.1150 - accuracy: 0.2410
78/98 [======================>.......] - ETA: 1s - loss: 2.1129 - accuracy: 0.2421
80/98 [=======================>......] - ETA: 1s - loss: 2.1096 - accuracy: 0.2440
81/98 [=======================>......] - ETA: 1s - loss: 2.1080 - accuracy: 0.2449
83/98 [========================>.....] - ETA: 1s - loss: 2.1040 - accuracy: 0.2472
84/98 [========================>.....] - ETA: 1s - loss: 2.1017 - accuracy: 0.2482
86/98 [=========================>....] - ETA: 0s - loss: 2.0977 - accuracy: 0.2502
88/98 [=========================>....] - ETA: 0s - loss: 2.0944 - accuracy: 0.2520
89/98 [==========================>...] - ETA: 0s - loss: 2.0925 - accuracy: 0.2531
91/98 [==========================>...] - ETA: 0s - loss: 2.0905 - accuracy: 0.2542
92/98 [===========================>..] - ETA: 0s - loss: 2.0889 - accuracy: 0.2548
93/98 [===========================>..] - ETA: 0s - loss: 2.0876 - accuracy: 0.2553
94/98 [===========================>..] - ETA: 0s - loss: 2.0865 - accuracy: 0.2558
95/98 [============================>.] - ETA: 0s - loss: 2.0848 - accuracy: 0.2568
96/98 [============================>.] - ETA: 0s - loss: 2.0829 - accuracy: 0.2579
97/98 [============================>.] - ETA: 0s - loss: 2.0818 - accuracy: 0.2582
98/98 [==============================] - ETA: 0s - loss: 2.0809 - accuracy: 0.2586
98/98 [==============================] - 13s 85ms/step - loss: 2.0809 - accuracy: 0.2586 - val_loss: 2.2104 - val_accuracy: 0.2531
Epoch 2/121

 1/98 [..............................] - ETA: 7s - loss: 1.8979 - accuracy: 0.3691
 3/98 [..............................] - ETA: 5s - loss: 1.9177 - accuracy: 0.3151
 4/98 [>.............................] - ETA: 5s - loss: 1.9200 - accuracy: 0.3193
 6/98 [>.............................] - ETA: 5s - loss: 1.9261 - accuracy: 0.3180
 8/98 [=>............................] - ETA: 5s - loss: 1.9228 - accuracy: 0.3225
 9/98 [=>............................] - ETA: 5s - loss: 1.9225 - accuracy: 0.3268
11/98 [==>...........................] - ETA: 4s - loss: 1.9237 - accuracy: 0.3279
12/98 [==>...........................] - ETA: 4s - loss: 1.9257 - accuracy: 0.3285
14/98 [===>..........................] - ETA: 4s - loss: 1.9208 - accuracy: 0.3292
15/98 [===>..........................] - ETA: 4s - loss: 1.9178 - accuracy: 0.3310
17/98 [====>.........................] - ETA: 4s - loss: 1.9180 - accuracy: 0.3307
19/98 [====>.........................] - ETA: 4s - loss: 1.9152 - accuracy: 0.3308
20/98 [=====>........................] - ETA: 4s - loss: 1.9130 - accuracy: 0.3309
22/98 [=====>........................] - ETA: 4s - loss: 1.9104 - accuracy: 0.3309
23/98 [======>.......................] - ETA: 4s - loss: 1.9104 - accuracy: 0.3303
25/98 [======>.......................] - ETA: 4s - loss: 1.9078 - accuracy: 0.3327
26/98 [======>.......................] - ETA: 4s - loss: 1.9075 - accuracy: 0.3326
28/98 [=======>......................] - ETA: 3s - loss: 1.9055 - accuracy: 0.3333
29/98 [=======>......................] - ETA: 3s - loss: 1.9040 - accuracy: 0.3335
31/98 [========>.....................] - ETA: 3s - loss: 1.9017 - accuracy: 0.3357
33/98 [=========>....................] - ETA: 3s - loss: 1.8994 - accuracy: 0.3368
34/98 [=========>....................] - ETA: 3s - loss: 1.8988 - accuracy: 0.3374
36/98 [==========>...................] - ETA: 3s - loss: 1.8965 - accuracy: 0.3379
37/98 [==========>...................] - ETA: 3s - loss: 1.8952 - accuracy: 0.3388
39/98 [==========>...................] - ETA: 3s - loss: 1.8931 - accuracy: 0.3402
40/98 [===========>..................] - ETA: 3s - loss: 1.8931 - accuracy: 0.3407
42/98 [===========>..................] - ETA: 3s - loss: 1.8923 - accuracy: 0.3411
43/98 [============>.................] - ETA: 3s - loss: 1.8922 - accuracy: 0.3413
45/98 [============>.................] - ETA: 3s - loss: 1.8902 - accuracy: 0.3418
46/98 [=============>................] - ETA: 2s - loss: 1.8900 - accuracy: 0.3418
48/98 [=============>................] - ETA: 2s - loss: 1.8900 - accuracy: 0.3410
49/98 [==============>...............] - ETA: 2s - loss: 1.8901 - accuracy: 0.3404
51/98 [==============>...............] - ETA: 2s - loss: 1.8882 - accuracy: 0.3410
53/98 [===============>..............] - ETA: 2s - loss: 1.8875 - accuracy: 0.3411
54/98 [===============>..............] - ETA: 2s - loss: 1.8866 - accuracy: 0.3415
56/98 [================>.............] - ETA: 2s - loss: 1.8866 - accuracy: 0.3424
57/98 [================>.............] - ETA: 2s - loss: 1.8855 - accuracy: 0.3428
59/98 [=================>............] - ETA: 2s - loss: 1.8838 - accuracy: 0.3438
60/98 [=================>............] - ETA: 2s - loss: 1.8829 - accuracy: 0.3445
62/98 [=================>............] - ETA: 2s - loss: 1.8817 - accuracy: 0.3457
63/98 [==================>...........] - ETA: 1s - loss: 1.8808 - accuracy: 0.3459
65/98 [==================>...........] - ETA: 1s - loss: 1.8806 - accuracy: 0.3458
66/98 [===================>..........] - ETA: 1s - loss: 1.8802 - accuracy: 0.3456
68/98 [===================>..........] - ETA: 1s - loss: 1.8781 - accuracy: 0.3465
69/98 [====================>.........] - ETA: 1s - loss: 1.8773 - accuracy: 0.3471
71/98 [====================>.........] - ETA: 1s - loss: 1.8756 - accuracy: 0.3478
72/98 [=====================>........] - ETA: 1s - loss: 1.8757 - accuracy: 0.3475
74/98 [=====================>........] - ETA: 1s - loss: 1.8747 - accuracy: 0.3483
75/98 [=====================>........] - ETA: 1s - loss: 1.8738 - accuracy: 0.3483
77/98 [======================>.......] - ETA: 1s - loss: 1.8732 - accuracy: 0.3488
79/98 [=======================>......] - ETA: 1s - loss: 1.8720 - accuracy: 0.3487
80/98 [=======================>......] - ETA: 1s - loss: 1.8717 - accuracy: 0.3490
82/98 [========================>.....] - ETA: 0s - loss: 1.8712 - accuracy: 0.3491
83/98 [========================>.....] - ETA: 0s - loss: 1.8703 - accuracy: 0.3497
85/98 [=========================>....] - ETA: 0s - loss: 1.8688 - accuracy: 0.3499
86/98 [=========================>....] - ETA: 0s - loss: 1.8682 - accuracy: 0.3500
88/98 [=========================>....] - ETA: 0s - loss: 1.8666 - accuracy: 0.3506
90/98 [==========================>...] - ETA: 0s - loss: 1.8665 - accuracy: 0.3508
91/98 [==========================>...] - ETA: 0s - loss: 1.8659 - accuracy: 0.3510
93/98 [===========================>..] - ETA: 0s - loss: 1.8641 - accuracy: 0.3516
94/98 [===========================>..] - ETA: 0s - loss: 1.8642 - accuracy: 0.3515
96/98 [============================>.] - ETA: 0s - loss: 1.8631 - accuracy: 0.3522
97/98 [============================>.] - ETA: 0s - loss: 1.8625 - accuracy: 0.3523
98/98 [==============================] - 6s 63ms/step - loss: 1.8622 - accuracy: 0.3522 - val_loss: 2.0805 - val_accuracy: 0.3447
Epoch 3/121

 1/98 [..............................] - ETA: 6s - loss: 1.8438 - accuracy: 0.3203
 2/98 [..............................] - ETA: 6s - loss: 1.8167 - accuracy: 0.3467
 4/98 [>.............................] - ETA: 5s - loss: 1.7996 - accuracy: 0.3623
 5/98 [>.............................] - ETA: 5s - loss: 1.8001 - accuracy: 0.3730
 7/98 [=>............................] - ETA: 4s - loss: 1.7872 - accuracy: 0.3756
 9/98 [=>............................] - ETA: 4s - loss: 1.7845 - accuracy: 0.3831
10/98 [==>...........................] - ETA: 4s - loss: 1.7867 - accuracy: 0.3803
12/98 [==>...........................] - ETA: 4s - loss: 1.7884 - accuracy: 0.3825
13/98 [==>...........................] - ETA: 4s - loss: 1.7855 - accuracy: 0.3841
15/98 [===>..........................] - ETA: 4s - loss: 1.7873 - accuracy: 0.3857
17/98 [====>.........................] - ETA: 4s - loss: 1.7881 - accuracy: 0.3825
18/98 [====>.........................] - ETA: 4s - loss: 1.7898 - accuracy: 0.3834
20/98 [=====>........................] - ETA: 4s - loss: 1.7906 - accuracy: 0.3828
21/98 [=====>........................] - ETA: 4s - loss: 1.7885 - accuracy: 0.3836
23/98 [======>.......................] - ETA: 4s - loss: 1.7839 - accuracy: 0.3844
24/98 [======>.......................] - ETA: 4s - loss: 1.7828 - accuracy: 0.3847
26/98 [======>.......................] - ETA: 4s - loss: 1.7810 - accuracy: 0.3844
27/98 [=======>......................] - ETA: 4s - loss: 1.7792 - accuracy: 0.3854
29/98 [=======>......................] - ETA: 3s - loss: 1.7786 - accuracy: 0.3857
30/98 [========>.....................] - ETA: 3s - loss: 1.7796 - accuracy: 0.3851
32/98 [========>.....................] - ETA: 3s - loss: 1.7806 - accuracy: 0.3849
33/98 [=========>....................] - ETA: 3s - loss: 1.7809 - accuracy: 0.3846
35/98 [=========>....................] - ETA: 3s - loss: 1.7807 - accuracy: 0.3840
36/98 [==========>...................] - ETA: 3s - loss: 1.7790 - accuracy: 0.3853
38/98 [==========>...................] - ETA: 3s - loss: 1.7768 - accuracy: 0.3871
39/98 [==========>...................] - ETA: 3s - loss: 1.7775 - accuracy: 0.3866
41/98 [===========>..................] - ETA: 3s - loss: 1.7758 - accuracy: 0.3873
42/98 [===========>..................] - ETA: 3s - loss: 1.7764 - accuracy: 0.3869
44/98 [============>.................] - ETA: 3s - loss: 1.7747 - accuracy: 0.3869
46/98 [=============>................] - ETA: 2s - loss: 1.7742 - accuracy: 0.3871
47/98 [=============>................] - ETA: 2s - loss: 1.7731 - accuracy: 0.3876
48/98 [=============>................] - ETA: 2s - loss: 1.7722 - accuracy: 0.3877
50/98 [==============>...............] - ETA: 2s - loss: 1.7706 - accuracy: 0.3890
51/98 [==============>...............] - ETA: 2s - loss: 1.7703 - accuracy: 0.3894
53/98 [===============>..............] - ETA: 2s - loss: 1.7693 - accuracy: 0.3899
54/98 [===============>..............] - ETA: 2s - loss: 1.7686 - accuracy: 0.3906
56/98 [================>.............] - ETA: 2s - loss: 1.7688 - accuracy: 0.3902
58/98 [================>.............] - ETA: 2s - loss: 1.7691 - accuracy: 0.3902
59/98 [=================>............] - ETA: 2s - loss: 1.7681 - accuracy: 0.3908
61/98 [=================>............] - ETA: 2s - loss: 1.7669 - accuracy: 0.3917
62/98 [=================>............] - ETA: 2s - loss: 1.7674 - accuracy: 0.3913
64/98 [==================>...........] - ETA: 1s - loss: 1.7659 - accuracy: 0.3920
65/98 [==================>...........] - ETA: 1s - loss: 1.7649 - accuracy: 0.3927
67/98 [===================>..........] - ETA: 1s - loss: 1.7646 - accuracy: 0.3935
68/98 [===================>..........] - ETA: 1s - loss: 1.7638 - accuracy: 0.3940
70/98 [====================>.........] - ETA: 1s - loss: 1.7633 - accuracy: 0.3942
71/98 [====================>.........] - ETA: 1s - loss: 1.7621 - accuracy: 0.3947
73/98 [=====================>........] - ETA: 1s - loss: 1.7615 - accuracy: 0.3950
74/98 [=====================>........] - ETA: 1s - loss: 1.7610 - accuracy: 0.3952
76/98 [======================>.......] - ETA: 1s - loss: 1.7611 - accuracy: 0.3947
77/98 [======================>.......] - ETA: 1s - loss: 1.7610 - accuracy: 0.3947
79/98 [=======================>......] - ETA: 1s - loss: 1.7603 - accuracy: 0.3951
81/98 [=======================>......] - ETA: 0s - loss: 1.7599 - accuracy: 0.3949
82/98 [========================>.....] - ETA: 0s - loss: 1.7596 - accuracy: 0.3950
84/98 [========================>.....] - ETA: 0s - loss: 1.7577 - accuracy: 0.3961
85/98 [=========================>....] - ETA: 0s - loss: 1.7571 - accuracy: 0.3965
87/98 [=========================>....] - ETA: 0s - loss: 1.7560 - accuracy: 0.3969
88/98 [=========================>....] - ETA: 0s - loss: 1.7557 - accuracy: 0.3967
90/98 [==========================>...] - ETA: 0s - loss: 1.7548 - accuracy: 0.3974
91/98 [==========================>...] - ETA: 0s - loss: 1.7538 - accuracy: 0.3978
93/98 [===========================>..] - ETA: 0s - loss: 1.7539 - accuracy: 0.3979
94/98 [===========================>..] - ETA: 0s - loss: 1.7544 - accuracy: 0.3976
96/98 [============================>.] - ETA: 0s - loss: 1.7541 - accuracy: 0.3976
97/98 [============================>.] - ETA: 0s - loss: 1.7541 - accuracy: 0.3978
98/98 [==============================] - 6s 63ms/step - loss: 1.7540 - accuracy: 0.3977 - val_loss: 1.9277 - val_accuracy: 0.4059
Epoch 4/121

 1/98 [..............................] - ETA: 6s - loss: 1.7073 - accuracy: 0.4277
 2/98 [..............................] - ETA: 6s - loss: 1.7339 - accuracy: 0.4004
 3/98 [..............................] - ETA: 5s - loss: 1.7291 - accuracy: 0.4017
 5/98 [>.............................] - ETA: 5s - loss: 1.7276 - accuracy: 0.4004
 6/98 [>.............................] - ETA: 5s - loss: 1.7319 - accuracy: 0.3997
 8/98 [=>............................] - ETA: 5s - loss: 1.7272 - accuracy: 0.4006
 9/98 [=>............................] - ETA: 5s - loss: 1.7235 - accuracy: 0.4010
11/98 [==>...........................] - ETA: 5s - loss: 1.7266 - accuracy: 0.3965
12/98 [==>...........................] - ETA: 5s - loss: 1.7210 - accuracy: 0.4020
14/98 [===>..........................] - ETA: 4s - loss: 1.7245 - accuracy: 0.3993
15/98 [===>..........................] - ETA: 4s - loss: 1.7254 - accuracy: 0.4000
17/98 [====>.........................] - ETA: 4s - loss: 1.7204 - accuracy: 0.4036
18/98 [====>.........................] - ETA: 4s - loss: 1.7205 - accuracy: 0.4033
20/98 [=====>........................] - ETA: 4s - loss: 1.7170 - accuracy: 0.4072
21/98 [=====>........................] - ETA: 4s - loss: 1.7164 - accuracy: 0.4083
23/98 [======>.......................] - ETA: 4s - loss: 1.7177 - accuracy: 0.4067
24/98 [======>.......................] - ETA: 4s - loss: 1.7172 - accuracy: 0.4071
26/98 [======>.......................] - ETA: 4s - loss: 1.7153 - accuracy: 0.4079
28/98 [=======>......................] - ETA: 4s - loss: 1.7158 - accuracy: 0.4072
29/98 [=======>......................] - ETA: 3s - loss: 1.7158 - accuracy: 0.4065
31/98 [========>.....................] - ETA: 3s - loss: 1.7160 - accuracy: 0.4061
32/98 [========>.....................] - ETA: 3s - loss: 1.7159 - accuracy: 0.4060
34/98 [=========>....................] - ETA: 3s - loss: 1.7132 - accuracy: 0.4068
35/98 [=========>....................] - ETA: 3s - loss: 1.7122 - accuracy: 0.4077
37/98 [==========>...................] - ETA: 3s - loss: 1.7104 - accuracy: 0.4091
38/98 [==========>...................] - ETA: 3s - loss: 1.7097 - accuracy: 0.4095
40/98 [===========>..................] - ETA: 3s - loss: 1.7091 - accuracy: 0.4100
41/98 [===========>..................] - ETA: 3s - loss: 1.7085 - accuracy: 0.4106
43/98 [============>.................] - ETA: 3s - loss: 1.7079 - accuracy: 0.4116
44/98 [============>.................] - ETA: 3s - loss: 1.7081 - accuracy: 0.4114
46/98 [=============>................] - ETA: 2s - loss: 1.7077 - accuracy: 0.4117
48/98 [=============>................] - ETA: 2s - loss: 1.7065 - accuracy: 0.4125
49/98 [==============>...............] - ETA: 2s - loss: 1.7067 - accuracy: 0.4125
51/98 [==============>...............] - ETA: 2s - loss: 1.7059 - accuracy: 0.4121
52/98 [==============>...............] - ETA: 2s - loss: 1.7069 - accuracy: 0.4114
54/98 [===============>..............] - ETA: 2s - loss: 1.7054 - accuracy: 0.4117
55/98 [===============>..............] - ETA: 2s - loss: 1.7046 - accuracy: 0.4122
57/98 [================>.............] - ETA: 2s - loss: 1.7045 - accuracy: 0.4120
58/98 [================>.............] - ETA: 2s - loss: 1.7045 - accuracy: 0.4121
60/98 [=================>............] - ETA: 2s - loss: 1.7022 - accuracy: 0.4127
61/98 [=================>............] - ETA: 2s - loss: 1.7014 - accuracy: 0.4126
63/98 [==================>...........] - ETA: 2s - loss: 1.7010 - accuracy: 0.4123
64/98 [==================>...........] - ETA: 1s - loss: 1.7007 - accuracy: 0.4126
66/98 [===================>..........] - ETA: 1s - loss: 1.7008 - accuracy: 0.4133
67/98 [===================>..........] - ETA: 1s - loss: 1.6999 - accuracy: 0.4131
69/98 [====================>.........] - ETA: 1s - loss: 1.6990 - accuracy: 0.4132
70/98 [====================>.........] - ETA: 1s - loss: 1.6983 - accuracy: 0.4136
72/98 [=====================>........] - ETA: 1s - loss: 1.6999 - accuracy: 0.4129
73/98 [=====================>........] - ETA: 1s - loss: 1.6992 - accuracy: 0.4132
75/98 [=====================>........] - ETA: 1s - loss: 1.6982 - accuracy: 0.4133
76/98 [======================>.......] - ETA: 1s - loss: 1.6984 - accuracy: 0.4131
78/98 [======================>.......] - ETA: 1s - loss: 1.6983 - accuracy: 0.4125
79/98 [=======================>......] - ETA: 1s - loss: 1.6978 - accuracy: 0.4127
81/98 [=======================>......] - ETA: 0s - loss: 1.6973 - accuracy: 0.4128
82/98 [========================>.....] - ETA: 0s - loss: 1.6968 - accuracy: 0.4131
84/98 [========================>.....] - ETA: 0s - loss: 1.6962 - accuracy: 0.4136
85/98 [=========================>....] - ETA: 0s - loss: 1.6958 - accuracy: 0.4137
87/98 [=========================>....] - ETA: 0s - loss: 1.6941 - accuracy: 0.4147
89/98 [==========================>...] - ETA: 0s - loss: 1.6938 - accuracy: 0.4152
90/98 [==========================>...] - ETA: 0s - loss: 1.6936 - accuracy: 0.4155
92/98 [===========================>..] - ETA: 0s - loss: 1.6931 - accuracy: 0.4160
93/98 [===========================>..] - ETA: 0s - loss: 1.6933 - accuracy: 0.4159
95/98 [============================>.] - ETA: 0s - loss: 1.6931 - accuracy: 0.4159
96/98 [============================>.] - ETA: 0s - loss: 1.6924 - accuracy: 0.4163
98/98 [==============================] - ETA: 0s - loss: 1.6920 - accuracy: 0.4166
98/98 [==============================] - 6s 63ms/step - loss: 1.6920 - accuracy: 0.4166 - val_loss: 1.7846 - val_accuracy: 0.4353
Epoch 5/121

 1/98 [..............................] - ETA: 7s - loss: 1.6712 - accuracy: 0.4297
 3/98 [..............................] - ETA: 5s - loss: 1.6586 - accuracy: 0.4408
 4/98 [>.............................] - ETA: 5s - loss: 1.6708 - accuracy: 0.4326
 6/98 [>.............................] - ETA: 5s - loss: 1.6705 - accuracy: 0.4320
 7/98 [=>............................] - ETA: 5s - loss: 1.6715 - accuracy: 0.4311
 9/98 [=>............................] - ETA: 5s - loss: 1.6768 - accuracy: 0.4288
10/98 [==>...........................] - ETA: 5s - loss: 1.6753 - accuracy: 0.4283
12/98 [==>...........................] - ETA: 4s - loss: 1.6658 - accuracy: 0.4308
13/98 [==>...........................] - ETA: 4s - loss: 1.6636 - accuracy: 0.4322
15/98 [===>..........................] - ETA: 4s - loss: 1.6666 - accuracy: 0.4305
16/98 [===>..........................] - ETA: 4s - loss: 1.6656 - accuracy: 0.4305
18/98 [====>.........................] - ETA: 4s - loss: 1.6627 - accuracy: 0.4289
20/98 [=====>........................] - ETA: 4s - loss: 1.6604 - accuracy: 0.4300
21/98 [=====>........................] - ETA: 4s - loss: 1.6621 - accuracy: 0.4297
23/98 [======>.......................] - ETA: 4s - loss: 1.6638 - accuracy: 0.4290
24/98 [======>.......................] - ETA: 4s - loss: 1.6630 - accuracy: 0.4286
26/98 [======>.......................] - ETA: 4s - loss: 1.6611 - accuracy: 0.4289
27/98 [=======>......................] - ETA: 4s - loss: 1.6600 - accuracy: 0.4290
29/98 [=======>......................] - ETA: 3s - loss: 1.6580 - accuracy: 0.4302
30/98 [========>.....................] - ETA: 3s - loss: 1.6592 - accuracy: 0.4299
32/98 [========>.....................] - ETA: 3s - loss: 1.6610 - accuracy: 0.4289
34/98 [=========>....................] - ETA: 3s - loss: 1.6606 - accuracy: 0.4288
35/98 [=========>....................] - ETA: 3s - loss: 1.6631 - accuracy: 0.4275
37/98 [==========>...................] - ETA: 3s - loss: 1.6635 - accuracy: 0.4274
38/98 [==========>...................] - ETA: 3s - loss: 1.6645 - accuracy: 0.4260
40/98 [===========>..................] - ETA: 3s - loss: 1.6642 - accuracy: 0.4261
41/98 [===========>..................] - ETA: 3s - loss: 1.6632 - accuracy: 0.4263
43/98 [============>.................] - ETA: 3s - loss: 1.6618 - accuracy: 0.4273
45/98 [============>.................] - ETA: 3s - loss: 1.6648 - accuracy: 0.4268
46/98 [=============>................] - ETA: 2s - loss: 1.6645 - accuracy: 0.4269
48/98 [=============>................] - ETA: 2s - loss: 1.6646 - accuracy: 0.4261
49/98 [==============>...............] - ETA: 2s - loss: 1.6637 - accuracy: 0.4268
51/98 [==============>...............] - ETA: 2s - loss: 1.6636 - accuracy: 0.4270
52/98 [==============>...............] - ETA: 2s - loss: 1.6629 - accuracy: 0.4277
54/98 [===============>..............] - ETA: 2s - loss: 1.6651 - accuracy: 0.4266
56/98 [================>.............] - ETA: 2s - loss: 1.6657 - accuracy: 0.4264
57/98 [================>.............] - ETA: 2s - loss: 1.6653 - accuracy: 0.4266
59/98 [=================>............] - ETA: 2s - loss: 1.6635 - accuracy: 0.4274
60/98 [=================>............] - ETA: 2s - loss: 1.6622 - accuracy: 0.4282
62/98 [=================>............] - ETA: 2s - loss: 1.6616 - accuracy: 0.4290
63/98 [==================>...........] - ETA: 1s - loss: 1.6620 - accuracy: 0.4291
65/98 [==================>...........] - ETA: 1s - loss: 1.6607 - accuracy: 0.4302
66/98 [===================>..........] - ETA: 1s - loss: 1.6600 - accuracy: 0.4308
68/98 [===================>..........] - ETA: 1s - loss: 1.6588 - accuracy: 0.4314
69/98 [====================>.........] - ETA: 1s - loss: 1.6587 - accuracy: 0.4315
71/98 [====================>.........] - ETA: 1s - loss: 1.6578 - accuracy: 0.4324
73/98 [=====================>........] - ETA: 1s - loss: 1.6563 - accuracy: 0.4330
74/98 [=====================>........] - ETA: 1s - loss: 1.6558 - accuracy: 0.4333
76/98 [======================>.......] - ETA: 1s - loss: 1.6546 - accuracy: 0.4340
77/98 [======================>.......] - ETA: 1s - loss: 1.6539 - accuracy: 0.4346
79/98 [=======================>......] - ETA: 1s - loss: 1.6535 - accuracy: 0.4340
80/98 [=======================>......] - ETA: 1s - loss: 1.6527 - accuracy: 0.4346
82/98 [========================>.....] - ETA: 0s - loss: 1.6528 - accuracy: 0.4342
83/98 [========================>.....] - ETA: 0s - loss: 1.6518 - accuracy: 0.4343
85/98 [=========================>....] - ETA: 0s - loss: 1.6512 - accuracy: 0.4343
87/98 [=========================>....] - ETA: 0s - loss: 1.6503 - accuracy: 0.4345
88/98 [=========================>....] - ETA: 0s - loss: 1.6500 - accuracy: 0.4348
90/98 [==========================>...] - ETA: 0s - loss: 1.6489 - accuracy: 0.4349
91/98 [==========================>...] - ETA: 0s - loss: 1.6492 - accuracy: 0.4351
93/98 [===========================>..] - ETA: 0s - loss: 1.6497 - accuracy: 0.4350
94/98 [===========================>..] - ETA: 0s - loss: 1.6496 - accuracy: 0.4350
96/98 [============================>.] - ETA: 0s - loss: 1.6486 - accuracy: 0.4357
97/98 [============================>.] - ETA: 0s - loss: 1.6484 - accuracy: 0.4357
98/98 [==============================] - 6s 63ms/step - loss: 1.6478 - accuracy: 0.4358 - val_loss: 1.6609 - val_accuracy: 0.4681
Epoch 6/121

 1/98 [..............................] - ETA: 7s - loss: 1.6903 - accuracy: 0.4082
 3/98 [..............................] - ETA: 5s - loss: 1.6741 - accuracy: 0.4186
 4/98 [>.............................] - ETA: 5s - loss: 1.6523 - accuracy: 0.4229
 6/98 [>.............................] - ETA: 5s - loss: 1.6396 - accuracy: 0.4268
 8/98 [=>............................] - ETA: 5s - loss: 1.6277 - accuracy: 0.4348
 9/98 [=>............................] - ETA: 5s - loss: 1.6306 - accuracy: 0.4347
11/98 [==>...........................] - ETA: 4s - loss: 1.6398 - accuracy: 0.4336
12/98 [==>...........................] - ETA: 4s - loss: 1.6374 - accuracy: 0.4346
14/98 [===>..........................] - ETA: 4s - loss: 1.6427 - accuracy: 0.4339
15/98 [===>..........................] - ETA: 4s - loss: 1.6447 - accuracy: 0.4340
17/98 [====>.........................] - ETA: 4s - loss: 1.6406 - accuracy: 0.4360
18/98 [====>.........................] - ETA: 4s - loss: 1.6437 - accuracy: 0.4352
20/98 [=====>........................] - ETA: 4s - loss: 1.6424 - accuracy: 0.4368
21/98 [=====>........................] - ETA: 4s - loss: 1.6417 - accuracy: 0.4377
23/98 [======>.......................] - ETA: 4s - loss: 1.6409 - accuracy: 0.4378
24/98 [======>.......................] - ETA: 4s - loss: 1.6436 - accuracy: 0.4371
26/98 [======>.......................] - ETA: 4s - loss: 1.6407 - accuracy: 0.4386
27/98 [=======>......................] - ETA: 4s - loss: 1.6406 - accuracy: 0.4389
29/98 [=======>......................] - ETA: 3s - loss: 1.6393 - accuracy: 0.4385
30/98 [========>.....................] - ETA: 3s - loss: 1.6396 - accuracy: 0.4391
32/98 [========>.....................] - ETA: 3s - loss: 1.6362 - accuracy: 0.4410
34/98 [=========>....................] - ETA: 3s - loss: 1.6326 - accuracy: 0.4423
35/98 [=========>....................] - ETA: 3s - loss: 1.6321 - accuracy: 0.4419
37/98 [==========>...................] - ETA: 3s - loss: 1.6327 - accuracy: 0.4417
38/98 [==========>...................] - ETA: 3s - loss: 1.6325 - accuracy: 0.4418
40/98 [===========>..................] - ETA: 3s - loss: 1.6308 - accuracy: 0.4427
41/98 [===========>..................] - ETA: 3s - loss: 1.6309 - accuracy: 0.4423
43/98 [============>.................] - ETA: 3s - loss: 1.6301 - accuracy: 0.4425
44/98 [============>.................] - ETA: 3s - loss: 1.6296 - accuracy: 0.4430
46/98 [=============>................] - ETA: 2s - loss: 1.6286 - accuracy: 0.4433
47/98 [=============>................] - ETA: 2s - loss: 1.6282 - accuracy: 0.4441
49/98 [==============>...............] - ETA: 2s - loss: 1.6259 - accuracy: 0.4451
51/98 [==============>...............] - ETA: 2s - loss: 1.6241 - accuracy: 0.4453
52/98 [==============>...............] - ETA: 2s - loss: 1.6239 - accuracy: 0.4453
53/98 [===============>..............] - ETA: 2s - loss: 1.6233 - accuracy: 0.4457
55/98 [===============>..............] - ETA: 2s - loss: 1.6234 - accuracy: 0.4464
57/98 [================>.............] - ETA: 2s - loss: 1.6216 - accuracy: 0.4481
58/98 [================>.............] - ETA: 2s - loss: 1.6208 - accuracy: 0.4489
60/98 [=================>............] - ETA: 2s - loss: 1.6205 - accuracy: 0.4489
61/98 [=================>............] - ETA: 2s - loss: 1.6200 - accuracy: 0.4493
62/98 [=================>............] - ETA: 2s - loss: 1.6190 - accuracy: 0.4499
64/98 [==================>...........] - ETA: 1s - loss: 1.6176 - accuracy: 0.4506
65/98 [==================>...........] - ETA: 1s - loss: 1.6177 - accuracy: 0.4507
67/98 [===================>..........] - ETA: 1s - loss: 1.6165 - accuracy: 0.4508
68/98 [===================>..........] - ETA: 1s - loss: 1.6164 - accuracy: 0.4508
70/98 [====================>.........] - ETA: 1s - loss: 1.6162 - accuracy: 0.4505
71/98 [====================>.........] - ETA: 1s - loss: 1.6168 - accuracy: 0.4503
73/98 [=====================>........] - ETA: 1s - loss: 1.6155 - accuracy: 0.4509
74/98 [=====================>........] - ETA: 1s - loss: 1.6155 - accuracy: 0.4511
76/98 [======================>.......] - ETA: 1s - loss: 1.6148 - accuracy: 0.4514
78/98 [======================>.......] - ETA: 1s - loss: 1.6136 - accuracy: 0.4521
79/98 [=======================>......] - ETA: 1s - loss: 1.6136 - accuracy: 0.4524
80/98 [=======================>......] - ETA: 1s - loss: 1.6138 - accuracy: 0.4519
82/98 [========================>.....] - ETA: 0s - loss: 1.6124 - accuracy: 0.4526
84/98 [========================>.....] - ETA: 0s - loss: 1.6115 - accuracy: 0.4529
85/98 [=========================>....] - ETA: 0s - loss: 1.6111 - accuracy: 0.4532
87/98 [=========================>....] - ETA: 0s - loss: 1.6106 - accuracy: 0.4537
88/98 [=========================>....] - ETA: 0s - loss: 1.6101 - accuracy: 0.4537
90/98 [==========================>...] - ETA: 0s - loss: 1.6097 - accuracy: 0.4536
91/98 [==========================>...] - ETA: 0s - loss: 1.6097 - accuracy: 0.4535
93/98 [===========================>..] - ETA: 0s - loss: 1.6089 - accuracy: 0.4541
94/98 [===========================>..] - ETA: 0s - loss: 1.6089 - accuracy: 0.4541
96/98 [============================>.] - ETA: 0s - loss: 1.6084 - accuracy: 0.4541
97/98 [============================>.] - ETA: 0s - loss: 1.6087 - accuracy: 0.4540
98/98 [==============================] - 6s 63ms/step - loss: 1.6082 - accuracy: 0.4542 - val_loss: 1.5730 - val_accuracy: 0.4841
Epoch 7/121

 1/98 [..............................] - ETA: 6s - loss: 1.5525 - accuracy: 0.4766
 2/98 [..............................] - ETA: 5s - loss: 1.5973 - accuracy: 0.4521
 3/98 [..............................] - ETA: 5s - loss: 1.5931 - accuracy: 0.4518
 5/98 [>.............................] - ETA: 5s - loss: 1.5851 - accuracy: 0.4598
 6/98 [>.............................] - ETA: 5s - loss: 1.5925 - accuracy: 0.4544
 8/98 [=>............................] - ETA: 5s - loss: 1.5852 - accuracy: 0.4600
10/98 [==>...........................] - ETA: 5s - loss: 1.5784 - accuracy: 0.4639
11/98 [==>...........................] - ETA: 5s - loss: 1.5805 - accuracy: 0.4656
13/98 [==>...........................] - ETA: 4s - loss: 1.5755 - accuracy: 0.4703
14/98 [===>..........................] - ETA: 4s - loss: 1.5769 - accuracy: 0.4686
16/98 [===>..........................] - ETA: 4s - loss: 1.5694 - accuracy: 0.4719
17/98 [====>.........................] - ETA: 4s - loss: 1.5688 - accuracy: 0.4719
19/98 [====>.........................] - ETA: 4s - loss: 1.5735 - accuracy: 0.4690
20/98 [=====>........................] - ETA: 4s - loss: 1.5740 - accuracy: 0.4687
22/98 [=====>........................] - ETA: 4s - loss: 1.5742 - accuracy: 0.4673
23/98 [======>.......................] - ETA: 4s - loss: 1.5776 - accuracy: 0.4659
25/98 [======>.......................] - ETA: 4s - loss: 1.5775 - accuracy: 0.4651
27/98 [=======>......................] - ETA: 4s - loss: 1.5765 - accuracy: 0.4643
28/98 [=======>......................] - ETA: 3s - loss: 1.5775 - accuracy: 0.4633
29/98 [=======>......................] - ETA: 3s - loss: 1.5782 - accuracy: 0.4622
30/98 [========>.....................] - ETA: 3s - loss: 1.5777 - accuracy: 0.4623
31/98 [========>.....................] - ETA: 3s - loss: 1.5771 - accuracy: 0.4624
33/98 [=========>....................] - ETA: 3s - loss: 1.5773 - accuracy: 0.4623
34/98 [=========>....................] - ETA: 3s - loss: 1.5777 - accuracy: 0.4627
36/98 [==========>...................] - ETA: 3s - loss: 1.5763 - accuracy: 0.4634
37/98 [==========>...................] - ETA: 3s - loss: 1.5758 - accuracy: 0.4636
39/98 [==========>...................] - ETA: 3s - loss: 1.5763 - accuracy: 0.4635
40/98 [===========>..................] - ETA: 3s - loss: 1.5758 - accuracy: 0.4639
42/98 [===========>..................] - ETA: 3s - loss: 1.5767 - accuracy: 0.4632
43/98 [============>.................] - ETA: 3s - loss: 1.5753 - accuracy: 0.4641
45/98 [============>.................] - ETA: 3s - loss: 1.5761 - accuracy: 0.4640
46/98 [=============>................] - ETA: 2s - loss: 1.5751 - accuracy: 0.4648
48/98 [=============>................] - ETA: 2s - loss: 1.5751 - accuracy: 0.4643
49/98 [==============>...............] - ETA: 2s - loss: 1.5754 - accuracy: 0.4644
51/98 [==============>...............] - ETA: 2s - loss: 1.5746 - accuracy: 0.4652
52/98 [==============>...............] - ETA: 2s - loss: 1.5746 - accuracy: 0.4653
54/98 [===============>..............] - ETA: 2s - loss: 1.5755 - accuracy: 0.4646
55/98 [===============>..............] - ETA: 2s - loss: 1.5744 - accuracy: 0.4650
57/98 [================>.............] - ETA: 2s - loss: 1.5756 - accuracy: 0.4645
58/98 [================>.............] - ETA: 2s - loss: 1.5746 - accuracy: 0.4651
60/98 [=================>............] - ETA: 2s - loss: 1.5757 - accuracy: 0.4646
61/98 [=================>............] - ETA: 2s - loss: 1.5756 - accuracy: 0.4645
63/98 [==================>...........] - ETA: 1s - loss: 1.5761 - accuracy: 0.4650
64/98 [==================>...........] - ETA: 1s - loss: 1.5747 - accuracy: 0.4661
66/98 [===================>..........] - ETA: 1s - loss: 1.5752 - accuracy: 0.4653
67/98 [===================>..........] - ETA: 1s - loss: 1.5752 - accuracy: 0.4656
69/98 [====================>.........] - ETA: 1s - loss: 1.5757 - accuracy: 0.4652
