2024-06-26 08:21:57.977364: I tensorflow/core/platform/cpu_feature_guard.cc:193] This TensorFlow binary is optimized with oneAPI Deep Neural Network Library (oneDNN) to use the following CPU instructions in performance-critical operations:  AVX AVX2
To enable them in other operations, rebuild TensorFlow with the appropriate compiler flags.
2024-06-26 08:21:58.398480: I tensorflow/core/common_runtime/gpu/gpu_device.cc:1616] Created device /job:localhost/replica:0/task:0/device:GPU:0 with 6656 MB memory:  -> device: 0, name: NVIDIA GeForce RTX 4060 Ti, pci bus id: 0000:01:00.0, compute capability: 8.9
1 Physical GPUs, 1 Logical GPUs
Model: "sequential"
_________________________________________________________________
 Layer (type)                Output Shape              Param #   
=================================================================
 conv2d (Conv2D)             (None, 32, 32, 32)        896       
                                                                 
 max_pooling2d (MaxPooling2D  (None, 16, 16, 32)       0         
 )                                                               
                                                                 
 batch_normalization (BatchN  (None, 16, 16, 32)       128       
 ormalization)                                                   
                                                                 
 conv2d_1 (Conv2D)           (None, 16, 16, 256)       73984     
                                                                 
 conv2d_2 (Conv2D)           (None, 16, 16, 256)       590080    
                                                                 
 dropout (Dropout)           (None, 16, 16, 256)       0         
                                                                 
 flatten (Flatten)           (None, 65536)             0         
                                                                 
 dense (Dense)               (None, 22)                1441814   
                                                                 
 dropout_1 (Dropout)         (None, 22)                0         
                                                                 
 dense_1 (Dense)             (None, 10)                230       
                                                                 
=================================================================
Total params: 2,107,132
Trainable params: 2,107,068
Non-trainable params: 64
_________________________________________________________________
Taxa de aprendizado:  1e-05 Num de épocas:  121 Tamanho do lote:  512 Dropout:  0.27489
Epoch 1/121
2024-06-26 08:21:59.527174: I tensorflow/stream_executor/cuda/cuda_dnn.cc:384] Loaded cuDNN version 8100
2024-06-26 08:22:00.223260: W tensorflow/stream_executor/gpu/redzone_allocator.cc:314] INTERNAL: ptxas exited with non-zero error code -1, output: 
Relying on driver to perform ptx compilation. 
Modify $PATH to customize ptxas location.
This message will be only logged once.
2024-06-26 08:22:01.520245: I tensorflow/stream_executor/cuda/cuda_blas.cc:1614] TensorFloat-32 will be used for the matrix multiplication. This will only be logged once.

 1/98 [..............................] - ETA: 7:56 - loss: 2.3850 - accuracy: 0.0723
 3/98 [..............................] - ETA: 5s - loss: 2.3622 - accuracy: 0.0885  
 4/98 [>.............................] - ETA: 5s - loss: 2.3474 - accuracy: 0.0952
 6/98 [>.............................] - ETA: 5s - loss: 2.3319 - accuracy: 0.1025
 7/98 [=>............................] - ETA: 5s - loss: 2.3231 - accuracy: 0.1091
 9/98 [=>............................] - ETA: 5s - loss: 2.3140 - accuracy: 0.1165
11/98 [==>...........................] - ETA: 4s - loss: 2.3032 - accuracy: 0.1197
12/98 [==>...........................] - ETA: 4s - loss: 2.2992 - accuracy: 0.1234
14/98 [===>..........................] - ETA: 4s - loss: 2.2873 - accuracy: 0.1330
15/98 [===>..........................] - ETA: 4s - loss: 2.2829 - accuracy: 0.1363
17/98 [====>.........................] - ETA: 4s - loss: 2.2723 - accuracy: 0.1432
19/98 [====>.........................] - ETA: 4s - loss: 2.2640 - accuracy: 0.1501
20/98 [=====>........................] - ETA: 4s - loss: 2.2606 - accuracy: 0.1530
22/98 [=====>........................] - ETA: 4s - loss: 2.2520 - accuracy: 0.1580
23/98 [======>.......................] - ETA: 4s - loss: 2.2476 - accuracy: 0.1620
25/98 [======>.......................] - ETA: 4s - loss: 2.2408 - accuracy: 0.1652
26/98 [======>.......................] - ETA: 4s - loss: 2.2369 - accuracy: 0.1674
28/98 [=======>......................] - ETA: 3s - loss: 2.2306 - accuracy: 0.1712
30/98 [========>.....................] - ETA: 3s - loss: 2.2237 - accuracy: 0.1769
31/98 [========>.....................] - ETA: 3s - loss: 2.2211 - accuracy: 0.1788
33/98 [=========>....................] - ETA: 3s - loss: 2.2146 - accuracy: 0.1829
34/98 [=========>....................] - ETA: 3s - loss: 2.2122 - accuracy: 0.1846
36/98 [==========>...................] - ETA: 3s - loss: 2.2063 - accuracy: 0.1891
38/98 [==========>...................] - ETA: 3s - loss: 2.2021 - accuracy: 0.1909
39/98 [==========>...................] - ETA: 3s - loss: 2.1992 - accuracy: 0.1930
41/98 [===========>..................] - ETA: 3s - loss: 2.1953 - accuracy: 0.1957
42/98 [===========>..................] - ETA: 3s - loss: 2.1927 - accuracy: 0.1970
44/98 [============>.................] - ETA: 3s - loss: 2.1882 - accuracy: 0.2004
45/98 [============>.................] - ETA: 3s - loss: 2.1857 - accuracy: 0.2016
47/98 [=============>................] - ETA: 2s - loss: 2.1809 - accuracy: 0.2037
49/98 [==============>...............] - ETA: 2s - loss: 2.1757 - accuracy: 0.2064
50/98 [==============>...............] - ETA: 2s - loss: 2.1730 - accuracy: 0.2077
52/98 [==============>...............] - ETA: 2s - loss: 2.1671 - accuracy: 0.2114
53/98 [===============>..............] - ETA: 2s - loss: 2.1643 - accuracy: 0.2129
55/98 [===============>..............] - ETA: 2s - loss: 2.1602 - accuracy: 0.2147
56/98 [================>.............] - ETA: 2s - loss: 2.1582 - accuracy: 0.2161
58/98 [================>.............] - ETA: 2s - loss: 2.1536 - accuracy: 0.2185
59/98 [=================>............] - ETA: 2s - loss: 2.1515 - accuracy: 0.2190
61/98 [=================>............] - ETA: 2s - loss: 2.1475 - accuracy: 0.2213
63/98 [==================>...........] - ETA: 1s - loss: 2.1447 - accuracy: 0.2227
64/98 [==================>...........] - ETA: 1s - loss: 2.1435 - accuracy: 0.2232
66/98 [===================>..........] - ETA: 1s - loss: 2.1399 - accuracy: 0.2251
67/98 [===================>..........] - ETA: 1s - loss: 2.1383 - accuracy: 0.2259
69/98 [====================>.........] - ETA: 1s - loss: 2.1346 - accuracy: 0.2276
71/98 [====================>.........] - ETA: 1s - loss: 2.1316 - accuracy: 0.2293
72/98 [=====================>........] - ETA: 1s - loss: 2.1298 - accuracy: 0.2304
74/98 [=====================>........] - ETA: 1s - loss: 2.1262 - accuracy: 0.2325
75/98 [=====================>........] - ETA: 1s - loss: 2.1248 - accuracy: 0.2330
77/98 [======================>.......] - ETA: 1s - loss: 2.1219 - accuracy: 0.2347
78/98 [======================>.......] - ETA: 1s - loss: 2.1203 - accuracy: 0.2352
80/98 [=======================>......] - ETA: 1s - loss: 2.1167 - accuracy: 0.2369
81/98 [=======================>......] - ETA: 0s - loss: 2.1156 - accuracy: 0.2374
82/98 [========================>.....] - ETA: 1s - loss: 2.1149 - accuracy: 0.2378
84/98 [========================>.....] - ETA: 1s - loss: 2.1116 - accuracy: 0.2391
86/98 [=========================>....] - ETA: 0s - loss: 2.1079 - accuracy: 0.2411
87/98 [=========================>....] - ETA: 0s - loss: 2.1067 - accuracy: 0.2417
89/98 [==========================>...] - ETA: 0s - loss: 2.1046 - accuracy: 0.2425
90/98 [==========================>...] - ETA: 0s - loss: 2.1038 - accuracy: 0.2432
92/98 [===========================>..] - ETA: 0s - loss: 2.1009 - accuracy: 0.2446
93/98 [===========================>..] - ETA: 0s - loss: 2.0995 - accuracy: 0.2452
95/98 [============================>.] - ETA: 0s - loss: 2.0964 - accuracy: 0.2470
96/98 [============================>.] - ETA: 0s - loss: 2.0954 - accuracy: 0.2475
98/98 [==============================] - ETA: 0s - loss: 2.0925 - accuracy: 0.2492
98/98 [==============================] - 13s 84ms/step - loss: 2.0925 - accuracy: 0.2492 - val_loss: 2.2220 - val_accuracy: 0.2833
Epoch 2/121

 1/98 [..............................] - ETA: 6s - loss: 1.9766 - accuracy: 0.3301
 2/98 [..............................] - ETA: 5s - loss: 1.9727 - accuracy: 0.3174
 4/98 [>.............................] - ETA: 5s - loss: 1.9707 - accuracy: 0.3140
 6/98 [>.............................] - ETA: 5s - loss: 1.9518 - accuracy: 0.3184
 7/98 [=>............................] - ETA: 5s - loss: 1.9455 - accuracy: 0.3211
 9/98 [=>............................] - ETA: 5s - loss: 1.9453 - accuracy: 0.3220
10/98 [==>...........................] - ETA: 5s - loss: 1.9473 - accuracy: 0.3215
12/98 [==>...........................] - ETA: 4s - loss: 1.9491 - accuracy: 0.3216
13/98 [==>...........................] - ETA: 4s - loss: 1.9517 - accuracy: 0.3202
15/98 [===>..........................] - ETA: 4s - loss: 1.9499 - accuracy: 0.3204
16/98 [===>..........................] - ETA: 4s - loss: 1.9490 - accuracy: 0.3218
18/98 [====>.........................] - ETA: 4s - loss: 1.9466 - accuracy: 0.3217
20/98 [=====>........................] - ETA: 4s - loss: 1.9434 - accuracy: 0.3224
21/98 [=====>........................] - ETA: 4s - loss: 1.9420 - accuracy: 0.3237
23/98 [======>.......................] - ETA: 4s - loss: 1.9410 - accuracy: 0.3251
24/98 [======>.......................] - ETA: 4s - loss: 1.9400 - accuracy: 0.3251
26/98 [======>.......................] - ETA: 4s - loss: 1.9380 - accuracy: 0.3251
28/98 [=======>......................] - ETA: 3s - loss: 1.9372 - accuracy: 0.3270
29/98 [=======>......................] - ETA: 3s - loss: 1.9348 - accuracy: 0.3284
31/98 [========>.....................] - ETA: 3s - loss: 1.9337 - accuracy: 0.3286
32/98 [========>.....................] - ETA: 3s - loss: 1.9326 - accuracy: 0.3287
33/98 [=========>....................] - ETA: 3s - loss: 1.9341 - accuracy: 0.3274
35/98 [=========>....................] - ETA: 3s - loss: 1.9339 - accuracy: 0.3276
36/98 [==========>...................] - ETA: 3s - loss: 1.9320 - accuracy: 0.3290
38/98 [==========>...................] - ETA: 3s - loss: 1.9307 - accuracy: 0.3305
40/98 [===========>..................] - ETA: 3s - loss: 1.9295 - accuracy: 0.3308
41/98 [===========>..................] - ETA: 3s - loss: 1.9282 - accuracy: 0.3311
43/98 [============>.................] - ETA: 3s - loss: 1.9260 - accuracy: 0.3332
44/98 [============>.................] - ETA: 3s - loss: 1.9242 - accuracy: 0.3339
46/98 [=============>................] - ETA: 2s - loss: 1.9226 - accuracy: 0.3341
48/98 [=============>................] - ETA: 2s - loss: 1.9209 - accuracy: 0.3348
49/98 [==============>...............] - ETA: 2s - loss: 1.9209 - accuracy: 0.3343
51/98 [==============>...............] - ETA: 2s - loss: 1.9200 - accuracy: 0.3339
52/98 [==============>...............] - ETA: 2s - loss: 1.9190 - accuracy: 0.3346
54/98 [===============>..............] - ETA: 2s - loss: 1.9173 - accuracy: 0.3360
55/98 [===============>..............] - ETA: 2s - loss: 1.9166 - accuracy: 0.3368
57/98 [================>.............] - ETA: 2s - loss: 1.9150 - accuracy: 0.3380
59/98 [=================>............] - ETA: 2s - loss: 1.9123 - accuracy: 0.3387
60/98 [=================>............] - ETA: 2s - loss: 1.9114 - accuracy: 0.3392
62/98 [=================>............] - ETA: 2s - loss: 1.9092 - accuracy: 0.3404
63/98 [==================>...........] - ETA: 1s - loss: 1.9089 - accuracy: 0.3408
65/98 [==================>...........] - ETA: 1s - loss: 1.9088 - accuracy: 0.3407
67/98 [===================>..........] - ETA: 1s - loss: 1.9076 - accuracy: 0.3411
68/98 [===================>..........] - ETA: 1s - loss: 1.9069 - accuracy: 0.3414
70/98 [====================>.........] - ETA: 1s - loss: 1.9057 - accuracy: 0.3421
71/98 [====================>.........] - ETA: 1s - loss: 1.9055 - accuracy: 0.3419
73/98 [=====================>........] - ETA: 1s - loss: 1.9039 - accuracy: 0.3424
74/98 [=====================>........] - ETA: 1s - loss: 1.9029 - accuracy: 0.3431
76/98 [======================>.......] - ETA: 1s - loss: 1.9006 - accuracy: 0.3443
77/98 [======================>.......] - ETA: 1s - loss: 1.8999 - accuracy: 0.3445
79/98 [=======================>......] - ETA: 1s - loss: 1.8982 - accuracy: 0.3456
81/98 [=======================>......] - ETA: 0s - loss: 1.8971 - accuracy: 0.3465
82/98 [========================>.....] - ETA: 0s - loss: 1.8958 - accuracy: 0.3470
84/98 [========================>.....] - ETA: 0s - loss: 1.8944 - accuracy: 0.3476
85/98 [=========================>....] - ETA: 0s - loss: 1.8941 - accuracy: 0.3477
87/98 [=========================>....] - ETA: 0s - loss: 1.8926 - accuracy: 0.3487
88/98 [=========================>....] - ETA: 0s - loss: 1.8921 - accuracy: 0.3487
90/98 [==========================>...] - ETA: 0s - loss: 1.8913 - accuracy: 0.3492
91/98 [==========================>...] - ETA: 0s - loss: 1.8907 - accuracy: 0.3492
93/98 [===========================>..] - ETA: 0s - loss: 1.8893 - accuracy: 0.3503
95/98 [============================>.] - ETA: 0s - loss: 1.8873 - accuracy: 0.3510
96/98 [============================>.] - ETA: 0s - loss: 1.8867 - accuracy: 0.3515
97/98 [============================>.] - ETA: 0s - loss: 1.8856 - accuracy: 0.3517
98/98 [==============================] - ETA: 0s - loss: 1.8850 - accuracy: 0.3518
98/98 [==============================] - 6s 63ms/step - loss: 1.8850 - accuracy: 0.3518 - val_loss: 2.1050 - val_accuracy: 0.3882
Epoch 3/121

 1/98 [..............................] - ETA: 7s - loss: 1.8523 - accuracy: 0.3828
 3/98 [..............................] - ETA: 5s - loss: 1.8048 - accuracy: 0.3991
 5/98 [>.............................] - ETA: 5s - loss: 1.8203 - accuracy: 0.3859
 6/98 [>.............................] - ETA: 5s - loss: 1.8233 - accuracy: 0.3838
 8/98 [=>............................] - ETA: 5s - loss: 1.8225 - accuracy: 0.3826
10/98 [==>...........................] - ETA: 4s - loss: 1.8151 - accuracy: 0.3811
11/98 [==>...........................] - ETA: 4s - loss: 1.8145 - accuracy: 0.3816
13/98 [==>...........................] - ETA: 4s - loss: 1.8043 - accuracy: 0.3864
14/98 [===>..........................] - ETA: 4s - loss: 1.8053 - accuracy: 0.3853
16/98 [===>..........................] - ETA: 4s - loss: 1.8062 - accuracy: 0.3833
17/98 [====>.........................] - ETA: 4s - loss: 1.8043 - accuracy: 0.3826
19/98 [====>.........................] - ETA: 4s - loss: 1.8030 - accuracy: 0.3843
21/98 [=====>........................] - ETA: 4s - loss: 1.8006 - accuracy: 0.3861
22/98 [=====>........................] - ETA: 4s - loss: 1.8004 - accuracy: 0.3861
24/98 [======>.......................] - ETA: 4s - loss: 1.8000 - accuracy: 0.3870
25/98 [======>.......................] - ETA: 4s - loss: 1.8007 - accuracy: 0.3872
27/98 [=======>......................] - ETA: 4s - loss: 1.8008 - accuracy: 0.3852
29/98 [=======>......................] - ETA: 3s - loss: 1.8001 - accuracy: 0.3864
30/98 [========>.....................] - ETA: 3s - loss: 1.7983 - accuracy: 0.3877
32/98 [========>.....................] - ETA: 3s - loss: 1.7977 - accuracy: 0.3868
33/98 [=========>....................] - ETA: 3s - loss: 1.7967 - accuracy: 0.3878
35/98 [=========>....................] - ETA: 3s - loss: 1.7955 - accuracy: 0.3883
37/98 [==========>...................] - ETA: 3s - loss: 1.7924 - accuracy: 0.3899
38/98 [==========>...................] - ETA: 3s - loss: 1.7920 - accuracy: 0.3904
40/98 [===========>..................] - ETA: 3s - loss: 1.7887 - accuracy: 0.3915
41/98 [===========>..................] - ETA: 3s - loss: 1.7889 - accuracy: 0.3909
43/98 [============>.................] - ETA: 3s - loss: 1.7874 - accuracy: 0.3920
45/98 [============>.................] - ETA: 2s - loss: 1.7883 - accuracy: 0.3911
46/98 [=============>................] - ETA: 2s - loss: 1.7889 - accuracy: 0.3902
48/98 [=============>................] - ETA: 2s - loss: 1.7876 - accuracy: 0.3914
49/98 [==============>...............] - ETA: 2s - loss: 1.7883 - accuracy: 0.3915
51/98 [==============>...............] - ETA: 2s - loss: 1.7869 - accuracy: 0.3921
52/98 [==============>...............] - ETA: 2s - loss: 1.7866 - accuracy: 0.3920
54/98 [===============>..............] - ETA: 2s - loss: 1.7860 - accuracy: 0.3925
55/98 [===============>..............] - ETA: 2s - loss: 1.7862 - accuracy: 0.3920
57/98 [================>.............] - ETA: 2s - loss: 1.7845 - accuracy: 0.3935
59/98 [=================>............] - ETA: 2s - loss: 1.7830 - accuracy: 0.3938
60/98 [=================>............] - ETA: 2s - loss: 1.7823 - accuracy: 0.3938
62/98 [=================>............] - ETA: 2s - loss: 1.7824 - accuracy: 0.3939
64/98 [==================>...........] - ETA: 1s - loss: 1.7815 - accuracy: 0.3942
65/98 [==================>...........] - ETA: 1s - loss: 1.7809 - accuracy: 0.3943
67/98 [===================>..........] - ETA: 1s - loss: 1.7798 - accuracy: 0.3946
68/98 [===================>..........] - ETA: 1s - loss: 1.7790 - accuracy: 0.3951
70/98 [====================>.........] - ETA: 1s - loss: 1.7777 - accuracy: 0.3954
71/98 [====================>.........] - ETA: 1s - loss: 1.7769 - accuracy: 0.3962
73/98 [=====================>........] - ETA: 1s - loss: 1.7768 - accuracy: 0.3959
75/98 [=====================>........] - ETA: 1s - loss: 1.7765 - accuracy: 0.3958
76/98 [======================>.......] - ETA: 1s - loss: 1.7757 - accuracy: 0.3962
78/98 [======================>.......] - ETA: 1s - loss: 1.7750 - accuracy: 0.3969
79/98 [=======================>......] - ETA: 1s - loss: 1.7755 - accuracy: 0.3964
81/98 [=======================>......] - ETA: 0s - loss: 1.7746 - accuracy: 0.3970
83/98 [========================>.....] - ETA: 0s - loss: 1.7730 - accuracy: 0.3970
84/98 [========================>.....] - ETA: 0s - loss: 1.7725 - accuracy: 0.3971
86/98 [=========================>....] - ETA: 0s - loss: 1.7723 - accuracy: 0.3969
87/98 [=========================>....] - ETA: 0s - loss: 1.7720 - accuracy: 0.3974
89/98 [==========================>...] - ETA: 0s - loss: 1.7717 - accuracy: 0.3973
90/98 [==========================>...] - ETA: 0s - loss: 1.7719 - accuracy: 0.3972
92/98 [===========================>..] - ETA: 0s - loss: 1.7714 - accuracy: 0.3977
93/98 [===========================>..] - ETA: 0s - loss: 1.7715 - accuracy: 0.3977
95/98 [============================>.] - ETA: 0s - loss: 1.7707 - accuracy: 0.3979
97/98 [============================>.] - ETA: 0s - loss: 1.7706 - accuracy: 0.3980
98/98 [==============================] - ETA: 0s - loss: 1.7701 - accuracy: 0.3983
98/98 [==============================] - 6s 63ms/step - loss: 1.7701 - accuracy: 0.3983 - val_loss: 1.9530 - val_accuracy: 0.4215
Epoch 4/121

 1/98 [..............................] - ETA: 6s - loss: 1.7191 - accuracy: 0.4473
 2/98 [..............................] - ETA: 6s - loss: 1.7165 - accuracy: 0.4375
 4/98 [>.............................] - ETA: 5s - loss: 1.7150 - accuracy: 0.4282
 5/98 [>.............................] - ETA: 5s - loss: 1.7030 - accuracy: 0.4359
 7/98 [=>............................] - ETA: 5s - loss: 1.7013 - accuracy: 0.4322
 8/98 [=>............................] - ETA: 5s - loss: 1.7010 - accuracy: 0.4336
10/98 [==>...........................] - ETA: 5s - loss: 1.7033 - accuracy: 0.4342
11/98 [==>...........................] - ETA: 5s - loss: 1.7074 - accuracy: 0.4339
13/98 [==>...........................] - ETA: 4s - loss: 1.7080 - accuracy: 0.4319
15/98 [===>..........................] - ETA: 4s - loss: 1.7064 - accuracy: 0.4327
16/98 [===>..........................] - ETA: 4s - loss: 1.7065 - accuracy: 0.4326
18/98 [====>.........................] - ETA: 4s - loss: 1.7053 - accuracy: 0.4312
19/98 [====>.........................] - ETA: 4s - loss: 1.7033 - accuracy: 0.4313
21/98 [=====>........................] - ETA: 4s - loss: 1.7082 - accuracy: 0.4276
22/98 [=====>........................] - ETA: 4s - loss: 1.7090 - accuracy: 0.4268
24/98 [======>.......................] - ETA: 4s - loss: 1.7101 - accuracy: 0.4266
26/98 [======>.......................] - ETA: 4s - loss: 1.7116 - accuracy: 0.4241
27/98 [=======>......................] - ETA: 4s - loss: 1.7092 - accuracy: 0.4254
29/98 [=======>......................] - ETA: 3s - loss: 1.7100 - accuracy: 0.4256
30/98 [========>.....................] - ETA: 3s - loss: 1.7106 - accuracy: 0.4250
32/98 [========>.....................] - ETA: 3s - loss: 1.7117 - accuracy: 0.4251
33/98 [=========>....................] - ETA: 3s - loss: 1.7111 - accuracy: 0.4250
35/98 [=========>....................] - ETA: 3s - loss: 1.7103 - accuracy: 0.4257
37/98 [==========>...................] - ETA: 3s - loss: 1.7097 - accuracy: 0.4261
39/98 [==========>...................] - ETA: 3s - loss: 1.7096 - accuracy: 0.4255
40/98 [===========>..................] - ETA: 3s - loss: 1.7102 - accuracy: 0.4255
42/98 [===========>..................] - ETA: 3s - loss: 1.7122 - accuracy: 0.4247
43/98 [============>.................] - ETA: 3s - loss: 1.7101 - accuracy: 0.4257
45/98 [============>.................] - ETA: 2s - loss: 1.7099 - accuracy: 0.4252
46/98 [=============>................] - ETA: 2s - loss: 1.7082 - accuracy: 0.4259
48/98 [=============>................] - ETA: 2s - loss: 1.7073 - accuracy: 0.4263
49/98 [==============>...............] - ETA: 2s - loss: 1.7074 - accuracy: 0.4262
51/98 [==============>...............] - ETA: 2s - loss: 1.7058 - accuracy: 0.4265
52/98 [==============>...............] - ETA: 2s - loss: 1.7059 - accuracy: 0.4262
54/98 [===============>..............] - ETA: 2s - loss: 1.7069 - accuracy: 0.4250
56/98 [================>.............] - ETA: 2s - loss: 1.7063 - accuracy: 0.4253
57/98 [================>.............] - ETA: 2s - loss: 1.7066 - accuracy: 0.4251
59/98 [=================>............] - ETA: 2s - loss: 1.7061 - accuracy: 0.4250
60/98 [=================>............] - ETA: 2s - loss: 1.7055 - accuracy: 0.4251
62/98 [=================>............] - ETA: 2s - loss: 1.7054 - accuracy: 0.4250
63/98 [==================>...........] - ETA: 1s - loss: 1.7054 - accuracy: 0.4247
65/98 [==================>...........] - ETA: 1s - loss: 1.7058 - accuracy: 0.4244
67/98 [===================>..........] - ETA: 1s - loss: 1.7057 - accuracy: 0.4247
68/98 [===================>..........] - ETA: 1s - loss: 1.7055 - accuracy: 0.4247
70/98 [====================>.........] - ETA: 1s - loss: 1.7049 - accuracy: 0.4252
71/98 [====================>.........] - ETA: 1s - loss: 1.7052 - accuracy: 0.4249
73/98 [=====================>........] - ETA: 1s - loss: 1.7042 - accuracy: 0.4248
74/98 [=====================>........] - ETA: 1s - loss: 1.7042 - accuracy: 0.4245
76/98 [======================>.......] - ETA: 1s - loss: 1.7040 - accuracy: 0.4246
78/98 [======================>.......] - ETA: 1s - loss: 1.7031 - accuracy: 0.4246
79/98 [=======================>......] - ETA: 1s - loss: 1.7023 - accuracy: 0.4253
81/98 [=======================>......] - ETA: 0s - loss: 1.7011 - accuracy: 0.4258
82/98 [========================>.....] - ETA: 0s - loss: 1.7015 - accuracy: 0.4257
84/98 [========================>.....] - ETA: 0s - loss: 1.7006 - accuracy: 0.4262
85/98 [=========================>....] - ETA: 0s - loss: 1.7003 - accuracy: 0.4264
87/98 [=========================>....] - ETA: 0s - loss: 1.6996 - accuracy: 0.4266
89/98 [==========================>...] - ETA: 0s - loss: 1.6996 - accuracy: 0.4266
90/98 [==========================>...] - ETA: 0s - loss: 1.6990 - accuracy: 0.4267
92/98 [===========================>..] - ETA: 0s - loss: 1.6988 - accuracy: 0.4265
93/98 [===========================>..] - ETA: 0s - loss: 1.6986 - accuracy: 0.4268
95/98 [============================>.] - ETA: 0s - loss: 1.6973 - accuracy: 0.4273
96/98 [============================>.] - ETA: 0s - loss: 1.6970 - accuracy: 0.4271
98/98 [==============================] - ETA: 0s - loss: 1.6966 - accuracy: 0.4273
98/98 [==============================] - 6s 63ms/step - loss: 1.6966 - accuracy: 0.4273 - val_loss: 1.7961 - val_accuracy: 0.4539
Epoch 5/121

 1/98 [..............................] - ETA: 6s - loss: 1.6697 - accuracy: 0.4551
 2/98 [..............................] - ETA: 5s - loss: 1.6606 - accuracy: 0.4492
 3/98 [..............................] - ETA: 5s - loss: 1.6203 - accuracy: 0.4629
 5/98 [>.............................] - ETA: 5s - loss: 1.6433 - accuracy: 0.4492
 6/98 [>.............................] - ETA: 5s - loss: 1.6405 - accuracy: 0.4528
 8/98 [=>............................] - ETA: 5s - loss: 1.6504 - accuracy: 0.4451
 9/98 [=>............................] - ETA: 5s - loss: 1.6471 - accuracy: 0.4442
11/98 [==>...........................] - ETA: 5s - loss: 1.6465 - accuracy: 0.4466
13/98 [==>...........................] - ETA: 4s - loss: 1.6468 - accuracy: 0.4452
14/98 [===>..........................] - ETA: 4s - loss: 1.6500 - accuracy: 0.4449
16/98 [===>..........................] - ETA: 4s - loss: 1.6566 - accuracy: 0.4418
17/98 [====>.........................] - ETA: 4s - loss: 1.6557 - accuracy: 0.4416
19/98 [====>.........................] - ETA: 4s - loss: 1.6573 - accuracy: 0.4395
21/98 [=====>........................] - ETA: 4s - loss: 1.6591 - accuracy: 0.4397
22/98 [=====>........................] - ETA: 4s - loss: 1.6588 - accuracy: 0.4395
24/98 [======>.......................] - ETA: 4s - loss: 1.6606 - accuracy: 0.4380
25/98 [======>.......................] - ETA: 4s - loss: 1.6583 - accuracy: 0.4398
27/98 [=======>......................] - ETA: 4s - loss: 1.6565 - accuracy: 0.4405
28/98 [=======>......................] - ETA: 4s - loss: 1.6565 - accuracy: 0.4413
30/98 [========>.....................] - ETA: 3s - loss: 1.6570 - accuracy: 0.4408
32/98 [========>.....................] - ETA: 3s - loss: 1.6570 - accuracy: 0.4411
33/98 [=========>....................] - ETA: 3s - loss: 1.6547 - accuracy: 0.4422
35/98 [=========>....................] - ETA: 3s - loss: 1.6536 - accuracy: 0.4425
36/98 [==========>...................] - ETA: 3s - loss: 1.6535 - accuracy: 0.4428
38/98 [==========>...................] - ETA: 3s - loss: 1.6557 - accuracy: 0.4430
39/98 [==========>...................] - ETA: 3s - loss: 1.6566 - accuracy: 0.4426
41/98 [===========>..................] - ETA: 3s - loss: 1.6552 - accuracy: 0.4428
43/98 [============>.................] - ETA: 3s - loss: 1.6554 - accuracy: 0.4416
44/98 [============>.................] - ETA: 3s - loss: 1.6539 - accuracy: 0.4422
46/98 [=============>................] - ETA: 2s - loss: 1.6527 - accuracy: 0.4427
47/98 [=============>................] - ETA: 2s - loss: 1.6520 - accuracy: 0.4435
49/98 [==============>...............] - ETA: 2s - loss: 1.6505 - accuracy: 0.4442
50/98 [==============>...............] - ETA: 2s - loss: 1.6491 - accuracy: 0.4448
52/98 [==============>...............] - ETA: 2s - loss: 1.6486 - accuracy: 0.4444
53/98 [===============>..............] - ETA: 2s - loss: 1.6487 - accuracy: 0.4442
55/98 [===============>..............] - ETA: 2s - loss: 1.6491 - accuracy: 0.4437
57/98 [================>.............] - ETA: 2s - loss: 1.6482 - accuracy: 0.4446
58/98 [================>.............] - ETA: 2s - loss: 1.6480 - accuracy: 0.4450
59/98 [=================>............] - ETA: 2s - loss: 1.6473 - accuracy: 0.4452
61/98 [=================>............] - ETA: 2s - loss: 1.6471 - accuracy: 0.4453
63/98 [==================>...........] - ETA: 1s - loss: 1.6472 - accuracy: 0.4452
64/98 [==================>...........] - ETA: 1s - loss: 1.6464 - accuracy: 0.4458
66/98 [===================>..........] - ETA: 1s - loss: 1.6456 - accuracy: 0.4458
67/98 [===================>..........] - ETA: 1s - loss: 1.6453 - accuracy: 0.4460
69/98 [====================>.........] - ETA: 1s - loss: 1.6456 - accuracy: 0.4458
71/98 [====================>.........] - ETA: 1s - loss: 1.6460 - accuracy: 0.4461
72/98 [=====================>........] - ETA: 1s - loss: 1.6463 - accuracy: 0.4460
74/98 [=====================>........] - ETA: 1s - loss: 1.6458 - accuracy: 0.4461
75/98 [=====================>........] - ETA: 1s - loss: 1.6459 - accuracy: 0.4462
77/98 [======================>.......] - ETA: 1s - loss: 1.6455 - accuracy: 0.4463
78/98 [======================>.......] - ETA: 1s - loss: 1.6449 - accuracy: 0.4465
80/98 [=======================>......] - ETA: 1s - loss: 1.6449 - accuracy: 0.4466
82/98 [========================>.....] - ETA: 0s - loss: 1.6446 - accuracy: 0.4468
83/98 [========================>.....] - ETA: 0s - loss: 1.6451 - accuracy: 0.4467
85/98 [=========================>....] - ETA: 0s - loss: 1.6444 - accuracy: 0.4469
86/98 [=========================>....] - ETA: 0s - loss: 1.6446 - accuracy: 0.4467
88/98 [=========================>....] - ETA: 0s - loss: 1.6441 - accuracy: 0.4470
90/98 [==========================>...] - ETA: 0s - loss: 1.6446 - accuracy: 0.4469
91/98 [==========================>...] - ETA: 0s - loss: 1.6440 - accuracy: 0.4473
93/98 [===========================>..] - ETA: 0s - loss: 1.6441 - accuracy: 0.4472
94/98 [===========================>..] - ETA: 0s - loss: 1.6440 - accuracy: 0.4472
96/98 [============================>.] - ETA: 0s - loss: 1.6435 - accuracy: 0.4471
97/98 [============================>.] - ETA: 0s - loss: 1.6437 - accuracy: 0.4469
98/98 [==============================] - 6s 63ms/step - loss: 1.6437 - accuracy: 0.4467 - val_loss: 1.6606 - val_accuracy: 0.4774
Epoch 6/121

 1/98 [..............................] - ETA: 7s - loss: 1.6479 - accuracy: 0.4414
 3/98 [..............................] - ETA: 5s - loss: 1.6639 - accuracy: 0.4342
 4/98 [>.............................] - ETA: 5s - loss: 1.6499 - accuracy: 0.4385
 6/98 [>.............................] - ETA: 5s - loss: 1.6446 - accuracy: 0.4456
 7/98 [=>............................] - ETA: 5s - loss: 1.6367 - accuracy: 0.4461
 9/98 [=>............................] - ETA: 5s - loss: 1.6270 - accuracy: 0.4523
10/98 [==>...........................] - ETA: 5s - loss: 1.6263 - accuracy: 0.4521
12/98 [==>...........................] - ETA: 4s - loss: 1.6230 - accuracy: 0.4538
14/98 [===>..........................] - ETA: 4s - loss: 1.6243 - accuracy: 0.4533
15/98 [===>..........................] - ETA: 4s - loss: 1.6271 - accuracy: 0.4525
17/98 [====>.........................] - ETA: 4s - loss: 1.6252 - accuracy: 0.4528
18/98 [====>.........................] - ETA: 4s - loss: 1.6244 - accuracy: 0.4516
20/98 [=====>........................] - ETA: 4s - loss: 1.6222 - accuracy: 0.4529
21/98 [=====>........................] - ETA: 4s - loss: 1.6222 - accuracy: 0.4527
23/98 [======>.......................] - ETA: 4s - loss: 1.6235 - accuracy: 0.4547
25/98 [======>.......................] - ETA: 4s - loss: 1.6219 - accuracy: 0.4543
26/98 [======>.......................] - ETA: 4s - loss: 1.6191 - accuracy: 0.4543
28/98 [=======>......................] - ETA: 3s - loss: 1.6180 - accuracy: 0.4549
29/98 [=======>......................] - ETA: 3s - loss: 1.6181 - accuracy: 0.4548
31/98 [========>.....................] - ETA: 3s - loss: 1.6185 - accuracy: 0.4553
33/98 [=========>....................] - ETA: 3s - loss: 1.6167 - accuracy: 0.4561
34/98 [=========>....................] - ETA: 3s - loss: 1.6159 - accuracy: 0.4557
36/98 [==========>...................] - ETA: 3s - loss: 1.6122 - accuracy: 0.4572
37/98 [==========>...................] - ETA: 3s - loss: 1.6135 - accuracy: 0.4566
39/98 [==========>...................] - ETA: 3s - loss: 1.6127 - accuracy: 0.4564
40/98 [===========>..................] - ETA: 3s - loss: 1.6119 - accuracy: 0.4563
42/98 [===========>..................] - ETA: 3s - loss: 1.6133 - accuracy: 0.4557
44/98 [============>.................] - ETA: 3s - loss: 1.6135 - accuracy: 0.4555
45/98 [============>.................] - ETA: 3s - loss: 1.6134 - accuracy: 0.4555
47/98 [=============>................] - ETA: 2s - loss: 1.6136 - accuracy: 0.4560
48/98 [=============>................] - ETA: 2s - loss: 1.6131 - accuracy: 0.4567
50/98 [==============>...............] - ETA: 2s - loss: 1.6129 - accuracy: 0.4570
51/98 [==============>...............] - ETA: 2s - loss: 1.6132 - accuracy: 0.4573
53/98 [===============>..............] - ETA: 2s - loss: 1.6138 - accuracy: 0.4577
55/98 [===============>..............] - ETA: 2s - loss: 1.6125 - accuracy: 0.4583
56/98 [================>.............] - ETA: 2s - loss: 1.6121 - accuracy: 0.4581
58/98 [================>.............] - ETA: 2s - loss: 1.6111 - accuracy: 0.4579
59/98 [=================>............] - ETA: 2s - loss: 1.6111 - accuracy: 0.4577
61/98 [=================>............] - ETA: 2s - loss: 1.6104 - accuracy: 0.4581
62/98 [=================>............] - ETA: 2s - loss: 1.6104 - accuracy: 0.4579
64/98 [==================>...........] - ETA: 1s - loss: 1.6096 - accuracy: 0.4580
66/98 [===================>..........] - ETA: 1s - loss: 1.6090 - accuracy: 0.4582
67/98 [===================>..........] - ETA: 1s - loss: 1.6083 - accuracy: 0.4582
69/98 [====================>.........] - ETA: 1s - loss: 1.6072 - accuracy: 0.4588
70/98 [====================>.........] - ETA: 1s - loss: 1.6069 - accuracy: 0.4593
72/98 [=====================>........] - ETA: 1s - loss: 1.6065 - accuracy: 0.4597
73/98 [=====================>........] - ETA: 1s - loss: 1.6058 - accuracy: 0.4601
75/98 [=====================>........] - ETA: 1s - loss: 1.6055 - accuracy: 0.4604
77/98 [======================>.......] - ETA: 1s - loss: 1.6062 - accuracy: 0.4606
78/98 [======================>.......] - ETA: 1s - loss: 1.6058 - accuracy: 0.4605
80/98 [=======================>......] - ETA: 1s - loss: 1.6059 - accuracy: 0.4601
81/98 [=======================>......] - ETA: 0s - loss: 1.6055 - accuracy: 0.4603
83/98 [========================>.....] - ETA: 0s - loss: 1.6045 - accuracy: 0.4606
84/98 [========================>.....] - ETA: 0s - loss: 1.6044 - accuracy: 0.4603
86/98 [=========================>....] - ETA: 0s - loss: 1.6035 - accuracy: 0.4605
88/98 [=========================>....] - ETA: 0s - loss: 1.6021 - accuracy: 0.4610
89/98 [==========================>...] - ETA: 0s - loss: 1.6015 - accuracy: 0.4610
91/98 [==========================>...] - ETA: 0s - loss: 1.6019 - accuracy: 0.4607
92/98 [===========================>..] - ETA: 0s - loss: 1.6021 - accuracy: 0.4606
94/98 [===========================>..] - ETA: 0s - loss: 1.6007 - accuracy: 0.4614
96/98 [============================>.] - ETA: 0s - loss: 1.6006 - accuracy: 0.4611
97/98 [============================>.] - ETA: 0s - loss: 1.6003 - accuracy: 0.4613
98/98 [==============================] - 6s 63ms/step - loss: 1.6004 - accuracy: 0.4609 - val_loss: 1.5611 - val_accuracy: 0.5027
Epoch 7/121

 1/98 [..............................] - ETA: 6s - loss: 1.5706 - accuracy: 0.4766
 2/98 [..............................] - ETA: 6s - loss: 1.5710 - accuracy: 0.4668
 3/98 [..............................] - ETA: 5s - loss: 1.5559 - accuracy: 0.4635
 5/98 [>.............................] - ETA: 5s - loss: 1.5706 - accuracy: 0.4703
 6/98 [>.............................] - ETA: 5s - loss: 1.5688 - accuracy: 0.4684
 8/98 [=>............................] - ETA: 5s - loss: 1.5655 - accuracy: 0.4719
 9/98 [=>............................] - ETA: 5s - loss: 1.5703 - accuracy: 0.4705
11/98 [==>...........................] - ETA: 5s - loss: 1.5770 - accuracy: 0.4691
13/98 [==>...........................] - ETA: 4s - loss: 1.5741 - accuracy: 0.4737
14/98 [===>..........................] - ETA: 4s - loss: 1.5762 - accuracy: 0.4752
16/98 [===>..........................] - ETA: 4s - loss: 1.5746 - accuracy: 0.4746
17/98 [====>.........................] - ETA: 4s - loss: 1.5697 - accuracy: 0.4762
19/98 [====>.........................] - ETA: 4s - loss: 1.5752 - accuracy: 0.4723
20/98 [=====>........................] - ETA: 4s - loss: 1.5687 - accuracy: 0.4758
22/98 [=====>........................] - ETA: 4s - loss: 1.5703 - accuracy: 0.4746
23/98 [======>.......................] - ETA: 4s - loss: 1.5701 - accuracy: 0.4741
25/98 [======>.......................] - ETA: 4s - loss: 1.5693 - accuracy: 0.4731
27/98 [=======>......................] - ETA: 4s - loss: 1.5700 - accuracy: 0.4722
28/98 [=======>......................] - ETA: 4s - loss: 1.5702 - accuracy: 0.4719
30/98 [========>.....................] - ETA: 3s - loss: 1.5727 - accuracy: 0.4709
31/98 [========>.....................] - ETA: 3s - loss: 1.5727 - accuracy: 0.4709
33/98 [=========>....................] - ETA: 3s - loss: 1.5730 - accuracy: 0.4712
35/98 [=========>....................] - ETA: 3s - loss: 1.5727 - accuracy: 0.4709
36/98 [==========>...................] - ETA: 3s - loss: 1.5722 - accuracy: 0.4712
37/98 [==========>...................] - ETA: 3s - loss: 1.5710 - accuracy: 0.4717
39/98 [==========>...................] - ETA: 3s - loss: 1.5739 - accuracy: 0.4704
41/98 [===========>..................] - ETA: 3s - loss: 1.5746 - accuracy: 0.4705
43/98 [============>.................] - ETA: 3s - loss: 1.5734 - accuracy: 0.4706
44/98 [============>.................] - ETA: 3s - loss: 1.5737 - accuracy: 0.4709
46/98 [=============>................] - ETA: 2s - loss: 1.5735 - accuracy: 0.4710
47/98 [=============>................] - ETA: 2s - loss: 1.5741 - accuracy: 0.4704
49/98 [==============>...............] - ETA: 2s - loss: 1.5732 - accuracy: 0.4712
50/98 [==============>...............] - ETA: 2s - loss: 1.5729 - accuracy: 0.4713
52/98 [==============>...............] - ETA: 2s - loss: 1.5737 - accuracy: 0.4708
54/98 [===============>..............] - ETA: 2s - loss: 1.5736 - accuracy: 0.4709
55/98 [===============>..............] - ETA: 2s - loss: 1.5728 - accuracy: 0.4711
57/98 [================>.............] - ETA: 2s - loss: 1.5712 - accuracy: 0.4720
58/98 [================>.............] - ETA: 2s - loss: 1.5704 - accuracy: 0.4725
60/98 [=================>............] - ETA: 2s - loss: 1.5723 - accuracy: 0.4724
61/98 [=================>............] - ETA: 2s - loss: 1.5709 - accuracy: 0.4730
63/98 [==================>...........] - ETA: 1s - loss: 1.5709 - accuracy: 0.4737
64/98 [==================>...........] - ETA: 1s - loss: 1.5721 - accuracy: 0.4728
66/98 [===================>..........] - ETA: 1s - loss: 1.5705 - accuracy: 0.4732
67/98 [===================>..........] - ETA: 1s - loss: 1.5705 - accuracy: 0.4728
69/98 [====================>.........] - ETA: 1s - loss: 1.5706 - accuracy: 0.4723
71/98 [====================>.........] - ETA: 1s - loss: 1.5697 - accuracy: 0.4732
72/98 [=====================>........] - ETA: 1s - loss: 1.5690 - accuracy: 0.4732
74/98 [=====================>........] - ETA: 1s - loss: 1.5683 - accuracy: 0.4736
75/98 [=====================>........] - ETA: 1s - loss: 1.5680 - accuracy: 0.4738
77/98 [======================>.......] - ETA: 1s - loss: 1.5693 - accuracy: 0.4733
78/98 [======================>.......] - ETA: 1s - loss: 1.5685 - accuracy: 0.4737
80/98 [=======================>......] - ETA: 1s - loss: 1.5679 - accuracy: 0.4739
81/98 [=======================>......] - ETA: 0s - loss: 1.5673 - accuracy: 0.4745
83/98 [========================>.....] - ETA: 0s - loss: 1.5672 - accuracy: 0.4743
85/98 [=========================>....] - ETA: 0s - loss: 1.5669 - accuracy: 0.4746
86/98 [=========================>....] - ETA: 0s - loss: 1.5668 - accuracy: 0.4746
