2024-06-26 09:17:43.126641: I tensorflow/core/platform/cpu_feature_guard.cc:193] This TensorFlow binary is optimized with oneAPI Deep Neural Network Library (oneDNN) to use the following CPU instructions in performance-critical operations:  AVX AVX2
To enable them in other operations, rebuild TensorFlow with the appropriate compiler flags.
2024-06-26 09:17:43.590463: I tensorflow/core/common_runtime/gpu/gpu_device.cc:1616] Created device /job:localhost/replica:0/task:0/device:GPU:0 with 6656 MB memory:  -> device: 0, name: NVIDIA GeForce RTX 4060 Ti, pci bus id: 0000:01:00.0, compute capability: 8.9
1 Physical GPUs, 1 Logical GPUs
Model: "sequential"
_________________________________________________________________
 Layer (type)                Output Shape              Param #   
=================================================================
 conv2d (Conv2D)             (None, 32, 32, 32)        896       
                                                                 
 max_pooling2d (MaxPooling2D  (None, 16, 16, 32)       0         
 )                                                               
                                                                 
 batch_normalization (BatchN  (None, 16, 16, 32)       128       
 ormalization)                                                   
                                                                 
 conv2d_1 (Conv2D)           (None, 16, 16, 256)       73984     
                                                                 
 conv2d_2 (Conv2D)           (None, 16, 16, 256)       590080    
                                                                 
 dropout (Dropout)           (None, 16, 16, 256)       0         
                                                                 
 flatten (Flatten)           (None, 65536)             0         
                                                                 
 dense (Dense)               (None, 22)                1441814   
                                                                 
 dropout_1 (Dropout)         (None, 22)                0         
                                                                 
 dense_1 (Dense)             (None, 10)                230       
                                                                 
=================================================================
Total params: 2,107,132
Trainable params: 2,107,068
Non-trainable params: 64
_________________________________________________________________
Taxa de aprendizado:  1e-05 Num de épocas:  121 Tamanho do lote:  512 Dropout:  0.27489
Epoch 1/121
2024-06-26 09:17:44.772148: I tensorflow/stream_executor/cuda/cuda_dnn.cc:384] Loaded cuDNN version 8100
2024-06-26 09:17:45.463053: W tensorflow/stream_executor/gpu/redzone_allocator.cc:314] INTERNAL: ptxas exited with non-zero error code -1, output: 
Relying on driver to perform ptx compilation. 
Modify $PATH to customize ptxas location.
This message will be only logged once.
2024-06-26 09:17:46.758207: I tensorflow/stream_executor/cuda/cuda_blas.cc:1614] TensorFloat-32 will be used for the matrix multiplication. This will only be logged once.

 1/98 [..............................] - ETA: 7:59 - loss: 2.3940 - accuracy: 0.0938
 3/98 [..............................] - ETA: 5s - loss: 2.3601 - accuracy: 0.0938  
 4/98 [>.............................] - ETA: 5s - loss: 2.3479 - accuracy: 0.0967
 6/98 [>.............................] - ETA: 5s - loss: 2.3335 - accuracy: 0.1025
 7/98 [=>............................] - ETA: 5s - loss: 2.3263 - accuracy: 0.1074
 9/98 [=>............................] - ETA: 5s - loss: 2.3123 - accuracy: 0.1174
11/98 [==>...........................] - ETA: 4s - loss: 2.3026 - accuracy: 0.1218
12/98 [==>...........................] - ETA: 4s - loss: 2.2966 - accuracy: 0.1261
14/98 [===>..........................] - ETA: 4s - loss: 2.2843 - accuracy: 0.1325
15/98 [===>..........................] - ETA: 4s - loss: 2.2804 - accuracy: 0.1366
17/98 [====>.........................] - ETA: 4s - loss: 2.2729 - accuracy: 0.1420
18/98 [====>.........................] - ETA: 4s - loss: 2.2668 - accuracy: 0.1451
20/98 [=====>........................] - ETA: 4s - loss: 2.2594 - accuracy: 0.1492
21/98 [=====>........................] - ETA: 4s - loss: 2.2546 - accuracy: 0.1516
23/98 [======>.......................] - ETA: 4s - loss: 2.2472 - accuracy: 0.1555
24/98 [======>.......................] - ETA: 4s - loss: 2.2429 - accuracy: 0.1577
26/98 [======>.......................] - ETA: 4s - loss: 2.2354 - accuracy: 0.1626
28/98 [=======>......................] - ETA: 3s - loss: 2.2288 - accuracy: 0.1666
29/98 [=======>......................] - ETA: 3s - loss: 2.2247 - accuracy: 0.1676
31/98 [========>.....................] - ETA: 3s - loss: 2.2184 - accuracy: 0.1699
33/98 [=========>....................] - ETA: 3s - loss: 2.2122 - accuracy: 0.1748
34/98 [=========>....................] - ETA: 3s - loss: 2.2093 - accuracy: 0.1762
36/98 [==========>...................] - ETA: 3s - loss: 2.2020 - accuracy: 0.1804
37/98 [==========>...................] - ETA: 3s - loss: 2.1995 - accuracy: 0.1819
39/98 [==========>...................] - ETA: 3s - loss: 2.1951 - accuracy: 0.1838
41/98 [===========>..................] - ETA: 3s - loss: 2.1910 - accuracy: 0.1857
42/98 [===========>..................] - ETA: 3s - loss: 2.1885 - accuracy: 0.1869
44/98 [============>.................] - ETA: 3s - loss: 2.1833 - accuracy: 0.1899
45/98 [============>.................] - ETA: 3s - loss: 2.1805 - accuracy: 0.1911
47/98 [=============>................] - ETA: 2s - loss: 2.1756 - accuracy: 0.1943
48/98 [=============>................] - ETA: 2s - loss: 2.1735 - accuracy: 0.1952
50/98 [==============>...............] - ETA: 2s - loss: 2.1680 - accuracy: 0.1978
51/98 [==============>...............] - ETA: 2s - loss: 2.1657 - accuracy: 0.1991
53/98 [===============>..............] - ETA: 2s - loss: 2.1612 - accuracy: 0.2014
54/98 [===============>..............] - ETA: 2s - loss: 2.1590 - accuracy: 0.2025
56/98 [================>.............] - ETA: 2s - loss: 2.1550 - accuracy: 0.2042
58/98 [================>.............] - ETA: 2s - loss: 2.1503 - accuracy: 0.2070
59/98 [=================>............] - ETA: 2s - loss: 2.1480 - accuracy: 0.2085
61/98 [=================>............] - ETA: 3s - loss: 2.1444 - accuracy: 0.2107
62/98 [=================>............] - ETA: 3s - loss: 2.1428 - accuracy: 0.2119
64/98 [==================>...........] - ETA: 2s - loss: 2.1391 - accuracy: 0.2135
65/98 [==================>...........] - ETA: 2s - loss: 2.1374 - accuracy: 0.2141
67/98 [===================>..........] - ETA: 2s - loss: 2.1334 - accuracy: 0.2160
68/98 [===================>..........] - ETA: 2s - loss: 2.1312 - accuracy: 0.2174
70/98 [====================>.........] - ETA: 2s - loss: 2.1269 - accuracy: 0.2201
72/98 [=====================>........] - ETA: 2s - loss: 2.1231 - accuracy: 0.2220
73/98 [=====================>........] - ETA: 2s - loss: 2.1217 - accuracy: 0.2227
75/98 [=====================>........] - ETA: 1s - loss: 2.1174 - accuracy: 0.2252
76/98 [======================>.......] - ETA: 1s - loss: 2.1155 - accuracy: 0.2261
78/98 [======================>.......] - ETA: 1s - loss: 2.1127 - accuracy: 0.2278
79/98 [=======================>......] - ETA: 1s - loss: 2.1111 - accuracy: 0.2287
81/98 [=======================>......] - ETA: 1s - loss: 2.1067 - accuracy: 0.2312
82/98 [========================>.....] - ETA: 1s - loss: 2.1048 - accuracy: 0.2321
84/98 [========================>.....] - ETA: 1s - loss: 2.1013 - accuracy: 0.2339
85/98 [=========================>....] - ETA: 1s - loss: 2.0999 - accuracy: 0.2344
87/98 [=========================>....] - ETA: 0s - loss: 2.0965 - accuracy: 0.2366
88/98 [=========================>....] - ETA: 0s - loss: 2.0948 - accuracy: 0.2374
90/98 [==========================>...] - ETA: 0s - loss: 2.0911 - accuracy: 0.2392
92/98 [===========================>..] - ETA: 0s - loss: 2.0877 - accuracy: 0.2410
93/98 [===========================>..] - ETA: 0s - loss: 2.0859 - accuracy: 0.2417
95/98 [============================>.] - ETA: 0s - loss: 2.0837 - accuracy: 0.2429
96/98 [============================>.] - ETA: 0s - loss: 2.0825 - accuracy: 0.2437
98/98 [==============================] - ETA: 0s - loss: 2.0795 - accuracy: 0.2452
98/98 [==============================] - 13s 84ms/step - loss: 2.0795 - accuracy: 0.2452 - val_loss: 2.2173 - val_accuracy: 0.3044
Epoch 2/121

 1/98 [..............................] - ETA: 6s - loss: 1.9006 - accuracy: 0.3574
 2/98 [..............................] - ETA: 6s - loss: 1.9000 - accuracy: 0.3301
 4/98 [>.............................] - ETA: 5s - loss: 1.9036 - accuracy: 0.3276
 5/98 [>.............................] - ETA: 5s - loss: 1.9090 - accuracy: 0.3277
 7/98 [=>............................] - ETA: 5s - loss: 1.9113 - accuracy: 0.3295
 9/98 [=>............................] - ETA: 5s - loss: 1.9051 - accuracy: 0.3353
10/98 [==>...........................] - ETA: 5s - loss: 1.9058 - accuracy: 0.3352
12/98 [==>...........................] - ETA: 4s - loss: 1.9053 - accuracy: 0.3348
13/98 [==>...........................] - ETA: 4s - loss: 1.9070 - accuracy: 0.3335
15/98 [===>..........................] - ETA: 4s - loss: 1.9049 - accuracy: 0.3366
16/98 [===>..........................] - ETA: 4s - loss: 1.9045 - accuracy: 0.3363
18/98 [====>.........................] - ETA: 4s - loss: 1.9037 - accuracy: 0.3355
20/98 [=====>........................] - ETA: 4s - loss: 1.9028 - accuracy: 0.3357
21/98 [=====>........................] - ETA: 4s - loss: 1.9041 - accuracy: 0.3352
23/98 [======>.......................] - ETA: 4s - loss: 1.9025 - accuracy: 0.3362
24/98 [======>.......................] - ETA: 4s - loss: 1.8998 - accuracy: 0.3377
26/98 [======>.......................] - ETA: 4s - loss: 1.8971 - accuracy: 0.3389
27/98 [=======>......................] - ETA: 4s - loss: 1.8947 - accuracy: 0.3406
29/98 [=======>......................] - ETA: 3s - loss: 1.8923 - accuracy: 0.3423
31/98 [========>.....................] - ETA: 3s - loss: 1.8897 - accuracy: 0.3428
32/98 [========>.....................] - ETA: 3s - loss: 1.8887 - accuracy: 0.3429
33/98 [=========>....................] - ETA: 3s - loss: 1.8877 - accuracy: 0.3427
35/98 [=========>....................] - ETA: 3s - loss: 1.8859 - accuracy: 0.3434
37/98 [==========>...................] - ETA: 3s - loss: 1.8835 - accuracy: 0.3434
38/98 [==========>...................] - ETA: 3s - loss: 1.8828 - accuracy: 0.3440
40/98 [===========>..................] - ETA: 3s - loss: 1.8802 - accuracy: 0.3442
41/98 [===========>..................] - ETA: 3s - loss: 1.8788 - accuracy: 0.3445
43/98 [============>.................] - ETA: 3s - loss: 1.8768 - accuracy: 0.3448
44/98 [============>.................] - ETA: 3s - loss: 1.8766 - accuracy: 0.3443
46/98 [=============>................] - ETA: 2s - loss: 1.8751 - accuracy: 0.3451
48/98 [=============>................] - ETA: 2s - loss: 1.8733 - accuracy: 0.3462
49/98 [==============>...............] - ETA: 2s - loss: 1.8726 - accuracy: 0.3464
51/98 [==============>...............] - ETA: 2s - loss: 1.8716 - accuracy: 0.3460
52/98 [==============>...............] - ETA: 2s - loss: 1.8702 - accuracy: 0.3460
54/98 [===============>..............] - ETA: 2s - loss: 1.8691 - accuracy: 0.3469
55/98 [===============>..............] - ETA: 2s - loss: 1.8678 - accuracy: 0.3474
57/98 [================>.............] - ETA: 2s - loss: 1.8669 - accuracy: 0.3475
58/98 [================>.............] - ETA: 2s - loss: 1.8662 - accuracy: 0.3481
60/98 [=================>............] - ETA: 2s - loss: 1.8648 - accuracy: 0.3486
61/98 [=================>............] - ETA: 2s - loss: 1.8640 - accuracy: 0.3490
63/98 [==================>...........] - ETA: 1s - loss: 1.8621 - accuracy: 0.3491
65/98 [==================>...........] - ETA: 1s - loss: 1.8602 - accuracy: 0.3496
66/98 [===================>..........] - ETA: 1s - loss: 1.8603 - accuracy: 0.3492
67/98 [===================>..........] - ETA: 1s - loss: 1.8602 - accuracy: 0.3494
69/98 [====================>.........] - ETA: 1s - loss: 1.8593 - accuracy: 0.3498
70/98 [====================>.........] - ETA: 1s - loss: 1.8588 - accuracy: 0.3499
72/98 [=====================>........] - ETA: 1s - loss: 1.8580 - accuracy: 0.3500
74/98 [=====================>........] - ETA: 1s - loss: 1.8572 - accuracy: 0.3500
75/98 [=====================>........] - ETA: 1s - loss: 1.8571 - accuracy: 0.3500
77/98 [======================>.......] - ETA: 1s - loss: 1.8546 - accuracy: 0.3505
78/98 [======================>.......] - ETA: 1s - loss: 1.8531 - accuracy: 0.3512
80/98 [=======================>......] - ETA: 1s - loss: 1.8519 - accuracy: 0.3513
81/98 [=======================>......] - ETA: 0s - loss: 1.8516 - accuracy: 0.3514
83/98 [========================>.....] - ETA: 0s - loss: 1.8506 - accuracy: 0.3515
85/98 [=========================>....] - ETA: 0s - loss: 1.8496 - accuracy: 0.3517
86/98 [=========================>....] - ETA: 0s - loss: 1.8493 - accuracy: 0.3516
88/98 [=========================>....] - ETA: 0s - loss: 1.8480 - accuracy: 0.3525
89/98 [==========================>...] - ETA: 0s - loss: 1.8470 - accuracy: 0.3528
91/98 [==========================>...] - ETA: 0s - loss: 1.8460 - accuracy: 0.3529
93/98 [===========================>..] - ETA: 0s - loss: 1.8448 - accuracy: 0.3535
94/98 [===========================>..] - ETA: 0s - loss: 1.8450 - accuracy: 0.3534
96/98 [============================>.] - ETA: 0s - loss: 1.8438 - accuracy: 0.3536
97/98 [============================>.] - ETA: 0s - loss: 1.8429 - accuracy: 0.3541
98/98 [==============================] - 6s 63ms/step - loss: 1.8424 - accuracy: 0.3543 - val_loss: 2.0932 - val_accuracy: 0.3871
Epoch 3/121

 1/98 [..............................] - ETA: 6s - loss: 1.7480 - accuracy: 0.3945
 2/98 [..............................] - ETA: 6s - loss: 1.7569 - accuracy: 0.4014
 4/98 [>.............................] - ETA: 5s - loss: 1.7673 - accuracy: 0.3813
 5/98 [>.............................] - ETA: 5s - loss: 1.7598 - accuracy: 0.3887
 7/98 [=>............................] - ETA: 5s - loss: 1.7579 - accuracy: 0.3862
 8/98 [=>............................] - ETA: 5s - loss: 1.7565 - accuracy: 0.3857
10/98 [==>...........................] - ETA: 5s - loss: 1.7564 - accuracy: 0.3859
12/98 [==>...........................] - ETA: 4s - loss: 1.7583 - accuracy: 0.3859
13/98 [==>...........................] - ETA: 4s - loss: 1.7580 - accuracy: 0.3837
15/98 [===>..........................] - ETA: 4s - loss: 1.7576 - accuracy: 0.3828
16/98 [===>..........................] - ETA: 4s - loss: 1.7553 - accuracy: 0.3838
18/98 [====>.........................] - ETA: 4s - loss: 1.7512 - accuracy: 0.3855
19/98 [====>.........................] - ETA: 4s - loss: 1.7514 - accuracy: 0.3855
21/98 [=====>........................] - ETA: 4s - loss: 1.7502 - accuracy: 0.3862
22/98 [=====>........................] - ETA: 4s - loss: 1.7500 - accuracy: 0.3869
24/98 [======>.......................] - ETA: 4s - loss: 1.7498 - accuracy: 0.3869
26/98 [======>.......................] - ETA: 4s - loss: 1.7515 - accuracy: 0.3861
27/98 [=======>......................] - ETA: 4s - loss: 1.7508 - accuracy: 0.3875
29/98 [=======>......................] - ETA: 3s - loss: 1.7506 - accuracy: 0.3870
30/98 [========>.....................] - ETA: 3s - loss: 1.7509 - accuracy: 0.3867
32/98 [========>.....................] - ETA: 3s - loss: 1.7503 - accuracy: 0.3863
33/98 [=========>....................] - ETA: 3s - loss: 1.7513 - accuracy: 0.3856
35/98 [=========>....................] - ETA: 3s - loss: 1.7519 - accuracy: 0.3855
36/98 [==========>...................] - ETA: 3s - loss: 1.7530 - accuracy: 0.3847
38/98 [==========>...................] - ETA: 3s - loss: 1.7530 - accuracy: 0.3848
40/98 [===========>..................] - ETA: 3s - loss: 1.7530 - accuracy: 0.3843
41/98 [===========>..................] - ETA: 3s - loss: 1.7520 - accuracy: 0.3845
43/98 [============>.................] - ETA: 3s - loss: 1.7509 - accuracy: 0.3844
44/98 [============>.................] - ETA: 3s - loss: 1.7497 - accuracy: 0.3856
46/98 [=============>................] - ETA: 2s - loss: 1.7484 - accuracy: 0.3865
47/98 [=============>................] - ETA: 2s - loss: 1.7485 - accuracy: 0.3867
49/98 [==============>...............] - ETA: 2s - loss: 1.7475 - accuracy: 0.3869
50/98 [==============>...............] - ETA: 2s - loss: 1.7460 - accuracy: 0.3880
52/98 [==============>...............] - ETA: 2s - loss: 1.7461 - accuracy: 0.3876
54/98 [===============>..............] - ETA: 2s - loss: 1.7449 - accuracy: 0.3882
55/98 [===============>..............] - ETA: 2s - loss: 1.7442 - accuracy: 0.3889
57/98 [================>.............] - ETA: 2s - loss: 1.7442 - accuracy: 0.3889
59/98 [=================>............] - ETA: 2s - loss: 1.7433 - accuracy: 0.3893
60/98 [=================>............] - ETA: 2s - loss: 1.7421 - accuracy: 0.3899
62/98 [=================>............] - ETA: 2s - loss: 1.7423 - accuracy: 0.3900
63/98 [==================>...........] - ETA: 1s - loss: 1.7416 - accuracy: 0.3906
65/98 [==================>...........] - ETA: 1s - loss: 1.7393 - accuracy: 0.3926
66/98 [===================>..........] - ETA: 1s - loss: 1.7392 - accuracy: 0.3928
68/98 [===================>..........] - ETA: 1s - loss: 1.7390 - accuracy: 0.3930
70/98 [====================>.........] - ETA: 1s - loss: 1.7392 - accuracy: 0.3932
71/98 [====================>.........] - ETA: 1s - loss: 1.7386 - accuracy: 0.3935
73/98 [=====================>........] - ETA: 1s - loss: 1.7387 - accuracy: 0.3929
74/98 [=====================>........] - ETA: 1s - loss: 1.7378 - accuracy: 0.3933
76/98 [======================>.......] - ETA: 1s - loss: 1.7374 - accuracy: 0.3930
78/98 [======================>.......] - ETA: 1s - loss: 1.7371 - accuracy: 0.3934
79/98 [=======================>......] - ETA: 1s - loss: 1.7368 - accuracy: 0.3935
81/98 [=======================>......] - ETA: 0s - loss: 1.7354 - accuracy: 0.3935
82/98 [========================>.....] - ETA: 0s - loss: 1.7349 - accuracy: 0.3936
83/98 [========================>.....] - ETA: 0s - loss: 1.7353 - accuracy: 0.3935
85/98 [=========================>....] - ETA: 0s - loss: 1.7348 - accuracy: 0.3935
87/98 [=========================>....] - ETA: 0s - loss: 1.7339 - accuracy: 0.3941
88/98 [=========================>....] - ETA: 0s - loss: 1.7334 - accuracy: 0.3942
90/98 [==========================>...] - ETA: 0s - loss: 1.7318 - accuracy: 0.3949
91/98 [==========================>...] - ETA: 0s - loss: 1.7311 - accuracy: 0.3949
93/98 [===========================>..] - ETA: 0s - loss: 1.7295 - accuracy: 0.3955
94/98 [===========================>..] - ETA: 0s - loss: 1.7291 - accuracy: 0.3957
96/98 [============================>.] - ETA: 0s - loss: 1.7284 - accuracy: 0.3958
97/98 [============================>.] - ETA: 0s - loss: 1.7281 - accuracy: 0.3959
98/98 [==============================] - 6s 63ms/step - loss: 1.7279 - accuracy: 0.3961 - val_loss: 1.9293 - val_accuracy: 0.4206
Epoch 4/121

 1/98 [..............................] - ETA: 6s - loss: 1.6890 - accuracy: 0.3867
 2/98 [..............................] - ETA: 5s - loss: 1.6793 - accuracy: 0.4053
 4/98 [>.............................] - ETA: 5s - loss: 1.7052 - accuracy: 0.3911
 5/98 [>.............................] - ETA: 5s - loss: 1.6904 - accuracy: 0.4004
 7/98 [=>............................] - ETA: 5s - loss: 1.7020 - accuracy: 0.3943
 8/98 [=>............................] - ETA: 5s - loss: 1.7026 - accuracy: 0.3958
10/98 [==>...........................] - ETA: 5s - loss: 1.6926 - accuracy: 0.4004
12/98 [==>...........................] - ETA: 4s - loss: 1.6862 - accuracy: 0.4056
13/98 [==>...........................] - ETA: 4s - loss: 1.6858 - accuracy: 0.4076
15/98 [===>..........................] - ETA: 4s - loss: 1.6903 - accuracy: 0.4078
16/98 [===>..........................] - ETA: 4s - loss: 1.6869 - accuracy: 0.4103
18/98 [====>.........................] - ETA: 4s - loss: 1.6874 - accuracy: 0.4112
19/98 [====>.........................] - ETA: 4s - loss: 1.6881 - accuracy: 0.4100
21/98 [=====>........................] - ETA: 4s - loss: 1.6852 - accuracy: 0.4104
23/98 [======>.......................] - ETA: 4s - loss: 1.6826 - accuracy: 0.4105
24/98 [======>.......................] - ETA: 4s - loss: 1.6823 - accuracy: 0.4115
26/98 [======>.......................] - ETA: 4s - loss: 1.6821 - accuracy: 0.4120
27/98 [=======>......................] - ETA: 4s - loss: 1.6800 - accuracy: 0.4123
29/98 [=======>......................] - ETA: 3s - loss: 1.6813 - accuracy: 0.4105
30/98 [========>.....................] - ETA: 3s - loss: 1.6802 - accuracy: 0.4119
32/98 [========>.....................] - ETA: 3s - loss: 1.6810 - accuracy: 0.4117
33/98 [=========>....................] - ETA: 3s - loss: 1.6807 - accuracy: 0.4125
35/98 [=========>....................] - ETA: 3s - loss: 1.6802 - accuracy: 0.4137
36/98 [==========>...................] - ETA: 3s - loss: 1.6801 - accuracy: 0.4141
38/98 [==========>...................] - ETA: 3s - loss: 1.6803 - accuracy: 0.4143
40/98 [===========>..................] - ETA: 3s - loss: 1.6806 - accuracy: 0.4136
41/98 [===========>..................] - ETA: 3s - loss: 1.6811 - accuracy: 0.4133
43/98 [============>.................] - ETA: 3s - loss: 1.6802 - accuracy: 0.4140
44/98 [============>.................] - ETA: 3s - loss: 1.6807 - accuracy: 0.4139
46/98 [=============>................] - ETA: 2s - loss: 1.6782 - accuracy: 0.4153
47/98 [=============>................] - ETA: 2s - loss: 1.6777 - accuracy: 0.4157
49/98 [==============>...............] - ETA: 2s - loss: 1.6775 - accuracy: 0.4153
51/98 [==============>...............] - ETA: 2s - loss: 1.6772 - accuracy: 0.4158
52/98 [==============>...............] - ETA: 2s - loss: 1.6781 - accuracy: 0.4152
54/98 [===============>..............] - ETA: 2s - loss: 1.6785 - accuracy: 0.4149
56/98 [================>.............] - ETA: 2s - loss: 1.6783 - accuracy: 0.4151
57/98 [================>.............] - ETA: 2s - loss: 1.6767 - accuracy: 0.4155
59/98 [=================>............] - ETA: 2s - loss: 1.6760 - accuracy: 0.4154
60/98 [=================>............] - ETA: 2s - loss: 1.6766 - accuracy: 0.4151
62/98 [=================>............] - ETA: 2s - loss: 1.6754 - accuracy: 0.4153
63/98 [==================>...........] - ETA: 1s - loss: 1.6752 - accuracy: 0.4155
65/98 [==================>...........] - ETA: 1s - loss: 1.6748 - accuracy: 0.4154
67/98 [===================>..........] - ETA: 1s - loss: 1.6749 - accuracy: 0.4155
68/98 [===================>..........] - ETA: 1s - loss: 1.6747 - accuracy: 0.4156
70/98 [====================>.........] - ETA: 1s - loss: 1.6747 - accuracy: 0.4157
71/98 [====================>.........] - ETA: 1s - loss: 1.6747 - accuracy: 0.4157
73/98 [=====================>........] - ETA: 1s - loss: 1.6742 - accuracy: 0.4156
74/98 [=====================>........] - ETA: 1s - loss: 1.6738 - accuracy: 0.4160
76/98 [======================>.......] - ETA: 1s - loss: 1.6731 - accuracy: 0.4168
77/98 [======================>.......] - ETA: 1s - loss: 1.6725 - accuracy: 0.4170
79/98 [=======================>......] - ETA: 1s - loss: 1.6720 - accuracy: 0.4170
80/98 [=======================>......] - ETA: 1s - loss: 1.6722 - accuracy: 0.4172
82/98 [========================>.....] - ETA: 0s - loss: 1.6728 - accuracy: 0.4167
84/98 [========================>.....] - ETA: 0s - loss: 1.6723 - accuracy: 0.4167
85/98 [=========================>....] - ETA: 0s - loss: 1.6722 - accuracy: 0.4166
87/98 [=========================>....] - ETA: 0s - loss: 1.6719 - accuracy: 0.4167
88/98 [=========================>....] - ETA: 0s - loss: 1.6717 - accuracy: 0.4168
90/98 [==========================>...] - ETA: 0s - loss: 1.6702 - accuracy: 0.4175
91/98 [==========================>...] - ETA: 0s - loss: 1.6698 - accuracy: 0.4177
93/98 [===========================>..] - ETA: 0s - loss: 1.6696 - accuracy: 0.4178
94/98 [===========================>..] - ETA: 0s - loss: 1.6688 - accuracy: 0.4181
96/98 [============================>.] - ETA: 0s - loss: 1.6678 - accuracy: 0.4184
98/98 [==============================] - ETA: 0s - loss: 1.6675 - accuracy: 0.4182
98/98 [==============================] - 6s 63ms/step - loss: 1.6675 - accuracy: 0.4182 - val_loss: 1.7709 - val_accuracy: 0.4427
Epoch 5/121

 1/98 [..............................] - ETA: 7s - loss: 1.5707 - accuracy: 0.4531
 2/98 [..............................] - ETA: 5s - loss: 1.6003 - accuracy: 0.4570
 4/98 [>.............................] - ETA: 5s - loss: 1.6463 - accuracy: 0.4292
 6/98 [>.............................] - ETA: 5s - loss: 1.6339 - accuracy: 0.4333
 7/98 [=>............................] - ETA: 5s - loss: 1.6389 - accuracy: 0.4277
 9/98 [=>............................] - ETA: 5s - loss: 1.6500 - accuracy: 0.4247
10/98 [==>...........................] - ETA: 5s - loss: 1.6430 - accuracy: 0.4305
12/98 [==>...........................] - ETA: 4s - loss: 1.6374 - accuracy: 0.4338
13/98 [==>...........................] - ETA: 4s - loss: 1.6352 - accuracy: 0.4330
15/98 [===>..........................] - ETA: 4s - loss: 1.6342 - accuracy: 0.4329
16/98 [===>..........................] - ETA: 4s - loss: 1.6355 - accuracy: 0.4326
17/98 [====>.........................] - ETA: 4s - loss: 1.6334 - accuracy: 0.4324
18/98 [====>.........................] - ETA: 4s - loss: 1.6383 - accuracy: 0.4300
20/98 [=====>........................] - ETA: 4s - loss: 1.6356 - accuracy: 0.4287
21/98 [=====>........................] - ETA: 4s - loss: 1.6377 - accuracy: 0.4267
23/98 [======>.......................] - ETA: 4s - loss: 1.6352 - accuracy: 0.4273
24/98 [======>.......................] - ETA: 4s - loss: 1.6334 - accuracy: 0.4288
26/98 [======>.......................] - ETA: 4s - loss: 1.6351 - accuracy: 0.4286
27/98 [=======>......................] - ETA: 4s - loss: 1.6350 - accuracy: 0.4283
29/98 [=======>......................] - ETA: 3s - loss: 1.6354 - accuracy: 0.4286
30/98 [========>.....................] - ETA: 3s - loss: 1.6350 - accuracy: 0.4294
32/98 [========>.....................] - ETA: 3s - loss: 1.6349 - accuracy: 0.4294
33/98 [=========>....................] - ETA: 3s - loss: 1.6345 - accuracy: 0.4306
35/98 [=========>....................] - ETA: 3s - loss: 1.6351 - accuracy: 0.4294
36/98 [==========>...................] - ETA: 3s - loss: 1.6339 - accuracy: 0.4295
38/98 [==========>...................] - ETA: 3s - loss: 1.6336 - accuracy: 0.4299
39/98 [==========>...................] - ETA: 3s - loss: 1.6326 - accuracy: 0.4303
41/98 [===========>..................] - ETA: 3s - loss: 1.6313 - accuracy: 0.4311
42/98 [===========>..................] - ETA: 3s - loss: 1.6322 - accuracy: 0.4307
44/98 [============>.................] - ETA: 3s - loss: 1.6318 - accuracy: 0.4304
45/98 [============>.................] - ETA: 3s - loss: 1.6320 - accuracy: 0.4302
47/98 [=============>................] - ETA: 2s - loss: 1.6318 - accuracy: 0.4311
49/98 [==============>...............] - ETA: 2s - loss: 1.6316 - accuracy: 0.4307
50/98 [==============>...............] - ETA: 2s - loss: 1.6312 - accuracy: 0.4306
52/98 [==============>...............] - ETA: 2s - loss: 1.6311 - accuracy: 0.4313
53/98 [===============>..............] - ETA: 2s - loss: 1.6301 - accuracy: 0.4316
54/98 [===============>..............] - ETA: 2s - loss: 1.6296 - accuracy: 0.4321
56/98 [================>.............] - ETA: 2s - loss: 1.6292 - accuracy: 0.4321
57/98 [================>.............] - ETA: 2s - loss: 1.6299 - accuracy: 0.4323
59/98 [=================>............] - ETA: 2s - loss: 1.6295 - accuracy: 0.4327
60/98 [=================>............] - ETA: 2s - loss: 1.6300 - accuracy: 0.4326
62/98 [=================>............] - ETA: 2s - loss: 1.6293 - accuracy: 0.4329
63/98 [==================>...........] - ETA: 2s - loss: 1.6290 - accuracy: 0.4332
65/98 [==================>...........] - ETA: 1s - loss: 1.6286 - accuracy: 0.4334
67/98 [===================>..........] - ETA: 1s - loss: 1.6277 - accuracy: 0.4339
68/98 [===================>..........] - ETA: 1s - loss: 1.6271 - accuracy: 0.4344
70/98 [====================>.........] - ETA: 1s - loss: 1.6267 - accuracy: 0.4347
71/98 [====================>.........] - ETA: 1s - loss: 1.6255 - accuracy: 0.4356
73/98 [=====================>........] - ETA: 1s - loss: 1.6269 - accuracy: 0.4350
74/98 [=====================>........] - ETA: 1s - loss: 1.6266 - accuracy: 0.4352
76/98 [======================>.......] - ETA: 1s - loss: 1.6267 - accuracy: 0.4356
77/98 [======================>.......] - ETA: 1s - loss: 1.6271 - accuracy: 0.4356
79/98 [=======================>......] - ETA: 1s - loss: 1.6274 - accuracy: 0.4351
80/98 [=======================>......] - ETA: 1s - loss: 1.6271 - accuracy: 0.4354
82/98 [========================>.....] - ETA: 0s - loss: 1.6270 - accuracy: 0.4355
83/98 [========================>.....] - ETA: 0s - loss: 1.6271 - accuracy: 0.4356
85/98 [=========================>....] - ETA: 0s - loss: 1.6265 - accuracy: 0.4360
86/98 [=========================>....] - ETA: 0s - loss: 1.6257 - accuracy: 0.4363
88/98 [=========================>....] - ETA: 0s - loss: 1.6252 - accuracy: 0.4367
89/98 [==========================>...] - ETA: 0s - loss: 1.6250 - accuracy: 0.4368
91/98 [==========================>...] - ETA: 0s - loss: 1.6244 - accuracy: 0.4368
93/98 [===========================>..] - ETA: 0s - loss: 1.6235 - accuracy: 0.4375
94/98 [===========================>..] - ETA: 0s - loss: 1.6236 - accuracy: 0.4373
96/98 [============================>.] - ETA: 0s - loss: 1.6227 - accuracy: 0.4373
97/98 [============================>.] - ETA: 0s - loss: 1.6223 - accuracy: 0.4378
98/98 [==============================] - 6s 63ms/step - loss: 1.6218 - accuracy: 0.4379 - val_loss: 1.6413 - val_accuracy: 0.4670
Epoch 6/121

 1/98 [..............................] - ETA: 4s - loss: 1.5707 - accuracy: 0.4673
 2/98 [..............................] - ETA: 5s - loss: 1.5888 - accuracy: 0.4564
 4/98 [>.............................] - ETA: 5s - loss: 1.6002 - accuracy: 0.4605
 5/98 [>.............................] - ETA: 5s - loss: 1.5936 - accuracy: 0.4627
 7/98 [=>............................] - ETA: 5s - loss: 1.5976 - accuracy: 0.4536
 8/98 [=>............................] - ETA: 5s - loss: 1.5966 - accuracy: 0.4536
10/98 [==>...........................] - ETA: 5s - loss: 1.6070 - accuracy: 0.4468
12/98 [==>...........................] - ETA: 4s - loss: 1.6059 - accuracy: 0.4492
13/98 [==>...........................] - ETA: 4s - loss: 1.6002 - accuracy: 0.4528
15/98 [===>..........................] - ETA: 4s - loss: 1.5966 - accuracy: 0.4548
16/98 [===>..........................] - ETA: 4s - loss: 1.5913 - accuracy: 0.4567
18/98 [====>.........................] - ETA: 4s - loss: 1.5952 - accuracy: 0.4529
19/98 [====>.........................] - ETA: 4s - loss: 1.5934 - accuracy: 0.4524
21/98 [=====>........................] - ETA: 4s - loss: 1.5964 - accuracy: 0.4513
22/98 [=====>........................] - ETA: 4s - loss: 1.5990 - accuracy: 0.4499
24/98 [======>.......................] - ETA: 4s - loss: 1.5956 - accuracy: 0.4510
25/98 [======>.......................] - ETA: 4s - loss: 1.5964 - accuracy: 0.4506
27/98 [=======>......................] - ETA: 4s - loss: 1.5980 - accuracy: 0.4504
29/98 [=======>......................] - ETA: 3s - loss: 1.5994 - accuracy: 0.4487
30/98 [========>.....................] - ETA: 3s - loss: 1.5968 - accuracy: 0.4492
32/98 [========>.....................] - ETA: 3s - loss: 1.5966 - accuracy: 0.4498
33/98 [=========>....................] - ETA: 3s - loss: 1.5981 - accuracy: 0.4496
35/98 [=========>....................] - ETA: 3s - loss: 1.5988 - accuracy: 0.4492
36/98 [==========>...................] - ETA: 3s - loss: 1.5994 - accuracy: 0.4494
38/98 [==========>...................] - ETA: 3s - loss: 1.5995 - accuracy: 0.4493
39/98 [==========>...................] - ETA: 3s - loss: 1.5972 - accuracy: 0.4500
41/98 [===========>..................] - ETA: 3s - loss: 1.5955 - accuracy: 0.4510
43/98 [============>.................] - ETA: 3s - loss: 1.5953 - accuracy: 0.4503
44/98 [============>.................] - ETA: 3s - loss: 1.5941 - accuracy: 0.4510
46/98 [=============>................] - ETA: 2s - loss: 1.5941 - accuracy: 0.4499
47/98 [=============>................] - ETA: 2s - loss: 1.5948 - accuracy: 0.4496
49/98 [==============>...............] - ETA: 2s - loss: 1.5936 - accuracy: 0.4505
50/98 [==============>...............] - ETA: 2s - loss: 1.5934 - accuracy: 0.4504
52/98 [==============>...............] - ETA: 2s - loss: 1.5932 - accuracy: 0.4498
53/98 [===============>..............] - ETA: 2s - loss: 1.5940 - accuracy: 0.4494
55/98 [===============>..............] - ETA: 2s - loss: 1.5943 - accuracy: 0.4494
56/98 [================>.............] - ETA: 2s - loss: 1.5938 - accuracy: 0.4491
58/98 [================>.............] - ETA: 2s - loss: 1.5944 - accuracy: 0.4487
60/98 [=================>............] - ETA: 2s - loss: 1.5938 - accuracy: 0.4487
61/98 [=================>............] - ETA: 2s - loss: 1.5931 - accuracy: 0.4489
63/98 [==================>...........] - ETA: 1s - loss: 1.5928 - accuracy: 0.4489
64/98 [==================>...........] - ETA: 1s - loss: 1.5925 - accuracy: 0.4493
66/98 [===================>..........] - ETA: 1s - loss: 1.5920 - accuracy: 0.4496
67/98 [===================>..........] - ETA: 1s - loss: 1.5911 - accuracy: 0.4502
69/98 [====================>.........] - ETA: 1s - loss: 1.5899 - accuracy: 0.4503
70/98 [====================>.........] - ETA: 1s - loss: 1.5896 - accuracy: 0.4505
72/98 [=====================>........] - ETA: 1s - loss: 1.5890 - accuracy: 0.4506
73/98 [=====================>........] - ETA: 1s - loss: 1.5891 - accuracy: 0.4503
75/98 [=====================>........] - ETA: 1s - loss: 1.5885 - accuracy: 0.4503
76/98 [======================>.......] - ETA: 1s - loss: 1.5884 - accuracy: 0.4504
78/98 [======================>.......] - ETA: 1s - loss: 1.5885 - accuracy: 0.4504
80/98 [=======================>......] - ETA: 1s - loss: 1.5883 - accuracy: 0.4502
81/98 [=======================>......] - ETA: 0s - loss: 1.5877 - accuracy: 0.4504
83/98 [========================>.....] - ETA: 0s - loss: 1.5876 - accuracy: 0.4502
84/98 [========================>.....] - ETA: 0s - loss: 1.5872 - accuracy: 0.4508
86/98 [=========================>....] - ETA: 0s - loss: 1.5866 - accuracy: 0.4510
87/98 [=========================>....] - ETA: 0s - loss: 1.5864 - accuracy: 0.4511
89/98 [==========================>...] - ETA: 0s - loss: 1.5856 - accuracy: 0.4510
90/98 [==========================>...] - ETA: 0s - loss: 1.5850 - accuracy: 0.4512
92/98 [===========================>..] - ETA: 0s - loss: 1.5851 - accuracy: 0.4508
93/98 [===========================>..] - ETA: 0s - loss: 1.5856 - accuracy: 0.4505
94/98 [===========================>..] - ETA: 0s - loss: 1.5857 - accuracy: 0.4501
96/98 [============================>.] - ETA: 0s - loss: 1.5852 - accuracy: 0.4503
97/98 [============================>.] - ETA: 0s - loss: 1.5850 - accuracy: 0.4505
98/98 [==============================] - 6s 63ms/step - loss: 1.5846 - accuracy: 0.4506 - val_loss: 1.5473 - val_accuracy: 0.4878
Epoch 7/121

 1/98 [..............................] - ETA: 7s - loss: 1.5397 - accuracy: 0.4590
 2/98 [..............................] - ETA: 5s - loss: 1.5472 - accuracy: 0.4590
 4/98 [>.............................] - ETA: 5s - loss: 1.5418 - accuracy: 0.4614
 6/98 [>.............................] - ETA: 5s - loss: 1.5504 - accuracy: 0.4674
 7/98 [=>............................] - ETA: 5s - loss: 1.5510 - accuracy: 0.4618
 9/98 [=>............................] - ETA: 5s - loss: 1.5507 - accuracy: 0.4629
10/98 [==>...........................] - ETA: 5s - loss: 1.5525 - accuracy: 0.4609
12/98 [==>...........................] - ETA: 4s - loss: 1.5492 - accuracy: 0.4650
13/98 [==>...........................] - ETA: 4s - loss: 1.5486 - accuracy: 0.4660
15/98 [===>..........................] - ETA: 4s - loss: 1.5520 - accuracy: 0.4643
16/98 [===>..........................] - ETA: 4s - loss: 1.5519 - accuracy: 0.4647
18/98 [====>.........................] - ETA: 4s - loss: 1.5534 - accuracy: 0.4650
20/98 [=====>........................] - ETA: 4s - loss: 1.5525 - accuracy: 0.4651
21/98 [=====>........................] - ETA: 4s - loss: 1.5532 - accuracy: 0.4646
23/98 [======>.......................] - ETA: 4s - loss: 1.5552 - accuracy: 0.4617
24/98 [======>.......................] - ETA: 4s - loss: 1.5545 - accuracy: 0.4626
26/98 [======>.......................] - ETA: 4s - loss: 1.5531 - accuracy: 0.4613
27/98 [=======>......................] - ETA: 4s - loss: 1.5530 - accuracy: 0.4614
29/98 [=======>......................] - ETA: 3s - loss: 1.5505 - accuracy: 0.4628
31/98 [========>.....................] - ETA: 3s - loss: 1.5513 - accuracy: 0.4616
32/98 [========>.....................] - ETA: 3s - loss: 1.5507 - accuracy: 0.4615
34/98 [=========>....................] - ETA: 3s - loss: 1.5499 - accuracy: 0.4616
35/98 [=========>....................] - ETA: 3s - loss: 1.5497 - accuracy: 0.4621
36/98 [==========>...................] - ETA: 3s - loss: 1.5492 - accuracy: 0.4625
38/98 [==========>...................] - ETA: 3s - loss: 1.5506 - accuracy: 0.4617
39/98 [==========>...................] - ETA: 3s - loss: 1.5526 - accuracy: 0.4614
41/98 [===========>..................] - ETA: 3s - loss: 1.5525 - accuracy: 0.4622
42/98 [===========>..................] - ETA: 3s - loss: 1.5525 - accuracy: 0.4623
44/98 [============>.................] - ETA: 3s - loss: 1.5531 - accuracy: 0.4616
45/98 [============>.................] - ETA: 3s - loss: 1.5531 - accuracy: 0.4617
47/98 [=============>................] - ETA: 2s - loss: 1.5520 - accuracy: 0.4619
49/98 [==============>...............] - ETA: 2s - loss: 1.5520 - accuracy: 0.4619
50/98 [==============>...............] - ETA: 2s - loss: 1.5527 - accuracy: 0.4614
51/98 [==============>...............] - ETA: 2s - loss: 1.5535 - accuracy: 0.4617
53/98 [===============>..............] - ETA: 2s - loss: 1.5550 - accuracy: 0.4608
55/98 [===============>..............] - ETA: 2s - loss: 1.5544 - accuracy: 0.4615
56/98 [================>.............] - ETA: 2s - loss: 1.5547 - accuracy: 0.4610
58/98 [================>.............] - ETA: 2s - loss: 1.5553 - accuracy: 0.4607
59/98 [=================>............] - ETA: 2s - loss: 1.5551 - accuracy: 0.4606
61/98 [=================>............] - ETA: 2s - loss: 1.5557 - accuracy: 0.4606
62/98 [=================>............] - ETA: 2s - loss: 1.5567 - accuracy: 0.4603
64/98 [==================>...........] - ETA: 1s - loss: 1.5563 - accuracy: 0.4601
65/98 [==================>...........] - ETA: 1s - loss: 1.5556 - accuracy: 0.4606
67/98 [===================>..........] - ETA: 1s - loss: 1.5551 - accuracy: 0.4607
69/98 [====================>.........] - ETA: 1s - loss: 1.5546 - accuracy: 0.4615
70/98 [====================>.........] - ETA: 1s - loss: 1.5541 - accuracy: 0.4618
72/98 [=====================>........] - ETA: 1s - loss: 1.5545 - accuracy: 0.4619
73/98 [=====================>........] - ETA: 1s - loss: 1.5531 - accuracy: 0.4625
75/98 [=====================>........] - ETA: 1s - loss: 1.5531 - accuracy: 0.4627
76/98 [======================>.......] - ETA: 1s - loss: 1.5537 - accuracy: 0.4628
78/98 [======================>.......] - ETA: 1s - loss: 1.5535 - accuracy: 0.4633
80/98 [=======================>......] - ETA: 1s - loss: 1.5535 - accuracy: 0.4631
