2024-06-26 11:13:00.415597: I tensorflow/core/platform/cpu_feature_guard.cc:193] This TensorFlow binary is optimized with oneAPI Deep Neural Network Library (oneDNN) to use the following CPU instructions in performance-critical operations:  AVX AVX2
To enable them in other operations, rebuild TensorFlow with the appropriate compiler flags.
2024-06-26 11:13:00.878523: I tensorflow/core/common_runtime/gpu/gpu_device.cc:1616] Created device /job:localhost/replica:0/task:0/device:GPU:0 with 6656 MB memory:  -> device: 0, name: NVIDIA GeForce RTX 4060 Ti, pci bus id: 0000:01:00.0, compute capability: 8.9
1 Physical GPUs, 1 Logical GPUs
Model: "sequential"
_________________________________________________________________
 Layer (type)                Output Shape              Param #   
=================================================================
 conv2d (Conv2D)             (None, 32, 32, 32)        896       
                                                                 
 max_pooling2d (MaxPooling2D  (None, 16, 16, 32)       0         
 )                                                               
                                                                 
 batch_normalization (BatchN  (None, 16, 16, 32)       128       
 ormalization)                                                   
                                                                 
 conv2d_1 (Conv2D)           (None, 16, 16, 256)       73984     
                                                                 
 conv2d_2 (Conv2D)           (None, 16, 16, 256)       590080    
                                                                 
 dropout (Dropout)           (None, 16, 16, 256)       0         
                                                                 
 flatten (Flatten)           (None, 65536)             0         
                                                                 
 dense (Dense)               (None, 22)                1441814   
                                                                 
 dropout_1 (Dropout)         (None, 22)                0         
                                                                 
 dense_1 (Dense)             (None, 10)                230       
                                                                 
=================================================================
Total params: 2,107,132
Trainable params: 2,107,068
Non-trainable params: 64
_________________________________________________________________
Taxa de aprendizado:  1e-05 Num de épocas:  121 Tamanho do lote:  512 Dropout:  0.27489
Epoch 1/121
2024-06-26 11:13:02.057717: I tensorflow/stream_executor/cuda/cuda_dnn.cc:384] Loaded cuDNN version 8100
2024-06-26 11:13:02.738812: W tensorflow/stream_executor/gpu/redzone_allocator.cc:314] INTERNAL: ptxas exited with non-zero error code -1, output: 
Relying on driver to perform ptx compilation. 
Modify $PATH to customize ptxas location.
This message will be only logged once.
2024-06-26 11:13:04.082722: I tensorflow/stream_executor/cuda/cuda_blas.cc:1614] TensorFloat-32 will be used for the matrix multiplication. This will only be logged once.

 1/98 [..............................] - ETA: 8:02 - loss: 2.3335 - accuracy: 0.1094
 3/98 [..............................] - ETA: 5s - loss: 2.3389 - accuracy: 0.1061  
 4/98 [>.............................] - ETA: 5s - loss: 2.3316 - accuracy: 0.1104
 6/98 [>.............................] - ETA: 5s - loss: 2.3135 - accuracy: 0.1198
 7/98 [=>............................] - ETA: 5s - loss: 2.3069 - accuracy: 0.1230
 9/98 [=>............................] - ETA: 5s - loss: 2.2922 - accuracy: 0.1369
10/98 [==>...........................] - ETA: 5s - loss: 2.2863 - accuracy: 0.1398
12/98 [==>...........................] - ETA: 4s - loss: 2.2753 - accuracy: 0.1455
14/98 [===>..........................] - ETA: 4s - loss: 2.2639 - accuracy: 0.1511
15/98 [===>..........................] - ETA: 4s - loss: 2.2578 - accuracy: 0.1562
17/98 [====>.........................] - ETA: 4s - loss: 2.2479 - accuracy: 0.1625
18/98 [====>.........................] - ETA: 4s - loss: 2.2428 - accuracy: 0.1667
20/98 [=====>........................] - ETA: 4s - loss: 2.2332 - accuracy: 0.1713
21/98 [=====>........................] - ETA: 4s - loss: 2.2285 - accuracy: 0.1740
23/98 [======>.......................] - ETA: 4s - loss: 2.2209 - accuracy: 0.1776
24/98 [======>.......................] - ETA: 4s - loss: 2.2165 - accuracy: 0.1807
26/98 [======>.......................] - ETA: 4s - loss: 2.2098 - accuracy: 0.1849
27/98 [=======>......................] - ETA: 4s - loss: 2.2054 - accuracy: 0.1871
29/98 [=======>......................] - ETA: 3s - loss: 2.1986 - accuracy: 0.1901
31/98 [========>.....................] - ETA: 3s - loss: 2.1918 - accuracy: 0.1944
32/98 [========>.....................] - ETA: 3s - loss: 2.1875 - accuracy: 0.1974
34/98 [=========>....................] - ETA: 3s - loss: 2.1793 - accuracy: 0.2012
35/98 [=========>....................] - ETA: 3s - loss: 2.1766 - accuracy: 0.2032
37/98 [==========>...................] - ETA: 3s - loss: 2.1692 - accuracy: 0.2074
38/98 [==========>...................] - ETA: 3s - loss: 2.1653 - accuracy: 0.2091
39/98 [==========>...................] - ETA: 3s - loss: 2.1628 - accuracy: 0.2105
41/98 [===========>..................] - ETA: 3s - loss: 2.1564 - accuracy: 0.2150
43/98 [============>.................] - ETA: 3s - loss: 2.1508 - accuracy: 0.2182
44/98 [============>.................] - ETA: 3s - loss: 2.1483 - accuracy: 0.2197
46/98 [=============>................] - ETA: 2s - loss: 2.1426 - accuracy: 0.2225
47/98 [=============>................] - ETA: 2s - loss: 2.1401 - accuracy: 0.2234
49/98 [==============>...............] - ETA: 2s - loss: 2.1342 - accuracy: 0.2272
50/98 [==============>...............] - ETA: 4s - loss: 2.1324 - accuracy: 0.2279
51/98 [==============>...............] - ETA: 4s - loss: 2.1297 - accuracy: 0.2294
53/98 [===============>..............] - ETA: 4s - loss: 2.1245 - accuracy: 0.2320
54/98 [===============>..............] - ETA: 3s - loss: 2.1221 - accuracy: 0.2331
56/98 [================>.............] - ETA: 3s - loss: 2.1171 - accuracy: 0.2360
57/98 [================>.............] - ETA: 3s - loss: 2.1145 - accuracy: 0.2371
59/98 [=================>............] - ETA: 3s - loss: 2.1097 - accuracy: 0.2395
60/98 [=================>............] - ETA: 3s - loss: 2.1080 - accuracy: 0.2402
62/98 [=================>............] - ETA: 3s - loss: 2.1027 - accuracy: 0.2435
63/98 [==================>...........] - ETA: 2s - loss: 2.0998 - accuracy: 0.2446
65/98 [==================>...........] - ETA: 2s - loss: 2.0956 - accuracy: 0.2461
67/98 [===================>..........] - ETA: 2s - loss: 2.0911 - accuracy: 0.2483
68/98 [===================>..........] - ETA: 2s - loss: 2.0892 - accuracy: 0.2492
70/98 [====================>.........] - ETA: 2s - loss: 2.0851 - accuracy: 0.2508
71/98 [====================>.........] - ETA: 2s - loss: 2.0830 - accuracy: 0.2517
73/98 [=====================>........] - ETA: 2s - loss: 2.0785 - accuracy: 0.2535
74/98 [=====================>........] - ETA: 1s - loss: 2.0761 - accuracy: 0.2546
76/98 [======================>.......] - ETA: 1s - loss: 2.0718 - accuracy: 0.2569
77/98 [======================>.......] - ETA: 1s - loss: 2.0698 - accuracy: 0.2577
79/98 [=======================>......] - ETA: 1s - loss: 2.0659 - accuracy: 0.2591
81/98 [=======================>......] - ETA: 1s - loss: 2.0616 - accuracy: 0.2613
82/98 [========================>.....] - ETA: 1s - loss: 2.0595 - accuracy: 0.2624
84/98 [========================>.....] - ETA: 1s - loss: 2.0559 - accuracy: 0.2642
85/98 [=========================>....] - ETA: 1s - loss: 2.0537 - accuracy: 0.2651
87/98 [=========================>....] - ETA: 0s - loss: 2.0497 - accuracy: 0.2668
88/98 [=========================>....] - ETA: 0s - loss: 2.0482 - accuracy: 0.2674
90/98 [==========================>...] - ETA: 0s - loss: 2.0445 - accuracy: 0.2688
91/98 [==========================>...] - ETA: 0s - loss: 2.0429 - accuracy: 0.2695
93/98 [===========================>..] - ETA: 0s - loss: 2.0392 - accuracy: 0.2708
94/98 [===========================>..] - ETA: 0s - loss: 2.0383 - accuracy: 0.2713
95/98 [============================>.] - ETA: 0s - loss: 2.0366 - accuracy: 0.2724
96/98 [============================>.] - ETA: 0s - loss: 2.0355 - accuracy: 0.2729
97/98 [============================>.] - ETA: 0s - loss: 2.0340 - accuracy: 0.2737
98/98 [==============================] - 13s 85ms/step - loss: 2.0322 - accuracy: 0.2746 - val_loss: 2.1881 - val_accuracy: 0.2922
Epoch 2/121

 1/98 [..............................] - ETA: 7s - loss: 1.8947 - accuracy: 0.3555
 3/98 [..............................] - ETA: 5s - loss: 1.8463 - accuracy: 0.3659
 4/98 [>.............................] - ETA: 5s - loss: 1.8515 - accuracy: 0.3628
 6/98 [>.............................] - ETA: 5s - loss: 1.8487 - accuracy: 0.3678
 7/98 [=>............................] - ETA: 5s - loss: 1.8579 - accuracy: 0.3602
 9/98 [=>............................] - ETA: 5s - loss: 1.8567 - accuracy: 0.3581
11/98 [==>...........................] - ETA: 4s - loss: 1.8519 - accuracy: 0.3603
12/98 [==>...........................] - ETA: 4s - loss: 1.8475 - accuracy: 0.3626
13/98 [==>...........................] - ETA: 4s - loss: 1.8501 - accuracy: 0.3643
15/98 [===>..........................] - ETA: 4s - loss: 1.8450 - accuracy: 0.3658
17/98 [====>.........................] - ETA: 4s - loss: 1.8462 - accuracy: 0.3663
18/98 [====>.........................] - ETA: 4s - loss: 1.8441 - accuracy: 0.3662
20/98 [=====>........................] - ETA: 4s - loss: 1.8422 - accuracy: 0.3656
21/98 [=====>........................] - ETA: 4s - loss: 1.8419 - accuracy: 0.3662
23/98 [======>.......................] - ETA: 4s - loss: 1.8355 - accuracy: 0.3692
24/98 [======>.......................] - ETA: 4s - loss: 1.8346 - accuracy: 0.3691
26/98 [======>.......................] - ETA: 4s - loss: 1.8325 - accuracy: 0.3704
27/98 [=======>......................] - ETA: 4s - loss: 1.8329 - accuracy: 0.3688
29/98 [=======>......................] - ETA: 3s - loss: 1.8304 - accuracy: 0.3701
30/98 [========>.....................] - ETA: 3s - loss: 1.8287 - accuracy: 0.3711
32/98 [========>.....................] - ETA: 3s - loss: 1.8298 - accuracy: 0.3703
33/98 [=========>....................] - ETA: 3s - loss: 1.8301 - accuracy: 0.3706
34/98 [=========>....................] - ETA: 3s - loss: 1.8305 - accuracy: 0.3697
36/98 [==========>...................] - ETA: 3s - loss: 1.8289 - accuracy: 0.3701
37/98 [==========>...................] - ETA: 3s - loss: 1.8283 - accuracy: 0.3701
39/98 [==========>...................] - ETA: 3s - loss: 1.8279 - accuracy: 0.3697
40/98 [===========>..................] - ETA: 3s - loss: 1.8258 - accuracy: 0.3700
41/98 [===========>..................] - ETA: 3s - loss: 1.8255 - accuracy: 0.3702
43/98 [============>.................] - ETA: 3s - loss: 1.8229 - accuracy: 0.3704
44/98 [============>.................] - ETA: 3s - loss: 1.8228 - accuracy: 0.3704
45/98 [============>.................] - ETA: 3s - loss: 1.8225 - accuracy: 0.3704
47/98 [=============>................] - ETA: 2s - loss: 1.8209 - accuracy: 0.3706
48/98 [=============>................] - ETA: 2s - loss: 1.8203 - accuracy: 0.3709
49/98 [==============>...............] - ETA: 2s - loss: 1.8189 - accuracy: 0.3715
50/98 [==============>...............] - ETA: 2s - loss: 1.8193 - accuracy: 0.3707
51/98 [==============>...............] - ETA: 2s - loss: 1.8182 - accuracy: 0.3712
52/98 [==============>...............] - ETA: 2s - loss: 1.8178 - accuracy: 0.3713
53/98 [===============>..............] - ETA: 2s - loss: 1.8169 - accuracy: 0.3718
54/98 [===============>..............] - ETA: 2s - loss: 1.8156 - accuracy: 0.3726
55/98 [===============>..............] - ETA: 2s - loss: 1.8150 - accuracy: 0.3728
56/98 [================>.............] - ETA: 2s - loss: 1.8143 - accuracy: 0.3728
57/98 [================>.............] - ETA: 2s - loss: 1.8135 - accuracy: 0.3726
58/98 [================>.............] - ETA: 2s - loss: 1.8122 - accuracy: 0.3730
59/98 [=================>............] - ETA: 2s - loss: 1.8110 - accuracy: 0.3733
60/98 [=================>............] - ETA: 2s - loss: 1.8100 - accuracy: 0.3739
61/98 [=================>............] - ETA: 2s - loss: 1.8096 - accuracy: 0.3737
62/98 [=================>............] - ETA: 2s - loss: 1.8091 - accuracy: 0.3740
63/98 [==================>...........] - ETA: 2s - loss: 1.8070 - accuracy: 0.3746
64/98 [==================>...........] - ETA: 1s - loss: 1.8056 - accuracy: 0.3750
65/98 [==================>...........] - ETA: 1s - loss: 1.8052 - accuracy: 0.3752
66/98 [===================>..........] - ETA: 1s - loss: 1.8043 - accuracy: 0.3756
67/98 [===================>..........] - ETA: 1s - loss: 1.8031 - accuracy: 0.3758
69/98 [====================>.........] - ETA: 1s - loss: 1.8016 - accuracy: 0.3767
70/98 [====================>.........] - ETA: 1s - loss: 1.8010 - accuracy: 0.3772
71/98 [====================>.........] - ETA: 1s - loss: 1.8004 - accuracy: 0.3774
72/98 [=====================>........] - ETA: 1s - loss: 1.8000 - accuracy: 0.3776
73/98 [=====================>........] - ETA: 1s - loss: 1.7996 - accuracy: 0.3777
75/98 [=====================>........] - ETA: 1s - loss: 1.7980 - accuracy: 0.3784
76/98 [======================>.......] - ETA: 1s - loss: 1.7974 - accuracy: 0.3786
77/98 [======================>.......] - ETA: 1s - loss: 1.7969 - accuracy: 0.3786
79/98 [=======================>......] - ETA: 1s - loss: 1.7951 - accuracy: 0.3795
80/98 [=======================>......] - ETA: 1s - loss: 1.7942 - accuracy: 0.3797
81/98 [=======================>......] - ETA: 0s - loss: 1.7936 - accuracy: 0.3797
83/98 [========================>.....] - ETA: 0s - loss: 1.7926 - accuracy: 0.3799
84/98 [========================>.....] - ETA: 0s - loss: 1.7922 - accuracy: 0.3798
85/98 [=========================>....] - ETA: 0s - loss: 1.7913 - accuracy: 0.3802
86/98 [=========================>....] - ETA: 0s - loss: 1.7906 - accuracy: 0.3804
87/98 [=========================>....] - ETA: 0s - loss: 1.7908 - accuracy: 0.3802
89/98 [==========================>...] - ETA: 0s - loss: 1.7891 - accuracy: 0.3808
91/98 [==========================>...] - ETA: 0s - loss: 1.7880 - accuracy: 0.3807
92/98 [===========================>..] - ETA: 0s - loss: 1.7869 - accuracy: 0.3810
94/98 [===========================>..] - ETA: 0s - loss: 1.7857 - accuracy: 0.3811
95/98 [============================>.] - ETA: 0s - loss: 1.7853 - accuracy: 0.3813
97/98 [============================>.] - ETA: 0s - loss: 1.7841 - accuracy: 0.3815
98/98 [==============================] - ETA: 0s - loss: 1.7837 - accuracy: 0.3816
98/98 [==============================] - 6s 64ms/step - loss: 1.7837 - accuracy: 0.3816 - val_loss: 2.0270 - val_accuracy: 0.3930
Epoch 3/121

 1/98 [..............................] - ETA: 7s - loss: 1.6898 - accuracy: 0.4336
 3/98 [..............................] - ETA: 5s - loss: 1.7171 - accuracy: 0.4167
 4/98 [>.............................] - ETA: 5s - loss: 1.7130 - accuracy: 0.4204
 6/98 [>.............................] - ETA: 5s - loss: 1.7119 - accuracy: 0.4069
 7/98 [=>............................] - ETA: 5s - loss: 1.7067 - accuracy: 0.4088
 8/98 [=>............................] - ETA: 5s - loss: 1.7054 - accuracy: 0.4104
10/98 [==>...........................] - ETA: 5s - loss: 1.7024 - accuracy: 0.4107
11/98 [==>...........................] - ETA: 5s - loss: 1.7011 - accuracy: 0.4112
13/98 [==>...........................] - ETA: 4s - loss: 1.7000 - accuracy: 0.4111
14/98 [===>..........................] - ETA: 4s - loss: 1.7024 - accuracy: 0.4095
16/98 [===>..........................] - ETA: 4s - loss: 1.7019 - accuracy: 0.4106
17/98 [====>.........................] - ETA: 4s - loss: 1.7036 - accuracy: 0.4080
19/98 [====>.........................] - ETA: 4s - loss: 1.7049 - accuracy: 0.4082
20/98 [=====>........................] - ETA: 4s - loss: 1.7030 - accuracy: 0.4092
22/98 [=====>........................] - ETA: 4s - loss: 1.7016 - accuracy: 0.4070
23/98 [======>.......................] - ETA: 4s - loss: 1.7022 - accuracy: 0.4068
25/98 [======>.......................] - ETA: 4s - loss: 1.7020 - accuracy: 0.4067
26/98 [======>.......................] - ETA: 4s - loss: 1.7032 - accuracy: 0.4068
28/98 [=======>......................] - ETA: 4s - loss: 1.7002 - accuracy: 0.4078
29/98 [=======>......................] - ETA: 3s - loss: 1.7001 - accuracy: 0.4077
31/98 [========>.....................] - ETA: 3s - loss: 1.6979 - accuracy: 0.4095
32/98 [========>.....................] - ETA: 3s - loss: 1.6963 - accuracy: 0.4102
34/98 [=========>....................] - ETA: 3s - loss: 1.6955 - accuracy: 0.4112
36/98 [==========>...................] - ETA: 3s - loss: 1.6945 - accuracy: 0.4121
37/98 [==========>...................] - ETA: 3s - loss: 1.6952 - accuracy: 0.4121
39/98 [==========>...................] - ETA: 3s - loss: 1.6946 - accuracy: 0.4137
40/98 [===========>..................] - ETA: 3s - loss: 1.6954 - accuracy: 0.4130
42/98 [===========>..................] - ETA: 3s - loss: 1.6937 - accuracy: 0.4143
43/98 [============>.................] - ETA: 3s - loss: 1.6939 - accuracy: 0.4138
45/98 [============>.................] - ETA: 3s - loss: 1.6921 - accuracy: 0.4151
46/98 [=============>................] - ETA: 2s - loss: 1.6919 - accuracy: 0.4156
48/98 [=============>................] - ETA: 2s - loss: 1.6889 - accuracy: 0.4167
49/98 [==============>...............] - ETA: 2s - loss: 1.6884 - accuracy: 0.4168
51/98 [==============>...............] - ETA: 2s - loss: 1.6876 - accuracy: 0.4180
53/98 [===============>..............] - ETA: 2s - loss: 1.6859 - accuracy: 0.4187
55/98 [===============>..............] - ETA: 2s - loss: 1.6857 - accuracy: 0.4190
56/98 [================>.............] - ETA: 2s - loss: 1.6856 - accuracy: 0.4190
58/98 [================>.............] - ETA: 2s - loss: 1.6856 - accuracy: 0.4182
59/98 [=================>............] - ETA: 2s - loss: 1.6840 - accuracy: 0.4186
61/98 [=================>............] - ETA: 2s - loss: 1.6827 - accuracy: 0.4191
62/98 [=================>............] - ETA: 2s - loss: 1.6830 - accuracy: 0.4191
64/98 [==================>...........] - ETA: 1s - loss: 1.6807 - accuracy: 0.4201
65/98 [==================>...........] - ETA: 1s - loss: 1.6802 - accuracy: 0.4207
67/98 [===================>..........] - ETA: 1s - loss: 1.6807 - accuracy: 0.4198
68/98 [===================>..........] - ETA: 1s - loss: 1.6797 - accuracy: 0.4202
70/98 [====================>.........] - ETA: 1s - loss: 1.6776 - accuracy: 0.4214
71/98 [====================>.........] - ETA: 1s - loss: 1.6765 - accuracy: 0.4222
73/98 [=====================>........] - ETA: 1s - loss: 1.6762 - accuracy: 0.4221
75/98 [=====================>........] - ETA: 1s - loss: 1.6757 - accuracy: 0.4228
76/98 [======================>.......] - ETA: 1s - loss: 1.6750 - accuracy: 0.4231
78/98 [======================>.......] - ETA: 1s - loss: 1.6747 - accuracy: 0.4233
79/98 [=======================>......] - ETA: 1s - loss: 1.6744 - accuracy: 0.4231
81/98 [=======================>......] - ETA: 0s - loss: 1.6758 - accuracy: 0.4225
82/98 [========================>.....] - ETA: 0s - loss: 1.6758 - accuracy: 0.4223
84/98 [========================>.....] - ETA: 0s - loss: 1.6751 - accuracy: 0.4223
85/98 [=========================>....] - ETA: 0s - loss: 1.6749 - accuracy: 0.4222
87/98 [=========================>....] - ETA: 0s - loss: 1.6747 - accuracy: 0.4219
88/98 [=========================>....] - ETA: 0s - loss: 1.6747 - accuracy: 0.4222
90/98 [==========================>...] - ETA: 0s - loss: 1.6734 - accuracy: 0.4222
91/98 [==========================>...] - ETA: 0s - loss: 1.6734 - accuracy: 0.4221
93/98 [===========================>..] - ETA: 0s - loss: 1.6730 - accuracy: 0.4226
94/98 [===========================>..] - ETA: 0s - loss: 1.6728 - accuracy: 0.4225
96/98 [============================>.] - ETA: 0s - loss: 1.6724 - accuracy: 0.4225
97/98 [============================>.] - ETA: 0s - loss: 1.6718 - accuracy: 0.4227
98/98 [==============================] - 6s 63ms/step - loss: 1.6712 - accuracy: 0.4228 - val_loss: 1.8548 - val_accuracy: 0.4383
Epoch 4/121

 1/98 [..............................] - ETA: 6s - loss: 1.6877 - accuracy: 0.3887
 2/98 [..............................] - ETA: 5s - loss: 1.6356 - accuracy: 0.4180
 4/98 [>.............................] - ETA: 5s - loss: 1.6364 - accuracy: 0.4321
 5/98 [>.............................] - ETA: 5s - loss: 1.6384 - accuracy: 0.4359
 7/98 [=>............................] - ETA: 5s - loss: 1.6225 - accuracy: 0.4395
 8/98 [=>............................] - ETA: 5s - loss: 1.6256 - accuracy: 0.4387
10/98 [==>...........................] - ETA: 5s - loss: 1.6299 - accuracy: 0.4385
11/98 [==>...........................] - ETA: 5s - loss: 1.6297 - accuracy: 0.4380
13/98 [==>...........................] - ETA: 4s - loss: 1.6251 - accuracy: 0.4395
15/98 [===>..........................] - ETA: 4s - loss: 1.6231 - accuracy: 0.4385
16/98 [===>..........................] - ETA: 4s - loss: 1.6219 - accuracy: 0.4410
18/98 [====>.........................] - ETA: 4s - loss: 1.6251 - accuracy: 0.4391
19/98 [====>.........................] - ETA: 4s - loss: 1.6244 - accuracy: 0.4417
21/98 [=====>........................] - ETA: 4s - loss: 1.6225 - accuracy: 0.4412
22/98 [=====>........................] - ETA: 4s - loss: 1.6220 - accuracy: 0.4403
24/98 [======>.......................] - ETA: 4s - loss: 1.6215 - accuracy: 0.4409
25/98 [======>.......................] - ETA: 4s - loss: 1.6195 - accuracy: 0.4413
27/98 [=======>......................] - ETA: 4s - loss: 1.6189 - accuracy: 0.4412
28/98 [=======>......................] - ETA: 4s - loss: 1.6197 - accuracy: 0.4406
30/98 [========>.....................] - ETA: 3s - loss: 1.6205 - accuracy: 0.4409
31/98 [========>.....................] - ETA: 3s - loss: 1.6209 - accuracy: 0.4402
33/98 [=========>....................] - ETA: 3s - loss: 1.6186 - accuracy: 0.4413
34/98 [=========>....................] - ETA: 3s - loss: 1.6178 - accuracy: 0.4420
36/98 [==========>...................] - ETA: 3s - loss: 1.6153 - accuracy: 0.4426
37/98 [==========>...................] - ETA: 3s - loss: 1.6153 - accuracy: 0.4422
39/98 [==========>...................] - ETA: 3s - loss: 1.6144 - accuracy: 0.4429
40/98 [===========>..................] - ETA: 3s - loss: 1.6155 - accuracy: 0.4422
42/98 [===========>..................] - ETA: 3s - loss: 1.6162 - accuracy: 0.4422
43/98 [============>.................] - ETA: 3s - loss: 1.6159 - accuracy: 0.4425
45/98 [============>.................] - ETA: 3s - loss: 1.6141 - accuracy: 0.4440
46/98 [=============>................] - ETA: 2s - loss: 1.6137 - accuracy: 0.4446
48/98 [=============>................] - ETA: 2s - loss: 1.6138 - accuracy: 0.4441
50/98 [==============>...............] - ETA: 2s - loss: 1.6135 - accuracy: 0.4448
51/98 [==============>...............] - ETA: 2s - loss: 1.6136 - accuracy: 0.4449
52/98 [==============>...............] - ETA: 2s - loss: 1.6127 - accuracy: 0.4450
53/98 [===============>..............] - ETA: 2s - loss: 1.6139 - accuracy: 0.4447
54/98 [===============>..............] - ETA: 2s - loss: 1.6140 - accuracy: 0.4448
56/98 [================>.............] - ETA: 2s - loss: 1.6113 - accuracy: 0.4455
57/98 [================>.............] - ETA: 2s - loss: 1.6104 - accuracy: 0.4460
59/98 [=================>............] - ETA: 2s - loss: 1.6112 - accuracy: 0.4460
60/98 [=================>............] - ETA: 2s - loss: 1.6112 - accuracy: 0.4457
62/98 [=================>............] - ETA: 2s - loss: 1.6104 - accuracy: 0.4455
63/98 [==================>...........] - ETA: 2s - loss: 1.6101 - accuracy: 0.4451
65/98 [==================>...........] - ETA: 1s - loss: 1.6089 - accuracy: 0.4459
67/98 [===================>..........] - ETA: 1s - loss: 1.6086 - accuracy: 0.4459
68/98 [===================>..........] - ETA: 1s - loss: 1.6075 - accuracy: 0.4464
69/98 [====================>.........] - ETA: 1s - loss: 1.6075 - accuracy: 0.4463
71/98 [====================>.........] - ETA: 1s - loss: 1.6060 - accuracy: 0.4470
72/98 [=====================>........] - ETA: 1s - loss: 1.6063 - accuracy: 0.4469
74/98 [=====================>........] - ETA: 1s - loss: 1.6054 - accuracy: 0.4472
75/98 [=====================>........] - ETA: 1s - loss: 1.6047 - accuracy: 0.4474
77/98 [======================>.......] - ETA: 1s - loss: 1.6048 - accuracy: 0.4470
78/98 [======================>.......] - ETA: 1s - loss: 1.6044 - accuracy: 0.4473
79/98 [=======================>......] - ETA: 1s - loss: 1.6040 - accuracy: 0.4475
80/98 [=======================>......] - ETA: 1s - loss: 1.6040 - accuracy: 0.4478
82/98 [========================>.....] - ETA: 0s - loss: 1.6040 - accuracy: 0.4481
83/98 [========================>.....] - ETA: 0s - loss: 1.6043 - accuracy: 0.4478
85/98 [=========================>....] - ETA: 0s - loss: 1.6034 - accuracy: 0.4482
86/98 [=========================>....] - ETA: 0s - loss: 1.6035 - accuracy: 0.4480
88/98 [=========================>....] - ETA: 0s - loss: 1.6037 - accuracy: 0.4478
90/98 [==========================>...] - ETA: 0s - loss: 1.6032 - accuracy: 0.4477
91/98 [==========================>...] - ETA: 0s - loss: 1.6022 - accuracy: 0.4480
92/98 [===========================>..] - ETA: 0s - loss: 1.6028 - accuracy: 0.4480
94/98 [===========================>..] - ETA: 0s - loss: 1.6026 - accuracy: 0.4476
96/98 [============================>.] - ETA: 0s - loss: 1.6024 - accuracy: 0.4476
97/98 [============================>.] - ETA: 0s - loss: 1.6020 - accuracy: 0.4476
98/98 [==============================] - 6s 63ms/step - loss: 1.6013 - accuracy: 0.4479 - val_loss: 1.6946 - val_accuracy: 0.4654
Epoch 5/121

 1/98 [..............................] - ETA: 6s - loss: 1.5361 - accuracy: 0.4727
 2/98 [..............................] - ETA: 5s - loss: 1.5507 - accuracy: 0.4668
 3/98 [..............................] - ETA: 5s - loss: 1.5498 - accuracy: 0.4655
 5/98 [>.............................] - ETA: 5s - loss: 1.5451 - accuracy: 0.4684
 6/98 [>.............................] - ETA: 5s - loss: 1.5438 - accuracy: 0.4727
 7/98 [=>............................] - ETA: 5s - loss: 1.5581 - accuracy: 0.4690
 8/98 [=>............................] - ETA: 5s - loss: 1.5526 - accuracy: 0.4705
10/98 [==>...........................] - ETA: 5s - loss: 1.5485 - accuracy: 0.4736
11/98 [==>...........................] - ETA: 5s - loss: 1.5504 - accuracy: 0.4721
13/98 [==>...........................] - ETA: 4s - loss: 1.5534 - accuracy: 0.4689
14/98 [===>..........................] - ETA: 4s - loss: 1.5530 - accuracy: 0.4679
16/98 [===>..........................] - ETA: 4s - loss: 1.5558 - accuracy: 0.4674
17/98 [====>.........................] - ETA: 4s - loss: 1.5527 - accuracy: 0.4679
18/98 [====>.........................] - ETA: 4s - loss: 1.5548 - accuracy: 0.4688
19/98 [====>.........................] - ETA: 4s - loss: 1.5512 - accuracy: 0.4703
20/98 [=====>........................] - ETA: 4s - loss: 1.5543 - accuracy: 0.4686
22/98 [=====>........................] - ETA: 4s - loss: 1.5581 - accuracy: 0.4658
23/98 [======>.......................] - ETA: 4s - loss: 1.5619 - accuracy: 0.4648
25/98 [======>.......................] - ETA: 4s - loss: 1.5609 - accuracy: 0.4655
26/98 [======>.......................] - ETA: 4s - loss: 1.5623 - accuracy: 0.4642
28/98 [=======>......................] - ETA: 3s - loss: 1.5641 - accuracy: 0.4643
29/98 [=======>......................] - ETA: 3s - loss: 1.5646 - accuracy: 0.4648
30/98 [========>.....................] - ETA: 3s - loss: 1.5656 - accuracy: 0.4646
31/98 [========>.....................] - ETA: 3s - loss: 1.5631 - accuracy: 0.4652
33/98 [=========>....................] - ETA: 3s - loss: 1.5623 - accuracy: 0.4649
34/98 [=========>....................] - ETA: 3s - loss: 1.5623 - accuracy: 0.4652
36/98 [==========>...................] - ETA: 3s - loss: 1.5624 - accuracy: 0.4651
37/98 [==========>...................] - ETA: 3s - loss: 1.5624 - accuracy: 0.4649
39/98 [==========>...................] - ETA: 3s - loss: 1.5625 - accuracy: 0.4643
40/98 [===========>..................] - ETA: 3s - loss: 1.5624 - accuracy: 0.4647
42/98 [===========>..................] - ETA: 3s - loss: 1.5612 - accuracy: 0.4644
43/98 [============>.................] - ETA: 3s - loss: 1.5609 - accuracy: 0.4649
45/98 [============>.................] - ETA: 3s - loss: 1.5594 - accuracy: 0.4651
46/98 [=============>................] - ETA: 2s - loss: 1.5599 - accuracy: 0.4649
48/98 [=============>................] - ETA: 2s - loss: 1.5575 - accuracy: 0.4652
49/98 [==============>...............] - ETA: 2s - loss: 1.5572 - accuracy: 0.4658
51/98 [==============>...............] - ETA: 2s - loss: 1.5578 - accuracy: 0.4657
52/98 [==============>...............] - ETA: 2s - loss: 1.5572 - accuracy: 0.4660
54/98 [===============>..............] - ETA: 2s - loss: 1.5553 - accuracy: 0.4682
56/98 [================>.............] - ETA: 2s - loss: 1.5542 - accuracy: 0.4681
57/98 [================>.............] - ETA: 2s - loss: 1.5539 - accuracy: 0.4688
59/98 [=================>............] - ETA: 2s - loss: 1.5538 - accuracy: 0.4684
60/98 [=================>............] - ETA: 2s - loss: 1.5534 - accuracy: 0.4682
62/98 [=================>............] - ETA: 2s - loss: 1.5529 - accuracy: 0.4683
63/98 [==================>...........] - ETA: 1s - loss: 1.5529 - accuracy: 0.4682
65/98 [==================>...........] - ETA: 1s - loss: 1.5515 - accuracy: 0.4689
66/98 [===================>..........] - ETA: 1s - loss: 1.5505 - accuracy: 0.4690
67/98 [===================>..........] - ETA: 1s - loss: 1.5506 - accuracy: 0.4689
69/98 [====================>.........] - ETA: 1s - loss: 1.5494 - accuracy: 0.4697
70/98 [====================>.........] - ETA: 1s - loss: 1.5485 - accuracy: 0.4697
72/98 [=====================>........] - ETA: 1s - loss: 1.5483 - accuracy: 0.4699
73/98 [=====================>........] - ETA: 1s - loss: 1.5480 - accuracy: 0.4701
75/98 [=====================>........] - ETA: 1s - loss: 1.5482 - accuracy: 0.4704
76/98 [======================>.......] - ETA: 1s - loss: 1.5483 - accuracy: 0.4700
78/98 [======================>.......] - ETA: 1s - loss: 1.5485 - accuracy: 0.4701
79/98 [=======================>......] - ETA: 1s - loss: 1.5487 - accuracy: 0.4703
81/98 [=======================>......] - ETA: 0s - loss: 1.5486 - accuracy: 0.4701
82/98 [========================>.....] - ETA: 0s - loss: 1.5489 - accuracy: 0.4700
84/98 [========================>.....] - ETA: 0s - loss: 1.5497 - accuracy: 0.4692
85/98 [=========================>....] - ETA: 0s - loss: 1.5496 - accuracy: 0.4689
87/98 [=========================>....] - ETA: 0s - loss: 1.5479 - accuracy: 0.4698
88/98 [=========================>....] - ETA: 0s - loss: 1.5481 - accuracy: 0.4695
90/98 [==========================>...] - ETA: 0s - loss: 1.5478 - accuracy: 0.4697
91/98 [==========================>...] - ETA: 0s - loss: 1.5480 - accuracy: 0.4696
93/98 [===========================>..] - ETA: 0s - loss: 1.5483 - accuracy: 0.4696
94/98 [===========================>..] - ETA: 0s - loss: 1.5481 - accuracy: 0.4698
96/98 [============================>.] - ETA: 0s - loss: 1.5476 - accuracy: 0.4698
97/98 [============================>.] - ETA: 0s - loss: 1.5477 - accuracy: 0.4694
98/98 [==============================] - 6s 63ms/step - loss: 1.5478 - accuracy: 0.4693 - val_loss: 1.5630 - val_accuracy: 0.4927
Epoch 6/121

 1/98 [..............................] - ETA: 7s - loss: 1.5184 - accuracy: 0.4727
 3/98 [..............................] - ETA: 5s - loss: 1.5016 - accuracy: 0.4954
 4/98 [>.............................] - ETA: 5s - loss: 1.5161 - accuracy: 0.4863
 6/98 [>.............................] - ETA: 5s - loss: 1.5176 - accuracy: 0.4792
 8/98 [=>............................] - ETA: 5s - loss: 1.5176 - accuracy: 0.4832
 9/98 [=>............................] - ETA: 5s - loss: 1.5207 - accuracy: 0.4822
11/98 [==>...........................] - ETA: 4s - loss: 1.5337 - accuracy: 0.4757
12/98 [==>...........................] - ETA: 4s - loss: 1.5318 - accuracy: 0.4762
14/98 [===>..........................] - ETA: 4s - loss: 1.5231 - accuracy: 0.4805
15/98 [===>..........................] - ETA: 4s - loss: 1.5258 - accuracy: 0.4789
17/98 [====>.........................] - ETA: 4s - loss: 1.5206 - accuracy: 0.4800
18/98 [====>.........................] - ETA: 4s - loss: 1.5205 - accuracy: 0.4804
20/98 [=====>........................] - ETA: 4s - loss: 1.5186 - accuracy: 0.4816
21/98 [=====>........................] - ETA: 4s - loss: 1.5197 - accuracy: 0.4819
23/98 [======>.......................] - ETA: 4s - loss: 1.5213 - accuracy: 0.4803
24/98 [======>.......................] - ETA: 4s - loss: 1.5197 - accuracy: 0.4810
26/98 [======>.......................] - ETA: 4s - loss: 1.5181 - accuracy: 0.4819
27/98 [=======>......................] - ETA: 4s - loss: 1.5190 - accuracy: 0.4822
29/98 [=======>......................] - ETA: 3s - loss: 1.5222 - accuracy: 0.4813
30/98 [========>.....................] - ETA: 3s - loss: 1.5214 - accuracy: 0.4822
32/98 [========>.....................] - ETA: 3s - loss: 1.5183 - accuracy: 0.4837
33/98 [=========>....................] - ETA: 3s - loss: 1.5175 - accuracy: 0.4838
35/98 [=========>....................] - ETA: 3s - loss: 1.5154 - accuracy: 0.4845
37/98 [==========>...................] - ETA: 3s - loss: 1.5159 - accuracy: 0.4833
38/98 [==========>...................] - ETA: 3s - loss: 1.5164 - accuracy: 0.4829
40/98 [===========>..................] - ETA: 3s - loss: 1.5187 - accuracy: 0.4818
41/98 [===========>..................] - ETA: 3s - loss: 1.5182 - accuracy: 0.4819
43/98 [============>.................] - ETA: 3s - loss: 1.5170 - accuracy: 0.4821
44/98 [============>.................] - ETA: 3s - loss: 1.5159 - accuracy: 0.4827
46/98 [=============>................] - ETA: 2s - loss: 1.5147 - accuracy: 0.4834
47/98 [=============>................] - ETA: 2s - loss: 1.5159 - accuracy: 0.4830
49/98 [==============>...............] - ETA: 2s - loss: 1.5153 - accuracy: 0.4835
50/98 [==============>...............] - ETA: 2s - loss: 1.5151 - accuracy: 0.4835
52/98 [==============>...............] - ETA: 2s - loss: 1.5136 - accuracy: 0.4845
53/98 [===============>..............] - ETA: 2s - loss: 1.5145 - accuracy: 0.4839
55/98 [===============>..............] - ETA: 2s - loss: 1.5152 - accuracy: 0.4837
57/98 [================>.............] - ETA: 2s - loss: 1.5137 - accuracy: 0.4839
59/98 [=================>............] - ETA: 2s - loss: 1.5136 - accuracy: 0.4840
60/98 [=================>............] - ETA: 2s - loss: 1.5128 - accuracy: 0.4844
62/98 [=================>............] - ETA: 2s - loss: 1.5115 - accuracy: 0.4848
63/98 [==================>...........] - ETA: 1s - loss: 1.5116 - accuracy: 0.4852
64/98 [==================>...........] - ETA: 1s - loss: 1.5113 - accuracy: 0.4853
66/98 [===================>..........] - ETA: 1s - loss: 1.5105 - accuracy: 0.4855
67/98 [===================>..........] - ETA: 1s - loss: 1.5094 - accuracy: 0.4857
69/98 [====================>.........] - ETA: 1s - loss: 1.5084 - accuracy: 0.4860
70/98 [====================>.........] - ETA: 1s - loss: 1.5085 - accuracy: 0.4860
72/98 [=====================>........] - ETA: 1s - loss: 1.5075 - accuracy: 0.4864
74/98 [=====================>........] - ETA: 1s - loss: 1.5085 - accuracy: 0.4858
75/98 [=====================>........] - ETA: 1s - loss: 1.5082 - accuracy: 0.4861
77/98 [======================>.......] - ETA: 1s - loss: 1.5078 - accuracy: 0.4855
78/98 [======================>.......] - ETA: 1s - loss: 1.5068 - accuracy: 0.4861
80/98 [=======================>......] - ETA: 1s - loss: 1.5078 - accuracy: 0.4854
81/98 [=======================>......] - ETA: 0s - loss: 1.5071 - accuracy: 0.4857
83/98 [========================>.....] - ETA: 0s - loss: 1.5069 - accuracy: 0.4861
84/98 [========================>.....] - ETA: 0s - loss: 1.5070 - accuracy: 0.4861
86/98 [=========================>....] - ETA: 0s - loss: 1.5061 - accuracy: 0.4863
87/98 [=========================>....] - ETA: 0s - loss: 1.5063 - accuracy: 0.4862
89/98 [==========================>...] - ETA: 0s - loss: 1.5061 - accuracy: 0.4866
90/98 [==========================>...] - ETA: 0s - loss: 1.5066 - accuracy: 0.4862
92/98 [===========================>..] - ETA: 0s - loss: 1.5069 - accuracy: 0.4861
93/98 [===========================>..] - ETA: 0s - loss: 1.5067 - accuracy: 0.4863
95/98 [============================>.] - ETA: 0s - loss: 1.5068 - accuracy: 0.4864
96/98 [============================>.] - ETA: 0s - loss: 1.5068 - accuracy: 0.4862
98/98 [==============================] - ETA: 0s - loss: 1.5064 - accuracy: 0.4861
98/98 [==============================] - 6s 63ms/step - loss: 1.5064 - accuracy: 0.4861 - val_loss: 1.4626 - val_accuracy: 0.5225
Epoch 7/121

 1/98 [..............................] - ETA: 6s - loss: 1.4992 - accuracy: 0.5020
 2/98 [..............................] - ETA: 5s - loss: 1.5020 - accuracy: 0.4746
 3/98 [..............................] - ETA: 5s - loss: 1.5026 - accuracy: 0.4824
 5/98 [>.............................] - ETA: 5s - loss: 1.5066 - accuracy: 0.4715
 7/98 [=>............................] - ETA: 5s - loss: 1.5095 - accuracy: 0.4752
 8/98 [=>............................] - ETA: 5s - loss: 1.4999 - accuracy: 0.4827
 9/98 [=>............................] - ETA: 5s - loss: 1.5019 - accuracy: 0.4813
11/98 [==>...........................] - ETA: 5s - loss: 1.4935 - accuracy: 0.4867
13/98 [==>...........................] - ETA: 4s - loss: 1.4908 - accuracy: 0.4884
14/98 [===>..........................] - ETA: 4s - loss: 1.4881 - accuracy: 0.4895
16/98 [===>..........................] - ETA: 4s - loss: 1.4847 - accuracy: 0.4890
17/98 [====>.........................] - ETA: 4s - loss: 1.4820 - accuracy: 0.4900
19/98 [====>.........................] - ETA: 4s - loss: 1.4775 - accuracy: 0.4912
20/98 [=====>........................] - ETA: 4s - loss: 1.4767 - accuracy: 0.4914
22/98 [=====>........................] - ETA: 4s - loss: 1.4771 - accuracy: 0.4917
23/98 [======>.......................] - ETA: 4s - loss: 1.4759 - accuracy: 0.4912
25/98 [======>.......................] - ETA: 4s - loss: 1.4744 - accuracy: 0.4908
27/98 [=======>......................] - ETA: 4s - loss: 1.4739 - accuracy: 0.4922
28/98 [=======>......................] - ETA: 4s - loss: 1.4747 - accuracy: 0.4933
30/98 [========>.....................] - ETA: 3s - loss: 1.4744 - accuracy: 0.4939
31/98 [========>.....................] - ETA: 3s - loss: 1.4744 - accuracy: 0.4939
33/98 [=========>....................] - ETA: 3s - loss: 1.4773 - accuracy: 0.4928
34/98 [=========>....................] - ETA: 3s - loss: 1.4786 - accuracy: 0.4932
36/98 [==========>...................] - ETA: 3s - loss: 1.4749 - accuracy: 0.4951
37/98 [==========>...................] - ETA: 3s - loss: 1.4762 - accuracy: 0.4949
39/98 [==========>...................] - ETA: 3s - loss: 1.4786 - accuracy: 0.4946
40/98 [===========>..................] - ETA: 3s - loss: 1.4791 - accuracy: 0.4947
42/98 [===========>..................] - ETA: 3s - loss: 1.4797 - accuracy: 0.4938
43/98 [============>.................] - ETA: 3s - loss: 1.4800 - accuracy: 0.4937
45/98 [============>.................] - ETA: 3s - loss: 1.4808 - accuracy: 0.4934
46/98 [=============>................] - ETA: 2s - loss: 1.4805 - accuracy: 0.4943
